precip	MIROC5	RCP60	REGRESION	decimas	1
P1723	37.550	-6.252	182	geo	2006	2100	-1
P1723 2006 1 0 0 0 0 7 0 0 26 0 0 0 209 204 27 96 162 129 108 89 11 5 18 16 0 0 27 0 0 0 49 0 
P1723 2006 2 0 145 0 0 0 0 0 0 0 0 0 0 62 81 41 0 10 5 23 34 0 7 6 0 0 2 4 13 -999 -999 -999 
P1723 2006 3 59 75 141 166 119 138 117 130 57 121 0 0 0 29 48 111 0 234 109 54 78 59 52 32 0 0 39 66 92 56 0 
P1723 2006 4 17 0 55 0 28 0 0 66 0 0 0 0 0 0 0 0 0 0 0 0 0 0 0 0 0 0 59 34 32 0 -999 
P1723 2006 5 18 0 29 44 41 0 23 0 0 0 0 6 0 24 10 0 0 6 15 16 0 0 0 0 0 0 0 0 0 0 0 
P1723 2006 6 0 0 0 0 0 0 0 0 0 0 0 0 0 0 0 0 0 0 0 0 0 0 0 0 0 0 0 0 16 0 -999 
P1723 2006 7 0 0 0 0 0 0 0 0 0 0 0 8 0 0 0 0 0 0 0 0 0 0 0 0 0 0 0 0 0 0 0 
P1723 2006 8 0 0 0 0 0 0 0 0 0 0 0 0 0 0 0 0 0 0 0 0 0 0 0 0 0 0 0 0 0 0 0 
P1723 2006 9 0 0 0 40 28 0 0 0 0 0 0 0 6 0 0 0 0 0 0 0 0 0 12 0 0 0 0 4 0 0 -999 
P1723 2006 10 0 0 0 0 0 0 0 0 0 0 0 0 0 0 0 0 0 0 0 0 0 0 0 0 0 13 0 20 0 0 0 
P1723 2006 11 0 27 0 23 21 0 0 60 0 0 0 0 0 0 0 0 0 0 0 13 18 0 34 36 8 2 0 0 0 0 -999 
P1723 2006 12 0 0 0 0 0 0 0 185 171 106 0 66 57 37 0 189 15 0 0 0 22 0 168 0 69 71 62 58 57 48 0 
P1723 2007 1 34 0 0 0 0 0 0 0 0 0 0 0 0 9 0 4 0 0 0 0 4 0 0 0 0 0 4 0 7 15 15 
P1723 2007 2 0 8 0 0 0 7 42 178 271 153 0 0 0 6 12 0 43 70 39 0 0 52 0 33 50 57 0 0 -999 -999 -999 
P1723 2007 3 0 50 28 125 0 0 21 17 13 0 16 48 0 69 26 0 21 0 17 48 0 0 0 3 0 0 0 3 0 0 0 
P1723 2007 4 0 0 0 0 0 9 0 0 0 0 0 0 64 10 0 0 32 65 71 38 43 0 23 41 0 6 0 0 0 0 -999 
P1723 2007 5 0 0 0 37 93 15 0 0 0 0 0 0 19 29 22 0 14 36 0 0 0 0 0 0 0 0 0 0 0 11 0 
P1723 2007 6 26 0 11 0 0 0 0 0 4 0 0 0 0 12 6 0 0 0 0 0 0 0 0 0 0 0 0 0 20 0 -999 
P1723 2007 7 14 0 17 0 0 0 0 0 0 0 0 0 0 0 0 0 0 0 0 0 0 0 0 0 0 0 0 0 0 0 0 
P1723 2007 8 0 0 0 0 0 0 0 0 0 0 0 0 0 0 0 6 0 0 0 18 0 0 0 0 0 23 0 0 0 0 0 
P1723 2007 9 0 0 0 0 0 0 0 0 0 0 0 0 0 0 0 0 0 0 0 0 0 0 0 0 21 14 0 9 0 0 -999 
P1723 2007 10 0 0 0 0 0 0 0 0 0 0 0 0 60 60 18 31 61 85 0 0 0 61 59 49 15 0 30 0 0 0 0 
P1723 2007 11 0 0 0 0 0 0 0 0 29 0 52 51 0 20 0 0 0 0 0 0 0 0 0 0 0 7 39 12 0 0 -999 
P1723 2007 12 0 0 15 19 10 0 0 0 0 0 0 0 0 0 0 0 0 48 0 0 0 0 17 21 0 0 13 0 0 0 3 
P1723 2008 1 0 0 0 0 10 1 2 0 0 5 0 0 20 55 53 0 22 0 22 31 116 112 0 0 0 193 258 88 80 0 151 
P1723 2008 2 283 57 151 0 0 0 77 0 21 0 99 13 17 0 0 59 75 85 0 111 7 0 0 21 27 27 0 0 -999 -999 -999 
P1723 2008 3 0 0 0 0 0 0 4 0 4 0 0 0 0 0 0 0 0 0 0 0 0 0 0 0 12 11 2 0 0 0 0 
P1723 2008 4 0 0 0 0 0 0 0 0 0 0 0 0 0 30 95 40 0 0 0 0 0 0 0 0 0 0 0 0 0 0 -999 
P1723 2008 5 11 0 0 0 0 0 0 0 0 0 55 27 0 41 22 0 0 0 30 46 0 51 68 12 6 7 0 0 0 0 0 
P1723 2008 6 0 5 0 9 0 25 14 0 0 0 0 0 15 0 0 0 12 15 0 0 0 0 0 0 0 0 0 0 0 0 -999 
P1723 2008 7 0 0 0 0 0 0 0 0 0 0 10 0 0 0 0 0 0 0 0 0 0 0 0 0 0 0 0 0 0 0 0 
P1723 2008 8 0 0 0 0 0 0 0 0 0 0 0 0 0 0 0 0 0 0 0 0 0 0 0 0 0 0 0 0 0 0 0 
P1723 2008 9 0 0 0 0 0 0 0 0 0 0 0 0 0 0 0 11 0 0 0 0 0 0 0 0 0 0 0 0 37 27 -999 
P1723 2008 10 16 0 0 4 0 0 0 0 0 0 0 30 33 0 0 0 0 0 0 0 0 0 0 0 0 31 34 19 12 0 0 
P1723 2008 11 12 2 0 0 0 0 0 0 0 1 16 0 0 0 0 0 0 35 0 0 0 0 0 0 0 0 0 0 0 0 -999 
P1723 2008 12 1 0 0 0 0 1 0 0 0 21 0 4 4 0 0 0 0 5 0 2 0 0 9 0 27 33 29 24 0 0 0 
P1723 2009 1 0 0 0 0 0 0 0 3 0 0 0 8 7 10 0 0 0 0 0 0 3 0 0 0 0 0 0 0 0 0 0 
P1723 2009 2 0 0 0 12 0 0 1 0 0 0 0 0 0 0 0 0 0 0 0 0 0 0 0 0 6 0 0 0 -999 -999 -999 
P1723 2009 3 34 53 55 0 0 0 0 70 51 0 11 16 13 0 22 18 79 66 34 22 0 0 39 0 28 97 89 108 124 64 0 
P1723 2009 4 43 0 12 21 0 56 0 0 4 4 0 0 0 26 15 0 0 0 0 0 0 0 0 0 0 0 11 0 64 0 -999 
P1723 2009 5 35 42 0 0 0 0 0 0 33 0 20 0 0 1 0 0 0 0 0 0 0 34 0 24 0 0 0 0 0 0 7 
P1723 2009 6 0 0 0 0 0 0 0 0 0 0 0 0 0 0 0 0 0 0 2 0 0 0 0 0 0 0 0 0 0 0 -999 
P1723 2009 7 0 0 0 0 0 0 0 0 0 0 0 33 0 0 0 0 0 0 0 0 0 0 0 0 0 0 0 0 0 0 0 
P1723 2009 8 0 0 0 0 0 0 0 0 0 0 0 0 0 0 0 0 0 0 0 0 0 0 34 0 0 0 0 0 0 0 0 
P1723 2009 9 0 0 0 0 0 0 0 8 0 39 0 0 9 0 0 0 0 0 0 0 0 0 0 12 6 0 0 0 0 0 -999 
P1723 2009 10 7 0 0 0 0 0 0 0 0 0 0 0 18 17 0 0 27 0 10 0 0 0 0 0 18 0 0 0 0 0 0 
P1723 2009 11 0 0 0 4 0 0 0 0 0 0 4 0 6 0 0 0 0 0 13 19 0 0 79 52 0 2 0 0 0 0 -999 
P1723 2009 12 12 0 46 22 0 42 85 13 28 75 45 10 16 0 0 0 0 65 26 13 0 0 14 0 49 89 105 104 20 8 0 
P1723 2010 1 0 0 75 127 46 0 0 0 30 15 0 0 21 0 12 0 15 17 0 0 0 0 6 0 0 0 0 0 0 0 0 
P1723 2010 2 20 0 8 0 0 12 0 0 0 0 0 0 0 0 0 0 0 1 0 0 0 0 0 2 0 0 0 0 -999 -999 -999 
P1723 2010 3 0 0 0 7 0 0 32 45 129 96 50 0 5 0 0 0 13 36 72 16 2 0 0 0 0 0 0 0 0 0 0 
P1723 2010 4 0 0 0 0 0 0 0 45 55 0 0 24 15 0 92 40 0 0 0 41 0 0 0 0 18 6 2 0 0 0 -999 
P1723 2010 5 0 0 25 42 24 0 6 0 0 0 12 0 15 0 0 0 9 0 6 0 0 6 14 11 0 0 37 0 17 14 0 
P1723 2010 6 0 26 0 0 0 0 6 0 0 0 0 0 0 0 0 0 0 0 0 0 0 0 0 0 0 10 0 0 0 0 -999 
P1723 2010 7 0 26 4 0 0 0 0 0 0 0 11 0 0 0 0 0 0 0 0 0 0 0 0 0 0 0 0 0 0 0 0 
P1723 2010 8 0 0 0 0 13 0 0 0 0 0 0 0 0 0 0 0 0 0 0 0 0 0 3 0 0 0 0 0 0 8 13 
P1723 2010 9 0 0 0 0 0 0 0 0 0 0 0 19 0 0 0 0 0 0 23 0 0 0 0 0 0 0 0 4 0 0 -999 
P1723 2010 10 0 0 0 0 0 0 0 0 0 58 57 0 52 41 15 0 1 3 0 12 0 47 0 0 0 0 0 0 8 0 0 
P1723 2010 11 0 0 0 8 10 0 0 0 0 0 0 0 0 0 0 0 0 0 0 0 0 0 3 0 5 0 4 0 0 0 -999 
P1723 2010 12 0 1 1 5 0 0 14 0 0 0 7 30 52 32 0 2 5 0 4 0 0 0 0 0 0 0 0 0 0 0 0 
P1723 2011 1 0 0 10 15 25 0 5 0 0 0 0 0 0 0 0 20 0 0 0 0 2 15 24 0 0 0 0 0 0 0 0 
P1723 2011 2 0 0 0 0 33 40 32 0 0 0 0 0 0 0 0 0 0 0 11 0 0 0 0 0 0 0 0 66 -999 -999 -999 
P1723 2011 3 93 65 12 0 0 5 6 3 0 0 0 35 0 15 55 136 128 29 0 31 0 38 91 254 55 0 60 128 0 0 0 
P1723 2011 4 0 0 0 16 11 0 0 0 0 20 0 0 27 0 9 0 0 74 0 32 0 0 0 0 0 0 0 0 0 0 -999 
P1723 2011 5 0 9 0 0 0 0 0 0 0 33 0 0 0 0 0 0 0 0 0 0 0 0 0 0 0 0 0 0 0 0 8 
P1723 2011 6 0 0 0 0 0 0 0 0 0 0 0 20 0 0 0 0 0 0 0 0 0 0 0 0 0 0 16 0 0 0 -999 
P1723 2011 7 0 0 0 13 0 0 0 0 0 0 0 0 0 4 0 0 8 0 0 0 23 0 0 0 0 4 0 0 0 0 0 
P1723 2011 8 0 0 0 0 0 0 0 0 0 0 0 0 0 0 0 0 0 0 0 0 0 0 0 0 0 0 6 10 0 0 0 
P1723 2011 9 0 0 0 0 0 0 0 18 0 33 0 0 0 0 0 0 0 0 0 0 0 0 0 0 0 0 0 0 0 0 -999 
P1723 2011 10 0 0 0 0 0 0 0 0 0 0 0 0 38 0 0 0 0 18 0 0 0 0 0 17 12 9 0 0 14 31 0 
P1723 2011 11 4 0 0 16 56 69 44 0 5 4 0 8 0 0 0 0 58 0 0 0 0 61 0 11 0 0 0 21 1 0 -999 
P1723 2011 12 0 36 32 0 0 8 6 0 0 0 14 24 6 0 10 50 0 60 53 69 0 36 48 0 44 24 0 0 0 0 0 
P1723 2012 1 117 0 2 0 0 0 0 0 4 0 0 0 0 0 0 0 0 0 0 8 0 0 0 0 0 8 11 27 44 0 0 
P1723 2012 2 14 0 47 16 8 13 13 3 0 0 0 0 0 0 0 0 0 19 48 0 21 13 0 7 0 0 0 0 -999 -999 -999 
P1723 2012 3 19 59 41 0 17 0 8 2 0 0 0 0 0 10 0 0 26 24 0 55 45 0 0 0 0 0 0 0 0 0 0 
P1723 2012 4 0 0 0 0 0 0 17 13 1 0 0 0 0 0 67 0 0 14 0 7 0 0 9 55 0 35 108 90 66 34 -999 
P1723 2012 5 0 0 0 16 8 0 0 10 24 18 20 0 26 32 25 16 0 19 11 0 8 13 0 0 0 0 0 7 0 0 0 
P1723 2012 6 0 0 0 0 0 6 0 0 0 0 14 13 19 22 0 0 0 0 0 23 0 0 0 0 0 0 0 15 0 0 -999 
P1723 2012 7 0 0 0 0 0 0 0 18 0 0 0 0 0 0 0 0 0 0 0 0 0 0 0 0 0 0 0 0 0 0 0 
P1723 2012 8 0 0 0 0 0 7 0 0 0 0 0 0 0 0 9 0 0 0 0 0 2 0 0 0 0 0 0 0 0 0 0 
P1723 2012 9 0 0 0 0 0 0 0 0 0 0 0 0 0 0 0 0 0 0 0 0 4 0 0 0 33 0 0 0 0 10 -999 
P1723 2012 10 0 0 0 0 0 0 0 0 20 48 78 0 4 0 0 32 0 50 0 0 0 33 0 0 6 0 36 0 0 30 14 
P1723 2012 11 0 50 37 5 10 22 0 0 0 24 32 0 0 0 1 0 0 65 97 45 15 0 0 0 10 0 0 0 65 0 -999 
P1723 2012 12 12 0 0 17 45 170 108 94 0 0 0 19 52 142 90 0 52 0 0 6 0 32 0 20 10 0 0 0 0 16 39 
P1723 2013 1 18 18 28 72 19 6 19 11 0 11 0 0 0 0 0 0 0 0 0 0 0 0 0 1 0 0 0 0 0 37 0 
P1723 2013 2 0 0 0 0 0 4 0 0 8 0 0 0 56 79 28 8 0 102 120 83 59 64 0 100 40 7 0 7 -999 -999 -999 
P1723 2013 3 11 0 37 0 18 0 0 0 26 112 179 202 0 22 32 0 49 46 50 31 27 81 67 47 0 23 31 0 0 53 83 
P1723 2013 4 0 0 0 29 17 11 0 0 0 0 0 0 0 0 0 26 0 0 0 6 0 12 0 0 73 4 0 6 0 0 -999 
P1723 2013 5 0 0 0 15 0 0 0 0 22 37 31 0 0 0 0 29 28 23 0 0 0 0 0 0 0 0 0 0 0 0 0 
P1723 2013 6 0 0 31 0 0 0 0 30 61 0 44 34 0 0 7 9 0 12 0 0 0 0 0 0 0 0 0 0 23 0 -999 
P1723 2013 7 0 0 0 0 0 0 19 0 0 0 0 0 0 0 0 0 0 0 0 0 0 0 0 0 0 0 0 0 0 0 0 
P1723 2013 8 0 0 0 0 14 0 12 20 0 0 0 0 3 0 0 14 0 0 0 0 0 0 0 0 0 0 0 0 23 0 38 
P1723 2013 9 0 0 4 4 0 0 0 0 0 0 0 0 0 0 0 0 0 0 0 0 0 0 0 2 0 0 0 0 0 0 -999 
P1723 2013 10 0 0 0 0 0 0 0 0 0 23 0 0 0 0 0 10 0 0 0 0 0 0 0 0 1 0 0 0 0 0 0 
P1723 2013 11 0 0 0 0 0 0 0 0 0 0 7 6 0 4 2 10 0 239 264 64 144 214 225 74 0 133 49 18 5 9 -999 
P1723 2013 12 17 54 21 11 0 0 0 15 0 0 0 0 21 0 36 21 9 3 0 0 11 0 30 84 27 36 0 21 81 30 25 
P1723 2014 1 0 0 0 0 0 38 0 38 0 0 0 11 0 0 55 11 0 0 0 0 0 0 0 19 0 50 102 0 180 134 40 
P1723 2014 2 19 37 18 0 52 113 46 107 38 50 0 0 0 0 0 0 0 14 12 0 7 0 17 6 0 0 0 45 -999 -999 -999 
P1723 2014 3 27 0 0 0 0 0 0 0 0 0 0 0 0 39 101 92 88 0 144 62 43 0 0 0 0 0 0 0 4 0 0 
P1723 2014 4 0 30 0 43 66 0 13 7 0 32 0 35 0 0 43 32 0 20 42 20 0 22 0 0 0 22 14 0 18 32 -999 
P1723 2014 5 48 8 0 43 0 0 0 0 0 0 0 0 0 0 0 0 0 0 0 0 0 76 61 49 0 0 24 17 29 47 45 
P1723 2014 6 17 0 0 76 53 0 30 0 0 0 0 4 0 0 0 0 0 0 0 0 0 0 0 0 0 0 0 0 0 0 -999 
P1723 2014 7 0 0 0 0 0 0 0 0 0 0 0 0 0 0 0 0 0 0 0 0 0 0 0 0 0 0 0 0 0 0 0 
P1723 2014 8 0 0 0 0 0 0 0 0 0 0 0 0 0 0 0 0 0 0 0 0 0 0 0 0 0 0 0 0 0 0 0 
P1723 2014 9 0 0 0 0 0 0 0 0 0 0 0 43 0 0 33 56 67 0 14 8 0 0 0 0 0 0 0 0 0 0 -999 
P1723 2014 10 0 0 29 0 0 0 0 0 0 8 0 0 0 5 0 0 0 32 51 66 0 10 0 0 42 0 0 0 0 0 0 
P1723 2014 11 0 0 0 0 0 0 0 0 0 0 0 0 0 0 8 0 0 0 22 52 143 208 63 77 39 0 0 0 0 0 -999 
P1723 2014 12 0 0 0 0 0 0 0 6 0 0 0 3 0 0 0 0 0 0 0 0 0 0 0 0 0 0 2 0 11 0 33 
P1723 2015 1 0 0 0 84 86 0 26 23 0 17 0 0 0 0 0 0 0 0 0 0 0 0 0 0 0 0 14 73 70 39 14 
P1723 2015 2 0 0 0 0 0 0 0 0 0 0 0 5 1 0 0 0 0 0 0 0 0 0 0 25 90 97 87 33 -999 -999 -999 
P1723 2015 3 23 37 51 73 24 5 29 34 41 0 0 0 26 0 6 6 7 0 0 0 0 35 50 21 10 0 0 0 0 0 0 
P1723 2015 4 23 0 10 0 0 0 0 0 0 4 0 0 0 0 0 0 0 0 0 0 0 0 6 5 0 41 0 44 120 0 -999 
P1723 2015 5 105 60 32 9 0 8 0 0 0 0 0 0 0 0 0 0 0 0 0 0 0 0 0 0 0 0 0 75 72 19 6 
P1723 2015 6 0 0 12 0 0 0 27 0 0 0 0 0 5 0 20 0 2 0 0 10 0 0 0 13 0 0 0 0 0 0 -999 
P1723 2015 7 0 0 0 0 0 0 0 0 8 0 0 0 0 0 0 0 0 0 0 0 0 0 0 0 0 0 0 0 0 0 0 
P1723 2015 8 0 0 0 0 0 0 0 0 0 0 0 0 0 0 0 0 0 0 0 0 0 0 27 0 12 0 0 0 0 0 0 
P1723 2015 9 0 0 0 0 35 20 0 0 0 0 0 0 15 0 0 0 0 0 0 0 0 1 5 0 44 60 58 0 0 0 -999 
P1723 2015 10 31 12 0 0 0 27 23 0 0 0 0 0 17 0 0 0 0 4 0 0 0 0 0 0 0 8 0 0 0 2 5 
P1723 2015 11 0 0 0 0 0 0 0 0 0 0 0 0 32 109 60 0 0 0 0 0 0 33 0 0 10 0 0 0 0 17 -999 
P1723 2015 12 34 52 0 42 0 0 237 126 92 74 0 87 73 0 25 0 23 0 0 0 0 0 0 0 0 0 0 0 0 0 4 
P1723 2016 1 0 0 0 0 0 0 0 29 0 0 96 127 82 123 0 28 54 0 4 0 0 0 0 0 18 0 0 19 15 15 0 
P1723 2016 2 0 0 16 21 0 9 0 0 0 8 16 14 12 20 0 17 71 20 0 0 0 0 19 0 0 0 0 0 -999 -999 -999 
P1723 2016 3 0 31 26 18 21 0 0 64 198 133 207 209 93 44 50 42 0 63 20 16 34 51 35 0 61 36 105 164 73 39 60 
P1723 2016 4 0 0 0 0 8 0 0 23 0 90 147 114 0 0 102 0 40 21 0 48 0 0 0 0 24 19 0 31 39 0 -999 
P1723 2016 5 0 0 0 0 6 0 0 0 0 0 38 0 0 14 21 27 0 8 0 0 0 0 7 13 0 0 10 0 19 0 32 
P1723 2016 6 0 0 0 0 0 0 0 0 0 0 0 0 0 0 0 0 0 0 13 0 0 0 0 0 0 9 0 0 0 0 -999 
P1723 2016 7 0 0 0 0 0 0 0 0 0 0 0 0 0 0 0 0 0 0 0 0 0 0 0 8 0 0 0 0 0 0 0 
P1723 2016 8 0 0 0 0 0 0 0 0 0 0 0 0 0 0 0 0 0 0 0 0 0 0 0 0 0 0 0 20 0 0 0 
P1723 2016 9 0 0 0 0 0 0 0 0 4 0 2 0 0 0 0 0 0 0 16 0 6 0 0 0 0 0 0 0 16 14 -999 
P1723 2016 10 0 0 0 0 0 0 0 0 0 8 0 0 0 0 0 113 131 0 0 80 93 66 13 0 0 0 0 0 0 0 10 
P1723 2016 11 0 16 0 0 0 6 0 32 0 0 0 0 0 0 100 0 26 70 54 64 68 25 0 52 79 0 17 0 29 25 -999 
P1723 2016 12 0 0 5 0 0 0 8 0 0 16 38 77 107 0 0 0 5 0 69 87 82 102 42 35 0 34 44 30 14 25 44 
P1723 2017 1 0 0 0 0 0 0 0 0 0 0 0 16 65 163 66 8 8 0 0 0 0 0 0 0 0 0 0 0 0 0 0 
P1723 2017 2 0 0 0 0 0 0 0 0 11 0 0 0 2 0 0 0 0 7 0 0 0 0 0 0 0 0 0 0 -999 -999 -999 
P1723 2017 3 0 3 0 0 0 0 0 42 0 48 0 0 40 31 15 0 3 0 3 0 0 0 36 61 134 126 123 92 31 10 6 
P1723 2017 4 0 14 0 0 0 0 13 13 23 54 0 0 11 0 0 0 0 0 8 0 0 6 11 0 0 0 44 67 85 0 -999 
P1723 2017 5 19 0 0 0 0 0 0 6 0 0 0 9 0 0 0 0 0 0 0 0 0 0 0 0 0 0 0 0 0 0 0 
P1723 2017 6 0 0 0 0 0 0 0 0 0 0 0 0 0 0 0 6 0 5 0 0 0 0 0 0 0 0 0 0 0 0 -999 
P1723 2017 7 0 0 0 0 0 0 0 0 0 0 0 0 0 0 1 0 6 0 0 0 0 0 0 0 0 0 0 0 0 0 0 
P1723 2017 8 0 0 0 0 0 0 0 31 0 0 0 0 0 7 0 0 0 0 0 22 0 0 0 0 0 0 0 0 0 0 0 
P1723 2017 9 17 0 0 0 0 0 0 0 12 17 0 0 0 0 0 0 0 0 0 0 0 0 15 26 0 0 0 25 0 0 -999 
P1723 2017 10 0 0 0 0 0 0 0 0 0 0 0 0 7 16 0 54 58 86 0 24 0 20 0 12 0 0 69 146 233 92 0 
P1723 2017 11 0 0 0 36 20 13 12 43 32 16 73 122 240 162 13 0 0 18 0 0 0 0 0 0 0 0 0 0 0 0 -999 
P1723 2017 12 0 0 45 0 0 0 31 95 142 49 82 0 60 144 87 0 6 5 0 0 0 0 0 23 20 0 32 0 32 79 48 
P1723 2018 1 0 0 0 0 0 3 0 0 48 0 3 5 0 0 0 0 0 29 0 0 0 10 69 0 11 0 48 27 21 9 28 
P1723 2018 2 39 0 59 0 22 0 13 0 0 11 0 0 0 0 0 0 5 0 8 27 24 4 0 0 0 0 0 0 -999 -999 -999 
P1723 2018 3 0 0 0 0 40 0 0 0 0 0 0 91 64 50 33 0 38 35 0 0 0 0 0 0 0 34 47 0 0 0 0 
P1723 2018 4 10 0 0 0 0 0 11 0 17 0 0 0 0 4 30 12 0 0 12 0 0 0 0 0 85 113 77 29 24 32 -999 
P1723 2018 5 30 0 1 0 0 8 13 6 24 35 37 40 0 21 17 36 0 44 0 0 68 58 0 0 13 36 0 0 0 0 0 
P1723 2018 6 0 0 0 0 0 0 0 0 0 0 0 0 14 0 0 0 0 0 0 0 17 0 0 0 0 0 0 0 0 0 -999 
P1723 2018 7 0 12 0 0 0 0 0 16 0 7 0 0 0 0 0 0 0 0 0 0 0 0 0 0 0 0 0 0 0 0 0 
P1723 2018 8 0 0 0 0 0 0 0 0 0 0 0 0 5 0 0 0 7 0 0 0 0 0 0 0 0 0 0 0 0 0 0 
P1723 2018 9 0 0 0 0 8 34 0 0 0 0 5 0 0 0 0 0 0 0 0 0 0 13 0 0 0 0 0 0 0 0 -999 
P1723 2018 10 0 0 0 0 7 0 0 0 28 54 31 9 0 15 0 0 0 0 0 1 0 0 0 0 0 16 0 0 0 0 0 
P1723 2018 11 0 0 0 0 1 0 25 125 74 69 0 0 0 0 0 0 0 0 0 0 17 0 0 0 0 0 5 0 0 0 -999 
P1723 2018 12 16 28 11 18 20 57 99 9 0 8 52 168 125 0 0 33 0 10 0 10 27 0 0 31 45 31 43 77 111 120 0 
P1723 2019 1 106 123 159 181 134 162 162 7 0 4 18 0 7 0 0 0 71 51 97 125 192 172 0 0 39 85 124 0 0 45 111 
P1723 2019 2 88 86 15 0 0 21 0 0 0 106 145 0 174 0 27 0 0 231 189 25 14 0 0 6 0 0 0 0 -999 -999 -999 
P1723 2019 3 0 0 0 0 0 18 0 21 0 0 0 0 0 0 0 10 0 0 0 0 0 0 0 0 0 0 0 0 0 22 24 
P1723 2019 4 19 0 17 13 29 52 0 57 0 18 0 52 34 48 40 52 45 0 0 21 0 12 63 111 0 30 0 36 38 0 -999 
P1723 2019 5 0 0 0 0 0 13 0 10 0 0 0 0 38 0 0 0 0 0 7 0 0 0 0 0 0 0 0 0 0 0 0 
P1723 2019 6 0 0 0 0 9 0 0 0 24 0 0 0 0 0 15 0 0 9 0 0 0 0 0 0 0 0 0 0 0 0 -999 
P1723 2019 7 0 0 0 21 0 0 0 0 0 0 0 0 11 0 0 0 0 0 0 0 0 0 0 0 0 0 13 0 0 0 0 
P1723 2019 8 0 0 0 0 0 0 0 0 0 0 0 0 0 0 0 0 0 0 0 0 0 0 0 0 0 0 0 0 0 0 0 
P1723 2019 9 0 10 13 0 0 0 0 0 0 0 0 8 0 0 5 0 0 0 33 0 0 0 38 40 18 0 39 0 0 0 -999 
P1723 2019 10 0 25 22 29 0 0 0 0 0 0 0 73 52 0 0 0 0 0 0 0 0 0 0 0 0 0 0 0 0 0 0 
P1723 2019 11 0 0 0 0 9 0 18 32 0 0 0 0 0 0 4 0 0 0 0 61 286 293 93 0 141 141 0 27 74 154 -999 
P1723 2019 12 114 89 0 0 36 16 0 0 0 0 0 0 0 0 0 0 0 0 0 0 0 0 0 0 0 0 0 0 0 10 0 
P1723 2020 1 18 18 10 8 0 0 0 0 0 0 0 6 0 54 16 0 0 0 0 0 0 0 4 0 0 53 103 84 51 63 38 
P1723 2020 2 32 0 0 35 26 0 0 34 8 11 0 0 0 0 20 0 0 6 0 0 0 0 0 0 0 0 0 0 -999 -999 -999 
P1723 2020 3 0 0 0 0 29 40 0 0 0 0 0 30 11 0 0 4 0 0 2 0 0 0 0 0 0 0 0 26 25 0 0 
P1723 2020 4 0 26 18 0 0 0 0 1 1 0 17 37 0 28 86 108 110 0 44 55 75 23 0 0 0 0 0 0 0 0 -999 
P1723 2020 5 0 0 0 0 0 0 0 0 0 0 52 51 34 24 41 0 15 0 0 0 0 4 0 0 0 0 0 0 0 0 0 
P1723 2020 6 0 0 0 0 0 0 0 0 0 0 0 0 0 0 11 0 0 0 5 0 0 0 0 0 0 0 0 0 0 0 -999 
P1723 2020 7 0 0 0 0 0 0 0 0 0 0 0 0 0 0 0 0 0 0 0 0 0 0 0 0 0 0 0 0 0 0 0 
P1723 2020 8 0 0 0 0 0 0 16 0 0 0 0 0 0 0 0 0 0 0 0 0 0 0 0 0 0 19 0 0 0 0 0 
P1723 2020 9 16 0 0 5 6 7 0 0 0 0 0 4 0 0 0 0 0 0 0 0 0 0 0 0 0 0 0 0 0 0 -999 
P1723 2020 10 0 0 21 0 0 0 47 45 77 0 0 38 8 0 100 42 15 69 0 0 3 0 0 0 0 32 18 0 0 0 0 
P1723 2020 11 102 118 157 0 57 17 0 9 0 4 0 0 0 0 16 3 7 15 47 189 60 82 46 42 64 58 92 85 0 33 -999 
P1723 2020 12 77 69 76 0 27 0 0 0 0 0 0 0 0 0 0 0 0 6 35 0 34 177 137 119 108 0 156 14 0 47 94 
P1723 2021 1 72 120 41 26 0 0 69 148 80 0 0 0 0 0 0 0 0 20 0 10 0 0 0 0 0 0 32 0 59 26 39 
P1723 2021 2 0 0 96 78 91 0 0 0 0 0 0 0 0 0 2 0 2 0 0 0 0 22 0 0 0 0 0 5 -999 -999 -999 
P1723 2021 3 9 9 6 0 6 0 37 10 0 53 0 0 0 0 0 0 51 0 0 0 47 0 0 0 0 0 23 37 0 0 0 
P1723 2021 4 0 0 0 0 4 0 0 37 0 0 0 0 0 0 0 38 0 0 0 0 0 43 0 35 25 0 15 0 0 0 -999 
P1723 2021 5 77 43 43 10 0 0 0 0 0 0 6 0 0 0 0 0 0 0 40 0 0 5 9 18 0 0 0 0 0 0 33 
P1723 2021 6 38 0 0 8 0 0 0 0 0 0 12 0 13 0 0 4 0 0 0 0 0 0 0 2 0 0 0 0 9 0 -999 
P1723 2021 7 0 0 0 0 21 19 18 0 0 0 0 0 0 0 0 0 10 0 0 0 0 0 0 0 0 12 0 0 0 0 0 
P1723 2021 8 0 0 0 0 0 0 0 12 12 0 0 0 0 0 0 0 0 0 0 0 0 0 0 0 0 0 0 0 0 0 0 
P1723 2021 9 0 0 0 0 0 0 0 0 4 0 0 0 0 2 0 0 0 0 0 49 0 0 0 0 0 0 0 0 0 0 -999 
P1723 2021 10 0 0 0 0 23 0 28 0 0 9 0 0 0 0 0 0 0 0 0 0 64 144 138 79 31 0 18 8 0 0 0 
P1723 2021 11 0 33 50 90 0 48 0 0 0 0 23 0 0 0 21 0 96 45 10 0 0 0 0 0 36 0 0 84 104 36 -999 
P1723 2021 12 79 113 42 25 3 0 8 0 0 0 0 0 0 0 0 89 118 109 0 0 0 56 21 0 0 5 0 0 45 42 0 
P1723 2022 1 0 0 0 22 0 0 39 106 86 68 91 34 42 0 74 57 50 21 15 0 75 63 167 70 34 15 53 51 75 72 67 
P1723 2022 2 163 0 0 62 62 55 186 226 0 118 229 155 196 0 148 62 46 89 31 0 127 38 76 17 94 179 97 0 -999 -999 -999 
P1723 2022 3 0 0 0 0 144 117 64 110 69 94 60 0 77 0 0 0 3 0 0 0 0 0 0 0 0 0 0 0 0 0 0 
P1723 2022 4 0 0 0 0 0 0 34 0 0 8 15 11 0 0 0 0 0 0 0 0 0 0 0 0 0 0 0 0 6 0 -999 
P1723 2022 5 0 3 0 0 0 0 0 0 33 0 65 65 100 74 0 29 19 23 0 0 0 0 0 0 46 51 0 0 0 0 0 
P1723 2022 6 0 0 0 14 7 20 38 0 0 0 0 0 0 0 0 10 0 0 0 0 0 0 0 0 0 0 0 0 0 0 -999 
P1723 2022 7 0 0 0 0 0 0 0 0 47 51 0 0 0 0 0 0 5 0 0 0 0 0 0 0 0 0 0 0 0 0 0 
P1723 2022 8 0 0 0 0 0 0 0 0 0 0 0 0 0 0 0 0 0 0 0 0 7 0 0 0 0 0 0 0 5 0 0 
P1723 2022 9 0 0 0 0 0 0 0 0 0 0 0 0 0 0 46 0 0 10 0 0 0 15 0 0 0 0 0 0 0 0 -999 
P1723 2022 10 0 0 0 0 0 0 0 0 42 46 74 0 24 43 61 36 17 0 0 0 0 0 0 0 0 0 0 0 43 65 26 
P1723 2022 11 40 0 0 0 0 2 0 0 5 0 12 0 0 0 0 0 1 0 0 5 0 0 0 1 0 0 8 30 18 0 -999 
P1723 2022 12 26 90 143 236 79 113 13 0 129 0 0 0 0 0 0 0 0 4 0 0 92 121 124 61 55 25 0 22 7 5 3 
P1723 2023 1 0 4 4 0 5 0 0 0 0 0 1 0 10 0 10 0 0 0 0 0 0 9 1 0 0 0 0 0 0 0 0 
P1723 2023 2 0 19 6 4 0 0 9 0 10 7 0 0 0 0 9 0 20 28 0 3 0 0 0 0 7 0 42 12 -999 -999 -999 
P1723 2023 3 0 30 0 0 3 0 0 0 4 0 0 87 41 0 0 0 0 0 0 0 0 0 0 0 13 0 0 0 0 0 0 
P1723 2023 4 0 0 26 0 66 27 26 0 4 0 0 31 112 164 58 7 0 4 0 0 0 0 0 0 122 60 0 46 0 0 -999 
P1723 2023 5 0 0 0 8 0 0 0 0 0 0 0 0 31 0 0 40 31 49 0 43 0 0 0 4 0 0 0 0 0 0 0 
P1723 2023 6 0 0 20 0 26 13 0 0 0 0 0 0 0 0 0 0 6 0 0 0 0 0 0 0 0 0 0 0 0 0 -999 
P1723 2023 7 0 0 0 0 0 0 0 0 0 0 0 0 0 0 0 0 0 0 0 10 0 0 0 0 0 0 0 0 0 0 0 
P1723 2023 8 0 0 0 0 0 0 0 0 0 0 5 0 0 0 0 5 0 0 0 0 0 0 0 0 0 0 0 0 0 0 0 
P1723 2023 9 0 0 0 0 0 0 0 0 18 0 0 0 0 0 0 0 0 0 0 0 0 0 0 0 0 0 0 0 0 0 -999 
P1723 2023 10 0 2 0 0 0 0 0 0 0 0 0 0 11 0 70 0 0 1 0 0 0 0 0 0 0 33 15 0 9 0 94 
P1723 2023 11 71 0 0 0 0 0 13 28 0 49 0 0 0 0 0 0 0 0 0 0 0 0 0 0 15 0 0 0 0 0 -999 
P1723 2023 12 0 0 0 0 0 1 0 0 0 0 1 0 0 1 0 3 5 13 14 0 0 0 0 0 9 0 0 0 0 0 0 
P1723 2024 1 6 9 0 42 19 84 95 107 65 26 16 22 34 96 59 45 70 116 7 0 0 0 0 0 8 0 0 0 0 0 68 
P1723 2024 2 0 153 200 30 0 0 0 0 5 0 0 0 0 0 0 0 0 0 0 0 0 0 0 177 102 65 0 0 -999 -999 -999 
P1723 2024 3 0 98 65 84 70 63 0 0 0 0 0 0 12 0 0 0 0 28 0 0 0 0 0 0 131 200 89 27 44 53 22 
P1723 2024 4 51 65 74 33 12 0 0 0 0 0 0 0 0 0 0 0 0 0 0 0 0 0 0 16 0 0 0 7 0 0 -999 
P1723 2024 5 0 0 0 0 0 0 0 0 10 0 0 0 0 0 0 0 0 0 0 0 0 0 0 0 0 0 0 0 0 0 0 
P1723 2024 6 0 0 0 0 0 0 0 0 0 20 13 0 0 0 0 0 0 0 0 0 10 11 0 0 0 0 0 0 0 0 -999 
P1723 2024 7 0 0 0 0 0 0 0 0 0 0 0 0 0 0 0 0 0 0 0 0 0 0 0 0 0 17 0 0 0 0 0 
P1723 2024 8 0 0 0 0 0 0 0 0 0 0 0 0 0 0 0 0 0 0 0 0 0 0 0 0 0 0 9 0 0 0 0 
P1723 2024 9 0 17 0 0 0 0 0 0 0 0 0 0 0 12 0 0 0 0 0 0 18 0 0 0 0 0 3 0 0 0 -999 
P1723 2024 10 0 0 0 0 20 0 0 0 0 0 0 15 0 29 114 121 33 13 18 0 0 0 0 0 0 0 0 0 0 0 0 
P1723 2024 11 0 18 0 16 0 0 0 0 0 0 0 37 61 54 12 9 0 0 0 31 28 39 39 0 0 0 1 1 0 0 -999 
P1723 2024 12 0 0 0 27 0 0 0 0 0 0 0 0 0 8 0 0 13 11 0 0 0 7 0 0 0 32 13 0 0 0 0 
P1723 2025 1 0 5 0 0 0 3 1 0 0 13 0 28 0 0 8 7 0 0 15 0 41 35 34 0 39 0 20 3 0 0 0 
P1723 2025 2 0 0 0 0 23 0 0 59 65 0 0 25 0 30 30 26 48 10 0 68 31 43 0 0 0 0 0 0 -999 -999 -999 
P1723 2025 3 7 0 0 24 51 106 230 0 0 0 0 0 0 0 0 0 17 38 0 0 105 115 82 275 67 23 60 3 0 0 0 
P1723 2025 4 0 4 0 0 0 0 2 0 0 0 0 0 0 0 0 0 0 0 14 0 9 0 0 0 0 0 0 0 0 0 -999 
P1723 2025 5 0 0 0 59 60 0 43 0 0 0 0 25 0 0 0 7 0 0 0 0 0 0 0 0 19 18 0 0 0 0 0 
P1723 2025 6 0 0 0 12 39 20 0 0 0 0 0 4 0 0 0 0 0 0 0 0 0 0 0 0 0 0 0 0 0 19 -999 
P1723 2025 7 0 0 0 13 0 0 0 0 0 0 0 0 0 0 0 0 12 0 0 0 0 0 0 0 0 0 0 0 0 0 0 
P1723 2025 8 0 10 0 0 0 0 0 0 0 0 0 0 0 0 0 0 0 0 0 0 3 0 0 0 0 0 0 7 0 0 0 
P1723 2025 9 0 0 0 7 0 0 0 0 0 0 0 0 0 0 16 0 0 0 0 0 0 0 0 0 0 0 0 0 0 0 -999 
P1723 2025 10 0 0 0 0 13 0 0 0 26 5 0 0 9 0 22 8 0 0 6 0 0 0 0 0 36 59 0 0 0 0 15 
P1723 2025 11 15 0 0 0 0 0 0 0 0 0 0 0 0 1 0 27 0 0 0 12 0 0 0 0 0 0 0 0 0 0 -999 
P1723 2025 12 0 80 87 0 0 0 85 56 0 0 0 0 0 7 0 0 0 0 14 0 0 0 10 0 67 42 27 0 0 49 41 
P1723 2026 1 21 0 0 6 0 15 0 0 4 0 41 178 159 11 22 168 187 97 27 0 0 0 21 33 25 33 48 12 0 0 0 
P1723 2026 2 0 0 30 14 0 0 3 0 2 12 13 0 0 0 0 0 0 0 85 154 42 54 31 23 6 22 1 0 -999 -999 -999 
P1723 2026 3 0 0 0 0 0 0 0 0 0 0 0 3 0 0 0 0 0 0 11 22 65 159 71 0 4 0 0 0 3 0 0 
P1723 2026 4 0 3 3 0 18 0 0 67 80 97 123 0 59 34 19 0 0 0 5 0 0 0 0 0 0 0 58 55 0 84 -999 
P1723 2026 5 40 0 0 0 0 0 8 0 0 0 0 0 0 0 0 0 0 28 0 0 0 0 0 0 0 42 0 22 0 0 0 
P1723 2026 6 0 0 0 0 0 0 0 0 30 4 0 0 13 0 0 0 0 0 0 0 0 0 0 0 0 0 0 0 0 0 -999 
P1723 2026 7 0 13 0 0 0 0 0 0 24 0 0 0 0 0 0 0 0 0 0 0 0 0 0 0 0 0 0 0 0 0 0 
P1723 2026 8 0 0 0 0 0 0 0 0 11 0 0 0 0 0 0 0 0 0 0 21 0 0 0 0 0 0 0 0 0 0 0 
P1723 2026 9 0 0 0 0 0 0 0 0 0 0 0 0 0 21 8 0 0 0 0 0 0 16 0 0 9 20 0 10 0 0 -999 
P1723 2026 10 0 0 0 0 0 0 0 0 13 0 0 50 22 0 0 73 0 0 0 0 0 0 0 17 32 0 4 0 0 65 127 
P1723 2026 11 44 0 0 8 8 0 16 0 30 85 91 22 12 18 0 0 0 8 0 25 0 0 0 0 0 0 0 0 0 0 -999 
P1723 2026 12 0 0 0 0 37 0 0 0 84 0 0 0 13 0 55 52 93 108 57 47 12 0 0 0 0 0 0 21 0 27 0 
P1723 2027 1 0 0 129 86 97 77 106 82 46 39 0 0 0 0 0 21 8 5 0 0 0 0 0 0 0 0 0 17 0 4 0 
P1723 2027 2 10 0 0 0 0 0 8 9 0 0 0 34 59 157 90 261 79 0 68 0 8 41 67 40 59 48 30 43 -999 -999 -999 
P1723 2027 3 95 45 31 58 70 66 68 0 0 0 0 0 0 0 0 41 0 26 46 22 18 0 24 0 0 45 0 94 0 0 28 
P1723 2027 4 0 58 45 87 0 0 38 0 0 20 0 0 0 0 0 106 106 117 48 54 100 31 35 30 40 14 0 0 0 0 -999 
P1723 2027 5 27 0 34 0 36 10 0 0 0 0 0 0 0 0 0 0 17 0 0 0 0 0 0 0 49 43 0 9 9 0 23 
P1723 2027 6 0 10 18 0 0 0 0 0 0 0 0 0 0 0 0 0 0 0 0 0 0 3 0 0 0 0 0 0 0 0 -999 
P1723 2027 7 0 0 0 0 0 0 0 5 0 16 0 0 0 0 0 0 0 0 0 0 0 0 0 0 0 0 0 0 0 0 0 
P1723 2027 8 0 0 0 0 0 0 0 0 0 0 0 0 0 0 0 0 0 0 0 0 0 0 0 0 0 0 0 0 0 0 0 
P1723 2027 9 0 0 0 0 0 0 0 0 0 3 7 0 0 0 0 0 0 0 0 0 0 0 0 0 0 0 0 0 0 0 -999 
P1723 2027 10 0 0 0 0 1 0 0 0 0 0 0 0 0 5 0 0 0 0 0 0 44 42 0 0 0 0 15 0 18 9 0 
P1723 2027 11 15 0 212 90 9 28 0 0 0 0 0 25 0 0 47 9 7 0 4 0 0 34 110 103 80 42 79 58 177 0 -999 
P1723 2027 12 44 91 58 6 22 156 195 102 38 79 0 37 0 35 42 0 0 0 10 26 32 0 0 0 0 0 0 0 12 12 0 
P1723 2028 1 34 58 24 0 0 0 0 39 119 96 22 50 120 188 137 12 0 0 0 0 0 0 0 0 7 0 0 0 0 0 0 
P1723 2028 2 0 0 0 0 0 0 0 0 0 0 0 0 0 0 0 0 0 0 4 0 14 20 0 0 0 63 74 0 -999 -999 -999 
P1723 2028 3 61 62 0 0 0 0 0 0 0 0 0 0 0 0 15 26 0 13 0 0 0 17 0 0 0 0 0 0 0 0 0 
P1723 2028 4 10 0 19 0 0 21 0 67 33 30 0 0 0 0 0 0 3 0 0 0 0 22 0 6 0 0 0 20 44 0 -999 
P1723 2028 5 15 29 0 0 0 0 0 0 0 0 10 0 0 0 1 0 0 0 0 0 0 0 0 22 0 6 0 0 0 0 0 
P1723 2028 6 0 25 0 0 0 0 0 0 0 0 0 0 0 0 0 0 0 0 5 0 0 0 0 0 0 0 0 12 0 0 -999 
P1723 2028 7 0 0 0 0 0 18 0 0 17 0 0 0 0 15 13 0 0 0 0 0 0 0 0 0 0 0 0 0 0 0 0 
P1723 2028 8 0 0 0 0 0 0 0 0 0 0 0 33 0 0 0 0 0 0 0 0 0 0 0 0 0 0 0 0 0 0 0 
P1723 2028 9 20 0 23 26 0 0 0 7 0 0 0 0 0 0 0 0 15 12 0 5 0 0 0 0 8 0 0 0 13 0 -999 
P1723 2028 10 0 0 0 0 15 0 0 0 0 0 23 0 0 0 0 7 0 14 40 0 22 7 0 0 0 0 12 0 0 33 66 
P1723 2028 11 61 0 0 0 0 0 67 29 32 41 17 0 0 0 0 35 8 0 0 0 0 0 0 0 0 0 0 0 0 0 -999 
P1723 2028 12 0 0 0 0 39 45 0 0 0 0 0 0 0 0 0 2 0 0 28 41 0 11 66 45 0 17 0 13 0 13 3 
P1723 2029 1 0 40 68 4 0 86 213 49 0 5 6 0 0 0 0 75 22 0 0 0 0 0 0 0 0 145 160 40 0 0 0 
P1723 2029 2 0 0 0 4 0 0 0 0 0 13 0 0 0 0 0 0 0 0 0 0 31 30 0 0 0 0 62 0 -999 -999 -999 
P1723 2029 3 0 0 0 0 0 0 0 0 0 0 0 0 0 0 0 0 0 0 0 24 20 20 45 32 0 1 0 4 0 0 0 
P1723 2029 4 5 0 0 0 8 0 0 0 0 0 0 0 36 0 0 2 0 0 0 15 0 0 0 0 0 5 0 1 0 0 -999 
P1723 2029 5 0 0 92 45 0 0 0 0 0 0 0 0 0 0 0 0 0 0 0 0 0 0 0 15 0 0 0 0 0 0 3 
P1723 2029 6 0 0 0 27 0 0 0 0 0 0 0 0 0 0 0 0 0 0 0 0 0 0 0 17 0 0 0 0 0 0 -999 
P1723 2029 7 0 0 0 14 0 0 0 0 0 0 0 0 0 0 0 0 0 0 0 0 0 0 0 0 0 0 0 0 0 0 0 
P1723 2029 8 0 0 0 0 0 0 0 0 0 0 0 0 0 0 15 23 0 0 0 0 0 0 0 0 0 0 0 0 0 0 0 
P1723 2029 9 0 0 22 0 0 0 0 0 0 0 0 0 0 0 0 11 0 0 0 0 11 0 0 50 0 0 0 60 63 72 -999 
P1723 2029 10 0 16 0 5 0 0 0 0 0 0 0 2 0 0 47 0 0 0 0 0 0 0 7 18 0 18 0 10 0 11 27 
P1723 2029 11 0 0 0 100 43 75 0 0 166 42 0 0 0 0 0 0 0 0 0 0 2 0 21 0 6 15 37 46 150 44 -999 
P1723 2029 12 0 0 14 0 11 0 0 0 0 0 0 0 0 0 0 0 0 12 0 8 0 0 5 0 0 0 0 0 8 0 173 
P1723 2030 1 97 28 0 0 0 0 73 17 30 0 15 40 11 8 0 0 0 0 0 0 0 0 0 0 0 17 13 32 133 161 125 
P1723 2030 2 245 172 78 0 23 75 109 80 84 112 0 48 0 0 106 53 0 0 0 0 15 0 18 22 0 0 0 0 -999 -999 -999 
P1723 2030 3 14 0 0 67 0 71 0 33 18 47 63 0 0 0 0 0 0 0 0 0 0 0 14 0 0 0 0 0 0 0 1 
P1723 2030 4 0 0 0 0 21 0 0 0 5 0 0 0 0 0 75 84 158 230 0 28 40 68 31 23 0 52 25 21 1 0 -999 
P1723 2030 5 1 0 0 0 0 0 0 0 0 0 0 0 0 34 54 40 24 0 22 0 0 0 0 0 0 0 0 0 0 0 0 
P1723 2030 6 34 0 0 23 0 30 35 0 23 41 0 0 0 0 15 0 0 0 0 0 44 0 0 0 0 0 0 0 0 0 -999 
P1723 2030 7 0 0 0 0 0 0 0 0 0 0 0 0 0 0 0 0 0 0 17 0 0 0 0 0 0 0 0 0 0 0 0 
P1723 2030 8 0 0 0 0 0 0 0 0 0 0 0 0 0 0 0 0 0 16 0 0 0 0 0 0 0 0 0 0 0 0 0 
P1723 2030 9 0 0 0 0 0 8 0 0 0 0 0 0 0 0 5 0 0 11 0 0 0 0 13 7 0 0 0 0 0 0 -999 
P1723 2030 10 0 0 0 0 0 0 0 0 32 53 95 0 23 0 0 0 0 0 0 0 0 0 0 0 0 0 0 0 24 0 0 
P1723 2030 11 0 26 62 84 0 109 38 18 0 0 0 0 27 0 0 31 53 0 23 5 1 0 8 0 0 0 0 13 32 136 -999 
P1723 2030 12 141 46 59 39 86 86 42 42 49 16 62 67 25 0 58 0 0 0 0 0 0 4 0 0 12 9 0 0 0 0 0 
P1723 2031 1 0 0 0 0 0 0 21 8 0 0 4 0 46 112 50 0 0 16 43 8 0 42 0 0 0 44 0 0 41 60 49 
P1723 2031 2 0 0 0 20 12 0 0 0 0 55 0 17 0 0 0 0 10 52 0 0 14 0 9 0 0 0 0 31 -999 -999 -999 
P1723 2031 3 23 47 38 0 31 0 0 16 26 33 53 0 55 101 0 38 55 53 0 0 0 0 72 38 29 70 0 44 32 28 40 
P1723 2031 4 41 36 36 47 96 118 20 0 3 0 1 0 25 0 0 0 0 0 12 0 0 0 0 26 27 31 0 32 0 0 -999 
P1723 2031 5 0 15 0 0 0 0 26 30 0 0 9 9 0 0 17 0 0 0 0 0 0 0 0 0 0 0 0 0 0 0 0 
P1723 2031 6 0 0 0 0 0 0 0 0 0 0 0 0 0 0 0 0 0 0 0 30 0 0 0 0 0 0 0 0 5 0 -999 
P1723 2031 7 0 0 0 0 0 0 0 0 0 0 0 0 0 0 0 0 0 0 0 0 0 0 0 0 0 0 0 0 0 0 4 
P1723 2031 8 10 0 0 0 0 0 0 0 0 0 0 0 0 0 0 0 0 0 0 22 16 0 0 0 0 0 0 0 0 0 0 
P1723 2031 9 0 0 0 0 0 0 0 0 0 0 0 43 10 0 0 0 0 11 26 0 0 0 0 0 0 0 0 36 33 0 -999 
P1723 2031 10 0 5 0 0 0 0 0 0 0 0 43 0 32 0 71 62 21 11 0 0 30 26 36 53 45 15 30 73 27 31 103 
P1723 2031 11 79 52 0 22 0 0 3 0 9 0 0 0 71 0 54 0 0 0 19 0 0 0 0 6 0 0 35 56 28 32 -999 
P1723 2031 12 0 114 191 0 45 33 0 7 0 0 0 0 0 10 0 0 0 1 0 0 1 2 0 26 19 15 17 0 11 32 67 
P1723 2032 1 139 196 0 0 62 159 38 182 186 6 4 0 0 0 0 2 0 0 85 11 0 0 0 0 0 0 22 9 25 53 27 
P1723 2032 2 110 106 0 0 64 0 0 24 0 0 0 0 0 0 0 0 0 0 0 0 0 0 0 0 33 0 17 0 -999 -999 -999 
P1723 2032 3 9 0 0 0 0 0 42 31 7 0 0 0 0 0 0 0 0 0 0 0 0 0 0 0 36 27 23 0 0 0 23 
P1723 2032 4 0 0 76 137 93 0 54 26 23 14 0 27 15 0 19 0 0 36 28 0 123 156 149 42 40 4 0 0 55 31 -999 
P1723 2032 5 23 14 0 0 0 0 51 0 0 0 17 21 0 0 15 12 0 36 16 0 19 1 0 0 0 0 0 0 0 0 0 
P1723 2032 6 0 18 0 0 0 0 0 8 0 0 0 0 0 0 0 0 0 0 0 0 0 0 0 0 0 0 0 0 0 24 -999 
P1723 2032 7 0 0 0 0 11 14 0 0 0 0 0 0 0 0 0 3 0 0 0 0 0 0 0 0 0 0 0 0 0 0 0 
P1723 2032 8 0 0 0 0 0 0 0 3 0 0 0 0 0 0 0 0 0 0 21 0 0 0 17 0 10 0 0 0 9 0 0 
P1723 2032 9 0 0 0 0 0 0 0 0 12 0 7 0 0 0 0 0 0 0 0 0 0 0 0 0 0 0 0 0 17 0 -999 
P1723 2032 10 0 0 0 9 0 0 0 0 0 0 0 0 0 0 45 0 0 34 81 86 97 89 0 0 0 6 4 0 0 0 0 
P1723 2032 11 0 0 0 61 99 63 66 54 22 0 6 0 73 5 0 29 25 0 76 87 52 21 51 82 0 61 44 67 20 0 -999 
P1723 2032 12 0 0 0 10 0 32 15 0 70 111 90 23 0 0 0 0 0 0 0 0 0 0 0 0 0 7 12 0 0 5 128 
P1723 2033 1 51 26 0 0 5 0 14 0 8 0 0 0 0 0 0 3 0 0 0 0 0 0 0 0 0 9 18 14 0 0 0 
P1723 2033 2 0 0 0 0 0 0 11 22 0 18 0 0 24 27 74 165 227 106 100 176 214 173 0 54 85 0 0 17 -999 -999 -999 
P1723 2033 3 0 11 0 5 0 0 0 0 14 0 0 21 0 0 32 7 18 33 83 110 73 49 67 74 74 6 0 0 28 0 40 
P1723 2033 4 183 16 0 0 37 31 0 0 18 15 7 0 0 0 0 0 0 0 70 60 30 16 18 39 59 0 0 0 0 0 -999 
P1723 2033 5 0 0 0 0 0 0 0 0 0 0 0 0 0 0 0 0 0 0 0 0 0 16 0 0 14 0 0 7 0 0 0 
P1723 2033 6 0 0 0 19 0 0 0 0 0 0 0 12 0 0 0 0 0 0 0 0 0 0 0 0 0 0 0 0 0 0 -999 
P1723 2033 7 0 0 0 0 0 0 0 0 0 0 0 0 0 0 0 0 0 0 25 0 0 0 0 8 0 0 0 0 0 0 0 
P1723 2033 8 0 0 0 0 0 0 0 0 0 0 0 0 0 0 0 0 0 0 0 0 0 0 5 8 0 0 0 0 0 0 0 
P1723 2033 9 0 3 0 0 0 0 0 0 0 17 0 0 0 0 0 0 0 0 8 0 0 0 0 0 8 0 6 0 0 0 -999 
P1723 2033 10 0 0 0 33 0 0 0 0 0 0 7 0 0 0 0 68 0 0 134 0 12 0 0 0 0 0 0 5 0 48 70 
P1723 2033 11 47 0 123 150 33 130 108 74 0 13 0 0 10 23 135 63 2 14 0 0 0 0 0 0 9 0 0 1 14 20 -999 
P1723 2033 12 0 60 113 79 23 44 65 37 0 0 0 17 0 0 0 0 0 0 0 0 0 0 0 22 0 6 0 11 0 9 12 
P1723 2034 1 0 0 0 0 0 0 0 0 0 0 0 0 0 6 0 0 0 0 0 9 0 0 36 104 111 154 83 9 0 0 0 
P1723 2034 2 0 0 0 0 0 0 44 0 77 0 55 13 2 0 0 2 0 77 218 46 0 0 89 0 12 18 0 0 -999 -999 -999 
P1723 2034 3 0 0 0 0 0 0 19 0 15 0 36 29 0 0 0 0 0 0 0 0 0 0 15 4 0 18 32 0 0 43 16 
P1723 2034 4 0 34 0 128 172 0 6 26 0 43 48 0 0 0 53 35 0 0 0 0 70 98 83 30 0 8 0 0 0 0 -999 
P1723 2034 5 0 2 0 0 4 0 0 0 0 0 0 7 0 0 0 0 0 5 0 0 31 16 0 22 0 0 0 45 38 0 18 
P1723 2034 6 37 0 0 0 0 13 15 16 0 0 0 0 0 0 0 0 0 0 0 20 0 9 9 0 4 0 0 0 0 0 -999 
P1723 2034 7 0 0 0 0 0 0 0 0 0 0 0 0 0 0 8 0 0 0 0 0 0 0 0 0 0 0 0 0 0 0 0 
P1723 2034 8 0 0 0 0 0 0 0 0 0 0 0 0 0 0 0 0 0 0 0 0 0 0 0 0 0 0 0 0 0 0 0 
P1723 2034 9 0 0 3 0 0 0 0 10 0 0 0 0 0 9 0 0 0 0 0 0 0 0 0 0 0 0 0 0 0 0 -999 
P1723 2034 10 0 0 0 0 0 0 0 0 0 0 0 13 0 0 27 24 0 0 0 9 0 0 23 0 5 0 0 12 0 9 0 
P1723 2034 11 4 0 19 28 41 0 0 0 0 0 0 0 0 0 0 0 0 0 0 11 0 0 0 0 0 19 0 0 19 0 -999 
P1723 2034 12 11 20 17 0 0 0 0 0 0 0 7 0 0 0 0 0 20 0 10 0 19 0 59 127 134 155 88 13 38 80 40 
P1723 2035 1 0 60 79 75 52 79 0 36 38 7 0 0 0 0 0 0 1 0 4 0 4 1 0 2 4 12 22 28 22 0 0 
P1723 2035 2 0 0 14 0 16 0 0 0 0 0 18 0 16 0 4 0 0 0 0 46 0 0 104 80 0 46 82 24 -999 -999 -999 
P1723 2035 3 0 49 0 0 0 0 0 0 33 0 0 0 0 0 4 0 0 7 5 0 0 1 0 0 16 0 25 99 88 0 0 
P1723 2035 4 0 0 0 44 55 75 42 74 0 18 25 25 19 0 37 0 0 0 0 58 0 48 79 0 0 0 11 0 42 40 -999 
P1723 2035 5 0 26 0 6 0 27 44 0 0 0 0 5 0 0 0 0 0 0 0 0 0 0 0 0 0 0 0 0 0 0 0 
P1723 2035 6 0 0 0 27 0 0 0 0 0 0 0 0 0 0 0 0 0 0 0 0 0 0 0 0 0 0 0 0 0 0 -999 
P1723 2035 7 0 0 0 0 0 0 0 51 28 0 0 0 0 0 0 0 0 0 0 0 0 0 0 0 0 0 0 0 0 0 0 
P1723 2035 8 0 0 0 0 0 0 0 0 0 0 0 0 13 0 0 0 13 0 0 0 0 0 0 0 0 0 0 0 0 33 0 
P1723 2035 9 0 0 0 0 0 0 0 0 0 10 23 0 0 0 0 0 0 0 0 0 0 0 0 0 10 0 0 16 0 24 -999 
P1723 2035 10 0 0 0 0 0 0 0 0 0 0 0 46 0 29 77 0 0 14 0 83 143 0 46 0 8 14 14 7 6 0 12 
P1723 2035 11 9 0 52 0 0 0 0 0 0 0 0 0 0 0 0 0 0 0 0 0 9 0 0 0 0 0 0 0 0 0 -999 
P1723 2035 12 0 0 0 0 0 0 0 16 0 0 17 10 14 36 37 52 40 77 33 19 21 14 25 44 30 24 24 0 16 59 113 
P1723 2036 1 167 61 0 0 105 114 62 68 42 124 0 0 57 0 0 0 64 0 0 58 26 15 0 0 0 0 0 10 0 0 0 
P1723 2036 2 0 0 74 0 0 0 0 0 0 0 0 0 0 0 0 0 0 15 31 0 0 9 0 20 0 6 3 29 -999 -999 -999 
P1723 2036 3 102 58 0 40 18 0 0 0 0 16 5 16 11 46 52 0 23 33 56 0 0 0 0 0 0 110 81 49 31 21 0 
P1723 2036 4 182 7 10 42 0 0 0 0 0 28 38 49 12 0 0 0 0 0 0 0 0 0 0 0 55 0 0 0 0 0 -999 
P1723 2036 5 0 0 0 18 0 0 0 0 0 17 0 0 0 9 0 0 46 43 64 0 0 83 27 10 0 0 0 0 0 0 0 
P1723 2036 6 0 0 0 0 0 0 0 0 14 0 0 23 29 0 0 0 0 0 0 0 0 0 0 0 0 0 0 0 0 0 -999 
P1723 2036 7 0 0 19 15 4 0 0 0 0 0 0 0 0 0 9 0 0 0 0 0 0 0 0 0 0 0 0 0 0 0 0 
P1723 2036 8 0 0 0 0 0 0 0 0 0 0 0 0 0 0 0 0 0 0 0 5 0 0 0 0 0 0 0 0 0 5 0 
P1723 2036 9 0 0 0 0 0 0 0 0 0 0 0 0 5 3 0 0 0 0 0 0 0 0 0 0 0 0 0 0 0 0 -999 
P1723 2036 10 0 0 0 0 21 73 0 0 35 56 9 0 0 86 47 15 8 0 0 0 0 0 0 8 22 10 0 0 0 0 0 
P1723 2036 11 0 0 0 0 0 76 120 45 25 24 13 0 9 9 0 0 0 0 0 0 0 0 0 0 0 22 0 0 0 7 -999 
P1723 2036 12 0 0 0 0 6 0 0 0 0 0 16 44 42 25 12 10 0 0 0 11 0 0 13 9 0 22 65 0 0 200 135 
P1723 2037 1 51 49 37 20 27 66 13 32 39 0 0 0 0 0 57 159 99 73 73 0 0 5 10 0 0 0 0 0 11 4 0 
P1723 2037 2 0 0 0 0 0 0 24 0 0 0 29 0 0 0 0 0 20 52 0 0 22 12 14 0 0 0 20 10 -999 -999 -999 
P1723 2037 3 13 0 45 0 65 42 119 0 58 17 0 0 0 0 0 0 0 18 0 27 0 119 0 102 74 152 94 40 38 9 0 
P1723 2037 4 0 0 0 0 5 21 0 0 0 0 6 0 0 72 0 0 0 0 0 0 0 21 50 56 55 42 0 33 24 9 -999 
P1723 2037 5 0 0 0 25 0 111 92 0 0 0 4 0 0 0 0 0 0 0 0 0 0 0 0 0 0 0 0 0 0 0 0 
P1723 2037 6 0 0 0 0 0 0 16 0 0 0 0 0 0 0 0 0 0 0 13 0 0 0 0 0 0 0 0 0 0 0 -999 
P1723 2037 7 0 0 0 0 0 0 0 0 0 0 18 0 0 0 0 0 0 0 0 0 0 0 0 0 0 9 0 0 0 0 0 
P1723 2037 8 0 0 0 0 0 0 0 0 0 0 0 0 0 0 0 0 0 0 0 0 0 0 0 0 0 0 0 0 0 0 0 
P1723 2037 9 0 0 0 0 0 0 0 0 0 0 0 0 0 0 0 0 0 0 0 0 0 0 0 0 0 0 19 0 0 0 -999 
P1723 2037 10 0 0 0 0 0 33 17 0 0 0 0 0 0 0 0 0 0 0 0 0 0 0 0 0 0 0 0 0 0 0 0 
P1723 2037 11 50 40 0 0 0 0 13 0 0 0 0 0 0 0 0 67 36 0 0 0 0 0 20 0 44 0 35 26 0 39 -999 
P1723 2037 12 31 0 150 138 143 160 103 0 0 0 0 58 13 11 0 0 0 0 0 35 0 0 20 0 0 0 0 0 0 0 0 
P1723 2038 1 0 0 0 0 0 0 0 16 38 22 74 165 69 20 25 42 19 0 10 22 29 10 0 4 0 0 0 11 0 32 52 
P1723 2038 2 0 16 0 0 37 35 0 0 0 0 0 0 0 0 0 0 0 0 0 0 0 10 0 0 50 38 0 0 -999 -999 -999 
P1723 2038 3 0 0 22 66 28 28 25 0 0 0 0 35 0 39 0 0 77 0 0 0 38 54 68 47 0 77 54 0 0 0 0 
P1723 2038 4 0 72 46 45 0 0 0 0 19 9 0 0 0 0 0 0 17 0 0 0 18 0 8 0 8 0 0 0 10 0 -999 
P1723 2038 5 0 0 0 0 0 0 0 0 0 0 0 0 0 16 0 0 0 0 9 0 0 0 0 0 0 0 0 0 0 0 0 
P1723 2038 6 0 0 0 0 0 0 0 0 0 0 20 0 0 0 0 0 0 0 0 0 0 4 0 0 0 0 0 0 0 10 -999 
P1723 2038 7 0 14 0 0 0 0 0 0 0 0 0 0 0 0 6 0 0 0 0 0 0 0 0 0 0 0 0 0 0 0 0 
P1723 2038 8 0 0 0 0 0 0 0 0 0 0 0 0 0 0 0 0 0 10 0 0 0 0 0 11 0 0 0 0 0 0 0 
P1723 2038 9 0 16 0 0 0 0 0 0 0 0 0 0 0 0 0 0 0 0 0 0 0 0 0 0 31 0 23 0 0 0 -999 
P1723 2038 10 0 0 0 0 0 0 0 0 0 0 0 0 14 0 0 0 0 50 0 45 0 0 0 0 83 0 50 0 19 0 0 
P1723 2038 11 0 0 0 33 97 76 40 22 10 0 0 121 24 18 38 47 0 0 57 0 0 0 0 32 0 15 78 84 93 27 -999 
P1723 2038 12 16 0 0 0 0 18 0 0 36 0 0 0 0 0 6 4 0 0 0 0 0 0 0 0 52 27 36 0 0 0 14 
P1723 2039 1 0 32 81 72 144 24 15 0 0 0 0 126 119 27 44 98 120 49 126 116 52 28 22 50 117 162 280 0 13 6 18 
P1723 2039 2 0 0 9 0 1 0 0 0 0 10 7 0 0 8 18 8 0 0 3 0 49 75 81 45 0 115 64 0 -999 -999 -999 
P1723 2039 3 20 0 0 0 19 22 0 4 0 50 30 0 56 0 0 0 43 0 98 98 65 24 0 0 10 29 0 0 0 0 1 
P1723 2039 4 0 0 0 0 0 13 0 0 0 0 0 0 0 3 0 0 0 0 0 0 5 0 0 0 0 0 0 0 0 0 -999 
P1723 2039 5 39 0 0 25 0 0 0 0 28 0 0 16 0 14 18 22 0 0 8 0 0 0 0 17 0 29 30 37 0 22 0 
P1723 2039 6 0 0 18 0 0 0 18 0 60 0 7 0 6 0 0 0 0 44 0 0 0 0 0 0 0 0 0 0 0 0 -999 
P1723 2039 7 14 0 0 0 0 0 7 0 0 0 0 0 0 0 0 0 0 4 0 0 0 0 0 0 0 0 0 5 0 0 0 
P1723 2039 8 0 0 0 0 0 0 0 0 0 0 0 0 0 0 0 0 0 0 13 0 0 0 0 0 0 0 0 0 0 0 0 
P1723 2039 9 0 0 0 0 0 0 0 22 29 15 0 0 0 0 0 0 0 0 0 0 0 0 0 0 0 0 0 0 0 0 -999 
P1723 2039 10 0 0 0 0 0 0 0 0 0 40 0 8 0 0 0 0 8 0 54 0 0 49 0 0 54 0 13 53 0 0 31 
P1723 2039 11 0 0 0 0 0 0 0 0 0 12 0 0 0 0 11 38 0 0 0 40 40 15 0 0 0 0 0 73 72 47 -999 
P1723 2039 12 37 0 0 0 0 0 0 0 0 0 0 13 26 0 0 30 96 235 44 23 0 0 0 0 0 43 49 0 0 0 0 
P1723 2040 1 0 0 0 1 0 0 0 0 0 0 0 5 0 0 0 0 0 10 21 92 0 0 0 15 0 0 0 0 0 38 147 
P1723 2040 2 37 24 102 99 72 6 0 0 0 0 67 38 0 171 194 92 90 138 136 66 0 57 112 102 0 46 37 85 -999 -999 -999 
P1723 2040 3 0 0 0 70 0 0 0 25 33 0 0 0 0 0 0 16 0 0 15 0 0 0 0 0 0 0 0 0 0 0 26 
P1723 2040 4 0 0 23 0 56 0 0 0 0 0 0 0 0 25 44 14 0 0 0 0 0 0 2 0 0 24 14 0 0 0 -999 
P1723 2040 5 0 0 0 0 0 0 0 0 0 0 0 0 0 0 0 0 0 0 0 0 0 0 0 35 43 0 0 0 0 0 0 
P1723 2040 6 0 0 0 0 21 0 0 0 8 15 0 0 28 0 0 0 0 0 0 0 0 0 0 0 0 5 0 0 0 0 -999 
P1723 2040 7 0 12 0 0 0 0 0 0 0 0 0 0 0 0 0 0 0 0 15 0 0 0 0 0 0 18 0 0 0 0 0 
P1723 2040 8 0 0 0 0 0 0 0 0 0 0 0 0 0 0 0 0 0 0 0 0 0 0 0 0 10 0 6 15 0 0 0 
P1723 2040 9 0 0 0 0 0 0 0 0 0 0 0 0 0 0 0 63 0 0 0 0 0 0 0 0 0 0 0 0 0 0 -999 
P1723 2040 10 0 0 9 0 45 0 0 82 0 0 15 0 25 12 0 0 124 143 0 3 0 0 22 33 21 0 0 0 0 0 0 
P1723 2040 11 0 0 0 0 0 0 19 0 0 0 0 0 0 0 65 100 65 17 0 0 0 0 0 34 18 0 0 20 23 29 -999 
P1723 2040 12 0 0 0 0 0 0 0 17 0 0 6 0 0 1 0 0 0 0 0 0 5 0 0 0 0 0 6 0 5 6 7 
P1723 2041 1 0 0 0 44 0 0 0 12 10 21 48 0 2 0 21 66 0 0 0 0 0 0 0 65 0 31 214 32 24 123 39 
P1723 2041 2 0 14 11 6 0 0 0 0 51 69 0 0 30 0 97 109 21 0 0 17 27 0 0 0 0 0 0 0 -999 -999 -999 
P1723 2041 3 0 0 0 0 0 21 28 22 42 0 0 0 0 0 0 0 0 0 0 0 0 0 0 0 0 4 4 0 0 14 0 
P1723 2041 4 0 0 28 22 0 0 0 0 0 0 16 0 22 12 18 0 1 0 1 0 7 0 0 0 0 0 0 0 0 0 -999 
P1723 2041 5 0 0 9 0 49 0 0 0 0 0 30 25 0 0 4 0 0 0 28 10 2 0 0 8 0 0 0 0 0 0 0 
P1723 2041 6 0 0 0 0 0 8 0 0 0 0 0 0 0 0 0 0 0 0 15 0 0 4 0 0 0 0 0 0 0 0 -999 
P1723 2041 7 0 0 0 0 0 0 0 0 0 0 0 22 0 0 0 0 0 0 0 0 0 0 0 0 0 0 0 0 0 0 0 
P1723 2041 8 0 0 0 0 0 0 0 0 0 0 0 0 0 0 0 0 0 0 0 0 0 0 0 0 0 0 0 0 0 0 0 
P1723 2041 9 0 0 0 0 0 0 0 0 12 0 0 0 0 0 0 0 0 18 0 0 0 0 0 0 0 0 0 0 0 0 -999 
P1723 2041 10 0 0 0 0 2 0 0 0 0 0 0 0 0 0 0 0 0 0 0 0 0 0 45 0 0 7 0 16 0 0 29 
P1723 2041 11 62 90 21 0 0 0 0 0 0 0 0 0 0 0 0 11 0 0 0 9 18 6 0 0 0 0 0 0 19 24 -999 
P1723 2041 12 78 0 158 0 15 0 0 0 32 5 0 0 0 0 0 0 0 0 11 0 41 0 7 4 0 0 9 45 0 59 40 
P1723 2042 1 46 82 118 105 42 0 0 0 18 65 0 0 0 0 0 0 0 34 66 5 0 0 0 0 67 74 134 59 0 0 0 
P1723 2042 2 0 0 0 0 0 0 0 0 0 0 0 14 0 0 0 0 0 0 0 0 0 0 0 19 0 0 0 0 -999 -999 -999 
P1723 2042 3 0 0 0 0 0 0 1 0 0 14 0 0 0 0 0 0 0 28 0 21 48 51 0 69 65 38 0 33 0 4 0 
P1723 2042 4 0 0 2 0 3 13 0 0 0 0 0 0 0 0 0 0 56 33 11 0 0 0 47 0 0 0 0 0 17 0 -999 
P1723 2042 5 38 75 123 67 0 44 33 0 27 64 41 51 78 0 0 0 0 0 0 0 3 0 0 4 0 0 0 0 0 0 0 
P1723 2042 6 0 0 20 0 43 32 0 36 0 0 0 0 0 0 0 0 0 0 20 26 0 0 0 0 0 0 0 0 0 0 -999 
P1723 2042 7 0 0 0 0 0 0 0 0 0 0 0 0 0 0 0 0 0 0 0 0 0 0 0 0 0 0 0 0 0 0 0 
P1723 2042 8 0 0 0 0 0 0 0 0 0 0 0 0 0 0 0 0 0 0 0 0 0 0 0 0 0 0 0 0 0 0 0 
P1723 2042 9 0 0 0 0 0 0 0 0 0 0 0 0 0 0 0 0 0 29 0 0 0 0 0 0 0 0 0 0 0 0 -999 
P1723 2042 10 0 0 0 0 0 0 0 0 12 2 0 0 0 0 0 0 0 0 0 0 0 0 0 0 0 0 0 0 0 0 0 
P1723 2042 11 0 0 0 0 30 0 0 16 30 21 32 75 0 0 0 0 0 0 0 0 0 26 0 0 0 43 19 15 0 0 -999 
P1723 2042 12 0 14 8 29 144 0 30 18 0 21 96 99 43 0 0 0 7 0 46 38 0 21 13 0 0 0 0 39 118 181 67 
P1723 2043 1 0 0 0 0 0 0 0 0 0 11 23 48 0 0 67 50 72 38 5 1 0 0 0 0 0 0 0 0 0 0 0 
P1723 2043 2 0 0 0 0 0 0 1 0 0 81 26 10 0 0 96 62 5 0 0 0 0 0 0 9 0 13 16 0 -999 -999 -999 
P1723 2043 3 17 12 0 0 0 3 6 5 4 14 51 54 62 109 54 95 100 0 74 49 23 64 85 82 45 0 0 24 96 97 43 
P1723 2043 4 105 98 90 0 0 38 0 31 40 33 0 23 0 15 6 0 0 0 0 0 0 47 31 0 0 0 0 60 81 21 -999 
P1723 2043 5 23 0 0 0 0 0 0 0 15 0 30 0 0 28 33 47 87 63 61 73 27 0 0 0 0 0 0 0 0 20 0 
P1723 2043 6 0 0 26 0 0 0 0 0 0 0 0 0 5 0 0 0 0 0 0 0 0 0 0 0 0 0 0 0 0 0 -999 
P1723 2043 7 0 0 0 2 0 0 0 0 0 4 0 0 2 0 0 0 0 0 0 0 0 0 11 0 0 0 0 0 9 0 0 
P1723 2043 8 0 0 0 0 0 0 0 0 0 0 0 0 0 0 0 0 0 0 0 0 0 0 0 0 0 0 0 12 0 0 0 
P1723 2043 9 11 0 0 0 0 0 0 0 0 0 0 0 0 0 0 0 0 0 0 0 0 0 17 0 0 0 0 0 0 0 -999 
P1723 2043 10 0 0 0 0 0 0 0 0 0 0 14 28 29 22 0 0 0 0 0 0 0 0 0 0 0 0 2 0 0 0 0 
P1723 2043 11 0 0 14 29 284 56 7 0 0 0 0 0 0 0 0 0 0 0 54 30 93 76 0 0 84 103 108 25 0 11 -999 
P1723 2043 12 0 1 0 73 65 45 0 0 0 0 0 0 0 0 0 0 0 16 0 19 0 2 0 0 0 0 0 0 1 0 0 
P1723 2044 1 0 0 0 0 0 0 9 16 14 0 91 40 0 25 14 0 37 158 0 37 50 0 0 59 109 107 39 0 9 0 0 
P1723 2044 2 35 15 30 69 20 5 0 0 0 0 0 0 0 0 0 19 25 0 0 0 0 0 0 0 0 0 12 0 -999 -999 -999 
P1723 2044 3 0 0 0 0 0 0 0 0 0 0 0 4 2 0 0 0 0 0 0 0 0 0 0 0 0 0 35 0 28 24 24 
P1723 2044 4 39 58 58 38 0 0 0 0 56 0 0 0 9 0 0 0 29 0 0 3 0 0 0 0 0 0 14 22 26 22 -999 
P1723 2044 5 0 5 19 0 25 0 68 49 36 70 0 58 42 25 21 11 16 10 10 0 0 0 21 17 5 0 0 0 0 0 0 
P1723 2044 6 0 8 0 0 3 4 0 0 0 0 0 11 0 0 0 0 0 18 0 18 25 35 0 0 0 19 0 0 0 0 -999 
P1723 2044 7 0 0 0 0 0 0 0 0 0 0 0 0 0 6 10 0 0 0 0 0 0 0 0 0 0 0 0 0 0 0 0 
P1723 2044 8 0 0 16 0 0 0 0 0 0 0 0 6 0 0 0 0 0 0 0 0 0 0 0 0 0 0 0 0 0 0 0 
P1723 2044 9 0 0 0 0 0 0 0 0 0 0 0 0 0 0 0 0 0 0 0 0 0 0 11 0 0 20 0 0 0 0 -999 
P1723 2044 10 0 0 0 0 0 0 0 0 0 14 0 0 4 0 0 0 0 0 0 0 0 0 36 130 98 0 0 0 14 0 0 
P1723 2044 11 0 0 0 0 0 0 10 0 0 44 61 0 104 56 43 0 0 19 0 0 121 28 0 0 12 15 0 12 0 0 -999 
P1723 2044 12 0 0 3 0 0 0 5 0 0 0 0 0 0 0 0 0 27 49 0 0 0 0 53 0 0 65 22 0 0 30 31 
P1723 2045 1 41 44 81 0 85 0 48 101 185 90 68 80 0 12 0 0 0 18 5 8 0 0 0 0 0 0 0 8 0 0 49 
P1723 2045 2 0 27 0 10 19 0 26 2 0 21 72 94 40 6 5 0 0 0 10 0 57 50 23 30 129 261 369 246 -999 -999 -999 
P1723 2045 3 0 0 36 37 13 0 21 54 0 77 0 66 63 68 41 11 29 0 0 0 0 0 0 0 0 0 0 1 0 0 0 
P1723 2045 4 0 0 0 0 0 11 0 0 0 0 17 0 0 45 62 0 8 0 0 0 0 10 0 0 0 0 0 0 0 0 -999 
P1723 2045 5 0 0 0 46 14 0 0 0 0 0 0 0 0 0 0 0 0 0 0 0 34 53 53 48 0 12 20 55 82 49 0 
P1723 2045 6 0 0 8 0 0 0 0 0 0 0 0 0 0 59 35 22 0 0 0 0 0 0 0 0 0 0 0 0 0 0 -999 
P1723 2045 7 0 0 0 0 0 0 0 0 0 0 0 0 0 0 0 0 0 0 0 0 0 0 0 0 0 0 0 0 0 0 0 
P1723 2045 8 0 0 0 0 0 0 0 0 0 0 0 0 0 0 0 0 0 0 0 0 0 8 0 0 0 0 0 0 0 0 0 
P1723 2045 9 0 0 8 0 17 0 0 0 0 0 0 0 0 0 0 0 0 0 0 0 0 0 0 0 0 0 0 0 0 0 -999 
P1723 2045 10 0 0 0 0 0 0 0 21 0 0 10 10 0 0 0 0 0 0 21 28 0 0 0 0 0 0 10 0 0 0 1 
P1723 2045 11 0 20 40 68 27 0 0 0 0 0 0 9 0 0 0 14 0 75 0 0 0 0 0 0 0 16 0 14 0 0 -999 
P1723 2045 12 16 0 0 0 0 0 0 0 0 0 47 0 0 0 0 0 0 2 0 0 6 0 19 89 40 10 0 5 0 0 0 
P1723 2046 1 0 8 0 16 0 0 0 0 12 0 0 3 0 0 7 14 37 163 162 168 83 72 82 75 59 102 65 41 103 83 100 
P1723 2046 2 40 0 15 0 0 0 0 0 0 0 0 32 56 0 52 155 259 178 41 0 7 0 10 17 0 0 44 45 -999 -999 -999 
P1723 2046 3 0 14 0 0 0 0 5 8 0 0 0 0 0 0 0 13 9 0 0 0 0 0 0 0 10 48 0 0 0 0 28 
P1723 2046 4 0 13 0 0 0 0 0 72 87 65 0 22 0 77 80 90 92 0 0 0 0 0 49 50 65 0 34 21 0 25 -999 
P1723 2046 5 21 18 0 0 0 0 0 13 0 0 0 0 0 0 0 0 0 7 20 29 0 23 68 0 88 36 15 0 0 0 24 
P1723 2046 6 0 6 17 39 79 23 0 6 0 0 0 3 0 0 0 0 0 0 0 2 0 0 0 0 0 0 10 0 0 0 -999 
P1723 2046 7 0 0 0 0 0 0 0 0 0 0 0 0 0 0 0 0 0 0 0 0 0 0 0 0 0 0 0 0 0 0 0 
P1723 2046 8 0 0 0 0 0 0 0 0 0 0 0 0 0 0 0 0 0 0 0 0 0 0 0 0 0 0 0 0 0 0 0 
P1723 2046 9 0 0 0 0 17 0 38 0 0 0 0 0 0 0 0 0 0 0 0 0 0 0 0 0 6 0 0 0 0 0 -999 
P1723 2046 10 0 0 0 0 0 7 0 0 0 0 17 0 0 0 0 0 26 21 0 1 5 0 0 0 0 11 8 5 0 0 0 
P1723 2046 11 31 38 99 44 0 7 3 0 0 0 0 0 0 0 0 0 0 0 0 22 0 0 0 0 0 0 0 0 0 0 -999 
P1723 2046 12 0 13 0 0 0 0 0 0 0 0 0 19 0 23 0 22 17 0 0 0 0 0 0 0 0 24 2 0 0 0 0 
P1723 2047 1 26 35 117 75 51 0 13 0 24 35 27 0 0 0 0 34 0 16 5 0 14 0 0 0 0 0 0 32 21 0 29 
P1723 2047 2 48 0 5 0 0 8 0 0 0 0 8 20 0 0 0 0 11 0 0 72 38 37 54 60 66 0 0 0 -999 -999 -999 
P1723 2047 3 0 34 0 14 0 31 0 0 18 35 0 32 59 0 0 0 25 27 0 0 0 0 0 0 7 0 0 7 0 13 26 
P1723 2047 4 27 0 12 4 10 0 0 0 0 0 0 0 18 0 0 10 0 0 0 21 16 0 0 0 31 0 28 29 0 14 -999 
P1723 2047 5 0 0 0 0 0 0 18 0 1 0 5 0 0 66 73 47 0 0 0 0 0 0 31 0 4 0 6 0 0 0 0 
P1723 2047 6 0 0 0 0 0 0 0 0 0 0 0 0 0 0 0 0 0 0 0 0 0 0 5 0 0 0 0 0 0 0 -999 
P1723 2047 7 0 0 0 0 0 0 0 0 0 15 0 0 8 0 0 0 0 0 0 0 0 0 6 0 0 11 0 0 0 0 0 
P1723 2047 8 0 0 0 0 0 0 0 0 0 0 0 0 0 0 0 0 0 0 0 0 0 0 0 0 0 4 0 0 31 0 25 
P1723 2047 9 0 0 0 0 0 0 0 0 0 0 0 0 0 0 0 0 0 0 0 0 0 0 0 0 0 25 11 9 0 0 -999 
P1723 2047 10 0 48 0 82 30 9 0 0 24 0 0 0 0 0 0 0 0 0 20 0 0 0 0 0 0 35 0 0 0 0 0 
P1723 2047 11 13 0 0 0 0 0 3 0 7 6 0 0 0 0 0 13 0 0 0 0 6 0 0 1 0 7 0 34 0 16 -999 
P1723 2047 12 0 73 0 94 289 345 363 119 0 0 0 0 0 0 138 50 21 0 156 83 26 60 0 53 58 37 0 0 0 0 0 
P1723 2048 1 0 0 0 0 0 4 0 0 0 0 0 0 2 0 5 0 0 0 0 0 0 0 0 0 9 99 90 0 0 14 60 
P1723 2048 2 37 0 14 0 10 16 43 99 15 0 7 0 1 10 22 0 0 71 10 0 0 10 0 10 0 0 0 0 -999 -999 -999 
P1723 2048 3 0 0 0 0 0 0 0 0 0 0 0 0 0 0 0 5 0 0 0 47 0 28 23 10 0 0 0 32 27 19 15 
P1723 2048 4 4 3 0 0 56 36 67 47 12 0 27 73 106 45 12 33 88 77 163 139 44 23 0 0 0 22 0 6 14 0 -999 
P1723 2048 5 5 15 0 0 0 0 0 0 0 0 0 34 32 0 0 0 0 0 0 0 34 0 27 0 25 20 0 58 36 0 0 
P1723 2048 6 0 0 0 24 0 0 0 0 0 0 0 0 3 0 0 0 0 0 0 0 0 0 0 0 0 0 0 0 0 0 -999 
P1723 2048 7 0 0 0 0 0 0 0 0 0 6 0 0 0 0 0 0 0 0 0 0 0 0 0 0 0 0 0 0 0 0 0 
P1723 2048 8 0 0 0 0 0 0 0 0 0 11 0 15 0 0 0 0 0 0 0 4 6 0 0 0 0 0 0 0 0 0 0 
P1723 2048 9 0 0 0 0 0 0 0 0 0 0 0 7 0 11 0 8 12 0 0 0 0 0 0 0 0 0 0 0 0 0 -999 
P1723 2048 10 0 67 0 29 3 2 0 0 0 0 0 0 0 0 24 54 29 0 0 0 0 0 20 24 0 10 0 0 0 22 25 
P1723 2048 11 0 26 10 0 0 11 52 0 0 0 23 0 2 0 0 25 67 10 1 0 0 0 0 0 0 0 0 44 0 120 -999 
P1723 2048 12 77 109 154 0 0 0 0 0 0 1 0 0 0 0 0 0 0 0 60 175 28 16 20 0 0 0 0 0 0 0 0 
P1723 2049 1 0 28 26 0 12 0 0 0 0 10 0 0 0 0 0 0 2 0 0 0 0 0 0 12 10 0 0 3 0 0 0 
P1723 2049 2 0 0 0 0 0 26 54 99 37 69 78 208 214 164 0 213 79 125 74 97 123 69 108 225 132 146 76 33 -999 -999 -999 
P1723 2049 3 0 125 133 162 101 58 36 32 66 91 0 0 23 58 0 7 38 35 31 0 0 0 0 0 0 0 0 0 0 10 22 
P1723 2049 4 0 20 6 0 0 17 6 0 0 0 0 0 0 0 0 1 0 1 0 0 12 8 0 0 0 0 6 0 0 0 -999 
P1723 2049 5 14 25 14 4 0 14 0 0 0 0 0 0 0 0 19 26 21 0 23 0 21 0 0 0 0 0 0 0 0 0 0 
P1723 2049 6 0 25 4 0 0 0 0 0 0 0 0 0 0 0 0 0 0 0 0 0 0 0 0 0 0 0 0 0 0 0 -999 
P1723 2049 7 0 0 0 0 0 0 25 0 0 0 0 0 0 0 0 0 0 0 0 0 0 0 0 0 0 0 0 0 0 0 0 
P1723 2049 8 0 0 0 0 0 0 0 0 0 0 0 0 0 6 0 0 0 0 0 0 0 0 0 0 0 15 0 0 0 0 0 
P1723 2049 9 0 0 0 0 0 0 5 0 0 0 0 5 0 2 0 0 6 0 0 0 0 0 0 0 0 0 0 0 0 9 -999 
P1723 2049 10 0 0 0 0 0 0 0 0 0 0 0 0 0 0 0 0 17 0 19 7 0 0 0 29 0 29 57 30 10 7 0 
P1723 2049 11 0 0 0 14 0 37 118 165 82 9 0 0 0 0 0 0 0 0 0 0 0 0 0 8 0 0 0 0 82 20 -999 
P1723 2049 12 0 0 0 0 0 8 7 0 0 10 0 0 0 29 140 73 0 0 0 0 0 0 0 23 31 20 8 0 0 4 0 
P1723 2050 1 0 0 0 0 0 0 0 0 0 30 106 102 139 98 66 158 130 110 17 7 0 15 0 0 21 31 0 0 2 11 0 
P1723 2050 2 0 0 0 0 0 0 0 33 61 0 0 0 0 0 0 1 0 0 0 0 0 0 0 0 0 6 7 0 -999 -999 -999 
P1723 2050 3 0 0 0 0 0 0 0 0 0 25 0 0 0 0 0 15 0 19 0 23 17 25 65 88 0 31 8 0 0 5 0 
P1723 2050 4 26 0 0 0 0 0 0 0 12 0 78 110 0 0 0 0 47 23 0 37 26 84 28 0 0 0 0 0 0 0 -999 
P1723 2050 5 0 62 0 27 26 0 29 15 15 37 19 0 0 0 0 0 0 0 0 0 0 13 0 0 0 0 33 0 0 9 0 
P1723 2050 6 0 0 13 0 0 0 0 0 0 0 9 0 0 0 18 0 0 0 0 0 0 0 0 0 0 0 22 0 0 0 -999 
P1723 2050 7 0 0 0 0 0 0 0 0 0 0 0 0 0 0 0 0 0 0 0 0 0 0 0 0 0 0 0 0 0 0 0 
P1723 2050 8 0 0 0 0 0 0 0 0 0 0 0 0 0 0 0 0 0 0 0 0 0 0 0 0 0 0 0 0 0 0 0 
P1723 2050 9 0 0 0 0 0 0 0 0 1 0 0 0 0 0 0 0 0 0 7 0 0 0 0 0 0 0 0 0 0 0 -999 
P1723 2050 10 0 0 0 17 9 0 19 0 0 0 0 0 8 0 14 53 34 0 0 0 0 15 0 0 13 8 36 34 33 0 105 
P1723 2050 11 65 23 10 0 0 0 0 0 2 0 0 0 0 15 31 6 5 9 0 0 0 10 38 45 0 0 33 20 0 0 -999 
P1723 2050 12 0 0 0 0 12 16 28 29 0 81 0 41 138 125 62 0 0 30 0 0 0 12 0 0 0 0 0 0 0 11 0 
P1723 2051 1 0 0 18 12 0 11 0 0 6 21 13 0 108 44 0 0 0 17 4 1 0 4 0 0 0 0 0 0 0 28 0 
P1723 2051 2 70 124 52 0 0 19 21 0 12 0 0 0 0 0 0 24 0 22 47 54 0 73 0 0 52 64 0 0 -999 -999 -999 
P1723 2051 3 13 20 79 72 70 0 0 0 38 0 54 51 75 64 17 0 0 24 0 0 26 36 0 20 0 0 0 0 0 0 0 
P1723 2051 4 0 0 0 0 0 0 54 25 98 0 1 0 0 46 105 0 0 0 0 0 0 0 0 0 0 0 0 0 4 0 -999 
P1723 2051 5 0 22 28 0 0 0 0 0 25 0 0 0 0 0 0 16 18 0 0 0 16 0 8 0 0 0 7 0 0 0 0 
P1723 2051 6 0 0 0 0 15 0 10 0 0 51 0 0 0 6 0 33 0 17 0 0 0 0 0 0 0 0 0 0 0 15 -999 
P1723 2051 7 0 0 13 0 0 0 0 0 0 0 0 0 0 0 0 0 0 0 0 0 0 0 0 0 0 0 0 0 0 0 0 
P1723 2051 8 0 0 0 0 0 0 10 0 0 0 0 0 0 0 0 0 0 0 0 0 0 0 0 0 0 0 0 0 0 0 0 
P1723 2051 9 0 0 0 0 0 0 0 14 0 0 0 0 0 0 0 0 0 0 0 0 0 0 0 30 0 0 0 0 0 0 -999 
P1723 2051 10 0 0 0 0 0 0 0 0 25 24 0 0 27 0 0 36 0 36 20 0 4 0 0 0 0 0 72 85 86 24 0 
P1723 2051 11 0 0 11 44 0 0 0 0 2 0 4 27 69 34 0 0 0 54 111 29 32 53 86 43 37 0 0 0 0 56 -999 
P1723 2051 12 0 7 0 0 0 105 89 63 18 17 21 0 29 37 52 83 38 23 101 76 105 61 0 0 0 0 0 0 0 0 0 
P1723 2052 1 0 0 0 0 0 1 0 0 0 0 0 0 0 0 0 0 0 0 0 0 0 0 0 0 0 4 2 0 0 0 0 
P1723 2052 2 0 0 0 0 0 0 0 0 0 0 0 32 28 51 26 0 30 0 24 35 0 0 0 29 57 37 0 0 -999 -999 -999 
P1723 2052 3 0 0 15 0 6 21 88 14 0 0 0 0 0 0 0 35 38 0 25 44 90 60 29 29 48 45 23 0 0 0 0 
P1723 2052 4 0 0 21 0 0 0 0 2 0 0 0 0 0 0 0 0 0 0 0 0 0 4 0 0 0 0 3 0 0 0 -999 
P1723 2052 5 0 0 0 0 0 0 34 27 0 0 0 0 0 0 0 0 0 0 0 0 0 0 0 0 0 11 0 46 0 26 21 
P1723 2052 6 11 0 0 14 14 0 0 2 0 0 0 0 27 0 0 0 15 0 0 0 0 0 0 0 0 0 0 0 0 0 -999 
P1723 2052 7 0 0 0 0 0 0 0 0 0 0 0 0 0 0 0 0 0 0 0 0 0 0 0 0 11 0 0 0 0 0 0 
P1723 2052 8 0 0 0 0 0 0 0 0 0 0 0 0 0 0 0 0 0 0 0 0 0 0 0 0 0 0 0 0 0 0 0 
P1723 2052 9 0 0 0 0 0 0 0 0 6 0 0 0 0 0 0 10 0 0 26 0 0 0 0 0 0 0 0 0 0 0 -999 
P1723 2052 10 0 0 0 0 0 0 15 8 6 0 0 0 0 12 0 0 0 0 0 0 0 0 0 0 0 0 0 0 0 0 0 
P1723 2052 11 13 0 0 0 0 0 0 0 7 0 0 0 5 0 0 0 0 0 0 0 23 20 14 35 62 97 96 0 0 28 -999 
P1723 2052 12 34 30 14 15 22 0 0 0 42 120 0 0 77 59 17 0 23 0 0 0 0 0 22 0 28 0 0 0 0 0 20 
P1723 2053 1 0 0 0 0 0 0 0 0 0 0 0 0 0 30 0 0 0 0 0 0 0 0 0 1 0 0 0 0 0 8 0 
P1723 2053 2 0 66 37 84 62 73 80 25 24 6 0 4 0 1 0 0 0 0 0 0 0 0 7 0 0 0 69 73 -999 -999 -999 
P1723 2053 3 70 21 8 16 36 16 0 0 0 0 14 0 0 15 0 15 0 51 0 22 0 13 0 0 0 0 0 0 46 0 33 
P1723 2053 4 0 0 0 0 0 0 100 47 17 0 0 46 6 12 0 0 0 0 0 0 0 0 0 0 0 6 0 7 0 0 -999 
P1723 2053 5 37 21 62 85 46 99 94 0 25 15 0 20 0 0 22 0 0 0 0 37 34 0 0 0 0 0 0 0 0 11 0 
P1723 2053 6 0 0 15 0 0 0 0 16 20 0 0 0 4 0 0 0 11 0 0 0 0 0 0 0 0 0 0 0 0 0 -999 
P1723 2053 7 0 0 0 0 0 0 0 0 0 0 0 0 0 0 0 0 0 0 0 0 0 0 0 0 0 0 0 0 0 0 0 
P1723 2053 8 0 0 0 0 0 0 0 0 0 0 0 0 0 0 0 0 0 0 0 0 8 0 0 0 0 0 0 0 0 0 0 
P1723 2053 9 0 8 0 0 0 0 0 0 0 0 0 0 0 0 0 0 0 0 0 0 0 0 0 0 0 0 0 0 0 0 -999 
P1723 2053 10 0 0 0 0 0 0 0 10 0 0 0 0 7 0 23 0 7 0 0 0 0 0 0 13 0 38 0 18 0 0 0 
P1723 2053 11 0 0 0 0 0 18 0 0 85 147 61 0 17 22 71 73 60 42 4 12 0 0 15 13 0 0 24 12 0 0 -999 
P1723 2053 12 0 13 12 0 1 0 0 0 0 0 0 0 15 0 22 0 8 0 2 0 5 22 18 26 86 0 30 48 98 54 83 
P1723 2054 1 61 52 163 70 116 103 36 31 76 0 59 91 90 137 44 78 46 11 15 0 0 0 0 1 7 0 41 238 102 23 0 
P1723 2054 2 40 160 113 0 4 0 0 35 11 0 16 0 31 19 7 13 0 0 0 0 0 0 0 0 0 0 0 0 -999 -999 -999 
P1723 2054 3 0 0 0 0 0 0 0 0 0 0 0 0 0 0 0 4 4 0 4 6 8 0 37 7 4 0 0 0 0 28 22 
P1723 2054 4 8 23 19 14 69 92 137 64 30 51 73 58 7 0 0 46 14 0 15 0 2 0 0 0 0 0 27 45 39 49 -999 
P1723 2054 5 0 20 0 14 0 0 10 0 0 0 20 0 0 20 38 33 0 0 0 0 0 38 19 81 71 25 0 26 0 14 0 
P1723 2054 6 0 0 0 0 13 0 0 0 0 0 0 0 6 0 0 0 0 0 0 0 0 0 0 0 0 0 0 0 0 0 -999 
P1723 2054 7 0 0 0 0 0 0 0 0 0 0 14 0 0 0 0 0 0 0 0 0 0 0 0 0 0 0 0 0 0 0 0 
P1723 2054 8 0 0 0 0 0 0 0 0 0 0 0 0 0 0 0 0 9 0 0 20 0 0 0 0 0 0 14 0 0 0 0 
P1723 2054 9 0 0 0 0 0 0 0 0 0 0 0 0 0 0 0 0 0 0 0 0 0 20 42 33 0 3 0 0 18 60 -999 
P1723 2054 10 0 21 0 0 0 0 0 0 0 0 0 0 0 62 0 18 0 0 0 0 0 0 0 0 59 0 18 0 20 10 12 
P1723 2054 11 0 0 3 0 0 0 0 26 0 111 67 43 26 54 188 0 10 0 49 0 0 0 0 0 0 0 0 0 0 0 -999 
P1723 2054 12 0 0 0 0 0 0 1 0 0 0 0 73 0 0 4 9 0 0 0 0 0 0 0 54 90 73 88 105 0 95 99 
P1723 2055 1 19 0 23 44 11 6 0 0 10 52 86 0 0 13 0 13 41 175 100 0 0 5 0 0 0 0 0 0 1 0 0 
P1723 2055 2 0 0 19 36 31 0 98 31 0 0 0 0 0 0 4 0 2 0 0 0 0 0 0 0 0 33 0 15 -999 -999 -999 
P1723 2055 3 0 38 49 0 41 34 0 24 34 24 14 46 32 0 0 0 0 12 0 14 0 0 0 38 19 11 0 0 0 0 1 
P1723 2055 4 0 0 0 0 0 4 0 0 0 0 36 23 0 0 0 0 0 0 0 0 0 0 5 0 0 9 13 5 0 0 -999 
P1723 2055 5 0 0 0 0 8 0 1 0 0 29 87 54 0 0 0 0 0 8 9 0 0 0 0 0 0 57 0 11 0 9 0 
P1723 2055 6 4 0 0 0 0 4 0 0 0 0 0 0 0 0 0 0 0 0 0 0 0 0 0 0 0 0 0 0 0 0 -999 
P1723 2055 7 0 0 0 0 0 0 0 0 0 0 0 0 0 0 0 0 0 0 0 0 0 0 0 0 0 0 0 0 0 0 0 
P1723 2055 8 0 0 0 0 0 0 0 8 0 0 0 0 0 0 0 0 0 0 0 0 0 6 0 0 0 0 0 0 0 0 0 
P1723 2055 9 15 0 0 0 0 0 0 0 0 0 0 0 0 0 0 0 0 0 0 0 0 0 0 0 0 0 0 0 0 46 -999 
P1723 2055 10 0 0 0 0 48 26 0 0 11 20 0 25 0 10 52 100 146 0 0 0 1 0 0 0 0 22 17 0 0 0 0 
P1723 2055 11 0 0 0 18 0 44 65 43 26 0 0 0 0 9 13 28 42 0 0 3 0 0 10 0 3 14 38 31 121 48 -999 
P1723 2055 12 16 0 0 15 35 22 0 20 0 0 0 0 0 0 0 0 0 0 0 0 5 6 0 0 0 0 0 32 46 57 0 
P1723 2056 1 34 44 0 75 81 61 92 86 54 100 0 0 0 0 0 0 0 0 10 0 0 0 0 0 35 0 130 0 0 6 0 
P1723 2056 2 0 44 22 0 91 103 116 23 34 99 123 75 32 138 141 33 20 66 0 145 0 140 39 57 39 0 0 0 -999 -999 -999 
P1723 2056 3 0 0 11 23 77 151 117 85 31 136 136 80 0 159 51 9 0 24 0 118 18 0 0 0 0 24 0 90 65 46 0 
P1723 2056 4 7 0 0 0 0 0 2 0 0 0 0 0 0 0 0 0 2 0 0 0 0 6 0 0 0 0 0 0 0 0 -999 
P1723 2056 5 0 0 0 0 0 33 0 29 0 32 35 30 0 9 0 0 0 0 0 0 0 0 0 0 0 0 0 0 0 0 61 
P1723 2056 6 32 0 0 0 0 0 0 0 0 0 0 0 0 0 0 0 0 0 0 0 0 0 0 0 0 0 0 0 0 0 -999 
P1723 2056 7 0 0 0 33 27 0 0 0 0 0 0 0 0 0 0 0 13 0 0 0 0 0 0 0 0 0 0 0 0 0 0 
P1723 2056 8 0 0 0 0 0 0 0 0 0 0 0 0 0 0 0 0 0 0 0 0 0 0 0 0 6 5 0 0 0 0 0 
P1723 2056 9 0 0 0 0 0 0 34 17 8 6 0 10 0 0 0 0 0 0 0 0 0 0 0 0 0 0 0 0 0 0 -999 
P1723 2056 10 0 0 7 0 16 18 0 21 0 0 0 0 0 0 0 0 0 18 13 7 3 0 33 46 132 157 19 0 4 0 4 
P1723 2056 11 21 29 0 0 0 0 0 72 86 49 43 56 29 0 74 33 0 0 0 0 4 3 0 0 0 0 0 0 0 0 -999 
P1723 2056 12 0 0 0 0 0 0 0 0 0 0 0 0 0 0 0 17 24 68 0 8 0 0 0 0 0 4 0 26 18 24 73 
P1723 2057 1 71 118 74 51 0 54 0 33 29 42 72 15 0 0 0 35 0 68 0 20 0 0 3 0 0 0 63 209 107 22 0 
P1723 2057 2 7 0 0 16 44 18 18 0 0 0 0 0 0 0 10 0 0 0 0 0 0 0 0 0 92 0 101 39 -999 -999 -999 
P1723 2057 3 0 0 22 4 0 0 0 0 0 0 1 0 0 10 0 42 77 152 119 36 10 0 0 0 0 0 0 0 40 44 35 
P1723 2057 4 67 53 42 0 0 0 0 0 0 21 24 50 55 0 62 57 68 71 0 0 0 0 0 0 0 0 0 0 0 0 -999 
P1723 2057 5 42 0 0 25 21 21 0 0 0 19 0 0 0 0 0 0 0 0 0 0 0 0 0 0 0 0 0 0 0 0 0 
P1723 2057 6 0 0 0 0 0 0 0 0 0 0 0 0 0 0 0 0 0 0 0 0 0 0 0 0 0 0 0 0 0 0 -999 
P1723 2057 7 0 0 0 0 4 0 0 0 0 0 0 0 0 0 0 0 0 0 0 0 0 0 0 0 0 0 0 0 0 0 0 
P1723 2057 8 0 0 0 0 0 0 0 0 0 0 0 0 0 7 0 0 0 0 0 0 0 0 0 0 0 0 0 0 0 0 0 
P1723 2057 9 0 14 0 0 0 0 0 0 11 0 0 0 0 0 0 0 0 0 0 0 0 0 0 0 21 0 0 0 15 0 -999 
P1723 2057 10 0 0 0 0 0 0 0 0 0 0 0 14 42 0 0 0 0 0 0 0 28 24 0 45 60 101 88 71 37 0 5 
P1723 2057 11 0 0 8 0 0 0 0 26 62 0 74 92 179 39 0 9 0 0 44 25 22 4 2 0 0 0 0 0 20 96 -999 
P1723 2057 12 63 45 65 0 15 0 0 0 0 0 0 0 0 0 0 0 22 0 82 38 0 47 133 143 52 18 0 15 0 0 1 
P1723 2058 1 14 13 0 2 0 2 6 0 24 34 0 138 124 84 179 269 58 65 16 0 0 0 0 0 2 0 18 0 115 135 66 
P1723 2058 2 0 11 0 26 65 31 27 0 0 19 0 89 0 0 0 0 5 0 20 0 0 0 0 0 0 0 2 0 -999 -999 -999 
P1723 2058 3 0 14 0 27 0 19 0 17 24 0 0 31 0 0 0 0 0 0 0 0 0 0 0 0 0 0 0 0 0 6 20 
P1723 2058 4 84 34 0 0 5 13 0 21 0 0 21 0 0 0 0 0 0 0 13 0 0 0 0 0 34 0 13 0 13 18 -999 
P1723 2058 5 8 14 21 47 31 37 17 6 0 0 0 20 0 0 17 0 0 0 10 0 0 0 0 0 0 0 0 0 0 0 0 
P1723 2058 6 0 0 0 0 0 0 0 20 0 0 0 0 0 0 7 0 0 0 0 0 0 0 0 0 0 0 0 0 0 0 -999 
P1723 2058 7 0 0 0 0 0 0 0 0 0 0 0 0 0 0 0 0 0 0 0 0 0 0 0 0 0 0 0 0 0 0 0 
P1723 2058 8 0 0 0 0 0 0 0 0 0 0 0 0 0 0 0 0 0 0 0 8 0 0 0 0 0 0 0 0 0 0 0 
P1723 2058 9 0 0 0 0 0 24 0 0 0 0 0 0 0 0 0 0 0 0 0 0 0 0 0 0 0 0 0 0 0 0 -999 
P1723 2058 10 0 0 0 120 102 16 0 0 0 0 0 0 0 0 0 0 0 0 21 0 0 0 31 21 0 0 4 0 0 0 0 
P1723 2058 11 0 5 0 0 0 0 0 59 69 0 0 0 0 0 14 0 0 0 0 6 0 0 0 0 3 0 0 2 0 0 -999 
P1723 2058 12 0 27 19 20 15 14 9 0 0 0 0 0 0 0 0 0 0 8 0 0 0 0 0 0 0 0 2 0 0 0 0 
P1723 2059 1 0 0 0 0 0 17 0 41 10 1 0 0 0 0 0 0 44 0 0 0 0 0 0 0 0 0 0 0 0 0 0 
P1723 2059 2 0 0 0 0 0 0 0 0 0 0 0 31 47 27 11 0 0 0 0 0 0 0 0 0 0 0 0 2 -999 -999 -999 
P1723 2059 3 0 2 0 0 0 0 0 8 0 0 9 0 0 0 0 0 9 24 32 0 0 0 0 0 0 24 41 57 62 83 53 
P1723 2059 4 0 0 4 0 0 0 0 115 91 53 0 0 0 0 0 34 35 62 21 0 0 45 45 93 18 0 0 0 0 0 -999 
P1723 2059 5 0 1 0 0 13 0 0 0 0 0 0 0 0 0 0 0 43 48 0 0 0 12 0 0 0 0 18 0 0 0 0 
P1723 2059 6 0 0 0 9 0 0 15 0 0 0 0 0 0 0 0 0 0 0 0 0 0 0 0 0 0 0 0 0 0 0 -999 
P1723 2059 7 0 0 0 0 0 0 0 0 0 0 0 0 0 0 0 0 0 0 0 0 8 0 0 0 0 0 0 0 0 0 0 
P1723 2059 8 0 0 0 0 0 0 0 0 0 0 0 0 0 0 0 0 0 0 0 0 0 0 0 0 0 0 0 0 0 0 0 
P1723 2059 9 0 0 0 0 0 0 0 0 0 0 0 0 0 0 0 0 0 0 0 0 0 0 0 0 0 0 0 0 0 0 -999 
P1723 2059 10 0 28 0 0 0 26 64 0 7 0 0 0 0 0 0 21 0 0 0 22 0 0 0 0 11 0 108 101 0 38 0 
P1723 2059 11 0 59 69 0 46 0 0 6 0 0 0 0 0 0 11 0 17 16 0 8 0 0 0 0 0 0 0 0 0 0 -999 
P1723 2059 12 0 0 0 0 48 37 12 10 34 70 26 52 0 0 0 0 0 0 0 0 0 0 0 0 51 127 115 59 62 30 12 
P1723 2060 1 0 19 28 47 0 0 0 33 0 33 126 129 114 65 0 0 0 12 14 0 0 0 0 0 7 0 0 0 0 0 19 
P1723 2060 2 50 1 6 0 0 7 0 0 0 0 0 0 0 0 0 0 0 13 0 0 0 0 0 0 0 0 0 28 -999 -999 -999 
P1723 2060 3 22 18 0 0 0 0 44 32 13 33 24 0 0 0 0 0 0 0 0 0 27 0 92 46 0 0 40 37 53 16 2 
P1723 2060 4 20 11 19 0 10 0 15 31 47 43 17 0 19 32 0 52 0 0 0 0 0 0 0 2 0 0 0 0 6 0 -999 
P1723 2060 5 0 0 0 31 26 25 0 0 0 0 0 13 0 0 0 0 0 0 0 0 0 0 0 0 0 0 0 0 18 0 0 
P1723 2060 6 0 0 0 0 0 0 0 0 0 0 0 0 0 0 0 0 0 0 0 0 0 0 0 0 0 0 0 0 0 0 -999 
P1723 2060 7 0 10 0 0 8 0 0 0 0 0 0 0 0 0 0 0 0 0 2 0 0 0 0 0 0 0 0 0 0 0 0 
P1723 2060 8 0 0 0 0 0 0 0 12 0 0 0 0 0 0 0 0 0 0 0 0 0 0 0 0 0 0 0 0 0 0 25 
P1723 2060 9 0 0 0 0 0 0 0 0 0 0 0 0 18 0 0 0 0 0 10 0 0 0 0 0 0 0 0 0 12 0 -999 
P1723 2060 10 0 0 0 0 0 0 0 0 0 0 0 0 0 0 0 0 0 0 0 0 0 0 0 0 0 0 0 0 0 0 0 
P1723 2060 11 27 17 20 0 46 37 54 0 79 52 0 58 0 0 0 0 0 0 168 0 0 0 0 16 35 0 24 0 0 0 -999 
P1723 2060 12 7 0 9 0 45 121 72 9 0 0 0 0 0 0 0 0 0 17 11 10 0 0 19 17 10 0 21 30 77 31 11 
P1723 2061 1 6 19 21 10 11 23 61 0 22 0 6 6 0 0 0 0 0 0 0 0 0 22 20 0 10 7 0 0 0 0 11 
P1723 2061 2 17 29 0 0 0 0 0 0 29 39 70 34 17 0 19 0 0 7 0 0 0 0 0 0 0 0 0 23 -999 -999 -999 
P1723 2061 3 52 16 6 0 0 0 0 10 44 0 1 0 0 25 0 51 92 80 0 0 0 0 49 88 158 0 11 0 0 0 0 
P1723 2061 4 22 0 75 0 15 0 16 22 18 27 29 0 0 1 0 0 0 0 0 0 0 0 0 0 0 0 0 14 0 6 -999 
P1723 2061 5 0 0 0 0 0 13 0 0 0 0 6 0 10 0 0 0 0 0 0 0 0 0 0 0 0 0 0 7 0 0 0 
P1723 2061 6 0 0 0 0 0 0 0 0 0 0 0 0 0 0 0 0 0 0 0 0 0 0 0 0 0 0 0 0 0 0 -999 
P1723 2061 7 0 0 0 0 0 0 0 0 0 0 0 0 0 0 0 0 0 0 0 0 0 0 0 0 0 0 0 0 0 0 0 
P1723 2061 8 0 0 0 0 0 0 0 0 0 0 0 0 0 0 0 0 0 0 0 0 0 0 0 8 0 0 0 0 0 0 0 
P1723 2061 9 0 0 0 0 0 0 0 0 0 0 0 0 0 0 0 0 0 8 0 0 0 0 15 0 17 41 0 0 0 0 -999 
P1723 2061 10 0 0 0 0 12 0 0 0 0 0 0 0 0 0 47 77 52 0 86 120 0 0 158 111 13 0 0 0 87 0 0 
P1723 2061 11 109 23 4 0 0 0 0 22 30 0 18 11 0 3 15 39 67 0 4 3 0 0 0 0 0 0 0 0 0 9 -999 
P1723 2061 12 11 0 3 0 0 9 0 0 0 5 0 21 5 4 9 0 17 20 15 20 74 0 0 0 0 0 0 0 19 63 17 
P1723 2062 1 7 17 0 0 0 0 0 0 2 0 0 0 3 0 2 0 3 0 0 0 0 0 0 0 22 81 59 53 34 64 46 
P1723 2062 2 58 0 50 52 0 0 41 22 27 0 13 0 0 0 0 12 0 0 0 0 0 0 73 0 0 70 0 0 -999 -999 -999 
P1723 2062 3 5 0 15 20 25 0 3 6 9 25 0 112 204 202 0 0 0 0 37 0 0 0 0 0 0 0 0 0 0 0 0 
P1723 2062 4 0 0 0 0 0 0 0 0 57 0 0 2 0 0 0 0 0 0 0 0 0 5 0 0 0 0 0 0 51 51 -999 
P1723 2062 5 0 0 0 0 0 12 0 0 0 24 0 0 0 0 0 0 15 0 0 0 0 0 0 0 0 9 0 0 0 0 0 
P1723 2062 6 0 0 33 0 0 0 0 0 7 6 0 0 0 0 0 0 0 0 0 0 0 0 0 0 0 0 0 0 0 0 -999 
P1723 2062 7 0 0 0 0 0 0 0 0 0 0 0 0 0 0 0 0 0 0 0 0 0 0 0 0 0 0 0 0 0 0 0 
P1723 2062 8 0 0 0 13 0 0 0 0 5 0 0 0 0 0 0 0 0 0 0 0 0 0 0 0 0 0 0 0 0 0 0 
P1723 2062 9 0 0 0 0 0 0 5 0 0 0 0 0 0 0 0 0 0 0 0 0 0 0 0 0 16 0 14 0 0 0 -999 
P1723 2062 10 0 0 22 100 219 119 37 0 0 0 0 4 0 0 0 15 30 0 0 0 0 6 0 0 2 0 0 0 21 19 0 
P1723 2062 11 0 0 0 7 0 20 0 38 19 0 0 0 54 69 29 12 17 0 26 0 0 15 48 0 0 19 0 0 0 0 -999 
P1723 2062 12 0 20 0 0 0 14 0 3 0 0 24 12 0 0 5 27 0 92 15 0 2 10 0 0 0 0 0 0 0 8 31 
P1723 2063 1 77 87 132 35 21 85 106 232 139 26 15 0 0 89 118 136 64 80 113 0 129 114 50 38 114 40 0 0 0 93 0 
P1723 2063 2 112 29 0 25 0 0 12 0 0 37 97 48 49 100 97 141 35 6 0 0 0 0 0 0 9 6 0 0 -999 -999 -999 
P1723 2063 3 0 0 8 0 0 0 73 0 11 0 44 36 0 45 64 103 26 12 9 7 17 0 10 43 162 61 44 0 49 53 79 
P1723 2063 4 19 8 0 0 106 0 0 50 128 23 0 0 0 0 0 0 12 0 0 0 0 9 0 0 0 0 0 0 13 34 -999 
P1723 2063 5 37 0 21 6 0 0 0 0 0 0 0 32 0 18 0 20 0 11 0 0 0 0 0 0 0 0 0 0 0 0 0 
P1723 2063 6 0 0 0 0 0 0 0 0 0 0 0 0 0 0 0 0 0 0 0 0 0 0 0 0 0 0 0 0 0 0 -999 
P1723 2063 7 0 0 12 0 0 0 0 0 0 0 0 0 0 0 0 0 0 0 0 0 0 0 0 0 0 0 0 0 0 0 0 
P1723 2063 8 0 0 0 0 0 0 0 0 0 0 0 0 0 0 0 0 0 0 0 0 0 0 0 15 0 0 0 0 0 0 0 
P1723 2063 9 0 0 0 0 0 0 0 0 0 0 0 0 0 0 12 14 8 0 0 0 0 0 0 0 0 0 0 20 13 0 -999 
P1723 2063 10 0 0 0 0 0 0 0 0 0 0 17 0 0 141 25 0 0 11 0 0 0 0 0 0 0 8 3 0 0 0 0 
P1723 2063 11 5 0 7 7 3 0 0 0 0 0 0 0 0 31 0 0 0 0 0 0 0 0 7 0 0 0 8 0 0 0 -999 
P1723 2063 12 0 0 0 0 0 0 0 1 0 0 0 0 0 0 0 0 0 0 0 0 0 0 0 0 0 0 0 0 0 0 0 
P1723 2064 1 0 0 0 0 0 0 0 0 0 0 0 0 0 10 50 73 0 0 0 0 0 0 0 0 0 24 21 11 12 26 9 
P1723 2064 2 12 0 28 16 15 0 8 0 0 0 0 0 0 0 0 0 0 0 0 0 0 0 0 0 0 1 0 0 -999 -999 -999 
P1723 2064 3 0 0 0 0 14 0 0 57 78 63 20 15 0 0 71 0 0 0 0 68 26 15 0 0 0 0 0 19 24 0 34 
P1723 2064 4 0 0 90 0 0 0 0 30 0 14 17 0 15 26 0 0 0 8 0 0 29 26 0 0 0 38 17 0 0 0 -999 
P1723 2064 5 0 0 0 0 0 12 21 0 0 0 6 0 0 0 0 0 0 9 0 0 0 0 0 12 0 0 0 0 0 0 0 
P1723 2064 6 10 0 0 0 0 0 0 0 0 0 0 0 0 0 0 21 0 0 0 0 0 0 0 0 0 0 0 0 0 0 -999 
P1723 2064 7 0 0 0 0 0 0 0 0 0 0 0 0 0 0 0 0 0 0 0 0 0 0 0 0 0 0 0 0 0 0 0 
P1723 2064 8 0 0 0 0 0 0 0 0 0 0 0 0 0 0 0 0 0 0 0 0 0 0 0 0 0 0 0 0 0 5 0 
P1723 2064 9 0 0 7 0 0 0 0 0 0 0 0 0 16 0 20 0 15 0 0 0 0 0 0 0 0 0 0 0 0 0 -999 
P1723 2064 10 4 0 0 0 0 0 42 43 0 11 6 0 0 0 0 0 0 0 0 0 0 12 0 0 14 0 0 0 0 23 0 
P1723 2064 11 9 0 10 17 42 4 0 0 0 0 0 0 0 117 29 3 0 0 0 0 0 0 0 0 0 0 0 0 0 11 -999 
P1723 2064 12 31 0 49 80 126 101 141 235 208 48 17 0 0 0 12 21 8 0 0 0 0 0 0 0 0 0 0 0 0 0 0 
P1723 2065 1 0 0 0 20 0 11 0 0 35 43 40 62 63 95 23 25 0 9 5 4 0 0 0 0 0 0 0 0 42 50 83 
P1723 2065 2 22 0 0 0 0 0 0 0 0 0 0 50 89 104 108 134 114 123 97 77 0 0 2 8 0 10 10 0 -999 -999 -999 
P1723 2065 3 0 0 0 0 0 0 0 0 0 0 0 0 7 0 0 0 0 0 0 0 0 0 0 0 22 0 7 0 0 0 0 
P1723 2065 4 0 0 0 24 0 77 0 0 0 0 0 0 0 22 0 0 0 40 0 0 0 0 0 0 0 0 0 0 0 0 -999 
P1723 2065 5 0 0 0 0 0 1 0 0 0 0 0 0 0 0 8 13 0 0 0 0 0 0 0 0 0 0 0 0 0 8 0 
P1723 2065 6 0 0 0 4 0 0 0 0 0 0 0 0 0 0 0 0 15 0 0 0 0 0 0 0 0 0 0 0 0 0 -999 
P1723 2065 7 0 0 0 8 4 0 0 0 0 0 0 0 0 0 0 0 0 0 0 0 0 0 0 0 0 0 0 0 0 0 0 
P1723 2065 8 0 0 0 0 0 0 0 0 0 0 0 0 0 0 0 0 0 0 0 0 0 0 0 0 0 0 0 0 0 0 0 
P1723 2065 9 0 0 0 0 0 0 0 0 0 0 0 0 0 0 6 0 0 0 0 0 0 0 0 0 0 0 0 4 0 0 -999 
P1723 2065 10 0 0 0 0 0 0 38 0 0 41 36 0 18 12 43 27 0 0 55 0 21 0 96 85 22 60 76 0 81 80 0 
P1723 2065 11 0 0 0 0 0 0 0 0 0 0 0 0 0 0 0 0 0 0 7 0 0 0 14 7 0 0 74 25 12 0 -999 
P1723 2065 12 0 6 0 0 1 0 0 0 0 0 34 0 54 23 0 53 22 0 0 0 59 156 144 242 347 373 220 0 0 0 0 
P1723 2066 1 0 0 0 0 10 0 0 0 25 37 60 116 0 41 75 44 0 37 152 0 22 116 71 13 0 6 0 23 23 37 39 
P1723 2066 2 42 0 0 0 21 0 5 0 34 20 0 13 0 0 0 0 0 0 0 0 0 0 2 4 128 48 25 35 -999 -999 -999 
P1723 2066 3 12 0 0 0 0 0 81 0 0 0 0 0 0 0 0 0 0 0 0 0 0 0 0 0 0 0 0 0 0 11 0 
P1723 2066 4 0 22 0 0 0 26 25 0 0 0 6 0 0 0 13 14 11 0 0 10 0 0 0 0 22 0 0 0 92 52 -999 
P1723 2066 5 8 0 14 0 0 0 0 0 0 0 7 0 0 0 0 0 2 0 0 0 0 0 0 0 0 0 0 0 0 0 0 
P1723 2066 6 0 0 0 0 0 0 0 0 0 0 0 0 0 0 0 0 0 0 0 0 0 0 0 0 0 0 0 0 0 0 -999 
P1723 2066 7 0 0 0 0 0 0 0 0 1 0 0 0 0 0 0 0 0 0 0 0 0 0 0 0 0 0 0 0 0 0 3 
P1723 2066 8 0 0 0 0 0 0 0 0 0 0 0 0 0 0 0 0 0 0 0 0 0 0 15 0 28 0 22 0 0 0 0 
P1723 2066 9 0 0 0 0 0 5 0 0 15 0 0 0 0 0 0 0 0 0 0 0 0 0 0 25 0 0 0 0 0 28 -999 
P1723 2066 10 0 0 0 0 0 0 0 0 0 0 0 0 0 0 0 0 0 0 0 0 32 21 0 4 4 0 0 0 0 0 0 
P1723 2066 11 0 0 0 44 105 38 0 0 17 13 31 33 44 0 0 0 0 0 0 0 0 0 0 0 0 6 0 0 0 0 -999 
P1723 2066 12 0 10 25 39 0 0 0 0 0 10 0 4 0 46 110 135 241 240 117 47 20 0 0 4 0 9 11 22 37 111 77 
P1723 2067 1 23 142 28 13 0 0 0 17 0 0 47 38 46 37 87 66 70 0 59 133 110 96 0 103 127 123 143 0 0 36 90 
P1723 2067 2 110 60 179 56 0 18 88 62 30 67 70 12 50 107 50 0 16 0 123 61 119 59 0 17 0 151 99 5 -999 -999 -999 
P1723 2067 3 0 0 15 1 0 0 3 0 13 9 16 22 68 15 0 0 0 0 0 0 0 0 0 0 0 0 0 0 7 0 0 
P1723 2067 4 0 0 0 0 0 0 0 0 15 0 0 0 0 0 0 0 0 8 8 11 19 0 28 0 14 10 0 12 0 0 -999 
P1723 2067 5 0 21 0 0 0 0 0 0 14 0 0 5 0 0 0 0 0 0 27 28 0 0 0 0 0 10 0 0 20 26 0 
P1723 2067 6 0 0 33 0 0 0 0 0 0 0 0 0 0 0 0 0 0 0 7 0 0 0 0 0 0 0 0 0 0 0 -999 
P1723 2067 7 0 0 0 0 0 0 0 0 0 0 0 0 0 0 0 0 0 0 0 0 0 0 0 0 0 0 0 0 0 0 0 
P1723 2067 8 0 0 0 0 0 0 0 0 0 0 0 0 0 0 0 0 0 0 0 0 0 0 0 0 8 0 0 0 9 0 0 
P1723 2067 9 0 0 0 0 0 0 0 0 0 0 12 0 0 0 0 0 0 0 0 0 0 0 0 0 3 0 0 0 0 0 -999 
P1723 2067 10 0 0 0 0 0 0 4 0 0 0 0 0 0 0 3 5 0 0 0 2 0 0 0 0 0 0 0 0 0 25 0 
P1723 2067 11 38 16 7 0 0 16 10 0 0 0 0 0 1 0 0 0 11 4 0 0 0 0 9 0 0 0 0 0 0 23 -999 
P1723 2067 12 0 14 30 19 43 0 6 34 0 10 23 24 46 0 0 6 12 0 0 0 0 0 0 0 0 0 58 28 18 2 17 
P1723 2068 1 0 0 0 21 73 153 95 29 0 0 0 0 0 0 0 0 0 0 0 0 0 0 0 0 21 18 9 0 0 17 0 
P1723 2068 2 0 0 0 0 0 18 0 0 0 0 0 0 0 0 0 0 0 0 0 0 14 0 0 3 3 10 69 33 -999 -999 -999 
P1723 2068 3 22 0 0 0 172 141 16 19 73 32 11 14 0 0 0 0 95 123 44 17 0 63 54 4 8 18 0 0 0 0 46 
P1723 2068 4 67 31 0 6 4 2 15 0 46 42 16 11 0 0 0 0 0 0 0 0 0 21 0 12 0 0 0 7 8 7 -999 
P1723 2068 5 9 0 0 0 0 0 14 11 0 0 0 19 50 0 0 0 0 0 0 0 0 0 0 0 0 0 14 0 0 0 0 
P1723 2068 6 0 0 0 19 15 0 0 9 3 0 0 0 0 0 0 0 0 0 0 0 0 0 0 0 0 0 0 0 0 0 -999 
P1723 2068 7 0 0 0 0 0 0 0 0 0 0 0 0 0 0 0 0 0 0 0 10 0 0 0 0 0 0 0 0 0 0 0 
P1723 2068 8 0 0 0 0 0 0 0 0 0 0 0 0 0 0 0 0 0 0 0 0 0 0 0 8 0 0 0 0 0 0 0 
P1723 2068 9 0 0 0 7 0 0 0 0 0 55 35 10 0 0 21 0 27 0 0 0 0 0 0 0 0 0 6 0 0 0 -999 
P1723 2068 10 0 0 0 0 0 0 0 0 0 0 41 0 0 0 18 0 0 3 0 0 24 0 0 0 3 0 0 0 0 0 0 
P1723 2068 11 0 13 0 0 0 0 0 0 0 9 0 10 5 0 0 0 0 0 21 0 36 0 0 0 0 0 0 0 0 0 -999 
P1723 2068 12 0 0 3 0 0 0 46 86 29 0 8 0 34 74 25 0 0 0 0 0 0 0 35 41 137 0 0 0 0 21 0 
P1723 2069 1 61 78 9 0 0 0 0 0 0 4 0 16 0 0 0 0 0 0 0 0 13 0 0 0 0 0 0 67 60 0 0 
P1723 2069 2 0 0 61 179 168 0 52 112 108 5 3 0 0 22 0 25 34 32 0 33 55 22 0 0 0 0 27 33 -999 -999 -999 
P1723 2069 3 37 24 0 22 0 29 0 0 11 0 30 0 0 0 0 0 0 0 0 0 0 0 0 0 0 0 0 38 60 0 0 
P1723 2069 4 0 0 0 21 26 0 0 0 0 0 30 0 0 10 0 0 0 0 13 10 0 0 0 0 0 0 0 0 0 0 -999 
P1723 2069 5 3 0 0 17 0 0 0 0 0 8 0 0 30 0 0 0 0 12 0 27 26 20 0 0 0 0 0 0 0 0 0 
P1723 2069 6 0 8 0 0 0 0 0 0 0 0 0 0 0 0 0 0 0 0 0 4 0 0 0 0 0 0 0 0 0 0 -999 
P1723 2069 7 0 0 0 0 0 0 0 0 0 0 0 0 0 0 0 0 0 0 0 15 10 0 0 0 0 0 0 0 0 0 0 
P1723 2069 8 0 0 0 0 0 0 0 0 0 0 0 0 0 0 0 0 0 0 0 0 0 0 0 0 0 0 0 0 0 0 0 
P1723 2069 9 0 0 0 0 0 0 0 0 0 0 0 0 0 18 0 16 3 0 0 0 0 0 0 0 0 0 0 0 0 0 -999 
P1723 2069 10 0 0 0 0 0 0 0 0 0 0 0 7 0 4 0 0 17 77 112 130 39 38 50 0 0 0 63 90 105 0 0 
P1723 2069 11 0 0 22 54 18 16 62 94 77 0 2 0 0 0 0 0 0 10 0 0 0 0 0 0 0 0 0 0 0 25 -999 
P1723 2069 12 0 11 15 0 0 25 0 0 0 0 0 0 0 0 0 0 0 0 0 1 8 32 29 0 13 0 0 68 97 0 16 
P1723 2070 1 0 15 77 39 0 0 146 284 178 50 89 32 22 0 0 0 0 0 0 0 0 11 25 25 0 0 0 0 0 0 0 
P1723 2070 2 0 12 4 0 0 0 0 0 6 0 23 0 0 6 0 0 14 12 0 0 0 0 0 0 33 109 73 17 -999 -999 -999 
P1723 2070 3 42 27 24 0 0 0 0 0 0 0 68 18 0 0 78 40 33 71 98 125 226 43 0 0 0 0 22 32 20 0 0 
P1723 2070 4 21 0 0 15 8 0 0 57 73 36 0 14 21 50 0 28 18 24 11 0 0 32 33 0 0 16 28 19 0 0 -999 
P1723 2070 5 0 0 0 90 110 181 50 31 0 0 0 0 12 0 0 0 18 0 0 0 0 32 15 0 0 6 8 0 0 0 0 
P1723 2070 6 0 0 0 0 18 0 0 0 0 0 17 16 0 0 0 0 0 0 0 0 0 0 0 0 0 0 0 0 0 0 -999 
P1723 2070 7 0 0 0 0 0 0 0 0 0 0 0 0 0 0 0 0 0 0 0 0 0 0 0 0 0 0 0 0 0 0 0 
P1723 2070 8 0 0 0 0 0 0 0 0 0 0 0 0 0 0 0 0 0 0 0 0 0 0 0 0 0 0 0 0 0 0 0 
P1723 2070 9 0 0 0 0 0 0 0 0 0 3 0 0 0 0 0 0 0 16 0 0 0 0 0 0 0 0 0 0 0 0 -999 
P1723 2070 10 0 7 0 0 0 0 6 0 26 0 0 0 72 21 26 40 0 179 36 0 0 0 0 0 0 0 0 0 0 20 39 
P1723 2070 11 0 0 0 0 0 0 0 0 0 0 0 0 0 0 0 0 0 3 3 0 0 9 15 0 0 0 15 98 74 0 -999 
P1723 2070 12 25 61 0 0 9 0 0 0 43 0 62 0 47 20 10 22 34 0 57 63 37 110 57 0 30 41 0 35 183 157 0 
P1723 2071 1 6 16 0 45 66 0 0 26 70 122 65 72 99 43 0 0 72 44 0 0 25 0 0 14 24 92 96 53 0 0 0 
P1723 2071 2 0 0 0 1 18 45 23 0 24 45 58 55 32 21 51 82 80 0 33 36 17 0 0 0 15 0 7 0 -999 -999 -999 
P1723 2071 3 0 0 0 0 0 0 0 37 57 41 39 0 17 62 30 0 18 30 0 0 0 0 0 0 0 0 0 9 0 0 0 
P1723 2071 4 31 0 53 0 0 0 0 0 0 0 7 0 0 16 17 11 0 7 0 0 0 19 0 15 27 19 21 15 0 13 -999 
P1723 2071 5 0 0 30 0 0 45 0 0 21 17 13 0 0 0 10 10 0 0 0 0 0 0 12 0 0 0 0 0 0 16 0 
P1723 2071 6 0 0 0 18 0 0 0 15 0 0 0 0 0 0 0 3 0 29 0 8 0 0 0 0 0 0 0 0 0 0 -999 
P1723 2071 7 0 0 0 0 0 0 0 0 0 0 0 0 0 0 0 0 0 0 0 0 0 0 0 0 0 0 0 0 0 0 0 
P1723 2071 8 0 0 0 0 0 0 0 0 0 0 0 0 0 0 0 0 0 0 0 0 0 0 0 0 0 0 0 0 1 0 0 
P1723 2071 9 0 4 0 0 0 0 0 0 0 9 12 0 0 7 0 0 0 0 0 0 0 0 0 0 0 0 0 0 24 0 -999 
P1723 2071 10 0 0 0 0 0 0 3 0 0 12 9 0 0 0 0 0 71 0 0 0 0 0 27 0 1 0 0 63 59 41 87 
P1723 2071 11 0 76 103 67 0 0 18 0 0 0 0 0 0 0 0 9 0 3 0 25 17 14 11 31 31 0 0 0 0 0 -999 
P1723 2071 12 0 0 39 0 49 156 136 70 0 195 177 172 126 0 52 0 0 111 37 22 0 0 107 151 42 171 50 10 0 31 129 
P1723 2072 1 72 32 0 0 0 0 9 0 14 0 0 0 0 0 0 0 0 19 21 37 35 0 30 0 0 73 42 0 38 0 0 
P1723 2072 2 136 42 0 0 0 0 0 0 0 1 0 0 0 0 0 0 3 0 35 52 0 15 10 0 10 0 6 0 -999 -999 -999 
P1723 2072 3 0 0 0 0 0 8 0 0 0 0 0 0 0 0 0 0 12 12 0 17 0 0 0 41 0 0 0 47 42 31 20 
P1723 2072 4 0 0 0 0 0 0 0 0 0 23 0 0 0 0 0 0 0 0 0 0 0 0 12 0 0 0 0 0 34 0 -999 
P1723 2072 5 0 0 4 0 16 23 0 0 0 41 0 0 0 0 0 0 0 0 11 0 6 3 0 0 0 0 0 0 0 0 0 
P1723 2072 6 0 0 0 0 9 0 0 11 0 0 0 0 0 0 0 0 0 0 6 0 0 7 0 0 0 0 0 0 0 0 -999 
P1723 2072 7 0 0 0 0 0 0 0 0 0 1 0 0 0 0 0 0 0 0 0 0 10 0 0 0 0 0 0 0 0 0 0 
P1723 2072 8 3 0 0 0 0 0 0 0 0 0 0 0 0 0 0 0 0 0 0 0 0 0 0 0 0 0 0 0 0 0 0 
P1723 2072 9 0 0 0 0 0 0 5 0 0 0 0 0 0 0 0 0 0 0 0 0 20 0 0 0 21 48 15 0 0 0 -999 
P1723 2072 10 0 0 0 0 0 0 13 0 0 0 0 0 0 0 28 0 0 20 1 0 0 11 0 0 0 0 0 0 0 0 0 
P1723 2072 11 0 0 0 0 0 13 0 0 0 20 0 0 16 30 1 0 0 0 45 0 16 27 0 37 36 0 48 0 4 0 -999 
P1723 2072 12 0 42 55 32 15 17 0 0 0 6 2 0 12 0 0 0 36 0 9 16 70 27 9 24 82 80 20 6 0 48 38 
P1723 2073 1 0 0 0 0 0 0 0 0 5 1 3 0 3 0 0 0 0 13 37 40 51 44 0 0 0 0 15 11 0 0 0 
P1723 2073 2 71 148 0 104 30 0 6 0 0 0 0 13 0 0 0 0 8 0 0 0 0 0 0 8 30 88 56 0 -999 -999 -999 
P1723 2073 3 0 10 3 0 9 26 35 53 69 51 24 30 48 0 0 0 13 10 12 22 36 0 2 29 29 25 113 192 152 0 0 
P1723 2073 4 0 0 17 14 0 60 41 0 0 0 39 36 39 31 0 0 0 0 0 23 0 18 0 88 108 46 37 0 3 0 -999 
P1723 2073 5 0 17 0 0 0 14 0 0 0 0 0 0 0 0 28 73 38 9 0 0 0 0 0 0 14 32 0 0 0 0 0 
P1723 2073 6 0 0 0 0 0 0 0 0 0 0 0 0 0 0 0 0 0 0 0 0 0 19 0 0 0 0 0 0 0 0 -999 
P1723 2073 7 0 0 0 0 0 0 0 0 0 0 0 0 0 0 0 0 0 0 0 0 0 0 0 0 0 0 0 0 0 0 0 
P1723 2073 8 0 0 0 0 0 0 0 0 0 0 0 0 0 0 0 0 0 0 0 0 0 0 0 0 0 0 4 0 0 0 0 
P1723 2073 9 0 0 0 0 0 11 0 0 0 0 0 0 0 0 0 32 0 15 0 0 0 0 0 28 13 0 0 0 0 0 -999 
P1723 2073 10 0 0 0 0 0 0 0 0 0 3 0 0 0 8 0 0 0 0 0 0 0 0 0 0 0 0 0 0 0 2 0 
P1723 2073 11 0 22 0 0 0 0 0 0 10 0 0 0 0 0 44 0 0 0 171 0 105 135 16 12 18 0 25 0 0 0 -999 
P1723 2073 12 0 0 0 0 0 0 0 0 0 0 0 0 0 0 1 0 0 0 0 0 12 19 0 14 44 0 0 43 132 272 654 
P1723 2074 1 134 0 60 0 253 0 57 23 117 111 80 49 0 0 10 0 3 0 0 0 0 0 0 0 0 8 11 8 21 1 0 
P1723 2074 2 0 0 0 3 0 0 8 0 13 0 0 19 33 0 0 33 51 26 16 34 0 27 10 5 24 229 119 170 -999 -999 -999 
P1723 2074 3 103 0 11 0 0 0 51 16 12 0 7 32 43 0 0 0 0 26 0 12 53 83 0 0 33 0 0 0 0 0 0 
P1723 2074 4 0 0 0 0 0 0 9 0 21 0 0 0 0 0 0 0 0 0 0 70 0 0 4 0 0 0 0 10 0 0 -999 
P1723 2074 5 0 0 0 0 0 0 0 0 0 27 0 26 0 0 36 0 0 0 0 13 0 7 0 0 0 13 0 0 0 0 0 
P1723 2074 6 0 0 0 0 0 0 0 0 9 0 8 0 0 0 0 0 0 0 0 0 0 3 0 0 0 0 0 0 0 0 -999 
P1723 2074 7 0 0 0 0 0 0 0 0 0 0 0 0 0 0 0 0 0 0 0 0 0 0 0 0 0 0 0 0 0 0 0 
P1723 2074 8 0 0 0 0 6 0 0 0 0 0 0 0 0 0 0 0 0 0 0 0 0 0 0 0 0 0 0 0 0 15 0 
P1723 2074 9 0 0 0 0 0 0 0 0 0 0 0 0 0 0 0 0 0 0 0 0 0 0 0 0 0 0 0 0 0 0 -999 
P1723 2074 10 0 0 0 0 0 0 0 0 0 0 0 0 0 0 0 0 0 13 0 0 0 0 44 0 0 0 0 0 0 7 0 
P1723 2074 11 0 0 0 0 0 0 0 14 0 0 23 0 0 14 0 0 18 0 18 51 21 0 0 24 16 4 0 9 2 0 -999 
P1723 2074 12 0 0 0 0 0 0 0 0 14 0 46 47 67 0 0 3 0 0 2 0 0 0 0 0 0 0 0 0 10 34 0 
P1723 2075 1 2 0 0 0 0 0 0 0 0 0 0 19 0 9 36 13 0 0 0 0 0 24 36 35 17 5 0 0 0 0 0 
P1723 2075 2 0 27 0 77 48 98 64 137 129 80 205 257 0 0 16 0 0 0 38 0 0 0 44 0 0 0 0 0 -999 -999 -999 
P1723 2075 3 0 25 5 2 2 0 1 0 0 0 9 0 0 0 16 0 59 49 43 22 0 78 38 51 33 17 16 0 0 0 34 
P1723 2075 4 0 0 34 0 0 74 106 105 64 0 0 0 0 0 2 6 10 0 0 75 58 26 0 0 0 0 0 0 0 0 -999 
P1723 2075 5 0 0 42 0 0 0 0 10 0 0 27 21 0 0 0 0 0 0 0 0 0 0 19 0 3 0 0 0 0 0 0 
P1723 2075 6 0 21 23 13 0 0 0 0 27 0 0 0 0 7 3 0 0 0 0 0 0 0 0 0 0 0 0 0 0 0 -999 
P1723 2075 7 0 0 0 0 0 0 0 0 0 0 0 0 0 0 0 0 0 0 0 0 0 0 0 0 0 0 0 0 0 0 0 
P1723 2075 8 0 0 0 0 0 0 0 0 0 0 0 0 0 0 0 0 0 0 0 0 0 0 0 0 0 0 0 0 0 0 0 
P1723 2075 9 8 0 0 0 0 0 0 0 0 0 0 0 0 0 0 0 0 0 0 0 0 0 0 0 0 0 0 0 0 0 -999 
P1723 2075 10 0 0 30 52 23 0 0 99 100 0 0 13 0 22 0 0 8 16 0 0 0 2 0 0 0 22 0 47 94 165 45 
P1723 2075 11 11 0 0 0 0 116 109 64 0 0 0 0 31 49 159 60 15 0 14 4 0 53 0 24 0 0 0 0 0 0 -999 
P1723 2075 12 0 0 67 53 0 0 0 106 39 17 0 0 0 98 84 36 0 0 26 0 0 0 0 0 0 0 0 0 0 0 0 
P1723 2076 1 0 0 0 0 13 0 0 7 9 0 0 0 0 0 0 0 0 0 0 0 0 0 0 0 0 0 0 0 0 0 62 
P1723 2076 2 113 0 8 0 0 0 0 0 3 0 0 0 0 0 0 0 2 5 8 27 0 0 0 0 0 0 0 0 -999 -999 -999 
P1723 2076 3 0 42 20 0 0 0 39 40 0 28 24 0 0 0 0 0 0 0 0 26 0 20 0 22 0 0 0 0 0 0 0 
P1723 2076 4 0 0 0 0 39 0 19 12 0 0 11 20 28 14 0 0 0 23 0 23 7 0 10 18 0 0 9 9 0 0 -999 
P1723 2076 5 0 78 40 4 15 0 8 0 0 0 0 0 15 0 0 0 0 16 0 0 0 0 6 30 0 0 0 0 17 0 0 
P1723 2076 6 0 0 0 0 0 0 0 0 0 0 0 0 0 0 0 0 0 0 0 0 0 8 0 0 0 0 0 0 0 0 -999 
P1723 2076 7 0 0 0 0 0 5 0 0 0 0 0 0 0 0 0 0 0 0 0 0 0 0 0 0 0 0 0 0 0 0 0 
P1723 2076 8 0 0 0 0 0 0 0 0 0 0 0 9 0 0 0 0 0 0 0 0 0 0 0 0 0 10 0 0 0 0 0 
P1723 2076 9 33 0 0 0 0 0 0 6 0 0 0 0 0 0 0 0 0 0 0 0 0 18 0 0 0 0 0 0 0 0 -999 
P1723 2076 10 0 0 0 0 47 0 0 0 0 0 0 0 0 0 0 0 0 0 0 0 0 0 16 0 0 0 46 117 30 0 0 
P1723 2076 11 0 0 0 0 0 0 0 0 0 0 0 14 0 5 14 0 0 0 11 0 0 31 18 5 0 0 31 45 0 0 -999 
P1723 2076 12 0 0 0 0 0 0 0 0 44 40 45 52 16 0 7 23 0 0 0 0 0 0 0 0 17 0 35 39 32 23 21 
P1723 2077 1 0 0 0 0 0 0 0 2 15 0 0 0 5 0 33 0 0 0 0 0 0 8 0 0 0 0 21 0 0 0 0 
P1723 2077 2 0 49 0 45 0 0 99 34 29 56 0 0 0 0 0 36 48 57 95 37 21 0 0 29 47 0 10 0 -999 -999 -999 
P1723 2077 3 0 0 0 16 0 0 52 0 13 20 14 20 0 11 0 0 0 0 41 0 58 95 0 21 0 0 0 0 0 0 0 
P1723 2077 4 0 0 0 0 0 0 0 0 0 0 0 0 0 0 13 28 0 0 31 19 0 0 11 0 0 40 72 14 0 0 -999 
P1723 2077 5 0 0 21 0 0 0 0 0 33 30 0 0 0 0 0 0 0 22 0 0 0 0 0 0 0 0 0 19 0 0 0 
P1723 2077 6 0 0 58 38 0 0 18 13 20 0 0 0 0 0 0 3 0 0 0 0 0 0 0 0 0 0 0 0 0 0 -999 
P1723 2077 7 0 0 0 0 0 0 0 0 0 0 0 6 0 0 0 0 0 0 0 0 0 0 0 0 0 0 0 0 0 0 0 
P1723 2077 8 0 0 0 0 0 0 0 0 0 21 0 0 0 0 0 0 0 0 0 0 0 0 0 0 0 0 0 0 0 0 0 
P1723 2077 9 0 0 0 0 0 0 0 0 0 13 0 0 0 0 0 0 0 0 0 0 0 28 0 0 0 0 0 0 0 0 -999 
P1723 2077 10 33 0 31 0 0 0 0 0 0 0 8 0 0 0 6 0 15 0 0 9 27 52 85 0 0 0 14 0 61 29 53 
P1723 2077 11 0 0 0 0 9 0 0 35 105 65 40 0 0 69 83 38 45 0 0 0 0 0 0 0 0 0 0 0 0 86 -999 
P1723 2077 12 0 119 97 47 30 84 128 119 14 79 90 0 0 0 0 0 0 0 0 0 0 0 0 0 0 12 11 0 0 0 0 
P1723 2078 1 167 275 0 144 110 96 18 39 116 119 25 0 102 0 117 73 57 22 0 15 19 11 0 0 0 0 0 0 0 4 0 
P1723 2078 2 0 0 6 3 2 0 0 0 0 0 0 0 0 0 0 0 0 0 5 0 0 0 22 14 90 143 49 36 -999 -999 -999 
P1723 2078 3 0 0 0 0 0 21 66 107 34 0 0 0 0 0 86 72 118 0 74 72 50 29 34 70 21 0 0 15 11 9 0 
P1723 2078 4 77 42 0 0 0 0 0 0 0 0 19 10 0 69 17 26 0 17 0 0 0 0 0 0 0 35 0 0 0 0 -999 
P1723 2078 5 56 0 0 0 6 0 0 0 0 0 0 0 0 27 0 43 0 46 23 0 0 0 2 0 0 0 8 0 12 0 0 
P1723 2078 6 0 19 0 0 0 24 0 13 0 7 8 0 0 0 0 0 0 0 0 0 0 0 0 0 0 0 0 0 0 0 -999 
P1723 2078 7 0 0 0 0 0 8 11 0 0 0 0 0 0 0 0 0 0 0 0 0 0 0 0 0 0 0 0 0 0 0 0 
P1723 2078 8 0 0 0 0 0 0 0 0 0 0 0 0 0 0 0 0 0 0 0 0 0 0 0 0 6 0 0 0 0 0 0 
P1723 2078 9 0 0 0 0 0 0 0 11 0 0 0 0 0 4 13 17 0 35 0 0 0 0 0 0 0 0 0 0 0 0 -999 
P1723 2078 10 0 0 0 0 0 0 0 0 0 52 0 4 0 0 41 0 61 0 18 38 57 7 0 0 13 2 0 0 0 0 0 
P1723 2078 11 0 0 4 0 6 0 0 0 0 0 3 0 0 3 0 0 0 66 33 0 0 9 0 0 0 0 3 0 0 0 -999 
P1723 2078 12 0 0 0 6 0 11 0 0 0 17 64 0 0 0 0 25 0 13 2 0 0 0 0 27 9 100 139 34 26 257 221 
P1723 2079 1 0 7 46 38 0 0 0 0 0 0 4 0 3 0 0 2 0 0 0 0 27 23 4 0 0 0 0 7 8 0 6 
P1723 2079 2 0 0 0 0 0 7 10 0 0 0 6 0 0 0 0 0 2 0 0 0 0 0 24 0 42 0 0 19 -999 -999 -999 
P1723 2079 3 0 0 23 14 17 12 0 0 0 0 0 0 0 0 0 0 0 0 0 0 0 0 0 0 0 0 0 0 0 5 0 
P1723 2079 4 0 0 0 27 0 0 0 0 0 0 0 0 0 0 26 33 29 19 0 0 0 0 0 0 0 0 6 0 0 0 -999 
P1723 2079 5 0 0 4 0 0 0 0 4 0 14 0 0 13 0 0 0 0 0 0 0 0 0 0 0 0 0 0 0 0 0 0 
P1723 2079 6 0 0 0 0 0 0 0 0 0 0 0 0 0 0 0 0 0 0 0 0 0 0 0 0 0 0 0 0 0 0 -999 
P1723 2079 7 0 0 0 0 0 0 0 0 0 0 0 0 0 0 0 0 0 0 0 0 0 0 0 0 0 0 0 0 0 0 0 
P1723 2079 8 0 0 0 0 0 0 0 5 0 0 0 0 0 0 0 0 0 0 0 0 0 0 0 0 0 0 0 0 0 0 0 
P1723 2079 9 0 0 0 0 0 0 0 0 0 0 16 19 0 0 0 0 0 0 0 0 0 0 0 0 0 0 0 0 0 0 -999 
P1723 2079 10 0 0 0 0 6 0 0 0 0 0 2 0 0 0 0 0 0 0 0 54 34 38 32 15 0 0 25 0 0 0 0 
P1723 2079 11 0 0 0 21 56 80 64 36 0 0 0 0 61 65 63 0 79 166 90 0 0 0 31 16 24 16 2 0 0 3 -999 
P1723 2079 12 0 26 23 19 7 13 0 0 0 0 0 0 0 0 0 0 0 0 0 0 0 0 0 0 0 0 0 0 14 15 0 
P1723 2080 1 0 0 0 0 17 0 0 0 0 0 0 25 0 0 0 0 0 0 0 0 0 0 0 0 12 16 25 0 31 0 0 
P1723 2080 2 0 4 4 0 8 4 0 29 95 198 214 170 121 0 0 15 0 0 62 100 66 0 0 0 0 0 10 39 -999 -999 -999 
P1723 2080 3 65 57 0 53 0 47 61 62 99 105 92 96 28 0 0 1 0 0 0 0 0 0 1 0 0 0 0 0 23 42 27 
P1723 2080 4 0 0 0 0 0 12 17 0 0 0 0 0 0 0 0 0 0 0 0 0 0 0 46 0 0 24 18 0 0 18 -999 
P1723 2080 5 14 0 0 0 0 0 0 0 0 0 0 0 0 22 0 0 0 0 0 0 0 0 0 0 0 0 0 0 0 0 0 
P1723 2080 6 35 0 0 0 0 26 0 2 0 0 0 0 11 0 0 0 0 0 0 19 0 0 0 0 15 0 0 0 0 7 -999 
P1723 2080 7 0 0 0 0 0 0 0 0 0 0 0 0 0 0 0 0 0 0 0 0 0 0 0 0 0 0 0 0 0 0 0 
P1723 2080 8 0 0 0 0 0 0 0 0 0 0 0 0 0 0 0 0 0 0 0 0 0 0 0 0 0 0 0 0 0 0 0 
P1723 2080 9 0 0 0 0 0 0 0 0 0 0 0 0 0 0 2 0 0 0 0 0 0 0 0 14 0 0 29 0 0 0 -999 
P1723 2080 10 0 0 50 81 77 60 26 0 56 51 20 0 54 0 0 0 0 0 0 0 0 0 0 0 0 0 0 0 2 0 0 
P1723 2080 11 22 31 25 0 0 34 0 0 0 20 0 0 0 0 0 0 15 16 0 0 0 0 0 5 5 0 0 0 0 0 -999 
P1723 2080 12 0 63 101 157 141 137 229 166 79 0 0 0 0 0 0 0 0 0 0 0 0 19 0 13 0 88 13 0 0 0 59 
P1723 2081 1 110 126 174 113 64 0 0 2 0 0 0 0 48 0 63 26 0 0 81 196 140 73 50 29 0 33 44 21 35 0 50 
P1723 2081 2 0 8 0 0 29 0 69 24 0 0 0 0 0 0 0 0 10 14 20 0 9 5 42 70 47 0 0 24 -999 -999 -999 
P1723 2081 3 0 20 0 124 32 33 0 0 0 0 0 0 31 0 0 7 64 132 99 98 93 176 100 50 13 0 0 0 58 49 79 
P1723 2081 4 71 23 25 8 0 0 17 11 14 25 41 0 0 10 37 21 0 0 0 0 13 0 0 0 53 27 19 73 40 116 -999 
P1723 2081 5 65 67 29 0 48 0 0 0 0 74 0 15 0 39 36 0 0 2 0 0 19 0 0 0 9 0 0 0 0 0 0 
P1723 2081 6 0 0 0 0 0 0 0 0 0 0 0 0 0 0 0 0 0 0 0 0 0 1 0 0 0 0 0 0 0 0 -999 
P1723 2081 7 0 0 0 0 0 0 0 0 0 0 12 0 0 0 0 0 0 0 0 0 0 0 0 0 0 0 0 0 0 0 0 
P1723 2081 8 0 0 0 0 0 0 0 0 0 0 0 0 0 0 0 0 0 0 0 0 0 0 0 0 0 0 0 0 0 43 0 
P1723 2081 9 0 0 0 0 0 0 0 0 0 0 0 0 0 0 0 0 0 0 17 0 0 0 0 0 0 0 0 0 0 0 -999 
P1723 2081 10 0 0 21 0 0 0 0 0 0 0 16 0 12 9 0 0 2 0 11 0 0 0 3 0 0 0 0 5 0 0 0 
P1723 2081 11 48 0 0 84 36 0 0 0 0 0 0 0 0 0 0 0 224 205 90 0 0 0 0 15 0 0 0 0 0 43 -999 
P1723 2081 12 18 0 27 0 17 93 65 63 0 42 33 124 162 123 64 47 27 0 17 0 0 12 0 0 0 0 54 0 0 0 0 
P1723 2082 1 0 13 0 0 0 0 0 0 0 26 63 0 28 13 15 0 82 62 0 37 135 250 70 53 72 102 124 0 0 0 0 
P1723 2082 2 0 0 0 0 0 0 0 0 0 0 0 0 0 0 0 0 0 0 0 2 0 13 0 0 49 0 24 0 -999 -999 -999 
P1723 2082 3 37 51 0 0 0 36 8 0 0 0 0 0 3 19 0 0 2 0 71 0 0 0 0 0 0 19 7 12 54 0 0 
P1723 2082 4 0 0 0 0 0 0 0 62 0 0 0 0 0 0 0 14 10 0 0 0 0 14 9 0 0 0 0 0 0 0 -999 
P1723 2082 5 0 9 0 0 0 0 0 0 0 0 0 0 17 0 0 0 0 0 0 0 0 0 0 0 2 0 0 0 0 0 0 
P1723 2082 6 20 0 0 0 0 0 0 0 0 0 0 0 0 0 0 0 0 0 0 0 0 4 0 0 0 0 0 0 0 0 -999 
P1723 2082 7 0 19 0 0 0 0 0 0 0 0 0 0 0 0 0 0 0 0 0 0 0 0 0 0 0 0 0 0 0 0 4 
P1723 2082 8 0 0 0 0 23 0 0 0 0 0 0 9 0 0 0 0 0 0 0 0 0 0 0 0 0 0 0 0 0 0 0 
P1723 2082 9 0 0 0 0 0 0 0 0 0 0 0 0 0 0 0 0 0 0 0 0 0 0 0 0 0 0 0 0 0 0 -999 
P1723 2082 10 0 0 7 0 0 0 0 0 0 0 0 0 0 0 13 0 0 0 29 20 13 0 49 0 0 2 0 0 10 0 0 
P1723 2082 11 56 75 60 16 0 0 0 0 7 0 0 0 0 0 0 27 97 117 0 0 0 0 0 0 0 0 0 0 0 0 -999 
P1723 2082 12 0 0 0 0 0 0 0 0 0 0 0 0 19 0 15 22 36 0 0 0 0 0 0 0 0 0 0 0 0 0 0 
P1723 2083 1 22 37 61 52 19 10 11 48 29 0 2 0 7 0 0 0 32 49 0 17 7 30 0 11 0 0 0 0 16 30 0 
P1723 2083 2 12 46 60 0 0 12 57 42 38 125 122 46 17 0 0 0 51 200 0 100 90 74 34 34 138 202 79 57 -999 -999 -999 
P1723 2083 3 58 28 29 0 1 4 0 0 0 0 0 0 0 0 28 17 0 0 0 0 0 0 171 132 116 64 199 64 0 1 0 
P1723 2083 4 15 0 0 9 20 0 66 19 1 0 0 0 0 33 43 25 0 0 0 0 0 0 0 0 0 0 0 7 0 10 -999 
P1723 2083 5 0 0 0 0 27 0 31 0 45 0 0 0 21 18 0 47 50 30 16 25 5 0 13 24 37 80 91 0 29 22 26 
P1723 2083 6 38 35 19 0 0 0 11 21 0 0 17 0 0 0 0 0 0 0 0 0 0 0 0 0 0 0 0 0 0 0 -999 
P1723 2083 7 0 0 0 0 0 0 0 0 0 0 0 0 0 0 0 0 0 0 0 0 0 0 0 0 0 0 0 0 0 0 0 
P1723 2083 8 0 0 0 0 0 0 0 0 0 0 0 0 0 0 0 0 0 0 0 0 0 0 0 0 0 0 0 0 0 0 0 
P1723 2083 9 0 0 0 0 0 0 0 0 0 0 0 0 0 0 0 0 0 0 0 0 0 0 0 0 0 0 0 0 0 0 -999 
P1723 2083 10 0 0 7 31 44 18 0 0 0 0 0 0 2 0 0 0 0 0 0 0 45 0 0 47 39 0 0 0 0 0 0 
P1723 2083 11 0 0 0 0 57 0 0 0 0 0 0 0 104 0 11 0 0 53 3 0 0 0 0 0 0 20 0 0 17 0 -999 
P1723 2083 12 0 25 9 0 17 0 48 105 157 34 0 0 0 116 192 33 21 20 44 67 0 5 0 0 9 0 2 0 0 8 0 
P1723 2084 1 0 0 0 0 0 0 0 11 21 0 0 0 0 4 0 0 51 69 0 6 0 51 31 0 54 67 44 55 0 52 37 
P1723 2084 2 8 0 0 6 0 0 0 61 49 54 0 0 64 20 8 0 0 0 0 0 0 0 7 0 0 43 0 0 -999 -999 -999 
P1723 2084 3 0 40 41 0 56 0 1 0 0 0 19 0 0 0 0 74 193 109 0 28 22 0 0 0 0 0 0 0 0 0 0 
P1723 2084 4 0 24 0 0 0 0 0 0 0 9 20 0 0 0 0 0 0 0 0 0 0 0 0 0 0 0 0 0 0 0 -999 
P1723 2084 5 0 0 0 15 0 0 0 0 0 0 3 0 0 0 2 0 0 0 0 0 2 0 0 0 0 0 0 0 0 0 0 
P1723 2084 6 0 0 0 0 0 0 0 0 0 0 0 15 0 0 0 0 0 0 0 0 0 0 0 0 0 0 0 0 0 0 -999 
P1723 2084 7 0 0 0 0 0 0 7 0 0 0 0 0 0 0 0 0 0 0 0 0 0 0 0 0 0 0 0 0 0 0 0 
P1723 2084 8 0 0 0 0 0 0 0 0 4 0 0 0 0 0 0 0 0 0 0 0 0 0 0 0 0 0 0 0 0 0 0 
P1723 2084 9 0 0 0 0 0 0 0 0 0 0 0 0 0 0 45 0 0 0 0 8 0 0 0 0 0 0 0 0 0 0 -999 
P1723 2084 10 0 0 0 0 0 0 0 0 0 0 0 0 0 0 0 0 0 0 0 0 0 0 0 0 0 0 0 53 129 160 72 
P1723 2084 11 0 37 101 0 17 24 19 114 128 23 0 6 0 0 0 0 0 0 0 8 0 0 0 0 0 0 16 66 24 15 -999 
P1723 2084 12 0 0 0 0 34 8 0 98 77 86 131 146 200 0 32 0 44 0 0 0 0 0 0 0 0 0 0 15 17 6 0 
P1723 2085 1 0 0 0 0 0 0 0 0 0 0 0 0 0 0 0 18 9 3 0 1 4 0 93 111 85 0 0 0 0 2 0 
P1723 2085 2 0 0 0 0 0 38 0 0 0 35 50 58 25 0 0 0 0 0 0 2 0 0 10 0 6 0 0 0 -999 -999 -999 
P1723 2085 3 0 0 0 0 0 0 0 0 42 75 33 94 102 36 69 65 10 0 0 0 0 11 0 0 0 14 0 0 0 0 0 
P1723 2085 4 0 0 0 0 0 0 0 0 0 0 0 96 94 0 125 80 0 0 0 0 0 0 0 0 0 0 0 0 0 29 -999 
P1723 2085 5 0 0 0 16 0 0 44 79 90 0 0 0 0 0 0 0 0 0 0 0 0 0 4 0 0 0 0 0 0 0 0 
P1723 2085 6 0 0 0 0 0 0 0 0 0 24 0 0 0 7 0 8 0 0 0 0 0 0 0 0 0 0 0 0 0 0 -999 
P1723 2085 7 0 0 0 0 0 0 14 0 0 0 0 0 0 0 0 0 0 0 0 0 0 0 0 0 0 0 0 0 0 0 0 
P1723 2085 8 0 0 0 0 0 0 0 0 0 0 0 0 0 0 0 0 0 0 0 0 0 0 0 0 0 0 0 0 0 0 0 
P1723 2085 9 0 0 0 0 26 24 0 10 0 0 0 0 0 0 0 0 0 0 0 0 0 15 0 0 0 0 0 0 0 0 -999 
P1723 2085 10 0 25 0 0 0 0 0 10 0 0 0 0 0 30 23 0 17 0 0 0 0 2 0 0 0 0 0 33 0 99 16 
P1723 2085 11 0 0 0 15 11 6 0 0 0 0 0 1 0 0 10 0 87 20 15 94 34 23 0 0 0 0 0 30 51 22 -999 
P1723 2085 12 77 56 10 0 76 0 0 0 0 0 6 0 30 0 0 0 22 0 0 0 0 38 40 0 0 0 0 5 0 0 8 
P1723 2086 1 5 0 15 22 11 13 0 0 0 0 0 21 0 70 0 0 61 126 38 76 0 0 13 0 42 0 17 0 0 22 16 
P1723 2086 2 22 0 126 26 0 0 101 95 24 0 0 29 0 0 0 0 0 0 0 0 0 0 0 0 0 0 0 0 -999 -999 -999 
P1723 2086 3 0 0 0 0 2 0 0 0 0 0 0 0 49 0 0 9 4 0 0 0 3 0 0 0 8 0 0 7 10 0 0 
P1723 2086 4 0 0 0 0 0 0 0 0 0 0 0 0 22 0 0 31 0 13 0 0 0 0 0 17 34 0 37 0 0 0 -999 
P1723 2086 5 0 24 16 44 32 0 0 9 0 0 0 0 0 0 0 0 0 0 0 0 0 0 0 0 0 0 0 0 0 0 0 
P1723 2086 6 0 0 0 9 0 0 0 0 0 0 0 0 0 0 0 19 0 29 0 23 0 8 0 0 0 0 0 0 0 0 -999 
P1723 2086 7 0 0 0 0 0 0 0 0 0 0 3 0 0 0 0 0 0 0 0 0 0 0 0 0 0 0 0 0 0 0 0 
P1723 2086 8 0 0 0 0 0 0 0 0 0 0 0 0 0 0 0 0 0 0 0 0 0 0 0 0 0 0 0 0 0 0 0 
P1723 2086 9 0 0 0 0 0 0 0 0 0 0 0 0 0 20 0 12 0 0 0 0 0 0 0 0 0 0 0 0 0 0 -999 
P1723 2086 10 0 0 0 0 6 0 0 0 0 0 0 18 0 4 0 0 0 0 0 0 0 0 5 0 33 0 41 0 17 75 33 
P1723 2086 11 0 0 0 0 0 19 7 6 0 0 21 16 0 0 10 6 0 0 32 27 35 0 0 0 0 0 0 0 24 6 -999 
P1723 2086 12 6 0 0 0 0 0 0 0 0 0 0 0 0 0 5 1 0 6 41 35 0 69 134 0 5 0 5 0 0 0 0 
P1723 2087 1 0 0 0 0 0 15 0 61 44 0 0 0 0 0 0 0 0 0 7 0 14 0 0 0 0 0 4 0 1 0 34 
P1723 2087 2 60 46 0 0 0 0 0 0 0 0 0 0 0 0 15 0 0 0 0 0 0 0 0 0 16 0 0 40 -999 -999 -999 
P1723 2087 3 77 0 52 0 23 0 0 0 34 82 76 118 0 0 0 0 0 15 0 31 0 29 0 36 0 0 0 0 0 0 0 
P1723 2087 4 0 0 0 0 0 12 0 0 0 0 0 3 0 0 28 26 36 0 9 0 17 61 43 46 73 30 18 0 0 0 -999 
P1723 2087 5 0 0 0 28 16 0 0 0 12 0 37 15 0 0 0 0 0 0 0 0 0 0 0 0 0 0 0 0 0 0 0 
P1723 2087 6 0 0 0 0 0 0 0 0 0 0 0 0 0 0 0 0 0 0 0 0 0 0 0 0 0 0 3 2 0 0 -999 
P1723 2087 7 0 0 0 0 0 0 0 0 0 0 0 0 0 0 0 0 0 0 0 0 0 0 0 0 0 0 0 0 0 0 0 
P1723 2087 8 0 0 0 0 0 0 0 0 0 0 0 0 0 0 0 0 0 0 0 0 0 0 0 0 0 0 0 0 0 0 0 
P1723 2087 9 0 13 0 0 0 0 0 0 0 0 0 0 0 11 0 0 0 0 0 0 0 0 0 0 0 0 0 0 0 0 -999 
P1723 2087 10 0 0 0 0 0 0 7 0 0 0 0 0 0 5 1 0 0 0 0 0 0 0 0 0 0 0 0 6 0 0 0 
P1723 2087 11 0 0 0 0 0 1 0 1 0 0 0 0 0 0 0 0 0 0 0 0 0 0 0 0 0 0 0 0 0 14 -999 
P1723 2087 12 16 11 0 3 0 0 0 34 0 0 1 0 0 0 0 0 0 5 8 0 0 0 168 55 27 113 41 21 99 0 29 
P1723 2088 1 21 0 44 5 0 0 0 0 2 0 0 0 0 0 0 0 0 0 0 0 0 0 0 0 0 0 0 0 13 0 0 
P1723 2088 2 0 8 0 11 29 0 119 150 168 0 7 0 3 0 0 0 0 0 0 0 0 0 0 33 30 22 30 35 -999 -999 -999 
P1723 2088 3 54 96 119 67 22 0 0 0 0 0 0 0 0 0 0 0 0 33 0 0 0 6 0 0 17 2 25 0 0 0 0 
P1723 2088 4 0 0 0 0 0 49 91 98 0 29 39 0 0 34 0 21 0 0 5 0 0 17 0 16 0 0 0 0 0 0 -999 
P1723 2088 5 0 0 0 0 0 21 26 0 0 0 0 9 0 18 0 0 0 0 0 0 0 7 0 0 0 0 0 0 0 0 0 
P1723 2088 6 0 0 0 0 0 0 0 0 0 0 0 0 0 0 0 0 0 0 0 0 0 0 0 0 0 0 0 0 0 0 -999 
P1723 2088 7 0 0 0 0 0 0 0 0 0 0 0 0 0 0 0 0 0 10 0 0 0 0 0 10 0 0 0 0 0 0 0 
P1723 2088 8 0 0 0 0 0 0 0 0 0 0 0 0 0 0 0 0 0 0 0 0 0 0 0 0 0 0 0 0 0 0 0 
P1723 2088 9 0 0 0 0 0 0 0 0 0 30 0 0 0 0 0 0 0 0 0 0 0 0 0 0 0 0 0 0 0 0 -999 
P1723 2088 10 0 0 0 0 0 0 0 0 13 16 0 22 0 0 0 0 0 0 0 0 0 34 45 54 72 145 186 54 0 0 0 
P1723 2088 11 0 0 0 0 0 2 0 0 0 0 0 32 0 19 45 32 22 155 23 5 0 0 3 0 0 0 0 42 92 19 -999 
P1723 2088 12 0 47 39 63 88 0 103 93 0 0 0 0 9 0 0 32 0 0 0 0 0 0 0 0 0 0 0 0 17 0 0 
P1723 2089 1 0 0 0 0 40 19 0 54 125 130 154 217 162 0 0 0 0 0 0 0 0 0 0 0 0 0 0 10 0 0 22 
P1723 2089 2 26 25 8 34 69 168 0 122 205 57 49 130 196 73 12 4 0 0 0 0 0 0 0 0 0 0 0 26 -999 -999 -999 
P1723 2089 3 34 0 73 62 0 0 0 0 0 0 0 0 17 35 62 85 64 16 7 0 8 3 0 58 176 0 20 0 0 63 192 
P1723 2089 4 202 132 33 0 2 4 0 0 0 0 0 0 0 0 0 0 0 0 0 0 23 32 0 34 64 89 56 30 0 0 -999 
P1723 2089 5 0 0 0 6 0 0 0 0 0 0 0 0 0 0 0 0 0 0 0 24 0 0 0 0 0 0 0 0 0 0 0 
P1723 2089 6 0 0 0 0 0 0 0 0 0 0 0 0 0 0 0 0 0 0 0 0 0 0 0 0 0 0 0 0 0 0 -999 
P1723 2089 7 0 0 0 6 0 0 0 0 0 0 0 0 0 0 0 20 0 0 0 0 0 0 0 0 0 0 0 0 0 0 0 
P1723 2089 8 0 0 0 0 0 0 0 0 0 0 0 0 0 0 10 12 0 0 0 0 0 0 0 0 0 0 0 0 0 0 0 
P1723 2089 9 0 0 0 10 0 0 0 0 0 0 0 0 0 0 0 0 0 0 0 0 0 0 0 0 0 0 0 0 0 0 -999 
P1723 2089 10 0 0 0 0 0 0 0 0 0 0 0 0 0 0 0 0 0 0 0 0 0 0 0 0 17 0 0 0 0 10 0 
P1723 2089 11 0 0 36 0 0 0 0 0 0 0 0 0 0 4 0 0 0 0 19 0 0 0 0 102 128 68 28 0 49 179 -999 
P1723 2089 12 227 0 0 0 0 0 32 68 53 0 33 1 0 0 0 0 0 0 5 10 0 0 0 0 0 0 0 0 0 0 0 
P1723 2090 1 4 0 3 0 0 0 0 6 26 47 12 41 92 79 66 14 0 0 0 0 0 0 0 0 0 16 0 23 4 0 0 
P1723 2090 2 0 0 0 0 57 70 43 0 30 51 41 46 22 22 0 0 43 0 0 0 6 18 0 0 40 0 87 135 -999 -999 -999 
P1723 2090 3 195 68 0 8 0 3 0 0 0 0 0 60 78 77 85 0 0 15 0 39 0 28 13 12 0 0 5 0 16 25 31 
P1723 2090 4 27 27 46 39 0 0 23 21 30 23 0 28 0 44 91 0 0 0 0 0 0 0 0 0 0 0 0 0 0 0 -999 
P1723 2090 5 21 0 0 0 0 0 3 0 0 0 0 0 0 0 0 0 0 13 0 0 0 0 26 0 0 0 0 0 47 57 36 
P1723 2090 6 0 0 9 2 0 0 0 0 0 0 0 0 0 0 29 17 0 0 0 0 0 0 0 0 0 0 0 0 0 0 -999 
P1723 2090 7 0 0 0 0 0 0 0 0 0 0 0 0 0 0 25 0 0 0 0 0 0 0 0 0 0 0 0 8 0 0 0 
P1723 2090 8 0 0 0 0 0 0 0 0 0 0 0 0 0 0 0 0 0 0 0 0 0 0 0 0 0 0 0 0 0 0 0 
P1723 2090 9 0 0 0 0 0 0 0 0 0 0 0 0 0 0 0 0 0 0 0 0 11 0 0 0 0 0 0 0 18 0 -999 
P1723 2090 10 11 0 0 0 0 45 0 0 0 0 0 0 0 25 0 0 0 0 0 5 0 0 0 43 34 0 0 29 44 28 32 
P1723 2090 11 4 0 0 0 0 0 0 0 0 27 0 31 11 48 45 0 0 0 0 0 0 0 25 0 38 0 0 0 0 0 -999 
P1723 2090 12 0 121 0 39 0 43 0 0 20 40 0 0 22 38 41 0 12 0 0 0 0 0 0 21 33 17 0 0 0 0 0 
P1723 2091 1 0 0 0 0 8 0 23 28 0 7 0 18 44 30 0 10 0 18 29 0 0 0 3 0 0 0 0 0 10 0 0 
P1723 2091 2 0 14 0 0 2 6 0 0 0 0 0 0 6 0 0 0 0 41 194 97 76 76 72 25 30 0 28 26 -999 -999 -999 
P1723 2091 3 20 7 7 23 63 0 37 0 0 0 5 0 0 0 23 31 0 25 0 5 0 13 0 0 0 0 0 0 0 0 0 
P1723 2091 4 0 0 0 0 2 0 0 20 0 0 0 36 34 22 0 0 39 40 22 8 11 0 9 0 0 0 0 0 0 0 -999 
P1723 2091 5 0 0 31 0 39 0 0 0 0 7 10 0 0 0 0 0 0 0 0 0 0 0 13 0 0 0 0 0 0 0 0 
P1723 2091 6 0 0 0 12 13 14 7 0 0 0 19 0 0 0 36 0 0 0 7 0 0 0 0 0 0 0 0 0 0 0 -999 
P1723 2091 7 0 0 0 0 6 0 0 26 0 0 0 0 0 0 0 0 0 0 0 0 0 0 0 0 0 0 0 0 0 0 0 
P1723 2091 8 0 0 0 0 0 0 0 0 0 0 0 0 0 0 0 0 0 0 0 0 0 0 12 0 0 0 0 0 0 0 0 
P1723 2091 9 0 0 0 0 2 0 0 0 0 0 0 0 0 0 0 0 0 0 0 0 7 0 0 0 5 0 0 0 0 0 -999 
P1723 2091 10 0 0 0 0 0 0 0 0 0 34 50 0 45 0 16 0 34 11 0 0 0 0 0 0 0 61 78 0 157 94 65 
P1723 2091 11 75 0 0 0 0 0 0 0 6 4 0 0 12 19 33 27 0 22 14 0 0 15 59 0 0 0 56 0 0 0 -999 
P1723 2091 12 73 48 0 0 0 33 0 9 0 0 0 0 0 0 0 0 0 11 0 9 0 0 0 27 0 0 0 22 0 0 0 
P1723 2092 1 0 0 0 0 0 0 12 0 0 0 8 0 11 0 45 0 120 81 160 201 102 0 15 74 40 27 134 62 108 89 0 
P1723 2092 2 43 77 47 4 0 172 99 0 0 177 0 20 29 84 28 33 43 77 20 63 26 7 38 19 0 0 0 0 -999 -999 -999 
P1723 2092 3 37 0 0 0 0 0 108 63 15 12 16 25 23 32 99 128 38 32 24 72 87 0 159 390 96 0 20 46 51 0 38 
P1723 2092 4 0 56 77 45 46 0 0 0 5 0 0 25 0 0 15 0 0 0 0 0 0 0 0 0 0 0 36 55 56 35 -999 
P1723 2092 5 0 0 0 0 6 0 0 16 19 0 0 0 0 0 0 0 65 0 0 6 0 0 0 0 0 0 0 0 0 0 0 
P1723 2092 6 0 8 0 0 0 0 0 0 0 0 0 0 0 0 0 0 0 0 0 0 0 0 0 0 0 0 0 0 0 0 -999 
P1723 2092 7 0 0 0 0 0 0 0 0 0 0 0 0 0 0 0 0 0 0 0 0 0 0 0 0 0 0 0 0 0 0 0 
P1723 2092 8 0 0 16 0 0 0 0 0 0 0 0 0 0 0 0 0 0 0 0 0 0 0 0 0 0 0 0 0 0 0 0 
P1723 2092 9 0 0 0 0 0 0 0 0 0 0 0 0 0 0 0 0 0 0 0 0 0 0 0 0 3 0 0 0 0 0 -999 
P1723 2092 10 0 0 0 0 0 0 0 0 0 0 58 69 0 5 0 0 0 0 0 38 0 0 0 9 0 0 0 0 0 0 0 
P1723 2092 11 0 0 33 82 0 0 0 8 8 0 7 62 219 166 114 0 12 17 30 0 0 17 0 140 58 30 0 0 0 1 -999 
P1723 2092 12 0 0 25 0 0 0 19 0 65 62 20 0 0 0 24 0 22 18 0 104 240 116 111 61 29 75 0 0 92 55 0 
P1723 2093 1 87 98 83 0 28 0 36 0 0 61 117 143 0 84 149 140 0 54 34 0 0 0 0 0 0 0 0 0 106 83 122 
P1723 2093 2 98 45 4 0 0 0 0 0 0 0 0 14 0 0 36 0 61 0 0 77 75 52 9 0 0 10 0 25 -999 -999 -999 
P1723 2093 3 0 0 0 0 0 14 0 23 0 0 148 38 26 22 7 0 0 0 0 0 0 0 10 0 0 53 56 40 0 13 36 
P1723 2093 4 0 0 0 0 0 0 0 0 26 0 0 0 0 0 0 0 0 0 10 0 0 0 0 19 0 39 0 0 0 0 -999 
P1723 2093 5 0 36 59 0 0 0 0 6 0 0 0 0 0 0 0 0 0 8 25 35 0 18 7 0 13 7 0 0 0 9 0 
P1723 2093 6 0 0 0 0 0 0 0 0 0 0 0 0 0 0 0 0 0 0 0 0 0 0 0 0 0 0 0 0 0 0 -999 
P1723 2093 7 0 0 0 0 0 0 0 0 0 0 0 0 0 4 0 0 0 0 0 0 0 0 0 0 0 0 0 0 0 0 0 
P1723 2093 8 0 0 0 0 0 0 0 0 0 0 0 0 0 0 0 0 0 0 0 0 0 0 0 0 0 0 0 0 0 0 0 
P1723 2093 9 0 0 0 0 13 0 0 0 0 0 0 0 0 0 0 0 0 0 0 0 0 0 0 0 0 0 0 0 0 38 -999 
P1723 2093 10 0 0 0 0 0 0 21 33 0 0 0 0 40 0 0 151 82 44 0 0 0 0 0 5 10 0 0 0 0 4 0 
P1723 2093 11 32 30 0 0 0 0 0 0 0 0 0 0 0 0 0 0 0 0 0 0 0 8 0 0 0 0 0 0 0 0 -999 
P1723 2093 12 0 0 0 1 0 0 0 0 0 0 3 0 0 0 0 0 0 0 0 0 0 0 0 2 0 0 0 0 0 0 0 
P1723 2094 1 0 0 15 0 12 0 0 27 0 27 0 6 0 0 0 0 60 121 108 67 51 137 179 183 169 64 56 160 26 115 52 
P1723 2094 2 79 0 104 118 16 7 0 0 3 0 0 0 0 0 0 0 0 0 0 0 4 0 0 0 0 0 0 0 -999 -999 -999 
P1723 2094 3 0 0 0 0 0 5 0 0 0 0 0 0 3 0 0 0 0 0 11 0 45 25 0 24 0 0 0 18 0 141 82 
P1723 2094 4 181 185 95 12 19 0 76 49 0 0 0 0 0 0 0 0 0 0 0 0 0 0 0 0 0 0 0 0 0 0 -999 
P1723 2094 5 0 0 0 0 0 0 0 0 0 0 0 0 0 0 0 0 0 0 0 0 0 0 0 0 0 0 0 0 0 0 0 
P1723 2094 6 0 0 0 18 0 0 0 0 0 0 0 0 0 0 9 0 0 0 0 0 0 0 0 24 0 0 0 0 0 0 -999 
P1723 2094 7 0 0 0 0 0 0 0 0 0 0 0 0 0 0 0 0 0 0 0 0 0 0 0 0 0 0 0 0 0 0 0 
P1723 2094 8 0 0 0 0 0 0 0 25 0 0 0 0 0 0 0 0 0 0 0 0 0 0 0 0 0 0 0 0 0 0 0 
P1723 2094 9 0 0 0 0 0 8 0 0 0 0 0 0 0 0 0 0 0 5 0 0 10 0 0 0 0 0 19 11 0 0 -999 
P1723 2094 10 0 0 0 0 0 0 0 0 0 0 0 0 0 0 10 0 0 15 49 30 59 20 83 46 0 0 0 0 0 0 0 
P1723 2094 11 0 0 0 0 0 0 4 0 0 0 0 0 77 0 25 12 0 26 19 0 0 0 0 55 30 29 24 0 0 0 -999 
P1723 2094 12 0 0 0 4 0 0 0 1 0 0 0 0 0 0 0 0 0 29 45 0 0 0 0 0 3 0 0 0 0 0 0 
P1723 2095 1 76 66 109 134 58 19 0 110 119 24 28 19 18 9 34 0 0 0 0 0 10 13 0 30 0 0 0 125 19 0 39 
P1723 2095 2 36 0 0 0 0 11 18 0 9 0 0 0 0 0 0 0 26 0 0 0 0 0 0 0 0 0 0 0 -999 -999 -999 
P1723 2095 3 0 0 0 0 0 0 0 0 0 0 8 0 0 0 0 0 0 0 0 0 0 0 19 0 0 0 0 69 66 0 0 
P1723 2095 4 42 115 87 0 8 5 0 0 0 0 0 0 0 25 0 21 0 0 0 0 0 0 59 85 22 3 0 0 0 0 -999 
P1723 2095 5 0 0 0 0 0 0 0 0 0 0 0 0 0 0 0 0 0 0 0 0 0 0 0 0 0 0 0 0 0 10 0 
P1723 2095 6 0 0 0 0 0 0 16 29 0 0 0 0 0 0 0 0 0 20 0 35 41 0 0 0 0 0 0 0 0 0 -999 
P1723 2095 7 0 0 0 0 0 0 0 0 0 0 0 0 0 0 0 0 0 0 0 0 0 0 0 0 8 0 0 0 0 0 0 
P1723 2095 8 0 0 0 0 0 0 0 0 0 0 0 0 0 0 0 0 0 0 0 0 0 13 0 16 0 0 0 0 0 0 0 
P1723 2095 9 0 0 0 0 0 0 0 0 0 0 0 0 41 0 0 0 0 9 0 0 0 0 0 0 0 0 0 0 0 0 -999 
P1723 2095 10 4 0 10 0 0 0 16 12 0 0 0 0 0 0 0 0 57 0 0 0 0 0 0 0 0 0 0 0 0 0 0 
P1723 2095 11 0 0 0 74 0 17 46 0 56 18 0 46 32 0 7 8 17 4 1 0 0 63 0 71 0 0 0 0 0 0 -999 
P1723 2095 12 0 0 0 6 0 3 16 65 0 40 0 0 36 0 119 0 0 17 20 0 0 12 0 0 187 158 60 0 0 14 35 
P1723 2096 1 53 2 0 0 73 0 93 112 108 93 32 13 11 40 55 0 0 3 1 0 0 0 0 0 0 0 0 0 3 0 0 
P1723 2096 2 0 29 0 67 0 0 0 0 9 0 0 0 0 70 110 0 3 0 0 0 0 0 0 0 6 0 0 0 -999 -999 -999 
P1723 2096 3 0 0 0 0 0 0 0 0 0 0 0 0 0 0 1 0 0 0 0 24 45 117 112 12 5 33 35 0 78 42 10 
P1723 2096 4 11 0 0 0 0 0 0 0 0 0 2 5 0 0 0 0 0 0 0 20 0 0 0 0 0 0 0 0 0 0 -999 
P1723 2096 5 37 0 0 0 0 0 0 0 0 0 0 0 0 10 0 0 0 0 0 0 0 0 0 0 0 21 0 0 0 9 14 
P1723 2096 6 0 0 0 0 0 0 21 0 0 0 0 0 0 0 0 10 0 0 0 0 0 0 0 0 0 0 0 0 0 0 -999 
P1723 2096 7 0 0 0 0 0 0 0 0 0 0 0 0 0 0 0 0 0 0 0 0 0 0 0 0 0 0 11 0 0 0 0 
P1723 2096 8 0 0 0 0 0 0 0 0 0 0 0 0 0 0 0 0 0 0 0 0 0 0 0 0 0 0 0 0 0 0 0 
P1723 2096 9 0 0 0 0 0 0 0 0 0 0 0 0 0 0 0 0 0 0 0 20 20 0 0 0 0 0 0 0 0 0 -999 
P1723 2096 10 0 47 0 0 0 0 0 0 0 0 0 0 0 0 0 0 0 0 33 33 0 0 17 0 0 0 0 0 0 0 5 
P1723 2096 11 0 0 4 0 0 0 0 0 0 0 0 0 0 0 3 0 0 0 0 0 0 0 0 0 14 0 0 0 0 0 -999 
P1723 2096 12 0 0 0 3 0 0 2 0 2 0 0 0 22 49 38 0 70 75 0 0 0 0 46 47 0 0 0 27 42 17 0 
P1723 2097 1 0 0 0 0 1 0 0 0 10 0 0 0 0 0 0 0 0 0 0 0 0 0 0 1 47 38 46 5 0 0 3 
P1723 2097 2 0 0 0 29 0 79 0 0 0 0 0 0 0 6 25 0 0 0 0 0 0 0 0 0 0 0 33 0 -999 -999 -999 
P1723 2097 3 0 46 74 0 0 49 0 0 17 0 0 0 0 0 0 0 0 0 0 0 0 0 0 50 0 46 14 0 26 1 0 
P1723 2097 4 0 0 0 0 0 0 0 0 0 0 38 0 87 56 0 0 0 0 0 22 0 4 4 59 0 3 0 0 0 0 -999 
P1723 2097 5 0 0 0 0 0 14 0 10 0 0 0 0 0 0 0 0 0 0 20 0 0 22 31 17 0 0 0 0 0 0 0 
P1723 2097 6 0 0 0 0 0 0 0 0 0 0 8 0 0 0 0 0 0 0 0 0 0 14 0 0 0 0 0 0 0 0 -999 
P1723 2097 7 0 0 0 0 0 0 0 0 0 0 0 0 0 0 0 0 0 0 0 0 0 0 0 0 0 0 0 0 0 0 0 
P1723 2097 8 0 0 0 0 0 0 0 0 0 0 0 0 0 0 0 0 0 0 3 0 0 0 0 0 0 18 0 0 0 0 0 
P1723 2097 9 0 0 0 0 0 0 0 0 0 0 0 0 0 0 0 4 0 0 0 0 0 0 0 0 0 0 0 0 0 7 -999 
P1723 2097 10 14 0 0 0 0 0 0 0 0 0 0 0 0 0 0 0 80 63 11 5 0 0 0 0 0 0 0 0 0 0 0 
P1723 2097 11 0 4 6 0 0 5 0 0 0 0 0 0 0 0 0 0 0 0 0 0 0 4 0 0 0 0 0 0 0 32 -999 
P1723 2097 12 0 0 4 1 0 0 0 0 0 0 0 0 0 0 2 0 8 0 0 0 2 0 0 0 0 0 0 0 34 56 46 
P1723 2098 1 66 14 0 46 98 40 0 0 0 0 0 0 0 0 12 0 8 0 0 123 0 50 0 39 0 0 0 0 0 0 0 
P1723 2098 2 11 15 10 0 0 0 19 59 56 88 0 65 27 0 32 0 0 0 0 0 0 0 0 0 0 0 0 0 -999 -999 -999 
P1723 2098 3 53 0 0 3 0 38 10 0 6 0 0 0 0 5 15 0 0 9 0 0 0 0 0 0 0 0 58 23 0 0 0 
P1723 2098 4 0 0 0 0 0 0 0 0 0 0 0 0 36 0 0 0 0 0 0 0 0 75 67 0 0 0 0 0 0 0 -999 
P1723 2098 5 0 0 0 0 0 0 43 44 55 91 106 82 0 12 0 20 0 0 0 19 32 0 43 53 0 26 0 0 0 0 0 
P1723 2098 6 0 0 0 0 0 0 0 34 14 0 0 16 0 0 0 0 0 0 0 0 0 0 0 0 0 0 0 0 0 0 -999 
P1723 2098 7 0 0 0 0 0 0 0 0 0 0 0 0 0 0 0 0 0 0 0 0 0 0 0 0 0 0 0 0 0 0 0 
P1723 2098 8 0 0 0 0 0 0 0 0 0 0 0 0 0 0 0 0 0 0 15 0 0 0 0 0 0 0 0 0 0 0 0 
P1723 2098 9 0 0 0 0 0 0 0 0 0 0 0 0 0 0 0 0 0 0 0 0 0 0 0 0 0 9 0 0 9 0 -999 
P1723 2098 10 0 0 0 0 0 0 0 0 0 0 0 0 0 12 0 0 0 0 10 0 6 0 5 4 0 38 47 0 0 0 24 
P1723 2098 11 0 0 0 0 0 0 0 12 0 0 14 33 78 43 26 0 0 0 95 0 0 0 0 26 0 0 0 0 0 0 -999 
P1723 2098 12 0 0 0 0 0 0 0 0 0 0 0 0 0 0 0 0 8 0 0 56 49 42 28 0 55 0 0 0 0 0 0 
P1723 2099 1 0 0 0 0 0 0 0 0 14 0 69 0 21 0 0 0 41 14 3 0 0 65 209 0 0 20 0 0 0 0 0 
P1723 2099 2 0 0 0 0 14 0 0 46 4 0 0 0 0 0 0 0 0 0 0 0 10 0 38 134 176 48 30 61 -999 -999 -999 
P1723 2099 3 103 123 149 142 0 0 0 13 0 0 0 0 0 0 32 23 0 142 185 184 0 0 0 0 0 0 15 0 6 18 0 
P1723 2099 4 19 0 0 0 0 0 0 0 0 0 0 0 0 0 0 0 0 1 0 0 0 0 0 0 23 0 52 44 24 0 -999 
P1723 2099 5 0 0 9 0 10 0 0 0 6 0 0 0 0 0 0 0 0 0 0 0 0 0 0 0 0 0 0 0 0 21 0 
P1723 2099 6 0 0 0 0 0 0 0 0 0 0 0 0 0 0 0 0 0 0 0 0 0 0 0 0 0 0 0 0 0 0 -999 
P1723 2099 7 0 0 0 0 9 0 0 0 0 18 0 0 0 0 0 15 0 0 0 0 0 0 0 0 0 0 0 0 0 0 0 
P1723 2099 8 0 0 0 0 10 0 0 0 0 0 0 0 0 0 0 0 0 0 0 0 0 0 0 0 0 0 0 0 0 0 0 
P1723 2099 9 0 0 0 0 0 0 0 0 0 0 0 0 0 0 0 0 0 0 0 0 0 0 0 0 0 0 0 0 0 0 -999 
P1723 2099 10 0 0 0 0 0 0 0 0 31 39 0 70 33 0 0 0 0 0 0 0 0 0 0 0 0 34 18 0 14 0 0 
P1723 2099 11 0 0 0 0 8 0 3 0 0 20 0 24 14 0 10 29 0 0 0 0 5 8 6 29 25 0 49 52 60 5 -999 
P1723 2099 12 6 0 0 5 8 53 0 24 20 31 0 0 0 0 0 0 0 0 0 0 30 0 0 50 175 289 282 230 106 52 0 
P1723 2100 1 0 11 0 0 60 4 0 0 14 28 127 222 183 49 0 0 14 0 17 0 3 0 0 0 0 0 0 0 1 0 0 
P1723 2100 2 0 112 0 11 0 0 0 0 56 85 36 0 0 0 0 21 0 0 0 32 0 0 0 0 0 0 0 0 -999 -999 -999 
P1723 2100 3 0 60 86 29 0 21 0 0 36 37 0 0 83 0 9 0 0 0 20 0 0 57 50 0 0 54 33 21 52 52 0 
P1723 2100 4 56 45 0 17 12 0 0 0 5 18 44 121 42 0 0 30 0 18 0 22 0 0 0 0 0 0 0 0 0 19 -999 
P1723 2100 5 8 0 0 13 0 0 7 6 0 0 0 11 15 0 0 0 0 0 21 0 0 0 27 36 52 19 0 8 14 0 0 
P1723 2100 6 0 0 0 0 0 0 0 0 0 0 0 0 0 0 12 0 0 23 8 0 0 0 0 0 0 0 0 0 0 0 -999 
P1723 2100 7 0 0 0 0 0 0 0 0 0 0 0 0 0 0 0 0 0 0 0 0 0 0 0 0 0 0 0 0 0 0 0 
P1723 2100 8 0 0 0 0 0 0 0 0 0 0 0 0 0 0 0 0 0 0 0 0 0 0 0 0 0 0 0 0 5 0 0 
P1723 2100 9 0 0 0 0 0 0 0 0 4 0 0 0 0 0 0 0 0 0 0 0 13 0 0 32 0 0 0 19 0 0 -999 
P1723 2100 10 0 0 0 0 0 18 32 36 23 0 0 40 26 28 13 0 0 0 0 0 0 59 0 0 0 0 0 0 24 13 0 
P1723 2100 11 0 0 0 0 54 104 28 31 98 61 14 58 75 104 167 121 89 91 67 0 0 62 50 85 30 0 9 7 0 0 -999 
P1723 2100 12 0 0 0 0 34 0 0 0 0 0 0 0 0 0 0 0 0 0 0 0 2 0 8 0 0 5 0 7 0 0 0 
