precip	MIROC5	RCP60	REGRESION	decimas	1
P2600	37.896	-5.051	182	geo	2006	2100	-1
P2600 2006 1 0 0 0 6 7 0 0 0 9 0 24 186 265 58 78 202 152 143 118 0 0 13 0 10 20 0 0 0 0 46 0 
P2600 2006 2 0 108 33 0 0 0 0 0 0 0 6 32 66 84 53 0 0 0 0 53 12 0 10 7 0 2 0 14 -999 -999 -999 
P2600 2006 3 68 0 139 192 160 0 145 148 0 80 0 28 0 30 0 98 229 254 146 60 98 64 59 34 45 51 0 74 112 64 118 
P2600 2006 4 0 0 56 0 0 16 0 82 0 0 0 4 0 0 0 0 19 0 0 0 0 0 0 0 0 0 0 53 40 0 -999 
P2600 2006 5 27 35 31 0 47 84 0 0 0 0 0 0 0 0 18 0 0 0 19 28 0 0 0 0 0 0 0 0 0 0 0 
P2600 2006 6 0 0 0 0 0 0 0 0 0 0 7 0 15 0 0 0 0 0 0 0 0 0 0 0 0 0 0 14 0 0 -999 
P2600 2006 7 0 0 0 0 0 23 22 0 0 0 0 7 0 0 0 0 0 0 0 0 0 0 0 0 0 0 0 0 0 0 0 
P2600 2006 8 0 0 0 0 0 0 0 0 0 0 0 0 0 0 20 0 0 0 0 0 19 0 0 0 0 12 0 0 0 0 0 
P2600 2006 9 0 0 20 0 0 0 5 0 0 0 0 0 0 0 0 0 0 0 0 0 0 0 0 0 11 4 0 7 0 7 -999 
P2600 2006 10 0 0 0 0 0 0 0 0 0 49 0 0 0 29 0 0 0 0 0 0 29 0 0 0 21 0 0 23 17 0 0 
P2600 2006 11 0 31 11 16 14 17 50 46 0 0 0 0 0 0 0 0 0 0 0 0 28 15 37 54 15 0 0 0 0 0 -999 
P2600 2006 12 1 0 0 0 0 0 31 119 85 62 36 0 53 33 107 190 0 0 0 0 21 62 179 76 0 78 60 48 44 0 0 
P2600 2007 1 0 28 8 0 0 0 0 0 0 0 0 0 0 0 0 0 0 0 0 0 0 0 6 0 18 0 0 23 17 0 19 
P2600 2007 2 11 0 21 19 0 9 39 149 320 235 28 0 10 9 13 0 0 76 0 28 40 0 52 27 32 43 0 43 -999 -999 -999 
P2600 2007 3 0 0 23 81 93 46 0 0 0 0 0 0 56 88 40 0 21 20 0 0 0 25 0 0 0 0 0 0 0 0 0 
P2600 2007 4 0 0 0 0 10 19 2 0 0 0 0 0 75 0 0 0 24 65 73 44 53 0 0 56 0 0 0 0 0 0 -999 
P2600 2007 5 0 0 0 0 88 0 0 0 0 0 19 23 0 39 27 21 17 0 34 22 0 0 0 0 0 0 0 0 9 0 0 
P2600 2007 6 39 16 0 19 24 0 0 0 0 0 0 0 0 0 0 0 5 0 0 0 0 0 0 0 0 0 0 20 0 0 -999 
P2600 2007 7 0 0 19 0 0 0 0 0 0 0 0 33 0 0 0 0 0 0 0 0 0 0 0 0 0 0 0 0 0 0 0 
P2600 2007 8 0 0 0 13 0 0 0 0 0 0 0 0 0 0 0 0 0 0 0 0 0 0 0 0 0 0 0 0 0 11 0 
P2600 2007 9 0 0 0 0 0 0 0 0 0 0 0 0 0 0 0 0 0 0 0 0 0 0 0 0 0 0 0 6 0 0 -999 
P2600 2007 10 0 0 0 0 0 0 0 0 28 0 0 0 66 73 21 22 0 70 0 0 0 0 64 66 21 0 0 19 0 0 0 
P2600 2007 11 0 0 9 0 0 0 3 0 0 0 35 45 14 0 17 2 0 0 0 0 0 0 0 0 1 7 24 13 0 0 -999 
P2600 2007 12 0 0 16 0 15 0 23 0 0 0 0 0 0 0 0 0 0 40 0 0 0 11 0 15 0 0 0 18 0 0 0 
P2600 2008 1 12 0 0 53 17 1 0 0 0 0 0 0 0 36 57 52 26 0 0 36 140 145 0 30 0 167 235 0 74 99 0 
P2600 2008 2 287 0 148 0 0 73 70 133 0 0 112 25 0 0 53 0 65 87 0 113 0 16 17 23 0 38 33 0 -999 -999 -999 
P2600 2008 3 0 0 0 0 0 0 0 0 0 0 0 0 0 0 0 0 0 0 0 0 0 0 0 0 11 0 0 0 0 0 0 
P2600 2008 4 0 0 0 0 0 0 0 0 0 0 4 0 10 24 79 67 47 0 0 0 7 6 0 0 0 0 0 0 0 0 -999 
P2600 2008 5 0 11 3 0 0 0 0 0 0 0 61 31 29 47 25 0 0 0 0 51 47 47 77 19 0 9 0 0 0 0 0 
P2600 2008 6 0 0 0 11 15 25 12 0 0 0 0 0 0 58 0 0 0 0 0 0 0 0 0 0 0 0 0 0 0 0 -999 
P2600 2008 7 0 0 0 0 0 0 0 0 0 0 0 0 0 0 0 0 0 0 0 0 0 0 0 0 0 0 0 0 0 0 0 
P2600 2008 8 0 0 0 0 0 0 0 0 0 0 0 0 0 0 0 0 0 0 0 0 0 0 0 0 0 27 0 0 0 4 0 
P2600 2008 9 0 0 0 0 0 0 0 7 0 0 0 34 18 0 0 0 13 0 0 15 0 0 0 0 0 0 0 0 0 36 -999 
P2600 2008 10 0 0 0 0 0 0 0 10 0 0 35 43 0 0 0 0 0 0 0 0 0 0 18 0 0 0 0 30 0 5 12 
P2600 2008 11 20 2 31 0 0 1 0 0 0 0 29 0 0 0 0 0 18 45 10 0 0 0 0 0 0 0 0 0 0 0 -999 
P2600 2008 12 0 0 0 0 1 0 0 0 0 32 0 0 0 21 5 3 0 0 0 0 0 0 0 0 27 42 0 29 4 0 0 
P2600 2009 1 0 0 0 0 2 0 0 0 0 0 1 12 0 0 0 4 0 0 0 0 0 3 0 0 0 0 3 0 0 3 4 
P2600 2009 2 0 0 0 0 7 2 0 0 0 0 0 0 5 0 2 0 0 0 0 0 0 0 0 0 7 0 0 0 -999 -999 -999 
P2600 2009 3 56 73 0 37 0 0 13 76 84 20 0 16 11 16 32 0 102 0 48 32 2 0 38 0 0 109 91 130 140 85 36 
P2600 2009 4 39 108 27 20 0 71 9 0 0 5 0 26 0 36 26 0 0 9 9 0 0 10 0 0 0 0 0 0 0 0 -999 
P2600 2009 5 0 56 29 28 0 42 0 0 35 52 44 0 4 0 0 0 0 0 28 0 0 0 31 0 19 0 0 0 7 0 0 
P2600 2009 6 0 0 0 18 20 0 24 0 14 0 0 0 0 0 0 0 0 0 0 0 0 0 0 0 0 0 0 0 0 0 -999 
P2600 2009 7 0 0 0 0 0 0 0 0 0 23 26 0 0 0 0 0 0 0 0 0 0 0 0 0 0 0 0 0 0 0 0 
P2600 2009 8 29 0 0 0 0 0 0 0 0 0 0 0 0 11 0 0 0 0 0 0 0 0 0 0 0 0 0 0 25 32 25 
P2600 2009 9 0 0 0 0 0 0 0 0 0 0 0 14 10 0 0 0 0 0 0 0 0 0 0 0 0 0 0 0 0 0 -999 
P2600 2009 10 0 3 0 0 0 0 0 0 0 0 23 17 17 19 21 0 0 24 0 0 0 0 19 0 0 9 0 0 0 0 0 
P2600 2009 11 0 0 0 0 0 0 0 0 3 0 2 0 5 0 0 0 0 0 16 0 0 0 77 72 0 0 5 0 23 38 -999 
P2600 2009 12 20 0 61 29 73 76 122 23 0 0 69 0 0 10 0 0 0 50 31 0 10 13 15 0 0 55 94 88 0 0 0 
P2600 2010 1 0 0 50 143 81 0 11 0 27 17 0 0 15 0 14 0 0 18 0 30 31 0 4 0 0 0 0 0 9 17 0 
P2600 2010 2 0 0 0 0 17 22 0 0 0 0 0 0 0 0 0 0 0 0 0 0 0 0 1 7 0 0 0 0 -999 -999 -999 
P2600 2010 3 0 0 0 0 0 0 0 40 99 82 0 0 0 0 0 8 11 35 78 33 0 0 0 0 0 0 0 0 0 0 0 
P2600 2010 4 0 0 0 0 14 0 0 34 51 41 22 0 25 25 100 68 0 0 0 37 0 0 0 16 39 0 5 0 32 0 -999 
P2600 2010 5 0 0 28 0 0 0 4 5 0 0 0 0 0 0 15 40 16 0 0 0 0 0 0 13 31 56 53 0 0 0 0 
P2600 2010 6 14 34 30 0 0 9 0 0 0 0 0 0 0 0 0 0 0 0 6 0 0 0 0 0 0 0 0 0 0 0 -999 
P2600 2010 7 0 34 0 0 0 0 0 0 0 0 0 0 0 0 0 0 0 0 0 0 0 0 0 0 0 0 0 0 0 0 0 
P2600 2010 8 30 0 0 0 0 0 0 0 0 0 0 0 0 0 0 0 0 0 0 0 0 0 0 0 0 0 0 0 0 0 0 
P2600 2010 9 13 0 0 0 0 0 0 15 0 18 0 0 22 0 0 6 0 0 29 0 0 0 0 8 0 0 0 0 0 0 -999 
P2600 2010 10 0 0 0 0 0 0 0 0 45 66 75 35 0 57 21 0 0 0 25 0 29 0 0 0 15 0 0 0 13 13 0 
P2600 2010 11 0 0 8 0 0 0 0 0 0 0 0 0 0 0 0 9 0 0 0 0 0 0 0 3 4 0 0 0 0 0 -999 
P2600 2010 12 0 0 0 0 0 0 17 10 16 12 7 26 52 46 0 0 0 3 0 0 0 0 0 0 0 0 0 9 0 0 0 
P2600 2011 1 0 0 0 0 20 0 2 0 3 5 0 0 0 0 0 9 2 0 0 0 7 20 47 12 17 7 0 2 0 0 3 
P2600 2011 2 0 0 0 30 0 0 0 14 0 0 0 0 0 6 0 0 0 0 0 0 0 47 0 0 0 0 21 52 -999 -999 -999 
P2600 2011 3 91 48 7 0 8 0 6 5 0 11 0 37 20 0 59 164 223 46 28 0 0 48 94 285 86 17 42 111 0 0 0 
P2600 2011 4 0 29 0 17 0 0 0 0 0 0 0 28 34 0 0 0 0 63 0 35 30 0 0 0 5 0 0 0 0 0 -999 
P2600 2011 5 0 0 0 0 0 0 0 0 0 0 0 0 0 0 0 0 0 0 0 0 0 0 0 0 19 0 25 0 0 23 0 
P2600 2011 6 13 0 0 0 0 0 0 0 0 0 0 0 0 0 0 0 0 1 0 0 0 0 0 0 0 17 23 0 0 5 -999 
P2600 2011 7 0 0 0 0 0 0 0 0 0 0 0 0 0 0 0 0 0 0 7 0 0 0 0 0 0 0 0 0 0 0 0 
P2600 2011 8 0 0 0 5 0 0 0 0 0 0 0 0 0 0 0 0 0 11 0 0 0 0 0 0 0 0 5 0 0 0 0 
P2600 2011 9 0 0 0 0 0 0 0 18 0 0 0 0 0 0 0 0 0 0 0 0 0 0 0 0 0 0 0 0 0 21 -999 
P2600 2011 10 0 0 0 0 0 0 0 0 0 0 0 20 29 0 0 0 0 0 0 0 24 15 0 17 0 7 0 0 25 39 0 
P2600 2011 11 5 0 0 30 89 86 68 0 5 4 0 0 0 0 0 0 53 0 16 0 0 93 71 33 5 11 0 25 0 0 -999 
P2600 2011 12 0 0 45 0 0 0 5 0 0 0 14 0 0 3 11 57 0 74 0 84 123 41 68 24 35 38 0 0 0 31 60 
P2600 2012 1 148 0 0 0 0 0 0 0 0 0 0 0 0 0 0 0 0 0 1 0 9 0 0 2 0 0 0 18 0 55 0 
P2600 2012 2 0 0 0 22 0 0 9 5 0 0 0 0 0 0 0 0 0 15 56 55 23 12 0 0 0 0 0 9 -999 -999 -999 
P2600 2012 3 34 93 46 0 20 22 0 0 0 0 0 0 0 0 0 0 0 22 0 42 36 14 0 0 0 0 0 0 0 0 0 
P2600 2012 4 0 0 0 0 0 0 37 28 4 0 0 0 17 98 86 0 0 25 9 11 9 0 8 58 74 0 105 84 89 51 -999 
P2600 2012 5 0 0 0 0 8 0 0 0 0 21 0 0 0 0 0 23 0 0 0 0 8 17 0 16 0 28 0 0 7 0 0 
P2600 2012 6 0 0 0 3 0 0 0 0 41 0 18 0 24 0 38 0 0 0 0 0 18 0 0 0 0 0 0 0 0 0 -999 
P2600 2012 7 0 0 0 0 0 0 0 0 0 0 0 0 0 0 0 0 0 0 0 9 15 0 0 0 0 0 0 0 0 0 0 
P2600 2012 8 13 0 0 0 0 0 0 0 0 21 0 0 0 0 0 0 0 0 2 0 0 0 0 0 0 0 0 0 0 0 0 
P2600 2012 9 0 0 0 0 0 0 28 0 4 0 0 0 0 0 0 0 0 0 0 0 0 0 0 0 0 0 0 0 31 13 -999 
P2600 2012 10 4 1 0 0 0 0 0 0 0 46 77 0 5 0 0 0 0 0 42 0 36 0 32 10 0 11 36 18 0 49 29 
P2600 2012 11 35 78 54 0 0 0 0 0 0 35 55 0 0 0 0 0 14 0 108 56 16 0 0 0 0 0 0 0 61 0 -999 
P2600 2012 12 0 0 0 0 0 0 108 106 13 18 20 0 0 162 0 0 73 29 0 11 0 38 6 0 0 0 0 0 0 0 77 
P2600 2013 1 0 0 30 99 0 8 22 16 0 5 0 0 0 0 0 3 0 0 1 0 0 0 0 0 0 0 4 11 0 39 13 
P2600 2013 2 0 0 0 0 0 0 3 0 0 0 0 0 40 116 0 0 24 89 143 107 74 77 81 159 0 0 1 4 -999 -999 -999 
P2600 2013 3 6 14 21 26 20 0 0 0 0 0 192 196 114 28 0 44 52 49 49 36 0 58 76 30 34 0 24 0 49 60 114 
P2600 2013 4 39 0 0 24 30 21 34 0 0 0 0 0 0 0 0 0 0 0 0 0 51 0 0 0 80 9 0 0 0 0 -999 
P2600 2013 5 3 0 0 16 0 0 0 0 0 51 52 21 0 0 0 0 42 0 0 0 0 0 0 0 0 0 0 0 0 0 0 
P2600 2013 6 0 0 0 0 0 0 0 39 62 65 0 0 0 0 0 0 0 0 0 0 0 0 0 0 0 0 0 24 28 0 -999 
P2600 2013 7 0 0 0 0 0 0 0 0 0 0 0 0 0 0 0 0 0 0 0 0 0 0 0 12 0 0 0 0 0 0 0 
P2600 2013 8 0 0 0 0 23 0 0 0 0 0 0 0 0 7 0 0 0 0 0 0 0 0 0 0 0 0 0 0 0 17 46 
P2600 2013 9 0 0 0 4 7 7 0 11 0 0 0 0 0 0 0 0 0 0 0 0 0 0 0 0 0 0 0 0 0 0 -999 
P2600 2013 10 0 0 0 0 0 0 0 0 0 18 0 0 0 0 0 12 0 0 0 0 7 0 0 0 0 0 0 0 5 0 0 
P2600 2013 11 0 0 0 0 0 2 0 11 0 6 0 0 0 5 3 12 26 244 317 109 134 211 275 131 24 114 0 0 7 0 -999 
P2600 2013 12 23 76 30 26 1 0 8 15 0 0 0 0 0 0 25 15 7 0 0 0 0 0 14 46 21 0 34 0 72 0 19 
P2600 2014 1 22 0 0 0 38 36 0 35 0 0 0 18 0 25 62 18 0 0 0 0 0 0 0 0 19 0 67 83 149 162 0 
P2600 2014 2 24 53 0 50 59 106 0 130 0 85 0 0 28 0 0 0 0 0 0 4 11 0 12 0 0 0 0 39 -999 -999 -999 
P2600 2014 3 30 0 2 0 0 0 0 0 0 0 1 8 33 42 98 0 102 101 168 87 52 0 0 8 0 0 0 0 0 0 23 
P2600 2014 4 26 30 42 0 0 38 16 0 23 40 0 45 42 39 60 45 67 21 49 0 0 0 0 26 75 0 0 0 0 0 -999 
P2600 2014 5 66 0 0 52 11 0 0 0 0 0 0 0 0 0 0 0 35 0 0 0 0 85 57 54 0 28 29 18 0 49 55 
P2600 2014 6 0 0 51 87 71 31 34 24 0 0 2 0 0 0 0 6 6 0 0 0 0 0 0 0 0 0 0 0 0 0 -999 
P2600 2014 7 0 0 0 0 0 0 0 0 0 0 0 0 0 0 0 0 0 0 0 0 0 0 0 0 0 0 0 0 0 0 0 
P2600 2014 8 0 0 0 0 0 0 0 0 0 0 0 0 0 0 0 0 0 0 0 0 0 0 0 0 0 0 0 0 0 0 0 
P2600 2014 9 0 0 0 0 0 0 0 0 0 0 16 0 0 0 0 0 71 39 0 0 11 0 0 0 0 0 0 0 0 0 -999 
P2600 2014 10 9 0 17 0 15 0 0 0 0 7 11 0 0 0 0 0 0 0 55 76 20 0 0 0 0 62 16 9 0 0 0 
P2600 2014 11 0 0 0 0 0 0 0 0 0 0 0 0 0 0 0 0 8 78 29 72 175 261 92 87 49 0 0 0 0 0 -999 
P2600 2014 12 0 0 0 0 0 0 0 5 0 5 0 0 0 0 0 0 0 0 0 0 0 0 7 0 4 0 0 0 16 23 46 
P2600 2015 1 0 0 0 82 114 0 40 0 16 0 0 0 0 0 0 0 0 0 0 0 0 0 0 0 0 0 0 57 72 0 0 
P2600 2015 2 0 0 0 0 0 0 0 0 0 0 0 0 0 0 0 0 0 0 0 0 0 0 0 29 0 126 108 48 -999 -999 -999 
P2600 2015 3 0 47 60 82 38 4 29 0 54 0 0 0 25 47 0 0 0 0 0 0 26 0 44 37 12 0 0 6 0 0 0 
P2600 2015 4 0 17 10 0 0 0 0 0 8 2 0 0 0 0 0 0 29 0 0 2 7 0 0 0 21 54 0 41 112 91 -999 
P2600 2015 5 111 0 46 0 11 14 0 0 0 0 0 0 0 0 0 0 0 0 0 0 3 0 0 0 0 38 0 87 90 28 10 
P2600 2015 6 0 0 0 0 0 0 0 0 0 4 0 0 0 0 0 0 0 0 0 0 0 0 0 0 12 0 0 0 16 0 -999 
P2600 2015 7 0 0 0 0 0 0 0 0 0 0 0 0 0 0 0 0 0 0 0 0 0 0 0 0 0 0 0 0 0 0 0 
P2600 2015 8 0 0 0 0 0 13 0 0 0 0 0 0 0 0 0 0 0 0 0 0 0 0 0 31 0 0 0 0 0 0 0 
P2600 2015 9 0 0 0 0 0 0 0 0 0 0 0 10 0 0 12 0 0 0 11 0 0 3 6 0 39 62 73 58 0 41 -999 
P2600 2015 10 41 20 0 0 0 33 0 0 0 0 0 10 0 0 0 12 0 0 0 11 16 0 0 0 12 0 0 0 0 0 5 
P2600 2015 11 0 0 0 0 14 0 13 0 0 0 0 0 0 0 85 0 0 0 27 64 57 40 28 0 0 4 0 0 0 0 -999 
P2600 2015 12 45 69 32 0 43 0 221 172 98 119 0 89 114 0 0 43 19 0 0 0 0 2 0 4 0 0 0 0 0 0 0 
P2600 2016 1 0 7 0 0 0 0 40 0 0 0 0 116 86 143 52 0 0 0 6 0 0 17 16 14 16 0 38 0 23 0 0 
P2600 2016 2 0 0 24 33 13 9 5 0 0 11 16 13 0 0 16 14 63 23 0 0 0 0 0 0 0 0 0 0 -999 -999 -999 
P2600 2016 3 0 0 0 23 27 0 43 56 194 150 217 227 108 46 58 0 32 41 0 0 23 0 0 0 58 0 80 158 94 0 90 
P2600 2016 4 0 0 0 0 0 0 0 0 0 85 157 144 0 0 109 0 45 0 0 56 13 0 0 0 0 32 36 57 66 0 -999 
P2600 2016 5 0 0 0 18 0 0 0 0 0 12 0 0 22 14 23 38 32 17 0 0 0 0 9 0 0 0 13 0 42 0 0 
P2600 2016 6 27 9 0 0 0 3 3 0 0 0 0 0 0 0 0 0 0 0 14 0 8 0 9 0 0 0 0 0 0 0 -999 
P2600 2016 7 0 0 0 0 0 0 0 0 0 0 0 0 0 0 0 0 0 0 0 0 0 0 0 0 12 0 0 0 0 0 0 
P2600 2016 8 8 0 0 0 0 0 0 0 0 0 0 0 0 0 0 0 0 0 0 0 0 0 0 0 25 0 0 0 0 0 0 
P2600 2016 9 0 0 0 0 0 0 0 0 0 0 0 0 0 0 0 0 0 0 0 0 8 0 0 0 0 0 0 0 25 0 -999 
P2600 2016 10 0 0 0 0 0 0 0 0 0 0 0 0 0 0 24 74 129 84 0 91 80 0 19 12 0 0 11 0 0 0 0 
P2600 2016 11 0 0 13 0 0 0 0 46 5 9 0 0 18 0 107 45 0 113 68 81 91 27 0 0 110 0 0 0 28 45 -999 
P2600 2016 12 0 0 0 0 3 0 0 0 0 0 45 82 137 35 10 0 0 0 56 52 50 0 47 35 32 19 25 30 0 0 46 
P2600 2017 1 0 0 0 0 0 0 0 0 0 0 0 14 53 125 77 0 0 0 0 0 0 0 0 0 0 0 0 0 0 0 0 
P2600 2017 2 0 0 0 0 0 0 0 0 0 3 1 0 0 0 0 0 0 7 0 0 0 0 0 0 0 0 0 0 -999 -999 -999 
P2600 2017 3 6 0 6 1 0 0 0 0 0 47 22 13 54 50 0 0 5 4 0 0 0 0 0 68 112 116 98 84 49 15 8 
P2600 2017 4 0 0 0 0 14 0 0 0 29 65 11 0 0 8 6 7 0 8 0 0 0 6 0 0 27 25 0 0 80 41 -999 
P2600 2017 5 17 5 0 0 0 0 0 0 7 0 0 0 0 0 0 0 0 0 9 0 23 0 10 0 0 0 0 0 0 0 0 
P2600 2017 6 0 0 0 0 0 0 0 0 24 0 0 0 0 0 0 0 0 0 0 0 0 0 0 0 0 0 0 0 0 0 -999 
P2600 2017 7 19 7 0 0 0 0 0 0 0 0 0 0 0 0 0 0 0 0 0 0 0 0 7 0 0 0 0 0 0 0 0 
P2600 2017 8 0 0 0 0 0 0 0 0 0 17 0 0 0 0 0 0 0 0 0 0 0 25 5 0 0 0 0 0 8 23 0 
P2600 2017 9 0 0 0 0 0 0 0 0 0 0 0 0 0 0 12 0 0 0 0 0 2 5 0 0 0 0 0 0 0 0 -999 
P2600 2017 10 0 0 0 4 5 0 3 0 0 0 0 0 0 0 0 60 60 0 56 0 11 26 0 0 5 0 0 149 206 79 14 
P2600 2017 11 10 22 45 0 30 19 13 62 57 22 94 115 251 227 0 0 0 0 0 19 44 35 15 0 12 11 8 0 0 0 -999 
P2600 2017 12 0 0 0 21 0 24 26 66 162 60 85 0 51 95 84 15 0 4 0 0 8 0 0 20 23 0 25 0 0 104 53 
P2600 2018 1 0 15 0 0 0 0 0 25 84 38 6 9 0 0 0 0 23 0 38 12 0 0 74 0 11 55 0 39 42 0 0 
P2600 2018 2 61 0 97 0 39 0 0 0 0 12 0 0 0 7 0 0 0 3 0 17 0 4 0 0 0 0 0 0 -999 -999 -999 
P2600 2018 3 0 0 0 0 29 0 12 0 0 0 65 109 108 0 45 0 0 0 0 0 0 2 0 0 0 0 0 0 44 46 17 
P2600 2018 4 0 0 0 0 21 16 0 0 0 0 0 0 10 0 0 0 0 0 0 0 0 0 0 0 83 134 109 0 0 32 -999 
P2600 2018 5 45 0 0 0 21 0 24 0 33 0 48 47 0 0 0 0 0 44 0 62 63 41 0 0 17 35 46 16 0 6 5 
P2600 2018 6 0 11 0 0 0 0 0 0 0 0 0 13 0 0 24 20 0 0 0 0 0 0 0 0 0 0 0 0 0 0 -999 
P2600 2018 7 0 0 0 0 0 0 0 0 0 10 0 0 0 0 0 0 9 0 11 0 8 0 0 0 0 0 0 11 0 0 0 
P2600 2018 8 7 0 0 0 0 0 0 0 0 0 0 0 0 9 0 0 9 0 0 0 0 0 0 0 0 0 0 0 0 0 0 
P2600 2018 9 0 0 0 0 0 0 0 0 0 0 0 0 0 11 0 0 0 0 0 6 0 0 0 0 0 0 0 0 0 0 -999 
P2600 2018 10 0 0 0 0 0 0 0 0 22 0 45 0 0 0 0 0 1 0 0 0 18 0 0 0 14 0 0 0 0 13 0 
P2600 2018 11 0 0 0 0 0 0 38 158 99 93 25 0 0 6 5 0 0 7 0 48 20 0 16 0 0 8 8 0 0 0 -999 
P2600 2018 12 25 40 0 0 42 73 138 0 11 0 36 98 116 51 37 0 0 0 0 9 0 0 0 0 47 31 51 0 141 164 78 
P2600 2019 1 153 144 213 190 144 132 175 23 0 0 0 11 0 0 26 0 76 60 123 122 139 152 57 19 41 67 168 0 0 37 112 
P2600 2019 2 120 110 31 0 32 0 19 17 0 0 163 0 164 158 28 8 68 238 259 40 18 24 0 11 0 0 0 0 -999 -999 -999 
P2600 2019 3 0 0 3 0 11 15 0 0 0 0 0 0 0 0 0 0 0 0 0 0 0 0 0 0 0 0 0 65 63 0 0 
P2600 2019 4 0 0 0 0 25 50 43 62 58 21 46 53 0 60 58 54 59 25 15 21 0 0 45 0 0 38 50 0 37 46 -999 
P2600 2019 5 0 15 9 0 0 12 0 9 0 0 0 48 41 37 0 2 0 0 0 0 0 0 0 12 31 29 0 0 0 0 0 
P2600 2019 6 0 4 3 0 0 0 0 28 26 0 0 0 0 0 20 22 0 0 0 0 0 0 0 0 0 0 0 0 0 0 -999 
P2600 2019 7 0 0 0 0 0 0 0 0 0 0 0 0 0 0 0 0 0 0 0 0 0 0 0 0 22 0 0 0 0 0 0 
P2600 2019 8 0 0 0 0 0 0 0 0 0 0 0 0 0 0 0 0 0 0 0 0 0 0 2 0 0 0 0 0 0 0 0 
P2600 2019 9 19 0 0 0 0 0 0 0 0 0 0 8 16 0 0 18 0 0 30 0 0 0 0 40 0 10 0 0 0 0 -999 
P2600 2019 10 0 0 0 0 0 0 0 0 0 0 0 79 84 12 0 0 0 0 0 0 0 0 0 0 12 0 0 0 0 0 12 
P2600 2019 11 0 0 0 0 0 0 0 0 0 0 0 0 0 0 0 0 0 0 0 76 296 343 0 0 101 144 82 0 59 146 -999 
P2600 2019 12 0 82 16 11 0 16 0 0 0 0 0 0 0 0 0 3 0 4 6 0 0 0 0 3 0 1 0 0 0 0 0 
P2600 2020 1 25 20 7 0 0 2 0 0 0 0 0 0 0 69 24 0 0 0 4 0 0 0 0 22 21 0 78 93 58 73 0 
P2600 2020 2 34 21 22 0 17 0 21 50 0 14 0 0 0 0 0 0 0 0 0 0 3 0 0 0 0 0 0 0 -999 -999 -999 
P2600 2020 3 0 0 0 0 33 47 0 0 0 0 0 0 0 0 0 0 0 0 0 0 0 0 0 0 0 0 25 0 28 0 21 
P2600 2020 4 52 33 20 0 0 0 0 0 1 0 19 48 0 0 89 123 132 83 0 60 81 0 0 0 0 0 0 0 0 0 -999 
P2600 2020 5 0 0 17 0 0 0 0 0 0 0 0 62 0 0 47 34 0 0 12 0 0 0 0 22 0 4 0 0 0 12 0 
P2600 2020 6 0 0 0 0 11 0 0 0 0 0 0 0 0 0 0 0 0 0 0 0 0 0 0 0 0 0 0 19 0 0 -999 
P2600 2020 7 11 0 0 0 0 0 0 0 0 22 0 26 36 16 0 0 0 0 0 0 0 0 0 0 0 0 0 0 0 0 0 
P2600 2020 8 0 0 0 0 0 0 0 0 0 0 0 0 0 0 0 0 0 8 0 0 0 0 0 0 0 0 0 0 10 15 0 
P2600 2020 9 0 0 0 0 0 0 0 0 0 0 4 0 0 0 0 0 0 0 0 0 0 0 22 17 0 0 0 0 0 0 -999 
P2600 2020 10 0 15 0 29 0 35 44 46 0 0 0 55 16 25 129 69 21 94 0 9 0 1 0 0 0 0 0 16 8 0 0 
P2600 2020 11 0 110 123 0 0 0 0 0 0 0 0 0 0 13 0 0 10 0 42 151 101 98 63 0 0 85 86 136 13 0 -999 
P2600 2020 12 0 83 110 0 49 0 0 0 31 5 0 3 0 0 0 0 2 0 32 40 30 130 164 120 134 0 190 20 40 37 75 
P2600 2021 1 73 121 53 26 65 0 0 122 99 0 0 0 0 0 0 7 18 0 0 0 0 0 0 0 0 15 27 31 0 39 0 
P2600 2021 2 0 0 84 0 93 0 4 0 0 7 0 21 0 7 0 0 0 0 0 0 0 0 7 3 6 0 0 10 -999 -999 -999 
P2600 2021 3 17 12 0 0 0 0 0 0 0 52 28 0 78 1 0 0 39 3 0 0 61 0 0 0 0 0 19 0 74 0 0 
P2600 2021 4 0 0 26 0 10 1 0 0 0 0 0 0 0 0 0 36 0 0 12 0 0 0 0 37 0 0 0 20 33 57 -999 
P2600 2021 5 82 54 0 0 0 0 0 0 0 2 0 0 0 0 0 0 0 0 44 0 0 0 0 29 24 0 0 0 0 0 0 
P2600 2021 6 0 0 65 0 0 0 0 0 0 0 0 0 0 12 0 0 0 0 27 0 0 0 0 0 0 0 0 0 0 0 -999 
P2600 2021 7 0 17 0 17 0 0 0 0 0 0 0 0 0 0 0 0 0 0 0 0 0 0 0 0 0 0 0 0 12 0 0 
P2600 2021 8 0 0 0 0 0 0 0 0 0 0 0 0 7 0 0 0 0 0 0 0 0 0 0 14 0 0 0 18 0 0 0 
P2600 2021 9 0 0 0 0 0 0 0 0 0 0 0 1 0 0 0 0 0 0 0 0 0 0 0 29 37 35 0 0 21 0 -999 
P2600 2021 10 0 0 0 0 0 0 0 12 23 10 0 0 0 0 0 0 0 0 0 0 41 87 119 97 45 0 23 0 0 0 15 
P2600 2021 11 0 0 0 93 118 77 0 5 0 0 0 0 0 8 0 32 84 0 0 0 0 0 0 16 59 76 86 84 136 51 -999 
P2600 2021 12 74 131 53 0 0 0 6 0 0 0 17 0 10 0 0 77 143 145 0 0 0 67 26 24 16 0 5 0 32 21 0 
P2600 2022 1 0 0 12 0 0 0 23 66 80 65 0 35 0 0 86 60 62 24 0 0 95 73 224 0 0 0 45 61 89 86 72 
P2600 2022 2 179 0 17 56 90 60 216 271 78 120 264 172 249 83 167 83 68 99 37 46 148 51 75 23 89 203 0 0 -999 -999 -999 
P2600 2022 3 0 22 0 0 134 152 73 139 72 92 91 85 102 0 8 7 0 2 0 0 0 0 0 0 0 0 0 0 0 0 0 
P2600 2022 4 0 0 10 0 0 0 0 0 0 9 0 0 7 0 34 37 0 0 0 23 0 0 0 0 0 1 0 3 9 4 -999 
P2600 2022 5 0 0 0 0 0 0 22 0 0 0 57 55 84 88 0 0 0 0 32 0 0 21 0 0 0 61 0 0 0 0 0 
P2600 2022 6 1 0 0 0 13 30 52 0 12 2 0 0 0 0 0 15 14 0 11 0 0 0 0 8 0 0 0 0 0 0 -999 
P2600 2022 7 0 0 0 0 0 0 0 0 0 0 0 0 0 0 0 0 0 0 0 0 0 0 0 0 0 0 0 10 0 0 18 
P2600 2022 8 0 0 0 0 0 0 0 0 0 0 0 0 0 13 0 0 0 0 0 0 0 0 0 13 0 0 0 0 0 0 4 
P2600 2022 9 0 0 0 0 0 0 0 0 0 3 0 0 0 38 0 16 0 0 0 0 0 0 0 0 0 0 3 0 0 0 -999 
P2600 2022 10 0 0 0 0 0 0 0 0 27 0 95 36 0 49 0 49 0 0 6 0 0 0 0 0 0 4 0 8 51 92 44 
P2600 2022 11 41 0 0 0 0 0 0 0 0 15 0 0 0 0 0 0 0 1 6 0 0 0 0 0 0 1 0 0 12 7 -999 
P2600 2022 12 21 64 113 0 67 92 0 0 127 25 8 0 0 0 0 10 0 0 0 21 0 85 141 84 72 36 32 34 0 0 4 
P2600 2023 1 6 0 0 0 12 5 0 0 0 0 0 0 0 0 0 0 0 0 0 0 0 14 3 0 0 0 0 0 0 0 0 
P2600 2023 2 0 20 11 0 0 0 0 7 0 0 0 0 0 5 0 0 18 0 8 0 0 18 0 36 0 0 71 17 -999 -999 -999 
P2600 2023 3 27 23 0 3 0 0 2 0 2 3 0 67 67 2 0 0 0 0 0 0 0 0 6 0 0 0 0 0 0 0 0 
P2600 2023 4 31 12 30 83 75 37 32 26 0 4 4 33 143 221 72 0 66 11 1 0 0 0 0 0 0 78 0 0 0 0 -999 
P2600 2023 5 0 0 0 13 0 0 0 0 0 0 0 0 46 12 0 29 35 47 0 0 0 0 11 0 4 0 0 0 0 0 0 
P2600 2023 6 0 0 0 0 32 20 0 0 0 0 0 0 0 0 0 0 0 0 0 0 0 0 0 0 0 0 0 0 0 0 -999 
P2600 2023 7 0 0 0 0 0 0 0 0 0 0 0 0 0 0 0 0 0 11 0 19 0 0 0 0 0 0 0 0 0 0 0 
P2600 2023 8 0 0 0 0 0 0 11 0 0 0 0 0 0 0 0 10 0 0 0 11 0 0 0 0 0 0 0 10 0 0 0 
P2600 2023 9 0 0 0 0 0 0 16 0 0 0 11 0 0 0 0 0 0 0 0 7 0 0 7 0 0 18 0 0 14 0 -999 
P2600 2023 10 0 0 0 0 0 3 0 11 0 0 0 0 0 0 80 0 0 0 0 0 0 0 0 0 15 43 23 0 10 0 113 
P2600 2023 11 109 0 17 0 0 0 0 0 26 43 24 16 11 0 0 0 0 0 0 0 0 0 0 0 0 0 0 0 0 0 -999 
P2600 2023 12 0 0 0 0 0 0 0 0 9 0 0 0 0 3 0 0 0 15 0 0 0 0 0 0 0 0 0 0 3 1 0 
P2600 2024 1 0 0 0 56 0 78 115 79 0 31 0 19 28 70 74 39 0 92 10 0 0 0 0 9 0 6 0 0 7 0 0 
P2600 2024 2 113 97 0 0 0 13 7 24 0 0 0 0 0 0 0 0 0 0 0 0 0 46 0 163 107 74 19 0 -999 -999 -999 
P2600 2024 3 0 0 70 0 69 75 0 0 0 0 0 0 0 0 0 0 0 0 10 0 0 0 0 0 134 236 125 38 0 62 24 
P2600 2024 4 0 0 98 46 15 7 0 0 0 0 0 3 0 0 0 0 0 1 0 0 0 0 0 26 11 0 0 15 0 0 -999 
P2600 2024 5 0 0 0 0 1 0 10 6 0 0 0 0 0 0 0 9 0 0 0 0 0 0 0 0 0 0 0 0 17 0 0 
P2600 2024 6 0 0 0 0 0 0 0 0 0 26 0 0 0 0 0 0 0 0 33 0 0 0 18 0 0 0 0 0 0 0 -999 
P2600 2024 7 0 9 0 0 0 0 0 0 0 0 0 0 0 0 0 0 0 0 0 0 0 0 0 0 0 0 14 0 0 0 0 
P2600 2024 8 0 0 0 0 0 0 0 0 17 0 0 0 0 0 0 0 0 0 0 0 0 0 0 0 0 0 0 0 0 0 0 
P2600 2024 9 0 0 0 0 7 0 0 0 0 0 0 0 0 20 0 5 0 0 0 0 0 0 0 0 0 0 0 0 0 0 -999 
P2600 2024 10 0 0 0 0 0 0 0 0 0 0 21 0 0 0 117 109 0 13 24 0 0 0 22 0 0 0 0 0 0 0 5 
P2600 2024 11 0 27 0 0 0 0 19 0 10 0 0 35 60 0 0 0 0 17 15 0 0 0 0 0 0 0 0 1 4 3 -999 
P2600 2024 12 0 0 9 26 26 0 0 0 0 0 0 1 0 5 0 0 0 7 3 2 0 0 0 0 0 41 0 2 1 0 5 
P2600 2025 1 0 0 0 0 0 0 0 0 0 20 13 14 0 0 0 0 0 10 0 0 28 28 35 0 48 46 28 3 0 0 0 
P2600 2025 2 0 0 5 0 24 41 46 55 0 0 37 27 20 0 23 22 0 9 15 0 0 0 46 0 0 0 0 0 -999 -999 -999 
P2600 2025 3 6 41 0 34 61 91 199 0 0 0 0 0 0 0 0 7 0 0 55 52 98 151 81 254 96 28 72 4 0 0 0 
P2600 2025 4 29 0 11 0 0 0 0 0 0 0 0 0 0 0 0 34 4 0 0 0 15 7 0 0 0 0 0 0 17 0 -999 
P2600 2025 5 40 19 46 56 0 35 43 32 34 0 0 0 0 0 0 0 0 16 0 0 0 0 0 0 23 16 0 21 0 24 0 
P2600 2025 6 0 0 0 0 0 0 13 0 0 0 0 6 0 0 0 0 0 0 0 0 0 0 0 0 17 0 0 0 0 0 -999 
P2600 2025 7 0 0 0 0 0 0 0 0 0 0 0 0 0 0 0 0 0 0 0 10 0 0 0 0 0 0 0 0 0 0 0 
P2600 2025 8 9 0 0 0 0 0 0 0 0 0 0 0 0 6 0 0 0 0 0 0 0 0 0 0 0 0 0 0 0 0 0 
P2600 2025 9 0 0 11 0 10 0 0 0 0 0 0 0 0 0 0 0 38 0 0 0 0 0 0 1 0 0 4 0 0 0 -999 
P2600 2025 10 0 0 4 0 0 0 28 0 0 10 0 0 0 0 0 0 0 8 9 0 0 0 0 0 0 72 64 108 0 0 22 
P2600 2025 11 24 0 5 0 0 0 9 0 6 0 0 2 0 0 0 0 0 0 0 13 0 0 0 0 34 5 0 0 0 0 -999 
P2600 2025 12 0 62 92 25 16 22 0 0 0 0 0 0 0 7 0 0 0 0 0 0 19 13 0 23 46 32 21 0 0 0 43 
P2600 2026 1 0 0 25 12 0 30 0 0 0 22 44 171 232 18 0 142 194 151 44 26 0 0 0 0 21 25 36 0 0 0 0 
P2600 2026 2 0 0 42 25 0 0 0 0 0 14 25 0 0 0 0 7 0 0 98 208 62 0 50 40 0 31 0 0 -999 -999 -999 
P2600 2026 3 9 0 0 0 1 0 0 0 0 0 0 0 0 0 0 0 0 0 15 29 54 100 64 18 0 0 0 0 0 0 0 
P2600 2026 4 0 0 0 0 0 0 0 68 77 90 150 82 78 0 0 9 0 0 0 0 0 0 0 0 0 16 61 0 0 76 -999 
P2600 2026 5 0 0 7 0 3 0 0 0 0 0 0 0 0 0 0 0 0 33 23 0 0 0 0 25 0 48 49 0 0 0 0 
P2600 2026 6 0 0 0 0 2 0 0 0 0 0 0 0 0 0 0 0 0 0 0 0 0 0 0 0 0 0 1 0 0 0 -999 
P2600 2026 7 0 15 0 0 0 0 0 0 0 0 0 0 0 0 0 0 0 0 0 0 0 0 0 0 0 0 0 0 0 0 0 
P2600 2026 8 0 0 0 0 0 0 0 0 0 0 0 0 0 0 0 0 0 0 0 0 0 0 0 0 26 0 0 0 13 0 0 
P2600 2026 9 0 0 0 0 11 0 0 15 0 0 0 0 0 35 0 2 0 0 16 0 31 0 10 0 0 21 0 0 20 9 -999 
P2600 2026 10 0 0 0 0 15 24 40 0 14 17 28 0 25 36 70 85 0 0 6 0 0 0 84 28 42 0 8 3 0 70 111 
P2600 2026 11 0 0 0 0 10 0 0 0 0 92 119 22 11 19 0 0 12 11 18 0 7 0 0 0 0 0 0 0 36 0 -999 
P2600 2026 12 0 0 0 0 31 0 0 15 0 69 22 0 0 34 0 60 0 121 66 66 0 0 0 20 0 11 11 0 10 0 21 
P2600 2027 1 0 0 123 120 104 103 121 0 61 45 0 0 0 0 0 0 0 7 34 73 39 0 0 0 0 0 0 0 16 6 5 
P2600 2027 2 11 0 0 0 0 0 0 0 0 7 14 27 61 150 92 288 0 130 0 8 8 27 86 42 85 68 38 42 -999 -999 -999 
P2600 2027 3 103 71 24 55 53 70 73 0 0 18 0 0 5 25 32 0 44 31 0 0 16 0 0 18 19 48 77 119 0 0 29 
P2600 2027 4 0 58 47 101 0 21 40 0 0 26 0 0 39 0 53 115 108 123 56 60 126 43 39 0 0 19 8 0 0 0 -999 
P2600 2027 5 21 0 36 59 45 0 0 0 0 0 0 0 0 0 0 0 0 0 0 0 0 0 0 0 50 50 0 0 0 13 0 
P2600 2027 6 21 0 0 22 19 0 0 0 0 0 0 0 0 0 0 0 0 0 13 0 0 0 0 0 0 0 0 0 0 0 -999 
P2600 2027 7 0 0 0 0 0 0 0 0 0 16 0 0 0 0 0 0 0 0 0 0 0 0 0 0 0 0 0 0 0 0 0 
P2600 2027 8 0 0 0 0 0 0 0 0 0 0 0 0 17 0 0 0 0 0 0 0 0 0 0 29 0 0 0 0 0 0 0 
P2600 2027 9 0 0 0 0 0 8 0 4 0 0 0 0 0 14 0 0 0 0 0 0 0 0 0 0 0 0 16 0 0 0 -999 
P2600 2027 10 0 0 0 0 0 0 0 0 0 0 0 0 0 0 0 0 0 0 0 0 0 0 0 0 0 0 0 9 0 17 0 
P2600 2027 11 0 74 241 127 18 0 20 0 0 0 0 0 76 137 73 0 0 0 0 0 13 0 82 103 102 53 81 74 178 180 -999 
P2600 2027 12 0 99 132 10 21 134 209 140 61 70 0 37 0 0 0 0 26 26 0 22 32 0 0 0 0 0 0 0 0 9 0 
P2600 2028 1 20 49 0 0 6 11 26 0 106 130 27 52 0 156 157 18 6 0 0 0 0 0 0 0 0 0 0 2 0 0 0 
P2600 2028 2 0 0 0 20 0 3 0 0 0 0 0 0 0 0 0 0 0 0 0 0 12 0 13 0 15 54 62 0 -999 -999 -999 
P2600 2028 3 46 0 0 0 0 4 0 0 0 16 0 14 0 0 20 26 30 16 10 0 0 15 0 0 0 0 0 0 3 0 0 
P2600 2028 4 9 15 0 0 26 0 31 66 0 34 0 0 0 9 0 0 0 0 0 0 0 0 0 0 0 0 8 18 48 0 -999 
P2600 2028 5 16 39 0 0 0 0 0 0 9 0 9 0 8 2 1 0 0 0 0 0 6 0 0 40 35 0 0 7 7 0 19 
P2600 2028 6 0 0 0 0 0 0 0 0 0 0 0 0 0 0 0 0 0 0 0 0 0 0 0 0 0 0 0 0 0 0 -999 
P2600 2028 7 0 0 0 0 0 0 0 0 0 0 0 0 26 0 17 0 0 0 0 0 0 0 0 0 0 0 0 0 0 0 0 
P2600 2028 8 0 0 0 0 0 0 0 0 0 0 0 0 0 0 0 0 0 0 0 0 0 0 0 0 0 0 0 0 0 0 0 
P2600 2028 9 26 0 30 0 31 25 0 0 0 0 0 6 0 0 0 0 0 0 0 0 5 0 0 0 0 12 9 8 0 12 -999 
P2600 2028 10 0 0 0 0 0 0 18 0 0 0 0 0 0 0 7 0 0 27 56 69 40 0 0 0 12 0 0 0 0 21 45 
P2600 2028 11 0 25 0 0 0 8 67 0 40 56 0 0 0 19 54 51 16 0 0 0 0 0 1 3 0 0 0 0 0 0 -999 
P2600 2028 12 0 0 0 0 28 0 4 0 0 0 0 0 0 0 0 0 0 0 32 68 98 19 102 71 19 0 11 0 0 17 0 
P2600 2029 1 0 37 84 0 0 90 252 70 0 0 0 12 0 0 0 101 0 0 24 0 0 0 0 18 0 137 167 0 0 0 0 
P2600 2029 2 0 0 0 0 0 0 4 0 0 15 0 0 0 0 0 1 0 0 0 0 0 33 23 0 0 0 0 0 -999 -999 -999 
P2600 2029 3 0 0 0 0 0 0 0 0 0 0 0 28 0 0 0 0 24 0 0 0 0 27 0 37 16 1 2 0 0 0 0 
P2600 2029 4 0 0 0 0 0 14 0 0 0 0 0 25 37 0 0 0 0 0 0 15 0 5 0 0 0 11 0 0 0 3 -999 
P2600 2029 5 0 0 66 62 22 0 0 0 0 0 0 0 0 0 0 0 13 0 0 0 0 0 0 20 0 0 0 0 0 0 0 
P2600 2029 6 0 0 0 0 0 0 0 15 0 0 0 0 0 0 0 0 0 0 0 0 0 0 0 0 0 0 0 0 0 0 -999 
P2600 2029 7 0 0 0 17 0 0 0 0 0 0 0 0 0 0 0 0 0 0 0 0 0 0 0 0 0 0 0 0 0 0 0 
P2600 2029 8 0 0 0 0 0 0 0 0 0 0 0 0 0 0 0 0 0 0 0 0 0 0 0 0 0 0 0 0 0 0 0 
P2600 2029 9 0 0 0 0 0 14 0 0 0 0 0 0 20 0 0 0 15 0 0 14 0 0 50 55 0 36 0 66 78 82 -999 
P2600 2029 10 101 0 0 5 0 0 0 0 0 0 0 0 0 0 44 0 0 0 35 0 34 16 0 0 0 0 0 14 19 0 40 
P2600 2029 11 0 21 0 122 54 75 47 0 160 63 0 0 0 0 0 0 0 0 0 0 0 0 27 33 11 12 41 46 113 0 -999 
P2600 2029 12 8 0 0 0 13 0 0 0 0 0 0 0 0 0 0 0 0 12 0 9 0 0 0 0 0 0 0 0 0 0 138 
P2600 2030 1 132 33 0 0 61 0 102 25 0 17 15 36 0 0 1 0 0 0 3 0 0 6 0 0 0 26 16 0 143 175 152 
P2600 2030 2 243 160 102 17 0 56 90 84 70 93 124 0 31 0 95 0 0 0 0 0 22 0 16 0 0 30 0 43 -999 -999 -999 
P2600 2030 3 0 0 0 0 0 0 130 42 0 0 0 0 0 8 12 0 0 0 0 0 13 60 0 0 0 0 0 0 0 0 0 
P2600 2030 4 0 0 0 0 0 0 0 0 0 18 0 21 0 0 112 119 141 276 74 37 52 80 52 28 0 52 36 31 0 0 -999 
P2600 2030 5 0 0 1 0 0 8 0 0 16 0 0 0 0 0 51 59 33 0 26 0 0 0 0 0 0 0 0 0 0 0 0 
P2600 2030 6 36 28 0 0 25 32 0 0 0 35 31 37 30 0 0 0 0 0 0 0 0 0 0 0 0 0 0 0 0 0 -999 
P2600 2030 7 0 0 0 0 0 0 0 0 0 0 0 0 0 0 0 0 0 0 0 0 0 0 0 0 0 0 0 0 0 0 0 
P2600 2030 8 0 24 0 0 0 0 0 0 0 0 0 10 0 0 0 0 0 0 0 0 0 0 0 0 0 0 0 0 0 0 0 
P2600 2030 9 0 0 0 0 0 12 0 0 0 0 0 0 3 0 0 15 0 0 0 0 26 0 0 0 10 11 0 0 0 0 -999 
P2600 2030 10 0 0 0 0 0 0 0 0 29 57 69 0 0 0 0 0 0 0 8 0 0 0 0 0 27 13 0 0 0 0 23 
P2600 2030 11 36 0 57 89 0 144 52 0 43 0 44 0 0 0 0 0 0 0 37 7 0 0 0 0 0 5 18 0 0 0 -999 
P2600 2030 12 169 0 62 48 106 0 0 50 0 22 58 0 34 0 0 0 9 0 0 0 0 0 38 0 0 16 0 0 0 0 3 
P2600 2031 1 0 0 0 0 0 8 15 6 0 0 0 8 0 144 0 0 0 14 41 0 0 0 0 39 39 32 29 18 0 0 56 
P2600 2031 2 0 0 0 35 18 55 40 0 31 63 48 29 0 0 0 0 8 76 36 27 0 84 0 0 0 0 0 33 -999 -999 -999 
P2600 2031 3 29 43 28 19 20 0 0 0 29 41 53 41 43 94 58 42 48 0 54 0 40 58 0 0 26 56 62 43 27 22 33 
P2600 2031 4 36 45 34 50 0 125 0 0 0 0 0 0 0 22 0 0 0 0 0 0 0 0 0 0 33 0 36 34 0 0 -999 
P2600 2031 5 0 0 0 0 24 0 0 50 0 28 19 0 19 0 0 19 0 0 8 0 0 0 0 0 0 0 0 0 14 13 0 
P2600 2031 6 0 0 0 0 0 0 0 0 0 0 0 0 0 0 0 0 0 0 20 0 0 0 17 0 7 0 0 0 0 0 -999 
P2600 2031 7 0 0 0 0 0 0 0 12 0 0 0 10 0 0 0 0 0 0 0 0 0 0 0 0 0 0 0 0 0 0 0 
P2600 2031 8 11 0 0 0 0 0 0 0 0 0 0 0 0 0 0 0 0 0 0 0 27 0 0 0 0 0 0 0 0 0 0 
P2600 2031 9 0 0 1 0 0 0 0 0 23 0 59 62 18 0 0 0 0 0 22 0 22 0 6 0 0 0 0 0 42 21 -999 
P2600 2031 10 0 0 0 5 6 0 0 10 0 0 0 0 37 0 67 73 0 15 0 0 0 0 0 0 0 0 41 105 40 0 89 
P2600 2031 11 65 0 27 0 0 15 5 0 0 18 0 0 68 0 57 114 35 0 0 0 3 0 0 0 23 0 40 0 34 44 -999 
P2600 2031 12 51 140 190 107 63 41 0 12 1 0 0 0 0 0 0 2 0 0 1 1 0 0 5 23 19 15 15 0 10 31 65 
P2600 2032 1 111 197 0 8 45 178 58 0 254 11 0 0 0 0 0 0 18 84 0 15 0 0 0 0 0 0 0 0 34 86 43 
P2600 2032 2 132 142 0 27 86 27 14 0 0 0 0 0 0 0 0 0 6 2 1 0 0 0 0 0 0 0 16 0 -999 -999 -999 
P2600 2032 3 13 0 0 1 4 29 59 29 0 0 0 0 0 0 0 0 0 0 0 0 0 0 0 0 0 32 0 0 10 0 0 
P2600 2032 4 9 16 75 120 72 50 69 42 0 0 0 0 0 19 20 0 0 43 0 25 120 168 188 65 46 0 6 22 62 43 -999 
P2600 2032 5 31 22 0 0 0 51 56 46 42 0 0 0 0 0 16 0 0 53 20 0 33 0 0 0 0 0 0 0 0 0 0 
P2600 2032 6 0 0 7 0 0 0 0 15 0 16 0 25 24 0 0 0 0 0 0 0 0 0 0 0 0 0 0 0 0 0 -999 
P2600 2032 7 16 0 0 22 0 0 0 0 0 0 21 18 0 0 0 0 0 0 0 0 0 0 0 0 0 0 0 0 0 0 0 
P2600 2032 8 13 0 12 0 0 0 0 0 0 0 0 0 0 0 8 0 27 0 0 0 0 0 0 0 0 0 0 0 0 0 0 
P2600 2032 9 0 0 0 5 0 0 0 0 17 0 9 5 0 0 0 0 7 0 0 0 0 0 0 11 0 0 12 0 0 0 -999 
P2600 2032 10 0 0 0 7 0 0 0 0 0 0 28 0 0 0 0 0 25 30 84 100 114 129 0 0 7 0 0 0 0 0 0 
P2600 2032 11 13 0 0 0 108 83 0 0 23 0 6 26 92 9 4 32 34 46 97 123 80 30 55 98 0 61 54 81 0 16 -999 
P2600 2032 12 0 0 0 0 9 47 18 33 53 95 97 0 7 0 0 0 0 0 0 0 0 0 0 2 0 0 8 0 17 8 153 
P2600 2033 1 88 33 0 0 4 0 30 0 0 0 0 0 0 0 0 0 0 0 0 0 0 0 4 0 0 6 0 0 5 0 0 
P2600 2033 2 0 2 0 0 0 0 11 0 0 21 6 0 0 22 64 162 243 124 0 185 218 198 97 66 113 41 38 0 -999 -999 -999 
P2600 2033 3 0 15 0 0 7 0 6 6 0 0 14 0 0 0 47 11 28 38 90 131 93 48 76 78 93 0 0 0 29 14 0 
P2600 2033 4 150 0 12 27 0 0 0 11 0 0 6 0 0 0 0 0 0 0 73 91 53 27 0 40 85 22 0 0 0 1 -999 
P2600 2033 5 3 0 0 0 0 0 0 0 0 0 0 0 0 0 0 0 0 0 9 0 23 0 0 0 0 0 0 9 0 9 0 
P2600 2033 6 0 0 23 0 12 10 0 0 0 0 0 0 0 0 0 0 0 0 0 0 0 10 0 0 4 0 0 0 0 0 -999 
P2600 2033 7 0 0 0 0 0 0 0 0 0 0 0 0 0 0 0 0 0 0 0 0 0 0 0 0 0 0 16 0 0 0 0 
P2600 2033 8 0 0 0 0 7 0 0 0 0 0 0 0 0 0 0 0 0 0 0 0 0 0 0 0 0 0 16 0 0 0 0 
P2600 2033 9 0 0 0 0 0 0 0 29 0 0 7 0 0 0 2 0 0 0 0 0 0 0 0 0 0 5 0 9 0 0 -999 
P2600 2033 10 0 21 0 0 0 0 0 0 0 0 0 0 0 0 0 0 86 0 147 0 0 0 5 0 48 40 17 0 0 52 93 
P2600 2033 11 69 0 119 206 52 152 144 157 17 18 9 39 0 0 164 110 5 0 10 0 0 0 0 0 0 0 0 0 0 0 -999 
P2600 2033 12 27 58 120 93 24 0 90 45 60 25 18 0 8 0 0 0 0 0 0 0 0 0 14 0 0 0 0 0 0 0 10 
P2600 2034 1 0 0 0 0 0 0 0 0 0 0 0 1 0 0 0 0 0 0 0 0 21 0 0 87 120 145 109 0 0 0 0 
P2600 2034 2 0 0 0 0 2 0 31 58 0 33 0 0 0 13 5 0 0 0 201 66 0 0 97 29 0 16 0 0 -999 -999 -999 
P2600 2034 3 0 0 0 0 10 0 10 0 0 0 27 0 0 0 0 4 0 0 0 0 20 0 0 0 7 0 0 0 60 57 21 
P2600 2034 4 0 42 0 123 174 49 0 25 0 32 0 0 17 0 0 39 31 0 0 0 75 110 100 47 0 9 0 0 0 0 -999 
P2600 2034 5 0 2 0 0 0 0 0 0 0 6 0 0 0 0 0 11 9 11 0 0 24 0 0 0 0 0 19 44 38 0 24 
P2600 2034 6 32 54 0 0 0 15 17 0 0 13 0 0 0 0 0 0 0 29 0 0 0 0 0 0 8 0 5 0 0 0 -999 
P2600 2034 7 0 0 0 0 0 0 0 0 0 0 0 0 0 0 0 0 0 0 0 0 0 0 0 0 0 0 0 0 0 0 0 
P2600 2034 8 0 0 0 0 0 3 0 0 0 0 0 0 0 0 0 0 0 0 0 4 0 0 0 0 0 0 0 0 18 0 15 
P2600 2034 9 0 0 0 0 0 0 0 14 23 22 0 10 9 14 0 0 25 0 0 0 0 0 0 1 0 0 9 0 0 0 -999 
P2600 2034 10 0 0 0 0 0 0 0 0 17 0 0 0 0 9 24 40 9 0 0 0 0 0 33 0 0 0 0 0 12 16 7 
P2600 2034 11 5 0 21 32 49 0 0 0 0 0 0 0 0 0 0 0 0 0 0 8 11 0 9 0 16 0 30 0 0 30 -999 
P2600 2034 12 0 18 0 0 0 0 0 0 0 0 14 0 0 1 0 0 16 11 0 0 18 24 0 127 169 178 159 0 30 77 47 
P2600 2035 1 35 0 68 75 0 68 36 0 0 0 0 0 0 0 1 0 1 0 5 13 0 3 0 0 0 19 25 43 0 0 0 
P2600 2035 2 0 0 0 0 25 0 0 0 0 0 0 11 0 9 0 8 0 0 18 0 0 0 80 84 38 0 0 28 -999 -999 -999 
P2600 2035 3 0 59 0 0 0 0 0 0 43 0 0 0 20 49 0 0 0 0 0 0 6 0 0 0 15 0 23 0 0 0 52 
P2600 2035 4 0 0 0 48 0 84 40 71 0 18 0 0 0 22 0 29 0 0 32 58 0 0 72 57 0 0 17 32 0 59 -999 
P2600 2035 5 0 48 11 0 10 0 54 36 0 0 17 0 0 0 0 0 0 0 21 0 0 0 0 0 0 3 0 0 0 0 0 
P2600 2035 6 0 0 0 34 0 0 4 0 0 0 0 0 0 0 0 0 0 0 0 0 0 0 0 0 9 0 0 0 0 0 -999 
P2600 2035 7 13 0 0 0 0 0 0 0 33 13 0 0 0 0 0 0 4 0 0 0 0 0 0 0 16 0 0 0 0 0 0 
P2600 2035 8 0 0 0 0 0 0 26 0 0 0 0 0 0 0 0 0 0 0 0 0 0 0 0 0 0 0 0 0 0 41 0 
P2600 2035 9 0 0 0 0 0 0 0 4 0 10 0 0 0 4 0 0 0 0 0 0 0 0 0 6 9 0 17 24 0 33 -999 
P2600 2035 10 24 0 0 0 0 0 0 0 0 0 63 0 40 31 0 22 0 0 30 67 114 83 44 0 0 16 0 0 0 6 0 
P2600 2035 11 10 37 56 0 7 0 0 0 0 0 0 0 0 0 0 0 0 0 0 0 9 0 0 2 3 0 0 2 0 0 -999 
P2600 2035 12 0 0 0 0 0 0 0 14 0 0 12 0 12 40 57 68 37 63 38 21 0 10 0 26 0 33 33 9 11 0 89 
P2600 2036 1 116 94 13 0 84 118 83 73 68 163 0 0 81 0 0 0 66 0 54 76 33 19 0 0 0 0 12 0 0 0 0 
P2600 2036 2 0 25 59 0 0 0 2 0 0 0 0 0 0 16 0 0 0 0 0 30 17 0 24 34 7 0 7 0 -999 -999 -999 
P2600 2036 3 126 99 27 34 21 7 0 0 0 24 10 0 19 0 50 20 22 0 52 0 21 24 0 0 113 114 95 67 0 0 29 
P2600 2036 4 182 27 18 52 0 0 0 10 0 30 46 66 19 0 0 0 0 0 0 45 0 0 0 0 46 18 0 0 0 0 -999 
P2600 2036 5 0 0 0 0 0 0 0 0 0 0 0 0 0 0 0 0 0 51 74 37 91 90 0 16 0 0 0 0 0 0 0 
P2600 2036 6 0 0 0 0 0 8 0 0 0 0 35 29 31 0 0 0 0 0 0 0 0 0 0 0 0 0 0 0 0 0 -999 
P2600 2036 7 0 0 15 0 0 0 0 0 0 0 0 0 0 0 0 0 11 0 0 0 0 0 0 0 0 0 0 0 0 0 0 
P2600 2036 8 0 0 0 0 0 0 0 0 0 0 0 0 0 0 0 0 0 0 0 0 0 0 0 0 0 0 0 0 0 0 0 
P2600 2036 9 0 0 0 0 0 0 6 0 0 0 0 2 0 0 0 0 0 0 0 0 0 0 0 0 0 0 0 0 0 0 -999 
P2600 2036 10 0 0 0 0 0 69 45 0 31 71 0 0 0 69 68 0 0 21 0 0 0 0 0 0 28 12 0 0 0 0 0 
P2600 2036 11 0 0 0 0 23 45 98 0 33 35 14 0 0 0 0 16 0 0 0 0 0 0 0 20 20 22 0 0 0 0 -999 
P2600 2036 12 0 0 0 0 0 0 0 0 0 0 0 0 25 17 12 0 0 0 0 0 0 0 14 0 0 0 55 63 0 172 0 
P2600 2037 1 63 71 58 31 25 69 0 35 0 0 0 17 27 0 53 124 119 94 86 44 12 7 13 0 1 0 0 0 0 0 0 
P2600 2037 2 0 0 0 0 0 13 10 0 0 14 0 36 31 0 0 0 0 52 78 41 0 9 13 0 0 0 0 11 -999 -999 -999 
P2600 2037 3 13 15 0 102 90 0 74 102 66 0 0 12 8 0 0 0 0 0 0 0 0 124 112 149 73 196 110 50 60 0 28 
P2600 2037 4 0 0 0 0 0 0 0 0 0 0 0 0 79 72 0 0 0 17 0 10 0 20 66 70 67 0 50 38 0 10 -999 
P2600 2037 5 0 0 0 0 41 96 95 30 0 0 0 0 0 0 0 0 0 0 0 0 0 0 0 0 0 0 0 0 0 0 0 
P2600 2037 6 0 0 0 0 14 0 0 24 0 0 8 0 0 0 10 26 0 0 0 0 0 0 0 0 0 0 0 0 0 0 -999 
P2600 2037 7 0 0 0 0 12 0 0 0 0 0 0 0 0 0 0 0 0 0 0 0 0 0 0 0 0 0 0 0 0 0 0 
P2600 2037 8 0 0 0 0 0 0 0 0 0 0 0 0 0 0 0 0 0 0 0 0 0 0 0 0 0 0 0 0 0 0 0 
P2600 2037 9 0 0 0 0 0 0 0 0 0 0 0 16 0 0 0 0 0 0 0 4 0 0 0 0 0 24 21 0 0 0 -999 
P2600 2037 10 0 0 0 0 0 0 0 19 0 0 7 0 1 0 0 0 0 0 0 0 0 0 15 0 19 0 0 0 1 0 0 
P2600 2037 11 49 0 0 12 0 0 0 6 0 0 0 0 0 39 19 65 57 0 0 0 0 0 0 0 38 34 38 0 47 0 -999 
P2600 2037 12 24 0 134 147 162 212 123 0 21 0 0 80 18 13 0 0 4 0 0 52 0 0 0 20 0 0 0 0 0 0 0 
P2600 2038 1 0 0 0 0 0 0 0 0 0 0 44 165 90 28 25 53 0 0 0 0 38 17 4 5 0 0 21 12 0 0 61 
P2600 2038 2 17 0 24 26 35 45 0 0 0 0 1 0 0 0 0 0 0 0 0 0 9 0 0 0 62 0 0 5 -999 -999 -999 
P2600 2038 3 8 0 0 71 0 0 0 0 8 0 14 0 27 31 32 0 92 0 0 0 39 46 74 59 0 84 74 22 0 0 0 
P2600 2038 4 0 0 58 62 0 6 0 0 30 16 0 0 0 0 0 0 0 0 4 0 0 0 14 0 0 0 0 0 17 0 -999 
P2600 2038 5 0 0 0 0 0 0 0 0 0 0 0 0 0 0 25 23 0 0 0 0 0 0 0 0 0 0 0 0 0 0 0 
P2600 2038 6 16 0 0 0 8 0 0 19 0 0 0 0 9 0 0 0 0 0 0 0 0 0 0 0 11 17 0 0 0 0 -999 
P2600 2038 7 0 0 0 0 0 0 0 0 0 0 0 6 0 0 0 0 0 0 0 0 0 0 0 0 0 0 0 0 0 0 0 
P2600 2038 8 0 0 0 0 0 0 0 0 0 0 8 0 9 0 0 0 0 0 0 0 0 0 0 0 0 0 0 0 0 0 0 
P2600 2038 9 0 0 0 0 0 0 0 0 0 0 0 0 0 0 0 0 0 0 0 0 0 0 0 0 31 0 0 0 0 0 -999 
P2600 2038 10 0 0 0 0 0 0 0 0 0 0 0 0 0 0 0 0 11 0 56 0 28 59 0 98 0 0 0 38 0 0 0 
P2600 2038 11 44 0 33 41 105 115 0 26 0 0 0 133 0 15 36 51 0 35 67 22 0 0 0 32 0 14 75 102 124 45 -999 
P2600 2038 12 19 0 0 0 12 0 0 0 32 21 0 1 0 0 0 6 0 0 0 0 8 0 0 0 62 29 28 41 0 63 0 
P2600 2039 1 0 29 76 52 161 33 19 0 0 0 0 0 135 41 0 115 159 74 199 0 76 32 23 58 156 230 258 116 0 12 27 
P2600 2039 2 0 0 7 0 1 0 0 0 0 0 14 0 0 17 38 13 0 10 0 12 70 108 108 61 0 100 68 0 -999 -999 -999 
P2600 2039 3 0 0 0 0 36 32 0 0 0 0 36 38 68 10 7 0 0 0 79 0 91 36 0 5 9 0 0 0 0 0 0 
P2600 2039 4 0 0 0 0 0 0 0 0 0 0 0 0 0 2 0 0 0 0 0 0 0 0 0 0 0 0 0 0 24 0 -999 
P2600 2039 5 53 30 0 0 0 0 9 0 0 0 0 32 8 16 0 29 0 0 14 0 0 0 0 0 0 0 0 0 42 0 18 
P2600 2039 6 0 0 0 14 0 0 0 0 66 32 0 0 0 0 0 0 0 54 0 0 0 0 0 0 0 0 0 0 0 0 -999 
P2600 2039 7 0 0 0 0 0 0 0 0 0 0 0 0 6 0 0 0 0 0 0 0 0 0 0 0 0 0 0 0 0 0 0 
P2600 2039 8 0 0 0 0 0 0 0 0 0 0 0 0 0 0 0 0 0 0 0 0 0 0 0 0 0 0 0 0 0 17 0 
P2600 2039 9 0 23 0 0 0 0 0 23 0 0 0 0 0 0 0 0 0 0 30 0 0 5 0 0 0 0 0 0 0 18 -999 
P2600 2039 10 39 9 0 0 0 0 0 0 14 0 0 0 0 0 0 7 0 0 0 0 0 72 48 89 91 14 0 0 52 0 34 
P2600 2039 11 83 49 0 0 0 0 0 0 0 0 0 0 0 0 0 48 17 0 0 0 37 0 0 0 0 28 0 83 89 59 -999 
P2600 2039 12 59 0 4 7 14 0 0 0 0 0 0 12 0 38 67 40 105 282 73 19 0 0 0 0 14 28 43 29 0 0 0 
P2600 2040 1 0 2 0 0 0 0 0 0 0 0 0 0 0 0 0 0 0 11 20 0 9 0 0 0 0 0 2 4 25 39 149 
P2600 2040 2 60 21 90 99 105 0 0 0 0 0 43 42 0 134 223 137 92 179 162 119 39 49 92 105 0 56 0 86 -999 -999 -999 
P2600 2040 3 0 0 77 73 0 0 27 37 38 40 0 2 0 0 0 13 0 7 0 0 0 0 0 0 0 0 0 0 0 0 0 
P2600 2040 4 0 0 27 33 63 58 0 0 0 0 14 0 12 0 53 21 11 1 0 8 0 17 5 0 0 0 20 10 0 0 -999 
P2600 2040 5 0 0 0 0 0 0 31 8 0 0 13 11 0 0 0 0 0 0 0 0 0 0 0 27 0 14 0 0 0 0 0 
P2600 2040 6 0 0 19 21 0 0 0 0 0 28 23 0 31 23 0 0 0 0 0 30 0 0 0 0 0 0 0 0 0 0 -999 
P2600 2040 7 0 0 0 0 0 0 0 0 0 9 0 0 0 0 0 0 0 0 0 0 0 0 0 0 0 0 0 0 0 0 0 
P2600 2040 8 0 0 0 0 0 0 0 0 0 0 0 0 0 0 0 0 0 6 0 0 0 0 0 0 19 0 7 0 0 0 0 
P2600 2040 9 0 0 0 0 0 0 0 0 0 0 17 0 0 0 0 54 0 0 0 0 0 19 0 0 0 0 0 0 0 0 -999 
P2600 2040 10 0 0 0 0 0 0 27 63 0 0 17 23 0 0 12 0 96 181 0 0 0 0 22 38 0 0 0 0 0 0 0 
P2600 2040 11 0 0 0 0 0 0 0 0 27 0 16 0 0 128 84 148 92 22 29 3 0 0 0 35 17 15 0 26 0 0 -999 
P2600 2040 12 0 7 0 0 0 0 0 0 28 0 0 13 9 0 0 0 0 0 0 0 0 0 0 0 0 0 0 6 0 8 0 
P2600 2041 1 0 0 0 0 29 31 13 12 0 13 0 0 0 0 14 33 0 7 0 0 0 0 51 102 43 0 179 47 0 90 65 
P2600 2041 2 7 0 0 0 0 0 0 23 53 68 55 0 0 33 86 134 0 0 15 0 0 6 0 0 0 0 0 0 -999 -999 -999 
P2600 2041 3 1 0 0 0 0 0 0 0 37 20 0 8 0 2 0 0 0 0 0 0 0 0 0 0 4 0 0 12 28 15 0 
P2600 2041 4 0 16 0 0 0 0 0 0 0 0 20 25 0 0 0 8 0 0 0 0 0 0 0 0 0 0 0 0 0 0 -999 
P2600 2041 5 0 0 0 36 49 52 0 0 25 22 0 0 0 0 0 13 0 0 0 0 0 0 0 0 0 0 0 0 0 0 29 
P2600 2041 6 0 0 0 0 0 0 0 18 0 0 33 0 0 0 0 0 0 0 0 26 8 0 0 0 0 0 0 0 0 0 -999 
P2600 2041 7 0 0 0 0 0 0 0 0 0 0 0 0 0 0 0 0 0 0 0 0 0 0 0 0 0 0 0 0 0 0 0 
P2600 2041 8 0 0 0 0 0 0 0 0 0 0 0 0 0 0 0 0 0 0 0 0 0 0 0 0 0 0 0 0 0 0 0 
P2600 2041 9 0 0 0 0 14 0 0 0 0 0 0 0 0 0 0 0 0 18 0 28 0 0 0 0 0 0 0 0 0 0 -999 
P2600 2041 10 0 0 0 0 0 0 0 0 0 0 0 0 0 0 0 0 0 0 13 0 0 0 0 0 0 0 0 17 0 0 0 
P2600 2041 11 79 145 33 0 0 0 0 0 0 0 0 0 0 0 0 9 0 0 0 11 30 11 0 0 67 35 21 0 0 0 -999 
P2600 2041 12 55 90 186 53 0 15 0 33 38 6 0 0 0 0 0 0 0 0 0 0 0 14 0 0 0 0 0 56 68 0 47 
P2600 2042 1 40 77 111 114 43 18 0 0 0 43 0 0 0 0 0 21 37 42 87 9 0 0 0 0 0 0 0 78 0 0 0 
P2600 2042 2 0 2 0 0 0 0 0 0 0 0 0 12 8 4 0 0 0 0 0 0 0 0 0 32 0 0 0 15 -999 -999 -999 
P2600 2042 3 4 0 0 0 16 0 0 0 17 0 0 0 0 12 3 0 0 46 41 36 52 43 60 62 56 0 24 30 25 6 0 
P2600 2042 4 0 0 0 0 0 0 0 0 0 0 0 0 0 0 16 56 67 59 0 26 13 0 61 10 2 0 0 0 0 52 -999 
P2600 2042 5 46 72 105 81 36 52 0 0 0 59 50 45 97 34 12 0 0 0 0 0 0 0 0 0 0 0 8 7 0 0 0 
P2600 2042 6 22 24 0 31 47 37 33 42 0 0 0 0 0 0 0 0 0 0 0 30 0 0 0 0 0 0 0 0 0 0 -999 
P2600 2042 7 0 0 0 0 0 14 0 0 0 11 0 0 0 0 0 0 0 0 0 0 0 0 0 0 0 0 0 0 0 0 0 
P2600 2042 8 0 0 0 0 0 0 0 0 0 0 0 0 0 0 0 0 0 0 38 0 0 0 0 0 0 0 0 0 0 0 0 
P2600 2042 9 0 0 0 0 0 0 0 0 0 0 0 0 0 0 0 0 0 0 38 0 0 0 0 0 0 0 0 4 0 0 -999 
P2600 2042 10 0 0 0 0 0 0 0 0 0 5 0 3 0 0 0 0 0 0 0 6 0 0 31 4 0 0 0 0 0 0 0 
P2600 2042 11 9 0 0 0 27 0 0 15 25 24 30 0 88 0 0 10 11 7 0 0 0 42 0 0 11 54 34 0 0 0 -999 
P2600 2042 12 0 0 8 25 145 0 25 0 13 16 60 0 30 0 0 0 8 0 51 61 16 0 0 0 0 0 25 28 57 125 55 
P2600 2043 1 0 0 0 0 0 0 0 4 6 14 30 0 0 55 111 79 83 0 0 0 1 0 0 0 0 0 0 0 0 0 0 
P2600 2043 2 0 0 0 0 0 0 0 0 0 75 40 11 0 15 81 75 0 0 0 0 0 0 0 14 4 16 21 0 -999 -999 -999 
P2600 2043 3 27 17 3 0 0 4 6 0 4 14 0 56 61 103 52 76 88 68 60 60 19 0 0 96 55 72 19 31 93 146 54 
P2600 2043 4 115 115 88 28 0 0 28 0 48 40 0 0 0 15 0 0 0 0 0 0 0 0 0 0 0 0 39 0 104 31 -999 
P2600 2043 5 27 0 0 0 0 0 0 0 13 0 26 0 0 0 44 45 91 66 65 0 36 0 0 0 0 0 0 0 0 0 0 
P2600 2043 6 0 17 0 32 0 4 0 0 0 0 0 0 0 0 0 0 0 0 0 0 0 0 0 0 0 0 0 0 0 0 -999 
P2600 2043 7 0 0 0 0 0 0 0 0 0 0 0 0 0 0 0 0 0 0 0 1 0 0 0 11 0 0 0 0 0 0 0 
P2600 2043 8 0 0 0 0 0 15 0 0 0 26 0 0 0 0 0 0 0 0 0 0 0 0 0 0 18 14 0 19 4 0 0 
P2600 2043 9 0 0 0 12 0 0 0 0 0 0 0 0 0 0 0 0 0 0 2 0 0 0 0 0 0 0 0 0 0 0 -999 
P2600 2043 10 0 0 0 0 0 0 0 0 0 0 0 34 0 38 0 0 0 0 0 24 18 0 0 0 0 1 3 0 0 21 0 
P2600 2043 11 0 21 0 36 256 111 0 3 0 0 0 0 0 0 0 0 0 0 40 24 105 105 0 35 72 98 93 0 53 23 -999 
P2600 2043 12 10 2 0 94 80 55 0 0 0 0 0 2 0 0 0 0 0 0 21 0 3 0 0 1 0 0 1 0 0 1 0 
P2600 2044 1 0 0 0 0 0 0 13 0 0 20 47 0 26 26 18 16 28 116 0 39 38 18 0 45 94 103 0 0 0 0 0 
P2600 2044 2 0 0 0 80 25 0 0 0 0 0 26 12 0 0 0 14 28 2 0 0 0 0 0 0 0 0 0 0 -999 -999 -999 
P2600 2044 3 0 0 6 0 0 0 0 0 0 0 0 5 0 0 0 19 16 18 0 3 0 0 0 0 0 11 22 0 0 24 26 
P2600 2044 4 34 52 58 32 0 0 0 0 52 0 0 13 0 0 0 0 25 0 0 0 1 0 0 0 0 0 0 0 35 0 -999 
P2600 2044 5 27 0 0 0 24 39 70 58 47 85 0 73 47 0 31 0 0 0 10 0 0 0 28 22 0 8 7 0 0 0 0 
P2600 2044 6 0 8 0 0 0 0 8 0 0 0 0 0 0 0 0 0 19 0 0 0 37 49 0 20 19 0 0 0 20 0 -999 
P2600 2044 7 0 0 0 12 0 0 0 0 0 0 0 0 0 0 0 0 0 0 0 0 0 0 0 0 0 0 0 0 0 0 0 
P2600 2044 8 0 0 20 0 0 0 0 0 0 0 0 10 0 0 0 0 0 0 0 0 0 0 0 0 0 0 0 0 0 0 0 
P2600 2044 9 0 6 0 0 5 0 0 0 0 0 0 0 0 0 0 0 0 0 15 0 0 9 11 0 0 0 14 0 4 0 -999 
P2600 2044 10 11 0 0 0 0 0 0 0 0 0 0 0 0 0 0 0 13 0 0 77 23 0 29 141 106 0 0 0 0 0 0 
P2600 2044 11 0 0 0 0 24 9 10 0 0 41 69 0 107 88 43 0 43 19 0 0 140 53 0 0 15 20 10 9 0 0 -999 
P2600 2044 12 0 0 0 9 0 0 8 0 0 0 0 0 0 0 0 0 27 60 111 191 37 41 72 0 29 62 0 0 8 23 23 
P2600 2045 1 37 51 131 0 94 0 33 103 171 114 70 99 0 18 0 0 0 0 0 0 0 0 0 0 0 0 0 0 7 0 0 
P2600 2045 2 30 24 0 9 0 0 40 0 5 21 78 0 0 0 0 0 0 0 0 0 52 48 29 0 90 228 311 273 -999 -999 -999 
P2600 2045 3 26 0 0 47 19 0 0 61 97 0 86 69 70 77 0 0 0 31 0 0 0 1 4 0 0 0 0 0 0 0 0 
P2600 2045 4 0 0 0 0 8 0 0 0 0 0 16 30 0 51 78 0 16 7 19 0 11 0 0 0 0 0 0 0 0 0 -999 
P2600 2045 5 0 0 23 69 21 0 0 0 0 0 0 0 0 0 0 0 3 0 0 71 0 0 64 55 0 20 0 40 59 45 0 
P2600 2045 6 0 0 0 0 0 0 0 0 0 0 0 17 0 57 0 0 0 0 15 27 0 0 0 0 0 11 0 0 0 0 -999 
P2600 2045 7 0 0 14 0 0 0 0 0 0 0 19 0 0 0 0 0 0 0 0 0 0 0 0 11 0 0 0 0 0 0 0 
P2600 2045 8 0 0 0 0 0 0 0 0 0 24 0 0 0 0 0 0 0 0 0 0 0 14 0 0 0 0 0 0 0 0 0 
P2600 2045 9 0 0 0 0 24 19 0 0 0 0 0 0 0 0 0 0 0 0 0 0 0 0 0 0 0 0 0 21 0 0 -999 
P2600 2045 10 0 0 0 0 20 16 11 19 12 0 0 0 0 30 4 0 0 0 19 30 0 0 0 0 0 0 6 0 0 0 0 
P2600 2045 11 0 0 40 71 37 13 0 0 0 0 0 0 0 0 10 0 0 60 50 0 0 0 0 0 0 0 21 17 0 0 -999 
P2600 2045 12 0 0 0 0 0 0 0 0 11 0 0 0 0 0 0 0 0 6 0 0 0 0 18 105 68 10 5 4 0 0 0 
P2600 2046 1 13 13 0 0 4 0 0 8 0 0 0 0 0 0 8 9 0 110 144 95 82 90 93 97 69 118 84 61 139 94 83 
P2600 2046 2 63 11 0 0 0 0 0 17 0 0 24 39 74 37 58 162 216 154 37 31 0 9 0 17 0 0 0 49 -999 -999 -999 
P2600 2046 3 0 0 34 46 8 0 2 6 0 0 0 0 0 0 0 0 0 0 0 0 0 0 0 19 21 52 34 18 0 0 36 
P2600 2046 4 0 0 0 19 0 20 33 64 89 82 0 0 48 77 71 71 81 39 0 16 24 0 0 0 76 48 43 30 0 33 -999 
P2600 2046 5 24 0 0 0 0 0 0 0 0 0 0 0 42 0 0 0 19 10 20 31 30 0 73 65 127 0 24 0 0 31 0 
P2600 2046 6 31 0 0 0 100 39 11 0 0 0 0 0 0 0 0 0 0 0 0 0 0 0 0 0 0 0 0 0 0 0 -999 
P2600 2046 7 0 0 0 0 0 0 0 0 0 0 0 0 0 0 0 0 0 0 0 0 0 0 0 0 0 0 0 0 0 0 0 
P2600 2046 8 0 0 0 0 0 0 0 0 0 0 0 0 0 0 0 0 17 0 0 0 0 0 0 0 0 9 0 0 1 0 0 
P2600 2046 9 15 0 0 0 0 0 0 0 0 0 0 0 0 0 0 0 0 0 0 0 0 0 0 6 0 0 0 0 0 0 -999 
P2600 2046 10 10 0 28 15 0 11 0 0 0 0 0 0 0 0 0 0 0 0 0 0 0 0 0 0 0 0 0 0 0 0 11 
P2600 2046 11 0 43 100 76 0 0 0 0 0 0 0 1 0 0 0 0 0 0 0 0 0 0 0 0 10 0 0 0 0 0 -999 
P2600 2046 12 0 13 0 0 0 0 0 0 0 0 0 0 0 0 14 17 0 15 0 0 0 0 5 0 8 0 0 0 0 0 0 
P2600 2047 1 24 33 71 82 46 39 0 0 30 44 44 0 0 0 8 51 13 19 0 7 20 0 0 0 0 0 0 38 27 28 32 
P2600 2047 2 56 0 3 0 0 0 0 0 7 0 0 0 48 0 0 0 0 0 0 0 37 0 41 0 68 0 0 0 -999 -999 -999 
P2600 2047 3 0 34 0 0 26 38 28 0 17 35 0 0 41 0 18 0 21 32 0 0 0 0 0 0 0 0 0 0 0 9 17 
P2600 2047 4 24 0 0 6 0 0 0 0 0 9 16 0 27 0 0 0 0 51 41 32 0 0 0 42 30 0 0 29 0 27 -999 
P2600 2047 5 20 0 0 0 0 0 0 0 0 0 0 0 0 70 0 46 0 0 14 21 0 0 49 0 0 0 0 0 4 0 0 
P2600 2047 6 0 0 0 0 0 0 0 0 0 0 0 0 0 0 0 0 0 0 0 0 0 0 0 0 0 0 0 0 0 0 -999 
P2600 2047 7 0 0 0 0 0 0 0 0 0 0 0 0 0 0 0 0 0 0 0 0 0 0 0 0 0 0 0 0 0 0 0 
P2600 2047 8 0 0 0 0 0 0 0 0 0 0 0 0 0 0 0 0 0 0 0 0 0 0 0 0 0 6 0 0 32 28 0 
P2600 2047 9 0 0 10 0 0 0 0 28 0 9 0 5 0 6 0 0 0 0 0 0 12 0 0 11 0 45 0 0 13 0 -999 
P2600 2047 10 28 0 0 80 48 10 0 0 0 15 0 0 0 0 0 0 0 0 0 0 0 0 0 0 0 0 0 0 0 0 0 
P2600 2047 11 18 0 0 0 0 0 0 0 0 9 0 0 0 0 0 0 14 0 0 41 0 0 0 0 0 0 18 44 0 0 -999 
P2600 2047 12 57 94 0 87 297 300 307 153 9 8 0 0 0 20 105 0 19 0 159 127 36 76 0 70 72 42 0 0 27 22 0 
P2600 2048 1 0 0 0 0 0 0 0 0 0 0 23 0 0 0 0 0 0 0 0 0 0 15 0 8 11 89 129 0 0 12 42 
P2600 2048 2 41 0 7 9 8 15 41 129 0 36 0 0 0 0 0 0 0 51 0 0 0 14 0 0 0 0 7 0 -999 -999 -999 
P2600 2048 3 0 0 0 0 0 0 0 0 0 0 4 8 0 0 0 3 0 0 51 46 27 0 25 0 0 0 0 25 0 0 21 
P2600 2048 4 0 4 0 0 46 0 73 80 24 0 15 78 108 71 23 34 83 70 162 148 58 31 30 0 13 29 23 0 18 28 -999 
P2600 2048 5 0 0 23 0 0 0 10 0 0 16 49 37 0 28 0 0 5 0 0 0 0 56 38 0 32 29 0 0 0 0 0 
P2600 2048 6 0 0 0 18 0 0 0 12 13 0 0 0 0 0 0 0 0 0 0 0 0 0 0 0 23 0 0 0 0 0 -999 
P2600 2048 7 0 0 0 0 15 20 10 0 0 0 0 0 0 0 0 0 0 0 0 0 0 0 0 0 0 0 0 0 0 0 0 
P2600 2048 8 0 0 0 0 0 0 0 0 16 16 0 0 0 25 0 0 0 0 13 4 0 0 0 0 0 0 0 0 0 0 0 
P2600 2048 9 0 0 0 0 0 0 0 0 0 0 0 0 0 10 0 0 9 8 0 0 0 0 0 0 0 0 10 0 0 0 -999 
P2600 2048 10 0 0 0 0 0 0 0 0 0 0 0 0 0 36 30 72 40 14 0 0 1 0 0 37 13 13 0 0 0 32 37 
P2600 2048 11 28 34 15 0 6 13 57 0 0 0 0 27 0 0 0 22 75 19 0 0 0 0 0 0 0 9 0 0 171 152 -999 
P2600 2048 12 82 90 137 40 0 0 0 0 0 0 0 0 0 0 0 0 21 58 79 248 0 11 33 0 2 0 3 0 0 0 0 
P2600 2049 1 5 40 50 0 0 0 0 0 0 0 16 0 0 0 0 0 1 0 0 0 0 0 0 0 9 0 0 0 0 0 0 
P2600 2049 2 0 0 0 0 0 23 42 81 32 58 69 148 225 159 76 202 0 119 89 77 124 82 73 263 150 180 0 0 -999 -999 -999 
P2600 2049 3 59 118 138 135 128 56 41 27 0 75 46 0 0 64 27 0 0 38 26 0 14 0 0 0 0 0 0 0 0 0 0 
P2600 2049 4 46 0 0 0 42 29 0 0 0 0 3 5 8 0 4 0 0 0 0 0 0 0 0 5 0 0 0 0 0 0 -999 
P2600 2049 5 24 42 25 9 0 0 0 0 24 0 0 0 0 0 0 0 0 22 0 0 0 0 0 0 0 0 0 0 0 0 0 
P2600 2049 6 0 0 9 0 0 0 0 0 0 0 0 0 0 0 0 0 0 0 0 0 0 9 0 0 0 0 0 0 0 0 -999 
P2600 2049 7 0 0 0 17 0 0 0 0 0 0 0 0 0 16 0 0 0 0 0 0 0 0 0 0 0 0 0 2 0 0 0 
P2600 2049 8 0 0 0 0 0 0 14 0 0 0 0 0 0 0 0 0 0 0 0 0 0 0 0 0 0 0 0 0 0 0 0 
P2600 2049 9 0 0 0 0 0 0 0 0 0 0 0 0 0 4 0 0 0 0 0 0 0 0 0 0 0 0 0 0 0 0 -999 
P2600 2049 10 0 0 0 0 0 0 0 0 0 0 0 8 19 0 0 79 0 0 0 11 12 9 0 36 0 39 74 0 17 0 0 
P2600 2049 11 0 0 29 24 0 35 125 188 117 0 0 0 0 7 0 0 0 0 0 0 0 0 4 9 0 0 0 0 62 16 -999 
P2600 2049 12 0 0 0 0 0 0 0 0 8 14 4 0 0 21 97 101 0 0 0 0 0 6 0 0 0 30 0 0 0 0 0 
P2600 2050 1 0 3 0 0 0 0 0 0 0 43 147 116 157 131 59 181 109 165 0 0 0 11 18 20 0 33 22 8 0 0 16 
P2600 2050 2 15 0 37 13 0 0 0 0 0 0 0 0 0 0 0 0 1 0 0 0 0 0 0 0 0 0 5 0 -999 -999 -999 
P2600 2050 3 0 0 0 0 0 0 0 0 0 0 0 0 8 19 0 14 0 0 44 26 0 25 55 84 88 0 7 0 0 0 0 
P2600 2050 4 0 0 0 0 20 0 0 0 0 0 77 135 0 0 0 18 0 0 0 47 31 96 34 0 0 0 0 0 0 0 -999 
P2600 2050 5 0 64 0 30 0 21 0 26 0 52 0 0 0 0 0 0 0 0 0 0 0 0 0 0 0 0 39 0 0 0 0 
P2600 2050 6 0 9 0 0 19 0 0 4 0 0 0 0 0 0 0 9 0 0 0 0 0 0 0 0 0 0 0 0 12 0 -999 
P2600 2050 7 0 0 0 0 0 0 0 0 0 0 0 0 0 0 0 0 0 0 0 0 0 0 0 0 0 0 0 0 0 38 0 
P2600 2050 8 0 0 0 0 0 0 0 0 0 0 0 0 0 0 0 0 0 0 0 0 0 0 0 0 0 0 0 0 0 0 0 
P2600 2050 9 0 0 0 0 0 0 0 0 0 0 0 0 0 0 0 0 0 0 0 0 0 0 0 0 0 0 0 0 0 0 -999 
P2600 2050 10 0 0 0 13 0 0 0 19 0 0 0 0 0 0 27 0 46 0 0 0 0 0 15 0 0 0 35 50 49 0 0 
P2600 2050 11 0 18 0 0 0 0 0 0 0 0 0 9 0 0 44 0 0 0 8 0 14 11 49 78 0 4 39 0 8 0 -999 
P2600 2050 12 4 9 43 6 0 15 0 0 49 88 0 32 97 131 74 0 0 0 0 0 8 0 0 0 0 0 0 0 0 0 0 
P2600 2051 1 16 24 0 0 0 0 0 0 10 27 17 44 141 0 69 10 6 0 7 1 5 0 0 0 18 5 0 0 0 30 48 
P2600 2051 2 63 85 0 0 0 18 17 9 8 11 0 0 0 6 0 0 23 21 35 0 26 53 112 46 0 63 0 0 -999 -999 -999 
P2600 2051 3 0 0 58 0 63 0 23 0 32 50 50 0 80 69 0 34 51 0 0 0 0 0 33 0 0 12 0 9 0 0 0 
P2600 2051 4 0 0 9 0 0 0 0 0 0 42 0 9 0 0 109 0 0 0 0 16 0 0 0 0 7 14 29 0 0 2 -999 
P2600 2051 5 6 0 24 0 7 0 0 0 33 8 5 0 8 0 0 21 22 0 0 0 20 0 0 0 16 0 9 0 0 0 0 
P2600 2051 6 0 0 35 0 20 18 0 17 0 0 16 11 6 0 0 0 0 0 0 0 0 8 0 0 0 0 0 0 0 0 -999 
P2600 2051 7 0 0 0 0 0 0 0 0 0 0 0 7 0 0 0 0 0 0 0 0 0 16 0 0 0 0 0 0 12 0 0 
P2600 2051 8 0 0 0 0 0 0 0 0 0 0 0 0 0 0 0 0 0 0 0 0 0 0 0 0 0 0 0 0 0 0 0 
P2600 2051 9 0 0 0 0 0 0 0 0 0 0 0 0 1 0 0 0 0 0 0 0 0 0 0 0 0 0 0 0 0 0 -999 
P2600 2051 10 0 0 0 0 0 26 0 34 0 0 18 15 32 20 0 43 18 0 0 0 0 5 0 0 0 0 0 77 84 0 0 
P2600 2051 11 0 2 10 50 34 0 0 0 0 0 0 24 77 51 0 0 0 35 83 0 0 51 96 51 38 0 0 0 34 57 -999 
P2600 2051 12 0 0 4 0 16 99 110 0 0 0 13 0 16 0 39 0 0 0 67 49 0 45 0 9 0 0 0 4 0 0 0 
P2600 2052 1 0 0 11 8 0 0 0 0 0 0 0 0 0 0 0 0 0 0 0 0 0 0 0 8 6 0 0 1 0 0 0 
P2600 2052 2 0 0 0 0 0 0 0 0 0 0 0 0 15 0 0 0 26 0 0 0 0 0 9 20 37 37 0 0 -999 -999 -999 
P2600 2052 3 0 0 0 0 0 0 72 0 0 0 0 10 0 51 49 0 30 17 0 0 98 75 32 0 69 56 27 0 4 0 0 
P2600 2052 4 0 0 26 0 0 0 3 2 0 0 0 2 0 0 0 0 0 0 0 0 0 0 0 0 0 0 0 0 0 0 -999 
P2600 2052 5 0 0 0 6 10 0 45 0 26 14 0 0 29 0 30 0 0 0 0 0 0 0 0 0 0 19 0 45 0 31 27 
P2600 2052 6 13 12 0 0 0 0 0 0 6 0 0 0 0 0 0 43 21 0 0 0 0 0 0 0 0 0 9 0 0 0 -999 
P2600 2052 7 0 0 0 24 0 0 0 0 0 0 0 0 0 0 0 0 0 0 0 0 0 0 0 0 0 0 0 0 0 0 0 
P2600 2052 8 0 0 0 0 0 0 0 0 0 0 0 0 0 0 0 0 0 0 0 0 0 13 0 0 0 0 0 0 0 0 0 
P2600 2052 9 0 0 0 0 0 0 0 0 0 0 0 0 0 0 0 0 0 0 0 0 0 0 0 0 0 0 0 0 0 0 -999 
P2600 2052 10 19 0 0 7 0 4 0 14 0 0 0 0 0 18 9 0 0 0 0 0 0 0 0 0 0 0 0 0 0 0 0 
P2600 2052 11 14 15 0 0 0 0 0 0 0 0 1 0 0 0 0 5 0 0 0 0 0 15 0 25 0 85 137 0 22 40 -999 
P2600 2052 12 42 0 0 22 37 0 5 10 0 166 99 0 0 94 31 0 29 49 35 0 0 0 0 0 23 0 3 0 0 55 0 
P2600 2053 1 7 0 4 0 0 0 0 0 0 0 0 16 16 0 0 0 0 0 0 0 0 0 0 0 0 0 0 0 0 6 0 
P2600 2053 2 0 72 0 100 79 77 100 34 35 14 12 0 1 0 0 0 0 20 0 0 0 0 0 0 0 0 0 120 -999 -999 -999 
P2600 2053 3 110 0 14 27 0 32 0 0 0 0 23 0 0 0 26 23 62 0 50 32 28 19 0 0 0 0 0 0 36 39 32 
P2600 2053 4 38 0 10 26 0 57 96 63 0 0 46 0 10 0 0 0 0 0 0 0 0 0 0 6 0 0 0 0 0 0 -999 
P2600 2053 5 38 0 46 66 40 83 107 49 0 18 0 23 0 17 0 16 0 0 25 40 42 0 40 42 0 0 10 0 0 0 0 
P2600 2053 6 0 26 21 22 0 0 0 15 0 0 0 11 0 0 0 0 0 0 0 0 0 0 0 0 0 0 0 0 0 5 -999 
P2600 2053 7 0 0 0 18 0 0 0 0 0 0 0 0 0 0 0 0 0 0 0 0 0 0 0 0 0 0 0 0 15 0 0 
P2600 2053 8 0 0 0 0 4 0 0 0 0 0 0 0 0 0 0 0 0 0 0 0 0 0 0 0 0 0 7 0 0 0 0 
P2600 2053 9 0 0 0 0 0 0 0 0 0 0 0 0 0 0 0 0 0 0 0 0 0 0 10 21 0 0 0 0 0 0 -999 
P2600 2053 10 0 0 0 0 0 0 0 12 0 0 0 0 0 0 0 0 0 0 0 0 0 8 0 0 0 0 21 20 0 23 0 
P2600 2053 11 0 0 0 16 0 29 20 0 74 130 58 59 22 0 98 89 92 0 0 0 11 0 0 21 7 19 39 0 0 0 -999 
P2600 2053 12 0 0 22 0 0 0 0 0 0 0 0 0 0 0 0 20 0 2 3 1 4 0 0 0 83 96 0 51 96 74 0 
P2600 2054 1 0 53 149 90 97 111 52 38 93 63 0 81 101 140 57 67 61 0 0 0 0 3 0 0 0 0 0 236 0 32 36 
P2600 2054 2 42 144 123 0 0 0 35 53 17 0 0 0 35 27 11 18 5 0 0 0 0 0 0 0 0 0 0 0 -999 -999 -999 
P2600 2054 3 0 0 0 0 0 0 1 0 0 0 0 0 0 0 0 0 7 33 0 9 0 0 45 0 0 7 0 14 53 47 41 
P2600 2054 4 0 0 28 18 63 105 151 93 0 0 60 76 14 0 15 52 22 0 23 0 0 0 0 0 0 0 0 62 49 56 -999 
P2600 2054 5 39 0 22 0 0 0 0 0 0 0 28 19 0 25 46 0 0 0 0 0 0 0 0 102 93 0 0 0 22 17 0 
P2600 2054 6 0 0 0 0 0 0 0 0 0 0 0 0 9 0 0 0 0 0 0 0 0 0 0 0 0 0 0 0 0 0 -999 
P2600 2054 7 0 0 0 0 0 0 0 0 0 0 0 0 0 0 0 0 0 0 0 0 0 0 0 0 0 0 0 0 0 0 0 
P2600 2054 8 0 0 28 0 0 0 0 9 0 0 0 0 0 0 0 0 0 0 0 24 0 0 0 0 27 0 19 0 6 6 0 
P2600 2054 9 0 0 0 0 0 0 0 0 0 0 10 33 0 0 0 0 0 0 0 0 0 0 0 45 0 6 0 0 0 78 -999 
P2600 2054 10 0 24 0 42 0 0 0 0 0 0 0 0 0 47 0 0 0 0 0 0 0 0 0 0 81 0 22 11 20 0 12 
P2600 2054 11 0 0 4 0 0 9 19 0 112 135 89 56 25 0 123 68 16 0 49 127 30 0 0 4 0 0 0 0 0 13 -999 
P2600 2054 12 0 0 0 0 0 6 0 2 0 5 0 58 42 0 5 0 0 7 0 0 0 0 30 0 142 101 115 124 134 98 0 
P2600 2055 1 29 0 30 60 16 8 13 27 0 0 118 28 25 0 8 16 0 173 122 0 0 0 0 0 0 0 0 9 3 0 0 
P2600 2055 2 0 0 0 0 22 44 73 49 0 0 0 0 0 0 0 0 0 0 0 0 0 6 0 0 0 0 0 8 -999 -999 -999 
P2600 2055 3 28 30 0 57 40 30 17 0 23 16 9 28 47 0 0 0 0 0 0 0 0 0 0 46 0 25 10 0 0 0 0 
P2600 2055 4 0 0 0 0 11 6 0 0 0 0 0 23 5 0 1 0 0 0 0 0 0 0 11 0 16 0 19 11 0 0 -999 
P2600 2055 5 13 2 0 0 0 0 0 2 0 27 0 61 0 0 0 0 0 0 0 0 0 0 0 0 31 0 0 0 0 0 0 
P2600 2055 6 3 0 0 0 0 0 0 0 0 0 0 0 0 0 0 0 0 0 0 0 0 0 0 0 0 0 0 0 0 0 -999 
P2600 2055 7 0 0 0 0 0 0 0 0 0 0 0 0 0 0 0 0 0 0 0 0 0 0 0 0 0 0 0 0 0 0 0 
P2600 2055 8 0 0 0 0 0 0 0 0 0 0 0 0 0 0 0 0 0 0 0 0 0 0 0 0 0 0 0 0 0 0 0 
P2600 2055 9 0 0 0 0 0 0 0 0 0 0 0 0 0 0 0 0 0 12 0 14 38 0 0 0 0 0 0 0 0 0 -999 
P2600 2055 10 0 20 25 42 0 0 0 0 14 24 58 37 0 10 0 98 142 68 8 36 4 0 0 0 0 0 0 7 0 0 0 
P2600 2055 11 0 0 0 0 0 66 84 0 32 0 19 28 0 11 13 0 54 0 0 0 0 19 23 8 0 0 0 44 193 96 -999 
P2600 2055 12 28 6 36 0 48 0 0 0 0 0 0 0 0 0 0 0 0 0 0 0 0 0 0 0 0 0 0 37 58 64 32 
P2600 2056 1 0 0 23 73 89 84 123 124 0 131 64 0 0 0 0 0 0 13 0 0 0 0 8 20 0 0 126 66 0 0 0 
P2600 2056 2 23 57 42 0 67 85 100 0 0 0 142 108 44 152 177 0 0 0 0 158 0 145 0 53 58 0 0 0 -999 -999 -999 
P2600 2056 3 0 0 0 0 86 173 124 116 0 0 123 103 77 186 87 0 20 0 62 0 26 0 0 0 7 0 0 75 0 0 0 
P2600 2056 4 0 0 0 0 0 0 0 0 0 0 0 0 0 34 0 0 0 0 35 14 0 0 0 0 0 0 0 0 0 0 -999 
P2600 2056 5 0 0 0 0 0 32 0 0 49 35 45 0 0 0 0 0 0 0 0 0 0 0 0 0 0 0 0 0 0 0 0 
P2600 2056 6 0 22 0 0 0 0 5 15 0 0 0 0 0 0 0 0 15 17 0 0 0 0 16 0 0 0 0 0 0 0 -999 
P2600 2056 7 0 0 0 0 29 0 0 0 0 0 0 0 0 0 0 0 0 0 0 0 0 0 0 0 0 0 0 4 0 0 0 
P2600 2056 8 0 0 0 0 0 0 0 0 0 0 0 0 0 0 0 0 0 0 0 0 0 0 0 0 0 0 0 0 20 0 0 
P2600 2056 9 0 0 0 0 0 0 45 28 0 0 0 0 0 0 0 0 0 0 0 0 0 0 0 0 0 1 0 0 2 0 -999 
P2600 2056 10 19 0 0 0 0 0 0 35 0 0 0 0 0 0 0 0 0 0 0 0 0 0 37 53 128 175 36 0 0 0 0 
P2600 2056 11 0 0 13 20 0 35 56 76 95 0 46 83 33 32 104 0 0 2 0 0 7 0 0 0 0 0 0 0 0 0 -999 
P2600 2056 12 0 0 0 0 0 0 0 0 0 0 0 0 0 0 0 0 0 75 38 13 0 0 1 0 0 0 16 45 35 25 0 
P2600 2057 1 81 137 0 0 90 0 0 31 0 0 77 19 10 11 0 35 39 74 107 0 11 3 3 3 4 0 56 230 190 34 53 
P2600 2057 2 0 0 4 0 54 23 0 7 0 0 0 0 0 0 0 0 0 3 0 0 0 0 0 0 57 43 74 0 -999 -999 -999 
P2600 2057 3 26 52 39 0 0 0 0 0 0 0 0 0 5 0 53 0 62 136 122 63 22 0 0 0 0 0 9 71 49 42 0 
P2600 2057 4 58 50 46 12 0 6 0 0 0 0 32 45 0 49 71 67 72 71 0 0 0 29 0 18 0 0 0 0 0 20 -999 
P2600 2057 5 32 0 0 0 0 27 30 0 0 28 0 0 0 0 0 7 0 0 0 20 0 23 0 0 23 0 0 0 0 0 0 
P2600 2057 6 0 0 0 0 0 0 0 0 0 0 0 0 0 0 0 0 0 0 0 0 0 0 0 25 0 0 0 0 0 0 -999 
P2600 2057 7 0 0 8 12 0 0 0 0 0 0 0 0 9 0 0 0 0 0 0 0 0 0 0 0 0 0 0 0 0 0 0 
P2600 2057 8 0 0 11 0 0 0 0 11 0 0 0 0 0 0 0 0 0 0 33 0 0 0 13 0 0 0 0 0 0 0 0 
P2600 2057 9 0 26 0 0 0 7 0 0 0 0 0 0 0 0 0 0 0 0 0 0 0 0 0 0 22 0 0 0 0 0 -999 
P2600 2057 10 0 0 0 0 0 0 0 17 0 0 0 0 60 27 8 0 0 0 0 17 0 26 26 0 71 89 121 63 61 3 0 
P2600 2057 11 0 0 0 0 8 0 0 0 0 0 0 0 191 44 14 0 0 0 0 0 25 6 0 0 0 39 0 0 26 96 -999 
P2600 2057 12 0 51 107 0 23 0 0 0 0 0 0 0 0 0 0 0 0 28 68 44 55 0 94 156 72 0 0 14 0 0 0 
P2600 2058 1 19 16 3 2 0 8 0 0 33 52 24 91 147 86 198 270 78 75 26 0 0 0 0 0 0 0 0 98 110 126 74 
P2600 2058 2 0 14 15 34 89 52 34 45 37 23 19 83 13 0 0 0 0 13 0 0 0 0 0 0 0 0 0 0 -999 -999 -999 
P2600 2058 3 0 0 14 0 20 0 0 0 0 22 0 0 0 0 0 0 0 0 28 18 0 0 0 0 0 0 0 0 3 0 17 
P2600 2058 4 65 47 0 4 0 0 61 25 0 0 25 0 0 0 0 0 9 0 0 9 0 0 16 0 45 44 21 19 19 33 -999 
P2600 2058 5 17 0 24 0 0 46 27 8 6 0 0 0 0 0 0 0 0 0 0 0 0 0 0 0 32 0 0 0 0 0 0 
P2600 2058 6 0 0 0 0 0 0 0 0 32 0 0 0 0 0 14 13 0 19 0 0 0 0 14 0 0 0 0 0 0 0 -999 
P2600 2058 7 0 0 0 0 0 0 0 0 0 0 0 0 0 0 0 0 0 0 0 0 0 0 0 0 0 0 0 0 0 0 0 
P2600 2058 8 0 0 0 0 0 0 0 0 0 0 0 0 0 0 0 0 0 0 0 10 0 0 0 0 0 0 0 0 0 0 0 
P2600 2058 9 2 0 0 0 0 0 0 0 0 0 17 0 0 0 0 0 0 0 0 0 0 0 0 0 0 0 0 0 0 0 -999 
P2600 2058 10 0 0 40 93 83 25 0 0 0 0 0 0 0 0 0 0 0 0 0 0 0 0 28 0 14 0 4 0 2 0 0 
P2600 2058 11 0 0 3 0 0 0 0 0 96 9 0 0 0 0 25 0 0 0 0 0 0 0 0 0 0 0 2 3 9 0 -999 
P2600 2058 12 21 0 0 0 14 0 0 0 2 0 6 0 0 0 0 0 4 6 0 0 0 0 0 0 0 0 0 0 0 0 0 
P2600 2059 1 0 0 0 0 0 31 38 74 0 0 0 0 0 0 0 19 41 0 0 0 0 0 0 0 0 0 0 0 0 0 0 
P2600 2059 2 1 2 3 0 0 0 0 0 0 7 0 48 59 32 0 0 0 0 0 0 0 0 0 0 0 0 0 0 -999 -999 -999 
P2600 2059 3 0 0 0 0 0 0 0 0 0 0 0 0 0 0 0 0 0 26 0 6 0 0 0 0 0 17 25 0 0 68 0 
P2600 2059 4 0 0 0 0 11 0 0 104 86 72 44 66 0 0 14 0 0 0 31 0 0 0 51 139 0 0 0 11 0 0 -999 
P2600 2059 5 0 1 0 0 0 0 0 0 0 0 0 0 0 0 34 32 53 73 49 14 0 0 0 31 39 0 0 0 0 0 0 
P2600 2059 6 0 0 0 0 0 0 0 0 0 0 0 19 0 0 7 0 0 0 0 0 0 0 0 0 0 41 0 12 0 0 -999 
P2600 2059 7 0 0 0 0 0 0 0 0 0 0 0 0 0 0 8 0 0 0 0 0 0 0 0 0 0 0 0 0 0 16 0 
P2600 2059 8 0 0 0 0 0 0 0 0 0 0 0 0 0 0 0 0 0 0 0 0 0 0 0 0 0 84 0 0 0 0 0 
P2600 2059 9 0 0 0 0 0 0 0 0 0 0 0 0 0 0 0 0 0 0 0 0 0 6 0 0 0 0 0 0 0 16 -999 
P2600 2059 10 0 40 0 0 0 0 0 10 0 3 0 0 0 8 0 0 0 0 0 23 14 0 0 0 9 0 0 90 0 39 31 
P2600 2059 11 22 0 77 75 56 0 0 0 5 0 0 0 0 0 0 0 0 0 0 0 5 0 17 19 0 0 0 0 0 0 -999 
P2600 2059 12 0 0 0 0 34 56 0 11 0 53 39 41 0 0 0 4 0 0 0 0 0 0 0 21 42 125 118 55 54 41 0 
P2600 2060 1 14 0 22 39 0 0 0 21 0 32 120 108 130 0 38 0 0 0 0 0 0 0 0 0 5 0 3 1 0 0 0 
P2600 2060 2 62 0 5 0 0 0 0 15 6 0 9 29 0 0 0 0 0 0 16 16 0 10 0 10 0 0 0 38 -999 -999 -999 
P2600 2060 3 33 31 14 0 0 0 48 0 0 28 24 7 0 0 0 4 0 0 5 0 0 43 59 50 0 20 0 46 0 30 3 
P2600 2060 4 33 0 20 0 0 0 0 30 62 66 23 18 18 0 58 63 16 10 10 0 0 0 0 0 0 0 0 0 0 0 -999 
P2600 2060 5 0 0 0 0 0 35 0 0 0 0 0 0 0 0 0 0 0 0 0 0 0 0 0 0 0 0 0 0 0 20 17 
P2600 2060 6 0 0 0 0 0 18 0 0 0 0 0 0 0 0 0 0 0 0 0 29 0 17 0 0 0 0 0 0 24 0 -999 
P2600 2060 7 0 0 0 0 0 0 0 0 0 0 0 0 0 0 0 0 0 0 0 10 0 0 0 0 0 0 0 0 0 0 0 
P2600 2060 8 0 0 0 0 0 0 0 0 0 0 12 0 0 0 0 0 0 0 0 0 0 0 0 0 0 0 0 0 0 0 0 
P2600 2060 9 0 0 0 0 0 0 0 0 0 0 0 0 0 0 0 0 0 0 0 0 0 0 0 0 0 0 35 0 0 19 -999 
P2600 2060 10 0 0 0 0 0 0 0 0 6 0 0 0 0 0 0 0 0 0 0 0 0 0 0 0 0 0 0 0 0 0 0 
P2600 2060 11 0 0 0 26 46 58 50 44 0 68 32 62 0 6 0 0 144 137 171 91 0 0 6 0 0 0 16 0 0 0 -999 
P2600 2060 12 0 0 0 18 37 99 90 0 0 0 0 8 0 0 0 0 0 12 9 8 8 0 21 28 17 21 0 42 85 45 0 
P2600 2061 1 10 22 22 0 9 21 0 0 0 0 8 10 0 0 0 0 0 0 0 0 30 23 15 0 11 0 0 0 0 0 0 
P2600 2061 2 0 23 0 0 0 0 0 0 31 37 62 42 19 0 24 0 0 0 0 0 18 0 0 10 0 0 0 34 -999 -999 -999 
P2600 2061 3 39 19 5 0 0 17 17 12 53 31 0 0 0 24 0 0 62 80 0 0 23 43 48 80 150 0 0 9 0 0 21 
P2600 2061 4 39 63 92 73 0 8 0 25 0 32 34 46 0 0 0 0 0 0 0 0 0 1 0 0 0 0 0 12 0 0 -999 
P2600 2061 5 0 0 0 0 0 0 0 0 5 0 0 0 0 0 0 23 24 0 0 4 0 0 0 0 4 0 0 0 0 23 0 
P2600 2061 6 0 0 0 0 0 0 0 0 0 0 0 0 0 0 0 0 0 0 0 0 0 0 0 0 0 0 0 0 0 11 -999 
P2600 2061 7 0 0 0 0 0 0 0 0 0 0 0 0 0 0 0 0 0 0 0 0 0 0 0 0 0 0 0 8 0 0 14 
P2600 2061 8 0 0 0 0 0 0 0 0 0 0 0 0 0 0 0 0 0 0 0 0 0 0 0 14 0 0 0 0 0 0 0 
P2600 2061 9 0 0 0 0 0 0 0 0 0 0 0 0 0 36 0 0 17 0 0 0 5 0 0 15 0 49 0 0 0 0 -999 
P2600 2061 10 0 0 8 11 0 0 0 0 0 25 0 0 0 0 39 85 62 43 80 133 37 0 0 158 0 0 0 63 105 35 0 
P2600 2061 11 0 48 0 0 0 11 0 0 0 114 0 17 0 0 24 46 85 27 0 4 0 0 0 4 0 4 0 52 18 8 -999 
P2600 2061 12 6 2 0 0 0 0 0 0 0 0 0 40 0 0 0 0 0 0 0 15 43 82 7 0 2 0 0 7 0 46 27 
P2600 2062 1 8 17 0 0 0 0 0 0 0 1 0 0 3 0 5 0 0 46 2 0 0 0 3 14 0 87 84 61 0 70 47 
P2600 2062 2 39 0 0 0 0 0 31 0 0 22 0 4 3 0 0 19 0 7 0 0 0 0 0 0 58 54 29 0 -999 -999 -999 
P2600 2062 3 0 0 0 0 44 0 0 0 0 0 93 129 211 282 88 0 0 21 0 0 0 23 57 0 0 0 0 0 0 0 0 
P2600 2062 4 0 0 0 0 0 15 0 0 0 12 12 0 0 0 0 17 0 0 0 0 0 5 4 0 0 0 27 40 0 0 -999 
P2600 2062 5 0 0 0 0 0 0 0 0 0 35 10 9 0 0 0 0 0 0 0 0 0 0 0 0 0 0 0 0 0 0 0 
P2600 2062 6 0 0 0 0 0 0 0 0 0 6 0 0 0 0 0 0 0 0 0 0 14 0 0 0 0 0 0 0 0 0 -999 
P2600 2062 7 0 0 0 22 0 0 0 0 0 0 0 0 0 0 12 0 0 0 0 0 0 0 0 0 0 0 0 0 0 0 0 
P2600 2062 8 0 0 0 0 0 0 0 0 0 0 0 0 0 0 0 0 0 0 0 0 0 0 0 0 0 0 0 0 0 0 0 
P2600 2062 9 0 0 0 0 0 0 0 0 0 13 0 0 0 10 0 0 0 0 0 0 0 0 0 0 0 0 15 0 0 3 -999 
P2600 2062 10 0 0 0 81 179 140 48 10 0 19 0 0 0 0 0 22 57 12 0 0 18 0 30 0 0 0 0 0 0 0 0 
P2600 2062 11 0 0 0 0 0 13 0 28 0 0 0 0 0 73 33 0 0 0 61 0 0 16 51 18 0 28 0 0 0 0 -999 
P2600 2062 12 0 0 0 0 0 11 28 8 0 31 34 28 0 0 0 32 51 134 23 4 2 7 0 0 0 0 0 0 0 0 29 
P2600 2063 1 67 65 123 0 0 90 116 240 194 38 18 31 0 100 108 134 111 0 0 57 99 140 66 0 95 63 9 0 0 103 70 
P2600 2063 2 161 48 51 43 7 0 0 7 0 0 118 0 0 103 119 168 56 0 0 0 0 0 0 0 9 0 4 0 -999 -999 -999 
P2600 2063 3 0 0 0 0 0 19 0 26 0 0 0 0 0 63 0 128 0 0 7 0 0 18 14 42 179 87 78 57 71 0 102 
P2600 2063 4 30 0 19 29 0 90 0 0 120 34 6 0 7 0 25 0 23 0 0 0 0 0 0 0 0 0 6 0 0 0 -999 
P2600 2063 5 41 0 32 9 0 0 0 0 0 0 0 0 40 25 21 21 0 12 0 0 0 0 0 25 16 12 0 0 0 0 0 
P2600 2063 6 0 0 0 0 0 0 0 0 0 0 0 0 0 0 0 0 0 0 0 0 0 0 0 0 0 0 0 0 0 0 -999 
P2600 2063 7 0 0 0 0 0 0 0 0 0 0 0 0 0 0 0 0 0 0 0 0 0 0 0 0 0 0 0 0 0 0 0 
P2600 2063 8 0 0 0 0 0 0 0 0 0 0 0 0 0 0 0 0 0 0 0 0 0 0 0 0 23 0 0 0 0 0 0 
P2600 2063 9 0 0 0 0 0 0 27 0 0 0 0 0 0 0 17 0 11 0 0 0 0 19 0 0 0 0 17 23 14 0 -999 
P2600 2063 10 0 0 0 0 0 0 0 1 0 0 0 0 82 148 38 0 0 0 0 0 0 0 0 0 13 18 0 0 0 0 0 
P2600 2063 11 0 4 0 0 0 0 0 0 0 0 0 0 27 0 0 0 0 0 0 0 0 0 8 0 0 0 0 0 0 1 -999 
P2600 2063 12 0 0 0 0 0 0 0 0 0 1 0 0 4 0 0 0 0 0 0 0 0 0 1 0 0 0 0 0 0 0 0 
P2600 2064 1 3 0 0 0 0 0 0 0 0 0 0 0 0 0 41 85 0 0 0 0 0 0 0 0 0 36 29 0 0 35 0 
P2600 2064 2 24 59 36 22 17 14 9 8 0 0 0 0 0 0 0 0 0 0 0 0 0 4 0 0 0 0 0 0 -999 -999 -999 
P2600 2064 3 15 0 0 0 0 0 33 54 70 75 0 0 19 48 76 0 0 55 0 50 0 0 0 0 0 81 0 17 0 0 0 
P2600 2064 4 0 0 0 93 0 0 39 38 0 0 0 0 0 0 0 34 0 0 11 0 24 0 0 62 0 0 0 0 0 0 -999 
P2600 2064 5 0 12 0 0 12 20 31 0 0 12 0 0 0 0 0 0 0 0 0 18 0 0 0 0 0 0 0 0 0 0 0 
P2600 2064 6 0 0 0 0 0 0 0 0 0 0 0 0 0 0 0 0 0 0 0 0 0 0 0 0 0 0 0 0 0 0 -999 
P2600 2064 7 0 0 0 0 0 0 0 0 0 0 0 0 0 0 0 0 0 0 0 0 0 0 0 0 0 0 0 0 0 0 0 
P2600 2064 8 0 0 0 0 0 0 0 0 0 0 0 0 0 0 0 0 0 0 0 0 0 0 0 0 0 0 0 0 0 5 22 
P2600 2064 9 0 0 0 0 0 0 0 0 0 0 0 0 0 0 0 0 0 0 0 0 0 0 0 10 3 1 0 0 0 0 -999 
P2600 2064 10 0 0 4 0 16 27 42 0 26 0 0 0 0 0 0 0 0 0 0 15 0 0 0 0 0 0 0 0 6 41 0 
P2600 2064 11 0 17 0 23 63 0 0 0 0 0 0 39 37 133 51 0 0 0 0 0 0 0 0 0 0 3 0 33 0 11 -999 
P2600 2064 12 0 35 0 57 104 109 102 209 268 78 25 23 0 0 0 0 0 0 0 0 5 0 0 0 0 0 0 0 3 0 0 
P2600 2065 1 0 0 0 0 16 13 0 0 0 0 35 45 0 99 20 22 0 0 0 0 0 0 0 0 0 0 0 0 0 35 48 
P2600 2065 2 0 0 0 0 0 0 0 18 4 0 0 40 84 0 76 109 119 124 102 96 0 0 0 0 25 0 0 0 -999 -999 -999 
P2600 2065 3 0 0 0 0 0 0 0 0 0 0 0 0 10 0 0 0 0 0 0 7 0 0 7 0 0 0 15 32 0 0 0 
P2600 2065 4 0 0 0 16 0 70 0 0 1 0 0 3 0 0 0 0 0 29 0 0 0 0 0 0 0 0 0 0 0 0 -999 
P2600 2065 5 0 0 0 0 0 0 0 0 0 0 0 0 0 0 0 0 0 0 0 0 40 0 0 0 0 0 0 0 0 0 0 
P2600 2065 6 0 0 0 6 0 0 0 0 0 0 4 5 0 0 0 17 18 8 0 0 0 0 0 0 0 0 0 0 0 0 -999 
P2600 2065 7 21 0 0 0 0 0 0 0 0 0 0 0 0 0 20 0 0 0 0 0 0 0 0 0 0 0 0 0 0 0 0 
P2600 2065 8 0 0 0 0 0 0 0 23 0 0 0 0 0 0 0 0 0 0 0 0 14 0 0 0 0 0 0 0 0 0 0 
P2600 2065 9 0 0 0 0 0 0 0 0 0 0 0 0 0 0 0 0 0 0 0 0 0 0 0 0 0 0 0 0 0 0 -999 
P2600 2065 10 0 0 0 0 0 0 0 0 0 33 26 0 0 0 54 41 0 0 0 75 0 16 79 127 33 53 105 0 0 0 32 
P2600 2065 11 30 0 0 0 0 0 0 0 0 0 0 0 0 0 0 0 0 0 9 0 78 79 19 0 23 0 62 0 12 0 -999 
P2600 2065 12 0 0 0 9 2 0 0 0 0 0 32 119 58 18 0 36 26 33 0 114 66 182 149 274 294 0 235 26 0 0 0 
P2600 2066 1 0 0 0 0 0 0 0 0 0 0 87 163 51 0 98 58 0 0 149 45 0 108 81 0 0 0 0 12 0 19 0 
P2600 2066 2 0 21 0 0 21 0 0 0 57 33 40 23 18 21 0 0 7 0 0 8 14 0 0 5 135 85 0 50 -999 -999 -999 
P2600 2066 3 21 0 2 1 0 19 89 0 0 0 0 0 0 0 0 0 0 0 0 0 0 0 0 0 0 0 0 0 0 0 0 
P2600 2066 4 0 0 0 0 0 0 29 32 0 11 5 0 0 0 0 0 18 0 5 20 1 0 7 0 22 32 0 0 104 69 -999 
P2600 2066 5 0 0 0 0 0 21 16 23 25 0 10 0 0 0 0 0 0 0 39 16 0 4 0 0 0 0 0 9 0 0 0 
P2600 2066 6 0 0 0 0 0 0 0 0 3 0 0 0 26 0 0 0 0 0 0 0 0 0 0 0 0 0 0 0 0 0 -999 
P2600 2066 7 0 0 0 0 0 0 0 0 0 0 0 0 0 0 0 0 0 0 0 0 0 0 0 0 0 0 0 12 0 0 0 
P2600 2066 8 0 0 0 0 0 0 0 0 0 0 0 0 0 0 0 0 0 0 0 0 0 13 0 0 29 0 0 0 0 0 2 
P2600 2066 9 0 0 0 0 0 0 0 0 0 0 0 0 0 0 0 0 0 0 0 0 22 0 0 0 0 40 0 0 0 0 -999 
P2600 2066 10 0 19 11 0 5 0 0 0 0 0 0 0 0 9 0 0 0 0 0 0 0 0 0 0 0 0 0 64 12 0 0 
P2600 2066 11 0 0 7 27 85 45 0 37 0 0 35 38 0 0 0 0 0 0 0 0 0 0 0 0 0 0 0 0 5 0 -999 
P2600 2066 12 6 0 18 0 0 0 0 0 0 13 0 9 14 73 145 161 285 287 143 69 37 0 0 6 5 11 0 20 25 97 116 
P2600 2067 1 25 158 48 16 24 0 0 0 0 0 51 44 49 0 89 72 74 0 55 187 0 120 94 111 186 136 216 43 0 43 100 
P2600 2067 2 117 62 182 62 0 0 0 79 0 75 102 17 56 145 0 10 0 80 152 84 142 76 44 18 0 155 131 9 -999 -999 -999 
P2600 2067 3 0 0 18 2 0 0 0 4 0 9 22 27 106 0 0 0 1 0 0 0 8 0 0 12 5 0 4 5 0 0 0 
P2600 2067 4 0 0 0 0 0 0 0 0 0 0 0 0 0 0 49 27 0 16 14 15 0 0 30 29 0 0 0 12 0 0 -999 
P2600 2067 5 17 31 0 10 17 0 0 0 0 0 31 0 0 0 0 0 0 0 0 39 0 0 18 0 0 17 14 0 22 0 0 
P2600 2067 6 15 0 35 0 0 0 0 0 0 0 13 0 13 0 15 18 0 21 11 1 0 0 0 0 0 0 0 0 0 0 -999 
P2600 2067 7 0 0 0 0 0 0 0 0 0 0 0 0 0 0 0 0 0 0 0 0 0 0 0 14 0 0 0 0 0 0 0 
P2600 2067 8 0 0 0 0 0 0 0 0 0 0 0 0 0 0 0 0 0 0 4 0 0 0 0 0 0 0 0 0 0 0 0 
P2600 2067 9 0 0 0 0 0 0 0 0 0 0 0 0 0 0 30 0 0 0 0 0 0 0 0 0 4 0 0 0 4 0 -999 
P2600 2067 10 0 5 3 0 0 0 0 0 0 9 0 0 6 0 0 0 0 0 0 0 0 0 0 13 0 0 0 0 0 24 27 
P2600 2067 11 0 26 0 0 20 0 25 0 0 0 0 0 0 5 9 0 0 0 0 0 0 0 0 33 45 0 0 2 11 0 -999 
P2600 2067 12 11 17 36 0 62 16 0 0 46 0 21 22 46 0 0 0 0 0 0 0 0 2 0 0 0 18 87 46 49 4 29 
P2600 2068 1 0 0 0 17 44 138 138 0 44 4 0 0 6 0 1 2 0 4 0 0 0 0 0 10 43 31 0 7 14 24 12 
P2600 2068 2 0 0 0 0 19 33 0 12 0 0 0 31 11 0 0 0 1 0 0 0 0 0 15 8 4 11 66 47 -999 -999 -999 
P2600 2068 3 23 61 46 44 178 170 34 0 96 47 0 16 33 10 6 0 94 153 56 18 0 71 0 0 0 24 0 0 0 0 0 
P2600 2068 4 68 54 0 0 5 0 0 81 73 51 23 11 23 0 0 2 0 3 3 0 0 0 0 21 8 0 0 0 8 6 -999 
P2600 2068 5 0 0 0 21 0 31 0 0 18 0 0 20 64 43 19 0 0 22 0 14 17 0 0 0 0 0 14 0 0 0 0 
P2600 2068 6 0 0 17 30 0 0 0 0 0 0 0 0 0 0 0 0 0 0 14 0 0 0 0 0 0 0 0 0 0 0 -999 
P2600 2068 7 0 0 0 0 0 0 0 0 0 0 0 0 0 0 0 0 0 0 0 0 0 0 0 0 0 0 0 0 0 0 0 
P2600 2068 8 0 0 0 0 0 0 0 0 0 0 0 0 0 0 0 0 0 0 0 0 0 0 0 0 0 0 0 0 0 0 0 
P2600 2068 9 0 0 0 0 0 0 0 0 0 0 48 0 0 0 0 0 0 35 0 0 0 0 0 0 0 0 0 0 0 0 -999 
P2600 2068 10 0 0 0 0 0 0 0 0 0 0 0 20 0 9 17 0 0 0 0 0 24 0 0 0 0 0 0 0 0 5 0 
P2600 2068 11 0 0 0 0 0 5 0 0 0 6 6 6 0 0 0 0 0 0 19 0 38 28 0 0 0 0 0 4 0 0 -999 
P2600 2068 12 0 0 0 0 0 0 0 100 0 44 0 0 38 123 45 0 0 0 13 19 0 0 29 28 74 0 0 9 21 0 7 
P2600 2069 1 42 90 21 0 0 0 0 0 0 0 8 0 0 0 4 0 0 0 0 0 0 11 0 0 0 0 0 43 65 6 0 
P2600 2069 2 0 0 0 127 187 0 0 102 134 10 1 0 12 0 0 0 0 0 36 33 65 26 0 0 0 0 33 0 -999 -999 -999 
P2600 2069 3 53 0 0 0 0 31 0 0 0 12 29 0 5 0 0 0 0 0 0 0 0 0 9 0 0 19 30 43 0 0 0 
P2600 2069 4 0 32 0 0 0 0 0 17 0 35 29 0 15 0 0 0 0 28 0 14 0 19 0 11 35 0 0 0 0 0 -999 
P2600 2069 5 0 0 0 0 0 0 0 0 6 0 0 14 26 0 0 0 0 0 0 0 36 0 0 0 0 0 0 0 5 13 0 
P2600 2069 6 0 0 0 0 0 0 0 0 0 8 0 0 0 0 0 0 0 0 0 0 0 0 0 0 0 0 0 0 0 0 -999 
P2600 2069 7 0 0 0 0 0 0 0 0 0 0 0 0 0 0 0 0 0 0 0 0 16 0 7 4 0 0 0 0 0 0 0 
P2600 2069 8 0 0 0 0 0 0 0 0 0 0 0 0 0 0 0 0 0 7 0 0 0 0 0 0 0 9 0 0 0 0 0 
P2600 2069 9 0 0 0 0 0 0 0 0 0 0 0 0 0 0 0 24 0 0 0 0 0 0 0 0 0 0 0 0 0 15 -999 
P2600 2069 10 0 0 0 0 0 18 0 18 0 0 0 0 7 0 28 39 24 53 112 108 56 38 62 0 0 35 73 118 120 76 0 
P2600 2069 11 0 0 22 0 27 20 72 114 99 0 3 19 36 0 0 0 0 0 0 0 0 77 9 0 0 3 0 12 13 0 -999 
P2600 2069 12 0 0 0 0 17 0 0 0 0 0 3 0 0 4 0 0 4 0 0 1 0 33 40 11 0 0 20 42 82 50 18 
P2600 2070 1 0 0 65 56 0 37 0 200 0 58 81 0 21 27 0 0 0 0 0 7 0 10 21 0 0 0 0 0 0 5 2 
P2600 2070 2 0 0 7 0 0 0 0 0 5 11 21 0 7 0 0 9 13 9 8 0 0 0 29 63 48 114 104 28 -999 -999 -999 
P2600 2070 3 43 0 0 0 0 0 0 4 0 0 47 22 0 0 100 52 34 65 114 131 196 0 29 0 0 0 0 22 16 0 0 
P2600 2070 4 0 0 0 0 0 11 0 55 96 48 27 0 23 0 36 35 32 0 21 7 0 0 0 0 19 0 31 28 0 0 -999 
P2600 2070 5 0 0 0 80 78 130 50 35 30 0 27 0 0 18 0 0 23 0 29 0 36 34 0 0 11 7 0 0 0 0 0 
P2600 2070 6 0 0 0 0 0 0 0 0 0 0 0 0 0 0 0 0 0 0 0 0 0 0 0 0 0 7 0 0 0 0 -999 
P2600 2070 7 0 0 0 0 0 0 0 0 0 0 0 0 0 13 0 0 0 0 0 0 0 0 0 0 0 0 0 0 0 0 0 
P2600 2070 8 0 0 0 0 0 0 0 0 0 0 0 0 8 0 0 0 0 0 0 0 0 0 0 0 0 16 0 0 0 0 0 
P2600 2070 9 0 0 0 0 0 3 0 0 0 0 0 0 4 0 0 0 0 14 0 0 0 2 0 0 0 0 0 0 0 17 -999 
P2600 2070 10 29 12 0 0 0 0 0 0 23 0 0 42 80 30 32 35 89 182 65 0 0 6 8 0 0 0 0 7 0 0 0 
P2600 2070 11 22 0 0 0 0 0 0 0 0 0 0 0 0 0 1 0 9 0 3 0 19 16 11 0 0 0 19 100 93 0 -999 
P2600 2070 12 29 79 0 0 8 11 0 0 0 0 94 0 0 0 0 0 33 0 44 0 33 100 0 0 0 53 4 0 104 154 0 
P2600 2071 1 5 0 13 26 0 0 0 17 0 102 0 62 92 43 15 0 35 37 0 0 0 0 0 0 22 60 92 48 24 0 8 
P2600 2071 2 8 11 0 4 24 72 34 0 28 57 68 75 50 18 39 54 0 0 0 0 0 0 5 0 0 0 0 0 -999 -999 -999 
P2600 2071 3 10 6 5 0 12 13 28 37 0 37 0 21 17 56 0 0 0 21 0 0 0 0 0 0 0 0 0 0 0 5 0 
P2600 2071 4 0 76 53 27 0 0 0 0 0 0 7 16 0 0 21 0 0 0 0 0 0 38 0 0 47 30 0 17 17 18 -999 
P2600 2071 5 18 0 0 0 0 0 0 37 36 29 16 0 0 0 0 0 0 0 15 7 9 18 10 12 24 0 0 0 0 0 0 
P2600 2071 6 0 0 0 0 0 0 0 0 26 0 18 24 0 58 0 0 19 33 0 0 10 0 0 0 0 0 0 0 0 0 -999 
P2600 2071 7 0 0 23 0 32 0 0 0 0 0 0 0 0 0 0 0 0 0 0 0 0 0 0 0 0 0 0 0 0 0 0 
P2600 2071 8 0 0 0 0 0 0 0 0 0 0 0 0 0 0 0 0 0 0 0 0 0 0 0 0 0 0 0 0 0 4 7 
P2600 2071 9 14 0 7 0 0 0 0 0 0 0 0 0 0 0 0 0 0 0 0 0 0 0 0 0 0 9 26 0 0 0 -999 
P2600 2071 10 0 0 0 0 0 0 0 0 0 20 15 0 0 13 0 0 0 22 20 0 0 0 40 0 0 0 0 0 0 38 85 
P2600 2071 11 0 0 121 106 0 20 20 0 0 0 7 0 0 0 0 19 0 4 2 36 35 32 15 43 38 26 3 0 11 0 -999 
P2600 2071 12 0 0 0 0 0 147 148 107 99 223 170 0 124 112 44 74 0 119 44 0 0 0 111 187 52 190 64 0 0 27 78 
P2600 2072 1 49 0 0 0 0 0 0 9 15 0 4 0 0 0 0 0 0 0 19 46 55 0 0 17 15 89 66 0 35 0 0 
P2600 2072 2 98 46 50 0 54 14 0 0 2 0 0 0 0 0 0 0 2 0 52 0 0 16 0 0 9 9 0 0 -999 -999 -999 
P2600 2072 3 0 0 0 0 0 6 3 0 3 0 0 0 0 0 0 9 0 0 0 0 0 0 0 37 0 0 23 42 0 0 29 
P2600 2072 4 0 0 0 0 10 0 0 0 0 33 0 0 0 0 0 0 0 0 0 0 0 0 26 0 0 0 0 0 41 0 -999 
P2600 2072 5 0 34 9 0 0 37 0 0 0 0 0 0 0 0 0 0 0 21 18 0 14 4 8 0 0 0 0 0 0 0 6 
P2600 2072 6 0 0 0 0 0 0 0 0 0 0 0 0 0 8 0 0 0 0 0 0 0 0 0 13 0 0 0 0 0 0 -999 
P2600 2072 7 0 0 17 0 0 0 0 0 0 0 0 0 0 0 0 0 0 0 0 0 0 0 0 0 0 0 0 0 0 0 0 
P2600 2072 8 0 0 0 0 0 0 0 0 0 0 0 0 13 0 0 0 0 0 0 0 0 0 0 0 0 0 0 0 0 0 0 
P2600 2072 9 0 0 0 0 0 0 0 0 0 0 0 0 0 0 0 0 0 0 0 0 0 14 0 0 27 0 0 0 10 0 -999 
P2600 2072 10 0 0 8 0 0 0 0 0 0 0 0 0 0 8 24 26 0 27 0 0 0 0 0 0 0 0 0 4 0 0 0 
P2600 2072 11 0 0 0 0 0 35 0 0 0 26 35 0 25 60 0 0 0 0 32 43 0 17 24 27 29 35 62 8 6 0 -999 
P2600 2072 12 0 0 30 21 12 0 0 10 0 6 2 0 0 0 12 0 0 0 23 26 135 0 12 24 78 97 0 0 15 0 51 
P2600 2073 1 0 0 0 0 0 0 0 0 0 0 0 0 0 0 0 0 0 10 35 42 59 39 0 7 0 0 11 0 0 0 0 
P2600 2073 2 0 132 111 102 36 0 0 0 16 0 0 0 23 0 0 0 0 13 21 0 0 1 0 0 22 63 67 0 -999 -999 -999 
P2600 2073 3 0 30 6 0 11 32 34 45 60 50 27 26 42 22 0 16 11 0 0 22 0 0 4 22 45 0 0 173 208 15 0 
P2600 2073 4 0 0 19 14 0 0 47 27 0 0 37 0 0 39 0 0 0 0 0 0 0 22 0 81 103 62 0 18 0 3 -999 
P2600 2073 5 7 0 11 0 0 0 0 13 0 0 0 0 0 74 0 91 54 14 0 0 0 0 0 0 0 0 13 0 0 0 0 
P2600 2073 6 0 0 0 0 0 0 0 0 0 0 0 0 0 0 0 0 0 0 0 0 0 0 0 0 0 0 0 0 0 0 -999 
P2600 2073 7 0 0 0 0 0 0 0 0 0 0 0 0 0 0 0 0 0 0 0 0 0 0 0 0 0 0 0 0 0 0 0 
P2600 2073 8 0 5 0 0 0 0 0 0 0 0 8 0 0 0 0 0 15 0 0 0 0 0 0 0 3 0 0 0 0 0 0 
P2600 2073 9 0 0 0 0 0 0 0 0 0 17 0 0 0 0 0 0 16 0 0 0 0 0 23 37 21 0 0 0 13 0 -999 
P2600 2073 10 0 0 0 0 0 0 0 0 40 5 6 0 0 0 0 0 0 0 0 0 0 0 0 0 0 0 0 0 7 0 0 
P2600 2073 11 21 30 0 0 0 0 0 0 0 4 0 0 0 0 35 76 20 0 0 106 119 152 0 0 0 0 34 0 0 0 -999 
P2600 2073 12 0 0 0 0 0 0 0 0 0 8 0 17 30 22 0 0 0 0 0 0 0 0 0 9 37 0 0 37 135 195 529 
P2600 2074 1 209 0 57 198 225 172 72 22 82 114 68 39 0 3 9 0 0 0 0 0 0 0 0 15 0 0 0 0 24 4 0 
P2600 2074 2 0 0 0 0 0 7 0 0 0 0 0 20 36 31 0 0 57 35 23 42 3 28 0 0 0 154 138 194 -999 -999 -999 
P2600 2074 3 151 0 12 17 15 50 64 33 14 11 0 0 0 9 0 0 0 0 0 0 0 0 0 0 41 0 0 0 8 0 0 
P2600 2074 4 0 0 0 0 0 2 9 0 23 17 0 0 0 43 0 83 21 30 62 86 0 7 9 0 0 0 0 0 0 0 -999 
P2600 2074 5 0 0 9 0 14 7 0 0 0 0 48 49 0 37 43 27 0 29 0 0 0 0 0 8 0 0 0 0 0 0 0 
P2600 2074 6 0 19 0 0 0 0 0 0 12 28 0 0 0 0 0 0 0 0 0 0 4 0 0 0 0 0 0 0 0 0 -999 
P2600 2074 7 0 0 0 0 0 0 0 0 20 0 0 0 0 0 0 0 0 0 0 0 0 0 0 0 0 0 0 0 0 0 0 
P2600 2074 8 0 0 0 0 0 0 0 0 4 0 0 0 0 0 0 0 0 0 0 0 0 0 0 0 0 0 0 0 0 10 0 
P2600 2074 9 0 0 0 0 0 0 0 0 0 0 0 13 0 0 0 0 0 0 0 0 0 0 0 0 5 0 0 0 0 0 -999 
P2600 2074 10 0 0 0 0 0 0 8 0 0 0 0 0 0 0 0 0 0 0 0 0 0 0 0 0 0 0 0 0 0 0 0 
P2600 2074 11 0 0 0 0 0 2 0 0 0 0 0 0 9 0 32 0 0 8 0 75 0 9 13 0 0 8 7 17 0 0 -999 
P2600 2074 12 0 0 0 0 0 0 3 0 14 0 0 66 59 0 8 0 1 0 4 4 0 1 0 0 2 0 0 8 0 55 9 
P2600 2075 1 0 0 0 0 0 0 0 0 13 20 25 0 0 0 48 28 0 0 0 0 0 21 28 29 17 0 0 0 0 0 0 
P2600 2075 2 0 0 0 50 50 97 78 121 173 76 162 228 210 29 0 8 0 9 24 0 0 0 0 0 90 0 0 9 -999 -999 -999 
P2600 2075 3 13 34 0 7 0 0 0 0 0 0 8 0 0 0 0 0 34 50 41 0 0 56 35 0 60 32 20 11 0 0 0 
P2600 2075 4 0 24 0 29 25 74 131 0 134 0 0 0 0 6 0 4 0 0 0 76 0 26 0 0 10 13 0 0 0 0 -999 
P2600 2075 5 0 27 39 36 19 0 14 12 0 0 0 0 0 0 0 0 0 0 0 0 0 26 0 0 0 2 0 0 0 0 0 
P2600 2075 6 0 0 32 0 12 0 0 0 0 0 0 0 0 0 6 0 0 0 0 7 0 0 0 0 0 0 0 0 0 0 -999 
P2600 2075 7 0 0 0 0 0 0 0 0 0 0 0 0 0 0 0 0 0 0 0 0 0 0 0 0 0 0 0 0 0 0 0 
P2600 2075 8 0 0 0 0 0 0 0 0 0 0 0 0 0 0 0 0 0 0 0 0 0 0 0 0 0 0 0 0 0 0 0 
P2600 2075 9 0 0 0 0 0 0 0 0 0 0 0 0 0 0 0 0 0 0 3 0 0 0 0 0 13 0 9 0 0 0 -999 
P2600 2075 10 17 30 0 0 0 0 0 0 0 37 0 0 0 0 0 0 0 0 0 0 0 0 0 0 0 0 0 0 80 102 0 
P2600 2075 11 0 0 0 0 0 0 87 53 0 8 0 0 27 0 150 94 0 26 26 0 39 64 50 0 0 0 0 0 0 0 -999 
P2600 2075 12 11 28 78 71 33 20 0 110 0 21 18 0 24 70 68 31 16 0 28 9 0 0 0 0 0 0 2 0 0 0 0 
P2600 2076 1 0 0 0 6 0 0 0 0 6 0 4 0 0 0 3 0 0 0 0 0 0 3 1 0 0 0 0 0 0 14 0 
P2600 2076 2 109 53 0 0 0 0 0 0 5 3 0 0 0 0 0 0 3 0 0 28 27 0 0 0 0 0 0 0 -999 -999 -999 
P2600 2076 3 0 0 0 12 0 0 0 46 33 0 35 0 1 0 5 0 0 0 10 21 0 0 0 22 17 0 14 9 0 0 0 
P2600 2076 4 5 0 0 0 0 0 0 7 0 0 0 0 0 0 51 53 28 27 33 0 0 3 0 0 0 0 20 13 0 13 -999 
P2600 2076 5 0 69 0 10 19 0 0 0 3 0 0 0 0 39 0 0 19 0 0 0 0 0 0 0 0 0 0 0 30 6 0 
P2600 2076 6 14 0 0 0 0 0 0 0 0 0 0 0 0 0 0 0 0 0 0 0 0 0 0 0 0 0 0 0 0 0 -999 
P2600 2076 7 0 0 0 0 0 0 0 0 0 0 0 0 0 0 0 0 0 0 0 0 0 0 0 0 0 0 0 0 0 0 0 
P2600 2076 8 0 0 0 0 0 0 0 0 0 6 0 0 0 0 0 0 0 0 0 0 0 0 0 0 0 0 7 0 0 0 0 
P2600 2076 9 35 0 0 0 0 0 0 0 0 0 0 0 0 0 0 0 0 6 0 0 0 0 0 0 11 0 0 0 0 0 -999 
P2600 2076 10 0 0 0 0 0 0 0 0 0 0 0 0 0 0 0 0 0 0 0 0 0 4 0 0 0 0 0 110 0 0 0 
P2600 2076 11 0 0 0 0 0 0 0 0 0 0 0 0 19 0 12 0 0 0 13 0 22 39 0 9 0 0 39 75 22 0 -999 
P2600 2076 12 12 0 0 0 0 0 0 0 60 53 62 71 22 5 0 20 0 0 0 0 0 0 0 0 8 10 25 40 27 0 17 
P2600 2077 1 0 0 0 0 0 0 0 0 25 0 0 0 0 7 41 26 0 0 0 0 12 0 0 0 0 0 0 0 0 0 15 
P2600 2077 2 0 0 50 59 24 23 80 49 31 64 0 0 0 0 0 36 0 77 138 55 31 0 0 23 0 27 9 0 -999 -999 -999 
P2600 2077 3 0 0 0 0 24 41 70 68 18 0 0 23 14 10 0 0 0 0 0 37 0 77 59 38 13 8 0 0 0 0 6 
P2600 2077 4 0 0 0 0 0 0 0 0 0 0 0 0 0 0 14 26 0 30 27 0 0 8 16 0 0 32 0 22 0 0 -999 
P2600 2077 5 0 0 31 0 0 0 0 30 0 44 0 0 0 0 0 0 0 0 0 0 0 10 0 0 0 0 0 23 27 10 0 
P2600 2077 6 0 0 50 0 0 0 0 0 0 0 0 8 19 0 0 0 0 0 0 0 0 0 0 0 0 25 0 0 0 9 -999 
P2600 2077 7 0 0 0 0 0 0 0 0 0 0 0 0 0 0 0 0 0 0 0 5 0 0 0 0 0 0 0 0 0 0 0 
P2600 2077 8 0 0 0 0 0 0 11 0 0 0 0 0 0 0 0 0 0 0 0 0 0 0 0 0 0 0 0 0 0 0 0 
P2600 2077 9 0 0 0 0 0 0 0 0 14 21 0 0 0 0 0 6 5 0 0 0 0 0 0 0 0 0 0 0 0 0 -999 
P2600 2077 10 0 23 0 0 0 0 8 0 0 9 0 0 0 0 0 0 0 0 36 0 0 47 77 45 0 6 0 23 0 25 0 
P2600 2077 11 54 40 19 0 0 0 8 24 112 85 59 20 0 0 82 38 0 17 12 0 32 0 0 59 16 0 0 0 0 0 -999 
P2600 2077 12 69 107 0 72 0 83 0 158 18 53 153 0 0 0 0 0 0 0 6 0 0 0 0 0 0 0 17 9 0 0 20 
P2600 2078 1 123 219 199 180 107 136 0 29 130 87 0 0 112 0 117 0 50 0 0 12 0 0 4 0 5 4 0 0 0 0 0 
P2600 2078 2 0 5 0 3 0 0 1 0 0 0 0 0 0 0 0 5 5 0 0 0 0 0 28 0 75 147 60 39 -999 -999 -999 
P2600 2078 3 0 0 0 27 0 0 0 90 50 17 0 12 0 39 0 70 114 0 96 104 80 0 37 77 29 25 0 0 0 0 20 
P2600 2078 4 65 54 0 0 0 0 19 0 0 0 0 18 22 86 0 25 25 0 0 0 0 0 0 0 0 0 0 0 0 0 -999 
P2600 2078 5 0 85 0 25 0 0 0 0 0 28 0 0 0 0 0 0 0 56 34 8 0 0 0 0 0 11 0 0 0 0 0 
P2600 2078 6 18 0 28 28 0 0 21 0 13 0 0 0 0 0 22 0 0 6 0 0 0 0 0 0 0 0 0 0 0 0 -999 
P2600 2078 7 0 0 0 0 0 0 0 0 0 0 0 0 0 0 0 0 0 0 0 0 0 0 0 0 0 0 0 0 0 0 0 
P2600 2078 8 0 0 0 0 0 0 0 0 0 0 0 0 0 0 14 0 0 0 0 0 0 0 0 0 0 0 0 0 0 0 0 
P2600 2078 9 0 8 0 0 0 0 0 0 5 0 0 0 0 0 0 14 0 29 0 0 0 0 0 0 0 0 0 0 0 0 -999 
P2600 2078 10 0 0 0 0 0 0 0 0 0 67 0 0 0 0 0 0 67 0 0 0 77 10 0 0 18 0 0 0 0 0 0 
P2600 2078 11 41 38 8 0 11 8 0 0 0 0 0 0 0 7 7 18 0 0 42 0 0 0 0 0 9 0 0 3 0 0 -999 
P2600 2078 12 8 0 0 0 4 0 0 0 0 0 0 30 16 0 0 0 20 15 2 0 0 0 0 0 13 93 176 79 33 315 283 
P2600 2079 1 31 7 44 54 0 0 0 0 0 0 0 0 0 0 0 1 0 0 0 0 17 20 5 1 0 0 0 0 6 0 0 
P2600 2079 2 0 7 0 0 0 0 5 0 0 0 0 0 0 0 0 0 2 2 3 0 4 7 0 43 47 11 0 0 -999 -999 -999 
P2600 2079 3 15 0 0 0 0 16 0 0 0 0 0 4 0 0 0 2 0 0 0 0 0 5 0 0 0 0 6 0 0 0 0 
P2600 2079 4 7 0 0 24 38 15 0 0 0 0 0 0 0 0 36 0 0 12 0 0 0 0 0 40 0 0 0 0 0 0 -999 
P2600 2079 5 0 0 7 0 0 0 0 0 9 0 0 0 16 0 0 0 0 0 0 0 0 0 0 0 0 0 0 0 0 0 0 
P2600 2079 6 0 0 0 0 0 0 0 0 0 0 0 0 0 0 0 0 0 0 0 0 0 0 0 0 0 0 0 0 0 8 -999 
P2600 2079 7 0 2 0 0 0 0 0 0 0 0 0 0 0 0 0 0 8 0 0 0 0 0 0 0 0 0 0 0 0 0 0 
P2600 2079 8 0 8 0 6 0 0 0 0 0 0 0 0 0 0 0 0 0 0 0 0 0 0 0 0 0 0 0 0 0 0 0 
P2600 2079 9 0 0 0 0 0 0 0 0 0 0 14 23 16 0 0 0 0 0 0 0 0 0 0 0 0 0 0 0 0 0 -999 
P2600 2079 10 0 0 0 0 0 0 0 0 0 0 0 0 0 0 2 0 0 0 0 0 0 0 0 19 0 32 0 0 0 0 0 
P2600 2079 11 0 0 20 30 66 92 87 47 12 0 0 0 48 0 60 77 0 0 0 0 0 20 0 25 0 30 0 0 0 0 -999 
P2600 2079 12 8 45 50 29 10 25 0 0 0 0 0 0 0 0 0 0 0 0 0 0 0 0 0 0 0 0 6 0 0 0 0 
P2600 2080 1 0 10 0 0 12 0 0 0 0 0 0 0 0 14 11 9 0 0 0 0 0 0 0 0 9 0 23 0 0 0 0 
P2600 2080 2 0 4 5 5 19 9 16 33 91 170 178 125 120 44 0 12 0 0 79 124 104 0 0 0 0 0 0 30 -999 -999 -999 
P2600 2080 3 51 62 0 0 38 48 63 0 144 147 123 111 0 0 0 0 0 0 0 0 0 0 0 0 0 0 6 0 0 0 37 
P2600 2080 4 0 0 0 0 0 11 0 0 0 0 0 50 0 0 0 0 0 0 0 0 0 0 0 0 0 0 20 0 0 16 -999 
P2600 2080 5 0 0 0 0 0 0 0 0 0 0 0 33 0 0 0 0 0 0 0 0 0 0 0 0 0 13 0 0 0 0 0 
P2600 2080 6 0 0 0 0 0 35 11 0 3 6 6 0 0 0 0 25 0 0 0 0 0 0 0 0 23 0 0 0 0 12 -999 
P2600 2080 7 14 0 0 0 0 0 0 0 0 0 0 0 14 0 0 0 0 0 0 0 0 9 0 0 0 0 0 0 0 0 0 
P2600 2080 8 0 0 0 0 0 0 0 0 0 0 11 0 0 0 0 0 0 0 0 0 0 0 0 0 0 0 0 0 0 0 0 
P2600 2080 9 0 0 0 0 0 0 0 0 0 0 0 0 0 0 0 0 0 0 0 0 0 0 0 0 0 0 0 0 0 0 -999 
P2600 2080 10 0 38 46 75 101 84 0 94 63 60 23 0 74 33 57 0 0 0 0 13 0 0 0 0 0 0 0 0 0 0 0 
P2600 2080 11 36 42 47 0 49 46 0 0 0 0 0 0 13 0 20 11 12 14 0 6 0 0 0 0 0 10 0 0 0 22 -999 
P2600 2080 12 0 47 111 0 0 0 208 0 0 0 6 3 0 0 0 0 0 0 0 0 0 0 0 0 0 102 22 6 0 45 58 
P2600 2081 1 128 139 262 126 0 7 0 0 0 0 0 0 0 41 58 22 28 0 0 171 167 84 63 0 28 0 77 0 49 0 59 
P2600 2081 2 0 0 0 0 38 69 93 35 0 11 0 0 0 0 0 0 0 15 23 33 16 0 38 93 0 8 10 0 -999 -999 -999 
P2600 2081 3 0 17 0 106 41 0 12 0 50 0 20 13 26 36 28 10 59 158 99 125 95 0 127 69 0 14 0 0 65 54 95 
P2600 2081 4 106 0 28 0 0 0 0 16 0 0 55 0 7 0 34 0 0 0 0 0 0 0 32 46 60 30 19 73 52 108 -999 
P2600 2081 5 78 74 0 0 57 0 0 35 66 96 29 0 36 51 0 21 0 0 0 0 0 0 0 0 0 0 0 0 0 0 0 
P2600 2081 6 0 0 0 0 0 0 6 0 0 0 0 0 0 0 0 0 0 16 0 0 0 0 0 0 0 0 0 0 0 0 -999 
P2600 2081 7 0 0 20 0 7 0 0 0 0 0 0 9 0 0 4 0 0 0 0 0 0 0 0 0 0 0 0 0 0 14 0 
P2600 2081 8 0 0 0 0 0 0 0 0 0 0 0 0 0 0 0 0 0 0 0 0 0 0 0 0 0 0 0 0 0 42 0 
P2600 2081 9 0 0 0 0 0 0 0 0 0 0 0 0 0 0 0 0 0 31 0 0 0 0 0 0 0 0 0 0 0 0 -999 
P2600 2081 10 0 0 0 0 20 0 0 0 0 0 0 0 21 14 0 0 0 0 0 0 0 0 0 0 0 0 6 0 0 0 0 
P2600 2081 11 0 0 0 119 51 0 0 0 0 0 0 0 0 0 15 0 252 226 133 0 0 0 0 0 0 0 0 0 0 66 -999 
P2600 2081 12 23 23 33 0 0 143 94 87 87 57 0 0 162 116 66 57 34 18 0 10 0 10 19 13 13 0 51 17 0 0 4 
P2600 2082 1 0 17 19 30 0 0 0 0 14 27 80 0 38 20 15 0 59 77 0 25 90 203 99 64 0 113 153 0 10 0 0 
P2600 2082 2 0 0 0 0 1 0 0 0 0 0 0 0 0 0 0 0 0 0 2 0 7 9 0 17 53 46 0 41 -999 -999 -999 
P2600 2082 3 0 0 30 36 0 32 0 0 0 0 0 0 2 0 0 8 0 10 54 67 0 6 0 0 44 0 0 0 0 43 0 
P2600 2082 4 12 9 1 0 0 0 0 0 0 0 0 0 0 0 0 20 0 8 0 0 6 0 8 9 0 0 0 0 0 0 -999 
P2600 2082 5 0 0 0 0 0 0 14 0 0 13 13 0 0 0 0 0 0 19 0 0 0 0 0 0 0 0 0 0 0 0 0 
P2600 2082 6 0 0 0 0 0 0 0 0 0 0 0 0 0 0 0 0 0 0 0 0 0 0 6 0 0 0 0 0 17 0 -999 
P2600 2082 7 0 0 0 0 0 0 0 0 0 0 0 0 0 0 0 0 0 0 0 0 0 0 0 0 0 0 0 0 0 0 0 
P2600 2082 8 0 0 0 0 0 0 0 0 0 0 0 0 0 0 0 0 0 0 0 0 0 0 0 0 0 0 0 0 0 0 0 
P2600 2082 9 0 0 0 0 13 0 0 0 0 0 16 0 0 0 0 0 0 0 0 0 0 0 0 0 0 0 0 19 28 0 -999 
P2600 2082 10 0 0 0 0 0 0 1 0 0 0 0 0 0 0 0 0 0 0 0 0 0 0 69 0 2 0 0 0 0 33 14 
P2600 2082 11 71 113 97 0 3 0 0 0 0 0 21 12 0 0 0 0 162 175 31 0 0 0 0 0 0 0 0 0 0 0 -999 
P2600 2082 12 0 36 13 0 0 0 0 0 0 0 0 0 0 5 0 21 31 0 0 0 5 9 0 0 0 0 0 11 0 0 0 
P2600 2083 1 22 36 0 0 0 10 10 44 0 0 0 3 0 0 0 41 35 56 0 0 9 34 0 0 0 0 0 0 0 17 0 
P2600 2083 2 0 57 62 15 5 12 53 51 36 106 141 78 27 22 0 31 65 215 149 115 101 84 41 34 109 239 109 67 -999 -999 -999 
P2600 2083 3 0 35 26 20 2 0 0 0 0 0 0 0 0 0 25 0 0 0 0 0 32 70 0 142 155 0 182 84 0 0 11 
P2600 2083 4 18 15 0 12 0 0 59 28 0 0 0 0 0 36 0 29 0 0 0 0 0 0 0 0 0 38 41 0 0 0 -999 
P2600 2083 5 0 0 8 0 24 0 27 43 44 35 0 0 30 0 0 45 52 41 20 0 9 3 0 45 0 77 126 31 0 0 26 
P2600 2083 6 42 40 23 0 26 11 0 23 0 0 0 0 0 0 0 0 0 0 0 0 0 0 3 5 0 0 0 0 0 0 -999 
P2600 2083 7 0 0 0 0 0 0 0 0 0 0 0 0 16 0 0 0 20 0 9 0 0 0 0 0 0 0 0 0 0 0 0 
P2600 2083 8 0 0 0 0 0 0 0 0 23 0 0 0 0 0 0 0 0 0 0 0 0 0 0 0 0 0 16 0 0 0 6 
P2600 2083 9 0 0 0 0 0 0 0 0 0 0 0 0 0 0 0 0 0 0 0 0 0 0 0 0 0 0 0 0 0 0 -999 
P2600 2083 10 0 0 0 0 0 0 0 10 0 19 0 5 0 0 0 0 6 0 0 0 0 53 0 0 34 0 0 0 0 0 8 
P2600 2083 11 0 0 28 75 76 23 21 0 0 0 0 60 112 55 0 0 0 61 7 0 0 0 0 0 0 20 0 0 0 18 -999 
P2600 2083 12 47 37 0 9 29 0 0 134 215 51 28 0 0 0 217 55 0 20 42 81 34 0 0 0 21 0 0 0 0 8 10 
P2600 2084 1 0 10 16 0 0 0 10 0 20 0 0 0 0 0 0 18 36 41 0 6 0 35 34 0 41 79 0 63 39 0 57 
P2600 2084 2 15 7 0 8 0 0 36 0 54 67 0 0 0 20 0 0 0 0 0 0 0 0 0 12 0 0 63 0 -999 -999 -999 
P2600 2084 3 0 0 0 0 78 9 0 0 0 0 0 0 10 0 0 57 185 127 0 20 0 16 0 0 0 36 0 0 6 0 0 
P2600 2084 4 0 0 27 0 0 0 0 0 0 10 19 0 16 0 0 11 0 0 0 0 0 13 0 0 0 0 0 0 0 0 -999 
P2600 2084 5 0 0 0 22 0 0 0 5 2 0 0 2 0 0 0 0 0 0 16 0 0 0 0 0 0 0 0 0 0 0 0 
P2600 2084 6 0 0 0 0 0 16 0 0 0 0 0 0 0 0 0 6 0 0 0 0 0 0 0 0 0 0 0 0 0 0 -999 
P2600 2084 7 0 0 0 0 0 0 0 0 0 0 0 0 0 0 0 0 0 0 0 0 0 0 0 0 0 0 0 0 0 0 0 
P2600 2084 8 7 0 0 0 0 0 0 0 0 0 0 0 7 0 0 0 0 0 0 0 0 0 0 0 0 0 0 0 0 0 0 
P2600 2084 9 0 0 0 0 0 0 14 0 0 0 0 0 0 0 48 37 0 0 0 0 0 0 3 0 0 0 1 0 0 0 -999 
P2600 2084 10 0 0 0 0 0 0 0 0 0 3 0 0 0 0 0 0 5 0 0 0 0 0 0 0 0 0 0 0 134 160 103 
P2600 2084 11 33 35 112 0 0 40 0 115 0 43 6 4 0 0 0 0 9 0 0 6 0 0 0 0 0 0 0 51 0 19 -999 
P2600 2084 12 0 0 14 0 41 0 0 96 83 93 109 0 204 149 53 0 49 0 0 0 0 0 0 0 0 0 5 32 0 0 0 
P2600 2085 1 0 3 0 0 0 0 0 0 0 0 0 0 0 0 0 34 21 6 8 3 0 0 124 153 0 0 0 14 2 0 0 
P2600 2085 2 0 0 0 16 0 45 0 37 25 34 68 87 39 11 0 0 0 0 0 0 1 0 0 0 0 0 0 0 -999 -999 -999 
P2600 2085 3 5 0 0 0 0 0 0 0 58 90 51 109 149 52 72 0 0 0 0 0 9 20 19 35 0 0 0 0 0 0 5 
P2600 2085 4 0 0 0 0 0 12 17 0 0 0 0 84 0 0 118 71 0 47 0 0 0 0 0 4 0 0 0 6 0 0 -999 
P2600 2085 5 0 0 0 0 0 0 40 66 82 0 14 0 0 0 0 5 0 0 0 0 0 0 0 0 0 17 0 0 0 1 0 
P2600 2085 6 0 0 0 0 0 0 0 0 0 0 0 0 13 0 0 0 0 0 0 0 0 0 0 0 0 0 0 0 0 0 -999 
P2600 2085 7 0 0 0 0 0 0 0 0 0 0 0 0 0 0 0 15 0 0 0 0 0 0 0 0 0 0 0 0 0 0 0 
P2600 2085 8 0 0 0 0 0 0 0 0 0 0 0 0 0 0 0 0 0 0 0 0 0 0 0 0 0 0 0 0 0 0 0 
P2600 2085 9 0 0 0 20 0 30 23 0 12 0 0 0 0 0 0 0 0 0 0 0 0 0 0 0 0 0 0 0 0 0 -999 
P2600 2085 10 0 0 0 0 0 0 4 9 0 0 0 0 23 0 0 0 0 21 6 0 0 0 0 0 0 0 83 48 0 0 25 
P2600 2085 11 2 0 0 0 17 0 0 20 0 0 0 0 0 0 0 0 121 32 21 104 56 51 12 2 0 0 0 0 68 0 -999 
P2600 2085 12 96 89 14 0 59 112 0 5 0 0 0 0 0 0 18 0 0 0 0 0 12 0 21 0 0 0 0 0 0 6 0 
P2600 2086 1 0 0 11 19 12 11 0 0 0 0 0 0 30 82 46 0 56 168 54 79 0 0 0 0 36 0 0 0 0 0 0 
P2600 2086 2 0 30 82 34 0 36 0 101 30 0 0 36 54 0 14 19 26 0 0 0 0 0 1 0 0 0 0 7 -999 -999 -999 
P2600 2086 3 0 0 0 0 0 0 0 4 0 3 0 0 0 0 0 0 0 0 4 0 0 0 0 4 0 0 0 0 0 20 24 
P2600 2086 4 0 0 0 0 0 35 43 0 0 0 0 0 0 42 0 0 18 0 7 0 1 2 0 0 0 0 0 0 0 0 -999 
P2600 2086 5 44 41 24 66 60 0 37 0 0 0 0 0 7 0 0 0 0 0 0 0 0 0 0 0 0 14 0 0 0 0 0 
P2600 2086 6 0 0 0 0 0 0 0 0 0 0 0 0 0 0 0 0 0 29 0 0 0 0 0 0 0 0 0 0 0 0 -999 
P2600 2086 7 0 0 0 0 0 0 0 0 0 0 0 0 0 0 0 0 0 0 0 0 0 0 0 0 0 0 0 0 0 0 0 
P2600 2086 8 0 0 0 0 0 0 0 0 0 0 0 0 0 0 0 0 0 0 0 0 0 0 0 0 0 0 0 0 0 0 0 
P2600 2086 9 0 0 0 0 0 0 6 0 0 0 0 0 0 0 18 14 16 0 0 0 5 0 0 0 13 12 0 0 0 0 -999 
P2600 2086 10 0 0 0 0 0 0 0 0 22 0 0 0 13 0 0 0 0 0 0 0 3 0 0 0 0 0 0 17 0 76 46 
P2600 2086 11 0 0 0 0 31 26 12 0 0 0 0 0 0 14 0 0 0 0 40 0 62 13 0 0 0 0 0 0 0 0 -999 
P2600 2086 12 12 0 0 0 0 0 0 0 0 0 0 0 0 0 0 2 0 0 40 63 0 95 188 85 0 0 0 0 0 0 0 
P2600 2087 1 0 0 0 0 0 0 26 73 61 0 0 0 0 0 0 0 4 6 6 0 0 12 0 0 0 0 0 0 0 0 40 
P2600 2087 2 67 57 0 1 0 0 0 0 0 0 0 0 0 0 23 10 1 0 0 0 0 0 0 0 0 0 25 49 -999 -999 -999 
P2600 2087 3 87 109 75 32 0 0 0 0 26 50 55 99 0 0 0 0 0 0 0 0 0 29 0 47 0 0 0 14 18 6 0 
P2600 2087 4 0 0 0 5 0 0 0 0 0 17 0 5 0 0 36 61 59 14 7 16 29 90 53 59 82 55 23 0 0 0 -999 
P2600 2087 5 9 0 11 45 20 0 0 24 0 0 0 22 10 0 24 0 0 0 6 0 0 0 0 0 0 0 0 0 0 0 0 
P2600 2087 6 0 0 0 0 0 18 0 0 0 0 0 11 0 0 0 0 0 0 0 0 0 0 0 0 0 0 0 5 0 0 -999 
P2600 2087 7 0 0 0 0 0 0 0 0 0 0 0 0 0 0 0 0 0 0 0 0 0 0 0 0 0 0 0 0 0 0 0 
P2600 2087 8 0 0 0 0 0 0 0 0 0 0 0 0 0 0 0 0 0 0 0 0 0 0 6 0 0 0 0 0 0 0 0 
P2600 2087 9 0 0 8 0 0 15 3 0 0 0 0 0 16 0 12 14 0 0 0 0 0 0 0 0 0 0 0 0 0 0 -999 
P2600 2087 10 0 0 0 60 0 24 0 4 0 0 0 0 14 7 0 0 0 0 0 0 0 0 0 0 0 0 0 0 0 0 0 
P2600 2087 11 0 1 0 0 0 0 0 0 0 0 0 0 4 0 0 0 0 0 0 0 0 0 0 7 7 0 0 0 0 13 -999 
P2600 2087 12 12 0 0 0 0 0 0 0 0 13 2 0 0 0 0 0 0 0 13 0 0 0 146 88 0 95 0 0 84 103 0 
P2600 2088 1 27 15 0 10 0 0 0 0 0 0 0 0 0 0 0 0 0 0 0 0 0 0 0 0 0 19 0 0 0 0 0 
P2600 2088 2 0 9 0 12 0 0 118 133 188 0 0 2 0 0 0 0 0 21 0 16 24 0 0 22 0 24 0 0 -999 -999 -999 
P2600 2088 3 41 65 118 0 0 12 0 0 0 0 5 0 0 0 0 7 0 0 14 0 5 0 0 0 31 5 42 0 0 0 0 
P2600 2088 4 0 0 0 0 0 46 80 97 0 0 34 0 32 44 30 21 24 0 4 0 0 0 0 0 0 0 0 0 9 0 -999 
P2600 2088 5 0 0 0 0 0 0 31 0 0 20 0 16 0 16 0 26 0 0 0 9 0 0 2 0 0 0 0 0 0 0 5 
P2600 2088 6 0 0 10 0 0 0 0 0 0 0 0 0 0 0 0 0 0 0 0 0 0 0 0 0 0 0 0 0 0 0 -999 
P2600 2088 7 0 0 0 0 0 0 0 0 0 0 0 0 0 0 0 0 0 0 0 0 0 0 0 0 10 0 0 0 0 0 0 
P2600 2088 8 0 0 0 0 0 0 14 0 0 0 0 0 0 0 0 0 0 0 0 0 0 0 0 0 0 0 0 0 0 0 0 
P2600 2088 9 0 0 0 0 0 0 0 0 0 0 0 0 0 0 21 0 13 0 0 0 0 0 0 0 0 0 0 0 0 0 -999 
P2600 2088 10 0 0 0 0 5 0 0 0 0 0 0 0 0 0 0 0 0 0 0 0 20 33 0 49 70 127 212 81 0 0 0 
P2600 2088 11 0 0 0 0 0 0 0 0 8 0 38 37 17 19 54 57 26 206 46 9 4 0 6 0 0 0 0 0 0 23 -999 
P2600 2088 12 0 0 0 45 73 82 95 100 0 6 0 0 0 0 0 0 8 0 0 0 0 10 0 0 0 25 0 0 0 0 0 
P2600 2089 1 0 0 0 0 56 0 25 53 123 150 189 222 217 0 0 0 0 0 0 0 0 0 0 1 0 0 0 0 0 10 21 
P2600 2089 2 29 31 0 31 76 162 75 121 239 68 41 97 192 89 0 0 0 0 0 0 0 0 0 0 0 0 0 0 -999 -999 -999 
P2600 2089 3 0 0 77 0 18 19 18 0 0 11 6 5 0 50 79 95 68 0 10 14 14 0 0 48 169 72 27 0 0 0 188 
P2600 2089 4 236 164 47 0 2 0 0 0 34 0 0 0 0 0 0 0 0 0 0 0 40 0 32 0 0 0 67 36 15 0 -999 
P2600 2089 5 0 0 0 0 0 0 0 0 0 0 4 0 0 0 0 0 27 0 13 23 0 0 0 0 0 0 0 11 0 0 0 
P2600 2089 6 0 0 0 0 0 0 0 0 0 0 0 0 0 0 0 0 0 0 0 0 0 0 0 0 0 0 0 0 0 0 -999 
P2600 2089 7 0 0 0 0 0 0 0 0 0 25 0 0 0 0 0 0 0 0 0 0 0 0 0 0 0 0 0 0 0 0 0 
P2600 2089 8 0 0 20 0 0 0 0 0 0 0 0 7 0 0 0 0 0 0 0 0 0 0 0 0 0 0 0 0 0 0 0 
P2600 2089 9 0 0 0 0 12 0 12 0 0 0 0 0 0 0 0 0 0 0 0 0 0 0 0 0 0 0 0 0 0 0 -999 
P2600 2089 10 0 0 0 0 0 0 2 0 0 0 0 0 2 5 0 0 0 0 0 0 0 0 0 0 0 0 0 0 0 0 10 
P2600 2089 11 0 0 0 33 0 0 2 0 0 15 13 4 0 4 0 0 15 6 0 0 0 0 21 64 133 85 35 18 0 152 -999 
P2600 2089 12 0 0 0 21 34 37 0 102 86 97 0 2 0 0 0 0 3 0 9 21 0 0 0 0 0 0 0 0 0 0 0 
P2600 2090 1 4 0 0 3 0 0 14 11 0 0 13 34 83 92 88 26 0 0 0 0 0 0 0 0 5 0 0 11 2 0 0 
P2600 2090 2 0 0 0 29 34 66 37 32 24 56 0 57 28 20 0 14 36 18 8 0 0 0 0 0 0 58 0 114 -999 -999 -999 
P2600 2090 3 223 0 0 0 0 4 0 0 0 0 0 58 85 98 97 38 0 0 0 52 21 33 20 10 0 0 10 0 18 27 0 
P2600 2090 4 33 0 0 0 34 23 0 27 37 25 0 26 0 38 98 0 0 0 0 0 0 0 0 16 0 0 10 0 0 0 -999 
P2600 2090 5 0 0 0 0 0 0 0 0 3 0 0 0 0 0 0 0 0 0 0 0 0 0 0 0 0 0 0 0 46 0 0 
P2600 2090 6 40 0 0 4 0 0 0 0 16 0 0 0 0 0 0 0 0 0 0 0 0 0 0 0 0 0 0 7 0 0 -999 
P2600 2090 7 0 0 0 0 0 0 0 0 0 0 0 0 0 0 0 0 0 0 0 0 0 0 0 0 0 0 0 0 0 0 9 
P2600 2090 8 0 0 0 0 0 0 0 0 0 0 0 0 0 0 0 0 0 0 0 0 0 0 0 0 0 0 0 0 0 0 0 
P2600 2090 9 7 0 0 0 0 0 0 0 0 0 0 0 0 0 0 0 1 0 0 0 0 19 0 0 0 0 0 0 20 0 -999 
P2600 2090 10 0 16 11 33 49 0 28 0 0 0 0 27 0 0 0 0 20 0 14 8 0 0 0 0 0 28 0 0 68 44 43 
P2600 2090 11 0 0 0 0 0 0 0 0 0 35 72 0 15 54 63 27 0 42 0 0 0 0 0 42 48 0 30 0 0 0 -999 
P2600 2090 12 0 92 154 40 0 49 0 0 14 0 17 14 16 25 0 0 0 0 0 0 0 0 0 0 28 31 0 0 0 0 0 
P2600 2091 1 0 0 0 0 0 0 14 0 0 7 0 13 0 32 0 0 9 14 45 1 0 0 0 0 0 0 0 0 7 3 10 
P2600 2091 2 21 0 0 0 0 0 0 0 0 0 0 0 0 0 3 0 0 37 210 139 84 87 92 33 34 45 42 35 -999 -999 -999 
P2600 2091 3 33 8 0 0 59 112 52 7 0 0 0 0 0 0 0 0 0 0 0 11 0 0 0 0 0 0 17 0 0 0 7 
P2600 2091 4 1 0 0 0 0 0 0 0 0 1 0 34 40 28 17 0 43 46 42 18 16 0 10 0 0 0 0 0 0 0 -999 
P2600 2091 5 0 0 51 39 0 27 3 0 0 0 13 0 0 0 0 0 0 0 0 0 0 0 0 0 0 0 0 0 0 0 19 
P2600 2091 6 19 0 35 21 16 0 0 0 0 0 0 0 0 0 0 0 0 0 0 0 0 0 0 0 0 0 0 0 0 0 -999 
P2600 2091 7 0 0 0 0 0 0 0 0 0 0 0 0 0 0 0 12 0 0 0 0 0 0 0 0 0 0 0 0 0 0 0 
P2600 2091 8 0 0 0 0 0 0 0 0 0 0 0 0 0 0 0 0 0 0 0 0 0 0 0 0 18 0 0 0 0 0 9 
P2600 2091 9 0 0 0 0 0 0 0 0 1 0 0 0 18 0 0 0 0 0 0 0 0 0 0 0 0 0 0 0 0 0 -999 
P2600 2091 10 0 0 8 0 0 0 0 0 0 0 40 0 55 0 0 25 33 0 0 0 0 0 0 18 0 32 0 89 150 106 80 
P2600 2091 11 103 0 0 0 0 0 0 0 6 3 0 0 0 0 37 0 0 29 21 0 5 0 62 0 0 15 74 27 0 0 -999 
P2600 2091 12 0 66 6 0 0 0 14 0 0 0 0 0 0 10 0 20 0 11 14 7 0 2 10 15 14 0 0 0 0 0 0 
P2600 2092 1 0 0 0 0 7 0 0 14 0 0 0 18 17 0 41 22 79 97 0 231 118 49 15 77 44 0 115 65 100 95 0 
P2600 2092 2 0 0 0 0 0 135 123 0 0 132 52 0 21 79 49 0 64 98 0 66 43 10 44 28 0 0 0 33 -999 -999 -999 
P2600 2092 3 35 45 0 0 0 22 0 38 0 0 18 0 20 0 0 144 72 0 30 79 88 96 125 357 134 92 0 45 0 0 31 
P2600 2092 4 0 42 72 46 0 0 8 0 0 11 0 0 30 0 10 0 0 0 0 0 0 0 0 0 14 0 0 50 67 0 -999 
P2600 2092 5 0 9 0 0 0 0 0 0 22 0 0 0 4 0 0 0 89 0 15 0 0 0 0 0 0 0 0 0 0 0 0 
P2600 2092 6 0 0 0 0 0 0 0 0 0 0 0 0 0 0 0 0 0 0 0 0 0 0 0 0 0 0 0 0 0 0 -999 
P2600 2092 7 0 0 0 0 0 0 0 0 0 0 0 0 0 0 0 0 0 0 0 0 0 0 0 0 0 0 0 0 12 0 0 
P2600 2092 8 0 0 0 0 0 0 0 0 14 0 0 0 0 0 0 0 0 0 0 0 0 0 0 0 0 0 0 0 0 0 16 
P2600 2092 9 0 0 0 0 13 0 0 2 0 0 23 0 0 0 0 0 0 0 0 0 0 25 0 0 0 0 0 0 0 0 -999 
P2600 2092 10 0 0 0 0 15 0 0 0 28 0 0 0 0 0 0 0 0 0 0 0 0 0 1 0 0 0 0 0 0 0 0 
P2600 2092 11 0 0 0 0 27 0 0 0 0 12 0 58 253 192 144 0 15 17 19 31 32 0 28 145 80 46 0 0 0 0 -999 
P2600 2092 12 0 0 40 6 0 0 23 18 47 0 27 0 0 0 0 9 22 0 17 78 218 151 0 84 0 0 20 41 118 71 30 
P2600 2093 1 112 103 0 0 17 0 33 0 24 0 103 112 54 52 110 150 0 0 56 0 0 0 0 0 0 0 26 25 115 116 136 
P2600 2093 2 120 64 0 0 0 0 0 0 0 0 21 0 0 0 0 0 53 0 46 0 65 62 0 0 0 0 37 48 -999 -999 -999 
P2600 2093 3 18 0 0 0 0 19 0 12 34 48 135 56 28 0 0 0 0 7 0 0 10 16 15 9 0 0 0 45 11 13 42 
P2600 2093 4 0 0 0 16 26 0 0 0 0 23 0 0 0 0 0 47 21 18 0 8 0 0 0 27 0 38 54 0 34 0 -999 
P2600 2093 5 0 0 78 0 0 0 3 0 0 0 0 11 0 0 0 0 0 0 0 41 0 23 0 0 0 0 0 0 0 0 0 
P2600 2093 6 0 0 0 5 0 0 0 0 0 0 0 0 0 0 0 0 0 0 0 0 0 0 0 0 0 0 0 0 0 0 -999 
P2600 2093 7 0 0 0 0 0 0 19 0 0 0 0 0 0 0 0 0 0 0 0 0 0 0 0 0 0 0 0 0 0 0 0 
P2600 2093 8 0 0 0 0 0 0 0 0 0 0 0 0 0 0 0 0 0 0 0 15 0 0 0 0 0 0 0 0 0 0 0 
P2600 2093 9 0 0 0 0 0 0 0 0 0 0 0 0 0 7 18 0 0 0 0 0 0 0 0 0 0 0 0 0 0 30 -999 
P2600 2093 10 0 0 5 0 0 0 0 0 0 0 0 0 0 39 43 136 114 62 0 2 0 0 0 6 0 15 0 2 0 7 0 
P2600 2093 11 42 0 0 0 0 0 0 6 0 8 0 0 0 0 0 0 0 0 0 9 0 15 19 0 0 0 4 0 0 0 -999 
P2600 2093 12 0 0 0 0 0 0 0 0 0 0 0 0 15 0 0 0 0 0 0 0 0 0 0 0 0 0 0 0 0 0 0 
P2600 2094 1 5 0 0 0 7 8 10 18 22 26 0 7 0 0 0 17 0 101 118 72 0 177 185 227 206 105 68 181 39 125 61 
P2600 2094 2 93 66 99 150 0 8 3 0 12 0 0 0 0 0 0 0 0 3 0 0 5 0 0 0 0 0 1 0 -999 -999 -999 
P2600 2094 3 0 0 0 0 8 0 0 0 0 0 1 0 0 0 0 0 10 13 0 0 0 0 0 21 0 0 0 0 0 132 111 
P2600 2094 4 198 207 127 0 16 0 74 69 0 0 20 0 11 0 0 0 0 0 0 0 0 0 12 0 0 29 0 0 0 0 -999 
P2600 2094 5 0 0 0 0 0 0 0 1 0 0 0 0 0 0 0 0 0 0 0 0 0 0 0 0 0 0 0 0 0 0 0 
P2600 2094 6 0 0 0 0 0 0 0 0 0 0 0 0 9 0 0 0 0 0 0 0 0 0 0 0 0 0 4 0 0 0 -999 
P2600 2094 7 0 0 0 0 0 0 0 0 0 0 0 0 0 0 0 0 0 0 0 0 0 0 0 0 0 0 0 0 0 0 0 
P2600 2094 8 0 0 0 0 0 0 0 0 0 0 0 0 0 0 0 0 0 0 0 0 0 0 0 0 0 0 0 0 0 0 0 
P2600 2094 9 0 0 0 0 0 6 0 0 0 0 0 0 0 0 0 0 0 0 0 0 0 0 0 0 0 0 14 0 8 0 -999 
P2600 2094 10 0 7 0 11 0 0 0 0 0 0 0 0 0 0 0 0 0 16 46 0 55 23 74 0 26 43 109 0 9 0 0 
P2600 2094 11 0 0 0 6 0 0 0 0 0 30 0 0 60 120 36 12 26 32 21 45 0 0 0 74 0 0 0 0 0 18 -999 
P2600 2094 12 0 5 0 0 1 0 0 0 0 0 9 0 0 0 0 0 0 0 0 33 11 0 0 2 0 0 0 0 0 0 22 
P2600 2095 1 65 69 95 150 82 27 0 108 143 32 31 0 20 0 0 0 0 0 0 0 0 0 0 35 75 79 60 79 0 16 28 
P2600 2095 2 29 0 18 12 6 0 15 0 0 0 0 0 0 0 0 0 0 0 0 8 0 0 0 0 0 0 0 0 -999 -999 -999 
P2600 2095 3 0 0 0 0 0 0 0 0 0 0 0 0 2 0 0 0 0 0 0 0 8 0 0 0 0 0 0 60 0 38 0 
P2600 2095 4 0 103 142 39 13 0 0 0 0 0 0 0 0 28 34 27 0 0 0 0 0 66 57 75 0 0 0 0 0 0 -999 
P2600 2095 5 0 0 0 5 0 6 12 0 0 0 0 0 0 0 0 0 0 0 0 0 0 0 0 13 0 0 0 0 0 0 11 
P2600 2095 6 0 0 0 0 0 35 29 40 0 0 0 0 0 25 0 0 17 0 0 0 50 0 0 0 0 0 0 0 0 0 -999 
P2600 2095 7 26 14 0 0 0 0 0 0 0 0 19 0 0 0 0 16 0 9 0 0 0 0 0 0 0 0 0 0 0 0 0 
P2600 2095 8 0 0 0 0 0 0 0 0 0 0 0 0 0 0 0 0 0 0 0 0 0 0 0 0 9 0 0 0 0 0 0 
P2600 2095 9 0 0 0 2 0 0 0 0 0 0 0 0 0 0 0 0 11 0 0 0 0 0 0 0 0 0 5 0 0 0 -999 
P2600 2095 10 0 0 0 18 0 0 0 19 15 0 0 0 0 0 0 0 66 19 0 5 0 0 3 0 0 0 0 0 0 0 0 
P2600 2095 11 0 0 21 0 0 0 0 0 42 0 0 42 36 14 0 0 41 11 0 0 50 103 96 109 0 3 0 0 0 0 -999 
P2600 2095 12 0 0 0 0 10 4 18 78 112 58 4 0 23 51 112 51 14 16 17 67 46 0 9 0 141 207 86 33 0 0 0 
P2600 2096 1 85 3 0 0 64 0 55 82 0 101 43 0 0 47 0 0 0 4 1 0 0 0 0 0 0 1 0 0 0 21 10 
P2600 2096 2 15 29 41 44 0 0 0 0 0 0 5 0 0 0 80 0 0 2 0 0 0 0 0 0 0 0 12 0 -999 -999 -999 
P2600 2096 3 0 0 0 0 0 0 0 6 0 0 0 0 0 1 1 3 0 0 0 17 42 140 168 24 5 31 39 77 80 49 0 
P2600 2096 4 8 0 0 2 0 0 0 7 0 0 0 0 0 0 0 0 37 0 0 0 0 0 12 0 0 0 0 0 0 0 -999 
P2600 2096 5 0 0 0 0 0 17 0 0 14 0 0 0 0 0 0 6 0 0 0 0 0 6 0 12 0 0 0 0 0 10 0 
P2600 2096 6 0 0 0 0 0 0 0 0 0 0 16 0 0 9 0 0 0 0 0 0 0 0 0 0 0 0 0 3 2 0 -999 
P2600 2096 7 0 0 26 16 0 0 0 0 0 0 0 0 0 0 0 0 0 0 0 0 0 0 0 0 0 0 0 0 0 0 0 
P2600 2096 8 0 0 0 8 0 0 0 0 0 0 0 0 0 0 0 0 0 0 0 0 0 0 0 0 0 0 0 0 0 0 0 
P2600 2096 9 0 0 0 0 0 0 0 0 0 0 0 0 0 0 0 6 0 0 0 24 19 25 24 15 0 0 0 0 0 0 -999 
P2600 2096 10 0 58 0 0 15 0 0 0 0 0 24 0 0 0 0 6 11 0 58 0 0 0 0 5 0 0 0 0 0 0 0 
P2600 2096 11 0 0 0 5 0 0 0 0 0 0 10 8 0 0 8 0 0 0 0 0 0 0 0 11 0 0 0 0 0 0 -999 
P2600 2096 12 2 0 0 0 0 0 0 0 0 0 0 35 21 42 52 0 0 85 0 0 0 16 36 0 13 11 4 0 0 0 9 
P2600 2097 1 19 17 0 2 1 0 0 0 0 0 5 8 0 0 0 0 0 0 0 0 7 0 0 1 73 54 57 0 0 28 0 
P2600 2097 2 0 0 21 32 39 0 16 0 0 0 0 0 0 0 0 7 0 0 17 0 0 0 0 0 0 0 0 0 -999 -999 -999 
P2600 2097 3 0 52 102 35 0 46 25 1 0 9 0 1 0 0 0 0 0 0 0 0 0 12 0 37 41 57 0 0 37 2 2 
P2600 2097 4 0 0 0 0 0 0 0 0 47 0 37 54 90 56 29 0 0 0 0 37 16 0 5 0 0 0 0 0 1 0 -999 
P2600 2097 5 0 0 0 0 0 0 34 15 17 0 0 0 0 0 0 14 28 22 24 44 0 0 0 0 0 0 0 0 0 0 0 
P2600 2097 6 0 0 0 0 11 0 0 0 0 0 0 0 0 0 0 0 0 0 0 0 21 0 0 0 0 0 0 0 0 0 -999 
P2600 2097 7 0 0 0 0 0 0 0 0 0 0 0 0 0 0 0 0 0 0 0 0 0 0 0 0 0 0 0 0 0 0 10 
P2600 2097 8 0 0 0 0 0 0 0 0 0 0 0 8 0 0 0 0 0 0 0 0 0 0 0 0 37 0 0 0 8 0 0 
P2600 2097 9 0 0 0 0 0 0 0 0 0 28 0 0 0 0 0 8 0 0 0 0 0 0 0 0 0 0 0 0 0 0 -999 
P2600 2097 10 24 0 0 0 0 0 0 0 0 12 0 0 0 0 52 49 79 98 0 11 4 16 17 2 0 0 0 0 0 0 0 
P2600 2097 11 0 0 5 0 0 0 0 0 0 0 0 0 0 0 0 0 0 2 0 0 0 3 9 5 0 18 17 0 0 0 -999 
P2600 2097 12 32 6 0 0 0 0 0 0 0 0 0 0 0 0 0 0 0 0 0 0 0 0 0 0 0 0 15 25 22 39 40 
P2600 2098 1 73 0 0 0 112 45 16 2 0 12 0 0 17 14 0 0 0 0 0 76 0 52 0 43 0 0 2 0 0 5 0 
P2600 2098 2 0 0 9 0 0 0 0 30 40 69 43 0 41 0 0 0 0 0 28 0 0 0 0 13 0 0 11 0 -999 -999 -999 
P2600 2098 3 0 21 0 0 0 40 0 0 4 0 0 0 0 0 0 0 0 13 0 4 0 0 0 3 0 22 62 31 0 4 0 
P2600 2098 4 0 33 20 38 20 34 0 0 6 0 0 0 0 0 0 0 0 0 0 0 0 0 82 23 0 0 2 0 0 0 -999 
P2600 2098 5 0 0 0 0 40 37 0 51 61 74 102 90 0 17 0 0 0 0 9 23 32 0 0 42 0 0 0 0 0 0 0 
P2600 2098 6 0 0 0 0 0 0 0 0 0 0 0 0 16 0 0 0 0 0 0 0 0 0 0 0 0 0 0 0 0 0 -999 
P2600 2098 7 0 0 14 0 0 0 0 0 0 0 0 0 11 0 0 14 0 0 0 0 12 0 0 0 0 0 0 0 0 0 23 
P2600 2098 8 0 0 0 0 0 0 0 0 0 0 0 0 0 0 0 0 0 0 0 16 0 0 0 0 0 0 0 4 0 0 0 
P2600 2098 9 0 0 0 0 0 0 0 0 10 0 0 0 0 0 0 0 0 0 0 0 0 9 0 0 0 0 0 0 0 0 -999 
P2600 2098 10 0 0 0 0 0 0 0 0 0 0 0 0 0 19 0 0 51 63 0 5 9 12 10 0 0 41 56 35 0 0 38 
P2600 2098 11 4 0 0 0 0 0 0 0 11 10 0 0 80 0 34 23 0 44 84 0 0 48 0 0 0 0 0 0 0 0 -999 
P2600 2098 12 0 0 0 0 0 0 5 0 0 0 0 0 0 0 0 0 0 10 16 47 0 35 24 33 51 20 0 0 0 0 0 
P2600 2099 1 0 10 0 0 0 0 0 0 0 0 60 0 0 0 0 10 54 0 5 19 31 50 128 0 0 23 0 0 0 10 0 
P2600 2099 2 5 0 0 0 20 0 0 0 0 0 0 0 0 0 0 0 0 0 0 0 9 0 44 129 176 45 26 41 -999 -999 -999 
P2600 2099 3 88 112 135 145 0 12 0 0 0 0 16 0 13 0 42 0 44 146 210 210 0 0 38 15 0 0 20 0 8 21 30 
P2600 2099 4 30 21 20 0 11 10 0 0 0 0 0 0 0 0 0 0 0 0 2 0 0 0 0 39 0 0 45 0 0 0 -999 
P2600 2099 5 53 18 8 7 0 0 0 0 0 0 0 0 0 0 15 0 0 0 0 0 24 0 36 46 0 10 0 0 16 0 0 
P2600 2099 6 0 0 0 0 0 0 0 0 0 0 0 0 0 0 0 0 0 0 0 0 0 0 0 0 0 0 0 0 0 0 -999 
P2600 2099 7 0 0 0 0 0 0 0 0 0 0 0 0 0 0 0 0 0 0 0 0 0 0 0 0 0 12 0 0 0 0 0 
P2600 2099 8 0 0 0 0 0 0 0 0 0 0 0 0 0 0 0 0 0 0 0 0 0 0 0 0 0 0 0 0 0 0 0 
P2600 2099 9 0 0 0 0 0 0 0 0 0 0 0 0 0 0 0 0 0 0 0 0 0 18 17 8 0 0 0 0 0 0 -999 
P2600 2099 10 0 0 0 16 26 0 0 0 31 41 42 63 41 15 0 0 0 0 0 0 0 0 0 0 0 45 29 19 15 7 4 
P2600 2099 11 0 0 25 14 0 0 0 0 0 0 0 35 17 0 13 44 0 0 0 5 0 0 0 36 31 0 65 64 54 12 -999 
P2600 2099 12 6 0 0 0 0 73 59 32 21 28 0 0 0 0 0 0 0 0 0 0 0 16 32 34 0 271 287 206 113 65 0 
P2600 2100 1 0 14 0 0 58 0 0 25 0 25 0 226 225 74 0 0 0 0 0 3 0 0 0 0 0 0 0 0 0 0 12 
P2600 2100 2 19 0 89 0 0 0 0 0 0 0 51 13 0 0 0 21 0 0 37 0 0 0 0 0 0 0 0 0 -999 -999 -999 
P2600 2100 3 0 0 59 35 19 22 0 27 31 0 43 0 118 35 15 0 5 0 0 22 30 42 0 0 0 67 55 0 68 76 61 
P2600 2100 4 65 52 45 27 0 13 15 0 8 24 50 116 48 0 0 31 0 0 0 0 8 0 0 0 1 0 0 0 0 0 -999 
P2600 2100 5 15 0 0 20 0 0 0 8 0 22 0 0 0 0 0 0 0 0 0 0 0 17 36 47 67 32 0 0 0 0 0 
P2600 2100 6 0 0 0 0 0 0 0 0 0 21 0 20 0 0 0 0 0 0 0 0 0 0 0 0 0 0 0 0 0 0 -999 
P2600 2100 7 0 0 0 0 0 0 0 0 0 0 0 0 0 0 0 0 0 0 0 0 0 0 0 0 0 0 0 0 0 0 0 
P2600 2100 8 0 0 0 0 0 0 0 0 0 0 0 0 0 0 0 0 0 0 0 0 0 0 0 0 18 0 0 7 4 0 0 
P2600 2100 9 0 0 0 0 0 0 0 5 0 0 0 0 0 0 0 0 0 1 0 5 0 20 0 0 0 0 0 0 12 0 -999 
P2600 2100 10 0 0 0 0 0 0 0 0 0 0 0 55 34 47 0 13 0 0 25 12 24 64 0 26 0 2 1 6 28 0 0 
P2600 2100 11 0 0 0 59 67 117 46 40 93 87 0 60 74 114 179 149 93 88 79 55 0 54 75 106 53 0 0 0 0 0 -999 
P2600 2100 12 0 8 3 9 29 8 0 0 0 0 0 0 0 0 0 0 0 0 0 0 0 0 0 0 9 0 0 0 5 0 0 
