precip	MIROC5	RCP60	REGRESION	decimas	1
P7161	39.547	-5.157	182	geo	2006	2100	-1
P7161 2006 1 0 10 0 11 11 0 16 0 0 0 0 154 246 0 89 154 114 101 62 0 5 20 0 11 25 29 22 21 0 46 7 
P7161 2006 2 29 0 41 30 11 0 0 0 0 0 7 0 53 0 0 16 0 0 34 34 0 0 10 0 0 3 0 0 -999 -999 -999 
P7161 2006 3 55 82 125 152 117 137 123 116 62 68 74 27 28 31 43 100 199 174 116 56 70 59 58 0 0 52 0 0 88 60 74 
P7161 2006 4 24 60 40 43 24 0 0 36 0 0 0 5 10 0 0 14 20 0 0 0 0 2 0 16 0 0 58 41 0 17 -999 
P7161 2006 5 0 33 29 48 43 76 24 12 0 0 0 0 0 0 18 0 0 0 0 22 0 0 0 0 0 0 0 0 0 0 0 
P7161 2006 6 0 0 0 0 0 0 0 0 0 0 0 0 0 0 0 0 0 0 0 0 7 0 0 0 0 0 20 0 16 25 -999 
P7161 2006 7 15 0 0 0 0 0 20 0 0 0 2 8 19 0 0 0 0 0 0 21 0 0 0 0 0 0 0 0 0 0 0 
P7161 2006 8 10 0 0 0 0 0 0 0 0 0 3 0 0 0 0 0 0 0 0 0 0 0 0 0 0 0 7 8 0 0 0 
P7161 2006 9 0 0 0 0 0 0 4 0 0 0 0 0 0 0 0 0 0 0 0 11 0 0 0 0 0 0 0 0 0 0 -999 
P7161 2006 10 0 0 0 0 0 0 0 9 0 0 0 0 0 28 0 0 9 8 0 0 26 0 4 13 0 21 0 31 15 0 0 
P7161 2006 11 0 0 0 0 0 0 51 49 18 0 0 0 0 0 6 0 4 2 0 17 24 0 30 35 10 6 0 0 0 0 -999 
P7161 2006 12 0 0 0 0 0 5 24 116 101 57 39 0 0 35 108 154 0 0 0 0 0 79 167 57 0 61 50 0 58 45 0 
P7161 2007 1 0 0 0 0 0 0 0 0 0 0 0 0 0 11 0 4 0 3 0 5 0 0 0 0 0 0 9 19 0 22 18 
P7161 2007 2 0 16 0 0 0 0 36 127 246 165 24 0 0 0 0 0 28 61 30 34 36 43 61 35 53 0 52 36 -999 -999 -999 
P7161 2007 3 19 38 25 82 94 32 17 0 15 0 0 40 45 89 37 15 31 0 0 0 0 0 0 4 5 6 0 0 5 0 0 
P7161 2007 4 0 0 0 0 6 19 0 0 0 0 19 52 70 0 0 24 33 62 71 44 36 0 32 40 0 0 0 0 0 0 -999 
P7161 2007 5 0 0 16 0 0 0 0 0 20 24 24 0 0 0 0 0 0 0 32 0 0 0 0 0 0 0 3 0 7 10 17 
P7161 2007 6 26 0 12 0 20 0 0 0 0 8 0 0 0 0 0 0 0 0 0 0 7 0 0 0 9 17 0 18 0 19 -999 
P7161 2007 7 0 0 0 0 0 0 0 0 20 0 0 0 0 4 9 0 0 0 0 17 0 0 7 0 0 0 0 0 0 0 0 
P7161 2007 8 0 0 0 0 0 0 0 0 0 0 0 0 0 0 0 0 0 0 0 0 0 0 0 0 0 0 0 0 0 0 0 
P7161 2007 9 0 0 0 0 0 0 0 0 7 0 6 0 0 15 0 0 0 0 0 0 0 0 8 0 0 14 0 0 0 0 -999 
P7161 2007 10 0 0 0 0 0 8 0 0 0 22 17 23 62 0 0 25 0 86 15 0 0 0 66 0 0 16 44 13 0 0 0 
P7161 2007 11 0 0 9 0 0 0 0 0 31 0 52 0 21 0 16 0 6 0 0 0 0 0 2 0 0 8 19 9 7 0 -999 
P7161 2007 12 0 0 16 0 0 0 19 14 0 1 0 0 0 0 0 0 34 36 20 7 0 11 17 0 24 0 0 0 0 0 5 
P7161 2008 1 0 20 25 46 15 2 0 0 0 5 8 0 17 0 0 27 21 9 25 0 93 101 0 25 0 146 165 81 67 0 128 
P7161 2008 2 220 70 152 0 54 84 64 113 0 44 79 0 0 0 64 63 0 88 43 42 15 0 0 15 26 38 39 20 -999 -999 -999 
P7161 2008 3 0 0 0 10 4 0 0 0 0 0 0 0 25 0 4 3 0 0 0 0 0 0 0 0 0 0 0 0 0 0 0 
P7161 2008 4 3 5 14 23 0 5 0 0 0 0 0 0 0 0 75 67 44 0 0 0 6 0 5 0 0 0 0 0 0 18 -999 
P7161 2008 5 14 0 0 0 0 0 0 0 0 0 60 29 0 39 0 16 0 0 0 0 29 39 62 15 0 0 0 0 0 0 0 
P7161 2008 6 0 7 11 0 0 0 0 13 28 0 0 18 0 56 0 0 0 17 0 9 0 0 0 0 0 0 0 0 0 0 -999 
P7161 2008 7 4 0 0 0 0 0 0 0 0 0 0 0 0 0 0 14 0 0 0 0 0 0 0 0 10 0 0 0 5 0 0 
P7161 2008 8 24 0 0 0 0 0 0 0 0 0 9 7 0 0 0 0 0 0 0 0 0 0 0 0 0 20 0 0 0 4 0 
P7161 2008 9 0 0 0 10 0 8 8 10 11 0 0 26 0 32 0 10 15 0 0 0 0 0 0 0 25 0 0 0 0 0 -999 
P7161 2008 10 0 24 8 0 0 0 16 0 0 0 42 0 41 0 0 0 0 10 0 0 0 0 0 0 22 46 46 0 0 0 0 
P7161 2008 11 0 0 28 0 0 0 0 0 5 5 0 2 0 0 0 10 23 49 14 0 0 0 0 3 5 0 0 0 0 0 -999 
P7161 2008 12 0 0 0 0 0 0 6 0 0 0 0 0 0 0 0 4 9 0 0 0 0 14 0 0 37 0 27 0 0 0 0 
P7161 2009 1 0 0 0 0 0 4 0 0 0 0 0 0 0 16 18 0 0 0 0 0 2 6 0 0 0 0 0 0 0 0 0 
P7161 2009 2 0 0 7 0 6 0 0 0 1 0 0 1 0 0 2 0 0 0 0 0 0 0 1 0 0 5 0 17 -999 -999 -999 
P7161 2009 3 0 56 64 31 0 0 0 72 52 0 0 14 0 19 27 30 103 80 51 33 4 0 0 0 0 104 72 114 108 74 29 
P7161 2009 4 25 0 12 17 32 40 7 10 0 0 0 24 0 27 0 5 0 0 11 0 11 0 0 0 0 0 0 0 0 74 -999 
P7161 2009 5 39 0 32 0 0 33 0 0 25 0 22 0 0 0 0 0 0 0 0 0 0 23 0 0 0 0 0 8 0 0 0 
P7161 2009 6 0 0 0 0 0 0 19 0 13 0 1 0 0 15 0 0 0 0 0 4 0 0 0 0 14 0 0 0 3 0 -999 
P7161 2009 7 0 0 0 0 0 0 5 0 0 0 0 23 0 9 0 0 0 0 0 9 0 0 0 0 0 0 0 0 5 9 22 
P7161 2009 8 0 0 0 0 0 0 0 0 0 0 0 0 0 0 0 0 0 0 0 0 0 0 28 0 7 0 0 0 0 0 0 
P7161 2009 9 0 0 0 0 0 0 5 0 0 0 0 15 8 0 0 0 0 0 0 0 14 0 0 0 0 0 0 0 0 0 -999 
P7161 2009 10 0 0 1 3 0 0 0 0 0 0 0 13 0 0 17 26 0 20 14 0 0 7 25 0 11 0 0 0 7 7 0 
P7161 2009 11 0 0 0 0 0 0 0 13 6 3 0 7 9 0 0 0 0 9 18 0 0 28 0 52 7 5 10 0 25 0 -999 
P7161 2009 12 23 38 68 0 83 54 61 0 25 77 37 0 29 0 0 9 19 68 43 0 0 18 0 27 45 63 81 79 0 0 23 
P7161 2010 1 0 25 53 117 73 19 0 0 28 15 7 11 25 0 16 0 18 0 0 40 0 2 0 0 0 0 8 0 16 0 0 
P7161 2010 2 14 0 0 0 0 20 0 0 0 0 0 0 0 0 0 0 0 0 0 0 0 0 0 0 0 3 3 0 -999 -999 -999 
P7161 2010 3 0 6 8 11 0 19 20 28 85 0 34 13 0 5 10 9 12 37 85 28 0 3 0 0 0 0 0 6 0 4 0 
P7161 2010 4 0 0 49 0 0 20 0 41 51 41 0 23 0 0 82 44 0 2 0 0 22 0 0 17 0 6 0 0 0 0 -999 
P7161 2010 5 0 0 24 32 23 0 4 3 0 0 14 0 0 0 0 0 0 0 0 2 5 10 0 8 0 56 41 0 18 0 8 
P7161 2010 6 0 23 0 12 0 0 0 0 0 0 6 14 0 0 24 0 0 0 0 0 6 0 0 6 0 0 0 0 11 0 -999 
P7161 2010 7 0 0 0 0 0 0 0 0 0 0 11 0 0 0 7 0 0 0 0 0 0 0 0 0 0 12 0 0 0 0 0 
P7161 2010 8 0 0 0 11 0 0 0 0 0 0 0 0 9 0 0 0 0 0 0 0 0 0 0 0 0 0 0 0 0 8 0 
P7161 2010 9 7 0 0 0 0 0 7 0 0 0 0 23 16 0 16 0 6 19 25 0 0 0 0 10 0 0 0 0 0 0 -999 
P7161 2010 10 0 0 0 0 0 0 0 0 0 0 65 0 69 41 0 12 0 0 27 13 0 35 15 0 0 8 0 0 0 0 0 
P7161 2010 11 0 0 0 0 12 0 0 0 0 0 0 0 0 0 0 0 11 0 0 0 16 0 5 6 10 9 0 0 0 0 -999 
P7161 2010 12 1 0 0 0 0 0 14 9 0 11 0 33 47 0 0 0 0 0 0 1 0 0 0 0 0 0 0 14 0 0 0 
P7161 2011 1 0 13 0 16 29 5 0 0 7 11 0 0 0 0 36 13 3 0 0 0 0 27 51 16 24 9 0 0 1 0 0 
P7161 2011 2 14 0 5 39 47 50 39 18 0 0 0 0 0 0 0 0 0 0 0 14 18 44 0 7 10 9 23 57 -999 -999 -999 
P7161 2011 3 66 40 0 0 0 0 6 0 0 12 0 35 0 0 44 120 94 0 24 38 0 45 101 240 66 20 52 102 0 7 0 
P7161 2011 4 17 32 0 0 0 0 0 0 0 0 19 0 0 0 0 0 40 37 23 27 0 0 0 0 0 0 0 0 0 0 -999 
P7161 2011 5 0 0 0 3 4 0 6 0 0 37 0 9 0 0 0 0 5 0 0 0 36 13 0 0 0 0 0 0 0 0 0 
P7161 2011 6 0 0 8 0 0 7 6 0 0 0 0 0 0 0 14 0 0 0 0 3 8 0 0 0 0 0 0 0 0 0 -999 
P7161 2011 7 0 0 0 0 0 0 0 0 0 0 0 0 0 0 0 0 0 0 0 0 0 0 0 3 0 0 0 0 0 0 0 
P7161 2011 8 0 0 0 0 0 0 0 0 0 0 0 0 0 5 7 0 8 0 0 0 0 0 0 5 0 0 0 0 0 0 0 
P7161 2011 9 0 0 5 12 0 0 0 0 29 47 5 0 0 0 0 0 0 0 0 0 0 0 5 0 0 0 0 0 9 0 -999 
P7161 2011 10 14 15 8 4 0 0 0 0 0 17 0 0 26 25 14 9 0 14 5 0 20 23 0 0 0 0 0 0 17 0 0 
P7161 2011 11 0 0 8 0 64 0 0 0 4 0 0 0 12 8 6 0 66 31 0 0 0 84 51 0 0 9 9 0 0 3 -999 
P7161 2011 12 10 38 44 0 0 7 0 4 0 10 14 21 9 0 15 67 0 85 71 68 91 35 43 20 0 38 36 27 33 33 0 
P7161 2012 1 103 0 0 3 0 0 0 0 0 0 0 6 0 0 0 0 0 1 0 0 0 0 0 5 0 7 12 21 0 31 0 
P7161 2012 2 13 26 0 15 9 16 13 8 1 4 0 0 0 0 0 0 0 19 52 0 0 12 0 9 0 0 0 13 -999 -999 -999 
P7161 2012 3 40 63 38 0 0 0 0 0 0 0 0 0 0 12 15 0 31 0 28 54 48 0 19 31 24 0 0 0 0 0 0 
P7161 2012 4 0 0 0 0 0 26 29 26 0 0 0 0 0 90 72 44 34 14 0 10 7 0 11 60 67 0 78 79 0 0 -999 
P7161 2012 5 21 0 19 0 0 0 0 8 25 0 0 0 27 42 0 0 0 0 0 7 7 0 0 0 0 25 0 0 0 0 0 
P7161 2012 6 0 0 0 0 0 0 0 0 37 0 0 0 0 0 24 9 0 0 0 0 0 0 0 0 5 0 0 0 0 0 -999 
P7161 2012 7 0 0 0 0 0 0 0 0 0 0 0 0 0 0 0 0 0 0 0 0 0 10 0 12 0 0 0 4 0 0 0 
P7161 2012 8 8 0 0 0 0 0 0 0 0 0 0 0 0 0 0 0 0 5 0 0 0 0 0 0 0 0 0 0 0 0 0 
P7161 2012 9 0 0 0 7 0 0 0 0 0 0 0 0 0 3 0 0 0 0 0 0 0 7 9 0 22 0 0 17 0 7 -999 
P7161 2012 10 3 0 2 0 0 3 0 0 22 49 82 0 0 9 36 0 33 38 46 0 0 33 0 8 0 14 0 20 0 56 20 
P7161 2012 11 44 58 0 0 13 0 6 0 0 46 0 0 0 0 0 0 0 68 100 56 25 0 4 0 13 0 0 29 0 0 -999 
P7161 2012 12 13 0 0 0 27 100 96 87 15 26 24 16 32 106 0 64 0 22 0 0 21 44 0 34 18 9 0 0 15 16 62 
P7161 2013 1 0 18 26 65 0 8 30 17 0 0 0 0 0 0 0 0 0 0 0 0 0 0 0 0 0 2 5 0 0 43 0 
P7161 2013 2 0 3 0 0 0 0 4 0 0 0 0 10 39 102 39 11 24 0 126 87 61 71 0 0 0 8 0 0 -999 -999 -999 
P7161 2013 3 17 0 0 0 18 0 0 0 27 90 165 150 84 0 0 51 53 44 50 33 0 65 59 38 0 20 27 49 43 47 91 
P7161 2013 4 0 0 9 23 17 24 25 7 0 0 0 0 0 17 12 37 0 0 14 0 47 0 0 0 74 0 0 6 0 5 -999 
P7161 2013 5 0 0 8 0 10 0 0 38 0 0 43 18 0 9 32 0 0 0 24 0 0 1 2 8 0 3 0 0 0 0 0 
P7161 2013 6 11 23 0 28 0 0 0 42 58 61 49 40 0 12 0 0 0 12 13 0 0 0 6 0 0 0 40 0 0 0 -999 
P7161 2013 7 10 0 0 0 0 0 25 0 0 0 0 0 7 0 13 0 0 0 0 0 0 0 12 0 0 0 0 0 0 0 0 
P7161 2013 8 0 0 0 0 18 0 0 23 0 0 13 0 0 0 0 0 0 0 0 0 0 0 0 0 0 0 0 0 0 16 0 
P7161 2013 9 28 0 0 0 0 10 8 0 0 0 0 0 0 0 0 0 0 14 0 0 14 0 11 0 0 0 3 0 5 0 -999 
P7161 2013 10 0 0 0 0 0 0 8 0 0 25 27 14 8 6 7 14 26 0 8 0 0 0 0 0 1 0 1 8 0 0 2 
P7161 2013 11 0 0 2 1 0 2 3 9 0 6 9 0 2 0 4 11 0 184 227 64 100 159 199 99 25 155 50 0 8 0 -999 
P7161 2013 12 0 0 34 0 0 0 0 20 0 0 18 0 0 0 26 0 0 0 0 16 0 20 0 55 35 50 24 21 71 39 21 
P7161 2014 1 30 0 0 20 0 0 0 0 15 7 0 0 0 0 0 18 0 0 0 0 6 0 0 22 23 33 71 82 111 93 40 
P7161 2014 2 32 0 27 49 58 102 0 111 47 54 9 21 0 0 0 0 0 0 0 0 14 10 0 7 5 0 0 32 -999 -999 -999 
P7161 2014 3 25 0 0 0 0 0 0 0 3 0 0 0 26 38 0 91 95 82 160 77 35 25 15 9 6 5 0 9 0 0 19 
P7161 2014 4 0 26 36 0 0 22 0 0 23 41 0 0 47 38 40 0 0 0 50 23 27 30 0 31 72 0 0 0 25 41 -999 
P7161 2014 5 72 0 0 0 0 0 0 0 0 0 0 0 7 0 0 0 36 0 0 0 0 78 58 54 25 0 0 19 28 44 47 
P7161 2014 6 0 0 0 76 65 30 30 0 0 0 0 4 0 0 0 7 0 0 0 0 7 0 0 0 0 0 0 6 0 0 -999 
P7161 2014 7 0 0 0 0 13 0 0 0 0 0 0 0 0 0 0 0 0 0 0 0 13 0 0 0 0 0 0 0 0 0 0 
P7161 2014 8 0 0 0 10 0 0 0 0 0 0 0 0 0 0 0 0 0 0 0 0 0 0 0 0 0 0 0 0 0 0 0 
P7161 2014 9 0 0 0 0 0 0 0 0 0 0 0 0 0 0 0 39 0 36 15 0 9 0 0 0 0 3 0 0 0 0 -999 
P7161 2014 10 7 0 0 22 0 0 5 10 0 0 0 0 0 0 10 0 10 0 0 68 0 16 3 0 58 52 11 0 0 5 0 
P7161 2014 11 0 0 0 0 0 0 10 0 0 0 6 0 0 13 0 0 0 74 29 61 146 208 78 109 42 0 0 0 0 0 -999 
P7161 2014 12 0 0 0 0 4 10 0 7 10 8 12 5 2 0 0 0 0 0 0 0 0 0 0 13 8 0 0 0 20 0 0 
P7161 2015 1 0 0 0 81 95 41 0 0 0 18 0 0 0 0 1 0 0 2 0 0 0 0 0 0 0 0 0 73 74 37 0 
P7161 2015 2 12 0 6 0 0 0 0 0 0 0 0 0 2 0 0 0 0 0 0 0 0 0 0 0 79 86 73 37 -999 -999 -999 
P7161 2015 3 0 0 44 77 0 0 39 0 0 0 0 9 25 44 0 6 0 0 6 16 0 37 0 0 13 10 0 0 0 0 26 
P7161 2015 4 37 22 0 9 0 0 16 0 0 0 0 0 0 0 0 0 19 5 0 0 0 0 0 0 19 49 0 40 106 56 -999 
P7161 2015 5 74 0 32 9 10 14 0 0 0 0 0 0 0 0 0 0 0 9 0 0 3 0 0 0 0 34 34 69 73 23 0 
P7161 2015 6 5 0 0 17 35 40 0 0 0 0 0 0 0 0 0 0 3 0 0 0 12 0 0 0 0 0 0 0 0 0 -999 
P7161 2015 7 0 0 0 0 11 0 0 0 0 0 0 0 0 5 17 0 0 0 0 0 0 0 0 0 0 0 0 0 0 0 0 
P7161 2015 8 0 0 0 0 0 0 0 0 0 23 16 0 6 0 0 0 0 27 0 0 0 0 0 0 20 0 0 0 0 0 0 
P7161 2015 9 0 0 0 0 0 22 0 0 0 0 0 0 0 0 0 0 0 0 0 0 0 0 0 20 43 64 0 0 31 44 -999 
P7161 2015 10 34 0 0 0 0 0 0 55 19 0 5 15 24 0 0 0 4 0 0 0 14 0 0 0 9 8 3 4 2 0 0 
P7161 2015 11 0 5 0 0 0 0 16 0 11 0 0 0 0 48 28 0 0 0 31 63 51 37 0 0 0 0 1 0 0 15 -999 
P7161 2015 12 37 55 0 38 0 34 176 120 81 82 37 0 98 0 0 0 25 0 0 0 0 4 0 0 0 0 0 0 0 0 0 
P7161 2016 1 0 15 18 0 0 0 37 33 17 0 56 102 62 109 43 0 0 0 0 0 10 0 0 21 0 26 29 0 0 25 7 
P7161 2016 2 0 6 25 21 11 11 5 0 0 0 16 14 16 22 0 20 61 0 0 0 0 0 0 17 0 24 0 20 -999 -999 -999 
P7161 2016 3 0 0 18 25 0 32 42 53 158 114 148 172 98 0 43 38 0 36 22 0 30 46 48 0 40 29 78 129 0 50 77 
P7161 2016 4 6 0 0 0 0 0 0 0 0 72 106 97 0 33 113 0 48 22 63 61 16 0 0 0 0 0 0 42 32 0 -999 
P7161 2016 5 0 0 0 0 0 0 12 0 8 0 27 0 19 0 18 0 0 0 0 0 4 0 10 12 5 0 0 0 24 0 0 
P7161 2016 6 0 0 0 0 0 0 3 0 2 0 0 0 0 11 0 0 0 0 0 18 0 4 8 22 0 0 0 0 0 0 -999 
P7161 2016 7 0 0 0 0 0 0 0 0 0 0 0 0 0 0 0 14 0 0 0 0 0 0 0 0 0 0 0 0 0 0 0 
P7161 2016 8 0 0 11 0 14 0 0 0 0 0 0 0 0 0 0 4 7 0 0 0 0 0 0 0 15 0 0 0 0 10 0 
P7161 2016 9 0 12 12 0 18 0 0 0 0 0 0 0 0 0 0 0 0 0 21 20 8 12 0 0 0 0 0 0 17 0 -999 
P7161 2016 10 0 8 0 0 0 0 0 15 0 0 0 33 0 0 0 76 110 67 67 68 0 50 16 0 10 9 0 0 8 0 0 
P7161 2016 11 0 14 13 12 10 0 22 28 6 12 0 17 17 28 117 0 0 100 60 0 63 0 0 48 62 0 15 0 41 43 -999 
P7161 2016 12 0 0 0 0 4 0 0 0 0 0 40 77 108 36 0 0 6 0 0 64 66 93 0 0 25 15 36 22 0 29 43 
P7161 2017 1 0 10 0 0 0 0 11 0 0 0 0 21 70 121 58 13 0 0 0 4 0 0 0 0 0 0 0 0 0 0 0 
P7161 2017 2 0 1 0 0 0 0 1 14 12 0 0 0 0 0 0 0 13 0 0 0 0 1 0 0 0 0 0 0 -999 -999 -999 
P7161 2017 3 6 7 7 0 0 0 0 38 0 0 18 13 40 37 22 5 7 0 0 0 0 8 27 62 90 89 73 63 29 10 8 
P7161 2017 4 0 0 0 0 0 0 13 0 27 35 9 0 0 0 10 10 0 8 9 0 6 12 18 23 25 23 0 58 72 0 -999 
P7161 2017 5 0 4 0 22 0 0 6 0 10 0 0 0 0 7 0 0 0 0 0 16 0 0 11 0 0 0 15 0 0 0 0 
P7161 2017 6 0 0 8 0 0 0 0 0 0 0 0 0 0 0 0 0 0 0 0 0 8 0 0 0 0 0 0 0 0 25 -999 
P7161 2017 7 0 7 0 0 0 0 0 0 0 0 0 0 0 0 0 0 0 0 0 0 6 0 0 0 0 0 0 0 0 0 0 
P7161 2017 8 0 0 0 3 0 0 0 0 23 0 0 0 0 0 0 0 10 16 0 0 0 0 0 6 0 0 0 0 0 14 0 
P7161 2017 9 0 0 0 0 4 0 0 7 0 0 0 0 0 0 0 0 3 0 2 3 4 0 12 0 0 0 0 0 0 0 -999 
P7161 2017 10 0 0 4 5 0 0 0 0 0 0 8 0 0 15 27 64 63 99 53 0 13 0 0 15 0 0 94 138 178 65 0 
P7161 2017 11 11 16 36 0 0 16 14 55 0 0 75 86 206 106 0 0 0 20 0 24 39 27 0 0 0 0 0 15 0 0 -999 
P7161 2017 12 23 41 0 0 0 25 25 71 144 51 0 24 63 103 95 16 0 6 8 0 0 0 14 18 0 16 0 30 45 68 46 
P7161 2018 1 29 8 1 0 0 0 0 0 60 0 7 9 0 0 0 0 22 30 30 0 0 13 78 0 19 0 62 38 27 0 39 
P7161 2018 2 51 0 0 0 34 0 0 0 17 14 0 0 0 8 0 0 6 5 10 28 19 0 0 0 0 0 0 0 -999 -999 -999 
P7161 2018 3 0 11 0 0 0 0 0 11 0 0 45 69 65 0 37 0 23 0 16 9 5 0 8 0 20 29 0 30 43 37 0 
P7161 2018 4 0 0 0 0 21 0 9 0 0 0 0 0 13 0 60 18 5 0 0 0 7 0 0 0 64 91 86 37 24 27 -999 
P7161 2018 5 33 5 0 0 0 16 0 0 35 45 42 0 0 29 0 41 49 47 0 54 53 0 0 13 0 26 0 0 0 4 0 
P7161 2018 6 0 0 0 0 0 0 0 0 0 0 0 11 0 0 20 16 0 0 0 0 0 0 0 0 0 0 0 0 0 0 -999 
P7161 2018 7 0 14 17 0 12 0 24 0 0 0 0 0 13 0 0 0 0 12 0 0 0 0 0 0 17 16 0 0 0 0 0 
P7161 2018 8 0 0 0 0 0 0 0 0 0 0 0 0 0 7 0 0 0 0 0 0 0 2 0 0 0 5 0 0 0 0 3 
P7161 2018 9 3 1 0 0 13 22 24 0 0 0 0 0 0 0 0 0 0 0 0 4 0 0 0 0 5 0 0 0 0 0 -999 
P7161 2018 10 8 0 0 0 7 8 12 11 21 36 0 0 0 0 0 0 0 0 0 0 0 0 4 6 0 19 9 1 0 0 0 
P7161 2018 11 0 0 3 0 0 13 35 140 60 68 0 0 3 0 0 1 0 9 15 0 26 0 22 13 0 0 0 6 0 0 -999 
P7161 2018 12 0 33 0 31 43 54 73 16 12 0 30 0 89 44 34 24 14 8 5 0 0 41 29 0 43 34 54 89 105 94 64 
P7161 2019 1 133 109 99 121 117 105 0 0 0 0 0 0 9 23 0 0 82 51 84 85 95 121 0 16 37 58 145 17 0 31 78 
P7161 2019 2 104 104 0 0 0 30 21 0 0 79 120 0 123 114 21 0 59 193 202 30 22 22 0 0 4 0 0 0 -999 -999 -999 
P7161 2019 3 0 0 0 0 13 18 12 0 0 0 0 0 0 0 0 0 0 0 0 5 0 0 0 4 0 0 0 38 36 0 0 
P7161 2019 4 23 0 0 15 0 63 41 63 0 18 33 0 0 43 51 49 44 0 0 17 0 0 41 64 0 37 47 42 0 42 -999 
P7161 2019 5 0 0 0 0 0 9 0 0 0 0 0 0 0 23 0 0 0 0 7 0 3 0 0 0 36 0 4 0 0 0 0 
P7161 2019 6 0 0 0 0 0 0 32 0 21 0 0 0 0 0 0 26 0 0 12 0 0 0 0 0 0 0 11 0 0 0 -999 
P7161 2019 7 0 0 0 0 0 0 0 0 0 0 0 0 0 0 0 0 0 0 0 0 0 0 0 0 0 0 0 0 0 0 0 
P7161 2019 8 4 0 0 0 0 0 0 0 0 4 0 0 0 0 0 0 0 0 0 0 0 0 0 0 0 0 0 0 0 0 0 
P7161 2019 9 0 0 0 10 15 0 0 0 1 0 0 0 0 0 0 14 0 0 29 0 0 0 30 33 15 0 0 0 14 0 -999 
P7161 2019 10 0 16 0 0 3 0 0 0 0 0 19 79 71 0 6 0 0 0 0 0 0 0 0 0 0 9 0 0 6 0 15 
P7161 2019 11 0 6 0 0 11 28 0 22 0 0 0 0 0 0 0 0 9 0 0 50 196 222 0 50 71 94 0 25 57 139 -999 
P7161 2019 12 99 0 18 0 0 0 0 0 0 0 0 0 0 0 0 0 3 6 0 0 0 0 0 0 2 0 0 0 0 0 26 
P7161 2020 1 27 0 0 0 0 0 1 0 0 0 3 0 0 69 22 0 0 6 0 0 13 0 0 19 0 33 55 74 51 47 31 
P7161 2020 2 0 16 23 22 17 19 27 49 14 0 0 18 13 28 0 0 0 8 0 0 0 0 0 0 0 0 11 0 -999 -999 -999 
P7161 2020 3 2 0 7 10 42 46 0 0 0 0 0 0 21 0 0 0 0 0 0 0 21 0 16 0 32 30 19 0 0 16 27 
P7161 2020 4 34 0 15 0 6 0 0 0 0 0 0 0 11 0 0 107 116 71 50 58 76 0 0 8 2 0 10 0 0 0 -999 
P7161 2020 5 0 15 19 0 0 0 0 5 5 0 57 51 42 31 53 26 15 0 7 6 6 0 0 0 0 4 0 11 0 0 0 
P7161 2020 6 0 0 0 0 0 0 0 19 0 0 0 0 5 0 0 12 0 0 0 0 0 0 0 0 0 0 0 0 0 0 -999 
P7161 2020 7 0 0 0 0 0 0 0 0 0 0 17 0 0 0 0 6 0 0 0 0 0 16 23 15 0 0 0 0 0 0 0 
P7161 2020 8 13 0 0 0 0 0 0 0 0 5 0 0 0 0 0 0 0 7 0 0 0 18 0 22 36 21 0 0 0 0 0 
P7161 2020 9 0 6 4 0 0 0 0 3 0 0 0 0 0 0 0 0 0 0 0 0 0 0 0 0 0 0 3 3 0 0 -999 
P7161 2020 10 0 0 0 0 0 32 0 40 80 0 31 0 16 20 106 63 0 81 0 0 0 0 0 4 0 0 0 12 8 8 0 
P7161 2020 11 56 90 74 73 0 0 0 0 0 0 0 0 0 14 0 0 9 0 36 126 0 0 0 37 64 62 78 118 14 0 -999 
P7161 2020 12 69 0 55 23 48 0 0 38 37 0 0 0 0 0 0 0 0 0 24 0 31 144 125 89 78 0 136 0 35 39 74 
P7161 2021 1 72 123 43 0 53 60 40 101 83 0 0 0 0 0 0 0 0 17 19 14 9 8 10 10 17 19 30 0 51 26 0 
P7161 2021 2 0 58 76 0 0 0 4 0 0 10 21 0 0 6 2 1 2 0 0 9 0 20 0 4 8 0 13 0 -999 -999 -999 
P7161 2021 3 13 11 6 0 6 0 27 21 0 67 0 0 79 2 0 0 41 0 0 0 0 3 0 0 0 0 0 0 0 0 0 
P7161 2021 4 0 0 0 0 13 0 0 0 0 0 0 0 33 0 0 0 0 0 0 0 0 32 43 34 0 0 0 18 31 0 -999 
P7161 2021 5 70 52 0 17 0 0 0 0 0 0 0 0 0 16 0 0 0 0 45 30 0 0 0 21 0 0 18 33 0 0 37 
P7161 2021 6 44 0 0 9 2 4 0 0 0 13 0 0 0 0 0 11 0 0 0 12 0 0 0 3 3 0 0 0 0 0 -999 
P7161 2021 7 0 16 21 0 0 0 0 0 7 0 0 0 0 0 0 0 8 9 11 0 0 0 0 0 0 0 0 28 0 0 0 
P7161 2021 8 0 0 0 0 0 0 0 0 0 0 0 0 0 7 0 0 0 0 0 0 0 0 0 0 12 0 0 0 8 0 0 
P7161 2021 9 0 0 0 9 0 0 0 0 0 0 0 0 0 0 0 0 0 0 0 31 0 0 0 0 38 28 12 0 20 0 -999 
P7161 2021 10 0 0 0 0 0 15 0 0 21 11 0 4 2 0 0 0 0 11 14 0 48 0 120 87 43 34 27 0 0 10 21 
P7161 2021 11 0 32 0 96 103 0 0 5 0 21 0 9 10 14 28 0 67 0 0 0 0 8 5 18 0 0 0 64 98 38 -999 
P7161 2021 12 80 122 40 0 4 4 10 24 0 11 20 0 0 13 20 79 105 0 0 0 0 0 25 0 0 5 0 18 29 24 0 
P7161 2022 1 0 0 0 23 0 0 20 49 71 47 66 34 0 60 0 43 0 0 20 59 77 66 120 65 0 0 46 54 59 0 78 
P7161 2022 2 149 30 0 63 62 0 160 209 62 111 175 142 158 70 133 0 39 0 34 51 147 50 73 22 68 150 110 6 -999 -999 -999 
P7161 2022 3 0 20 0 52 117 110 65 108 58 77 63 63 62 15 0 0 0 3 0 0 0 0 0 0 0 0 10 26 0 18 0 
P7161 2022 4 0 0 0 0 8 0 35 44 13 0 0 11 0 20 48 32 23 0 26 0 8 0 0 10 0 2 0 0 0 0 -999 
P7161 2022 5 3 3 0 0 0 0 0 0 28 55 53 43 68 59 31 23 18 23 0 0 0 0 14 16 34 46 20 0 4 0 0 
P7161 2022 6 0 0 8 0 10 28 45 7 0 0 0 0 8 0 21 17 0 0 0 0 0 8 0 0 0 0 0 0 0 0 -999 
P7161 2022 7 0 2 4 0 0 0 0 0 0 0 0 0 0 0 0 0 0 0 0 0 0 0 0 0 0 0 0 0 0 0 0 
P7161 2022 8 0 12 0 0 0 0 0 8 0 0 0 0 0 10 0 0 0 0 0 0 0 0 0 0 0 0 0 6 0 0 6 
P7161 2022 9 0 0 0 0 0 0 7 0 0 0 0 7 0 27 0 0 7 0 0 10 22 0 0 0 0 0 0 0 0 11 -999 
P7161 2022 10 0 0 8 0 6 0 0 0 0 35 45 20 0 54 70 46 23 9 0 7 0 0 0 0 0 0 0 0 63 83 36 
P7161 2022 11 0 0 0 13 7 4 1 0 7 0 0 16 0 1 0 0 0 0 0 0 0 0 0 0 2 0 0 32 21 9 -999 
P7161 2022 12 26 71 112 156 57 82 19 16 108 0 11 0 0 0 4 0 0 0 0 19 50 0 0 0 58 36 37 0 16 11 0 
P7161 2023 1 0 0 0 2 12 0 0 0 0 1 0 0 0 10 12 0 0 0 0 0 0 15 0 0 0 0 0 0 0 0 0 
P7161 2023 2 0 27 0 0 0 0 0 12 0 0 0 0 0 0 0 17 26 30 12 6 14 28 50 28 0 18 47 17 -999 -999 -999 
P7161 2023 3 29 33 0 0 4 5 0 1 5 0 0 59 50 0 0 0 0 0 0 0 0 0 0 0 0 0 0 0 0 46 68 
P7161 2023 4 0 0 35 74 60 0 26 0 0 0 0 33 94 130 64 0 0 0 0 0 0 0 0 0 90 63 51 0 8 0 -999 
P7161 2023 5 0 0 0 0 0 0 0 3 5 0 48 0 0 13 0 0 41 0 54 0 0 0 0 0 0 0 0 0 0 0 0 
P7161 2023 6 0 17 34 24 33 19 0 14 0 0 0 0 0 0 0 0 0 0 3 0 0 0 0 0 0 0 0 0 0 0 -999 
P7161 2023 7 2 0 0 0 0 4 0 5 0 0 0 0 0 14 0 0 0 0 11 0 0 0 0 0 0 0 0 0 7 0 0 
P7161 2023 8 0 0 0 0 0 0 0 6 5 5 0 0 0 0 0 0 0 0 5 9 0 0 0 0 0 0 0 0 0 0 16 
P7161 2023 9 24 0 0 0 0 7 0 0 0 0 0 0 4 0 0 9 0 0 0 0 0 0 9 0 0 0 0 0 0 0 -999 
P7161 2023 10 0 0 0 7 0 6 0 0 12 11 0 0 0 39 83 0 0 0 0 0 0 9 8 0 23 47 0 0 11 20 102 
P7161 2023 11 63 23 12 3 1 0 0 0 31 46 29 0 13 0 8 0 0 0 0 1 1 0 0 0 19 0 0 0 0 0 -999 
P7161 2023 12 0 0 0 0 0 0 3 0 0 0 5 0 0 0 3 2 0 0 0 0 0 2 0 19 0 0 2 4 0 0 0 
P7161 2024 1 5 0 45 44 15 80 71 70 0 32 0 18 31 88 0 0 45 97 9 0 0 0 0 14 0 0 10 9 12 14 38 
P7161 2024 2 92 84 131 0 0 0 11 30 0 0 0 0 0 0 0 0 0 2 0 0 32 0 72 139 108 0 0 12 -999 -999 -999 
P7161 2024 3 46 0 62 88 67 75 0 40 0 0 0 0 0 0 0 12 0 0 0 8 0 0 10 43 100 122 53 29 47 66 26 
P7161 2024 4 59 68 84 0 0 0 12 0 0 0 0 0 0 0 0 0 0 4 0 0 0 0 0 27 0 0 0 11 2 0 -999 
P7161 2024 5 0 0 0 0 0 0 0 5 16 0 0 8 0 0 12 0 0 0 0 26 0 0 0 11 0 21 0 0 0 9 0 
P7161 2024 6 0 3 0 0 9 7 0 0 0 0 0 0 0 3 0 0 0 0 22 0 0 0 0 0 0 0 0 0 0 0 -999 
P7161 2024 7 0 0 9 0 0 0 0 0 0 0 0 0 0 0 0 0 0 0 0 0 0 0 0 0 11 0 0 0 0 0 4 
P7161 2024 8 0 0 0 0 0 0 0 0 0 0 0 0 0 0 0 0 0 0 0 0 0 0 0 0 0 0 0 0 0 0 0 
P7161 2024 9 27 0 0 0 0 0 17 0 4 8 0 14 0 0 0 8 0 0 0 13 0 0 0 0 7 0 8 0 0 0 -999 
P7161 2024 10 0 0 0 0 0 0 0 0 18 28 18 0 0 0 124 87 26 15 0 0 0 0 0 0 13 0 0 0 0 0 0 
P7161 2024 11 0 0 0 17 0 15 31 11 0 0 17 0 55 53 0 0 0 15 0 0 0 0 0 0 0 0 1 0 6 0 -999 
P7161 2024 12 0 15 0 37 0 7 0 0 0 0 0 0 8 0 0 7 0 0 0 3 0 5 0 0 0 0 0 0 0 0 0 
P7161 2025 1 0 0 14 0 6 0 0 0 0 17 0 0 0 0 6 7 9 0 0 29 28 28 30 0 39 37 24 0 17 21 0 
P7161 2025 2 0 0 0 0 31 43 0 49 48 0 33 20 0 32 0 32 61 0 0 66 0 34 42 0 0 0 0 0 -999 -999 -999 
P7161 2025 3 9 0 0 39 67 95 195 0 0 6 0 0 0 6 4 0 19 0 44 0 98 122 74 223 0 33 70 5 0 8 0 
P7161 2025 4 0 0 14 0 0 0 0 0 0 0 0 0 8 0 0 0 5 0 23 25 14 0 6 0 0 0 0 12 21 0 -999 
P7161 2025 5 0 17 48 48 50 0 36 0 0 0 20 15 0 0 0 0 16 0 0 0 0 0 0 13 0 0 0 0 0 0 0 
P7161 2025 6 0 0 5 0 26 13 0 0 0 0 0 0 0 6 0 0 0 0 0 0 0 0 0 0 0 0 0 0 0 18 -999 
P7161 2025 7 14 0 0 0 0 0 0 0 0 0 0 0 0 0 0 0 0 0 0 0 0 13 0 0 0 0 0 0 0 0 0 
P7161 2025 8 0 0 5 0 0 0 0 0 0 0 0 0 0 0 0 0 0 0 0 0 0 0 0 0 0 4 0 0 0 0 0 
P7161 2025 9 0 0 0 0 0 0 0 0 0 0 0 0 0 0 0 0 0 0 0 0 0 0 0 0 0 0 0 0 11 6 -999 
P7161 2025 10 7 8 7 8 0 15 0 29 0 0 0 8 0 0 0 0 0 0 0 7 0 0 0 23 42 50 44 0 29 0 22 
P7161 2025 11 0 0 0 0 0 3 10 9 0 17 0 0 0 0 13 39 0 0 0 0 0 0 28 36 0 0 0 0 0 5 -999 
P7161 2025 12 10 40 56 0 17 24 63 62 12 0 0 0 0 8 0 0 9 0 0 10 13 0 16 0 45 0 0 0 0 39 0 
P7161 2026 1 0 27 0 14 0 25 0 0 0 20 41 140 165 0 0 141 162 113 0 0 0 0 16 0 0 0 42 0 13 0 1 
P7161 2026 2 0 0 51 19 13 0 0 1 4 14 0 0 0 0 0 8 12 26 77 90 57 68 52 0 15 0 2 0 -999 -999 -999 
P7161 2026 3 0 0 0 0 0 0 0 0 4 0 0 4 4 0 0 0 5 0 15 25 54 106 0 14 0 0 0 5 0 0 0 
P7161 2026 4 0 6 0 0 16 35 0 0 63 0 118 56 54 31 18 0 0 5 0 0 15 0 0 0 0 0 48 58 0 0 -999 
P7161 2026 5 0 0 0 0 0 0 13 0 0 0 0 0 0 0 0 0 0 27 19 0 0 0 0 0 0 0 0 0 0 0 0 
P7161 2026 6 0 0 0 0 0 0 0 0 0 0 0 0 0 0 0 0 0 0 0 0 0 0 0 0 0 0 4 0 0 0 -999 
P7161 2026 7 0 0 0 0 0 0 0 0 0 0 0 0 0 0 0 0 0 0 0 0 0 0 0 0 0 0 0 0 0 0 0 
P7161 2026 8 0 0 0 0 5 0 0 0 13 0 0 0 0 0 0 0 5 0 0 0 13 0 30 0 0 0 0 0 0 0 7 
P7161 2026 9 0 14 0 0 8 0 6 14 0 0 12 0 0 0 0 0 0 0 0 0 0 13 0 7 0 22 0 0 18 8 -999 
P7161 2026 10 8 11 0 0 16 0 40 0 0 17 35 57 20 42 0 0 0 2 0 0 0 0 87 0 41 0 9 0 52 62 108 
P7161 2026 11 47 0 0 0 20 25 0 10 0 95 90 27 0 20 13 0 0 9 0 0 0 0 0 7 0 0 0 31 31 6 -999 
P7161 2026 12 0 0 0 0 30 22 0 0 53 54 0 15 0 42 65 60 100 97 61 0 0 24 0 0 0 0 0 21 13 0 0 
P7161 2027 1 0 46 84 104 0 65 0 88 0 26 0 0 0 4 0 21 10 10 47 82 29 16 0 0 8 0 0 21 0 0 0 
P7161 2027 2 0 14 0 0 0 0 10 0 0 0 0 26 58 132 71 220 0 118 56 9 0 31 52 47 74 66 0 49 -999 -999 -999 
P7161 2027 3 0 56 28 53 65 66 72 0 0 21 1 0 0 0 34 0 50 0 0 26 17 27 21 0 23 43 67 67 13 17 33 
P7161 2027 4 0 75 60 82 33 22 37 0 0 25 0 0 0 0 53 105 98 110 0 59 0 28 36 35 33 0 8 0 12 0 -999 
P7161 2027 5 26 0 30 0 48 0 0 0 0 0 0 0 0 0 9 0 0 0 0 0 0 23 0 0 51 55 0 14 13 0 0 
P7161 2027 6 0 0 24 23 22 12 0 0 0 0 0 0 0 0 0 0 0 0 10 0 0 0 0 0 0 0 0 0 0 0 -999 
P7161 2027 7 0 0 14 0 0 0 0 0 6 13 0 0 0 0 0 0 0 0 0 0 0 0 0 0 0 0 0 0 0 3 6 
P7161 2027 8 0 0 0 0 0 0 0 0 0 0 0 20 0 0 0 0 8 0 0 0 0 0 0 0 0 0 0 0 8 0 0 
P7161 2027 9 0 0 0 0 0 0 0 0 0 0 0 11 0 0 8 0 0 0 0 0 0 0 0 0 0 0 12 0 0 0 -999 
P7161 2027 10 0 0 0 0 0 0 0 0 0 0 0 1 0 0 0 7 0 0 0 0 20 30 0 0 21 0 0 0 27 12 10 
P7161 2027 11 22 81 180 108 0 0 0 0 0 0 0 29 73 94 76 0 11 0 0 0 0 28 90 99 87 41 71 66 102 113 -999 
P7161 2027 12 0 25 0 0 0 116 146 111 50 54 0 24 13 0 54 35 0 23 0 0 0 0 0 0 0 6 0 0 15 0 0 
P7161 2028 1 23 41 0 8 8 12 30 0 117 115 26 59 100 143 129 15 0 5 0 5 0 0 0 3 0 0 0 0 0 0 0 
P7161 2028 2 0 0 0 0 10 3 0 0 0 0 4 0 0 0 0 0 0 7 0 0 0 18 15 0 15 57 73 52 -999 -999 -999 
P7161 2028 3 53 57 0 0 0 0 0 8 0 0 0 17 0 0 19 24 23 16 7 0 0 0 21 0 0 0 0 3 6 0 0 
P7161 2028 4 6 0 0 0 0 22 0 0 0 31 25 17 10 0 0 0 2 0 0 0 0 0 8 0 0 0 12 0 31 0 -999 
P7161 2028 5 0 0 0 0 6 0 8 10 9 0 0 8 0 0 0 0 0 0 9 0 0 0 0 0 21 0 0 0 0 8 0 
P7161 2028 6 0 22 0 0 0 0 0 0 26 0 0 0 0 0 0 0 0 0 0 0 0 0 0 10 0 0 0 12 0 0 -999 
P7161 2028 7 0 0 0 14 0 0 0 0 0 0 0 0 0 0 0 0 0 0 0 0 5 13 0 0 19 0 5 0 0 0 0 
P7161 2028 8 0 0 0 0 0 0 0 0 0 0 0 0 0 0 0 0 0 0 0 0 0 0 8 0 0 0 0 0 0 0 0 
P7161 2028 9 0 0 27 0 0 0 13 0 0 0 12 0 0 0 0 0 0 0 3 4 0 0 0 0 0 0 0 7 0 0 -999 
P7161 2028 10 0 0 0 12 15 5 0 13 10 0 23 0 0 0 0 0 13 0 0 57 26 0 0 0 0 5 0 0 10 28 64 
P7161 2028 11 61 25 11 0 0 0 72 50 38 59 20 0 0 16 43 52 0 0 0 3 0 0 0 0 0 0 0 0 0 0 -999 
P7161 2028 12 15 0 29 39 47 48 0 0 0 0 0 0 0 0 8 0 0 0 42 48 69 23 83 0 22 0 12 0 17 0 0 
P7161 2029 1 7 38 72 5 28 104 190 0 10 0 0 18 35 0 62 0 28 0 30 52 0 0 0 26 0 101 117 50 0 0 0 
P7161 2029 2 0 16 15 8 0 0 6 0 0 16 15 0 3 1 0 0 0 0 2 0 22 31 31 23 10 0 67 0 -999 -999 -999 
P7161 2029 3 0 0 0 0 0 0 0 0 0 0 0 0 0 19 19 0 0 0 27 0 18 26 42 35 10 0 0 0 0 0 0 
P7161 2029 4 6 0 0 0 18 20 19 0 0 0 20 26 0 16 0 0 0 0 0 0 0 6 0 0 15 0 0 0 0 0 -999 
P7161 2029 5 0 0 0 0 15 7 1 0 3 0 0 2 0 0 7 0 0 0 0 0 0 0 0 0 0 0 0 0 0 0 0 
P7161 2029 6 0 0 27 0 26 21 0 0 0 0 0 0 0 0 0 12 0 0 11 0 0 23 21 0 0 0 0 0 0 0 -999 
P7161 2029 7 0 0 0 0 0 0 0 0 0 0 0 0 0 0 0 0 0 0 0 0 0 0 0 0 0 0 6 0 0 0 0 
P7161 2029 8 0 0 28 0 0 0 0 0 0 0 0 0 0 6 0 0 0 0 0 0 9 0 0 0 0 0 0 0 0 0 0 
P7161 2029 9 11 0 26 0 16 0 0 0 0 3 0 0 0 0 0 0 0 0 18 0 0 37 55 0 0 0 0 60 58 48 -999 
P7161 2029 10 81 0 0 0 2 0 0 0 0 0 0 0 0 0 0 0 0 0 33 7 0 0 0 27 15 0 0 13 0 0 41 
P7161 2029 11 0 28 66 115 49 79 38 0 143 0 29 0 0 0 10 0 0 0 0 20 0 17 22 29 10 0 0 34 100 47 -999 
P7161 2029 12 10 14 0 9 0 10 0 0 0 0 0 0 0 5 0 14 0 0 21 0 6 11 5 0 4 0 0 0 0 29 152 
P7161 2030 1 110 39 0 0 63 42 94 27 42 0 0 20 6 0 0 0 0 0 3 0 0 0 4 0 0 19 14 32 120 135 116 
P7161 2030 2 182 130 92 20 11 51 82 83 70 84 109 53 0 25 0 71 18 0 53 33 0 10 20 23 0 0 31 0 -999 -999 -999 
P7161 2030 3 0 0 0 0 0 0 115 39 0 44 0 0 0 0 0 0 0 0 0 0 13 58 0 8 0 0 3 0 0 0 1 
P7161 2030 4 0 0 0 0 18 0 23 0 7 0 0 0 0 78 0 85 109 216 57 37 57 88 44 0 0 50 0 0 0 5 -999 
P7161 2030 5 3 0 0 0 0 0 0 0 0 0 0 15 51 0 0 40 0 0 20 0 0 0 0 0 0 0 0 13 0 27 0 
P7161 2030 6 37 0 22 0 0 0 0 0 18 0 0 0 0 0 0 8 0 0 0 0 0 0 0 0 0 0 0 0 0 0 -999 
P7161 2030 7 0 0 0 0 11 0 0 0 0 0 0 0 0 0 0 0 0 0 0 0 0 0 0 0 0 0 0 0 0 0 0 
P7161 2030 8 0 0 0 0 0 0 0 0 0 0 0 0 12 0 0 0 0 0 0 0 0 0 0 0 0 0 0 0 0 4 0 
P7161 2030 9 5 0 6 0 0 12 0 0 9 0 0 0 0 0 5 0 0 23 10 0 0 12 0 0 11 0 0 6 3 5 -999 
P7161 2030 10 0 0 0 22 0 0 0 0 0 53 0 44 0 10 0 0 0 21 0 0 0 0 24 24 0 11 0 13 0 0 30 
P7161 2030 11 35 27 66 73 161 107 44 0 0 0 0 0 0 0 0 0 37 49 0 0 0 0 0 0 2 9 28 16 26 113 -999 
P7161 2030 12 133 40 62 46 87 92 56 40 41 0 54 77 30 24 47 0 11 0 0 0 0 0 34 0 18 0 0 0 0 0 0 
P7161 2031 1 0 0 2 0 0 0 29 0 0 0 0 0 63 120 0 23 0 0 30 0 0 31 34 0 40 30 0 23 44 50 52 
P7161 2031 2 35 0 0 26 0 60 0 15 40 79 54 0 0 1 0 0 0 74 34 25 0 64 0 0 1 0 0 30 -999 -999 -999 
P7161 2031 3 0 39 37 21 17 0 27 14 24 0 37 27 34 73 54 43 48 50 51 26 49 0 0 0 27 50 0 45 0 35 0 
P7161 2031 4 35 0 30 44 85 96 0 0 0 0 0 6 0 19 0 9 36 0 0 18 0 30 17 0 35 32 0 0 19 0 -999 
P7161 2031 5 21 16 0 5 18 0 41 48 12 0 19 0 25 38 0 18 0 0 0 0 0 0 0 11 0 0 0 0 0 0 3 
P7161 2031 6 0 0 0 4 0 0 0 0 0 0 10 0 0 0 0 0 12 21 0 20 0 24 14 0 4 0 0 0 0 0 -999 
P7161 2031 7 0 6 10 17 0 0 0 0 0 0 0 0 12 0 0 0 0 0 0 0 0 11 0 0 0 0 0 10 0 0 5 
P7161 2031 8 0 0 0 0 0 0 0 0 0 0 0 0 0 0 9 0 0 0 0 28 19 3 0 0 0 0 6 0 3 0 4 
P7161 2031 9 0 0 0 0 0 0 9 0 0 0 57 55 19 0 2 0 0 0 15 0 0 0 7 0 0 7 0 0 33 0 -999 
P7161 2031 10 6 0 0 0 7 4 0 0 21 0 25 0 0 19 0 49 19 0 7 23 36 27 0 64 0 17 44 90 41 40 103 
P7161 2031 11 45 29 0 0 0 0 0 3 11 0 0 0 68 43 0 115 26 0 12 8 3 0 7 0 0 18 42 54 0 35 -999 
P7161 2031 12 52 129 117 0 65 29 20 0 0 0 0 0 0 12 0 0 0 2 0 2 0 0 5 20 20 18 20 12 10 26 52 
P7161 2032 1 78 117 27 0 0 138 45 53 97 0 6 4 0 0 0 0 0 94 78 13 0 0 0 0 0 6 0 0 34 63 0 
P7161 2032 2 116 123 0 33 86 0 0 0 0 0 0 0 0 0 0 0 0 2 0 0 0 0 0 0 0 0 0 0 -999 -999 -999 
P7161 2032 3 0 0 0 0 0 40 0 0 4 4 0 0 0 0 1 0 0 3 0 14 15 0 15 20 0 35 32 0 9 22 0 
P7161 2032 4 0 15 80 120 70 0 48 29 0 16 0 20 0 22 0 15 28 46 0 23 99 138 154 45 0 6 0 0 61 40 -999 
P7161 2032 5 0 0 0 39 39 47 53 0 40 0 26 0 0 0 0 0 0 50 0 0 31 0 0 0 0 7 0 7 3 5 13 
P7161 2032 6 0 0 13 15 28 0 16 0 0 13 0 0 0 6 0 4 0 7 0 0 0 0 0 0 0 0 41 33 0 23 -999 
P7161 2032 7 0 0 0 0 12 0 0 0 0 0 0 0 0 4 0 0 0 0 0 0 0 0 7 0 0 0 0 0 11 0 0 
P7161 2032 8 0 0 0 0 0 0 0 0 0 0 0 0 0 0 0 0 0 0 0 6 0 7 13 0 0 0 0 4 0 0 0 
P7161 2032 9 0 0 0 0 5 0 0 13 0 0 0 0 0 0 0 16 0 4 0 13 0 0 0 0 0 0 0 10 0 0 -999 
P7161 2032 10 0 0 0 0 8 6 2 0 5 0 20 20 0 0 0 25 0 28 90 0 84 96 17 0 0 10 0 0 0 0 0 
P7161 2032 11 0 0 0 63 101 68 68 64 0 10 0 30 89 0 4 39 29 53 70 93 61 31 46 87 0 46 53 48 28 0 -999 
P7161 2032 12 0 0 5 9 0 42 0 43 67 108 0 0 0 0 0 0 1 0 0 0 0 0 0 4 7 5 0 0 16 0 139 
P7161 2033 1 63 38 12 0 0 31 29 0 0 0 0 0 0 0 0 4 0 0 0 0 0 0 0 5 0 5 14 15 9 1 0 
P7161 2033 2 0 4 11 0 3 0 14 0 0 0 8 12 15 23 60 142 175 92 84 131 143 124 67 59 0 38 37 0 -999 -999 -999 
P7161 2033 3 13 0 0 12 0 0 6 0 19 25 0 16 25 30 0 13 0 41 62 100 64 40 75 0 91 0 0 0 0 12 0 
P7161 2033 4 139 27 0 0 36 0 12 0 20 17 9 0 0 0 0 12 0 0 76 81 0 22 22 30 72 0 0 0 0 0 -999 
P7161 2033 5 3 1 0 0 0 0 0 0 0 19 0 0 0 0 0 0 15 0 0 0 0 18 0 18 19 0 0 0 0 0 0 
P7161 2033 6 0 0 18 0 0 0 0 0 0 29 0 15 0 0 0 0 0 0 0 0 14 10 0 0 0 0 0 0 0 0 -999 
P7161 2033 7 0 0 0 0 9 24 0 0 0 0 0 0 0 10 9 0 7 9 0 0 19 0 0 0 0 0 0 0 0 12 0 
P7161 2033 8 0 0 0 0 0 0 0 0 0 0 0 0 0 0 4 0 0 0 6 0 0 0 4 0 0 0 0 19 0 0 0 
P7161 2033 9 4 0 0 0 0 0 0 29 0 0 0 0 0 0 0 5 8 0 9 0 0 8 0 0 4 0 5 0 0 0 -999 
P7161 2033 10 0 23 0 40 0 0 0 0 0 0 8 0 0 26 0 43 75 52 111 0 0 0 0 0 38 26 0 0 16 51 72 
P7161 2033 11 61 0 99 141 0 120 107 77 0 15 0 0 0 0 143 79 5 0 0 0 0 0 0 0 12 0 0 0 0 0 -999 
P7161 2033 12 35 53 109 88 0 48 76 45 43 21 0 0 8 1 5 0 0 0 0 0 0 0 20 22 0 7 15 25 23 17 19 
P7161 2034 1 6 3 0 0 0 0 0 0 0 0 0 0 0 0 0 0 0 0 0 0 0 20 32 100 84 112 0 0 0 0 0 
P7161 2034 2 0 0 0 0 7 21 32 0 54 0 0 19 5 0 0 3 0 51 183 63 0 0 0 0 13 0 0 0 -999 -999 -999 
P7161 2034 3 20 0 0 0 0 0 13 0 0 0 0 25 0 0 0 0 0 0 0 0 0 0 0 0 11 26 43 25 53 51 21 
P7161 2034 4 26 0 0 93 129 26 0 0 0 46 48 0 25 44 52 0 30 0 17 28 63 98 89 34 0 0 0 0 0 0 -999 
P7161 2034 5 0 0 0 0 0 0 0 0 0 0 0 0 0 0 0 10 0 12 0 0 27 0 0 0 16 12 0 0 0 20 0 
P7161 2034 6 16 38 0 0 12 0 0 0 0 0 5 0 0 0 0 0 0 0 0 28 0 10 0 0 0 0 0 0 0 0 -999 
P7161 2034 7 0 0 0 0 2 0 0 0 0 0 0 0 0 0 0 0 0 0 4 0 0 0 0 0 0 0 0 0 0 0 0 
P7161 2034 8 0 0 0 0 0 0 0 0 0 0 0 0 0 0 0 0 0 0 0 0 0 0 0 0 0 0 12 13 0 0 0 
P7161 2034 9 0 0 2 0 0 0 0 0 0 0 0 0 6 0 0 0 0 0 0 0 0 0 0 0 0 0 11 0 0 0 -999 
P7161 2034 10 2 0 0 0 0 0 3 0 0 1 0 0 0 0 0 34 12 0 3 14 0 10 31 5 0 0 0 14 0 16 0 
P7161 2034 11 0 9 19 28 52 0 0 0 0 0 0 0 0 14 0 0 11 6 0 0 0 10 11 13 22 0 0 0 0 30 -999 
P7161 2034 12 0 21 0 0 0 0 8 0 0 0 0 0 0 0 0 26 0 0 10 17 0 22 51 133 150 121 111 0 35 73 47 
P7161 2035 1 39 48 66 68 54 86 48 26 0 0 0 0 0 2 0 0 1 0 0 9 8 0 0 0 0 0 22 42 31 0 0 
P7161 2035 2 0 0 0 28 28 0 0 0 0 0 20 0 0 8 0 8 10 0 21 30 23 15 50 67 0 0 0 30 -999 -999 -999 
P7161 2035 3 31 61 0 0 0 0 0 0 0 0 0 17 0 42 0 0 28 0 13 0 7 0 6 0 0 19 22 0 103 35 52 
P7161 2035 4 0 0 0 0 48 69 40 67 36 0 0 0 0 0 0 0 0 0 32 0 0 36 58 45 0 0 0 44 66 53 -999 
P7161 2035 5 0 28 0 0 13 0 0 26 11 0 0 0 0 0 0 0 0 7 0 3 0 0 0 11 0 0 0 0 0 0 0 
P7161 2035 6 0 0 0 0 0 0 0 0 0 0 0 0 0 0 0 0 0 0 0 0 0 0 0 0 0 0 0 0 0 0 -999 
P7161 2035 7 0 0 0 0 1 0 0 33 0 0 0 7 0 0 8 3 0 0 0 0 0 0 6 0 0 0 0 0 0 0 0 
P7161 2035 8 0 20 32 0 0 0 0 0 0 0 0 0 8 0 0 0 9 0 0 0 0 0 0 3 0 0 3 0 0 0 35 
P7161 2035 9 0 3 0 3 0 0 3 0 0 9 0 0 0 0 0 0 0 0 0 0 0 9 0 0 0 0 0 23 0 32 -999 
P7161 2035 10 0 17 5 0 0 0 0 0 0 0 57 64 35 43 101 22 0 0 0 70 90 0 0 0 13 0 0 7 7 0 0 
P7161 2035 11 0 40 0 0 8 0 0 0 0 0 2 0 0 0 7 0 10 5 0 0 0 0 2 2 0 0 0 0 1 0 -999 
P7161 2035 12 0 0 0 0 0 0 0 0 0 0 0 11 0 0 45 60 43 88 0 20 20 0 0 39 35 34 0 10 0 51 112 
P7161 2036 1 135 66 0 40 84 112 66 74 77 126 74 0 76 19 0 0 0 0 59 0 38 23 0 0 0 0 13 11 14 0 0 
P7161 2036 2 9 0 71 0 7 0 0 8 10 0 0 0 0 16 0 7 10 0 0 0 0 0 0 0 0 8 0 0 -999 -999 -999 
P7161 2036 3 94 72 22 0 19 0 0 0 13 0 0 0 15 0 40 23 0 0 42 0 19 28 0 51 108 102 83 52 0 29 29 
P7161 2036 4 154 18 19 39 0 0 0 0 0 33 52 62 28 0 0 0 0 0 0 0 0 0 7 0 0 0 0 0 0 0 -999 
P7161 2036 5 0 0 10 22 33 13 0 12 21 0 0 0 0 0 0 0 0 45 64 40 84 81 0 0 0 0 0 0 0 0 0 
P7161 2036 6 0 0 0 3 0 0 0 0 0 0 0 0 31 25 25 0 0 0 0 0 10 0 0 0 0 0 0 0 0 9 -999 
P7161 2036 7 0 10 18 0 0 0 0 0 0 0 0 0 0 0 0 0 0 0 0 0 0 0 0 0 0 0 0 5 0 0 0 
P7161 2036 8 0 0 0 0 0 0 0 0 0 0 0 0 0 0 0 0 0 10 0 0 0 0 0 0 0 0 0 0 0 4 0 
P7161 2036 9 0 0 0 0 0 0 0 0 0 0 0 0 0 0 0 0 0 0 0 5 0 0 0 24 0 0 0 0 0 28 -999 
P7161 2036 10 0 0 0 0 25 51 0 0 0 83 0 0 32 66 51 0 12 17 0 0 0 4 0 0 0 0 3 0 0 0 0 
P7161 2036 11 0 0 0 0 25 0 0 43 27 25 13 6 7 0 0 15 0 3 0 0 0 0 0 26 0 0 0 0 13 0 -999 
P7161 2036 12 9 0 0 2 0 0 0 0 8 0 0 27 21 0 13 0 9 8 0 0 13 0 16 7 7 0 0 0 58 152 128 
P7161 2037 1 66 63 53 0 0 0 0 0 0 14 15 27 31 54 61 123 89 56 67 0 0 0 20 0 1 1 0 7 0 6 0 
P7161 2037 2 0 4 0 0 6 0 0 13 0 0 0 0 24 14 0 13 13 43 62 48 28 0 19 0 14 0 18 20 -999 -999 -999 
P7161 2037 3 21 25 37 58 69 43 65 93 72 23 0 0 5 0 0 0 0 0 0 29 0 114 88 97 58 153 90 50 49 14 0 
P7161 2037 4 0 0 0 11 11 0 0 0 0 8 0 17 68 62 0 0 0 0 7 0 0 0 59 67 50 44 0 0 0 10 -999 
P7161 2037 5 12 0 22 0 0 81 69 0 11 8 0 0 2 0 0 0 0 0 0 0 6 4 8 8 0 5 0 0 0 0 11 
P7161 2037 6 0 19 0 0 0 0 0 22 13 0 0 0 7 4 0 0 0 0 0 0 0 0 0 0 0 0 0 0 0 0 -999 
P7161 2037 7 0 0 0 0 0 0 0 6 0 0 0 0 0 7 0 0 2 0 0 0 0 0 4 0 0 0 0 0 0 12 0 
P7161 2037 8 0 0 0 0 0 0 0 0 0 0 0 0 0 0 0 0 7 0 0 0 0 0 0 0 6 0 0 0 0 0 0 
P7161 2037 9 0 5 0 0 0 0 0 0 0 0 0 0 0 0 0 0 0 0 0 3 0 4 0 0 0 0 0 6 0 0 -999 
P7161 2037 10 0 0 0 0 27 28 0 0 0 0 0 0 0 0 0 0 0 0 0 11 0 0 15 26 0 0 0 2 0 0 13 
P7161 2037 11 51 53 0 0 9 20 0 0 0 7 0 0 16 0 0 59 0 12 0 0 0 0 0 0 0 0 31 23 26 37 -999 
P7161 2037 12 32 24 88 95 116 134 83 22 25 0 49 0 17 0 0 0 0 0 0 43 0 0 25 0 0 0 0 0 0 0 0 
P7161 2038 1 0 0 0 0 0 0 0 0 0 0 0 151 82 0 0 48 0 38 12 36 0 0 0 0 0 0 0 0 15 25 43 
P7161 2038 2 0 0 0 25 39 0 10 0 15 0 0 0 0 0 0 11 0 0 0 0 0 12 17 31 64 0 0 7 -999 -999 -999 
P7161 2038 3 0 0 19 42 20 28 21 27 19 0 24 42 26 21 25 60 77 42 0 0 46 58 0 45 16 90 74 26 39 0 0 
P7161 2038 4 0 0 52 0 0 0 0 0 0 13 0 16 0 0 0 24 0 10 5 0 0 73 17 0 13 15 0 19 13 0 -999 
P7161 2038 5 0 0 0 0 0 0 3 0 0 17 0 15 0 0 21 18 0 0 0 0 8 0 0 0 0 0 9 6 10 0 0 
P7161 2038 6 11 0 5 0 0 0 0 0 0 0 0 23 0 0 11 0 0 0 0 0 12 0 0 0 0 0 0 0 0 0 -999 
P7161 2038 7 0 0 0 18 0 0 0 0 0 14 0 0 0 0 0 0 0 0 0 0 0 0 0 0 0 0 0 0 0 17 0 
P7161 2038 8 0 0 0 0 0 0 0 0 3 5 0 0 0 0 0 9 0 0 0 0 0 0 0 0 0 0 6 0 0 6 0 
P7161 2038 9 0 0 0 0 0 0 0 0 0 0 6 0 0 0 0 0 0 0 0 12 0 0 0 0 0 0 0 0 0 0 -999 
P7161 2038 10 0 0 0 0 0 0 0 0 0 0 0 21 0 9 0 0 0 0 54 43 0 0 0 0 0 0 0 0 19 0 0 
P7161 2038 11 0 13 44 39 105 86 0 23 13 17 0 114 0 0 0 46 21 40 67 20 0 0 9 0 0 0 87 0 94 32 -999 
P7161 2038 12 0 0 0 0 0 0 0 0 37 21 11 1 0 0 0 0 0 0 0 0 0 7 0 21 0 0 29 51 36 0 0 
P7161 2039 1 0 0 0 51 137 0 0 8 0 13 36 97 97 40 0 102 117 60 154 133 59 29 27 57 124 186 200 81 22 0 0 
P7161 2039 2 2 0 0 5 0 0 0 0 0 0 0 0 0 0 29 0 19 11 5 15 65 90 99 52 22 0 46 0 -999 -999 -999 
P7161 2039 3 30 0 0 27 0 0 0 0 23 41 0 0 59 10 9 43 0 39 0 105 90 26 0 0 0 19 0 2 0 3 2 
P7161 2039 4 2 0 0 0 0 14 0 0 0 0 0 0 10 6 0 0 9 0 6 0 8 0 1 0 0 0 15 0 0 29 -999 
P7161 2039 5 41 28 31 29 0 0 0 10 25 73 0 26 0 0 0 21 0 5 0 21 0 13 10 0 0 29 0 0 0 0 0 
P7161 2039 6 14 0 18 0 0 0 13 0 54 27 0 0 0 0 0 0 35 38 0 0 0 0 0 0 0 0 0 0 0 0 -999 
P7161 2039 7 0 0 9 0 0 0 0 0 0 0 0 0 0 0 0 0 0 5 0 0 0 0 0 0 0 0 0 0 0 0 0 
P7161 2039 8 0 0 5 0 0 0 7 0 0 0 0 0 0 0 0 11 21 0 0 0 0 0 0 0 0 0 0 0 11 0 0 
P7161 2039 9 0 0 0 0 12 0 0 0 0 0 0 10 0 0 0 14 0 0 27 0 0 0 0 7 0 0 0 0 0 17 -999 
P7161 2039 10 0 0 0 0 1 0 0 0 0 32 13 9 0 5 0 6 0 0 35 67 0 47 44 73 76 0 0 53 54 0 0 
P7161 2039 11 77 24 0 0 0 0 6 10 0 0 0 0 0 0 0 0 19 0 14 35 51 0 0 0 0 0 0 77 75 61 -999 
P7161 2039 12 39 11 0 0 24 0 0 5 0 0 0 0 0 39 55 26 54 173 0 26 26 20 0 0 0 0 39 0 0 0 0 
P7161 2040 1 0 0 0 0 0 0 0 0 0 0 4 0 5 1 0 14 0 13 29 104 8 0 0 0 1 0 0 6 0 32 122 
P7161 2040 2 59 24 82 105 77 8 0 9 0 0 38 36 41 149 160 97 0 124 123 68 30 48 102 0 50 61 42 0 -999 -999 -999 
P7161 2040 3 0 0 0 78 42 0 33 36 46 0 0 0 0 6 0 20 22 14 0 0 2 0 5 4 0 8 13 0 0 0 17 
P7161 2040 4 43 35 34 37 49 45 0 0 14 0 14 0 16 0 42 13 0 0 0 10 0 0 4 0 34 33 0 9 0 0 -999 
P7161 2040 5 0 0 0 0 0 49 29 11 0 0 0 0 0 0 36 0 0 0 0 0 3 0 0 0 0 0 0 0 0 0 0 
P7161 2040 6 0 16 0 0 12 0 0 0 10 20 0 0 0 20 0 0 0 0 0 0 23 9 0 0 0 0 0 0 0 0 -999 
P7161 2040 7 0 0 0 0 0 0 11 0 0 0 0 0 0 0 0 0 0 0 0 10 0 0 0 0 0 0 0 0 0 0 0 
P7161 2040 8 0 0 0 0 0 0 0 0 0 0 0 6 0 0 0 0 0 0 0 0 0 0 0 0 0 6 0 0 0 0 0 
P7161 2040 9 0 11 0 0 0 0 0 0 0 0 17 0 0 0 11 51 0 0 9 24 0 15 0 0 0 0 0 0 0 0 -999 
P7161 2040 10 0 0 0 0 0 0 0 61 34 27 0 22 0 0 13 0 78 94 0 0 0 0 0 0 31 6 0 0 0 3 0 
P7161 2040 11 0 11 0 0 0 9 21 33 0 6 14 11 47 123 76 117 66 22 23 0 4 0 26 0 15 17 18 26 17 0 -999 
P7161 2040 12 0 4 0 0 0 0 0 0 20 19 0 20 0 0 0 0 0 1 0 0 0 0 0 0 0 3 0 0 0 0 9 
P7161 2041 1 0 0 0 28 32 23 10 0 7 17 30 0 0 0 25 0 0 10 0 0 4 18 0 52 32 32 136 39 0 102 0 
P7161 2041 2 11 0 0 0 0 0 0 22 47 70 54 44 26 28 65 78 0 0 0 23 38 0 0 0 0 0 0 0 -999 -999 -999 
P7161 2041 3 0 0 5 0 0 18 0 24 0 8 0 9 4 4 0 1 0 0 0 2 0 0 0 0 0 0 5 15 0 0 7 
P7161 2041 4 0 20 0 0 0 8 14 20 0 0 0 0 16 0 0 0 2 0 0 0 0 0 0 0 0 0 0 0 0 0 -999 
P7161 2041 5 0 0 0 32 0 38 34 17 22 22 30 0 13 0 0 0 27 0 45 0 0 0 0 0 0 0 0 0 0 12 0 
P7161 2041 6 0 0 0 0 0 0 0 0 0 20 0 37 0 0 6 2 0 0 0 0 0 0 0 0 7 0 0 22 0 0 -999 
P7161 2041 7 0 0 0 0 0 0 0 0 0 0 0 0 28 15 0 0 0 0 0 0 0 0 0 0 14 0 0 0 0 0 0 
P7161 2041 8 0 0 0 8 0 9 0 0 0 8 0 0 0 0 0 0 0 0 10 0 0 0 0 0 0 0 0 0 0 0 0 
P7161 2041 9 0 0 0 6 0 0 0 0 0 0 0 0 5 0 0 0 0 0 0 0 11 0 0 0 0 15 0 0 0 0 -999 
P7161 2041 10 6 0 0 0 0 0 0 7 0 0 0 0 0 10 0 0 0 11 0 0 11 0 37 0 36 0 0 19 0 0 0 
P7161 2041 11 0 87 0 17 5 7 8 0 0 0 0 5 6 0 0 0 10 0 0 0 0 0 0 21 41 28 0 15 16 0 -999 
P7161 2041 12 49 75 97 0 14 0 0 58 59 0 0 0 8 0 13 0 0 6 11 0 0 0 7 0 0 0 14 0 0 48 36 
P7161 2042 1 0 73 115 82 29 0 0 0 16 26 24 10 0 0 0 27 40 49 86 0 3 0 0 51 69 80 121 69 0 0 0 
P7161 2042 2 0 0 0 0 1 0 0 0 0 0 0 14 0 0 0 0 10 0 0 0 0 0 0 22 11 0 0 0 -999 -999 -999 
P7161 2042 3 0 3 0 12 0 0 0 12 24 0 7 7 11 10 0 0 0 39 40 34 63 50 0 0 47 29 0 0 16 5 0 
P7161 2042 4 0 3 0 2 6 11 0 0 0 7 0 0 0 4 13 42 45 32 18 25 18 0 56 9 0 0 0 0 0 55 -999 
P7161 2042 5 42 71 88 75 0 34 0 0 0 68 47 32 70 0 0 0 10 0 0 0 0 0 13 0 0 0 0 0 0 0 0 
P7161 2042 6 0 0 19 0 36 0 34 33 0 0 0 0 0 0 0 0 17 0 25 0 12 0 0 0 0 0 0 0 0 0 -999 
P7161 2042 7 0 0 6 0 0 11 0 0 13 0 0 0 0 0 0 0 0 0 0 0 0 0 0 0 0 0 0 0 0 0 0 
P7161 2042 8 0 0 0 0 0 0 0 0 0 19 0 0 0 12 0 0 0 0 0 0 0 0 0 0 0 0 0 0 0 1 0 
P7161 2042 9 0 39 0 0 12 0 0 0 0 0 0 0 0 0 0 0 0 0 12 0 0 0 0 0 17 15 0 4 5 0 -999 
P7161 2042 10 0 0 0 0 11 10 7 25 0 5 0 0 2 0 4 0 5 0 9 0 0 0 32 0 0 0 0 2 0 0 0 
P7161 2042 11 0 0 0 17 23 32 0 0 25 21 30 71 82 0 11 13 7 7 0 5 15 38 21 13 0 0 0 0 0 0 -999 
P7161 2042 12 0 0 9 31 0 0 31 0 0 0 53 0 0 0 16 12 8 0 64 50 19 27 17 0 0 0 0 35 43 80 24 
P7161 2043 1 0 1 0 0 0 0 0 0 0 22 39 0 22 59 72 65 87 28 0 3 0 0 0 0 0 0 0 0 0 0 0 
P7161 2043 2 0 0 0 0 0 0 1 11 0 92 39 18 14 16 0 0 0 19 0 0 0 12 18 0 0 0 0 14 -999 -999 -999 
P7161 2043 3 0 14 4 0 0 0 8 8 6 18 0 45 50 92 0 79 90 0 54 57 25 53 70 82 43 53 17 0 91 120 42 
P7161 2043 4 62 70 76 0 20 40 24 0 0 0 0 0 43 14 6 0 3 0 0 4 0 36 42 7 0 58 45 47 82 0 -999 
P7161 2043 5 0 16 0 0 7 0 4 0 13 13 0 0 24 28 0 40 0 62 57 74 0 0 0 0 4 0 0 0 0 0 0 
P7161 2043 6 0 11 0 0 0 0 0 0 0 0 0 5 0 0 0 0 0 15 0 0 0 0 0 0 0 0 0 0 0 0 -999 
P7161 2043 7 0 0 0 0 5 0 0 0 9 0 0 0 0 0 19 0 0 0 0 0 0 0 0 8 13 25 24 0 0 0 0 
P7161 2043 8 0 0 11 11 0 0 0 0 0 0 0 0 5 0 12 0 0 6 0 0 0 5 0 0 0 0 0 0 0 0 0 
P7161 2043 9 10 0 0 0 0 0 5 0 0 0 0 0 3 3 0 0 0 0 6 0 0 10 0 0 0 0 0 0 0 0 -999 
P7161 2043 10 0 0 0 0 0 0 3 0 6 0 0 0 57 33 17 0 4 0 0 0 15 0 0 0 0 2 0 0 0 16 0 
P7161 2043 11 0 18 18 0 158 48 0 3 0 0 0 0 0 9 0 0 0 0 41 28 101 97 0 33 0 87 56 25 0 19 -999 
P7161 2043 12 8 4 0 75 68 43 0 0 0 0 0 0 0 0 1 0 0 20 0 20 0 2 2 2 0 0 2 0 2 0 0 
P7161 2044 1 0 0 0 1 2 13 0 23 0 23 48 35 21 22 14 17 33 105 60 30 0 18 0 41 0 98 40 16 0 12 0 
P7161 2044 2 25 18 0 76 28 7 0 8 0 35 0 15 0 0 0 20 26 0 8 0 0 0 0 2 0 0 0 0 -999 -999 -999 
P7161 2044 3 13 0 0 0 0 0 0 10 0 0 8 4 0 7 0 19 0 0 0 0 5 4 0 0 0 0 30 36 26 23 21 
P7161 2044 4 0 0 62 39 39 18 20 0 38 0 0 10 7 0 6 0 19 0 0 0 0 0 8 12 0 12 0 0 0 0 -999 
P7161 2044 5 0 0 22 30 25 48 71 45 0 78 65 0 0 28 0 13 14 0 0 18 34 0 0 0 0 0 0 0 0 0 0 
P7161 2044 6 4 0 0 10 4 0 7 0 0 0 0 0 0 0 31 0 0 0 0 0 0 0 16 0 0 0 12 0 0 0 -999 
P7161 2044 7 0 0 0 0 0 5 7 0 0 12 0 0 0 0 0 0 0 0 0 0 0 0 0 0 0 0 0 0 0 0 0 
P7161 2044 8 0 0 0 0 0 0 0 0 0 0 0 8 0 0 0 15 0 9 0 0 0 0 0 0 0 0 0 0 29 11 0 
P7161 2044 9 0 0 0 0 9 0 0 0 0 0 0 0 7 0 0 0 0 0 10 0 0 0 0 16 0 0 0 4 0 0 -999 
P7161 2044 10 0 0 0 0 0 0 0 0 0 0 18 23 7 0 0 0 0 0 0 73 28 0 26 126 93 0 0 0 22 0 0 
P7161 2044 11 0 0 0 0 0 0 11 0 0 0 59 0 105 72 59 58 38 0 0 25 0 35 0 0 0 0 11 14 7 0 -999 
P7161 2044 12 0 0 0 11 0 0 0 0 0 0 0 6 0 0 12 0 31 50 86 76 0 0 0 0 35 71 0 14 14 0 32 
P7161 2045 1 0 48 102 0 0 0 38 85 162 86 0 74 0 0 0 0 22 26 0 0 0 0 0 0 0 0 1 7 8 9 0 
P7161 2045 2 29 0 9 0 15 0 37 8 0 0 0 98 34 0 0 0 0 0 8 0 39 0 22 26 85 141 265 189 -999 -999 -999 
P7161 2045 3 14 0 37 40 0 9 0 49 76 72 61 59 58 44 34 20 0 15 7 0 0 0 0 0 1 0 0 0 0 0 0 
P7161 2045 4 5 0 0 0 0 0 0 11 0 0 15 25 13 50 51 0 0 7 15 0 11 0 0 0 0 0 0 0 0 0 -999 
P7161 2045 5 0 0 0 62 0 0 0 0 1 3 8 0 20 0 0 0 4 0 0 55 0 53 0 0 0 0 0 0 54 0 0 
P7161 2045 6 14 0 9 0 0 0 0 0 0 0 0 0 25 56 0 31 0 0 0 0 0 0 7 0 0 0 0 15 0 0 -999 
P7161 2045 7 0 0 0 0 0 0 0 0 0 0 0 0 0 0 0 0 0 0 0 0 0 0 0 0 0 0 0 0 0 0 0 
P7161 2045 8 0 0 0 0 0 0 0 0 0 0 0 0 10 12 0 0 0 6 10 17 34 11 0 0 0 0 0 0 0 0 0 
P7161 2045 9 0 0 0 0 0 15 0 34 0 0 0 0 13 0 0 0 4 0 0 0 0 6 0 0 0 0 14 0 3 2 -999 
P7161 2045 10 0 0 0 0 0 0 10 11 0 0 0 6 0 21 0 3 5 0 34 33 0 7 2 0 0 0 0 0 0 0 0 
P7161 2045 11 0 28 41 76 31 13 0 0 0 0 0 8 12 0 0 0 19 69 0 9 1 7 0 0 13 20 0 0 0 0 -999 
P7161 2045 12 0 0 0 0 0 0 0 5 15 46 58 2 5 0 0 0 0 0 0 0 4 6 0 98 31 9 10 0 11 9 0 
P7161 2046 1 17 0 14 18 0 0 11 0 18 0 3 0 0 7 9 0 37 139 145 109 79 61 88 86 65 105 66 48 0 76 70 
P7161 2046 2 57 15 18 0 0 0 0 0 0 20 26 34 57 25 51 134 0 145 37 16 0 7 0 17 0 20 45 39 -999 -999 -999 
P7161 2046 3 18 0 37 36 7 0 0 8 0 0 0 1 0 0 0 10 8 0 0 0 0 0 0 0 0 49 26 21 23 17 0 
P7161 2046 4 68 0 0 16 0 17 29 49 68 59 0 23 45 66 62 68 0 0 0 0 21 0 0 46 75 45 40 27 0 0 -999 
P7161 2046 5 0 0 0 0 0 1 2 0 0 0 0 0 0 0 0 0 16 10 24 0 27 0 68 0 85 0 24 11 0 0 29 
P7161 2046 6 0 0 0 0 79 34 0 0 0 0 0 0 0 0 21 42 0 0 0 0 0 0 0 0 0 0 0 0 0 0 -999 
P7161 2046 7 0 0 0 5 0 0 0 0 0 0 0 0 0 0 0 0 0 0 0 0 0 0 0 0 0 0 0 0 0 0 0 
P7161 2046 8 0 0 4 0 0 0 0 0 0 0 0 0 11 0 8 0 0 0 0 9 0 0 0 0 0 0 0 0 0 6 0 
P7161 2046 9 0 0 0 0 19 0 0 0 0 6 0 0 0 0 0 0 0 0 0 0 0 0 8 0 0 0 0 10 18 0 -999 
P7161 2046 10 0 0 0 17 0 13 0 0 0 0 0 0 0 0 0 0 0 21 0 0 0 0 12 0 0 0 0 0 4 3 14 
P7161 2046 11 0 28 56 0 0 8 0 2 0 1 0 0 0 0 0 4 0 0 0 19 9 0 0 26 0 0 0 0 0 0 -999 
P7161 2046 12 0 16 0 0 0 0 0 0 5 0 18 27 0 25 25 29 24 27 21 15 0 0 0 0 12 34 0 0 0 0 0 
P7161 2047 1 27 31 85 82 59 36 0 10 0 32 29 0 0 0 14 0 0 18 13 11 17 14 0 0 3 14 0 37 24 0 0 
P7161 2047 2 57 0 5 12 20 0 0 0 11 10 5 0 0 23 21 0 0 22 24 0 0 43 42 0 0 8 10 0 -999 -999 -999 
P7161 2047 3 0 28 25 0 24 0 25 0 18 0 35 32 0 65 22 37 30 42 9 0 6 0 0 0 8 9 8 0 5 0 0 
P7161 2047 4 21 0 0 0 0 10 4 0 0 0 21 0 0 7 0 0 0 40 26 23 0 31 33 0 33 23 0 26 0 21 -999 
P7161 2047 5 17 0 0 16 0 58 24 0 0 0 0 0 0 0 79 33 0 0 12 20 25 23 33 0 0 8 9 0 5 0 0 
P7161 2047 6 0 0 0 0 0 0 0 0 0 0 0 0 0 0 0 0 0 0 0 0 0 0 0 0 0 0 0 0 0 0 -999 
P7161 2047 7 0 0 6 0 0 0 0 0 0 0 0 0 6 0 0 0 0 0 0 0 0 0 0 0 0 0 0 0 0 15 0 
P7161 2047 8 17 0 0 0 0 0 0 0 0 0 0 0 0 0 0 4 0 0 0 0 9 0 12 0 0 5 16 0 0 0 27 
P7161 2047 9 0 5 0 0 8 11 0 16 0 0 0 0 0 0 0 0 0 0 0 0 0 1 6 0 34 35 0 0 15 0 -999 
P7161 2047 10 37 0 0 68 42 0 0 0 0 17 0 7 21 0 0 0 0 0 0 0 0 0 0 0 25 0 24 23 0 6 11 
P7161 2047 11 0 0 0 0 0 0 0 6 0 12 0 0 0 0 0 0 0 30 53 0 0 0 0 1 0 5 0 51 0 0 -999 
P7161 2047 12 58 74 15 79 242 248 263 0 14 0 0 0 8 17 85 62 0 78 156 90 0 93 0 0 59 31 23 0 31 0 0 
P7161 2048 1 0 0 0 0 0 8 0 0 0 0 0 0 0 0 0 0 0 0 0 6 20 23 0 0 0 77 81 0 1 15 50 
P7161 2048 2 0 27 0 0 10 0 49 110 21 43 0 0 0 0 23 0 0 65 19 7 20 0 0 13 0 18 14 0 -999 -999 -999 
P7161 2048 3 0 0 0 0 0 0 0 0 0 6 10 0 0 7 0 0 16 41 52 49 27 0 0 0 0 17 0 26 26 0 0 
P7161 2048 4 8 0 0 12 35 0 0 58 18 0 0 69 83 0 0 32 78 49 118 124 0 26 0 0 11 23 0 5 0 0 -999 
P7161 2048 5 0 0 0 17 7 0 0 0 6 19 51 36 29 0 7 0 5 0 6 0 0 41 0 0 27 0 0 0 38 0 0 
P7161 2048 6 5 0 0 0 21 0 0 10 0 0 0 0 2 0 0 0 7 0 0 0 0 0 0 0 22 0 0 0 0 0 -999 
P7161 2048 7 0 0 0 0 0 0 0 0 0 0 0 0 0 0 0 0 0 0 0 0 0 0 0 0 10 0 0 0 0 0 10 
P7161 2048 8 0 8 0 0 0 0 0 0 14 0 0 0 13 0 0 0 0 0 0 0 0 0 0 0 0 0 0 0 0 0 1 
P7161 2048 9 0 2 0 0 0 0 0 0 0 0 0 0 0 0 0 0 0 0 0 0 0 0 0 6 4 0 0 0 0 0 -999 
P7161 2048 10 0 0 0 39 0 0 4 0 0 4 0 0 0 32 30 69 0 15 11 0 3 0 0 28 12 14 0 20 32 31 38 
P7161 2048 11 31 31 16 0 0 11 41 0 7 15 0 26 4 0 0 0 64 14 0 0 0 0 0 0 0 6 12 43 137 119 -999 
P7161 2048 12 73 88 119 0 3 0 0 0 0 0 0 0 0 43 22 20 17 0 63 143 39 0 0 0 4 12 0 0 0 0 0 
P7161 2049 1 0 31 16 0 0 17 0 0 5 11 0 0 0 10 0 0 1 0 0 0 0 0 0 0 0 8 0 0 3 0 0 
P7161 2049 2 0 0 0 0 0 26 46 72 0 46 65 143 160 132 67 133 107 95 0 65 115 61 66 219 111 154 85 39 -999 -999 -999 
P7161 2049 3 0 97 114 88 0 0 40 0 0 55 44 0 29 60 24 0 44 0 18 0 0 9 3 4 0 0 0 0 6 16 23 
P7161 2049 4 34 0 0 0 52 25 0 0 6 0 0 5 5 6 0 0 0 0 0 8 0 0 0 0 2 0 0 0 19 0 -999 
P7161 2049 5 26 0 0 9 10 12 19 0 0 0 0 0 0 0 11 0 17 0 0 0 18 0 0 0 0 0 0 0 0 0 0 
P7161 2049 6 0 32 0 0 5 0 0 0 0 0 0 0 0 0 0 3 0 0 0 0 0 0 0 0 0 0 0 13 0 0 -999 
P7161 2049 7 0 0 0 0 0 0 26 0 0 0 0 0 0 0 10 10 0 0 0 4 0 0 0 0 2 0 0 0 0 0 0 
P7161 2049 8 0 0 0 0 0 0 0 0 0 0 0 0 0 0 0 0 0 0 0 0 0 0 0 0 0 0 0 0 0 0 4 
P7161 2049 9 6 7 0 0 0 0 0 0 13 23 0 10 4 0 0 4 0 0 0 0 11 4 5 0 0 0 0 10 0 9 -999 
P7161 2049 10 0 0 0 0 0 0 7 0 0 22 0 0 21 0 48 73 25 0 0 12 0 10 0 43 36 41 74 0 0 0 0 
P7161 2049 11 0 0 0 21 0 40 93 129 89 8 4 0 0 0 0 3 0 0 10 0 0 0 0 0 0 0 0 0 53 0 -999 
P7161 2049 12 0 0 0 0 5 13 0 0 10 0 0 3 8 0 97 88 0 0 0 0 2 0 15 25 35 36 0 5 8 0 0 
P7161 2050 1 0 8 0 0 0 0 0 5 0 41 130 98 115 118 58 111 0 123 18 0 0 12 22 0 26 0 0 9 0 13 0 
P7161 2050 2 0 0 0 0 0 0 0 24 34 0 3 0 0 0 0 0 3 0 5 0 0 0 0 0 0 0 8 6 -999 -999 -999 
P7161 2050 3 0 0 0 0 0 0 0 0 0 0 0 0 7 16 0 0 12 0 27 0 21 23 63 75 0 0 8 26 0 0 0 
P7161 2050 4 0 0 0 13 0 16 0 0 12 0 74 95 0 0 0 17 50 31 33 55 35 81 36 0 31 31 0 0 0 0 -999 
P7161 2050 5 0 0 18 28 32 0 0 0 18 57 0 22 27 0 0 0 0 0 5 0 10 27 0 0 0 0 0 38 29 0 0 
P7161 2050 6 0 0 0 0 0 0 4 0 0 7 0 0 0 0 14 0 0 0 0 6 0 0 2 0 0 0 0 0 0 0 -999 
P7161 2050 7 0 0 0 0 0 0 0 0 0 0 0 0 0 0 23 0 11 0 0 0 0 0 0 0 0 0 6 0 21 0 0 
P7161 2050 8 0 13 0 14 0 12 0 0 0 0 20 0 0 0 0 17 23 25 19 14 0 0 0 0 0 0 0 0 0 0 0 
P7161 2050 9 0 9 0 0 0 0 1 0 0 0 0 0 0 0 0 0 9 0 0 0 0 0 0 0 0 10 0 0 0 0 -999 
P7161 2050 10 0 0 0 16 10 14 0 0 0 0 0 7 0 0 0 60 49 0 0 0 0 15 0 0 14 0 0 47 42 49 0 
P7161 2050 11 51 0 0 0 0 0 0 0 0 0 0 7 12 22 25 0 0 10 8 0 0 18 0 53 0 7 0 26 0 0 -999 
P7161 2050 12 9 17 47 0 18 21 26 28 53 81 0 31 92 107 69 0 0 0 17 12 0 0 15 0 0 13 19 0 0 0 0 
P7161 2051 1 15 26 20 11 0 0 0 0 9 23 16 71 118 50 0 9 9 0 7 0 6 5 0 0 0 0 0 0 0 33 45 
P7161 2051 2 57 79 0 34 0 0 18 16 8 10 0 0 0 0 0 0 30 0 31 48 0 0 99 0 52 0 63 0 -999 -999 -999 
P7161 2051 3 0 18 63 78 0 42 0 32 39 56 0 56 75 43 20 30 0 0 0 0 0 26 36 0 0 10 0 0 0 13 23 
P7161 2051 4 0 0 0 0 0 0 0 31 0 0 0 11 0 0 0 0 0 0 6 0 0 5 0 0 0 0 0 0 4 1 -999 
P7161 2051 5 0 20 0 0 0 0 0 5 28 0 0 5 0 0 0 22 0 0 0 0 0 15 9 0 15 0 0 0 0 0 0 
P7161 2051 6 0 30 0 16 18 13 0 22 0 58 0 0 0 0 0 21 0 0 16 0 0 4 0 0 0 0 0 0 0 0 -999 
P7161 2051 7 0 0 0 10 0 0 0 0 0 0 0 0 0 0 0 0 0 0 0 16 0 0 0 0 12 0 0 0 0 0 0 
P7161 2051 8 0 5 0 0 0 0 0 0 0 0 0 0 11 0 0 0 0 0 0 0 0 0 0 0 0 0 0 0 0 0 0 
P7161 2051 9 0 10 31 0 0 0 0 0 0 0 0 0 0 0 0 0 0 0 0 0 0 5 0 0 0 0 0 0 0 13 -999 
P7161 2051 10 0 0 0 0 0 19 22 0 29 0 0 0 36 24 57 0 0 0 0 4 0 0 0 0 0 17 46 70 52 15 0 
P7161 2051 11 0 2 0 47 0 0 0 0 0 0 0 31 0 0 0 8 0 46 67 37 22 50 83 45 0 54 0 0 36 0 -999 
P7161 2051 12 0 0 0 0 0 42 75 43 0 0 0 29 29 38 41 45 0 14 53 42 65 63 19 0 0 0 0 0 5 0 0 
P7161 2052 1 0 16 0 7 0 3 1 0 0 0 0 0 0 0 3 0 0 0 0 0 0 0 0 7 0 0 0 0 0 0 0 
P7161 2052 2 0 0 0 0 0 0 0 0 0 0 0 0 0 27 0 13 19 0 0 31 0 12 0 37 55 41 12 4 -999 -999 -999 
P7161 2052 3 0 0 14 17 8 0 74 35 0 0 0 0 0 46 0 31 0 16 0 0 84 51 28 40 72 57 32 22 0 0 0 
P7161 2052 4 0 0 27 0 0 3 0 4 4 7 0 0 0 0 0 0 0 0 0 0 0 0 0 0 0 0 0 0 24 0 -999 
P7161 2052 5 0 0 0 5 0 30 46 41 24 0 0 0 0 0 28 12 0 7 0 0 0 0 0 0 0 0 0 44 0 25 0 
P7161 2052 6 0 0 0 0 0 0 0 4 0 0 0 0 23 0 0 0 0 0 0 7 0 0 0 0 12 0 0 0 0 0 -999 
P7161 2052 7 0 0 0 0 0 0 0 0 0 0 0 0 0 0 0 0 0 0 0 0 0 0 0 14 0 0 2 0 0 12 0 
P7161 2052 8 0 0 0 0 0 12 0 0 0 0 17 0 0 0 0 0 0 0 0 17 0 0 0 0 0 0 0 3 0 8 0 
P7161 2052 9 0 0 0 0 0 0 0 0 0 0 0 0 0 0 0 0 0 0 28 0 0 0 12 0 0 0 0 0 6 24 -999 
P7161 2052 10 0 0 0 0 0 0 0 0 0 0 0 23 0 0 8 0 8 6 6 0 0 0 1 0 20 0 0 0 0 0 5 
P7161 2052 11 0 0 0 0 0 3 0 0 0 5 0 0 0 0 0 0 0 0 11 16 0 0 11 20 35 66 85 12 0 31 -999 
P7161 2052 12 43 0 0 21 30 7 5 9 47 115 0 25 90 69 0 13 43 47 31 0 0 0 0 0 28 14 0 0 13 0 28 
P7161 2053 1 0 0 0 0 0 0 0 7 0 0 13 16 0 19 16 5 0 0 0 0 0 0 0 0 0 0 0 2 0 0 0 
P7161 2053 2 0 45 30 75 0 48 74 0 29 11 0 0 0 2 3 0 0 23 0 0 0 0 0 0 21 0 0 72 -999 -999 -999 
P7161 2053 3 64 0 13 0 45 0 6 0 0 0 0 0 0 18 25 0 56 53 0 0 24 15 10 4 0 0 0 0 41 51 32 
P7161 2053 4 0 0 12 33 59 61 0 54 0 0 47 65 0 0 0 0 0 0 0 0 0 0 0 0 0 0 8 0 0 0 -999 
P7161 2053 5 0 28 47 0 0 58 81 0 0 15 22 20 0 18 0 14 0 16 24 36 0 27 33 32 0 9 0 0 0 0 9 
P7161 2053 6 17 0 0 15 0 0 0 0 15 0 0 0 0 0 0 27 13 0 4 0 0 6 0 0 0 0 0 0 0 0 -999 
P7161 2053 7 0 0 0 0 0 0 0 0 0 0 0 0 0 0 0 0 0 0 0 0 0 5 10 0 0 0 0 0 0 0 0 
P7161 2053 8 0 13 0 0 0 0 0 0 0 0 0 9 13 0 0 0 0 0 0 18 0 0 0 0 0 0 0 0 0 0 0 
P7161 2053 9 0 0 0 0 4 0 8 0 0 19 0 0 0 0 6 0 0 0 0 0 0 0 0 0 0 0 0 0 0 0 -999 
P7161 2053 10 0 0 0 0 0 0 0 11 0 0 0 0 0 9 26 26 0 14 0 0 0 0 0 17 0 43 0 0 15 0 0 
P7161 2053 11 0 0 55 0 16 0 0 0 0 101 0 61 0 29 89 87 101 72 0 16 10 26 22 22 0 25 0 20 42 0 -999 
P7161 2053 12 0 0 0 0 0 0 0 0 0 0 0 8 0 10 21 13 0 5 0 0 7 0 18 24 71 71 36 0 64 52 63 
P7161 2054 1 0 45 136 0 87 95 0 34 89 55 75 88 87 102 52 67 61 0 8 0 0 0 0 3 9 0 42 187 83 36 48 
P7161 2054 2 47 114 100 0 0 0 49 52 18 13 0 45 0 0 0 19 0 0 0 0 0 0 0 0 0 0 0 0 -999 -999 -999 
P7161 2054 3 0 0 0 0 0 0 0 0 0 0 0 0 0 0 9 8 9 25 7 10 0 21 46 0 4 10 15 0 46 39 0 
P7161 2054 4 0 0 28 19 0 98 136 86 36 39 62 56 0 0 0 0 0 16 0 0 0 0 0 0 0 10 30 56 43 37 -999 
P7161 2054 5 0 0 17 0 10 0 0 0 0 0 0 13 0 21 41 0 0 0 0 15 0 22 21 82 95 0 0 27 0 0 0 
P7161 2054 6 0 0 0 0 0 23 0 0 0 0 11 0 0 0 0 0 0 0 0 0 0 0 0 0 0 0 0 0 3 0 -999 
P7161 2054 7 0 0 0 9 0 0 9 0 0 0 16 0 0 0 0 0 0 0 0 0 0 0 0 0 0 0 0 3 0 0 0 
P7161 2054 8 0 0 0 0 0 0 0 0 0 0 0 0 0 0 0 0 0 0 19 22 0 0 0 0 0 0 16 0 0 0 0 
P7161 2054 9 0 0 0 8 0 0 0 0 0 0 0 31 0 12 0 0 0 0 0 0 0 0 0 0 0 0 0 0 0 0 -999 
P7161 2054 10 0 0 63 0 6 5 10 6 4 0 0 0 14 0 0 22 0 0 0 0 0 15 0 0 0 0 24 0 0 0 0 
P7161 2054 11 78 17 4 0 0 13 23 31 0 123 81 0 27 39 104 43 0 30 42 115 23 0 7 0 5 0 0 9 0 0 -999 
P7161 2054 12 9 0 0 0 2 0 2 2 0 0 0 49 0 0 0 10 13 10 7 0 0 0 32 68 96 78 94 103 109 71 76 
P7161 2055 1 0 0 42 48 15 8 0 0 0 62 99 0 0 0 0 21 42 0 80 7 12 0 0 0 0 0 0 0 0 0 0 
P7161 2055 2 0 0 0 33 30 45 66 0 0 0 0 0 2 0 0 0 5 0 1 0 0 7 11 9 0 30 27 0 -999 -999 -999 
P7161 2055 3 0 0 42 43 34 39 37 27 25 20 15 37 46 0 6 0 0 14 0 0 0 5 0 0 33 27 0 30 0 0 0 
P7161 2055 4 0 0 0 9 0 0 0 0 0 27 33 0 0 0 0 3 0 0 0 0 22 28 0 0 0 0 17 0 0 0 -999 
P7161 2055 5 0 0 0 0 12 0 0 2 0 26 73 0 0 0 0 0 0 0 0 0 8 12 0 19 31 0 0 0 5 0 0 
P7161 2055 6 0 0 0 9 0 0 0 0 0 0 0 0 0 0 0 0 0 0 0 0 0 0 0 0 0 0 0 0 0 0 -999 
P7161 2055 7 0 0 3 2 4 0 0 0 0 0 0 0 0 0 0 0 0 0 0 0 0 0 0 0 0 0 0 0 0 0 0 
P7161 2055 8 0 0 0 0 0 0 0 0 0 0 0 0 0 0 0 0 3 0 0 0 8 0 0 0 0 0 11 0 0 0 0 
P7161 2055 9 0 0 0 0 0 0 0 0 0 0 0 0 0 0 0 27 0 0 0 0 33 0 16 0 0 17 19 0 0 44 -999 
P7161 2055 10 45 0 0 44 55 0 0 0 0 27 60 38 12 0 48 77 109 36 0 29 0 0 0 0 0 0 22 6 0 0 0 
P7161 2055 11 0 0 13 0 32 54 65 42 0 0 0 0 0 0 0 28 42 0 0 0 0 19 16 0 4 0 62 50 168 78 -999 
P7161 2055 12 0 0 40 17 42 0 13 24 5 0 13 13 17 0 0 0 1 0 0 0 0 0 0 0 1 0 0 37 0 43 0 
P7161 2056 1 28 36 38 92 89 78 100 0 0 116 0 0 9 10 0 0 16 0 14 0 0 0 0 0 27 48 130 0 0 0 11 
P7161 2056 2 25 0 22 0 50 0 97 28 32 65 108 79 41 141 112 31 23 66 72 133 107 138 0 63 44 0 0 0 -999 -999 -999 
P7161 2056 3 0 36 0 0 81 140 107 0 28 147 118 101 71 128 55 0 25 22 63 0 0 0 0 0 6 0 47 86 58 0 0 
P7161 2056 4 11 55 41 10 0 0 0 0 0 0 0 0 12 37 0 0 0 0 0 0 0 4 9 0 19 0 0 0 0 5 -999 
P7161 2056 5 4 0 9 0 0 28 29 31 49 39 45 0 0 14 0 0 0 0 0 0 11 0 0 11 0 0 0 0 17 36 46 
P7161 2056 6 29 0 0 20 0 0 0 0 15 0 0 0 8 0 10 12 21 0 0 10 7 0 10 0 6 7 0 0 0 0 -999 
P7161 2056 7 0 0 0 0 25 0 0 0 0 0 5 0 0 0 0 0 0 0 0 4 0 0 0 0 0 0 0 0 0 0 0 
P7161 2056 8 4 0 0 0 0 0 0 0 0 0 0 0 0 0 0 5 0 0 0 0 0 0 0 15 0 0 14 0 0 0 0 
P7161 2056 9 0 0 0 0 0 0 48 25 18 0 0 0 0 11 0 0 0 16 0 0 7 15 0 0 0 0 0 0 0 0 -999 
P7161 2056 10 0 0 0 0 14 0 0 0 16 0 0 0 1 3 0 0 10 23 0 0 0 0 29 51 132 120 23 0 0 0 7 
P7161 2056 11 27 35 11 20 19 0 0 0 72 41 0 73 37 39 103 0 0 4 0 24 10 0 0 0 0 0 0 0 0 0 -999 
P7161 2056 12 0 0 0 0 0 0 0 0 3 0 0 0 0 6 0 20 0 72 0 11 14 0 0 0 1 6 21 41 0 31 99 
P7161 2057 1 84 112 61 0 88 51 47 0 36 0 0 17 0 0 0 0 0 48 0 18 0 3 4 4 0 24 68 221 128 29 36 
P7161 2057 2 0 0 0 0 32 23 0 0 0 0 0 0 0 13 9 0 0 5 0 0 7 0 0 0 57 0 79 34 -999 -999 -999 
P7161 2057 3 31 63 33 9 0 0 0 4 0 7 3 0 0 16 51 40 48 102 93 42 20 3 0 0 0 0 0 56 58 46 40 
P7161 2057 4 60 61 45 0 6 0 9 0 0 26 29 50 0 0 49 0 65 0 0 0 0 35 0 0 0 1 0 0 0 23 -999 
P7161 2057 5 0 0 0 27 32 21 25 0 0 17 6 0 0 0 4 0 6 0 0 0 0 0 16 0 0 0 0 0 0 0 0 
P7161 2057 6 0 0 0 0 0 0 0 0 0 0 0 0 0 0 0 0 0 0 0 0 0 0 0 0 0 0 0 0 0 0 -999 
P7161 2057 7 0 5 7 0 0 0 5 0 8 0 0 0 0 0 0 0 0 0 0 0 0 0 0 0 8 9 0 0 0 0 0 
P7161 2057 8 0 0 10 0 0 0 0 0 0 15 0 0 0 0 0 0 0 0 0 0 0 0 0 2 4 5 0 0 0 0 0 
P7161 2057 9 0 0 0 0 0 0 0 0 10 0 0 11 0 0 0 0 0 5 0 4 0 0 0 41 26 30 0 0 24 14 -999 
P7161 2057 10 14 15 22 33 27 0 0 0 28 12 0 0 55 27 8 0 0 0 0 18 35 0 0 36 62 76 104 63 51 4 0 
P7161 2057 11 0 0 0 0 0 0 0 0 48 0 0 101 161 47 0 10 10 0 54 37 33 0 5 0 0 0 0 77 28 125 -999 
P7161 2057 12 65 60 84 0 21 0 0 0 0 0 0 0 20 0 0 7 14 0 79 0 56 0 79 135 44 0 0 0 0 0 2 
P7161 2058 1 18 0 0 0 5 7 13 0 33 37 20 87 121 73 145 204 63 0 0 0 0 0 0 0 0 0 39 0 91 108 75 
P7161 2058 2 0 0 0 42 87 49 37 0 40 0 0 78 18 0 0 0 0 20 0 0 0 0 0 0 0 0 0 0 -999 -999 -999 
P7161 2058 3 6 15 0 31 0 0 0 0 0 0 0 30 5 1 0 28 24 32 32 0 0 0 0 0 2 0 10 0 0 7 0 
P7161 2058 4 63 37 0 3 0 0 0 0 0 0 0 0 0 0 0 0 11 17 11 0 0 0 0 32 43 39 20 0 17 22 -999 
P7161 2058 5 17 0 22 56 36 44 0 0 0 9 0 0 0 21 0 0 10 0 14 0 0 22 0 31 32 0 0 0 1 0 4 
P7161 2058 6 0 0 0 3 0 0 12 0 0 0 0 0 0 6 12 0 0 0 0 0 0 0 9 0 0 0 0 0 2 2 -999 
P7161 2058 7 0 0 0 0 0 0 0 0 0 0 0 0 0 0 0 10 0 0 0 0 0 0 0 0 0 0 0 0 0 0 0 
P7161 2058 8 0 0 17 0 0 0 0 0 0 0 33 0 0 0 0 0 0 0 0 0 0 0 0 0 0 2 0 8 0 0 0 
P7161 2058 9 0 0 7 0 0 0 0 0 0 0 0 16 0 0 0 0 0 0 0 0 0 0 0 0 0 4 0 0 11 20 -999 
P7161 2058 10 0 0 0 80 55 0 0 0 5 0 0 0 0 5 0 11 0 10 26 43 0 15 33 20 10 0 5 5 0 0 0 
P7161 2058 11 0 4 0 0 10 10 0 69 77 0 41 0 0 0 0 0 0 0 0 9 0 9 0 0 0 0 0 3 0 6 -999 
P7161 2058 12 29 0 0 16 0 13 0 0 0 9 0 0 10 0 0 0 0 0 0 0 0 0 0 0 0 4 7 10 0 0 0 
P7161 2059 1 0 0 0 1 0 27 43 57 17 3 0 0 0 0 0 26 48 0 0 0 0 0 0 0 0 0 0 3 0 0 0 
P7161 2059 2 0 2 0 0 0 0 0 0 0 0 12 26 41 26 14 0 0 0 0 0 0 4 0 0 8 0 0 4 -999 -999 -999 
P7161 2059 3 0 0 0 0 0 0 7 0 0 0 0 0 0 0 0 0 0 23 0 0 0 0 0 2 0 26 38 36 0 44 37 
P7161 2059 4 0 0 0 0 0 0 0 90 82 56 44 65 37 36 0 45 35 54 0 0 0 63 48 94 0 0 0 0 0 0 -999 
P7161 2059 5 0 0 0 0 0 0 0 0 0 8 13 0 0 0 25 0 0 0 40 0 0 0 0 34 0 26 0 11 0 0 0 
P7161 2059 6 0 0 0 15 0 0 0 22 0 0 0 0 0 0 7 11 0 0 0 0 0 0 0 0 0 0 19 0 0 0 -999 
P7161 2059 7 0 0 0 0 0 13 0 0 0 0 0 0 0 0 0 0 0 0 0 0 0 0 0 0 0 0 0 0 0 0 0 
P7161 2059 8 0 0 8 0 0 0 0 0 0 0 0 0 0 0 0 0 0 28 0 0 0 0 0 19 38 0 9 13 0 0 0 
P7161 2059 9 0 7 4 0 0 0 0 0 0 0 0 4 0 0 0 0 0 0 0 0 0 0 0 0 0 0 0 0 0 0 -999 
P7161 2059 10 20 36 0 0 0 0 61 0 0 0 0 0 0 0 0 25 0 14 0 30 0 0 0 0 0 35 95 81 43 44 37 
P7161 2059 11 0 40 0 56 0 0 0 0 0 0 0 0 0 0 0 0 0 14 0 10 6 0 21 0 0 0 0 0 0 0 -999 
P7161 2059 12 0 0 0 0 54 48 12 10 0 61 0 48 0 0 7 0 0 1 1 0 0 2 12 26 35 66 64 42 0 43 0 
P7161 2060 1 0 0 30 34 0 17 25 0 33 23 90 95 114 62 0 22 9 15 0 0 0 0 0 0 0 0 5 0 0 7 21 
P7161 2060 2 67 0 0 0 0 0 16 16 0 2 19 0 0 0 0 0 0 12 0 16 0 0 0 0 0 0 21 39 -999 -999 -999 
P7161 2060 3 0 0 18 0 0 2 0 30 0 30 23 7 0 3 0 0 6 0 0 0 33 43 74 54 15 22 38 0 43 19 0 
P7161 2060 4 26 0 18 13 0 0 16 0 0 45 0 0 16 27 0 67 18 10 0 0 13 0 14 0 0 42 13 0 5 4 -999 
P7161 2060 5 0 0 0 40 0 0 0 0 0 0 0 0 0 0 0 32 17 0 0 0 0 0 0 0 0 0 0 0 0 0 18 
P7161 2060 6 0 0 0 0 0 0 0 0 0 4 0 0 0 0 0 0 0 0 0 26 0 0 0 0 0 0 6 0 0 7 -999 
P7161 2060 7 0 0 5 0 0 0 0 0 0 0 0 0 0 0 0 0 21 0 0 9 0 0 0 0 0 0 0 0 0 0 0 
P7161 2060 8 0 13 0 0 0 0 0 0 0 0 8 14 15 0 0 0 0 0 0 0 0 0 0 0 0 0 0 0 0 0 0 
P7161 2060 9 0 0 0 0 0 0 4 0 0 0 0 0 16 0 0 19 0 0 0 0 0 0 0 0 0 20 27 0 0 0 -999 
P7161 2060 10 0 2 0 0 0 3 0 0 0 0 0 0 0 0 0 0 0 0 0 1 0 0 0 0 0 0 0 0 0 0 0 
P7161 2060 11 27 0 12 23 41 49 49 0 83 60 29 64 0 0 0 19 131 0 158 61 0 0 0 16 26 0 0 21 0 0 -999 
P7161 2060 12 8 10 0 0 40 128 81 0 0 0 7 0 0 1 0 10 30 15 11 10 11 16 22 0 16 24 0 41 0 0 0 
P7161 2061 1 7 19 20 14 12 20 0 0 0 0 13 0 6 0 0 0 0 0 0 0 0 16 13 13 12 0 5 0 1 0 0 
P7161 2061 2 0 34 0 0 0 0 0 0 25 39 73 51 21 26 0 0 0 0 8 0 0 0 9 11 22 13 0 32 -999 -999 -999 
P7161 2061 3 0 0 9 0 0 0 0 13 49 0 0 0 0 0 0 0 0 0 20 12 19 36 0 71 121 13 0 9 2 0 25 
P7161 2061 4 0 53 69 48 17 0 0 23 20 31 0 0 2 2 0 41 0 0 40 0 0 0 0 0 6 0 0 0 0 18 -999 
P7161 2061 5 0 19 0 0 0 0 0 0 0 7 0 7 0 0 18 0 0 0 0 0 0 0 0 0 0 0 0 0 0 0 0 
P7161 2061 6 0 0 0 0 0 0 0 0 0 0 0 0 0 0 0 2 0 7 0 0 0 0 0 0 0 0 0 0 0 0 -999 
P7161 2061 7 0 0 13 0 0 0 7 0 0 0 0 0 0 0 0 0 0 0 0 0 0 0 0 0 0 0 0 6 7 0 0 
P7161 2061 8 0 0 0 0 0 0 0 0 0 0 0 0 0 0 0 0 0 0 0 0 7 0 0 0 15 0 0 0 0 6 0 
P7161 2061 9 0 0 0 0 5 0 0 0 0 0 17 0 0 0 0 0 0 0 5 0 0 0 0 0 24 0 37 0 0 0 -999 
P7161 2061 10 0 0 0 0 0 0 0 0 0 0 0 0 0 8 0 55 51 0 60 96 23 18 91 109 13 0 0 68 104 0 12 
P7161 2061 11 78 42 0 18 0 0 0 0 0 91 36 14 2 0 0 53 0 0 0 0 0 0 0 4 0 7 0 54 24 0 -999 
P7161 2061 12 0 0 3 0 0 0 0 0 7 7 0 0 11 10 0 0 18 0 17 26 67 83 0 0 2 0 0 9 0 61 0 
P7161 2062 1 17 0 0 0 0 0 0 0 3 0 0 4 0 10 4 0 0 48 0 0 0 0 6 0 30 98 72 73 0 0 30 
P7161 2062 2 43 43 0 43 13 0 37 0 33 0 0 6 5 0 17 0 0 0 0 0 0 32 39 64 0 35 0 0 -999 -999 -999 
P7161 2062 3 0 0 0 0 0 0 3 0 7 24 68 90 171 184 66 0 6 0 43 6 0 24 58 0 0 0 0 0 0 0 0 
P7161 2062 4 0 0 0 0 0 0 0 0 0 0 12 0 0 0 12 0 0 13 0 2 0 0 6 0 0 0 0 0 52 0 -999 
P7161 2062 5 19 0 0 0 0 0 0 0 0 0 0 0 0 5 0 21 0 0 0 6 0 0 0 10 0 15 0 0 6 15 0 
P7161 2062 6 7 0 0 0 0 0 0 0 0 0 0 0 6 0 0 0 0 0 0 0 0 0 12 0 0 0 0 0 0 0 -999 
P7161 2062 7 0 0 0 0 13 0 0 3 0 0 0 0 0 0 0 0 0 0 0 0 0 0 0 0 0 0 0 0 0 0 0 
P7161 2062 8 0 0 0 0 0 0 15 0 0 0 0 0 0 0 0 0 0 0 0 0 0 0 0 0 0 0 0 0 0 0 0 
P7161 2062 9 0 4 0 0 0 0 0 0 0 0 0 0 0 8 0 0 0 8 0 0 0 0 0 0 15 0 8 7 0 0 -999 
P7161 2062 10 0 0 20 64 145 99 31 0 0 19 0 0 0 0 0 0 46 10 5 29 18 0 41 0 5 14 0 17 0 0 8 
P7161 2062 11 0 0 0 0 0 0 16 0 13 9 0 0 53 70 35 18 0 56 48 0 0 0 56 13 0 18 0 0 0 6 -999 
P7161 2062 12 0 0 0 3 0 0 0 0 0 27 34 20 0 0 0 0 47 124 23 5 0 12 0 0 0 0 10 0 8 0 28 
P7161 2063 1 74 57 85 31 20 73 95 156 164 36 22 0 0 53 70 92 70 70 122 47 77 108 45 0 96 53 12 0 20 70 57 
P7161 2063 2 116 40 40 0 0 0 0 7 0 32 0 0 34 85 96 74 0 4 0 0 0 0 0 0 0 0 0 0 -999 -999 -999 
P7161 2063 3 0 0 5 0 0 17 39 33 12 0 0 31 36 45 45 0 0 0 6 0 17 16 12 40 171 95 47 58 60 79 92 
P7161 2063 4 0 11 0 29 77 92 0 0 83 28 0 0 0 19 0 0 0 0 0 0 0 0 0 0 0 0 6 12 0 49 -999 
P7161 2063 5 46 48 27 0 0 0 0 0 4 0 0 0 0 0 14 0 11 10 0 0 0 0 0 0 0 0 0 0 0 0 10 
P7161 2063 6 0 0 0 0 0 0 0 0 0 0 0 0 0 0 0 0 0 0 0 0 0 0 0 0 0 0 0 0 0 0 -999 
P7161 2063 7 12 0 0 0 0 0 0 0 0 0 0 0 0 0 0 0 0 0 0 0 0 0 0 0 0 0 0 0 0 0 0 
P7161 2063 8 0 0 0 0 0 0 0 0 0 0 22 0 0 0 0 0 0 0 0 0 0 0 0 0 0 0 0 0 0 12 0 
P7161 2063 9 0 0 0 0 0 0 0 0 0 0 0 0 0 16 0 0 0 0 27 10 0 0 0 13 0 0 0 0 0 0 -999 
P7161 2063 10 0 0 0 0 0 0 0 0 0 0 0 24 72 120 0 0 0 0 11 12 12 0 0 0 11 0 0 0 0 7 0 
P7161 2063 11 5 0 9 0 0 0 2 0 0 0 0 16 0 27 1 0 0 0 10 0 0 0 0 0 0 0 0 0 3 0 -999 
P7161 2063 12 0 0 0 0 0 0 0 0 0 0 0 5 0 3 21 0 5 0 4 0 0 0 0 0 0 0 0 0 0 2 0 
P7161 2064 1 0 0 0 0 0 0 0 0 0 0 5 6 0 0 0 0 0 0 6 0 0 0 0 0 13 23 23 0 16 37 19 
P7161 2064 2 22 0 22 0 14 0 0 8 0 0 0 1 0 0 0 0 0 0 0 0 0 0 0 0 4 0 1 3 -999 -999 -999 
P7161 2064 3 0 0 0 0 0 0 37 55 59 70 0 0 0 36 0 27 0 47 0 52 34 20 18 0 34 72 38 0 27 0 0 
P7161 2064 4 27 0 0 89 49 0 28 0 19 0 0 0 0 0 34 34 0 0 0 0 32 32 0 57 34 0 10 0 0 0 -999 
P7161 2064 5 20 11 0 0 0 17 0 0 6 0 0 12 0 6 0 4 0 0 0 19 0 0 32 0 0 0 5 0 8 0 0 
P7161 2064 6 0 0 0 0 0 0 0 0 0 0 0 0 0 0 0 0 0 0 0 0 0 0 4 0 0 0 0 0 0 0 -999 
P7161 2064 7 0 0 0 10 6 0 0 0 0 17 0 0 0 0 0 0 0 0 0 0 0 0 0 0 0 0 0 0 0 0 0 
P7161 2064 8 0 0 0 0 0 0 0 0 0 0 0 0 0 0 7 0 0 0 0 0 0 0 0 0 0 0 0 0 0 0 0 
P7161 2064 9 30 0 0 0 0 8 0 2 0 2 0 0 10 29 18 0 0 0 0 0 0 38 23 0 0 0 6 9 0 0 -999 
P7161 2064 10 0 0 0 0 12 21 31 32 14 0 0 0 0 0 8 0 0 0 0 0 0 0 15 38 0 24 0 17 7 50 0 
P7161 2064 11 0 0 0 0 39 11 0 1 0 0 0 40 0 117 0 0 0 0 0 0 0 0 0 0 0 4 0 0 9 0 -999 
P7161 2064 12 22 32 0 53 91 0 104 202 183 62 23 0 0 0 0 30 0 0 0 0 8 0 0 0 0 4 0 0 0 0 0 
P7161 2065 1 0 0 0 0 0 13 11 16 0 0 36 44 48 90 21 0 0 0 7 6 10 10 0 0 0 0 0 0 41 37 62 
P7161 2065 2 27 0 0 0 0 0 0 20 4 0 0 0 94 104 77 103 111 111 81 80 0 0 3 0 0 0 0 0 -999 -999 -999 
P7161 2065 3 0 0 0 0 0 0 0 0 0 0 0 3 0 0 0 1 0 13 0 0 0 0 7 0 17 18 0 27 0 0 7 
P7161 2065 4 10 10 10 0 30 64 0 0 0 0 0 0 17 0 0 0 0 36 24 0 0 0 0 0 0 0 0 9 0 0 -999 
P7161 2065 5 0 1 0 0 0 0 0 0 0 0 0 0 7 0 0 0 5 0 0 0 35 20 11 8 0 0 0 0 0 16 0 
P7161 2065 6 0 0 0 0 0 0 16 0 0 0 0 0 0 0 0 0 0 0 0 0 0 0 0 6 0 0 17 0 0 0 -999 
P7161 2065 7 0 0 17 0 0 0 0 0 0 0 0 0 18 11 15 0 0 4 7 0 0 0 0 0 0 0 0 0 0 0 0 
P7161 2065 8 0 0 0 0 0 0 12 0 0 0 0 0 0 0 0 0 4 0 0 0 0 0 0 0 0 0 0 0 0 7 0 
P7161 2065 9 0 0 0 0 0 0 0 0 2 0 0 0 0 0 5 0 0 0 0 0 0 0 0 9 0 0 7 0 0 0 -999 
P7161 2065 10 0 2 0 0 17 0 0 0 0 30 0 37 22 17 64 32 10 0 45 74 27 18 78 110 31 42 69 0 64 87 0 
P7161 2065 11 32 0 6 0 6 0 8 0 0 0 0 0 0 0 0 0 0 0 0 0 82 63 0 0 33 0 67 0 10 0 -999 
P7161 2065 12 0 0 0 0 0 0 0 0 0 0 38 113 60 21 0 0 25 0 59 83 50 140 106 194 222 282 172 0 0 0 0 
P7161 2066 1 0 0 0 0 0 0 6 0 26 0 0 87 0 45 0 55 0 56 139 29 29 120 86 20 0 10 16 18 0 0 26 
P7161 2066 2 39 28 14 12 19 22 12 0 54 35 36 24 20 25 0 0 0 12 0 0 0 0 4 7 121 0 29 0 -999 -999 -999 
P7161 2066 3 16 0 2 0 0 0 79 0 0 0 0 0 4 0 3 0 0 0 0 0 0 0 0 0 0 39 0 0 0 0 16 
P7161 2066 4 0 25 7 0 0 0 0 26 0 0 0 0 30 0 0 0 0 0 0 0 3 0 0 9 20 0 25 48 0 57 -999 
P7161 2066 5 0 0 20 0 0 0 0 20 17 0 0 4 0 0 0 0 2 19 0 0 7 0 0 0 0 0 0 0 0 0 5 
P7161 2066 6 0 0 0 0 0 0 0 0 0 0 0 0 0 0 13 0 11 0 0 0 0 10 0 0 0 0 0 0 0 0 -999 
P7161 2066 7 0 0 0 0 0 0 0 0 0 0 0 0 0 0 0 0 0 14 0 0 0 0 0 0 0 0 0 0 0 0 0 
P7161 2066 8 0 11 0 0 0 0 0 0 0 0 0 0 0 10 0 0 0 0 0 0 6 9 0 12 0 0 28 0 0 0 0 
P7161 2066 9 0 0 0 0 6 0 3 0 15 0 0 0 0 0 0 0 0 4 0 0 0 0 0 0 39 0 8 0 21 0 -999 
P7161 2066 10 0 13 0 0 6 0 5 0 4 0 0 4 7 11 13 0 0 15 0 0 0 28 4 0 0 0 0 71 0 7 0 
P7161 2066 11 0 7 0 38 96 0 0 35 0 18 52 43 50 0 0 0 0 0 0 0 11 0 0 0 4 0 7 0 0 8 -999 
P7161 2066 12 0 0 0 29 0 4 0 0 5 14 0 10 0 57 122 153 169 184 104 47 32 0 0 0 5 11 0 0 50 131 96 
P7161 2067 1 28 131 43 17 0 38 18 0 16 0 0 39 50 33 54 49 62 0 77 153 127 129 64 94 122 108 138 0 20 52 86 
P7161 2067 2 95 55 153 46 8 0 59 66 35 82 90 21 72 108 63 11 17 76 129 0 111 57 0 18 0 126 87 0 -999 -999 -999 
P7161 2067 3 2 10 16 0 0 0 3 6 13 17 24 0 86 21 4 3 2 2 0 5 0 0 0 0 0 0 0 0 0 0 0 
P7161 2067 4 0 0 8 0 0 0 0 7 0 0 0 0 11 0 39 0 0 13 0 0 25 16 0 0 0 10 13 14 15 0 -999 
P7161 2067 5 0 0 0 10 11 0 0 0 12 0 0 5 0 0 0 0 10 0 43 37 0 0 15 0 0 13 0 0 0 32 0 
P7161 2067 6 0 0 0 0 0 5 0 0 0 0 12 17 0 9 0 0 0 0 0 0 0 0 0 0 0 7 0 0 0 0 -999 
P7161 2067 7 22 0 0 5 0 0 0 0 0 0 0 0 0 0 0 0 0 3 0 5 0 22 0 10 0 0 0 0 0 0 3 
P7161 2067 8 0 0 0 0 0 0 0 0 0 0 0 0 11 0 0 0 0 0 0 0 0 0 0 0 0 0 0 0 0 15 0 
P7161 2067 9 0 0 0 7 0 0 0 0 5 0 11 0 0 0 0 0 5 0 0 0 0 4 0 0 0 5 0 0 0 8 -999 
P7161 2067 10 0 9 0 9 0 0 0 5 0 0 0 0 0 0 4 8 0 0 2 2 0 0 0 0 0 0 0 3 14 23 26 
P7161 2067 11 0 0 0 0 26 21 17 0 0 0 0 0 0 7 0 0 0 0 3 0 0 0 21 36 47 1 0 4 0 0 -999 
P7161 2067 12 0 19 32 33 52 16 8 0 41 0 0 17 46 5 0 7 11 0 0 0 0 0 0 0 0 0 76 38 34 0 25 
P7161 2068 1 2 2 5 16 42 130 112 33 46 5 7 13 0 1 0 0 0 0 0 0 0 0 0 0 0 27 23 0 0 26 0 
P7161 2068 2 0 1 0 4 25 24 0 0 0 0 34 31 0 0 0 0 0 0 0 5 14 0 0 0 6 15 81 41 -999 -999 -999 
P7161 2068 3 21 62 46 0 163 126 0 27 88 38 14 24 39 0 0 0 81 106 56 22 17 0 84 0 0 27 0 10 0 0 0 
P7161 2068 4 57 0 13 6 0 0 17 72 60 45 0 12 17 0 0 3 3 0 2 0 4 0 0 17 0 0 0 7 0 0 -999 
P7161 2068 5 0 0 0 0 0 0 0 0 0 4 0 15 55 38 20 0 0 18 0 0 10 0 0 0 0 0 0 0 0 10 16 
P7161 2068 6 0 18 16 0 23 12 0 0 5 0 0 0 0 0 0 0 0 0 0 0 0 0 0 0 0 0 0 0 0 0 -999 
P7161 2068 7 0 0 0 0 0 2 0 0 0 0 0 0 0 0 0 0 0 0 0 0 0 0 0 4 3 0 0 0 5 0 0 
P7161 2068 8 0 0 0 0 0 0 0 0 0 4 0 0 0 0 0 0 0 0 0 0 0 0 0 0 0 0 9 0 0 0 0 
P7161 2068 9 0 0 0 0 0 0 0 0 0 0 0 0 0 0 19 0 0 0 0 0 0 6 0 0 0 0 0 0 0 5 -999 
P7161 2068 10 5 0 0 0 0 0 24 0 0 0 0 0 0 0 0 0 0 0 0 0 0 0 4 0 0 0 0 0 0 0 6 
P7161 2068 11 0 0 0 0 0 0 0 0 0 10 0 0 0 0 4 11 0 0 0 26 0 0 0 0 0 0 0 0 0 0 -999 
P7161 2068 12 0 0 0 0 0 0 47 83 0 0 0 0 48 82 42 0 0 0 0 0 12 0 37 36 105 53 0 9 28 0 0 
P7161 2069 1 55 74 0 4 0 0 0 0 0 0 0 13 0 3 0 0 0 0 0 0 0 9 0 0 0 0 18 0 76 11 20 
P7161 2069 2 0 0 0 132 169 37 49 107 106 0 0 0 17 18 13 0 0 0 0 22 44 28 0 0 14 0 0 0 -999 -999 -999 
P7161 2069 3 45 0 56 31 0 39 0 0 14 0 0 0 0 1 0 2 0 0 1 0 0 9 0 15 18 26 38 0 55 35 77 
P7161 2069 4 26 20 0 0 20 6 0 16 31 36 31 34 18 12 0 0 21 0 0 0 0 0 0 0 0 0 0 0 0 3 -999 
P7161 2069 5 0 0 0 0 0 0 0 0 0 0 11 0 27 19 0 0 20 16 0 0 0 0 9 0 0 0 0 0 0 0 0 
P7161 2069 6 0 0 0 4 0 0 0 0 0 6 0 0 0 0 0 0 0 0 0 0 0 0 0 0 0 0 0 0 3 0 -999 
P7161 2069 7 0 13 0 0 0 0 0 0 5 0 0 0 12 0 0 0 0 0 5 15 0 0 0 0 0 0 0 0 0 0 0 
P7161 2069 8 0 0 0 0 0 0 0 0 0 0 0 0 0 0 0 0 0 0 0 0 0 0 0 0 0 0 0 0 0 0 0 
P7161 2069 9 5 0 0 0 6 0 0 4 0 7 14 0 0 0 19 17 0 3 0 12 0 0 0 0 2 0 0 14 30 0 -999 
P7161 2069 10 12 15 0 12 27 0 0 0 0 0 0 11 8 0 27 0 0 50 105 89 0 38 64 0 14 36 72 103 100 70 0 
P7161 2069 11 25 12 0 70 0 0 83 85 72 0 0 26 0 0 13 0 0 15 0 0 0 0 0 6 0 7 0 0 14 0 -999 
P7161 2069 12 0 0 13 0 18 0 0 0 11 7 0 0 11 0 4 0 5 1 0 2 0 25 29 0 10 9 0 39 0 42 0 
P7161 2070 1 11 0 67 48 0 42 127 185 159 59 94 0 0 20 0 0 5 0 4 0 0 0 0 28 10 0 0 0 0 0 0 
P7161 2070 2 0 14 0 0 0 3 0 0 0 0 0 0 0 7 0 0 15 0 0 15 18 22 0 51 0 52 50 25 -999 -999 -999 
P7161 2070 3 44 37 20 14 0 0 7 6 0 14 54 24 23 36 67 53 37 0 105 114 168 60 23 14 0 17 19 34 27 33 17 
P7161 2070 4 0 0 0 0 10 15 44 0 80 37 16 0 20 0 36 0 0 32 0 0 31 0 39 0 0 0 0 0 19 0 -999 
P7161 2070 5 0 0 0 75 0 113 43 0 30 36 0 0 11 0 0 20 25 34 0 21 0 0 0 0 0 0 0 0 0 0 0 
P7161 2070 6 0 0 27 0 0 0 0 0 20 0 0 0 4 0 0 0 0 0 0 0 0 0 0 0 0 0 0 0 0 13 -999 
P7161 2070 7 0 0 0 0 0 0 0 0 0 0 0 0 0 0 0 0 0 0 0 0 0 0 0 0 0 0 0 7 0 0 0 
P7161 2070 8 0 0 0 0 0 0 0 6 0 0 6 0 0 0 0 0 0 0 0 10 0 8 14 0 0 15 0 0 0 0 0 
P7161 2070 9 16 0 17 0 0 1 0 0 0 0 0 6 0 0 0 9 12 0 0 0 0 0 0 0 0 0 0 0 8 17 -999 
P7161 2070 10 23 12 0 0 0 0 0 0 31 0 37 45 67 0 0 27 97 150 42 0 0 0 0 0 0 0 0 0 0 0 0 
P7161 2070 11 0 8 5 0 0 0 0 0 0 7 0 0 0 0 0 0 0 0 0 0 27 17 0 0 0 0 23 97 91 0 -999 
P7161 2070 12 29 73 0 11 11 14 0 0 0 29 79 0 0 29 0 0 33 18 50 65 0 103 0 9 0 50 0 36 121 145 10 
P7161 2071 1 14 18 24 31 37 18 0 22 42 91 58 52 72 33 0 42 0 30 0 0 26 15 14 0 32 62 98 0 20 9 9 
P7161 2071 2 0 0 3 6 31 50 20 12 30 61 85 69 38 0 47 72 74 0 0 0 0 0 3 0 17 0 0 0 -999 -999 -999 
P7161 2071 3 12 0 0 0 0 15 39 45 41 43 0 24 0 0 19 0 0 27 22 0 5 0 0 0 0 11 0 0 0 0 0 
P7161 2071 4 0 0 0 25 5 1 0 0 0 0 0 0 0 0 0 0 0 10 13 24 22 0 24 27 39 20 0 0 0 0 -999 
P7161 2071 5 0 0 27 0 0 37 38 0 0 0 14 0 0 0 0 12 11 0 0 0 0 15 11 11 15 20 0 0 0 0 0 
P7161 2071 6 0 0 0 0 0 0 8 0 0 24 0 0 0 46 34 0 19 34 0 11 0 0 0 0 0 0 0 0 0 0 -999 
P7161 2071 7 0 0 0 0 0 0 0 0 0 0 0 4 0 0 0 0 0 0 15 0 0 0 10 0 0 0 0 0 0 5 0 
P7161 2071 8 9 0 0 0 0 0 0 0 0 0 7 0 0 0 0 7 0 0 0 0 0 0 3 0 10 0 0 0 0 0 0 
P7161 2071 9 0 0 0 0 0 0 0 0 0 0 12 0 0 0 6 0 0 0 0 0 6 0 0 0 0 6 0 0 0 0 -999 
P7161 2071 10 0 0 0 0 0 0 0 13 0 0 15 5 9 0 37 0 0 0 15 11 0 58 36 0 0 0 0 0 0 29 66 
P7161 2071 11 0 76 95 75 0 0 22 0 0 0 0 0 0 0 0 0 0 6 0 33 34 0 0 36 0 19 4 8 16 0 -999 
P7161 2071 12 0 29 32 0 39 0 0 93 76 160 0 175 108 0 0 62 81 105 0 25 0 9 85 119 42 131 0 13 11 30 89 
P7161 2072 1 53 0 15 0 0 23 11 15 0 30 0 0 0 0 9 0 0 19 20 52 38 0 27 0 18 91 50 0 48 14 36 
P7161 2072 2 102 55 68 32 52 0 11 0 2 4 5 0 0 0 0 0 0 0 0 41 0 14 10 0 11 10 7 3 -999 -999 -999 
P7161 2072 3 5 8 5 0 0 0 0 3 0 5 0 0 15 0 0 12 16 0 18 0 18 15 0 0 31 28 35 0 49 38 28 
P7161 2072 4 14 7 0 27 0 0 0 2 0 26 0 0 3 0 0 0 0 0 0 0 21 0 21 4 3 0 0 0 0 0 -999 
P7161 2072 5 0 0 0 5 18 28 0 0 0 31 0 0 19 0 0 0 0 0 0 0 0 0 0 7 0 0 0 0 10 0 0 
P7161 2072 6 6 10 4 0 0 0 0 0 0 0 0 0 0 0 0 0 0 0 0 0 0 0 0 0 0 0 0 0 0 4 -999 
P7161 2072 7 0 0 18 0 0 9 0 0 0 0 0 3 0 0 0 0 0 0 7 0 0 0 0 0 0 0 0 0 0 0 0 
P7161 2072 8 5 0 0 0 0 0 0 0 4 0 0 0 0 14 0 0 0 0 0 0 0 0 0 12 0 0 0 0 0 0 0 
P7161 2072 9 0 0 0 0 0 0 0 0 0 0 0 0 0 0 0 0 0 0 9 0 0 0 0 0 25 54 0 0 0 0 -999 
P7161 2072 10 0 0 9 0 0 0 0 0 0 11 0 0 10 10 21 24 0 21 0 4 0 0 0 5 0 0 14 4 1 0 0 
P7161 2072 11 5 0 0 0 0 26 0 0 9 38 33 4 0 0 0 0 0 6 39 0 18 21 0 0 30 32 0 7 0 0 -999 
P7161 2072 12 0 0 30 0 0 0 12 0 0 0 3 0 13 15 0 0 21 0 22 0 103 0 14 30 103 83 0 0 18 49 0 
P7161 2073 1 0 0 0 0 0 0 0 0 0 0 0 0 4 0 0 29 8 0 28 25 0 36 0 0 0 0 16 7 9 12 16 
P7161 2073 2 36 95 78 54 35 0 0 18 0 15 0 0 0 24 0 2 7 0 0 0 0 0 0 0 27 77 53 0 -999 -999 -999 
P7161 2073 3 75 18 0 0 12 0 25 28 49 45 23 21 0 26 27 21 16 0 14 19 30 0 3 28 44 27 107 132 128 0 0 
P7161 2073 4 7 0 0 13 19 0 0 0 15 0 39 37 0 0 0 0 0 10 21 0 32 0 0 0 65 42 0 9 0 0 -999 
P7161 2073 5 5 0 11 0 11 0 18 0 0 2 0 0 41 55 31 78 53 12 0 0 0 2 0 0 0 0 0 8 0 0 0 
P7161 2073 6 0 0 0 0 0 0 0 0 0 0 0 0 0 0 0 0 0 0 0 0 0 0 0 0 0 0 0 0 0 0 -999 
P7161 2073 7 0 0 0 0 0 0 0 0 0 0 0 0 0 0 0 0 0 0 0 0 0 0 0 0 0 0 0 0 0 0 0 
P7161 2073 8 0 0 0 12 0 0 0 0 0 0 0 0 0 0 0 0 0 0 0 0 28 0 0 0 0 0 4 0 3 0 0 
P7161 2073 9 0 0 0 0 0 0 0 12 0 0 0 0 0 0 0 37 0 21 0 0 0 0 24 0 0 0 0 5 13 0 -999 
P7161 2073 10 5 0 0 0 0 0 0 0 40 0 0 0 0 0 0 0 0 0 0 9 0 0 0 0 0 8 0 0 0 0 0 
P7161 2073 11 18 39 0 0 0 0 0 0 0 0 0 7 0 9 37 81 24 36 90 0 88 100 0 0 0 0 32 8 0 0 -999 
P7161 2073 12 1 4 0 0 0 0 0 0 0 0 0 26 35 23 0 2 0 8 26 29 13 0 0 0 20 0 4 33 93 132 362 
P7161 2074 1 157 0 49 159 174 155 0 19 0 76 0 37 0 5 0 5 0 0 0 0 0 0 0 0 0 17 0 0 34 0 0 
P7161 2074 2 0 4 4 0 0 9 8 0 13 0 0 20 32 0 14 0 60 33 22 0 0 26 0 0 24 120 125 169 -999 -999 -999 
P7161 2074 3 140 0 13 0 0 44 51 22 14 0 13 36 0 0 0 0 0 0 0 0 0 0 0 0 38 10 0 0 9 10 30 
P7161 2074 4 0 0 0 26 0 0 0 0 25 0 0 0 0 0 28 77 22 38 65 67 0 9 0 0 0 11 11 0 0 3 -999 
P7161 2074 5 0 0 0 0 0 6 0 8 0 28 0 0 35 0 38 0 0 19 0 13 23 12 0 9 7 0 0 0 0 0 11 
P7161 2074 6 13 0 0 0 0 0 0 5 0 20 0 0 5 3 0 0 0 0 0 0 0 0 0 0 0 0 0 0 0 0 -999 
P7161 2074 7 0 0 0 0 0 0 0 0 0 0 0 0 0 0 0 0 0 0 0 0 0 0 0 0 0 0 0 0 0 0 0 
P7161 2074 8 0 0 0 0 0 0 0 0 0 0 0 0 0 0 0 0 0 0 5 0 0 0 0 0 0 0 0 0 8 0 9 
P7161 2074 9 0 0 0 8 7 0 0 0 0 0 0 12 0 0 8 4 0 0 0 0 0 10 12 0 0 0 3 0 0 0 -999 
P7161 2074 10 0 0 0 0 0 0 0 0 0 0 5 4 0 5 0 0 0 11 12 0 13 0 35 14 0 0 0 0 0 0 0 
P7161 2074 11 0 0 0 30 0 0 0 11 0 0 15 0 0 12 0 0 0 9 29 0 36 0 0 36 28 0 0 0 0 0 -999 
P7161 2074 12 0 0 0 0 0 0 0 0 18 14 0 62 64 11 7 0 0 0 0 0 0 2 0 0 2 0 0 9 22 48 11 
P7161 2075 1 0 2 0 0 0 0 0 5 15 19 0 0 0 16 57 0 0 13 0 22 18 21 0 0 0 0 0 6 6 3 3 
P7161 2075 2 6 25 25 42 49 93 64 72 74 0 133 172 124 0 0 0 0 12 0 45 29 0 0 59 0 11 8 6 -999 -999 -999 
P7161 2075 3 14 30 0 7 0 0 0 0 3 6 0 0 2 0 14 0 30 41 0 31 0 70 43 0 52 33 24 11 0 0 0 
P7161 2075 4 0 21 0 28 23 45 0 112 80 0 0 0 12 0 0 5 0 0 33 56 0 0 0 2 0 0 0 0 0 0 -999 
P7161 2075 5 13 0 0 0 8 0 11 0 0 0 0 0 6 0 0 0 0 0 0 0 0 16 0 0 0 0 0 0 0 0 0 
P7161 2075 6 0 0 0 0 0 0 0 0 0 0 12 16 0 7 0 0 0 0 0 0 0 0 0 0 0 0 0 0 0 0 -999 
P7161 2075 7 0 0 0 0 0 0 0 0 0 0 0 0 0 0 0 0 0 0 0 0 0 0 0 0 0 0 0 0 0 3 0 
P7161 2075 8 0 0 0 0 0 0 0 0 0 0 0 0 0 0 6 6 0 0 0 0 12 10 0 0 0 0 0 0 0 0 0 
P7161 2075 9 0 0 0 0 0 0 0 0 0 13 0 0 0 0 0 0 0 0 0 0 0 0 0 0 7 0 0 10 9 9 -999 
P7161 2075 10 18 25 0 0 0 0 48 100 94 30 0 0 0 31 0 0 0 0 0 0 3 0 0 6 0 0 0 46 73 92 46 
P7161 2075 11 14 0 13 12 0 67 62 0 0 0 13 0 39 41 126 60 0 20 23 0 0 68 53 31 0 0 0 0 0 0 -999 
P7161 2075 12 0 0 0 67 0 0 0 0 41 20 24 24 18 42 70 34 28 27 0 9 0 0 1 0 0 0 0 14 0 0 0 
P7161 2076 1 0 0 0 0 13 0 0 9 10 0 9 0 9 8 0 0 1 0 0 0 7 0 0 0 0 0 0 0 0 23 60 
P7161 2076 2 115 51 16 0 1 0 0 3 0 0 0 0 0 0 0 0 0 0 11 37 0 0 5 0 0 0 6 13 -999 -999 -999 
P7161 2076 3 25 21 15 0 0 25 32 0 0 0 32 0 0 0 6 8 0 0 0 22 15 0 32 0 23 0 0 0 0 0 0 
P7161 2076 4 0 0 0 0 0 19 0 16 19 0 0 17 0 17 43 51 28 0 0 0 5 0 0 12 10 0 12 0 6 0 -999 
P7161 2076 5 36 62 27 0 18 0 0 0 0 0 0 0 17 39 15 15 0 0 0 0 0 0 0 28 0 0 0 0 0 0 0 
P7161 2076 6 0 0 0 0 0 0 0 6 0 0 0 0 0 0 0 0 0 0 0 0 0 0 0 0 0 0 0 0 0 0 -999 
P7161 2076 7 0 0 0 0 0 6 0 0 10 0 0 16 0 0 0 0 0 0 0 0 0 0 0 0 0 0 0 0 0 0 0 
P7161 2076 8 0 0 0 0 0 0 0 0 0 0 0 6 0 0 20 11 0 0 0 3 0 0 0 0 0 7 0 0 0 0 25 
P7161 2076 9 0 0 0 0 0 0 0 0 0 0 0 0 0 0 0 0 0 5 0 18 0 15 0 0 0 0 0 0 7 0 -999 
P7161 2076 10 0 0 0 44 44 0 0 0 0 0 0 0 0 3 0 0 0 0 0 0 0 5 12 19 0 0 49 94 29 7 0 
P7161 2076 11 0 0 0 0 0 0 6 0 0 0 10 0 0 0 12 11 0 21 18 29 0 0 24 0 0 0 0 58 0 0 -999 
P7161 2076 12 0 0 0 0 0 0 0 0 47 58 52 65 23 0 9 27 0 7 0 0 0 0 0 0 13 13 0 0 20 13 0 
P7161 2077 1 0 0 0 0 0 0 0 0 21 0 0 0 0 0 47 17 0 0 0 0 16 0 0 0 0 0 15 10 0 4 30 
P7161 2077 2 34 36 43 47 0 32 0 47 34 52 18 0 0 0 0 34 45 75 119 42 30 10 0 24 46 0 0 0 -999 -999 -999 
P7161 2077 3 0 0 0 0 0 27 0 36 0 23 15 22 13 0 0 0 0 14 0 40 52 70 42 0 0 0 0 1 0 0 0 
P7161 2077 4 0 14 0 0 0 2 4 0 0 0 0 0 3 0 0 0 0 22 23 0 0 10 18 0 0 0 0 21 0 0 -999 
P7161 2077 5 0 0 0 0 5 0 21 0 35 0 0 0 0 0 0 0 0 0 8 26 0 0 0 0 0 0 21 30 0 0 0 
P7161 2077 6 31 0 0 0 0 0 0 0 0 0 0 0 17 0 0 0 0 0 0 0 0 0 0 10 0 31 0 0 11 0 -999 
P7161 2077 7 0 0 0 0 0 0 0 0 0 0 0 0 0 0 0 0 0 0 0 0 0 0 0 0 0 0 0 0 0 0 0 
P7161 2077 8 0 0 0 0 0 0 0 0 0 0 0 0 0 0 0 0 0 0 0 0 0 0 0 0 0 0 0 0 0 0 5 
P7161 2077 9 11 0 0 0 0 0 0 0 14 0 0 0 0 0 0 0 0 0 0 0 0 20 18 16 0 0 0 0 20 0 -999 
P7161 2077 10 0 0 0 0 0 0 0 0 0 0 0 7 3 0 0 0 13 32 0 12 0 39 0 0 0 7 9 0 50 0 38 
P7161 2077 11 49 34 0 18 9 7 12 31 108 90 62 0 0 0 72 0 40 0 14 44 0 0 54 58 0 0 0 0 0 0 -999 
P7161 2077 12 48 101 82 55 0 95 108 0 17 60 112 0 0 0 7 0 0 0 0 0 0 0 0 0 0 0 11 11 0 6 0 
P7161 2078 1 150 212 171 131 82 109 19 0 123 70 0 18 95 37 96 73 58 27 0 0 21 11 0 0 0 0 0 0 5 4 0 
P7161 2078 2 6 0 7 0 0 0 0 0 0 0 0 0 0 0 0 7 0 7 8 0 5 17 21 18 98 151 0 45 -999 -999 -999 
P7161 2078 3 0 0 27 0 0 19 0 77 43 17 0 0 23 31 69 58 96 105 74 83 62 37 31 46 0 20 0 10 0 0 0 
P7161 2078 4 73 45 0 13 28 26 23 18 0 17 21 0 23 63 0 26 22 0 21 20 0 0 0 0 0 0 0 0 12 0 -999 
P7161 2078 5 51 81 0 0 0 0 0 0 30 0 0 0 0 0 0 0 29 0 0 0 0 0 0 0 5 0 0 0 0 0 0 
P7161 2078 6 0 23 0 23 0 0 0 15 0 0 0 0 0 0 0 0 10 0 0 0 0 0 0 0 0 11 0 0 0 0 -999 
P7161 2078 7 0 10 7 0 0 0 0 0 5 0 0 0 0 5 0 0 0 0 0 0 0 8 0 0 0 0 0 0 0 0 0 
P7161 2078 8 0 0 0 0 0 0 0 0 0 0 0 0 0 0 0 20 23 0 0 0 0 0 0 0 0 0 0 10 0 0 0 
P7161 2078 9 0 0 7 0 0 0 0 0 0 0 0 0 4 0 10 0 17 0 14 0 0 0 0 0 0 0 0 0 0 0 -999 
P7161 2078 10 0 0 5 0 0 13 0 0 23 50 3 0 0 0 0 0 60 0 0 0 80 9 0 21 0 0 0 11 0 0 0 
P7161 2078 11 0 39 0 0 19 0 0 0 0 0 6 0 0 0 7 17 36 69 30 0 11 0 5 6 8 6 0 0 0 0 -999 
P7161 2078 12 11 6 0 0 11 9 0 6 8 23 58 23 16 0 25 0 32 0 0 0 0 0 11 0 0 91 124 55 0 186 165 
P7161 2079 1 0 11 49 0 0 0 0 0 0 0 0 0 0 0 0 1 0 0 0 22 0 0 0 1 0 0 6 0 8 0 0 
P7161 2079 2 0 10 0 0 0 0 8 0 0 0 0 0 0 0 0 0 5 0 4 0 8 12 0 39 32 11 12 0 -999 -999 -999 
P7161 2079 3 15 0 14 0 26 0 0 0 0 1 0 4 8 0 0 0 0 1 0 4 4 8 0 13 0 9 0 3 0 0 0 
P7161 2079 4 13 18 24 30 47 0 14 0 0 11 0 0 0 0 34 26 24 0 0 0 0 0 0 0 0 0 0 0 0 1 -999 
P7161 2079 5 0 0 0 7 24 21 0 0 0 14 0 0 0 0 0 0 0 0 12 0 0 0 0 0 0 0 0 0 0 0 8 
P7161 2079 6 12 9 0 0 0 0 0 0 0 21 0 4 0 0 0 0 0 0 0 0 0 0 0 0 0 0 26 0 0 0 -999 
P7161 2079 7 0 0 0 0 0 0 0 18 0 0 0 0 0 0 0 0 0 0 0 0 0 0 0 0 0 0 0 0 0 0 0 
P7161 2079 8 0 0 0 0 0 0 0 0 0 0 0 0 0 0 0 0 0 0 0 0 0 0 0 0 0 11 0 0 0 0 0 
P7161 2079 9 0 0 0 0 0 0 0 0 0 0 11 19 0 0 0 0 0 0 5 0 0 0 0 0 0 0 0 0 0 0 -999 
P7161 2079 10 8 0 0 0 6 0 0 0 0 0 0 0 0 0 0 0 0 0 0 0 30 0 0 17 13 0 30 0 0 0 12 
P7161 2079 11 23 14 29 40 77 82 86 36 0 0 0 0 0 65 0 42 68 113 0 0 0 0 0 0 32 0 3 0 0 5 -999 
P7161 2079 12 8 0 41 0 8 16 0 0 0 0 0 0 0 0 1 0 0 1 0 0 1 0 0 0 0 9 7 15 25 0 13 
P7161 2080 1 0 15 8 0 0 0 11 0 0 0 0 25 0 0 8 6 5 0 0 0 0 0 0 0 0 20 26 16 0 0 0 
P7161 2080 2 0 4 0 6 15 10 15 0 82 152 175 114 94 32 0 15 0 49 63 90 61 0 0 0 0 0 11 31 -999 -999 -999 
P7161 2080 3 64 61 0 0 44 39 56 0 109 124 101 93 0 0 0 0 4 2 4 0 0 1 0 5 10 0 10 12 0 0 16 
P7161 2080 4 0 0 0 0 0 0 13 28 44 26 36 42 0 5 0 0 0 0 0 0 19 37 0 24 0 21 13 0 0 0 -999 
P7161 2080 5 14 0 0 12 16 0 0 0 0 0 0 35 34 35 0 0 0 0 28 26 0 0 0 0 0 0 0 0 0 0 0 
P7161 2080 6 0 0 0 0 0 20 6 0 0 5 0 0 13 0 0 0 0 0 0 0 0 11 0 0 0 0 0 0 0 0 -999 
P7161 2080 7 0 0 0 0 0 0 6 0 0 0 5 0 0 0 0 0 0 0 0 0 0 8 0 0 0 0 0 0 0 0 0 
P7161 2080 8 0 14 0 0 0 0 0 0 3 0 0 0 0 0 0 0 0 0 0 0 4 0 0 0 6 0 0 0 0 0 0 
P7161 2080 9 0 0 0 0 0 0 0 0 0 0 0 0 0 0 0 5 0 0 0 0 0 6 5 8 0 33 0 0 0 0 -999 
P7161 2080 10 0 42 50 74 83 68 0 96 54 56 25 65 68 36 51 0 0 0 0 0 0 0 0 0 0 3 0 0 0 0 20 
P7161 2080 11 35 36 36 0 52 28 0 0 0 0 0 10 17 0 30 0 0 0 13 14 0 4 0 0 0 10 0 0 0 20 -999 
P7161 2080 12 0 0 96 105 122 116 150 128 0 0 0 0 0 35 0 0 0 0 0 0 0 0 0 0 0 94 0 0 24 32 0 
P7161 2081 1 103 90 168 114 0 0 0 0 0 0 16 0 0 0 55 21 0 0 0 146 130 0 49 34 20 64 41 0 44 0 0 
P7161 2081 2 9 0 23 19 46 0 0 33 0 0 0 1 6 11 0 0 0 11 0 23 0 9 46 0 44 0 10 0 -999 -999 -999 
P7161 2081 3 0 20 45 106 40 29 0 0 60 0 0 0 0 24 0 0 67 137 103 105 92 159 101 65 19 17 57 0 0 48 96 
P7161 2081 4 98 29 31 0 0 0 18 0 0 0 59 0 0 0 47 32 7 20 0 0 17 0 0 0 57 29 0 69 48 95 -999 
P7161 2081 5 0 66 33 0 0 0 0 36 59 73 0 19 0 39 37 19 0 3 0 0 19 23 0 0 10 9 0 7 0 0 0 
P7161 2081 6 0 0 0 0 0 0 5 8 0 0 0 17 0 0 13 0 0 0 0 0 0 1 0 0 0 0 0 0 0 0 -999 
P7161 2081 7 0 0 0 0 0 0 0 0 0 0 0 0 0 0 0 0 0 0 22 0 0 0 0 0 0 0 0 0 0 0 0 
P7161 2081 8 0 0 0 0 0 0 0 0 0 0 0 0 0 0 7 0 13 0 0 0 0 0 0 0 0 0 0 0 11 0 0 
P7161 2081 9 0 0 18 0 0 0 0 0 0 0 0 0 0 6 0 0 0 0 0 8 0 0 9 0 0 0 0 0 0 0 -999 
P7161 2081 10 0 10 0 38 0 0 13 0 0 0 0 0 0 0 0 3 0 0 12 0 0 0 0 0 8 0 0 0 0 0 0 
P7161 2081 11 0 25 69 102 39 0 0 0 0 0 0 0 7 0 0 65 139 176 113 0 4 0 0 0 24 0 0 6 43 0 -999 
P7161 2081 12 25 24 36 0 31 95 84 97 74 0 29 95 126 96 55 46 27 0 0 0 0 0 27 0 0 0 57 0 0 12 0 
P7161 2082 1 0 0 20 25 0 11 0 10 19 25 59 0 40 14 14 14 53 74 0 38 100 213 75 58 78 0 83 0 0 2 0 
P7161 2082 2 0 0 0 0 0 0 0 0 0 0 0 4 0 0 0 0 0 0 2 0 9 9 0 0 45 37 33 39 -999 -999 -999 
P7161 2082 3 39 0 0 38 35 0 9 14 13 0 0 0 0 25 0 0 4 0 56 63 19 7 0 44 38 0 11 13 68 0 11 
P7161 2082 4 0 9 0 19 0 0 26 0 0 0 0 0 0 0 14 17 0 0 0 0 0 10 10 9 2 0 0 0 0 0 -999 
P7161 2082 5 0 0 0 0 6 0 16 29 0 10 0 0 23 0 0 10 0 0 0 0 0 0 0 0 0 2 0 0 0 0 0 
P7161 2082 6 0 8 0 0 0 0 0 0 0 11 0 4 0 0 0 0 0 0 0 0 0 0 0 0 9 0 0 0 0 0 -999 
P7161 2082 7 15 0 0 0 0 0 0 0 0 0 0 0 0 0 0 0 0 0 0 0 0 0 0 16 0 0 0 0 8 0 0 
P7161 2082 8 0 0 0 0 0 0 0 0 0 0 0 0 0 0 0 0 0 0 0 5 3 0 0 0 9 0 0 0 3 0 14 
P7161 2082 9 0 0 0 0 0 0 0 0 0 0 0 0 3 0 0 6 0 0 0 5 2 0 0 9 0 13 0 0 23 0 -999 
P7161 2082 10 0 0 0 0 0 3 0 0 0 0 0 0 0 0 0 0 0 0 0 0 0 42 38 0 2 0 0 7 0 0 19 
P7161 2082 11 84 96 77 25 0 0 0 0 10 0 19 12 0 0 0 0 103 140 20 0 0 0 0 1 0 0 1 0 0 0 -999 
P7161 2082 12 0 34 0 0 10 0 0 0 0 8 15 31 18 0 13 0 33 30 24 0 6 0 0 0 0 15 0 0 0 0 4 
P7161 2083 1 17 36 55 59 0 8 9 21 0 0 0 0 0 23 0 34 0 35 30 0 13 47 0 0 0 0 0 0 20 27 21 
P7161 2083 2 15 42 0 15 0 0 0 46 37 92 116 0 0 0 0 38 62 210 121 113 99 65 34 33 100 219 100 63 -999 -999 -999 
P7161 2083 3 77 0 39 0 3 7 0 30 0 0 0 9 0 19 29 23 9 0 0 20 0 63 117 138 0 0 167 69 0 0 11 
P7161 2083 4 18 0 14 0 0 36 66 31 0 0 0 0 0 33 43 0 19 0 0 4 7 4 0 0 0 0 39 0 0 9 -999 
P7161 2083 5 0 0 0 12 20 26 35 30 38 35 0 0 0 0 0 40 49 0 22 36 7 0 0 0 0 69 107 0 27 0 0 
P7161 2083 6 0 30 16 0 22 0 0 0 0 0 0 0 15 0 0 0 0 0 0 0 0 0 0 0 0 0 0 0 0 0 -999 
P7161 2083 7 0 0 0 12 0 0 0 0 0 0 0 0 0 0 0 9 0 0 0 0 0 0 0 7 0 4 11 0 8 0 0 
P7161 2083 8 0 0 0 0 6 0 0 0 0 0 0 0 0 0 0 0 0 0 0 0 0 0 0 0 0 0 0 0 9 0 4 
P7161 2083 9 0 0 0 0 0 0 0 0 0 0 0 0 0 0 11 0 8 6 0 0 0 3 0 4 0 0 0 6 0 0 -999 
P7161 2083 10 17 15 0 30 0 0 0 0 5 0 0 0 0 0 0 10 7 0 8 0 24 0 0 0 21 0 0 6 0 16 0 
P7161 2083 11 0 0 0 83 0 29 24 0 0 9 0 71 114 0 0 0 54 0 0 0 1 0 6 0 0 0 0 8 14 20 -999 
P7161 2083 12 0 23 0 9 0 24 71 129 201 32 22 0 0 0 163 41 0 24 43 70 0 0 0 9 0 3 3 2 6 0 0 
P7161 2084 1 0 10 0 13 0 0 0 0 0 0 0 0 0 0 0 16 35 46 0 7 32 0 32 0 51 87 63 0 0 0 40 
P7161 2084 2 0 7 0 0 6 0 0 39 40 36 0 21 26 15 0 0 0 0 0 9 0 0 10 14 0 47 58 26 -999 -999 -999 
P7161 2084 3 0 0 0 60 68 9 4 0 3 0 0 0 8 20 31 49 152 104 0 20 0 0 0 0 0 0 0 0 0 0 0 
P7161 2084 4 0 0 27 0 0 0 0 2 7 19 0 17 0 0 0 0 0 0 0 0 0 0 0 0 5 8 8 0 0 0 -999 
P7161 2084 5 0 0 0 0 0 12 0 7 3 0 0 0 0 0 0 0 0 0 10 0 0 6 8 0 0 0 0 0 0 0 0 
P7161 2084 6 0 0 0 9 0 0 0 0 8 0 0 24 0 0 0 0 0 0 0 0 0 0 0 0 0 0 0 5 0 0 -999 
P7161 2084 7 0 9 0 0 0 0 0 0 0 0 0 21 0 6 0 0 0 0 0 0 0 0 0 0 0 0 0 0 0 0 0 
P7161 2084 8 0 0 0 0 4 0 0 0 0 0 0 0 0 0 0 0 0 0 0 15 0 0 0 13 0 0 0 0 0 0 0 
P7161 2084 9 0 2 0 0 0 0 0 0 0 0 0 0 0 0 0 36 0 0 0 0 0 0 0 0 0 0 0 3 0 0 -999 
P7161 2084 10 0 0 0 0 0 0 0 10 10 4 0 0 0 0 0 6 0 0 0 0 13 0 0 0 0 21 0 64 140 142 0 
P7161 2084 11 34 32 97 0 0 26 0 86 94 23 0 0 0 0 17 17 0 0 0 0 0 0 0 0 0 0 17 55 34 0 -999 
P7161 2084 12 0 0 0 0 41 0 0 91 73 92 118 122 165 101 40 0 0 0 0 0 0 0 0 0 0 0 0 24 30 0 4 
P7161 2085 1 0 0 0 0 0 0 1 0 0 0 0 0 0 0 5 36 19 0 8 4 13 0 94 104 0 0 4 11 5 5 0 
P7161 2085 2 0 7 0 0 0 0 24 25 21 35 55 0 34 10 10 0 0 0 6 3 0 1 15 0 0 0 0 0 -999 -999 -999 
P7161 2085 3 0 0 0 0 0 0 0 0 48 0 0 94 99 48 70 0 10 0 0 0 0 17 20 29 24 0 0 0 18 0 0 
P7161 2085 4 0 0 0 0 0 0 0 35 0 24 0 76 65 0 91 64 34 30 0 0 0 0 0 0 0 6 6 0 19 34 -999 
P7161 2085 5 0 0 0 18 14 15 44 57 70 0 0 0 0 0 0 0 0 0 0 0 0 0 0 0 0 0 0 0 0 0 0 
P7161 2085 6 0 0 5 0 0 0 0 0 21 0 0 0 0 0 0 0 0 0 0 0 0 7 0 0 0 0 0 0 0 0 -999 
P7161 2085 7 0 0 0 0 0 0 0 0 0 0 0 11 0 0 0 0 0 0 0 6 0 0 0 0 0 0 0 0 0 0 0 
P7161 2085 8 0 0 0 0 0 7 0 0 0 0 0 0 0 0 0 0 0 0 0 0 0 0 0 12 15 0 0 0 0 0 0 
P7161 2085 9 0 0 0 0 0 19 0 0 0 0 0 0 0 0 0 0 0 0 0 0 0 0 4 0 0 0 0 0 0 10 -999 
P7161 2085 10 0 32 27 0 0 0 0 7 0 0 0 0 0 0 13 0 19 22 0 0 0 7 3 0 0 24 0 42 0 99 24 
P7161 2085 11 4 16 0 17 15 12 0 0 0 0 0 0 3 0 0 42 84 28 0 83 41 36 0 3 5 0 0 0 68 20 -999 
P7161 2085 12 107 0 0 19 62 105 0 0 0 0 0 0 30 0 0 18 0 17 0 18 24 33 0 0 0 0 0 0 0 0 0 
P7161 2086 1 0 0 17 0 15 17 16 0 0 4 9 17 0 62 0 5 33 109 46 40 0 0 14 0 49 22 0 0 0 20 19 
P7161 2086 2 26 0 83 30 0 38 63 56 0 15 0 36 0 9 0 18 22 0 0 0 0 0 0 0 0 0 6 0 -999 -999 -999 
P7161 2086 3 0 0 0 0 0 6 0 0 0 0 0 0 48 0 0 11 7 6 0 4 0 0 0 0 8 0 0 12 14 0 0 
P7161 2086 4 0 0 0 0 0 34 31 15 0 0 6 12 27 32 0 24 0 0 0 0 2 0 0 0 0 0 0 40 24 0 -999 
P7161 2086 5 0 28 22 61 43 0 0 0 6 0 0 0 0 0 0 0 0 6 0 0 8 10 19 0 0 0 8 0 0 0 7 
P7161 2086 6 0 0 0 0 0 0 0 0 0 0 0 0 0 0 0 0 0 0 26 0 0 9 0 0 0 0 0 0 0 0 -999 
P7161 2086 7 0 0 0 13 0 0 5 0 0 0 0 0 0 0 0 0 0 0 0 0 0 0 0 0 0 0 0 0 0 0 0 
P7161 2086 8 0 0 0 0 0 0 0 0 0 0 0 0 0 0 0 0 0 0 0 0 0 13 0 0 0 0 0 0 0 0 0 
P7161 2086 9 0 0 0 0 0 0 5 0 0 0 0 0 0 0 0 0 0 5 0 0 0 0 0 0 0 0 0 0 4 0 -999 
P7161 2086 10 0 0 0 0 0 0 0 0 21 0 0 29 0 0 6 0 0 0 0 0 0 8 0 18 35 31 0 0 0 81 40 
P7161 2086 11 0 26 47 12 44 21 0 0 7 0 18 0 0 12 0 0 0 0 40 0 48 11 0 0 0 0 5 0 39 11 -999 
P7161 2086 12 13 0 0 0 0 0 0 0 0 0 0 0 0 0 6 2 0 8 51 44 24 87 153 63 0 0 0 3 0 0 0 
P7161 2087 1 0 6 0 15 13 0 35 81 54 12 21 0 2 0 0 0 0 8 0 11 0 0 28 4 0 12 0 0 0 0 43 
P7161 2087 2 50 0 0 0 0 0 0 0 5 0 15 0 13 0 0 0 0 0 0 0 0 0 6 0 13 31 0 0 -999 -999 -999 
P7161 2087 3 89 92 0 26 0 0 20 41 39 66 0 81 29 0 11 18 18 0 17 0 0 43 46 47 0 8 0 0 16 0 0 
P7161 2087 4 31 0 10 0 0 0 0 0 11 0 0 0 2 0 0 58 0 0 0 0 0 75 0 49 75 0 0 0 0 9 -999 
P7161 2087 5 7 0 0 27 19 22 0 0 17 17 33 19 10 14 25 0 4 0 11 0 0 0 0 9 0 0 0 0 0 0 0 
P7161 2087 6 0 0 0 0 0 0 0 0 0 0 0 0 0 0 0 0 6 19 28 0 0 0 0 0 0 0 0 0 0 0 -999 
P7161 2087 7 0 0 0 0 0 0 0 0 0 0 0 0 0 0 0 0 0 0 0 0 0 0 0 0 0 0 0 0 0 0 0 
P7161 2087 8 0 0 0 0 0 0 0 0 0 0 0 0 0 0 0 0 0 0 0 0 0 0 0 9 0 0 0 0 0 0 0 
P7161 2087 9 0 0 0 0 0 0 3 0 0 0 0 0 0 0 0 0 0 0 0 0 0 0 0 4 2 0 0 0 0 0 -999 
P7161 2087 10 0 0 23 0 34 0 8 0 0 0 0 0 0 0 0 0 6 0 0 0 1 0 0 0 0 0 0 0 0 0 0 
P7161 2087 11 3 0 2 0 0 0 0 0 0 0 0 0 0 0 0 0 0 0 7 0 0 0 0 0 0 0 0 0 0 16 -999 
P7161 2087 12 15 11 13 0 1 2 0 41 0 0 0 0 0 0 0 0 0 0 10 0 0 0 131 70 29 108 49 17 67 87 40 
P7161 2088 1 0 21 59 0 8 0 5 0 0 0 0 0 0 0 0 0 3 0 0 0 0 0 6 0 6 0 30 0 0 8 0 
P7161 2088 2 6 0 10 0 0 0 68 81 153 42 8 0 0 0 0 0 0 19 20 10 0 22 0 18 25 23 28 20 -999 -999 -999 
P7161 2088 3 35 56 105 60 0 10 0 10 0 0 0 0 0 0 0 0 0 0 0 0 0 0 0 21 0 7 0 0 0 0 0 
P7161 2088 4 0 0 0 11 24 47 61 81 0 0 0 0 0 0 20 14 0 11 0 0 0 0 0 16 0 0 0 0 10 0 -999 
P7161 2088 5 13 18 22 0 41 0 0 0 25 0 15 0 0 17 0 0 16 0 38 0 0 7 0 0 0 0 0 0 0 0 0 
P7161 2088 6 0 0 10 0 0 0 0 8 0 0 0 0 0 0 0 0 0 0 0 0 0 0 0 0 0 0 0 0 0 0 -999 
P7161 2088 7 0 0 0 0 0 0 0 0 0 0 0 0 0 0 0 0 0 0 0 0 0 0 0 0 0 0 0 0 0 0 0 
P7161 2088 8 0 20 0 0 0 0 0 0 0 0 0 0 0 0 0 0 0 0 0 0 0 0 0 0 0 0 13 0 0 0 0 
P7161 2088 9 26 0 0 0 0 0 12 0 0 0 0 0 0 0 16 18 0 0 0 0 0 0 0 0 0 0 0 0 0 0 -999 
P7161 2088 10 0 0 14 14 0 0 0 0 0 13 0 17 0 0 0 0 0 0 0 0 0 31 52 55 74 115 0 0 0 0 0 
P7161 2088 11 0 0 0 0 0 0 0 0 8 21 49 33 15 17 41 36 20 149 31 0 0 0 6 0 0 0 0 33 92 28 -999 
P7161 2088 12 20 40 26 42 72 48 80 0 25 0 6 0 0 0 0 19 0 0 0 0 0 0 0 0 0 0 20 15 12 0 0 
P7161 2089 1 0 0 0 10 0 0 0 54 100 116 133 160 112 0 0 0 0 0 0 0 0 0 0 0 0 0 0 0 0 0 21 
P7161 2089 2 34 32 0 34 0 80 48 101 200 58 49 98 162 69 16 0 0 0 0 0 0 0 0 0 0 0 23 0 -999 -999 -999 
P7161 2089 3 27 0 57 0 20 18 14 17 0 5 9 0 20 39 65 78 0 21 8 12 14 0 10 44 135 0 26 30 21 53 148 
P7161 2089 4 151 142 0 0 0 0 0 0 0 1 0 0 0 0 0 12 0 11 16 19 0 0 29 0 0 0 53 30 13 22 -999 
P7161 2089 5 0 12 8 10 0 0 0 0 0 0 0 3 0 0 0 12 0 0 10 0 18 0 0 0 0 0 0 0 0 0 0 
P7161 2089 6 0 0 0 0 0 0 0 0 0 0 0 0 0 0 2 0 0 0 0 0 0 0 0 0 0 0 0 0 0 0 -999 
P7161 2089 7 0 0 6 0 0 0 0 0 0 0 0 0 0 0 0 0 0 0 0 0 0 0 0 0 0 0 0 0 19 0 0 
P7161 2089 8 0 0 14 0 11 0 0 0 0 0 6 0 0 8 0 0 0 0 0 0 0 3 0 0 0 0 0 0 0 0 0 
P7161 2089 9 0 0 0 5 0 0 0 0 0 0 0 0 5 0 0 0 0 0 0 0 0 0 0 0 0 0 0 0 0 6 -999 
P7161 2089 10 0 4 0 0 0 0 0 0 0 7 0 5 0 0 0 0 0 0 0 0 0 0 0 0 16 0 0 0 0 0 13 
P7161 2089 11 24 26 0 28 0 0 5 12 0 0 0 0 0 7 0 12 23 4 25 13 0 13 26 66 119 74 32 0 42 116 -999 
P7161 2089 12 186 0 0 31 36 38 39 92 64 66 32 0 0 0 0 3 0 0 0 0 0 5 0 0 0 0 0 0 0 0 4 
P7161 2090 1 0 0 0 0 0 0 14 12 42 51 0 41 80 75 0 22 0 0 0 0 0 1 0 0 0 0 0 17 0 0 0 
P7161 2090 2 0 0 4 22 29 0 35 23 21 46 0 64 41 28 0 0 36 0 13 0 9 0 0 0 50 56 97 86 -999 -999 -999 
P7161 2090 3 170 63 18 0 0 0 4 6 0 0 15 0 0 78 57 21 0 0 60 0 18 37 16 9 16 0 0 0 0 22 31 
P7161 2090 4 0 21 0 0 30 0 31 28 34 0 0 34 17 33 76 51 0 0 0 1 0 0 0 0 0 0 0 0 0 17 -999 
P7161 2090 5 0 32 0 0 0 2 0 0 0 0 0 0 7 0 17 0 0 0 12 0 9 0 22 0 0 0 0 0 49 0 37 
P7161 2090 6 0 24 0 0 0 0 7 0 0 0 0 0 0 0 0 0 0 0 0 8 0 0 0 0 0 0 0 0 0 0 -999 
P7161 2090 7 0 0 0 0 0 0 0 0 0 0 0 0 0 0 0 0 0 0 0 0 0 0 0 0 0 0 0 0 0 0 0 
P7161 2090 8 0 0 0 0 0 0 0 0 0 0 0 0 0 0 0 31 0 0 0 0 0 0 0 0 0 0 0 0 13 0 0 
P7161 2090 9 0 0 0 0 0 0 0 12 5 0 0 0 15 0 0 0 0 0 3 0 0 0 0 0 0 0 0 0 0 0 -999 
P7161 2090 10 0 0 0 0 0 0 27 0 0 29 37 27 27 35 0 0 0 0 17 0 0 0 27 0 0 19 30 0 71 0 0 
P7161 2090 11 0 0 17 0 10 0 0 0 0 0 54 0 14 48 53 17 0 31 0 0 0 4 20 31 0 38 0 0 0 15 -999 
P7161 2090 12 0 83 132 0 57 38 0 0 0 0 13 0 18 0 38 0 9 0 0 0 5 0 0 0 32 26 18 0 3 0 0 
P7161 2091 1 4 0 0 0 0 7 0 33 0 0 0 17 58 20 0 0 0 0 45 0 0 0 0 0 0 0 0 0 12 0 13 
P7161 2091 2 0 0 0 0 0 0 15 0 6 9 12 0 0 0 4 0 5 35 119 130 0 70 52 30 32 32 0 31 -999 -999 -999 
P7161 2091 3 29 0 0 24 64 111 0 8 0 0 0 0 0 0 0 39 0 0 0 13 4 0 5 0 0 0 0 0 0 0 0 
P7161 2091 4 0 0 0 0 0 0 0 0 0 0 15 26 0 0 16 0 40 0 28 10 0 13 0 0 0 0 0 4 0 0 -999 
P7161 2091 5 18 27 0 28 28 13 0 0 0 0 0 0 0 0 0 0 0 0 0 0 0 0 0 0 0 0 0 0 0 0 0 
P7161 2091 6 0 0 0 0 0 0 0 0 0 0 0 0 0 0 36 0 0 0 0 0 0 0 3 0 0 0 0 0 0 0 -999 
P7161 2091 7 0 0 0 0 0 10 0 0 0 0 0 0 0 0 0 7 0 0 0 0 0 0 0 0 0 0 0 0 0 0 0 
P7161 2091 8 0 0 0 0 5 0 0 0 0 0 0 0 12 0 0 0 0 0 0 0 0 0 0 0 16 0 0 0 0 4 0 
P7161 2091 9 0 0 0 0 0 0 3 0 0 0 0 0 0 8 0 0 0 0 0 0 0 0 0 6 0 0 25 11 0 13 -999 
P7161 2091 10 0 5 0 0 0 13 0 0 10 0 42 45 30 12 15 0 38 0 0 0 0 0 0 0 0 39 58 89 120 92 73 
P7161 2091 11 57 26 0 0 23 0 0 0 0 0 0 0 0 25 34 28 24 23 0 13 0 0 0 0 0 0 72 24 13 0 -999 
P7161 2091 12 80 59 0 0 0 31 17 0 0 0 0 0 0 0 5 23 0 0 0 0 0 0 23 17 28 0 0 0 0 0 0 
P7161 2092 1 0 0 0 0 0 13 0 0 0 0 0 18 13 20 37 31 82 83 106 170 0 0 0 77 0 0 102 62 93 96 49 
P7161 2092 2 56 84 62 0 28 137 89 31 72 118 61 0 24 70 0 0 47 70 26 53 0 12 60 22 0 13 38 39 -999 -999 -999 
P7161 2092 3 28 41 0 0 0 15 73 70 24 16 16 0 25 0 68 100 39 35 29 98 81 84 120 243 0 76 24 0 65 0 30 
P7161 2092 4 25 51 69 0 39 0 0 0 0 11 12 0 18 13 0 0 0 0 0 0 11 12 14 0 25 27 34 46 45 0 -999 
P7161 2092 5 21 0 0 0 5 12 0 0 0 0 4 5 0 0 0 0 65 0 0 0 0 0 0 2 0 2 0 0 0 18 0 
P7161 2092 6 0 0 0 16 0 0 0 0 0 0 0 0 0 0 0 0 0 0 0 0 0 0 0 0 0 0 0 0 0 0 -999 
P7161 2092 7 0 0 0 0 0 0 0 0 0 0 0 0 0 9 0 0 12 0 0 5 0 0 0 0 0 0 0 0 0 3 3 
P7161 2092 8 0 0 14 0 0 0 0 0 0 0 0 0 0 0 0 28 0 0 0 0 0 0 0 0 0 0 0 0 0 0 0 
P7161 2092 9 0 0 10 0 0 0 0 0 0 0 0 0 0 0 0 8 0 0 0 0 0 0 0 0 4 0 0 0 0 0 -999 
P7161 2092 10 0 3 0 0 0 0 0 13 0 23 59 60 0 11 0 0 7 0 0 30 0 0 0 0 0 0 9 0 0 0 0 
P7161 2092 11 0 17 30 0 0 0 0 0 9 0 0 54 195 149 102 0 12 14 17 31 31 18 27 103 0 39 7 0 0 0 -999 
P7161 2092 12 0 0 34 0 11 0 0 21 66 76 28 0 0 0 21 11 30 0 15 84 188 114 95 67 0 85 25 61 123 0 0 
P7161 2093 1 0 100 91 0 0 25 33 15 17 0 68 90 37 38 106 79 0 46 0 0 0 0 0 0 0 0 0 28 120 100 117 
P7161 2093 2 104 53 0 0 0 0 0 0 0 0 23 17 0 0 41 37 36 34 45 87 57 38 8 10 8 0 0 34 -999 -999 -999 
P7161 2093 3 19 0 0 0 9 0 0 18 41 54 98 0 0 13 4 0 3 5 13 8 0 17 16 0 25 48 48 49 12 17 52 
P7161 2093 4 0 0 28 22 30 38 6 0 0 0 12 0 6 0 0 47 0 0 0 0 0 0 0 0 0 0 44 46 0 26 -999 
P7161 2093 5 0 33 55 48 10 2 3 0 0 23 0 0 0 5 0 0 9 0 0 0 0 22 10 0 0 0 0 0 0 0 0 
P7161 2093 6 0 0 0 0 0 15 0 0 0 0 0 0 0 0 0 0 0 0 0 0 0 8 0 0 0 0 4 0 11 0 -999 
P7161 2093 7 0 0 0 0 0 0 0 0 0 0 0 0 0 0 0 0 0 0 0 0 0 0 5 0 0 0 0 0 0 0 0 
P7161 2093 8 0 0 0 0 0 0 0 0 0 0 0 0 0 0 0 5 0 7 0 0 0 0 0 0 0 0 0 0 0 0 0 
P7161 2093 9 0 0 0 0 0 0 0 0 0 4 0 0 0 0 0 5 0 0 0 0 0 0 0 0 0 0 0 0 19 36 -999 
P7161 2093 10 0 0 0 0 0 12 17 0 0 0 0 25 56 0 41 0 94 50 0 0 0 0 0 0 14 15 0 0 0 7 0 
P7161 2093 11 0 34 14 0 0 3 0 0 0 0 0 24 0 0 0 0 0 0 0 10 0 0 0 0 0 0 0 0 0 0 -999 
P7161 2093 12 0 0 0 0 0 0 0 0 0 0 0 0 15 0 0 4 0 0 11 0 0 0 3 0 0 0 0 0 0 0 0 
P7161 2094 1 0 0 18 0 0 11 0 16 19 22 0 5 0 0 0 25 47 120 118 81 0 134 165 169 0 80 59 142 0 122 26 
P7161 2094 2 44 0 66 113 0 9 0 0 0 0 0 0 0 0 0 0 0 0 0 0 4 0 0 0 0 0 0 0 -999 -999 -999 
P7161 2094 3 0 0 0 0 0 0 0 0 0 0 0 2 0 1 0 0 14 16 11 30 37 0 22 28 12 0 23 16 74 90 65 
P7161 2094 4 151 146 89 0 16 0 77 71 0 19 0 0 7 0 0 0 8 5 0 0 16 0 0 0 0 0 23 0 0 0 -999 
P7161 2094 5 0 0 0 0 7 0 0 0 0 0 8 0 12 0 0 0 0 0 0 3 0 0 0 0 0 0 0 0 0 0 0 
P7161 2094 6 0 0 0 0 0 0 0 0 0 0 0 0 0 0 9 0 0 0 4 0 3 0 0 0 0 0 0 0 0 0 -999 
P7161 2094 7 0 0 0 0 0 0 0 0 0 0 0 0 0 0 0 0 0 0 0 0 0 0 0 0 0 0 0 0 0 0 0 
P7161 2094 8 0 0 0 0 0 0 0 0 15 5 0 0 0 0 0 0 0 0 0 4 0 8 0 6 0 5 0 0 0 0 0 
P7161 2094 9 0 0 17 0 0 0 0 0 0 0 0 0 0 0 0 0 0 0 0 0 8 14 0 0 0 10 0 11 0 0 -999 
P7161 2094 10 0 0 0 9 0 0 0 3 0 0 12 0 0 0 0 0 0 14 37 29 33 0 55 0 15 32 0 0 0 5 0 
P7161 2094 11 0 0 1 7 0 0 0 0 0 0 27 0 56 111 37 13 33 42 28 50 32 30 49 0 0 32 21 26 0 18 -999 
P7161 2094 12 8 0 0 0 0 0 0 0 2 0 15 16 0 0 12 0 10 22 41 27 0 3 5 0 0 0 0 0 0 24 27 
P7161 2095 1 78 50 101 128 77 28 25 102 89 0 47 24 0 0 36 0 0 0 0 0 0 13 24 41 98 112 78 83 0 16 0 
P7161 2095 2 22 0 0 14 12 0 17 0 0 0 15 0 0 0 0 6 0 0 16 12 15 0 0 0 0 0 0 0 -999 -999 -999 
P7161 2095 3 0 0 4 0 0 0 0 0 0 0 0 5 6 0 0 0 0 0 2 0 0 16 14 0 0 0 0 46 66 0 28 
P7161 2095 4 38 64 87 0 0 4 4 0 0 0 28 28 0 21 28 27 0 50 34 25 0 0 0 47 15 0 0 3 0 0 -999 
P7161 2095 5 5 0 0 0 0 0 10 8 0 0 0 0 7 7 0 0 0 0 0 0 0 0 12 0 0 0 0 2 0 16 10 
P7161 2095 6 0 15 14 0 0 36 0 38 27 0 0 0 0 0 0 0 17 0 0 30 41 15 0 15 0 0 0 0 0 0 -999 
P7161 2095 7 24 0 0 6 0 0 0 6 0 0 13 0 0 0 0 0 0 0 0 0 0 0 0 0 0 0 0 12 26 0 0 
P7161 2095 8 0 0 0 0 0 0 0 0 0 0 0 0 0 0 14 0 0 0 0 0 0 0 0 0 0 0 0 0 0 0 0 
P7161 2095 9 0 5 0 0 0 0 1 0 0 0 0 0 0 0 0 0 0 0 0 0 3 0 12 20 16 0 2 0 0 0 -999 
P7161 2095 10 5 0 0 0 0 7 18 0 0 0 0 0 24 0 0 29 72 19 4 7 0 0 0 0 0 0 0 0 0 0 0 
P7161 2095 11 0 0 20 42 21 0 0 44 44 0 0 29 0 0 13 21 41 9 0 22 58 93 71 66 37 0 0 0 0 0 -999 
P7161 2095 12 0 0 0 5 0 0 25 100 82 58 0 2 23 43 72 30 0 0 19 73 44 13 14 42 163 209 102 32 9 0 35 
P7161 2096 1 0 0 0 0 69 31 66 78 108 90 42 11 0 0 24 16 4 7 0 0 0 0 0 0 0 0 8 0 0 15 8 
P7161 2096 2 20 33 44 54 23 10 0 0 7 6 0 0 14 45 100 44 0 2 1 0 0 0 0 0 0 0 12 12 -999 -999 -999 
P7161 2096 3 0 0 18 0 0 0 10 0 12 0 0 0 5 0 3 0 0 0 0 0 44 104 128 0 0 0 33 65 51 0 11 
P7161 2096 4 0 0 0 0 0 4 0 0 0 0 0 5 22 39 49 0 0 0 0 0 0 0 11 0 0 0 0 0 0 0 -999 
P7161 2096 5 0 37 24 0 0 0 0 0 0 0 0 0 14 7 5 0 0 0 0 1 0 0 0 0 0 0 0 0 8 0 0 
P7161 2096 6 21 0 0 12 0 28 21 0 11 0 0 0 0 0 0 0 0 3 0 0 0 7 4 3 0 0 4 0 0 4 -999 
P7161 2096 7 0 0 0 0 0 3 0 0 0 0 0 0 3 0 0 0 0 0 0 0 0 0 0 0 0 0 0 0 0 0 0 
P7161 2096 8 0 0 0 7 0 0 0 0 7 0 0 4 0 0 0 0 0 0 0 0 0 0 0 0 0 13 0 0 0 0 0 
P7161 2096 9 0 4 0 0 4 0 0 0 0 0 0 0 0 2 0 9 6 0 0 0 15 0 0 0 0 0 0 0 0 0 -999 
P7161 2096 10 0 52 16 0 16 0 0 0 0 17 0 0 3 0 0 0 17 55 51 44 0 46 0 0 2 2 0 0 0 0 0 
P7161 2096 11 6 0 0 0 0 0 0 0 0 0 0 0 0 0 8 0 0 0 0 6 3 3 0 0 15 0 0 0 0 0 -999 
P7161 2096 12 0 0 0 0 0 0 0 0 0 0 23 33 13 35 37 0 0 41 0 0 9 0 33 0 0 15 0 0 28 0 12 
P7161 2097 1 0 11 12 0 0 0 17 17 0 0 9 0 0 0 0 0 0 0 0 0 0 0 0 0 66 56 44 0 14 0 0 
P7161 2097 2 18 21 17 27 33 40 8 0 0 0 0 0 0 0 30 0 0 0 18 0 5 0 0 0 16 0 0 0 -999 -999 -999 
P7161 2097 3 0 65 0 0 0 37 0 0 0 0 1 0 0 0 0 0 0 0 0 0 0 0 23 0 33 42 15 0 34 0 4 
P7161 2097 4 3 0 0 11 0 31 0 0 0 29 31 0 65 0 0 0 0 10 3 31 0 0 6 55 19 0 0 0 2 0 -999 
P7161 2097 5 0 0 0 0 0 0 0 0 19 0 0 0 0 0 0 0 25 26 34 0 0 0 32 21 0 0 0 0 0 0 0 
P7161 2097 6 0 0 0 0 0 0 0 0 0 0 0 11 0 0 0 0 0 0 21 0 0 0 0 0 0 0 0 0 0 0 -999 
P7161 2097 7 0 0 0 0 0 0 0 0 0 0 0 0 0 0 0 0 0 0 6 0 0 0 0 0 0 0 0 5 0 0 0 
P7161 2097 8 0 0 0 0 0 0 0 0 0 0 0 0 0 0 0 0 0 0 0 0 0 0 0 0 0 0 0 0 0 0 0 
P7161 2097 9 0 0 0 0 0 0 0 0 0 0 0 0 0 0 0 0 0 0 0 0 0 0 0 0 0 0 0 0 0 9 -999 
P7161 2097 10 0 0 0 0 0 0 0 0 0 0 0 5 4 0 46 0 60 72 0 0 0 0 13 0 0 0 0 0 0 0 0 
P7161 2097 11 0 5 5 8 6 0 0 0 2 0 6 0 7 0 0 0 6 0 0 0 1 0 0 0 0 0 0 0 26 0 -999 
P7161 2097 12 0 0 7 3 0 0 0 0 0 0 0 0 0 3 0 0 0 0 4 0 3 0 1 0 0 0 0 33 0 37 51 
P7161 2098 1 67 0 19 46 120 0 0 6 0 12 8 0 0 15 0 0 0 0 18 79 55 49 0 39 0 0 0 0 5 0 0 
P7161 2098 2 0 10 0 0 7 8 16 27 36 59 42 60 36 11 39 12 0 40 26 0 24 0 0 0 0 0 0 31 -999 -999 -999 
P7161 2098 3 0 0 0 0 0 41 0 0 0 0 0 0 0 0 0 0 0 10 0 0 0 0 2 0 0 20 55 0 0 8 0 
P7161 2098 4 0 0 22 0 0 35 50 20 0 5 0 10 0 0 0 0 0 0 0 0 0 0 82 20 0 0 0 0 0 0 -999 
P7161 2098 5 0 0 0 0 0 0 43 50 52 72 77 0 19 0 13 0 23 0 9 23 0 20 0 0 0 0 0 0 0 0 0 
P7161 2098 6 0 0 1 0 0 0 0 31 0 10 0 0 13 0 0 0 3 0 0 0 0 0 0 0 0 0 0 0 0 0 -999 
P7161 2098 7 0 0 0 0 0 0 0 0 0 0 0 7 0 0 12 0 0 0 0 0 0 7 0 0 0 0 0 0 0 0 0 
P7161 2098 8 0 0 0 0 0 0 0 0 0 0 0 0 0 0 0 0 0 0 0 0 0 0 0 0 0 0 2 5 0 0 0 
P7161 2098 9 0 0 2 0 0 3 0 0 0 0 0 0 0 4 0 0 11 0 0 0 0 0 0 0 0 0 0 0 9 0 -999 
P7161 2098 10 0 0 0 0 0 0 0 0 0 0 0 0 0 0 0 34 0 54 16 0 12 0 0 0 23 53 63 27 0 0 0 
P7161 2098 11 0 0 8 0 0 0 7 0 9 0 12 27 0 40 32 0 0 41 87 0 28 39 0 0 0 0 0 0 0 0 -999 
P7161 2098 12 0 0 0 0 0 0 0 0 3 0 0 0 0 0 9 8 11 15 29 56 0 35 0 0 44 0 0 0 34 13 0 
P7161 2099 1 0 0 0 0 0 0 0 0 0 41 57 35 0 0 3 0 51 23 0 28 43 60 129 0 12 25 12 0 4 12 2 
P7161 2099 2 0 0 10 42 0 12 0 49 0 0 0 0 0 0 0 0 6 0 0 0 10 20 46 111 147 0 22 31 -999 -999 -999 
P7161 2099 3 84 115 125 127 0 14 14 19 21 18 0 0 13 48 40 0 0 115 148 139 0 0 0 0 0 0 0 8 0 0 27 
P7161 2099 4 22 0 0 0 0 10 15 5 0 0 0 0 0 0 0 0 0 4 0 0 0 0 0 0 36 21 48 52 0 48 -999 
P7161 2099 5 0 0 0 7 0 0 0 0 0 18 0 0 0 0 13 0 0 0 9 0 0 0 37 49 21 0 0 0 20 0 0 
P7161 2099 6 0 0 0 0 0 0 0 0 0 0 0 5 0 0 0 0 0 14 0 0 0 0 0 0 0 0 0 0 0 0 -999 
P7161 2099 7 0 0 0 0 9 0 0 0 0 10 13 0 0 0 0 0 0 0 0 0 0 0 7 0 6 0 0 0 0 0 0 
P7161 2099 8 0 0 0 0 0 9 0 0 0 0 0 0 0 0 0 0 0 0 0 0 0 0 0 0 0 0 0 0 0 0 0 
P7161 2099 9 0 6 0 0 0 0 0 0 0 0 0 0 0 0 0 7 0 0 0 0 0 0 14 0 8 10 4 0 0 4 -999 
P7161 2099 10 5 0 0 0 0 10 0 0 0 44 0 62 0 11 0 0 5 0 0 0 0 0 0 11 24 44 30 20 0 0 0 
P7161 2099 11 0 0 27 0 0 0 4 10 0 0 0 0 19 0 0 44 0 0 0 4 0 12 9 0 0 0 0 56 46 12 -999 
P7161 2099 12 0 6 9 9 0 59 45 27 17 13 12 10 0 0 0 0 0 0 0 0 27 19 29 40 139 212 242 193 110 53 0 
P7161 2100 1 39 0 0 0 0 0 0 30 20 0 99 0 141 0 0 0 0 0 0 0 0 0 15 7 4 0 0 0 0 0 0 
P7161 2100 2 20 84 89 0 0 0 0 0 37 85 42 0 6 8 0 23 0 0 0 0 0 1 0 0 2 0 0 0 -999 -999 -999 
P7161 2100 3 23 0 59 45 22 15 0 18 20 37 34 0 60 24 0 6 0 0 0 0 33 48 43 0 0 34 28 25 47 0 38 
P7161 2100 4 47 39 37 0 0 11 0 0 10 32 65 118 50 44 0 33 17 0 17 0 5 0 0 0 0 0 0 6 0 0 -999 
P7161 2100 5 0 0 0 0 0 0 0 0 0 14 0 9 0 0 0 0 26 36 22 27 20 0 0 44 64 25 0 0 13 0 0 
P7161 2100 6 0 0 0 0 0 0 2 0 0 0 0 0 0 13 0 0 0 0 0 0 0 0 11 0 0 0 0 0 0 0 -999 
P7161 2100 7 0 4 0 0 0 0 0 0 4 0 0 0 0 0 6 0 0 0 0 0 0 0 0 0 0 0 10 0 0 0 0 
P7161 2100 8 0 0 0 0 0 0 0 0 0 0 0 0 0 0 0 0 0 0 0 0 21 0 0 0 0 0 0 0 0 0 0 
P7161 2100 9 0 0 0 2 0 0 0 0 0 5 0 0 0 0 0 7 2 0 0 0 12 0 0 0 0 0 0 0 10 0 -999 
P7161 2100 10 0 0 0 0 0 15 33 0 19 23 0 47 36 44 20 0 0 20 0 0 23 63 76 0 0 0 3 11 36 0 6 
P7161 2100 11 21 19 0 39 0 84 36 29 96 81 14 0 65 87 133 93 66 74 63 53 26 45 61 86 33 0 0 6 0 0 -999 
P7161 2100 12 0 0 4 13 0 0 1 1 0 0 0 2 0 0 1 0 0 0 0 0 0 0 0 13 0 6 0 9 0 1 1 
