precip	MIROC5	RCP60	REGRESION	decimas	1
P1028	37.242	-7.317	182	geo	2006	2100	-1
P1028 2006 1 0 0 0 0 0 28 0 37 37 0 29 153 121 0 87 79 67 56 50 0 9 16 10 0 0 0 17 0 49 0 0 
P1028 2006 2 0 130 28 0 0 0 6 0 0 0 0 0 52 64 0 0 8 6 16 0 0 8 8 9 0 0 5 12 -999 -999 -999 
P1028 2006 3 0 50 94 88 72 82 80 92 40 115 0 0 0 30 50 0 183 137 58 32 42 0 38 0 39 29 23 44 0 43 42 
P1028 2006 4 12 0 0 0 24 0 0 37 3 0 0 0 0 0 0 0 0 0 0 0 0 0 0 18 0 0 0 0 26 0 -999 
P1028 2006 5 0 0 28 28 27 41 18 0 6 0 0 0 0 0 0 6 0 0 11 8 0 0 0 0 0 0 0 0 16 9 0 
P1028 2006 6 0 0 0 0 0 0 0 0 0 0 0 0 0 0 0 0 0 0 0 0 12 0 0 0 0 0 0 0 0 0 -999 
P1028 2006 7 0 0 0 0 0 0 0 0 0 0 0 11 0 0 0 0 0 0 0 0 0 0 0 0 0 0 0 0 0 0 0 
P1028 2006 8 0 0 0 0 0 0 0 0 0 0 0 0 0 0 0 0 0 0 0 0 0 0 0 0 0 0 0 0 0 0 0 
P1028 2006 9 0 0 0 0 0 0 0 0 0 0 0 5 0 0 0 18 0 0 0 3 0 0 0 0 0 0 0 3 0 0 -999 
P1028 2006 10 0 0 0 0 29 0 8 0 0 0 0 0 0 0 0 19 8 0 0 0 0 0 0 15 0 0 0 13 0 0 7 
P1028 2006 11 0 18 0 0 0 0 54 48 0 11 0 0 0 0 0 0 0 3 6 11 13 6 24 25 0 0 0 0 0 0 -999 
P1028 2006 12 0 0 0 0 0 0 33 178 203 0 76 105 0 39 105 102 9 0 0 0 0 53 106 45 45 47 41 44 59 39 0 
P1028 2007 1 0 0 7 0 0 0 0 0 0 0 0 0 0 0 0 0 4 0 0 0 0 0 0 7 11 14 0 7 0 0 19 
P1028 2007 2 14 11 0 0 8 14 58 150 158 70 22 16 8 0 13 17 50 55 0 0 0 0 0 37 61 51 50 29 -999 -999 -999 
P1028 2007 3 23 48 0 125 68 0 0 0 25 0 27 0 43 58 0 0 0 15 25 38 0 0 0 0 0 0 0 0 0 0 0 
P1028 2007 4 0 0 0 0 0 5 1 0 0 0 32 0 0 8 0 0 0 48 44 0 29 10 0 31 10 4 2 0 0 0 -999 
P1028 2007 5 0 0 0 0 69 0 9 10 0 0 0 0 0 22 0 0 0 0 23 0 0 0 0 0 0 0 0 0 0 10 0 
P1028 2007 6 0 11 0 0 14 0 25 0 0 0 0 0 0 0 0 0 0 0 0 0 0 0 0 0 10 16 0 0 0 0 -999 
P1028 2007 7 10 0 0 0 0 0 0 0 0 0 0 0 0 0 0 0 7 0 0 0 0 0 0 0 0 0 0 0 0 0 0 
P1028 2007 8 0 0 0 0 0 0 0 0 0 0 0 0 0 0 0 0 13 0 0 0 7 0 0 0 0 0 19 0 0 0 0 
P1028 2007 9 0 0 0 0 6 0 0 0 0 0 0 0 0 0 0 0 0 0 10 0 0 8 0 0 18 0 0 0 0 0 -999 
P1028 2007 10 0 0 0 0 0 0 0 25 0 0 0 0 39 39 0 30 59 54 0 0 0 35 38 25 0 0 15 0 0 0 0 
P1028 2007 11 0 0 0 0 3 0 0 0 0 32 63 0 0 0 0 0 0 0 0 0 0 0 0 0 1 0 50 0 0 0 -999 
P1028 2007 12 0 0 0 0 0 0 19 0 0 0 0 0 0 0 0 0 93 55 0 0 0 23 23 0 0 0 0 0 0 8 0 
P1028 2008 1 16 0 0 25 11 4 0 0 0 0 17 0 0 71 39 60 22 9 13 0 60 59 24 0 60 153 156 48 61 73 108 
P1028 2008 2 158 49 96 37 31 41 62 72 0 0 71 12 0 16 0 34 60 79 72 77 0 14 0 0 19 0 0 0 -999 -999 -999 
P1028 2008 3 0 0 8 0 0 0 0 0 0 0 0 34 0 0 0 0 0 0 0 0 15 16 0 0 0 0 0 0 0 0 0 
P1028 2008 4 0 0 20 0 0 0 0 0 0 0 0 0 0 0 0 0 19 0 14 0 16 0 0 13 0 0 0 0 0 0 -999 
P1028 2008 5 20 0 6 0 0 8 0 0 10 0 39 20 0 27 0 22 0 0 0 38 0 0 46 11 7 0 6 0 0 0 0 
P1028 2008 6 0 3 0 0 21 22 12 0 0 0 0 0 0 25 0 0 0 0 0 0 0 0 0 0 0 0 0 0 0 0 -999 
P1028 2008 7 0 0 0 0 0 0 12 0 0 0 0 0 22 0 0 0 0 0 0 0 0 0 0 0 0 0 0 0 0 0 0 
P1028 2008 8 8 0 0 0 0 0 0 0 4 0 0 0 0 0 0 0 0 0 2 0 0 0 0 0 0 0 0 0 0 0 0 
P1028 2008 9 0 0 0 0 0 0 16 0 0 0 0 0 0 0 0 0 0 13 0 0 0 0 0 0 0 0 6 0 0 0 -999 
P1028 2008 10 0 7 0 0 0 0 7 0 0 0 0 18 19 0 0 0 0 0 0 0 22 0 0 18 12 0 19 16 11 6 12 
P1028 2008 11 0 0 10 0 0 0 1 0 0 0 0 0 0 0 0 10 0 16 0 0 0 0 0 0 0 0 0 0 0 2 -999 
P1028 2008 12 0 0 0 0 0 0 0 0 0 16 0 0 6 8 0 0 9 0 0 0 0 0 13 0 21 19 22 13 0 0 0 
P1028 2009 1 0 1 0 0 2 0 2 0 0 0 2 9 14 19 22 10 0 0 0 0 0 0 0 0 0 0 0 0 0 0 0 
P1028 2009 2 0 0 0 15 0 0 0 0 0 3 0 0 0 6 0 0 0 0 0 0 0 0 0 0 15 17 2 0 -999 -999 -999 
P1028 2009 3 31 51 41 0 0 0 0 50 0 0 0 22 19 0 0 0 37 28 19 0 2 0 26 14 0 61 74 0 80 41 20 
P1028 2009 4 38 49 9 23 35 41 0 0 8 8 0 0 0 0 0 0 0 0 0 0 0 0 0 0 0 0 0 0 0 0 -999 
P1028 2009 5 25 26 0 0 0 0 27 27 32 26 15 10 0 0 0 0 0 0 20 0 0 0 18 0 0 12 0 0 0 0 0 
P1028 2009 6 0 0 0 0 0 0 14 0 11 0 0 0 0 0 0 0 0 0 0 0 0 0 0 0 0 0 0 0 0 0 -999 
P1028 2009 7 0 0 0 0 0 0 0 0 0 0 0 0 10 0 0 0 0 0 0 0 0 0 0 0 0 0 0 0 0 0 0 
P1028 2009 8 0 0 0 0 0 0 0 0 0 0 0 0 0 0 0 0 0 0 0 0 0 0 0 0 5 0 0 0 0 15 22 
P1028 2009 9 25 9 0 0 0 0 0 0 23 0 0 0 10 0 0 0 0 0 0 0 0 0 0 8 0 0 0 11 0 0 -999 
P1028 2009 10 0 0 0 0 0 0 8 0 0 0 0 0 22 19 0 23 0 16 0 10 0 0 16 23 14 0 0 0 0 0 0 
P1028 2009 11 0 0 0 0 0 0 0 0 0 0 0 0 0 0 0 0 14 0 0 0 8 0 48 0 0 0 0 6 14 21 -999 
P1028 2009 12 9 0 21 12 25 18 43 12 17 39 28 12 11 0 0 0 33 55 22 9 0 10 11 18 0 96 70 0 12 0 0 
P1028 2010 1 0 0 96 81 0 0 0 22 0 0 0 0 0 0 13 10 0 0 17 0 0 0 0 0 0 0 0 0 0 0 32 
P1028 2010 2 0 0 0 0 0 11 0 0 4 0 0 0 0 0 0 0 0 0 0 0 0 0 0 0 3 2 3 0 -999 -999 -999 
P1028 2010 3 0 0 9 0 0 27 29 0 111 91 71 0 0 11 17 0 24 0 53 12 0 0 0 0 0 0 0 0 0 0 0 
P1028 2010 4 30 0 0 0 0 0 0 0 0 33 0 0 12 14 51 0 0 0 0 33 16 8 0 0 11 9 0 0 0 0 -999 
P1028 2010 5 0 7 23 46 0 15 0 0 0 0 0 0 22 0 0 13 0 10 0 0 0 0 0 0 0 36 21 8 14 0 0 
P1028 2010 6 0 0 0 0 0 0 0 3 0 0 0 0 0 0 0 0 0 0 0 0 0 0 0 0 0 0 0 0 0 0 -999 
P1028 2010 7 0 11 0 0 0 0 0 0 0 10 0 0 0 0 0 0 0 0 0 0 0 0 0 0 0 0 0 0 0 14 0 
P1028 2010 8 0 0 0 0 0 11 0 0 0 0 0 0 0 0 0 0 0 0 0 0 0 0 0 0 0 0 0 2 0 0 0 
P1028 2010 9 0 0 0 0 0 0 0 0 0 0 0 0 7 0 0 0 0 0 0 0 0 0 0 0 0 0 0 0 0 0 -999 
P1028 2010 10 0 0 0 0 0 0 0 0 24 37 29 15 0 21 0 0 0 0 0 0 0 0 14 0 8 0 6 0 0 0 0 
P1028 2010 11 0 0 0 0 0 0 0 0 0 0 0 0 0 0 0 0 4 0 0 0 0 0 0 0 0 0 0 5 0 0 -999 
P1028 2010 12 5 4 0 0 0 11 0 26 0 0 0 0 38 0 0 0 0 2 0 0 0 5 0 0 0 0 0 0 0 0 0 
P1028 2011 1 0 0 16 0 0 0 0 0 0 13 0 0 0 0 34 0 0 3 0 0 2 12 0 0 7 4 0 0 1 0 10 
P1028 2011 2 0 0 0 27 0 40 27 0 0 0 0 0 0 0 5 0 0 0 0 0 47 61 0 0 0 0 0 60 -999 -999 -999 
P1028 2011 3 77 73 0 0 0 0 0 0 0 0 27 0 0 0 48 92 65 31 23 27 0 35 74 141 35 17 68 91 0 0 0 
P1028 2011 4 0 0 0 0 0 17 0 0 0 25 24 24 0 0 0 0 0 61 0 32 24 0 0 0 0 0 0 0 0 0 -999 
P1028 2011 5 0 7 0 0 0 0 0 0 31 25 0 10 0 0 24 0 0 0 0 0 0 0 0 0 0 0 0 0 0 0 0 
P1028 2011 6 0 9 0 0 0 0 0 0 0 0 0 0 0 0 0 0 0 0 0 0 0 0 0 0 0 0 0 0 0 0 -999 
P1028 2011 7 3 0 3 0 0 0 0 0 4 0 0 0 0 0 0 0 0 0 15 0 0 0 0 0 0 0 0 0 0 0 0 
P1028 2011 8 0 0 0 0 0 0 0 0 0 0 0 0 0 0 0 0 0 0 0 0 0 0 2 0 0 0 0 0 0 0 0 
P1028 2011 9 4 3 0 12 0 0 0 0 0 14 0 0 0 0 0 0 0 0 0 0 0 0 9 0 0 0 0 0 0 0 -999 
P1028 2011 10 11 0 0 0 0 0 0 0 0 0 0 0 0 41 0 17 0 0 0 0 0 0 0 0 13 0 15 0 0 27 15 
P1028 2011 11 7 6 0 7 29 0 34 0 0 0 0 18 18 0 16 0 0 31 24 0 0 33 33 0 0 11 0 0 0 5 -999 
P1028 2011 12 0 34 0 0 0 11 11 0 0 0 15 17 0 0 11 32 25 38 29 46 44 28 24 0 39 17 0 7 0 0 32 
P1028 2012 1 62 0 4 0 0 0 0 0 8 0 0 0 0 0 0 0 0 1 0 0 0 0 0 12 0 0 0 0 46 31 0 
P1028 2012 2 0 0 42 17 13 0 0 0 0 0 0 0 0 0 0 0 0 28 33 0 0 0 0 18 0 0 5 0 -999 -999 -999 
P1028 2012 3 15 41 50 0 0 20 0 0 0 0 0 3 0 0 0 0 0 0 41 0 0 0 23 35 14 0 0 0 26 0 0 
P1028 2012 4 0 0 0 0 0 18 0 7 3 0 0 0 0 36 50 50 0 0 7 0 0 0 0 38 30 33 74 64 36 21 -999 
P1028 2012 5 18 32 0 18 0 0 0 0 23 0 0 0 0 25 0 12 0 0 0 0 11 11 0 0 0 0 0 0 0 0 0 
P1028 2012 6 0 0 0 0 0 0 25 0 29 0 0 0 0 0 20 0 0 0 0 0 0 0 0 0 8 0 0 0 0 0 -999 
P1028 2012 7 0 0 0 0 0 0 0 19 0 0 0 0 0 0 0 0 0 0 0 0 0 0 0 0 0 0 0 0 0 0 0 
P1028 2012 8 0 0 0 0 0 0 0 0 0 0 0 0 0 0 0 7 0 0 8 0 7 0 0 0 0 15 0 0 0 7 0 
P1028 2012 9 0 0 0 0 0 0 0 0 0 0 0 0 0 0 0 0 0 0 0 0 0 11 0 0 0 0 0 27 0 0 -999 
P1028 2012 10 0 0 0 0 0 0 0 0 0 0 51 0 0 0 0 0 26 41 0 0 0 0 0 0 13 16 0 0 0 11 5 
P1028 2012 11 11 27 28 0 9 12 4 3 0 12 0 0 0 0 0 0 0 46 0 38 0 4 5 12 0 11 11 34 53 0 -999 
P1028 2012 12 0 0 0 0 67 144 79 51 13 24 0 23 66 77 59 0 32 17 9 0 13 20 5 13 5 1 0 0 0 13 0 
P1028 2013 1 14 26 22 31 10 6 0 6 0 0 0 0 0 0 0 0 5 0 0 0 0 0 0 1 0 3 7 0 16 29 0 
P1028 2013 2 0 0 0 0 0 5 0 0 0 0 0 0 54 43 15 8 0 79 69 44 37 0 48 39 37 0 8 0 -999 -999 -999 
P1028 2013 3 0 40 53 42 15 0 0 57 36 104 112 133 60 0 26 36 40 38 44 0 33 92 47 56 43 26 0 0 57 0 0 
P1028 2013 4 40 0 16 27 0 0 0 3 0 0 0 0 0 0 9 13 0 0 0 0 0 0 0 0 50 4 0 10 0 0 -999 
P1028 2013 5 0 0 0 0 0 0 0 0 14 22 18 0 0 0 0 0 19 0 0 8 0 0 0 0 0 0 0 0 0 0 0 
P1028 2013 6 0 0 0 0 11 0 0 0 39 0 27 24 0 0 0 0 0 0 0 0 0 0 0 0 0 0 0 0 0 0 -999 
P1028 2013 7 0 3 0 0 7 10 0 0 0 0 0 0 0 0 0 0 0 0 0 0 0 0 0 0 0 0 0 0 0 0 0 
P1028 2013 8 0 0 0 0 9 0 0 0 0 0 0 0 0 0 0 0 0 0 0 0 0 0 0 0 0 0 0 0 0 0 20 
P1028 2013 9 8 0 0 0 0 0 0 0 0 0 0 0 0 0 0 0 0 0 0 0 0 0 5 0 0 0 0 0 0 0 -999 
P1028 2013 10 0 0 0 0 0 0 9 0 0 29 34 0 16 0 0 16 18 0 0 0 0 0 0 0 0 0 0 0 11 0 0 
P1028 2013 11 0 0 0 0 0 0 6 11 5 3 0 10 0 6 0 8 24 134 134 30 89 122 104 30 0 88 31 0 6 0 -999 
P1028 2013 12 9 23 12 0 0 0 0 0 0 0 14 0 0 0 38 26 0 0 0 12 19 42 43 88 0 33 0 22 0 24 34 
P1028 2014 1 33 10 0 26 21 27 0 27 6 0 7 5 0 16 32 0 0 0 0 0 19 0 0 30 45 61 104 110 138 96 35 
P1028 2014 2 16 22 0 20 34 74 0 63 24 23 6 0 12 3 0 0 0 0 0 0 0 9 0 0 0 14 0 48 -999 -999 -999 
P1028 2014 3 0 0 0 0 0 0 0 0 0 0 3 0 0 42 80 65 63 109 91 43 38 0 0 0 0 0 0 24 15 0 0 
P1028 2014 4 0 33 33 40 48 0 0 12 23 0 30 25 25 36 35 30 0 19 26 0 0 0 0 0 0 0 11 16 0 30 -999 
P1028 2014 5 27 8 24 26 0 0 0 0 0 0 0 0 0 0 0 41 0 0 0 0 28 53 48 32 12 0 0 0 0 0 0 
P1028 2014 6 13 0 45 45 29 18 0 0 0 0 0 0 0 0 8 0 0 0 0 0 0 0 0 0 0 0 0 0 0 0 -999 
P1028 2014 7 0 0 0 0 0 0 0 0 0 0 0 0 0 0 0 0 0 0 0 0 0 0 0 0 0 0 0 0 0 0 0 
P1028 2014 8 0 0 0 0 0 0 0 0 0 0 0 0 0 0 0 0 0 0 0 0 0 0 0 0 0 0 0 0 0 0 0 
P1028 2014 9 0 0 0 0 0 0 0 0 0 0 0 0 0 0 0 0 41 20 0 0 0 0 0 0 0 0 0 0 0 0 -999 
P1028 2014 10 0 0 38 37 0 5 6 0 0 10 0 0 0 0 6 7 11 29 31 32 0 0 0 10 24 24 0 13 14 8 9 
P1028 2014 11 5 0 0 0 0 0 0 9 0 0 0 0 0 7 6 4 9 31 16 26 60 98 34 38 20 7 0 0 0 0 -999 
P1028 2014 12 0 0 0 4 0 0 11 10 0 0 0 0 0 0 0 0 0 0 0 0 0 0 0 11 0 2 0 0 7 13 0 
P1028 2015 1 0 0 0 65 54 19 26 0 16 0 0 0 3 0 0 0 0 0 0 0 0 0 0 0 0 0 0 71 48 35 0 
P1028 2015 2 0 0 0 0 0 0 0 0 0 0 0 0 0 0 0 0 0 0 0 5 0 0 0 0 62 61 55 0 -999 -999 -999 
P1028 2015 3 25 32 0 56 0 8 0 0 33 0 0 0 21 32 0 9 0 0 0 19 0 34 0 15 0 0 0 0 0 0 0 
P1028 2015 4 0 12 0 0 0 0 0 8 0 9 0 0 0 0 0 0 0 0 0 6 0 0 8 5 13 24 0 42 90 80 -999 
P1028 2015 5 0 0 23 8 0 0 0 0 0 0 0 0 14 0 0 0 12 0 0 13 0 0 0 0 0 0 0 49 50 13 0 
P1028 2015 6 0 0 0 0 0 0 17 9 6 0 0 0 0 0 0 0 0 0 0 10 0 0 0 0 0 0 0 0 0 0 -999 
P1028 2015 7 0 7 0 0 0 0 7 0 0 0 0 0 0 0 0 0 0 0 0 0 0 0 0 0 0 0 0 0 0 0 0 
P1028 2015 8 0 0 0 0 0 0 0 0 30 0 0 0 0 0 0 0 0 0 0 13 13 0 16 0 0 0 0 7 0 5 0 
P1028 2015 9 0 0 0 0 0 0 0 0 0 0 0 0 0 0 0 0 0 9 0 24 0 0 0 25 33 43 35 38 0 0 -999 
P1028 2015 10 0 6 0 0 0 18 15 23 0 0 7 0 0 0 0 0 0 0 0 0 0 0 0 0 0 8 0 0 0 0 0 
P1028 2015 11 0 3 0 0 10 0 0 0 0 0 0 27 33 74 33 0 0 11 24 36 26 27 0 0 0 0 0 0 6 15 -999 
P1028 2015 12 27 45 24 42 0 29 153 82 76 46 23 70 43 14 0 46 0 0 0 0 2 0 0 3 1 0 0 0 0 0 0 
P1028 2016 1 19 0 30 0 0 0 56 38 0 0 117 96 62 70 33 23 53 0 6 0 0 0 0 0 0 21 0 24 14 0 0 
P1028 2016 2 0 3 12 13 11 10 8 8 11 15 26 0 16 23 0 0 60 0 14 21 0 0 0 0 31 0 0 0 -999 -999 -999 
P1028 2016 3 0 37 32 27 0 25 30 77 136 80 131 128 72 53 0 36 0 74 0 0 56 0 39 0 54 0 111 107 46 32 31 
P1028 2016 4 0 0 0 0 0 0 0 0 32 74 97 74 0 25 62 26 26 0 54 25 0 0 0 0 0 0 0 0 0 0 -999 
P1028 2016 5 0 18 0 0 0 0 0 0 0 0 0 0 0 16 22 0 0 0 0 0 0 2 0 0 0 0 0 0 0 0 21 
P1028 2016 6 0 0 0 2 0 0 0 10 0 0 27 0 0 0 0 6 0 0 0 0 0 0 15 12 0 0 0 0 0 0 -999 
P1028 2016 7 0 0 0 0 0 0 0 0 0 0 0 0 0 0 0 0 0 0 8 0 0 0 0 6 0 0 0 0 0 0 0 
P1028 2016 8 0 11 0 0 0 0 0 0 0 0 0 0 0 0 0 0 0 0 0 0 0 0 0 0 0 0 0 24 0 0 0 
P1028 2016 9 0 10 9 0 0 0 0 0 3 0 0 0 0 0 0 0 0 0 0 0 0 0 0 0 0 0 0 0 0 0 -999 
P1028 2016 10 0 0 0 0 0 7 11 13 7 0 13 0 0 0 41 99 77 39 50 59 81 0 0 7 0 7 0 15 0 11 0 
P1028 2016 11 19 0 0 0 0 10 0 0 0 0 4 0 4 14 54 0 0 41 50 53 39 26 0 38 39 0 0 0 0 14 -999 
P1028 2016 12 5 0 0 0 0 2 0 0 0 0 26 0 55 16 0 3 5 23 0 86 76 0 34 0 37 0 0 35 0 27 39 
P1028 2017 1 0 0 7 0 0 0 0 0 0 0 0 0 54 161 63 10 0 0 0 0 0 0 0 0 0 0 0 0 0 0 0 
P1028 2017 2 0 0 0 0 0 0 0 0 18 0 0 0 0 0 0 0 0 7 0 0 0 0 0 0 0 0 0 0 -999 -999 -999 
P1028 2017 3 0 0 5 0 0 0 0 55 0 63 0 0 29 0 15 0 3 0 1 0 0 0 41 53 113 105 114 75 0 0 0 
P1028 2017 4 0 0 0 0 0 0 0 10 21 29 0 0 0 0 0 0 19 18 19 0 0 0 20 0 0 20 39 0 62 34 -999 
P1028 2017 5 0 0 0 0 0 2 0 0 0 0 0 0 0 8 6 0 0 0 0 0 0 0 0 0 0 0 2 0 0 0 0 
P1028 2017 6 0 0 0 0 0 0 0 0 0 0 0 0 0 0 0 0 0 0 0 0 0 0 0 0 0 0 0 0 0 0 -999 
P1028 2017 7 5 0 0 0 0 0 0 0 0 0 0 0 0 0 2 0 0 0 0 0 0 0 0 0 0 0 0 0 0 0 0 
P1028 2017 8 0 0 0 0 0 0 21 0 0 0 5 0 0 0 3 7 0 0 0 0 0 0 0 0 0 0 0 0 0 0 0 
P1028 2017 9 0 0 0 0 0 0 0 0 13 0 0 0 0 0 0 0 0 2 0 0 0 0 21 29 18 0 0 17 0 9 -999 
P1028 2017 10 0 0 0 0 0 0 0 0 0 0 0 0 0 0 24 33 39 0 0 13 0 15 18 10 0 4 0 96 152 76 0 
P1028 2017 11 0 8 31 0 0 15 13 20 14 11 34 84 134 64 0 12 0 0 13 0 38 0 0 0 11 0 0 14 0 25 -999 
P1028 2017 12 25 46 47 0 0 30 44 108 87 46 68 0 53 111 49 9 7 0 11 0 18 0 19 27 20 0 0 0 0 55 56 
P1028 2018 1 52 21 0 0 0 0 0 8 17 13 4 0 0 0 0 14 38 46 0 0 0 11 36 0 10 17 30 18 9 11 20 
P1028 2018 2 0 9 24 0 0 0 0 0 12 0 0 0 0 15 0 0 12 12 0 37 47 12 0 0 0 0 0 8 -999 -999 -999 
P1028 2018 3 0 0 0 54 44 44 0 25 0 0 0 67 43 0 0 0 0 0 0 0 0 0 0 0 0 0 47 19 13 15 7 
P1028 2018 4 12 0 0 0 0 11 0 0 0 14 0 0 4 4 17 0 0 0 0 7 11 0 0 0 62 74 41 0 20 30 -999 
P1028 2018 5 0 0 2 10 0 0 0 0 0 20 30 35 29 16 14 0 0 0 38 55 61 69 0 0 10 0 43 0 0 0 0 
P1028 2018 6 0 0 0 0 0 0 0 0 0 6 0 0 0 23 0 0 0 0 0 0 0 0 0 0 0 0 0 0 0 0 -999 
P1028 2018 7 0 0 0 0 0 0 0 12 9 0 0 0 0 0 0 0 0 0 0 0 0 0 0 0 0 0 0 0 0 0 0 
P1028 2018 8 0 0 0 0 0 0 0 0 0 0 0 0 0 0 0 0 0 0 0 0 0 0 0 0 0 0 0 0 0 0 0 
P1028 2018 9 0 0 0 0 0 0 0 0 0 0 0 0 12 0 0 0 0 0 0 0 0 0 0 15 0 0 0 0 0 0 -999 
P1028 2018 10 0 0 0 0 0 0 0 0 30 41 16 0 7 0 0 0 0 0 0 0 7 0 0 0 0 0 0 0 0 0 0 
P1028 2018 11 0 9 0 0 0 0 16 66 0 46 15 0 6 0 0 0 0 0 0 0 0 0 0 0 0 0 0 0 8 8 -999 
P1028 2018 12 10 19 9 15 8 31 49 8 7 11 59 182 96 42 0 54 0 13 0 0 19 0 0 40 36 25 26 42 53 0 37 
P1028 2019 1 48 73 79 104 83 131 97 0 0 0 19 0 0 22 34 13 57 38 67 110 175 123 31 15 30 76 0 0 14 48 77 
P1028 2019 2 50 43 9 16 45 0 0 0 0 0 87 88 135 93 23 12 49 146 100 25 13 0 0 0 0 0 0 0 -999 -999 -999 
P1028 2019 3 0 0 0 0 21 0 17 0 0 10 0 0 0 0 0 0 0 0 0 0 0 0 0 0 0 0 32 62 0 0 20 
P1028 2019 4 0 0 0 0 29 40 26 45 27 0 60 43 0 0 31 54 41 23 23 23 12 0 0 69 0 25 35 0 45 43 -999 
P1028 2019 5 0 0 0 0 16 18 21 0 40 0 0 0 31 0 10 0 0 0 0 0 0 0 0 0 0 0 0 0 0 0 0 
P1028 2019 6 0 0 0 0 19 33 0 0 21 0 0 14 0 0 0 0 0 0 0 0 0 0 0 0 0 0 0 0 0 0 -999 
P1028 2019 7 0 0 0 0 0 0 0 0 0 0 0 12 0 0 0 0 0 0 0 0 0 0 0 0 0 0 0 0 0 0 0 
P1028 2019 8 0 0 0 0 0 0 0 0 0 0 0 0 0 0 0 0 0 0 0 0 0 0 0 0 8 0 0 0 0 0 0 
P1028 2019 9 0 0 0 11 0 0 0 0 0 0 0 0 0 0 0 32 0 0 27 19 0 18 31 30 0 0 0 0 0 0 -999 
P1028 2019 10 0 0 31 16 0 0 0 0 0 0 0 47 0 0 0 0 0 0 0 0 0 0 0 0 0 0 0 0 0 0 0 
P1028 2019 11 0 0 3 0 10 13 0 0 14 0 0 0 0 0 0 0 0 0 45 46 178 160 61 0 130 93 0 0 60 97 -999 
P1028 2019 12 76 0 0 0 50 17 4 1 0 0 0 0 2 4 0 0 0 0 14 0 0 0 0 0 0 0 4 0 0 0 7 
P1028 2020 1 9 10 0 0 0 0 0 0 0 0 0 7 0 29 13 0 0 0 0 0 0 0 0 0 0 63 90 59 45 51 43 
P1028 2020 2 0 36 0 0 0 25 31 21 0 8 7 10 0 0 0 0 0 0 0 0 8 0 10 0 0 0 0 0 -999 -999 -999 
P1028 2020 3 0 0 0 0 25 31 0 1 0 0 0 0 0 0 0 0 0 0 0 0 28 34 34 0 50 34 0 0 31 28 32 
P1028 2020 4 26 0 0 0 17 0 0 4 0 0 0 21 0 0 61 74 69 59 37 50 63 0 0 0 0 0 12 14 0 0 -999 
P1028 2020 5 0 0 23 0 0 0 0 0 0 0 36 33 0 0 26 14 0 0 0 0 0 0 12 0 0 0 0 0 0 0 0 
P1028 2020 6 0 0 0 0 0 0 0 0 0 0 0 0 0 12 8 0 0 0 0 0 13 0 0 0 0 0 0 0 0 0 -999 
P1028 2020 7 0 0 0 0 0 0 0 0 0 0 0 0 15 0 0 0 0 0 0 0 0 12 0 0 0 0 0 0 0 14 0 
P1028 2020 8 0 0 0 0 28 0 0 0 0 0 0 0 0 0 0 0 0 0 0 0 0 0 0 0 0 0 0 0 0 0 0 
P1028 2020 9 11 0 0 0 0 0 0 0 0 0 0 0 0 0 0 0 0 0 0 0 0 0 0 0 0 0 0 0 14 0 -999 
P1028 2020 10 0 0 0 17 0 0 45 0 40 14 22 20 0 20 42 21 9 26 0 0 0 0 0 0 0 39 0 0 0 0 0 
P1028 2020 11 80 0 136 0 0 0 3 8 6 4 0 0 0 10 10 0 10 20 50 140 36 60 40 40 0 40 76 42 11 32 -999 
P1028 2020 12 47 36 32 11 11 0 11 32 0 0 0 0 0 0 0 0 0 0 0 24 39 150 70 77 56 80 75 13 60 45 79 
P1028 2021 1 52 81 34 0 75 0 74 112 0 10 0 5 0 0 0 0 0 0 33 0 0 14 0 0 0 22 35 21 53 0 34 
P1028 2021 2 41 0 66 78 56 0 0 0 9 0 0 0 5 0 0 2 5 0 0 13 20 20 0 0 5 7 0 0 -999 -999 -999 
P1028 2021 3 7 12 8 0 0 0 51 17 0 51 12 13 0 0 0 17 44 0 0 0 28 1 0 0 0 16 32 43 0 0 0 
P1028 2021 4 0 0 0 8 0 0 0 0 0 0 0 0 0 0 0 30 0 0 0 0 0 40 32 27 0 0 16 19 0 35 -999 
P1028 2021 5 51 34 43 0 0 0 0 1 0 10 0 0 0 0 0 0 0 0 0 0 0 0 0 0 0 0 0 0 0 0 23 
P1028 2021 6 0 45 37 0 0 0 0 7 0 0 0 0 9 0 0 0 0 0 0 0 9 0 0 0 0 0 0 0 0 5 -999 
P1028 2021 7 0 0 0 0 0 0 10 0 0 0 0 0 0 0 0 0 0 0 0 0 8 0 0 0 8 15 21 0 0 0 0 
P1028 2021 8 0 0 0 0 0 0 0 0 0 0 0 0 0 0 0 0 0 0 0 0 0 0 0 0 0 0 0 7 0 0 0 
P1028 2021 9 0 1 0 0 0 9 0 0 0 0 0 1 0 0 0 0 0 0 0 41 0 0 0 68 37 0 4 0 0 4 -999 
P1028 2021 10 0 0 0 0 16 0 14 6 0 0 0 0 0 2 0 0 10 5 8 25 83 127 112 46 21 0 0 0 4 0 9 
P1028 2021 11 8 0 30 55 79 0 0 0 0 0 37 24 0 0 0 0 80 26 0 0 0 5 4 0 14 21 37 57 55 22 -999 
P1028 2021 12 52 57 0 15 0 0 0 16 0 0 0 0 10 16 0 67 62 50 0 0 0 27 14 0 10 0 0 0 0 63 0 
P1028 2022 1 0 0 27 0 58 36 0 99 59 47 62 29 33 0 42 40 29 0 11 30 38 38 62 0 23 0 46 40 48 38 38 
P1028 2022 2 81 0 0 47 34 42 103 121 28 72 121 106 100 63 80 44 0 72 28 45 70 33 77 19 62 107 0 0 -999 -999 -999 
P1028 2022 3 0 16 0 114 111 63 43 58 54 78 0 51 0 21 0 0 0 0 0 0 0 0 0 0 0 0 0 0 0 0 0 
P1028 2022 4 0 0 0 0 0 0 0 0 0 0 0 0 8 0 0 21 0 15 0 12 0 0 9 0 0 0 0 0 0 0 -999 
P1028 2022 5 6 0 0 0 0 0 0 0 0 35 60 58 71 43 30 0 16 0 22 14 0 0 0 0 44 32 11 0 0 0 0 
P1028 2022 6 4 0 0 0 0 13 17 5 0 0 0 7 0 0 0 0 0 0 0 0 0 0 0 0 0 0 0 0 0 0 -999 
P1028 2022 7 0 0 0 0 25 0 0 0 0 0 0 0 0 0 0 0 0 0 0 0 0 0 0 0 0 0 0 0 0 7 0 
P1028 2022 8 0 0 8 0 0 0 0 0 0 0 0 0 0 0 0 0 0 0 0 0 0 0 0 0 0 0 0 0 0 0 0 
P1028 2022 9 0 0 0 0 0 0 0 0 0 5 0 0 0 0 0 0 0 0 0 0 0 0 0 0 0 0 9 0 0 0 -999 
P1028 2022 10 0 0 0 0 0 0 0 0 41 0 39 13 20 25 30 19 12 0 0 0 0 0 13 0 2 0 6 0 23 32 0 
P1028 2022 11 0 7 12 0 0 0 0 0 0 14 12 9 0 0 0 0 0 0 0 0 0 0 0 0 0 0 0 34 26 21 -999 
P1028 2022 12 30 86 126 148 68 77 0 0 85 0 5 0 9 0 2 5 0 0 9 29 0 113 73 43 43 0 31 27 0 6 6 
P1028 2023 1 8 0 0 0 4 2 1 0 0 0 0 0 0 10 8 0 0 0 0 0 0 6 1 2 2 0 0 0 0 0 0 
P1028 2023 2 0 19 0 0 0 0 0 0 0 0 0 0 0 0 20 21 0 0 21 0 18 29 45 17 0 14 0 0 -999 -999 -999 
P1028 2023 3 31 39 0 0 0 0 0 0 0 15 0 98 0 0 0 0 0 0 0 0 0 0 0 0 0 0 0 38 0 0 0 
P1028 2023 4 0 0 0 50 54 27 0 0 0 0 0 23 57 81 46 0 24 0 0 0 0 0 0 55 81 37 67 25 5 0 -999 
P1028 2023 5 0 0 0 0 0 0 0 0 0 0 53 0 20 0 19 43 0 0 42 0 14 0 0 0 0 0 0 0 0 0 0 
P1028 2023 6 0 15 0 0 12 0 0 0 5 0 0 0 0 0 0 0 0 0 0 0 0 0 0 0 0 0 0 0 0 0 -999 
P1028 2023 7 0 0 0 0 0 0 0 0 0 0 0 0 0 0 0 0 0 0 0 0 0 0 0 0 0 0 0 0 0 0 0 
P1028 2023 8 0 0 0 0 0 0 0 0 0 0 0 0 0 0 0 0 0 0 0 0 5 0 0 0 0 0 0 0 0 0 16 
P1028 2023 9 20 0 0 7 0 0 0 0 0 0 0 0 0 0 0 0 0 0 0 0 0 0 0 0 0 0 0 0 0 0 -999 
P1028 2023 10 0 0 13 0 0 0 0 0 0 0 7 0 0 0 39 0 5 0 0 0 0 0 0 0 0 20 11 0 9 0 0 
P1028 2023 11 41 25 5 0 0 7 16 28 0 44 21 16 10 5 0 0 0 0 0 0 0 0 0 15 15 7 0 8 0 0 -999 
P1028 2023 12 0 0 0 0 1 2 0 0 0 1 0 2 0 0 0 0 0 16 0 0 0 0 0 19 13 0 6 0 10 0 0 
P1028 2024 1 0 0 25 0 0 57 56 130 56 24 16 23 35 91 35 35 58 84 0 0 0 0 0 0 0 0 0 0 0 0 105 
P1028 2024 2 152 203 123 20 0 17 4 6 3 0 0 0 6 0 0 0 8 0 0 0 0 27 0 127 65 39 0 0 -999 -999 -999 
P1028 2024 3 0 62 44 45 48 0 0 45 0 0 0 0 0 0 0 0 0 0 0 0 0 0 0 0 99 116 62 23 36 33 17 
P1028 2024 4 41 44 49 27 16 9 3 1 0 0 0 0 0 0 5 0 0 0 0 0 0 0 0 10 7 0 0 0 0 0 -999 
P1028 2024 5 0 0 0 0 0 0 0 0 0 0 0 0 0 0 0 0 0 0 0 0 0 0 0 9 0 0 0 0 0 0 0 
P1028 2024 6 0 0 0 0 0 0 15 0 0 15 0 0 0 0 0 0 0 0 16 11 0 0 0 0 0 0 12 0 0 0 -999 
P1028 2024 7 0 0 0 0 0 0 0 0 0 0 0 0 0 0 0 0 0 0 0 0 0 0 0 0 0 18 0 0 0 0 0 
P1028 2024 8 0 0 0 0 0 0 0 0 0 0 0 0 0 0 0 0 0 0 0 0 0 0 0 0 0 0 0 0 0 0 23 
P1028 2024 9 0 0 0 0 0 0 0 0 0 0 7 7 0 0 2 0 13 0 0 0 0 0 0 0 0 0 0 0 0 0 -999 
P1028 2024 10 6 0 0 0 0 0 0 0 0 17 0 0 0 20 0 91 0 19 0 7 27 0 0 0 0 0 0 0 0 0 0 
P1028 2024 11 0 0 0 17 0 18 0 0 0 0 10 0 46 31 0 0 0 0 0 53 0 47 23 0 0 0 0 3 9 12 -999 
P1028 2024 12 0 0 0 17 8 0 0 0 0 0 0 0 0 0 0 0 0 29 0 0 0 0 0 0 0 22 12 0 2 0 0 
P1028 2025 1 5 0 0 0 0 0 0 0 3 9 0 49 35 0 0 0 0 23 0 0 0 37 0 47 0 35 0 0 28 25 0 
P1028 2025 2 0 14 10 0 0 0 41 54 57 0 0 0 0 40 49 0 35 10 0 56 24 41 0 0 0 0 0 0 -999 -999 -999 
P1028 2025 3 10 28 0 0 37 113 187 0 5 0 0 0 0 0 0 0 0 0 61 0 94 71 72 195 51 21 38 5 0 11 0 
P1028 2025 4 0 0 4 0 0 0 0 0 0 0 0 0 15 0 0 0 0 0 12 0 0 0 9 7 0 0 0 0 25 42 -999 
P1028 2025 5 0 0 53 49 43 0 0 30 0 0 0 0 14 0 0 0 19 0 0 0 0 0 0 0 18 0 0 0 0 0 0 
P1028 2025 6 4 0 0 0 0 0 0 0 0 0 0 0 0 0 0 0 0 0 0 0 0 0 25 0 0 0 0 0 0 0 -999 
P1028 2025 7 17 0 11 0 0 0 0 0 0 0 0 0 0 0 0 0 0 8 0 0 0 0 0 0 0 0 0 0 0 0 0 
P1028 2025 8 0 0 0 0 0 0 0 0 0 0 0 0 0 0 0 0 0 0 0 0 0 0 0 0 0 0 0 0 0 0 0 
P1028 2025 9 0 0 0 0 0 0 0 0 0 0 0 0 0 0 0 0 33 0 0 0 0 0 0 0 0 0 0 0 0 0 -999 
P1028 2025 10 0 0 0 0 0 12 0 26 14 0 1 0 0 0 0 4 0 3 0 0 0 0 0 16 25 42 0 103 0 0 8 
P1028 2025 11 9 0 0 0 0 0 0 0 0 0 0 0 0 0 0 0 0 11 0 0 0 13 0 0 0 2 0 2 0 0 -999 
P1028 2025 12 0 0 60 0 0 17 57 35 6 0 0 0 8 0 0 0 0 0 19 20 0 0 0 46 82 40 27 20 23 55 0 
P1028 2026 1 22 0 0 0 4 0 1 0 0 0 27 109 67 0 0 109 111 0 12 0 7 0 24 26 21 32 49 12 0 0 0 
P1028 2026 2 0 0 21 0 8 14 0 2 5 10 8 0 0 0 0 0 0 0 74 93 31 34 21 16 10 18 4 0 -999 -999 -999 
P1028 2026 3 0 0 2 0 0 0 0 0 0 0 0 0 0 0 0 0 0 0 0 22 70 196 96 28 0 0 7 0 0 0 0 
P1028 2026 4 0 9 0 0 0 0 0 56 62 89 73 0 0 32 16 0 0 0 0 0 0 0 0 0 0 0 0 48 56 77 -999 
P1028 2026 5 0 0 0 0 6 0 0 0 0 0 0 0 0 0 0 0 0 17 0 0 0 0 0 0 0 29 16 16 0 6 0 
P1028 2026 6 0 0 0 0 6 0 0 0 20 0 0 0 0 4 0 0 0 0 0 0 0 0 0 0 0 0 0 0 0 0 -999 
P1028 2026 7 0 0 0 0 0 0 0 0 0 0 0 0 0 0 0 0 0 0 0 0 0 0 0 0 0 0 0 0 0 0 0 
P1028 2026 8 0 6 0 12 0 0 0 0 0 0 0 0 0 0 0 0 0 0 0 0 0 0 0 0 14 0 0 0 0 3 0 
P1028 2026 9 0 0 0 4 0 0 0 0 0 0 0 0 0 10 0 0 0 0 0 30 0 15 0 0 0 0 0 0 0 6 -999 
P1028 2026 10 0 0 0 0 0 23 0 0 0 17 0 30 16 19 29 0 0 0 5 0 0 0 24 13 18 0 0 0 22 40 0 
P1028 2026 11 0 13 0 0 7 7 8 0 21 53 50 0 0 14 0 0 0 7 9 18 0 0 7 0 0 0 0 11 10 4 -999 
P1028 2026 12 11 14 20 25 0 0 0 36 81 57 19 10 10 18 0 30 53 64 42 31 0 24 25 0 16 0 0 0 9 17 0 
P1028 2027 1 7 0 86 48 59 34 56 0 0 0 0 0 0 0 0 12 0 0 44 0 24 10 0 0 0 0 9 0 13 0 5 
P1028 2027 2 10 10 0 0 0 0 0 0 0 0 0 47 52 129 75 144 63 73 41 0 0 59 33 29 38 34 29 0 -999 -999 -999 
P1028 2027 3 69 29 34 42 61 0 40 0 0 0 0 0 0 21 14 23 0 27 0 0 0 49 51 35 18 0 40 58 0 15 0 
P1028 2027 4 0 44 45 63 0 22 0 7 0 13 0 0 0 0 0 76 76 73 0 43 59 0 32 0 28 0 6 0 18 24 -999 
P1028 2027 5 0 17 0 0 25 0 0 0 0 0 0 0 0 0 0 0 0 0 0 0 0 0 13 0 0 0 0 8 0 12 0 
P1028 2027 6 11 0 0 0 0 6 0 0 0 0 0 0 0 0 0 0 0 0 0 0 0 0 0 0 0 0 0 0 0 9 -999 
P1028 2027 7 0 0 11 0 0 0 0 0 0 0 0 0 0 0 0 0 0 0 0 0 0 0 0 0 0 0 0 0 0 0 0 
P1028 2027 8 0 0 0 0 0 0 0 0 0 0 0 0 0 0 0 0 0 0 0 0 0 0 0 0 0 0 0 0 0 0 0 
P1028 2027 9 0 0 0 7 0 0 0 0 0 9 0 0 0 0 0 0 0 5 0 0 0 10 0 0 0 0 0 0 0 0 -999 
P1028 2027 10 0 0 0 0 0 0 0 0 0 0 0 0 5 6 9 0 0 0 0 0 40 0 0 30 0 16 0 0 0 4 3 
P1028 2027 11 11 42 110 48 9 23 0 0 0 0 0 15 30 47 27 8 9 8 3 0 0 35 93 72 53 0 64 41 107 51 -999 
P1028 2027 12 47 0 22 7 0 132 121 53 22 52 21 0 0 0 31 0 0 18 15 0 21 0 0 0 15 0 5 0 16 0 0 
P1028 2028 1 61 50 0 0 8 13 20 26 77 53 14 35 70 129 72 0 0 0 0 0 0 0 0 0 0 11 0 5 0 0 0 
P1028 2028 2 0 0 0 0 0 1 0 0 0 0 0 0 0 0 0 0 0 0 0 0 18 30 0 0 34 73 79 69 -999 -999 -999 
P1028 2028 3 73 66 67 0 0 0 0 0 0 33 56 0 0 0 22 36 41 20 5 0 0 0 28 0 0 0 0 0 0 0 0 
P1028 2028 4 0 0 0 0 0 21 42 0 0 28 18 19 10 15 8 0 0 0 27 0 0 0 0 0 0 0 0 0 0 0 -999 
P1028 2028 5 0 17 0 0 10 0 0 0 0 0 0 0 0 0 0 0 0 0 0 0 0 0 6 0 13 0 0 10 0 14 0 
P1028 2028 6 0 0 21 0 9 0 0 0 0 0 0 0 0 0 0 0 0 0 0 0 0 0 0 0 0 0 0 0 0 0 -999 
P1028 2028 7 0 0 0 0 22 13 0 0 13 0 0 0 0 0 6 0 0 0 0 0 0 0 0 0 13 15 0 0 0 0 0 
P1028 2028 8 0 0 0 0 0 0 0 0 0 0 0 0 0 0 0 0 10 0 0 0 0 0 0 0 0 0 0 0 0 0 0 
P1028 2028 9 0 0 12 18 17 17 0 0 0 0 0 0 10 0 0 0 0 0 0 0 0 8 0 0 0 0 0 0 0 0 -999 
P1028 2028 10 0 0 0 0 17 0 0 6 7 0 24 0 0 0 0 0 0 0 28 26 0 0 0 0 0 0 0 0 13 32 62 
P1028 2028 11 47 13 6 0 0 0 0 19 0 29 0 0 3 10 20 0 0 3 2 0 0 0 0 0 0 0 0 0 0 0 -999 
P1028 2028 12 0 0 0 38 46 33 3 1 0 0 0 0 0 0 7 0 2 0 16 18 11 5 26 24 0 0 0 13 9 0 2 
P1028 2029 1 4 30 39 5 9 50 114 36 7 0 0 9 10 0 0 42 14 6 9 12 0 0 0 19 0 100 116 0 0 2 0 
P1028 2029 2 0 0 0 7 0 0 0 0 0 16 0 0 5 0 0 0 0 0 0 0 0 22 0 9 4 0 46 0 -999 -999 -999 
P1028 2029 3 0 0 0 0 0 0 0 0 0 0 0 0 0 27 0 0 0 0 0 0 0 23 52 0 14 0 0 9 0 0 0 
P1028 2029 4 8 0 0 0 0 0 19 0 0 0 0 29 32 0 12 2 0 0 0 0 19 10 0 0 0 0 0 0 0 0 -999 
P1028 2029 5 0 0 87 0 0 8 0 0 0 0 0 0 0 0 0 0 0 0 0 0 0 0 0 10 0 0 0 0 0 0 0 
P1028 2029 6 0 0 0 21 0 0 0 0 0 0 0 0 0 0 0 23 0 0 0 0 0 0 0 0 0 0 0 0 0 0 -999 
P1028 2029 7 7 0 0 0 0 0 0 0 0 0 0 0 0 0 0 0 0 0 0 0 0 0 0 0 0 0 0 0 0 0 0 
P1028 2029 8 0 0 0 0 0 0 0 0 0 0 0 0 0 0 0 0 0 0 0 0 0 0 0 0 0 0 0 0 0 0 0 
P1028 2029 9 0 0 0 0 0 0 0 0 0 0 0 0 0 0 0 0 27 0 0 0 0 20 0 0 15 0 15 40 53 0 -999 
P1028 2029 10 31 9 0 0 0 0 4 0 0 0 0 0 0 0 0 13 4 0 0 0 0 5 3 0 0 0 7 6 12 8 0 
P1028 2029 11 0 15 0 55 28 48 0 0 102 21 20 0 0 0 9 0 0 0 7 0 0 10 18 25 0 16 26 39 120 24 -999 
P1028 2029 12 0 14 9 4 0 0 0 0 18 0 0 9 0 0 0 0 0 0 0 0 0 12 0 0 0 0 0 0 0 34 117 
P1028 2030 1 44 0 0 23 48 23 39 12 19 12 21 48 0 0 0 0 0 2 0 0 0 0 0 0 9 0 17 37 84 91 79 
P1028 2030 2 152 113 47 0 38 63 90 62 81 0 94 26 22 0 71 23 0 0 28 0 0 0 0 0 54 54 39 0 -999 -999 -999 
P1028 2030 3 0 0 0 0 0 56 85 24 0 49 0 0 0 0 24 34 0 0 0 0 11 36 0 0 0 0 0 0 0 0 0 
P1028 2030 4 0 0 0 0 23 0 0 0 0 0 0 11 0 77 0 49 113 118 25 25 27 45 24 23 0 43 18 16 0 0 -999 
P1028 2030 5 0 0 0 0 0 0 0 0 0 0 0 17 71 0 43 0 16 9 0 7 0 0 0 0 0 2 0 0 0 0 0 
P1028 2030 6 0 24 19 0 0 0 0 25 24 34 0 30 20 0 11 0 0 0 0 0 0 0 0 0 0 0 0 0 0 0 -999 
P1028 2030 7 0 0 0 0 0 0 0 0 0 0 0 0 0 0 0 0 0 0 0 0 0 0 0 0 0 0 0 0 0 0 0 
P1028 2030 8 0 0 0 0 0 0 0 0 0 0 0 0 0 0 0 0 0 0 0 0 0 0 0 0 0 0 0 0 0 0 0 
P1028 2030 9 10 0 0 0 0 0 0 0 0 0 0 0 0 0 0 0 30 0 0 0 0 0 0 0 0 0 0 0 0 0 -999 
P1028 2030 10 0 0 0 0 0 0 0 0 0 0 90 61 0 0 0 0 31 0 0 0 0 0 0 0 0 0 6 0 25 0 22 
P1028 2030 11 0 21 46 56 115 56 24 0 0 0 46 0 33 0 0 41 46 30 0 0 0 0 6 0 0 6 0 0 28 97 -999 
P1028 2030 12 94 29 40 32 49 46 21 23 22 11 43 35 0 24 61 0 0 0 0 0 0 0 8 0 0 5 0 0 0 0 0 
P1028 2031 1 4 0 0 0 0 32 0 16 0 0 0 9 32 77 0 13 10 20 47 0 23 51 0 0 48 57 30 31 0 53 0 
P1028 2031 2 73 28 8 10 0 39 0 0 0 36 20 8 0 0 2 0 11 0 12 0 11 20 0 0 0 0 0 0 -999 -999 -999 
P1028 2031 3 19 47 40 38 0 0 0 0 22 29 0 34 63 84 0 0 51 50 33 0 70 84 78 41 27 75 82 41 0 0 40 
P1028 2031 4 40 26 35 37 75 70 13 0 3 0 2 0 23 0 0 0 0 0 0 0 0 0 0 17 23 0 36 30 0 18 -999 
P1028 2031 5 0 0 0 0 0 4 15 0 0 8 7 9 0 0 0 0 0 0 0 0 0 0 0 0 9 0 0 0 0 0 0 
P1028 2031 6 0 0 0 0 0 0 0 0 0 0 0 0 0 11 0 0 0 0 0 0 0 0 11 0 0 0 6 0 0 0 -999 
P1028 2031 7 0 0 0 0 0 0 0 0 0 0 0 0 0 0 0 0 0 0 0 0 0 0 0 0 0 0 0 0 0 0 0 
P1028 2031 8 0 0 0 0 0 0 0 0 0 0 0 0 0 0 0 0 0 0 0 0 8 2 0 0 0 0 10 0 0 0 0 
P1028 2031 9 0 0 0 0 0 0 14 0 0 0 32 26 5 0 0 0 0 14 0 0 0 0 0 0 0 0 0 0 0 0 -999 
P1028 2031 10 0 0 12 0 0 0 0 0 0 0 61 0 0 0 53 40 15 0 0 0 20 0 21 25 28 0 13 25 19 0 66 
P1028 2031 11 61 0 0 0 0 0 6 0 0 0 0 0 0 31 41 35 0 0 14 7 4 0 0 4 8 0 22 30 26 28 -999 
P1028 2031 12 43 80 116 32 34 0 0 7 0 0 0 0 0 0 0 0 0 0 0 2 4 0 0 29 22 19 22 20 18 41 62 
P1028 2032 1 124 119 21 0 65 89 34 167 86 10 0 0 0 0 0 0 22 69 0 7 0 1 0 5 0 0 0 7 13 21 14 
P1028 2032 2 56 50 0 19 0 16 6 18 0 0 0 0 0 0 0 0 0 7 0 0 0 0 0 0 36 0 18 0 -999 -999 -999 
P1028 2032 3 10 0 0 0 0 0 0 36 0 0 0 0 0 0 0 0 0 0 0 0 0 0 0 0 0 0 0 0 13 23 15 
P1028 2032 4 6 0 52 101 94 0 41 0 0 12 19 0 0 0 16 13 0 0 24 21 81 106 72 22 28 5 0 18 0 19 -999 
P1028 2032 5 13 8 0 0 27 24 39 32 26 16 0 19 0 0 0 0 0 22 12 0 7 0 2 0 0 0 0 0 0 0 0 
P1028 2032 6 0 0 0 0 0 0 0 4 0 0 0 0 14 0 0 0 0 5 0 0 0 0 0 27 0 0 0 0 0 0 -999 
P1028 2032 7 0 0 0 0 0 0 0 0 0 0 0 0 0 0 0 0 0 0 0 0 0 0 0 0 0 0 0 0 0 0 0 
P1028 2032 8 0 0 0 0 0 0 0 0 0 0 0 0 0 0 0 0 0 0 0 0 0 0 0 0 0 0 0 0 0 0 0 
P1028 2032 9 0 0 0 0 20 0 0 0 0 0 0 0 0 0 0 12 0 0 0 0 0 0 0 19 0 0 0 9 11 0 -999 
P1028 2032 10 0 0 0 0 0 0 0 3 0 0 0 0 7 0 0 23 21 26 46 52 62 47 0 0 3 0 3 3 0 0 8 
P1028 2032 11 0 0 0 39 54 42 54 0 23 0 0 25 40 0 4 0 0 27 38 0 0 17 28 41 21 46 27 33 0 5 -999 
P1028 2032 12 0 0 7 0 0 0 0 36 49 72 45 0 5 0 0 0 1 0 0 0 0 0 0 0 0 0 0 0 0 5 61 
P1028 2033 1 36 19 1 0 0 15 0 0 7 0 0 0 0 0 0 8 0 0 0 0 0 0 0 7 0 0 0 0 0 4 2 
P1028 2033 2 0 0 0 10 0 0 11 0 0 26 15 0 0 36 72 116 132 69 65 104 131 104 54 32 36 0 25 13 -999 -999 -999 
P1028 2033 3 0 9 0 4 0 5 0 0 0 30 0 0 0 0 27 0 0 25 55 73 46 41 41 47 45 6 0 0 0 10 0 
P1028 2033 4 118 0 0 0 0 26 0 8 0 0 0 0 0 0 0 0 0 23 49 32 18 0 16 28 29 9 5 0 0 0 -999 
P1028 2033 5 0 0 0 0 0 0 0 0 0 0 0 0 0 0 0 0 0 0 0 0 0 0 0 0 0 0 0 0 0 3 0 
P1028 2033 6 0 0 0 0 0 0 0 0 0 0 0 0 0 0 0 0 0 0 0 0 0 0 0 0 0 0 0 0 0 0 -999 
P1028 2033 7 0 0 0 0 0 0 0 0 0 0 0 0 0 0 0 0 0 26 32 0 0 0 0 0 0 0 0 0 0 0 0 
P1028 2033 8 0 0 0 0 0 0 0 0 0 0 0 0 0 0 6 0 0 0 0 0 0 0 0 0 0 0 0 0 0 0 0 
P1028 2033 9 4 0 0 0 0 0 0 0 11 0 0 7 0 0 7 0 9 0 0 0 0 0 0 0 0 0 0 20 0 0 -999 
P1028 2033 10 0 0 0 20 0 7 0 0 0 0 0 0 0 0 31 53 0 0 74 0 9 0 0 11 35 21 0 0 13 0 0 
P1028 2033 11 26 20 82 71 22 72 58 27 8 8 0 0 0 19 77 30 0 10 0 0 0 0 0 0 0 0 0 0 13 0 -999 
P1028 2033 12 31 38 63 44 16 38 0 24 16 18 0 0 4 2 0 0 0 0 0 0 0 12 38 41 18 0 16 19 0 19 0 
P1028 2034 1 9 0 0 0 5 0 0 0 0 0 0 0 0 8 0 0 0 0 0 0 19 25 35 67 0 87 45 0 0 0 0 
P1028 2034 2 0 0 3 0 0 0 0 98 103 63 44 0 0 0 3 3 0 74 123 21 0 39 53 0 0 18 0 20 -999 -999 -999 
P1028 2034 3 0 0 0 0 0 0 0 0 28 33 43 0 0 0 0 0 0 0 0 0 0 0 0 0 0 0 0 20 31 28 12 
P1028 2034 4 0 23 33 93 106 0 10 0 0 48 36 0 0 0 0 0 44 0 0 26 47 61 43 0 0 0 0 0 0 0 -999 
P1028 2034 5 0 0 0 2 0 0 0 0 0 0 0 0 0 29 0 0 0 5 0 22 30 0 0 20 0 0 0 36 39 0 0 
P1028 2034 6 0 28 0 9 0 10 12 0 0 0 3 0 0 0 0 0 0 0 9 11 0 0 0 0 0 0 0 0 0 0 -999 
P1028 2034 7 0 0 0 0 0 0 0 0 0 0 0 0 0 0 0 0 0 0 0 0 0 0 0 0 0 0 0 0 0 0 0 
P1028 2034 8 0 0 0 0 0 0 0 0 0 0 0 0 0 0 0 12 0 0 0 0 0 0 0 0 0 0 0 11 0 0 0 
P1028 2034 9 0 0 0 0 0 0 0 0 0 0 13 9 0 0 0 0 28 0 0 0 4 0 0 0 0 0 0 0 0 0 -999 
P1028 2034 10 0 0 0 0 0 0 0 0 0 0 1 5 0 0 22 12 0 0 0 0 0 0 14 0 0 0 0 0 0 6 6 
P1028 2034 11 4 5 13 15 22 0 0 0 0 0 0 0 0 0 0 0 0 0 0 14 0 0 17 0 0 0 0 26 0 0 -999 
P1028 2034 12 12 19 0 3 0 0 0 0 0 0 0 0 0 0 0 32 31 0 0 29 30 0 49 70 55 70 34 0 35 53 0 
P1028 2035 1 0 53 67 55 48 52 0 35 31 0 0 0 0 0 0 0 0 0 8 11 12 0 0 2 4 7 14 14 0 9 0 
P1028 2035 2 0 0 24 28 0 0 0 0 0 0 0 0 17 0 0 0 0 0 0 65 0 0 78 51 23 47 0 24 -999 -999 -999 
P1028 2035 3 54 0 1 0 0 0 0 0 19 0 0 0 0 0 0 0 12 0 3 0 0 0 0 0 19 0 0 87 41 0 0 
P1028 2035 4 0 0 37 37 0 46 0 50 0 22 33 0 0 0 29 0 0 0 40 44 48 0 64 51 0 0 9 0 21 16 -999 
P1028 2035 5 0 15 5 0 0 0 0 25 9 0 10 5 0 0 0 0 0 0 0 0 0 0 0 0 0 0 0 0 0 0 0 
P1028 2035 6 0 0 0 0 6 0 0 0 0 0 0 0 0 0 0 0 0 0 0 0 0 0 0 0 0 0 0 0 0 0 -999 
P1028 2035 7 0 0 0 0 0 0 0 33 0 0 0 0 0 0 0 0 0 0 0 0 0 0 0 0 0 0 0 0 0 0 0 
P1028 2035 8 0 0 0 0 0 0 0 0 0 0 0 0 8 0 0 0 0 0 0 0 0 0 0 0 0 0 0 10 0 0 23 
P1028 2035 9 0 0 0 0 0 0 0 0 0 0 18 0 0 2 5 0 0 0 11 3 0 0 0 0 0 0 0 10 0 0 -999 
P1028 2035 10 0 0 0 0 0 9 14 0 0 0 28 27 18 18 37 0 0 0 0 63 108 59 31 0 0 0 0 0 0 12 12 
P1028 2035 11 0 32 0 0 0 0 8 0 0 0 0 0 0 0 0 0 0 0 0 0 0 0 7 0 3 0 0 0 0 0 -999 
P1028 2035 12 0 0 0 0 0 0 17 0 20 24 26 0 22 30 38 45 36 57 23 14 19 22 37 56 0 0 14 0 20 46 85 
P1028 2036 1 131 31 11 27 85 74 38 42 0 62 0 0 25 6 11 22 41 0 42 0 17 11 0 0 0 14 0 17 16 0 0 
P1028 2036 2 0 0 63 0 0 0 0 0 0 0 0 0 0 23 0 0 0 0 48 48 0 0 23 13 0 0 4 24 -999 -999 -999 
P1028 2036 3 67 33 22 42 16 4 0 0 0 0 7 13 0 51 47 0 22 0 47 0 0 22 31 0 75 77 56 0 25 16 0 
P1028 2036 4 111 0 8 31 0 0 0 0 23 22 28 0 0 0 0 0 0 0 0 0 33 0 0 0 0 0 0 0 0 0 -999 
P1028 2036 5 0 13 0 0 0 0 0 0 0 15 0 0 0 4 0 0 29 32 43 0 62 59 0 0 0 0 0 0 3 0 0 
P1028 2036 6 0 0 0 0 0 0 0 0 10 0 0 15 0 0 0 0 0 0 0 0 0 0 0 0 0 0 0 11 0 0 -999 
P1028 2036 7 0 16 25 0 2 0 0 0 0 0 0 0 0 0 0 0 0 0 3 0 0 0 0 0 0 0 0 0 0 0 0 
P1028 2036 8 0 0 0 0 0 0 0 0 0 0 0 0 0 0 0 0 6 0 0 0 0 0 0 0 0 0 0 0 0 0 0 
P1028 2036 9 0 0 0 0 0 13 0 0 0 0 0 0 0 0 0 0 0 0 0 0 0 0 0 0 11 0 0 0 27 0 -999 
P1028 2036 10 43 0 5 0 18 50 0 0 26 0 0 0 0 59 30 0 7 10 0 0 11 0 0 9 0 0 0 0 0 0 0 
P1028 2036 11 0 0 0 0 24 84 0 37 20 17 15 6 0 0 0 38 17 0 6 0 0 12 24 0 0 29 16 0 13 9 -999 
P1028 2036 12 0 0 0 0 0 0 0 13 0 18 0 65 53 32 0 0 13 12 12 18 0 0 13 0 0 20 61 37 62 149 81 
P1028 2037 1 35 25 0 12 31 63 0 24 0 0 17 23 0 69 0 133 0 47 74 0 0 0 15 0 0 1 0 18 0 0 6 
P1028 2037 2 0 0 4 0 0 26 46 0 0 49 0 64 24 0 0 0 34 48 51 0 34 19 20 16 0 0 0 20 -999 -999 -999 
P1028 2037 3 22 0 63 88 39 39 119 71 41 0 0 21 0 0 0 0 0 0 0 24 0 71 55 51 64 80 66 40 25 8 13 
P1028 2037 4 0 0 4 2 0 0 0 0 0 0 0 34 0 50 0 0 0 0 0 0 4 18 30 42 0 0 27 32 0 11 -999 
P1028 2037 5 9 0 0 20 0 90 60 0 0 0 3 0 0 0 0 0 0 0 0 0 0 0 0 0 0 0 0 0 0 0 0 
P1028 2037 6 0 0 0 0 0 5 11 0 7 0 0 0 0 0 0 15 0 0 0 0 0 0 0 16 0 0 0 0 0 0 -999 
P1028 2037 7 0 0 0 0 0 0 0 0 0 0 0 0 0 0 0 0 0 0 0 0 0 0 0 0 0 0 0 0 4 0 0 
P1028 2037 8 0 0 0 0 0 0 0 0 0 0 0 0 0 7 0 0 0 0 0 15 0 0 0 0 0 0 0 0 20 0 0 
P1028 2037 9 0 0 0 0 0 0 0 0 0 0 0 0 0 0 0 0 0 0 0 0 0 0 0 0 14 0 0 0 0 0 -999 
P1028 2037 10 0 0 0 0 0 23 0 0 0 0 0 0 3 0 0 0 0 0 0 0 0 0 7 12 0 0 0 0 2 5 0 
P1028 2037 11 34 0 10 0 7 0 0 0 13 6 0 0 0 0 10 49 0 0 0 0 0 0 0 0 0 0 28 28 0 0 -999 
P1028 2037 12 32 42 108 92 98 98 62 15 0 9 0 28 7 9 5 0 1 0 0 18 4 0 0 17 0 0 0 0 0 0 0 
P1028 2038 1 2 0 0 0 0 0 0 0 0 17 89 103 37 0 19 26 17 0 8 14 16 0 0 0 7 0 0 0 16 0 36 
P1028 2038 2 0 0 0 0 41 28 0 0 8 0 0 0 0 0 0 0 0 0 0 0 0 0 0 23 32 34 0 5 -999 -999 -999 
P1028 2038 3 0 0 0 48 24 28 0 40 0 0 0 32 40 0 0 72 53 27 16 42 32 40 34 0 12 42 0 16 0 5 0 
P1028 2038 4 0 50 32 0 0 6 0 24 10 0 0 0 0 0 0 22 0 0 0 0 0 0 5 0 0 0 0 0 0 0 -999 
P1028 2038 5 11 0 0 0 0 0 0 0 0 0 0 0 0 0 0 15 0 0 0 0 0 0 0 0 0 0 0 0 0 0 0 
P1028 2038 6 0 0 0 0 0 0 0 0 0 0 11 0 0 0 0 0 12 0 0 0 0 0 0 0 13 0 0 0 0 0 -999 
P1028 2038 7 12 0 0 0 0 0 0 0 0 0 0 0 0 0 0 0 0 0 0 0 1 0 0 0 0 0 0 0 0 0 0 
P1028 2038 8 0 0 0 0 0 0 0 0 0 0 12 0 0 0 0 0 14 0 0 0 13 0 0 0 0 0 0 0 0 0 0 
P1028 2038 9 0 0 0 0 0 0 0 0 0 0 0 0 0 0 0 0 0 0 0 0 0 0 30 28 0 0 0 0 0 0 -999 
P1028 2038 10 0 0 0 0 0 0 0 0 0 0 0 0 0 0 0 0 0 42 0 0 26 0 0 73 0 0 0 37 0 17 0 
P1028 2038 11 34 7 21 20 51 37 24 19 11 0 64 0 0 13 0 0 0 35 32 7 0 0 12 21 0 15 49 51 48 0 -999 
P1028 2038 12 15 0 0 6 0 0 0 0 30 11 3 0 0 2 0 2 0 0 0 0 0 4 6 25 39 27 55 73 0 0 0 
P1028 2039 1 27 37 63 87 80 19 15 7 0 0 24 80 70 0 30 55 52 22 46 78 38 30 0 31 72 93 202 23 10 5 0 
P1028 2039 2 0 0 11 0 0 0 0 0 0 0 8 0 3 6 0 0 15 0 0 9 27 42 45 29 0 85 53 0 -999 -999 -999 
P1028 2039 3 0 0 0 0 15 14 4 7 0 34 24 0 40 5 8 24 25 25 77 53 34 0 0 0 15 0 16 0 7 5 0 
P1028 2039 4 4 0 0 7 0 13 0 0 0 0 0 15 12 0 0 0 0 0 0 0 0 0 0 0 0 17 0 0 0 0 -999 
P1028 2039 5 0 29 0 0 0 16 0 0 43 0 37 12 0 0 0 0 0 0 8 0 0 0 0 0 0 0 27 36 0 0 0 
P1028 2039 6 0 0 0 0 0 0 0 0 43 32 0 0 0 0 0 0 0 22 0 0 0 0 0 0 0 0 0 0 0 0 -999 
P1028 2039 7 0 0 0 0 0 0 0 0 0 0 0 0 0 0 11 0 3 0 0 0 0 0 0 0 0 0 0 0 0 0 0 
P1028 2039 8 0 0 0 0 0 0 0 0 0 0 0 0 0 0 0 0 0 0 0 0 0 0 0 0 0 0 0 0 0 0 0 
P1028 2039 9 0 0 0 0 0 0 0 0 0 0 0 0 0 0 0 0 0 0 22 0 8 0 0 0 0 0 0 0 0 0 -999 
P1028 2039 10 21 0 0 0 0 0 0 0 0 0 0 11 7 0 0 0 0 23 0 65 22 25 31 36 0 9 12 40 20 0 22 
P1028 2039 11 0 30 0 0 0 5 0 0 0 0 3 0 0 0 0 0 0 0 17 31 27 0 0 0 43 12 0 49 39 22 -999 
P1028 2039 12 15 0 3 0 0 0 0 0 0 0 0 0 29 25 0 0 0 135 0 18 0 0 13 0 28 47 38 20 0 0 0 
P1028 2040 1 0 0 0 0 0 0 2 0 0 0 0 0 0 0 0 0 23 0 0 56 0 0 0 0 0 0 2 2 0 0 92 
P1028 2040 2 22 28 88 70 0 0 0 20 0 32 0 29 31 131 103 41 58 70 92 43 28 50 103 72 38 29 41 0 -999 -999 -999 
P1028 2040 3 0 0 55 48 13 0 21 15 20 0 0 0 0 0 0 21 0 19 14 0 0 0 0 0 0 0 0 0 0 0 0 
P1028 2040 4 69 0 0 0 53 0 0 16 0 0 9 0 0 0 36 12 0 0 0 4 0 0 2 2 15 13 0 0 0 0 -999 
P1028 2040 5 0 0 0 0 0 0 12 0 0 0 0 0 0 0 0 0 0 0 0 0 0 0 0 0 42 19 0 0 0 0 0 
P1028 2040 6 0 12 0 0 0 0 0 0 0 10 0 0 0 0 0 0 0 0 0 29 0 0 0 0 0 0 0 0 0 19 -999 
P1028 2040 7 0 0 0 0 0 0 0 0 0 0 0 0 0 0 0 0 0 0 0 0 0 0 0 0 0 15 0 0 0 0 0 
P1028 2040 8 0 0 0 0 0 0 0 0 0 0 0 0 0 0 0 0 0 0 0 0 0 0 0 0 3 0 0 18 0 0 0 
P1028 2040 9 0 0 0 11 0 0 0 0 0 0 0 0 0 0 0 43 0 0 0 23 0 0 9 0 0 0 0 0 0 0 -999 
P1028 2040 10 0 0 0 0 0 0 0 0 0 0 11 20 0 0 0 26 117 70 0 0 0 0 17 20 0 0 0 0 0 2 0 
P1028 2040 11 0 0 0 0 0 8 0 0 0 0 0 0 0 55 48 60 31 0 0 0 0 0 23 31 24 0 0 23 0 0 -999 
P1028 2040 12 0 0 0 0 0 0 8 12 11 0 0 0 0 0 0 0 4 0 0 0 0 0 0 0 0 0 0 0 0 0 7 
P1028 2041 1 0 0 0 52 88 0 0 0 13 0 56 0 0 0 26 119 57 0 0 0 0 0 0 0 27 33 144 0 0 103 25 
P1028 2041 2 9 0 11 0 0 0 0 32 49 54 61 45 0 0 83 77 19 14 14 0 18 0 0 0 0 0 0 0 -999 -999 -999 
P1028 2041 3 0 0 0 12 0 0 0 0 0 24 0 0 0 5 0 0 0 0 0 0 0 0 0 0 11 0 13 0 26 0 0 
P1028 2041 4 0 49 0 32 0 0 0 23 0 0 0 0 22 0 0 0 0 0 0 0 0 0 0 1 0 0 0 0 5 0 -999 
P1028 2041 5 0 0 5 30 41 33 0 0 0 0 0 0 0 0 0 0 0 0 0 8 2 4 0 0 0 0 0 0 0 0 15 
P1028 2041 6 0 0 0 0 0 8 0 0 14 0 0 24 0 0 0 5 0 0 0 0 0 0 0 13 0 0 0 12 0 0 -999 
P1028 2041 7 0 0 0 0 0 0 0 0 0 0 0 0 0 8 0 7 0 0 0 0 0 0 0 0 0 0 0 0 0 0 0 
P1028 2041 8 0 0 0 0 0 0 0 0 0 0 0 0 0 0 0 0 0 0 0 0 0 0 0 0 5 0 0 0 0 0 0 
P1028 2041 9 0 0 0 0 0 3 0 0 0 0 0 0 0 0 0 0 0 0 0 0 0 0 0 10 0 0 0 0 0 0 -999 
P1028 2041 10 0 15 0 0 0 0 0 0 0 0 0 0 0 0 7 0 0 0 0 0 0 0 0 0 0 0 0 13 5 15 23 
P1028 2041 11 36 0 0 7 3 0 0 0 1 0 2 0 0 22 23 0 0 0 12 9 0 8 0 0 0 0 0 0 0 32 -999 
P1028 2041 12 75 71 77 0 0 0 0 0 20 0 0 0 0 0 0 0 0 0 0 0 0 15 0 8 0 0 0 34 38 47 26 
P1028 2042 1 41 0 80 60 0 0 10 0 27 70 0 0 0 0 0 23 0 0 39 8 0 0 13 31 51 67 123 0 6 0 0 
P1028 2042 2 0 0 19 0 0 0 0 0 0 0 0 0 21 19 0 0 0 0 0 0 0 0 0 0 14 0 9 0 -999 -999 -999 
P1028 2042 3 0 1 0 0 3 2 0 18 0 0 0 8 0 0 0 0 12 0 19 0 51 61 71 0 0 0 0 38 0 6 0 
P1028 2042 4 0 0 0 0 10 22 18 23 0 0 0 0 0 0 0 0 38 0 0 9 0 0 30 3 0 4 0 0 0 16 -999 
P1028 2042 5 0 66 96 48 36 40 0 23 23 51 0 58 0 0 0 0 0 0 0 0 0 9 0 0 0 0 4 0 16 0 0 
P1028 2042 6 20 20 0 21 35 0 0 0 0 0 0 0 0 0 0 0 7 0 15 0 0 0 0 0 0 15 0 0 0 0 -999 
P1028 2042 7 0 8 0 0 0 0 0 0 4 0 0 0 0 0 0 0 0 0 0 0 0 0 0 0 0 0 0 0 0 0 0 
P1028 2042 8 0 0 0 0 0 0 0 0 0 0 0 0 0 0 0 0 0 0 0 0 0 0 0 0 0 0 0 0 0 0 0 
P1028 2042 9 0 0 0 0 0 0 0 0 0 0 0 0 0 0 0 0 0 0 8 1 0 0 0 0 0 0 4 0 0 0 -999 
P1028 2042 10 0 0 0 0 0 0 0 0 0 2 0 0 0 0 0 0 0 0 0 0 0 0 0 0 9 9 0 0 0 0 0 
P1028 2042 11 11 11 21 40 0 32 26 17 25 18 30 60 0 0 15 0 0 0 0 0 0 18 17 0 0 23 0 0 14 13 -999 
P1028 2042 12 19 0 0 26 80 0 27 0 0 26 116 132 0 0 13 0 8 10 30 20 7 12 9 0 0 0 49 0 164 170 68 
P1028 2043 1 0 2 0 0 0 0 2 0 9 0 15 24 12 17 30 34 58 0 0 0 2 0 0 0 0 0 0 0 0 0 0 
P1028 2043 2 0 0 4 0 0 0 0 13 0 63 0 11 0 28 69 43 0 4 0 0 7 0 0 0 0 0 0 0 -999 -999 -999 
P1028 2043 3 13 13 0 0 0 9 13 0 0 26 48 48 59 82 48 96 84 49 70 0 30 71 62 58 38 0 8 20 68 49 36 
P1028 2043 4 73 61 66 0 0 32 0 29 32 27 16 0 67 0 0 0 0 0 0 0 14 46 0 0 0 50 34 46 49 17 -999 
P1028 2043 5 0 0 0 0 0 0 0 0 0 28 0 0 0 0 19 38 0 45 49 47 19 0 0 0 0 0 0 0 0 0 0 
P1028 2043 6 0 0 0 0 8 0 0 0 0 0 0 0 0 0 0 0 0 0 0 0 0 0 0 0 0 0 0 0 0 12 -999 
P1028 2043 7 0 0 0 0 0 0 0 0 0 0 0 0 0 0 0 0 0 0 0 0 0 0 9 0 0 0 0 0 0 0 0 
P1028 2043 8 0 0 0 0 0 0 0 0 0 0 0 3 0 0 0 0 0 0 0 9 0 0 0 0 0 5 0 0 0 4 0 
P1028 2043 9 0 0 0 0 0 0 0 0 0 0 0 0 0 0 0 0 0 0 0 7 0 0 0 0 0 0 0 8 0 0 -999 
P1028 2043 10 0 0 0 0 0 0 0 0 0 0 0 17 12 10 0 0 0 13 0 0 10 0 8 0 0 0 0 0 0 0 5 
P1028 2043 11 0 0 14 0 168 0 0 1 0 0 0 0 0 0 0 0 0 0 52 31 51 39 14 0 0 84 91 0 0 7 -999 
P1028 2043 12 0 0 0 47 0 44 0 0 0 0 0 0 0 0 0 0 0 0 20 0 0 0 0 0 0 0 2 0 0 0 0 
P1028 2044 1 0 0 0 1 0 0 0 0 0 36 0 52 0 23 0 0 44 139 67 0 66 19 0 55 78 74 36 0 0 0 34 
P1028 2044 2 0 13 0 43 14 4 0 0 0 24 12 0 0 3 0 25 0 3 0 0 0 0 0 0 0 0 0 0 -999 -999 -999 
P1028 2044 3 0 0 0 0 0 0 0 0 0 0 0 0 0 0 0 0 0 0 0 0 0 0 0 0 0 0 0 57 33 0 27 
P1028 2044 4 37 54 0 41 35 16 28 0 0 17 0 0 0 0 0 0 0 0 0 0 0 0 11 0 0 30 18 0 21 0 -999 
P1028 2044 5 12 0 0 24 23 39 0 0 0 46 0 45 0 0 0 8 0 13 12 16 26 0 0 11 0 2 0 0 0 0 0 
P1028 2044 6 0 0 0 0 8 0 0 0 0 0 0 0 0 0 12 0 0 0 0 12 18 13 5 0 0 13 0 0 0 0 -999 
P1028 2044 7 0 0 0 0 0 0 0 0 0 0 0 0 9 0 10 0 0 0 3 0 0 0 0 0 0 0 0 0 0 0 0 
P1028 2044 8 0 0 0 0 0 0 0 0 0 0 0 3 0 0 0 0 0 0 0 0 0 0 0 0 0 0 0 0 0 0 0 
P1028 2044 9 0 0 0 0 0 0 0 0 0 4 0 0 0 14 0 0 0 22 0 0 14 0 0 0 0 0 8 6 7 0 -999 
P1028 2044 10 0 0 0 0 0 0 0 0 0 18 10 9 0 0 0 0 0 0 0 55 0 6 29 72 60 17 2 0 0 0 7 
P1028 2044 11 0 0 0 0 0 0 0 0 0 0 36 0 65 33 27 25 16 0 9 23 64 11 0 0 0 0 0 27 0 0 -999 
P1028 2044 12 5 0 0 0 0 0 0 0 0 0 0 0 0 0 0 0 19 0 39 86 16 27 32 14 18 37 0 0 13 27 32 
P1028 2045 1 37 30 31 0 58 0 45 56 109 49 48 42 0 7 0 5 0 7 0 0 0 0 0 0 0 0 0 15 0 0 56 
P1028 2045 2 0 0 0 18 0 0 0 2 0 0 51 57 0 7 0 0 0 0 23 41 46 39 0 0 139 176 258 138 -999 -999 -999 
P1028 2045 3 0 0 25 30 16 0 12 36 48 50 39 49 56 57 0 9 23 25 0 0 0 0 0 0 0 0 0 0 4 0 0 
P1028 2045 4 9 0 0 0 17 0 0 0 0 0 0 44 0 36 49 0 0 5 6 0 0 0 0 9 0 0 0 0 0 24 -999 
P1028 2045 5 0 0 10 22 0 0 0 0 0 0 0 0 17 0 0 0 8 0 0 23 0 38 32 0 17 10 17 64 76 33 0 
P1028 2045 6 0 0 0 0 0 0 0 0 0 0 0 0 0 40 0 0 0 0 0 0 0 0 0 0 0 0 15 0 0 0 -999 
P1028 2045 7 0 0 0 0 0 0 0 0 0 0 0 0 0 0 0 0 0 0 0 0 0 0 0 0 0 0 0 0 0 0 0 
P1028 2045 8 0 0 0 0 0 0 0 0 0 0 0 0 0 0 0 0 0 0 0 0 0 0 0 0 0 0 0 0 0 0 0 
P1028 2045 9 0 0 0 0 14 0 0 0 0 0 0 7 0 0 0 0 0 0 0 0 0 0 0 0 0 0 0 0 0 0 -999 
P1028 2045 10 0 0 0 7 0 14 0 0 0 0 15 13 12 0 0 0 0 0 19 0 0 0 0 0 0 0 0 0 0 0 0 
P1028 2045 11 0 0 0 44 0 0 0 0 0 0 0 0 0 0 20 22 34 52 18 0 0 11 12 0 15 17 15 0 12 0 -999 
P1028 2045 12 11 2 0 0 0 0 0 0 11 0 25 0 0 0 0 0 0 0 0 0 0 7 0 51 20 0 17 15 18 16 0 
P1028 2046 1 0 0 0 28 0 0 0 0 0 0 0 0 0 0 0 21 44 137 0 205 81 51 63 52 43 66 0 32 44 42 81 
P1028 2046 2 23 15 0 7 0 17 13 0 18 20 20 19 24 14 32 94 188 130 47 0 0 0 13 0 0 20 0 39 -999 -999 -999 
P1028 2046 3 17 0 36 26 7 0 12 0 0 0 0 3 0 0 0 0 0 0 0 0 0 0 0 0 0 52 0 0 25 0 21 
P1028 2046 4 38 0 19 16 0 0 39 67 69 41 0 23 0 61 69 84 75 40 0 0 24 23 0 43 38 0 27 0 0 0 -999 
P1028 2046 5 0 0 0 0 0 0 0 0 0 0 0 23 20 0 0 0 0 7 0 0 0 19 39 0 37 20 0 0 0 0 0 
P1028 2046 6 0 5 11 25 0 14 0 0 0 0 0 0 0 0 38 30 14 0 0 0 0 0 0 0 0 0 0 0 0 0 -999 
P1028 2046 7 0 0 0 0 0 0 0 0 0 0 0 0 0 0 0 0 0 0 0 0 0 0 0 0 0 4 0 0 0 0 0 
P1028 2046 8 0 0 0 0 0 0 0 0 0 0 0 0 0 0 0 0 0 0 0 0 0 0 0 0 0 19 0 0 4 0 0 
P1028 2046 9 0 0 0 0 0 0 25 0 0 0 0 0 0 0 0 0 0 0 0 0 0 0 0 0 8 0 0 0 0 0 -999 
P1028 2046 10 0 0 9 0 0 0 6 0 0 28 13 0 0 0 0 0 0 0 0 0 0 0 0 0 0 20 20 0 0 0 13 
P1028 2046 11 0 27 66 0 7 0 9 0 0 0 0 0 0 0 0 0 0 0 0 32 0 0 0 16 7 0 0 0 0 0 -999 
P1028 2046 12 16 0 0 0 0 0 0 0 0 0 0 0 24 40 0 0 0 37 30 23 0 0 9 10 13 0 0 0 0 0 0 
P1028 2047 1 23 34 129 0 48 27 17 14 0 24 0 0 0 0 8 18 8 15 0 7 10 0 0 0 0 0 0 0 0 20 0 
P1028 2047 2 0 3 0 0 0 0 0 17 13 0 0 0 37 0 0 0 0 0 50 68 35 34 47 52 0 0 0 0 -999 -999 -999 
P1028 2047 3 0 0 17 0 15 20 18 0 19 0 0 31 0 39 23 25 25 0 0 0 0 0 0 0 16 18 0 0 0 0 0 
P1028 2047 4 29 21 0 11 18 0 0 0 7 0 0 18 0 0 0 0 0 29 0 0 0 0 0 58 30 24 0 27 15 12 -999 
P1028 2047 5 0 0 0 11 12 24 0 0 0 0 0 0 0 42 43 37 20 0 0 0 0 0 18 6 0 0 5 0 0 0 0 
P1028 2047 6 0 0 0 0 0 0 0 0 0 0 0 0 0 9 3 0 0 0 0 0 0 0 0 0 0 0 0 0 0 0 -999 
P1028 2047 7 0 0 0 0 0 0 0 0 0 0 4 0 0 0 0 0 0 0 0 0 0 0 0 0 0 0 0 0 0 0 0 
P1028 2047 8 0 0 0 0 0 0 0 0 0 0 0 0 0 0 0 0 0 0 10 0 0 0 0 0 0 0 0 0 21 16 15 
P1028 2047 9 7 0 0 0 0 0 0 0 0 0 0 0 0 0 0 0 0 0 0 0 0 0 0 0 0 0 12 9 7 0 -999 
P1028 2047 10 25 0 31 62 18 0 0 0 0 7 3 0 15 0 0 0 3 0 0 0 0 0 0 0 31 36 43 0 0 0 0 
P1028 2047 11 0 0 0 0 4 0 0 0 0 0 0 0 0 0 0 0 0 50 53 18 0 0 0 2 0 7 9 0 10 13 -999 
P1028 2047 12 38 41 14 69 0 208 251 62 9 0 0 0 0 29 107 0 0 43 89 44 18 30 24 22 25 19 0 9 13 8 0 
P1028 2048 1 0 0 0 0 0 0 0 0 0 0 0 0 0 0 0 0 0 0 0 0 22 0 0 0 0 66 41 0 0 0 69 
P1028 2048 2 0 0 24 0 17 23 37 51 0 24 0 0 0 0 24 20 0 69 8 0 12 11 0 0 0 13 0 0 -999 -999 -999 
P1028 2048 3 0 0 0 0 0 0 0 0 0 0 0 0 0 0 0 0 0 0 0 37 0 0 24 18 0 31 0 0 0 0 13 
P1028 2048 4 4 0 0 0 49 0 56 0 12 11 0 55 72 0 9 35 73 73 106 90 33 23 0 13 11 16 0 8 0 0 -999 
P1028 2048 5 7 0 0 29 0 0 0 0 0 0 54 0 0 0 0 0 0 0 0 0 0 21 0 15 0 0 0 47 18 0 0 
P1028 2048 6 0 0 0 0 0 0 0 4 3 0 0 0 0 0 0 0 0 0 0 0 0 0 0 0 0 0 0 0 0 0 -999 
P1028 2048 7 0 0 0 0 0 0 0 0 0 0 0 0 0 0 0 0 0 0 0 0 0 0 0 0 0 0 0 0 0 0 0 
P1028 2048 8 0 0 0 10 0 0 0 0 0 0 0 0 0 0 0 0 0 0 0 4 0 0 0 0 0 0 4 0 0 0 0 
P1028 2048 9 0 0 0 0 0 0 0 0 0 0 0 0 0 0 0 12 0 0 0 2 3 0 0 0 0 0 0 10 0 0 -999 
P1028 2048 10 0 51 0 16 0 0 0 0 0 0 0 0 0 15 15 26 19 0 0 0 0 6 11 14 8 6 0 0 14 12 14 
P1028 2048 11 18 0 0 0 0 0 32 0 6 0 0 9 2 0 0 18 33 0 0 0 0 2 0 0 0 0 0 46 136 84 -999 
P1028 2048 12 60 0 85 0 0 0 0 0 0 0 0 0 14 38 0 0 0 55 32 69 13 14 10 7 0 17 0 0 0 0 2 
P1028 2049 1 0 21 21 7 17 20 0 0 19 0 27 19 0 0 0 0 0 0 3 0 0 0 0 0 16 0 0 0 0 0 0 
P1028 2049 2 0 0 0 0 11 38 75 104 49 71 74 201 140 107 80 144 50 96 52 97 90 45 109 114 74 78 48 29 -999 -999 -999 
P1028 2049 3 37 0 93 127 56 52 33 42 80 0 27 0 29 38 18 9 31 30 37 0 0 0 0 0 0 0 0 0 0 0 0 
P1028 2049 4 0 18 0 0 18 0 0 0 2 0 0 0 0 0 0 0 1 0 0 0 0 0 0 0 0 0 5 0 6 0 -999 
P1028 2049 5 0 12 12 0 9 0 0 0 0 0 0 0 0 0 29 45 35 33 0 0 24 10 0 0 0 0 0 32 0 0 0 
P1028 2049 6 0 0 3 0 0 0 0 0 8 0 15 0 0 0 1 0 0 0 10 0 0 0 0 10 0 0 0 0 0 0 -999 
P1028 2049 7 0 0 9 0 0 17 9 0 0 0 0 0 0 0 7 0 0 0 0 0 0 0 0 0 0 0 0 0 0 0 0 
P1028 2049 8 0 0 0 0 0 0 9 0 0 0 0 0 0 0 0 0 0 0 0 0 0 0 0 0 0 0 0 0 7 0 0 
P1028 2049 9 0 0 0 0 0 0 0 0 0 0 0 3 0 0 0 0 0 0 0 0 13 0 0 13 0 0 0 0 13 0 -999 
P1028 2049 10 0 0 0 0 0 0 0 0 0 0 6 0 8 0 19 24 0 8 7 0 0 3 0 15 9 0 26 12 0 2 0 
P1028 2049 11 0 27 11 10 0 28 70 102 48 8 0 0 0 6 0 0 2 0 0 4 0 0 0 0 7 0 15 44 72 0 -999 
P1028 2049 12 0 0 0 0 0 0 0 14 0 15 0 0 0 37 115 41 0 0 0 2 0 19 0 23 0 19 0 5 0 0 0 
P1028 2050 1 0 0 0 0 0 0 0 0 2 16 55 76 104 67 74 85 138 53 15 0 2 16 0 0 24 22 7 2 3 8 9 
P1028 2050 2 0 0 0 0 0 0 17 50 72 0 0 0 0 0 3 2 0 0 8 3 0 0 0 0 0 11 0 0 -999 -999 -999 
P1028 2050 3 0 35 14 6 0 0 0 0 0 0 26 0 0 30 21 0 0 0 0 0 0 0 47 55 61 28 0 37 0 0 0 
P1028 2050 4 26 0 0 7 0 0 0 19 13 11 55 61 0 0 0 23 34 17 0 0 20 44 0 30 0 0 0 0 0 0 -999 
P1028 2050 5 0 49 0 0 16 9 16 0 12 0 11 0 0 0 0 0 0 0 0 0 0 0 8 0 0 0 0 13 0 5 0 
P1028 2050 6 0 0 0 0 0 0 0 0 0 0 0 0 20 20 11 0 0 0 0 0 0 0 0 0 0 0 0 0 0 0 -999 
P1028 2050 7 0 0 0 0 0 0 0 0 0 0 0 0 0 0 0 0 0 0 0 0 0 8 0 0 5 0 0 0 0 0 0 
P1028 2050 8 0 0 0 0 0 0 0 0 4 0 0 0 0 0 0 0 0 0 0 0 0 0 0 0 0 0 0 0 0 0 0 
P1028 2050 9 0 0 0 0 0 0 0 0 0 0 0 0 0 0 0 0 0 0 0 0 0 0 0 0 0 0 0 0 0 0 -999 
P1028 2050 10 0 0 0 31 0 0 19 0 0 0 0 0 0 0 0 30 19 13 16 0 0 0 0 0 0 0 0 20 22 47 91 
P1028 2050 11 0 35 0 0 0 0 0 0 0 4 0 14 0 11 0 10 0 0 0 0 6 0 26 23 0 5 0 15 0 0 -999 
P1028 2050 12 0 10 20 0 0 12 0 32 69 49 18 0 112 75 46 0 0 0 0 0 0 0 0 0 0 0 0 13 15 0 15 
P1028 2051 1 0 30 32 0 0 0 0 0 0 23 21 41 68 34 0 0 0 16 6 0 0 0 4 10 10 0 8 0 0 0 0 
P1028 2051 2 75 121 54 0 21 25 31 24 0 20 0 0 16 0 0 45 0 0 57 42 27 72 73 34 50 52 53 31 -999 -999 -999 
P1028 2051 3 17 33 88 55 59 0 0 0 38 33 40 0 44 43 14 44 0 0 0 0 28 0 32 0 0 0 21 0 17 0 0 
P1028 2051 4 0 0 0 0 21 0 47 25 77 0 0 8 0 0 58 0 0 0 0 0 0 0 0 0 0 0 0 0 0 0 -999 
P1028 2051 5 0 31 0 0 0 0 0 0 15 0 3 0 0 0 0 0 13 8 0 19 10 0 0 0 9 0 0 0 0 0 0 
P1028 2051 6 0 0 0 0 0 0 0 12 20 24 0 0 0 15 0 0 0 0 0 0 0 0 0 0 0 0 0 0 0 0 -999 
P1028 2051 7 0 0 0 5 0 0 0 0 0 0 0 0 0 0 0 0 0 0 0 0 0 0 0 0 0 0 0 0 0 0 0 
P1028 2051 8 0 0 0 0 11 0 0 0 0 0 0 0 0 0 0 0 0 0 0 0 0 0 0 0 0 0 0 0 0 0 0 
P1028 2051 9 0 0 0 0 0 0 0 0 0 0 0 0 0 0 0 0 0 0 0 0 0 0 0 0 0 0 0 0 0 0 -999 
P1028 2051 10 0 0 0 0 0 17 19 18 0 19 0 8 13 12 22 0 0 0 0 0 0 0 0 0 17 0 0 0 55 19 0 
P1028 2051 11 0 0 0 33 0 0 0 0 0 0 0 25 41 0 36 0 27 80 89 17 0 0 51 26 27 37 10 16 42 38 -999 
P1028 2051 12 0 4 0 0 0 75 60 45 0 0 40 0 61 61 67 82 36 0 99 85 101 53 11 0 0 0 0 0 0 0 14 
P1028 2052 1 0 0 0 0 3 0 2 0 0 0 0 0 0 4 0 0 0 0 0 0 0 0 0 7 0 0 0 4 0 0 0 
P1028 2052 2 0 0 5 0 0 0 0 0 0 15 0 62 0 63 0 0 31 64 0 45 0 0 0 33 61 29 0 8 -999 -999 -999 
P1028 2052 3 0 0 14 0 0 23 0 0 0 0 0 0 37 0 48 0 0 0 35 54 70 44 31 0 23 22 14 6 0 0 0 
P1028 2052 4 6 0 15 0 0 0 0 0 0 0 0 0 0 0 0 7 0 0 0 0 0 0 0 0 0 0 0 0 0 0 -999 
P1028 2052 5 0 0 0 0 0 0 27 20 12 0 0 0 0 0 0 0 0 0 0 0 0 0 0 0 4 8 0 30 0 0 15 
P1028 2052 6 0 6 0 10 0 0 0 0 0 0 0 0 0 0 0 23 0 5 0 0 0 0 0 0 4 0 0 0 0 0 -999 
P1028 2052 7 0 0 0 0 0 0 0 0 0 0 0 0 0 0 0 0 0 0 0 0 0 0 0 0 0 0 0 5 0 0 0 
P1028 2052 8 0 0 0 0 0 0 0 0 0 0 0 0 0 0 0 0 0 13 0 0 0 3 0 0 0 0 0 0 0 0 0 
P1028 2052 9 0 0 0 0 13 0 0 0 0 0 0 0 0 0 0 0 0 0 0 0 5 0 0 0 0 0 0 0 0 0 -999 
P1028 2052 10 0 0 3 0 0 0 0 0 0 0 0 13 0 0 0 0 0 0 11 0 0 0 0 0 0 0 0 0 0 4 0 
P1028 2052 11 0 0 0 0 0 0 10 0 0 1 0 0 0 0 0 0 0 0 0 20 0 0 0 46 65 68 0 0 0 0 -999 
P1028 2052 12 0 0 15 13 13 3 0 0 31 68 35 0 40 29 12 8 16 26 29 22 0 0 0 33 21 0 0 1 5 0 10 
P1028 2053 1 4 0 0 0 0 0 0 0 0 10 0 0 0 40 36 0 0 0 0 0 0 0 0 0 0 0 0 0 0 0 0 
P1028 2053 2 16 40 0 56 46 65 57 0 21 7 0 0 0 4 0 0 0 11 3 0 0 0 0 0 35 0 79 47 -999 -999 -999 
P1028 2053 3 0 0 0 11 19 9 0 0 4 0 0 0 13 21 22 18 0 38 31 0 0 15 15 0 0 0 0 25 49 63 0 
P1028 2053 4 0 0 0 0 0 42 67 28 0 21 0 23 5 0 0 0 0 0 0 0 0 0 0 0 0 0 0 0 0 0 -999 
P1028 2053 5 0 0 66 72 0 83 56 0 0 0 0 0 0 22 0 12 0 0 0 0 0 16 0 0 3 0 5 0 0 0 0 
P1028 2053 6 0 0 0 14 6 0 0 16 0 0 0 0 0 0 0 0 0 0 0 0 0 0 0 0 0 0 0 0 0 0 -999 
P1028 2053 7 0 0 0 0 0 0 0 0 0 0 0 0 0 0 0 0 0 0 0 0 0 0 0 0 0 0 0 6 0 0 0 
P1028 2053 8 0 0 0 0 0 0 0 0 0 0 0 0 8 0 0 0 0 0 11 0 0 0 0 0 0 0 0 0 0 0 0 
P1028 2053 9 0 0 0 0 0 0 0 0 0 0 0 0 0 0 12 0 0 0 0 0 8 0 0 0 0 0 0 0 0 0 -999 
P1028 2053 10 0 0 0 0 0 0 0 10 0 1 0 0 0 14 24 0 0 0 0 0 0 0 0 12 0 21 0 0 0 11 0 
P1028 2053 11 0 0 48 0 0 13 6 17 59 113 0 18 16 16 31 49 46 25 0 7 6 16 12 5 0 10 11 6 12 9 -999 
P1028 2053 12 1 6 0 0 2 0 0 0 0 0 0 0 0 17 24 24 0 0 0 0 8 0 14 23 51 33 0 29 62 30 63 
P1028 2054 1 43 42 116 48 90 53 22 21 42 51 43 63 61 92 33 69 0 11 0 0 0 5 0 0 0 0 39 115 54 16 21 
P1028 2054 2 0 102 0 0 0 0 29 16 6 0 0 0 22 0 6 7 4 0 0 0 0 0 0 0 0 0 0 0 -999 -999 -999 
P1028 2054 3 0 0 0 0 0 0 0 0 0 0 0 0 0 0 0 0 4 0 0 7 9 19 28 9 0 0 0 0 31 17 16 
P1028 2054 4 10 17 0 0 57 58 80 33 23 0 66 35 6 0 0 30 11 0 0 0 0 0 0 0 0 0 0 0 0 47 -999 
P1028 2054 5 42 0 0 0 0 0 0 0 6 0 14 9 0 0 0 25 13 10 0 0 0 0 0 44 45 22 20 27 19 9 0 
P1028 2054 6 0 0 0 0 0 0 0 0 0 0 0 0 3 0 0 0 0 0 0 0 0 0 0 0 0 0 0 0 0 0 -999 
P1028 2054 7 0 0 0 0 0 0 0 0 0 0 0 0 0 0 0 0 0 0 0 0 0 0 0 0 0 0 7 0 0 0 0 
P1028 2054 8 0 0 0 0 0 0 0 0 0 0 0 0 0 0 0 0 0 0 0 0 0 0 0 0 0 16 8 0 0 10 0 
P1028 2054 9 0 0 0 0 0 0 0 0 0 0 14 18 15 7 5 0 0 0 0 0 0 0 0 0 0 0 0 0 0 32 -999 
P1028 2054 10 17 13 18 15 0 0 5 0 0 0 0 0 0 52 51 0 0 17 0 0 0 9 0 0 35 55 0 8 16 0 0 
P1028 2054 11 38 10 4 3 0 0 22 0 0 68 41 0 0 0 176 0 7 0 0 69 0 0 0 0 0 11 36 0 5 8 -999 
P1028 2054 12 0 0 0 0 0 2 0 0 0 0 0 60 37 0 6 8 0 0 0 0 0 12 17 25 37 34 47 55 60 55 0 
P1028 2055 1 0 0 0 25 11 6 0 0 15 37 41 18 0 0 10 0 29 107 66 0 0 0 0 0 0 0 4 7 0 0 0 
P1028 2055 2 0 0 27 43 0 56 92 15 5 0 0 0 0 0 0 1 2 0 0 0 0 0 0 0 0 0 0 0 -999 -999 -999 
P1028 2055 3 37 42 0 0 54 50 0 42 35 29 0 61 0 0 0 0 0 0 19 19 0 0 17 23 8 0 0 0 1 0 0 
P1028 2055 4 0 0 0 0 0 0 0 12 36 35 0 0 0 0 0 0 0 0 0 0 0 18 0 0 0 8 0 4 0 4 -999 
P1028 2055 5 0 0 0 0 0 0 0 0 7 0 62 0 0 0 8 0 0 0 0 0 0 0 10 0 24 47 16 0 0 0 5 
P1028 2055 6 0 0 0 5 0 0 0 0 0 0 0 0 0 0 0 0 0 0 0 0 0 0 0 0 0 0 0 0 0 0 -999 
P1028 2055 7 0 0 0 0 0 0 0 0 0 0 0 0 0 0 0 0 0 0 0 0 0 0 0 0 0 0 0 0 0 0 0 
P1028 2055 8 0 0 0 0 0 0 0 0 0 0 0 0 0 0 0 0 0 0 0 0 0 0 0 0 0 0 0 0 0 0 0 
P1028 2055 9 0 0 0 0 0 0 0 0 0 0 0 0 0 0 0 0 0 0 6 0 17 0 0 0 13 0 0 0 0 24 -999 
P1028 2055 10 17 0 14 24 0 0 0 0 8 13 22 13 0 0 39 63 82 0 0 7 0 0 0 0 0 18 0 0 0 0 0 
P1028 2055 11 0 0 0 12 13 0 43 0 23 9 25 12 0 13 17 34 32 0 11 0 2 3 4 0 0 0 26 28 0 28 -999 
P1028 2055 12 15 0 12 10 16 13 9 0 0 3 0 34 0 0 0 0 0 0 0 0 0 9 0 1 0 0 5 0 29 49 34 
P1028 2056 1 34 32 19 0 45 32 39 32 24 42 25 4 16 17 0 0 0 22 0 0 0 15 19 0 30 40 84 22 0 0 0 
P1028 2056 2 0 36 19 22 95 98 81 0 31 0 0 43 22 78 74 25 22 44 52 0 87 83 27 41 22 0 0 0 -999 -999 -999 
P1028 2056 3 0 0 0 25 47 71 64 46 27 79 109 51 78 95 37 13 28 20 79 76 14 0 0 0 14 0 0 87 49 25 0 
P1028 2056 4 0 39 23 7 0 0 0 0 0 0 7 0 0 0 0 0 0 0 0 0 2 0 0 0 0 0 0 0 0 0 -999 
P1028 2056 5 0 0 0 0 0 0 0 0 22 0 26 22 0 9 0 19 15 0 0 0 0 0 0 0 0 0 0 0 0 0 0 
P1028 2056 6 16 14 0 0 0 0 0 0 0 0 0 0 0 0 0 0 21 0 14 0 0 7 0 12 0 0 0 0 0 0 -999 
P1028 2056 7 0 0 0 0 0 0 0 0 0 0 0 0 0 0 0 0 0 0 0 0 0 0 0 0 0 0 0 0 0 0 0 
P1028 2056 8 0 0 0 0 0 0 0 0 0 0 0 0 0 0 0 0 0 11 0 0 0 0 0 0 0 0 0 16 7 0 0 
P1028 2056 9 0 0 0 0 0 0 0 9 4 0 0 0 0 0 4 0 0 0 0 0 0 0 0 0 0 0 0 0 0 0 -999 
P1028 2056 10 0 0 0 0 0 0 0 0 0 0 0 0 0 0 0 0 0 0 0 0 0 9 23 34 93 93 0 0 0 0 0 
P1028 2056 11 0 0 11 16 17 28 33 0 56 0 34 32 19 0 33 0 0 0 0 7 4 0 0 0 0 0 0 0 0 0 -999 
P1028 2056 12 0 0 0 0 0 0 8 0 0 0 0 0 0 0 0 0 21 48 21 0 9 0 1 0 1 0 0 0 17 25 43 
P1028 2057 1 40 66 38 43 62 40 45 0 39 50 0 0 0 0 0 0 54 62 0 29 11 0 0 0 0 0 68 123 49 23 50 
P1028 2057 2 0 0 0 0 27 11 0 0 27 0 0 0 0 10 0 10 0 0 0 0 0 0 0 0 0 57 100 29 -999 -999 -999 
P1028 2057 3 21 19 8 3 2 0 0 0 0 0 0 0 0 9 28 45 0 112 85 21 6 0 0 0 0 0 0 27 36 41 0 
P1028 2057 4 0 0 36 0 0 0 0 0 0 0 18 42 38 0 0 44 55 58 0 0 12 45 0 0 0 0 3 0 0 29 -999 
P1028 2057 5 38 0 0 20 0 16 0 0 26 0 8 0 0 0 0 0 0 0 0 0 0 0 0 0 12 0 0 0 0 0 0 
P1028 2057 6 0 2 0 0 0 0 0 0 0 0 0 0 0 0 0 3 0 0 0 0 0 0 0 0 0 0 2 0 0 0 -999 
P1028 2057 7 0 0 0 0 0 0 0 0 0 0 0 0 0 0 0 0 0 0 2 0 0 0 0 0 0 6 0 0 0 0 0 
P1028 2057 8 0 0 0 0 0 0 0 0 0 0 0 0 0 0 0 0 0 0 0 0 0 0 0 0 0 0 0 0 0 0 0 
P1028 2057 9 0 0 0 0 0 0 0 0 0 0 0 0 0 0 0 0 0 0 0 0 0 0 0 0 0 0 1 2 10 0 -999 
P1028 2057 10 7 0 0 0 13 0 0 26 0 6 0 9 23 14 4 4 0 0 0 0 17 0 0 30 0 64 44 48 17 2 0 
P1028 2057 11 9 8 0 0 0 3 0 0 0 0 51 67 103 36 0 0 11 18 45 20 18 0 2 6 12 36 72 61 16 53 -999 
P1028 2057 12 32 29 28 4 6 0 7 0 0 0 0 0 0 0 0 6 0 32 62 28 35 42 127 86 26 16 33 21 0 0 3 
P1028 2058 1 11 0 3 0 0 2 6 10 22 21 34 127 74 59 97 143 41 46 0 0 0 0 0 0 0 0 0 45 113 103 50 
P1028 2058 2 0 0 14 0 43 24 23 0 16 0 31 70 0 0 2 0 7 0 0 0 0 0 0 0 0 0 0 0 -999 -999 -999 
P1028 2058 3 0 0 0 31 0 30 0 0 21 0 0 0 0 0 11 0 0 0 0 0 0 0 0 0 0 7 0 0 0 0 33 
P1028 2058 4 74 0 6 0 0 0 0 16 15 0 0 0 0 85 0 0 0 0 26 0 0 0 20 16 26 19 11 0 11 17 -999 
P1028 2058 5 7 11 18 0 0 28 16 6 0 0 0 36 0 0 0 0 0 0 0 0 0 0 0 38 23 0 2 0 0 0 0 
P1028 2058 6 0 0 8 10 0 0 18 0 20 0 5 0 0 0 0 0 14 20 0 20 0 0 0 0 0 0 0 0 0 0 -999 
P1028 2058 7 8 0 0 0 0 0 0 0 0 0 0 0 0 0 0 0 0 0 0 0 0 0 0 0 10 0 0 0 0 0 0 
P1028 2058 8 0 0 0 0 0 0 0 0 0 0 0 0 0 0 0 0 4 0 0 0 0 0 0 0 0 0 0 0 0 0 0 
P1028 2058 9 0 7 9 0 0 0 0 0 0 0 0 5 12 0 0 0 0 0 0 0 30 0 0 0 0 0 0 0 0 0 -999 
P1028 2058 10 0 0 35 97 72 11 0 0 0 1 0 0 0 0 0 0 0 0 0 54 22 0 23 14 0 0 0 10 0 0 0 
P1028 2058 11 0 0 0 0 0 7 15 44 40 0 36 4 0 8 0 0 0 0 0 0 0 0 0 0 0 0 0 3 0 0 -999 
P1028 2058 12 24 23 21 20 16 12 8 0 0 0 0 0 0 0 0 0 0 0 5 0 0 0 0 0 3 3 0 0 0 0 0 
P1028 2059 1 1 0 0 0 3 8 12 17 0 1 0 0 0 0 0 39 0 5 0 0 0 0 0 0 0 0 0 0 0 0 0 
P1028 2059 2 0 0 0 0 0 0 0 0 0 0 0 30 44 0 0 0 0 0 0 0 0 0 0 0 0 0 0 0 -999 -999 -999 
P1028 2059 3 0 0 0 0 0 0 0 0 32 0 0 0 0 0 0 0 0 27 22 0 0 0 0 0 0 0 0 0 84 79 0 
P1028 2059 4 0 4 9 0 16 28 0 83 65 37 0 0 0 19 0 0 0 0 15 0 0 31 34 43 0 0 0 0 0 0 -999 
P1028 2059 5 0 0 0 0 0 0 0 0 0 0 0 0 0 0 21 0 27 24 11 7 0 0 0 0 31 0 17 0 7 0 0 
P1028 2059 6 0 0 0 0 0 0 14 0 0 4 0 0 0 0 0 0 0 0 0 0 0 0 0 0 0 0 0 0 0 0 -999 
P1028 2059 7 0 0 0 0 0 0 0 0 0 0 0 0 0 0 0 0 0 0 0 0 0 0 0 0 0 0 0 0 0 0 0 
P1028 2059 8 0 0 0 7 0 0 0 0 0 0 0 0 0 0 0 0 0 0 0 0 0 0 0 0 0 0 0 0 0 0 0 
P1028 2059 9 0 0 0 0 0 0 0 0 20 0 0 0 0 0 0 0 0 2 0 0 0 0 0 0 0 0 0 13 0 0 -999 
P1028 2059 10 0 0 6 0 0 0 30 3 6 0 0 0 0 0 0 13 0 9 0 13 0 2 0 0 15 46 91 61 0 25 29 
P1028 2059 11 20 53 44 41 29 16 0 14 14 12 0 0 0 0 0 0 0 14 0 0 0 6 0 18 0 0 0 0 0 0 -999 
P1028 2059 12 0 0 24 0 55 0 0 14 38 51 0 54 17 0 7 4 0 0 0 0 0 0 18 24 55 80 68 50 52 19 13 
P1028 2060 1 17 21 26 35 0 0 40 0 0 0 90 104 77 60 0 0 0 0 25 0 0 0 0 9 11 0 0 0 0 0 22 
P1028 2060 2 33 4 0 0 0 0 0 0 4 0 13 10 0 9 0 0 0 21 35 0 0 0 0 2 0 0 0 0 -999 -999 -999 
P1028 2060 3 0 9 12 0 0 0 37 41 0 0 0 0 0 0 0 0 14 0 0 24 0 0 106 0 9 0 52 0 37 11 5 
P1028 2060 4 0 14 28 0 20 0 0 0 38 33 17 20 20 0 66 29 0 0 0 0 0 0 0 0 0 22 0 0 0 0 -999 
P1028 2060 5 0 0 0 17 0 13 0 0 0 0 15 0 0 0 0 33 0 0 0 0 0 0 0 0 0 0 0 0 0 0 0 
P1028 2060 6 11 0 0 5 0 0 0 0 0 0 0 0 0 0 0 0 0 0 0 20 15 0 0 0 0 0 0 0 0 0 -999 
P1028 2060 7 0 8 0 0 0 0 0 0 0 0 0 0 0 0 0 0 0 0 0 0 0 0 0 0 0 0 0 0 0 0 0 
P1028 2060 8 0 0 0 0 0 0 0 0 0 0 0 0 10 0 0 0 0 0 0 0 0 0 0 0 0 0 0 0 0 0 0 
P1028 2060 9 0 0 0 0 0 0 0 0 0 0 0 0 0 0 7 0 0 0 0 0 0 0 0 0 0 27 0 0 0 19 -999 
P1028 2060 10 0 0 0 5 0 0 0 0 0 11 9 0 0 3 0 0 0 0 0 0 0 0 0 0 0 0 0 0 0 0 48 
P1028 2060 11 22 0 0 24 0 23 41 0 52 33 21 43 0 3 0 18 92 78 109 0 0 6 0 0 0 0 0 0 0 0 -999 
P1028 2060 12 0 0 0 0 0 88 37 0 0 0 0 0 0 0 0 0 0 0 0 0 0 0 20 15 10 21 14 22 0 0 0 
P1028 2061 1 8 20 27 15 0 0 0 0 20 0 6 0 5 0 0 0 0 0 0 0 27 21 34 0 15 0 0 5 0 0 12 
P1028 2061 2 0 38 0 14 0 13 0 14 0 0 57 28 16 0 13 0 0 0 0 0 0 0 0 0 0 0 0 0 -999 -999 -999 
P1028 2061 3 49 15 0 0 0 35 0 10 0 0 0 0 17 26 57 60 0 52 24 0 0 0 42 76 107 0 0 0 0 0 0 
P1028 2061 4 21 0 54 40 0 0 0 0 0 0 21 10 0 0 0 0 0 0 0 0 0 0 0 0 0 0 0 0 0 0 -999 
P1028 2061 5 0 29 0 0 0 0 0 0 8 0 0 0 0 0 0 0 0 0 0 0 0 1 0 0 0 0 0 0 0 0 0 
P1028 2061 6 0 0 0 0 0 0 14 0 0 0 0 0 0 0 0 0 0 0 0 0 0 0 0 0 0 0 0 0 0 0 -999 
P1028 2061 7 0 3 0 0 0 0 0 0 0 0 0 0 0 0 0 0 0 0 0 0 0 8 0 0 0 0 0 0 0 0 0 
P1028 2061 8 0 0 0 0 0 0 0 0 0 0 0 0 0 0 0 0 0 0 0 0 0 0 0 0 0 0 0 0 0 0 0 
P1028 2061 9 0 0 0 0 0 0 0 0 0 0 0 0 26 0 0 0 0 8 0 0 0 0 0 0 0 0 16 0 0 13 -999 
P1028 2061 10 0 0 0 0 12 0 0 13 0 0 37 19 0 21 37 0 34 33 59 59 0 0 116 41 0 0 0 47 44 0 0 
P1028 2061 11 66 12 0 0 15 0 0 11 12 39 0 0 0 3 8 23 42 21 0 0 0 1 4 1 0 4 10 0 11 0 -999 
P1028 2061 12 20 9 0 0 0 0 0 0 0 0 0 10 3 0 0 23 0 0 24 35 97 37 4 0 4 0 0 0 0 48 11 
P1028 2062 1 5 10 0 0 0 0 0 6 0 0 0 0 4 7 1 0 0 18 0 0 0 0 0 7 18 56 34 28 0 0 33 
P1028 2062 2 59 37 0 0 0 0 36 0 27 0 5 2 0 0 0 6 0 8 0 0 38 39 0 69 52 62 25 0 -999 -999 -999 
P1028 2062 3 9 0 12 0 15 0 5 5 0 19 58 74 131 93 30 0 0 21 18 0 0 25 21 0 0 0 0 0 0 5 0 
P1028 2062 4 0 0 0 0 0 0 0 0 0 0 0 0 0 3 0 0 0 0 0 0 0 0 14 0 0 0 0 15 0 26 -999 
P1028 2062 5 12 0 0 0 0 0 0 0 0 15 0 0 0 0 0 0 0 0 0 0 0 0 0 0 0 0 0 0 0 0 0 
P1028 2062 6 0 0 0 28 0 0 8 0 0 0 0 0 0 0 0 0 0 0 0 0 0 0 0 0 0 0 0 0 0 0 -999 
P1028 2062 7 0 0 0 0 0 0 0 0 0 0 0 0 0 0 0 0 0 0 0 0 0 0 0 0 0 0 0 0 0 0 0 
P1028 2062 8 0 0 0 0 0 0 0 0 0 0 6 0 0 0 0 0 0 0 0 0 0 0 0 0 0 0 0 0 0 0 0 
P1028 2062 9 0 0 0 0 0 0 0 0 0 0 10 0 0 0 0 0 0 0 0 0 0 0 0 0 17 0 0 0 0 9 -999 
P1028 2062 10 0 0 0 83 144 63 22 0 5 0 0 0 4 3 0 0 10 2 0 0 0 5 0 0 0 0 0 0 21 0 0 
P1028 2062 11 0 0 0 0 0 0 0 44 0 0 0 0 43 44 0 0 10 21 6 1 4 18 31 0 5 9 1 0 0 0 -999 
P1028 2062 12 0 0 0 0 0 0 0 0 0 14 18 7 0 0 4 0 26 41 12 3 0 11 7 0 0 0 0 0 8 0 38 
P1028 2063 1 59 92 83 20 0 48 64 127 68 22 0 0 91 53 77 94 32 48 0 47 123 65 34 36 100 20 0 0 0 54 50 
P1028 2063 2 55 12 16 0 5 11 0 0 14 34 52 0 37 61 58 77 0 0 0 0 0 0 4 0 0 0 0 0 -999 -999 -999 
P1028 2063 3 0 0 0 0 44 35 81 35 0 0 57 0 36 31 52 0 30 0 0 10 21 0 0 37 104 50 23 32 28 33 41 
P1028 2063 4 10 0 0 0 76 67 0 0 83 0 5 0 0 15 0 0 5 0 0 0 18 0 12 0 7 0 0 0 9 0 -999 
P1028 2063 5 28 32 0 5 0 0 0 0 0 0 0 35 25 13 17 18 15 0 8 0 0 0 0 0 0 0 0 0 0 0 0 
P1028 2063 6 0 0 0 0 0 0 0 0 0 0 0 0 0 0 0 0 0 15 0 0 0 0 0 0 0 0 0 0 0 0 -999 
P1028 2063 7 0 0 0 0 0 0 0 0 0 0 0 0 0 0 0 0 0 0 0 0 0 0 0 0 0 0 0 0 0 0 0 
P1028 2063 8 0 0 0 0 0 0 12 0 0 0 0 0 0 0 0 0 0 0 0 0 0 0 0 0 0 0 0 0 0 0 0 
P1028 2063 9 0 0 0 0 0 0 0 0 0 5 0 0 0 0 0 0 0 12 9 0 0 0 0 0 0 0 0 15 0 0 -999 
P1028 2063 10 5 0 0 0 0 0 0 0 0 0 0 0 66 83 14 0 14 6 0 0 0 0 0 0 7 5 5 0 0 0 10 
P1028 2063 11 8 0 9 7 0 0 0 0 0 0 0 0 18 20 0 0 4 0 0 0 42 11 0 0 0 0 0 5 0 0 -999 
P1028 2063 12 0 0 0 0 0 0 2 0 0 0 0 0 7 4 7 2 0 0 3 2 1 1 0 0 0 0 0 0 0 0 0 
P1028 2064 1 12 0 0 0 0 0 0 0 0 0 0 0 0 18 48 42 0 0 0 0 0 0 0 0 18 16 16 16 16 19 0 
P1028 2064 2 8 18 0 0 0 0 0 11 0 1 0 0 1 0 0 1 0 0 0 0 0 0 0 0 0 0 0 6 -999 -999 -999 
P1028 2064 3 0 0 0 0 0 0 40 52 64 40 15 17 0 52 56 37 35 37 54 67 0 20 0 0 0 69 27 0 24 0 0 
P1028 2064 4 44 0 0 80 52 46 20 0 16 0 0 0 0 0 29 0 0 0 0 0 0 0 38 0 40 0 0 0 0 0 -999 
P1028 2064 5 21 0 0 0 0 11 0 20 0 0 0 0 0 0 0 0 0 0 12 0 0 0 0 0 0 0 0 0 0 0 0 
P1028 2064 6 0 0 0 0 0 0 0 0 0 0 0 0 0 0 0 0 0 0 0 0 0 0 0 0 0 0 0 0 0 0 -999 
P1028 2064 7 0 0 0 0 0 0 0 0 0 15 0 0 0 0 0 0 0 0 0 0 0 0 0 0 0 0 0 0 0 0 0 
P1028 2064 8 0 0 0 0 0 0 0 0 0 0 0 0 0 0 0 0 0 0 0 0 0 0 0 0 0 0 0 0 0 0 0 
P1028 2064 9 0 0 0 0 0 0 0 0 0 0 0 0 27 0 0 0 0 0 0 0 0 0 20 0 0 0 0 0 5 0 -999 
P1028 2064 10 0 0 0 0 18 18 32 28 20 13 0 7 0 0 0 9 0 11 0 0 0 12 17 36 0 0 0 5 4 7 3 
P1028 2064 11 0 0 0 0 17 0 0 0 0 0 0 21 19 62 0 4 0 0 0 0 0 0 0 0 0 0 0 9 10 12 -999 
P1028 2064 12 29 28 48 80 94 69 124 157 97 30 11 17 21 0 10 15 0 1 1 0 0 0 0 0 0 0 4 0 0 0 0 
P1028 2065 1 0 0 0 24 15 0 0 0 33 0 39 73 89 60 22 0 0 0 0 0 0 0 0 0 0 0 0 0 0 51 93 
P1028 2065 2 13 0 0 0 0 0 0 0 0 0 0 48 0 0 131 120 83 89 75 57 0 0 3 0 18 9 15 0 -999 -999 -999 
P1028 2065 3 0 0 0 0 0 0 0 0 0 0 3 0 0 0 1 0 0 0 0 0 0 0 15 0 0 29 0 48 0 0 0 
P1028 2065 4 0 24 0 0 61 0 0 0 0 0 0 0 0 0 0 0 0 0 0 0 0 0 0 0 0 0 0 0 0 0 -999 
P1028 2065 5 0 5 0 0 0 0 0 0 0 0 0 0 0 0 0 0 0 0 0 0 12 7 0 0 0 0 0 0 0 0 0 
P1028 2065 6 0 0 0 0 0 0 0 0 0 0 0 0 0 0 0 0 0 0 0 0 0 0 0 0 0 0 0 0 0 0 -999 
P1028 2065 7 0 0 0 0 0 0 0 0 0 7 0 0 0 5 5 0 0 0 0 0 0 0 0 0 0 3 0 0 0 0 0 
P1028 2065 8 0 0 0 0 0 0 0 0 8 15 0 9 0 0 0 0 0 0 0 0 0 0 0 0 0 0 0 0 0 0 0 
P1028 2065 9 0 0 0 0 0 0 0 0 0 0 0 0 0 0 0 0 0 0 0 0 0 0 0 0 0 0 0 0 0 0 -999 
P1028 2065 10 3 0 0 0 0 0 0 0 0 0 0 33 9 0 22 14 7 0 0 0 15 0 70 38 0 46 37 0 0 39 24 
P1028 2065 11 0 2 0 0 6 0 0 0 15 0 0 0 0 0 0 0 0 0 0 5 36 25 12 0 9 0 59 0 12 20 -999 
P1028 2065 12 15 0 0 0 2 0 0 0 0 0 43 76 0 25 0 57 21 21 43 64 49 88 95 129 231 206 120 10 1 0 10 
P1028 2066 1 5 0 0 7 13 0 0 0 17 23 33 54 23 28 40 27 0 28 85 21 19 71 49 0 0 0 0 40 0 55 49 
P1028 2066 2 44 0 0 0 22 14 0 8 15 11 0 9 10 0 0 0 0 0 0 0 0 0 5 0 75 33 27 0 -999 -999 -999 
P1028 2066 3 0 7 3 0 4 0 42 3 0 15 0 0 0 6 0 0 0 0 0 0 0 0 0 0 0 14 0 0 0 0 0 
P1028 2066 4 0 0 0 0 8 0 0 10 0 0 0 0 0 0 0 10 0 7 0 5 1 3 0 5 0 0 0 0 64 32 -999 
P1028 2066 5 6 0 0 0 0 10 0 0 16 0 0 0 0 0 0 0 0 0 0 0 0 0 0 0 0 0 0 0 0 0 0 
P1028 2066 6 0 0 0 0 0 0 0 0 0 0 0 0 0 0 0 0 0 0 0 0 0 0 0 0 0 0 0 0 0 0 -999 
P1028 2066 7 0 0 0 0 0 0 0 0 5 0 0 0 0 0 0 0 0 0 0 0 0 0 0 0 0 0 0 0 0 0 0 
P1028 2066 8 0 0 0 0 0 0 0 1 0 0 0 0 0 0 0 0 0 0 0 0 0 10 0 0 14 0 10 0 0 0 0 
P1028 2066 9 0 0 0 0 0 0 0 0 0 0 0 0 0 0 0 0 0 0 0 0 0 0 0 0 0 14 0 11 0 0 -999 
P1028 2066 10 0 0 0 0 0 11 0 0 0 0 0 0 0 0 0 0 0 0 0 0 21 14 0 4 5 0 0 48 0 0 0 
P1028 2066 11 0 11 17 47 70 0 22 25 12 10 21 0 22 0 0 0 0 0 0 0 0 0 0 0 0 0 0 0 8 6 -999 
P1028 2066 12 9 0 37 31 6 0 0 0 0 0 0 0 6 23 75 101 149 154 76 29 14 0 0 5 5 7 0 27 45 63 0 
P1028 2067 1 16 74 19 11 14 19 15 21 23 47 31 28 36 31 60 50 52 0 39 0 86 85 92 73 65 67 73 26 0 20 54 
P1028 2067 2 63 40 100 42 5 17 66 38 0 39 32 10 33 57 0 13 13 0 84 47 58 30 0 0 0 89 49 6 -999 -999 -999 
P1028 2067 3 3 0 12 2 0 0 0 0 0 0 0 15 0 0 0 0 0 0 0 0 0 0 0 7 3 7 0 0 0 0 0 
P1028 2067 4 0 0 0 0 0 0 0 0 0 0 0 0 0 0 0 8 0 9 8 10 14 0 26 21 0 0 15 0 0 0 -999 
P1028 2067 5 0 0 0 0 0 0 0 0 0 0 0 0 0 0 0 0 0 0 14 0 0 6 0 0 0 0 0 0 0 17 0 
P1028 2067 6 0 0 0 7 0 0 0 0 0 0 0 0 0 0 8 0 0 0 0 0 0 0 0 0 0 0 0 0 0 0 -999 
P1028 2067 7 0 0 0 0 0 0 0 0 0 0 0 0 0 0 0 0 0 0 0 0 0 0 3 0 4 0 0 0 0 0 7 
P1028 2067 8 0 0 9 0 0 0 0 0 0 0 0 0 0 0 0 0 0 0 0 0 0 0 0 0 0 9 0 0 0 0 0 
P1028 2067 9 0 0 0 0 0 0 0 0 6 0 0 11 11 0 0 0 0 0 0 0 0 0 0 0 0 0 0 0 0 0 -999 
P1028 2067 10 0 12 0 4 0 0 0 0 0 0 0 0 0 0 0 0 0 0 0 4 0 0 0 0 0 0 0 0 0 14 0 
P1028 2067 11 0 9 0 3 0 0 4 0 0 0 1 0 0 0 0 0 0 0 4 0 0 0 0 11 0 0 0 0 0 0 -999 
P1028 2067 12 6 9 19 0 23 9 0 28 0 0 15 20 0 0 1 0 17 0 0 0 0 0 0 0 2 10 38 23 6 2 8 
P1028 2068 1 1 0 0 24 93 106 43 0 17 3 0 12 0 0 0 0 0 0 0 0 0 0 0 0 12 18 13 7 12 11 3 
P1028 2068 2 0 0 0 0 0 0 0 0 0 0 23 28 0 0 0 0 0 0 0 0 0 0 0 3 4 14 51 20 -999 -999 -999 
P1028 2068 3 0 0 0 44 105 93 0 13 32 21 9 11 21 0 0 0 72 75 28 14 0 37 24 0 0 11 0 0 0 0 0 
P1028 2068 4 49 15 0 0 0 0 0 70 28 30 0 12 15 0 0 0 5 7 0 0 0 0 7 0 4 0 0 0 0 0 -999 
P1028 2068 5 0 0 0 0 0 0 0 8 0 0 0 0 28 19 0 0 33 0 18 0 11 0 0 0 0 0 17 0 0 15 0 
P1028 2068 6 0 0 0 0 0 0 0 0 0 4 0 0 0 0 0 0 3 0 0 0 0 0 0 0 0 0 0 0 0 0 -999 
P1028 2068 7 0 0 0 0 0 0 0 0 0 0 6 0 0 0 0 0 0 0 0 0 0 0 0 0 0 0 0 0 0 0 0 
P1028 2068 8 0 0 0 0 0 0 0 0 0 0 0 0 0 0 0 0 0 0 0 0 0 0 0 0 0 0 0 0 0 11 0 
P1028 2068 9 0 0 0 0 0 0 0 0 0 0 0 0 0 0 0 0 0 15 0 0 0 0 0 0 0 16 0 0 0 0 -999 
P1028 2068 10 0 0 0 0 0 0 0 0 0 0 0 9 0 0 12 0 0 0 0 0 17 2 0 0 0 9 0 0 0 0 0 
P1028 2068 11 0 22 0 15 7 0 0 6 0 12 18 23 0 0 0 0 0 0 0 0 35 0 0 0 0 0 0 0 0 0 -999 
P1028 2068 12 2 0 0 0 0 0 30 53 0 15 0 0 24 41 0 6 0 2 10 0 0 22 31 44 130 0 0 0 34 0 0 
P1028 2069 1 59 52 0 0 0 0 0 0 0 0 0 11 0 0 0 0 0 0 0 0 0 0 0 0 0 0 0 78 36 9 25 
P1028 2069 2 0 0 0 153 86 24 38 69 0 5 0 0 0 0 51 43 46 33 0 29 43 21 0 0 29 0 21 0 -999 -999 -999 
P1028 2069 3 22 16 30 13 0 0 0 0 0 0 0 0 5 0 0 0 0 0 0 0 13 0 0 0 0 0 0 34 0 0 60 
P1028 2069 4 0 0 0 0 26 0 9 0 0 25 0 32 0 0 0 0 0 0 0 0 0 0 0 0 0 0 0 3 0 0 -999 
P1028 2069 5 0 0 0 0 0 0 0 0 0 0 0 0 34 0 0 0 14 8 0 0 0 0 0 0 0 0 0 0 0 0 0 
P1028 2069 6 0 0 0 0 0 0 0 0 0 0 0 0 0 0 22 0 0 0 0 0 0 0 0 0 0 0 0 0 0 0 -999 
P1028 2069 7 0 0 0 0 0 0 0 0 0 0 0 0 0 0 0 0 0 0 0 0 0 0 0 0 0 0 0 0 0 0 0 
P1028 2069 8 0 0 0 0 0 0 0 0 0 0 0 0 0 0 0 0 0 0 0 0 0 0 0 0 0 0 0 0 0 0 0 
P1028 2069 9 0 0 0 0 0 10 0 0 0 0 0 28 0 0 0 0 0 0 0 0 0 0 0 0 0 0 0 0 0 0 -999 
P1028 2069 10 0 0 0 0 0 0 0 0 0 0 0 0 1 0 0 15 16 73 63 85 25 31 23 0 0 0 34 41 56 27 4 
P1028 2069 11 11 0 0 32 0 0 33 0 46 0 0 14 19 13 0 14 0 7 3 13 37 0 0 0 0 0 0 0 0 0 -999 
P1028 2069 12 0 0 0 43 51 0 0 0 0 0 0 6 0 0 0 0 0 0 2 3 0 29 21 12 17 0 34 0 74 29 0 
P1028 2070 1 0 0 59 0 13 0 101 225 122 43 0 25 22 34 0 0 0 0 0 9 0 0 24 24 0 0 0 1 0 0 0 
P1028 2070 2 0 0 5 0 0 0 0 0 0 20 33 38 0 0 0 0 0 23 0 0 0 31 0 0 0 67 0 18 -999 -999 -999 
P1028 2070 3 37 23 0 0 0 0 12 0 0 0 0 17 0 34 50 29 31 56 60 78 154 0 35 0 0 19 0 0 0 0 0 
P1028 2070 4 0 32 0 0 8 0 0 0 36 19 0 14 0 41 26 0 10 15 0 0 0 0 0 0 0 0 0 0 0 0 -999 
P1028 2070 5 0 15 43 0 123 129 37 21 0 0 15 0 0 0 0 0 11 16 0 0 20 21 0 0 0 5 4 0 0 0 0 
P1028 2070 6 0 0 0 0 6 0 0 0 0 0 0 10 0 11 0 0 0 0 0 0 0 0 0 0 0 0 0 0 0 0 -999 
P1028 2070 7 14 0 0 4 0 0 0 0 0 0 0 0 0 0 0 0 0 0 0 9 0 0 0 0 0 0 0 0 0 0 0 
P1028 2070 8 0 0 0 0 0 0 0 0 0 0 0 0 0 0 0 8 0 0 0 5 5 2 0 0 0 0 0 0 0 0 0 
P1028 2070 9 0 0 0 7 0 0 0 0 0 0 6 0 0 6 0 0 0 0 0 0 0 0 0 0 0 0 0 0 0 0 -999 
P1028 2070 10 0 0 0 0 0 0 0 0 0 0 0 0 41 16 21 33 48 93 16 3 0 5 6 0 0 9 0 0 0 0 50 
P1028 2070 11 0 0 5 0 0 0 0 0 0 0 0 0 0 0 0 1 0 3 0 7 14 0 24 0 0 0 13 67 44 13 -999 
P1028 2070 12 19 32 18 0 0 0 16 27 20 15 25 14 0 14 9 23 0 0 51 36 32 72 29 0 30 23 0 38 146 85 0 
P1028 2071 1 0 21 28 54 59 0 0 37 77 89 40 58 0 0 0 53 113 0 0 16 0 0 0 14 27 104 69 48 0 0 0 
P1028 2071 2 0 10 0 5 19 26 23 17 25 33 49 41 23 22 44 90 69 0 0 0 25 0 0 0 0 0 0 0 -999 -999 -999 
P1028 2071 3 0 22 0 0 24 0 26 35 74 36 0 21 22 44 0 24 28 0 0 0 4 0 0 0 16 0 0 13 0 0 0 
P1028 2071 4 0 40 0 0 0 0 0 0 0 0 11 0 0 0 0 0 6 0 0 0 0 12 0 11 14 14 18 0 14 0 -999 
P1028 2071 5 0 0 25 0 0 38 0 0 0 14 13 8 0 0 0 0 0 9 0 0 0 0 21 17 15 0 0 0 14 0 0 
P1028 2071 6 0 0 0 0 0 0 0 0 0 7 4 0 32 47 0 2 0 0 0 0 0 0 4 0 0 0 0 0 0 0 -999 
P1028 2071 7 0 30 0 0 0 0 0 0 0 0 0 0 0 0 0 0 0 0 0 0 0 0 0 0 0 0 0 0 0 0 0 
P1028 2071 8 0 0 0 0 0 0 0 0 0 0 0 0 0 0 0 0 0 0 0 0 0 0 0 0 0 0 0 0 0 2 4 
P1028 2071 9 0 0 0 0 0 0 0 0 0 0 10 0 0 0 0 0 0 0 0 0 0 14 0 0 0 0 0 0 0 16 -999 
P1028 2071 10 0 0 0 0 0 0 0 10 7 8 6 0 0 0 0 58 0 0 11 0 0 44 16 0 0 0 0 0 0 0 56 
P1028 2071 11 0 46 55 31 0 13 0 0 0 0 0 0 0 0 4 0 0 3 0 11 6 0 8 13 20 12 0 0 0 0 -999 
P1028 2071 12 0 0 49 27 56 112 91 46 70 110 122 104 89 61 44 55 73 59 24 0 0 0 58 66 32 81 34 7 0 0 135 
P1028 2072 1 86 25 0 0 0 12 8 7 10 0 0 0 0 0 4 0 0 18 19 20 15 7 21 0 0 35 23 0 29 9 35 
P1028 2072 2 110 35 30 0 29 9 0 0 0 2 5 0 0 0 0 0 0 0 26 71 0 0 17 0 0 0 0 0 -999 -999 -999 
P1028 2072 3 0 0 0 0 10 0 0 0 0 0 0 13 0 0 0 0 0 23 24 0 25 0 24 42 41 0 0 0 0 0 0 
P1028 2072 4 0 0 0 0 0 0 0 0 17 13 3 0 0 0 8 0 0 0 0 3 0 4 6 2 0 2 0 19 0 0 -999 
P1028 2072 5 0 0 0 0 0 11 0 8 0 0 9 0 0 0 8 0 0 0 0 0 0 0 0 0 0 0 0 0 0 0 2 
P1028 2072 6 0 0 0 0 0 0 0 0 0 0 0 6 0 0 0 0 0 4 0 0 0 0 0 0 0 0 0 0 0 8 -999 
P1028 2072 7 0 0 19 14 0 0 0 0 0 0 0 0 0 0 0 0 0 0 0 0 9 0 0 0 0 0 0 0 0 0 0 
P1028 2072 8 0 0 0 0 0 0 0 0 0 0 0 0 0 0 0 0 0 0 0 0 0 0 0 0 0 0 2 0 0 0 0 
P1028 2072 9 0 0 0 0 0 0 3 0 0 0 2 0 0 0 0 0 0 0 0 0 0 0 0 0 0 18 0 0 0 0 -999 
P1028 2072 10 0 0 0 0 0 0 0 0 0 0 0 0 0 0 0 0 0 0 0 0 0 0 0 0 0 0 0 0 0 0 0 
P1028 2072 11 0 0 0 0 0 4 0 0 0 11 7 0 7 14 0 0 2 0 44 44 16 0 0 29 31 23 0 0 0 2 -999 
P1028 2072 12 0 64 91 43 0 0 0 0 0 0 0 7 0 24 27 0 36 6 8 21 33 0 0 25 71 0 0 0 20 33 26 
P1028 2073 1 0 0 0 0 0 0 0 7 0 0 0 0 0 0 0 17 6 0 40 42 42 0 49 0 0 15 0 20 18 0 0 
P1028 2073 2 70 108 76 69 23 0 7 11 0 11 0 0 0 18 0 0 0 17 10 2 0 0 0 0 41 69 33 0 -999 -999 -999 
P1028 2073 3 0 7 3 0 0 20 0 0 58 45 23 0 0 0 0 0 0 0 30 37 49 0 0 26 18 21 78 154 76 0 0 
P1028 2073 4 0 14 0 0 0 51 0 20 0 0 0 0 0 22 8 0 6 0 0 0 0 15 0 82 0 42 32 11 3 0 -999 
P1028 2073 5 0 0 0 0 0 0 0 0 0 0 0 0 0 0 16 40 19 0 0 0 0 2 6 0 27 26 0 0 0 4 0 
P1028 2073 6 7 0 0 0 0 0 0 0 0 0 0 0 0 0 0 0 0 0 0 0 0 0 0 0 0 0 0 0 0 0 -999 
P1028 2073 7 0 0 0 0 0 0 0 0 0 0 0 0 0 0 0 0 0 0 0 0 0 0 0 0 0 8 0 0 0 0 0 
P1028 2073 8 0 0 0 0 0 0 0 0 0 0 0 0 0 0 0 0 0 0 0 0 0 0 1 0 0 0 0 0 0 0 0 
P1028 2073 9 0 0 0 0 0 0 0 15 0 0 0 0 0 0 0 0 0 8 0 0 0 0 13 0 0 0 0 0 0 0 -999 
P1028 2073 10 0 0 0 0 0 0 0 0 9 1 0 6 2 0 0 0 2 0 5 0 0 0 0 0 0 0 0 0 0 0 8 
P1028 2073 11 11 12 0 0 0 0 0 0 0 0 0 0 0 0 0 0 23 53 147 50 68 80 0 8 0 0 19 0 0 1 -999 
P1028 2073 12 0 0 0 0 0 0 0 26 0 11 0 0 37 0 0 0 0 0 29 0 13 18 0 0 44 0 0 47 89 257 426 
P1028 2074 1 60 17 47 90 195 79 0 0 112 0 79 61 0 0 0 0 0 0 0 0 5 0 0 0 0 0 9 0 0 0 0 
P1028 2074 2 0 0 0 0 0 0 0 13 0 18 24 28 33 0 0 42 39 22 0 0 0 0 0 0 29 195 82 105 -999 -999 -999 
P1028 2074 3 50 0 0 12 15 25 28 0 10 11 0 32 25 6 0 0 0 0 0 9 0 0 0 0 23 0 0 0 0 0 0 
P1028 2074 4 0 0 19 0 0 0 0 0 0 0 0 0 0 0 0 38 0 17 31 0 0 0 4 0 8 0 0 0 0 0 -999 
P1028 2074 5 0 0 0 14 14 0 0 0 0 20 0 13 14 0 31 25 0 19 0 0 0 3 1 0 7 0 0 0 0 0 0 
P1028 2074 6 0 0 0 0 0 7 0 6 0 0 0 0 4 0 0 0 0 0 0 0 0 0 5 0 0 0 0 0 0 0 -999 
P1028 2074 7 0 0 0 0 0 0 0 0 0 0 0 0 0 0 0 0 0 0 0 0 0 0 0 0 8 0 0 0 0 0 0 
P1028 2074 8 0 0 0 0 0 0 0 0 0 0 0 0 0 0 0 0 0 0 0 5 0 0 0 0 0 0 0 0 0 0 0 
P1028 2074 9 0 0 0 0 8 0 0 0 0 0 0 0 0 0 0 0 0 5 0 0 0 0 0 0 0 0 0 0 0 0 -999 
P1028 2074 10 0 0 0 0 0 0 0 0 0 0 0 0 0 0 0 0 0 0 0 9 0 0 30 0 0 0 0 0 3 0 0 
P1028 2074 11 0 0 0 19 0 0 0 0 17 0 0 0 0 0 0 0 7 4 11 21 0 0 11 0 0 0 0 0 0 0 -999 
P1028 2074 12 0 0 0 0 0 0 0 0 14 0 0 37 0 0 0 0 1 1 2 0 4 0 1 2 1 0 0 5 0 14 0 
P1028 2075 1 3 0 0 0 0 0 0 0 0 21 0 0 17 8 21 5 0 9 0 26 17 20 35 25 12 0 0 7 0 6 0 
P1028 2075 2 0 0 0 99 38 0 47 106 64 68 171 181 90 24 19 0 0 0 0 28 0 0 48 71 46 0 0 0 -999 -999 -999 
P1028 2075 3 0 0 4 2 0 0 0 0 0 0 0 0 0 0 0 0 74 0 40 18 35 74 0 65 18 13 11 0 0 0 0 
P1028 2075 4 16 22 0 24 0 0 66 60 0 0 0 0 0 0 0 0 0 25 41 61 49 0 0 0 0 0 0 0 24 19 -999 
P1028 2075 5 0 0 0 0 0 0 0 0 0 0 24 0 3 0 0 0 0 0 0 0 0 0 0 0 8 0 0 0 0 0 0 
P1028 2075 6 0 0 0 8 0 6 0 0 0 5 0 0 0 0 0 0 0 0 0 0 0 0 0 0 0 0 0 0 0 0 -999 
P1028 2075 7 0 0 0 0 0 0 0 0 0 0 0 0 0 0 0 0 0 0 0 0 0 0 0 0 0 0 0 0 0 0 0 
P1028 2075 8 0 0 0 0 0 0 0 0 0 0 0 0 0 0 0 0 0 0 0 0 0 0 0 0 0 0 0 0 0 9 0 
P1028 2075 9 17 0 0 0 0 0 0 0 0 0 0 0 0 0 0 0 0 0 0 0 0 0 0 0 0 0 0 0 18 0 -999 
P1028 2075 10 28 16 22 32 15 13 0 0 0 14 0 0 0 15 0 0 0 0 0 0 0 0 0 0 0 0 0 31 0 148 0 
P1028 2075 11 12 0 12 20 0 132 92 0 21 14 21 0 0 45 102 32 0 22 7 0 0 32 24 0 6 6 0 0 0 0 -999 
P1028 2075 12 0 0 40 31 16 0 23 0 0 15 0 0 0 80 67 0 26 20 0 0 11 0 0 0 0 0 0 0 0 0 0 
P1028 2076 1 0 0 0 5 13 0 19 14 17 0 9 0 7 0 0 0 0 0 0 0 0 0 0 1 0 0 0 0 0 22 59 
P1028 2076 2 72 19 7 0 0 0 0 0 0 0 1 0 0 0 0 0 0 7 0 22 15 0 0 0 0 0 14 0 -999 -999 -999 
P1028 2076 3 0 0 0 0 0 0 39 37 0 21 0 14 0 0 0 0 0 0 0 33 0 0 0 0 0 0 0 0 0 0 0 
P1028 2076 4 0 18 27 0 0 0 0 0 29 27 0 18 0 0 0 31 23 0 0 22 10 0 0 0 0 10 9 0 0 0 -999 
P1028 2076 5 58 59 0 0 0 5 0 2 0 0 0 0 19 0 7 0 0 0 0 5 0 0 0 0 0 0 0 0 7 0 0 
P1028 2076 6 0 6 0 0 0 0 0 0 0 0 0 0 0 0 0 0 0 0 0 0 18 0 0 0 0 0 0 0 0 0 -999 
P1028 2076 7 0 0 0 0 0 0 0 0 0 0 0 0 0 0 0 0 0 0 0 0 0 0 0 0 0 0 0 0 0 0 0 
P1028 2076 8 0 0 0 0 0 0 0 0 0 0 0 0 0 0 0 0 0 0 0 0 10 0 0 0 0 0 0 0 0 0 0 
P1028 2076 9 20 0 0 0 0 0 0 0 0 0 0 0 0 0 0 0 0 0 0 0 10 0 0 0 0 0 4 0 0 0 -999 
P1028 2076 10 0 0 0 0 0 0 0 0 0 0 0 26 0 0 0 0 0 0 0 0 0 0 0 0 0 0 41 66 0 0 0 
P1028 2076 11 0 0 9 0 0 0 0 0 0 0 0 0 0 0 16 16 0 0 0 0 15 0 0 6 1 0 19 26 8 0 -999 
P1028 2076 12 0 0 0 0 2 0 0 0 29 34 34 35 0 0 0 0 18 0 0 0 0 0 0 18 36 28 43 35 0 29 0 
P1028 2077 1 0 0 0 0 0 0 0 0 11 0 0 0 0 0 0 0 0 0 0 0 0 12 0 0 0 0 26 0 0 0 0 
P1028 2077 2 40 44 37 30 13 0 69 18 24 40 0 0 0 0 0 0 42 39 52 0 0 0 0 32 40 32 16 0 -999 -999 -999 
P1028 2077 3 0 0 0 0 0 40 42 0 12 17 0 28 0 0 0 0 0 0 0 67 0 77 30 17 0 0 0 0 0 0 0 
P1028 2077 4 0 0 0 0 0 0 0 0 0 0 0 0 0 0 0 0 0 0 38 0 0 0 6 4 0 39 0 9 0 0 -999 
P1028 2077 5 0 0 0 0 0 9 23 15 0 0 0 0 1 0 0 0 0 0 0 10 0 0 0 0 0 0 0 0 9 0 0 
P1028 2077 6 0 33 0 25 0 0 0 0 0 0 0 0 0 0 0 0 0 0 0 0 3 0 0 0 0 0 0 0 0 0 -999 
P1028 2077 7 0 0 0 0 0 0 0 0 0 0 0 0 0 0 0 0 0 0 0 0 0 0 0 0 3 0 0 0 0 0 0 
P1028 2077 8 0 0 0 0 0 0 0 0 0 0 0 0 0 0 0 0 0 0 0 0 0 0 0 0 0 0 0 0 0 0 0 
P1028 2077 9 0 0 0 0 0 0 0 0 0 0 0 0 0 0 0 0 0 0 0 0 0 25 0 21 0 0 0 21 0 0 -999 
P1028 2077 10 0 0 0 0 0 0 0 0 0 15 0 0 0 0 0 0 19 0 0 0 0 44 66 0 11 10 18 0 44 31 0 
P1028 2077 11 45 0 0 22 17 0 0 41 56 40 25 13 16 58 56 35 32 0 17 24 0 0 30 23 0 0 0 0 0 0 -999 
P1028 2077 12 72 79 59 0 26 57 86 60 0 59 25 0 0 9 14 0 0 0 0 0 0 0 0 0 0 9 0 0 0 0 0 
P1028 2078 1 136 199 126 92 87 0 0 38 71 102 23 0 56 0 75 49 0 18 23 0 0 0 0 0 0 0 0 0 9 0 0 
P1028 2078 2 0 0 0 5 0 3 0 0 0 0 0 5 0 0 0 0 0 0 0 0 0 0 0 15 81 96 0 0 -999 -999 -999 
P1028 2078 3 0 0 0 0 0 31 78 86 23 0 15 0 34 70 0 0 91 65 56 53 38 25 34 48 20 0 0 0 14 0 0 
P1028 2078 4 64 28 11 23 0 41 0 0 18 0 0 0 0 39 14 0 20 0 0 0 4 0 0 38 0 25 0 0 0 0 -999 
P1028 2078 5 42 54 0 0 5 0 9 0 34 0 0 0 0 0 0 0 17 28 0 2 0 0 0 0 12 0 0 12 0 0 0 
P1028 2078 6 0 0 0 0 0 19 17 0 0 0 0 0 0 9 0 0 0 0 0 0 0 0 0 0 0 0 0 0 0 0 -999 
P1028 2078 7 0 0 0 0 0 0 0 0 0 0 0 0 0 0 0 0 0 0 0 0 0 0 0 0 0 0 0 0 0 0 0 
P1028 2078 8 0 0 0 0 0 0 0 0 0 0 0 0 0 0 0 0 0 0 5 0 0 0 0 0 0 0 0 0 0 0 0 
P1028 2078 9 0 0 0 0 0 0 0 0 0 10 0 0 0 0 0 0 0 0 0 0 0 0 0 0 0 0 0 0 0 0 -999 
P1028 2078 10 0 0 0 0 0 0 0 0 0 25 0 0 0 0 0 0 33 0 0 0 0 0 6 7 0 0 1 0 0 0 0 
P1028 2078 11 0 0 0 0 0 0 0 0 0 0 0 0 0 0 4 0 0 46 0 0 0 0 0 0 0 10 0 0 0 0 -999 
P1028 2078 12 0 9 0 14 0 19 13 8 0 13 43 9 0 0 0 25 28 0 3 0 17 0 0 0 7 66 87 22 26 111 115 
P1028 2079 1 0 10 28 18 7 0 0 0 0 0 4 0 0 0 0 10 0 0 0 17 29 17 4 1 0 0 7 0 0 0 12 
P1028 2079 2 0 0 0 0 0 0 18 0 0 0 0 0 0 0 0 0 0 6 0 0 0 0 39 73 0 0 23 39 -999 -999 -999 
P1028 2079 3 0 0 0 20 15 0 0 0 0 2 3 0 0 0 0 0 0 0 0 0 0 0 0 0 0 17 0 0 0 0 0 
P1028 2079 4 24 0 0 35 44 0 0 0 0 0 0 0 0 0 30 0 29 24 0 0 0 0 0 0 0 0 0 4 0 0 -999 
P1028 2079 5 0 0 0 0 0 0 10 0 4 13 0 0 0 0 0 0 0 0 0 7 0 0 0 0 0 0 0 0 0 0 0 
P1028 2079 6 0 0 0 0 0 0 0 0 0 0 0 0 0 0 0 0 0 0 0 0 0 0 0 4 0 0 0 0 0 0 -999 
P1028 2079 7 0 4 0 0 0 0 0 8 0 0 0 0 0 0 0 0 0 0 0 0 0 0 14 0 0 0 0 0 0 0 0 
P1028 2079 8 10 0 0 0 0 0 0 0 0 0 0 0 0 0 0 0 0 0 0 0 0 0 0 0 0 0 0 0 0 0 0 
P1028 2079 9 0 0 8 0 0 0 0 2 0 13 0 12 0 0 2 0 0 0 6 0 0 0 0 0 0 0 0 0 0 0 -999 
P1028 2079 10 0 0 0 8 0 0 0 0 0 0 3 0 0 0 0 0 13 0 11 32 21 0 0 10 9 21 17 0 0 0 0 
P1028 2079 11 8 9 10 0 31 41 0 0 2 0 0 17 47 40 51 47 64 146 90 47 30 18 22 12 15 0 0 0 0 0 -999 
P1028 2079 12 0 15 16 0 9 0 0 0 0 0 0 0 0 0 0 1 0 0 0 0 0 0 0 0 0 0 7 9 12 8 11 
P1028 2080 1 0 11 0 0 13 0 0 0 0 0 0 0 0 0 0 0 0 0 0 0 0 6 0 18 20 21 20 0 0 0 0 
P1028 2080 2 4 5 0 2 4 0 5 28 74 147 163 153 93 0 0 17 0 69 43 0 42 0 0 0 0 0 0 41 -999 -999 -999 
P1028 2080 3 76 38 0 0 0 50 57 53 65 80 64 62 0 0 0 0 0 0 2 0 0 0 4 0 9 0 0 0 0 0 0 
P1028 2080 4 0 0 0 0 0 0 0 0 0 0 0 31 0 11 0 0 0 0 0 0 0 40 0 0 0 0 18 16 0 0 -999 
P1028 2080 5 0 0 0 0 0 0 0 0 12 0 16 23 14 0 0 0 0 0 0 0 0 0 0 0 0 0 0 0 0 0 0 
P1028 2080 6 0 0 0 0 20 0 0 0 2 0 0 0 0 0 0 0 0 0 0 0 0 0 0 4 0 0 0 0 0 0 -999 
P1028 2080 7 0 0 0 0 0 0 0 0 0 0 0 0 0 0 0 0 0 0 0 0 0 0 0 0 0 0 0 0 0 0 0 
P1028 2080 8 0 0 0 0 0 0 0 0 0 0 0 0 0 0 0 0 0 0 0 0 0 0 0 0 0 0 0 10 0 0 0 
P1028 2080 9 0 0 0 0 0 0 0 15 0 0 0 0 0 0 0 0 0 0 0 0 0 0 0 0 0 0 0 0 0 0 -999 
P1028 2080 10 0 0 34 46 35 29 18 53 35 0 0 24 23 12 22 6 0 0 0 0 0 0 0 0 0 0 0 0 1 3 0 
P1028 2080 11 11 12 9 5 15 19 0 0 18 0 0 0 40 55 49 23 18 0 0 0 0 0 0 11 0 0 0 2 0 0 -999 
P1028 2080 12 0 59 0 107 79 0 127 94 0 0 3 0 0 14 4 0 0 0 0 0 0 0 0 15 0 49 9 0 0 27 41 
P1028 2081 1 59 69 70 78 39 0 0 0 0 0 0 0 0 65 42 0 0 0 96 132 71 50 33 20 0 13 13 14 14 0 0 
P1028 2081 2 0 8 0 0 15 23 32 0 20 0 0 0 0 0 0 0 14 0 0 0 0 0 0 0 40 8 11 32 -999 -999 -999 
P1028 2081 3 0 27 79 90 26 22 0 0 48 0 0 0 36 42 0 0 58 77 70 49 61 114 64 0 10 16 47 25 0 38 51 
P1028 2081 4 36 0 20 0 0 0 0 0 9 0 0 0 0 0 32 10 3 0 0 11 0 0 0 0 38 24 18 48 33 79 -999 
P1028 2081 5 45 44 19 0 33 6 0 22 33 38 0 10 0 36 36 20 0 0 3 0 0 0 0 0 0 0 0 0 0 0 0 
P1028 2081 6 0 0 0 0 0 0 0 0 0 0 0 0 0 0 0 0 0 0 0 0 0 0 0 0 0 0 0 0 0 0 -999 
P1028 2081 7 0 0 0 0 0 0 0 0 0 0 0 0 0 0 0 0 0 0 0 0 0 0 0 0 0 0 0 0 0 0 8 
P1028 2081 8 0 0 0 0 0 0 0 0 0 0 0 0 0 0 0 12 0 0 0 0 0 0 0 0 0 0 0 0 0 24 0 
P1028 2081 9 0 0 0 0 6 0 0 0 0 0 0 0 0 0 0 0 0 0 0 0 0 0 7 0 0 0 0 0 0 0 -999 
P1028 2081 10 0 0 0 17 0 0 0 0 0 0 0 0 0 8 0 0 0 0 0 0 0 0 0 0 0 0 10 0 0 0 0 
P1028 2081 11 42 0 27 33 0 0 0 0 4 0 0 0 0 0 0 61 112 0 42 0 0 0 0 0 0 0 0 0 18 23 -999 
P1028 2081 12 18 19 24 0 14 40 42 47 48 0 38 90 128 104 54 31 0 0 0 0 10 17 21 0 0 43 0 14 0 0 3 
P1028 2082 1 13 0 0 0 0 18 17 0 12 22 35 0 21 10 13 0 81 39 0 41 132 177 36 27 42 59 67 0 0 0 0 
P1028 2082 2 0 0 0 0 1 0 0 0 0 0 0 0 6 0 0 0 0 0 0 6 0 0 0 25 0 0 0 19 -999 -999 -999 
P1028 2082 3 35 0 38 28 0 28 7 0 0 0 0 0 0 0 0 0 0 10 60 0 0 0 21 0 26 13 0 0 30 0 0 
P1028 2082 4 0 0 0 0 0 0 0 0 0 0 0 0 0 0 0 0 11 12 0 0 0 0 0 0 0 0 0 0 0 0 -999 
P1028 2082 5 0 6 0 0 0 0 0 0 0 10 0 0 15 0 0 0 0 0 7 0 0 0 0 0 0 0 0 0 0 0 0 
P1028 2082 6 0 0 0 0 0 0 0 0 8 0 0 0 13 0 0 0 0 0 0 0 6 5 0 0 0 0 0 0 0 0 -999 
P1028 2082 7 10 0 0 0 0 0 0 0 0 0 0 0 0 0 0 0 0 0 0 0 0 0 0 0 0 0 0 0 0 0 0 
P1028 2082 8 0 0 0 0 0 0 0 0 0 0 0 0 0 0 0 0 0 0 0 0 0 0 1 0 0 0 0 0 0 0 0 
P1028 2082 9 0 0 0 0 0 0 0 0 4 0 11 0 0 0 0 0 0 0 0 8 0 0 0 0 13 8 0 0 0 0 -999 
P1028 2082 10 0 0 8 0 0 0 0 2 0 0 0 0 0 0 0 0 0 0 0 0 0 12 24 5 2 0 0 3 0 9 0 
P1028 2082 11 31 32 0 0 0 8 0 0 0 0 0 0 0 7 0 0 52 53 8 0 1 0 0 0 0 0 0 1 0 0 -999 
P1028 2082 12 0 34 6 0 0 0 0 0 0 0 0 27 0 0 0 31 51 0 16 0 5 6 0 0 0 17 0 0 14 0 0 
P1028 2083 1 39 48 61 0 15 13 0 38 35 0 0 0 0 20 18 36 28 42 0 0 7 15 8 0 0 0 0 0 24 51 32 
P1028 2083 2 0 0 0 0 0 0 53 35 40 97 73 23 14 0 0 0 40 130 81 76 68 56 28 0 138 112 57 41 -999 -999 -999 
P1028 2083 3 42 20 0 0 2 0 0 0 0 0 0 5 0 16 0 14 11 0 0 0 0 65 133 100 60 51 128 43 0 0 7 
P1028 2083 4 0 0 11 0 22 53 49 10 0 0 0 10 0 26 34 22 0 0 0 0 0 0 0 0 0 43 23 0 0 0 -999 
P1028 2083 5 0 0 15 0 0 32 32 39 35 25 0 19 0 0 0 36 36 20 0 11 3 0 12 13 0 59 37 0 22 0 0 
P1028 2083 6 0 27 0 0 17 6 10 14 0 22 0 7 0 17 0 0 0 0 0 0 0 0 0 0 0 0 0 0 0 0 -999 
P1028 2083 7 0 0 0 0 0 0 0 0 0 0 0 0 0 0 7 0 0 0 0 0 0 0 0 0 0 0 0 0 0 0 0 
P1028 2083 8 0 0 0 0 0 0 0 0 0 8 0 0 0 0 0 0 0 0 0 0 0 0 0 0 0 0 0 0 0 4 0 
P1028 2083 9 0 0 0 0 0 0 0 0 0 0 0 0 0 0 0 0 0 0 0 0 0 0 0 0 0 0 0 0 8 0 -999 
P1028 2083 10 0 0 0 0 20 11 0 3 0 0 0 0 0 0 0 0 0 0 0 0 53 52 0 0 28 0 0 5 11 0 0 
P1028 2083 11 11 5 0 0 29 12 19 0 0 0 16 48 58 0 0 0 0 32 0 0 0 0 0 0 0 0 12 0 0 31 -999 
P1028 2083 12 0 22 0 0 7 10 27 49 66 17 13 0 0 84 0 16 0 14 0 34 12 5 0 0 6 0 2 1 0 7 0 
P1028 2084 1 20 18 0 0 0 6 0 0 0 0 0 0 0 0 23 53 0 66 0 0 0 0 24 18 46 43 0 34 31 31 21 
P1028 2084 2 0 6 12 0 0 0 50 51 0 0 26 0 71 0 0 0 0 0 16 0 0 0 0 17 0 26 13 14 -999 -999 -999 
P1028 2084 3 0 0 0 0 28 3 1 1 0 0 0 0 0 0 17 76 141 70 29 37 29 40 0 0 0 20 0 0 0 0 0 
P1028 2084 4 0 0 0 0 0 0 0 0 6 0 0 0 0 0 0 0 0 0 0 0 0 0 0 0 0 0 0 0 0 17 -999 
P1028 2084 5 0 0 15 0 0 5 9 0 0 0 0 0 0 0 3 0 0 0 0 0 0 0 0 0 0 0 0 0 0 0 0 
P1028 2084 6 0 0 0 0 0 25 0 0 0 0 0 0 0 0 0 0 0 0 0 0 0 0 0 0 0 0 0 0 0 0 -999 
P1028 2084 7 0 0 0 0 0 0 0 0 0 0 0 0 0 0 0 0 0 0 0 0 0 0 0 0 0 0 0 0 0 0 0 
P1028 2084 8 0 0 0 0 0 0 0 0 0 0 0 0 0 0 0 0 0 0 0 0 0 0 0 0 0 0 0 0 0 0 0 
P1028 2084 9 0 0 0 0 0 0 8 0 0 0 0 0 0 0 27 0 2 0 0 0 5 3 0 0 0 0 0 0 0 0 -999 
P1028 2084 10 11 0 0 11 6 0 0 0 0 0 0 0 0 0 21 0 5 0 0 0 10 0 0 0 0 20 12 35 68 89 39 
P1028 2084 11 19 31 59 0 10 12 15 69 67 0 0 9 0 0 0 0 0 0 0 10 0 0 0 0 0 0 19 0 11 12 -999 
P1028 2084 12 0 0 0 7 21 7 26 62 50 52 88 88 108 66 15 0 0 0 0 0 0 0 0 0 0 0 0 5 7 2 0 
P1028 2085 1 0 0 0 1 0 0 0 0 0 0 0 0 0 0 0 6 5 4 10 0 4 0 46 81 62 0 1 2 0 0 0 
P1028 2085 2 0 0 0 21 0 30 23 19 19 0 36 43 24 0 4 0 0 0 0 0 0 0 7 0 0 0 0 0 -999 -999 -999 
P1028 2085 3 0 0 0 0 0 0 0 0 0 55 27 70 62 29 63 50 0 0 0 1 0 0 10 0 13 0 0 0 9 0 0 
P1028 2085 4 0 0 0 0 0 0 0 0 0 24 0 82 74 80 88 73 63 49 27 0 0 0 0 0 0 0 0 0 0 29 -999 
P1028 2085 5 39 33 17 0 0 0 0 67 61 19 0 0 0 21 0 4 0 0 0 0 0 4 0 0 0 0 0 0 0 0 0 
P1028 2085 6 0 0 0 0 0 0 43 0 0 0 0 0 0 0 0 0 0 0 0 0 0 0 0 0 5 0 0 0 0 0 -999 
P1028 2085 7 0 0 0 0 0 0 0 0 0 0 0 0 0 0 0 5 0 0 0 0 0 0 0 0 0 0 0 0 0 0 0 
P1028 2085 8 0 0 0 0 0 0 0 0 0 0 0 0 0 0 0 0 0 0 0 0 0 0 0 0 0 0 0 0 0 0 0 
P1028 2085 9 0 0 0 0 22 0 0 7 0 0 0 0 0 0 0 0 0 0 0 0 0 0 0 0 0 0 10 0 0 0 -999 
P1028 2085 10 12 13 0 0 0 0 0 0 10 0 0 23 27 36 0 0 15 9 0 8 0 0 1 0 0 0 0 17 22 50 0 
P1028 2085 11 2 6 13 9 0 0 0 8 0 0 0 0 0 0 0 22 47 16 11 46 12 6 4 0 0 0 0 16 28 0 -999 
P1028 2085 12 41 27 0 12 0 78 0 3 0 0 0 0 0 39 28 0 0 0 0 0 0 49 64 8 0 0 0 10 0 0 11 
P1028 2086 1 0 0 17 17 12 13 0 0 0 0 0 28 39 40 0 0 44 68 0 55 0 0 0 0 35 0 0 0 12 0 25 
P1028 2086 2 37 77 135 15 21 38 89 67 0 9 0 22 36 0 0 0 0 0 0 0 0 0 6 17 0 7 9 0 -999 -999 -999 
P1028 2086 3 0 0 0 0 0 0 0 0 0 0 0 0 0 0 0 0 0 0 0 0 0 0 0 0 9 0 0 0 0 0 0 
P1028 2086 4 0 0 0 0 0 0 28 0 0 0 0 0 17 19 0 26 21 0 0 0 6 7 0 0 0 0 0 32 0 16 -999 
P1028 2086 5 31 0 0 23 16 7 22 7 0 0 0 0 1 0 0 0 0 0 0 0 0 0 0 0 0 0 0 0 0 0 0 
P1028 2086 6 0 0 0 0 5 0 0 0 0 0 0 0 0 0 0 14 18 0 0 0 0 0 0 0 0 0 0 0 0 0 -999 
P1028 2086 7 0 0 0 0 0 0 0 0 0 0 0 0 0 0 0 0 0 0 0 0 0 0 0 0 0 0 0 2 0 0 0 
P1028 2086 8 0 0 0 0 0 0 0 0 0 0 0 0 0 0 0 0 0 0 0 0 0 0 0 0 0 0 0 0 0 0 0 
P1028 2086 9 0 0 0 0 0 0 0 0 0 0 20 29 0 0 0 10 0 0 0 0 0 0 0 8 0 0 0 3 0 8 -999 
P1028 2086 10 0 0 0 0 0 0 0 0 0 0 0 0 8 4 0 2 0 0 0 0 0 0 0 15 23 0 34 23 0 54 17 
P1028 2086 11 0 0 15 0 0 0 0 0 15 0 30 0 0 0 0 0 0 0 0 17 20 5 0 0 7 5 3 0 0 0 -999 
P1028 2086 12 4 2 0 0 0 0 0 0 0 0 0 0 1 0 0 0 1 0 35 21 17 36 61 0 0 14 0 0 0 0 0 
P1028 2087 1 0 10 0 9 9 0 46 47 41 0 10 0 0 0 0 0 0 0 0 0 0 0 0 0 0 0 0 0 0 0 27 
P1028 2087 2 41 27 0 0 0 0 0 0 0 0 0 15 0 0 0 0 0 0 0 0 0 0 0 0 30 0 0 0 -999 -999 -999 
P1028 2087 3 54 57 37 24 0 0 0 46 42 83 78 79 24 0 0 0 0 0 0 0 0 0 31 25 0 0 0 18 0 0 0 
P1028 2087 4 0 6 0 0 0 10 0 0 0 0 0 0 0 0 0 13 20 0 14 0 0 28 35 35 48 17 16 0 0 7 -999 
P1028 2087 5 0 0 0 18 13 0 0 15 0 0 30 0 0 13 0 0 0 0 0 0 0 6 0 0 0 0 0 0 0 0 0 
P1028 2087 6 0 0 0 0 5 0 0 0 0 0 0 0 0 4 0 0 0 0 0 0 0 0 0 0 0 0 0 0 0 0 -999 
P1028 2087 7 0 0 0 0 0 0 0 0 0 0 0 0 0 0 0 0 0 0 0 0 0 0 12 0 0 0 0 0 12 0 0 
P1028 2087 8 0 0 0 0 0 0 0 0 0 0 0 0 0 0 0 0 0 0 0 0 0 0 0 0 0 0 0 0 0 0 0 
P1028 2087 9 0 0 0 0 0 0 0 0 0 0 0 0 0 0 0 0 0 0 0 0 0 0 0 0 0 0 0 0 0 0 -999 
P1028 2087 10 0 0 0 0 14 9 0 0 0 15 0 0 0 0 0 2 0 0 0 0 1 2 0 0 3 0 0 0 0 13 0 
P1028 2087 11 0 4 0 0 6 0 0 0 0 0 0 0 0 0 8 0 0 0 0 1 0 0 0 13 0 0 0 0 0 0 -999 
P1028 2087 12 0 0 0 0 0 0 4 14 15 3 1 0 3 0 0 0 0 0 5 2 0 22 112 31 22 80 0 18 61 37 17 
P1028 2088 1 0 0 17 0 0 0 2 0 0 0 0 0 0 0 0 3 0 0 14 0 0 0 0 0 0 0 0 0 0 0 0 
P1028 2088 2 0 0 0 14 0 0 90 122 91 0 0 0 0 0 0 0 0 17 35 30 0 39 38 44 44 26 0 44 -999 -999 -999 
P1028 2088 3 0 91 79 0 0 0 11 7 9 0 0 0 0 0 0 0 0 19 2 0 0 0 23 0 10 0 13 0 0 0 0 
P1028 2088 4 0 0 0 0 0 0 75 72 0 39 0 0 46 32 0 21 0 14 0 0 0 0 0 0 0 0 0 0 0 0 -999 
P1028 2088 5 0 0 0 0 25 0 0 0 0 0 0 0 4 0 12 9 0 0 0 0 0 0 0 0 0 0 0 0 0 0 0 
P1028 2088 6 0 0 0 0 0 0 6 0 0 0 0 0 0 0 0 0 0 0 0 5 15 0 0 0 0 0 0 0 0 0 -999 
P1028 2088 7 0 0 0 0 0 0 0 0 0 0 0 0 0 0 0 0 0 0 0 0 0 0 0 0 0 0 0 0 0 0 0 
P1028 2088 8 0 0 0 0 0 0 0 0 0 0 0 0 0 0 0 0 0 0 0 0 0 0 0 0 0 0 0 0 0 0 0 
P1028 2088 9 0 0 0 0 0 0 0 0 0 0 0 3 0 0 0 0 0 0 0 0 0 0 0 0 0 0 0 0 11 0 -999 
P1028 2088 10 0 0 0 0 0 0 0 0 11 0 0 16 0 0 0 0 1 0 0 0 25 23 0 40 46 95 90 26 10 9 0 
P1028 2088 11 0 0 0 0 0 0 0 0 0 17 23 21 13 19 0 19 21 68 15 0 0 11 0 0 0 0 0 0 53 0 -999 
P1028 2088 12 0 42 39 54 58 45 65 50 17 0 0 0 0 0 0 0 0 0 0 8 0 0 0 0 0 0 32 25 32 0 0 
P1028 2089 1 22 0 0 0 0 0 0 0 93 94 102 153 0 0 10 0 0 0 0 0 0 0 0 2 0 0 0 11 0 16 27 
P1028 2089 2 0 0 8 34 52 96 0 97 120 47 51 102 116 46 9 0 0 0 2 0 0 0 0 0 0 0 0 0 -999 -999 -999 
P1028 2089 3 27 36 57 0 0 22 14 0 0 0 0 8 0 0 50 0 0 0 0 15 11 0 0 53 106 15 0 26 0 58 108 
P1028 2089 4 110 78 0 0 0 0 0 0 6 1 0 0 8 0 0 0 0 0 11 0 16 32 20 29 51 73 43 23 13 30 -999 
P1028 2089 5 0 11 0 0 0 0 0 0 0 0 0 5 8 0 0 0 0 0 10 0 0 0 0 0 0 0 0 0 0 0 0 
P1028 2089 6 0 0 0 0 0 0 0 0 0 0 0 0 0 0 0 0 0 0 0 0 0 0 0 0 0 0 0 0 0 0 -999 
P1028 2089 7 0 0 0 0 0 0 0 0 0 0 0 0 0 0 0 0 0 0 0 0 0 0 0 0 0 0 0 0 0 0 0 
P1028 2089 8 0 0 0 0 0 0 0 0 0 0 0 0 0 0 0 0 12 8 0 0 0 0 0 0 0 0 0 0 0 0 0 
P1028 2089 9 0 0 9 0 0 0 0 0 0 0 0 0 0 0 0 0 0 0 0 0 0 0 0 0 0 0 0 0 0 0 -999 
P1028 2089 10 0 0 0 0 0 0 0 0 0 0 0 0 0 10 7 0 0 0 0 0 0 0 0 0 0 0 0 0 0 12 0 
P1028 2089 11 0 52 58 0 0 10 0 0 0 0 0 0 0 0 0 0 14 0 14 0 0 16 33 100 80 41 0 0 37 116 -999 
P1028 2089 12 146 0 0 17 0 0 0 37 27 57 19 0 2 0 0 0 0 0 0 8 0 0 0 0 0 0 0 0 0 0 3 
P1028 2090 1 2 0 0 2 2 1 4 4 0 29 12 0 56 40 34 8 0 0 0 0 0 0 0 7 0 0 0 34 14 0 0 
P1028 2090 2 0 0 0 0 88 75 0 0 35 41 37 28 16 0 0 0 37 0 0 0 0 22 47 18 0 33 48 104 -999 -999 -999 
P1028 2090 3 115 0 0 0 9 0 0 0 0 0 30 0 56 48 0 0 0 0 0 27 14 27 14 0 0 14 6 0 18 0 31 
P1028 2090 4 0 27 44 29 0 0 23 22 28 27 0 0 0 43 58 16 18 0 4 2 0 0 0 0 0 6 0 0 0 17 -999 
P1028 2090 5 21 0 0 0 0 0 9 0 0 0 0 0 0 0 0 0 0 0 0 0 0 0 0 0 0 0 0 0 0 0 0 
P1028 2090 6 0 13 0 0 0 0 6 0 0 0 0 0 0 0 0 0 0 0 0 0 0 0 0 0 0 0 0 0 0 0 -999 
P1028 2090 7 0 0 0 0 0 0 0 0 0 0 3 0 0 0 0 0 0 0 0 0 0 0 0 0 0 0 0 0 0 0 0 
P1028 2090 8 0 0 0 0 0 0 0 0 0 0 0 0 0 0 0 0 6 0 0 0 0 0 0 0 0 0 0 16 0 0 0 
P1028 2090 9 0 0 0 0 0 0 0 0 0 0 0 0 0 0 0 0 0 0 4 0 0 0 0 0 0 0 0 0 0 0 -999 
P1028 2090 10 0 0 0 18 20 24 14 0 0 14 14 0 12 0 12 0 0 0 0 0 0 0 0 0 0 0 0 0 17 11 21 
P1028 2090 11 0 0 5 3 0 0 4 0 0 0 39 24 10 27 27 0 6 15 0 0 0 9 0 23 0 36 0 7 10 0 -999 
P1028 2090 12 0 103 73 31 32 34 0 8 0 51 0 0 24 34 26 0 12 0 0 0 0 0 0 0 28 0 0 0 7 0 0 
P1028 2091 1 0 0 0 0 0 12 0 59 0 0 15 17 30 19 0 0 12 17 0 0 0 0 0 0 0 0 0 0 0 0 15 
P1028 2091 2 0 0 0 0 0 0 38 17 0 11 0 0 12 0 8 0 18 55 131 0 69 63 52 27 30 71 0 0 -999 -999 -999 
P1028 2091 3 14 10 7 17 39 98 22 0 0 0 0 0 10 0 24 21 0 0 0 0 0 10 0 0 3 0 3 0 0 0 0 
P1028 2091 4 0 0 0 2 0 0 0 0 0 0 27 37 34 23 18 25 0 28 0 0 11 0 0 0 0 0 0 0 0 0 -999 
P1028 2091 5 0 0 0 0 0 0 0 0 2 0 0 0 0 0 0 0 0 0 0 0 5 0 0 0 0 0 0 0 0 8 0 
P1028 2091 6 0 0 0 0 0 0 0 0 0 0 0 0 0 0 0 0 0 0 0 0 0 0 0 0 0 0 0 0 0 0 -999 
P1028 2091 7 0 0 0 0 0 0 0 0 0 0 0 0 0 0 0 0 0 0 0 0 0 0 0 0 0 0 0 0 0 0 0 
P1028 2091 8 7 0 0 0 0 0 0 0 0 0 0 0 0 0 0 0 0 0 0 0 0 0 0 0 0 0 0 0 0 0 0 
P1028 2091 9 0 0 0 0 0 0 0 0 0 0 0 0 0 0 0 0 0 0 0 0 0 0 0 0 0 22 0 0 0 0 -999 
P1028 2091 10 0 0 0 0 0 0 0 2 0 23 0 65 0 0 0 17 25 8 0 0 0 0 0 0 0 66 63 84 87 52 0 
P1028 2091 11 41 13 0 0 19 0 0 0 6 0 0 0 0 0 36 31 14 15 11 5 0 0 39 0 0 0 25 8 0 0 -999 
P1028 2091 12 49 26 2 4 0 15 7 0 0 0 0 0 0 0 0 0 0 16 0 0 0 0 31 38 0 0 0 0 0 0 4 
P1028 2092 1 0 0 0 0 0 0 25 0 0 0 11 17 12 0 36 28 107 47 135 114 67 0 0 44 0 22 88 47 77 51 30 
P1028 2092 2 25 48 25 4 25 112 59 27 0 137 0 18 35 66 0 0 27 51 20 49 20 7 22 0 13 0 0 0 -999 -999 -999 
P1028 2092 3 0 0 0 0 0 0 72 69 0 0 21 0 28 0 87 79 22 27 22 46 67 59 135 229 61 0 17 27 30 0 0 
P1028 2092 4 29 0 64 34 0 0 3 0 0 13 0 0 0 27 0 0 0 0 0 0 0 0 0 0 0 35 0 54 0 29 -999 
P1028 2092 5 0 0 10 0 0 0 0 0 0 0 0 8 0 0 0 21 29 0 9 0 0 0 0 0 0 0 0 0 0 0 0 
P1028 2092 6 0 0 0 0 0 0 0 0 0 0 0 0 0 0 0 0 0 0 0 0 0 0 0 0 0 0 0 0 0 0 -999 
P1028 2092 7 0 0 0 0 0 0 0 0 0 0 0 0 0 0 11 0 0 0 0 0 0 0 0 0 0 0 0 0 0 0 0 
P1028 2092 8 0 0 0 0 0 0 0 0 0 13 0 0 0 0 0 0 0 0 0 0 0 0 0 0 0 0 0 0 0 0 0 
P1028 2092 9 0 0 0 0 0 0 0 0 0 0 0 0 0 0 0 0 0 0 0 0 0 0 0 0 2 0 0 0 0 0 -999 
P1028 2092 10 0 0 0 0 0 0 0 8 0 0 35 33 0 0 0 1 0 0 0 0 0 0 0 8 0 0 0 4 5 6 5 
P1028 2092 11 0 0 38 98 0 0 0 0 0 7 0 51 124 96 61 0 0 17 36 0 0 0 31 86 0 18 9 0 0 0 -999 
P1028 2092 12 0 0 0 0 0 0 0 17 63 0 16 0 0 0 18 0 0 10 22 82 136 56 70 37 22 56 0 34 45 35 34 
P1028 2093 1 54 56 50 35 43 57 31 0 0 0 0 104 41 96 131 89 20 40 18 0 0 0 4 0 0 22 0 18 58 47 78 
P1028 2093 2 60 0 0 13 0 0 0 0 7 0 32 0 0 0 47 0 63 0 44 57 64 0 0 0 0 0 0 13 -999 -999 -999 
P1028 2093 3 0 0 0 0 0 14 10 41 88 66 87 20 21 0 0 0 0 0 17 0 0 14 10 7 0 0 0 27 0 14 25 
P1028 2093 4 0 12 0 11 19 0 0 0 0 13 6 0 13 0 0 26 0 0 0 0 0 0 0 16 0 0 57 0 0 0 -999 
P1028 2093 5 0 0 32 0 0 0 0 0 13 0 0 0 0 0 0 0 0 0 0 0 9 0 0 0 0 0 0 0 0 0 0 
P1028 2093 6 0 0 0 0 0 0 0 0 0 0 0 0 0 0 0 0 0 0 0 0 0 0 0 2 0 0 0 0 0 0 -999 
P1028 2093 7 0 9 0 0 0 0 0 0 0 0 0 0 0 0 0 2 0 0 0 0 0 0 0 0 0 0 0 0 0 0 0 
P1028 2093 8 0 0 0 0 0 0 0 0 0 0 0 0 0 0 0 0 0 0 0 0 0 0 0 0 0 0 0 5 0 0 0 
P1028 2093 9 0 0 0 12 0 0 6 0 0 0 6 0 0 0 0 0 0 0 0 0 0 0 0 0 0 0 0 0 0 27 -999 
P1028 2093 10 0 0 0 0 0 0 30 32 0 0 0 16 0 0 29 101 47 27 0 0 0 0 0 7 11 11 0 3 0 3 0 
P1028 2093 11 0 20 0 2 0 3 0 0 0 0 0 0 8 5 0 0 0 8 0 9 0 6 7 0 0 0 0 0 0 2 -999 
P1028 2093 12 0 0 3 0 0 0 0 0 0 0 0 0 0 0 0 0 0 0 0 0 0 0 4 0 0 0 0 6 0 0 0 
P1028 2094 1 0 0 27 25 25 19 0 0 43 29 0 0 0 0 0 31 80 86 0 55 0 86 122 114 108 37 44 100 24 60 29 
P1028 2094 2 40 49 71 61 14 9 3 0 0 0 0 0 0 0 0 0 0 0 0 0 0 0 0 0 5 0 0 0 -999 -999 -999 
P1028 2094 3 0 0 0 0 0 0 0 0 0 0 0 0 0 0 0 0 0 0 18 36 0 0 0 28 0 0 0 0 60 101 49 
P1028 2094 4 99 110 55 12 18 0 52 0 0 0 0 0 0 0 0 0 0 0 0 0 0 30 4 0 0 0 0 0 19 0 -999 
P1028 2094 5 0 0 0 0 0 0 0 0 0 0 0 0 0 0 0 0 0 0 0 0 0 0 0 0 6 0 0 0 0 0 0 
P1028 2094 6 0 0 0 0 0 0 0 0 0 0 0 0 0 0 0 0 0 0 0 0 0 0 0 0 0 0 0 0 0 0 -999 
P1028 2094 7 0 0 0 0 0 0 0 0 0 0 0 0 0 0 0 0 0 0 0 0 0 0 0 0 0 0 0 0 0 0 0 
P1028 2094 8 0 0 0 0 0 0 0 0 0 0 0 0 0 0 0 0 0 0 0 12 0 0 0 0 0 0 0 0 0 0 0 
P1028 2094 9 0 0 0 0 0 0 0 0 0 0 0 0 0 0 0 0 0 0 0 0 0 0 0 0 0 0 0 0 6 0 -999 
P1028 2094 10 0 0 0 0 0 0 0 0 0 0 0 0 6 4 5 0 0 0 31 27 45 0 61 37 0 36 46 0 0 0 0 
P1028 2094 11 4 0 0 0 0 0 0 0 0 0 0 0 0 57 15 10 21 15 0 20 9 0 45 35 27 29 0 0 0 0 -999 
P1028 2094 12 7 0 0 0 1 0 0 0 0 0 0 0 0 0 0 0 0 0 34 0 0 0 1 1 0 0 0 5 0 0 27 
P1028 2095 1 68 49 0 72 28 15 30 62 58 17 17 15 11 0 23 0 0 0 0 0 0 0 0 0 76 0 124 98 0 0 0 
P1028 2095 2 0 24 0 15 0 0 20 16 0 0 0 0 0 0 0 0 31 14 0 0 0 0 0 0 0 0 0 0 -999 -999 -999 
P1028 2095 3 0 0 0 0 0 0 0 0 0 0 19 0 0 7 4 0 0 0 0 0 0 0 0 0 0 0 0 54 47 0 0 
P1028 2095 4 35 90 43 0 0 0 0 11 14 0 34 34 0 0 0 0 14 32 20 0 60 55 0 64 24 7 0 0 0 1 -999 
P1028 2095 5 0 0 0 9 0 0 0 0 0 4 0 0 0 0 0 0 0 0 0 0 5 0 0 0 0 0 0 0 0 0 3 
P1028 2095 6 2 0 0 0 0 14 11 14 0 0 0 0 0 0 4 0 20 0 0 25 21 0 0 0 0 0 0 0 0 0 -999 
P1028 2095 7 0 0 0 0 0 0 0 0 0 0 0 0 0 0 0 0 0 0 0 0 0 0 0 0 0 0 0 0 0 0 0 
P1028 2095 8 0 0 0 0 0 0 0 0 0 0 0 0 0 0 0 0 0 0 0 0 0 0 0 0 0 0 0 0 0 0 0 
P1028 2095 9 0 8 0 0 0 0 0 0 4 0 0 0 0 0 0 9 0 0 9 0 0 0 0 0 0 0 0 0 0 0 -999 
P1028 2095 10 0 0 0 0 0 0 10 0 0 0 0 0 0 0 0 12 0 0 0 0 6 0 0 0 0 0 0 0 0 0 0 
P1028 2095 11 0 0 0 74 0 0 53 0 65 31 0 0 0 0 5 0 4 0 0 9 33 32 49 0 21 0 0 0 4 0 -999 
P1028 2095 12 0 0 0 7 6 0 9 32 0 28 0 5 40 0 88 53 0 0 0 80 0 0 0 0 120 91 35 18 5 0 0 
P1028 2096 1 0 0 0 0 47 0 105 97 84 52 21 0 0 0 0 23 0 7 2 0 0 2 0 0 0 0 0 8 4 0 0 
P1028 2096 2 16 39 69 0 54 15 0 0 0 10 0 0 0 99 90 0 0 3 0 0 0 0 0 4 0 0 0 0 -999 -999 -999 
P1028 2096 3 0 29 0 0 0 0 0 0 0 0 0 0 0 0 5 0 0 0 0 35 0 70 61 9 0 27 24 50 61 0 0 
P1028 2096 4 0 0 0 0 0 0 17 0 0 0 3 0 29 0 80 60 0 0 0 0 0 0 10 9 0 0 0 0 0 0 -999 
P1028 2096 5 0 0 0 0 0 0 0 0 0 0 0 0 0 0 0 8 0 0 0 0 0 0 0 0 0 23 0 18 9 0 13 
P1028 2096 6 0 0 0 0 0 0 16 0 0 0 0 0 0 7 0 0 0 0 0 0 0 0 8 0 0 0 0 0 7 0 -999 
P1028 2096 7 0 0 0 0 0 0 0 0 0 0 0 0 0 0 0 0 0 0 0 0 0 0 0 0 0 0 0 0 0 0 0 
P1028 2096 8 0 0 0 0 0 0 0 0 0 0 0 0 0 0 0 0 0 0 0 0 0 0 0 12 0 0 0 0 0 0 0 
P1028 2096 9 0 0 0 0 0 0 0 0 0 0 0 0 0 0 0 0 0 0 23 12 0 17 0 12 11 0 5 0 2 0 -999 
P1028 2096 10 0 26 0 0 0 3 0 0 0 13 0 0 0 7 0 0 0 0 20 0 4 12 0 0 0 0 0 0 16 0 0 
P1028 2096 11 0 0 0 0 0 0 0 0 0 0 0 0 0 0 0 0 2 0 0 0 0 0 0 0 0 0 0 0 0 1 -999 
P1028 2096 12 4 2 0 0 0 0 0 0 0 0 0 18 17 40 22 13 0 44 0 0 0 0 37 0 9 0 0 0 36 0 18 
P1028 2097 1 15 0 0 1 0 0 0 0 0 0 0 0 0 0 0 0 0 0 0 0 0 0 1 3 26 36 0 0 4 0 0 
P1028 2097 2 9 15 0 0 63 61 0 0 0 0 4 0 0 0 25 0 0 0 0 0 0 0 0 0 0 43 0 0 -999 -999 -999 
P1028 2097 3 12 0 46 0 9 35 9 0 13 0 1 2 0 0 0 0 0 0 0 0 0 0 0 0 20 28 0 0 16 3 0 
P1028 2097 4 0 0 0 0 0 0 0 0 0 0 0 44 60 0 0 6 0 0 0 13 9 3 0 0 0 0 1 0 0 0 -999 
P1028 2097 5 0 0 0 0 0 0 0 0 9 0 0 0 0 0 0 0 0 0 0 0 0 0 0 8 0 0 0 0 0 0 0 
P1028 2097 6 0 0 0 0 0 0 0 0 0 0 0 0 0 0 0 0 0 0 0 0 0 0 0 0 0 0 0 0 0 0 -999 
P1028 2097 7 0 0 0 0 0 0 0 0 0 0 0 0 0 0 0 0 0 0 0 0 0 0 0 0 0 0 0 0 0 0 0 
P1028 2097 8 0 9 0 0 0 0 0 0 0 0 0 20 0 0 0 0 0 0 0 0 0 0 0 0 0 0 0 0 0 0 0 
P1028 2097 9 0 0 0 0 0 0 0 0 9 0 0 0 0 0 0 3 0 0 0 6 0 0 0 0 0 0 0 7 0 0 -999 
P1028 2097 10 0 0 0 0 0 0 0 0 0 0 2 0 0 0 28 0 49 27 0 6 0 0 7 0 2 0 0 0 5 7 0 
P1028 2097 11 0 7 0 0 0 0 0 0 0 0 0 0 0 0 0 4 0 0 0 0 0 0 0 3 0 0 11 14 18 25 -999 
P1028 2097 12 0 0 0 0 1 1 0 0 0 0 0 0 0 0 0 0 0 0 0 0 0 0 0 0 0 0 0 0 52 59 0 
P1028 2098 1 40 0 19 0 60 28 0 0 0 0 0 10 8 0 13 0 0 0 0 116 0 37 0 27 0 0 0 0 0 0 0 
P1028 2098 2 0 0 0 0 10 14 40 82 58 88 32 47 0 0 25 0 0 0 0 0 0 0 28 0 0 0 0 0 -999 -999 -999 
P1028 2098 3 0 0 0 0 0 31 0 0 0 0 0 0 0 0 16 12 0 6 0 6 0 0 0 0 0 0 34 12 0 12 0 
P1028 2098 4 0 0 0 21 0 0 27 0 0 0 0 0 0 0 0 0 0 0 0 0 0 68 37 0 0 0 0 0 0 0 -999 
P1028 2098 5 0 0 0 0 17 0 30 28 42 81 83 63 16 0 0 0 14 6 0 15 24 0 0 48 39 20 0 0 0 0 0 
P1028 2098 6 0 0 0 0 0 0 0 0 0 9 0 0 0 0 0 0 0 0 0 0 0 0 0 0 0 0 0 0 0 0 -999 
P1028 2098 7 0 0 0 0 0 0 0 0 0 0 0 0 0 0 0 0 0 0 0 0 0 0 0 0 0 0 0 0 0 0 0 
P1028 2098 8 0 0 0 0 0 0 0 0 0 0 0 0 0 0 0 0 0 0 0 0 0 0 0 0 0 0 0 0 0 0 0 
P1028 2098 9 0 0 0 0 0 0 0 0 0 0 0 0 0 0 0 0 0 0 0 0 7 0 11 0 0 0 0 0 0 0 -999 
P1028 2098 10 0 0 0 0 0 0 0 14 0 0 10 0 0 0 0 0 26 0 6 0 0 0 0 0 11 25 25 12 0 7 11 
P1028 2098 11 0 0 0 0 0 0 0 0 0 25 0 34 48 34 17 14 0 30 59 0 0 0 0 20 0 0 0 0 0 0 -999 
P1028 2098 12 0 0 0 0 0 0 0 6 0 0 0 0 0 0 0 6 9 0 25 41 33 32 22 0 0 9 0 18 0 19 0 
P1028 2099 1 0 0 0 0 0 0 0 0 19 53 0 0 0 0 1 0 20 11 3 14 20 56 200 0 0 15 0 0 0 0 0 
P1028 2099 2 0 0 0 33 6 0 19 25 0 0 0 0 0 0 0 0 0 0 0 0 13 0 0 99 0 56 39 65 -999 -999 -999 
P1028 2099 3 83 91 102 82 18 12 0 0 0 0 15 0 0 0 0 19 26 86 110 99 0 0 0 0 0 0 0 0 0 0 0 
P1028 2099 4 19 0 0 0 16 0 10 0 0 0 0 0 0 0 0 0 0 0 0 0 22 0 0 24 0 0 0 0 18 0 -999 
P1028 2099 5 0 12 8 0 0 10 0 0 0 0 1 0 0 2 9 0 0 0 0 0 0 0 17 17 7 4 10 0 0 12 0 
P1028 2099 6 0 0 0 0 0 0 0 0 0 0 0 0 0 0 0 18 0 5 3 0 0 0 0 0 0 0 0 0 0 0 -999 
P1028 2099 7 0 0 0 0 0 0 0 0 0 0 0 0 0 0 0 0 0 0 0 0 0 0 0 15 0 0 0 0 0 0 0 
P1028 2099 8 0 0 0 0 10 0 0 0 0 0 0 0 0 0 0 0 0 0 0 0 0 0 0 0 0 0 0 0 0 0 0 
P1028 2099 9 0 0 0 0 0 0 0 0 0 0 23 0 0 0 0 0 5 0 0 0 0 0 0 0 0 6 0 0 0 0 -999 
P1028 2099 10 0 0 0 0 0 0 0 0 0 24 40 43 19 0 0 0 0 0 0 15 15 0 0 0 0 17 12 11 15 0 0 
P1028 2099 11 0 0 14 0 0 0 0 5 0 0 13 12 9 0 0 0 0 0 0 0 6 6 0 0 17 0 37 0 88 8 -999 
P1028 2099 12 0 0 0 0 0 0 0 23 20 0 0 0 0 3 0 0 0 0 0 33 29 0 0 65 134 194 170 143 70 40 0 
P1028 2100 1 0 7 0 14 36 2 0 0 0 0 101 129 0 29 0 0 0 0 0 0 0 0 15 0 8 0 0 0 0 0 15 
P1028 2100 2 37 108 50 0 0 0 19 0 55 49 21 0 0 0 0 22 53 0 0 24 0 0 0 0 0 0 0 0 -999 -999 -999 
P1028 2100 3 0 83 0 0 0 0 21 0 44 37 0 55 58 0 11 0 0 0 28 41 0 60 54 35 29 42 22 0 0 50 0 
P1028 2100 4 49 43 0 0 0 0 19 0 4 12 33 90 0 41 0 30 19 0 7 0 0 0 0 0 0 0 0 0 0 0 -999 
P1028 2100 5 3 0 7 0 0 0 0 5 0 0 0 0 0 0 0 18 0 0 0 38 15 0 15 0 23 10 0 0 14 0 0 
P1028 2100 6 0 0 15 0 0 0 0 0 0 22 11 10 0 0 9 0 0 0 0 0 0 0 0 0 0 0 0 0 0 0 -999 
P1028 2100 7 0 0 0 0 0 0 0 0 0 0 0 0 0 0 0 0 0 0 0 0 0 0 0 0 0 0 0 0 0 3 0 
P1028 2100 8 0 0 0 0 0 0 0 0 0 0 0 0 0 0 0 0 0 0 0 0 0 0 0 0 0 0 0 0 0 0 10 
P1028 2100 9 0 0 0 0 0 0 0 0 0 0 0 0 0 0 0 0 0 0 0 0 0 0 0 0 0 0 0 0 0 0 -999 
P1028 2100 10 12 0 0 0 0 0 0 24 0 0 0 0 14 0 10 11 0 0 0 0 14 49 0 0 0 0 0 8 13 3 0 
P1028 2100 11 10 0 0 34 27 61 16 17 52 25 0 0 54 71 98 65 62 66 45 0 0 52 30 51 19 0 0 0 0 0 -999 
P1028 2100 12 0 10 0 0 0 0 0 0 0 0 0 0 0 0 0 0 2 1 0 0 0 10 0 0 0 0 0 0 0 0 0 
