precip	MIROC5	RCP60	REGRESION	decimas	1
P14022	41.641	1.031	182	geo	2006	2100	-1
P14022 2006 1 0 0 0 0 0 0 0 0 7 0 0 17 43 45 0 16 0 0 27 13 5 0 0 0 0 0 2 10 0 15 11 
P14022 2006 2 0 12 19 7 0 0 0 0 0 0 0 0 0 0 25 0 9 0 0 0 30 0 15 0 0 1 0 0 -999 -999 -999 
P14022 2006 3 0 16 23 0 26 0 0 47 38 0 34 0 30 18 15 0 30 29 21 0 0 13 15 0 0 11 7 12 0 12 32 
P14022 2006 4 22 0 9 14 19 0 9 39 0 0 0 0 6 0 0 0 0 13 0 0 0 0 0 0 0 0 35 61 46 0 -999 
P14022 2006 5 0 20 19 15 13 24 19 0 0 0 0 0 0 29 0 0 19 21 0 11 0 0 0 0 0 4 0 0 14 0 0 
P14022 2006 6 0 0 0 0 0 0 0 0 0 0 0 0 0 0 0 0 0 0 14 10 10 10 0 0 15 0 15 0 0 21 -999 
P14022 2006 7 0 23 0 14 14 0 0 0 0 0 0 0 0 0 0 0 0 0 0 0 26 0 23 0 19 0 0 13 0 0 22 
P14022 2006 8 26 0 0 0 0 0 0 0 0 12 0 0 22 22 0 12 0 0 0 0 18 12 6 0 0 0 10 0 0 0 18 
P14022 2006 9 0 0 0 0 0 23 0 8 0 22 0 0 0 0 0 0 0 0 0 0 0 12 0 0 32 0 9 0 5 0 -999 
P14022 2006 10 0 0 0 0 0 0 0 0 0 0 0 15 16 0 0 25 0 0 0 0 0 11 7 0 0 0 0 0 0 0 0 
P14022 2006 11 0 0 0 0 0 10 14 13 0 0 0 0 0 0 0 0 1 0 0 0 13 28 0 35 0 0 0 0 0 3 -999 
P14022 2006 12 0 0 4 6 0 9 0 13 0 0 18 25 32 0 0 18 0 0 0 0 0 14 25 41 0 17 0 0 0 0 6 
P14022 2007 1 0 0 0 0 0 0 0 0 0 0 0 0 0 0 0 0 0 0 16 0 16 0 0 9 20 31 27 17 0 12 0 
P14022 2007 2 0 0 0 0 12 0 0 0 66 49 29 0 0 13 0 0 0 13 0 0 21 18 0 0 17 0 0 0 -999 -999 -999 
P14022 2007 3 0 0 0 0 21 17 0 8 0 0 0 26 49 0 0 0 6 0 0 10 0 0 0 0 0 0 6 5 0 0 0 
P14022 2007 4 0 0 0 0 0 0 0 0 0 0 0 12 0 0 0 0 14 0 26 19 22 24 0 0 0 0 0 0 0 0 -999 
P14022 2007 5 0 0 0 0 0 21 0 0 12 13 0 22 0 46 0 16 12 19 25 0 16 0 0 6 0 0 0 0 5 0 15 
P14022 2007 6 0 26 18 0 16 0 0 0 0 0 0 0 0 32 0 0 0 0 11 0 0 0 23 21 0 0 0 23 29 32 -999 
P14022 2007 7 0 24 0 0 0 0 18 0 0 0 0 0 29 0 0 12 0 38 0 0 0 23 24 0 0 0 20 0 28 0 0 
P14022 2007 8 0 0 0 30 26 0 0 0 0 16 0 0 28 0 9 0 13 0 0 0 0 0 0 0 0 31 18 17 19 19 7 
P14022 2007 9 0 0 0 7 0 0 0 0 0 0 0 0 14 17 0 0 12 0 0 0 0 0 0 0 0 0 0 8 5 0 -999 
P14022 2007 10 0 6 0 0 0 0 0 0 0 14 22 25 0 21 0 0 0 0 0 0 0 0 0 0 0 0 0 13 0 0 0 
P14022 2007 11 0 0 0 0 0 9 0 0 0 0 0 0 8 0 0 9 0 0 0 0 0 0 9 0 0 0 6 14 0 0 -999 
P14022 2007 12 18 10 10 23 0 38 0 0 2 0 0 1 0 0 0 0 7 0 0 8 4 0 0 0 0 0 0 6 6 0 0 
P14022 2008 1 0 0 0 23 0 4 0 0 21 16 0 0 8 0 0 0 0 0 0 8 0 0 0 0 0 0 0 0 9 12 0 
P14022 2008 2 25 17 0 18 10 0 0 0 16 26 0 0 0 0 0 0 0 20 0 16 0 0 0 23 42 0 0 79 -999 -999 -999 
P14022 2008 3 82 15 5 0 0 0 0 0 0 0 0 3 0 11 9 0 0 0 0 0 0 0 0 0 0 0 0 0 0 0 0 
P14022 2008 4 0 5 0 11 20 17 2 0 0 0 0 5 0 0 0 29 19 17 0 0 0 3 0 0 0 0 0 0 0 24 -999 
P14022 2008 5 0 13 16 0 14 34 28 0 0 13 0 0 9 23 14 19 0 8 0 0 0 0 19 0 0 14 0 8 0 0 17 
P14022 2008 6 0 0 0 0 10 13 10 0 9 0 0 0 24 0 22 0 0 0 0 11 0 0 0 0 0 0 0 0 25 0 -999 
P14022 2008 7 0 0 0 0 0 0 0 0 0 0 28 20 0 0 0 0 0 0 0 0 0 15 0 0 0 0 0 0 0 0 20 
P14022 2008 8 0 0 29 16 0 0 0 0 14 0 24 0 0 0 0 0 12 0 0 4 0 18 0 0 0 19 29 14 13 0 0 
P14022 2008 9 0 0 0 0 0 17 0 0 0 0 0 23 0 15 0 8 0 0 14 0 10 0 0 0 0 0 10 0 19 23 -999 
P14022 2008 10 15 0 0 9 0 0 12 18 0 0 0 26 0 0 0 0 16 11 0 13 15 0 0 15 0 13 0 0 0 0 0 
P14022 2008 11 13 0 0 0 0 0 0 7 0 11 9 0 3 0 0 0 0 4 0 0 0 0 3 0 0 0 0 0 0 0 -999 
P14022 2008 12 0 0 0 0 0 12 10 0 0 12 0 0 0 0 0 0 0 0 2 0 0 0 3 0 0 0 0 0 0 0 0 
P14022 2009 1 0 0 0 0 0 0 0 0 5 6 0 0 27 0 0 0 0 0 0 0 0 0 0 0 0 0 0 0 0 0 0 
P14022 2009 2 0 0 0 8 14 6 13 0 3 0 0 0 0 0 0 2 1 0 0 0 0 0 0 9 0 6 0 0 -999 -999 -999 
P14022 2009 3 0 43 27 0 4 0 0 12 35 34 0 0 8 0 28 19 0 0 0 0 5 0 0 15 14 28 0 36 0 24 0 
P14022 2009 4 0 40 0 17 14 0 40 0 6 0 0 20 38 35 0 20 0 0 0 0 26 0 0 0 9 0 0 9 0 0 -999 
P14022 2009 5 47 55 21 0 23 32 0 0 16 0 39 19 0 0 0 0 0 14 20 0 0 0 34 0 0 0 9 0 11 0 0 
P14022 2009 6 0 0 0 0 17 19 19 14 0 15 15 8 8 0 0 30 0 0 0 0 0 0 0 0 0 13 0 11 0 0 -999 
P14022 2009 7 0 0 0 0 0 0 0 0 23 30 37 0 34 23 0 0 0 0 12 0 0 0 18 0 0 0 0 0 0 0 25 
P14022 2009 8 0 0 5 7 0 0 0 0 0 0 27 0 0 0 0 0 0 0 0 0 0 0 21 0 0 17 0 0 16 0 19 
P14022 2009 9 0 22 0 0 0 0 0 0 13 0 0 34 0 0 16 21 22 0 0 0 0 31 0 0 7 0 0 0 0 0 -999 
P14022 2009 10 0 0 0 0 0 0 0 0 0 0 0 0 0 0 0 0 0 0 32 16 12 0 0 0 0 0 0 0 0 7 0 
P14022 2009 11 0 0 0 4 0 0 0 0 4 0 0 2 0 0 0 11 0 0 5 0 0 0 8 0 8 0 16 0 0 0 -999 
P14022 2009 12 11 0 0 0 0 15 0 0 17 17 0 0 0 0 0 0 0 6 18 0 0 0 4 0 0 15 0 17 0 0 0 
P14022 2010 1 0 0 0 30 22 15 12 0 0 0 7 7 9 7 0 0 0 0 0 0 0 4 0 0 0 0 0 0 0 0 11 
P14022 2010 2 0 3 0 0 0 25 20 0 0 0 0 0 0 0 0 0 0 0 0 8 0 0 0 0 0 0 0 0 -999 -999 -999 
P14022 2010 3 0 0 1 2 3 0 24 0 19 0 16 0 0 0 0 0 5 5 17 53 0 0 0 0 0 0 0 0 0 0 0 
P14022 2010 4 0 8 0 0 0 0 0 28 0 22 26 29 31 32 0 44 21 0 0 11 0 20 12 0 30 22 0 0 0 0 -999 
P14022 2010 5 16 0 0 21 21 17 0 12 0 0 23 34 0 0 0 27 0 0 0 0 0 0 0 15 14 30 34 17 0 0 0 
P14022 2010 6 0 18 0 14 0 13 0 0 0 0 13 0 0 0 0 24 0 0 9 0 0 0 0 0 0 14 0 0 0 0 -999 
P14022 2010 7 17 0 23 0 0 0 0 0 0 21 0 0 0 0 0 0 19 0 0 0 0 20 15 0 0 0 19 13 13 0 0 
P14022 2010 8 0 0 0 18 0 0 0 0 0 0 0 22 0 0 16 0 0 0 0 0 6 0 0 0 0 0 9 7 4 4 0 
P14022 2010 9 0 0 0 0 0 4 0 0 0 0 0 20 44 35 0 0 0 0 0 8 0 0 0 19 18 0 0 0 0 0 -999 
P14022 2010 10 0 0 0 5 0 10 13 0 0 13 21 0 0 23 13 0 0 0 0 0 0 0 38 0 0 0 0 0 0 9 0 
P14022 2010 11 3 0 0 0 0 0 0 0 0 0 0 0 0 0 0 0 0 0 4 0 2 0 0 0 0 0 0 0 0 0 -999 
P14022 2010 12 0 0 5 0 0 0 7 0 0 0 0 0 0 0 23 0 0 0 0 4 0 0 0 0 0 0 0 0 0 0 0 
P14022 2011 1 0 0 0 0 0 0 0 0 0 0 0 0 0 6 0 0 0 0 0 0 0 6 22 0 4 0 0 1 0 0 0 
P14022 2011 2 0 0 0 0 0 0 0 0 0 0 0 0 0 0 0 0 0 0 0 0 0 11 14 0 0 0 0 21 -999 -999 -999 
P14022 2011 3 24 0 0 0 0 0 0 0 0 0 0 0 10 10 16 37 67 29 10 13 0 16 15 24 24 0 10 0 0 0 0 
P14022 2011 4 0 19 0 0 0 0 0 0 0 0 0 0 27 33 14 0 0 31 0 18 0 0 3 0 0 0 0 0 7 12 -999 
P14022 2011 5 9 0 0 0 10 0 0 12 19 0 0 0 0 12 0 0 6 4 0 0 0 0 0 7 0 0 0 0 0 45 25 
P14022 2011 6 0 0 8 0 0 0 0 0 0 19 26 0 0 0 0 19 0 4 6 0 0 16 23 0 30 0 0 0 16 0 -999 
P14022 2011 7 0 0 0 0 0 0 13 6 0 0 0 0 0 0 0 13 0 0 0 0 0 0 0 0 0 15 7 8 0 0 0 
P14022 2011 8 0 0 18 0 0 0 0 0 0 0 0 0 0 11 0 0 0 0 0 14 28 0 0 0 13 0 0 0 0 18 28 
P14022 2011 9 43 15 0 0 0 15 8 9 23 40 0 0 0 0 0 0 0 0 0 0 0 0 0 10 0 0 3 0 0 0 -999 
P14022 2011 10 0 15 16 15 0 0 0 0 11 13 11 14 0 0 0 0 0 0 0 0 6 0 15 13 9 3 0 0 21 31 46 
P14022 2011 11 0 0 7 0 0 0 59 0 19 0 0 0 0 0 0 7 12 0 0 0 0 25 58 0 18 0 7 0 0 0 -999 
P14022 2011 12 0 0 12 0 0 0 0 0 0 0 0 0 0 0 0 0 11 0 16 19 0 0 9 0 0 17 8 0 0 0 0 
P14022 2012 1 15 0 0 0 0 0 0 0 0 0 0 0 0 0 0 2 0 0 13 0 0 0 0 0 0 0 0 0 0 0 0 
P14022 2012 2 0 2 25 23 0 0 0 0 0 0 0 0 0 0 0 0 0 0 0 14 0 0 0 2 0 0 0 0 -999 -999 -999 
P14022 2012 3 0 29 33 0 0 0 0 0 0 0 0 0 5 6 0 10 21 21 15 0 23 0 8 0 0 0 0 0 0 0 0 
P14022 2012 4 0 0 0 0 0 0 19 14 0 0 4 0 31 37 30 0 0 29 21 15 10 0 0 0 0 39 0 43 18 0 -999 
P14022 2012 5 0 0 38 0 0 0 25 42 25 0 0 0 20 19 23 0 0 11 0 0 11 15 0 8 24 0 23 0 0 0 0 
P14022 2012 6 8 0 0 0 0 0 10 0 0 0 19 22 23 31 29 17 0 0 11 0 22 0 0 0 0 0 0 0 0 36 -999 
P14022 2012 7 12 0 0 0 0 0 0 0 0 0 0 0 28 0 12 0 0 0 31 17 0 16 0 24 0 0 0 0 0 0 0 
P14022 2012 8 0 0 0 0 21 0 0 8 0 0 0 0 0 8 0 16 0 17 0 0 0 12 0 0 0 0 8 10 0 0 0 
P14022 2012 9 0 0 0 0 12 14 0 0 0 0 0 0 0 0 0 5 0 0 0 0 0 5 0 0 0 0 0 0 0 23 -999 
P14022 2012 10 0 10 0 0 0 0 0 0 16 16 28 0 5 0 0 0 0 0 0 0 0 0 24 0 11 11 0 0 6 7 0 
P14022 2012 11 3 15 24 37 0 0 0 2 4 0 0 19 0 0 5 0 0 0 22 0 16 11 0 0 0 0 0 0 0 22 -999 
P14022 2012 12 22 0 11 11 6 15 42 0 0 0 0 0 0 25 0 22 22 22 4 0 0 0 0 5 0 0 0 0 0 9 21 
P14022 2013 1 34 15 0 10 0 0 2 0 0 0 0 0 0 0 0 0 0 0 6 0 0 0 3 0 0 0 2 0 0 0 0 
P14022 2013 2 0 0 0 0 0 0 0 0 0 0 0 0 0 29 0 0 0 9 19 0 17 0 0 20 16 9 0 0 -999 -999 -999 
P14022 2013 3 0 0 0 7 0 0 0 0 0 14 26 24 24 23 0 11 0 0 0 14 0 23 0 0 0 16 0 0 51 46 47 
P14022 2013 4 63 22 0 0 0 0 0 4 1 0 0 0 7 0 11 0 12 9 0 0 19 20 13 0 38 37 7 0 0 0 -999 
P14022 2013 5 7 0 11 0 0 0 10 0 0 0 27 23 0 10 17 0 36 0 0 0 0 0 0 0 0 0 0 0 0 12 16 
P14022 2013 6 0 24 0 16 0 0 0 0 42 0 0 25 25 0 0 0 0 0 13 0 6 9 10 0 12 0 0 42 0 26 -999 
P14022 2013 7 15 0 0 10 11 0 0 0 0 0 0 0 0 0 0 0 0 13 0 0 15 0 0 18 0 13 0 0 0 0 18 
P14022 2013 8 0 17 0 0 39 40 31 34 0 0 20 0 0 0 0 29 0 0 0 0 0 0 0 0 0 0 0 0 0 0 28 
P14022 2013 9 17 18 31 11 0 0 0 8 0 0 0 22 0 0 0 0 9 0 16 15 0 40 0 17 0 0 0 0 2 0 -999 
P14022 2013 10 0 0 0 0 0 0 0 0 0 0 0 13 0 13 0 0 0 23 0 0 0 0 5 0 0 0 8 0 0 0 0 
P14022 2013 11 0 0 0 0 0 0 2 5 0 7 11 9 0 0 0 0 5 24 73 56 0 16 21 27 0 16 0 0 0 0 -999 
P14022 2013 12 0 13 0 10 0 0 0 0 0 6 0 0 0 5 0 0 0 2 0 0 0 0 0 9 0 0 0 0 0 20 0 
P14022 2014 1 8 0 0 0 0 7 0 0 0 0 0 0 0 0 5 0 0 0 0 0 0 3 2 0 0 0 0 18 56 51 21 
P14022 2014 2 0 14 0 0 0 9 0 26 16 0 0 0 0 2 0 1 0 0 0 0 6 0 0 0 4 3 0 25 -999 -999 -999 
P14022 2014 3 29 0 0 0 0 0 0 2 0 0 0 22 22 0 15 20 0 20 35 0 20 0 0 0 0 0 8 0 0 0 0 
P14022 2014 4 0 8 18 24 38 51 28 0 19 22 0 18 17 0 0 44 0 11 0 6 0 0 0 12 28 26 18 25 0 18 -999 
P14022 2014 5 24 0 0 29 35 0 0 0 0 0 0 0 8 0 0 0 0 19 0 0 0 0 37 21 0 0 0 19 0 0 28 
P14022 2014 6 0 0 0 44 29 0 16 0 0 0 0 7 0 14 0 9 0 0 28 0 0 0 0 0 24 28 0 0 0 0 -999 
P14022 2014 7 15 0 0 0 0 0 0 0 0 0 0 0 22 18 0 0 13 28 20 0 0 0 0 0 0 0 0 0 0 0 7 
P14022 2014 8 0 0 0 0 13 0 0 13 0 0 0 0 0 0 0 11 0 0 0 0 0 9 0 0 0 0 0 0 0 0 0 
P14022 2014 9 0 0 0 0 14 0 0 0 0 0 0 0 0 0 0 0 0 0 0 0 0 0 0 0 0 0 0 0 17 0 -999 
P14022 2014 10 0 11 0 17 25 0 3 6 0 8 0 0 0 0 0 0 0 0 12 0 13 17 0 0 0 27 13 0 7 5 0 
P14022 2014 11 0 0 0 0 0 2 0 0 3 0 2 0 0 0 0 0 0 18 0 11 0 25 11 0 0 8 0 0 2 0 -999 
P14022 2014 12 0 0 0 0 0 0 0 0 0 4 0 0 0 0 0 0 0 0 1 0 0 0 0 0 0 0 0 0 9 0 8 
P14022 2015 1 0 0 0 0 0 26 0 0 0 30 0 0 0 0 0 0 0 0 0 0 3 0 0 0 3 0 0 0 4 0 0 
P14022 2015 2 3 0 0 0 0 0 0 0 0 0 0 0 0 0 0 0 0 0 0 1 0 0 0 0 16 28 19 0 -999 -999 -999 
P14022 2015 3 0 13 18 0 24 0 0 12 31 47 0 0 0 12 0 0 0 0 6 9 0 0 7 28 0 0 0 0 0 0 16 
P14022 2015 4 28 0 10 6 0 0 0 0 0 0 0 0 0 2 0 0 25 0 0 11 11 0 4 0 0 0 0 16 20 49 -999 
P14022 2015 5 0 22 22 0 4 7 0 0 0 0 0 0 0 0 0 0 0 0 6 3 0 0 0 0 10 18 27 0 48 23 0 
P14022 2015 6 0 0 0 20 0 0 20 12 0 9 0 0 5 0 0 49 0 0 0 0 0 18 0 0 16 0 0 0 23 32 -999 
P14022 2015 7 0 0 16 0 28 0 16 0 18 0 33 0 0 0 0 0 21 0 0 0 0 0 28 0 0 0 0 0 0 0 0 
P14022 2015 8 0 0 0 0 0 0 0 0 0 0 0 0 0 0 0 0 0 26 22 0 0 28 47 0 25 34 0 0 0 13 14 
P14022 2015 9 0 0 21 0 37 32 19 0 0 0 0 0 0 10 0 0 0 0 0 0 0 0 0 0 16 30 31 0 17 0 -999 
P14022 2015 10 0 0 0 0 0 0 0 13 14 0 0 6 0 0 0 22 0 0 0 0 0 18 12 0 0 14 6 0 0 0 0 
P14022 2015 11 3 2 0 0 0 0 0 0 0 9 0 0 0 21 35 10 0 2 0 0 9 0 17 0 0 2 0 0 0 7 -999 
P14022 2015 12 27 41 0 0 18 0 15 0 26 0 15 0 24 0 0 0 0 8 0 0 0 0 0 0 0 0 0 0 0 0 0 
P14022 2016 1 0 0 0 0 4 4 10 0 0 0 0 15 0 0 0 0 3 0 0 0 0 0 0 0 0 10 0 34 26 26 38 
P14022 2016 2 21 0 0 0 0 0 3 0 6 8 8 0 3 0 0 0 0 12 6 0 0 0 0 0 0 0 0 0 -999 -999 -999 
P14022 2016 3 13 0 0 16 0 18 0 14 39 21 25 34 35 53 56 28 0 11 0 0 18 20 0 24 18 0 0 27 0 0 23 
P14022 2016 4 18 0 0 0 0 0 0 0 0 0 23 0 0 0 20 12 13 7 0 0 16 0 7 21 0 0 60 44 0 12 -999 
P14022 2016 5 0 11 0 0 0 0 0 20 0 0 0 0 27 0 0 0 23 19 0 0 0 0 0 0 8 0 0 17 42 0 0 
P14022 2016 6 28 21 0 5 0 0 0 0 8 14 0 0 0 0 0 27 0 12 0 13 0 0 0 0 17 0 0 0 0 7 -999 
P14022 2016 7 0 0 0 23 25 0 0 0 0 0 0 0 0 0 0 0 0 0 0 0 0 17 0 0 9 20 0 16 0 0 0 
P14022 2016 8 0 0 22 19 12 0 0 0 0 0 0 0 0 0 0 0 0 0 0 0 0 0 0 0 0 26 0 0 0 0 0 
P14022 2016 9 15 20 0 0 0 14 14 0 18 0 0 0 0 0 0 0 0 13 0 22 0 6 15 0 0 0 3 0 0 24 -999 
P14022 2016 10 13 3 0 0 0 0 0 9 0 0 0 7 10 0 0 15 32 47 41 28 0 0 0 0 0 0 8 15 24 0 0 
P14022 2016 11 0 21 13 0 11 0 0 15 0 3 6 0 0 0 13 0 27 38 23 45 0 8 0 11 21 12 0 8 11 28 -999 
P14022 2016 12 0 0 7 0 3 0 0 2 3 0 0 0 23 28 20 0 0 0 0 0 0 14 11 0 6 3 0 0 0 0 0 
P14022 2017 1 11 0 0 0 0 0 0 0 0 0 0 9 0 0 45 34 16 0 5 0 0 0 0 0 0 0 0 0 0 0 0 
P14022 2017 2 0 0 0 0 0 0 0 0 6 0 0 0 0 0 0 0 0 0 0 0 0 0 0 0 0 2 0 0 -999 -999 -999 
P14022 2017 3 8 5 0 0 0 0 0 0 12 0 29 0 0 31 0 6 0 0 3 0 0 0 4 0 34 0 19 0 30 0 11 
P14022 2017 4 10 8 9 0 0 0 3 7 0 22 14 13 0 21 0 0 0 0 0 0 0 0 0 0 21 0 16 31 37 35 -999 
P14022 2017 5 0 26 0 0 22 16 0 0 0 0 0 30 0 0 19 0 0 0 0 16 0 40 29 0 0 0 0 0 0 0 0 
P14022 2017 6 0 9 0 0 0 14 9 0 23 0 0 0 13 13 18 0 0 0 26 0 0 0 0 0 0 0 0 0 0 40 -999 
P14022 2017 7 42 0 0 20 10 0 0 0 0 0 0 0 0 21 0 0 0 0 0 0 0 0 0 0 0 10 14 0 0 0 0 
P14022 2017 8 23 24 0 0 0 0 0 18 0 0 17 13 14 19 12 8 0 0 0 0 57 40 0 0 0 0 0 0 0 19 0 
P14022 2017 9 19 0 0 9 5 0 12 0 0 0 11 0 0 0 0 0 0 0 0 0 0 9 11 0 11 0 0 0 10 13 -999 
P14022 2017 10 0 0 3 0 0 4 0 0 0 0 0 0 0 0 14 20 10 0 0 20 7 22 0 0 0 0 12 48 0 0 0 
P14022 2017 11 0 0 0 0 0 0 7 0 0 0 0 0 38 36 27 12 0 0 10 0 21 0 19 0 0 0 0 0 0 0 -999 
P14022 2017 12 0 0 0 0 0 13 0 0 35 22 30 0 0 10 14 0 7 2 6 0 0 8 0 0 0 0 0 0 23 0 18 
P14022 2018 1 29 7 0 0 0 5 0 4 8 15 20 5 0 0 0 0 4 0 0 0 0 0 0 23 16 21 25 20 0 0 0 
P14022 2018 2 0 0 13 0 14 0 6 0 0 0 0 0 0 0 0 0 0 0 0 0 0 0 0 0 0 0 0 0 -999 -999 -999 
P14022 2018 3 0 0 0 0 0 0 0 0 0 0 0 40 48 75 0 26 0 16 0 0 0 0 0 0 0 0 0 0 0 10 15 
P14022 2018 4 0 0 0 4 7 0 0 0 0 0 0 11 0 0 0 24 0 0 0 7 0 0 0 0 31 36 28 21 0 20 -999 
P14022 2018 5 0 27 0 0 0 12 0 0 0 0 47 0 20 0 0 0 12 0 22 32 0 0 0 0 0 19 0 42 0 0 0 
P14022 2018 6 0 0 13 0 9 0 6 0 0 0 0 0 0 22 26 0 0 0 0 0 19 24 0 0 0 0 0 9 16 13 -999 
P14022 2018 7 12 0 0 0 0 0 0 0 0 0 0 0 0 0 0 0 0 16 0 0 0 0 0 16 0 0 0 0 0 15 0 
P14022 2018 8 0 0 0 0 0 0 0 0 0 0 0 0 9 0 0 0 0 0 0 17 0 0 7 0 0 0 0 0 18 0 0 
P14022 2018 9 0 0 0 0 0 0 0 0 0 0 0 0 0 7 0 0 0 0 0 13 0 0 0 8 0 0 0 0 0 0 -999 
P14022 2018 10 0 0 0 0 0 0 0 0 16 0 26 0 0 0 0 21 21 0 0 19 0 0 0 12 0 10 0 0 0 0 12 
P14022 2018 11 15 0 0 0 0 13 0 19 37 53 40 0 13 0 0 0 0 0 0 0 0 0 0 0 0 10 0 0 0 0 -999 
P14022 2018 12 0 0 26 10 12 10 0 0 0 0 0 0 27 47 0 0 0 4 0 1 3 0 0 0 0 0 10 0 0 23 0 
P14022 2019 1 0 0 38 18 10 0 0 29 0 0 0 0 0 0 0 6 0 20 19 31 27 0 0 0 0 8 20 17 7 0 14 
P14022 2019 2 28 0 29 9 0 0 7 3 4 12 23 0 35 0 0 0 7 0 0 17 6 0 0 10 7 0 0 0 -999 -999 -999 
P14022 2019 3 0 0 0 0 0 6 0 0 0 0 0 0 0 0 0 0 0 0 0 0 0 0 0 4 0 0 0 0 66 21 6 
P14022 2019 4 7 0 0 8 0 14 30 18 32 0 18 0 0 0 43 39 30 0 0 0 0 4 13 44 31 0 21 0 0 45 -999 
P14022 2019 5 0 35 25 0 0 0 0 0 0 22 14 0 0 0 0 5 0 0 14 0 10 0 0 0 0 0 0 0 0 0 0 
P14022 2019 6 0 0 9 0 0 14 0 0 0 0 18 22 16 15 17 0 13 0 0 0 0 0 0 0 14 0 0 0 0 32 -999 
P14022 2019 7 32 0 0 24 0 0 12 0 0 0 0 0 0 18 0 20 0 21 0 0 0 10 0 0 0 0 0 0 0 0 7 
P14022 2019 8 0 0 0 16 22 29 26 0 0 0 0 0 12 8 0 9 0 0 9 0 0 0 0 0 0 0 0 0 0 0 0 
P14022 2019 9 0 46 18 0 0 0 0 36 0 0 16 11 0 0 12 14 21 17 0 0 0 0 0 0 0 0 0 0 13 0 -999 
P14022 2019 10 0 0 10 0 23 0 12 0 0 0 0 27 0 0 0 0 0 0 0 0 0 0 0 0 0 0 0 0 0 0 8 
P14022 2019 11 11 0 0 0 0 0 0 8 0 0 0 0 0 0 0 0 0 0 0 0 45 35 40 29 34 37 0 0 0 0 -999 
P14022 2019 12 15 12 0 3 0 0 0 0 0 0 0 0 0 2 0 0 0 0 0 0 0 0 0 2 2 0 0 0 0 0 0 
P14022 2020 1 0 0 0 0 0 0 0 0 0 0 0 0 0 8 0 0 0 0 0 0 0 3 0 0 0 0 0 18 24 0 17 
P14022 2020 2 12 0 0 0 0 0 0 0 0 0 0 0 3 3 0 0 0 0 0 2 0 0 0 0 0 5 3 3 -999 -999 -999 
P14022 2020 3 0 0 0 0 0 8 0 0 0 0 1 0 0 0 0 0 0 0 0 0 0 0 7 0 0 0 0 13 16 8 14 
P14022 2020 4 15 23 16 0 0 3 0 0 3 0 0 9 0 0 0 0 26 0 19 26 26 30 0 0 0 0 0 0 0 0 -999 
P14022 2020 5 0 0 0 0 0 5 0 0 0 0 34 34 25 0 0 0 14 0 16 0 12 0 10 0 23 0 0 7 0 0 18 
P14022 2020 6 0 0 0 15 0 0 0 25 24 28 20 0 0 18 0 0 0 0 0 0 10 14 19 0 16 0 16 0 12 0 -999 
P14022 2020 7 0 13 14 0 0 0 0 0 0 0 21 35 47 0 0 0 0 32 0 18 0 17 0 0 22 0 18 0 0 0 0 
P14022 2020 8 13 20 0 0 0 0 0 0 23 0 0 0 0 0 0 0 0 11 0 0 12 0 0 0 23 0 0 0 0 0 0 
P14022 2020 9 0 0 0 0 0 0 0 0 0 0 0 0 0 0 7 0 0 0 0 0 0 0 0 0 0 0 0 0 0 0 -999 
P14022 2020 10 12 0 0 0 0 26 40 24 0 0 16 0 0 0 0 0 0 11 20 17 0 0 0 0 0 11 0 0 0 0 12 
P14022 2020 11 41 27 35 0 22 41 0 0 0 2 0 0 0 0 26 0 8 5 11 0 36 12 30 0 30 0 0 29 0 6 -999 
P14022 2020 12 0 0 16 0 4 0 0 0 0 0 1 0 0 0 0 0 0 0 0 0 0 16 17 0 0 0 19 17 0 0 0 
P14022 2021 1 18 15 0 11 0 0 0 0 9 0 0 0 0 0 0 4 0 6 4 0 0 0 0 0 0 0 0 0 0 0 0 
P14022 2021 2 0 8 0 0 10 0 0 0 0 0 0 0 6 6 0 0 0 0 0 0 0 9 15 4 0 0 0 11 -999 -999 -999 
P14022 2021 3 18 27 0 0 1 3 0 21 13 16 0 2 0 0 0 0 0 0 0 0 0 0 0 0 0 0 9 0 16 0 0 
P14022 2021 4 0 16 0 24 10 0 2 0 0 6 0 0 11 10 0 0 0 0 0 19 26 0 0 25 0 0 24 0 0 31 -999 
P14022 2021 5 26 0 19 30 26 0 0 0 0 0 0 0 0 0 0 0 0 0 34 0 0 0 0 0 28 26 0 0 0 0 19 
P14022 2021 6 0 0 0 0 0 0 0 0 0 0 0 0 14 0 0 0 15 25 49 0 0 0 0 0 0 0 0 0 17 0 -999 
P14022 2021 7 0 0 17 18 0 0 32 35 0 15 11 0 7 0 14 14 0 0 0 0 0 0 22 17 0 0 0 0 29 0 0 
P14022 2021 8 14 0 0 0 0 0 0 0 22 20 0 21 0 0 15 0 0 0 8 0 7 0 0 10 0 19 0 17 21 10 0 
P14022 2021 9 13 10 0 0 0 0 0 0 0 21 18 0 6 0 0 0 0 11 0 6 0 0 0 10 0 0 18 20 24 0 -999 
P14022 2021 10 0 0 0 0 0 0 16 0 0 26 26 0 10 0 0 0 4 0 0 0 14 0 22 39 18 6 10 0 0 0 3 
P14022 2021 11 5 8 0 0 0 40 34 0 14 0 0 0 0 0 7 10 0 0 9 0 0 0 0 0 9 11 0 0 28 0 -999 
P14022 2021 12 0 0 0 20 0 0 0 0 0 0 0 0 0 0 6 0 0 13 0 0 0 0 0 0 10 0 0 0 0 7 0 
P14022 2022 1 0 0 0 5 4 0 0 0 0 0 9 0 0 0 0 11 0 0 0 0 0 0 0 21 24 13 9 0 21 0 0 
P14022 2022 2 0 0 0 0 15 0 19 0 0 0 0 0 23 10 17 32 36 31 0 8 37 27 20 42 0 19 0 0 -999 -999 -999 
P14022 2022 3 0 7 11 12 65 0 27 16 0 32 27 0 0 0 16 11 0 0 0 0 0 0 0 0 0 0 0 0 0 18 8 
P14022 2022 4 0 8 0 4 2 0 0 0 16 10 0 0 0 0 0 42 13 11 13 27 0 14 0 0 0 10 0 0 0 10 -999 
P14022 2022 5 0 0 0 0 0 0 12 0 0 0 0 43 19 26 0 27 24 28 0 0 0 18 16 0 20 26 0 0 0 13 0 
P14022 2022 6 11 0 0 0 35 31 0 0 10 0 0 0 7 0 0 23 0 0 0 10 0 0 16 0 0 0 0 23 0 0 -999 
P14022 2022 7 10 0 0 15 0 0 0 0 0 0 0 0 22 0 0 0 0 0 0 0 0 28 0 20 0 23 0 0 0 0 21 
P14022 2022 8 18 0 0 18 0 0 0 0 0 0 0 22 0 0 0 0 0 0 0 15 0 0 0 31 0 7 0 0 0 0 0 
P14022 2022 9 0 0 0 0 0 0 0 0 0 0 0 8 0 17 27 0 0 0 0 0 0 23 0 0 0 0 0 0 6 0 -999 
P14022 2022 10 0 0 0 0 0 0 0 0 0 0 35 0 0 0 11 11 0 0 0 0 0 0 0 0 0 9 0 0 7 19 0 
P14022 2022 11 0 0 2 0 0 0 0 0 0 0 0 8 0 0 0 0 26 0 0 12 0 0 0 0 0 0 0 0 0 0 -999 
P14022 2022 12 0 18 23 19 0 13 12 0 22 35 14 0 0 0 1 0 8 0 0 0 0 13 14 0 27 0 0 0 44 16 0 
P14022 2023 1 0 18 13 0 0 18 10 0 0 0 0 0 0 0 0 0 0 0 0 0 0 0 25 0 0 0 0 0 0 0 0 
P14022 2023 2 0 0 0 15 0 2 0 0 0 5 0 3 0 3 0 0 0 6 5 0 0 5 8 0 0 31 28 0 -999 -999 -999 
P14022 2023 3 0 0 0 0 0 0 0 0 2 0 0 0 0 0 0 0 0 0 0 0 0 8 6 0 0 0 0 0 15 0 0 
P14022 2023 4 39 21 0 0 22 0 0 28 0 0 0 15 16 30 44 29 21 0 0 0 0 0 0 0 0 32 35 54 0 0 -999 
P14022 2023 5 0 0 0 0 0 0 0 0 0 0 0 32 0 0 0 27 28 0 39 36 0 0 0 0 0 0 0 0 0 11 0 
P14022 2023 6 0 0 28 21 0 0 25 30 0 0 9 0 0 0 0 0 0 0 0 0 13 0 0 0 0 0 23 0 0 0 -999 
P14022 2023 7 5 0 0 0 0 0 0 0 0 0 0 0 0 15 0 0 16 0 0 0 0 0 0 0 0 0 0 10 16 0 0 
P14022 2023 8 0 0 0 0 0 22 0 0 0 10 11 0 0 0 26 29 0 0 0 0 0 14 21 0 0 0 0 0 0 14 0 
P14022 2023 9 0 0 25 0 0 10 0 20 0 0 0 0 4 0 0 13 13 0 0 16 7 0 0 0 18 0 16 0 34 35 -999 
P14022 2023 10 42 0 33 24 0 0 0 0 0 0 0 0 0 13 23 0 13 0 0 0 0 9 0 0 0 18 26 0 4 0 19 
P14022 2023 11 41 42 21 0 5 0 0 15 20 22 20 0 17 12 0 5 0 0 5 5 0 2 0 0 0 0 2 0 0 0 -999 
P14022 2023 12 0 0 0 0 0 0 0 0 0 0 0 0 0 0 0 0 0 0 0 0 0 0 0 2 5 0 0 4 0 0 0 
P14022 2024 1 0 0 0 0 0 0 0 18 42 0 0 0 0 0 11 0 0 10 0 0 0 0 0 0 0 0 0 4 0 0 0 
P14022 2024 2 25 70 39 24 0 0 2 0 0 0 0 0 0 0 0 29 25 0 0 0 0 0 15 34 0 0 0 0 -999 -999 -999 
P14022 2024 3 0 0 0 0 0 0 0 0 21 0 0 0 0 0 0 0 0 10 0 0 0 0 0 12 49 33 28 26 5 0 0 
P14022 2024 4 0 35 24 19 26 0 0 6 0 0 0 0 0 0 0 10 0 0 0 0 0 0 44 23 0 0 0 12 0 0 -999 
P14022 2024 5 0 0 0 0 0 0 0 0 0 25 0 0 0 0 0 0 12 9 0 13 0 0 0 0 11 0 0 0 0 0 0 
P14022 2024 6 0 0 0 0 0 0 0 16 0 0 0 0 8 0 0 0 0 7 0 30 0 13 0 18 0 0 0 17 0 0 -999 
P14022 2024 7 0 0 0 0 0 0 35 18 0 0 25 0 0 0 0 0 0 0 0 0 0 0 20 27 0 0 0 0 0 0 11 
P14022 2024 8 0 0 0 0 0 0 14 0 27 0 0 0 0 0 0 0 0 0 16 0 0 0 0 0 0 0 0 0 0 14 26 
P14022 2024 9 18 17 20 0 6 0 0 0 7 0 0 0 0 0 19 0 0 0 15 0 0 0 0 0 0 0 0 0 4 0 -999 
P14022 2024 10 0 0 0 0 0 11 0 0 6 0 0 0 0 0 0 33 31 33 17 0 0 15 18 20 0 13 0 0 0 12 0 
P14022 2024 11 0 23 0 13 0 0 0 0 0 0 8 9 0 0 11 0 0 0 0 0 0 0 0 0 0 0 6 0 4 4 -999 
P14022 2024 12 0 3 0 5 0 0 0 0 0 0 0 0 0 0 0 0 0 0 0 0 0 0 0 0 3 6 13 0 0 0 0 
P14022 2025 1 0 0 0 0 0 2 0 3 0 0 0 0 0 0 0 7 0 0 0 0 0 3 0 28 29 22 23 0 0 0 0 
P14022 2025 2 0 0 0 0 15 16 0 0 22 0 14 18 0 0 7 13 15 0 3 0 0 13 0 7 0 0 0 0 -999 -999 -999 
P14022 2025 3 0 14 29 18 21 17 35 64 42 15 0 0 0 0 0 0 0 0 27 0 41 0 20 31 44 0 14 19 0 3 9 
P14022 2025 4 0 32 8 0 0 0 0 0 3 2 0 0 0 0 14 41 23 6 0 29 17 0 0 11 0 6 0 0 0 0 -999 
P14022 2025 5 0 7 13 0 0 18 16 16 0 19 0 0 0 0 0 0 16 38 0 10 11 0 0 25 0 0 0 0 0 15 0 
P14022 2025 6 0 8 0 0 0 22 0 21 0 0 0 0 9 0 0 0 0 0 0 0 0 0 20 0 28 0 23 0 22 0 -999 
P14022 2025 7 0 0 16 23 0 0 0 0 16 0 0 0 0 19 28 0 0 22 28 20 16 0 0 0 0 15 22 0 0 20 38 
P14022 2025 8 34 26 10 0 0 0 0 0 0 0 0 0 0 0 0 0 0 0 0 0 0 0 0 0 0 0 0 0 11 0 0 
P14022 2025 9 0 28 28 0 0 0 0 0 0 0 0 0 0 0 0 0 0 0 19 9 0 0 0 0 0 9 10 0 0 12 -999 
P14022 2025 10 0 0 0 0 11 6 0 0 15 0 0 6 0 0 12 13 0 0 0 17 0 0 0 0 17 38 38 25 42 21 0 
P14022 2025 11 11 0 0 0 0 0 0 0 0 7 0 0 1 0 0 0 0 0 0 5 0 0 0 0 0 0 3 0 3 0 -999 
P14022 2025 12 2 0 0 13 0 0 0 0 0 0 0 0 0 0 0 0 0 3 0 3 0 7 3 3 0 0 0 0 0 0 0 
P14022 2026 1 0 0 0 15 0 11 0 8 0 0 0 0 0 0 0 0 16 21 0 0 0 0 0 0 0 0 0 0 8 9 0 
P14022 2026 2 0 0 0 49 23 13 42 0 0 0 18 24 0 0 0 2 0 6 21 0 28 0 10 0 5 0 0 0 -999 -999 -999 
P14022 2026 3 15 0 0 0 0 0 0 0 0 0 0 0 0 0 0 3 12 0 0 0 16 40 39 21 7 0 0 0 0 0 0 
P14022 2026 4 0 0 0 0 0 10 17 0 30 28 50 36 25 0 0 0 0 0 0 12 0 11 0 3 0 0 17 27 35 0 -999 
P14022 2026 5 0 18 0 0 4 0 12 18 0 0 0 0 0 0 0 14 0 0 0 28 33 0 0 20 36 35 29 0 29 15 0 
P14022 2026 6 0 0 0 0 0 6 0 0 0 21 0 7 17 14 0 0 0 0 0 0 12 0 0 0 0 10 0 0 0 0 -999 
P14022 2026 7 0 0 0 0 0 0 0 16 22 27 0 0 0 22 0 0 0 0 0 18 0 0 14 11 0 0 0 0 0 0 0 
P14022 2026 8 8 0 5 0 7 13 0 13 0 0 0 0 0 0 0 0 0 14 0 0 0 0 22 0 0 0 18 0 15 0 0 
P14022 2026 9 0 0 0 0 20 0 0 0 0 3 0 0 0 31 29 0 0 14 0 17 0 17 0 0 0 12 14 0 10 0 -999 
P14022 2026 10 0 6 0 10 14 17 23 0 0 0 0 0 0 5 13 26 24 0 10 0 0 0 20 0 0 8 0 0 0 0 0 
P14022 2026 11 0 37 0 0 0 6 9 0 8 17 23 0 32 0 0 0 0 13 0 0 0 0 7 0 0 0 0 0 0 0 -999 
P14022 2026 12 0 0 0 0 0 0 0 0 0 0 22 0 0 0 0 9 0 0 12 0 0 0 0 0 0 0 0 8 0 0 6 
P14022 2027 1 0 0 0 0 6 0 0 0 0 0 0 4 0 0 0 0 21 0 4 17 17 7 0 0 0 0 0 0 0 0 0 
P14022 2027 2 3 0 0 0 0 0 0 3 0 0 0 0 19 0 25 0 48 35 37 0 0 0 33 24 0 0 11 0 -999 -999 -999 
P14022 2027 3 32 19 0 11 0 11 0 11 7 0 0 0 0 0 15 0 15 0 16 0 11 15 19 24 19 0 18 0 0 0 0 
P14022 2027 4 0 0 29 44 34 0 12 0 5 0 0 0 13 18 0 27 0 0 23 0 39 46 0 19 0 27 10 0 0 6 -999 
P14022 2027 5 0 0 20 0 26 0 0 0 0 0 0 0 7 15 18 16 0 0 28 29 0 0 0 22 31 34 23 0 0 0 0 
P14022 2027 6 0 0 14 16 17 12 0 10 0 0 0 0 0 0 0 0 15 0 31 39 0 0 8 0 13 19 0 0 0 0 -999 
P14022 2027 7 0 14 0 0 21 0 21 0 0 9 16 19 21 0 0 0 14 0 0 0 0 0 0 0 0 0 0 0 0 0 0 
P14022 2027 8 0 0 0 15 17 22 0 0 0 0 0 41 0 12 0 0 8 0 0 0 4 0 0 0 25 0 0 0 0 13 0 
P14022 2027 9 0 0 0 18 0 0 0 0 0 0 0 0 0 0 0 13 0 0 0 0 0 0 0 0 0 0 0 22 0 0 -999 
P14022 2027 10 0 13 0 2 0 0 0 0 0 0 0 0 0 6 0 5 4 0 0 0 12 16 0 0 0 0 8 0 6 14 0 
P14022 2027 11 11 0 32 0 0 20 22 16 0 0 0 0 9 23 28 21 12 0 0 1 4 0 0 30 0 27 25 0 16 30 -999 
P14022 2027 12 18 41 58 16 0 0 0 21 0 9 20 0 0 0 9 0 3 3 3 7 0 0 0 0 0 8 5 0 0 0 0 
P14022 2028 1 9 14 0 12 0 0 0 6 7 15 0 0 0 0 0 0 0 0 0 0 0 0 0 0 0 0 0 0 0 0 0 
P14022 2028 2 0 0 0 11 0 9 0 0 0 0 0 0 0 0 0 0 0 0 0 0 0 0 8 0 0 0 0 17 -999 -999 -999 
P14022 2028 3 0 0 0 39 9 7 0 0 5 10 0 0 0 0 0 15 0 3 7 0 0 0 0 0 12 0 0 0 0 0 0 
P14022 2028 4 0 0 11 17 0 11 16 0 24 0 26 0 15 0 7 2 0 0 0 0 10 0 5 0 0 6 0 0 0 31 -999 
P14022 2028 5 0 14 0 0 0 0 0 8 11 5 0 0 10 0 0 0 0 0 11 0 0 0 0 34 32 0 10 0 0 16 17 
P14022 2028 6 0 17 32 0 0 0 0 0 0 0 0 19 0 0 0 25 32 0 0 0 0 0 0 0 0 0 14 0 0 0 -999 
P14022 2028 7 21 0 0 18 38 0 27 0 0 18 0 0 0 21 0 0 22 0 12 0 6 0 12 0 37 47 21 12 0 0 0 
P14022 2028 8 0 0 18 0 0 0 0 0 0 0 0 35 0 25 0 0 0 0 0 0 37 0 0 0 0 18 17 0 19 0 0 
P14022 2028 9 0 0 0 0 0 16 0 0 10 0 15 0 0 0 0 17 16 0 0 16 6 0 8 0 16 0 10 10 0 0 -999 
P14022 2028 10 0 0 0 15 0 14 0 11 0 7 21 0 9 7 0 0 0 0 39 0 21 0 0 0 0 4 0 0 2 0 0 
P14022 2028 11 0 18 0 7 0 13 0 46 0 0 17 13 0 3 14 19 0 0 0 0 0 0 0 0 18 12 0 1 0 0 -999 
P14022 2028 12 0 0 0 9 0 11 23 0 0 0 0 0 7 0 0 3 0 0 0 11 23 0 0 0 5 0 0 0 0 0 0 
P14022 2029 1 1 0 0 0 9 10 0 0 0 0 0 0 3 0 0 0 0 0 1 0 0 0 0 0 9 0 0 33 31 0 0 
P14022 2029 2 0 0 7 4 2 0 0 0 0 0 10 0 0 0 0 0 0 0 0 0 0 0 0 0 0 0 0 0 -999 -999 -999 
P14022 2029 3 0 0 0 0 1 0 0 0 0 0 5 0 0 8 11 0 0 9 0 19 0 13 28 55 39 0 0 10 0 0 12 
P14022 2029 4 0 0 0 10 13 0 0 0 0 3 0 0 24 22 18 11 0 7 11 0 11 0 0 0 0 0 14 0 0 0 -999 
P14022 2029 5 3 6 29 22 18 0 0 0 0 11 9 0 0 0 0 0 0 0 0 0 0 23 20 0 19 0 0 5 9 0 0 
P14022 2029 6 0 0 0 0 0 0 35 48 0 8 0 0 12 0 0 0 0 23 22 0 0 0 0 21 0 0 17 0 16 9 -999 
P14022 2029 7 0 32 0 39 22 0 0 20 0 0 0 13 0 0 0 0 26 0 0 0 0 0 0 0 0 0 0 0 0 0 12 
P14022 2029 8 0 0 15 0 0 0 0 0 15 16 0 0 0 0 18 0 30 0 0 0 0 0 8 9 0 0 0 0 0 0 0 
P14022 2029 9 16 0 0 0 12 0 0 0 0 0 0 14 18 0 0 0 0 0 0 0 14 0 0 26 16 16 26 29 0 69 -999 
P14022 2029 10 0 0 0 0 0 0 4 0 0 0 0 2 0 0 12 0 0 0 18 19 9 20 0 0 0 23 0 0 0 17 15 
P14022 2029 11 20 0 0 21 9 0 0 0 0 0 0 17 0 0 0 0 0 0 0 17 10 0 0 0 46 0 6 14 14 0 -999 
P14022 2029 12 5 0 12 19 0 0 4 0 0 0 0 0 6 0 0 0 0 0 10 0 0 0 0 0 0 0 0 0 0 0 14 
P14022 2030 1 9 0 0 0 10 0 15 0 0 6 0 0 18 0 0 0 0 0 0 0 0 4 0 6 0 17 23 0 9 0 17 
P14022 2030 2 25 0 0 2 0 0 0 18 0 0 0 9 0 0 0 0 0 0 0 6 0 6 2 0 0 0 0 0 -999 -999 -999 
P14022 2030 3 0 0 7 0 13 13 0 0 0 0 0 11 10 6 0 0 0 0 24 43 17 0 31 27 0 0 0 0 0 0 1 
P14022 2030 4 0 0 0 0 12 0 10 0 0 0 0 20 0 27 0 30 29 0 33 20 0 0 29 14 0 20 28 30 0 0 -999 
P14022 2030 5 0 0 0 3 0 0 4 0 0 9 0 0 11 23 0 27 24 17 0 22 19 0 6 0 0 3 0 0 0 15 0 
P14022 2030 6 0 40 34 0 36 32 40 16 0 0 21 0 0 18 18 0 0 0 14 0 42 26 0 7 0 0 0 0 0 21 -999 
P14022 2030 7 0 0 0 0 11 15 22 0 0 18 0 15 0 0 0 0 0 24 0 0 0 18 0 26 0 0 0 0 0 0 0 
P14022 2030 8 0 0 0 0 0 0 0 0 0 0 22 16 0 15 0 0 0 0 17 0 0 0 0 0 0 0 0 0 11 12 10 
P14022 2030 9 12 0 0 10 0 24 0 18 0 0 0 6 0 0 0 0 17 0 0 0 0 0 0 0 0 0 12 0 0 0 -999 
P14022 2030 10 0 0 0 0 0 0 8 0 17 46 46 23 0 0 0 0 0 0 0 0 0 0 0 14 0 15 12 0 0 4 0 
P14022 2030 11 0 10 0 0 24 23 13 0 0 0 0 0 0 0 4 0 0 0 20 22 0 0 0 40 14 2 4 11 0 0 -999 
P14022 2030 12 26 33 9 0 0 19 0 0 0 0 6 8 0 4 7 10 0 0 0 0 0 0 0 0 0 0 0 0 0 0 0 
P14022 2031 1 0 0 0 4 18 13 0 0 0 0 0 0 0 27 41 0 0 0 0 27 0 0 18 0 0 0 0 0 0 18 0 
P14022 2031 2 0 9 0 0 0 8 0 0 0 0 11 0 0 0 0 0 0 13 28 0 0 12 0 5 0 0 3 0 -999 -999 -999 
P14022 2031 3 13 11 0 5 0 0 26 0 0 0 0 15 0 24 38 38 0 0 0 0 0 0 0 27 0 0 0 34 0 0 0 
P14022 2031 4 13 0 0 12 0 0 0 0 4 0 0 0 0 0 0 0 0 0 0 0 15 23 20 28 0 0 0 23 0 20 -999 
P14022 2031 5 0 23 23 13 10 11 15 37 26 0 0 0 0 0 0 21 20 13 0 6 0 5 0 0 0 0 0 0 0 18 0 
P14022 2031 6 0 13 0 0 0 0 0 0 0 0 0 0 9 0 0 0 22 0 0 22 0 0 0 0 0 0 0 0 13 18 -999 
P14022 2031 7 19 0 0 0 0 23 22 0 0 0 0 18 0 0 0 23 27 29 0 0 0 0 18 0 0 13 0 22 37 0 0 
P14022 2031 8 12 0 0 16 0 19 0 0 0 0 0 0 0 0 0 0 0 0 0 0 25 0 0 0 0 0 0 0 0 0 0 
P14022 2031 9 12 0 0 0 0 0 0 0 0 0 0 0 16 0 0 0 0 0 0 0 0 0 6 0 0 0 0 0 29 0 -999 
P14022 2031 10 19 15 0 11 0 0 0 0 0 0 0 0 18 24 0 0 0 0 0 0 19 0 0 0 0 24 0 11 21 22 19 
P14022 2031 11 36 0 0 20 36 16 0 8 0 0 0 0 12 16 0 20 0 0 0 0 0 0 0 0 0 0 0 8 15 27 -999 
P14022 2031 12 0 29 45 49 0 8 0 0 0 0 0 0 0 0 9 0 0 0 0 0 0 0 5 9 7 0 3 1 0 0 11 
P14022 2032 1 0 0 18 3 0 31 28 13 51 23 0 0 0 0 0 0 0 10 0 6 0 0 0 0 2 0 0 19 0 14 0 
P14022 2032 2 8 9 0 0 14 4 0 3 0 0 0 0 0 0 0 0 0 0 0 0 0 0 0 0 0 0 0 0 -999 -999 -999 
P14022 2032 3 0 0 21 0 0 0 0 43 48 0 0 0 0 0 2 0 0 0 5 0 10 12 0 0 0 22 19 0 0 0 0 
P14022 2032 4 0 0 16 0 79 99 0 34 27 0 0 8 0 0 0 0 12 18 30 16 21 0 28 0 0 0 0 0 0 0 -999 
P14022 2032 5 0 11 0 12 28 0 23 16 18 0 0 0 25 10 0 11 21 33 0 0 20 0 0 3 0 0 0 0 0 4 0 
P14022 2032 6 0 0 0 0 0 53 79 0 0 0 21 26 18 13 7 0 0 0 0 0 8 0 0 0 0 0 45 28 17 0 -999 
P14022 2032 7 22 0 0 0 30 24 24 0 0 0 0 0 0 0 0 0 26 0 0 0 0 0 13 0 0 21 0 19 0 0 15 
P14022 2032 8 0 0 0 0 0 18 0 0 11 0 20 28 0 0 0 0 20 37 41 0 0 0 0 0 21 23 0 0 15 0 0 
P14022 2032 9 0 0 0 0 0 0 0 12 12 18 0 0 0 0 0 0 0 0 0 8 0 0 0 0 0 15 0 0 0 0 -999 
P14022 2032 10 0 0 0 0 5 5 0 0 0 0 10 0 8 14 25 27 0 16 13 0 33 35 21 0 0 0 0 0 0 0 0 
P14022 2032 11 0 0 0 0 12 0 32 0 0 0 0 0 12 10 0 0 0 0 0 33 22 16 6 0 5 6 0 0 0 0 -999 
P14022 2032 12 0 0 0 0 5 17 0 0 6 12 5 2 0 0 0 1 0 0 0 0 0 0 0 0 1 0 0 12 0 0 10 
P14022 2033 1 33 0 1 0 0 9 23 13 0 0 3 0 0 0 0 0 0 0 0 0 0 0 0 0 0 0 0 3 4 0 3 
P14022 2033 2 0 0 0 0 0 0 0 19 0 0 7 0 0 0 0 0 18 24 21 16 18 18 23 0 0 0 0 0 -999 -999 -999 
P14022 2033 3 0 0 0 7 4 0 0 0 12 0 0 7 0 0 0 0 0 4 0 0 21 23 14 0 19 0 6 0 17 0 0 
P14022 2033 4 34 24 7 0 21 28 0 12 0 10 0 0 0 0 0 5 0 26 34 0 34 26 0 0 0 17 13 0 0 0 -999 
P14022 2033 5 7 0 0 0 0 0 0 0 0 0 0 0 0 12 14 15 27 0 0 28 0 0 23 0 22 0 19 11 0 0 8 
P14022 2033 6 0 0 16 22 0 17 18 0 0 13 0 0 0 14 0 15 0 0 20 24 32 31 22 18 0 0 0 16 17 6 -999 
P14022 2033 7 0 0 0 0 15 0 0 0 0 40 47 0 24 0 24 0 23 0 0 0 0 27 0 12 0 0 0 26 21 0 0 
P14022 2033 8 0 0 0 0 0 0 0 0 48 0 0 0 0 0 0 0 0 15 0 0 0 15 0 0 0 20 0 0 0 19 16 
P14022 2033 9 0 0 0 5 7 0 0 35 15 0 0 0 0 0 0 0 0 10 0 0 0 0 0 0 0 0 0 0 0 0 -999 
P14022 2033 10 0 0 21 0 14 0 0 0 0 0 0 0 0 0 22 28 16 0 19 0 0 0 0 4 17 26 0 0 0 0 22 
P14022 2033 11 26 15 0 33 0 17 36 72 0 0 0 0 0 12 30 28 14 0 0 0 0 0 0 0 0 0 0 0 0 0 -999 
P14022 2033 12 0 0 0 11 0 0 28 16 0 0 0 9 0 0 0 0 0 0 0 0 0 0 0 8 0 0 0 0 0 0 0 
P14022 2034 1 0 0 0 0 0 0 0 0 0 0 3 0 0 9 0 0 0 0 2 0 0 0 6 0 0 7 0 0 6 0 0 
P14022 2034 2 0 0 0 0 0 0 9 0 21 0 33 40 0 0 0 0 0 0 12 0 2 0 0 0 0 0 0 0 -999 -999 -999 
P14022 2034 3 0 0 0 0 0 0 0 0 5 0 0 0 0 0 1 0 0 0 0 0 0 0 7 0 0 8 0 0 11 0 7 
P14022 2034 4 7 12 0 32 25 32 0 6 12 0 0 0 0 18 22 35 33 28 19 17 0 0 23 19 0 0 6 0 0 0 -999 
P14022 2034 5 9 0 9 0 0 0 0 0 0 0 0 0 0 0 0 0 0 0 9 0 0 0 0 0 0 11 0 24 36 0 31 
P14022 2034 6 0 24 0 0 0 0 0 0 15 0 0 11 0 13 0 6 0 0 28 28 0 0 24 23 0 13 0 0 0 0 -999 
P14022 2034 7 0 0 0 0 0 0 0 18 0 0 0 0 0 0 0 17 0 0 0 11 0 13 0 0 0 0 0 0 0 10 10 
P14022 2034 8 8 8 0 0 7 0 0 0 0 0 0 0 0 0 9 0 0 0 0 0 0 0 0 0 0 0 23 0 0 44 0 
P14022 2034 9 0 0 0 3 0 0 0 0 14 20 19 0 0 8 8 0 17 25 0 0 0 0 18 0 0 5 0 0 0 0 -999 
P14022 2034 10 0 0 0 0 0 0 0 0 0 0 0 9 9 0 0 0 0 0 0 0 22 24 23 23 13 0 0 0 0 0 3 
P14022 2034 11 7 3 0 0 0 0 4 0 0 0 0 0 6 0 7 0 0 0 0 0 5 0 0 0 0 28 38 23 16 0 -999 
P14022 2034 12 0 0 0 15 0 0 0 0 0 0 0 0 0 3 0 0 0 0 0 4 9 0 5 12 9 0 0 0 0 14 0 
P14022 2035 1 4 6 8 0 0 0 0 0 3 0 0 2 0 0 0 0 0 0 0 20 13 9 2 0 0 0 0 0 0 0 0 
P14022 2035 2 0 0 0 0 0 0 0 0 0 0 0 6 0 0 0 2 0 0 0 0 0 8 7 0 0 0 19 17 -999 -999 -999 
P14022 2035 3 0 22 11 0 0 0 2 0 0 17 0 0 10 10 0 0 16 0 0 0 0 0 0 0 0 7 0 15 28 0 0 
P14022 2035 4 0 0 0 0 0 24 0 0 21 19 0 19 23 0 0 0 34 0 0 23 35 24 0 20 20 0 10 0 17 15 -999 
P14022 2035 5 15 37 0 0 0 15 30 31 29 0 0 0 0 0 0 0 0 0 0 15 0 0 0 0 0 0 0 0 0 0 0 
P14022 2035 6 0 0 0 21 0 0 0 0 0 0 0 0 0 0 0 0 11 0 0 0 0 10 0 7 0 0 0 8 0 0 -999 
P14022 2035 7 0 0 36 0 0 0 0 0 0 23 15 0 0 0 0 0 0 0 0 0 0 0 0 0 0 0 12 0 0 0 0 
P14022 2035 8 0 0 0 0 0 0 0 0 0 0 0 0 0 0 0 17 0 6 0 0 0 0 0 0 0 18 0 0 36 0 0 
P14022 2035 9 0 0 0 4 0 0 3 0 0 8 0 0 0 0 0 6 0 0 0 19 0 0 0 0 0 0 0 12 0 13 -999 
P14022 2035 10 0 11 0 0 0 2 0 0 0 0 0 0 22 0 13 16 0 0 0 26 31 0 0 0 10 0 0 0 0 0 0 
P14022 2035 11 0 0 28 17 0 0 0 0 0 0 0 0 0 0 0 0 0 0 0 0 0 7 0 0 0 0 0 0 0 0 -999 
P14022 2035 12 0 0 1 0 0 0 0 0 3 0 0 0 0 0 27 47 8 0 0 0 0 0 0 0 14 12 17 10 0 0 0 
P14022 2036 1 0 23 0 4 0 21 20 15 28 25 0 0 0 2 0 0 8 0 0 13 0 0 0 0 0 0 0 0 0 0 0 
P14022 2036 2 0 0 12 0 0 0 0 7 4 0 0 0 0 0 0 0 0 0 0 0 0 0 0 23 31 9 0 0 -999 -999 -999 
P14022 2036 3 22 0 0 7 8 0 0 0 0 0 0 0 26 0 24 15 0 0 23 0 7 0 0 0 26 0 28 41 19 0 0 
P14022 2036 4 27 0 0 10 0 0 53 31 0 15 0 18 0 0 0 0 0 0 23 0 0 0 0 0 23 0 12 0 0 0 -999 
P14022 2036 5 0 0 0 0 22 0 0 0 11 11 0 0 45 34 7 23 36 0 20 0 29 34 16 0 0 0 0 5 0 6 0 
P14022 2036 6 20 0 0 0 9 0 0 0 0 0 38 42 39 0 0 36 0 0 0 19 16 0 0 21 0 0 17 0 0 0 -999 
P14022 2036 7 11 15 0 24 0 0 0 0 21 0 0 0 9 0 29 0 14 0 0 0 0 0 0 23 0 0 0 12 16 22 0 
P14022 2036 8 20 0 0 0 0 0 16 0 0 0 7 0 0 0 0 31 13 0 20 0 0 0 0 0 0 20 0 0 0 0 0 
P14022 2036 9 14 0 0 0 0 0 9 0 11 0 0 0 0 16 0 0 9 0 0 0 0 0 0 0 0 0 0 0 0 0 -999 
P14022 2036 10 0 0 0 16 0 18 35 0 0 18 12 0 0 31 0 24 0 0 0 8 0 0 0 0 13 0 0 0 0 0 0 
P14022 2036 11 0 3 0 0 0 0 0 26 23 28 30 0 0 0 0 0 4 0 0 0 0 0 0 11 22 0 0 4 0 0 -999 
P14022 2036 12 0 0 0 0 0 0 0 0 3 0 0 0 0 0 0 0 0 0 0 0 3 0 0 0 0 2 0 15 0 15 24 
P14022 2037 1 27 16 0 0 0 16 9 6 13 0 0 0 4 10 15 0 55 42 40 47 22 0 0 0 0 0 0 0 0 0 0 
P14022 2037 2 1 0 0 5 0 4 0 0 0 0 0 9 12 10 0 0 0 13 0 19 0 0 0 0 0 0 0 0 -999 -999 -999 
P14022 2037 3 0 6 21 31 0 16 20 28 0 0 0 0 7 0 0 0 0 23 0 17 0 14 0 36 0 29 0 0 0 0 0 
P14022 2037 4 5 0 0 2 1 0 0 0 0 0 0 8 13 0 0 37 18 0 0 0 0 11 0 23 0 36 0 19 18 0 -999 
P14022 2037 5 0 0 0 20 0 38 34 0 0 0 0 0 3 0 0 0 0 0 0 0 19 0 16 17 12 0 14 0 12 0 0 
P14022 2037 6 0 29 23 0 26 45 0 26 0 0 0 13 0 0 0 0 0 0 0 27 0 15 0 0 0 0 16 0 0 0 -999 
P14022 2037 7 0 0 0 0 0 21 0 0 0 0 0 30 0 0 0 0 4 0 0 7 0 0 0 0 0 23 0 37 20 0 0 
P14022 2037 8 34 0 0 0 0 0 0 0 22 0 0 0 0 0 13 0 0 15 13 10 0 0 0 0 0 11 0 0 0 0 26 
P14022 2037 9 18 0 0 0 0 0 0 0 17 0 0 11 0 0 0 0 0 17 0 9 0 2 0 0 0 18 0 0 18 13 -999 
P14022 2037 10 9 0 0 10 0 0 0 0 8 0 0 0 0 0 2 0 0 0 0 11 0 0 0 0 0 0 0 0 0 0 5 
P14022 2037 11 0 14 3 0 0 0 0 0 4 0 0 0 0 0 0 0 14 13 0 0 0 62 28 0 15 17 10 0 7 8 -999 
P14022 2037 12 0 0 13 22 25 0 27 0 0 2 0 8 0 0 0 0 0 0 0 13 0 0 0 0 0 0 0 0 0 0 0 
P14022 2038 1 0 0 2 1 0 0 0 6 9 0 0 0 0 10 3 0 0 0 0 0 0 10 0 23 0 29 0 0 0 0 11 
P14022 2038 2 10 0 0 0 8 18 0 0 0 3 2 0 0 0 0 0 0 0 0 0 0 0 4 0 16 0 30 0 -999 -999 -999 
P14022 2038 3 0 0 0 0 14 0 0 0 8 0 0 0 0 0 0 26 0 23 0 0 0 0 7 14 0 0 18 0 0 0 0 
P14022 2038 4 4 19 0 0 0 10 0 0 0 0 0 0 0 0 0 0 0 10 0 0 0 0 20 0 0 0 0 0 0 15 -999 
P14022 2038 5 0 0 0 0 0 0 10 13 0 12 0 0 0 0 16 0 0 0 0 15 15 0 0 0 0 0 0 0 0 0 12 
P14022 2038 6 0 24 0 6 0 0 0 0 0 29 0 31 0 0 0 0 0 10 0 0 0 23 9 0 0 0 0 0 0 20 -999 
P14022 2038 7 0 34 26 39 0 0 0 0 0 0 29 0 11 17 0 0 0 0 0 23 0 10 23 0 0 0 10 0 0 0 0 
P14022 2038 8 15 0 0 0 0 0 0 0 0 0 0 0 0 0 0 0 16 23 16 8 0 10 10 0 0 0 0 0 0 9 6 
P14022 2038 9 9 0 0 11 0 0 0 0 0 0 0 0 0 6 0 16 0 0 9 0 0 0 0 0 0 0 0 7 0 0 -999 
P14022 2038 10 0 11 0 0 0 0 0 0 4 0 0 0 0 0 0 3 0 0 0 24 0 18 27 0 0 0 0 26 0 0 0 
P14022 2038 11 18 19 0 0 15 23 14 9 0 0 0 35 0 8 0 15 0 21 22 0 1 0 0 0 0 4 7 0 0 26 -999 
P14022 2038 12 0 0 8 0 0 0 0 7 0 11 0 0 0 0 0 2 0 0 0 0 0 0 0 0 13 15 0 0 0 49 56 
P14022 2039 1 24 0 14 12 0 19 13 0 0 0 0 0 0 0 0 7 0 0 18 0 39 0 0 0 36 33 32 58 0 0 0 
P14022 2039 2 0 0 0 4 0 2 1 0 0 0 17 0 0 0 22 0 5 4 0 2 0 15 14 11 7 14 21 13 -999 -999 -999 
P14022 2039 3 10 0 0 0 0 10 0 0 0 0 9 12 0 0 0 0 16 0 0 18 0 17 22 0 0 0 0 0 4 0 0 
P14022 2039 4 0 0 0 0 0 0 9 0 0 4 0 0 0 0 0 0 10 2 0 0 0 0 0 0 0 0 0 8 24 53 -999 
P14022 2039 5 36 15 0 0 0 18 11 0 0 43 38 45 20 0 0 26 26 17 0 0 0 0 0 15 21 21 21 0 25 22 0 
P14022 2039 6 12 0 17 0 18 18 16 18 0 45 43 0 0 0 0 15 0 33 0 0 0 0 0 15 20 0 0 0 0 0 -999 
P14022 2039 7 0 0 20 21 27 20 0 19 0 3 0 0 0 0 0 30 0 13 0 0 0 17 0 0 17 17 0 0 0 0 0 
P14022 2039 8 0 11 0 0 14 0 0 0 14 0 0 13 0 23 0 8 0 0 0 0 0 0 0 0 0 0 0 0 0 0 30 
P14022 2039 9 40 0 20 0 16 0 0 26 38 0 0 22 0 0 0 0 0 25 33 0 17 0 0 11 8 5 0 0 0 0 -999 
P14022 2039 10 32 41 0 0 18 0 9 0 0 0 29 27 0 19 0 0 0 0 0 0 0 23 19 0 27 0 0 0 0 0 0 
P14022 2039 11 0 38 0 0 3 0 0 0 0 0 0 0 0 4 0 0 0 0 0 0 0 0 0 5 0 0 0 0 0 0 -999 
P14022 2039 12 0 8 0 0 3 0 2 0 0 2 0 0 0 0 0 0 16 53 0 0 0 0 0 0 0 0 0 0 0 4 0 
P14022 2040 1 0 0 0 0 0 0 0 0 0 2 0 0 0 0 17 0 0 5 0 0 0 0 0 0 0 0 0 0 0 0 0 
P14022 2040 2 0 0 0 22 18 11 0 0 0 0 0 0 0 13 24 35 0 35 29 67 45 0 0 23 0 8 5 0 -999 -999 -999 
P14022 2040 3 18 0 9 0 0 0 8 0 0 14 0 0 0 0 0 0 16 8 0 0 0 0 3 15 0 0 0 0 11 0 0 
P14022 2040 4 0 21 0 0 36 29 24 0 0 0 0 0 7 0 0 26 0 0 0 0 0 0 0 0 0 0 0 0 0 0 -999 
P14022 2040 5 0 0 0 0 13 0 40 0 0 0 0 0 0 0 0 0 0 10 0 0 0 5 8 18 28 25 0 0 0 0 0 
P14022 2040 6 0 10 15 0 13 0 0 0 15 38 32 0 20 16 0 0 11 0 0 0 18 0 0 0 7 0 12 15 0 20 -999 
P14022 2040 7 0 26 0 0 0 0 0 0 25 17 0 0 0 0 0 0 0 0 0 0 0 0 0 0 0 28 0 0 22 0 0 
P14022 2040 8 0 13 0 0 0 10 0 0 10 0 0 0 0 0 0 0 20 0 7 11 0 16 18 0 34 33 0 0 17 0 0 
P14022 2040 9 0 0 0 20 0 17 18 0 0 0 17 0 0 44 76 37 0 41 44 28 20 19 22 0 12 0 7 0 0 0 -999 
P14022 2040 10 0 0 0 0 0 15 0 0 44 25 19 0 20 17 11 0 29 46 40 39 25 12 0 0 7 0 0 0 0 0 0 
P14022 2040 11 0 0 0 0 0 3 0 6 16 0 0 2 0 37 30 40 21 12 0 0 0 0 0 0 0 0 13 28 12 0 -999 
P14022 2040 12 10 13 13 0 15 0 0 5 0 0 0 0 0 0 0 0 0 0 0 0 0 0 0 0 0 0 0 0 0 0 0 
P14022 2041 1 0 0 0 0 0 10 0 0 0 0 4 0 0 7 0 0 10 0 0 0 0 0 8 32 42 0 10 36 0 15 31 
P14022 2041 2 20 0 0 0 0 0 3 0 0 14 0 0 20 7 0 32 33 0 0 0 0 0 0 0 0 0 0 0 -999 -999 -999 
P14022 2041 3 2 0 0 0 0 4 0 0 0 21 0 0 1 0 3 0 0 0 0 0 0 0 0 0 0 0 2 0 0 0 0 
P14022 2041 4 7 11 0 0 0 0 0 0 0 0 0 0 0 10 0 0 0 0 0 0 0 8 0 0 0 0 0 0 0 0 -999 
P14022 2041 5 0 0 0 58 66 0 0 26 0 19 0 0 27 0 0 0 0 18 35 0 0 0 7 0 0 0 0 0 0 0 0 
P14022 2041 6 0 0 0 0 0 10 9 13 0 0 21 0 31 25 0 0 0 0 0 0 0 0 0 0 0 0 0 39 0 0 -999 
P14022 2041 7 0 0 0 0 0 16 17 0 13 0 7 0 0 0 0 18 0 20 17 0 0 11 18 18 0 0 0 0 0 10 0 
P14022 2041 8 0 0 0 26 0 0 22 0 0 0 15 0 0 0 0 0 0 22 0 0 24 13 0 0 0 28 5 0 0 7 0 
P14022 2041 9 0 0 23 57 21 0 0 0 0 10 0 0 0 5 0 0 15 0 0 0 23 0 0 0 6 0 0 0 0 0 -999 
P14022 2041 10 12 0 0 0 0 0 0 0 0 0 0 0 0 0 0 0 0 0 8 0 0 0 0 17 0 0 0 0 0 0 0 
P14022 2041 11 39 59 65 30 24 0 0 0 9 0 0 0 0 0 0 0 0 8 0 0 0 0 0 0 38 33 0 0 0 0 -999 
P14022 2041 12 20 39 31 0 21 0 6 0 0 0 0 0 0 0 0 0 0 0 0 0 5 0 0 0 0 7 0 13 16 2 6 
P14022 2042 1 7 11 0 13 0 0 0 0 6 0 0 0 0 0 3 8 12 17 18 32 11 0 0 0 0 0 0 23 15 0 0 
P14022 2042 2 0 0 0 0 0 0 0 0 0 3 0 2 0 0 0 0 0 10 0 0 0 0 0 0 0 0 0 0 -999 -999 -999 
P14022 2042 3 0 0 0 0 0 0 0 0 0 0 0 12 0 0 0 0 0 15 0 40 0 0 36 30 39 30 0 19 0 0 0 
P14022 2042 4 0 21 0 0 6 0 0 0 0 0 0 0 0 2 0 0 34 46 17 0 2 6 30 0 0 11 0 0 16 42 -999 
P14022 2042 5 28 54 42 0 0 0 26 0 0 13 0 0 33 41 0 14 0 7 0 12 0 0 0 0 29 9 9 0 7 0 0 
P14022 2042 6 0 0 26 0 18 21 20 38 8 0 0 8 0 0 0 0 0 27 0 30 0 0 14 0 0 0 0 0 0 0 -999 
P14022 2042 7 0 0 0 0 0 0 0 0 30 0 0 13 21 0 0 0 0 0 0 19 0 0 0 0 0 0 12 0 0 15 0 
P14022 2042 8 0 0 0 0 0 0 0 0 0 13 0 0 0 19 20 0 15 0 0 0 0 0 0 21 12 13 0 0 11 0 0 
P14022 2042 9 9 0 0 0 8 0 0 0 0 0 0 0 0 0 0 0 0 33 47 0 8 0 6 12 0 19 19 0 0 2 -999 
P14022 2042 10 0 0 0 0 0 0 7 0 26 22 0 0 0 5 0 0 2 0 0 0 0 0 0 0 0 0 5 0 0 0 0 
P14022 2042 11 0 7 6 0 11 13 0 0 6 8 0 10 13 0 8 0 0 4 0 0 0 0 43 0 4 6 28 30 24 0 -999 
P14022 2042 12 0 7 0 0 16 21 0 17 0 5 0 0 15 0 0 0 6 0 0 0 0 0 0 0 0 0 0 6 0 0 4 
P14022 2043 1 0 0 0 0 0 0 0 0 0 0 8 0 13 0 0 0 30 51 0 11 0 0 0 0 0 0 0 0 0 0 0 
P14022 2043 2 1 0 0 0 0 0 0 0 0 19 14 6 0 0 20 33 4 0 0 0 14 22 20 23 10 0 12 14 -999 -999 -999 
P14022 2043 3 22 24 0 0 0 0 9 6 0 0 13 0 0 22 0 0 48 0 0 0 0 0 31 24 17 0 0 10 12 31 19 
P14022 2043 4 33 0 0 0 10 0 21 37 28 0 0 14 0 0 0 0 0 0 3 0 0 0 19 0 0 21 0 25 49 0 -999 
P14022 2043 5 14 11 6 0 0 14 11 6 0 0 14 17 25 0 29 25 0 0 0 23 0 14 13 0 0 0 0 0 0 0 0 
P14022 2043 6 10 16 0 36 0 8 0 0 0 0 0 0 0 8 10 9 0 16 0 0 0 0 0 0 0 0 0 0 0 0 -999 
P14022 2043 7 0 0 0 0 0 0 0 0 32 0 0 0 0 0 21 0 0 0 0 0 0 0 27 24 15 0 0 18 0 22 0 
P14022 2043 8 0 0 0 0 0 0 0 0 0 31 26 23 5 0 0 0 18 0 0 0 0 0 0 0 0 0 0 23 0 0 0 
P14022 2043 9 0 0 14 0 10 0 0 0 0 0 0 0 0 0 7 0 0 10 8 10 0 0 12 19 0 0 0 0 0 9 -999 
P14022 2043 10 0 0 0 0 0 0 8 0 0 0 0 16 0 17 6 0 3 0 0 0 48 24 13 0 12 0 0 6 0 10 0 
P14022 2043 11 0 8 0 31 45 49 18 0 0 0 0 1 0 0 0 4 0 11 19 0 16 14 0 0 0 0 0 21 0 0 -999 
P14022 2043 12 0 0 0 25 22 20 0 0 0 0 0 0 0 0 0 0 5 11 0 3 0 0 0 0 0 0 0 0 0 0 0 
P14022 2044 1 0 0 0 0 4 0 0 0 10 0 0 0 0 0 0 0 0 0 47 17 0 0 0 0 0 17 13 18 0 0 0 
P14022 2044 2 10 11 0 16 0 8 4 0 0 0 0 0 2 0 0 0 0 0 0 0 0 0 0 0 0 0 0 4 -999 -999 -999 
P14022 2044 3 0 0 0 0 0 0 0 0 0 0 0 19 21 0 0 0 0 0 6 0 0 0 0 0 0 0 0 20 0 0 0 
P14022 2044 4 13 0 15 0 0 13 14 18 0 22 0 0 0 3 0 0 0 31 0 8 7 0 0 0 32 62 0 0 26 30 -999 
P14022 2044 5 28 0 13 14 0 16 24 55 60 27 23 0 28 0 0 0 0 13 0 5 10 18 23 28 0 0 0 0 0 4 0 
P14022 2044 6 7 0 0 13 18 15 0 0 0 0 17 17 0 23 0 0 24 34 29 0 43 0 0 0 0 12 19 0 0 0 -999 
P14022 2044 7 37 23 0 0 0 0 0 0 0 0 0 0 20 0 0 0 0 0 0 9 0 7 0 0 0 0 16 0 22 0 30 
P14022 2044 8 0 58 49 0 0 19 0 0 0 0 28 0 8 8 0 0 24 22 24 8 0 9 0 12 0 0 0 0 0 0 20 
P14022 2044 9 0 0 6 0 0 0 0 0 0 0 0 0 0 0 0 0 12 0 0 0 0 0 17 0 17 16 0 0 0 0 -999 
P14022 2044 10 0 0 0 0 0 6 0 8 0 0 0 0 0 0 0 0 7 0 13 0 56 40 46 31 18 15 0 0 0 0 0 
P14022 2044 11 0 0 0 0 0 12 0 0 0 0 11 0 17 39 0 4 5 0 0 0 0 15 0 0 0 9 0 5 0 0 -999 
P14022 2044 12 0 0 0 0 0 0 0 2 0 0 0 0 7 0 0 0 0 8 0 44 65 30 0 0 0 0 0 0 0 0 0 
P14022 2045 1 0 0 25 0 0 34 13 0 0 0 9 14 0 5 0 0 0 0 0 0 0 0 0 0 0 0 7 0 0 0 0 
P14022 2045 2 0 0 0 0 0 0 0 0 0 0 18 30 19 0 0 0 0 0 0 0 0 0 12 11 29 29 28 24 -999 -999 -999 
P14022 2045 3 0 0 0 20 35 0 0 10 24 0 0 0 0 31 0 25 0 21 13 0 3 0 0 0 3 0 0 0 0 0 0 
P14022 2045 4 0 0 5 0 0 11 0 0 16 21 13 0 8 16 28 34 0 0 0 6 0 0 23 0 0 0 0 0 0 0 -999 
P14022 2045 5 0 11 0 29 0 0 0 0 0 0 0 6 0 0 0 0 9 0 0 0 55 35 0 28 23 16 0 19 33 0 0 
P14022 2045 6 30 0 0 0 0 0 0 18 0 0 0 0 0 36 41 27 20 24 23 0 0 0 0 12 0 0 0 0 0 0 -999 
P14022 2045 7 0 0 0 0 24 0 0 19 0 0 0 0 0 0 22 0 0 0 0 0 16 19 18 17 0 0 0 20 0 0 0 
P14022 2045 8 0 18 0 0 0 0 0 0 21 0 29 28 14 0 0 0 0 0 16 0 0 37 0 0 17 0 0 0 8 0 0 
P14022 2045 9 11 0 30 40 0 24 0 20 0 0 0 24 19 16 0 0 6 0 0 0 0 19 0 0 0 0 10 0 30 0 -999 
P14022 2045 10 0 0 0 9 15 23 0 12 0 0 0 0 4 0 0 0 6 0 9 0 0 6 0 0 0 0 0 0 0 0 0 
P14022 2045 11 5 0 16 0 0 16 11 0 0 13 7 0 0 0 0 0 0 7 0 0 0 0 0 0 0 0 0 8 0 0 -999 
P14022 2045 12 0 0 0 0 1 0 0 0 0 8 0 18 3 0 0 0 1 5 0 0 0 0 0 0 16 0 0 0 0 0 6 
P14022 2046 1 9 0 0 7 0 2 0 0 7 0 0 3 0 0 0 0 0 18 0 0 40 0 0 0 0 9 20 33 0 0 13 
P14022 2046 2 0 0 0 0 0 0 0 0 0 0 0 0 0 0 8 21 39 0 50 64 27 0 0 14 13 0 0 24 -999 -999 -999 
P14022 2046 3 0 6 0 20 0 0 0 0 0 3 0 0 0 0 0 6 0 0 0 0 0 0 0 8 37 38 17 11 0 23 0 
P14022 2046 4 15 17 0 0 0 0 0 22 24 0 0 10 0 25 0 0 0 42 0 38 0 15 0 27 0 21 24 22 0 31 -999 
P14022 2046 5 0 0 0 0 0 0 0 4 5 0 13 0 35 29 0 0 13 11 13 0 16 0 22 19 29 0 0 9 17 36 0 
P14022 2046 6 44 0 6 12 36 0 21 0 4 0 0 27 22 17 0 0 31 32 23 0 6 0 0 0 0 0 0 0 0 0 -999 
P14022 2046 7 0 0 0 0 0 0 28 0 0 0 35 0 0 0 0 11 0 0 0 0 0 0 0 0 0 24 0 0 0 0 0 
P14022 2046 8 0 17 9 0 0 0 0 0 0 0 0 0 12 0 18 0 0 0 15 0 0 0 15 11 0 0 10 0 0 0 0 
P14022 2046 9 0 0 0 21 22 0 14 0 0 0 0 0 0 0 0 0 0 0 0 0 0 0 0 0 0 0 0 0 14 0 -999 
P14022 2046 10 0 0 0 0 6 0 0 0 0 0 24 0 0 0 6 0 0 41 0 49 38 0 0 11 0 0 7 0 3 0 0 
P14022 2046 11 17 21 26 0 25 11 0 0 0 0 0 0 0 0 0 0 3 0 0 0 0 0 0 0 0 0 0 0 0 0 -999 
P14022 2046 12 0 0 0 0 1 0 1 0 0 0 10 0 0 13 10 0 0 0 0 0 14 0 3 0 0 4 0 0 0 4 3 
P14022 2047 1 0 9 14 17 13 12 0 0 0 29 37 0 0 0 0 0 14 0 6 0 0 0 0 0 0 0 0 0 0 2 4 
P14022 2047 2 9 18 0 0 0 4 6 0 0 0 0 0 12 19 0 16 9 0 0 0 0 0 6 0 0 0 0 0 -999 -999 -999 
P14022 2047 3 0 0 0 0 0 0 0 0 0 13 0 12 10 0 0 0 0 11 0 0 0 0 0 0 0 0 0 0 0 3 0 
P14022 2047 4 0 0 0 8 0 0 0 0 0 0 0 0 0 0 0 6 0 51 29 0 0 0 0 0 0 27 27 0 57 42 -999 
P14022 2047 5 0 0 26 22 0 0 41 68 57 29 0 0 0 35 29 0 0 0 0 0 0 24 50 0 0 0 0 9 7 0 0 
P14022 2047 6 0 0 0 0 0 19 0 12 0 0 23 0 22 0 0 0 0 0 0 0 0 0 0 0 0 0 0 10 24 30 -999 
P14022 2047 7 0 0 0 0 15 0 0 17 0 0 0 0 0 0 0 0 11 0 0 22 0 0 0 0 0 0 0 0 0 0 0 
P14022 2047 8 27 26 0 0 0 11 0 0 0 0 49 31 21 0 0 9 0 0 0 0 0 29 31 0 0 0 0 22 0 0 0 
P14022 2047 9 24 0 11 11 0 0 24 29 0 15 0 6 0 0 0 0 0 0 0 0 0 0 0 4 0 30 35 0 0 0 -999 
P14022 2047 10 10 0 35 46 28 0 0 4 0 18 0 0 0 0 0 0 0 0 0 8 0 0 0 0 0 0 0 0 34 26 21 
P14022 2047 11 0 0 0 0 0 0 0 1 0 4 0 0 0 8 0 0 0 12 0 0 0 0 17 0 4 0 0 5 0 0 -999 
P14022 2047 12 0 12 6 7 15 13 22 30 0 3 0 0 0 10 0 20 0 8 19 34 0 0 0 4 0 5 0 0 0 0 0 
P14022 2048 1 0 0 0 0 0 0 0 1 5 0 16 14 0 0 0 0 0 0 0 0 5 7 0 3 9 0 0 0 14 0 20 
P14022 2048 2 27 18 0 0 0 0 0 15 0 0 11 0 0 0 0 0 0 0 0 3 0 13 10 8 0 0 0 0 -999 -999 -999 
P14022 2048 3 0 0 0 0 0 0 0 0 0 0 10 0 0 0 6 0 0 37 37 27 0 18 17 0 0 0 26 20 0 0 25 
P14022 2048 4 0 5 0 1 0 21 35 46 47 29 16 0 24 42 25 0 23 28 30 24 19 33 0 42 26 20 23 28 0 14 -999 
P14022 2048 5 0 0 17 18 0 13 0 0 0 0 0 0 0 0 0 0 0 0 0 11 25 0 0 16 0 27 0 33 0 0 0 
P14022 2048 6 5 0 0 0 18 0 0 0 16 20 0 0 0 7 0 0 0 0 0 0 0 0 0 0 0 0 0 9 0 0 -999 
P14022 2048 7 0 15 24 21 0 0 0 0 0 0 10 0 0 16 15 0 0 0 0 0 0 0 0 0 0 0 16 0 0 0 41 
P14022 2048 8 0 0 0 0 23 16 0 0 0 0 19 0 13 22 17 7 15 0 0 0 0 10 15 0 0 0 0 0 0 8 0 
P14022 2048 9 0 0 0 0 0 0 0 0 0 21 34 0 15 15 17 0 0 0 0 0 0 0 0 0 0 16 0 0 0 10 -999 
P14022 2048 10 0 0 0 27 14 0 0 0 0 0 0 0 0 12 13 0 0 0 11 17 42 42 0 22 0 0 0 0 7 0 0 
P14022 2048 11 0 0 0 22 19 27 0 0 0 0 10 0 0 0 0 5 0 16 0 0 4 0 17 0 0 0 0 0 47 83 -999 
P14022 2048 12 12 0 0 11 0 0 0 0 0 0 0 0 0 0 0 8 0 0 10 27 0 0 5 0 0 0 0 0 0 0 0 
P14022 2049 1 14 0 33 0 10 7 0 0 0 0 0 4 0 0 0 0 0 0 0 0 0 0 0 0 0 0 0 0 0 0 0 
P14022 2049 2 0 0 0 0 0 0 58 65 36 0 0 31 55 34 28 66 71 0 36 0 32 34 0 34 16 0 0 0 -999 -999 -999 
P14022 2049 3 0 0 0 0 0 15 0 0 27 28 16 13 0 0 38 22 24 0 0 0 19 0 0 0 5 3 0 3 0 3 0 
P14022 2049 4 0 28 0 0 10 0 17 0 0 0 0 0 0 0 16 0 0 0 0 0 0 0 15 9 0 0 0 15 0 0 -999 
P14022 2049 5 0 0 0 17 0 9 0 0 23 0 0 5 0 0 16 0 0 0 23 24 0 0 0 0 0 0 0 0 0 18 0 
P14022 2049 6 0 34 0 0 0 0 19 0 20 0 0 0 0 0 18 0 6 0 0 13 0 15 15 0 0 0 15 0 0 14 -999 
P14022 2049 7 0 21 14 18 26 42 29 22 17 0 0 0 18 29 25 0 0 0 0 0 0 0 0 0 0 0 0 9 12 0 0 
P14022 2049 8 0 0 0 0 0 0 24 0 0 17 0 0 11 0 0 0 0 0 0 0 0 0 0 0 0 0 0 0 0 0 0 
P14022 2049 9 0 8 0 13 16 0 0 9 0 0 0 0 0 9 0 0 0 0 0 0 0 0 0 0 10 0 0 0 7 0 -999 
P14022 2049 10 0 0 8 0 0 0 0 0 0 0 32 21 0 0 0 34 0 6 11 0 7 0 0 0 0 0 15 0 0 12 0 
P14022 2049 11 0 11 22 0 25 10 0 37 0 0 0 0 0 5 0 0 0 0 0 0 0 5 2 0 8 0 0 0 0 0 -999 
P14022 2049 12 6 0 60 25 12 0 0 0 12 15 12 0 0 0 14 20 31 0 0 4 0 0 5 0 0 0 0 0 0 0 0 
P14022 2050 1 0 0 0 9 0 0 4 0 6 0 17 18 37 0 0 39 24 0 0 0 0 9 0 8 7 0 0 0 0 0 3 
P14022 2050 2 0 5 0 0 2 0 0 0 0 22 33 20 0 0 0 0 0 0 0 0 0 0 0 0 4 0 0 0 -999 -999 -999 
P14022 2050 3 0 0 0 0 0 0 0 0 0 6 6 0 0 0 0 0 6 0 9 17 9 0 5 0 15 26 0 12 16 0 0 
P14022 2050 4 0 6 16 0 5 0 0 0 0 12 0 34 31 16 13 12 0 25 18 34 28 28 15 0 0 0 0 24 13 0 -999 
P14022 2050 5 0 30 25 0 0 14 0 0 10 18 0 0 0 0 0 0 13 0 0 0 9 0 19 23 0 0 0 37 0 29 24 
P14022 2050 6 0 0 16 0 22 0 13 0 14 0 0 0 0 20 0 0 0 0 0 0 0 0 0 0 0 0 13 0 0 0 -999 
P14022 2050 7 0 0 0 0 0 0 0 0 0 0 0 0 0 0 22 17 15 0 0 0 13 0 0 0 0 0 0 15 14 0 0 
P14022 2050 8 27 29 0 0 0 37 42 0 18 0 0 0 0 11 11 0 18 23 26 26 16 0 0 0 34 0 0 0 0 0 0 
P14022 2050 9 0 0 10 22 0 0 0 0 0 0 5 0 0 0 0 0 17 9 0 0 0 0 15 21 0 0 0 0 0 0 -999 
P14022 2050 10 0 0 0 0 0 0 0 0 14 0 0 0 6 34 87 41 19 21 24 0 0 0 0 0 0 0 0 17 22 0 0 
P14022 2050 11 0 0 28 26 0 0 13 0 15 28 0 0 0 13 0 0 5 0 0 0 0 0 0 21 28 0 0 0 17 10 -999 
P14022 2050 12 0 0 14 0 0 2 0 0 10 17 5 10 0 14 23 32 0 0 24 0 0 3 0 0 0 0 0 0 0 0 0 
P14022 2051 1 0 0 0 0 0 0 0 0 0 14 11 11 16 0 0 0 0 4 13 0 4 0 0 1 0 24 0 0 0 0 17 
P14022 2051 2 15 0 23 0 16 5 0 0 0 0 0 0 0 0 0 0 14 0 6 15 13 9 15 0 0 0 16 0 -999 -999 -999 
P14022 2051 3 0 6 0 0 0 9 0 0 0 21 0 0 0 19 32 0 25 0 0 0 0 17 23 35 0 0 0 12 0 10 0 
P14022 2051 4 0 0 18 18 11 0 0 13 13 52 0 0 0 0 16 0 0 0 0 0 0 0 5 0 0 0 16 44 51 0 -999 
P14022 2051 5 9 0 0 27 0 16 0 0 0 0 0 0 0 0 0 23 22 0 0 21 29 0 32 0 0 0 7 0 0 0 0 
P14022 2051 6 0 25 0 13 0 0 18 0 15 33 0 27 0 0 0 0 0 0 0 0 0 0 0 0 0 0 0 0 0 0 -999 
P14022 2051 7 0 0 0 31 0 0 13 14 0 0 0 0 0 0 0 17 0 0 0 0 14 22 0 0 0 14 0 0 10 0 0 
P14022 2051 8 0 0 0 24 24 19 0 17 0 0 0 0 0 0 0 20 16 0 0 22 23 17 0 10 0 11 0 0 0 7 0 
P14022 2051 9 0 15 0 31 19 9 0 0 29 18 0 0 0 0 0 12 0 0 0 0 0 0 0 13 0 7 2 0 0 0 -999 
P14022 2051 10 20 0 0 9 25 16 0 0 16 0 0 0 8 0 9 11 0 0 0 0 0 0 0 0 0 0 0 27 0 0 16 
P14022 2051 11 13 0 0 0 21 0 13 0 1 0 0 0 0 0 20 0 5 0 0 22 0 8 12 0 0 0 6 0 0 0 -999 
P14022 2051 12 0 0 0 0 0 16 18 0 0 6 0 8 10 0 0 10 11 0 9 9 0 0 23 20 0 0 0 2 0 0 0 
P14022 2052 1 0 0 7 0 8 1 0 0 0 3 0 8 0 5 0 0 0 0 0 0 0 0 5 0 7 0 0 0 0 0 0 
P14022 2052 2 0 0 0 0 0 0 0 0 0 0 13 7 0 0 0 0 0 11 19 0 0 10 0 0 11 14 9 0 -999 -999 -999 
P14022 2052 3 0 0 3 0 0 0 0 0 0 6 0 0 0 24 20 0 0 8 0 0 0 0 0 0 21 21 0 5 0 5 0 
P14022 2052 4 0 0 10 13 0 0 0 0 0 0 0 0 0 0 0 0 0 0 0 0 0 0 5 3 0 0 8 13 0 20 -999 
P14022 2052 5 21 15 0 0 0 32 38 21 20 16 0 0 0 0 0 0 8 0 8 0 13 0 0 0 35 28 10 0 0 26 0 
P14022 2052 6 0 0 0 19 28 0 0 4 0 0 0 40 59 0 0 23 0 14 0 0 0 0 0 27 0 0 6 0 0 0 -999 
P14022 2052 7 0 0 0 0 13 0 0 24 0 0 0 0 0 0 0 0 0 0 0 0 0 0 26 34 0 0 0 10 0 0 0 
P14022 2052 8 0 0 7 0 0 0 0 7 0 0 0 0 0 0 0 0 11 0 0 23 29 0 0 0 18 0 36 0 0 15 0 
P14022 2052 9 0 14 18 0 8 0 0 19 19 0 0 0 0 0 0 10 0 0 0 0 27 0 0 0 13 0 0 0 0 18 -999 
P14022 2052 10 0 0 0 0 14 7 0 0 0 0 0 0 0 0 0 9 0 0 0 0 0 0 0 0 0 0 0 0 0 0 0 
P14022 2052 11 0 19 0 24 0 0 14 0 0 0 0 0 0 0 18 0 0 38 0 0 0 15 8 0 0 0 23 58 38 22 -999 
P14022 2052 12 27 34 11 0 0 0 2 0 6 46 47 46 34 18 0 0 0 0 0 0 0 0 0 0 0 0 0 0 4 0 0 
P14022 2053 1 0 0 0 0 0 0 0 0 4 0 0 0 0 0 0 0 0 0 0 0 0 0 0 3 0 0 0 0 0 0 0 
P14022 2053 2 0 9 0 0 24 0 0 0 0 0 0 6 0 0 0 0 0 6 0 2 0 0 0 0 0 4 11 61 -999 -999 -999 
P14022 2053 3 42 0 0 5 0 0 0 0 0 0 0 0 17 0 0 28 0 35 22 25 26 0 0 0 0 0 0 0 7 10 24 
P14022 2053 4 0 0 9 7 0 0 21 0 0 0 15 26 0 0 0 0 0 0 0 0 30 0 0 0 0 0 0 0 0 0 -999 
P14022 2053 5 27 0 0 0 30 64 0 0 0 18 0 0 0 0 0 0 0 0 0 26 34 0 22 33 17 0 10 0 0 9 9 
P14022 2053 6 14 0 0 28 16 12 0 11 0 12 0 0 12 0 0 0 0 15 0 5 0 10 0 0 0 0 0 0 0 0 -999 
P14022 2053 7 0 0 0 0 23 29 0 0 0 0 0 0 0 0 0 0 0 0 0 0 0 26 0 22 0 11 15 0 0 33 0 
P14022 2053 8 16 0 0 24 0 0 0 0 0 0 0 15 12 24 0 0 0 0 0 0 0 0 0 0 26 0 0 0 0 0 0 
P14022 2053 9 17 0 0 0 11 0 0 0 0 0 0 0 0 0 9 0 0 0 16 0 12 0 9 0 0 0 0 0 0 0 -999 
P14022 2053 10 0 0 0 0 0 0 0 0 0 27 0 0 15 0 0 23 0 40 0 20 0 10 0 0 7 0 0 17 15 10 0 
P14022 2053 11 0 12 24 40 0 0 14 0 0 0 0 24 15 0 0 33 52 38 16 6 0 0 0 0 0 0 0 0 0 7 -999 
P14022 2053 12 2 0 6 0 0 0 0 0 2 0 0 2 0 0 6 5 0 6 0 0 0 0 5 0 6 0 14 10 14 17 0 
P14022 2054 1 13 0 0 0 13 27 23 0 10 12 23 0 23 28 0 0 17 9 0 0 0 0 0 0 0 0 0 13 24 0 6 
P14022 2054 2 7 10 25 18 0 0 0 16 3 0 0 0 0 23 24 0 0 0 0 0 0 0 14 0 0 0 0 0 -999 -999 -999 
P14022 2054 3 0 0 0 1 0 0 0 0 0 0 0 6 5 0 3 0 0 17 0 0 7 0 14 26 0 0 8 0 0 34 0 
P14022 2054 4 0 13 0 0 0 0 29 0 0 13 36 0 30 0 11 0 15 0 21 20 18 0 0 0 0 0 26 0 37 39 -999 
P14022 2054 5 0 0 0 0 23 0 15 0 0 0 0 22 0 16 24 0 0 0 0 14 0 0 23 28 34 0 13 13 0 0 0 
P14022 2054 6 0 0 9 5 0 15 15 0 0 0 0 0 30 15 0 0 0 14 0 10 0 0 11 0 0 0 0 0 0 0 -999 
P14022 2054 7 0 0 12 15 0 0 15 19 0 15 0 0 19 0 0 17 0 0 0 0 0 0 0 0 0 0 13 0 9 0 0 
P14022 2054 8 0 0 0 0 0 0 26 0 0 0 0 20 0 14 12 0 10 0 0 0 0 41 0 0 0 0 0 23 0 0 0 
P14022 2054 9 0 0 11 13 0 0 0 0 0 0 10 0 0 26 0 0 10 0 19 0 0 0 20 47 23 0 0 0 9 28 -999 
P14022 2054 10 30 0 0 20 0 0 0 0 0 0 0 0 0 0 16 0 0 0 0 0 0 0 0 0 37 35 0 0 0 0 0 
P14022 2054 11 0 40 0 0 0 0 0 0 21 45 0 15 0 0 42 30 0 8 0 24 23 0 0 0 0 0 0 0 0 0 -999 
P14022 2054 12 0 0 5 18 6 0 0 0 0 0 0 5 0 20 0 0 2 0 0 0 0 0 0 0 15 0 15 7 0 5 0 
P14022 2055 1 0 0 0 10 0 0 5 28 3 0 9 0 0 0 0 0 9 0 0 31 51 41 0 0 0 0 0 0 10 0 0 
P14022 2055 2 0 0 0 0 0 0 0 15 0 0 0 0 0 0 0 0 0 0 0 0 0 0 0 8 0 0 0 0 -999 -999 -999 
P14022 2055 3 0 0 14 24 0 29 0 11 0 0 0 0 29 0 0 2 0 0 0 0 0 7 0 0 18 0 0 0 0 5 4 
P14022 2055 4 0 0 0 0 0 0 0 0 0 0 0 0 0 0 0 0 0 0 11 0 0 0 0 0 10 0 0 26 0 3 -999 
P14022 2055 5 15 0 0 3 0 0 0 0 0 14 41 47 0 0 12 0 9 0 0 10 0 0 0 0 17 37 46 23 12 0 17 
P14022 2055 6 10 0 0 15 14 0 0 0 0 0 0 0 0 0 0 13 0 0 0 0 0 0 0 15 0 0 0 0 0 0 -999 
P14022 2055 7 0 0 13 0 0 0 12 11 14 0 0 0 0 0 0 0 0 17 22 0 0 12 0 0 0 13 0 37 27 33 0 
P14022 2055 8 0 0 0 0 32 40 39 0 29 41 48 0 0 0 0 6 0 0 0 0 24 22 0 0 0 0 0 0 0 0 0 
P14022 2055 9 0 0 21 0 0 0 0 8 0 0 0 0 0 0 0 14 0 16 6 0 23 32 0 13 0 0 0 0 20 29 -999 
P14022 2055 10 31 0 0 14 0 0 26 0 0 0 0 21 0 0 17 0 0 0 0 0 0 0 0 0 0 0 0 4 0 0 0 
P14022 2055 11 0 8 6 0 0 15 0 35 0 0 0 8 0 0 30 15 30 0 0 19 11 0 9 0 2 8 0 52 41 31 -999 
P14022 2055 12 21 13 0 0 6 0 0 4 6 0 0 0 2 0 0 0 0 0 0 0 9 0 0 2 0 0 0 4 14 14 0 
P14022 2056 1 0 0 0 0 0 0 0 0 5 8 0 0 0 0 0 4 0 0 7 0 0 0 0 0 10 0 13 25 0 2 7 
P14022 2056 2 0 27 39 0 0 19 13 0 0 0 0 0 0 0 0 0 0 0 0 14 0 17 0 17 0 31 25 54 -999 -999 -999 
P14022 2056 3 32 18 25 0 0 0 16 22 0 0 29 46 0 0 0 0 0 0 0 38 0 0 0 16 6 4 8 0 62 19 0 
P14022 2056 4 0 13 0 0 0 0 0 0 0 0 0 11 0 0 0 17 0 0 0 24 10 0 5 0 0 0 0 0 4 0 -999 
P14022 2056 5 0 0 0 0 0 0 0 0 24 28 0 28 0 25 0 13 0 28 28 20 19 0 23 0 0 0 12 0 16 0 43 
P14022 2056 6 0 15 0 0 38 0 0 0 0 23 14 0 0 0 0 0 0 21 0 0 24 0 0 0 0 15 0 8 10 0 -999 
P14022 2056 7 0 0 33 34 36 0 0 0 0 0 0 0 0 20 0 0 0 25 0 0 0 0 27 0 0 0 0 0 0 0 0 
P14022 2056 8 0 0 0 0 0 0 0 7 0 0 32 0 0 0 0 0 0 0 0 19 19 0 0 0 26 17 9 0 23 0 0 
P14022 2056 9 0 0 0 0 0 0 25 0 0 0 0 0 5 0 0 13 0 0 0 19 13 0 25 0 0 0 0 0 0 0 -999 
P14022 2056 10 0 0 0 0 4 0 0 0 0 0 5 0 3 3 0 0 0 0 0 30 0 7 16 28 29 27 19 0 0 0 0 
P14022 2056 11 0 15 0 0 0 0 0 11 15 0 0 34 14 6 0 0 0 7 0 0 3 0 0 0 0 0 0 0 1 0 -999 
P14022 2056 12 0 0 0 0 0 0 2 0 0 0 0 0 0 0 0 0 0 9 23 16 0 0 0 0 0 3 0 24 0 0 0 
P14022 2057 1 0 0 0 0 7 0 0 2 0 0 0 0 0 0 0 28 24 0 49 22 0 0 0 0 0 0 14 57 35 31 12 
P14022 2057 2 0 0 0 0 0 0 0 0 0 0 0 0 0 0 3 0 0 0 0 0 0 0 0 0 0 0 0 0 -999 -999 -999 
P14022 2057 3 14 23 0 0 0 0 0 0 0 0 0 0 10 7 0 32 35 0 31 0 20 0 0 0 0 0 0 39 51 0 23 
P14022 2057 4 15 26 24 14 10 5 0 0 0 0 11 0 17 0 22 27 0 20 22 0 0 0 0 57 39 17 0 0 0 0 -999 
P14022 2057 5 25 44 39 0 22 24 20 25 43 0 0 0 5 0 0 0 0 0 0 11 22 0 28 23 24 0 0 29 10 0 0 
P14022 2057 6 0 11 9 13 0 11 0 0 0 0 14 0 13 0 0 0 0 0 14 7 0 0 0 15 27 0 0 0 19 0 -999 
P14022 2057 7 0 21 0 17 0 0 0 0 0 0 0 0 17 0 0 0 0 0 0 0 0 0 0 0 0 12 21 31 0 0 15 
P14022 2057 8 14 0 11 0 0 0 0 17 0 0 0 0 0 16 13 9 0 0 0 0 0 0 0 0 0 0 0 0 0 9 0 
P14022 2057 9 0 0 0 0 8 0 0 0 0 0 0 0 0 0 0 0 0 0 0 0 0 0 11 0 0 0 0 0 8 11 -999 
P14022 2057 10 0 0 15 14 20 12 0 0 15 15 0 11 0 0 0 0 0 0 0 0 9 12 0 0 0 19 0 0 23 0 0 
P14022 2057 11 0 0 0 0 0 0 0 0 12 0 0 21 26 0 0 22 0 0 12 0 0 5 0 0 8 0 15 0 14 0 -999 
P14022 2057 12 0 0 17 0 2 1 0 0 0 4 0 0 7 0 0 0 0 0 0 0 0 0 0 0 0 0 0 0 0 0 0 
P14022 2058 1 6 0 0 0 0 0 0 18 0 17 0 0 20 0 11 16 0 17 0 0 0 0 0 0 0 0 34 68 37 23 0 
P14022 2058 2 0 0 0 0 19 27 6 0 0 5 0 0 0 0 0 0 0 0 0 0 0 0 0 10 0 0 0 0 -999 -999 -999 
P14022 2058 3 0 0 0 8 0 0 0 0 4 6 0 0 21 0 0 0 0 0 30 0 16 0 0 0 0 0 0 0 0 0 9 
P14022 2058 4 0 32 17 18 0 0 25 26 18 33 0 45 47 0 32 0 20 25 0 0 0 0 0 26 34 37 0 0 29 0 -999 
P14022 2058 5 0 11 0 0 0 27 0 0 0 0 0 0 20 26 0 0 28 30 0 0 0 0 0 0 0 21 0 0 0 0 0 
P14022 2058 6 0 0 0 0 12 0 0 0 0 27 14 0 0 22 0 23 19 0 24 0 0 0 15 0 0 0 0 0 0 6 -999 
P14022 2058 7 0 0 0 0 0 0 16 0 0 0 0 0 0 0 33 25 0 0 0 0 0 0 0 0 28 0 0 0 0 0 0 
P14022 2058 8 0 0 0 0 0 0 0 0 0 0 0 51 26 12 0 10 0 0 0 0 10 0 0 0 0 0 0 0 0 0 0 
P14022 2058 9 7 0 12 14 0 0 26 0 0 51 0 16 0 19 0 0 0 0 0 0 0 0 0 0 0 0 0 0 0 0 -999 
P14022 2058 10 14 0 0 0 35 20 18 0 0 0 0 0 0 0 0 0 0 0 12 20 51 21 9 0 0 0 0 10 0 0 5 
P14022 2058 11 0 0 3 4 6 0 0 0 38 32 0 21 0 7 0 0 0 0 3 0 0 0 0 0 0 0 0 1 3 0 -999 
P14022 2058 12 0 0 0 0 0 0 13 0 0 0 5 0 0 0 2 0 0 0 0 0 4 0 0 0 0 11 0 0 0 0 0 
P14022 2059 1 2 0 3 0 0 0 6 0 0 0 0 0 0 0 0 0 8 0 0 0 0 0 0 0 0 0 0 0 0 0 0 
P14022 2059 2 0 0 0 0 0 0 0 0 0 0 14 0 29 8 0 0 2 0 0 0 0 0 0 0 0 0 0 0 -999 -999 -999 
P14022 2059 3 0 0 0 0 0 0 0 2 0 0 0 0 0 6 0 0 0 0 17 8 0 0 0 0 8 20 31 29 0 30 24 
P14022 2059 4 0 29 15 0 0 0 0 0 24 34 0 0 0 0 10 11 0 14 0 0 0 0 0 0 19 0 0 10 0 0 -999 
P14022 2059 5 0 0 0 0 14 15 0 2 0 0 11 0 0 13 16 0 53 73 28 17 0 0 0 24 0 0 0 0 5 0 0 
P14022 2059 6 0 0 27 30 33 0 0 27 32 0 17 0 22 23 0 0 0 0 0 0 0 0 18 26 0 36 47 0 0 0 -999 
P14022 2059 7 0 0 17 0 27 23 0 0 0 0 0 30 25 7 0 14 0 0 0 27 0 0 0 0 0 0 0 0 0 0 24 
P14022 2059 8 0 0 0 0 0 0 0 0 0 0 25 19 6 0 0 0 14 0 0 0 11 0 0 0 0 0 30 0 19 19 0 
P14022 2059 9 7 6 0 0 0 0 0 8 0 0 0 0 0 0 26 0 0 0 0 0 0 0 10 0 5 0 0 0 21 0 -999 
P14022 2059 10 12 26 0 0 0 0 0 0 0 0 0 0 0 0 0 17 20 0 0 0 6 0 0 0 0 0 0 15 0 11 0 
P14022 2059 11 0 0 0 13 9 0 0 0 0 0 0 0 0 0 0 0 0 0 0 0 0 0 0 0 0 0 0 0 0 0 -999 
P14022 2059 12 0 0 0 0 0 19 35 42 0 17 0 0 0 0 0 0 0 2 0 0 0 0 0 0 0 10 0 0 11 18 17 
P14022 2060 1 15 0 0 0 0 0 0 0 0 0 0 36 53 30 0 0 0 0 0 0 0 0 0 0 0 0 0 0 0 0 0 
P14022 2060 2 19 0 7 0 0 0 3 0 9 0 0 13 8 0 0 0 0 0 0 7 8 5 0 0 0 0 0 0 -999 -999 -999 
P14022 2060 3 14 12 10 16 15 41 88 68 30 15 0 12 7 0 0 0 0 0 0 5 16 0 0 38 0 0 18 0 0 38 17 
P14022 2060 4 0 0 19 0 0 8 6 14 31 29 23 15 12 8 0 26 0 0 0 0 0 9 0 0 0 0 56 27 0 9 -999 
P14022 2060 5 0 0 0 28 28 17 0 0 0 20 0 25 0 0 0 0 0 0 0 0 15 0 0 0 3 1 0 0 0 29 0 
P14022 2060 6 0 0 18 0 19 0 0 0 0 0 14 11 10 0 0 19 0 22 26 0 0 0 0 0 0 0 0 0 0 0 -999 
P14022 2060 7 17 0 0 0 0 0 11 0 0 18 0 0 0 0 0 0 0 0 21 18 0 8 0 0 0 25 0 0 0 0 0 
P14022 2060 8 18 25 0 0 0 0 0 0 0 0 0 0 0 0 0 0 0 0 0 0 0 25 0 4 0 0 0 0 0 0 0 
P14022 2060 9 0 0 0 0 0 20 0 16 0 0 0 0 0 17 0 15 0 0 0 12 0 14 0 7 0 0 0 0 22 31 -999 
P14022 2060 10 24 10 0 0 0 0 3 0 0 0 0 0 0 0 0 0 3 0 4 7 0 1 0 6 0 0 0 0 0 10 11 
P14022 2060 11 0 13 0 0 0 26 17 0 0 17 9 0 13 0 0 0 0 24 46 51 28 20 0 0 0 0 2 0 8 0 -999 
P14022 2060 12 0 0 5 0 7 14 15 0 0 0 2 3 0 0 0 0 8 11 0 5 0 0 0 23 13 0 9 21 26 37 0 
P14022 2061 1 25 14 0 10 0 0 14 0 16 0 0 0 0 0 0 0 0 0 0 3 7 0 0 3 0 0 2 0 0 0 4 
P14022 2061 2 0 0 0 0 0 0 0 10 0 7 0 0 21 11 0 0 0 0 0 0 0 0 0 0 27 21 0 22 -999 -999 -999 
P14022 2061 3 0 0 8 0 0 0 0 14 0 40 0 0 0 10 12 13 23 0 0 0 0 0 23 0 0 38 14 0 0 0 0 
P14022 2061 4 41 35 29 0 14 0 13 0 21 24 16 20 0 0 0 0 15 0 0 16 0 0 3 0 0 0 18 22 0 0 -999 
P14022 2061 5 0 0 0 0 0 0 0 13 0 0 0 0 0 18 32 0 19 0 0 0 0 0 0 0 0 0 0 0 0 0 0 
P14022 2061 6 0 0 0 0 0 0 0 8 0 17 0 0 0 29 26 0 0 0 0 0 0 0 16 0 0 23 32 35 24 15 -999 
P14022 2061 7 16 0 0 25 29 10 0 0 0 0 25 0 0 0 37 0 0 0 0 0 0 0 0 0 0 0 0 0 17 17 26 
P14022 2061 8 29 0 0 0 0 17 0 0 0 0 0 0 22 0 0 17 17 0 0 8 0 14 0 24 0 0 23 28 0 0 0 
P14022 2061 9 17 10 0 0 0 0 0 8 0 13 13 0 0 0 0 0 21 23 0 0 0 0 0 0 15 25 0 7 0 17 -999 
P14022 2061 10 0 0 10 11 0 0 0 0 0 0 0 0 6 7 9 25 0 0 0 20 19 8 24 25 19 6 6 15 0 0 8 
P14022 2061 11 14 32 0 0 16 0 0 0 22 19 9 0 0 0 0 0 18 28 0 1 0 0 0 0 0 0 0 13 31 0 -999 
P14022 2061 12 0 0 0 0 4 0 0 0 0 0 0 0 7 0 13 13 0 0 0 6 13 19 23 21 0 5 0 3 0 0 9 
P14022 2062 1 0 0 6 0 0 0 0 0 0 0 0 0 0 0 0 0 0 0 26 2 0 0 0 4 4 0 19 6 3 0 0 
P14022 2062 2 0 0 0 0 0 0 0 0 18 0 0 0 0 0 0 0 0 0 2 0 0 7 0 16 0 0 0 0 -999 -999 -999 
P14022 2062 3 0 0 8 0 19 21 4 0 0 0 0 29 30 68 38 27 11 12 0 0 12 9 0 16 11 0 0 0 0 0 0 
P14022 2062 4 0 0 0 0 0 8 0 0 0 0 18 0 0 0 6 8 3 4 0 13 0 0 0 0 0 0 0 24 27 41 -999 
P14022 2062 5 0 0 0 0 0 0 0 0 25 0 0 12 12 0 0 0 0 0 0 14 14 0 0 0 0 22 0 0 0 0 0 
P14022 2062 6 0 0 0 35 51 0 0 0 0 0 18 21 18 0 0 0 11 0 0 0 0 0 0 0 20 0 0 0 0 0 -999 
P14022 2062 7 29 0 0 0 22 22 0 0 0 16 0 0 27 0 30 0 0 0 0 0 0 0 0 0 0 0 26 0 0 0 9 
P14022 2062 8 0 0 24 0 0 0 0 0 0 0 0 15 24 0 0 0 0 0 0 0 0 0 0 30 0 0 0 0 0 0 0 
P14022 2062 9 0 7 0 17 13 0 0 0 0 7 0 10 0 0 0 0 0 9 0 0 7 7 8 0 0 0 11 11 0 7 -999 
P14022 2062 10 0 0 0 45 0 0 0 0 0 0 0 0 21 8 0 0 0 0 4 0 0 0 0 25 0 0 0 0 0 0 10 
P14022 2062 11 0 0 0 0 0 0 0 0 0 4 0 4 0 0 8 0 0 0 0 17 0 0 0 12 0 0 0 0 0 0 -999 
P14022 2062 12 0 0 15 0 0 0 0 8 0 0 0 39 0 0 0 0 9 18 0 0 0 0 0 0 0 0 0 2 0 0 0 
P14022 2063 1 21 0 15 0 0 0 0 0 0 0 0 4 0 19 9 0 38 24 16 0 18 25 0 0 25 32 0 0 0 0 0 
P14022 2063 2 24 0 0 0 7 0 0 0 0 0 0 10 0 0 0 0 32 0 7 0 4 0 8 9 0 0 0 2 -999 -999 -999 
P14022 2063 3 0 0 0 0 3 0 11 0 0 0 16 25 0 0 0 24 0 15 0 0 3 10 11 0 42 39 0 8 0 8 0 
P14022 2063 4 13 0 0 16 0 0 0 0 0 23 0 0 0 13 24 30 0 0 0 14 14 0 11 0 0 0 0 0 0 18 -999 
P14022 2063 5 32 28 0 0 6 0 0 0 0 0 0 21 21 0 0 0 0 0 0 8 17 0 0 0 0 0 0 0 0 0 0 
P14022 2063 6 0 0 0 21 0 0 0 0 0 0 0 0 0 0 0 0 38 35 0 0 34 0 0 0 0 0 0 0 23 28 -999 
P14022 2063 7 0 0 0 34 0 25 0 0 0 0 0 0 0 0 0 0 0 0 0 0 0 0 0 0 0 0 0 0 0 0 19 
P14022 2063 8 0 0 0 0 0 0 0 20 20 0 39 24 0 0 14 0 0 0 8 0 0 0 10 0 0 0 0 0 0 0 0 
P14022 2063 9 0 0 0 0 12 0 0 27 0 0 0 0 0 30 0 21 0 0 25 24 0 32 33 33 0 50 38 26 0 0 -999 
P14022 2063 10 0 0 0 0 6 0 0 0 0 0 0 0 0 0 0 5 0 0 13 7 0 0 12 0 7 22 0 0 0 0 0 
P14022 2063 11 0 0 0 0 0 0 0 0 0 0 0 0 9 0 0 0 5 0 2 5 6 13 0 0 0 0 0 0 0 0 -999 
P14022 2063 12 0 0 0 0 4 0 0 0 0 2 0 10 0 0 0 0 0 12 3 0 5 0 0 0 0 0 0 0 0 2 2 
P14022 2064 1 0 0 0 0 0 0 0 0 0 0 2 0 2 0 0 0 0 0 0 0 0 0 0 0 3 0 0 9 0 6 0 
P14022 2064 2 0 0 7 0 0 0 0 0 0 0 0 0 0 0 0 0 0 0 0 0 0 8 0 0 0 0 0 8 -999 -999 -999 
P14022 2064 3 7 0 0 0 0 0 15 10 0 15 15 12 11 0 0 59 58 37 21 0 22 21 0 0 13 23 20 0 6 0 0 
P14022 2064 4 0 0 0 28 0 50 0 0 15 0 0 37 30 0 23 0 0 0 12 0 0 0 24 0 22 17 0 0 0 16 -999 
P14022 2064 5 19 18 22 32 0 0 18 0 10 0 0 0 0 0 0 0 0 0 0 0 0 0 0 0 0 0 0 0 0 18 0 
P14022 2064 6 0 16 0 18 0 0 0 0 0 0 0 0 0 28 35 30 0 0 0 20 15 0 0 0 0 0 0 13 0 0 -999 
P14022 2064 7 0 0 0 0 0 0 0 0 0 25 26 0 0 0 18 0 0 0 0 0 21 23 37 23 0 0 0 0 0 18 0 
P14022 2064 8 11 0 0 0 0 0 0 0 0 0 0 16 0 0 12 0 7 0 0 0 16 0 0 11 0 18 0 0 0 0 0 
P14022 2064 9 0 69 27 0 0 0 0 0 0 0 0 0 0 0 0 0 12 0 0 0 0 0 0 19 0 0 0 0 0 0 -999 
P14022 2064 10 0 0 0 0 8 7 15 0 0 7 0 0 0 0 0 10 0 0 0 0 0 0 0 0 0 0 0 12 0 6 0 
P14022 2064 11 0 8 0 7 14 11 0 0 0 0 0 0 9 19 32 16 0 0 0 0 0 0 0 0 0 0 0 0 0 0 -999 
P14022 2064 12 6 0 0 0 9 0 0 20 23 24 0 0 0 0 0 0 0 0 0 0 0 35 28 0 0 2 0 0 0 0 0 
P14022 2065 1 0 0 0 0 0 0 0 0 0 0 0 0 0 0 0 0 0 3 0 0 0 0 0 0 0 4 0 6 8 0 0 
P14022 2065 2 12 0 0 0 0 0 0 0 0 0 5 10 0 30 70 44 33 26 21 31 32 0 0 0 0 0 7 0 -999 -999 -999 
P14022 2065 3 0 0 0 0 0 0 0 2 0 0 0 0 0 14 5 0 0 0 14 0 0 18 0 51 40 32 39 0 11 13 0 
P14022 2065 4 0 0 0 0 6 0 0 0 9 1 0 0 0 7 10 0 0 9 12 0 0 5 6 0 0 0 0 0 0 0 -999 
P14022 2065 5 0 0 0 5 0 0 0 0 0 0 0 11 0 0 0 10 0 0 0 0 0 0 0 11 12 0 0 0 0 0 12 
P14022 2065 6 0 0 0 0 0 0 18 0 0 24 0 0 0 16 0 25 0 0 0 10 0 19 0 0 0 14 22 24 0 24 -999 
P14022 2065 7 0 0 0 0 18 0 0 0 0 12 0 0 28 0 40 0 0 0 0 0 0 0 0 0 0 0 19 0 0 26 24 
P14022 2065 8 0 0 0 0 0 17 23 0 0 29 17 0 0 0 0 0 5 0 16 0 0 0 0 13 18 30 0 0 0 15 0 
P14022 2065 9 0 0 0 0 0 0 0 0 0 0 11 0 8 0 10 0 0 0 0 0 0 0 13 15 0 0 17 0 0 0 -999 
P14022 2065 10 0 0 0 0 0 0 0 25 38 29 0 0 15 0 0 17 0 0 14 0 0 0 21 39 26 0 19 0 0 0 7 
P14022 2065 11 0 0 0 0 0 0 0 3 0 0 0 0 0 0 0 0 0 0 0 0 10 0 0 0 0 0 0 29 0 0 -999 
P14022 2065 12 0 0 0 8 0 0 0 0 0 9 16 49 0 0 0 0 15 0 0 0 22 22 15 20 0 19 16 0 0 0 0 
P14022 2066 1 6 0 0 0 1 0 6 0 0 22 28 0 24 0 14 0 0 0 16 23 4 14 0 0 0 0 0 0 0 0 0 
P14022 2066 2 0 0 0 0 9 0 0 0 0 0 0 0 0 0 0 0 0 3 0 0 0 0 10 0 10 48 0 20 -999 -999 -999 
P14022 2066 3 21 16 0 0 0 0 0 0 0 0 0 0 0 0 0 0 0 0 6 0 0 0 0 0 0 14 0 0 0 0 0 
P14022 2066 4 10 21 15 0 0 0 0 0 0 0 0 0 0 20 24 26 34 0 0 0 10 0 9 0 0 17 0 0 50 22 -999 
P14022 2066 5 0 7 0 0 0 8 0 0 21 0 6 0 0 0 0 0 0 0 28 0 0 0 4 4 0 0 7 0 0 0 10 
P14022 2066 6 0 0 13 0 0 0 0 0 0 0 0 0 0 21 28 25 0 0 0 0 0 0 0 0 0 0 0 0 0 0 -999 
P14022 2066 7 0 0 6 0 8 0 0 0 0 0 0 21 14 0 0 0 42 0 17 0 0 0 0 0 0 0 27 38 0 0 0 
P14022 2066 8 0 0 0 0 0 0 0 0 0 0 0 14 0 0 0 31 0 0 0 10 0 15 15 14 0 0 0 0 0 0 12 
P14022 2066 9 0 0 0 0 0 17 9 8 0 0 0 17 0 5 0 0 0 0 0 0 0 0 0 22 23 20 0 0 0 0 -999 
P14022 2066 10 0 30 26 30 15 0 0 0 0 0 0 0 0 0 0 11 17 11 0 0 14 18 0 0 0 0 0 18 28 0 0 
P14022 2066 11 0 6 0 10 18 18 10 0 0 8 0 0 22 0 0 0 0 0 0 19 0 0 0 4 0 0 0 2 0 0 -999 
P14022 2066 12 0 0 8 0 0 0 0 0 0 6 0 0 0 16 0 0 29 38 22 17 14 0 0 0 0 0 0 0 0 0 14 
P14022 2067 1 0 0 31 0 0 0 7 2 0 0 11 0 0 11 18 19 22 45 28 34 47 65 48 38 18 15 41 0 12 0 0 
P14022 2067 2 0 6 0 18 8 0 0 0 0 0 0 0 0 0 16 0 0 0 36 42 0 5 0 0 0 0 14 11 -999 -999 -999 
P14022 2067 3 0 0 0 0 0 0 0 0 9 22 19 20 0 0 0 0 0 0 0 17 0 0 13 0 0 0 3 3 0 4 0 
P14022 2067 4 0 0 8 0 0 0 0 0 14 0 0 0 11 0 26 32 0 19 31 0 0 0 15 25 0 0 7 0 15 0 -999 
P14022 2067 5 0 14 0 24 34 30 0 0 0 0 33 0 22 0 0 0 0 0 0 38 0 19 12 12 0 0 16 0 13 17 0 
P14022 2067 6 20 0 33 24 0 0 0 0 16 0 25 42 36 32 25 26 29 0 29 0 0 0 0 11 0 0 0 22 0 0 -999 
P14022 2067 7 0 49 0 0 0 0 0 0 0 5 0 0 0 0 28 0 0 0 0 0 0 0 20 0 23 20 0 0 0 0 0 
P14022 2067 8 0 11 0 0 0 0 0 0 13 0 0 19 16 25 0 18 12 0 12 0 0 0 0 0 0 0 0 0 0 0 0 
P14022 2067 9 0 16 12 0 0 10 0 0 7 0 0 0 14 0 20 22 0 0 0 0 0 6 0 11 0 0 14 0 0 0 -999 
P14022 2067 10 17 0 0 7 7 0 8 0 0 14 6 0 0 0 0 9 0 5 4 0 0 0 11 0 0 0 7 6 0 0 0 
P14022 2067 11 0 0 0 0 0 8 17 0 0 0 0 0 2 0 0 0 11 0 0 3 0 0 5 4 0 0 0 0 0 0 -999 
P14022 2067 12 0 0 0 19 15 0 0 0 0 0 0 0 0 0 0 0 0 0 0 0 0 0 1 0 0 0 25 0 0 6 0 
P14022 2068 1 0 0 0 2 0 14 0 0 0 0 0 0 3 0 0 0 0 0 0 0 0 0 0 4 24 18 20 7 0 0 6 
P14022 2068 2 0 0 0 0 0 26 60 60 0 3 0 14 0 0 0 0 0 0 0 0 0 0 19 0 0 0 0 0 -999 -999 -999 
P14022 2068 3 0 0 0 12 29 39 38 0 0 0 0 0 9 10 2 3 10 0 10 0 0 0 0 0 0 0 0 0 0 0 0 
P14022 2068 4 0 20 0 9 8 0 0 26 0 18 9 0 12 0 0 11 19 0 0 0 0 0 24 0 0 0 0 0 0 0 -999 
P14022 2068 5 0 0 0 21 0 18 0 0 0 25 0 12 0 0 23 0 0 39 0 28 0 0 0 0 0 15 0 0 20 0 0 
P14022 2068 6 26 35 0 0 22 0 0 0 0 0 0 4 0 0 10 0 0 28 0 0 0 42 0 0 0 0 0 0 0 0 -999 
P14022 2068 7 0 0 8 0 0 10 0 11 0 0 0 0 0 0 0 15 0 0 0 0 0 0 13 0 0 0 0 0 13 11 0 
P14022 2068 8 0 0 12 0 0 0 0 0 16 0 15 0 0 21 18 20 15 0 0 0 21 0 15 0 0 22 38 0 0 33 0 
P14022 2068 9 0 0 0 0 0 12 0 0 0 19 50 49 0 0 0 15 0 0 0 0 0 0 0 0 0 22 0 0 9 0 -999 
P14022 2068 10 0 0 0 0 0 7 0 0 0 0 0 0 0 0 7 0 0 0 0 0 0 0 0 0 0 0 0 0 0 3 0 
P14022 2068 11 19 19 0 0 0 4 0 2 0 0 0 0 0 0 0 0 0 0 0 0 0 0 0 3 3 0 0 0 0 0 -999 
P14022 2068 12 0 0 0 0 0 0 0 0 0 11 0 0 7 33 0 17 0 5 0 0 0 0 0 3 0 0 0 0 17 0 0 
P14022 2069 1 0 0 28 0 0 0 0 0 0 0 0 0 6 0 0 8 0 0 0 0 0 0 0 0 0 0 4 8 0 0 0 
P14022 2069 2 0 0 9 16 0 0 0 0 30 24 0 0 11 0 0 2 0 0 0 8 0 0 0 0 0 0 21 8 -999 -999 -999 
P14022 2069 3 0 0 8 0 9 13 0 0 11 0 0 19 0 0 0 0 0 0 0 0 0 5 0 0 10 0 15 0 0 17 43 
P14022 2069 4 58 0 21 0 0 11 0 0 0 0 0 16 10 0 0 0 0 17 21 17 0 10 0 5 18 44 0 0 0 0 -999 
P14022 2069 5 0 0 0 14 23 7 0 0 0 0 15 0 0 0 35 0 0 35 31 29 39 23 15 18 0 17 0 0 0 0 0 
P14022 2069 6 0 0 0 0 0 0 0 0 0 15 0 0 0 15 0 0 21 22 0 0 0 0 22 31 0 19 0 0 0 0 -999 
P14022 2069 7 0 0 0 12 7 0 0 0 0 0 13 0 0 16 0 20 0 0 0 19 24 17 0 5 0 0 0 10 0 17 0 
P14022 2069 8 8 0 0 0 0 0 0 0 0 21 0 0 0 0 0 0 21 16 0 0 0 15 12 0 0 0 0 22 0 0 0 
P14022 2069 9 0 12 0 0 0 0 0 7 0 0 0 0 0 0 26 0 0 0 0 0 0 0 0 0 0 0 0 0 0 16 -999 
P14022 2069 10 0 14 0 0 15 0 0 0 13 0 6 0 7 0 10 28 0 19 0 34 35 0 0 0 0 0 0 14 0 0 5 
P14022 2069 11 0 5 7 0 0 0 0 17 16 0 0 0 6 5 0 0 0 8 0 0 0 0 0 0 0 0 0 0 0 0 -999 
P14022 2069 12 0 0 0 0 10 0 0 8 0 0 0 0 0 5 0 21 0 17 18 0 14 15 16 13 0 0 0 0 0 0 0 
P14022 2070 1 0 0 9 0 0 0 11 0 0 17 0 5 0 0 0 0 0 0 0 0 0 0 0 0 0 0 0 0 0 0 65 
P14022 2070 2 0 35 0 0 0 0 0 0 0 0 0 0 0 0 0 0 0 3 0 0 10 0 12 26 30 16 0 37 -999 -999 -999 
P14022 2070 3 0 0 0 0 0 5 0 4 4 0 0 0 4 0 31 25 0 0 27 22 34 48 56 41 27 0 15 0 0 0 0 
P14022 2070 4 9 0 18 0 0 0 9 0 24 0 16 0 0 0 0 32 0 22 0 0 0 0 0 26 0 28 0 40 34 31 -999 
P14022 2070 5 0 18 16 38 41 0 17 15 14 11 0 0 0 0 0 29 0 19 24 0 0 0 0 19 0 0 0 5 0 0 0 
P14022 2070 6 0 0 0 0 0 0 5 0 0 0 0 0 0 0 0 10 0 0 0 0 13 0 0 0 0 0 0 0 0 0 -999 
P14022 2070 7 0 23 0 0 0 0 0 13 0 0 21 0 0 0 16 0 0 15 14 0 0 12 0 0 0 0 0 0 0 15 0 
P14022 2070 8 0 0 0 0 21 0 0 0 0 0 0 0 0 0 0 11 16 0 0 0 0 0 0 15 0 0 21 0 0 0 0 
P14022 2070 9 0 21 0 48 26 0 0 0 0 11 11 0 0 0 0 12 0 0 0 13 0 0 0 0 0 0 0 0 0 0 -999 
P14022 2070 10 18 0 0 7 0 26 23 10 0 18 17 22 0 25 0 0 13 20 0 0 4 0 0 0 0 0 0 0 0 0 0 
P14022 2070 11 12 0 0 0 0 0 5 0 0 0 0 0 0 0 3 0 5 10 0 4 0 15 0 0 0 0 0 18 0 0 -999 
P14022 2070 12 0 8 0 8 0 0 0 0 0 0 13 0 0 0 0 0 0 21 3 0 0 0 0 7 3 12 9 0 0 38 0 
P14022 2071 1 9 5 0 7 0 7 0 0 0 0 16 0 0 18 8 0 15 28 31 0 11 0 0 0 0 0 18 0 0 0 4 
P14022 2071 2 0 7 26 0 0 0 0 6 6 0 22 0 13 0 0 0 11 19 27 21 0 41 0 0 27 0 0 0 -999 -999 -999 
P14022 2071 3 8 0 0 13 0 12 0 14 10 0 0 0 0 13 0 14 9 0 50 0 0 3 0 0 10 9 0 0 2 0 0 
P14022 2071 4 0 56 60 29 0 6 0 0 0 0 0 0 0 0 0 0 0 13 7 14 17 68 62 0 0 32 20 16 0 22 -999 
P14022 2071 5 0 0 0 0 0 39 28 0 0 26 0 15 0 0 0 10 0 0 8 13 0 13 0 11 0 0 0 0 0 0 0 
P14022 2071 6 0 19 21 26 0 0 0 0 0 17 16 0 31 50 43 16 0 32 0 19 15 16 0 0 0 0 0 0 0 14 -999 
P14022 2071 7 29 33 0 0 0 0 0 0 13 9 0 0 11 14 0 0 0 0 0 0 10 13 22 0 0 0 0 0 28 14 21 
P14022 2071 8 35 0 0 0 0 0 0 0 32 0 0 0 0 0 0 0 0 0 13 0 0 27 0 0 18 0 37 48 26 0 0 
P14022 2071 9 13 0 0 0 0 0 0 0 13 0 0 0 0 0 0 7 0 6 0 0 0 0 0 0 0 0 15 19 0 0 -999 
P14022 2071 10 0 0 8 0 0 0 0 0 0 0 16 0 0 0 0 0 48 0 0 9 0 0 0 13 0 0 0 4 0 0 0 
P14022 2071 11 29 25 0 21 0 0 0 0 0 0 6 0 0 0 0 17 19 0 0 0 0 5 0 0 19 27 0 0 0 0 -999 
P14022 2071 12 0 0 0 14 0 34 35 36 0 0 12 21 0 16 0 0 0 0 0 9 9 0 0 24 16 20 20 0 2 6 0 
P14022 2072 1 0 23 0 0 0 0 0 0 0 0 0 0 0 0 0 0 0 0 0 0 0 0 4 0 0 0 22 11 0 12 8 
P14022 2072 2 20 29 30 22 0 0 16 19 24 0 0 0 0 0 0 0 0 0 29 12 0 18 0 0 0 0 0 4 -999 -999 -999 
P14022 2072 3 0 0 0 0 0 0 0 0 0 0 0 0 0 0 0 0 0 0 0 0 13 0 0 0 0 19 28 0 0 0 15 
P14022 2072 4 0 0 3 0 0 0 0 0 9 19 18 0 3 0 0 0 0 0 0 0 0 12 19 0 0 0 0 0 0 14 -999 
P14022 2072 5 0 0 0 0 0 28 22 0 0 0 0 0 0 0 0 0 24 23 0 13 0 14 0 0 0 12 0 9 0 44 30 
P14022 2072 6 10 0 0 0 0 31 0 0 0 0 0 0 0 0 0 32 0 0 20 11 0 0 0 19 24 32 0 0 0 0 -999 
P14022 2072 7 9 0 0 0 24 34 0 0 0 0 0 0 0 0 0 0 0 0 18 0 0 0 0 0 0 0 0 0 0 0 0 
P14022 2072 8 0 0 0 0 0 0 0 0 0 0 16 0 0 0 0 20 0 22 16 0 0 0 0 0 0 0 0 14 0 0 0 
P14022 2072 9 0 0 0 0 0 20 0 0 0 0 0 0 16 18 0 0 0 0 0 0 27 0 0 0 0 0 0 10 7 0 -999 
P14022 2072 10 0 0 0 0 0 0 0 0 0 9 0 0 8 0 0 0 23 0 0 0 4 0 0 2 0 0 0 0 0 0 0 
P14022 2072 11 0 0 0 0 22 25 19 12 5 6 0 0 0 0 0 0 0 0 0 0 0 9 0 0 0 0 0 0 0 0 -999 
P14022 2072 12 0 0 0 0 0 5 0 0 12 0 0 0 0 0 0 0 0 21 20 0 38 23 0 6 0 36 24 0 0 0 0 
P14022 2073 1 0 0 0 0 0 0 0 0 0 0 0 0 0 0 5 0 0 0 7 0 0 0 5 7 0 0 0 0 9 0 0 
P14022 2073 2 0 0 19 18 12 0 10 0 0 0 0 0 0 0 0 0 0 0 16 0 0 0 0 0 0 0 0 0 -999 -999 -999 
P14022 2073 3 45 65 21 0 12 0 0 0 17 29 12 0 0 9 13 0 0 0 0 8 21 35 33 0 0 0 17 34 46 0 0 
P14022 2073 4 27 19 0 0 0 0 0 23 13 13 0 0 33 22 0 9 0 10 10 0 0 14 0 41 0 43 27 29 18 0 -999 
P14022 2073 5 0 11 10 10 0 0 0 0 0 0 0 0 23 0 0 22 0 0 7 0 0 0 0 14 21 0 11 0 0 0 0 
P14022 2073 6 0 9 0 0 18 13 14 0 0 0 0 0 0 18 0 0 0 0 0 0 0 31 0 0 0 0 22 0 0 0 -999 
P14022 2073 7 0 0 19 0 38 0 0 0 0 0 16 9 0 0 0 19 0 0 0 0 7 0 19 0 0 0 26 0 0 0 0 
P14022 2073 8 0 0 0 0 0 0 21 0 18 0 12 0 0 0 0 42 30 0 0 0 0 33 0 0 0 0 0 0 0 0 0 
P14022 2073 9 0 0 18 12 0 0 0 0 0 0 0 15 0 16 15 0 23 0 6 0 4 0 0 22 0 6 0 0 0 0 -999 
P14022 2073 10 0 0 0 0 0 0 17 0 0 0 0 7 0 0 0 2 0 0 0 6 4 0 0 0 0 0 0 0 0 0 0 
P14022 2073 11 9 0 0 10 0 0 0 4 0 0 0 0 0 0 0 0 30 13 0 0 25 23 0 8 11 26 0 17 0 0 -999 
P14022 2073 12 0 0 0 0 0 0 0 0 0 0 0 0 8 0 0 0 3 0 0 0 24 0 0 0 5 6 0 0 33 0 53 
P14022 2074 1 35 26 0 27 44 106 74 0 19 0 36 0 0 0 0 0 0 0 0 0 0 0 0 9 5 0 0 0 0 0 0 
P14022 2074 2 0 0 0 0 0 0 4 4 0 0 20 0 10 28 37 0 18 25 20 14 17 0 0 0 5 14 39 40 -999 -999 -999 
P14022 2074 3 35 0 0 0 0 13 26 41 22 16 0 0 0 3 0 0 0 0 0 6 0 15 0 44 36 20 0 0 0 5 0 
P14022 2074 4 12 9 0 0 25 0 0 8 0 13 0 0 0 23 41 40 22 8 13 24 0 0 0 0 4 0 0 0 26 34 -999 
P14022 2074 5 29 0 0 0 21 0 9 0 0 25 29 51 0 15 0 18 16 0 11 0 14 0 0 0 0 0 11 0 11 0 18 
P14022 2074 6 0 0 23 28 0 20 0 13 0 23 29 0 0 0 0 0 0 0 0 0 0 0 0 0 0 14 37 29 11 0 -999 
P14022 2074 7 0 0 0 0 0 0 0 0 30 0 29 23 0 0 0 0 10 0 0 0 0 0 0 0 0 16 0 0 0 0 0 
P14022 2074 8 0 19 18 20 17 0 0 0 0 11 0 0 0 0 0 17 0 28 16 14 0 0 11 0 9 0 0 0 0 0 0 
P14022 2074 9 0 15 0 0 0 0 0 0 0 0 0 17 0 0 0 0 0 0 0 0 0 0 0 0 0 0 0 0 0 0 -999 
P14022 2074 10 3 0 0 0 0 0 0 0 0 0 8 0 0 0 0 0 0 0 11 0 15 33 0 26 0 0 0 0 0 11 0 
P14022 2074 11 0 0 0 0 0 0 0 0 0 0 0 0 0 0 0 0 12 0 0 10 0 0 0 0 11 0 0 6 0 0 -999 
P14022 2074 12 0 0 0 0 0 0 0 0 0 0 16 34 0 0 13 4 2 0 0 0 9 0 0 0 0 0 0 0 0 0 0 
P14022 2075 1 0 2 0 0 3 0 0 0 4 0 0 0 6 0 5 0 0 0 0 0 0 0 0 0 0 0 0 0 2 0 0 
P14022 2075 2 0 0 0 0 0 0 0 17 40 0 0 0 26 11 0 0 0 0 0 13 0 0 0 0 14 0 16 0 -999 -999 -999 
P14022 2075 3 0 15 38 19 0 7 0 0 0 0 7 0 0 0 0 6 0 0 20 0 0 14 18 33 41 0 0 2 0 0 0 
P14022 2075 4 0 0 25 23 0 25 0 57 50 0 0 0 0 0 11 0 0 0 0 35 0 25 27 0 11 20 0 18 13 0 -999 
P14022 2075 5 14 17 0 52 30 0 0 13 0 0 20 0 39 0 13 0 0 0 0 0 0 22 12 13 0 0 10 0 0 10 0 
P14022 2075 6 0 0 0 0 0 17 0 0 0 44 27 0 0 29 0 0 0 0 0 0 15 0 0 11 0 0 0 14 17 0 -999 
P14022 2075 7 0 0 0 0 0 18 0 0 0 0 0 0 0 0 0 0 0 22 21 0 0 10 15 0 0 8 0 0 0 0 13 
P14022 2075 8 15 15 0 11 0 0 14 0 0 0 0 0 0 0 0 0 11 14 0 0 23 21 0 13 0 14 14 0 7 0 0 
P14022 2075 9 0 0 0 0 0 0 0 0 0 0 0 0 0 0 0 0 0 0 0 8 0 6 0 11 0 0 7 0 0 0 -999 
P14022 2075 10 10 0 0 0 22 0 0 26 26 22 0 0 0 0 0 0 0 0 0 0 0 0 0 0 5 0 0 12 0 0 24 
P14022 2075 11 0 0 0 0 0 0 30 0 0 0 0 0 18 0 30 26 0 0 0 0 0 11 0 0 0 0 0 0 0 0 -999 
P14022 2075 12 0 0 7 0 16 0 0 0 29 22 21 25 12 0 0 0 0 8 0 0 0 9 0 0 0 0 1 3 0 0 0 
P14022 2076 1 0 0 0 0 0 4 0 0 7 0 5 4 0 0 0 0 0 0 0 0 0 0 0 1 0 0 1 0 0 8 0 
P14022 2076 2 11 18 9 9 8 0 0 0 0 0 0 0 0 0 0 0 0 0 0 0 23 0 0 0 0 22 0 19 -999 -999 -999 
P14022 2076 3 0 0 0 14 0 0 16 21 0 18 20 0 0 0 0 0 0 5 0 0 0 12 0 14 0 13 0 0 0 0 0 
P14022 2076 4 0 0 0 0 0 0 7 0 0 0 0 12 38 18 23 31 0 29 30 23 0 16 19 0 0 0 43 0 0 0 -999 
P14022 2076 5 14 43 30 0 13 0 0 10 0 0 0 0 0 32 24 16 0 0 19 0 0 11 11 15 0 0 0 0 0 28 22 
P14022 2076 6 0 0 17 20 0 0 0 0 0 0 0 0 0 0 0 0 13 0 0 0 0 0 0 0 18 0 0 0 0 0 -999 
P14022 2076 7 0 0 0 0 0 0 0 0 0 0 0 0 0 0 0 0 0 10 0 27 0 0 0 0 0 0 10 0 0 0 0 
P14022 2076 8 0 0 0 0 0 0 0 0 0 0 0 6 12 0 35 0 0 0 9 0 0 0 0 0 0 0 0 0 0 0 0 
P14022 2076 9 35 0 0 8 0 0 0 4 0 7 9 0 0 0 20 0 0 0 0 0 0 0 0 8 0 0 0 7 0 0 -999 
P14022 2076 10 0 0 14 0 0 11 0 0 0 0 0 0 0 0 0 2 0 0 0 0 0 5 0 0 8 0 11 0 30 0 0 
P14022 2076 11 6 0 4 0 0 0 0 0 0 7 0 14 0 0 0 0 8 0 18 34 58 48 36 0 0 5 9 30 15 11 -999 
P14022 2076 12 0 15 5 0 0 0 0 0 0 28 13 0 0 10 0 0 0 0 0 0 0 0 0 0 0 0 8 12 0 0 0 
P14022 2077 1 0 0 0 0 0 0 0 0 0 0 0 0 0 0 5 0 0 0 0 0 0 0 0 7 0 0 0 0 0 4 0 
P14022 2077 2 0 0 0 17 24 0 0 0 0 16 0 0 0 0 0 15 0 0 19 18 11 0 0 0 15 26 0 0 -999 -999 -999 
P14022 2077 3 0 0 6 4 0 31 46 0 15 0 0 14 0 0 0 0 0 0 0 0 21 24 0 0 31 0 0 0 0 0 0 
P14022 2077 4 0 0 0 0 0 0 0 0 0 7 6 0 0 0 15 0 0 0 0 0 18 0 0 0 0 0 0 25 0 0 -999 
P14022 2077 5 0 14 30 30 0 0 0 0 27 57 60 18 0 0 0 10 0 0 19 0 0 16 0 0 27 0 0 0 0 18 0 
P14022 2077 6 21 0 0 23 0 0 0 19 0 20 17 8 14 0 0 20 0 0 25 0 0 0 0 0 21 0 20 0 30 0 -999 
P14022 2077 7 19 0 0 0 0 0 0 33 33 0 22 0 33 0 0 0 0 0 0 16 8 0 0 0 0 0 0 0 0 23 0 
P14022 2077 8 0 0 0 0 0 0 0 0 0 18 27 27 0 0 0 0 0 17 0 0 0 0 0 15 0 0 0 0 0 0 0 
P14022 2077 9 0 0 0 0 0 26 30 0 0 0 16 0 0 0 0 0 0 0 0 0 13 0 0 0 0 0 0 0 13 16 -999 
P14022 2077 10 0 0 19 16 0 0 0 11 19 21 0 0 0 0 0 0 0 0 22 24 21 0 29 0 20 8 0 0 0 0 0 
P14022 2077 11 0 0 0 0 11 0 0 27 0 29 0 0 0 8 0 0 0 9 0 12 16 0 0 16 0 0 0 4 0 5 -999 
P14022 2077 12 10 11 0 0 0 0 0 30 0 0 0 33 0 0 0 0 8 0 0 0 0 0 0 0 0 10 20 17 27 0 0 
P14022 2078 1 26 36 0 28 0 21 0 6 13 25 0 0 19 20 8 0 0 0 0 9 5 0 0 0 0 0 0 0 5 0 0 
P14022 2078 2 0 0 0 6 4 2 0 0 0 1 0 0 0 0 0 0 0 5 0 0 0 0 0 6 0 43 8 0 -999 -999 -999 
P14022 2078 3 0 0 10 0 0 0 0 22 25 14 8 0 0 0 0 35 28 35 41 61 47 32 19 19 33 42 59 31 0 13 0 
P14022 2078 4 0 24 0 0 0 15 19 0 0 0 21 26 19 0 0 0 12 0 9 11 10 0 0 0 0 30 0 0 0 0 -999 
P14022 2078 5 0 42 79 0 0 0 0 0 15 0 0 0 0 0 21 20 22 35 0 14 0 0 0 0 0 0 0 17 25 0 33 
P14022 2078 6 26 0 24 18 20 0 26 20 0 16 0 0 0 0 0 0 0 0 0 0 0 0 23 0 15 0 0 0 0 0 -999 
P14022 2078 7 0 0 0 0 0 0 0 21 0 21 0 22 0 0 16 0 10 0 0 0 0 0 15 0 0 0 0 0 0 27 25 
P14022 2078 8 0 0 22 0 8 0 0 0 0 20 0 0 0 0 18 27 0 0 28 0 0 0 0 25 0 0 0 0 0 0 0 
P14022 2078 9 0 0 0 0 0 12 0 0 0 0 0 0 0 0 0 0 0 15 0 0 0 0 0 0 0 0 0 0 0 0 -999 
P14022 2078 10 3 0 0 0 0 0 0 5 9 0 0 0 0 11 0 18 0 0 0 0 20 12 0 5 0 0 0 0 0 0 0 
P14022 2078 11 10 0 0 0 0 4 0 0 1 0 0 2 0 12 11 0 14 0 0 0 2 0 0 0 0 0 0 0 0 0 -999 
P14022 2078 12 0 0 0 0 0 2 3 0 0 0 9 30 0 0 0 0 0 4 0 0 0 0 0 0 13 10 33 64 20 0 0 
P14022 2079 1 50 6 0 0 0 0 0 0 0 3 0 0 0 0 0 0 0 0 0 0 0 0 0 1 0 0 0 0 0 0 0 
P14022 2079 2 0 0 0 1 0 0 0 0 0 0 0 0 0 0 0 2 0 0 0 0 0 0 8 9 0 0 3 0 -999 -999 -999 
P14022 2079 3 0 13 0 3 5 0 5 7 0 0 11 0 0 0 0 0 0 0 0 0 10 0 0 0 0 22 0 0 0 0 8 
P14022 2079 4 0 0 19 30 0 12 0 0 0 0 0 13 27 31 0 0 0 0 0 0 0 0 15 16 0 0 9 0 0 0 -999 
P14022 2079 5 0 24 0 0 28 0 0 17 0 0 15 0 0 11 0 0 0 0 0 13 0 31 38 0 0 9 0 0 0 0 0 
P14022 2079 6 0 0 0 0 0 0 0 0 0 0 0 8 0 0 0 0 0 0 10 0 16 0 0 0 0 0 0 23 0 16 -999 
P14022 2079 7 0 0 0 6 0 0 0 0 0 0 0 0 0 0 0 0 0 16 0 0 0 0 20 0 0 14 0 18 0 0 0 
P14022 2079 8 14 0 0 0 0 0 0 0 0 0 0 11 0 0 0 16 0 19 0 0 0 34 0 0 13 0 13 0 0 35 20 
P14022 2079 9 0 0 0 0 0 0 0 0 0 0 0 0 0 0 0 0 0 0 0 0 6 0 0 0 13 0 0 0 0 0 -999 
P14022 2079 10 0 13 0 0 5 0 0 0 0 5 0 0 0 0 0 7 0 0 13 20 0 0 13 0 0 13 0 0 0 11 0 
P14022 2079 11 15 13 0 3 0 0 14 13 0 0 0 0 0 13 0 0 27 0 0 0 10 0 8 0 17 17 0 0 0 5 -999 
P14022 2079 12 0 14 0 0 0 17 35 17 0 0 0 0 0 0 0 0 0 0 0 0 0 0 0 5 0 0 0 1 2 0 0 
P14022 2080 1 2 0 0 0 0 0 0 0 0 0 0 9 0 0 0 0 0 0 0 0 0 0 0 0 0 0 0 0 0 29 19 
P14022 2080 2 0 0 0 0 0 0 0 0 21 21 0 30 34 18 0 0 0 0 0 28 39 42 0 0 0 0 0 0 -999 -999 -999 
P14022 2080 3 0 20 0 10 16 28 23 31 44 61 0 0 17 5 0 0 0 0 0 0 0 1 0 0 0 0 0 0 0 21 18 
P14022 2080 4 0 5 0 0 3 0 0 0 0 26 20 0 21 0 11 8 0 0 0 19 0 19 24 32 31 0 0 17 0 0 -999 
P14022 2080 5 20 0 0 0 20 0 20 24 24 18 17 14 12 16 0 0 0 32 0 0 28 40 0 0 0 0 21 28 32 30 0 
P14022 2080 6 58 37 0 38 0 0 0 0 10 13 0 8 0 14 0 0 37 0 44 44 46 25 22 17 0 16 24 33 0 0 -999 
P14022 2080 7 33 0 16 6 0 0 0 0 0 0 0 0 0 0 0 0 0 0 0 0 0 20 0 7 0 0 0 0 0 0 0 
P14022 2080 8 0 0 22 0 0 0 0 0 0 0 0 0 0 0 0 0 0 0 0 16 0 16 0 11 0 0 0 0 0 0 21 
P14022 2080 9 0 0 0 0 0 0 15 0 0 0 21 0 0 0 0 14 0 0 11 0 8 0 0 0 0 0 0 13 0 10 -999 
P14022 2080 10 0 13 20 18 24 15 0 0 0 17 0 10 20 0 0 10 0 0 0 0 12 0 0 0 4 9 0 5 0 0 0 
P14022 2080 11 14 0 7 0 0 20 13 3 0 0 0 0 0 0 5 0 6 0 0 6 0 21 12 0 0 0 0 0 0 0 -999 
P14022 2080 12 0 8 19 0 0 0 0 0 0 0 4 0 0 0 0 0 0 0 0 0 0 0 0 0 0 0 10 0 0 0 0 
P14022 2081 1 13 0 30 0 12 0 0 0 0 0 0 0 0 0 9 5 0 0 0 15 13 0 26 0 0 0 0 0 0 0 0 
P14022 2081 2 0 0 0 0 0 0 0 0 0 0 0 0 1 0 0 0 0 0 0 0 13 3 3 29 38 21 0 0 -999 -999 -999 
P14022 2081 3 0 0 7 0 28 13 0 0 0 26 26 0 0 9 16 9 0 29 16 14 11 0 38 17 0 3 0 0 0 40 24 
P14022 2081 4 26 0 0 0 9 9 0 14 11 0 18 0 0 0 0 25 7 0 0 0 0 24 0 0 0 21 13 0 0 0 -999 
P14022 2081 5 26 33 17 0 35 21 13 10 0 57 41 21 28 62 0 33 0 0 0 0 15 0 0 0 0 0 0 8 0 0 0 
P14022 2081 6 0 0 0 7 0 0 0 0 0 0 0 0 0 0 23 0 0 0 48 0 24 0 0 0 0 0 0 0 0 0 -999 
P14022 2081 7 0 0 0 28 0 13 14 0 21 0 0 19 0 0 21 0 0 0 0 0 0 0 0 0 0 0 0 0 24 24 0 
P14022 2081 8 0 24 0 0 0 0 0 0 0 0 0 14 13 0 0 15 18 0 17 0 0 0 0 0 0 0 0 0 0 0 0 
P14022 2081 9 12 0 0 16 0 23 32 0 6 0 0 0 0 0 0 0 0 0 25 0 0 0 0 0 15 0 0 0 0 8 -999 
P14022 2081 10 0 0 0 0 30 0 0 0 0 15 23 0 0 18 0 0 0 0 0 0 0 0 0 0 0 0 0 0 0 0 0 
P14022 2081 11 0 0 10 16 0 0 0 0 0 0 0 0 0 0 0 11 29 38 0 0 9 0 0 3 0 0 0 0 9 18 -999 
P14022 2081 12 25 0 15 16 9 0 33 0 24 18 21 23 41 50 0 10 11 17 10 0 5 0 0 0 0 5 0 0 0 7 0 
P14022 2082 1 7 0 0 0 0 0 15 11 0 0 0 0 14 18 0 0 0 20 0 0 0 0 11 3 7 0 17 0 0 0 0 
P14022 2082 2 0 0 0 0 0 0 0 0 0 0 0 4 0 7 0 0 0 0 0 0 0 0 0 0 12 0 7 6 -999 -999 -999 
P14022 2082 3 0 0 33 27 0 36 16 11 0 12 0 13 0 14 20 0 0 0 0 16 13 0 0 0 0 0 7 0 12 0 0 
P14022 2082 4 9 0 0 4 0 8 0 0 0 13 0 0 0 0 0 18 20 0 0 0 0 7 7 0 0 0 0 0 0 0 -999 
P14022 2082 5 25 0 0 9 0 9 0 0 0 0 17 0 0 21 0 0 0 0 23 26 0 0 0 18 0 0 0 0 0 0 0 
P14022 2082 6 0 0 0 21 0 0 0 0 0 23 0 0 29 0 23 0 0 27 0 30 0 0 0 0 0 0 0 0 0 0 -999 
P14022 2082 7 17 0 0 0 0 0 0 0 0 0 0 0 0 34 0 0 0 0 0 0 15 0 0 0 0 0 0 0 0 0 0 
P14022 2082 8 0 0 0 20 0 0 0 0 0 0 0 22 0 19 16 0 24 0 0 0 0 0 20 16 0 15 0 17 0 0 11 
P14022 2082 9 0 0 8 0 0 0 10 0 0 7 0 16 0 0 0 0 11 0 0 12 0 0 0 13 0 10 0 0 13 0 -999 
P14022 2082 10 0 0 0 0 0 0 0 0 0 0 0 4 0 0 11 14 0 0 0 0 15 13 0 0 0 0 0 0 0 14 24 
P14022 2082 11 14 21 23 20 0 0 24 17 0 0 0 0 0 24 0 0 59 0 0 0 0 0 9 0 0 0 0 0 0 0 -999 
P14022 2082 12 0 0 0 2 0 0 0 0 0 0 0 0 0 0 0 0 8 21 20 8 0 0 0 4 0 0 0 0 0 0 0 
P14022 2083 1 0 21 0 22 29 0 0 0 0 0 0 0 0 0 0 6 18 11 0 0 6 0 0 0 0 1 0 5 17 0 13 
P14022 2083 2 19 27 0 0 15 3 10 17 0 0 25 15 20 18 0 11 21 0 50 23 20 0 23 0 0 48 21 0 -999 -999 -999 
P14022 2083 3 8 0 8 0 0 0 0 0 0 0 0 0 0 0 0 0 19 0 0 0 0 22 31 0 33 0 24 31 0 0 0 
P14022 2083 4 0 14 0 0 14 0 0 27 5 0 0 0 0 0 25 23 0 0 0 0 0 0 0 0 0 0 25 0 0 0 -999 
P14022 2083 5 18 0 0 0 13 0 35 0 31 23 0 45 37 0 0 0 23 0 0 21 0 0 13 0 50 49 21 18 0 21 0 
P14022 2083 6 0 34 27 13 13 0 0 0 15 0 34 13 9 0 22 0 19 0 0 0 0 0 0 13 0 0 0 0 0 0 -999 
P14022 2083 7 29 31 27 0 28 0 0 0 15 0 0 18 0 0 0 0 0 22 0 0 0 25 0 0 0 0 0 0 0 0 0 
P14022 2083 8 0 0 0 0 0 0 0 0 0 0 0 12 0 0 0 0 8 0 9 0 0 0 0 0 0 0 0 15 15 22 0 
P14022 2083 9 0 0 0 0 22 17 6 0 0 0 0 10 0 13 0 0 13 0 0 0 17 0 0 0 0 0 0 0 0 0 -999 
P14022 2083 10 0 0 0 14 23 36 40 29 0 20 0 14 20 21 0 0 0 0 9 13 0 0 0 0 16 0 7 0 0 12 18 
P14022 2083 11 0 0 0 0 23 10 12 16 0 0 0 0 15 0 9 0 0 0 0 0 3 0 0 0 0 0 9 0 0 11 -999 
P14022 2083 12 38 35 12 0 0 0 5 8 0 7 4 0 0 0 25 0 0 3 3 0 0 0 0 3 0 0 0 0 0 2 0 
P14022 2084 1 0 4 0 0 0 0 0 2 0 5 1 0 0 0 0 0 0 6 0 0 0 10 0 0 0 22 25 0 0 0 0 
P14022 2084 2 14 0 0 0 0 0 7 0 11 19 0 0 0 7 0 0 0 0 0 0 0 0 0 0 5 0 0 0 -999 -999 -999 
P14022 2084 3 0 0 0 14 22 0 0 0 0 0 0 0 0 0 12 17 47 28 0 0 0 0 0 9 0 0 16 13 0 11 0 
P14022 2084 4 11 0 0 20 25 0 31 0 0 10 0 22 0 14 14 0 0 11 0 0 0 22 12 0 0 0 6 0 23 36 -999 
P14022 2084 5 16 0 0 15 0 0 23 27 0 0 0 0 11 22 0 0 0 0 19 0 0 18 0 0 0 0 36 0 47 0 0 
P14022 2084 6 6 0 0 0 0 0 0 0 0 0 32 0 0 0 0 0 0 0 0 0 0 0 15 8 0 0 0 0 0 0 -999 
P14022 2084 7 0 0 14 0 0 0 0 0 0 0 0 0 0 23 0 0 0 0 0 0 0 0 10 0 0 0 13 15 0 0 0 
P14022 2084 8 0 0 0 0 0 0 0 0 0 14 0 0 17 0 15 0 0 0 8 0 0 0 0 0 0 0 0 0 12 0 0 
P14022 2084 9 0 0 8 0 0 0 0 0 0 0 0 16 16 17 0 0 11 0 0 16 0 13 0 0 0 0 0 0 0 0 -999 
P14022 2084 10 0 0 0 0 0 0 0 0 10 0 0 0 0 0 0 29 0 7 0 0 0 7 0 6 0 0 14 0 21 0 0 
P14022 2084 11 7 14 27 28 16 0 14 0 25 28 0 0 0 0 0 15 10 0 10 10 0 0 0 0 0 0 0 0 17 14 -999 
P14022 2084 12 20 17 29 0 11 0 0 8 9 8 9 19 0 20 8 0 0 0 0 0 0 0 0 0 0 0 0 0 0 0 0 
P14022 2085 1 0 0 5 0 0 6 2 0 0 0 0 0 0 0 0 0 9 9 0 7 0 6 12 41 21 0 0 0 0 0 0 
P14022 2085 2 0 0 0 0 0 0 39 14 9 11 0 27 0 0 0 0 0 0 0 0 0 0 0 0 0 0 0 0 -999 -999 -999 
P14022 2085 3 0 0 0 5 0 0 0 0 0 33 27 24 34 14 0 21 0 4 0 0 6 9 5 8 0 0 0 0 0 0 0 
P14022 2085 4 2 0 0 0 0 0 0 0 0 21 19 33 26 21 0 22 33 0 0 0 0 0 0 0 0 0 0 7 8 16 -999 
P14022 2085 5 24 0 0 12 0 20 0 0 31 25 0 0 0 0 23 0 0 0 0 0 0 0 15 0 20 0 0 0 0 0 0 
P14022 2085 6 0 0 0 10 0 0 0 0 0 25 27 0 0 0 0 0 13 0 0 0 0 0 0 0 0 20 19 0 0 0 -999 
P14022 2085 7 0 17 0 0 0 0 0 0 0 15 0 0 0 0 0 0 0 0 0 17 21 0 0 0 0 0 0 0 0 0 0 
P14022 2085 8 0 0 0 0 0 0 0 0 0 0 0 13 13 13 0 0 0 12 12 0 0 0 10 0 13 14 15 0 0 0 0 
P14022 2085 9 0 0 16 0 27 0 0 0 0 16 17 23 0 11 8 0 0 0 3 0 0 0 0 0 0 12 20 29 0 0 -999 
P14022 2085 10 0 0 22 23 19 0 18 18 0 0 12 0 0 18 21 0 0 13 6 7 0 0 0 0 0 0 0 0 5 20 34 
P14022 2085 11 0 0 0 21 23 0 0 0 0 7 0 0 0 0 0 0 25 24 0 8 12 12 11 0 0 0 0 0 14 0 -999 
P14022 2085 12 14 22 10 0 12 0 50 22 0 0 0 0 0 0 0 0 0 0 0 0 10 23 26 23 0 0 0 0 0 3 0 
P14022 2086 1 0 0 0 5 0 0 3 5 0 0 0 0 0 0 0 0 3 22 0 0 0 0 0 0 0 0 0 0 4 0 8 
P14022 2086 2 0 0 14 0 0 0 16 0 31 0 0 0 24 0 0 0 16 0 1 0 0 0 0 0 0 2 1 0 -999 -999 -999 
P14022 2086 3 0 0 0 0 0 0 0 0 0 0 3 0 0 0 0 0 0 0 0 0 0 0 0 0 0 0 0 0 0 0 0 
P14022 2086 4 0 0 0 0 0 0 32 0 26 0 0 0 0 0 48 19 0 0 0 0 0 0 5 0 0 0 33 0 0 14 -999 
P14022 2086 5 0 27 12 22 28 27 0 0 0 0 11 13 21 10 8 13 0 0 0 0 12 0 0 10 14 0 0 0 0 0 0 
P14022 2086 6 0 0 0 0 19 0 0 0 0 0 0 0 0 0 0 21 0 0 0 0 0 22 19 10 12 0 0 0 0 11 -999 
P14022 2086 7 0 0 0 0 0 0 21 0 30 0 0 0 0 0 0 23 21 0 0 0 0 0 0 0 0 0 0 28 0 0 0 
P14022 2086 8 0 0 0 0 0 17 0 13 0 14 4 0 0 0 0 13 17 0 17 0 0 0 0 0 0 0 0 0 0 9 9 
P14022 2086 9 0 0 0 24 22 0 0 0 0 0 0 0 24 0 21 0 19 8 0 0 0 0 0 24 0 13 0 0 0 0 -999 
P14022 2086 10 0 0 0 21 18 10 0 7 9 0 0 34 21 0 0 0 9 16 0 0 0 0 0 0 0 0 0 0 4 0 0 
P14022 2086 11 0 0 19 0 15 0 0 0 14 0 0 65 0 0 19 16 0 0 0 46 32 0 0 0 0 0 0 8 10 0 -999 
P14022 2086 12 0 0 6 2 0 0 0 0 0 0 0 0 0 0 10 3 3 0 0 35 40 22 28 77 45 34 18 0 0 0 0 
P14022 2087 1 0 0 0 0 5 0 11 0 65 49 22 13 0 0 0 0 2 0 0 0 0 0 8 0 2 0 0 0 8 9 11 
P14022 2087 2 12 0 0 0 0 0 0 0 0 0 0 0 0 6 0 18 0 0 0 0 0 0 0 0 0 5 0 23 -999 -999 -999 
P14022 2087 3 28 38 28 12 5 0 0 0 0 13 0 0 25 16 14 13 13 10 11 0 0 0 46 47 29 0 0 0 11 0 0 
P14022 2087 4 0 0 7 0 0 0 16 0 0 0 0 0 0 0 0 59 55 25 0 0 0 0 24 30 21 0 0 0 0 0 -999 
P14022 2087 5 0 29 0 19 0 0 21 0 17 0 19 0 0 0 0 0 0 0 0 0 0 0 0 0 0 32 36 44 0 0 0 
P14022 2087 6 0 12 0 0 0 0 0 0 0 0 0 43 33 30 0 0 0 0 0 0 0 0 10 0 19 0 53 34 9 0 -999 
P14022 2087 7 0 20 22 0 20 11 0 0 0 0 5 0 7 0 0 0 0 15 0 16 0 0 0 0 0 0 0 0 18 0 0 
P14022 2087 8 0 0 0 0 0 23 0 0 0 0 0 14 0 0 0 0 0 0 0 0 0 0 0 0 15 0 0 0 0 0 0 
P14022 2087 9 0 0 0 14 0 0 0 0 0 0 0 0 0 0 0 0 0 0 0 0 0 0 0 0 0 0 0 0 0 0 -999 
P14022 2087 10 0 6 15 0 28 0 18 0 0 0 13 0 0 14 0 0 0 0 0 0 0 0 0 0 0 0 0 0 0 0 7 
P14022 2087 11 0 0 0 1 4 0 0 6 0 0 0 0 12 2 0 0 0 0 0 0 0 0 0 0 0 0 0 0 0 0 -999 
P14022 2087 12 0 0 15 23 0 0 0 0 10 0 0 0 0 2 0 0 0 0 0 0 0 0 12 21 0 0 28 0 17 0 0 
P14022 2088 1 0 2 0 0 2 0 0 0 0 0 0 0 0 0 0 0 0 2 0 0 0 0 0 0 0 3 5 9 5 0 0 
P14022 2088 2 0 6 0 0 0 0 20 0 0 0 0 0 0 0 0 5 0 0 0 0 0 0 6 7 0 0 0 0 -999 -999 -999 
P14022 2088 3 9 13 23 0 23 0 7 0 0 0 0 0 3 0 0 0 0 0 0 15 15 0 6 0 30 0 8 26 0 0 0 
P14022 2088 4 0 3 0 12 19 0 20 15 18 0 0 29 43 32 0 20 0 0 0 0 0 32 32 49 58 35 0 22 24 0 -999 
P14022 2088 5 23 0 0 0 30 18 0 0 36 0 23 23 0 0 0 0 0 18 34 30 11 0 0 0 0 0 0 4 13 0 0 
P14022 2088 6 0 0 0 10 14 0 0 0 0 0 16 14 22 0 0 0 0 0 0 0 0 18 0 0 17 17 0 0 0 0 -999 
P14022 2088 7 0 0 0 13 13 0 0 0 42 0 0 0 0 0 0 0 0 0 0 0 0 0 0 27 29 0 0 0 17 0 0 
P14022 2088 8 0 0 0 0 21 0 0 26 0 0 0 0 0 0 0 0 0 28 22 0 0 0 0 0 0 0 0 16 0 0 0 
P14022 2088 9 0 0 0 0 0 0 17 19 0 0 0 0 0 0 0 28 22 0 0 0 0 3 0 0 0 0 0 0 0 0 -999 
P14022 2088 10 7 0 7 0 0 0 0 0 29 23 17 40 24 0 20 0 0 0 0 0 15 0 0 0 10 19 25 20 0 0 0 
P14022 2088 11 0 0 6 0 6 0 0 3 0 0 7 0 17 17 0 0 0 25 24 0 0 0 0 1 0 0 0 0 0 0 -999 
P14022 2088 12 0 0 0 0 0 7 0 5 0 0 0 0 0 0 2 0 0 0 0 0 0 0 0 0 0 0 5 0 0 0 0 
P14022 2089 1 0 0 0 0 13 19 0 0 0 23 34 25 0 30 8 0 0 0 0 0 0 0 0 0 0 0 0 0 0 2 0 
P14022 2089 2 9 16 27 0 9 13 26 0 57 0 4 0 17 36 0 2 0 0 0 0 0 0 0 0 0 0 0 0 -999 -999 -999 
P14022 2089 3 8 0 21 38 17 0 0 0 0 31 13 4 8 0 37 30 27 66 36 0 0 4 0 7 0 0 0 0 0 16 25 
P14022 2089 4 27 0 13 0 0 0 0 10 25 0 0 0 0 0 0 0 0 0 10 0 43 53 22 11 27 50 0 0 9 0 -999 
P14022 2089 5 29 18 0 0 0 8 0 23 27 0 0 0 0 4 0 8 0 40 12 0 0 0 0 0 0 32 0 0 0 0 13 
P14022 2089 6 0 0 0 0 0 0 0 0 0 10 7 0 18 0 0 0 0 0 0 0 0 0 0 8 0 0 0 0 0 0 -999 
P14022 2089 7 0 16 0 0 0 0 10 15 0 0 21 14 0 0 0 0 29 0 0 0 0 13 0 0 0 0 0 25 0 0 0 
P14022 2089 8 0 0 0 0 0 0 0 22 30 0 0 11 0 0 0 16 0 0 0 0 0 0 0 0 0 0 0 18 0 0 0 
P14022 2089 9 0 0 0 0 0 0 0 0 0 0 0 0 8 0 0 0 26 25 0 0 0 0 0 0 0 0 0 0 0 0 -999 
P14022 2089 10 0 0 0 0 0 0 0 0 0 10 0 12 0 17 0 0 0 0 0 0 0 0 0 0 0 10 0 0 0 0 7 
P14022 2089 11 0 0 0 0 0 0 0 0 0 0 0 0 0 16 0 0 0 6 6 0 0 0 0 0 0 14 0 0 0 0 -999 
P14022 2089 12 0 0 0 0 0 0 18 18 0 10 29 10 0 0 0 0 0 1 0 19 20 0 0 0 0 0 0 0 0 0 0 
P14022 2090 1 0 0 0 0 0 16 0 0 0 9 0 0 0 0 0 0 0 0 0 0 0 0 0 0 0 0 0 0 0 0 0 
P14022 2090 2 0 0 0 0 9 22 23 13 0 0 0 0 4 0 0 0 0 0 0 0 0 0 0 24 12 0 0 24 -999 -999 -999 
P14022 2090 3 39 0 0 9 0 0 0 0 0 0 0 12 18 0 22 0 13 0 0 35 36 0 17 0 21 34 0 0 0 23 25 
P14022 2090 4 0 18 22 37 0 0 28 24 0 0 15 14 0 0 25 0 33 0 4 0 0 0 4 0 0 27 0 0 0 0 -999 
P14022 2090 5 0 13 0 0 24 0 0 0 10 0 10 0 0 0 46 0 21 0 23 0 0 29 0 0 0 0 0 0 21 0 27 
P14022 2090 6 32 21 18 0 0 0 0 0 0 0 0 0 0 0 0 23 21 0 0 11 0 12 0 0 0 0 0 0 0 0 -999 
P14022 2090 7 7 0 0 0 0 0 0 0 0 0 0 0 0 0 0 23 0 0 0 0 0 0 0 13 0 0 0 17 19 0 22 
P14022 2090 8 20 0 0 0 0 0 0 0 0 16 0 0 0 0 0 0 0 0 0 0 0 0 12 0 0 0 0 13 0 0 0 
P14022 2090 9 0 6 0 0 0 0 0 11 0 0 9 0 17 24 0 0 0 0 0 0 0 0 0 0 0 0 0 0 9 11 -999 
P14022 2090 10 0 18 0 8 18 30 0 0 0 10 0 0 0 0 0 0 34 23 5 5 5 0 11 0 0 0 11 0 15 17 20 
P14022 2090 11 45 0 0 0 0 0 14 9 0 0 0 0 10 5 20 35 0 12 13 3 0 0 9 9 12 35 47 12 0 0 -999 
P14022 2090 12 0 0 21 0 0 16 21 17 0 7 0 0 2 0 7 4 0 0 0 0 11 0 2 0 0 0 0 12 0 0 0 
P14022 2091 1 1 0 0 0 0 0 6 0 0 0 0 0 3 0 0 0 9 0 12 0 4 0 0 0 0 0 0 2 0 0 0 
P14022 2091 2 0 8 0 0 11 0 0 8 0 0 0 0 0 0 0 0 0 0 76 43 0 0 37 30 0 15 30 0 -999 -999 -999 
P14022 2091 3 16 0 0 0 5 0 16 0 0 0 0 0 0 0 0 0 0 16 0 0 4 5 0 0 0 0 14 24 8 0 0 
P14022 2091 4 0 0 0 0 0 0 0 0 56 64 37 0 0 0 0 0 0 39 84 46 0 26 0 0 0 0 0 0 0 0 -999 
P14022 2091 5 0 0 51 0 0 25 0 0 0 8 0 0 0 0 0 0 9 0 0 0 0 0 0 0 0 0 0 16 0 0 14 
P14022 2091 6 20 0 0 0 0 0 0 0 0 0 0 0 0 0 28 0 26 20 0 0 0 0 0 0 6 0 13 0 0 0 -999 
P14022 2091 7 0 19 11 14 24 0 0 35 0 0 0 0 0 0 10 0 16 0 26 18 0 0 0 22 0 15 0 0 0 0 0 
P14022 2091 8 0 0 0 0 0 0 0 13 0 0 0 0 0 0 19 22 0 0 26 0 0 17 0 20 34 0 0 9 0 0 0 
P14022 2091 9 0 0 0 9 0 0 0 11 0 0 0 0 0 0 16 9 0 0 0 0 45 33 19 0 0 8 0 0 0 0 -999 
P14022 2091 10 13 0 0 0 0 0 0 18 0 0 0 0 35 0 0 0 27 0 0 10 0 9 0 0 0 0 13 25 47 28 23 
P14022 2091 11 35 0 0 0 12 14 16 0 0 0 0 0 0 27 0 17 0 0 0 4 2 0 0 33 31 0 0 0 0 3 -999 
P14022 2091 12 0 23 0 0 0 7 0 0 0 0 0 1 0 7 0 4 0 0 0 0 3 0 0 6 0 0 0 0 0 9 0 
P14022 2092 1 0 0 2 0 2 0 0 0 0 0 0 11 45 0 0 0 0 19 0 42 0 40 0 18 18 0 0 16 0 18 0 
P14022 2092 2 0 0 29 20 0 16 40 21 0 0 32 18 0 17 0 20 15 14 23 7 21 0 3 0 1 0 0 12 -999 -999 -999 
P14022 2092 3 0 30 28 2 0 4 0 16 0 0 0 0 0 0 27 32 0 25 0 0 18 20 0 33 27 34 25 8 0 0 19 
P14022 2092 4 20 0 27 0 0 0 10 26 0 0 0 0 53 28 0 0 0 0 17 0 0 0 15 0 20 22 27 46 31 0 -999 
P14022 2092 5 32 0 16 0 0 0 0 35 0 0 0 0 0 6 0 10 0 27 0 0 8 0 0 0 0 0 0 0 0 14 23 
P14022 2092 6 0 0 0 0 0 0 0 0 19 0 5 0 0 0 17 0 0 0 25 0 0 0 22 31 18 13 0 0 0 26 -999 
P14022 2092 7 0 0 0 0 0 0 0 0 0 0 0 0 15 13 15 0 27 23 19 0 17 0 0 0 0 0 0 0 0 0 0 
P14022 2092 8 9 0 0 0 0 0 0 11 10 0 13 0 0 0 0 0 25 0 0 0 0 0 0 11 0 0 0 41 24 0 0 
P14022 2092 9 0 0 0 0 0 0 0 0 0 0 23 0 0 0 0 0 0 0 0 0 0 19 0 7 0 0 0 0 13 0 -999 
P14022 2092 10 0 0 0 0 0 0 0 0 17 14 0 0 26 0 9 0 0 0 10 18 0 0 2 0 0 0 0 0 3 0 0 
P14022 2092 11 0 0 17 0 0 25 27 23 12 0 0 0 39 0 0 12 0 6 0 6 0 0 0 0 22 0 0 0 0 0 -999 
P14022 2092 12 0 0 16 0 0 0 0 0 9 0 0 0 0 0 0 0 0 4 0 0 0 12 0 19 0 0 15 8 15 28 17 
P14022 2093 1 34 40 50 30 11 0 0 7 0 0 0 7 8 0 15 25 16 0 29 4 0 0 0 0 0 0 0 0 0 0 15 
P14022 2093 2 21 0 0 0 0 0 0 5 0 0 5 0 0 0 0 0 21 21 0 32 22 13 16 0 0 0 0 0 -999 -999 -999 
P14022 2093 3 10 15 0 53 34 0 14 0 16 0 43 43 23 0 8 11 0 0 0 15 8 6 0 0 0 0 11 0 12 0 11 
P14022 2093 4 0 8 12 0 0 0 0 0 8 0 24 19 0 0 0 0 0 16 0 4 0 47 0 0 22 45 0 26 0 0 -999 
P14022 2093 5 0 0 36 22 15 15 0 0 13 0 0 9 0 0 0 0 0 15 0 0 20 23 23 0 14 26 11 0 0 0 32 
P14022 2093 6 32 21 17 14 0 15 0 0 40 0 0 0 0 52 0 0 13 0 0 0 0 0 0 0 0 16 7 0 21 26 -999 
P14022 2093 7 0 0 0 0 7 0 0 23 0 11 0 0 0 0 11 0 10 0 0 0 0 21 0 14 0 0 0 0 0 0 0 
P14022 2093 8 0 0 0 0 0 0 0 0 0 0 0 0 0 0 0 0 0 0 0 18 0 0 0 0 0 0 0 0 0 0 0 
P14022 2093 9 0 0 11 0 0 17 18 0 0 3 0 0 9 17 20 17 0 0 0 0 24 0 0 12 0 0 0 12 0 0 -999 
P14022 2093 10 12 0 0 0 0 0 15 0 14 0 0 0 10 17 23 25 32 15 7 0 0 0 0 0 7 9 19 12 0 0 6 
P14022 2093 11 8 0 0 11 0 0 0 0 0 0 0 0 0 0 0 0 0 0 0 0 0 0 0 0 0 0 0 0 0 0 -999 
P14022 2093 12 0 0 0 0 0 0 0 0 0 0 0 0 0 0 0 0 0 0 5 0 0 0 0 0 0 0 0 0 0 0 0 
P14022 2094 1 0 6 0 0 0 0 4 0 0 10 7 0 0 0 0 0 0 13 18 29 30 0 0 0 0 32 0 0 0 5 0 
P14022 2094 2 0 0 21 23 18 0 0 0 0 2 1 0 0 0 0 0 0 0 0 4 0 4 0 0 0 0 0 0 -999 -999 -999 
P14022 2094 3 0 0 0 0 0 13 0 0 0 0 0 0 0 0 0 9 0 0 0 11 0 0 11 11 10 0 0 0 0 28 0 
P14022 2094 4 23 0 23 0 0 0 0 0 8 8 0 27 0 0 11 14 12 9 0 0 0 0 24 0 14 0 0 0 31 28 -999 
P14022 2094 5 0 0 0 0 0 14 0 0 0 0 0 0 0 0 0 0 0 0 0 5 0 0 7 0 11 10 4 5 5 0 0 
P14022 2094 6 0 8 0 0 17 0 0 0 0 0 0 20 35 27 0 0 0 0 0 0 7 0 0 0 33 0 10 0 0 0 -999 
P14022 2094 7 12 0 0 0 0 0 23 0 0 0 0 0 9 0 0 0 0 20 0 22 23 0 0 0 0 0 0 0 0 0 0 
P14022 2094 8 0 0 0 0 0 0 8 0 0 0 0 0 0 0 0 17 0 0 0 21 0 0 26 0 0 7 0 0 12 0 0 
P14022 2094 9 0 0 0 25 16 10 0 0 0 0 0 0 0 0 18 0 0 0 0 0 10 12 21 16 0 0 0 0 0 0 -999 
P14022 2094 10 0 0 0 12 0 0 9 0 0 0 0 12 17 15 0 0 15 22 0 22 34 26 0 46 0 21 0 26 0 0 0 
P14022 2094 11 0 0 0 0 2 0 0 0 0 0 7 0 9 0 11 0 0 0 0 0 0 0 0 0 0 16 0 0 23 32 -999 
P14022 2094 12 0 0 0 0 0 0 0 0 0 0 0 0 0 0 5 0 0 5 0 0 0 0 0 0 0 0 0 0 0 0 9 
P14022 2095 1 14 0 0 13 0 9 0 0 0 0 0 0 0 0 0 0 0 0 0 0 0 0 0 13 0 16 0 11 8 8 0 
P14022 2095 2 0 14 9 0 0 0 0 0 0 0 0 0 0 0 0 0 0 0 0 0 0 0 0 0 0 0 0 0 -999 -999 -999 
P14022 2095 3 0 0 0 0 0 0 0 0 10 0 0 3 0 0 0 0 0 0 0 0 0 0 0 0 0 15 34 26 19 17 15 
P14022 2095 4 21 28 34 32 28 0 0 0 0 9 14 0 19 0 0 21 0 0 0 0 20 0 49 0 0 0 0 0 0 0 -999 
P14022 2095 5 0 0 0 6 0 3 0 0 0 0 0 0 0 0 0 11 0 0 0 19 0 0 0 0 0 0 7 7 9 19 0 
P14022 2095 6 0 10 23 0 0 0 65 0 25 16 23 0 0 20 0 14 15 0 0 40 36 0 0 0 0 0 0 0 10 0 -999 
P14022 2095 7 32 34 16 0 0 9 0 0 0 0 27 13 9 0 0 24 0 0 23 0 0 0 0 0 17 0 0 0 0 0 35 
P14022 2095 8 0 18 0 0 0 0 0 0 0 0 17 0 0 14 0 0 0 0 0 0 8 0 0 0 21 0 0 0 0 0 0 
P14022 2095 9 15 0 0 0 0 5 0 0 0 0 0 0 0 14 0 0 0 0 8 0 0 0 0 14 20 33 0 19 0 0 -999 
P14022 2095 10 0 0 0 0 0 14 4 8 0 0 0 0 0 0 20 0 0 0 0 0 0 0 0 0 0 0 10 0 0 0 0 
P14022 2095 11 0 0 0 12 0 0 0 21 0 23 27 0 0 0 10 10 0 0 0 0 0 0 21 44 42 16 10 0 0 0 -999 
P14022 2095 12 2 0 5 0 0 0 1 0 25 0 0 0 3 13 22 39 17 0 0 0 12 9 0 0 18 54 0 0 5 0 0 
P14022 2096 1 22 0 0 0 0 10 0 8 21 15 0 0 7 27 30 0 0 0 0 0 0 0 0 0 0 0 0 0 0 14 0 
P14022 2096 2 0 12 22 17 0 0 0 3 0 3 0 0 0 0 0 30 0 0 0 0 0 0 0 0 2 0 0 0 -999 -999 -999 
P14022 2096 3 0 0 13 0 0 5 6 0 0 0 0 0 0 0 0 0 0 0 0 9 0 24 27 0 0 8 0 0 0 23 0 
P14022 2096 4 13 9 4 0 0 0 0 0 0 0 0 0 0 0 0 0 0 37 60 0 24 0 8 0 0 0 0 0 0 0 -999 
P14022 2096 5 16 17 18 0 0 21 0 18 0 0 0 0 0 0 8 8 0 0 0 0 0 14 16 0 19 0 22 22 21 18 13 
P14022 2096 6 0 0 0 20 0 29 28 0 0 0 0 0 0 7 0 31 19 0 0 0 0 0 0 0 0 0 0 0 0 0 -999 
P14022 2096 7 0 0 0 0 26 10 0 0 22 0 0 15 0 0 0 0 0 0 25 21 0 10 14 0 0 0 0 0 21 0 0 
P14022 2096 8 0 0 0 19 30 0 12 0 0 0 31 0 0 0 0 0 0 0 0 0 0 0 0 0 0 0 0 0 0 27 0 
P14022 2096 9 0 0 0 0 0 0 0 0 0 0 40 0 0 0 0 0 0 11 0 0 0 0 0 11 0 4 0 0 0 11 -999 
P14022 2096 10 0 16 0 6 10 0 0 0 1 0 0 9 0 0 0 0 0 26 0 27 20 0 28 6 1 0 0 0 0 0 0 
P14022 2096 11 0 0 0 2 0 0 0 0 0 0 0 0 0 0 13 0 0 0 0 0 0 0 0 0 0 0 0 0 0 0 -999 
P14022 2096 12 0 0 0 5 6 4 0 0 0 0 0 0 0 0 11 0 0 16 2 0 0 0 0 0 0 0 0 0 0 0 0 
P14022 2097 1 0 17 0 0 0 6 0 0 0 0 0 0 0 0 0 0 0 0 0 0 0 30 17 0 0 0 0 13 0 16 0 
P14022 2097 2 0 0 0 31 29 20 0 0 0 9 0 0 0 0 0 0 0 0 0 0 0 0 0 0 4 0 11 0 -999 -999 -999 
P14022 2097 3 23 0 40 59 24 11 36 25 0 0 0 0 0 0 0 0 1 3 0 0 0 4 0 0 0 17 13 8 0 42 9 
P14022 2097 4 0 0 0 6 0 0 0 0 28 38 50 0 29 26 0 14 0 0 29 0 27 0 0 0 0 31 0 0 14 0 -999 
P14022 2097 5 0 0 0 11 0 0 0 0 12 0 6 6 8 0 0 0 30 36 0 0 31 36 33 40 0 0 0 0 0 0 0 
P14022 2097 6 0 0 0 32 0 14 11 14 0 21 15 0 0 0 0 0 12 0 0 0 22 23 24 0 20 0 0 0 0 0 -999 
P14022 2097 7 18 0 19 19 0 29 0 0 20 0 27 26 0 27 13 0 0 0 0 0 0 0 0 0 15 0 0 0 12 0 0 
P14022 2097 8 0 0 14 0 0 0 0 0 0 0 0 0 0 13 0 0 0 0 0 0 0 0 0 27 0 0 0 0 0 0 16 
P14022 2097 9 10 0 0 0 0 0 0 0 22 0 34 0 0 0 17 0 0 0 10 0 0 0 0 14 0 0 0 0 0 0 -999 
P14022 2097 10 0 35 0 0 0 0 0 0 0 0 0 0 0 0 15 17 0 37 36 0 10 0 17 0 0 0 0 0 0 0 0 
P14022 2097 11 0 0 0 5 0 0 0 0 0 0 2 0 0 0 0 0 0 0 0 0 0 0 7 16 0 0 5 4 0 0 -999 
P14022 2097 12 14 16 8 0 0 0 0 0 0 0 0 0 0 0 0 0 0 0 0 0 0 0 0 0 0 0 0 0 0 10 7 
P14022 2098 1 15 0 6 0 23 13 0 0 0 4 0 0 11 25 28 18 0 0 0 0 0 0 0 0 0 0 6 0 10 0 0 
P14022 2098 2 0 0 0 0 0 0 0 0 6 0 14 0 0 0 6 7 0 0 0 7 0 0 0 0 0 0 0 5 -999 -999 -999 
P14022 2098 3 0 0 0 16 0 0 35 0 0 0 6 4 0 0 0 0 22 0 0 5 0 0 0 3 4 8 17 0 0 5 0 
P14022 2098 4 0 0 0 0 0 13 0 0 0 0 0 0 0 0 0 0 0 0 2 0 0 0 0 33 0 0 0 0 0 0 -999 
P14022 2098 5 0 0 17 0 0 80 38 0 0 0 33 26 0 0 0 24 0 0 0 16 16 18 14 0 0 0 0 0 0 0 0 
P14022 2098 6 0 0 0 0 0 18 13 22 24 19 0 0 0 21 0 0 0 0 10 0 0 0 0 0 0 29 0 0 14 0 -999 
P14022 2098 7 21 0 0 0 0 0 22 0 0 28 30 0 0 24 0 28 0 0 25 0 0 19 23 0 0 0 0 0 0 23 0 
P14022 2098 8 0 32 23 0 0 0 0 20 0 0 13 0 0 0 0 0 0 25 22 0 0 20 0 13 0 0 0 0 0 0 0 
P14022 2098 9 0 24 0 0 0 0 0 0 8 10 0 0 10 0 0 0 0 0 0 0 0 0 0 0 0 0 13 0 0 0 -999 
P14022 2098 10 6 0 3 0 0 0 0 0 0 0 0 0 0 0 0 0 29 25 0 0 0 0 0 0 0 8 10 12 0 0 0 
P14022 2098 11 9 0 0 0 0 4 0 0 0 0 0 0 0 0 11 0 7 0 13 0 0 0 0 10 0 0 0 0 4 0 -999 
P14022 2098 12 0 0 0 3 0 0 0 0 0 0 0 0 0 0 0 0 0 6 4 0 0 0 5 0 0 0 0 0 0 0 0 
P14022 2099 1 0 6 0 0 0 0 0 0 0 0 0 0 35 58 0 0 0 0 0 0 0 0 0 39 0 6 7 0 0 0 0 
P14022 2099 2 0 0 0 5 0 0 0 0 7 0 0 0 3 4 0 0 0 0 0 6 0 0 30 0 29 27 10 0 -999 -999 -999 
P14022 2099 3 0 0 18 0 0 12 13 0 0 0 0 0 9 22 0 32 31 21 36 26 31 15 0 0 0 24 24 27 0 10 20 
P14022 2099 4 0 0 21 16 0 0 0 0 0 2 0 0 1 0 11 0 0 0 0 0 0 0 19 21 0 0 21 0 0 19 -999 
P14022 2099 5 0 45 0 0 9 0 0 11 11 17 0 0 0 2 0 0 0 0 10 25 28 0 16 42 0 10 14 0 0 0 0 
P14022 2099 6 2 0 7 0 0 0 0 0 15 0 0 0 0 0 12 0 0 0 42 0 29 26 0 0 26 0 13 0 0 18 -999 
P14022 2099 7 0 0 0 0 21 0 0 17 0 0 27 0 31 0 16 0 0 0 0 0 18 27 0 0 25 0 0 0 11 0 0 
P14022 2099 8 0 0 0 0 0 0 16 0 0 0 0 29 0 0 0 0 0 0 0 12 0 0 22 19 0 0 0 0 0 0 0 
P14022 2099 9 0 0 0 0 0 0 13 0 0 26 27 17 11 7 0 0 0 10 0 0 0 0 0 0 0 0 5 0 0 0 -999 
P14022 2099 10 7 9 0 11 0 17 0 10 27 0 0 24 0 0 8 0 0 0 4 0 0 0 0 0 13 23 0 0 0 6 0 
P14022 2099 11 0 0 0 0 0 10 0 5 0 0 0 0 0 6 0 11 11 0 0 0 7 0 4 0 14 11 44 49 73 28 -999 
P14022 2099 12 6 6 0 0 10 30 40 15 0 18 17 0 0 2 0 0 0 0 4 4 0 0 0 0 0 0 32 32 15 21 0 
P14022 2100 1 0 0 0 3 0 0 4 8 10 0 0 12 18 18 0 11 0 0 7 0 0 0 0 0 0 0 0 0 0 0 0 
P14022 2100 2 0 0 12 6 0 0 0 0 0 7 0 0 0 0 0 0 0 0 22 44 43 29 0 0 0 0 0 0 -999 -999 -999 
P14022 2100 3 0 0 0 0 0 15 25 23 16 15 0 24 58 0 0 0 6 0 0 0 15 0 0 0 32 29 0 40 0 63 31 
P14022 2100 4 0 0 26 27 0 0 0 0 0 0 0 23 26 12 20 0 0 24 0 0 28 0 7 0 0 0 0 7 13 0 -999 
P14022 2100 5 12 10 0 0 0 0 0 0 17 29 0 0 0 0 0 0 17 0 0 21 0 0 0 33 23 0 16 17 0 0 0 
P14022 2100 6 14 14 0 0 0 0 0 0 0 0 0 0 29 31 0 0 9 0 0 0 10 14 0 0 0 17 0 0 0 8 -999 
P14022 2100 7 0 0 0 0 0 0 18 0 0 10 0 0 0 13 0 14 12 0 0 0 0 0 0 0 0 0 0 19 0 0 0 
P14022 2100 8 24 0 0 18 0 0 0 12 0 18 0 0 0 0 0 0 17 6 0 0 17 0 0 0 0 19 0 0 0 0 0 
P14022 2100 9 14 11 0 9 0 0 8 0 0 12 14 0 13 0 0 11 6 0 0 0 0 14 0 0 0 11 0 0 0 0 -999 
P14022 2100 10 0 0 0 0 19 0 0 41 0 0 26 31 15 16 20 13 0 0 0 15 15 0 49 34 0 0 3 0 0 0 0 
P14022 2100 11 0 0 0 0 0 0 21 0 0 0 0 0 21 0 23 0 0 23 0 10 14 27 0 12 16 15 11 0 0 0 -999 
P14022 2100 12 0 4 0 0 7 0 0 2 0 0 0 0 0 0 0 0 0 0 0 0 0 0 0 0 0 0 0 0 0 0 0 
