precip	MIROC5	RCP60	REGRESION	decimas	1
P291	36.800	-6.000	182	geo	2006	2100	-1
P291 2006 1 0 7 8 0 7 0 16 0 0 0 21 181 180 38 77 157 125 110 97 0 0 0 19 0 0 0 0 0 0 44 0 
P291 2006 2 0 106 28 0 0 0 0 0 0 0 0 23 54 74 53 16 0 0 22 0 0 11 9 8 0 3 0 0 -999 -999 -999 
P291 2006 3 52 77 124 155 130 125 108 127 64 97 130 0 0 27 39 86 209 213 108 51 76 53 0 0 39 42 0 56 77 51 87 
P291 2006 4 21 0 45 0 0 0 38 90 0 0 0 0 0 0 0 0 0 11 0 0 0 0 0 0 0 0 51 41 40 0 -999 
P291 2006 5 21 26 0 38 35 58 19 0 0 0 0 0 0 0 0 0 0 0 13 18 0 4 0 0 0 0 0 0 0 0 0 
P291 2006 6 0 0 0 0 0 0 0 0 0 6 4 5 0 0 0 0 0 0 0 11 0 0 0 0 0 0 0 0 0 0 -999 
P291 2006 7 0 0 0 0 0 12 11 0 0 0 0 0 0 0 0 0 0 0 0 0 0 0 0 0 0 0 0 0 0 0 0 
P291 2006 8 0 0 0 0 0 0 0 0 0 0 0 0 0 0 0 6 0 0 0 0 0 6 0 0 0 0 0 5 7 0 0 
P291 2006 9 0 12 16 29 18 0 0 0 0 0 0 0 0 0 0 0 0 0 0 0 0 0 0 0 0 0 0 0 0 0 -999 
P291 2006 10 0 0 0 0 0 0 0 0 0 0 0 0 0 0 18 16 0 0 0 0 0 0 0 0 0 0 0 0 0 0 0 
P291 2006 11 15 26 0 14 0 0 45 39 0 0 0 0 0 0 0 0 3 0 4 0 21 0 35 0 0 3 0 0 0 2 -999 
P291 2006 12 0 0 0 0 0 11 36 137 123 83 45 55 59 0 107 161 25 0 0 0 0 50 140 65 63 71 0 42 0 38 19 
P291 2007 1 0 23 0 0 0 0 0 0 0 0 0 0 0 0 0 0 0 0 11 0 0 0 8 8 17 0 8 16 15 20 18 
P291 2007 2 0 0 15 0 8 0 43 163 245 155 30 31 10 0 0 0 38 61 0 30 68 62 0 0 33 40 39 34 -999 -999 -999 
P291 2007 3 0 47 0 93 84 42 21 17 0 0 0 0 50 64 29 0 0 0 0 38 0 0 0 0 0 0 11 0 0 0 0 
P291 2007 4 0 0 0 0 0 0 0 2 0 0 0 54 51 0 8 12 0 46 55 0 45 19 25 46 0 0 0 0 0 0 -999 
P291 2007 5 0 0 0 24 70 12 0 0 0 0 0 0 0 30 20 0 0 0 0 20 0 0 0 0 0 0 5 0 0 0 0 
P291 2007 6 25 12 12 0 18 0 0 0 0 0 0 0 0 13 0 0 0 0 0 0 0 0 0 10 0 0 0 0 0 12 -999 
P291 2007 7 10 0 0 0 0 0 0 0 0 13 0 21 0 0 0 0 0 0 0 0 0 0 0 0 0 0 0 0 0 0 0 
P291 2007 8 0 0 0 0 0 0 0 0 0 0 0 0 0 0 0 0 0 0 0 0 0 0 0 0 0 0 0 0 0 0 0 
P291 2007 9 0 0 0 0 0 0 0 0 0 7 0 0 0 8 0 0 0 0 0 0 0 0 0 0 0 0 4 0 0 0 -999 
P291 2007 10 0 0 0 0 0 0 0 0 0 15 11 0 49 0 17 0 0 57 0 0 0 46 46 42 15 11 24 0 5 0 0 
P291 2007 11 0 0 5 0 0 0 2 0 0 32 0 33 0 0 0 0 0 0 0 0 0 0 2 0 1 9 36 0 0 0 -999 
P291 2007 12 7 7 0 20 0 0 26 0 8 0 0 0 0 3 0 0 56 0 0 0 0 0 15 17 0 0 0 19 0 0 0 
P291 2008 1 13 17 12 38 0 1 0 0 2 0 7 0 0 0 57 0 26 0 0 30 110 112 48 0 54 140 206 91 67 87 115 
P291 2008 2 236 0 117 45 33 51 61 101 18 0 112 0 18 0 38 56 62 62 56 131 9 0 0 0 0 27 0 0 -999 -999 -999 
P291 2008 3 0 0 0 0 0 0 0 0 0 0 0 0 0 0 0 0 0 0 0 0 0 0 0 0 0 0 0 0 0 0 0 
P291 2008 4 0 0 0 0 0 1 0 0 0 0 0 0 0 0 72 39 29 19 7 0 7 0 0 6 0 0 0 0 0 13 -999 
P291 2008 5 0 0 0 0 0 8 0 0 0 0 47 0 0 36 21 0 0 0 0 44 34 45 62 0 0 0 0 0 0 18 8 
P291 2008 6 0 0 0 0 0 0 0 0 0 0 0 0 12 0 0 0 0 0 0 0 0 0 0 0 0 0 0 0 0 0 -999 
P291 2008 7 0 0 0 0 0 0 0 0 0 0 0 0 0 0 0 0 0 0 0 0 0 0 0 0 0 0 0 0 0 0 0 
P291 2008 8 0 0 0 0 0 0 0 0 0 6 4 0 0 0 0 0 0 0 0 0 0 8 0 0 0 0 0 0 0 0 0 
P291 2008 9 0 0 0 0 0 0 0 0 0 0 0 25 0 0 0 0 10 0 0 0 0 0 0 0 0 9 0 0 0 0 -999 
P291 2008 10 0 0 0 0 0 0 0 0 4 0 0 0 28 0 0 2 2 0 0 0 0 0 0 0 0 0 35 23 18 0 0 
P291 2008 11 17 0 22 0 0 0 0 0 0 2 20 4 0 0 0 0 0 29 0 0 0 0 5 0 0 1 0 0 0 0 -999 
P291 2008 12 0 0 0 0 2 0 0 0 0 29 34 0 0 21 0 4 12 8 0 0 6 0 0 0 0 0 30 0 0 0 0 
P291 2009 1 0 0 0 0 0 0 0 0 0 0 0 0 13 13 0 0 0 0 0 0 3 4 0 0 0 0 0 0 0 6 0 
P291 2009 2 10 8 9 0 10 0 0 0 1 0 0 0 5 0 0 0 0 0 0 1 0 0 0 1 9 6 0 0 -999 -999 -999 
P291 2009 3 43 58 64 40 39 0 0 65 0 23 0 0 0 0 25 0 70 59 0 0 0 0 0 0 26 83 82 102 121 0 30 
P291 2009 4 0 97 22 22 44 69 0 10 0 6 0 23 22 0 0 0 0 0 0 0 13 11 6 0 0 2 7 18 40 62 -999 
P291 2009 5 0 0 16 21 0 0 22 21 30 44 0 16 0 0 0 0 1 3 0 0 23 0 0 21 0 5 0 0 0 0 0 
P291 2009 6 0 0 0 0 18 0 0 0 10 0 0 0 0 0 0 15 0 0 2 0 0 0 0 0 0 0 0 0 0 0 -999 
P291 2009 7 0 0 0 0 0 0 0 0 0 0 0 23 0 6 0 0 0 0 0 0 0 0 0 0 0 0 0 0 0 0 0 
P291 2009 8 0 0 0 0 0 0 0 0 0 0 0 0 0 0 0 0 0 0 0 0 0 0 18 17 0 0 0 0 0 0 0 
P291 2009 9 0 0 0 0 0 0 0 0 0 0 0 0 0 0 0 0 0 0 0 0 0 0 0 12 0 0 0 0 0 0 -999 
P291 2009 10 0 0 0 0 0 0 0 0 0 0 22 18 0 0 0 0 0 0 13 13 17 0 0 43 18 9 0 0 0 0 0 
P291 2009 11 0 0 0 0 0 0 0 0 0 0 0 0 0 0 0 0 19 0 0 0 0 24 55 49 0 0 0 0 0 25 -999 
P291 2009 12 0 0 39 20 44 49 100 20 34 81 57 0 0 0 0 0 12 43 23 0 0 9 0 0 32 57 86 81 0 0 0 
P291 2010 1 23 19 0 119 51 26 13 17 0 17 0 0 0 0 12 14 15 16 0 24 0 0 0 0 0 0 0 8 0 17 0 
P291 2010 2 0 0 9 0 0 18 9 0 2 1 0 0 0 0 1 0 0 0 0 0 0 0 0 6 0 0 3 0 -999 -999 -999 
P291 2010 3 0 0 4 0 0 24 42 0 107 77 0 0 6 0 12 0 13 30 61 22 0 0 0 0 0 0 0 0 0 0 0 
P291 2010 4 0 38 0 0 0 12 0 33 0 0 0 28 19 22 86 50 0 0 0 34 26 0 0 10 23 0 0 0 0 19 -999 
P291 2010 5 13 8 26 41 0 0 0 0 0 0 0 0 16 16 0 28 0 11 7 1 0 0 0 0 20 43 39 16 17 14 9 
P291 2010 6 0 28 23 0 0 0 0 0 0 0 0 0 0 0 0 0 0 0 5 5 0 0 0 0 0 0 0 0 0 9 -999 
P291 2010 7 0 0 0 0 0 0 0 0 10 0 0 0 0 0 0 0 0 0 0 0 0 0 0 0 0 0 0 0 0 0 0 
P291 2010 8 0 0 0 7 0 0 0 0 0 0 0 0 0 0 0 0 0 0 0 0 0 0 0 0 0 0 0 0 0 0 0 
P291 2010 9 0 0 15 0 0 0 0 0 0 0 0 16 0 9 0 0 0 0 0 0 0 0 0 0 18 0 0 0 0 0 -999 
P291 2010 10 0 0 0 0 0 0 0 20 0 46 48 0 38 41 0 0 0 0 0 13 22 0 0 0 11 8 0 4 8 0 0 
P291 2010 11 0 0 0 0 7 0 0 0 0 0 0 0 0 0 0 0 0 0 0 0 0 0 0 0 4 0 0 0 0 0 -999 
P291 2010 12 0 2 0 0 0 12 0 21 0 0 0 0 51 0 0 0 3 0 0 0 0 0 0 0 0 0 5 7 0 0 0 
P291 2011 1 0 0 0 10 0 10 0 0 0 0 0 6 0 0 0 21 0 0 0 0 0 0 31 0 11 0 0 0 0 0 0 
P291 2011 2 9 0 0 0 0 24 20 0 0 0 4 0 0 0 8 0 0 0 0 0 0 44 26 0 0 0 20 51 -999 -999 -999 
P291 2011 3 81 48 0 8 10 5 0 0 0 9 0 31 13 0 58 130 164 38 23 34 0 41 71 212 62 0 43 98 0 0 0 
P291 2011 4 0 0 0 0 0 0 0 0 0 19 0 0 0 0 0 0 59 0 32 0 25 0 4 0 0 0 0 0 0 0 -999 
P291 2011 5 0 12 5 0 5 0 0 0 0 27 0 0 0 7 0 0 0 0 0 0 21 0 2 0 0 12 0 0 0 0 0 
P291 2011 6 0 0 0 0 0 0 0 0 0 0 0 0 0 0 0 12 0 0 0 0 0 0 0 6 0 0 0 0 7 0 -999 
P291 2011 7 0 0 0 0 0 0 0 0 1 0 0 0 0 4 0 0 0 0 0 0 13 0 0 0 0 0 0 0 0 0 0 
P291 2011 8 0 0 0 0 0 0 0 0 0 0 0 0 0 4 0 0 0 0 0 0 0 0 0 0 0 2 0 0 0 0 0 
P291 2011 9 0 0 0 0 0 0 0 0 0 32 0 0 0 0 0 0 0 0 0 0 0 0 0 0 0 0 0 0 0 0 -999 
P291 2011 10 10 0 0 0 0 0 0 0 0 0 0 0 21 0 0 0 0 0 0 0 0 0 0 0 12 9 0 0 0 0 0 
P291 2011 11 7 0 6 20 63 66 56 0 0 0 10 7 0 0 0 0 0 34 0 0 0 63 54 21 0 0 11 25 3 0 -999 
P291 2011 12 0 25 33 0 0 0 0 0 0 8 16 0 0 0 0 52 47 53 54 72 90 38 53 21 0 26 18 13 19 23 38 
P291 2012 1 117 30 0 0 0 0 0 0 0 0 0 0 0 0 0 0 1 0 2 12 0 0 0 3 3 7 0 22 31 49 0 
P291 2012 2 0 0 0 24 0 13 0 0 0 0 0 0 0 0 0 0 0 0 45 57 0 0 0 0 11 0 0 0 -999 -999 -999 
P291 2012 3 0 79 44 29 0 0 0 0 0 0 0 0 0 0 11 0 0 0 0 0 0 13 0 0 0 0 0 0 0 0 0 
P291 2012 4 0 0 0 0 0 0 0 18 0 2 0 0 14 65 67 58 44 0 0 11 11 0 7 43 51 0 103 0 65 35 -999 
P291 2012 5 0 0 0 0 6 0 0 0 21 16 17 0 0 31 0 17 0 0 0 0 0 0 0 15 31 19 0 8 0 0 0 
P291 2012 6 0 0 0 0 0 0 0 0 0 0 0 13 0 0 0 16 0 0 0 0 0 5 3 0 0 0 0 0 0 0 -999 
P291 2012 7 0 0 0 0 0 0 0 0 0 0 0 0 0 0 0 0 0 0 0 0 8 0 0 0 0 0 5 0 0 0 0 
P291 2012 8 0 0 0 0 0 0 0 0 0 0 0 0 0 0 0 0 0 0 0 0 0 0 0 0 0 0 0 0 0 0 3 
P291 2012 9 0 0 0 0 0 0 0 5 0 0 0 0 0 0 0 0 0 0 0 0 0 0 0 0 0 0 0 0 32 12 -999 
P291 2012 10 0 0 0 0 0 0 0 0 0 29 57 18 4 0 0 27 0 30 33 0 0 26 29 0 0 0 0 0 0 25 19 
P291 2012 11 23 52 44 0 11 0 4 0 0 19 0 0 0 0 0 0 0 41 82 38 0 0 0 0 0 13 0 33 56 20 -999 
P291 2012 12 0 6 15 15 35 122 89 81 12 18 0 0 0 140 92 0 53 26 0 10 0 0 6 0 10 5 0 0 0 18 46 
P291 2013 1 26 23 0 75 25 9 16 12 3 6 0 0 0 0 0 0 0 0 2 0 0 0 0 0 0 0 0 0 13 30 12 
P291 2013 2 0 0 0 0 2 0 0 0 0 0 4 0 40 75 0 12 24 82 104 81 61 66 0 0 48 0 2 0 -999 -999 -999 
P291 2013 3 0 0 0 23 17 0 0 30 31 82 148 175 99 25 27 0 36 40 40 29 23 62 66 32 29 17 0 40 0 55 84 
P291 2013 4 0 0 10 0 21 13 22 0 3 0 0 0 13 0 0 0 0 0 0 0 30 0 0 0 62 7 0 0 0 0 -999 
P291 2013 5 0 0 0 0 10 0 0 0 0 35 37 0 0 0 18 0 0 23 0 12 8 0 0 0 0 0 0 0 0 0 0 
P291 2013 6 7 0 0 19 0 0 0 0 0 46 39 33 18 0 8 0 10 0 9 5 8 0 0 0 0 0 21 15 0 0 -999 
P291 2013 7 8 0 4 0 0 0 0 0 0 0 0 0 0 0 0 0 0 0 0 0 0 0 0 0 0 0 0 0 0 0 0 
P291 2013 8 0 0 0 10 0 14 11 0 0 0 0 0 0 0 0 0 0 0 0 0 0 0 0 0 5 0 2 0 0 0 31 
P291 2013 9 0 0 0 0 0 0 0 0 0 0 0 0 7 0 0 0 0 0 0 12 8 10 0 0 0 1 0 0 0 0 -999 
P291 2013 10 0 0 0 0 0 0 0 0 0 0 35 0 0 0 4 0 24 0 0 0 0 0 0 0 0 0 0 0 0 0 0 
P291 2013 11 1 0 0 0 0 0 0 0 0 4 12 0 0 7 0 14 24 198 238 79 123 171 204 77 0 100 62 0 7 0 -999 
P291 2013 12 0 51 23 14 0 0 0 0 0 0 0 0 17 18 24 15 7 0 0 0 0 0 18 51 18 0 34 21 67 29 21 
P291 2014 1 0 8 0 19 29 0 10 28 0 3 0 0 0 0 0 0 0 0 0 0 0 0 0 0 20 37 74 82 174 135 52 
P291 2014 2 0 0 0 33 44 88 0 0 41 65 8 0 0 0 0 0 0 0 12 0 0 4 12 6 0 6 0 46 -999 -999 -999 
P291 2014 3 32 4 0 3 4 0 0 0 0 0 0 0 0 38 91 86 84 91 129 66 0 0 17 0 0 0 0 0 3 0 0 
P291 2014 4 24 26 34 0 68 28 18 12 21 33 0 34 32 0 0 37 49 21 0 0 0 16 0 0 0 20 0 23 0 0 -999 
P291 2014 5 0 0 0 36 7 0 0 0 0 0 0 0 0 0 0 0 0 0 0 46 0 65 0 42 0 0 20 0 0 37 42 
P291 2014 6 0 0 0 0 51 24 0 0 0 0 0 3 0 0 0 0 0 0 0 0 0 0 0 0 0 0 0 0 0 0 -999 
P291 2014 7 0 0 0 0 0 0 0 0 0 0 0 0 0 0 0 0 0 0 0 0 0 0 0 0 0 0 0 0 0 0 0 
P291 2014 8 0 0 0 0 0 0 4 0 0 0 0 0 0 0 0 0 0 0 0 0 0 0 0 0 0 0 0 0 0 3 0 
P291 2014 9 0 0 0 0 0 0 0 0 0 0 0 0 0 0 0 0 52 27 13 7 0 10 0 0 0 0 3 0 0 0 -999 
P291 2014 10 0 0 22 18 16 0 0 0 0 0 8 12 0 0 0 0 0 24 39 45 0 0 0 0 38 46 0 0 11 0 0 
P291 2014 11 0 0 0 0 0 0 0 0 0 0 0 0 0 0 11 5 0 55 24 53 118 179 64 58 33 0 0 6 0 0 -999 
P291 2014 12 0 0 0 0 0 0 0 0 0 5 0 4 0 0 0 0 0 0 0 0 0 0 0 0 0 2 0 2 0 20 0 
P291 2015 1 0 0 0 75 86 0 36 34 0 0 0 0 0 0 0 0 0 0 0 0 0 0 0 0 0 0 0 50 61 0 0 
P291 2015 2 0 0 5 0 0 0 0 0 4 0 0 0 0 0 0 0 1 0 0 0 0 0 0 0 0 95 85 37 -999 -999 -999 
P291 2015 3 26 38 56 69 29 0 23 27 40 0 1 0 0 38 0 5 0 0 0 0 0 21 35 0 0 9 0 0 0 0 0 
P291 2015 4 0 13 0 5 0 0 0 0 0 0 0 0 0 0 0 0 19 0 0 0 0 0 0 6 0 41 26 37 97 83 -999 
P291 2015 5 100 65 38 0 0 0 0 0 0 0 0 0 0 0 0 0 0 0 0 4 0 0 0 0 0 0 0 70 66 21 6 
P291 2015 6 0 0 0 0 0 41 0 0 0 0 0 0 0 0 14 0 0 0 3 0 0 0 0 0 0 0 0 0 0 0 -999 
P291 2015 7 0 0 0 0 0 0 0 0 0 0 0 0 0 0 0 0 0 0 0 0 0 12 0 0 0 0 0 0 0 1 0 
P291 2015 8 0 0 0 0 0 0 0 0 0 0 13 0 0 0 0 0 0 0 13 0 0 0 0 0 0 0 14 0 0 0 0 
P291 2015 9 0 0 0 0 27 0 0 0 0 0 0 0 0 0 0 0 8 0 0 0 0 0 0 0 28 45 49 50 35 26 -999 
P291 2015 10 0 0 0 0 0 0 22 36 0 4 0 0 0 0 0 0 0 4 0 0 0 0 0 0 0 0 0 0 0 0 0 
P291 2015 11 0 0 0 0 0 0 0 0 0 0 0 17 28 0 86 0 0 0 25 44 43 0 0 0 0 0 0 0 0 0 -999 
P291 2015 12 38 56 0 41 37 0 188 142 85 83 34 80 79 0 0 34 14 0 2 0 0 0 3 0 1 0 0 0 0 4 4 
P291 2016 1 0 0 0 0 0 20 47 0 0 24 65 100 80 115 44 0 0 33 0 6 0 0 0 0 22 0 39 25 0 0 0 
P291 2016 2 0 4 18 27 12 0 5 0 11 10 18 0 14 0 0 0 0 18 0 0 0 6 0 18 0 0 24 0 -999 -999 -999 
P291 2016 3 0 28 34 0 25 0 35 57 177 127 186 189 77 41 54 40 32 49 0 12 0 45 0 0 56 0 0 136 68 38 63 
P291 2016 4 0 0 0 0 0 0 0 0 25 72 141 109 0 0 84 33 34 0 0 37 0 0 0 0 22 0 0 41 52 16 -999 
P291 2016 5 0 15 0 0 0 0 0 0 0 0 0 24 15 13 0 0 22 0 0 0 0 0 0 0 0 0 0 0 0 17 0 
P291 2016 6 19 0 0 0 0 0 0 0 0 0 0 0 0 0 0 0 0 0 0 11 0 0 5 11 0 0 0 0 0 3 -999 
P291 2016 7 0 9 0 0 0 12 0 0 0 0 0 0 0 0 0 0 0 0 0 0 0 0 0 0 0 0 0 0 0 0 0 
P291 2016 8 0 0 0 0 0 0 0 0 0 0 0 0 0 4 0 0 0 0 0 0 0 0 0 0 0 0 0 16 18 0 0 
P291 2016 9 0 0 9 0 0 0 0 0 0 0 0 0 0 0 0 0 15 0 0 14 0 0 0 0 0 0 0 0 0 16 -999 
P291 2016 10 0 0 0 3 4 0 3 0 0 0 8 20 0 0 0 66 102 61 69 75 82 67 14 11 10 9 0 5 0 0 0 
P291 2016 11 16 0 12 0 0 0 0 0 5 0 5 0 11 0 79 35 0 70 77 67 68 0 0 51 90 0 0 0 20 28 -999 
P291 2016 12 0 0 0 0 3 0 9 0 0 0 35 66 100 23 10 4 6 0 52 54 48 78 0 31 34 33 33 0 0 0 39 
P291 2017 1 33 7 0 0 0 0 0 0 0 0 8 0 47 118 79 0 0 2 3 0 0 1 2 0 0 0 0 2 0 0 0 
P291 2017 2 0 0 0 0 0 0 0 0 0 0 0 0 0 0 0 0 0 5 0 0 0 0 0 0 0 0 8 0 -999 -999 -999 
P291 2017 3 0 0 0 0 0 0 0 0 64 43 24 0 0 42 23 0 0 0 0 0 0 0 0 50 105 105 98 92 42 0 0 
P291 2017 4 0 0 7 0 0 0 14 0 20 0 0 17 0 0 0 0 7 0 0 0 0 0 0 0 21 20 0 46 66 0 -999 
P291 2017 5 0 0 9 13 10 0 0 0 0 0 0 0 0 0 0 0 0 0 0 0 0 9 0 9 0 0 0 0 0 0 0 
P291 2017 6 0 0 0 0 0 8 8 0 0 0 0 0 0 0 0 0 0 0 0 0 0 0 0 0 0 0 0 0 0 0 -999 
P291 2017 7 0 0 0 0 0 0 0 0 0 0 0 8 0 9 2 1 0 0 0 0 0 0 0 0 0 0 0 0 0 0 0 
P291 2017 8 0 0 0 0 0 0 0 0 0 0 0 0 0 7 0 0 0 0 0 0 14 0 0 0 0 0 0 0 0 13 0 
P291 2017 9 0 0 0 0 0 0 0 0 0 0 0 0 0 0 0 0 0 0 0 0 0 0 0 0 0 0 0 0 0 0 -999 
P291 2017 10 0 3 0 0 0 0 2 0 0 0 0 0 0 11 0 40 42 63 0 0 0 0 22 13 0 0 49 117 174 76 15 
P291 2017 11 9 0 0 41 0 15 12 41 41 19 60 95 0 176 0 16 0 16 12 0 41 32 0 6 11 0 0 0 14 0 -999 
P291 2017 12 0 27 0 0 12 0 0 70 129 55 111 0 0 96 73 12 7 4 0 9 0 18 0 24 23 0 27 0 0 81 57 
P291 2018 1 53 22 0 0 0 0 0 0 53 31 6 0 0 0 1 0 21 20 0 0 0 0 57 17 12 39 0 32 30 10 25 
P291 2018 2 43 0 60 18 28 0 0 0 14 0 9 0 0 6 0 0 3 0 0 0 0 0 0 0 0 0 0 0 -999 -999 -999 
P291 2018 3 0 0 0 0 33 0 0 0 14 0 58 93 79 0 0 11 38 39 0 0 0 0 0 8 0 0 40 0 32 35 15 
P291 2018 4 0 0 0 0 0 12 0 0 0 16 0 0 0 0 0 0 3 0 8 0 0 0 0 30 72 106 75 30 25 28 -999 
P291 2018 5 33 6 0 0 0 0 0 0 20 0 36 38 43 24 18 0 0 0 0 51 54 0 43 0 12 0 43 17 11 5 3 
P291 2018 6 0 0 0 0 0 0 0 0 0 0 0 0 0 10 0 0 0 0 0 0 0 0 0 0 0 0 0 0 2 0 -999 
P291 2018 7 0 0 0 0 0 0 0 0 0 0 0 0 0 0 0 0 0 0 0 0 0 0 0 0 0 0 0 0 0 0 0 
P291 2018 8 0 0 0 0 0 0 0 0 0 0 0 0 0 0 0 0 0 0 9 0 0 0 0 0 0 0 0 0 0 0 0 
P291 2018 9 0 0 0 0 0 0 0 0 0 0 0 0 0 0 0 0 0 0 5 0 7 0 8 0 0 1 0 0 0 0 -999 
P291 2018 10 0 0 0 0 0 0 0 9 0 42 35 11 0 0 0 0 1 8 0 0 12 12 0 0 0 14 0 0 0 0 0 
P291 2018 11 16 0 0 0 0 0 29 115 0 69 22 0 4 0 0 0 2 0 0 0 15 15 0 0 0 0 8 0 10 0 -999 
P291 2018 12 17 0 16 20 23 55 105 13 10 0 43 114 109 0 0 0 0 10 0 11 0 44 0 0 43 27 38 59 94 130 0 
P291 2019 1 105 118 164 156 116 130 154 15 0 0 0 0 0 0 0 0 70 56 107 0 170 157 52 21 35 75 115 23 0 45 104 
P291 2019 2 89 76 21 12 32 0 17 0 0 0 137 66 155 137 27 10 60 190 185 37 16 0 0 0 0 0 0 0 -999 -999 -999 
P291 2019 3 0 0 0 0 11 0 0 15 0 0 0 0 0 0 0 0 0 0 0 0 0 0 0 0 0 0 0 65 50 0 0 
P291 2019 4 0 0 0 0 0 0 32 45 43 20 0 51 0 52 40 0 50 27 0 20 0 0 45 116 30 32 39 0 0 43 -999 
P291 2019 5 0 18 8 5 12 0 0 0 0 24 12 0 34 0 0 0 0 0 0 0 0 0 0 0 0 0 0 0 0 0 0 
P291 2019 6 0 0 0 0 0 0 0 0 0 0 18 0 11 0 0 0 0 0 0 0 0 0 0 0 0 0 0 0 0 0 -999 
P291 2019 7 0 0 0 0 0 0 0 0 0 0 0 0 0 0 0 0 4 0 0 6 0 0 0 0 0 0 0 0 0 0 0 
P291 2019 8 0 0 0 0 0 0 0 0 0 0 0 0 0 0 0 0 0 0 0 0 0 0 0 0 0 0 0 0 0 2 0 
P291 2019 9 0 11 12 0 0 0 0 0 0 0 0 0 0 0 4 0 0 0 0 26 0 0 0 34 0 0 0 0 0 0 -999 
P291 2019 10 0 0 0 0 6 0 0 0 0 0 0 55 51 0 0 0 0 0 0 0 0 0 0 0 11 0 0 0 0 0 0 
P291 2019 11 0 0 0 0 0 0 0 0 0 0 0 0 0 0 0 6 0 0 26 0 260 269 103 78 123 136 69 27 54 114 -999 
P291 2019 12 0 68 15 0 25 0 0 1 0 0 0 0 0 0 0 3 0 0 0 0 0 0 0 0 0 0 0 2 0 0 13 
P291 2020 1 15 15 0 0 0 2 0 0 0 0 0 0 29 50 20 0 0 0 0 0 0 0 0 25 0 50 96 84 50 63 38 
P291 2020 2 0 0 0 44 20 0 18 37 0 0 0 0 0 0 0 11 0 0 0 0 0 3 0 0 0 0 0 0 -999 -999 -999 
P291 2020 3 0 0 0 0 0 33 0 0 0 0 0 28 11 0 0 5 0 0 0 0 0 0 0 0 22 34 0 0 0 12 15 
P291 2020 4 42 30 22 14 0 0 0 0 1 0 18 35 10 0 70 93 98 67 40 0 62 0 8 11 0 0 0 0 0 0 -999 
P291 2020 5 0 0 0 0 0 0 0 0 0 0 42 0 35 23 35 24 0 0 0 0 0 0 0 12 0 0 0 0 0 0 0 
P291 2020 6 0 0 0 0 0 0 0 0 0 0 1 0 0 0 0 0 0 0 0 0 0 0 0 0 0 8 0 0 12 0 -999 
P291 2020 7 0 0 4 0 0 0 0 0 0 0 0 16 22 0 0 0 0 0 0 0 0 0 0 0 0 0 0 0 0 0 0 
P291 2020 8 0 0 0 0 0 0 0 0 0 0 0 0 0 2 0 0 0 0 0 0 0 0 0 24 0 0 0 0 0 0 0 
P291 2020 9 13 0 0 0 0 0 0 0 0 0 0 0 0 0 0 0 0 0 0 0 0 0 0 0 0 0 0 0 0 0 -999 
P291 2020 10 18 0 0 0 0 30 42 37 66 0 23 36 11 0 81 45 15 56 17 0 0 0 0 3 0 29 0 0 0 0 21 
P291 2020 11 97 94 0 101 55 21 6 11 0 5 3 0 0 0 0 8 0 0 46 150 62 84 52 43 78 0 83 104 0 0 -999 
P291 2020 12 67 57 87 15 25 0 0 34 0 0 0 0 0 0 0 0 3 0 31 0 32 122 131 105 113 117 141 18 53 0 72 
P291 2021 1 0 95 43 0 79 43 53 111 0 12 0 0 0 0 0 0 16 15 12 0 0 0 0 0 14 0 0 0 53 31 30 
P291 2021 2 31 0 66 52 0 22 0 0 0 0 0 14 12 7 0 0 0 0 7 0 0 24 7 0 7 0 0 0 -999 -999 -999 
P291 2021 3 15 0 10 0 0 0 33 0 0 40 0 11 61 0 0 0 31 0 0 0 40 0 0 0 0 5 14 22 52 0 0 
P291 2021 4 0 0 0 0 0 0 0 0 0 0 0 0 0 0 29 0 0 0 0 0 0 0 36 29 21 0 0 16 0 48 -999 
P291 2021 5 67 40 51 14 0 0 1 0 0 0 0 0 0 0 0 0 0 0 32 21 0 0 0 0 0 8 0 18 0 0 19 
P291 2021 6 0 0 54 0 0 0 0 0 0 12 0 0 0 0 5 4 0 0 0 0 0 0 0 0 0 0 0 0 0 3 -999 
P291 2021 7 0 0 0 0 0 0 0 0 0 0 0 0 0 0 0 0 0 0 0 0 0 0 8 0 4 0 0 0 0 0 0 
P291 2021 8 0 0 0 0 0 0 0 0 0 0 0 0 0 0 0 0 0 0 0 0 0 0 0 0 0 0 0 0 0 0 0 
P291 2021 9 0 0 0 0 0 0 0 0 0 7 0 0 0 0 0 0 0 0 0 0 0 0 0 42 0 0 0 0 0 0 -999 
P291 2021 10 0 0 0 0 0 0 0 9 20 0 5 0 0 0 0 0 0 0 0 16 37 87 98 76 32 22 0 0 0 5 0 
P291 2021 11 0 21 35 68 90 52 7 0 0 0 0 0 9 7 0 35 0 43 9 0 0 0 4 10 36 50 57 0 100 42 -999 
P291 2021 12 64 92 0 0 0 0 0 0 0 0 0 0 0 0 0 61 116 114 24 0 0 52 0 0 16 0 0 0 0 0 0 
P291 2022 1 0 0 0 0 0 13 27 75 65 57 80 33 35 58 0 58 47 0 15 42 73 59 155 74 0 17 47 55 75 60 0 
P291 2022 2 147 35 13 51 73 52 162 204 56 96 206 144 190 76 132 85 0 101 31 41 109 41 79 22 85 163 96 0 -999 -999 -999 
P291 2022 3 0 0 0 0 129 111 62 104 64 78 73 76 87 28 9 8 0 0 0 0 5 0 0 0 0 0 0 0 0 0 0 
P291 2022 4 0 0 0 0 0 0 0 25 0 0 16 0 6 0 0 26 0 0 0 0 0 0 13 0 0 0 0 0 0 4 -999 
P291 2022 5 2 0 3 0 0 0 0 0 16 28 52 51 80 74 35 29 21 0 0 19 17 0 0 0 38 0 0 0 0 11 0 
P291 2022 6 1 0 0 14 0 19 33 0 0 0 0 0 0 0 0 0 0 0 0 0 0 0 0 0 0 0 0 0 0 0 -999 
P291 2022 7 0 0 0 0 0 0 0 0 0 0 0 0 0 0 0 0 0 0 0 0 0 0 0 0 0 0 0 0 0 0 0 
P291 2022 8 3 0 0 0 2 0 0 0 0 0 0 0 0 4 0 0 0 0 0 0 0 0 0 0 0 0 0 0 0 0 0 
P291 2022 9 0 0 0 0 0 0 0 0 0 0 0 0 10 28 0 17 0 0 0 0 0 0 0 0 0 0 0 0 0 0 -999 
P291 2022 10 0 0 0 5 0 0 0 14 25 42 76 27 0 32 0 0 0 7 5 0 0 0 12 0 0 0 0 0 0 59 29 
P291 2022 11 0 0 0 9 0 0 0 0 0 0 12 0 0 0 0 0 3 0 6 0 0 0 0 2 0 0 0 21 0 0 -999 
P291 2022 12 19 65 111 196 0 87 0 0 107 25 7 0 14 0 0 7 0 0 0 24 66 83 103 69 60 0 28 38 0 9 5 
P291 2023 1 7 7 0 2 0 0 0 0 0 0 0 6 0 6 0 0 0 0 0 0 0 0 0 1 1 0 0 0 0 0 0 
P291 2023 2 8 15 10 6 0 5 8 0 6 0 5 7 0 0 0 0 0 0 11 0 0 0 48 0 0 18 53 16 -999 -999 -999 
P291 2023 3 0 23 0 0 2 0 3 0 0 0 0 64 49 0 0 0 0 0 0 0 0 0 4 10 0 0 0 0 22 0 0 
P291 2023 4 17 9 22 63 61 0 0 0 7 5 5 32 113 180 59 0 50 8 0 0 0 0 0 0 107 61 59 63 7 0 -999 
P291 2023 5 0 0 0 0 0 0 0 0 0 0 0 0 31 0 0 26 26 36 38 38 12 3 0 0 0 0 0 0 0 0 0 
P291 2023 6 0 0 0 15 0 12 0 0 0 0 0 0 0 0 0 0 0 0 0 0 0 0 0 0 0 0 0 0 0 0 -999 
P291 2023 7 0 0 0 0 0 2 0 0 0 0 0 0 0 0 0 0 0 6 0 0 0 0 0 0 0 0 0 0 0 0 0 
P291 2023 8 0 0 0 0 0 0 0 0 0 0 0 0 0 0 0 0 0 0 0 5 0 0 0 0 0 0 0 0 0 5 0 
P291 2023 9 0 0 0 0 0 0 0 0 0 0 0 0 0 0 0 0 0 0 0 0 0 0 0 0 0 0 0 0 0 0 -999 
P291 2023 10 0 0 0 0 0 0 0 0 0 15 0 4 6 0 56 0 0 1 0 0 0 0 0 0 0 29 18 4 0 13 75 
P291 2023 11 80 35 14 0 2 0 11 22 0 40 20 15 0 0 0 0 0 0 0 0 0 0 0 0 13 0 0 0 0 0 -999 
P291 2023 12 0 0 0 0 0 0 0 0 5 0 1 0 0 0 2 0 6 0 15 0 0 0 0 0 0 0 2 0 0 0 0 
P291 2024 1 7 12 33 46 22 68 97 83 61 28 19 23 30 69 0 0 54 77 0 0 0 0 0 0 0 0 0 0 0 0 54 
P291 2024 2 128 131 180 36 0 0 5 16 6 0 0 0 0 0 8 0 0 3 0 0 0 0 0 152 84 56 0 0 -999 -999 -999 
P291 2024 3 0 86 0 71 0 54 0 0 0 0 0 0 0 0 4 0 0 0 0 5 0 8 0 0 117 212 122 30 0 0 18 
P291 2024 4 35 61 74 34 13 0 6 0 0 0 0 0 0 0 0 0 0 0 0 0 0 0 0 17 0 0 0 9 0 0 -999 
P291 2024 5 0 0 0 0 0 0 5 0 0 0 0 0 0 0 0 0 0 0 0 0 0 0 0 0 0 0 0 0 0 0 0 
P291 2024 6 0 0 0 0 0 0 0 0 0 0 0 0 0 0 0 0 0 0 0 0 0 0 0 0 0 0 13 9 0 0 -999 
P291 2024 7 2 0 0 0 0 0 0 0 0 0 0 0 3 0 0 0 0 0 0 0 0 0 0 0 0 0 0 0 0 0 0 
P291 2024 8 0 0 0 0 0 0 0 0 0 0 0 0 0 0 0 0 0 0 0 0 0 0 0 0 0 0 0 0 0 0 0 
P291 2024 9 0 16 13 0 0 0 11 0 0 0 0 0 0 0 0 0 0 0 0 0 0 0 0 0 0 0 0 0 0 0 -999 
P291 2024 10 0 0 0 0 0 8 0 4 0 8 0 0 0 0 82 90 26 13 0 0 0 26 16 0 0 0 0 0 0 0 0 
P291 2024 11 0 0 13 15 0 0 14 8 0 10 0 0 47 48 12 8 0 14 0 0 0 0 36 0 0 0 0 3 0 0 -999 
P291 2024 12 0 0 0 0 16 0 0 0 0 0 0 0 6 0 0 9 0 0 3 0 0 0 6 0 8 29 18 0 2 0 0 
P291 2025 1 0 0 7 0 2 0 0 0 4 17 14 0 16 0 11 0 0 0 0 0 29 29 31 40 46 43 0 0 17 0 0 
P291 2025 2 0 0 5 0 0 38 40 54 0 0 32 30 0 25 0 21 42 0 0 51 29 39 29 0 0 0 2 0 -999 -999 -999 
P291 2025 3 0 31 0 0 46 81 175 0 8 0 0 0 0 0 0 0 12 0 47 46 92 109 73 225 77 23 57 5 0 0 0 
P291 2025 4 19 6 8 0 0 0 0 0 0 0 0 0 0 0 0 0 0 0 0 0 12 0 0 0 0 0 0 0 0 0 -999 
P291 2025 5 29 0 0 52 51 0 35 27 0 0 0 29 14 0 0 0 0 13 0 7 0 0 0 0 17 14 0 0 15 17 12 
P291 2025 6 0 0 0 0 0 0 0 0 0 5 0 0 0 0 0 0 0 0 0 0 0 0 0 0 0 0 0 0 0 0 -999 
P291 2025 7 0 0 0 0 0 0 0 0 0 0 4 0 0 0 0 0 0 0 0 0 0 0 0 0 0 0 0 0 0 0 0 
P291 2025 8 5 0 0 0 0 0 0 0 0 0 0 0 0 0 0 0 0 0 0 0 0 0 0 0 0 0 0 0 0 0 0 
P291 2025 9 0 0 0 0 6 0 0 0 0 0 0 0 0 0 10 0 0 0 7 0 0 2 0 0 0 0 0 0 0 6 -999 
P291 2025 10 7 0 0 0 0 0 20 0 0 7 0 0 0 0 0 0 0 4 0 0 0 0 0 14 29 57 53 112 34 5 0 
P291 2025 11 0 0 0 0 0 0 0 0 0 0 3 0 0 0 0 0 0 0 15 12 0 0 0 0 0 4 0 0 0 0 -999 
P291 2025 12 0 0 87 25 14 0 0 47 0 0 0 0 0 0 0 0 0 0 0 17 17 0 10 23 45 24 16 0 0 35 36 
P291 2026 1 21 0 19 0 0 21 2 0 0 0 35 146 159 16 17 123 154 102 33 0 0 0 13 24 18 19 0 12 7 0 0 
P291 2026 2 0 0 28 0 0 19 8 0 0 12 20 0 0 0 0 0 10 30 78 186 0 51 33 0 8 23 3 0 -999 -999 -999 
P291 2026 3 0 0 1 0 0 0 0 0 0 0 0 0 0 0 0 2 0 0 13 25 57 112 71 21 3 1 0 0 0 0 0 
P291 2026 4 0 0 0 0 10 0 0 0 66 0 0 70 66 40 21 0 0 0 0 0 0 0 0 0 0 0 49 45 59 80 -999 
P291 2026 5 51 0 0 0 0 0 0 0 0 0 0 0 0 0 0 0 0 0 0 0 0 0 0 0 11 38 32 0 0 9 0 
P291 2026 6 0 0 0 0 2 0 5 0 0 0 0 0 0 0 0 0 0 0 0 1 0 0 0 0 0 0 0 0 0 0 -999 
P291 2026 7 0 0 4 0 0 0 0 0 0 9 0 0 0 0 0 0 0 0 0 0 0 0 0 0 0 0 0 0 0 0 0 
P291 2026 8 0 0 0 0 0 0 0 0 0 0 0 0 0 0 0 0 0 0 0 0 0 0 0 0 0 0 0 0 0 0 0 
P291 2026 9 0 0 0 0 0 0 0 0 0 0 0 0 0 0 0 2 2 0 15 0 28 0 9 5 0 0 0 7 15 0 -999 
P291 2026 10 0 0 0 0 11 0 0 12 0 0 0 0 21 23 0 60 0 0 7 0 0 0 45 20 27 22 6 0 29 51 0 
P291 2026 11 36 0 10 0 0 0 0 0 0 66 80 0 0 17 16 0 0 11 0 22 0 0 0 0 0 0 0 17 0 0 -999 
P291 2026 12 0 0 0 0 26 26 0 14 70 60 17 0 0 24 59 49 87 102 54 54 13 0 30 15 0 0 0 0 9 27 0 
P291 2027 1 0 0 107 85 79 73 0 83 48 0 0 7 0 0 0 0 13 7 28 65 0 0 0 0 0 1 0 14 12 5 0 
P291 2027 2 10 10 0 0 0 0 0 0 0 0 0 29 53 136 86 240 84 103 83 0 0 38 77 0 62 50 32 0 -999 -999 -999 
P291 2027 3 92 53 29 51 48 53 52 29 0 11 0 0 0 0 0 37 33 24 0 22 0 0 0 20 0 42 58 100 14 0 0 
P291 2027 4 0 41 34 86 32 19 0 0 0 16 0 0 29 0 0 87 88 94 0 47 103 36 37 29 43 18 7 0 0 0 -999 
P291 2027 5 0 0 0 45 33 0 0 0 0 0 0 3 0 0 0 0 0 0 0 19 0 0 12 17 36 35 0 0 0 0 0 
P291 2027 6 13 0 0 0 0 0 0 0 1 0 0 0 0 0 0 0 0 0 0 0 0 0 1 0 0 0 0 0 0 0 -999 
P291 2027 7 0 0 0 0 0 0 8 0 0 0 0 0 9 0 3 0 0 0 0 0 0 0 0 0 0 0 0 0 1 0 0 
P291 2027 8 0 0 0 0 0 0 0 0 0 0 0 0 9 0 0 0 0 0 0 0 0 0 0 0 0 0 0 0 0 0 0 
P291 2027 9 0 0 0 0 0 0 0 0 0 0 0 4 0 0 0 11 4 0 0 0 0 0 0 0 0 0 0 0 0 0 -999 
P291 2027 10 0 0 0 0 0 0 0 0 0 0 0 0 0 0 0 0 3 0 0 0 0 33 0 0 0 0 0 8 0 11 0 
P291 2027 11 0 49 181 87 13 27 0 0 0 0 4 19 55 100 49 0 0 0 0 5 11 26 71 85 82 57 0 59 170 126 -999 
P291 2027 12 67 147 79 11 24 120 193 105 41 73 0 49 0 0 29 0 22 0 5 16 0 0 0 0 7 0 0 0 0 0 9 
P291 2028 1 24 0 24 13 0 0 21 31 78 90 0 0 85 124 112 16 0 0 0 0 0 0 0 0 0 0 8 0 0 0 0 
P291 2028 2 0 0 0 20 14 0 0 0 0 0 0 0 0 0 0 0 0 7 0 0 12 0 14 11 16 50 0 0 -999 -999 -999 
P291 2028 3 49 49 40 0 0 0 0 0 0 0 0 0 12 0 0 25 33 14 10 0 0 14 0 11 0 0 0 0 0 0 0 
P291 2028 4 10 0 0 19 28 18 0 0 34 0 21 0 0 9 0 0 0 0 0 0 0 0 0 5 0 0 0 0 0 25 -999 
P291 2028 5 16 25 0 0 0 0 0 0 0 3 8 0 7 0 1 0 0 0 0 0 5 0 0 26 25 0 0 0 6 0 0 
P291 2028 6 0 0 0 0 10 0 0 0 0 0 0 3 0 0 0 0 0 0 0 0 0 0 0 0 0 0 0 6 0 0 -999 
P291 2028 7 12 0 0 0 0 15 12 0 12 0 0 0 0 0 0 0 0 3 0 0 0 0 0 0 0 0 4 0 0 0 0 
P291 2028 8 0 0 0 0 0 0 0 0 0 0 0 0 0 0 0 0 0 0 0 0 0 4 0 0 0 0 0 0 6 0 0 
P291 2028 9 0 0 0 20 0 0 17 0 0 0 0 0 0 0 0 0 8 0 0 0 0 0 0 0 0 0 0 0 10 0 -999 
P291 2028 10 0 0 0 0 0 5 10 0 8 0 0 4 1 0 0 0 0 0 42 0 28 10 0 0 0 0 0 5 7 18 31 
P291 2028 11 39 0 0 0 30 0 53 33 0 0 19 0 0 0 38 35 12 7 4 0 0 0 0 0 0 0 0 0 0 0 -999 
P291 2028 12 0 0 19 22 0 32 0 0 0 0 0 0 0 0 6 0 0 0 0 53 57 0 0 49 14 17 11 12 10 11 0 
P291 2029 1 4 32 62 0 0 63 191 50 8 5 0 8 20 0 44 74 27 0 16 0 0 0 0 15 0 128 157 0 0 3 0 
P291 2029 2 0 15 0 0 0 0 0 7 0 0 0 0 0 0 1 0 0 0 2 0 0 29 16 15 0 0 40 0 -999 -999 -999 
P291 2029 3 0 0 0 0 0 0 0 0 0 0 0 0 0 0 0 0 0 0 0 0 28 25 46 35 0 2 0 0 0 0 0 
P291 2029 4 0 5 0 0 0 0 0 0 0 0 0 19 0 27 0 4 0 0 0 0 11 4 0 0 0 6 0 0 0 0 -999 
P291 2029 5 0 0 68 58 20 14 0 0 0 0 0 0 0 0 0 0 9 0 0 0 0 21 0 0 0 0 0 0 0 0 0 
P291 2029 6 0 0 0 0 18 0 0 0 0 0 0 0 0 0 0 0 0 10 0 0 18 0 0 0 0 0 0 0 0 0 -999 
P291 2029 7 0 0 13 11 0 0 0 0 0 0 0 0 0 0 0 0 0 0 0 0 0 0 0 0 0 0 0 0 0 0 0 
P291 2029 8 0 0 0 0 0 0 0 0 0 0 0 0 0 0 0 0 0 0 0 0 0 0 0 0 0 0 0 0 0 0 0 
P291 2029 9 0 0 18 7 0 10 6 0 0 0 0 13 13 0 0 0 0 0 0 0 0 0 0 0 15 24 19 50 63 74 -999 
P291 2029 10 68 17 0 0 0 0 0 0 0 0 0 0 0 0 0 18 0 0 21 0 0 0 7 16 0 0 9 12 14 13 26 
P291 2029 11 0 0 0 81 39 61 0 0 133 46 27 11 0 0 5 5 0 0 0 0 4 0 23 28 10 0 0 0 118 45 -999 
P291 2029 12 0 16 20 0 0 0 0 0 0 0 10 0 0 0 2 0 0 11 0 0 0 8 0 0 0 0 0 0 0 0 124 
P291 2030 1 96 23 0 0 0 0 71 20 28 18 0 0 24 11 0 0 0 0 0 0 12 0 0 9 0 0 0 0 126 145 119 
P291 2030 2 223 141 74 0 0 0 75 0 0 0 113 49 0 0 0 0 0 0 0 0 0 0 0 0 0 0 0 0 -999 -999 -999 
P291 2030 3 0 0 0 0 0 0 100 33 15 0 57 0 0 0 12 0 0 0 22 6 0 49 22 0 0 0 0 0 0 0 0 
P291 2030 4 0 0 0 12 19 0 0 0 0 0 0 0 0 102 83 95 131 201 49 0 37 0 36 26 0 0 0 0 0 0 -999 
P291 2030 5 4 0 0 0 0 0 0 8 0 0 0 0 61 28 44 45 0 0 0 18 0 0 0 0 0 0 0 0 0 0 21 
P291 2030 6 0 21 0 0 0 0 31 0 15 29 28 30 24 25 14 0 0 0 0 15 32 0 0 0 0 0 0 0 0 0 -999 
P291 2030 7 0 0 0 0 0 0 0 0 0 0 0 0 0 0 0 0 0 0 0 0 0 0 0 0 6 0 0 0 0 0 0 
P291 2030 8 0 0 0 0 0 0 0 0 0 0 0 0 0 0 0 0 0 0 0 0 0 0 0 0 8 0 4 2 1 0 1 
P291 2030 9 0 0 0 0 0 0 0 0 0 0 0 0 0 0 0 0 0 0 6 0 0 0 0 6 0 0 0 0 0 0 -999 
P291 2030 10 0 0 0 0 0 0 0 0 0 44 76 44 0 0 0 0 0 20 7 4 0 8 0 0 20 0 7 0 0 0 19 
P291 2030 11 0 0 41 68 156 107 38 17 0 0 0 0 20 0 0 25 0 0 26 8 0 0 0 1 0 0 0 15 27 99 -999 
P291 2030 12 134 59 52 0 86 89 51 43 64 19 50 0 0 0 39 34 8 0 0 14 0 4 21 0 0 0 0 0 0 0 0 
P291 2031 1 0 0 0 0 0 0 0 0 0 0 0 0 0 111 0 0 0 0 0 13 0 31 30 32 34 39 28 0 0 60 0 
P291 2031 2 0 13 0 0 0 46 36 0 0 41 32 0 0 1 0 0 0 47 0 18 14 59 14 0 0 0 0 25 -999 -999 -999 
P291 2031 3 25 40 0 0 19 19 0 16 27 0 52 40 49 85 52 35 44 45 38 18 0 50 46 27 0 53 67 0 0 20 29 
P291 2031 4 34 34 29 39 73 102 26 0 0 0 0 0 0 0 0 0 0 0 0 0 0 0 0 0 23 0 29 0 27 0 -999 
P291 2031 5 0 19 15 4 15 11 0 36 8 20 15 10 0 0 15 0 0 0 0 0 0 0 0 7 0 0 0 0 0 6 0 
P291 2031 6 0 0 0 0 0 0 0 0 0 0 0 0 3 0 0 0 0 0 0 0 0 20 0 8 0 3 0 0 0 0 -999 
P291 2031 7 0 0 4 0 0 0 6 0 0 0 8 0 0 0 0 0 0 0 0 0 0 0 6 0 0 0 0 0 0 3 3 
P291 2031 8 0 0 0 0 0 0 0 0 0 0 0 0 0 0 0 0 0 0 0 0 0 0 1 0 0 0 0 1 0 0 0 
P291 2031 9 0 0 0 0 0 0 0 0 0 0 39 38 0 0 0 0 0 10 0 26 19 0 0 0 0 4 0 0 30 16 -999 
P291 2031 10 8 0 7 0 3 0 0 0 0 0 23 0 28 0 57 64 23 0 0 17 0 0 28 40 0 0 26 60 27 0 71 
P291 2031 11 74 50 33 16 0 11 6 3 0 13 0 20 56 37 44 76 0 6 19 0 5 0 0 0 18 14 33 53 33 36 -999 
P291 2031 12 0 103 173 0 0 35 19 11 0 0 0 1 6 13 0 0 0 1 0 0 0 0 0 0 0 0 0 12 0 29 64 
P291 2032 1 131 183 0 0 51 146 48 175 217 13 0 0 0 0 0 0 0 0 85 13 0 0 0 0 0 0 0 14 26 59 0 
P291 2032 2 95 96 0 0 57 21 10 0 0 0 0 0 0 0 0 0 0 0 0 0 0 0 0 7 0 43 21 0 -999 -999 -999 
P291 2032 3 0 0 2 2 6 24 42 27 0 0 0 0 0 0 0 1 0 0 0 0 0 0 0 15 26 0 23 0 11 0 22 
P291 2032 4 0 14 57 106 75 0 0 0 0 15 24 24 0 9 0 11 0 26 27 22 104 134 134 45 0 9 0 0 43 34 -999 
P291 2032 5 0 16 0 0 34 36 0 36 32 0 14 23 0 0 0 0 32 36 0 0 18 2 0 0 0 0 0 0 2 0 0 
P291 2032 6 0 0 0 0 0 0 20 11 0 0 22 0 19 6 0 0 0 0 0 0 0 0 0 8 0 0 0 29 0 0 -999 
P291 2032 7 0 0 0 11 0 0 0 0 0 0 0 0 0 0 0 0 0 0 0 0 0 0 0 0 0 0 3 0 0 8 0 
P291 2032 8 0 0 0 0 0 0 0 0 0 0 0 12 0 0 0 0 0 0 0 0 0 0 0 0 0 0 0 0 0 0 0 
P291 2032 9 0 0 0 0 0 0 14 10 0 0 0 0 0 0 0 0 4 0 0 0 0 0 0 0 0 0 0 0 11 0 -999 
P291 2032 10 0 0 0 0 3 0 0 0 0 0 0 0 0 17 0 0 17 26 61 0 89 92 18 0 0 6 0 0 0 0 0 
P291 2032 11 0 0 0 43 78 0 0 0 24 12 0 20 67 7 5 0 0 0 81 91 59 24 43 73 28 56 0 63 25 12 -999 
P291 2032 12 0 0 0 11 0 0 18 31 0 75 65 0 0 0 0 0 1 0 0 0 0 0 0 0 6 5 9 0 16 7 107 
P291 2033 1 67 29 0 0 0 25 18 0 0 8 4 0 0 0 0 0 0 0 0 0 0 0 0 0 0 0 0 10 0 0 0 
P291 2033 2 0 0 0 0 0 2 9 32 0 23 0 0 20 23 62 138 201 110 99 158 192 162 84 51 81 0 0 0 -999 -999 -999 
P291 2033 3 0 13 0 6 0 0 0 0 10 16 13 0 30 54 47 11 24 32 81 99 80 50 0 59 65 0 0 0 0 12 0 
P291 2033 4 128 19 11 0 0 0 10 10 17 13 0 0 0 0 0 0 0 0 56 62 33 22 0 38 57 16 7 0 0 0 -999 
P291 2033 5 4 0 2 0 0 0 9 0 0 0 0 0 0 0 0 0 0 6 6 0 15 0 0 9 0 0 0 0 0 0 0 
P291 2033 6 0 0 12 0 0 0 0 0 0 0 0 0 0 0 0 0 0 0 0 0 0 0 0 0 0 0 0 0 0 0 -999 
P291 2033 7 0 0 0 0 0 0 0 0 0 0 0 0 0 0 0 0 0 0 0 0 13 0 0 0 6 0 0 0 0 0 0 
P291 2033 8 0 0 0 0 0 0 0 0 0 7 0 0 0 0 0 0 0 0 0 0 0 0 0 0 0 0 0 0 0 0 0 
P291 2033 9 0 0 0 0 0 0 0 0 18 0 0 3 0 0 0 0 0 0 0 0 0 0 0 0 0 0 0 0 0 0 -999 
P291 2033 10 0 0 0 0 0 0 0 0 0 0 0 0 0 0 0 50 65 0 0 0 10 8 0 0 43 36 15 0 0 0 68 
P291 2033 11 48 29 100 148 37 118 113 100 0 16 7 0 0 20 119 72 5 0 11 0 0 0 0 0 6 0 0 0 0 0 -999 
P291 2033 12 0 0 88 69 0 36 65 34 37 22 0 0 0 0 0 1 0 3 0 0 0 0 0 0 0 5 0 0 0 0 0 
P291 2034 1 4 0 0 0 0 0 0 0 0 0 0 0 0 11 0 0 2 0 0 9 20 20 27 65 0 117 77 11 0 1 0 
P291 2034 2 0 0 0 0 0 20 35 0 57 0 62 22 4 0 6 0 0 58 169 45 0 33 77 0 0 0 0 0 -999 -999 -999 
P291 2034 3 0 0 0 0 0 0 0 0 0 0 21 30 0 0 0 0 0 0 0 0 0 0 0 0 0 0 30 20 46 41 16 
P291 2034 4 0 0 28 106 149 31 0 22 0 28 33 0 0 28 36 31 0 9 9 22 0 86 0 35 7 8 0 0 0 0 -999 
P291 2034 5 0 0 0 1 0 0 0 0 0 0 0 0 0 0 19 0 0 7 8 0 0 0 0 19 16 0 0 34 36 0 21 
P291 2034 6 37 50 0 0 0 0 0 0 0 8 0 0 5 0 0 0 0 0 0 14 0 0 5 0 4 0 0 0 0 0 -999 
P291 2034 7 0 0 0 0 0 0 0 0 0 0 3 0 0 0 0 0 0 0 0 0 0 0 0 0 0 0 0 0 0 0 0 
P291 2034 8 0 0 0 0 0 0 0 0 0 0 0 0 0 0 0 0 0 0 0 0 0 0 0 0 0 0 0 0 0 0 0 
P291 2034 9 0 0 0 0 0 0 0 0 0 0 0 10 8 0 7 12 0 0 0 0 0 0 0 0 0 0 0 0 0 3 -999 
P291 2034 10 0 0 0 0 0 0 0 0 10 1 1 0 7 0 0 0 0 0 0 0 0 9 24 0 0 1 0 0 9 11 0 
P291 2034 11 0 0 17 0 0 0 0 0 0 0 0 0 0 0 0 0 0 0 4 9 0 0 9 0 0 0 0 20 18 22 -999 
P291 2034 12 11 19 21 0 0 0 0 0 0 3 0 0 0 0 0 0 0 11 0 0 0 25 0 101 110 135 97 0 0 0 0 
P291 2035 1 32 46 59 68 40 50 30 22 0 0 0 0 3 0 0 0 2 0 0 14 0 3 3 0 0 0 23 30 22 0 0 
P291 2035 2 0 0 0 16 0 0 0 0 0 0 0 0 11 0 4 0 0 0 0 29 0 0 0 70 30 0 62 24 -999 -999 -999 
P291 2035 3 0 47 0 0 0 0 0 0 27 0 0 0 0 25 0 0 0 8 0 0 0 2 0 0 12 0 0 0 70 0 0 
P291 2035 4 0 0 0 37 41 70 33 59 24 15 0 0 12 0 32 0 20 0 0 43 62 45 62 50 0 0 0 0 36 37 -999 
P291 2035 5 28 33 0 0 0 0 37 34 9 0 0 6 0 0 0 0 0 0 0 0 0 0 0 0 0 0 0 0 0 0 0 
P291 2035 6 0 0 0 0 0 0 0 0 0 0 0 0 0 0 0 0 0 0 0 8 0 0 0 0 4 0 0 0 0 0 -999 
P291 2035 7 0 0 0 0 0 0 16 34 28 0 7 0 0 0 0 0 0 0 0 0 5 0 1 0 0 0 0 0 0 0 0 
P291 2035 8 0 0 0 0 0 0 0 0 0 0 0 0 13 0 0 0 0 0 0 0 0 0 0 0 0 0 0 0 0 0 0 
P291 2035 9 0 0 0 0 0 0 0 0 0 0 0 0 0 0 0 0 0 0 0 0 0 4 0 0 0 10 0 0 0 0 -999 
P291 2035 10 0 0 0 4 0 0 0 0 12 0 43 0 28 21 53 0 0 11 25 56 107 80 40 0 0 0 0 0 0 6 9 
P291 2035 11 0 0 48 0 0 0 0 0 0 0 0 0 0 0 0 0 0 0 0 0 0 0 0 0 0 0 0 2 0 1 -999 
P291 2035 12 0 0 0 0 0 0 0 0 0 0 0 0 12 33 43 55 34 57 31 0 14 7 15 0 23 22 23 0 13 43 0 
P291 2036 1 109 71 0 0 82 98 0 61 0 127 57 0 52 0 0 0 51 32 46 52 0 13 12 0 0 0 0 0 0 0 0 
P291 2036 2 0 19 0 0 2 0 0 0 0 0 0 0 0 0 0 0 0 0 0 33 21 0 19 26 12 0 0 31 -999 -999 -999 
P291 2036 3 98 65 25 0 0 0 1 0 0 0 0 19 16 42 51 0 0 0 53 0 0 17 0 49 0 87 74 52 36 26 0 
P291 2036 4 157 16 14 0 0 5 5 12 0 0 0 43 0 0 0 0 4 0 0 0 0 0 0 0 0 0 3 0 0 0 -999 
P291 2036 5 3 0 0 0 0 0 0 0 0 0 0 0 0 0 0 41 47 40 57 0 70 72 32 12 2 0 0 0 0 0 0 
P291 2036 6 0 0 0 0 0 0 0 15 0 0 20 0 0 0 0 0 0 3 0 0 0 0 0 0 0 0 0 0 0 0 -999 
P291 2036 7 0 0 0 0 0 0 0 0 0 0 0 0 0 0 9 0 0 0 0 0 0 0 0 0 0 0 0 0 0 0 0 
P291 2036 8 0 0 0 6 0 0 0 0 0 0 0 0 0 0 0 0 0 0 0 0 0 0 0 0 0 0 0 0 0 0 0 
P291 2036 9 0 0 0 0 1 0 0 0 0 0 0 0 0 4 0 0 0 0 0 0 0 2 0 0 0 0 0 0 0 18 -999 
P291 2036 10 36 0 8 0 0 63 0 7 25 45 0 0 0 61 52 18 10 18 9 6 8 8 0 8 21 0 0 0 0 0 0 
P291 2036 11 0 0 0 0 0 52 98 44 27 31 17 0 8 0 0 0 0 0 0 0 0 0 15 0 0 19 0 0 0 0 -999 
P291 2036 12 0 0 0 0 0 0 0 12 0 0 14 29 33 0 11 0 9 0 0 0 0 0 12 10 0 0 56 0 57 161 129 
P291 2037 1 47 49 40 24 27 69 0 32 0 0 0 0 39 59 49 132 109 93 87 36 15 0 9 0 0 0 0 9 0 0 0 
P291 2037 2 0 0 2 0 0 0 16 0 0 0 0 44 28 16 0 0 18 0 61 41 17 0 11 14 0 0 0 0 -999 -999 -999 
P291 2037 3 0 0 48 114 64 37 93 84 49 17 0 13 0 3 0 0 19 0 0 28 26 103 92 109 0 141 85 42 47 13 19 
P291 2037 4 0 0 4 0 0 0 0 0 0 0 0 0 0 61 0 0 0 15 10 0 4 20 0 52 59 46 38 29 22 8 -999 
P291 2037 5 0 0 0 0 32 81 85 25 0 0 0 0 0 0 0 0 0 0 14 0 0 2 0 0 0 0 0 0 0 0 0 
P291 2037 6 0 0 10 0 9 0 17 19 0 0 0 5 0 0 0 0 0 14 0 0 8 0 0 10 0 0 0 0 0 0 -999 
P291 2037 7 0 0 0 0 0 0 0 0 0 0 0 0 0 0 0 0 0 0 0 0 0 0 0 7 0 0 0 9 5 0 0 
P291 2037 8 0 7 0 0 0 0 0 0 0 0 0 0 0 0 3 0 0 0 0 0 0 0 0 0 0 0 0 0 0 0 0 
P291 2037 9 0 0 0 0 0 0 0 0 0 0 0 0 0 0 0 0 0 0 0 0 0 0 0 0 4 0 0 0 0 0 -999 
P291 2037 10 6 0 0 6 0 25 0 0 0 0 0 0 0 0 0 0 0 0 0 0 10 0 0 0 0 0 0 0 1 0 0 
P291 2037 11 37 39 0 11 0 12 11 0 0 8 0 0 8 0 15 49 40 0 0 0 2 0 22 0 33 32 0 27 59 31 -999 
P291 2037 12 0 0 127 133 130 174 103 25 0 11 0 57 0 8 0 2 0 0 19 36 6 0 0 0 0 0 0 0 0 0 0 
P291 2038 1 0 0 1 0 0 0 0 0 0 0 52 137 68 23 24 38 16 0 9 16 0 0 0 0 4 0 0 0 0 29 0 
P291 2038 2 0 0 0 0 31 38 19 0 0 0 0 0 0 0 0 6 0 5 0 9 0 0 7 0 43 39 10 5 -999 -999 -999 
P291 2038 3 8 0 19 64 32 26 0 19 0 0 11 25 0 49 0 61 74 0 10 0 0 34 52 43 0 58 52 17 18 0 0 
P291 2038 4 0 55 44 46 0 0 0 0 22 13 0 0 0 0 0 0 18 0 0 0 0 0 10 2 0 0 0 0 0 0 -999 
P291 2038 5 18 0 0 0 0 0 3 3 6 0 12 0 6 0 0 0 0 0 0 0 0 0 0 0 0 0 0 0 0 3 0 
P291 2038 6 0 0 0 0 0 0 0 0 6 0 0 14 0 0 0 0 0 0 0 0 0 0 0 0 0 10 0 0 0 0 -999 
P291 2038 7 0 13 0 0 0 0 0 0 0 0 7 0 0 0 0 0 0 0 0 0 0 0 0 0 0 0 0 0 0 0 6 
P291 2038 8 3 0 0 0 0 0 0 0 0 0 0 0 0 0 10 0 0 0 0 0 0 0 0 0 0 0 0 0 0 0 0 
P291 2038 9 0 0 0 0 0 0 0 0 0 0 0 0 0 0 0 0 0 0 0 0 21 0 0 0 0 0 0 0 0 0 -999 
P291 2038 10 0 0 0 0 0 0 0 0 0 0 0 0 0 0 0 0 0 28 0 35 0 51 62 0 0 32 0 37 21 0 0 
P291 2038 11 36 9 23 28 77 82 40 0 0 0 0 100 0 16 33 45 0 29 49 0 4 0 6 0 0 0 51 68 86 33 -999 
P291 2038 12 16 0 0 0 0 13 0 16 26 0 0 1 0 0 0 0 0 0 0 0 6 0 0 0 49 27 30 0 67 57 26 
P291 2039 1 30 33 0 0 139 28 16 9 0 0 0 110 113 29 38 88 121 52 127 120 60 0 0 47 125 160 233 62 19 11 19 
P291 2039 2 0 0 8 11 0 0 0 0 0 0 0 0 4 13 30 13 18 10 0 11 48 73 74 47 25 104 64 0 -999 -999 -999 
P291 2039 3 0 6 5 17 24 24 11 5 0 0 28 0 47 0 8 28 39 0 58 80 61 28 0 0 0 0 0 0 2 0 1 
P291 2039 4 0 0 0 0 0 0 0 0 0 0 0 0 0 0 0 0 0 0 0 0 0 0 0 0 0 0 0 20 0 0 -999 
P291 2039 5 0 0 23 0 0 0 0 0 0 0 55 0 0 0 16 0 0 0 10 0 0 0 0 14 20 24 24 30 35 0 0 
P291 2039 6 0 14 0 0 0 0 0 25 51 0 0 0 0 0 0 0 30 40 0 0 2 0 0 0 0 0 0 0 0 0 -999 
P291 2039 7 0 0 0 0 0 0 0 0 0 0 0 0 0 0 10 0 5 0 0 0 0 0 0 0 0 0 0 0 0 0 0 
P291 2039 8 0 0 0 0 0 0 0 0 0 0 0 0 0 0 0 0 0 10 0 0 0 0 0 0 0 0 0 0 5 0 0 
P291 2039 9 0 0 0 0 0 0 0 0 0 0 0 11 0 0 0 0 0 0 23 0 0 0 0 0 0 0 0 0 0 0 -999 
P291 2039 10 26 0 0 0 0 0 0 0 0 0 0 10 4 0 0 0 0 0 39 81 42 55 44 70 61 12 13 41 0 0 0 
P291 2039 11 69 43 0 0 4 0 0 0 0 7 0 0 0 0 0 29 0 7 0 0 19 0 0 12 25 0 0 68 64 41 -999 
P291 2039 12 38 0 0 5 0 0 0 0 0 0 0 0 20 0 0 35 116 231 55 0 0 0 0 0 0 28 38 24 11 0 0 
P291 2040 1 0 0 0 0 0 0 0 0 0 0 5 9 0 0 4 17 23 12 0 75 0 0 0 0 0 0 2 3 21 36 127 
P291 2040 2 0 25 0 79 71 0 0 0 0 0 54 40 30 118 170 100 86 138 142 0 34 47 79 86 48 39 26 61 -999 -999 -999 
P291 2040 3 0 0 60 53 0 0 20 24 24 0 0 0 0 0 0 0 16 0 0 0 0 0 0 0 0 0 0 0 0 0 0 
P291 2040 4 30 0 22 0 50 44 22 0 0 0 11 0 0 0 42 18 10 0 0 0 0 0 4 2 0 0 0 0 0 0 -999 
P291 2040 5 4 0 0 0 0 0 18 0 0 0 0 0 0 0 0 0 0 0 0 0 0 0 0 23 0 15 5 0 0 0 0 
P291 2040 6 0 0 0 0 21 0 0 0 0 0 0 0 23 16 0 0 0 0 14 0 15 0 3 4 0 0 0 0 0 0 -999 
P291 2040 7 0 0 0 0 3 0 0 0 0 0 0 0 0 0 0 0 0 0 0 0 0 0 11 0 0 0 0 0 0 0 0 
P291 2040 8 0 0 0 0 0 0 0 0 0 0 0 0 0 0 0 0 0 0 0 0 0 0 0 0 0 0 0 0 0 0 0 
P291 2040 9 0 0 0 0 0 0 0 0 0 0 0 0 0 9 14 43 0 6 0 20 20 15 0 0 0 0 0 0 0 0 -999 
P291 2040 10 0 0 0 0 0 0 26 54 0 50 0 0 23 0 0 28 97 149 18 0 5 0 0 25 20 0 0 0 0 0 0 
P291 2040 11 0 0 0 0 0 0 0 23 17 0 0 0 0 91 65 100 62 0 25 0 0 0 0 0 0 0 0 0 0 0 -999 
P291 2040 12 0 0 0 0 0 1 7 17 24 0 0 9 0 0 0 0 0 0 0 0 6 0 0 0 0 0 0 0 0 0 6 
P291 2041 1 0 0 0 0 37 37 0 14 0 18 39 0 0 0 0 47 0 0 0 0 0 0 40 83 37 0 0 37 26 93 0 
P291 2041 2 9 0 8 0 0 0 11 23 44 53 56 56 30 0 84 126 0 14 0 16 0 0 0 0 0 0 0 0 -999 -999 -999 
P291 2041 3 0 0 7 0 0 0 21 0 47 0 0 12 0 0 2 0 0 0 0 0 0 0 0 5 0 3 0 0 0 0 1 
P291 2041 4 0 0 0 0 9 7 0 0 0 0 0 0 21 12 15 0 0 0 0 0 0 0 0 0 0 0 0 0 0 0 -999 
P291 2041 5 0 0 14 30 47 0 30 14 0 0 0 0 0 6 3 0 0 37 0 0 0 0 0 0 0 0 0 0 0 0 0 
P291 2041 6 0 0 0 0 0 0 0 12 11 0 19 0 10 10 0 0 0 0 0 21 5 3 0 0 0 0 0 0 0 0 -999 
P291 2041 7 0 0 10 0 5 0 0 0 0 0 0 0 0 0 0 0 0 0 0 1 0 0 0 0 0 0 0 0 0 0 0 
P291 2041 8 0 0 0 0 0 0 0 0 0 0 0 0 0 0 0 0 0 0 0 0 0 0 0 0 0 0 0 0 0 0 0 
P291 2041 9 0 0 0 0 9 0 0 0 0 0 0 0 0 0 0 0 0 0 13 0 0 0 0 0 0 0 0 0 0 0 -999 
P291 2041 10 0 0 0 0 0 0 0 0 0 0 0 0 16 0 0 0 0 0 9 0 3 0 30 0 24 0 10 0 0 0 0 
P291 2041 11 53 94 26 0 6 4 0 0 0 0 0 0 0 7 0 0 0 0 0 11 21 11 4 0 62 30 0 22 0 23 -999 
P291 2041 12 68 91 163 0 21 15 0 21 21 0 0 0 0 0 0 0 0 0 7 11 27 0 0 0 6 8 14 46 59 55 38 
P291 2042 1 35 61 86 102 41 0 0 0 16 55 0 0 0 0 0 0 32 33 62 7 2 0 0 0 46 44 76 56 0 0 0 
P291 2042 2 0 0 0 0 0 0 0 0 0 0 0 0 0 0 0 0 0 0 0 0 0 0 0 26 0 0 0 0 -999 -999 -999 
P291 2042 3 0 0 0 0 0 2 0 0 0 0 0 0 0 0 0 0 0 30 30 0 37 38 57 59 57 0 0 0 27 8 0 
P291 2042 4 4 3 0 0 0 10 0 0 14 0 0 0 0 0 0 39 0 46 14 18 0 22 43 8 0 0 0 7 14 33 -999 
P291 2042 5 0 60 97 67 33 46 34 31 24 0 40 49 77 0 0 11 11 8 0 0 0 4 0 0 1 0 0 0 0 13 0 
P291 2042 6 15 0 20 25 0 0 28 30 0 0 0 0 0 0 0 16 0 0 14 0 0 0 0 0 0 0 0 0 0 0 -999 
P291 2042 7 0 0 0 0 0 0 0 10 0 6 0 0 0 0 0 0 0 0 0 0 0 0 0 0 0 0 0 0 0 0 0 
P291 2042 8 0 0 0 0 0 0 0 0 0 14 0 0 0 0 0 0 0 16 0 0 0 0 0 0 0 0 0 0 0 0 0 
P291 2042 9 0 0 0 0 0 0 0 0 0 0 0 0 0 0 0 0 0 22 26 0 0 0 0 9 13 0 0 0 0 0 -999 
P291 2042 10 0 0 0 0 0 0 0 0 10 0 2 1 1 0 0 0 0 3 0 0 0 0 0 0 0 0 0 0 4 0 0 
P291 2042 11 0 0 0 0 0 19 0 12 0 16 22 53 0 0 0 0 8 6 0 0 0 0 18 7 8 37 27 0 0 16 -999 
P291 2042 12 24 18 0 27 123 7 0 20 0 22 65 71 41 8 0 6 8 0 41 43 14 0 16 0 0 0 32 41 92 134 74 
P291 2043 1 0 0 0 0 0 0 0 0 0 0 0 41 0 34 77 64 85 50 0 3 0 0 0 0 0 0 0 0 0 0 0 
P291 2043 2 0 0 0 1 0 0 0 0 0 63 0 0 0 0 101 87 0 0 0 0 0 0 0 0 0 0 15 0 -999 -999 -999 
P291 2043 3 22 0 0 3 4 5 8 6 5 14 47 51 53 0 51 67 81 60 62 46 19 53 82 74 45 72 0 0 81 98 52 
P291 2043 4 112 102 78 0 14 28 22 36 0 39 22 0 61 0 7 0 0 0 0 0 0 32 28 0 0 0 0 50 85 23 -999 
P291 2043 5 19 0 0 0 0 0 0 0 8 11 0 0 0 31 35 41 67 54 51 64 27 0 4 0 0 0 0 0 0 0 0 
P291 2043 6 0 0 0 0 0 0 0 0 0 0 0 0 3 0 0 0 0 0 0 0 0 0 0 0 0 0 0 0 4 0 -999 
P291 2043 7 0 0 0 0 0 0 0 0 0 4 0 0 0 0 0 0 0 0 0 0 0 10 0 0 0 0 0 0 0 0 3 
P291 2043 8 0 0 0 0 0 0 6 0 13 0 0 0 0 0 0 0 0 0 0 0 0 0 4 0 0 0 0 0 0 0 0 
P291 2043 9 0 0 0 0 0 0 3 0 0 0 0 0 0 0 0 0 0 0 0 0 0 0 0 0 0 0 0 0 0 0 -999 
P291 2043 10 0 0 0 0 3 0 0 0 0 0 0 0 24 0 0 0 0 0 0 14 14 10 13 0 0 1 0 0 0 16 7 
P291 2043 11 0 0 18 29 240 79 0 0 0 0 0 0 0 0 0 4 0 0 44 0 75 71 0 39 72 88 102 31 43 0 -999 
P291 2043 12 9 0 0 70 61 48 0 0 0 0 0 0 0 0 0 0 0 0 17 14 3 0 0 1 0 0 0 3 0 0 0 
P291 2044 1 0 0 0 0 0 8 10 0 0 26 0 47 27 0 0 0 27 128 73 41 0 18 14 51 98 92 32 13 9 0 17 
P291 2044 2 0 0 0 65 19 9 0 0 16 0 20 0 6 5 0 0 27 0 0 0 0 0 0 0 3 0 9 6 -999 -999 -999 
P291 2044 3 0 0 0 0 0 0 0 0 0 9 0 0 0 6 0 18 14 14 0 0 0 0 0 0 0 0 0 47 26 0 21 
P291 2044 4 0 42 43 25 25 0 0 0 52 0 0 0 0 0 0 0 27 15 0 0 0 0 7 0 0 30 19 0 0 26 -999 
P291 2044 5 21 8 19 24 0 29 57 45 44 65 65 56 37 21 24 0 0 9 0 11 26 0 0 0 5 4 0 0 0 0 0 
P291 2044 6 0 0 0 0 0 0 0 0 0 0 0 0 0 0 0 0 11 0 13 0 0 38 0 14 0 16 0 0 0 0 -999 
P291 2044 7 0 0 0 0 0 0 0 0 0 0 0 0 0 4 0 0 0 0 0 0 0 0 0 0 0 0 0 0 0 0 0 
P291 2044 8 0 0 0 0 0 0 0 0 0 0 0 0 0 0 0 0 0 0 0 0 0 0 0 0 0 0 0 0 0 0 0 
P291 2044 9 0 3 0 0 0 0 0 0 0 0 0 0 0 0 0 0 0 0 12 0 0 9 10 0 0 0 0 0 0 0 -999 
P291 2044 10 0 0 0 0 0 0 0 0 7 0 0 0 0 0 0 0 0 0 0 58 0 0 27 105 79 0 0 0 0 0 0 
P291 2044 11 0 0 0 0 23 9 0 0 0 27 46 0 81 58 33 33 0 0 13 0 96 34 0 0 0 0 0 0 0 0 -999 
P291 2044 12 0 0 0 0 0 0 7 0 0 0 0 0 0 0 12 0 22 47 85 184 30 0 0 22 0 51 0 0 6 16 17 
P291 2045 1 26 43 83 16 0 22 40 85 147 83 59 77 0 0 0 0 0 19 0 0 0 0 0 0 0 0 0 0 0 11 33 
P291 2045 2 0 21 0 0 0 0 30 5 0 21 62 94 50 9 0 0 0 0 0 32 48 0 0 0 105 223 280 224 -999 -999 -999 
P291 2045 3 27 12 31 37 0 0 22 50 75 80 68 0 57 0 52 15 36 0 0 0 0 0 0 3 0 0 0 0 0 0 0 
P291 2045 4 2 0 0 0 0 0 0 0 0 5 0 28 8 35 69 0 13 0 15 0 0 0 9 0 6 0 0 0 0 0 -999 
P291 2045 5 12 0 0 42 0 0 0 0 0 0 0 0 0 0 0 0 0 0 0 0 30 0 46 0 29 0 21 42 58 0 16 
P291 2045 6 0 14 0 0 0 0 0 0 0 0 0 0 0 44 0 0 0 0 0 0 0 0 0 3 0 6 0 0 0 9 -999 
P291 2045 7 0 0 0 0 0 0 0 0 0 0 0 0 0 0 0 0 0 0 0 0 0 0 0 0 0 0 0 0 0 0 0 
P291 2045 8 0 0 0 0 0 0 0 0 0 0 0 0 0 0 0 0 0 0 0 0 0 0 0 0 0 0 0 0 0 0 0 
P291 2045 9 0 0 0 12 16 0 0 0 0 0 0 0 0 0 0 0 0 0 0 0 0 0 0 0 0 8 0 13 0 0 -999 
P291 2045 10 0 0 0 0 18 15 13 0 13 0 9 0 8 0 3 0 0 0 0 21 0 0 0 0 7 0 0 0 0 0 0 
P291 2045 11 0 0 0 52 25 10 0 0 0 0 0 0 0 0 0 0 0 47 39 0 0 0 0 0 9 0 16 0 0 0 -999 
P291 2045 12 0 0 0 0 0 0 0 0 0 30 0 0 0 0 0 0 0 0 0 0 0 0 15 81 0 0 0 0 0 8 7 
P291 2046 1 0 0 0 0 5 12 0 10 0 0 0 0 0 0 0 0 25 109 128 115 80 84 74 89 56 90 74 46 93 72 78 
P291 2046 2 46 0 0 0 0 0 0 0 0 0 0 24 50 0 0 123 209 145 39 0 10 0 11 0 15 0 0 48 -999 -999 -999 
P291 2046 3 21 0 0 0 0 0 0 0 0 0 0 0 0 2 0 0 0 0 0 0 0 0 0 17 15 0 38 17 0 0 0 
P291 2046 4 0 0 0 14 0 0 0 60 75 68 0 0 40 64 61 66 83 40 14 0 25 0 48 0 58 33 34 22 0 27 -999 
P291 2046 5 23 18 0 0 0 0 0 0 0 0 21 0 0 0 4 0 13 0 0 0 21 0 0 0 89 36 14 0 0 0 22 
P291 2046 6 0 0 11 0 66 27 0 0 0 0 0 0 0 0 0 26 0 0 0 0 0 0 0 0 0 0 0 0 0 0 -999 
P291 2046 7 0 0 0 0 0 0 0 0 0 0 0 0 0 0 0 0 0 0 0 0 0 0 0 0 0 0 0 0 0 0 0 
P291 2046 8 0 0 0 0 0 0 0 0 0 0 0 0 0 0 0 0 0 0 0 0 0 0 0 0 0 0 0 0 0 0 0 
P291 2046 9 0 0 0 0 0 0 0 0 0 0 0 0 0 0 0 0 0 0 4 0 0 0 0 0 0 0 0 0 0 0 -999 
P291 2046 10 0 14 0 0 0 0 0 0 0 0 0 0 0 0 0 0 0 0 0 0 0 0 0 0 6 0 0 0 0 0 0 
P291 2046 11 30 0 93 61 12 9 3 0 0 0 0 0 0 0 0 0 0 7 0 0 0 0 0 0 7 0 0 0 0 0 -999 
P291 2046 12 0 9 0 2 0 1 0 5 0 8 12 15 0 0 0 0 11 14 12 0 0 0 0 0 7 21 0 1 0 0 0 
P291 2047 1 19 25 82 0 39 0 15 0 0 34 34 0 0 0 7 40 0 0 0 6 15 14 0 0 0 0 23 32 0 0 22 
P291 2047 2 39 0 5 0 0 6 0 0 0 8 0 19 42 0 0 0 10 0 23 55 29 28 39 37 48 0 4 0 -999 -999 -999 
P291 2047 3 0 30 20 13 0 28 0 0 0 24 0 25 39 44 0 19 0 0 0 0 0 0 0 0 0 0 0 0 0 8 0 
P291 2047 4 22 0 17 0 0 9 0 0 0 7 0 0 0 0 0 0 23 39 0 25 0 0 0 0 22 16 0 23 28 19 -999 
P291 2047 5 16 0 26 0 11 33 0 4 0 0 0 0 30 0 61 43 17 0 0 0 0 0 33 0 0 0 0 0 0 0 0 
P291 2047 6 0 0 0 0 0 0 0 0 0 0 0 0 0 0 0 0 0 0 0 0 0 0 0 0 0 0 0 0 0 0 -999 
P291 2047 7 0 0 0 0 0 0 0 0 0 0 0 0 0 0 0 0 0 0 0 0 0 0 0 0 0 0 0 0 0 0 0 
P291 2047 8 0 0 0 0 0 0 0 0 0 0 0 0 0 10 0 0 0 0 0 0 0 0 0 0 0 0 0 0 20 0 0 
P291 2047 9 13 0 0 0 0 0 0 0 0 7 0 0 0 0 0 0 0 0 0 5 0 0 0 0 0 26 12 0 0 0 -999 
P291 2047 10 0 36 0 70 0 0 0 0 22 10 4 0 10 0 0 0 0 0 0 0 0 0 0 0 0 0 28 25 0 11 0 
P291 2047 11 17 3 0 2 5 0 0 0 0 6 0 0 0 0 4 0 0 17 29 26 0 0 0 0 0 0 14 28 26 16 -999 
P291 2047 12 42 69 0 74 236 265 262 105 0 8 0 0 8 0 127 0 0 41 124 92 28 49 38 45 49 36 0 0 20 0 7 
P291 2048 1 0 0 0 0 0 0 0 0 7 21 0 0 3 0 3 0 0 0 0 0 0 0 0 0 0 78 99 6 0 0 0 
P291 2048 2 28 0 0 0 0 11 32 89 16 0 0 0 0 6 0 0 0 45 0 0 0 0 6 0 0 10 5 0 -999 -999 -999 
P291 2048 3 0 0 0 0 0 0 0 0 0 0 0 0 0 0 0 0 0 34 56 39 0 0 18 8 0 0 0 24 21 20 0 
P291 2048 4 8 0 0 0 38 0 61 0 18 9 24 67 94 50 16 27 70 0 136 116 46 24 24 19 13 21 0 0 15 23 -999 
P291 2048 5 0 0 0 0 10 0 0 4 0 0 43 0 0 0 0 0 0 0 0 15 0 0 26 18 0 19 0 49 40 0 0 
P291 2048 6 0 0 0 11 0 0 0 0 0 0 4 0 0 0 0 0 0 0 0 0 0 0 0 0 0 0 0 0 0 0 -999 
P291 2048 7 0 0 0 0 0 10 0 0 0 0 0 0 0 0 0 0 0 0 0 0 0 0 0 0 0 0 0 0 0 0 0 
P291 2048 8 0 0 0 0 0 0 0 0 8 0 0 0 0 0 0 0 0 0 0 3 0 0 0 0 0 2 0 0 0 0 0 
P291 2048 9 0 0 0 0 0 0 0 0 0 0 0 0 0 0 0 0 0 0 0 0 5 0 3 0 0 0 0 0 0 0 -999 
P291 2048 10 0 33 49 0 0 0 0 0 1 0 0 0 0 23 0 44 0 0 0 0 2 9 19 0 12 0 0 0 0 20 0 
P291 2048 11 0 23 11 7 4 13 49 27 0 0 18 18 0 0 0 0 49 0 1 0 0 0 0 0 0 0 11 0 155 128 -999 
P291 2048 12 70 78 107 44 0 0 0 0 0 0 0 0 0 30 0 0 0 46 57 175 41 16 0 0 0 0 0 0 0 0 3 
P291 2049 1 0 35 47 0 0 0 0 0 0 0 0 0 8 8 0 0 0 1 0 0 0 3 0 11 9 0 0 0 0 0 0 
P291 2049 2 0 0 0 0 0 0 0 80 38 74 73 167 210 151 74 214 78 111 71 84 112 70 92 201 125 130 84 36 -999 -999 -999 
P291 2049 3 0 102 113 136 92 48 33 0 58 0 34 0 0 0 0 0 30 33 31 0 0 0 0 0 0 0 0 0 0 0 0 
P291 2049 4 0 24 0 0 30 0 0 1 0 0 0 4 0 5 0 0 2 1 0 0 0 0 0 0 0 0 0 0 0 0 -999 
P291 2049 5 0 24 17 7 0 0 0 0 24 0 0 0 0 0 0 0 0 0 0 0 20 9 0 0 0 0 0 0 0 0 0 
P291 2049 6 0 0 0 3 0 2 0 6 0 0 0 0 0 0 0 0 0 0 0 0 0 0 5 0 0 0 0 0 0 0 -999 
P291 2049 7 0 0 0 0 0 24 28 0 0 0 0 0 11 0 7 0 0 0 0 0 0 0 0 0 0 0 0 0 0 0 0 
P291 2049 8 0 0 0 0 0 0 0 0 0 0 0 0 0 0 0 0 0 0 0 0 0 0 0 0 0 0 0 0 0 0 0 
P291 2049 9 0 0 0 0 0 0 0 0 9 0 0 6 0 0 2 0 0 0 0 0 6 0 0 0 0 0 5 0 0 0 -999 
P291 2049 10 0 0 0 0 0 0 0 0 0 0 0 0 0 0 0 0 16 18 0 0 0 5 0 24 25 28 44 31 12 10 0 
P291 2049 11 0 0 0 17 0 0 108 151 90 12 0 0 0 0 0 0 0 0 9 0 0 0 0 0 0 0 16 0 0 11 -999 
P291 2049 12 0 0 0 0 0 0 0 0 9 0 0 0 0 31 116 73 0 0 0 0 0 0 0 23 29 17 0 0 0 0 0 
P291 2050 1 0 0 0 0 0 0 0 0 0 34 104 93 138 92 61 162 128 110 0 10 0 0 19 16 16 25 0 0 3 10 0 
P291 2050 2 13 0 0 0 0 0 7 0 0 28 0 1 0 0 0 0 1 0 4 0 0 0 0 1 0 0 0 0 -999 -999 -999 
P291 2050 3 0 0 0 0 0 0 0 0 0 0 16 10 0 0 0 13 0 0 41 26 16 21 46 64 68 0 0 0 25 5 0 
P291 2050 4 0 0 0 0 0 14 0 20 0 0 63 104 0 0 0 0 39 0 25 32 22 0 26 0 0 0 0 0 0 0 -999 
P291 2050 5 0 63 17 24 0 14 0 0 0 0 17 11 13 0 16 8 0 0 0 0 0 12 0 0 0 0 26 21 13 0 8 
P291 2050 6 0 0 0 16 0 0 0 3 0 0 0 11 0 19 0 0 0 0 0 0 0 0 0 0 0 0 10 0 0 0 -999 
P291 2050 7 0 0 0 0 0 0 0 0 0 0 0 0 0 0 0 0 0 0 1 3 0 0 0 0 0 0 0 0 0 0 0 
P291 2050 8 0 6 0 0 0 0 0 4 0 0 0 0 0 0 0 0 0 0 0 0 0 0 0 0 0 0 0 0 0 0 0 
P291 2050 9 0 0 0 0 0 0 0 0 0 0 3 0 0 0 0 0 0 0 0 0 0 0 0 0 0 0 0 0 0 0 -999 
P291 2050 10 0 0 0 0 4 0 0 0 0 0 0 0 8 0 19 43 27 20 0 0 0 14 0 0 0 0 26 32 33 0 77 
P291 2050 11 48 16 0 0 0 0 1 0 0 5 0 0 0 0 35 9 0 0 0 0 0 0 34 57 0 4 30 23 8 0 -999 
P291 2050 12 0 7 0 0 0 0 0 18 0 69 0 27 90 105 55 0 0 30 0 0 8 11 0 0 0 0 0 0 7 0 7 
P291 2051 1 15 0 0 8 0 0 0 0 0 0 17 31 103 42 58 0 0 13 7 2 5 6 0 5 0 0 7 0 0 24 42 
P291 2051 2 62 96 0 0 22 0 17 0 0 0 0 4 0 0 0 14 0 0 35 0 0 59 100 36 35 51 0 0 -999 -999 -999 
P291 2051 3 0 14 0 54 0 0 0 27 0 39 41 37 0 59 0 37 40 24 0 0 0 29 0 0 0 13 0 9 0 0 0 
P291 2051 4 0 15 0 0 0 0 42 0 66 29 3 0 0 0 82 0 0 0 0 0 0 0 0 0 0 0 0 30 7 0 -999 
P291 2051 5 0 0 22 0 0 0 0 0 22 0 0 0 0 0 0 12 0 0 0 0 14 0 0 0 0 0 0 0 0 0 0 
P291 2051 6 0 25 22 0 0 11 0 0 0 0 10 0 0 0 0 0 0 10 0 0 0 0 0 0 0 0 0 0 0 0 -999 
P291 2051 7 0 0 0 0 0 0 0 0 0 0 0 0 0 0 0 0 0 0 0 0 0 0 0 0 0 0 0 0 6 0 0 
P291 2051 8 0 0 0 0 0 0 0 0 0 0 0 0 0 0 0 0 0 0 0 0 8 0 0 0 0 0 0 0 0 0 2 
P291 2051 9 0 4 0 0 0 1 4 0 0 0 0 0 0 0 0 0 0 0 0 0 0 0 0 21 0 0 0 0 0 0 -999 
P291 2051 10 0 0 0 0 0 0 16 25 0 0 0 0 0 0 28 0 0 0 20 0 0 0 0 0 6 0 45 65 82 29 0 
P291 2051 11 0 0 0 0 30 0 0 0 0 0 0 0 63 34 0 0 17 37 91 33 33 44 75 40 30 36 0 0 24 38 -999 
P291 2051 12 0 5 0 0 0 119 90 68 22 0 17 23 0 0 38 68 0 20 81 58 75 42 0 0 0 0 0 4 5 0 0 
P291 2052 1 0 0 9 0 0 2 0 0 0 0 0 0 0 0 0 0 0 0 0 0 0 0 0 0 0 0 0 0 0 0 0 
P291 2052 2 0 0 0 0 0 0 0 0 0 0 0 22 0 0 24 0 23 0 0 0 24 0 0 0 39 32 0 0 -999 -999 -999 
P291 2052 3 0 0 0 12 0 0 0 18 0 0 0 0 23 0 0 0 31 16 0 0 76 63 0 27 41 44 23 12 0 10 0 
P291 2052 4 0 0 0 0 0 2 0 0 0 0 0 0 0 0 0 0 0 0 0 0 0 0 0 0 0 0 0 0 0 0 -999 
P291 2052 5 0 0 0 0 6 24 33 0 0 0 0 21 18 0 15 0 0 0 0 0 0 0 0 0 0 0 0 0 0 0 0 
P291 2052 6 0 0 0 0 0 0 0 0 0 0 0 30 0 0 13 0 13 0 5 0 0 0 0 0 0 0 0 0 0 0 -999 
P291 2052 7 0 0 0 0 0 0 0 0 0 0 0 0 0 0 0 0 0 0 0 0 0 0 0 0 0 0 0 0 0 0 0 
P291 2052 8 0 0 0 0 0 6 0 0 0 0 0 0 0 0 0 0 0 0 0 0 0 0 0 0 0 0 0 0 0 0 0 
P291 2052 9 0 0 0 0 0 0 0 0 0 0 0 0 0 0 0 0 0 10 0 0 0 0 0 0 0 0 0 0 0 16 -999 
P291 2052 10 0 0 0 0 0 0 0 0 0 0 0 0 16 10 0 0 6 0 3 0 0 0 0 0 0 0 0 0 0 0 0 
P291 2052 11 0 0 0 0 0 0 0 0 0 0 0 0 6 11 11 5 0 0 0 0 0 0 0 30 54 75 92 0 0 32 -999 
P291 2052 12 0 31 19 18 26 0 5 11 42 119 0 18 77 71 21 9 19 43 31 0 0 0 16 0 22 0 0 0 5 36 0 
P291 2053 1 0 0 0 0 0 0 0 0 0 0 0 0 0 24 0 6 0 0 0 0 0 0 0 0 0 0 0 0 0 0 0 
P291 2053 2 0 59 42 76 68 80 80 27 29 12 12 0 1 3 4 0 0 14 4 0 7 0 0 11 0 27 95 95 -999 -999 -999 
P291 2053 3 93 27 12 18 35 0 0 0 12 21 21 0 13 20 21 22 0 57 44 27 0 18 0 0 0 0 0 12 0 0 26 
P291 2053 4 31 0 0 25 0 0 80 47 0 0 0 45 8 0 0 4 0 0 0 0 0 0 8 5 0 0 0 0 0 0 -999 
P291 2053 5 27 0 0 66 32 82 87 35 26 0 14 0 0 0 13 0 0 0 0 29 31 0 30 32 8 0 0 0 0 0 12 
P291 2053 6 0 16 13 0 9 0 0 0 0 0 0 6 0 0 15 0 11 0 0 0 0 0 0 0 0 0 0 0 0 0 -999 
P291 2053 7 0 0 0 0 0 0 0 0 2 0 0 0 0 0 0 0 0 0 0 0 0 0 0 0 0 0 0 7 0 0 0 
P291 2053 8 0 0 0 0 0 0 0 0 0 0 10 4 0 0 0 0 0 0 0 0 0 0 0 0 0 0 0 0 0 0 0 
P291 2053 9 0 0 0 0 0 0 0 0 0 0 0 0 0 0 0 2 0 0 0 0 0 0 6 0 0 0 0 0 0 0 -999 
P291 2053 10 0 0 0 0 0 0 0 0 0 1 0 0 0 0 14 0 0 0 0 7 10 0 0 0 0 0 0 0 9 16 14 
P291 2053 11 0 20 60 0 22 0 15 18 67 123 61 36 17 21 67 69 0 49 7 13 0 0 0 0 0 0 23 14 18 26 -999 
P291 2053 12 0 0 0 0 0 0 0 0 0 0 0 0 0 0 22 0 0 0 0 0 0 0 16 20 62 73 34 0 89 54 71 
P291 2054 1 63 49 128 68 91 95 42 33 59 50 0 74 90 129 47 67 44 0 0 0 0 0 0 0 0 11 34 197 123 25 29 
P291 2054 2 0 130 93 32 5 0 30 33 11 0 0 22 25 20 11 14 0 0 0 0 0 8 0 0 0 0 0 0 -999 -999 -999 
P291 2054 3 0 0 0 0 0 0 0 0 0 0 0 2 0 0 0 0 0 25 0 10 11 16 33 11 0 0 0 0 42 33 28 
P291 2054 4 0 20 19 0 55 83 113 62 28 34 53 62 0 0 15 39 16 20 20 0 0 0 1 0 0 0 0 43 38 0 -999 
P291 2054 5 34 20 0 0 0 0 0 0 0 0 20 0 8 0 0 31 26 0 13 21 0 42 0 81 63 26 16 0 14 0 0 
P291 2054 6 0 0 0 0 0 0 0 0 0 0 0 0 0 0 0 0 0 0 0 0 0 0 0 0 0 0 0 0 0 0 -999 
P291 2054 7 0 0 0 0 0 0 0 0 0 0 0 0 0 0 0 0 0 0 0 0 0 0 0 0 0 0 0 0 0 0 0 
P291 2054 8 0 0 0 0 0 0 0 0 0 0 0 0 0 0 0 0 0 0 0 12 0 4 0 0 0 0 0 0 3 0 0 
P291 2054 9 0 0 0 0 0 0 0 0 1 0 0 20 0 0 0 0 0 0 0 3 4 0 0 29 0 0 0 0 14 50 -999 
P291 2054 10 25 18 0 27 0 0 0 0 0 0 0 0 0 0 0 0 0 0 13 0 0 0 0 0 59 44 0 10 18 0 0 
P291 2054 11 54 14 5 0 0 0 0 0 86 94 0 42 0 0 142 0 12 0 0 0 32 0 0 0 0 0 32 0 0 0 -999 
P291 2054 12 7 6 0 0 0 5 0 0 0 0 0 60 37 16 0 8 0 0 0 0 0 8 0 0 92 77 88 89 0 71 63 
P291 2055 1 22 0 25 43 14 8 0 24 10 42 81 0 0 0 0 0 37 146 95 0 16 0 0 0 0 0 0 9 0 0 0 
P291 2055 2 0 0 12 22 0 41 70 0 0 0 0 0 0 0 0 0 4 0 0 0 0 0 0 0 0 0 26 0 -999 -999 -999 
P291 2055 3 28 28 44 54 35 0 0 19 29 0 0 35 33 0 0 4 0 0 5 0 0 0 16 32 23 0 0 0 0 0 0 
P291 2055 4 3 0 0 0 9 7 0 0 14 22 0 17 0 0 0 0 0 0 0 30 26 34 9 0 0 0 0 10 0 0 -999 
P291 2055 5 0 0 0 0 0 0 0 2 0 20 72 60 27 0 0 0 0 0 0 8 0 0 0 0 22 50 29 0 0 0 8 
P291 2055 6 0 0 0 7 0 4 0 0 0 0 0 0 0 0 0 0 0 0 0 0 0 0 0 0 0 0 0 0 0 0 -999 
P291 2055 7 0 0 0 0 0 0 0 0 0 0 0 0 0 0 0 0 0 0 0 0 0 0 0 0 0 0 0 0 0 0 0 
P291 2055 8 0 0 0 0 0 0 0 0 0 0 0 0 0 0 0 0 0 0 0 0 0 0 0 0 0 0 0 0 0 0 0 
P291 2055 9 0 0 0 0 0 0 0 0 0 0 0 0 0 0 0 0 15 0 0 0 0 14 0 0 0 0 0 0 0 0 -999 
P291 2055 10 0 0 16 0 0 0 0 0 10 0 34 0 0 9 40 72 114 47 7 23 3 0 0 0 0 0 10 0 0 0 0 
P291 2055 11 9 0 0 0 0 44 66 50 29 0 19 25 0 0 14 25 45 0 10 4 0 10 19 0 0 0 0 30 132 60 -999 
P291 2055 12 22 6 24 16 32 22 0 0 0 0 0 0 20 0 0 0 0 0 0 0 0 0 0 1 0 0 9 31 0 0 0 
P291 2056 1 28 37 20 56 0 62 85 76 48 81 51 0 0 0 0 16 0 0 10 0 5 0 0 0 0 43 97 54 0 0 0 
P291 2056 2 0 0 34 0 92 83 93 0 27 75 119 78 37 115 138 0 0 0 0 130 97 0 0 0 0 0 0 0 -999 -999 -999 
P291 2056 3 17 0 14 22 65 130 100 89 33 99 105 70 78 150 64 13 0 21 58 114 21 0 0 0 0 0 0 71 0 49 10 
P291 2056 4 0 35 30 0 0 0 0 0 0 0 0 0 0 23 0 0 0 0 27 0 0 0 0 11 0 0 5 0 0 0 -999 
P291 2056 5 0 0 0 0 0 0 0 23 35 26 33 29 0 0 0 0 0 0 0 0 0 0 22 6 0 0 0 0 0 30 50 
P291 2056 6 34 0 0 0 0 0 0 0 0 0 0 0 0 0 0 5 0 0 11 0 0 5 14 0 0 0 0 0 0 0 -999 
P291 2056 7 0 0 0 0 19 0 0 7 0 0 0 0 0 0 0 0 0 0 0 0 0 0 0 0 0 0 0 0 0 0 0 
P291 2056 8 0 0 0 0 0 0 0 0 0 0 0 0 0 0 0 0 0 0 0 0 0 0 0 0 0 0 0 0 0 0 0 
P291 2056 9 0 0 0 0 0 8 0 18 0 0 0 6 0 0 0 0 0 0 0 11 0 0 0 0 0 0 0 0 0 0 -999 
P291 2056 10 11 9 0 0 0 11 17 19 0 0 0 0 0 0 0 0 0 0 12 0 0 0 27 39 98 142 0 0 5 0 0 
P291 2056 11 16 29 13 0 0 0 39 55 0 46 37 55 26 0 59 35 0 1 2 8 4 0 0 0 0 0 0 0 0 0 -999 
P291 2056 12 0 0 0 0 0 0 0 0 0 0 0 1 0 0 0 0 0 65 37 13 0 9 0 2 0 0 10 34 25 23 57 
P291 2057 1 68 106 73 0 72 39 27 20 0 0 64 17 0 11 13 0 38 74 82 24 0 5 0 3 0 0 54 170 110 29 62 
P291 2057 2 0 0 0 0 57 0 19 0 22 0 0 0 0 0 12 10 13 0 0 0 0 0 0 0 0 0 77 43 -999 -999 -999 
P291 2057 3 22 32 26 0 0 0 0 0 0 0 0 0 0 0 37 0 0 131 108 0 17 0 0 0 0 0 0 47 0 37 28 
P291 2057 4 47 38 36 0 0 0 0 0 0 0 0 33 42 36 58 53 59 66 0 0 0 0 65 12 1 0 0 2 0 0 -999 
P291 2057 5 32 0 0 23 0 21 0 22 36 23 0 0 0 0 0 0 0 0 0 11 0 0 0 0 0 9 15 0 0 0 0 
P291 2057 6 0 0 0 0 0 0 0 0 0 0 0 0 0 0 0 0 0 1 0 0 0 0 0 0 0 0 0 0 0 0 -999 
P291 2057 7 0 0 0 0 0 0 0 0 0 0 0 0 0 0 0 0 8 0 0 1 0 0 0 0 0 0 0 0 0 0 0 
P291 2057 8 0 0 0 0 0 0 0 0 0 0 0 0 0 0 0 0 0 0 0 0 0 0 0 0 0 0 0 0 0 0 0 
P291 2057 9 7 0 0 0 0 0 0 0 5 0 0 0 0 0 0 0 0 0 0 0 0 0 0 0 0 19 0 0 0 0 -999 
P291 2057 10 0 0 0 0 17 0 0 0 0 0 0 0 38 21 6 0 0 0 0 0 24 0 0 0 0 76 82 54 37 0 5 
P291 2057 11 0 0 0 0 0 0 11 0 53 0 0 0 152 35 0 8 0 0 27 26 18 0 0 0 0 0 48 74 22 71 -999 
P291 2057 12 66 39 70 9 16 0 0 0 0 0 0 0 0 0 0 0 0 0 0 34 42 41 89 114 56 0 0 16 0 0 0 
P291 2058 1 0 18 4 4 0 6 12 7 27 41 32 106 118 73 155 227 67 79 0 0 0 0 0 0 0 0 27 72 109 123 58 
P291 2058 2 20 0 0 0 67 41 26 0 25 18 0 71 9 0 0 0 0 0 0 0 0 0 0 0 0 0 0 0 -999 -999 -999 
P291 2058 3 0 7 12 0 0 0 0 0 0 0 0 0 0 0 0 0 0 0 0 0 5 0 0 0 0 0 4 2 0 0 0 
P291 2058 4 62 42 7 0 0 0 0 0 18 26 19 0 36 0 0 0 0 0 0 0 0 0 0 24 35 31 15 14 0 24 -999 
P291 2058 5 12 16 0 0 26 36 22 0 5 0 0 0 0 0 18 0 11 0 0 0 0 0 0 0 21 0 0 0 0 0 0 
P291 2058 6 0 0 0 0 0 0 0 0 0 0 0 0 0 5 7 0 13 15 0 19 0 12 0 0 0 0 0 0 0 0 -999 
P291 2058 7 0 0 0 0 0 0 0 0 0 0 0 0 0 0 0 0 0 0 0 0 0 0 0 0 0 0 0 0 0 0 0 
P291 2058 8 0 0 0 0 0 0 0 0 0 0 0 0 0 0 0 0 0 0 0 0 6 0 0 0 0 0 0 0 0 0 0 
P291 2058 9 0 0 0 0 0 0 0 0 0 0 0 0 0 0 0 0 0 0 0 0 0 0 0 0 0 0 0 1 0 15 -999 
P291 2058 10 0 0 33 86 91 19 0 0 0 0 0 0 0 0 0 0 0 0 11 25 34 0 23 18 0 0 0 0 0 0 2 
P291 2058 11 0 0 0 0 0 8 14 0 0 0 44 6 0 0 14 0 0 0 0 0 0 0 0 0 0 0 2 3 8 6 -999 
P291 2058 12 20 0 13 13 12 15 12 4 0 0 0 0 0 0 0 0 0 0 0 0 0 0 0 0 0 3 0 6 0 3 0 
P291 2059 1 0 0 0 0 0 19 26 48 15 0 0 0 0 0 0 17 0 0 0 0 0 0 0 0 0 0 0 0 0 0 0 
P291 2059 2 0 0 5 4 3 4 0 0 0 0 0 42 55 0 0 0 0 0 0 0 0 0 0 7 0 0 0 0 -999 -999 -999 
P291 2059 3 0 0 0 0 0 0 0 9 0 0 0 0 0 0 0 0 0 20 31 0 0 0 0 0 0 0 0 46 48 74 56 
P291 2059 4 18 0 0 6 0 19 0 80 0 55 44 0 29 26 0 20 0 0 0 0 0 41 0 99 26 0 0 0 0 0 -999 
P291 2059 5 0 0 0 0 0 0 0 0 0 0 0 0 6 0 0 0 40 0 31 11 0 0 0 21 0 29 0 0 0 8 0 
P291 2059 6 0 0 0 0 0 0 0 0 0 4 0 0 0 0 0 0 0 0 0 0 0 0 0 0 0 23 15 0 0 0 -999 
P291 2059 7 0 3 0 0 0 0 0 0 0 0 0 0 0 4 0 0 0 0 0 0 0 0 0 0 0 0 0 0 0 0 0 
P291 2059 8 0 0 4 0 0 0 0 0 0 0 0 0 0 0 0 0 0 0 0 0 0 0 0 0 0 50 0 0 0 0 0 
P291 2059 9 4 0 0 0 0 0 0 0 0 0 0 0 0 0 0 0 0 0 0 0 0 0 0 0 0 4 0 0 0 0 -999 
P291 2059 10 0 0 0 0 0 0 0 0 0 0 0 0 0 0 0 0 0 13 0 16 0 0 0 0 0 16 63 0 0 0 0 
P291 2059 11 0 0 59 61 43 0 0 0 0 0 0 0 0 0 11 0 13 0 0 10 0 0 11 21 0 0 0 0 0 0 -999 
P291 2059 12 0 0 0 19 32 0 0 12 0 59 0 41 25 0 0 4 0 0 0 0 0 0 0 20 47 122 105 50 49 0 0 
P291 2060 1 0 0 21 45 0 15 19 0 39 36 112 115 101 62 42 0 0 11 0 0 0 0 0 0 5 0 3 0 0 0 15 
P291 2060 2 46 2 0 0 0 0 0 0 0 0 0 0 0 0 1 0 0 0 16 0 0 0 0 5 0 0 0 0 -999 -999 -999 
P291 2060 3 22 20 0 0 0 0 45 0 0 0 23 6 0 0 0 0 6 0 0 0 0 0 0 41 0 18 0 39 54 26 4 
P291 2060 4 27 16 19 15 0 0 13 0 50 50 0 17 17 0 0 0 0 0 0 0 0 0 0 0 0 0 13 0 0 4 -999 
P291 2060 5 0 9 0 0 22 0 0 0 0 0 0 12 2 0 0 0 0 0 0 0 0 0 0 0 0 0 0 0 15 13 0 
P291 2060 6 17 0 0 0 0 0 0 0 19 0 0 0 0 0 0 0 0 0 17 19 15 0 0 0 0 2 0 0 13 0 -999 
P291 2060 7 0 0 0 0 0 0 0 0 0 0 0 0 0 4 0 0 0 0 0 0 0 0 0 0 0 0 0 0 0 0 0 
P291 2060 8 0 0 0 0 0 0 0 0 0 0 0 0 0 0 0 0 0 0 0 0 0 0 0 0 0 0 0 0 0 0 0 
P291 2060 9 0 0 0 0 0 0 0 0 0 0 0 0 0 0 0 0 0 7 0 0 0 0 0 0 0 0 21 8 0 19 -999 
P291 2060 10 13 0 0 0 0 3 0 0 0 0 0 0 0 0 2 0 0 0 0 0 1 3 0 0 0 0 0 0 0 0 0 
P291 2060 11 0 16 0 0 40 39 44 36 71 0 21 47 0 0 2 0 114 0 134 75 23 0 8 15 31 0 17 0 0 0 -999 
P291 2060 12 0 0 7 14 32 80 72 0 0 0 0 0 0 0 0 0 0 12 8 0 0 9 18 0 0 21 0 32 86 40 15 
P291 2061 1 0 0 24 12 12 0 65 0 29 0 0 8 5 0 0 0 1 0 0 10 0 23 22 10 0 6 2 2 1 0 0 
P291 2061 2 0 21 10 0 0 0 0 0 32 33 0 0 0 0 15 0 0 0 0 0 14 0 0 0 0 0 0 24 -999 -999 -999 
P291 2061 3 40 16 0 0 0 0 0 0 43 23 0 0 0 20 0 0 69 76 35 24 0 37 44 73 139 0 0 0 1 0 0 
P291 2061 4 29 54 75 60 19 8 15 0 0 0 25 26 2 1 0 0 0 0 0 0 0 1 0 0 0 0 0 0 0 0 -999 
P291 2061 5 0 14 0 0 0 0 10 0 0 4 0 0 0 0 13 0 0 0 0 0 0 0 0 0 0 0 0 0 0 0 0 
P291 2061 6 0 0 0 0 0 0 0 0 0 0 0 0 0 0 0 0 0 0 0 3 0 0 0 0 0 0 0 0 0 0 -999 
P291 2061 7 0 0 0 0 0 0 0 0 0 0 0 0 0 0 0 0 0 0 0 0 0 0 0 0 0 0 5 0 0 0 0 
P291 2061 8 0 0 0 0 0 0 0 0 11 0 0 0 0 0 0 0 0 0 0 0 0 0 0 0 0 0 0 0 0 0 0 
P291 2061 9 0 0 0 0 0 0 0 0 0 0 0 0 26 29 0 0 0 9 4 0 0 0 0 0 13 0 0 0 0 0 -999 
P291 2061 10 0 0 0 0 0 0 0 0 0 0 0 0 0 0 37 72 47 0 69 104 25 25 127 103 16 0 0 54 69 0 0 
P291 2061 11 0 26 0 0 0 0 0 0 0 0 20 0 0 0 16 0 63 24 0 0 0 0 0 0 0 0 0 0 13 0 -999 
P291 2061 12 7 0 0 0 5 0 0 0 0 0 22 25 9 0 13 0 18 17 12 14 46 0 0 0 0 0 0 6 0 42 21 
P291 2062 1 0 0 0 0 1 0 0 0 0 1 0 2 3 0 0 0 0 0 0 0 0 0 0 7 18 65 58 43 24 0 0 
P291 2062 2 0 0 31 49 0 0 31 0 21 13 0 0 0 0 0 0 0 0 0 0 0 0 0 69 55 0 30 0 -999 -999 -999 
P291 2062 3 0 12 16 0 32 5 0 8 0 24 81 110 183 200 65 0 0 19 0 0 0 0 0 0 4 0 0 0 0 9 0 
P291 2062 4 0 0 0 0 0 8 0 0 0 0 0 0 0 0 6 0 0 0 0 0 1 0 0 0 0 0 0 28 43 49 -999 
P291 2062 5 0 0 0 0 0 0 0 0 0 28 0 6 0 0 0 0 0 0 0 0 0 1 0 0 0 0 9 6 0 0 0 
P291 2062 6 0 0 0 0 18 7 0 0 0 0 0 0 0 0 0 0 0 0 0 0 0 0 0 0 0 0 0 0 0 0 -999 
P291 2062 7 0 0 0 14 0 0 0 0 2 0 0 0 9 0 0 0 0 0 0 0 0 0 0 0 0 0 0 0 0 0 0 
P291 2062 8 0 0 0 0 0 0 0 0 0 0 0 0 0 0 0 0 0 0 0 0 0 0 0 0 0 0 0 0 0 0 0 
P291 2062 9 0 0 0 0 0 0 0 0 0 0 0 0 0 0 0 5 4 0 0 0 0 0 0 0 0 0 0 0 0 0 -999 
P291 2062 10 0 0 20 80 154 111 39 0 0 0 0 0 0 0 0 0 29 9 0 0 0 0 0 0 2 0 0 0 0 0 0 
P291 2062 11 0 0 0 0 0 0 0 0 20 0 0 0 0 58 0 0 0 42 31 0 0 14 0 0 0 24 0 0 0 0 -999 
P291 2062 12 0 0 0 0 0 10 25 5 0 0 26 21 0 0 4 22 0 89 18 0 0 0 0 5 1 3 0 0 0 0 0 
P291 2063 1 65 0 108 41 23 69 94 202 125 29 16 0 89 91 103 128 74 85 102 58 117 107 57 0 85 45 0 0 0 83 63 
P291 2063 2 124 34 0 0 8 0 0 0 0 0 87 0 0 80 93 147 50 0 2 0 0 1 2 0 0 7 0 0 -999 -999 -999 
P291 2063 3 0 0 0 0 0 23 56 30 0 0 36 0 43 50 65 0 29 0 12 0 15 18 0 36 138 0 54 0 50 45 66 
P291 2063 4 22 0 0 0 86 0 0 45 112 27 6 0 0 0 0 0 15 0 0 0 0 9 15 0 0 0 0 0 0 23 -999 
P291 2063 5 26 39 24 0 0 0 0 0 0 0 0 23 0 19 19 19 0 0 0 0 0 0 0 0 9 0 0 0 0 0 0 
P291 2063 6 0 0 0 0 0 0 0 0 0 0 0 0 0 0 0 0 0 0 0 0 0 0 0 0 0 0 0 0 0 0 -999 
P291 2063 7 0 0 0 0 0 0 0 0 0 0 0 0 0 0 0 0 0 0 0 0 0 0 0 0 0 0 0 0 0 0 0 
P291 2063 8 0 0 0 0 0 0 0 0 0 21 16 0 0 0 0 0 0 0 0 0 0 0 0 0 11 0 0 0 0 0 0 
P291 2063 9 0 0 0 0 0 0 0 0 0 0 0 0 0 0 0 0 0 11 15 0 0 0 0 0 0 11 0 0 0 0 -999 
P291 2063 10 0 0 0 0 0 0 0 0 0 0 0 17 0 113 0 0 0 0 0 0 0 0 0 0 10 15 0 0 0 0 0 
P291 2063 11 0 0 0 0 2 0 0 0 0 2 0 7 20 32 0 0 0 0 0 0 0 23 0 0 0 3 0 0 0 0 -999 
P291 2063 12 0 0 0 0 0 0 0 0 0 1 0 5 5 0 16 0 0 0 0 0 0 0 0 3 0 0 0 0 0 0 0 
P291 2064 1 0 2 0 0 2 0 0 0 0 0 0 0 6 0 34 68 0 0 0 0 0 0 0 0 0 28 26 0 13 24 15 
P291 2064 2 17 42 31 23 17 0 0 8 5 0 0 0 0 0 0 0 0 0 2 0 0 0 0 0 1 0 0 0 -999 -999 -999 
P291 2064 3 0 12 7 0 0 0 35 46 66 60 20 0 0 0 70 43 32 43 0 50 18 0 14 0 0 63 34 13 0 0 19 
P291 2064 4 0 0 51 78 0 26 34 0 19 0 0 0 14 0 0 22 0 0 0 0 16 0 0 51 40 0 18 5 0 0 -999 
P291 2064 5 13 0 0 0 11 17 0 24 0 0 6 0 0 0 0 0 1 0 0 0 0 0 0 0 0 0 0 0 0 0 0 
P291 2064 6 4 0 0 0 0 0 0 0 0 0 0 0 0 0 29 0 0 0 0 0 0 0 0 0 0 0 0 0 0 0 -999 
P291 2064 7 0 0 0 0 0 0 0 0 0 0 0 0 0 0 0 0 0 0 0 0 0 0 0 0 0 0 0 0 0 0 0 
P291 2064 8 0 0 0 0 0 0 0 18 0 0 0 0 0 0 0 0 0 0 0 0 0 0 0 0 0 0 0 0 0 0 0 
P291 2064 9 0 0 8 0 0 0 0 0 0 0 0 0 0 0 0 0 0 0 0 10 0 0 29 0 2 0 0 0 0 0 -999 
P291 2064 10 0 0 0 0 0 0 34 39 25 0 0 0 0 0 0 10 0 0 0 0 0 0 0 28 0 0 0 11 0 18 0 
P291 2064 11 0 0 0 0 0 5 0 0 0 0 0 0 0 97 33 0 0 0 0 0 0 0 0 0 0 0 0 0 14 0 -999 
P291 2064 12 0 0 33 0 0 93 89 172 191 54 0 0 31 0 0 0 12 0 1 0 6 0 0 0 0 0 0 0 0 0 0 
P291 2065 1 0 0 0 15 0 0 7 0 24 34 33 0 35 87 21 18 0 0 4 0 0 4 0 0 0 0 0 0 25 0 46 
P291 2065 2 23 0 0 0 0 6 12 0 0 0 0 0 70 88 85 107 101 103 85 76 0 0 3 0 0 0 11 2 -999 -999 -999 
P291 2065 3 0 0 0 0 0 0 0 0 0 0 0 0 0 1 0 0 0 0 0 0 0 0 0 12 0 30 0 34 0 0 5 
P291 2065 4 0 0 0 0 25 58 0 0 1 0 0 0 0 0 0 0 0 0 0 0 0 0 0 0 0 0 8 6 10 0 -999 
P291 2065 5 0 0 0 0 0 0 0 0 0 0 0 0 0 0 0 0 0 0 0 0 0 0 0 0 0 0 0 0 0 0 0 
P291 2065 6 0 0 0 0 0 0 0 0 9 0 0 0 0 0 0 0 12 0 0 0 6 0 0 0 0 0 0 0 0 0 -999 
P291 2065 7 0 0 0 0 0 0 0 0 0 0 0 0 0 0 0 0 0 0 0 0 0 0 0 0 0 0 0 0 0 0 0 
P291 2065 8 0 0 0 0 0 0 0 0 0 0 0 0 0 0 0 0 0 0 0 0 0 0 0 0 0 0 0 0 0 0 0 
P291 2065 9 0 0 0 0 0 0 0 0 0 0 0 0 0 0 0 0 0 0 0 0 0 0 0 0 0 0 0 0 6 0 -999 
P291 2065 10 0 0 0 0 0 0 27 0 24 28 0 0 16 0 31 28 0 12 36 56 21 0 72 80 23 51 76 0 55 67 25 
P291 2065 11 21 0 0 0 0 0 0 0 0 0 0 0 0 0 0 0 0 0 6 0 58 53 0 0 0 0 51 29 13 0 -999 
P291 2065 12 0 0 0 7 0 0 0 0 0 0 35 106 0 0 0 34 21 30 0 95 63 144 136 213 269 304 183 0 0 0 6 
P291 2066 1 0 0 0 0 0 0 0 0 26 42 69 126 40 0 0 47 0 28 117 40 16 84 60 12 0 0 0 15 16 0 0 
P291 2066 2 0 27 0 0 18 19 0 14 32 22 22 0 11 11 0 0 0 0 0 0 8 0 0 0 109 56 32 0 -999 -999 -999 
P291 2066 3 0 0 0 0 0 0 60 0 0 0 0 0 0 0 0 0 0 3 6 0 0 0 0 0 0 0 0 0 0 0 0 
P291 2066 4 0 17 0 4 0 0 0 0 6 0 0 0 0 0 0 0 11 0 4 0 0 0 0 5 0 0 0 0 77 49 -999 
P291 2066 5 10 0 14 0 0 0 10 0 21 12 0 0 0 0 0 0 0 0 0 0 0 0 0 0 0 0 0 0 0 0 0 
P291 2066 6 0 1 0 0 0 0 0 0 0 0 0 0 0 0 0 0 0 0 0 0 0 0 0 5 0 0 0 0 0 0 -999 
P291 2066 7 0 0 0 0 0 0 0 0 0 0 0 0 0 0 0 0 0 12 0 0 0 0 0 0 0 0 0 0 0 1 0 
P291 2066 8 0 0 0 0 0 0 0 0 0 0 0 0 0 0 0 14 0 11 0 0 0 0 0 0 0 0 21 0 0 0 0 
P291 2066 9 0 0 0 0 0 0 0 0 0 0 0 0 0 0 0 0 0 0 0 14 0 8 0 0 0 29 8 12 0 18 -999 
P291 2066 10 0 16 12 0 4 0 0 0 0 0 0 0 0 0 15 0 0 0 0 0 0 0 0 0 3 8 0 46 0 0 0 
P291 2066 11 0 0 0 25 68 31 28 30 21 0 18 25 40 7 0 0 0 0 0 0 0 0 0 0 7 0 0 0 5 0 -999 
P291 2066 12 5 0 19 35 0 0 0 0 0 0 0 7 0 52 125 120 265 231 108 52 27 18 0 0 6 0 0 16 0 81 74 
P291 2067 1 24 117 36 15 19 26 18 0 19 0 0 37 41 0 84 64 65 0 46 123 97 93 91 96 135 129 157 32 19 0 0 
P291 2067 2 89 50 141 57 9 0 73 62 0 50 65 14 40 106 56 13 0 69 119 67 111 54 33 0 0 122 96 0 -999 -999 -999 
P291 2067 3 0 0 17 3 0 0 0 0 0 10 19 24 64 19 0 0 0 0 0 0 7 0 0 11 4 0 0 0 0 0 0 
P291 2067 4 0 0 0 0 0 0 0 0 0 0 0 0 0 19 34 0 0 0 12 0 20 14 0 26 16 0 0 0 0 0 -999 
P291 2067 5 0 20 14 7 13 0 0 7 14 0 22 0 0 4 4 0 0 0 21 0 0 0 0 0 0 11 0 7 0 0 8 
P291 2067 6 0 0 0 0 0 0 0 0 0 0 0 0 0 0 0 0 0 13 0 0 0 0 0 0 0 0 0 0 0 0 -999 
P291 2067 7 0 0 0 0 0 0 0 0 0 0 0 0 0 0 0 0 0 0 0 0 0 11 0 0 0 0 0 0 0 0 0 
P291 2067 8 0 0 0 0 0 0 0 0 0 0 0 0 0 0 0 0 0 0 0 0 0 0 0 0 0 0 0 6 0 0 5 
P291 2067 9 0 0 0 0 0 0 0 0 0 0 0 0 0 10 0 0 0 0 0 0 0 0 0 0 0 0 0 0 0 0 -999 
P291 2067 10 0 0 0 0 0 0 0 0 0 0 0 0 0 0 0 0 0 0 0 0 0 0 0 0 0 0 0 0 0 0 0 
P291 2067 11 0 0 0 0 0 0 14 0 0 0 0 0 0 0 7 0 0 0 2 3 0 0 8 20 0 0 0 0 10 0 -999 
P291 2067 12 0 0 25 0 41 13 0 0 31 9 0 0 0 0 0 0 0 0 0 0 0 0 0 0 4 16 69 0 31 4 0 
P291 2068 1 0 0 0 21 0 120 96 27 29 0 0 0 0 0 0 0 0 0 0 0 0 0 0 0 28 27 10 0 15 17 0 
P291 2068 2 0 0 2 0 16 24 0 11 0 0 0 29 0 0 0 0 0 0 0 0 13 0 0 5 5 9 0 34 -999 -999 -999 
P291 2068 3 0 48 32 0 140 141 0 20 63 36 11 12 25 0 0 0 0 127 41 0 0 55 59 0 0 0 0 0 0 0 0 
P291 2068 4 62 36 17 9 0 0 0 76 51 41 17 0 0 0 0 0 0 0 4 2 0 0 0 15 0 0 9 0 0 0 -999 
P291 2068 5 0 0 0 0 0 0 0 0 0 9 0 16 46 30 13 24 28 18 0 0 0 10 0 0 0 10 0 0 0 10 0 
P291 2068 6 0 17 0 0 15 0 14 0 0 0 0 0 0 0 0 0 0 0 0 0 0 3 0 0 0 0 0 0 0 0 -999 
P291 2068 7 0 0 0 0 0 0 0 0 0 0 0 0 0 0 0 0 0 0 0 0 0 0 0 0 0 0 0 0 0 0 0 
P291 2068 8 0 0 0 0 0 0 0 0 0 0 0 0 0 0 0 0 0 0 0 0 0 0 0 0 0 0 0 0 0 0 0 
P291 2068 9 0 0 0 0 0 0 0 0 0 0 32 0 0 0 14 0 0 0 0 0 0 0 0 0 0 0 0 0 3 0 -999 
P291 2068 10 0 0 0 0 0 0 0 0 0 0 31 0 0 0 0 0 0 0 0 0 15 6 4 0 0 0 0 2 0 0 0 
P291 2068 11 0 14 0 0 0 0 0 0 0 0 0 0 0 0 0 0 0 0 17 31 34 0 9 0 0 0 0 4 1 0 -999 
P291 2068 12 0 0 0 0 0 0 0 73 34 0 14 6 29 96 0 12 0 0 0 18 0 0 27 35 82 42 0 8 20 21 10 
P291 2069 1 44 0 0 0 1 0 0 0 0 4 0 14 0 0 0 0 0 0 0 0 0 8 0 0 0 0 0 44 49 0 18 
P291 2069 2 0 3 0 124 139 0 0 84 100 9 0 0 0 0 0 0 0 22 27 0 53 0 0 0 14 0 27 0 -999 -999 -999 
P291 2069 3 41 19 35 0 0 0 0 0 0 0 0 0 0 0 0 0 0 0 0 0 0 0 0 0 9 0 0 34 45 25 0 
P291 2069 4 0 34 0 0 0 0 0 0 0 0 21 0 0 0 0 0 0 18 0 0 0 0 10 0 25 16 4 0 0 0 -999 
P291 2069 5 0 0 0 0 0 0 0 0 0 0 9 9 0 0 0 14 0 15 15 25 0 0 0 0 7 0 0 0 0 0 0 
P291 2069 6 0 6 0 0 0 0 0 0 8 0 0 0 0 0 0 0 0 0 0 0 0 0 9 12 0 0 0 0 0 0 -999 
P291 2069 7 0 0 0 0 0 0 0 0 0 0 0 0 0 0 0 0 0 0 0 0 0 0 0 0 0 0 0 0 0 0 0 
P291 2069 8 0 0 0 0 0 0 0 0 0 0 0 0 0 0 0 0 0 0 0 0 0 0 0 0 0 0 0 0 0 0 0 
P291 2069 9 0 0 0 0 0 0 0 0 0 0 11 0 0 0 0 0 0 0 0 0 0 0 0 0 0 0 0 0 21 0 -999 
P291 2069 10 0 0 0 0 0 0 0 0 0 0 0 0 0 0 0 24 19 56 84 107 38 28 37 0 12 0 49 73 86 47 0 
P291 2069 11 11 0 18 38 20 0 0 88 0 0 0 17 28 0 0 0 0 0 0 0 0 51 0 0 0 0 0 0 14 0 -999 
P291 2069 12 0 0 0 0 0 0 0 0 0 0 0 5 14 0 0 0 5 0 0 0 0 32 30 12 0 0 0 46 0 37 16 
P291 2070 1 0 0 62 39 0 0 118 186 144 45 66 27 16 0 34 0 0 0 0 0 0 8 17 15 5 2 0 0 0 0 10 
P291 2070 2 0 0 0 0 0 0 1 0 0 9 22 20 0 0 0 0 0 10 0 0 0 0 0 55 0 120 98 23 -999 -999 -999 
P291 2070 3 34 18 0 0 0 0 0 0 0 0 51 0 0 0 90 41 30 52 86 103 181 47 0 12 0 0 0 0 0 18 15 
P291 2070 4 0 13 0 0 0 0 0 0 68 0 0 0 0 0 0 29 20 32 0 0 0 0 25 0 13 0 0 0 0 0 -999 
P291 2070 5 3 4 19 72 0 130 45 28 0 22 19 0 8 12 0 0 0 0 0 0 24 0 0 11 0 6 0 0 0 0 0 
P291 2070 6 0 0 0 0 0 0 0 0 0 0 0 12 0 0 0 0 0 0 0 0 0 0 0 0 0 3 0 0 0 0 -999 
P291 2070 7 0 0 2 0 0 0 0 0 0 0 0 0 0 0 0 0 0 0 0 5 0 0 0 0 0 0 0 0 0 0 0 
P291 2070 8 0 0 0 0 0 0 0 0 0 0 0 0 4 0 0 0 0 0 0 0 6 0 0 0 0 0 0 0 0 0 0 
P291 2070 9 0 0 0 0 0 0 0 0 0 0 0 0 0 0 0 0 0 0 0 0 0 0 0 0 0 0 0 0 0 0 -999 
P291 2070 10 0 0 0 0 0 0 0 4 0 0 0 0 60 21 0 32 64 143 43 0 0 0 0 0 0 0 5 0 0 10 0 
P291 2070 11 0 0 0 0 0 0 0 0 3 6 0 0 0 0 0 1 0 0 0 0 14 0 18 0 0 0 15 80 63 0 -999 
P291 2070 12 0 55 28 0 0 8 0 0 0 0 66 0 42 0 0 0 32 19 45 53 0 80 66 0 0 0 0 21 109 127 0 
P291 2071 1 0 0 13 35 47 0 13 0 0 92 0 0 87 40 0 30 56 0 0 13 24 0 0 13 22 61 80 48 0 0 0 
P291 2071 2 9 0 0 4 17 52 0 14 0 40 48 0 39 20 0 46 54 0 0 30 12 11 0 0 0 0 0 0 -999 -999 -999 
P291 2071 3 13 10 0 4 0 14 0 30 39 0 33 19 16 55 0 20 0 0 0 0 3 0 0 0 0 0 0 0 0 0 0 
P291 2071 4 27 58 0 20 5 0 0 0 0 0 0 0 0 0 13 0 9 10 0 0 0 0 23 20 33 0 0 0 0 13 -999 
P291 2071 5 13 16 0 0 30 0 35 0 25 23 14 11 7 0 9 0 0 7 0 0 0 0 0 8 0 0 0 0 0 0 0 
P291 2071 6 0 8 13 0 0 0 0 0 0 0 0 18 0 0 33 4 0 20 0 0 0 5 0 0 2 0 0 0 0 0 -999 
P291 2071 7 0 0 15 0 24 0 3 0 0 0 0 0 0 0 0 0 0 0 0 0 0 0 0 0 0 0 0 0 0 0 0 
P291 2071 8 0 0 0 0 0 0 0 0 0 0 0 0 0 0 0 0 0 0 0 0 0 3 0 0 0 0 0 0 0 0 0 
P291 2071 9 0 0 0 0 0 0 3 0 0 0 0 0 0 0 0 0 0 0 0 0 0 0 0 0 0 0 0 31 19 0 -999 
P291 2071 10 0 0 0 0 0 0 0 0 11 12 9 0 0 0 0 49 62 17 0 0 0 43 27 4 0 0 0 0 0 0 74 
P291 2071 11 0 65 99 74 29 14 17 9 0 2 3 0 0 0 0 12 0 4 0 24 21 20 11 26 34 22 0 0 0 0 -999 
P291 2071 12 0 0 28 0 38 130 119 74 91 178 0 146 106 94 0 67 0 88 0 0 0 0 94 149 51 150 50 0 0 0 80 
P291 2072 1 59 0 0 3 11 15 0 8 0 0 0 0 0 0 0 0 12 0 17 0 37 18 0 17 13 0 45 0 29 0 0 
P291 2072 2 102 38 0 0 36 0 0 0 0 0 0 0 0 0 0 0 0 0 42 0 0 0 0 0 0 11 0 0 -999 -999 -999 
P291 2072 3 0 0 0 0 0 0 0 1 0 0 0 0 0 6 0 0 10 0 0 0 0 0 0 0 0 13 0 38 0 0 21 
P291 2072 4 0 0 0 18 7 0 0 0 0 23 0 2 0 0 0 0 0 0 0 0 0 0 17 0 0 0 0 0 24 0 -999 
P291 2072 5 16 0 0 0 0 22 0 0 0 29 0 0 0 0 0 0 0 15 12 0 9 0 0 0 8 6 0 0 0 0 0 
P291 2072 6 0 0 0 0 0 0 0 0 0 0 0 0 0 0 0 0 0 0 0 3 0 0 0 0 0 0 0 0 0 0 -999 
P291 2072 7 0 21 14 0 0 0 0 0 0 0 0 0 0 0 0 0 0 0 0 0 0 0 0 0 0 0 0 0 0 0 0 
P291 2072 8 0 0 0 0 0 0 15 0 0 0 0 0 0 0 0 0 0 0 0 0 0 0 0 0 0 0 0 0 0 0 0 
P291 2072 9 0 0 0 0 0 0 0 0 0 12 0 0 0 0 0 0 10 0 0 0 0 0 7 0 0 37 0 0 0 0 -999 
P291 2072 10 0 0 0 0 0 0 7 0 0 6 7 0 0 0 18 0 0 18 0 1 0 0 0 0 0 0 7 0 1 0 0 
P291 2072 11 0 0 0 0 0 21 0 1 0 0 21 0 0 38 2 0 0 0 24 38 13 0 0 0 24 25 0 0 0 0 -999 
P291 2072 12 0 0 0 25 0 11 0 0 0 0 0 0 0 0 12 0 33 10 14 22 86 38 0 0 0 82 23 0 0 0 39 
P291 2073 1 0 0 0 1 0 0 0 0 0 0 2 0 0 0 0 20 0 0 39 44 62 39 0 0 7 10 0 0 0 0 18 
P291 2073 2 60 121 100 107 32 0 7 0 0 0 0 0 0 0 16 0 4 0 0 2 0 0 0 0 0 0 0 0 -999 -999 -999 
P291 2073 3 83 18 6 0 0 0 33 46 55 48 25 0 0 29 0 0 0 0 0 0 38 0 5 0 30 0 89 174 171 0 8 
P291 2073 4 0 12 17 0 0 0 36 24 12 0 0 27 33 28 0 0 0 0 0 0 0 0 0 75 105 54 39 21 0 0 -999 
P291 2073 5 0 0 0 0 0 0 0 0 0 0 0 0 0 0 0 65 37 0 4 0 0 0 0 0 0 0 0 0 0 0 0 
P291 2073 6 0 0 0 0 0 0 0 0 0 0 0 0 0 0 0 0 0 0 0 0 0 0 0 0 0 0 0 0 10 0 -999 
P291 2073 7 0 0 0 0 0 0 0 0 0 0 0 0 0 0 0 0 0 0 0 0 0 0 0 0 4 0 0 0 0 0 0 
P291 2073 8 0 0 0 0 0 0 0 0 0 0 0 0 0 0 0 0 0 0 0 0 0 0 0 0 0 0 0 0 0 0 0 
P291 2073 9 0 0 0 0 0 0 0 0 0 0 0 0 0 0 0 0 0 9 0 0 0 0 0 0 12 0 0 0 0 0 -999 
P291 2073 10 0 0 0 0 0 0 0 27 0 0 0 0 0 0 0 0 0 0 0 0 0 5 0 0 0 0 0 0 0 0 0 
P291 2073 11 0 0 10 0 0 0 0 0 0 0 0 0 0 0 0 0 0 0 132 88 94 127 0 14 0 18 26 0 0 0 -999 
P291 2073 12 0 0 0 0 0 0 0 0 11 0 0 0 29 0 0 0 0 0 28 17 14 24 0 0 43 0 0 40 124 225 525 
P291 2074 1 139 32 51 149 220 118 62 0 99 109 78 51 19 0 9 0 0 0 4 0 0 2 0 0 0 0 6 0 0 0 0 
P291 2074 2 0 3 0 0 0 0 0 7 0 0 21 22 0 0 25 35 53 0 18 38 0 26 0 7 0 194 110 155 -999 -999 -999 
P291 2074 3 96 17 0 0 0 39 52 25 0 12 6 20 0 0 0 0 0 0 0 0 0 68 0 0 0 6 0 0 0 0 0 
P291 2074 4 0 0 0 0 0 2 7 0 0 9 0 0 0 0 24 0 0 23 44 0 11 0 0 0 4 0 0 0 0 0 -999 
P291 2074 5 0 0 0 11 0 6 0 0 6 20 0 34 27 26 33 25 0 25 13 13 0 0 0 0 0 6 0 0 0 0 0 
P291 2074 6 0 0 0 0 14 0 0 0 0 16 0 6 0 0 0 0 0 0 0 0 0 0 0 0 0 0 0 0 4 0 -999 
P291 2074 7 0 0 3 0 0 0 0 0 0 0 0 0 0 0 0 0 0 0 0 0 0 0 0 0 0 5 0 0 0 0 0 
P291 2074 8 0 0 0 0 0 0 0 0 0 0 0 0 0 0 0 0 0 0 0 0 0 0 0 0 0 0 0 0 0 0 0 
P291 2074 9 0 0 0 0 0 0 0 0 0 0 0 0 0 0 0 0 0 1 0 0 0 0 0 0 0 0 1 0 0 0 -999 
P291 2074 10 0 0 0 0 0 9 7 0 0 0 0 0 0 0 0 0 0 0 12 0 11 12 50 0 0 0 0 0 0 0 0 
P291 2074 11 0 0 0 16 0 0 0 0 0 0 0 12 0 8 0 0 0 0 17 43 19 0 0 0 0 0 0 10 5 0 -999 
P291 2074 12 0 0 0 0 0 0 0 0 0 11 0 53 53 0 0 5 0 0 0 0 6 0 0 0 0 0 0 0 0 29 0 
P291 2075 1 0 0 0 0 0 0 0 0 0 0 26 22 17 0 0 21 9 0 0 0 19 0 0 0 16 0 0 0 0 0 0 
P291 2075 2 0 0 0 54 40 80 61 122 141 76 157 216 186 35 0 7 0 0 0 30 0 0 0 52 62 0 10 0 -999 -999 -999 
P291 2075 3 0 25 10 5 4 0 0 0 0 0 0 0 0 0 0 0 39 42 34 0 0 54 0 44 36 23 17 0 0 0 22 
P291 2075 4 23 19 32 23 22 67 107 100 80 22 12 8 14 0 0 0 0 0 0 67 53 24 18 0 0 8 4 0 0 0 -999 
P291 2075 5 0 0 35 35 22 9 0 0 0 0 0 0 0 0 0 0 0 0 0 0 0 0 0 0 0 0 0 0 0 0 9 
P291 2075 6 0 0 20 13 0 0 0 0 22 11 0 8 0 5 0 0 0 0 4 0 0 0 0 0 0 0 0 0 0 0 -999 
P291 2075 7 0 0 0 0 0 0 0 0 0 0 0 0 0 0 0 0 0 5 0 0 0 0 0 0 0 0 0 0 0 0 0 
P291 2075 8 0 0 0 0 0 0 5 0 0 0 0 0 0 0 0 0 0 0 0 0 0 0 0 0 0 0 0 0 0 0 6 
P291 2075 9 0 0 0 0 0 0 0 0 0 0 0 0 0 0 0 0 0 0 0 0 0 0 0 0 0 0 0 0 0 0 -999 
P291 2075 10 17 0 0 46 24 0 0 79 93 26 0 0 0 14 0 0 0 12 0 0 0 1 0 0 0 0 0 0 0 100 0 
P291 2075 11 0 0 10 0 0 0 96 53 0 0 0 15 20 0 126 69 0 23 17 0 24 0 34 23 6 5 0 0 0 0 -999 
P291 2075 12 0 0 0 47 28 0 35 95 37 0 0 0 0 79 0 29 0 13 21 0 12 2 0 0 0 0 2 12 0 0 0 
P291 2076 1 0 3 0 0 9 0 0 0 7 0 0 0 0 0 0 0 0 0 0 0 0 0 0 0 0 0 0 6 0 13 38 
P291 2076 2 79 35 14 0 2 0 0 0 0 3 0 0 0 0 0 0 0 0 6 0 22 0 0 6 0 0 0 13 -999 -999 -999 
P291 2076 3 35 0 0 0 0 28 36 0 0 33 31 0 0 0 0 8 0 0 0 0 0 17 20 0 0 0 0 0 0 0 0 
P291 2076 4 0 0 0 0 0 0 0 0 0 13 11 0 0 17 40 37 21 22 30 0 0 0 12 0 0 23 16 12 0 0 -999 
P291 2076 5 0 67 44 6 0 9 0 0 0 0 0 0 0 19 0 0 0 0 0 0 0 0 0 0 0 0 0 0 17 0 0 
P291 2076 6 0 0 0 0 0 0 0 0 0 0 0 0 0 0 0 0 0 0 0 0 19 9 0 0 0 0 1 0 0 0 -999 
P291 2076 7 0 0 0 0 0 0 0 0 0 4 0 9 0 0 0 0 0 0 0 0 0 0 0 0 0 0 0 0 0 0 0 
P291 2076 8 0 0 1 0 0 0 0 0 0 0 0 0 0 0 0 0 0 0 0 0 0 0 0 0 0 0 0 0 0 0 0 
P291 2076 9 24 10 0 1 0 0 0 0 0 0 0 0 0 0 0 0 0 0 0 11 0 0 0 0 0 6 0 0 0 0 -999 
P291 2076 10 0 0 0 0 32 0 0 0 0 0 0 0 0 3 0 0 0 0 0 0 0 0 7 15 0 0 0 83 32 0 0 
P291 2076 11 0 0 0 0 0 0 0 0 0 0 0 0 0 0 0 0 0 0 0 27 0 0 24 9 0 0 0 53 15 0 -999 
P291 2076 12 0 0 0 2 0 0 0 0 0 37 46 53 0 0 0 20 0 0 0 0 0 0 0 0 0 0 0 39 0 0 15 
P291 2077 1 0 0 0 0 0 0 0 0 0 0 0 0 0 0 0 21 0 0 0 6 11 7 0 0 0 0 0 0 0 0 0 
P291 2077 2 0 41 47 0 0 0 72 31 0 53 18 0 0 0 0 32 59 64 95 46 24 0 0 0 34 28 11 4 -999 -999 -999 
P291 2077 3 0 0 0 0 26 0 63 0 0 0 19 0 0 0 7 0 0 0 35 0 0 74 48 30 0 0 0 0 0 0 0 
P291 2077 4 0 0 0 0 0 1 0 0 0 0 0 0 0 0 14 23 23 26 0 13 0 5 10 7 0 25 0 15 0 0 -999 
P291 2077 5 0 0 0 0 0 0 0 16 0 31 0 0 0 0 0 0 9 0 0 0 0 0 0 0 0 0 0 0 0 7 0 
P291 2077 6 15 0 41 0 0 24 0 0 0 0 0 0 0 0 0 0 0 0 0 0 0 0 0 0 0 0 0 0 0 0 -999 
P291 2077 7 0 0 0 0 0 0 0 0 0 0 0 0 0 0 0 0 0 0 0 0 0 0 0 0 0 0 0 0 0 0 0 
P291 2077 8 0 0 0 0 0 0 0 0 0 0 0 0 0 0 0 0 0 0 0 0 0 0 0 0 0 0 0 0 0 0 0 
P291 2077 9 0 0 0 0 0 0 0 0 0 10 0 0 0 0 0 0 0 0 0 0 17 0 0 0 0 0 0 0 0 0 -999 
P291 2077 10 0 0 19 0 0 0 0 0 0 0 0 0 0 0 0 0 9 0 22 9 0 44 82 33 17 8 0 0 46 0 36 
P291 2077 11 47 31 0 0 0 0 0 0 88 60 0 16 0 0 62 31 40 0 0 0 23 0 44 41 12 0 0 0 0 64 -999 
P291 2077 12 0 88 91 50 0 59 91 109 0 59 98 0 0 0 0 0 0 0 0 0 0 0 0 0 6 0 19 5 1 0 0 
P291 2078 1 130 222 152 135 94 94 24 35 99 0 0 0 88 37 99 64 40 0 21 13 15 15 5 0 0 0 0 0 0 4 0 
P291 2078 2 0 0 5 3 0 0 0 0 0 0 0 0 0 0 0 0 0 0 5 0 3 0 22 13 61 117 43 0 -999 -999 -999 
P291 2078 3 0 0 0 0 0 0 0 83 0 0 11 0 0 0 70 66 103 107 81 77 58 36 37 87 25 0 0 18 0 0 0 
P291 2078 4 56 43 12 0 0 0 19 0 0 23 23 14 0 64 22 20 20 14 0 0 0 0 0 38 0 30 0 1 0 0 -999 
P291 2078 5 39 0 44 18 10 6 0 0 0 0 0 0 0 0 0 0 26 37 23 6 0 0 0 0 5 0 0 0 0 0 0 
P291 2078 6 0 16 0 0 0 0 15 0 0 6 7 0 0 0 0 10 0 0 0 0 0 0 0 0 0 0 0 0 0 0 -999 
P291 2078 7 0 0 0 0 0 0 0 0 0 8 0 0 0 0 0 0 0 0 0 0 0 0 0 0 0 0 0 0 0 0 0 
P291 2078 8 0 0 0 0 0 0 0 0 0 0 0 0 0 0 0 0 0 0 0 0 0 0 0 0 0 0 0 0 0 0 0 
P291 2078 9 0 0 0 0 0 0 0 0 0 0 0 0 0 0 0 0 0 0 0 8 0 0 0 0 0 0 0 0 0 0 -999 
P291 2078 10 0 0 0 0 0 0 5 0 15 0 0 0 0 34 0 18 0 0 0 0 48 8 0 0 9 0 0 0 0 16 0 
P291 2078 11 0 0 5 0 0 0 0 0 0 0 0 0 0 6 0 0 0 55 0 10 12 10 4 0 0 0 0 0 0 0 -999 
P291 2078 12 0 6 0 0 0 0 0 7 0 13 59 21 14 0 18 0 16 0 0 0 0 33 0 31 13 78 142 48 33 229 229 
P291 2079 1 0 8 36 36 0 0 0 0 0 0 0 0 0 0 0 0 0 0 0 0 17 14 4 0 0 0 0 5 0 0 0 
P291 2079 2 0 0 9 0 0 0 7 7 0 0 0 0 0 0 0 0 0 0 0 0 4 7 17 53 0 0 0 0 -999 -999 -999 
P291 2079 3 13 8 21 18 16 0 0 0 2 0 2 0 0 0 0 0 0 0 0 0 0 0 0 7 0 0 0 0 0 0 0 
P291 2079 4 0 0 0 22 33 0 0 0 0 0 0 0 0 23 21 23 0 0 0 0 0 8 0 0 0 11 5 0 0 0 -999 
P291 2079 5 0 0 5 0 0 26 0 0 6 0 11 0 0 0 0 0 0 0 0 0 0 0 0 0 0 0 0 0 0 0 0 
P291 2079 6 0 4 0 0 3 0 0 0 0 0 0 0 0 0 0 0 0 0 0 0 0 0 0 0 0 0 0 0 0 0 -999 
P291 2079 7 0 0 0 0 0 0 0 0 5 0 0 0 0 0 0 0 0 0 0 0 0 0 0 0 0 0 0 0 0 0 0 
P291 2079 8 0 0 0 0 0 0 0 0 3 0 0 0 0 0 0 0 0 0 0 0 0 0 0 0 0 0 0 0 0 0 0 
P291 2079 9 0 0 0 0 0 0 0 0 2 0 0 13 0 0 0 0 0 0 0 0 0 0 0 0 0 0 0 0 0 0 -999 
P291 2079 10 7 0 0 0 0 0 0 0 0 0 0 0 0 0 0 0 0 0 0 42 29 28 24 13 0 0 0 0 0 0 0 
P291 2079 11 15 0 13 0 45 0 0 0 0 4 0 16 39 54 54 0 66 121 63 0 0 16 26 0 28 23 0 1 1 4 -999 
P291 2079 12 8 31 35 0 11 21 0 0 0 0 0 0 0 0 0 0 0 0 0 0 0 0 0 0 0 0 0 0 9 15 15 
P291 2080 1 6 0 0 0 0 0 0 0 0 0 0 0 14 0 0 10 0 0 0 1 0 0 0 0 0 8 19 22 39 0 0 
P291 2080 2 0 3 6 0 0 8 0 29 0 148 0 141 116 39 9 12 0 41 59 96 77 5 0 0 0 0 0 33 -999 -999 -999 
P291 2080 3 42 51 0 44 0 0 52 61 114 111 95 84 0 0 3 0 0 0 0 0 0 0 0 0 0 0 0 0 0 0 0 
P291 2080 4 0 0 0 0 0 11 0 0 57 22 0 43 8 0 0 0 0 0 0 0 0 30 0 0 0 25 20 0 12 0 -999 
P291 2080 5 10 0 0 0 0 0 0 0 0 0 0 0 0 0 0 0 0 0 0 0 0 0 0 0 0 0 0 0 0 0 0 
P291 2080 6 32 0 0 0 0 30 9 0 0 0 0 0 0 0 0 0 0 0 21 0 0 0 0 0 12 0 0 0 0 0 -999 
P291 2080 7 0 0 0 0 0 0 0 0 0 0 0 0 0 0 0 0 0 0 0 0 0 0 0 0 0 0 0 0 0 0 0 
P291 2080 8 5 0 0 0 0 0 0 0 0 0 0 0 0 0 0 0 0 0 0 0 0 0 0 0 0 0 0 0 0 4 0 
P291 2080 9 0 0 0 0 0 0 0 0 0 0 0 0 0 0 0 0 0 0 0 0 0 0 5 9 0 0 0 0 0 0 -999 
P291 2080 10 0 0 34 56 67 55 23 71 49 41 0 26 44 0 0 13 0 0 0 0 6 0 0 0 0 0 0 0 0 0 0 
P291 2080 11 0 29 24 0 0 0 0 0 0 0 0 0 0 0 0 0 12 0 0 0 0 0 9 0 0 0 0 0 0 0 -999 
P291 2080 12 16 59 89 123 111 0 179 109 0 0 0 0 0 0 8 0 0 0 0 0 0 0 0 0 0 74 16 0 0 39 0 
P291 2081 1 97 120 179 98 62 0 0 1 0 0 0 0 0 0 48 0 21 0 0 146 123 76 57 30 24 0 51 21 33 0 0 
P291 2081 2 0 0 0 0 0 0 69 26 22 9 0 0 0 0 0 0 9 0 0 31 13 0 36 78 0 9 11 24 -999 -999 -999 
P291 2081 3 0 0 38 94 0 29 0 0 42 0 18 15 29 43 0 0 53 128 82 94 73 132 95 51 13 0 0 0 0 43 71 
P291 2081 4 70 23 21 9 0 0 0 0 15 0 0 0 0 0 0 21 0 0 0 0 9 19 21 0 44 22 0 55 40 94 -999 
P291 2081 5 60 61 0 35 48 11 0 29 50 68 17 15 25 39 34 18 6 4 0 8 0 0 0 8 0 0 0 0 2 0 30 
P291 2081 6 18 11 0 1 0 0 0 0 0 0 0 0 0 0 0 0 9 0 18 0 0 0 0 0 0 0 0 0 0 0 -999 
P291 2081 7 0 0 0 13 0 0 0 0 0 0 0 0 0 0 0 0 0 0 12 0 5 0 0 0 0 0 0 0 0 0 0 
P291 2081 8 0 0 0 0 0 0 0 0 0 0 0 0 0 0 0 0 0 0 0 0 0 0 0 0 0 0 0 0 0 0 0 
P291 2081 9 13 0 0 0 0 0 0 0 0 0 0 0 0 0 0 0 0 0 15 0 0 0 0 0 0 0 0 0 0 0 -999 
P291 2081 10 0 0 0 0 0 0 0 0 0 0 0 0 0 0 7 0 1 5 0 0 0 0 0 0 0 0 0 0 0 0 0 
P291 2081 11 0 0 0 71 38 0 0 0 0 0 0 0 0 0 0 59 206 177 80 0 0 0 0 0 34 0 0 0 0 50 -999 
P291 2081 12 0 16 0 0 15 102 76 60 68 46 34 113 137 111 63 45 0 14 0 0 5 0 0 0 0 0 39 16 0 0 0 
P291 2082 1 0 14 0 22 12 12 12 10 0 25 62 21 0 0 0 16 64 0 0 27 84 182 71 50 0 100 124 0 0 0 0 
P291 2082 2 0 0 0 0 0 0 0 0 0 0 0 0 0 14 0 0 0 0 2 5 7 0 0 0 0 0 26 30 -999 -999 -999 
P291 2082 3 32 0 31 33 0 38 0 0 9 4 0 0 2 15 4 5 0 0 0 0 0 6 0 0 33 21 0 0 44 29 0 
P291 2082 4 0 0 0 0 0 0 0 0 0 0 0 0 0 0 0 0 14 7 0 0 0 11 0 0 0 0 0 0 0 0 -999 
P291 2082 5 0 0 0 0 0 0 0 14 0 12 0 0 0 0 0 0 0 0 0 0 0 0 0 0 0 0 0 0 0 0 0 
P291 2082 6 15 0 0 0 0 0 0 0 0 0 0 0 0 0 0 0 0 0 0 0 6 0 0 7 0 0 0 0 0 0 -999 
P291 2082 7 0 0 0 5 0 0 0 0 0 0 0 0 0 0 0 0 0 0 0 0 0 0 0 0 0 0 0 0 0 0 3 
P291 2082 8 0 0 0 0 0 0 0 0 0 0 0 0 0 0 0 0 0 0 0 0 0 0 0 0 0 0 0 0 0 0 0 
P291 2082 9 0 0 0 0 0 3 0 0 0 2 8 0 0 0 0 0 0 0 0 0 0 0 0 0 0 0 0 0 0 0 -999 
P291 2082 10 0 15 8 9 0 0 0 0 0 0 0 0 0 0 0 0 0 11 19 0 0 0 46 0 0 2 0 0 0 0 0 
P291 2082 11 43 67 59 14 0 0 13 0 0 0 22 12 11 0 0 26 108 114 0 0 1 0 0 0 0 2 0 0 0 0 -999 
P291 2082 12 0 0 0 0 0 1 0 0 0 6 0 0 0 0 0 19 0 0 0 0 0 0 0 0 0 0 11 8 5 0 0 
P291 2083 1 0 0 48 42 25 16 13 54 31 0 0 0 0 0 0 38 32 0 0 19 8 0 0 0 0 0 0 0 0 22 0 
P291 2083 2 15 51 73 0 7 0 47 0 0 100 101 49 22 18 10 27 49 167 116 92 81 0 0 31 107 173 78 50 -999 -999 -999 
P291 2083 3 43 26 24 14 0 0 0 20 0 0 0 0 0 14 0 0 0 0 0 0 0 65 136 0 123 0 151 67 2 0 8 
P291 2083 4 15 0 0 0 0 0 0 19 0 0 5 0 0 0 39 0 0 0 0 0 1 0 0 0 0 32 29 0 0 7 -999 
P291 2083 5 12 0 8 14 0 0 0 37 37 24 0 0 21 0 0 34 40 33 0 25 7 0 0 0 34 67 82 27 22 16 21 
P291 2083 6 33 0 0 8 0 0 0 0 0 24 15 0 0 0 0 0 0 3 0 0 0 0 0 0 0 0 0 0 0 0 -999 
P291 2083 7 0 0 0 0 0 0 0 0 0 0 0 0 0 0 9 0 0 0 0 0 0 0 0 0 0 0 0 0 0 0 0 
P291 2083 8 0 0 0 0 0 0 0 0 0 0 0 0 7 0 0 0 0 0 0 0 0 0 0 0 0 0 0 0 0 0 0 
P291 2083 9 0 0 0 0 0 0 0 0 0 0 0 0 0 0 0 0 0 0 0 0 0 0 0 0 0 0 0 0 0 0 -999 
P291 2083 10 0 10 0 0 0 0 0 6 6 12 0 0 0 2 0 0 0 0 0 0 0 0 0 40 38 0 0 6 0 9 0 
P291 2083 11 0 0 0 50 49 0 0 29 0 0 0 0 79 0 0 24 0 43 6 0 0 0 0 0 0 0 13 0 0 28 -999 
P291 2083 12 53 0 14 0 22 19 0 82 125 36 0 0 22 79 168 0 19 16 29 0 0 0 0 0 15 3 0 0 0 10 0 
P291 2084 1 19 0 16 14 0 0 0 0 19 0 0 0 6 0 0 0 39 50 11 0 0 39 0 15 0 58 42 51 38 50 43 
P291 2084 2 13 9 0 0 0 0 57 0 46 73 0 0 55 22 0 0 0 0 0 0 0 0 6 0 0 38 0 0 -999 -999 -999 
P291 2084 3 0 0 0 0 51 7 0 0 0 15 0 0 0 15 0 57 157 0 28 21 0 16 0 8 0 0 0 0 0 0 0 
P291 2084 4 5 0 0 0 0 0 0 1 0 0 15 0 0 16 10 10 0 0 0 0 0 0 0 0 0 0 0 0 0 0 -999 
P291 2084 5 0 0 0 13 0 0 0 0 0 0 0 0 0 0 0 0 0 0 0 1 0 0 0 0 15 0 0 0 0 0 0 
P291 2084 6 0 0 0 0 0 0 0 0 0 0 0 0 0 0 0 0 0 0 7 0 0 0 3 0 0 0 0 0 0 0 -999 
P291 2084 7 0 0 0 0 0 0 0 0 0 0 0 0 0 0 0 0 0 0 0 0 0 0 0 0 0 6 0 0 0 0 0 
P291 2084 8 0 0 0 0 0 0 0 0 0 0 0 0 5 0 0 0 0 0 0 0 0 0 0 0 15 0 0 0 0 0 0 
P291 2084 9 0 0 0 0 0 0 0 7 0 0 0 0 0 0 0 21 0 0 0 0 0 0 0 0 0 0 0 0 0 0 -999 
P291 2084 10 0 0 0 23 11 0 0 0 0 0 0 0 0 0 0 0 0 0 0 0 5 9 0 0 0 0 0 0 93 118 73 
P291 2084 11 23 31 85 0 13 0 19 93 124 0 0 0 4 0 0 4 0 0 0 0 0 0 0 0 0 0 0 44 28 0 -999 
P291 2084 12 12 0 0 0 35 0 0 72 70 66 84 112 165 119 37 0 42 13 3 0 0 0 0 0 0 0 0 21 22 0 0 
P291 2085 1 0 2 0 0 10 0 0 0 0 0 0 0 0 0 0 21 16 6 11 0 5 0 90 124 0 0 0 10 0 0 0 
P291 2085 2 0 0 0 0 0 41 24 36 30 0 0 69 0 10 8 0 0 0 0 4 0 0 0 0 0 0 0 0 -999 -999 -999 
P291 2085 3 0 0 0 0 0 0 0 0 38 82 41 87 123 41 61 61 0 0 0 0 8 15 0 0 0 0 0 0 0 0 0 
P291 2085 4 0 0 0 0 0 8 0 0 0 14 0 77 83 87 109 0 57 53 30 7 0 0 0 0 0 0 0 0 0 18 -999 
P291 2085 5 27 0 0 0 0 0 0 56 75 28 0 0 17 0 0 0 0 0 0 0 0 0 0 0 0 0 0 0 1 0 0 
P291 2085 6 0 0 0 0 0 0 0 0 0 0 0 0 0 0 0 0 0 0 0 0 0 0 0 0 0 0 0 0 0 0 -999 
P291 2085 7 0 0 0 0 0 0 0 0 0 0 0 0 0 10 0 0 0 0 0 0 0 0 0 0 0 0 0 0 0 0 0 
P291 2085 8 0 0 0 0 3 0 0 0 0 0 0 0 0 0 0 0 0 0 0 0 0 0 0 0 0 0 0 0 0 0 0 
P291 2085 9 0 0 0 0 21 0 0 0 0 0 0 0 7 0 0 0 0 0 0 0 0 0 0 0 0 0 0 0 0 0 -999 
P291 2085 10 0 0 0 0 0 0 0 9 13 17 20 24 0 0 0 6 0 0 0 0 0 3 0 0 0 0 64 0 25 84 18 
P291 2085 11 0 0 16 0 11 6 0 0 0 0 0 0 0 0 0 38 86 24 18 79 0 34 8 0 0 0 0 28 0 28 -999 
P291 2085 12 62 59 11 0 58 95 0 0 1 0 4 0 21 28 0 0 13 0 0 0 12 29 0 0 0 0 0 0 0 6 7 
P291 2086 1 4 3 0 19 0 0 0 0 0 0 6 0 33 0 0 0 67 126 47 105 0 0 0 0 24 15 8 0 0 0 0 
P291 2086 2 13 26 81 0 0 0 0 103 31 14 11 0 0 31 0 0 29 0 0 0 0 0 0 8 0 0 0 7 -999 -999 -999 
P291 2086 3 0 0 0 0 0 0 0 0 0 0 0 0 0 0 0 0 0 0 0 0 3 0 0 0 9 0 0 0 0 0 16 
P291 2086 4 0 0 0 0 0 0 35 0 0 0 0 7 19 0 31 0 0 14 0 0 0 0 3 0 0 0 0 46 0 0 -999 
P291 2086 5 0 30 19 45 39 0 33 11 0 0 0 0 0 0 0 8 6 0 0 0 0 0 0 0 0 0 0 0 0 0 0 
P291 2086 6 0 0 0 3 0 3 0 0 0 0 0 0 0 0 0 0 0 0 0 0 0 0 0 0 0 0 0 0 0 0 -999 
P291 2086 7 0 0 0 0 6 0 0 0 0 0 0 0 0 0 0 0 0 0 0 0 0 0 0 0 0 0 0 0 0 0 0 
P291 2086 8 0 0 0 0 0 0 0 0 0 0 0 0 0 0 0 0 0 0 0 0 0 0 0 0 0 0 0 0 0 0 0 
P291 2086 9 0 0 0 0 6 0 0 1 0 0 0 0 20 17 0 11 0 0 0 0 0 0 0 0 0 0 0 0 0 4 -999 
P291 2086 10 0 0 0 0 0 0 0 0 0 0 0 0 9 4 3 0 0 0 0 0 0 0 0 0 0 0 0 0 0 49 31 
P291 2086 11 0 0 0 10 25 0 9 0 11 0 0 24 0 13 11 0 0 0 0 32 40 0 0 4 7 0 0 14 23 0 -999 
P291 2086 12 0 5 0 0 0 0 0 0 0 0 0 0 0 0 0 0 0 7 36 0 21 0 132 58 0 0 6 2 0 0 0 
P291 2087 1 3 0 0 0 0 0 30 57 48 0 15 0 0 0 0 0 0 0 0 0 0 0 13 0 0 8 0 0 0 0 0 
P291 2087 2 57 53 0 0 0 0 0 0 0 0 0 11 0 18 0 0 0 0 0 0 0 0 0 0 0 0 18 40 -999 -999 -999 
P291 2087 3 66 85 55 0 0 0 0 0 23 51 49 94 0 0 0 0 0 11 0 0 0 0 31 37 0 0 0 0 12 0 0 
P291 2087 4 0 0 0 0 0 0 0 0 0 0 0 0 0 0 24 33 41 13 9 0 13 57 42 46 60 35 21 0 0 0 -999 
P291 2087 5 0 0 12 33 0 0 0 19 12 13 30 0 0 0 14 9 0 0 0 0 0 0 0 0 0 0 0 0 0 0 0 
P291 2087 6 0 0 0 0 0 0 0 0 0 0 0 0 1 0 0 0 0 0 0 0 0 0 0 0 3 0 0 0 0 0 -999 
P291 2087 7 0 0 0 0 0 0 0 0 0 0 0 0 0 0 0 0 0 0 0 0 0 0 0 0 0 0 0 2 0 0 0 
P291 2087 8 0 0 0 0 0 0 0 0 0 0 0 0 0 0 0 0 0 0 0 0 0 0 0 0 0 0 0 0 0 0 0 
P291 2087 9 0 0 0 0 0 7 0 0 0 0 0 0 0 0 0 0 0 0 0 10 0 0 13 0 0 0 0 0 0 0 -999 
P291 2087 10 0 0 0 38 25 16 10 0 0 0 0 0 0 7 2 0 0 0 0 0 0 0 0 0 0 0 2 0 0 0 0 
P291 2087 11 0 0 0 0 0 3 0 0 0 0 0 0 0 0 0 0 0 0 0 0 0 0 4 0 0 3 0 0 0 0 -999 
P291 2087 12 14 0 0 0 0 0 6 33 33 10 0 0 4 4 0 3 0 0 0 0 0 24 121 60 24 88 47 29 76 74 0 
P291 2088 1 0 0 35 0 0 0 0 0 0 0 0 0 0 0 0 0 0 3 0 0 0 0 0 0 0 0 39 0 0 0 0 
P291 2088 2 0 0 0 0 0 59 118 141 153 38 0 0 0 3 0 0 0 0 49 0 0 31 36 0 26 0 33 0 -999 -999 -999 
P291 2088 3 41 70 98 71 26 0 10 0 0 0 0 0 0 0 0 0 0 0 7 2 4 0 16 32 0 0 30 0 1 0 0 
P291 2088 4 0 0 0 7 0 0 77 76 0 0 0 40 40 41 30 22 0 10 5 0 0 19 30 0 9 0 0 0 8 0 -999 
P291 2088 5 0 0 12 0 30 0 21 0 0 0 0 11 0 0 0 15 0 0 0 0 0 0 0 0 0 0 0 0 0 0 3 
P291 2088 6 2 0 0 0 0 0 0 0 0 0 0 0 0 0 0 0 0 0 0 4 0 0 0 0 0 0 0 0 0 0 -999 
P291 2088 7 0 0 0 0 0 0 0 0 0 0 0 0 0 0 0 0 0 0 0 0 0 0 0 0 0 0 0 0 0 0 0 
P291 2088 8 0 0 0 0 0 0 0 0 0 0 0 0 0 0 0 0 0 0 5 0 0 0 0 0 0 0 0 0 0 0 0 
P291 2088 9 0 0 0 0 0 0 0 0 0 0 15 0 0 0 0 0 0 0 0 0 0 0 0 0 0 0 0 0 0 0 -999 
P291 2088 10 0 0 0 0 0 0 0 0 11 17 0 0 0 0 0 0 0 0 0 0 20 24 32 0 0 111 159 56 0 0 10 
P291 2088 11 0 0 0 0 3 0 0 0 6 16 27 31 14 0 42 0 26 146 0 0 0 13 0 0 0 0 0 25 71 0 -999 
P291 2088 12 17 34 0 40 56 62 69 67 0 0 0 0 6 0 0 0 0 0 0 6 0 11 0 0 0 27 0 0 15 0 0 
P291 2089 1 0 11 0 17 0 0 0 50 110 127 149 199 166 37 9 0 0 0 0 0 1 0 0 0 0 0 0 10 12 0 0 
P291 2089 2 0 22 0 30 57 148 70 116 167 58 40 0 155 68 0 5 0 0 0 0 0 0 0 0 0 8 0 0 -999 -999 -999 
P291 2089 3 25 32 64 76 0 20 0 21 26 0 4 0 0 0 63 79 57 25 0 0 0 0 0 49 152 44 24 39 0 52 161 
P291 2089 4 187 120 35 0 0 0 0 6 19 0 0 0 0 0 0 0 0 0 0 0 26 36 24 0 48 70 56 30 0 0 -999 
P291 2089 5 24 0 6 0 0 0 0 0 0 0 1 0 0 0 0 0 13 0 0 0 0 0 0 0 0 0 0 0 0 0 0 
P291 2089 6 0 0 0 4 0 0 0 0 0 0 0 0 0 0 0 0 0 0 0 0 0 0 0 0 0 0 0 0 0 0 -999 
P291 2089 7 0 0 5 0 0 0 0 0 0 0 8 0 0 0 0 0 0 0 0 0 0 0 0 0 0 0 0 0 0 0 3 
P291 2089 8 0 0 0 0 0 0 0 0 0 0 0 3 0 0 0 0 0 0 0 0 0 0 0 0 0 0 5 0 0 0 0 
P291 2089 9 0 1 0 0 8 0 0 0 0 0 0 0 0 1 0 0 0 0 0 0 0 0 0 0 0 0 0 0 0 0 -999 
P291 2089 10 0 0 0 0 0 0 0 0 0 0 0 0 0 0 0 0 0 0 0 0 0 0 0 0 0 11 0 0 0 0 7 
P291 2089 11 16 0 0 33 0 0 0 0 9 0 0 0 0 0 0 0 0 7 0 0 0 0 0 0 97 58 26 0 50 125 -999 
P291 2089 12 155 0 0 16 22 0 32 66 60 86 47 0 0 0 0 0 0 0 0 0 12 0 0 0 0 0 0 0 0 0 0 
P291 2090 1 0 1 0 2 0 0 10 9 35 0 14 35 64 64 65 20 0 0 0 0 0 0 0 0 0 12 0 0 0 2 0 
P291 2090 2 0 0 0 0 45 0 0 29 0 50 35 37 19 17 0 0 28 0 0 0 5 0 50 0 34 41 74 112 -999 -999 -999 
P291 2090 3 185 85 0 0 0 0 0 1 0 0 0 0 69 73 80 34 0 13 43 38 0 26 17 0 24 23 0 0 18 23 25 
P291 2090 4 0 27 0 0 27 0 28 23 29 21 0 0 0 0 82 0 33 6 0 0 0 0 0 0 0 12 8 0 0 0 -999 
P291 2090 5 0 0 0 13 0 0 0 0 0 0 0 0 0 5 15 0 0 0 0 0 0 13 0 0 0 0 0 0 34 0 0 
P291 2090 6 30 0 0 2 0 0 0 0 0 4 0 0 0 0 0 0 0 0 3 5 0 0 0 0 0 0 0 0 0 0 -999 
P291 2090 7 0 0 0 0 0 0 0 0 0 0 0 0 0 27 0 0 0 0 0 0 0 0 0 0 0 0 0 0 0 0 0 
P291 2090 8 0 0 0 0 0 0 0 0 0 0 0 0 0 0 0 0 0 0 0 0 0 6 0 0 0 0 0 0 0 0 0 
P291 2090 9 0 0 0 0 0 0 0 0 0 2 6 0 0 0 0 11 0 0 0 0 0 9 0 0 0 0 0 0 0 0 -999 
P291 2090 10 0 0 0 21 0 33 0 0 0 12 0 0 0 0 0 0 17 0 0 0 0 0 0 0 0 0 23 22 37 29 0 
P291 2090 11 0 0 8 0 0 0 10 0 0 0 0 35 12 45 48 0 4 38 0 0 0 0 0 33 36 42 25 0 7 0 -999 
P291 2090 12 0 78 0 0 0 42 0 11 23 0 0 11 17 29 35 0 0 0 0 28 0 0 0 12 26 0 0 0 0 0 0 
P291 2091 1 0 0 6 0 9 9 19 0 0 6 9 12 29 29 6 7 8 12 30 2 0 0 0 0 0 0 0 13 0 0 11 
P291 2091 2 0 0 0 0 2 0 15 0 0 0 0 5 0 0 0 0 0 46 224 101 69 73 103 28 0 72 46 32 -999 -999 -999 
P291 2091 3 0 9 9 18 44 90 37 0 0 0 0 0 0 0 0 0 0 0 0 7 0 12 0 0 0 0 0 0 0 0 0 
P291 2091 4 0 0 0 0 0 0 0 0 0 0 16 34 34 21 13 23 29 0 27 14 14 14 0 0 0 0 0 0 0 0 -999 
P291 2091 5 0 0 0 38 43 22 2 0 3 5 0 0 0 0 10 0 0 0 0 0 0 0 0 0 0 0 12 0 0 0 0 
P291 2091 6 0 0 0 0 11 0 0 0 0 6 16 0 0 15 0 0 21 0 6 0 0 0 0 0 0 0 0 0 0 0 -999 
P291 2091 7 0 0 0 0 0 0 0 16 0 0 0 0 0 0 0 0 0 0 0 0 0 1 0 0 0 0 0 0 0 0 0 
P291 2091 8 0 0 0 0 0 0 0 0 0 0 0 0 0 0 0 0 0 0 0 0 0 0 0 0 0 2 0 0 0 0 0 
P291 2091 9 0 0 0 0 1 0 0 0 0 0 0 0 0 0 0 0 0 0 0 0 0 0 0 4 0 0 0 0 0 0 -999 
P291 2091 10 0 0 0 0 0 0 0 0 0 0 0 62 48 11 0 0 0 0 0 0 0 0 0 0 0 30 0 76 132 85 61 
P291 2091 11 83 0 0 0 0 0 0 0 0 0 0 0 0 0 0 0 19 22 15 11 0 0 57 46 16 15 48 19 8 0 -999 
P291 2091 12 55 0 0 0 0 0 0 0 2 0 0 0 0 0 0 0 12 0 0 0 0 1 0 14 0 0 1 0 0 0 0 
P291 2092 1 0 0 0 0 0 0 0 0 0 0 0 0 18 0 41 19 83 77 113 186 0 37 0 67 44 25 103 52 89 78 37 
P291 2092 2 43 55 52 7 0 123 97 31 59 136 0 0 22 71 31 36 47 89 27 0 33 0 31 21 15 0 23 0 -999 -999 -999 
P291 2092 3 30 0 2 0 0 0 79 38 10 0 16 0 0 0 78 117 0 36 0 54 0 0 119 319 97 79 0 36 46 0 0 
P291 2092 4 0 37 63 0 38 0 0 0 0 0 0 0 37 0 12 0 0 0 0 0 0 0 0 0 0 17 0 44 51 0 -999 
P291 2092 5 18 0 4 0 0 0 0 0 0 0 0 0 0 0 0 0 0 32 13 0 0 0 0 0 0 0 0 0 0 8 19 
P291 2092 6 0 7 0 0 0 0 0 0 0 0 0 0 0 0 5 0 0 0 0 0 0 0 0 0 0 0 0 0 0 0 -999 
P291 2092 7 0 0 0 0 0 0 0 0 0 0 0 3 0 0 0 0 0 0 0 0 0 0 0 0 0 0 0 0 0 0 0 
P291 2092 8 0 0 0 0 0 0 0 0 9 0 0 0 0 0 0 0 0 0 0 0 0 0 0 0 0 0 0 0 0 0 0 
P291 2092 9 0 0 0 0 7 0 0 0 0 0 0 0 0 0 0 0 0 0 0 0 0 0 0 0 0 0 0 0 0 0 -999 
P291 2092 10 0 0 0 0 0 0 0 0 0 0 0 62 0 0 0 0 0 0 0 0 6 0 0 0 0 0 0 0 0 4 0 
P291 2092 11 0 0 22 65 0 5 0 8 6 0 0 51 206 141 108 33 13 18 27 36 30 0 0 0 60 31 0 0 0 0 -999 
P291 2092 12 0 20 0 0 8 0 19 0 44 51 20 0 0 0 0 0 17 0 17 74 179 111 0 64 0 57 0 30 77 51 30 
P291 2093 1 105 80 69 32 0 0 30 0 0 0 0 112 53 72 115 155 30 49 0 0 0 3 0 0 0 0 0 20 87 78 114 
P291 2093 2 90 47 0 0 0 0 0 0 0 0 17 0 0 0 27 0 55 36 0 64 63 62 11 13 3 7 0 33 -999 -999 -999 
P291 2093 3 12 8 5 0 0 0 0 0 45 44 126 0 28 0 8 0 0 7 0 0 0 0 12 0 0 0 37 33 0 0 0 
P291 2093 4 0 0 0 0 0 0 0 0 0 0 0 0 7 0 0 0 0 0 0 0 0 0 11 19 0 0 45 42 0 0 -999 
P291 2093 5 0 31 0 56 15 3 0 0 0 0 0 0 0 0 0 0 0 0 0 28 0 0 0 0 0 0 0 6 0 0 0 
P291 2093 6 6 0 0 0 0 0 0 0 26 0 0 0 0 0 0 0 0 0 0 0 0 0 0 0 0 0 0 0 0 0 -999 
P291 2093 7 0 0 0 0 0 0 0 0 0 0 0 0 0 0 0 2 0 0 0 0 0 0 0 0 0 0 0 0 0 0 0 
P291 2093 8 0 0 0 0 0 0 0 0 0 0 0 0 0 0 0 0 0 0 0 8 0 0 0 0 0 0 0 0 0 0 0 
P291 2093 9 0 0 0 0 0 0 0 0 0 0 0 0 0 0 8 0 0 0 0 0 0 0 0 0 0 0 0 0 0 0 -999 
P291 2093 10 0 0 0 0 0 0 0 16 0 0 0 0 0 0 0 121 79 41 0 0 0 0 0 0 6 10 8 0 0 6 10 
P291 2093 11 0 0 0 0 2 0 0 0 17 0 0 0 12 0 0 0 0 0 0 0 0 12 13 0 0 0 0 0 0 0 -999 
P291 2093 12 0 0 0 0 0 0 0 0 0 0 0 0 0 5 0 0 0 0 0 0 0 0 0 0 2 3 0 0 3 0 0 
P291 2094 1 0 9 13 0 0 9 0 0 0 26 11 0 0 4 0 17 40 87 85 0 52 135 146 171 180 75 57 152 31 88 60 
P291 2094 2 76 75 95 105 20 9 4 0 0 0 0 0 0 0 0 0 0 3 0 0 5 0 0 0 1 0 0 0 -999 -999 -999 
P291 2094 3 0 0 0 0 0 0 0 0 0 0 0 0 3 1 0 0 0 0 0 0 0 0 0 0 0 0 0 0 0 126 88 
P291 2094 4 152 170 97 16 0 30 56 44 0 0 0 0 0 3 0 0 0 0 3 0 0 25 0 0 7 0 0 0 0 0 -999 
P291 2094 5 14 0 0 0 4 0 2 1 0 0 3 0 0 0 0 2 0 0 0 0 0 0 0 0 0 0 0 0 0 0 0 
P291 2094 6 0 0 0 0 0 0 0 0 0 0 0 0 0 0 0 0 0 0 0 0 0 0 0 0 0 0 0 0 0 0 -999 
P291 2094 7 0 0 0 0 0 0 0 0 0 0 0 0 0 0 0 0 0 0 0 0 0 0 0 0 0 0 0 0 0 0 0 
P291 2094 8 0 0 0 0 0 0 0 0 0 0 0 0 0 0 0 0 0 0 0 0 0 0 9 0 0 0 0 0 0 9 0 
P291 2094 9 0 0 0 0 0 0 0 0 0 0 0 0 0 0 0 0 0 0 0 0 0 0 0 0 0 0 0 0 0 0 -999 
P291 2094 10 0 0 5 0 0 0 0 0 0 0 0 0 0 10 0 0 0 0 41 27 62 0 67 52 0 0 94 0 0 0 0 
P291 2094 11 0 1 0 0 0 1 2 0 10 0 15 8 48 85 0 0 20 19 0 0 0 0 0 0 25 22 20 0 18 0 -999 
P291 2094 12 8 6 0 0 0 0 0 0 0 0 0 12 0 7 6 0 0 18 35 25 0 0 2 0 0 0 0 0 0 0 19 
P291 2095 1 53 59 86 115 57 21 0 0 110 26 23 0 16 0 24 0 0 0 0 0 0 0 18 29 60 73 0 92 0 16 30 
P291 2095 2 0 25 19 0 5 8 11 0 0 0 8 0 0 0 0 0 0 0 0 8 0 3 0 0 0 0 0 0 -999 -999 -999 
P291 2095 3 0 0 0 0 0 0 0 0 0 0 0 0 0 0 0 0 0 0 0 0 0 0 12 0 0 0 0 64 57 0 26 
P291 2095 4 0 102 96 0 11 6 0 6 0 0 0 0 0 21 0 20 21 38 0 0 0 51 46 73 19 0 0 0 0 0 -999 
P291 2095 5 0 0 3 4 0 0 7 0 0 0 0 0 0 0 0 0 0 0 0 0 0 0 0 0 0 0 0 0 0 0 0 
P291 2095 6 0 0 0 0 0 18 0 25 0 0 0 0 0 15 0 0 0 0 0 32 36 0 0 0 0 4 0 0 0 0 -999 
P291 2095 7 0 0 0 0 0 0 0 0 0 0 0 0 0 0 0 0 0 0 0 0 0 0 0 0 0 0 0 0 0 0 0 
P291 2095 8 0 0 0 0 0 0 0 0 0 0 0 0 0 0 0 0 0 0 0 0 0 0 0 0 0 0 0 0 0 0 0 
P291 2095 9 0 9 0 1 0 0 0 1 0 0 0 0 0 0 0 0 0 6 0 0 0 0 0 0 0 11 5 0 0 0 -999 
P291 2095 10 0 0 0 0 0 0 0 0 0 0 0 0 0 0 12 0 43 0 0 0 5 4 0 1 0 2 0 0 0 0 0 
P291 2095 11 0 0 0 0 22 0 27 0 0 0 19 39 0 12 7 12 21 0 0 10 0 67 78 79 43 0 3 0 0 0 -999 
P291 2095 12 0 0 0 5 0 4 0 54 80 40 0 4 0 0 111 56 0 0 18 74 52 11 0 14 129 146 55 0 8 0 0 
P291 2096 1 59 3 0 0 56 0 0 76 75 78 32 14 0 0 62 0 5 4 0 0 0 0 0 0 0 0 0 0 0 0 0 
P291 2096 2 0 31 49 50 24 17 0 9 0 0 0 0 0 49 79 18 4 0 0 0 0 0 0 0 0 0 12 0 -999 -999 -999 
P291 2096 3 0 0 0 0 0 0 0 0 0 7 0 0 0 0 0 0 0 0 0 14 35 106 120 17 0 35 35 59 77 52 0 
P291 2096 4 0 0 0 0 0 0 0 0 0 0 0 0 0 0 45 66 0 0 0 23 0 0 0 0 0 0 0 0 0 0 -999 
P291 2096 5 0 0 0 0 0 0 0 20 11 0 0 0 0 6 3 0 0 0 0 0 0 0 0 0 0 0 0 0 12 0 0 
P291 2096 6 0 26 0 0 0 0 0 13 0 0 0 4 0 0 0 0 0 0 0 0 0 0 0 0 0 0 0 0 0 0 -999 
P291 2096 7 0 0 14 0 0 0 0 0 0 0 0 0 0 3 0 0 0 0 0 0 0 0 0 0 0 0 0 0 0 0 0 
P291 2096 8 0 0 0 0 0 0 0 0 0 0 0 0 0 0 0 0 0 0 0 0 0 0 0 0 0 0 0 0 0 0 0 
P291 2096 9 0 0 0 0 0 0 0 0 0 0 0 0 0 0 0 0 0 9 0 18 0 22 19 0 0 2 0 0 0 0 -999 
P291 2096 10 0 38 0 0 9 0 0 0 0 0 0 0 0 0 0 0 0 0 34 37 0 0 0 0 0 0 0 3 0 2 0 
P291 2096 11 0 0 0 0 0 0 0 0 0 0 0 0 0 0 0 0 0 0 0 0 0 0 0 0 10 0 0 1 0 0 -999 
P291 2096 12 0 1 0 0 0 0 0 0 0 0 19 25 0 42 43 0 0 76 0 0 0 0 33 0 13 0 0 0 22 0 0 
P291 2097 1 0 0 0 0 1 0 0 0 0 0 0 0 0 0 0 0 0 0 0 0 0 6 1 0 52 0 52 0 11 19 0 
P291 2097 2 0 18 16 28 41 85 0 0 0 1 0 0 0 0 0 0 0 0 0 0 1 0 0 0 15 0 0 0 -999 -999 -999 
P291 2097 3 0 36 81 0 0 41 18 3 13 8 0 0 0 0 0 0 0 0 6 0 0 0 0 39 0 45 16 0 23 2 0 
P291 2097 4 0 0 0 0 8 0 0 0 31 0 33 52 74 51 22 0 0 0 0 26 14 0 0 0 26 0 0 0 0 0 -999 
P291 2097 5 0 0 0 8 0 0 21 0 0 0 0 0 0 0 0 0 0 0 0 0 0 0 27 0 0 0 0 0 0 0 0 
P291 2097 6 0 0 0 0 0 0 0 4 0 0 0 0 0 0 0 0 0 0 0 0 0 0 0 0 0 0 0 0 0 0 -999 
P291 2097 7 0 0 0 0 0 0 0 0 0 0 0 0 0 0 0 0 0 0 0 0 0 0 0 0 0 0 0 0 0 0 0 
P291 2097 8 0 0 0 0 0 0 0 0 0 0 0 0 0 0 0 0 0 0 0 0 0 0 0 0 0 0 0 0 0 6 0 
P291 2097 9 0 0 0 0 0 0 0 0 12 0 0 0 2 0 0 0 0 0 0 0 0 0 0 0 0 0 2 0 3 0 -999 
P291 2097 10 0 5 0 0 0 0 0 0 0 0 0 0 0 0 0 0 60 62 15 8 4 0 14 2 0 0 0 0 0 0 0 
P291 2097 11 0 0 0 0 0 0 0 0 0 0 0 0 0 1 0 0 0 0 0 0 0 0 0 0 5 0 14 0 0 20 -999 
P291 2097 12 22 6 0 0 0 0 0 0 0 0 0 0 0 0 0 0 6 0 0 0 2 0 0 0 0 0 0 0 26 43 33 
P291 2098 1 72 17 0 32 88 38 14 2 7 12 0 0 12 0 13 0 0 0 0 83 51 44 0 36 0 0 0 0 0 0 0 
P291 2098 2 0 0 10 0 0 0 15 0 0 65 40 53 0 12 0 0 0 0 0 0 0 0 0 0 0 5 0 0 -999 -999 -999 
P291 2098 3 0 0 0 0 0 0 15 4 0 0 0 0 0 0 0 0 7 0 0 0 0 0 0 0 6 0 49 24 0 0 0 
P291 2098 4 0 0 0 0 0 24 31 0 0 0 2 0 27 0 0 0 0 0 0 0 0 0 0 15 0 1 0 0 0 0 -999 
P291 2098 5 0 0 0 0 23 0 46 39 49 69 0 87 28 0 0 0 20 0 0 16 0 0 0 36 37 23 7 0 1 0 0 
P291 2098 6 0 0 0 0 0 0 0 0 0 0 0 0 0 0 0 1 0 0 0 0 0 0 0 0 0 0 0 0 0 0 -999 
P291 2098 7 0 0 0 0 0 0 0 0 0 0 0 0 0 0 0 0 0 0 0 0 0 0 0 0 0 0 0 0 0 0 0 
P291 2098 8 0 0 0 0 0 0 0 0 0 0 0 0 0 0 0 0 0 0 0 0 0 0 0 0 0 0 0 0 0 0 0 
P291 2098 9 0 0 0 0 0 0 2 4 0 0 0 0 0 0 0 0 0 0 0 0 0 0 0 0 0 0 0 5 5 0 -999 
P291 2098 10 0 1 0 0 0 0 0 0 0 0 0 0 12 0 0 0 34 38 13 4 0 0 0 0 0 27 34 0 0 0 19 
P291 2098 11 0 0 0 0 0 0 0 0 0 0 0 0 69 40 25 18 0 37 64 23 0 39 0 0 7 0 0 0 0 1 -999 
P291 2098 12 0 0 0 0 0 0 0 0 0 0 0 0 0 0 0 0 0 0 17 46 41 29 20 0 41 0 0 0 22 6 0 
P291 2099 1 0 0 0 0 0 0 0 0 0 27 0 19 0 2 0 0 36 0 5 19 0 48 141 19 0 0 10 0 0 0 0 
P291 2099 2 3 7 0 0 0 0 0 36 5 2 0 0 0 0 3 0 0 0 0 0 0 0 0 111 154 52 31 0 -999 -999 -999 
P291 2099 3 80 93 109 114 18 0 0 0 7 0 0 0 0 0 29 0 34 124 176 166 15 0 0 0 0 0 18 0 0 22 0 
P291 2099 4 0 20 0 0 15 9 0 0 0 0 0 0 0 0 0 0 0 0 0 0 0 22 0 0 0 0 35 36 0 32 -999 
P291 2099 5 0 0 0 8 0 0 0 0 0 0 0 0 0 0 0 0 0 0 0 0 0 0 0 0 8 5 0 0 0 0 0 
P291 2099 6 1 0 0 0 0 0 0 0 0 0 0 0 0 0 0 0 0 0 0 0 9 0 0 0 0 0 0 0 0 0 -999 
P291 2099 7 0 0 0 0 0 2 0 0 0 0 0 0 0 0 0 0 0 0 0 0 0 0 0 0 0 0 0 0 0 0 0 
P291 2099 8 0 0 0 0 0 0 0 0 0 0 0 0 0 10 0 0 0 0 0 0 0 0 0 0 0 0 0 0 0 0 0 
P291 2099 9 0 0 0 0 0 0 0 0 0 0 0 0 0 0 0 0 0 0 0 0 0 0 0 0 5 5 0 0 0 2 -999 
P291 2099 10 0 0 0 0 0 7 0 0 0 30 31 53 29 0 8 0 0 0 0 6 10 0 0 0 0 0 19 0 11 0 0 
P291 2099 11 0 0 0 0 0 0 0 0 0 0 0 0 12 0 0 27 0 0 0 0 0 0 0 23 0 0 0 50 67 0 -999 
P291 2099 12 6 0 0 0 0 56 46 0 0 44 27 0 0 0 0 0 0 0 0 0 25 0 24 0 138 235 223 169 84 52 0 
P291 2100 1 36 0 0 0 46 0 0 20 0 0 93 179 175 54 11 0 16 12 0 0 0 0 0 0 0 0 0 0 0 0 11 
P291 2100 2 0 71 65 10 0 0 0 0 36 65 0 0 0 6 0 0 0 0 28 0 0 0 0 0 0 0 0 0 -999 -999 -999 
P291 2100 3 0 0 59 0 0 21 26 33 50 46 0 0 112 25 13 0 5 0 0 0 0 45 43 41 24 66 45 28 62 66 52 
P291 2100 4 58 46 36 0 15 13 16 0 0 17 34 91 37 0 26 24 13 20 16 0 9 0 0 0 0 0 0 0 0 0 -999 
P291 2100 5 8 0 0 0 0 0 0 0 0 16 0 10 14 0 0 0 0 0 0 34 0 0 25 32 46 19 8 8 0 0 0 
P291 2100 6 0 0 0 0 0 0 0 0 0 0 13 0 19 0 0 0 0 0 7 0 0 0 0 0 0 0 0 0 0 0 -999 
P291 2100 7 0 0 0 0 0 0 0 0 0 0 0 0 0 0 0 0 0 0 0 0 0 0 0 0 0 0 6 0 0 0 2 
P291 2100 8 0 0 0 0 0 0 0 0 0 0 0 0 0 0 0 0 0 0 0 0 0 0 0 0 0 0 0 4 0 0 0 
P291 2100 9 0 0 0 0 0 0 0 0 0 0 0 0 0 0 0 0 0 0 0 0 0 0 0 0 0 13 0 0 0 0 -999 
P291 2100 10 0 0 0 0 0 10 0 34 22 0 0 0 22 0 0 0 0 0 15 0 17 51 64 17 0 0 0 0 18 0 0 
P291 2100 11 0 0 0 49 56 102 0 0 70 55 13 0 66 97 144 117 77 72 0 43 0 65 51 78 39 0 0 7 0 0 -999 
P291 2100 12 6 0 0 0 25 0 1 0 1 0 0 0 0 0 0 0 0 0 0 0 0 0 0 0 0 0 0 0 0 0 0 
