precip	MIROC5	RCP60	REGRESION	decimas	1
P10481	40.660	-2.967	182	geo	2006	2100	-1
P10481 2006 1 0 8 0 0 8 15 6 0 13 5 15 73 161 57 34 99 60 66 41 0 0 6 0 0 13 13 0 0 0 27 8 
P10481 2006 2 0 43 31 19 5 0 0 0 0 0 8 22 38 0 0 22 17 10 20 0 0 0 0 0 0 3 0 0 -999 -999 -999 
P10481 2006 3 0 50 64 86 83 76 84 77 0 30 51 36 24 21 23 50 104 92 69 29 42 0 31 23 25 27 26 35 51 38 62 
P10481 2006 4 21 31 25 30 0 10 0 32 0 0 0 4 0 0 0 0 16 7 0 4 0 2 5 14 0 26 0 45 26 20 -999 
P10481 2006 5 20 24 18 28 25 46 0 10 0 6 5 12 0 22 0 0 16 0 15 0 0 0 0 0 0 0 0 17 0 0 0 
P10481 2006 6 7 0 0 0 0 0 0 11 15 0 0 0 0 9 0 0 12 0 9 8 0 0 0 0 0 0 15 0 0 0 -999 
P10481 2006 7 18 0 0 0 0 0 20 21 0 0 0 0 0 0 0 0 0 0 12 0 0 0 0 0 0 0 0 0 0 0 0 
P10481 2006 8 0 8 0 0 0 0 0 0 6 0 0 0 0 0 0 0 0 0 0 0 0 8 0 15 0 0 0 8 10 0 19 
P10481 2006 9 0 0 10 0 0 0 0 0 0 16 0 0 0 0 9 0 0 0 0 0 0 13 0 0 0 0 0 9 0 0 -999 
P10481 2006 10 2 0 0 0 0 0 0 0 0 15 0 15 0 0 0 17 8 5 0 9 16 11 0 0 0 0 0 0 14 0 0 
P10481 2006 11 14 11 0 13 9 0 0 27 0 0 0 0 0 0 0 0 0 0 0 0 24 17 21 40 14 8 4 4 0 0 -999 
P10481 2006 12 0 0 0 0 0 0 19 52 43 22 26 24 25 20 49 79 0 0 0 0 19 47 102 43 38 33 22 0 21 23 0 
P10481 2007 1 12 13 0 0 0 0 0 0 0 0 0 2 5 0 0 1 1 0 0 0 0 0 5 10 19 0 12 26 0 20 14 
P10481 2007 2 0 15 26 0 13 0 22 88 166 127 23 19 11 0 12 0 16 36 0 26 28 27 48 0 32 29 25 26 -999 -999 -999 
P10481 2007 3 0 23 0 39 47 27 13 14 17 8 19 44 45 70 39 17 0 14 10 27 14 24 0 0 6 0 0 0 0 0 2 
P10481 2007 4 0 0 0 0 0 19 0 0 0 0 14 27 50 0 0 15 0 36 0 25 23 0 28 32 0 0 0 0 0 0 -999 
P10481 2007 5 1 0 0 0 48 0 0 7 16 0 0 25 0 26 0 14 0 0 22 0 0 0 0 2 0 0 2 0 7 0 17 
P10481 2007 6 0 16 0 14 0 20 0 0 0 0 9 0 0 16 0 0 0 0 0 0 0 0 0 0 0 0 18 16 0 18 -999 
P10481 2007 7 0 0 0 0 0 0 0 0 16 23 0 0 0 5 0 0 0 0 0 0 12 15 0 0 0 0 0 16 0 0 7 
P10481 2007 8 0 0 0 0 0 12 0 0 0 11 0 0 0 0 0 0 11 12 0 0 12 0 0 0 0 0 18 0 0 9 0 
P10481 2007 9 0 0 0 0 0 4 1 0 0 0 0 0 0 0 27 0 0 0 4 0 0 7 0 0 0 8 0 0 0 0 -999 
P10481 2007 10 3 0 0 0 0 0 0 0 0 0 26 0 0 39 0 0 14 36 9 5 0 38 33 37 13 0 27 0 8 0 6 
P10481 2007 11 6 0 12 0 4 8 0 0 21 0 19 24 14 18 9 0 0 0 0 0 0 0 0 0 4 6 8 12 0 0 -999 
P10481 2007 12 0 0 11 15 13 0 17 0 3 2 0 0 1 0 0 9 0 0 19 7 10 0 10 10 0 0 0 11 0 6 0 
P10481 2008 1 0 0 32 39 0 2 1 0 0 6 8 9 0 0 20 0 19 6 0 23 51 59 27 15 28 0 73 45 29 45 0 
P10481 2008 2 110 44 70 0 27 46 0 65 21 31 48 0 10 12 0 40 17 51 0 0 13 0 11 0 19 34 22 0 -999 -999 -999 
P10481 2008 3 8 7 0 7 0 0 0 0 3 0 0 0 0 0 0 0 0 0 0 0 0 0 0 0 0 0 0 0 0 0 0 
P10481 2008 4 0 0 12 0 20 10 3 0 0 4 0 10 0 0 40 42 38 0 11 7 0 0 0 0 0 2 0 0 0 21 -999 
P10481 2008 5 0 0 0 0 14 0 8 0 0 0 0 0 18 26 0 0 0 0 0 38 0 20 33 14 0 0 7 5 7 0 0 
P10481 2008 6 0 6 9 0 0 25 11 0 0 0 16 0 11 32 0 0 8 0 8 0 0 8 0 0 0 0 15 0 0 0 -999 
P10481 2008 7 0 0 0 0 0 0 0 0 0 0 0 0 15 0 0 0 0 0 0 0 0 0 0 13 0 0 0 0 0 7 0 
P10481 2008 8 0 0 0 0 0 10 0 0 0 0 0 0 0 8 0 0 0 0 0 7 0 0 0 0 0 0 11 0 0 0 0 
P10481 2008 9 6 7 7 11 10 0 8 0 15 0 0 0 0 19 11 0 0 0 0 0 9 0 0 0 18 0 0 18 36 25 -999 
P10481 2008 10 20 0 0 0 0 0 14 0 7 0 32 34 27 0 0 3 0 0 0 0 0 0 0 0 14 28 0 0 22 0 0 
P10481 2008 11 14 4 0 0 4 0 0 0 0 8 23 0 5 0 0 4 9 24 8 0 0 5 6 0 0 0 0 0 0 0 -999 
P10481 2008 12 0 0 0 1 0 0 5 5 10 26 0 0 14 16 5 2 7 0 0 0 0 0 0 4 0 20 16 0 8 0 0 
P10481 2009 1 0 0 0 0 0 7 0 0 6 0 0 15 15 14 17 5 1 0 0 0 0 0 0 0 0 0 0 0 0 0 0 
P10481 2009 2 4 0 9 12 9 8 6 0 0 0 4 3 0 4 0 1 0 0 0 0 2 2 0 0 7 6 0 26 -999 -999 -999 
P10481 2009 3 52 49 52 0 18 0 0 39 0 18 12 0 8 0 33 0 63 42 28 0 0 5 24 24 0 59 44 74 60 45 22 
P10481 2009 4 19 36 20 0 23 39 13 13 10 0 13 24 31 21 26 13 0 0 0 15 0 0 6 0 0 0 0 0 0 0 -999 
P10481 2009 5 0 30 30 23 21 32 0 7 15 22 27 0 0 0 0 0 0 0 22 0 0 0 0 15 0 0 0 8 0 10 0 
P10481 2009 6 0 0 0 0 16 16 16 7 0 13 2 0 0 0 21 0 0 0 3 3 5 0 0 0 0 0 0 0 0 0 -999 
P10481 2009 7 0 0 16 0 0 0 0 0 0 21 0 0 0 0 0 0 0 0 0 0 0 0 11 0 0 0 0 0 0 0 0 
P10481 2009 8 0 0 0 0 0 0 0 0 0 16 0 0 10 0 0 0 0 0 0 0 0 0 0 0 0 0 0 0 0 0 0 
P10481 2009 9 0 0 0 0 0 0 5 10 11 0 30 15 10 0 0 0 0 10 9 0 0 0 0 0 0 0 0 0 0 0 -999 
P10481 2009 10 0 0 3 0 0 5 0 0 0 0 0 0 12 12 0 21 0 18 0 10 12 0 13 36 0 0 5 0 0 0 0 
P10481 2009 11 0 0 0 0 0 0 0 0 0 0 0 0 0 0 0 9 0 0 0 17 0 14 32 22 0 0 15 0 14 21 -999 
P10481 2009 12 19 21 38 16 44 0 53 20 17 0 33 12 16 9 8 0 0 20 30 0 13 12 12 0 0 0 38 36 23 0 0 
P10481 2010 1 0 0 25 65 61 16 10 0 15 0 0 8 17 9 9 0 0 7 0 0 0 0 4 0 0 0 5 0 12 0 16 
P10481 2010 2 8 0 0 0 0 23 0 0 0 0 1 0 0 0 2 2 0 0 0 6 0 7 0 0 3 0 3 0 -999 -999 -999 
P10481 2010 3 0 0 0 0 0 0 22 23 48 38 22 11 0 6 0 0 8 23 50 39 0 0 0 0 0 2 0 5 0 0 0 
P10481 2010 4 0 14 0 0 0 0 0 0 33 0 0 23 21 16 36 47 15 6 5 0 23 17 10 0 31 9 0 0 26 0 -999 
P10481 2010 5 13 0 18 29 27 0 0 0 0 0 15 15 0 0 18 0 15 0 8 0 0 0 0 0 0 0 33 0 0 11 0 
P10481 2010 6 12 0 16 0 10 7 0 0 0 0 6 0 23 0 0 0 0 0 0 6 0 9 6 0 0 0 0 0 0 16 -999 
P10481 2010 7 0 0 0 0 0 0 0 11 0 0 0 0 0 0 7 0 0 0 0 0 0 0 0 0 0 0 0 0 5 0 0 
P10481 2010 8 0 0 0 0 0 7 12 0 12 14 0 11 0 0 0 0 16 0 0 3 0 0 9 0 0 0 0 0 0 0 0 
P10481 2010 9 9 0 25 0 0 0 0 0 0 18 0 0 0 0 27 0 4 13 0 0 0 0 0 0 0 0 0 0 4 0 -999 
P10481 2010 10 0 0 1 0 0 0 0 0 0 30 36 23 0 32 0 13 0 8 0 0 19 23 18 0 9 0 0 5 0 0 0 
P10481 2010 11 6 0 0 0 0 0 0 0 0 0 0 0 0 0 0 0 0 7 7 6 11 0 4 4 5 0 0 0 0 0 -999 
P10481 2010 12 3 0 0 10 0 13 0 0 11 10 0 0 24 0 5 0 0 0 0 3 0 0 0 0 1 0 0 0 0 0 0 
P10481 2011 1 0 0 0 7 12 0 0 0 0 0 0 7 0 0 15 6 2 0 0 0 10 21 57 20 18 0 0 3 2 2 0 
P10481 2011 2 6 0 0 0 17 23 19 8 0 0 0 14 12 0 0 10 0 9 0 11 0 0 16 0 0 8 17 38 -999 -999 -999 
P10481 2011 3 42 21 15 9 0 9 8 4 6 18 22 30 22 19 0 71 85 38 24 29 27 38 59 125 55 14 32 53 0 0 0 
P10481 2011 4 0 25 0 0 11 12 11 15 24 0 17 0 0 0 5 12 0 33 23 24 0 0 0 0 0 0 0 0 0 0 -999 
P10481 2011 5 0 13 9 0 4 0 0 12 22 0 0 0 0 0 0 0 0 0 0 0 0 15 0 12 0 0 0 0 0 17 0 
P10481 2011 6 8 10 0 5 0 0 0 0 0 0 18 0 11 0 14 10 0 0 0 0 0 0 0 0 0 0 0 0 0 0 -999 
P10481 2011 7 0 0 0 0 0 0 0 0 0 0 0 0 0 0 0 0 0 0 0 0 0 15 4 0 0 0 0 0 0 0 0 
P10481 2011 8 0 0 0 0 0 0 0 0 0 0 0 0 0 0 0 0 0 0 0 12 0 0 0 0 0 0 0 0 0 0 0 
P10481 2011 9 0 0 0 0 10 3 0 0 29 36 0 0 0 0 0 0 0 0 0 0 4 0 0 0 0 6 0 6 0 15 -999 
P10481 2011 10 11 11 0 0 0 0 0 0 10 12 11 15 0 0 10 9 0 7 0 0 14 0 21 15 0 0 0 0 0 25 0 
P10481 2011 11 5 0 12 26 52 60 44 0 0 0 0 0 13 5 4 0 36 24 0 0 0 69 55 53 10 5 0 10 0 0 -999 
P10481 2011 12 0 17 33 9 0 0 0 0 7 7 10 14 0 0 11 0 45 46 49 44 63 26 0 0 14 31 0 0 0 20 35 
P10481 2012 1 59 0 4 0 0 0 0 0 2 0 2 0 0 0 0 2 3 0 3 7 0 4 0 0 0 0 6 0 0 0 0 
P10481 2012 2 6 18 37 19 0 0 0 7 0 0 0 0 0 0 0 0 3 0 29 0 16 10 8 0 15 0 0 0 -999 -999 -999 
P10481 2012 3 36 59 32 0 18 0 8 0 0 0 0 0 16 0 0 0 25 0 23 0 33 15 13 17 19 0 0 0 0 0 0 
P10481 2012 4 0 10 0 0 0 15 0 0 0 0 4 0 17 69 0 26 27 0 0 12 0 0 0 39 60 48 41 36 36 36 -999 
P10481 2012 5 0 0 22 0 0 0 0 0 0 20 0 0 0 29 26 19 0 0 0 6 6 0 10 0 32 0 22 0 0 0 0 
P10481 2012 6 0 0 2 0 0 3 8 0 33 20 12 0 14 18 0 0 0 0 0 17 0 0 0 0 0 0 0 0 19 7 -999 
P10481 2012 7 0 0 0 0 0 0 0 0 0 0 0 0 0 0 0 10 19 0 11 0 0 10 0 0 21 0 0 0 0 0 0 
P10481 2012 8 9 6 0 0 0 0 0 9 0 0 0 0 0 0 0 0 0 0 0 0 0 0 0 0 0 12 0 0 0 0 0 
P10481 2012 9 0 6 0 0 0 0 19 0 0 0 0 0 0 0 0 0 7 0 6 0 0 0 0 0 0 0 14 17 0 0 -999 
P10481 2012 10 0 0 0 0 0 0 0 12 20 0 52 0 0 0 0 19 15 0 0 0 0 0 12 0 11 12 25 0 13 37 24 
P10481 2012 11 29 46 41 14 0 15 0 0 0 30 35 0 0 0 0 0 0 34 58 37 0 5 0 0 0 0 0 0 27 0 -999 
P10481 2012 12 0 0 0 15 0 54 0 0 0 11 12 8 22 73 36 41 37 20 13 11 8 26 0 16 12 7 0 3 0 11 53 
P10481 2013 1 25 0 20 45 0 0 0 13 0 0 0 0 0 0 0 0 0 0 0 0 0 0 0 1 0 1 0 0 0 21 0 
P10481 2013 2 0 0 0 0 3 0 0 0 0 0 0 0 23 71 36 12 19 50 72 48 37 47 39 73 17 0 0 0 -999 -999 -999 
P10481 2013 3 0 23 0 19 0 0 0 39 27 54 93 71 56 0 0 27 0 22 0 0 16 41 42 15 22 14 0 0 33 31 71 
P10481 2013 4 24 0 0 0 17 20 23 0 4 0 0 0 17 20 0 30 7 0 13 10 33 23 0 24 54 0 3 0 0 0 -999 
P10481 2013 5 0 0 8 0 0 0 12 29 0 0 0 22 0 0 0 35 31 23 16 13 0 0 0 0 0 0 0 2 0 0 0 
P10481 2013 6 0 21 0 0 14 0 0 30 0 37 33 0 0 14 0 7 0 0 0 5 8 7 0 0 0 0 36 0 22 0 -999 
P10481 2013 7 0 0 5 0 0 21 0 0 0 0 0 0 0 0 0 0 0 0 0 0 0 0 0 0 0 0 0 0 0 0 0 
P10481 2013 8 0 0 0 0 0 15 0 16 16 13 0 0 0 0 11 18 0 0 0 0 0 0 12 0 12 0 0 14 0 0 26 
P10481 2013 9 21 0 9 0 0 0 0 0 0 0 0 0 0 0 0 0 0 0 0 16 0 0 0 0 0 0 0 5 0 0 -999 
P10481 2013 10 0 0 0 0 0 0 6 0 0 0 17 0 0 9 9 13 27 0 8 0 0 0 3 0 2 0 0 0 0 0 2 
P10481 2013 11 0 0 0 0 1 0 0 6 11 10 15 0 5 0 0 8 13 92 146 65 40 70 100 79 0 63 45 23 0 11 -999 
P10481 2013 12 11 40 25 23 0 0 0 0 0 10 0 12 0 8 0 0 0 0 0 10 0 8 0 18 14 23 19 17 31 32 0 
P10481 2014 1 24 7 3 0 0 0 10 0 0 0 12 12 16 0 20 11 0 0 0 0 3 0 0 0 20 20 38 43 0 57 27 
P10481 2014 2 28 41 18 27 27 44 40 71 26 44 0 0 20 0 3 0 0 12 23 0 12 7 0 0 0 0 10 0 -999 -999 -999 
P10481 2014 3 25 8 0 0 0 0 0 0 0 0 0 0 29 24 52 47 55 48 94 0 25 21 0 0 6 5 0 0 0 0 19 
P10481 2014 4 18 0 0 23 43 31 12 15 21 34 30 33 34 28 43 28 45 17 24 13 15 0 0 0 0 21 11 27 17 26 -999 
P10481 2014 5 47 0 0 0 0 0 0 2 0 0 0 0 0 0 0 25 0 0 0 42 0 44 29 28 15 19 28 0 16 31 0 
P10481 2014 6 0 0 34 45 44 0 0 0 0 0 0 0 7 14 0 0 0 0 0 12 0 0 12 0 0 0 0 8 0 0 -999 
P10481 2014 7 0 0 0 0 0 0 0 0 0 0 13 0 10 0 0 10 9 0 0 0 0 0 0 12 0 25 0 0 0 0 0 
P10481 2014 8 0 0 0 0 0 0 0 0 5 0 0 0 5 5 0 0 16 0 0 0 0 0 0 0 0 0 0 0 0 0 0 
P10481 2014 9 0 0 0 0 0 0 0 0 0 7 0 12 20 0 25 0 37 23 0 0 0 12 9 0 0 0 0 5 15 0 -999 
P10481 2014 10 0 0 0 16 11 3 0 0 9 0 9 0 11 0 8 0 0 0 23 38 15 0 0 8 39 0 0 5 0 0 0 
P10481 2014 11 0 0 0 0 0 0 0 0 0 0 0 0 0 0 0 0 0 44 19 41 64 112 53 50 0 19 0 3 0 0 -999 
P10481 2014 12 0 0 0 0 0 0 6 0 5 4 0 0 0 0 0 0 0 0 0 0 1 0 6 0 6 0 6 0 15 16 15 
P10481 2015 1 9 2 8 41 0 0 0 0 17 14 5 0 0 0 0 0 0 0 0 0 0 0 0 0 6 0 7 32 32 14 0 
P10481 2015 2 0 0 0 0 0 0 0 0 0 0 5 4 0 0 0 0 0 0 0 0 0 0 8 14 42 0 43 28 -999 -999 -999 
P10481 2015 3 17 0 0 46 28 0 0 25 51 14 0 8 14 27 0 0 0 0 0 15 22 20 29 0 12 0 0 0 0 0 24 
P10481 2015 4 42 30 14 0 0 0 0 12 0 6 0 0 0 0 0 0 0 0 0 5 16 0 0 0 0 41 25 24 58 0 -999 
P10481 2015 5 0 38 26 0 0 0 3 0 0 0 0 0 0 0 0 0 0 0 3 4 0 0 0 0 11 0 29 43 54 0 7 
P10481 2015 6 3 8 12 16 0 27 18 6 4 0 0 0 5 12 23 0 0 0 0 7 11 0 0 0 0 0 0 0 0 0 -999 
P10481 2015 7 0 0 8 0 0 0 12 0 0 0 0 0 10 0 0 0 5 0 0 0 10 0 13 0 0 0 0 0 0 0 0 
P10481 2015 8 0 0 0 0 0 8 0 0 0 0 0 0 0 0 9 0 0 0 20 0 0 34 0 23 17 0 0 0 6 0 0 
P10481 2015 9 0 0 0 0 0 16 7 0 0 0 0 0 0 0 0 0 0 0 0 0 18 0 4 0 24 37 42 32 24 0 -999 
P10481 2015 10 24 17 0 0 0 26 0 0 16 0 3 0 0 0 12 0 0 0 0 9 15 0 0 13 12 7 0 0 0 0 4 
P10481 2015 11 0 0 0 0 0 12 12 8 0 9 0 16 0 28 22 0 5 6 20 37 38 25 0 6 0 0 0 0 4 10 -999 
P10481 2015 12 29 44 0 0 28 30 71 93 45 64 38 44 75 9 0 0 20 6 5 0 0 0 0 0 1 0 0 0 0 0 2 
P10481 2016 1 8 0 16 0 0 0 35 0 11 0 0 47 33 51 0 0 0 0 6 0 0 14 11 0 17 26 29 20 28 31 13 
P10481 2016 2 0 8 22 16 6 0 0 0 0 16 11 9 10 0 14 0 29 17 8 0 17 13 0 12 13 20 0 0 -999 -999 -999 
P10481 2016 3 0 0 18 0 29 0 34 0 86 65 82 92 69 41 42 29 15 19 0 0 0 38 0 0 0 0 0 67 0 39 52 
P10481 2016 4 0 0 0 0 0 0 0 28 23 41 64 67 0 24 61 0 0 0 0 37 17 0 0 21 19 0 30 44 38 14 -999 
P10481 2016 5 0 14 11 12 0 0 0 12 0 9 16 0 0 0 16 34 0 16 5 0 0 0 0 0 0 7 7 0 0 28 24 
P10481 2016 6 20 0 3 0 0 0 0 2 0 0 0 21 0 0 0 13 0 0 13 0 0 5 0 17 0 0 0 0 6 0 -999 
P10481 2016 7 0 0 17 11 0 0 0 5 0 0 0 0 0 0 0 0 0 0 0 0 0 0 0 0 0 0 0 0 0 0 0 
P10481 2016 8 0 0 13 11 0 0 0 0 0 0 0 0 0 0 0 0 0 0 0 0 0 0 0 0 0 14 0 0 0 10 0 
P10481 2016 9 0 0 14 0 0 0 0 0 3 0 0 1 0 0 5 0 0 0 0 0 0 0 0 0 0 0 4 0 0 0 -999 
P10481 2016 10 5 0 4 0 0 0 0 0 0 0 0 19 0 0 0 32 67 53 0 0 0 34 19 11 0 6 0 8 0 0 11 
P10481 2016 11 15 12 0 12 0 6 14 0 8 11 5 12 0 17 62 25 0 64 55 48 40 0 13 30 41 11 13 14 28 36 -999 
P10481 2016 12 5 10 0 0 5 4 6 0 0 8 23 40 0 0 0 0 0 14 24 18 21 42 25 21 13 0 24 21 18 19 24 
P10481 2017 1 23 8 0 0 0 0 0 0 0 0 14 0 40 0 63 0 0 7 0 4 4 4 0 0 0 0 0 2 0 2 0 
P10481 2017 2 0 0 0 0 0 0 0 9 7 0 1 0 0 0 0 0 0 0 0 0 0 0 0 0 0 0 0 0 -999 -999 -999 
P10481 2017 3 0 0 0 0 0 8 0 19 32 45 0 11 34 40 28 8 9 8 10 0 5 0 0 43 55 50 40 45 26 0 9 
P10481 2017 4 0 10 0 14 12 8 0 0 18 25 0 12 11 11 0 0 8 0 8 8 7 0 0 0 26 20 0 0 0 0 -999 
P10481 2017 5 11 0 0 13 11 3 0 7 0 0 0 14 6 0 11 0 0 7 0 20 0 0 0 14 0 0 11 0 0 12 0 
P10481 2017 6 0 0 0 0 17 0 10 16 0 0 0 0 10 0 0 0 0 0 8 0 12 0 0 15 5 0 0 0 28 0 -999 
P10481 2017 7 0 6 0 0 7 0 0 0 0 0 0 0 0 19 0 0 0 0 0 0 0 0 0 4 3 0 0 15 0 0 0 
P10481 2017 8 0 0 0 0 4 0 0 0 16 14 7 0 0 0 0 0 0 0 0 0 0 34 0 0 0 0 0 5 7 0 0 
P10481 2017 9 0 0 0 4 0 0 0 0 0 0 0 0 0 0 0 0 0 0 3 0 0 7 0 0 0 0 0 0 0 0 -999 
P10481 2017 10 0 0 4 0 0 0 0 0 6 0 7 9 9 0 22 45 33 0 0 23 0 18 23 0 0 4 0 78 81 0 0 
P10481 2017 11 15 19 29 0 17 12 0 32 44 0 39 42 102 67 0 0 11 12 13 19 31 30 15 5 0 0 0 0 0 0 -999 
P10481 2017 12 0 20 0 13 15 0 0 34 85 41 31 22 38 45 37 15 0 0 0 0 0 0 0 12 0 11 20 27 43 49 33 
P10481 2018 1 24 10 0 0 7 0 0 0 0 37 0 0 0 0 3 5 0 16 0 0 5 0 0 13 13 34 0 0 0 11 20 
P10481 2018 2 41 0 58 0 26 0 0 0 10 0 0 0 0 6 0 0 0 0 7 0 0 0 0 0 0 2 0 0 -999 -999 -999 
P10481 2018 3 0 0 0 0 13 0 10 11 0 26 42 0 58 52 31 0 15 0 17 0 0 0 0 7 0 21 27 26 39 31 17 
P10481 2018 4 0 13 0 0 0 9 0 0 0 0 0 0 9 0 36 16 0 7 10 0 0 0 23 0 41 63 56 29 17 0 -999 
P10481 2018 5 29 10 0 0 0 15 17 11 26 35 36 0 31 23 0 0 25 26 0 37 0 0 22 0 0 0 28 15 0 3 0 
P10481 2018 6 7 0 0 0 5 0 0 0 6 0 0 9 0 0 0 15 0 0 0 0 20 0 0 3 0 0 0 0 0 0 -999 
P10481 2018 7 0 0 20 17 0 0 0 13 0 6 5 8 0 16 0 0 0 14 0 7 0 0 0 0 16 0 0 0 0 8 0 
P10481 2018 8 8 12 0 0 0 0 0 0 0 0 22 0 0 0 0 0 9 0 15 0 3 2 0 0 0 0 0 0 0 7 0 
P10481 2018 9 0 0 0 5 0 0 0 0 0 0 0 0 0 0 0 0 0 0 8 0 0 0 0 0 6 0 0 0 0 9 -999 
P10481 2018 10 0 0 0 0 7 9 0 0 0 21 0 15 0 0 18 0 0 12 7 0 12 0 7 0 0 13 8 0 3 13 0 
P10481 2018 11 12 0 4 0 0 11 27 93 51 53 27 0 0 7 0 0 0 0 0 0 0 0 14 12 6 0 0 12 0 0 -999 
P10481 2018 12 22 29 29 27 43 30 50 16 10 8 16 33 50 0 0 20 0 0 0 6 0 19 0 0 23 17 32 44 58 66 46 
P10481 2019 1 80 65 64 55 54 56 72 23 0 0 0 12 8 0 21 15 50 42 54 46 39 64 26 0 0 0 78 0 6 0 47 
P10481 2019 2 75 49 30 8 0 23 16 9 0 46 71 30 63 57 0 0 35 102 136 31 17 18 17 17 0 2 0 0 -999 -999 -999 
P10481 2019 3 0 0 0 0 0 10 0 0 13 0 3 2 0 0 0 0 0 0 0 0 0 0 0 0 0 0 0 35 0 0 20 
P10481 2019 4 15 0 0 13 0 39 0 29 35 17 24 23 27 38 41 38 0 14 0 0 0 0 28 47 33 27 30 27 30 0 -999 
P10481 2019 5 0 15 10 0 9 0 0 13 24 0 0 0 0 0 0 0 0 0 0 6 4 0 0 0 18 0 0 0 0 0 0 
P10481 2019 6 11 0 0 0 0 0 26 0 18 11 0 0 0 0 0 0 9 0 0 0 0 0 0 0 0 0 12 0 0 0 -999 
P10481 2019 7 0 0 24 0 0 7 0 0 0 0 0 0 0 0 0 0 10 0 0 0 0 0 8 0 0 0 0 0 0 0 0 
P10481 2019 8 0 8 0 0 0 0 0 0 0 0 4 0 0 0 0 0 0 0 0 0 0 0 0 0 0 0 0 0 0 8 0 
P10481 2019 9 0 15 8 5 0 0 0 0 0 4 0 0 0 0 0 0 21 0 0 21 0 0 18 0 0 7 0 0 12 0 -999 
P10481 2019 10 0 10 0 20 0 0 0 4 3 8 14 0 0 13 5 0 0 0 0 0 0 0 0 0 0 8 0 0 0 5 0 
P10481 2019 11 0 5 0 0 6 0 0 13 0 0 0 0 0 0 0 0 0 0 19 39 109 138 72 0 38 0 0 0 24 67 -999 
P10481 2019 12 48 37 0 0 0 0 0 2 0 0 0 0 0 0 0 0 0 0 0 0 0 5 0 0 0 2 0 0 0 11 0 
P10481 2020 1 15 0 0 0 0 0 0 0 0 0 0 3 0 41 17 0 7 5 0 0 10 0 0 16 11 0 39 44 36 0 21 
P10481 2020 2 0 12 17 21 0 0 0 40 12 0 0 10 0 0 0 9 6 0 5 0 0 0 0 3 0 0 8 0 -999 -999 -999 
P10481 2020 3 2 0 0 0 24 28 0 0 0 0 4 21 14 0 0 0 1 0 0 12 0 9 0 0 0 20 14 0 20 0 27 
P10481 2020 4 0 16 0 0 6 0 0 3 0 4 0 0 0 0 31 59 64 41 0 39 50 24 10 0 0 0 0 0 11 0 -999 
P10481 2020 5 0 12 0 0 10 0 0 4 0 0 51 40 34 0 25 20 0 0 0 0 8 0 12 17 0 0 0 0 0 0 0 
P10481 2020 6 0 0 11 0 12 9 0 0 0 0 0 0 0 8 15 0 0 0 0 0 0 0 0 0 0 9 0 0 12 14 -999 
P10481 2020 7 0 0 11 0 0 0 0 0 0 0 0 0 0 12 0 0 12 0 17 5 0 0 0 0 0 0 0 0 0 0 0 
P10481 2020 8 0 0 0 0 0 0 0 13 0 0 5 0 0 0 0 0 0 8 8 0 0 0 11 0 0 0 0 0 0 0 0 
P10481 2020 9 0 0 0 0 0 0 7 0 0 0 0 0 0 0 0 10 0 4 0 6 0 11 0 0 0 0 0 0 7 0 -999 
P10481 2020 10 0 0 12 20 20 27 34 24 42 0 0 34 17 0 61 0 0 0 0 12 0 2 0 0 0 0 15 0 0 0 0 
P10481 2020 11 35 47 42 46 31 13 5 0 0 0 0 0 2 0 33 0 0 0 29 68 77 46 38 0 55 54 40 94 13 20 -999 
P10481 2020 12 44 43 38 19 31 0 8 0 19 0 0 0 0 0 0 0 0 6 11 19 20 65 77 43 49 0 72 14 0 0 0 
P10481 2021 1 41 64 0 14 30 0 17 0 43 0 0 0 0 0 2 0 0 0 16 0 5 0 8 6 8 0 0 14 24 22 0 
P10481 2021 2 16 27 0 0 0 0 0 0 0 6 17 0 0 0 3 1 0 0 8 0 10 17 14 5 0 0 0 0 -999 -999 -999 
P10481 2021 3 0 13 0 0 0 0 27 24 22 42 0 9 53 0 3 0 18 0 0 0 47 4 0 0 0 0 12 18 0 15 0 
P10481 2021 4 0 15 18 20 13 0 0 21 0 0 0 12 0 25 0 0 12 0 11 0 0 0 0 0 20 0 7 0 24 34 -999 
P10481 2021 5 35 35 22 0 0 6 0 3 0 0 0 0 0 0 0 0 0 19 24 22 13 0 5 20 0 0 11 0 14 13 28 
P10481 2021 6 0 32 33 0 0 0 5 0 0 0 11 0 0 8 7 11 11 20 0 0 11 0 0 3 0 0 9 0 0 0 -999 
P10481 2021 7 11 0 0 0 0 16 0 13 0 0 0 0 0 0 0 0 9 0 0 16 20 0 0 0 0 0 0 25 0 0 0 
P10481 2021 8 0 0 19 0 0 0 0 0 0 0 0 0 0 7 0 0 0 0 0 0 0 0 0 14 11 30 0 12 0 0 10 
P10481 2021 9 0 0 9 0 0 0 0 0 0 0 0 0 0 0 0 0 8 0 0 0 10 10 0 13 0 25 0 0 0 0 -999 
P10481 2021 10 0 0 0 0 0 0 23 0 17 0 9 6 0 0 0 0 11 0 0 0 0 30 61 61 32 19 19 0 0 0 0 
P10481 2021 11 0 0 22 48 59 41 8 0 0 0 13 0 0 0 0 22 31 38 12 0 0 0 0 0 36 32 40 35 65 0 -999 
P10481 2021 12 36 62 24 19 0 2 5 14 0 0 0 0 9 9 0 31 58 64 21 0 0 26 0 0 6 0 0 9 17 17 0 
P10481 2022 1 0 0 9 0 0 11 0 16 24 19 0 0 21 0 0 21 27 0 0 0 0 33 69 40 47 10 21 38 30 40 38 
P10481 2022 2 75 0 17 29 48 32 82 106 55 51 95 0 97 33 74 32 37 43 0 25 96 39 53 25 29 75 70 0 -999 -999 -999 
P10481 2022 3 0 15 0 37 80 75 0 62 0 51 0 0 0 0 0 0 0 0 0 0 6 4 3 0 0 0 6 0 27 0 0 
P10481 2022 4 7 0 0 0 6 8 23 0 21 11 14 14 0 15 36 25 0 0 19 0 0 9 14 0 7 0 0 0 0 0 -999 
P10481 2022 5 3 0 3 0 0 0 14 18 16 0 0 0 0 40 30 25 18 17 0 0 0 0 0 0 24 0 0 8 0 0 0 
P10481 2022 6 0 0 9 21 0 23 0 0 0 3 0 0 0 0 25 15 12 0 0 8 0 0 0 0 10 0 0 0 6 6 -999 
P10481 2022 7 6 5 0 0 0 0 0 0 0 0 0 0 0 8 0 6 0 10 0 0 0 0 0 0 9 11 0 0 0 9 0 
P10481 2022 8 0 0 0 0 0 0 0 0 0 0 0 0 11 0 0 0 0 0 0 0 0 0 24 0 0 4 0 6 0 0 7 
P10481 2022 9 9 0 12 0 0 0 0 0 0 5 7 0 0 0 24 0 0 0 0 0 0 0 0 0 0 0 0 6 0 9 -999 
P10481 2022 10 0 9 0 0 0 0 0 0 13 0 33 0 0 25 37 29 19 0 0 0 0 0 0 8 0 7 0 0 35 0 34 
P10481 2022 11 0 9 0 0 0 0 0 0 0 11 0 12 3 0 0 0 6 3 0 0 0 0 0 0 0 0 0 0 0 4 -999 
P10481 2022 12 20 0 59 72 27 32 13 0 58 0 13 0 0 8 0 8 12 0 0 13 0 34 69 47 44 28 0 38 25 0 9 
P10481 2023 1 0 9 0 0 15 0 0 0 0 0 2 3 0 0 0 0 2 0 0 6 0 0 6 0 0 0 0 0 0 0 0 
P10481 2023 2 0 16 0 9 7 0 0 8 8 6 0 4 0 0 0 0 16 15 7 4 0 16 0 0 0 15 44 20 -999 -999 -999 
P10481 2023 3 19 22 11 6 0 0 1 0 3 0 0 29 42 3 2 0 0 0 0 0 0 6 0 0 0 0 0 0 19 25 50 
P10481 2023 4 28 15 28 0 37 24 19 0 0 0 0 21 60 88 46 0 35 13 0 0 0 0 5 20 66 48 36 40 0 0 -999 
P10481 2023 5 6 7 0 0 0 0 0 0 0 0 0 0 29 0 14 26 32 26 0 22 8 0 0 5 0 0 0 5 0 11 0 
P10481 2023 6 0 0 0 20 22 0 0 14 0 0 0 0 6 0 0 0 9 0 0 0 0 0 0 0 0 0 0 0 0 0 -999 
P10481 2023 7 0 0 0 0 0 0 0 5 0 0 0 0 0 0 0 0 0 0 11 16 0 0 17 0 0 0 0 0 0 0 0 
P10481 2023 8 0 0 0 0 0 0 7 6 0 0 0 0 0 0 14 6 2 0 0 10 0 0 11 4 0 0 0 0 0 0 0 
P10481 2023 9 21 0 0 0 0 0 14 16 0 8 0 7 0 0 0 0 0 0 0 0 0 0 0 0 12 12 0 0 0 0 -999 
P10481 2023 10 0 7 0 0 7 0 11 13 0 0 10 8 13 0 47 30 0 0 0 0 0 9 9 0 0 34 0 0 0 14 59 
P10481 2023 11 58 24 11 5 0 4 0 0 21 27 21 0 0 5 0 5 0 0 0 0 2 0 0 0 13 0 0 2 0 0 -999 
P10481 2023 12 1 0 1 0 0 0 2 8 0 0 0 0 8 0 0 1 5 0 0 0 2 0 4 0 9 5 0 0 0 0 0 
P10481 2024 1 0 0 0 0 7 34 47 43 47 24 0 10 0 33 43 18 17 35 0 0 0 0 0 0 8 6 8 6 10 0 27 
P10481 2024 2 61 63 69 31 0 13 9 21 0 3 0 0 0 0 0 16 0 0 0 0 0 35 40 74 48 0 0 0 -999 -999 -999 
P10481 2024 3 26 40 29 46 30 45 16 24 30 0 11 0 9 0 0 8 0 18 0 0 0 0 0 36 78 81 44 0 21 41 0 
P10481 2024 4 28 52 51 32 14 0 0 4 0 0 0 0 1 0 6 3 4 0 11 18 0 47 0 21 0 7 0 15 0 0 -999 
P10481 2024 5 0 0 0 0 0 3 0 0 12 36 0 0 0 0 13 0 0 0 11 0 0 4 0 0 10 0 26 0 0 0 0 
P10481 2024 6 0 0 0 0 0 0 0 0 14 0 6 0 0 0 0 0 0 9 0 21 0 0 0 0 0 0 13 0 9 0 -999 
P10481 2024 7 5 0 0 0 0 19 0 0 0 0 0 0 0 7 0 16 0 0 0 0 5 0 0 0 0 12 0 0 0 0 0 
P10481 2024 8 0 0 0 0 0 0 0 0 0 0 0 0 0 0 0 0 0 0 0 0 0 0 0 0 0 0 0 0 0 0 28 
P10481 2024 9 0 14 12 0 6 0 0 0 0 0 0 15 13 0 0 0 0 0 17 10 0 0 0 0 0 0 10 0 0 0 -999 
P10481 2024 10 0 0 0 0 14 0 5 0 0 0 14 16 0 19 65 0 0 20 0 7 0 18 0 25 14 15 0 0 0 0 9 
P10481 2024 11 13 0 19 13 8 12 19 0 7 0 0 21 28 31 6 0 0 13 0 16 0 14 21 0 0 2 0 0 0 0 -999 
P10481 2024 12 0 0 8 18 21 0 0 0 0 0 0 4 6 0 2 0 0 0 0 0 0 0 3 0 0 32 28 0 0 8 0 
P10481 2025 1 0 0 0 0 0 0 5 7 11 0 0 9 0 0 5 6 8 0 12 0 0 16 0 0 0 31 23 0 9 11 0 
P10481 2025 2 0 0 6 6 20 32 20 31 36 23 24 18 19 19 28 27 42 0 8 0 30 23 40 0 4 0 0 5 -999 -999 -999 
P10481 2025 3 6 31 25 0 47 53 104 0 0 0 0 0 0 0 0 6 17 31 0 50 54 79 39 112 73 0 0 5 0 5 19 
P10481 2025 4 29 0 11 7 0 0 0 0 0 4 9 0 0 0 32 0 0 7 19 25 0 0 7 5 0 0 11 0 24 47 -999 
P10481 2025 5 31 10 28 0 24 18 18 15 0 16 0 13 11 0 0 0 0 19 0 6 0 0 0 0 17 11 0 14 14 0 0 
P10481 2025 6 0 0 0 0 0 0 0 0 0 9 0 0 6 0 6 5 0 0 9 0 0 0 0 0 0 0 0 0 0 0 -999 
P10481 2025 7 14 0 0 0 3 0 0 0 0 11 0 0 0 0 0 14 0 0 0 0 0 0 0 0 0 0 0 0 0 16 0 
P10481 2025 8 0 0 0 0 0 0 9 0 0 0 0 0 0 6 0 10 0 0 0 0 0 0 0 0 0 0 0 0 0 0 20 
P10481 2025 9 22 12 0 0 0 10 0 0 0 0 6 0 0 0 8 0 0 0 0 0 5 0 0 0 0 0 0 0 11 7 -999 
P10481 2025 10 0 6 0 0 0 12 0 0 23 0 0 0 0 0 23 8 0 12 0 10 0 0 8 0 0 43 36 33 32 0 0 
P10481 2025 11 0 0 4 0 0 2 0 11 0 0 0 0 0 0 10 24 9 0 0 0 0 8 0 0 0 0 1 1 0 0 -999 
P10481 2025 12 0 23 34 14 0 0 0 0 0 0 0 0 0 8 5 0 6 8 10 9 17 0 15 15 0 19 0 7 12 0 0 
P10481 2026 1 11 15 14 0 7 0 0 0 0 0 0 62 115 0 0 56 78 0 0 12 0 0 0 0 0 7 14 6 7 11 0 
P10481 2026 2 0 0 40 31 0 23 0 0 0 8 0 0 0 0 0 0 9 20 46 71 49 49 37 0 9 0 0 8 -999 -999 -999 
P10481 2026 3 11 3 0 0 0 0 0 0 0 0 0 0 0 0 0 0 0 12 16 24 34 67 33 15 7 3 0 0 0 0 0 
P10481 2026 4 0 0 0 0 0 20 31 0 39 43 85 50 40 25 13 5 0 5 0 11 17 0 0 0 0 18 33 43 45 33 -999 
P10481 2026 5 0 0 0 0 0 5 13 0 0 8 2 0 11 16 12 0 0 0 0 20 0 0 0 24 15 23 28 0 13 0 0 
P10481 2026 6 0 0 0 4 0 0 0 15 25 0 0 7 0 14 13 11 0 0 0 4 0 0 0 0 0 0 0 0 0 0 -999 
P10481 2026 7 18 13 0 0 0 0 0 0 0 12 0 0 0 0 0 0 0 0 0 0 0 0 0 0 0 0 0 0 7 0 0 
P10481 2026 8 0 0 0 0 0 0 0 0 0 0 0 9 0 7 0 0 0 0 0 0 0 0 0 0 0 6 0 0 0 0 0 
P10481 2026 9 0 0 20 14 0 6 0 0 8 0 11 0 0 25 0 0 3 0 0 12 17 0 0 0 0 0 0 0 0 0 -999 
P10481 2026 10 7 0 0 10 0 0 0 0 0 0 20 35 0 0 39 35 0 2 0 0 1 0 62 28 0 18 0 0 29 34 68 
P10481 2026 11 38 12 0 0 0 14 13 0 19 56 67 0 0 0 0 5 13 8 14 12 7 0 10 5 10 0 0 19 0 9 -999 
P10481 2026 12 0 10 0 0 0 12 0 0 33 37 22 10 0 19 0 33 60 53 0 33 0 0 0 0 6 0 0 11 0 28 0 
P10481 2027 1 10 25 30 61 40 32 43 54 0 20 24 7 0 0 0 0 12 0 34 50 22 10 0 0 0 0 5 0 6 0 0 
P10481 2027 2 6 0 0 1 0 0 0 5 0 8 0 19 47 83 46 115 77 74 0 0 6 0 51 30 50 49 26 27 -999 -999 -999 
P10481 2027 3 0 45 0 30 32 40 39 20 0 15 0 0 0 0 26 38 33 26 0 0 14 23 22 0 0 26 0 49 15 0 21 
P10481 2027 4 23 50 45 56 0 14 0 0 0 0 0 12 0 29 0 58 50 56 31 33 61 28 19 0 21 0 0 0 8 15 -999 
P10481 2027 5 16 18 24 0 31 0 0 0 0 0 0 0 0 0 0 0 0 0 23 14 0 0 0 0 0 34 0 0 0 0 27 
P10481 2027 6 26 0 0 0 14 0 6 6 0 10 0 0 0 0 0 0 0 11 11 0 0 0 0 0 0 0 0 0 0 0 -999 
P10481 2027 7 0 0 0 13 0 0 0 0 0 10 0 11 14 0 0 0 0 0 0 0 0 0 0 0 0 0 0 9 0 0 7 
P10481 2027 8 0 0 0 0 0 0 0 7 14 20 21 18 17 8 0 0 0 0 0 0 0 0 0 22 0 0 0 0 0 0 0 
P10481 2027 9 0 0 0 0 0 0 0 0 0 0 0 0 0 0 0 11 0 3 0 4 0 0 0 0 0 9 0 8 0 0 -999 
P10481 2027 10 6 6 0 0 0 0 6 7 0 0 0 2 0 0 0 0 0 0 0 0 0 20 0 0 15 15 12 0 0 12 11 
P10481 2027 11 0 48 110 72 24 0 0 0 0 0 2 14 37 62 56 0 0 12 0 0 0 18 35 60 56 35 42 0 0 83 -999 
P10481 2027 12 23 20 55 8 14 57 82 72 39 0 35 14 13 20 25 20 11 0 0 0 0 0 0 6 6 0 0 0 0 0 5 
P10481 2028 1 18 22 0 7 6 8 15 0 45 71 16 26 39 51 61 11 0 0 0 0 0 0 0 0 0 0 6 0 0 0 0 
P10481 2028 2 0 0 0 0 8 0 0 0 0 0 0 1 1 0 0 0 0 0 3 0 10 0 0 0 0 0 50 35 -999 -999 -999 
P10481 2028 3 32 40 35 24 0 2 3 0 0 0 14 0 13 16 22 21 16 0 11 0 0 0 0 0 9 0 0 3 0 0 0 
P10481 2028 4 0 9 16 20 18 0 26 44 0 0 0 0 13 9 0 0 0 0 0 16 14 18 9 3 0 10 0 0 0 0 -999 
P10481 2028 5 0 0 0 0 0 0 0 0 9 0 0 8 0 0 0 0 0 4 0 0 7 0 0 34 0 0 0 0 9 0 0 
P10481 2028 6 17 0 0 0 0 0 0 0 0 0 0 0 0 0 0 0 16 0 0 0 19 0 16 0 0 0 0 0 0 0 -999 
P10481 2028 7 0 0 10 0 32 15 11 15 0 0 0 0 0 0 0 0 6 5 0 0 0 0 0 0 0 0 0 0 0 0 0 
P10481 2028 8 0 0 0 0 0 11 0 0 0 0 22 0 19 0 0 7 15 24 0 0 0 0 0 11 0 0 0 0 0 0 0 
P10481 2028 9 19 20 0 0 17 0 0 6 0 0 0 0 0 0 18 0 0 0 0 0 0 0 0 0 14 0 0 0 9 0 -999 
P10481 2028 10 6 4 0 13 17 0 15 0 10 0 21 0 0 0 0 0 0 20 0 45 0 9 0 0 9 0 0 0 0 11 20 
P10481 2028 11 0 0 0 19 0 0 43 57 27 36 0 7 0 0 0 35 0 9 10 0 0 2 0 0 0 0 0 0 0 0 -999 
P10481 2028 12 0 0 0 26 26 31 4 0 0 0 0 1 1 0 0 0 0 0 22 39 70 19 53 43 0 15 9 0 0 0 6 
P10481 2029 1 0 0 46 9 0 51 0 0 0 0 0 0 0 0 29 49 23 8 0 0 0 0 0 16 0 56 74 0 18 4 0 
P10481 2029 2 5 14 14 0 0 0 0 8 0 0 14 0 0 0 2 1 0 0 0 0 17 0 17 0 0 0 0 5 -999 -999 -999 
P10481 2029 3 0 0 0 7 0 0 0 0 0 8 0 0 0 16 19 0 0 0 24 35 23 28 41 38 15 0 0 0 0 3 0 
P10481 2029 4 0 0 7 0 0 0 0 5 5 14 19 0 25 0 0 8 5 3 3 0 0 0 6 0 0 0 0 0 0 0 -999 
P10481 2029 5 0 0 0 0 16 0 0 0 0 0 0 0 3 0 0 0 0 11 0 0 0 21 0 0 0 0 1 0 0 0 8 
P10481 2029 6 0 0 23 21 0 0 0 16 0 0 0 0 0 0 0 0 0 16 0 0 0 0 0 13 0 0 0 10 7 0 -999 
P10481 2029 7 0 0 0 0 0 0 0 0 0 0 0 0 0 0 0 0 0 0 0 0 0 0 0 0 0 0 0 0 0 8 0 
P10481 2029 8 0 0 0 0 0 0 0 0 0 0 0 0 0 0 0 18 0 0 0 0 0 0 0 0 0 0 0 0 0 0 0 
P10481 2029 9 0 0 26 0 13 0 5 0 0 0 0 0 10 0 0 0 0 0 0 11 0 0 37 0 14 22 0 0 48 47 -999 
P10481 2029 10 64 0 0 3 4 0 0 0 0 0 0 0 0 0 0 17 7 0 0 0 0 0 17 0 13 19 17 0 0 13 26 
P10481 2029 11 7 15 40 66 0 39 0 0 68 42 18 12 0 9 0 0 4 0 8 22 8 0 0 26 0 6 14 21 41 32 -999 
P10481 2029 12 0 0 30 18 15 7 0 0 8 13 0 0 6 0 2 0 0 0 0 0 0 5 0 0 5 0 5 0 8 0 67 
P10481 2030 1 69 19 7 5 0 0 61 21 23 0 10 17 10 4 0 0 1 2 4 3 8 0 0 4 9 20 0 0 58 64 63 
P10481 2030 2 0 56 54 12 4 19 0 42 35 0 52 0 0 13 0 39 10 9 28 22 15 8 12 16 0 0 0 0 -999 -999 -999 
P10481 2030 3 0 13 0 0 18 0 60 26 10 25 32 0 0 0 0 0 9 0 13 10 13 37 0 0 0 0 2 0 2 0 0 
P10481 2030 4 0 0 0 0 18 13 20 0 0 10 16 0 0 58 66 0 52 125 59 29 0 50 40 20 18 34 0 0 0 0 -999 
P10481 2030 5 0 0 0 1 0 0 0 5 0 0 9 13 29 32 20 0 16 0 0 0 0 0 0 0 0 7 0 0 0 21 30 
P10481 2030 6 26 0 0 19 0 0 21 0 0 22 19 22 0 0 15 0 0 0 0 0 0 13 5 5 0 0 0 0 0 0 -999 
P10481 2030 7 0 0 0 0 0 0 0 8 0 0 8 0 0 0 0 8 0 0 0 0 0 0 0 0 0 0 0 0 0 0 0 
P10481 2030 8 0 0 0 0 0 0 0 0 0 0 0 7 0 0 0 0 0 21 0 0 0 0 0 0 0 0 0 0 0 0 0 
P10481 2030 9 0 0 0 0 0 0 0 0 0 0 0 6 8 0 0 0 14 0 13 14 0 0 12 12 8 6 0 0 0 0 -999 
P10481 2030 10 0 0 0 0 10 7 0 0 26 46 32 0 0 0 3 4 10 0 0 0 0 0 15 0 0 8 0 0 0 13 20 
P10481 2030 11 21 0 32 0 77 66 32 0 17 17 0 0 0 0 0 17 17 27 25 9 0 0 17 0 0 6 0 0 0 0 -999 
P10481 2030 12 77 34 31 32 55 62 50 25 35 19 29 42 0 16 22 0 0 0 0 0 4 9 0 12 12 0 4 0 0 4 0 
P10481 2031 1 2 0 0 0 0 13 10 0 0 0 7 0 35 92 54 25 10 9 25 0 10 0 28 49 41 17 14 16 32 38 0 
P10481 2031 2 27 14 0 23 22 35 25 10 20 42 37 24 9 0 0 0 0 46 32 0 0 43 0 0 0 0 14 0 -999 -999 -999 
P10481 2031 3 21 27 0 0 0 0 35 11 0 24 24 0 25 53 54 36 0 30 33 16 0 0 0 29 31 35 46 0 35 29 0 
P10481 2031 4 28 28 16 22 39 54 21 0 0 0 0 0 18 0 0 6 18 25 12 15 14 0 0 29 24 0 0 0 0 14 -999 
P10481 2031 5 17 19 0 0 0 18 34 43 0 26 22 12 15 0 0 0 15 0 0 0 0 0 6 11 0 0 0 0 0 0 0 
P10481 2031 6 0 0 0 0 0 0 0 0 0 0 0 0 0 0 0 0 0 0 0 0 15 17 0 5 0 0 0 0 0 0 -999 
P10481 2031 7 9 0 0 0 0 0 0 0 17 0 0 0 0 0 0 0 12 0 0 0 0 0 0 0 0 0 0 0 0 3 0 
P10481 2031 8 0 0 0 0 0 0 0 11 5 0 0 0 0 7 0 0 0 19 26 23 0 6 3 0 0 0 10 5 0 0 6 
P10481 2031 9 0 0 5 0 0 0 0 9 0 0 0 42 0 0 0 0 0 0 0 0 0 9 0 0 0 6 0 21 0 0 -999 
P10481 2031 10 0 0 9 7 6 0 0 0 0 0 14 0 0 14 0 33 0 8 0 0 23 0 22 36 0 0 23 57 30 29 36 
P10481 2031 11 0 0 11 0 0 16 0 0 5 17 11 16 0 30 24 79 29 0 8 0 3 0 0 0 14 22 24 34 18 29 -999 
P10481 2031 12 35 92 62 80 46 0 18 13 0 0 0 0 8 12 0 0 0 0 5 0 0 0 4 11 13 11 14 7 5 14 33 
P10481 2032 1 46 57 0 0 16 87 46 26 65 13 7 3 2 0 0 0 0 0 50 0 0 0 0 0 0 0 0 23 0 44 0 
P10481 2032 2 55 65 15 0 45 0 0 16 0 0 0 0 0 0 2 0 4 1 0 0 0 1 3 8 0 0 5 0 -999 -999 -999 
P10481 2032 3 0 0 0 0 0 23 56 26 0 0 0 0 0 0 0 0 1 0 6 0 0 0 0 0 24 0 20 0 0 0 17 
P10481 2032 4 0 11 50 67 51 36 0 28 27 0 0 13 0 18 13 0 0 29 0 15 58 0 86 31 22 0 0 12 0 0 -999 
P10481 2032 5 0 13 8 26 30 0 34 0 25 0 0 32 0 5 0 0 38 38 0 0 22 0 2 3 9 7 6 7 0 0 0 
P10481 2032 6 0 11 0 14 29 0 0 15 0 0 20 0 13 0 0 0 0 0 0 0 0 0 0 0 0 18 0 0 0 0 -999 
P10481 2032 7 0 11 0 0 0 0 0 0 7 9 15 15 0 0 0 0 0 0 0 0 0 0 8 0 0 8 8 0 0 0 0 
P10481 2032 8 0 0 0 10 0 0 0 7 0 0 12 0 5 0 0 0 20 31 0 0 0 0 11 14 0 0 0 0 0 12 0 
P10481 2032 9 0 0 8 0 0 10 0 12 10 0 5 0 0 0 0 12 0 0 9 0 0 0 0 0 0 0 9 9 0 0 -999 
P10481 2032 10 0 0 0 0 7 0 0 0 0 0 20 0 14 18 32 23 0 0 45 57 50 65 20 0 0 10 0 0 3 0 10 
P10481 2032 11 0 0 20 31 57 44 0 40 0 9 0 14 51 9 5 0 22 0 52 65 48 23 23 43 14 22 31 28 0 14 -999 
P10481 2032 12 0 0 0 0 0 31 0 15 0 47 44 0 0 0 0 0 0 4 0 0 0 1 0 3 0 0 3 0 0 0 72 
P10481 2033 1 57 24 0 0 0 18 34 0 13 9 0 2 3 4 0 1 0 0 0 0 0 0 0 0 0 0 9 11 0 0 0 
P10481 2033 2 0 0 0 0 0 4 0 10 0 0 0 0 11 15 33 78 89 56 45 65 63 63 40 30 44 0 32 13 -999 -999 -999 
P10481 2033 3 6 0 0 11 7 0 0 0 16 20 12 0 0 30 26 15 19 30 38 65 45 0 41 43 54 0 1 0 28 0 0 
P10481 2033 4 62 29 10 0 31 35 11 9 14 15 0 0 0 0 0 0 29 49 36 58 44 0 0 0 47 20 9 2 0 3 -999 
P10481 2033 5 4 0 0 0 0 0 0 0 0 0 0 8 0 0 14 0 0 13 13 20 26 0 0 0 21 16 0 5 9 0 0 
P10481 2033 6 0 0 0 0 12 10 0 0 23 0 0 0 11 0 0 0 0 0 0 0 0 10 10 0 7 0 0 0 0 0 -999 
P10481 2033 7 0 0 0 0 0 0 0 0 0 0 0 9 0 0 0 6 8 0 0 0 0 15 0 7 0 0 0 18 0 0 0 
P10481 2033 8 0 0 0 0 0 0 6 15 0 0 11 0 5 0 6 0 5 0 0 0 0 7 0 8 10 12 0 0 0 0 0 
P10481 2033 9 2 0 0 2 0 0 0 27 15 0 0 0 0 0 0 0 0 8 8 0 0 0 0 4 0 0 4 0 0 0 -999 
P10481 2033 10 0 17 0 0 0 0 11 7 0 0 7 0 0 0 0 0 32 24 63 0 9 0 0 0 28 26 16 0 7 0 47 
P10481 2033 11 40 21 53 92 30 67 79 77 0 11 10 23 17 21 84 65 0 12 0 0 2 0 0 0 6 0 0 0 0 0 -999 
P10481 2033 12 0 26 57 45 11 20 54 27 26 0 11 13 0 0 2 2 0 2 2 2 0 0 9 11 0 0 9 22 24 0 13 
P10481 2034 1 4 0 2 0 0 0 0 0 0 0 0 0 3 0 5 0 0 0 0 0 13 0 15 32 36 49 0 0 4 0 0 
P10481 2034 2 0 0 1 4 0 0 21 36 35 0 48 24 8 10 0 3 6 23 77 0 0 0 41 16 0 0 0 0 -999 -999 -999 
P10481 2034 3 0 0 0 3 0 0 0 0 11 14 0 0 0 0 0 0 0 0 0 0 0 0 0 6 0 24 35 25 31 33 15 
P10481 2034 4 0 0 0 52 0 36 0 18 29 28 31 0 19 27 34 0 27 20 16 0 36 53 0 0 0 4 0 0 0 0 -999 
P10481 2034 5 0 0 0 0 0 0 0 0 0 0 0 5 0 27 0 10 7 0 9 0 0 17 17 0 0 0 0 32 28 23 16 
P10481 2034 6 0 27 0 0 0 10 0 0 10 9 0 0 0 0 3 0 15 37 0 22 8 8 0 0 0 9 0 0 0 0 -999 
P10481 2034 7 0 0 6 0 0 0 0 0 0 0 0 0 0 0 0 0 0 0 0 0 0 0 13 0 0 0 0 0 0 0 0 
P10481 2034 8 0 7 0 0 0 0 4 0 0 0 0 0 0 0 0 0 0 0 0 0 0 0 8 0 0 0 0 0 0 0 0 
P10481 2034 9 5 0 2 0 0 0 14 10 0 15 0 0 0 0 8 0 17 0 0 0 0 6 0 0 0 0 0 9 10 3 -999 
P10481 2034 10 0 0 0 5 9 0 4 0 0 2 0 19 15 0 21 35 0 0 0 0 20 0 0 0 0 0 0 0 0 14 6 
P10481 2034 11 0 0 13 19 30 17 0 0 0 0 0 0 12 0 0 0 0 0 0 0 0 8 0 0 0 21 24 20 20 0 -999 
P10481 2034 12 15 15 33 0 2 0 3 0 0 0 15 0 0 0 0 17 0 0 8 0 0 15 19 61 77 64 87 8 15 30 0 
P10481 2035 1 0 20 0 41 0 0 21 0 0 0 0 0 0 0 0 0 0 2 0 14 0 0 0 4 0 15 13 28 16 0 0 
P10481 2035 2 5 0 0 0 15 1 0 0 0 0 12 0 0 5 0 0 7 0 0 21 0 10 20 0 19 0 48 0 -999 -999 -999 
P10481 2035 3 0 42 7 0 0 0 0 0 0 0 0 14 22 37 11 0 28 0 15 0 0 0 0 6 0 0 14 0 59 21 32 
P10481 2035 4 0 0 0 24 32 41 22 0 0 0 16 0 20 0 0 0 22 10 19 40 32 23 26 27 14 8 13 27 44 37 -999 
P10481 2035 5 25 27 0 0 0 0 0 0 0 0 13 0 0 0 3 6 7 0 0 0 0 0 0 0 0 0 0 4 0 0 0 
P10481 2035 6 0 0 0 0 0 0 5 0 0 0 0 22 0 0 0 4 0 0 0 0 0 0 0 0 0 0 9 0 0 0 -999 
P10481 2035 7 0 0 11 0 0 0 0 0 18 0 0 7 0 0 0 0 0 0 0 0 0 6 0 0 0 0 0 8 0 0 0 
P10481 2035 8 0 0 0 0 0 0 0 0 0 0 0 27 0 0 0 0 0 0 0 0 0 0 19 0 0 0 0 0 42 31 0 
P10481 2035 9 0 0 0 0 6 0 0 0 0 10 0 18 0 4 0 0 0 0 0 0 2 0 0 0 0 0 0 17 21 0 -999 
P10481 2035 10 19 0 0 0 3 5 0 0 13 32 41 34 25 21 56 22 11 0 0 37 40 29 16 0 0 0 0 0 0 5 0 
P10481 2035 11 7 28 0 12 0 9 0 0 0 0 0 0 0 0 0 5 8 0 0 0 0 0 0 1 3 0 0 0 0 0 -999 
P10481 2035 12 0 0 0 0 0 0 4 0 0 0 0 6 12 29 57 57 19 33 23 0 10 0 0 17 23 24 24 11 0 20 38 
P10481 2036 1 54 54 11 0 39 60 55 36 65 82 0 0 45 11 0 15 32 25 26 46 0 14 0 0 0 0 0 0 0 0 0 
P10481 2036 2 5 0 0 16 0 0 0 0 0 9 13 0 0 10 0 0 0 0 0 0 0 0 16 19 0 0 11 22 -999 -999 -999 
P10481 2036 3 63 63 0 18 17 0 0 0 11 0 0 22 0 20 35 22 0 17 36 24 0 16 0 29 67 54 56 35 29 25 19 
P10481 2036 4 77 27 19 29 15 18 11 12 0 21 28 39 20 0 0 0 0 0 0 34 0 0 0 0 0 13 6 0 0 3 -999 
P10481 2036 5 0 6 11 19 28 0 0 0 16 17 23 18 0 13 10 36 47 28 0 23 47 45 26 0 5 0 0 0 0 0 0 
P10481 2036 6 0 21 0 6 0 0 0 15 0 0 33 25 0 0 19 32 0 0 11 0 0 0 0 0 0 0 8 0 0 0 -999 
P10481 2036 7 0 0 0 0 0 0 0 0 0 0 0 0 0 0 0 12 0 0 0 0 0 0 0 18 0 0 6 0 10 0 8 
P10481 2036 8 0 0 22 0 0 0 8 0 0 0 0 0 0 0 0 0 0 0 0 0 0 0 0 0 0 0 0 4 0 0 0 
P10481 2036 9 13 0 0 0 0 7 0 0 0 0 0 2 0 0 0 0 0 0 0 0 0 0 0 15 23 0 0 0 0 0 -999 
P10481 2036 10 0 0 9 0 19 31 38 0 0 0 13 6 26 39 44 18 13 13 0 0 0 0 0 0 18 10 0 1 0 0 0 
P10481 2036 11 0 4 3 0 0 23 33 0 21 0 13 0 0 7 0 0 0 0 0 0 0 3 11 21 25 26 9 0 0 0 -999 
P10481 2036 12 6 0 0 0 0 0 0 0 0 0 0 10 12 9 0 0 5 0 0 10 0 8 10 0 5 16 0 0 0 66 81 
P10481 2037 1 41 43 36 23 0 0 14 18 22 14 8 12 0 0 32 58 66 43 64 48 17 0 10 0 0 0 0 3 0 5 0 
P10481 2037 2 0 0 6 4 0 0 0 0 0 11 19 22 19 12 13 14 0 33 54 32 16 0 11 8 0 0 12 18 -999 -999 -999 
P10481 2037 3 21 22 38 42 55 24 0 50 34 0 10 0 0 0 2 3 12 27 24 0 0 58 54 70 33 95 52 42 41 14 19 
P10481 2037 4 4 0 4 0 11 20 0 10 0 0 0 0 32 0 0 15 0 0 5 0 0 0 38 44 34 0 34 0 0 8 -999 
P10481 2037 5 10 7 0 0 0 42 36 0 9 0 2 0 2 0 0 0 0 13 23 0 0 0 0 10 0 0 0 8 0 0 0 
P10481 2037 6 19 0 0 0 0 0 20 20 0 0 0 0 0 7 9 0 0 0 0 0 0 5 0 0 0 18 0 0 0 0 -999 
P10481 2037 7 0 0 0 9 0 0 7 0 0 0 0 0 0 0 0 0 0 0 0 0 0 0 0 0 23 0 0 19 0 0 0 
P10481 2037 8 0 0 7 0 0 0 0 19 16 10 0 0 0 0 0 8 0 0 11 10 9 0 0 0 0 0 0 0 0 26 0 
P10481 2037 9 0 0 0 0 0 0 0 0 0 0 13 0 0 0 0 0 0 0 0 0 0 0 0 7 0 0 15 9 0 0 -999 
P10481 2037 10 0 0 7 0 0 20 0 0 0 8 0 3 0 0 0 0 0 0 5 0 0 4 14 26 13 0 0 0 0 0 0 
P10481 2037 11 31 39 0 0 5 0 0 0 0 0 0 0 0 0 0 0 35 0 1 0 0 0 10 13 19 15 19 0 0 24 -999 
P10481 2037 12 15 17 43 59 0 106 60 20 19 6 19 45 11 9 0 6 6 0 0 29 0 7 11 10 12 0 0 0 0 0 0 
P10481 2038 1 0 0 0 0 0 0 0 0 17 0 21 66 54 22 13 0 0 19 0 0 19 16 11 15 0 12 19 12 9 0 28 
P10481 2038 2 10 7 16 21 28 34 8 12 0 8 0 0 0 0 0 0 0 0 0 0 0 0 0 15 0 31 0 7 -999 -999 -999 
P10481 2038 3 8 0 0 0 19 18 0 21 0 0 0 0 22 22 25 35 53 29 8 19 0 29 0 27 0 48 44 0 0 0 0 
P10481 2038 4 0 0 0 31 16 6 14 34 25 14 4 0 0 0 10 0 22 0 5 0 0 0 16 0 9 14 0 0 0 23 -999 
P10481 2038 5 34 0 0 0 0 0 0 0 0 15 0 0 13 0 16 0 0 0 0 0 0 9 8 0 10 0 0 0 0 5 0 
P10481 2038 6 12 10 0 0 10 0 0 15 0 0 0 20 0 9 0 0 0 0 0 0 0 0 0 7 9 0 0 0 0 0 -999 
P10481 2038 7 0 0 11 0 6 0 0 0 0 19 0 0 0 0 0 0 0 0 20 0 4 0 0 0 3 0 0 0 0 0 0 
P10481 2038 8 0 0 0 0 0 0 0 0 0 0 0 0 10 0 12 11 0 17 0 0 0 0 0 7 0 0 0 0 0 8 8 
P10481 2038 9 0 0 15 0 0 0 0 0 8 0 0 0 0 0 0 0 0 11 0 0 0 0 0 0 0 0 0 11 0 0 -999 
P10481 2038 10 0 0 0 0 0 0 0 0 0 11 0 0 15 0 0 0 9 0 24 28 0 35 41 39 30 0 0 19 0 13 0 
P10481 2038 11 25 0 26 26 54 65 43 17 10 12 30 75 23 0 22 34 17 0 0 0 3 0 0 0 0 14 51 50 67 0 -999 
P10481 2038 12 13 0 11 0 0 0 7 0 15 0 0 0 0 0 0 4 0 0 0 0 0 12 10 0 33 0 18 36 31 0 27 
P10481 2039 1 21 18 28 25 75 0 0 0 0 0 19 45 55 31 22 52 72 0 98 95 53 0 18 35 88 131 105 94 22 14 18 
P10481 2039 2 0 1 0 0 0 0 0 0 0 0 0 0 6 19 34 0 18 14 8 0 44 64 68 40 16 34 28 23 -999 -999 -999 
P10481 2039 3 25 0 0 21 39 0 14 6 12 0 0 0 31 0 0 0 0 20 37 56 0 23 0 0 5 14 7 0 3 0 0 
P10481 2039 4 2 1 0 0 0 11 7 0 9 5 0 0 0 0 13 0 7 0 0 8 0 0 2 0 0 0 0 0 0 0 -999 
P10481 2039 5 35 19 0 27 23 0 0 0 23 0 46 0 0 13 20 0 18 8 0 13 18 0 10 13 0 0 0 21 22 18 12 
P10481 2039 6 0 0 13 10 0 0 0 23 0 25 0 0 0 7 0 10 0 23 0 0 4 0 0 0 0 3 0 0 0 0 -999 
P10481 2039 7 0 9 0 0 0 0 0 0 3 0 6 0 0 0 0 14 0 0 0 0 0 0 0 18 0 13 0 0 0 0 0 
P10481 2039 8 0 0 0 0 16 0 8 0 0 0 0 0 0 21 0 0 0 0 0 0 0 0 0 0 0 0 0 0 0 15 0 
P10481 2039 9 0 0 0 0 0 0 0 0 0 0 15 0 0 0 0 0 0 23 19 10 0 0 0 0 7 4 0 0 23 15 -999 
P10481 2039 10 0 0 0 0 0 1 0 0 0 20 0 0 0 0 0 0 0 8 19 44 31 37 36 59 67 0 8 29 34 0 23 
P10481 2039 11 46 0 7 0 4 0 0 0 0 0 0 2 0 0 0 31 13 8 7 0 0 0 0 0 15 14 0 43 0 30 -999 
P10481 2039 12 28 0 4 0 0 10 0 0 0 0 0 9 15 0 33 19 38 0 46 0 0 0 0 0 0 10 19 17 0 5 5 
P10481 2040 1 4 1 0 0 0 0 0 0 0 2 0 10 0 0 8 14 19 11 0 45 9 0 6 14 0 0 6 0 0 17 59 
P10481 2040 2 47 13 42 0 48 0 3 0 5 0 0 0 23 68 102 74 35 80 82 0 29 0 0 60 28 0 0 42 -999 -999 -999 
P10481 2040 3 19 0 45 38 28 6 22 0 21 20 0 2 0 0 0 14 0 13 0 0 0 0 4 8 0 0 0 12 0 0 0 
P10481 2040 4 31 0 35 0 40 34 21 25 0 13 13 5 0 27 46 18 9 0 3 0 0 13 0 3 0 27 17 0 0 0 -999 
P10481 2040 5 5 9 0 9 0 45 27 9 0 26 0 11 0 0 0 0 7 0 0 0 0 0 0 28 18 12 7 5 0 0 0 
P10481 2040 6 0 0 16 16 0 0 0 0 11 0 17 0 22 0 0 0 0 10 0 0 0 7 0 0 0 9 8 0 7 0 -999 
P10481 2040 7 0 0 0 0 0 0 0 0 11 9 0 0 0 0 0 0 0 0 0 0 13 0 0 12 16 0 0 0 0 0 0 
P10481 2040 8 0 0 0 10 8 0 0 0 0 0 0 0 0 0 12 0 0 0 0 9 0 0 0 22 0 7 0 0 0 0 0 
P10481 2040 9 0 0 25 15 13 0 0 0 0 0 0 18 21 11 0 0 0 10 22 16 12 0 0 0 5 0 0 0 0 0 -999 
P10481 2040 10 0 0 0 0 0 0 0 35 35 17 13 15 17 10 0 22 0 61 0 0 0 0 14 24 0 0 0 0 5 0 0 
P10481 2040 11 0 7 0 0 4 7 0 0 24 0 0 10 29 85 54 90 0 17 14 0 3 3 0 20 8 11 0 0 0 14 -999 
P10481 2040 12 15 0 0 0 0 0 10 17 0 0 6 11 0 2 0 0 0 0 0 0 0 0 0 0 0 0 0 0 0 0 6 
P10481 2041 1 0 0 0 0 19 15 9 7 0 10 15 0 0 0 11 0 20 11 0 0 4 12 27 51 33 24 56 45 0 0 65 
P10481 2041 2 0 0 0 5 0 0 6 0 35 0 31 40 25 20 36 62 23 11 14 12 20 0 2 0 0 0 0 0 -999 -999 -999 
P10481 2041 3 0 0 5 0 6 12 0 25 18 10 10 0 0 0 0 0 0 0 0 0 0 0 4 0 0 0 0 0 24 16 0 
P10481 2041 4 0 0 0 0 6 0 0 0 18 0 19 29 17 0 0 0 2 0 0 0 0 0 0 2 0 1 0 0 0 3 -999 
P10481 2041 5 7 0 17 28 0 0 29 19 20 0 29 0 12 0 0 0 0 30 35 0 0 2 0 0 0 0 0 0 0 0 17 
P10481 2041 6 0 9 0 0 0 0 0 0 0 20 23 0 15 0 0 0 0 9 31 0 0 0 0 7 0 0 0 21 0 0 -999 
P10481 2041 7 0 0 0 14 10 0 14 0 0 0 0 0 0 0 0 0 0 0 0 0 0 0 0 0 0 0 0 0 0 0 0 
P10481 2041 8 0 0 14 0 0 0 0 13 12 0 12 0 0 0 0 12 0 16 0 13 0 10 0 0 0 8 3 0 0 0 0 
P10481 2041 9 0 10 0 10 0 0 9 0 11 0 0 0 0 5 0 0 0 16 20 0 0 6 0 9 8 0 0 0 0 0 -999 
P10481 2041 10 0 0 0 0 0 0 0 0 0 0 0 0 0 0 0 0 0 7 11 0 0 0 0 0 0 0 12 0 0 0 21 
P10481 2041 11 0 95 28 28 0 7 0 9 0 0 1 0 0 0 0 11 9 0 17 10 23 0 0 24 44 30 18 0 0 0 -999 
P10481 2041 12 32 51 0 0 0 10 12 28 30 6 0 1 0 7 0 0 0 0 6 0 0 8 4 2 0 8 0 0 29 0 0 
P10481 2042 1 21 35 54 0 0 0 0 0 0 0 14 8 0 0 6 0 0 33 54 11 5 0 10 21 25 0 0 50 0 0 0 
P10481 2042 2 0 0 0 3 0 0 0 0 0 4 8 8 9 0 4 0 0 3 0 0 0 0 12 26 11 0 7 0 -999 -999 -999 
P10481 2042 3 0 7 0 0 0 6 0 0 0 11 0 0 9 0 0 6 0 32 0 35 40 39 35 0 0 29 20 0 0 0 0 
P10481 2042 4 0 9 0 0 5 0 14 0 0 0 0 0 0 0 9 34 34 28 0 20 11 17 46 15 4 0 6 0 20 43 -999 
P10481 2042 5 33 46 0 42 22 32 26 0 16 32 32 0 0 0 8 0 8 7 10 0 3 0 11 0 0 2 4 4 0 20 0 
P10481 2042 6 14 0 0 15 24 22 0 0 5 0 0 0 7 6 8 23 0 11 0 0 0 6 0 4 7 0 0 10 0 0 -999 
P10481 2042 7 0 0 0 0 0 9 18 0 10 9 0 0 0 0 5 0 0 0 0 0 0 0 0 0 0 0 0 0 0 0 0 
P10481 2042 8 0 0 0 7 0 0 0 0 0 0 0 8 0 0 0 0 0 0 28 32 17 0 0 0 0 0 0 8 7 0 0 
P10481 2042 9 0 0 29 0 0 11 0 0 0 0 0 0 8 0 0 0 0 0 0 0 0 0 3 0 15 0 0 5 0 0 -999 
P10481 2042 10 0 0 10 11 11 0 0 0 0 8 5 0 0 7 6 0 0 0 0 0 3 0 24 4 0 0 0 0 0 0 0 
P10481 2042 11 9 0 8 0 21 29 17 14 0 0 17 35 48 0 8 0 0 0 4 5 14 37 26 0 0 28 0 23 0 0 -999 
P10481 2042 12 9 11 0 14 69 17 19 22 0 12 0 0 29 16 0 0 0 0 38 42 17 24 0 0 0 0 20 23 23 0 0 
P10481 2043 1 0 0 0 0 0 0 0 0 0 0 21 45 17 38 54 53 58 23 6 0 0 2 0 0 0 0 0 0 0 0 0 
P10481 2043 2 0 0 0 0 0 0 0 9 0 46 33 0 0 0 31 28 6 16 0 7 10 0 16 0 0 19 21 12 -999 -999 -999 
P10481 2043 3 0 17 0 3 0 9 8 0 0 16 29 0 0 60 31 0 60 36 26 36 15 0 53 50 31 43 0 21 50 85 33 
P10481 2043 4 49 0 0 17 0 0 27 31 28 0 0 0 27 17 0 0 0 0 0 3 0 0 31 8 0 0 0 0 60 26 -999 
P10481 2043 5 20 12 0 0 0 0 0 0 0 14 20 16 24 0 25 24 45 40 33 39 0 9 0 0 0 0 6 0 0 0 0 
P10481 2043 6 9 10 0 21 0 0 0 0 0 0 0 8 0 0 4 0 10 0 0 0 0 0 0 0 0 0 0 0 0 8 -999 
P10481 2043 7 0 0 0 0 0 0 0 0 0 0 0 0 0 0 0 0 0 0 0 0 0 0 10 11 0 0 15 0 0 0 0 
P10481 2043 8 0 0 0 0 0 0 0 8 0 24 0 0 0 0 11 0 0 0 0 0 0 0 0 11 0 0 0 0 0 0 0 
P10481 2043 9 0 0 0 0 0 0 0 0 0 13 0 0 0 0 0 0 8 0 0 0 0 0 0 8 0 0 0 0 0 5 -999 
P10481 2043 10 4 0 7 0 0 0 0 0 0 0 0 27 37 26 0 10 0 10 27 27 20 9 14 11 0 0 0 0 14 20 12 
P10481 2043 11 0 0 18 30 79 57 0 5 0 1 0 0 0 5 0 0 8 17 23 19 48 62 0 13 0 42 30 21 35 25 -999 
P10481 2043 12 0 0 23 56 44 32 11 0 0 0 0 1 0 0 0 0 0 0 15 0 0 0 0 1 0 0 0 3 2 0 0 
P10481 2044 1 0 0 0 0 4 10 11 0 12 13 0 33 0 0 12 11 18 51 51 31 14 9 0 18 42 49 24 19 0 0 0 
P10481 2044 2 0 14 0 49 15 8 0 5 10 19 0 0 0 0 4 11 22 0 6 0 0 0 0 0 0 0 0 0 -999 -999 -999 
P10481 2044 3 8 10 6 0 0 0 0 0 0 9 0 8 10 0 7 15 11 13 0 3 0 0 0 0 0 10 26 30 23 19 17 
P10481 2044 4 17 33 34 0 0 14 18 21 27 0 0 6 5 0 0 9 0 0 0 2 0 0 0 12 0 0 0 17 25 20 -999 
P10481 2044 5 0 7 14 20 21 27 48 43 45 0 0 47 0 0 16 0 11 0 8 0 20 0 0 0 0 0 0 0 4 0 0 
P10481 2044 6 0 0 0 0 7 0 0 0 0 0 0 0 0 0 25 0 0 0 0 21 23 0 0 14 0 12 10 0 0 20 -999 
P10481 2044 7 18 0 0 0 0 7 0 0 0 0 17 0 13 0 0 0 0 0 8 0 0 0 0 0 10 0 0 0 14 0 0 
P10481 2044 8 0 0 0 7 0 0 0 0 0 0 13 7 0 9 0 15 0 0 0 0 10 0 0 0 0 0 0 0 0 16 0 
P10481 2044 9 0 0 0 0 9 0 0 0 0 0 0 0 10 0 0 0 0 11 0 12 0 6 0 12 16 0 0 0 0 0 -999 
P10481 2044 10 0 10 7 0 0 1 0 0 0 0 0 16 11 0 0 0 0 0 0 0 29 0 22 0 49 36 0 4 15 5 0 
P10481 2044 11 0 0 0 0 18 0 0 7 0 0 0 0 55 58 26 32 0 9 14 0 58 0 0 0 14 14 0 0 0 0 -999 
P10481 2044 12 0 1 0 0 0 0 8 0 0 0 0 0 0 0 9 5 0 28 59 59 29 22 42 16 0 26 23 0 0 0 8 
P10481 2045 1 21 26 72 0 53 24 0 41 76 52 28 47 0 0 7 6 0 19 6 0 0 0 0 0 0 0 0 0 0 6 12 
P10481 2045 2 9 9 0 0 0 0 31 8 5 17 41 61 0 8 0 0 4 0 0 0 0 0 0 21 57 74 123 111 -999 -999 -999 
P10481 2045 3 17 0 23 0 0 0 15 27 0 47 37 29 40 31 31 20 0 0 0 0 0 0 0 7 3 0 2 3 0 0 2 
P10481 2045 4 0 0 0 0 8 0 0 14 0 11 12 16 16 38 42 17 0 0 16 0 0 15 8 0 0 0 0 11 0 0 -999 
P10481 2045 5 0 0 19 46 0 4 0 0 0 2 0 0 0 0 0 0 0 0 0 48 34 26 37 0 0 0 0 20 36 20 0 
P10481 2045 6 0 0 0 0 0 0 0 0 0 0 0 0 17 37 0 0 0 0 0 19 0 0 0 0 0 0 10 0 13 0 -999 
P10481 2045 7 0 0 0 0 0 0 0 0 0 0 0 0 0 0 0 0 0 14 0 11 0 0 0 0 0 0 31 0 0 0 0 
P10481 2045 8 6 0 7 0 0 6 7 12 0 0 0 15 0 0 9 4 0 0 11 0 0 0 0 0 0 0 0 0 0 0 0 
P10481 2045 9 0 15 0 20 0 0 0 23 0 9 0 17 0 0 0 2 0 0 0 0 0 9 10 0 0 0 13 0 6 0 -999 
P10481 2045 10 0 0 0 0 10 0 0 0 0 0 5 0 0 20 7 0 0 0 20 0 0 0 0 0 0 0 0 0 3 0 0 
P10481 2045 11 7 0 29 47 28 10 9 0 1 0 0 0 0 0 0 11 10 27 27 9 0 0 0 8 0 14 16 0 12 5 -999 
P10481 2045 12 0 6 0 0 0 0 0 0 13 0 50 0 0 0 0 0 0 7 0 0 0 0 10 0 25 0 7 9 0 0 0 
P10481 2046 1 12 12 0 12 4 0 0 0 0 0 0 4 6 0 0 0 19 54 75 48 61 44 46 61 38 0 42 39 57 35 0 
P10481 2046 2 0 5 11 0 0 0 7 0 0 0 0 16 31 16 0 0 82 67 0 27 6 5 0 0 0 0 32 36 -999 -999 -999 
P10481 2046 3 0 0 0 28 10 0 0 5 0 0 0 0 0 0 0 0 0 0 0 0 0 4 6 16 0 0 0 0 0 20 29 
P10481 2046 4 41 0 18 0 0 0 23 39 48 43 18 15 0 50 35 40 39 26 12 0 0 0 35 0 38 30 30 0 0 22 -999 
P10481 2046 5 0 11 0 0 0 0 3 0 4 9 17 0 0 0 0 0 0 11 19 26 0 0 34 0 62 42 19 0 22 29 0 
P10481 2046 6 0 0 0 26 50 33 9 7 0 0 17 0 0 0 20 0 0 0 0 3 0 6 0 9 0 0 0 7 0 0 -999 
P10481 2046 7 0 0 0 0 0 0 0 0 0 0 0 0 0 9 0 0 0 0 0 0 0 0 0 0 6 0 0 0 20 9 0 
P10481 2046 8 0 0 0 0 0 0 0 0 0 0 0 0 0 0 0 0 13 9 12 0 0 0 9 0 0 0 11 0 0 0 0 
P10481 2046 9 0 0 0 17 0 0 0 18 5 0 0 0 0 0 0 0 0 0 0 0 19 0 8 0 0 3 0 0 16 0 -999 
P10481 2046 10 0 0 0 0 0 13 0 0 23 0 0 0 6 0 0 0 0 0 8 0 0 18 0 0 0 0 0 0 0 0 0 
P10481 2046 11 0 22 34 26 0 0 0 0 0 0 0 0 0 0 0 0 3 0 0 0 0 9 9 14 0 0 0 0 3 0 -999 
P10481 2046 12 8 9 0 0 0 3 0 0 0 4 0 20 17 0 16 20 18 14 13 15 11 0 0 0 0 0 8 0 6 5 6 
P10481 2047 1 0 19 34 0 33 33 12 8 22 23 30 0 0 6 10 0 12 13 10 0 13 0 0 0 0 9 0 23 0 0 0 
P10481 2047 2 0 0 2 8 14 0 0 7 9 7 4 0 28 22 23 0 0 12 15 27 0 22 18 19 37 0 0 0 -999 -999 -999 
P10481 2047 3 10 17 15 18 0 23 0 0 11 0 20 0 23 0 12 0 0 30 6 3 0 0 4 0 7 7 0 8 0 0 0 
P10481 2047 4 0 0 8 10 0 0 5 0 2 0 0 0 0 0 6 7 27 48 0 20 15 25 0 33 0 21 0 0 35 0 -999 
P10481 2047 5 0 0 0 14 0 38 0 0 0 0 7 0 26 40 45 0 0 6 0 16 23 0 0 13 7 0 7 0 0 0 0 
P10481 2047 6 0 0 0 0 0 0 0 0 0 0 0 0 0 0 0 0 0 3 5 0 0 0 0 0 0 0 0 0 0 0 -999 
P10481 2047 7 0 0 8 0 0 0 0 0 0 0 0 0 0 0 0 0 0 0 20 0 0 0 0 0 0 17 0 0 0 0 0 
P10481 2047 8 0 0 0 0 0 0 0 0 0 23 15 11 0 0 0 0 0 0 0 0 0 13 0 0 0 0 0 0 0 0 18 
P10481 2047 9 0 0 0 8 0 0 0 0 0 0 7 0 7 0 0 0 0 0 0 0 5 0 0 0 0 30 16 0 10 0 -999 
P10481 2047 10 24 39 27 0 0 10 0 0 0 0 0 6 12 12 0 0 0 0 21 2 0 0 0 0 0 14 0 20 9 0 12 
P10481 2047 11 11 0 3 0 5 0 0 3 0 0 0 0 0 0 5 0 0 0 0 24 0 0 0 0 3 0 11 0 20 0 -999 
P10481 2047 12 29 0 0 38 117 103 112 79 0 8 0 0 6 12 53 0 17 39 81 77 23 45 27 35 26 14 0 0 17 16 5 
P10481 2048 1 0 0 0 0 0 0 0 0 0 16 0 0 0 0 2 0 0 0 0 4 16 0 7 8 0 36 67 4 3 0 31 
P10481 2048 2 37 0 0 8 0 0 25 70 14 0 0 0 0 4 8 5 0 25 0 0 0 0 0 9 0 10 0 0 -999 -999 -999 
P10481 2048 3 4 0 0 0 0 0 1 1 0 5 0 12 10 0 0 8 0 30 38 29 19 21 0 10 0 20 25 20 0 29 18 
P10481 2048 4 0 0 4 5 0 33 45 56 0 0 10 40 51 0 20 27 45 37 67 69 35 26 0 0 12 18 0 0 10 0 -999 
P10481 2048 5 0 0 14 0 0 0 7 0 0 13 0 27 0 22 0 0 3 0 6 13 0 33 26 14 23 0 0 30 0 0 0 
P10481 2048 6 0 0 0 0 0 17 0 0 0 13 0 0 0 0 0 0 0 0 0 0 7 0 0 0 29 0 0 0 0 0 -999 
P10481 2048 7 0 0 0 0 0 0 8 10 12 0 0 10 0 15 0 0 0 0 0 0 0 0 0 0 0 0 11 0 0 13 0 
P10481 2048 8 0 0 0 0 0 14 0 0 0 10 0 0 0 0 0 6 0 15 0 0 0 9 0 16 16 0 0 0 5 0 0 
P10481 2048 9 0 0 0 0 0 0 0 0 0 0 0 0 0 0 0 0 5 0 0 9 0 0 0 0 0 0 0 7 12 0 -999 
P10481 2048 10 0 0 49 26 0 0 0 0 0 0 4 5 0 23 17 43 29 15 0 11 5 0 0 0 0 0 10 0 19 22 26 
P10481 2048 11 22 0 18 6 0 9 19 0 0 8 0 0 0 2 0 0 31 0 0 1 0 0 7 0 0 0 15 36 0 96 -999 
P10481 2048 12 39 30 52 0 4 1 0 0 0 0 0 0 0 0 12 0 0 28 39 90 43 0 17 0 3 0 0 3 3 0 6 
P10481 2049 1 13 32 25 0 0 0 0 0 0 6 10 7 0 0 5 0 0 0 0 0 0 0 0 0 0 0 0 0 0 2 0 
P10481 2049 2 0 0 0 0 7 20 36 41 18 34 47 86 86 62 50 94 0 62 62 36 87 36 34 114 61 83 58 29 -999 -999 -999 
P10481 2049 3 28 0 60 40 53 27 25 0 33 34 34 0 0 0 28 8 0 27 0 0 0 0 0 0 0 8 0 0 0 0 0 
P10481 2049 4 22 17 0 0 31 24 12 0 4 4 3 0 0 0 0 0 0 0 0 0 0 0 0 0 0 0 0 7 16 11 -999 
P10481 2049 5 0 29 24 0 8 0 0 0 0 0 0 0 2 0 0 10 13 0 0 19 17 0 5 0 0 0 0 17 0 15 0 
P10481 2049 6 0 28 8 0 4 10 0 0 8 0 7 0 0 0 0 0 0 0 0 0 0 0 0 0 7 0 0 0 0 13 -999 
P10481 2049 7 0 11 11 0 0 0 25 0 0 0 0 0 0 0 0 0 0 0 0 0 0 0 0 0 2 0 0 6 0 0 0 
P10481 2049 8 0 0 0 0 0 0 0 0 17 0 0 0 6 0 0 0 0 0 3 0 0 4 0 0 0 0 0 0 0 0 0 
P10481 2049 9 7 0 0 12 0 0 0 5 10 0 0 11 0 0 0 0 0 0 0 0 0 0 0 0 0 0 0 0 0 0 -999 
P10481 2049 10 0 0 0 7 0 0 8 0 0 20 18 0 13 0 33 61 0 0 19 0 0 10 0 29 35 0 46 0 16 0 0 
P10481 2049 11 0 29 23 0 11 18 50 80 66 0 0 0 0 0 10 0 7 0 14 3 0 7 6 0 14 0 9 0 0 12 -999 
P10481 2049 12 0 0 0 0 0 0 0 0 12 14 7 0 7 19 55 0 6 0 0 0 0 6 11 21 0 24 0 0 0 3 2 
P10481 2050 1 0 0 0 0 0 0 5 0 0 30 81 62 78 68 0 80 46 70 17 0 0 0 16 21 18 26 19 0 0 0 15 
P10481 2050 2 0 0 0 10 0 0 0 0 0 0 0 0 0 0 2 0 2 3 0 0 0 0 0 0 0 5 5 5 -999 -999 -999 
P10481 2050 3 0 0 0 0 0 0 0 0 11 0 0 13 7 13 0 10 0 0 0 0 18 0 32 43 41 30 0 18 25 0 0 
P10481 2050 4 0 0 0 11 0 14 13 21 12 0 39 60 0 2 0 15 39 23 22 47 23 48 0 25 0 0 0 0 0 0 -999 
P10481 2050 5 0 31 25 16 19 0 0 21 12 37 19 0 0 0 0 0 0 0 0 0 0 22 16 0 13 0 0 25 27 17 0 
P10481 2050 6 0 0 0 18 0 0 0 0 0 0 0 0 0 0 0 7 3 2 0 0 0 10 0 0 9 9 0 0 0 0 -999 
P10481 2050 7 0 0 0 0 0 0 0 0 0 0 0 7 0 17 0 0 0 15 10 0 0 9 0 0 0 0 0 0 0 0 0 
P10481 2050 8 13 11 0 0 0 0 0 0 0 0 25 0 0 0 0 0 0 25 16 11 0 0 19 30 0 0 0 4 0 0 0 
P10481 2050 9 0 0 8 0 0 0 0 2 0 0 0 4 0 0 0 0 8 0 0 9 0 7 0 14 0 0 0 0 0 3 -999 
P10481 2050 10 0 0 11 11 0 0 12 0 0 0 5 6 5 0 24 41 0 18 16 18 18 13 0 0 9 0 0 35 30 28 42 
P10481 2050 11 27 0 21 0 0 0 0 5 0 0 6 0 10 18 25 0 0 0 10 21 15 12 37 46 0 0 21 18 0 9 -999 
P10481 2050 12 0 11 28 19 13 0 10 0 26 42 0 0 28 0 43 12 0 25 19 0 6 0 0 6 5 9 0 0 0 0 0 
P10481 2051 1 11 0 11 0 4 4 4 0 11 22 18 49 87 0 28 0 6 15 0 5 0 7 0 6 15 0 0 0 0 21 32 
P10481 2051 2 33 36 28 23 0 0 0 0 8 0 0 0 0 0 0 0 27 0 18 35 19 31 48 27 0 42 36 27 -999 -999 -999 
P10481 2051 3 0 0 31 42 31 21 10 20 21 0 0 29 0 26 0 18 34 0 8 8 14 24 33 0 0 0 15 13 0 10 0 
P10481 2051 4 0 18 0 12 12 23 44 24 44 0 0 0 0 0 54 20 0 0 5 19 0 0 0 0 0 12 0 24 0 0 -999 
P10481 2051 5 0 0 0 12 7 0 0 0 0 7 0 3 0 0 0 0 19 0 0 0 17 12 0 0 15 7 7 18 21 0 0 
P10481 2051 6 0 0 22 11 18 0 0 0 0 42 24 0 0 0 0 0 26 0 0 0 0 0 2 0 0 0 0 19 0 0 -999 
P10481 2051 7 0 0 14 0 7 0 0 0 0 0 0 0 10 0 0 0 4 0 0 0 14 0 0 0 0 0 0 0 0 0 0 
P10481 2051 8 0 0 0 0 19 0 0 0 0 0 0 0 0 0 0 0 0 0 0 0 0 6 0 0 0 0 0 0 0 0 0 
P10481 2051 9 0 0 0 0 0 0 0 0 0 0 0 0 0 0 3 12 0 0 0 0 0 6 0 0 0 0 0 0 0 11 -999 
P10481 2051 10 18 0 0 0 0 17 0 20 21 18 12 0 20 14 0 0 0 0 12 0 0 0 0 0 11 16 26 43 29 14 4 
P10481 2051 11 0 0 0 0 26 0 0 0 0 0 0 14 0 31 0 0 8 26 37 33 0 25 43 25 22 0 0 0 0 0 -999 
P10481 2051 12 0 8 0 0 9 0 49 26 17 0 13 20 17 22 28 26 17 0 28 17 25 27 21 0 0 4 0 0 0 0 0 
P10481 2052 1 0 0 0 0 12 4 0 0 0 0 0 1 0 3 0 0 5 0 0 0 0 0 0 0 8 0 0 6 0 0 0 
P10481 2052 2 0 0 2 0 0 0 0 0 0 0 0 15 10 11 16 8 13 17 0 21 19 0 0 21 28 27 11 0 -999 -999 -999 
P10481 2052 3 0 0 0 0 5 0 34 42 0 0 9 11 18 0 31 23 0 0 18 29 58 37 0 37 52 37 21 0 0 0 3 
P10481 2052 4 0 0 21 9 7 0 0 0 0 0 11 0 0 0 0 0 3 0 5 6 0 9 0 6 0 0 0 0 0 30 -999 
P10481 2052 5 12 16 4 0 14 34 0 27 21 0 18 33 0 15 0 0 8 0 0 11 10 0 0 0 17 0 0 0 0 20 0 
P10481 2052 6 0 0 10 0 0 0 0 0 0 0 0 29 0 0 0 0 16 0 0 0 0 0 0 0 0 5 0 6 0 0 -999 
P10481 2052 7 0 0 0 0 0 0 11 0 0 0 0 0 0 0 0 0 0 0 12 7 6 14 0 15 0 0 0 0 0 0 0 
P10481 2052 8 0 0 0 0 0 0 0 0 0 0 0 0 0 0 0 0 0 0 0 0 0 0 0 0 0 17 0 0 0 0 0 
P10481 2052 9 0 0 0 6 0 0 0 0 0 0 7 0 0 0 0 0 0 0 0 24 16 0 0 0 0 10 0 6 0 0 -999 
P10481 2052 10 0 8 0 0 8 0 17 0 12 0 9 0 0 0 7 10 0 0 5 0 0 0 0 0 0 0 0 0 0 0 0 
P10481 2052 11 0 0 2 0 0 0 0 0 0 6 3 0 0 0 0 0 0 0 14 0 19 0 0 12 21 31 54 0 20 27 -999 
P10481 2052 12 39 0 19 17 0 11 0 10 31 87 68 31 65 53 0 10 25 24 13 0 5 0 0 16 15 0 0 0 0 28 0 
P10481 2053 1 6 0 0 2 0 0 0 0 0 0 0 9 0 11 0 0 0 1 0 0 0 0 0 3 0 0 0 0 0 0 0 
P10481 2053 2 7 25 0 42 36 35 48 27 26 15 0 0 0 0 0 0 0 22 4 4 0 0 0 0 14 11 28 61 -999 -999 -999 
P10481 2053 3 65 24 15 22 29 20 0 6 18 0 24 0 14 0 0 25 39 49 33 24 21 0 0 0 0 0 0 10 0 29 33 
P10481 2053 4 29 0 9 19 23 0 48 34 17 25 30 0 10 10 0 0 0 0 0 10 0 0 0 0 8 10 0 0 0 0 -999 
P10481 2053 5 0 22 29 0 27 41 45 25 20 12 0 18 0 12 0 0 0 0 21 0 29 0 23 26 12 11 0 0 0 0 0 
P10481 2053 6 10 0 0 0 5 4 0 9 0 0 0 0 0 0 12 0 0 0 0 0 0 0 0 9 0 0 0 0 0 6 -999 
P10481 2053 7 0 0 0 12 0 0 0 0 0 0 8 0 8 0 0 0 0 0 0 0 0 0 0 0 0 0 0 0 0 14 0 
P10481 2053 8 0 0 0 0 0 0 0 20 0 0 12 10 0 0 0 0 0 0 0 16 8 0 0 9 0 0 0 0 0 8 0 
P10481 2053 9 0 0 0 0 0 0 9 7 0 0 0 0 0 0 0 10 0 0 0 0 0 9 8 16 0 1 0 0 0 0 -999 
P10481 2053 10 0 6 0 0 0 0 6 15 0 0 0 0 0 10 21 28 0 0 0 0 0 0 0 14 0 22 16 0 13 22 0 
P10481 2053 11 15 18 0 19 0 24 18 9 31 53 0 44 22 19 55 55 87 69 0 0 0 17 0 18 0 15 0 15 23 0 -999 
P10481 2053 12 7 0 0 0 0 0 0 0 0 0 0 0 0 0 11 0 7 8 5 0 0 10 8 12 30 40 26 18 36 34 28 
P10481 2054 1 30 27 67 54 40 46 33 0 39 31 0 0 54 61 0 36 33 0 0 0 0 0 6 0 0 8 22 91 52 23 27 
P10481 2054 2 0 54 55 16 0 0 26 0 14 0 5 0 0 15 0 0 0 4 0 0 1 0 2 0 0 0 0 0 -999 -999 -999 
P10481 2054 3 0 0 0 0 0 5 0 1 0 0 0 5 2 0 6 0 12 0 0 11 10 14 0 13 0 5 0 0 0 36 34 
P10481 2054 4 0 20 0 16 36 58 68 0 0 24 40 43 17 0 0 29 14 12 0 0 0 5 0 0 0 0 0 47 36 30 -999 
P10481 2054 5 21 13 0 0 10 14 0 0 0 8 0 0 8 0 33 27 19 8 7 0 13 0 0 0 0 22 13 0 16 0 0 
P10481 2054 6 0 0 0 5 0 17 13 0 0 0 0 0 0 0 0 0 0 0 0 0 0 0 0 0 0 0 0 0 6 0 -999 
P10481 2054 7 0 0 0 0 0 18 8 10 0 0 11 0 5 0 0 0 0 0 0 0 0 0 0 0 0 0 6 0 0 0 5 
P10481 2054 8 0 0 0 0 6 14 0 0 0 0 0 0 0 0 0 0 0 16 0 0 0 0 2 8 0 0 0 0 5 0 0 
P10481 2054 9 0 0 0 0 6 0 0 0 0 0 0 25 0 14 0 5 0 14 0 0 0 12 27 28 0 0 0 0 0 46 -999 
P10481 2054 10 28 17 0 26 6 5 10 0 0 4 0 0 0 0 0 0 11 25 0 0 0 0 10 38 46 31 24 0 13 0 9 
P10481 2054 11 44 25 6 0 0 0 17 19 61 75 55 31 0 21 53 33 15 20 0 0 21 0 11 0 0 0 29 0 0 0 -999 
P10481 2054 12 0 0 5 0 2 7 0 0 0 0 0 0 29 22 9 0 0 0 6 2 0 0 14 34 62 49 62 50 49 26 27 
P10481 2055 1 0 4 24 35 0 7 9 0 0 30 50 13 10 7 0 0 21 80 52 7 0 0 0 0 2 0 3 0 6 4 0 
P10481 2055 2 0 0 0 0 0 17 29 0 0 2 0 0 0 0 8 0 9 4 0 2 0 5 0 0 16 24 17 0 -999 -999 -999 
P10481 2055 3 0 16 39 40 33 30 30 21 16 12 10 25 0 11 0 0 0 0 0 7 0 0 15 29 27 0 10 23 12 0 0 
P10481 2055 4 2 0 0 0 9 0 0 4 16 17 17 18 6 0 0 0 0 0 0 0 0 22 0 0 12 0 13 0 8 0 -999 
P10481 2055 5 0 5 0 0 0 11 0 3 0 18 53 31 15 0 5 0 0 0 0 0 0 8 9 14 22 0 24 0 6 0 0 
P10481 2055 6 0 0 0 0 11 0 0 0 0 0 0 12 0 0 0 0 9 0 0 7 0 0 0 0 0 0 0 0 0 0 -999 
P10481 2055 7 0 13 0 0 0 0 0 0 0 0 0 0 0 0 5 0 0 0 26 0 0 0 0 0 0 0 0 0 0 0 5 
P10481 2055 8 0 0 0 0 10 0 0 13 0 0 14 0 0 0 0 0 6 0 0 0 0 0 0 0 6 0 0 9 0 0 0 
P10481 2055 9 0 0 0 0 0 0 0 8 0 5 0 0 0 0 0 0 0 0 0 0 31 25 0 8 0 11 0 0 0 0 -999 
P10481 2055 10 29 15 15 0 32 0 0 11 0 20 0 32 0 0 29 43 55 35 8 29 0 0 0 0 0 11 0 0 0 0 0 
P10481 2055 11 0 0 12 26 24 0 46 36 0 0 12 19 0 14 11 15 39 0 0 0 0 21 0 12 0 17 56 44 128 80 -999 
P10481 2055 12 29 10 0 11 19 0 8 15 6 0 0 10 0 12 0 0 1 0 1 0 0 0 4 3 2 0 0 0 33 25 16 
P10481 2056 1 0 0 36 47 0 50 62 51 35 55 30 0 0 7 0 13 11 13 11 6 0 5 0 0 0 28 67 47 5 5 11 
P10481 2056 2 23 30 23 10 31 40 43 14 17 32 66 55 35 73 71 21 0 35 40 64 0 71 0 0 0 0 0 20 -999 -999 -999 
P10481 2056 3 28 29 16 0 39 74 55 51 18 73 65 66 34 0 60 11 11 0 0 66 17 8 0 0 6 0 28 56 0 26 0 
P10481 2056 4 0 31 0 0 6 0 0 0 0 0 0 0 0 26 0 0 6 0 27 0 4 0 0 0 0 0 0 9 0 0 -999 
P10481 2056 5 0 0 0 0 0 22 25 21 29 25 0 0 0 0 0 16 10 0 16 12 12 0 22 0 4 0 0 0 15 0 31 
P10481 2056 6 0 0 0 15 19 5 0 8 0 0 0 0 9 0 0 12 0 17 0 0 0 0 0 0 0 7 0 6 7 0 -999 
P10481 2056 7 9 0 27 24 0 0 0 0 0 6 0 0 0 0 0 18 0 0 0 0 0 0 0 0 0 0 0 0 0 0 0 
P10481 2056 8 0 0 0 16 0 0 0 0 0 0 13 0 0 0 5 0 0 0 12 10 0 0 0 0 0 0 0 26 13 0 0 
P10481 2056 9 0 0 0 7 0 0 29 24 16 0 0 0 0 0 0 14 0 0 14 15 0 0 10 0 0 0 0 0 0 9 -999 
P10481 2056 10 12 11 0 5 0 0 0 26 0 0 11 0 0 0 0 13 0 17 18 0 0 13 19 33 64 59 0 0 9 11 0 
P10481 2056 11 18 26 10 0 0 34 28 33 39 24 0 55 20 0 57 0 0 6 0 18 0 0 0 0 0 0 0 0 0 0 -999 
P10481 2056 12 0 0 0 0 0 0 0 0 0 0 0 0 0 0 0 18 19 42 24 13 15 0 0 0 0 4 20 42 34 0 49 
P10481 2057 1 41 61 0 22 34 0 16 0 0 0 32 0 7 0 0 25 0 0 53 18 8 6 4 0 0 17 43 116 101 30 19 
P10481 2057 2 8 1 0 5 21 0 11 4 19 0 0 0 0 0 0 0 17 7 0 0 12 0 0 0 30 31 42 24 -999 -999 -999 
P10481 2057 3 0 47 31 13 0 0 0 0 0 9 0 0 0 14 0 31 37 52 52 42 25 7 0 0 0 0 0 53 48 28 25 
P10481 2057 4 32 43 28 0 0 5 6 11 7 0 26 32 0 31 0 34 31 29 0 0 0 17 59 19 0 2 0 0 3 0 -999 
P10481 2057 5 0 0 0 20 26 16 20 0 0 0 5 0 0 0 0 0 0 0 8 0 0 27 17 0 18 16 23 0 0 1 0 
P10481 2057 6 0 0 0 13 6 0 0 16 0 0 11 0 0 0 8 0 0 0 0 0 0 0 0 0 0 0 0 0 0 0 -999 
P10481 2057 7 0 6 0 0 0 0 6 0 0 0 0 0 0 0 0 0 0 0 0 0 0 0 0 10 0 0 0 11 0 0 0 
P10481 2057 8 0 0 11 0 0 7 0 13 0 0 0 10 0 0 0 0 0 0 0 0 0 0 8 0 0 0 0 10 0 0 7 
P10481 2057 9 11 0 9 0 0 0 0 0 9 0 10 0 4 0 0 0 12 10 0 0 0 0 0 0 0 0 5 0 15 13 -999 
P10481 2057 10 0 13 0 0 0 0 10 0 0 0 0 17 39 0 0 0 0 0 8 0 22 18 0 0 39 35 64 31 41 0 0 
P10481 2057 11 7 0 0 0 9 0 9 14 23 0 41 48 87 31 0 0 0 9 24 34 0 0 0 0 0 17 35 0 20 55 -999 
P10481 2057 12 48 30 64 0 14 7 0 0 0 0 0 0 0 0 0 6 8 10 0 21 27 14 40 67 30 0 13 0 0 1 2 
P10481 2058 1 16 0 7 0 6 13 0 8 25 0 11 38 73 0 74 91 43 21 11 0 0 0 0 0 0 0 51 90 68 54 38 
P10481 2058 2 17 9 10 0 59 46 25 31 23 0 0 37 18 0 0 0 0 15 12 0 0 0 9 0 10 0 0 0 -999 -999 -999 
P10481 2058 3 0 7 0 0 0 9 0 9 0 0 0 0 7 1 0 21 18 25 0 15 4 1 0 0 0 3 0 0 0 0 18 
P10481 2058 4 40 0 0 0 6 11 43 25 0 20 0 24 0 33 0 0 14 17 11 9 10 0 14 32 34 33 0 0 19 24 -999 
P10481 2058 5 0 15 0 39 25 29 23 0 4 0 0 0 17 20 0 16 0 0 0 15 12 0 0 0 0 0 0 0 0 0 0 
P10481 2058 6 0 0 0 0 0 7 0 0 25 0 0 0 0 0 13 0 0 0 0 13 0 10 0 0 0 4 0 0 0 0 -999 
P10481 2058 7 0 0 0 0 0 0 0 0 0 0 0 0 0 0 0 0 0 0 0 0 0 0 0 0 0 0 0 0 0 0 3 
P10481 2058 8 0 0 0 0 0 4 0 0 17 0 0 14 7 0 0 0 0 0 0 0 0 0 0 0 0 0 0 0 0 0 0 
P10481 2058 9 0 2 0 13 22 18 23 0 0 0 0 0 16 14 7 0 4 0 0 0 0 0 0 0 0 0 0 0 0 21 -999 
P10481 2058 10 0 0 0 0 30 0 0 0 0 1 0 0 0 0 0 10 9 0 17 30 40 9 0 14 9 0 0 0 0 0 0 
P10481 2058 11 0 0 3 0 0 0 0 40 62 0 0 13 0 0 15 3 0 0 0 0 0 0 7 0 0 0 0 0 7 5 -999 
P10481 2058 12 15 0 7 0 0 10 11 4 0 0 0 0 6 0 0 0 0 0 0 3 0 0 2 0 0 7 0 12 0 0 0 
P10481 2059 1 0 0 0 0 0 22 34 45 20 4 0 0 2 0 0 0 21 3 0 0 0 0 0 0 0 0 3 0 0 0 0 
P10481 2059 2 0 0 0 1 0 0 0 0 0 4 0 0 0 0 13 3 0 0 0 0 0 3 0 0 0 0 0 0 -999 -999 -999 
P10481 2059 3 0 0 2 0 0 0 0 0 18 0 5 0 6 0 0 0 11 0 30 7 0 0 0 0 0 21 32 28 29 0 0 
P10481 2059 4 20 0 0 0 0 19 25 54 48 50 0 39 0 0 0 25 19 33 20 12 0 45 30 67 31 0 0 0 0 0 -999 
P10481 2059 5 0 0 0 8 0 0 0 2 0 0 13 0 0 15 0 27 0 0 0 0 0 0 0 0 0 18 0 7 0 0 0 
P10481 2059 6 0 0 20 14 13 0 0 21 0 0 0 0 0 11 0 0 14 0 0 0 0 0 0 21 0 0 14 0 0 0 -999 
P10481 2059 7 0 0 0 0 0 13 17 0 0 0 0 0 3 0 0 13 0 0 9 0 0 0 0 0 0 0 0 0 5 19 0 
P10481 2059 8 0 3 0 0 0 0 0 0 10 20 24 0 0 0 0 0 11 0 0 0 0 0 0 0 0 53 0 0 19 0 0 
P10481 2059 9 6 0 0 0 0 0 0 11 0 0 0 0 0 0 0 0 0 5 0 0 6 0 0 0 0 0 17 0 0 0 -999 
P10481 2059 10 16 27 16 15 0 18 38 0 0 0 0 0 6 0 0 19 0 0 0 22 14 0 0 0 8 0 34 42 0 24 20 
P10481 2059 11 0 0 28 0 0 0 0 0 0 0 0 0 3 0 0 0 0 12 10 8 0 0 0 0 0 0 0 0 0 0 -999 
P10481 2059 12 3 0 10 27 0 46 18 0 16 26 34 0 32 0 0 0 0 0 2 1 0 0 0 0 20 30 0 0 31 29 0 
P10481 2060 1 19 16 0 21 0 0 0 0 0 0 42 70 77 0 22 19 10 0 0 0 0 0 0 5 0 0 0 0 0 3 0 
P10481 2060 2 45 9 0 0 0 5 0 10 0 2 9 21 0 9 0 0 3 0 8 11 8 0 8 0 0 5 0 28 -999 -999 -999 
P10481 2060 3 0 25 13 12 0 0 28 22 16 0 0 8 0 0 0 0 0 5 5 0 28 31 45 40 0 18 0 0 37 24 7 
P10481 2060 4 24 0 16 0 0 0 0 0 37 45 0 13 13 0 39 45 0 10 14 15 0 10 0 0 0 0 0 0 0 0 -999 
P10481 2060 5 0 0 0 39 18 0 0 0 0 0 25 19 0 0 0 26 0 0 4 9 0 0 0 0 0 0 0 0 0 0 0 
P10481 2060 6 0 0 0 0 0 0 0 0 0 0 0 0 0 0 0 11 0 0 0 0 0 0 0 16 11 0 0 13 0 0 -999 
P10481 2060 7 0 0 0 0 0 0 0 0 0 22 0 0 10 0 17 0 0 15 5 0 0 0 0 0 0 0 0 0 0 0 0 
P10481 2060 8 0 0 0 0 0 0 0 0 0 0 9 14 0 0 0 0 0 0 0 0 0 10 3 5 0 0 0 0 13 0 0 
P10481 2060 9 0 0 9 0 0 0 7 0 8 0 0 0 0 0 0 15 0 0 9 0 0 0 0 0 0 0 0 0 0 0 -999 
P10481 2060 10 7 0 0 0 2 0 0 0 0 5 4 5 0 0 0 0 3 0 0 0 0 1 0 0 0 0 0 0 0 0 15 
P10481 2060 11 16 11 0 0 22 0 21 0 46 41 19 38 0 0 0 0 62 64 0 0 0 4 0 0 18 9 0 0 0 0 -999 
P10481 2060 12 0 10 13 0 22 50 53 0 0 0 0 0 0 0 0 0 0 0 0 7 8 11 0 21 15 0 20 0 25 0 8 
P10481 2061 1 10 0 17 0 0 0 0 0 0 0 8 0 0 0 0 0 0 0 0 0 0 9 8 10 8 6 0 0 0 0 0 
P10481 2061 2 0 0 0 6 0 0 3 0 16 23 37 30 15 0 0 0 0 5 0 0 8 0 0 11 23 0 19 0 -999 -999 -999 
P10481 2061 3 28 12 6 9 0 0 10 9 32 28 0 0 0 0 0 19 31 0 0 13 0 32 28 40 67 0 0 8 0 0 22 
P10481 2061 4 27 0 53 0 0 0 0 0 0 31 21 0 0 5 8 0 0 12 31 0 5 0 3 0 0 0 0 0 0 22 -999 
P10481 2061 5 20 0 0 0 0 11 0 7 0 6 0 6 12 25 0 19 0 0 0 5 4 0 0 0 0 0 0 0 0 0 0 
P10481 2061 6 0 0 0 0 0 0 6 0 0 0 0 0 0 0 0 4 0 0 0 0 7 0 0 0 0 0 0 15 7 0 -999 
P10481 2061 7 0 0 12 0 0 0 0 0 0 0 0 17 13 0 0 0 0 0 0 0 0 0 0 0 0 0 0 0 7 0 0 
P10481 2061 8 0 0 0 0 0 0 0 0 0 0 19 0 0 0 0 0 0 0 0 0 0 0 14 9 0 0 0 0 0 0 10 
P10481 2061 9 0 0 0 0 6 0 0 0 0 0 0 0 0 0 0 0 0 0 13 0 0 0 0 0 0 26 22 0 0 22 -999 
P10481 2061 10 0 6 0 0 0 0 0 17 0 0 0 0 0 0 0 0 0 0 30 50 0 11 46 69 0 0 11 34 57 24 9 
P10481 2061 11 44 40 0 0 19 12 17 21 0 57 31 0 4 4 15 29 43 0 4 0 0 4 7 5 1 0 0 34 37 9 -999 
P10481 2061 12 0 0 0 0 3 0 2 0 4 6 0 31 0 11 0 12 16 10 0 0 0 59 0 0 3 0 0 0 0 17 16 
P10481 2062 1 8 0 11 0 0 0 0 0 0 0 0 0 3 0 5 2 0 28 5 0 0 0 0 0 16 47 0 30 35 27 0 
P10481 2062 2 0 0 0 0 0 0 19 18 26 0 26 9 0 11 11 17 8 5 0 10 12 0 0 0 31 0 0 10 -999 -999 -999 
P10481 2062 3 0 6 0 29 29 8 4 0 0 15 42 53 93 140 58 14 0 0 40 16 0 15 36 0 0 0 0 0 0 0 0 
P10481 2062 4 0 0 0 0 0 0 0 0 0 12 11 0 3 0 0 16 9 0 0 0 2 6 0 0 0 0 24 29 32 55 -999 
P10481 2062 5 15 5 0 0 0 0 15 0 0 0 12 0 0 5 9 0 13 0 0 0 0 0 0 0 0 18 0 0 6 0 0 
P10481 2062 6 0 0 0 25 20 0 0 0 8 0 0 0 9 0 0 0 0 19 0 10 0 0 0 18 0 0 11 0 0 0 -999 
P10481 2062 7 0 0 0 0 13 8 4 5 8 0 0 0 0 0 8 0 0 0 0 0 0 0 0 0 0 0 0 0 0 0 0 
P10481 2062 8 0 0 0 0 0 0 0 13 0 0 0 0 0 0 0 0 0 0 13 0 0 0 0 0 0 4 0 0 0 0 0 
P10481 2062 9 0 6 9 0 5 0 0 5 0 0 0 8 0 0 0 0 6 0 4 0 0 0 11 11 0 0 10 9 0 7 -999 
P10481 2062 10 7 0 18 39 0 57 0 0 3 0 0 0 0 0 0 18 36 16 5 21 15 0 0 17 0 9 11 0 0 0 8 
P10481 2062 11 5 0 0 0 0 0 0 14 0 0 0 0 0 34 0 0 0 27 39 0 0 0 0 15 0 15 0 0 0 0 -999 
P10481 2062 12 0 0 0 0 4 11 0 8 0 23 25 25 0 0 0 0 26 75 18 0 0 5 0 4 0 0 0 8 7 9 0 
P10481 2063 1 41 32 33 21 0 44 45 0 90 32 0 15 22 25 32 47 60 43 0 32 0 58 27 0 52 41 0 0 11 38 0 
P10481 2063 2 75 26 22 0 0 22 13 0 8 0 0 25 20 46 51 48 0 7 0 0 0 0 0 5 0 0 0 0 -999 -999 -999 
P10481 2063 3 0 0 0 0 0 12 23 24 0 0 28 31 29 36 29 63 29 0 0 0 11 0 0 24 101 76 37 36 40 45 54 
P10481 2063 4 19 0 0 0 45 59 0 0 44 23 0 4 0 0 0 0 22 0 0 10 0 8 11 10 0 15 0 9 0 0 -999 
P10481 2063 5 30 29 0 0 0 0 0 0 0 0 18 0 33 23 12 0 9 0 0 0 25 0 19 0 0 0 0 0 0 0 0 
P10481 2063 6 0 9 10 0 15 0 16 0 0 0 0 0 0 0 0 0 0 0 0 0 15 0 0 0 0 0 0 0 0 0 -999 
P10481 2063 7 0 0 0 0 0 0 0 0 0 0 0 0 0 0 0 0 0 0 0 0 0 5 0 0 0 0 0 0 0 0 0 
P10481 2063 8 0 0 0 0 0 0 0 0 0 0 0 11 0 0 0 0 0 0 0 0 0 5 7 0 17 0 0 0 0 10 0 
P10481 2063 9 0 0 8 19 0 0 16 7 0 0 0 0 0 0 11 0 0 0 24 0 0 16 15 0 0 0 0 12 10 0 -999 
P10481 2063 10 0 0 6 5 4 0 0 1 0 0 0 0 0 65 0 7 0 0 11 9 0 10 0 0 0 0 0 0 0 0 0 
P10481 2063 11 0 0 0 0 0 0 0 0 0 4 0 9 15 22 0 0 0 0 8 0 0 13 0 0 4 3 0 3 0 0 -999 
P10481 2063 12 0 0 0 0 0 3 0 0 0 2 4 0 7 0 18 7 9 0 6 0 0 2 2 0 0 0 0 0 0 0 2 
P10481 2064 1 0 0 0 0 0 0 1 0 0 0 0 0 0 0 21 0 3 1 0 0 0 0 0 0 0 17 19 0 10 25 23 
P10481 2064 2 23 24 16 14 0 10 0 0 3 0 1 0 0 3 0 0 0 0 1 4 6 7 0 3 0 0 3 0 -999 -999 -999 
P10481 2064 3 9 5 0 0 10 0 25 31 35 0 27 0 0 27 39 0 0 0 26 0 33 0 15 11 27 47 21 0 14 0 16 
P10481 2064 4 17 0 30 56 34 33 0 19 0 0 18 0 0 19 26 24 0 0 0 16 0 0 27 40 22 20 0 0 0 18 -999 
P10481 2064 5 0 0 0 0 13 22 23 17 0 0 0 0 6 0 0 0 8 10 0 15 0 0 0 0 0 0 7 0 9 0 0 
P10481 2064 6 0 0 0 0 0 0 0 13 0 0 0 0 0 0 0 0 0 0 0 0 0 0 0 7 0 0 0 0 0 0 -999 
P10481 2064 7 14 0 0 14 0 0 0 0 15 0 0 0 0 0 0 0 0 0 0 0 0 0 0 0 0 0 0 0 0 0 0 
P10481 2064 8 6 0 0 16 0 0 0 0 0 0 0 0 0 0 0 0 0 0 0 0 0 0 0 0 0 11 0 0 0 6 18 
P10481 2064 9 0 0 0 0 0 0 0 0 0 2 0 8 0 19 0 12 0 0 0 0 0 31 14 0 5 4 0 0 0 0 -999 
P10481 2064 10 0 0 0 0 0 11 0 23 0 0 3 0 0 0 8 0 0 0 0 0 10 8 9 0 9 0 0 13 0 34 0 
P10481 2064 11 10 14 0 20 28 0 0 0 2 2 0 18 0 0 36 0 0 2 0 0 8 0 0 0 0 0 0 19 0 0 -999 
P10481 2064 12 11 17 0 19 43 38 36 95 105 48 16 0 23 16 7 18 0 0 0 5 9 0 4 0 0 4 3 0 0 2 0 
P10481 2065 1 2 0 0 4 0 8 8 0 20 23 19 19 0 45 0 0 7 0 4 0 0 0 0 0 0 5 0 0 0 0 24 
P10481 2065 2 20 0 0 0 3 8 0 14 0 0 0 34 60 68 67 52 66 61 49 63 0 0 0 0 15 0 0 0 -999 -999 -999 
P10481 2065 3 4 0 0 0 0 0 0 0 0 0 0 3 0 0 0 0 0 12 0 8 0 0 0 10 20 25 17 24 0 0 0 
P10481 2065 4 8 0 7 0 0 39 0 0 0 1 0 3 15 18 0 23 0 0 0 0 0 0 0 0 4 0 8 0 13 0 -999 
P10481 2065 5 0 0 2 0 5 0 3 4 0 0 0 11 0 9 9 0 0 9 0 0 30 0 9 8 0 0 0 0 0 0 0 
P10481 2065 6 0 0 0 0 8 0 0 0 0 9 6 0 6 0 14 17 0 0 0 0 0 0 0 7 0 0 0 0 0 0 -999 
P10481 2065 7 0 0 0 0 0 0 0 0 0 0 0 0 0 0 0 0 0 0 0 0 14 0 0 0 0 0 0 0 0 0 0 
P10481 2065 8 0 0 0 15 0 14 0 0 0 0 0 0 0 0 0 0 0 0 0 0 0 0 8 0 0 0 0 0 0 8 0 
P10481 2065 9 0 0 18 0 0 0 0 0 0 0 0 0 0 0 0 0 0 0 0 0 7 0 0 7 0 0 0 0 0 6 -999 
P10481 2065 10 0 0 0 0 0 35 34 0 38 19 16 21 13 10 36 0 0 0 30 0 23 0 40 80 27 24 46 12 0 46 19 
P10481 2065 11 0 0 0 0 0 0 8 5 0 0 0 0 0 0 0 0 0 0 0 13 47 56 11 0 18 0 0 0 5 12 -999 
P10481 2065 12 0 0 0 11 5 5 4 0 0 0 27 81 0 8 0 0 0 16 31 49 0 74 58 101 86 131 86 21 0 0 5 
P10481 2066 1 0 0 0 4 5 8 0 16 22 30 48 66 37 26 42 32 11 24 73 27 11 53 51 0 7 5 11 0 0 0 0 
P10481 2066 2 0 19 0 0 12 15 12 25 39 25 29 0 13 0 2 0 0 0 5 8 0 0 0 8 59 68 26 31 -999 -999 -999 
P10481 2066 3 21 11 0 3 0 0 34 0 0 0 6 0 0 0 0 0 0 0 0 0 0 0 0 0 0 25 0 0 0 0 0 
P10481 2066 4 0 29 0 7 0 15 0 0 0 0 0 9 27 0 0 18 20 0 0 14 0 8 0 0 0 0 0 37 46 36 -999 
P10481 2066 5 0 0 15 0 0 0 17 21 18 0 7 0 0 0 0 0 0 0 0 0 0 0 0 0 0 0 6 0 0 0 6 
P10481 2066 6 5 5 0 0 0 0 0 0 0 9 0 0 0 17 0 0 11 0 0 0 0 0 0 0 0 0 0 0 0 0 -999 
P10481 2066 7 0 0 0 0 8 0 0 0 0 0 0 0 0 0 0 17 0 11 0 0 0 0 0 0 16 0 0 0 0 0 0 
P10481 2066 8 0 0 0 0 0 0 0 0 0 0 0 0 0 0 14 0 0 0 0 0 0 0 0 0 0 0 0 0 0 0 0 
P10481 2066 9 0 0 0 0 0 0 0 0 0 0 0 0 10 0 5 0 0 0 0 10 0 0 0 0 0 21 6 0 15 18 -999 
P10481 2066 10 17 0 0 6 7 0 0 0 0 0 0 0 0 0 6 0 6 14 0 0 21 0 0 7 0 0 0 34 0 0 6 
P10481 2066 11 0 0 8 24 48 0 0 0 22 0 28 27 33 0 0 11 4 0 0 0 0 0 2 0 0 2 5 0 0 0 -999 
P10481 2066 12 0 0 0 15 0 0 0 0 0 10 0 0 0 47 84 97 111 118 65 36 34 20 0 9 0 0 0 24 22 60 73 
P10481 2067 1 17 76 38 10 14 0 13 0 7 0 0 32 0 23 34 31 44 34 41 104 81 106 61 52 82 65 109 39 0 0 46 
P10481 2067 2 42 24 73 25 8 9 0 43 17 40 60 17 37 67 55 6 8 38 91 59 57 30 19 0 0 0 52 0 -999 -999 -999 
P10481 2067 3 0 7 15 0 0 0 3 5 0 19 23 24 51 18 0 0 0 2 0 0 13 0 0 9 0 0 0 0 0 5 0 
P10481 2067 4 7 0 0 0 0 0 0 0 0 21 0 0 0 26 31 20 12 0 17 16 0 11 20 24 14 0 12 15 0 0 -999 
P10481 2067 5 0 24 0 12 17 0 4 0 11 16 19 0 0 0 0 0 0 0 32 25 14 11 0 8 0 13 0 0 16 19 0 
P10481 2067 6 0 12 0 14 9 0 17 12 5 11 0 0 0 0 11 0 0 16 0 0 0 5 0 4 0 0 0 10 0 0 -999 
P10481 2067 7 0 14 6 0 0 0 0 0 0 0 0 0 0 0 0 0 9 4 0 0 0 18 0 0 14 11 11 14 0 0 0 
P10481 2067 8 0 0 0 0 0 0 0 8 0 0 0 0 0 0 0 0 0 0 0 0 0 0 0 0 0 0 0 6 0 0 0 
P10481 2067 9 15 10 0 10 0 0 0 0 0 0 11 0 0 0 22 0 0 0 0 0 0 0 0 0 3 6 0 0 0 0 -999 
P10481 2067 10 0 10 0 8 0 0 0 0 12 14 0 0 0 17 0 0 6 0 0 0 0 0 0 0 6 6 0 0 0 0 0 
P10481 2067 11 0 18 0 0 0 15 0 0 0 0 0 0 0 0 8 9 0 0 3 0 4 4 0 22 31 0 0 1 0 19 -999 
P10481 2067 12 13 0 19 0 36 12 0 0 25 6 0 0 0 0 2 0 0 3 0 0 0 0 0 0 0 15 59 37 0 0 21 
P10481 2068 1 0 3 4 8 21 60 80 0 24 3 0 0 0 1 0 0 0 4 0 0 0 0 1 0 35 33 21 12 0 0 16 
P10481 2068 2 8 3 0 0 18 33 21 0 0 0 20 0 7 0 0 0 0 0 0 6 9 0 0 22 0 9 37 33 -999 -999 -999 
P10481 2068 3 13 37 0 25 90 80 30 0 44 0 0 0 22 10 5 12 0 63 31 12 0 35 63 6 0 0 9 6 8 0 44 
P10481 2068 4 34 27 11 5 5 0 12 50 53 26 0 0 17 0 0 0 0 0 0 0 0 0 26 0 0 0 9 0 0 0 -999 
P10481 2068 5 0 0 0 0 0 0 0 11 0 0 0 0 41 0 0 20 28 15 0 0 0 0 5 7 0 12 0 0 0 0 0 
P10481 2068 6 27 0 0 0 16 9 14 0 4 0 0 0 0 0 0 0 19 0 0 0 0 0 0 0 0 0 0 0 13 0 -999 
P10481 2068 7 0 3 0 0 0 3 0 0 11 0 0 0 0 0 0 0 0 0 13 0 11 0 0 0 0 0 7 0 0 0 0 
P10481 2068 8 0 0 0 0 0 0 0 0 0 0 0 0 0 16 0 0 0 0 0 0 0 0 0 0 0 24 0 0 0 0 0 
P10481 2068 9 6 0 0 0 0 0 7 0 0 28 0 13 0 0 0 18 16 22 0 0 0 0 9 0 0 0 6 0 0 0 -999 
P10481 2068 10 0 0 0 0 4 0 0 5 0 14 0 0 0 7 0 0 0 0 3 0 0 0 5 0 3 0 0 0 0 0 0 
P10481 2068 11 8 0 13 11 0 4 4 0 0 4 0 5 0 0 0 0 0 0 0 0 14 15 6 7 0 0 0 0 0 0 -999 
P10481 2068 12 0 0 0 0 0 13 0 0 41 0 0 0 27 76 46 26 0 0 9 0 10 0 0 0 0 59 6 6 18 14 0 
P10481 2069 1 30 47 39 0 3 0 0 0 0 0 0 0 0 0 0 0 0 2 0 0 0 0 0 0 0 0 0 22 42 0 0 
P10481 2069 2 5 0 0 50 99 21 18 0 77 9 0 0 0 0 0 0 9 0 0 0 28 28 10 0 0 0 23 0 -999 -999 -999 
P10481 2069 3 33 13 0 21 0 28 0 13 0 16 0 0 0 2 0 0 2 0 0 0 0 8 8 17 21 25 0 33 31 0 51 
P10481 2069 4 20 0 26 19 15 9 0 17 25 27 24 25 0 0 9 0 0 0 16 11 0 0 0 0 21 20 0 0 3 3 -999 
P10481 2069 5 0 0 7 10 10 0 2 0 7 0 0 14 23 23 0 23 32 0 21 0 26 12 0 0 15 0 5 0 0 0 0 
P10481 2069 6 0 11 0 0 6 0 0 0 14 0 0 0 0 0 0 0 0 0 0 0 0 0 0 19 0 9 0 4 5 0 -999 
P10481 2069 7 0 0 0 0 0 0 0 0 0 0 0 0 0 0 0 0 0 0 0 0 0 0 0 0 0 6 0 0 0 0 0 
P10481 2069 8 0 7 11 0 0 0 0 0 0 0 0 0 0 10 0 0 0 0 0 0 0 0 7 0 0 0 0 11 4 0 0 
P10481 2069 9 0 9 0 0 0 0 0 0 0 0 0 0 0 17 0 0 0 3 0 0 0 0 0 0 0 9 0 0 0 0 -999 
P10481 2069 10 0 0 0 0 18 16 12 0 0 0 0 12 9 0 19 23 0 24 59 0 36 18 35 7 0 0 43 61 56 53 0 
P10481 2069 11 13 10 0 44 20 0 41 0 0 13 5 15 30 17 0 12 0 0 0 0 0 0 9 5 0 0 0 12 0 0 -999 
P10481 2069 12 0 0 0 0 11 11 0 13 0 0 0 0 0 7 0 10 8 0 0 6 15 18 19 0 0 0 0 17 28 0 12 
P10481 2070 1 0 14 28 33 0 0 60 78 80 38 43 0 11 0 0 0 0 0 0 0 0 0 0 11 0 2 0 0 2 0 0 
P10481 2070 2 0 0 8 0 0 0 0 0 0 0 15 0 0 3 7 8 11 10 11 0 15 0 26 45 42 33 0 22 -999 -999 -999 
P10481 2070 3 19 0 7 0 0 4 0 0 0 0 33 18 14 0 59 0 24 40 69 63 90 67 24 0 0 0 14 27 27 0 0 
P10481 2070 4 0 20 27 0 8 9 26 0 45 24 15 0 14 31 26 19 23 0 21 0 19 24 0 0 0 0 30 0 15 14 -999 
P10481 2070 5 9 0 23 52 42 43 0 19 0 20 17 0 8 0 0 0 0 22 20 0 25 19 15 0 0 3 0 0 0 2 0 
P10481 2070 6 0 0 23 0 17 4 0 0 0 0 0 0 0 0 0 0 0 0 0 3 0 0 21 0 0 0 0 0 0 0 -999 
P10481 2070 7 0 0 0 0 4 0 0 0 0 0 0 0 0 0 0 0 5 0 0 8 0 0 0 0 9 0 0 0 0 0 0 
P10481 2070 8 0 0 0 16 0 0 0 0 10 0 0 0 6 8 0 0 0 0 0 0 0 9 0 0 10 0 0 3 7 0 0 
P10481 2070 9 0 0 17 0 0 0 0 0 0 0 0 0 3 0 10 9 11 0 10 0 0 0 0 5 0 0 4 0 0 0 -999 
P10481 2070 10 21 11 0 0 21 0 0 0 20 0 22 21 37 19 18 19 47 77 0 0 0 5 7 0 7 6 0 0 0 0 0 
P10481 2070 11 12 0 0 0 0 0 0 0 4 0 0 3 0 0 0 0 9 0 0 0 0 19 8 0 0 0 18 53 52 0 -999 
P10481 2070 12 16 42 0 0 7 0 9 0 0 14 52 9 25 20 9 7 0 0 19 0 0 49 47 0 0 31 9 19 39 89 32 
P10481 2071 1 12 0 11 0 13 7 0 0 0 0 0 0 29 19 0 23 34 33 22 15 19 0 12 0 0 28 43 17 12 10 6 
P10481 2071 2 6 8 0 0 26 39 0 11 22 42 57 48 33 9 19 25 39 36 25 22 19 0 0 9 12 0 12 0 -999 -999 -999 
P10481 2071 3 9 5 0 11 15 14 34 30 0 0 32 0 0 25 0 12 0 22 21 5 0 6 0 0 0 0 0 0 0 13 0 
P10481 2071 4 42 52 41 0 0 0 0 0 0 2 0 11 0 0 16 0 10 9 11 21 23 0 35 36 44 0 17 15 0 15 -999 
P10481 2071 5 14 0 23 0 26 0 32 0 23 14 10 0 0 6 8 0 11 0 0 0 8 0 0 13 0 20 9 0 0 17 0 
P10481 2071 6 20 0 0 0 10 6 0 9 0 20 14 19 28 0 30 7 0 29 0 0 0 0 6 0 0 8 0 0 0 0 -999 
P10481 2071 7 0 0 0 0 0 0 0 0 0 0 0 0 0 0 0 0 0 0 0 0 2 0 0 0 0 0 0 0 0 0 0 
P10481 2071 8 0 0 0 0 0 0 0 0 0 0 0 0 0 3 0 0 9 7 0 0 0 0 0 0 0 0 0 0 0 0 0 
P10481 2071 9 9 0 7 0 0 0 8 0 0 8 0 0 0 0 0 0 0 0 0 0 0 0 0 0 0 0 16 0 0 0 -999 
P10481 2071 10 2 0 0 0 0 0 3 13 0 0 14 0 9 0 0 0 38 0 10 0 0 31 28 10 3 0 9 0 0 0 35 
P10481 2071 11 31 42 58 56 35 15 19 0 0 0 0 0 0 0 0 19 13 8 0 22 0 0 14 22 20 19 3 0 0 7 -999 
P10481 2071 12 10 0 0 19 21 82 70 74 46 83 66 93 54 42 18 21 31 51 22 16 0 0 0 72 30 80 32 0 5 17 29 
P10481 2072 1 24 0 0 0 0 0 9 0 0 21 0 1 0 0 0 0 0 8 10 24 26 0 14 9 13 47 0 0 22 0 20 
P10481 2072 2 43 35 49 26 38 15 11 0 6 5 3 2 0 0 0 0 0 6 20 26 0 0 0 6 8 7 8 0 -999 -999 -999 
P10481 2072 3 0 7 0 4 6 0 6 0 0 0 0 0 0 0 0 13 17 0 21 21 20 15 18 0 0 0 35 0 41 0 23 
P10481 2072 4 0 7 8 22 0 0 0 2 0 23 0 5 3 7 0 6 0 0 0 0 25 0 0 5 0 0 0 0 0 0 -999 
P10481 2072 5 21 22 8 6 0 0 0 0 0 0 0 0 0 14 0 0 11 0 12 10 0 0 0 0 0 10 0 0 17 0 0 
P10481 2072 6 5 0 0 0 0 28 0 0 0 0 12 0 0 7 0 0 0 0 11 0 7 0 13 0 0 0 0 0 0 0 -999 
P10481 2072 7 0 0 0 0 0 0 0 0 0 3 0 0 0 0 0 0 11 0 0 0 0 0 0 0 0 0 0 0 7 13 0 
P10481 2072 8 0 0 0 0 0 0 0 0 0 0 9 0 0 0 0 12 0 0 7 11 0 2 0 12 0 0 0 0 0 0 0 
P10481 2072 9 0 0 0 0 0 0 0 0 10 23 0 0 12 0 0 0 19 6 0 18 0 13 0 14 23 33 0 13 10 0 -999 
P10481 2072 10 6 0 0 12 12 11 0 0 0 13 0 0 13 0 0 19 0 16 0 0 6 0 6 0 0 0 12 0 0 0 0 
P10481 2072 11 0 9 0 0 0 30 0 2 7 22 33 0 22 54 0 3 1 3 0 20 0 0 13 0 12 0 0 5 0 0 -999 
P10481 2072 12 0 0 21 0 0 0 0 0 12 6 0 0 10 0 0 14 14 8 29 35 94 28 14 16 45 58 12 0 0 22 29 
P10481 2073 1 0 0 0 0 0 0 0 0 0 0 3 2 0 0 0 15 9 0 18 0 17 17 8 0 0 0 9 0 8 0 9 
P10481 2073 2 22 50 0 29 30 24 0 0 0 0 0 0 0 0 23 0 4 0 13 0 0 0 0 0 0 28 34 0 -999 -999 -999 
P10481 2073 3 64 38 0 0 0 0 0 17 33 0 0 13 20 23 23 17 13 11 0 17 25 27 0 12 30 19 60 70 88 19 7 
P10481 2073 4 0 9 0 0 0 33 0 16 0 21 27 0 41 23 15 0 4 0 14 23 26 15 16 54 47 0 0 0 7 0 -999 
P10481 2073 5 5 0 0 0 0 16 0 0 7 0 0 0 33 68 0 0 0 12 0 6 0 0 0 7 0 20 0 5 0 0 0 
P10481 2073 6 0 0 0 0 0 0 0 0 0 0 0 0 0 0 0 0 0 0 0 0 0 0 0 0 7 0 0 0 14 0 -999 
P10481 2073 7 0 0 0 0 14 0 0 0 0 0 0 10 0 0 13 10 0 0 0 0 0 0 0 20 0 0 0 0 0 0 0 
P10481 2073 8 0 0 0 0 0 0 0 0 0 8 0 0 0 0 0 0 0 6 7 0 0 0 0 0 0 0 0 0 0 0 0 
P10481 2073 9 0 0 0 0 12 0 0 0 0 0 7 6 0 0 0 0 14 0 3 10 0 0 0 23 14 0 0 0 0 5 -999 
P10481 2073 10 0 8 0 0 0 0 0 24 29 0 9 14 0 11 4 0 0 0 0 9 5 0 0 0 0 0 0 0 0 0 16 
P10481 2073 11 16 0 0 7 0 0 0 0 0 0 0 0 0 0 21 49 18 19 53 47 57 55 0 0 19 21 19 12 0 2 -999 
P10481 2073 12 0 0 0 0 0 9 0 0 0 0 7 0 0 17 0 0 0 6 13 29 12 9 0 4 14 0 4 23 71 55 160 
P10481 2074 1 119 28 24 91 105 110 0 0 30 42 0 0 23 8 0 0 0 0 0 0 0 0 0 0 4 9 0 0 19 0 0 
P10481 2074 2 0 3 0 0 0 0 0 0 7 9 0 16 22 31 0 19 49 28 0 15 0 12 0 0 15 63 75 99 -999 -999 -999 
P10481 2074 3 87 0 7 0 12 0 30 0 16 12 12 0 32 6 10 0 0 0 0 0 25 46 23 37 25 0 0 0 0 8 20 
P10481 2074 4 0 0 19 0 17 0 0 18 0 15 0 10 16 48 0 53 15 20 36 41 19 9 12 0 0 0 0 0 0 0 -999 
P10481 2074 5 0 0 0 13 0 0 0 0 0 27 26 39 33 25 0 13 0 0 12 10 0 0 0 0 4 8 0 0 0 12 0 
P10481 2074 6 0 14 0 16 0 0 0 0 0 0 0 0 0 0 2 0 0 0 0 9 0 0 0 0 11 0 36 0 0 0 -999 
P10481 2074 7 8 0 0 0 0 0 0 11 0 0 0 0 0 0 0 0 0 0 0 0 0 0 0 0 0 0 0 8 8 6 0 
P10481 2074 8 0 0 0 0 0 0 0 0 0 0 0 0 0 9 0 0 0 0 0 0 0 0 0 10 7 6 0 0 0 0 0 
P10481 2074 9 0 0 0 0 0 0 10 0 0 0 10 13 0 0 9 0 0 0 0 0 7 8 0 0 0 0 0 0 0 0 -999 
P10481 2074 10 7 0 0 0 0 9 0 0 0 0 0 0 0 0 0 0 0 7 0 15 0 22 36 18 0 0 0 1 0 0 0 
P10481 2074 11 2 0 0 0 13 0 0 8 11 0 0 0 0 7 21 0 21 9 19 51 26 8 0 24 0 10 0 16 0 0 -999 
P10481 2074 12 0 0 0 0 0 0 0 3 0 0 0 45 37 13 9 0 0 0 6 0 0 0 0 5 0 0 0 6 14 34 0 
P10481 2075 1 0 2 0 0 0 0 0 0 10 14 0 19 20 12 33 0 0 0 10 0 0 0 0 0 0 0 0 0 0 0 0 
P10481 2075 2 0 0 15 26 30 49 0 39 46 0 62 88 80 9 0 0 4 0 0 0 0 0 0 23 0 12 0 0 -999 -999 -999 
P10481 2075 3 7 31 24 11 9 18 0 1 0 5 10 6 0 0 8 0 17 19 32 28 0 41 0 63 52 30 0 0 0 11 10 
P10481 2075 4 0 0 0 18 0 34 53 92 81 0 9 6 8 7 0 0 6 0 31 46 30 21 0 0 0 18 0 0 10 0 -999 
P10481 2075 5 0 22 0 23 0 0 0 0 0 0 20 0 0 0 0 0 0 0 0 0 21 0 0 0 0 5 0 0 0 0 0 
P10481 2075 6 18 0 28 21 9 0 0 0 19 0 17 14 0 0 0 6 0 0 0 0 0 0 0 0 0 0 0 0 0 0 -999 
P10481 2075 7 0 6 0 7 0 0 10 0 0 0 0 0 0 0 0 0 0 0 0 0 0 0 0 0 16 0 0 0 0 0 0 
P10481 2075 8 0 0 0 6 11 0 0 0 0 0 16 0 0 0 0 0 0 0 0 18 0 0 8 0 9 0 0 0 0 5 0 
P10481 2075 9 0 0 0 14 0 0 0 0 0 0 0 0 0 0 0 0 0 0 0 0 0 0 0 5 8 8 0 10 0 10 -999 
P10481 2075 10 0 19 0 21 17 0 0 0 0 26 0 10 0 21 0 0 0 11 0 4 0 0 0 0 0 0 0 26 0 0 36 
P10481 2075 11 12 0 0 0 0 0 35 15 0 0 0 0 0 28 0 47 0 0 0 8 29 38 29 21 6 3 0 0 0 0 -999 
P10481 2075 12 0 0 0 39 0 15 15 44 41 12 15 16 11 14 0 0 15 0 16 5 10 0 0 0 0 0 0 0 0 1 0 
P10481 2076 1 0 0 0 0 5 10 0 6 0 8 0 0 0 0 0 0 0 0 0 0 0 0 0 0 0 1 0 0 0 0 22 
P10481 2076 2 58 0 0 0 0 0 0 0 0 0 0 0 0 0 0 0 0 0 0 0 27 0 0 0 0 0 0 0 -999 -999 -999 
P10481 2076 3 0 0 0 18 0 0 23 0 24 0 32 17 0 0 0 5 0 0 0 12 14 0 28 25 18 17 0 6 4 0 1 
P10481 2076 4 4 0 0 10 11 0 0 0 0 22 0 0 0 18 41 0 23 0 0 0 0 5 0 11 10 0 18 0 0 0 -999 
P10481 2076 5 22 41 23 13 14 9 0 0 0 0 0 7 0 44 0 15 0 17 0 0 0 0 0 0 0 0 21 0 0 0 0 
P10481 2076 6 16 13 0 0 0 0 0 0 0 0 0 0 0 0 0 0 0 0 0 19 0 0 0 6 8 0 0 0 3 0 -999 
P10481 2076 7 0 0 0 0 0 0 0 0 0 0 0 0 0 0 0 0 0 0 0 0 5 0 8 14 0 0 0 15 0 0 0 
P10481 2076 8 0 0 0 0 0 0 0 0 14 0 0 0 0 16 0 0 0 0 0 0 0 0 0 0 0 0 10 0 19 24 0 
P10481 2076 9 0 0 7 0 0 9 0 0 0 0 0 0 0 0 0 0 0 4 0 15 0 11 0 0 0 0 8 0 6 0 -999 
P10481 2076 10 9 0 0 0 31 0 0 0 0 0 0 0 0 0 0 0 0 0 0 0 0 4 0 0 0 13 27 51 0 0 6 
P10481 2076 11 0 0 7 0 0 5 0 4 0 0 0 0 15 6 0 0 14 17 0 25 19 33 0 8 0 0 0 49 0 16 -999 
P10481 2076 12 0 4 0 0 0 0 0 20 39 40 37 49 23 0 6 0 20 0 0 0 0 0 2 0 5 0 0 17 0 5 5 
P10481 2077 1 0 0 0 0 0 0 0 0 21 4 0 0 0 0 30 15 0 0 0 0 0 5 0 5 6 0 10 5 0 0 20 
P10481 2077 2 28 25 0 0 21 13 0 29 18 30 0 6 0 0 0 26 39 60 88 35 24 0 7 0 25 19 8 0 -999 -999 -999 
P10481 2077 3 0 0 0 12 18 32 45 35 0 0 19 21 0 10 0 0 0 0 36 25 40 34 0 0 0 0 6 0 1 2 5 
P10481 2077 4 0 0 0 0 0 0 0 4 0 3 0 0 0 0 14 0 20 0 19 18 0 0 13 8 0 23 48 16 5 0 -999 
P10481 2077 5 18 0 39 0 0 0 0 26 0 0 20 0 0 0 0 0 0 0 0 0 11 0 0 0 0 5 19 0 21 8 11 
P10481 2077 6 23 25 0 20 0 19 0 0 0 0 0 8 0 0 13 0 0 0 0 0 0 0 5 0 0 0 18 0 0 0 -999 
P10481 2077 7 0 0 9 0 0 18 25 0 33 0 0 0 0 0 0 0 0 0 0 0 0 0 0 24 0 0 0 0 0 0 0 
P10481 2077 8 0 0 0 0 0 0 0 0 0 0 0 20 0 0 0 0 0 0 14 0 0 0 0 0 0 0 0 0 0 0 7 
P10481 2077 9 0 0 16 0 0 0 0 0 16 0 0 0 0 16 0 3 4 8 0 0 0 16 13 0 0 0 5 0 18 0 -999 
P10481 2077 10 17 27 0 0 4 0 0 12 0 0 0 0 0 0 0 0 0 18 27 0 0 25 32 31 0 4 5 0 22 11 0 
P10481 2077 11 26 21 19 0 10 0 10 0 59 57 41 0 10 0 35 24 20 11 0 30 24 8 0 34 0 0 0 0 13 0 -999 
P10481 2077 12 22 45 0 42 0 0 47 94 14 0 73 11 2 0 4 0 0 0 0 4 0 0 0 3 0 11 0 22 0 5 0 
P10481 2078 1 83 98 95 80 40 60 0 14 59 0 22 15 51 34 42 42 28 0 9 0 0 0 0 0 0 0 0 2 0 0 0 
P10481 2078 2 0 0 0 3 0 0 0 0 0 0 0 0 0 0 0 5 5 0 9 0 7 0 0 13 48 0 35 0 -999 -999 -999 
P10481 2078 3 0 7 0 18 5 13 18 39 38 12 10 10 16 0 52 0 62 76 56 76 54 36 0 40 27 22 16 9 8 0 0 
P10481 2078 4 39 0 0 0 21 0 0 0 0 0 20 0 24 37 15 0 0 0 18 0 0 0 0 30 33 0 22 0 0 0 -999 
P10481 2078 5 30 64 30 0 12 0 0 11 19 0 33 20 0 23 0 0 21 28 0 9 0 0 2 0 0 0 0 0 0 2 0 
P10481 2078 6 0 0 21 0 18 0 0 9 0 0 0 0 0 0 20 0 0 0 0 0 0 0 0 0 10 0 0 6 0 0 -999 
P10481 2078 7 0 0 0 0 7 0 0 23 0 0 0 0 0 5 0 0 0 0 0 0 0 0 0 0 0 0 0 0 0 0 0 
P10481 2078 8 0 0 0 0 0 0 0 14 0 0 0 0 0 0 0 0 25 0 0 0 14 0 0 0 5 3 0 0 0 0 6 
P10481 2078 9 0 0 0 0 11 0 0 5 0 0 0 0 0 0 10 10 0 0 0 0 0 0 0 0 0 0 0 0 0 0 -999 
P10481 2078 10 0 0 0 0 0 8 0 0 17 34 0 0 0 17 0 0 34 38 0 22 51 0 0 13 14 0 0 7 0 0 0 
P10481 2078 11 0 0 0 0 0 11 0 0 0 6 0 0 0 0 0 0 23 40 15 0 7 0 0 4 0 4 0 0 0 0 -999 
P10481 2078 12 6 0 0 5 0 0 0 0 0 14 33 27 12 13 15 0 0 9 0 0 0 20 0 0 11 0 90 71 25 82 109 
P10481 2079 1 28 7 16 29 14 0 0 0 0 2 2 0 0 0 0 0 0 0 6 0 0 8 0 0 0 0 0 4 0 0 0 
P10481 2079 2 4 9 10 0 0 0 9 5 0 0 0 4 0 0 0 0 4 0 0 0 5 0 0 17 22 0 0 0 -999 -999 -999 
P10481 2079 3 0 14 7 7 20 14 0 0 0 3 0 0 8 0 0 0 0 0 0 0 0 0 0 11 0 0 12 5 0 0 0 
P10481 2079 4 0 16 21 27 33 15 0 20 0 0 0 12 18 25 0 0 0 12 0 20 28 8 14 28 0 8 0 0 0 0 -999 
P10481 2079 5 0 0 10 7 27 0 7 0 0 9 15 0 15 0 0 0 0 0 0 0 16 0 17 0 0 0 5 0 0 0 0 
P10481 2079 6 0 0 0 0 0 0 26 0 0 0 0 0 0 0 0 0 0 0 0 0 0 11 0 0 0 0 0 0 0 0 -999 
P10481 2079 7 0 0 0 0 0 0 0 0 0 0 0 0 0 0 0 0 0 0 0 0 0 0 0 0 0 0 0 0 0 0 0 
P10481 2079 8 0 0 0 0 0 0 0 0 12 0 9 0 0 0 0 0 0 0 10 0 0 14 0 0 0 0 0 0 0 0 0 
P10481 2079 9 0 0 0 0 0 10 4 0 0 5 10 16 0 0 0 0 0 3 5 0 0 0 7 0 0 0 0 0 0 7 -999 
P10481 2079 10 8 0 0 0 5 0 0 7 0 0 0 0 0 0 0 4 7 0 10 32 0 0 0 13 11 24 0 0 0 0 0 
P10481 2079 11 0 0 16 0 0 0 53 23 7 0 0 0 0 0 23 0 47 47 28 0 0 0 0 0 29 29 0 0 2 0 -999 
P10481 2079 12 0 36 52 28 0 17 6 0 1 0 1 1 0 0 0 0 0 0 0 0 0 0 0 0 7 0 0 7 12 12 8 
P10481 2080 1 0 0 0 0 0 0 5 0 0 0 0 15 0 0 0 0 2 0 0 0 0 0 0 0 0 8 11 10 0 0 1 
P10481 2080 2 0 0 0 9 20 17 19 25 51 72 91 54 52 21 6 0 0 0 48 59 52 9 0 0 0 0 6 17 -999 -999 -999 
P10481 2080 3 33 35 9 22 30 31 31 33 95 107 66 49 19 4 0 0 0 3 0 3 0 0 3 0 9 11 0 12 0 0 16 
P10481 2080 4 0 0 4 0 0 7 0 20 38 32 36 56 16 0 0 0 7 0 0 0 0 0 45 31 0 0 0 0 0 0 -999 
P10481 2080 5 15 0 11 0 0 12 0 0 0 9 0 0 0 22 22 27 14 5 0 0 0 16 0 17 20 0 0 24 0 0 0 
P10481 2080 6 0 0 0 0 22 0 0 0 0 0 5 0 0 0 0 0 0 14 0 0 0 0 0 0 16 0 10 0 0 0 -999 
P10481 2080 7 0 0 0 4 0 0 7 0 0 0 0 6 0 0 0 0 0 0 0 0 0 0 7 0 0 0 0 0 0 0 0 
P10481 2080 8 0 0 0 0 0 0 0 0 0 0 0 0 0 0 0 0 0 0 0 0 0 0 0 0 7 0 0 0 15 0 0 
P10481 2080 9 8 0 0 0 0 0 0 0 0 0 0 0 0 5 0 0 0 0 0 0 0 0 0 0 0 18 0 0 0 0 -999 
P10481 2080 10 0 24 27 0 52 45 0 50 31 30 15 35 45 24 0 0 0 0 4 11 0 0 0 0 0 5 2 7 0 0 0 
P10481 2080 11 30 25 28 17 32 20 0 0 18 17 0 0 0 21 0 0 0 0 0 0 8 0 0 3 0 0 0 4 9 18 -999 
P10481 2080 12 22 26 59 39 57 48 59 53 30 0 0 0 0 21 10 0 0 0 0 0 0 0 0 0 0 59 19 5 18 0 27 
P10481 2081 1 62 45 115 0 46 0 0 3 7 7 0 0 15 0 0 0 0 0 0 0 69 35 32 17 16 37 28 18 25 0 0 
P10481 2081 2 11 0 0 0 0 41 34 0 0 0 0 2 0 7 0 6 9 0 0 17 0 0 22 66 28 0 0 14 -999 -999 -999 
P10481 2081 3 17 16 29 0 32 17 0 11 0 0 14 0 0 16 21 15 37 85 51 64 45 81 61 42 12 0 0 0 36 32 56 
P10481 2081 4 68 21 0 0 0 13 19 15 17 22 0 0 0 0 32 31 7 18 0 0 17 17 28 35 0 15 0 35 34 0 -999 
P10481 2081 5 54 0 0 21 0 0 8 20 36 54 25 0 26 37 30 20 0 0 5 0 0 17 0 7 9 0 8 0 0 0 23 
P10481 2081 6 0 0 0 0 0 0 0 0 0 0 0 0 0 9 10 0 0 0 0 0 0 0 2 0 5 0 0 10 0 0 -999 
P10481 2081 7 0 0 0 0 0 0 0 0 0 0 0 0 0 21 4 0 0 0 0 0 0 5 0 0 0 0 0 0 0 0 0 
P10481 2081 8 0 0 0 0 0 0 8 0 16 0 0 0 0 0 0 0 0 0 0 0 0 0 0 0 0 0 0 0 0 0 0 
P10481 2081 9 0 0 17 5 0 0 0 0 0 0 0 0 0 0 14 0 0 0 14 0 0 0 0 10 8 0 4 0 0 0 -999 
P10481 2081 10 0 0 8 25 22 0 11 0 0 0 21 0 0 11 5 0 0 0 0 0 0 0 0 0 0 0 0 0 5 0 0 
P10481 2081 11 0 0 0 62 30 0 0 0 0 0 0 0 0 0 0 31 76 96 70 0 5 4 0 6 20 0 0 5 29 40 -999 
P10481 2081 12 19 16 0 0 21 73 59 66 50 30 20 55 86 61 30 24 18 0 0 0 6 0 14 10 9 0 23 0 0 0 0 
P10481 2082 1 0 0 0 0 0 8 9 10 0 0 29 0 0 14 0 9 0 45 20 15 39 96 46 26 37 34 0 18 0 0 0 
P10481 2082 2 0 0 0 2 0 0 0 0 0 0 2 0 6 0 2 0 0 0 0 0 0 0 5 0 30 0 23 26 -999 -999 -999 
P10481 2082 3 22 0 33 28 28 10 0 0 0 0 0 0 5 22 0 0 5 0 24 52 0 6 0 0 0 19 10 0 0 0 0 
P10481 2082 4 0 7 0 13 0 0 0 0 0 0 0 0 0 0 0 17 15 0 0 0 0 0 10 0 0 0 0 4 0 17 -999 
P10481 2082 5 0 12 0 0 0 12 0 24 20 0 0 0 18 33 15 0 0 0 9 0 0 0 0 0 0 0 0 0 0 13 19 
P10481 2082 6 26 0 0 0 0 0 0 0 0 0 0 0 0 10 0 0 11 12 14 17 0 0 4 0 0 0 0 0 0 9 -999 
P10481 2082 7 0 15 0 0 0 0 0 0 0 0 0 0 13 0 0 0 0 0 0 0 0 9 0 0 0 0 0 0 0 0 0 
P10481 2082 8 0 0 0 0 0 0 4 0 0 0 0 0 11 0 7 11 0 6 0 0 0 0 0 0 10 0 0 0 4 0 15 
P10481 2082 9 0 0 0 0 0 0 0 3 0 0 13 0 0 0 0 0 0 0 0 0 0 0 0 8 0 8 0 0 0 0 -999 
P10481 2082 10 0 0 3 0 0 0 1 0 0 0 0 0 0 0 0 0 0 0 0 0 14 27 0 0 4 2 0 5 9 16 0 
P10481 2082 11 0 61 60 18 7 11 0 7 9 0 0 0 0 0 0 35 96 91 27 0 0 3 0 0 0 0 1 0 0 0 -999 
P10481 2082 12 0 24 0 2 7 1 0 0 0 0 12 20 9 3 0 19 0 28 22 12 5 0 0 0 8 0 0 6 0 0 0 
P10481 2083 1 0 30 0 41 25 7 7 14 0 15 0 5 4 12 0 19 19 25 28 0 0 20 10 0 0 0 0 8 0 14 16 
P10481 2083 2 14 34 28 0 7 8 0 38 20 46 55 33 19 0 0 26 47 116 94 63 53 42 0 21 66 124 75 35 -999 -999 -999 
P10481 2083 3 36 20 22 23 0 6 0 18 19 0 0 0 0 20 30 0 0 0 0 18 25 0 61 92 71 0 79 0 0 0 0 
P10481 2083 4 0 0 0 0 18 0 41 0 0 0 0 0 0 27 36 23 20 0 0 0 6 0 0 9 0 0 25 0 0 0 -999 
P10481 2083 5 0 0 0 0 0 0 0 0 21 17 0 0 0 17 0 31 0 21 14 29 11 0 0 39 27 36 70 0 0 21 25 
P10481 2083 6 0 24 0 0 13 0 8 0 14 0 15 7 0 0 0 0 0 0 0 0 0 0 6 0 10 12 0 0 0 0 -999 
P10481 2083 7 0 0 0 0 0 10 0 0 0 0 0 0 0 0 0 9 0 0 0 0 0 19 0 7 0 0 0 0 0 6 0 
P10481 2083 8 0 0 0 0 0 0 0 0 0 0 0 0 0 0 0 0 5 0 0 0 8 0 0 0 0 0 0 16 10 9 0 
P10481 2083 9 2 0 8 0 9 0 0 5 0 0 0 0 0 0 0 18 14 0 0 8 0 2 0 0 0 0 4 0 0 0 -999 
P10481 2083 10 0 15 0 20 31 0 10 0 8 11 0 6 0 0 0 0 0 5 0 0 0 24 0 0 14 3 0 0 0 0 0 
P10481 2083 11 10 7 21 49 42 18 15 0 0 7 0 39 57 0 0 21 32 32 0 0 2 0 0 0 11 0 6 6 0 15 -999 
P10481 2083 12 23 20 13 6 23 15 39 71 114 0 15 15 0 37 85 0 0 0 19 0 17 0 0 9 24 0 0 2 0 0 10 
P10481 2084 1 0 0 0 0 0 0 0 0 9 7 5 1 0 0 0 9 22 0 11 8 20 37 20 16 26 59 40 35 0 39 31 
P10481 2084 2 12 6 0 6 0 11 0 28 24 31 0 0 0 0 9 0 0 0 6 0 0 0 0 11 13 28 47 16 -999 -999 -999 
P10481 2084 3 0 22 28 34 0 8 0 0 3 0 0 0 0 14 23 28 79 0 0 12 0 10 12 0 9 0 0 5 0 13 0 
P10481 2084 4 0 0 0 29 0 0 0 6 8 16 21 20 0 22 12 7 8 5 4 0 9 15 3 0 0 0 9 13 26 0 -999 
P10481 2084 5 0 0 9 0 0 0 31 11 0 0 0 0 9 0 0 8 15 0 0 0 3 0 13 0 0 0 0 0 0 0 0 
P10481 2084 6 2 0 0 9 0 0 0 0 0 14 0 20 4 0 4 0 0 0 0 0 0 8 0 9 0 0 0 0 0 20 -999 
P10481 2084 7 0 0 0 0 0 0 0 0 0 0 0 0 0 0 0 0 0 0 0 20 0 0 0 0 0 0 0 0 0 0 0 
P10481 2084 8 0 0 0 0 0 0 0 0 0 0 0 9 0 0 11 0 3 4 8 0 6 0 0 0 0 14 0 0 0 0 0 
P10481 2084 9 0 3 9 13 0 0 11 0 0 0 0 0 0 0 26 34 7 0 2 0 0 0 0 0 0 0 0 0 0 0 -999 
P10481 2084 10 9 0 0 0 16 0 0 0 0 5 0 0 0 0 22 0 0 8 0 0 10 11 0 0 12 17 0 35 77 70 52 
P10481 2084 11 23 24 59 0 0 22 0 43 0 24 0 0 0 0 0 12 19 16 16 7 6 0 0 0 0 0 0 0 32 0 -999 
P10481 2084 12 0 0 0 0 0 0 8 0 36 47 52 60 82 54 29 0 0 11 0 3 0 0 0 0 0 0 0 0 26 0 7 
P10481 2085 1 2 4 4 6 6 0 3 0 0 3 0 4 0 3 0 31 26 0 9 7 11 12 56 73 0 8 0 14 0 0 5 
P10481 2085 2 2 0 0 14 0 23 25 0 14 27 48 0 36 15 0 6 0 0 0 0 4 2 0 0 8 1 0 0 -999 -999 -999 
P10481 2085 3 0 0 0 0 0 0 0 0 36 44 0 58 78 41 39 40 12 0 3 0 12 17 0 0 19 0 6 8 0 0 0 
P10481 2085 4 0 0 6 0 0 16 22 20 0 21 24 45 32 35 0 36 0 0 0 0 0 0 2 0 13 0 0 0 13 0 -999 
P10481 2085 5 31 0 0 0 0 0 0 35 36 0 0 0 19 25 0 5 0 12 0 0 0 0 0 12 0 0 0 0 0 0 0 
P10481 2085 6 0 0 0 0 0 8 0 0 0 0 0 0 0 0 0 0 8 5 0 0 0 0 0 0 7 0 0 0 0 0 -999 
P10481 2085 7 5 0 0 0 0 0 0 0 0 0 0 0 0 0 0 10 0 9 0 0 0 0 0 0 0 0 0 0 0 0 0 
P10481 2085 8 8 0 0 0 0 0 0 0 0 0 0 0 6 0 0 0 0 0 8 0 0 5 0 0 0 0 0 0 0 0 0 
P10481 2085 9 0 0 0 20 19 18 0 0 7 0 0 0 0 0 0 0 0 0 0 0 8 0 0 8 0 0 0 0 0 6 -999 
P10481 2085 10 0 23 21 0 0 0 0 0 0 0 0 0 13 0 14 0 0 0 0 0 8 0 5 8 17 0 0 31 17 0 0 
P10481 2085 11 0 0 15 14 12 10 0 20 0 0 0 0 0 0 0 0 65 27 16 37 33 37 0 0 0 0 0 34 44 0 -999 
P10481 2085 12 64 0 0 12 31 50 0 0 0 0 0 0 0 0 6 8 0 17 9 0 0 29 0 0 0 0 3 0 0 9 9 
P10481 2086 1 0 0 10 12 0 10 0 0 0 0 0 0 13 33 0 10 20 61 42 26 0 0 0 0 19 0 0 0 0 0 0 
P10481 2086 2 17 22 0 0 0 18 0 41 19 0 0 20 23 0 13 20 0 4 0 0 0 0 0 0 5 0 4 4 -999 -999 -999 
P10481 2086 3 0 0 0 0 0 0 0 6 6 0 0 10 0 14 0 10 0 8 5 0 0 0 3 3 0 6 0 11 0 16 0 
P10481 2086 4 0 0 4 0 0 32 0 18 0 0 0 0 0 0 36 21 0 12 11 7 0 0 0 0 0 0 32 28 17 0 -999 
P10481 2086 5 0 0 18 42 39 13 18 0 7 0 0 0 0 0 0 9 0 7 8 0 11 10 16 8 15 0 0 6 0 0 0 
P10481 2086 6 0 0 8 0 0 0 0 0 0 0 0 0 0 17 0 15 0 0 0 0 0 9 0 0 0 0 8 0 0 0 -999 
P10481 2086 7 11 14 9 0 0 0 7 0 0 0 5 0 0 0 0 0 0 0 0 0 0 0 0 0 0 0 0 0 4 0 0 
P10481 2086 8 0 8 10 0 0 0 0 0 0 0 0 0 0 0 5 0 9 0 12 0 0 0 0 0 0 0 0 0 0 0 0 
P10481 2086 9 0 6 12 0 8 6 0 0 0 5 0 0 0 0 8 0 12 5 0 0 0 0 16 0 0 5 0 0 5 0 -999 
P10481 2086 10 3 0 14 24 8 6 10 0 16 6 0 29 16 0 0 0 0 0 11 0 5 8 0 15 0 18 0 0 0 43 26 
P10481 2086 11 0 13 0 0 25 19 10 0 0 0 17 0 0 0 14 6 0 0 0 39 37 17 5 5 8 0 0 0 27 9 -999 
P10481 2086 12 0 0 12 9 0 0 0 0 0 0 0 0 0 0 0 0 0 0 27 47 16 61 99 75 0 17 0 0 0 0 0 
P10481 2087 1 0 0 0 8 0 12 27 67 0 17 0 0 0 1 0 0 4 0 3 0 0 0 20 3 0 0 3 0 0 17 0 
P10481 2087 2 35 20 0 5 0 0 3 0 0 4 0 6 0 0 15 0 0 0 0 0 0 0 0 8 0 18 20 27 -999 -999 -999 
P10481 2087 3 52 73 52 0 10 13 17 36 0 31 42 34 0 0 0 16 0 0 18 22 0 0 40 0 20 0 0 9 12 0 0 
P10481 2087 4 20 9 0 0 0 0 4 2 6 0 0 0 0 0 23 73 40 0 0 10 28 0 36 31 0 37 0 0 0 0 -999 
P10481 2087 5 0 0 10 0 0 17 0 18 11 0 18 0 0 0 0 0 0 0 0 0 0 0 0 0 0 0 0 0 9 0 0 
P10481 2087 6 0 0 0 0 0 0 0 0 0 0 0 0 0 0 0 0 0 0 0 0 6 0 0 0 0 23 0 0 0 0 -999 
P10481 2087 7 0 0 0 0 0 0 0 0 0 0 0 0 0 0 0 0 0 0 0 0 0 0 0 0 6 0 0 0 0 0 0 
P10481 2087 8 7 0 0 0 0 0 0 0 0 0 0 0 0 19 0 0 0 5 0 0 0 0 0 0 0 0 0 0 0 13 0 
P10481 2087 9 0 0 5 0 14 0 0 0 0 0 7 0 0 0 0 0 0 12 0 0 0 0 0 0 0 0 0 6 6 0 -999 
P10481 2087 10 0 0 0 0 28 0 0 0 0 0 0 0 0 4 0 0 0 0 0 0 0 0 0 0 0 0 0 0 0 0 0 
P10481 2087 11 0 2 0 0 11 5 0 0 0 0 0 0 0 2 0 0 0 0 0 0 0 0 0 0 0 4 0 0 0 0 -999 
P10481 2087 12 0 0 17 0 2 0 6 22 13 12 0 0 0 0 0 0 3 8 10 4 0 14 48 54 14 43 41 0 28 53 0 
P10481 2088 1 17 0 33 10 5 15 5 0 0 0 0 0 0 0 0 0 0 0 0 0 0 0 4 0 0 0 0 0 0 0 5 
P10481 2088 2 0 6 0 0 0 24 0 53 72 0 7 0 3 0 13 9 12 17 0 0 21 0 11 14 0 22 23 13 -999 -999 -999 
P10481 2088 3 0 31 0 40 17 9 0 6 8 0 0 0 0 0 0 0 0 11 13 0 0 7 0 17 0 13 33 0 0 0 0 
P10481 2088 4 0 0 0 13 25 0 36 42 0 23 23 27 0 27 0 0 0 13 0 7 0 25 32 22 9 0 0 8 10 0 -999 
P10481 2088 5 0 0 0 0 25 15 17 24 27 0 13 16 0 0 26 19 0 0 29 10 0 0 0 0 0 0 0 0 0 16 0 
P10481 2088 6 0 5 8 0 7 0 0 0 0 0 0 0 0 0 11 0 0 0 0 0 0 0 9 0 0 0 0 0 0 0 -999 
P10481 2088 7 0 0 0 0 0 0 0 0 0 0 0 0 0 0 0 0 0 0 0 0 0 0 0 15 0 0 0 0 0 0 0 
P10481 2088 8 0 0 0 0 0 0 0 0 0 5 0 0 0 9 0 0 0 0 15 0 0 0 0 0 0 0 0 0 0 0 0 
P10481 2088 9 0 18 0 0 0 12 16 0 0 0 21 0 0 8 13 0 0 7 3 0 0 0 0 0 0 0 6 0 0 0 -999 
P10481 2088 10 0 0 9 11 0 0 0 0 14 0 7 0 0 8 13 0 0 0 0 0 14 0 28 25 33 51 74 38 10 0 0 
P10481 2088 11 12 0 11 8 0 2 0 6 0 0 31 0 13 9 26 35 0 85 34 12 4 8 9 0 0 0 0 0 39 15 -999 
P10481 2088 12 11 0 13 20 0 0 28 35 0 0 0 0 4 0 0 0 0 0 0 0 0 7 5 0 23 23 0 10 0 0 0 
P10481 2089 1 4 0 0 0 16 19 22 43 65 69 81 90 86 21 0 0 0 0 0 0 0 5 0 2 0 0 0 0 7 6 11 
P10481 2089 2 27 29 19 0 39 35 0 75 146 38 22 40 85 46 10 0 0 0 0 0 0 0 9 9 0 0 0 0 -999 -999 -999 
P10481 2089 3 14 0 0 37 25 0 9 13 17 10 14 0 17 31 40 45 46 33 0 12 16 7 0 22 75 76 22 26 16 36 82 
P10481 2089 4 87 81 34 0 0 0 0 0 22 0 0 0 0 6 0 16 8 10 12 18 32 27 0 22 46 0 30 18 10 0 -999 
P10481 2089 5 25 16 9 8 0 0 0 0 0 0 0 5 0 0 0 12 0 11 0 15 17 9 0 0 0 0 0 0 0 0 0 
P10481 2089 6 0 11 0 0 0 0 0 0 0 0 0 0 0 0 3 0 0 0 0 0 0 0 0 0 0 15 0 0 0 0 -999 
P10481 2089 7 0 0 0 4 0 0 0 0 0 16 0 0 3 0 0 0 0 0 0 4 0 0 0 0 0 0 0 0 0 0 0 
P10481 2089 8 0 0 0 0 9 0 0 0 0 0 0 0 0 0 11 0 0 0 6 7 0 3 0 0 0 15 15 0 0 4 0 
P10481 2089 9 0 0 2 0 0 0 0 4 2 0 0 5 0 0 0 0 0 0 0 0 0 0 0 5 0 0 0 0 0 0 -999 
P10481 2089 10 0 0 0 0 0 6 0 0 0 0 8 0 0 0 0 0 0 0 0 5 0 0 0 7 12 0 0 0 0 0 7 
P10481 2089 11 0 0 15 16 0 0 0 9 0 10 0 0 5 8 0 0 0 3 17 0 0 0 0 31 61 46 21 11 24 0 -999 
P10481 2089 12 84 28 12 0 26 29 32 67 52 40 0 6 0 0 0 2 0 2 0 22 0 5 0 0 0 0 0 0 7 0 0 
P10481 2090 1 0 0 0 0 16 0 0 8 35 35 0 0 0 36 41 0 4 4 0 0 0 0 0 0 0 10 9 0 0 0 5 
P10481 2090 2 0 0 5 17 21 37 26 17 12 0 0 38 24 0 0 0 0 12 0 0 8 0 17 0 28 32 58 45 -999 -999 -999 
P10481 2090 3 107 53 0 0 0 0 0 0 0 0 0 26 43 48 0 21 0 16 0 41 0 22 17 0 14 19 0 0 0 20 23 
P10481 2090 4 26 19 0 0 30 23 35 25 24 18 22 0 12 0 53 49 0 0 0 0 0 5 0 0 0 18 11 8 16 16 -999 
P10481 2090 5 17 24 0 0 0 0 0 0 0 4 0 0 0 0 0 14 0 0 0 0 0 0 19 0 0 0 21 0 22 34 0 
P10481 2090 6 22 0 0 0 0 0 7 0 0 0 0 0 5 0 0 14 0 0 6 0 0 0 13 0 0 0 16 0 0 0 -999 
P10481 2090 7 0 0 16 0 0 0 0 0 0 0 0 0 0 27 0 0 0 0 9 0 0 0 0 0 6 0 12 0 0 9 0 
P10481 2090 8 0 0 0 0 0 0 0 0 0 0 0 0 0 0 0 0 0 0 0 8 0 0 0 0 0 0 0 13 0 0 0 
P10481 2090 9 0 0 6 0 5 0 0 0 0 0 9 0 0 0 0 0 0 0 0 0 0 0 0 0 0 0 0 7 0 0 -999 
P10481 2090 10 0 0 0 19 31 32 21 0 0 19 0 0 17 20 21 26 0 13 0 0 0 9 0 0 0 0 0 0 43 30 27 
P10481 2090 11 0 0 13 0 0 13 20 0 0 27 43 29 0 0 39 0 9 0 0 0 0 0 12 22 29 21 22 7 7 0 -999 
P10481 2090 12 0 30 76 24 0 24 16 13 0 10 0 11 8 0 15 0 0 0 6 0 0 0 0 15 14 30 25 8 0 2 0 
P10481 2091 1 0 0 0 0 0 0 15 19 14 0 0 5 21 10 0 0 9 14 36 0 5 0 0 0 0 0 7 0 0 0 0 
P10481 2091 2 11 18 5 0 4 0 0 5 0 0 0 0 0 4 0 0 0 28 99 95 49 40 47 0 20 27 30 0 -999 -999 -999 
P10481 2091 3 23 0 8 11 28 51 0 7 0 0 0 0 0 0 0 26 0 17 16 13 5 0 7 0 4 0 12 1 1 0 0 
P10481 2091 4 0 5 0 0 2 0 18 29 0 7 0 23 26 21 17 21 29 38 35 0 17 0 0 0 0 2 3 0 0 0 -999 
P10481 2091 5 16 26 37 0 29 15 0 5 0 0 8 0 11 0 0 11 0 0 0 0 0 0 0 0 0 0 0 0 8 11 13 
P10481 2091 6 0 0 21 0 0 13 0 0 0 0 14 0 0 26 33 25 0 0 0 0 4 0 0 0 0 0 0 9 0 0 -999 
P10481 2091 7 0 0 0 0 0 0 21 24 0 0 0 0 0 0 0 0 0 0 0 0 0 4 0 0 0 0 0 0 0 0 0 
P10481 2091 8 0 0 5 0 6 0 9 0 0 0 0 0 0 0 0 0 0 0 0 0 0 0 0 24 0 0 0 4 0 0 9 
P10481 2091 9 0 0 5 0 0 0 0 0 0 0 0 0 21 0 0 4 0 0 0 0 0 0 0 6 0 0 0 0 5 12 -999 
P10481 2091 10 0 0 0 0 0 0 0 0 0 0 0 0 27 0 0 0 25 8 0 9 14 0 0 8 0 0 31 46 63 51 46 
P10481 2091 11 42 21 0 5 17 11 0 0 4 0 0 0 16 23 0 27 21 19 17 0 0 0 0 0 0 0 37 22 0 0 -999 
P10481 2091 12 37 0 0 0 0 15 8 0 0 0 0 0 0 0 0 0 9 0 0 0 0 5 13 0 0 0 0 0 0 0 0 
P10481 2092 1 0 0 0 0 4 0 0 8 0 0 3 0 20 16 0 12 33 0 0 109 53 39 13 45 31 0 54 35 50 53 0 
P10481 2092 2 30 35 48 0 13 61 71 0 36 57 0 0 13 40 50 39 35 47 24 31 26 11 28 17 8 0 22 24 -999 -999 -999 
P10481 2092 3 20 50 0 0 0 0 0 35 0 0 14 23 20 21 45 0 41 31 0 51 44 52 0 129 0 0 0 22 40 17 0 
P10481 2092 4 0 0 49 0 19 0 0 8 0 9 11 0 21 13 7 0 0 0 0 0 0 12 0 18 19 0 27 0 0 0 -999 
P10481 2092 5 18 0 0 0 0 0 18 22 0 0 0 0 4 0 0 19 44 0 0 0 3 0 0 0 2 0 0 0 12 0 0 
P10481 2092 6 0 5 0 0 0 4 3 0 9 0 0 8 0 0 0 18 23 0 0 5 0 0 0 0 0 0 8 0 0 0 -999 
P10481 2092 7 0 0 0 0 5 0 0 0 0 0 0 0 0 0 0 0 19 11 7 0 0 0 0 0 0 0 12 0 0 0 0 
P10481 2092 8 0 0 14 0 0 0 0 0 9 0 0 0 0 0 0 22 0 0 0 0 4 0 0 0 10 0 0 14 0 0 0 
P10481 2092 9 0 0 12 0 12 0 0 4 0 12 17 0 0 0 0 0 0 0 9 9 9 23 7 7 0 0 0 0 0 0 -999 
P10481 2092 10 12 5 4 0 0 9 0 0 21 14 35 39 0 0 9 0 0 0 17 0 0 0 0 0 8 0 6 0 6 0 0 
P10481 2092 11 0 10 0 36 0 10 0 10 0 0 12 27 120 81 63 30 10 0 11 20 16 0 17 50 44 0 7 7 0 0 -999 
P10481 2092 12 0 0 24 0 0 0 0 17 36 47 17 0 0 0 12 0 14 17 10 35 85 67 41 48 0 42 21 29 74 0 18 
P10481 2093 1 58 54 0 22 9 0 15 10 0 11 21 33 0 20 56 48 0 27 31 0 0 0 0 0 13 8 16 0 60 66 60 
P10481 2093 2 64 0 0 0 5 0 0 5 0 0 12 10 0 0 28 0 29 30 0 55 24 0 9 0 9 0 0 31 -999 -999 -999 
P10481 2093 3 0 0 8 0 13 15 0 0 31 38 56 34 0 0 0 3 5 0 12 12 0 0 0 7 14 30 27 0 0 0 0 
P10481 2093 4 20 21 20 0 17 27 6 0 18 0 0 0 0 0 29 34 0 19 0 10 35 0 14 0 33 0 0 25 26 0 -999 
P10481 2093 5 22 34 35 0 0 0 0 0 0 0 10 0 9 0 0 0 0 13 0 21 0 0 0 0 15 15 8 0 3 0 0 
P10481 2093 6 0 0 7 7 0 0 0 18 0 0 0 0 0 0 0 0 0 0 0 0 0 0 0 0 6 8 0 0 0 0 -999 
P10481 2093 7 0 0 0 0 0 0 0 9 5 0 14 0 19 0 0 0 0 0 0 0 0 0 0 0 0 12 0 0 14 0 0 
P10481 2093 8 0 0 0 0 0 0 0 14 0 0 0 9 0 0 0 0 0 0 0 0 0 0 0 0 0 0 0 0 0 0 0 
P10481 2093 9 0 0 0 0 0 11 10 0 0 0 0 0 0 0 0 0 0 0 12 0 0 0 0 0 0 0 0 0 0 0 -999 
P10481 2093 10 8 0 0 0 0 15 16 15 0 0 0 16 32 21 22 55 69 0 5 0 0 0 0 0 8 0 0 0 0 0 14 
P10481 2093 11 30 27 0 0 0 0 0 0 0 0 0 0 15 0 0 6 0 0 2 7 0 18 0 0 0 0 0 0 0 0 -999 
P10481 2093 12 0 0 0 0 0 0 3 0 0 1 0 0 11 0 0 1 0 0 8 0 0 0 0 0 0 2 0 0 0 0 0 
P10481 2094 1 0 0 13 0 6 6 0 0 10 0 0 0 1 0 0 0 0 0 69 54 43 88 88 112 92 69 42 90 25 53 19 
P10481 2094 2 27 21 0 63 22 0 0 0 0 1 0 0 0 0 0 0 0 0 5 0 4 0 1 0 0 0 0 0 -999 -999 -999 
P10481 2094 3 0 0 0 0 0 8 0 0 0 0 0 0 0 0 0 0 14 16 10 21 26 0 18 21 0 0 20 15 0 50 50 
P10481 2094 4 81 82 0 0 0 23 41 0 0 13 20 0 11 0 14 0 0 0 0 0 0 35 13 0 0 26 0 0 0 20 -999 
P10481 2094 5 0 0 0 9 9 0 0 0 0 0 12 0 0 0 0 0 0 13 0 0 2 0 5 0 0 0 0 0 0 0 0 
P10481 2094 6 7 0 0 0 0 0 0 0 0 0 7 20 0 0 0 0 0 0 0 3 0 0 0 0 0 0 0 0 0 0 -999 
P10481 2094 7 0 0 0 0 0 10 0 0 0 0 0 0 0 0 9 0 0 0 15 0 0 0 0 0 0 0 0 0 0 0 0 
P10481 2094 8 0 0 0 0 0 0 0 0 0 0 4 5 0 15 0 0 0 0 0 0 0 0 14 0 0 0 0 0 0 0 0 
P10481 2094 9 0 0 0 0 0 0 0 12 13 0 7 8 8 0 0 0 0 0 0 0 0 0 17 0 0 0 0 0 0 5 -999 
P10481 2094 10 0 6 0 0 0 0 0 0 0 5 8 10 0 15 0 14 0 13 19 0 23 22 32 39 19 19 36 19 0 0 0 
P10481 2094 11 0 0 0 0 3 0 0 0 0 0 20 0 24 60 26 0 18 0 15 28 21 0 27 42 0 0 12 0 0 0 -999 
P10481 2094 12 0 0 0 0 0 0 2 2 0 0 0 10 8 12 0 4 0 12 14 20 0 0 0 0 1 0 0 0 6 26 25 
P10481 2095 1 39 34 42 68 0 22 0 45 54 17 19 12 0 0 14 1 0 0 0 0 0 0 17 0 51 0 0 35 16 13 0 
P10481 2095 2 18 0 14 10 7 7 8 0 0 0 0 0 0 0 0 0 0 16 0 0 10 0 0 0 0 0 2 0 -999 -999 -999 
P10481 2095 3 0 0 0 0 1 5 0 14 10 11 7 0 6 0 0 2 0 0 1 0 13 14 12 0 0 0 0 30 44 25 23 
P10481 2095 4 33 41 74 32 12 0 0 0 0 13 0 29 0 0 0 0 0 30 0 17 0 41 0 0 13 0 0 0 4 0 -999 
P10481 2095 5 0 0 0 4 0 0 0 0 0 0 10 0 0 0 0 0 0 0 0 0 0 0 0 0 4 0 5 4 10 0 0 
P10481 2095 6 9 14 16 0 11 34 39 27 28 0 0 0 0 0 0 8 0 0 0 0 0 0 0 0 0 0 5 0 0 14 -999 
P10481 2095 7 0 0 0 0 0 0 0 9 0 0 0 0 0 0 0 0 0 0 11 0 0 0 0 0 0 0 0 10 0 0 0 
P10481 2095 8 0 0 0 0 0 0 0 0 16 0 0 0 0 0 0 0 0 0 0 8 7 7 0 0 0 0 0 0 0 0 0 
P10481 2095 9 7 0 2 0 0 0 1 0 2 0 0 0 0 0 0 8 0 0 0 3 3 6 0 17 0 0 4 0 0 0 -999 
P10481 2095 10 0 0 0 0 8 7 12 12 0 0 0 0 0 0 0 20 41 18 0 5 0 0 5 0 0 4 0 0 0 0 0 
P10481 2095 11 0 0 13 17 15 13 19 24 27 0 10 16 13 0 0 0 41 0 2 0 0 79 52 60 35 0 0 0 0 0 -999 
P10481 2095 12 0 0 0 0 8 0 0 49 59 42 8 1 0 28 46 28 0 0 10 31 22 13 9 19 0 129 75 23 0 0 15 
P10481 2096 1 0 0 5 9 0 0 0 27 47 48 30 0 7 22 17 14 0 6 4 0 0 0 0 0 1 0 0 0 3 14 0 
P10481 2096 2 12 26 27 25 13 0 4 4 5 0 0 0 0 23 46 58 10 0 1 0 0 0 0 0 5 11 0 0 -999 -999 -999 
P10481 2096 3 0 0 0 0 6 0 8 0 13 6 0 7 0 0 0 0 6 0 0 17 0 63 92 22 0 0 22 45 35 24 0 
P10481 2096 4 6 0 0 0 0 0 0 0 2 0 2 0 17 0 35 41 20 14 0 0 15 5 0 7 0 0 0 0 11 12 -999 
P10481 2096 5 21 0 0 0 0 12 17 0 0 0 0 0 0 0 6 8 0 1 0 0 8 0 0 0 19 0 16 0 12 0 0 
P10481 2096 6 0 0 0 13 21 0 16 0 0 6 0 0 0 6 13 21 0 0 0 0 0 0 0 0 0 0 7 0 0 0 -999 
P10481 2096 7 17 0 0 0 4 0 0 0 0 0 13 0 0 0 11 0 0 0 0 0 0 0 0 0 0 0 0 0 0 0 0 
P10481 2096 8 0 0 0 8 0 0 0 0 0 0 7 0 0 6 6 0 0 0 0 0 0 0 0 14 0 0 0 0 0 0 0 
P10481 2096 9 3 0 0 5 0 0 0 0 0 12 0 0 0 0 0 13 7 9 18 0 0 11 0 0 0 0 0 0 0 7 -999 
P10481 2096 10 19 32 10 0 0 0 0 0 4 10 0 0 2 0 0 0 15 0 46 31 21 31 23 0 0 0 4 0 0 0 0 
P10481 2096 11 0 0 0 0 0 0 0 0 0 0 0 0 0 0 0 4 1 3 0 0 0 2 7 0 12 0 1 0 0 0 -999 
P10481 2096 12 0 0 0 2 0 0 0 0 0 7 0 15 0 16 24 9 18 28 0 0 0 11 13 25 0 9 0 0 0 4 0 
P10481 2097 1 12 0 12 0 0 0 11 9 0 0 0 0 3 0 0 1 0 0 0 0 0 0 0 0 43 0 0 13 16 27 0 
P10481 2097 2 9 0 0 21 0 19 10 0 0 3 0 0 2 4 0 0 0 0 11 0 0 0 0 4 0 23 22 0 -999 -999 -999 
P10481 2097 3 0 34 58 28 11 20 28 0 0 5 1 0 0 0 0 0 0 0 0 0 0 0 15 29 30 0 15 0 31 4 0 
P10481 2097 4 0 0 0 10 0 0 0 44 45 0 0 27 37 33 19 0 0 0 0 29 0 8 0 44 33 5 0 0 0 0 -999 
P10481 2097 5 0 0 0 0 0 21 23 0 12 0 7 0 9 0 0 19 0 18 21 35 0 0 28 0 0 0 0 0 0 0 0 
P10481 2097 6 0 0 0 0 0 0 0 0 8 0 0 12 0 0 0 0 0 16 0 0 0 0 0 13 0 0 0 0 0 0 -999 
P10481 2097 7 0 0 0 0 0 0 0 0 0 0 0 0 0 0 0 0 0 0 9 0 0 0 0 0 0 0 0 0 0 0 12 
P10481 2097 8 19 0 0 0 0 0 0 0 0 10 0 0 0 7 7 0 0 0 0 0 0 0 0 0 17 11 0 0 0 14 0 
P10481 2097 9 0 0 0 0 0 0 0 8 0 0 0 0 0 0 0 0 0 0 0 0 8 0 0 15 0 0 0 0 0 0 -999 
P10481 2097 10 22 0 0 0 0 8 0 0 13 0 0 5 0 7 31 0 31 60 0 0 6 18 16 0 0 1 0 0 0 0 8 
P10481 2097 11 6 0 5 0 0 0 0 2 0 3 0 0 5 0 0 12 0 0 0 2 0 0 0 0 7 15 12 0 13 0 -999 
P10481 2097 12 19 0 0 0 0 1 0 0 0 0 0 2 0 0 0 0 0 0 0 0 0 0 0 0 0 0 8 22 0 0 0 
P10481 2098 1 50 0 12 0 66 24 0 0 0 10 0 0 0 0 0 0 8 0 0 38 36 23 0 23 5 0 0 3 5 3 7 
P10481 2098 2 0 0 0 0 0 0 7 12 0 27 27 24 28 7 21 0 0 0 0 0 21 12 0 0 0 0 0 18 -999 -999 -999 
P10481 2098 3 27 0 13 0 7 0 29 0 0 7 0 0 4 0 10 0 0 9 0 0 0 0 0 0 0 13 0 0 6 6 14 
P10481 2098 4 28 0 0 29 12 18 25 16 9 0 0 0 29 0 4 0 0 0 2 0 0 25 51 0 0 0 3 0 0 0 -999 
P10481 2098 5 5 0 29 22 36 30 32 29 31 32 41 40 22 0 0 18 0 0 5 12 16 16 17 32 26 0 0 0 0 0 0 
P10481 2098 6 0 0 0 0 0 0 0 28 13 0 0 0 0 0 0 0 3 7 0 0 0 0 0 0 0 0 0 0 0 0 -999 
P10481 2098 7 0 0 0 0 0 0 7 0 0 0 0 0 0 0 0 0 0 0 0 11 0 0 0 0 0 0 0 0 0 0 0 
P10481 2098 8 0 0 0 0 0 0 0 0 6 6 0 0 0 0 4 0 0 0 0 9 0 0 0 0 0 0 0 0 9 0 0 
P10481 2098 9 0 0 0 0 2 0 9 0 8 10 0 0 0 0 0 0 0 0 0 11 0 0 0 9 0 8 0 0 0 8 -999 
P10481 2098 10 0 0 0 3 0 0 0 0 8 6 0 0 0 12 0 26 0 40 0 0 8 0 11 0 18 27 0 20 0 12 0 
P10481 2098 11 0 3 0 9 0 0 0 9 0 0 0 0 41 29 20 14 0 0 39 22 0 19 14 0 5 0 0 1 2 0 -999 
P10481 2098 12 0 0 0 0 0 0 0 0 0 0 1 0 0 4 0 0 0 9 0 29 15 12 0 14 19 11 13 11 12 0 0 
P10481 2099 1 0 0 0 0 0 0 0 0 0 0 25 27 51 4 3 0 29 21 0 13 22 0 47 34 0 14 0 0 0 7 0 
P10481 2099 2 0 0 0 0 10 4 0 25 0 0 0 0 0 0 4 5 0 9 0 5 0 0 42 61 77 24 0 0 -999 -999 -999 
P10481 2099 3 42 61 70 64 12 0 0 20 20 0 13 0 12 41 35 29 33 54 89 81 26 11 19 13 0 11 0 13 8 17 26 
P10481 2099 4 27 0 15 7 0 7 0 7 0 0 0 4 0 8 5 0 0 0 5 0 14 20 22 28 34 17 33 33 19 30 -999 
P10481 2099 5 0 0 6 5 0 0 0 0 0 18 0 9 0 5 0 16 16 7 7 0 22 0 31 41 13 9 0 0 13 24 0 
P10481 2099 6 0 0 0 0 5 0 0 0 0 0 0 9 0 0 0 0 0 0 0 0 0 21 0 0 0 0 0 0 9 0 -999 
P10481 2099 7 0 0 0 0 0 0 0 9 0 0 0 0 0 0 0 0 0 0 0 0 0 11 0 0 0 0 0 0 0 0 0 
P10481 2099 8 0 0 0 0 0 0 13 0 0 0 0 0 0 8 10 0 7 0 0 0 0 17 0 0 0 0 0 5 0 0 0 
P10481 2099 9 0 0 10 0 0 13 8 0 0 13 0 0 0 0 0 10 0 0 0 5 0 0 0 9 7 7 0 0 0 3 -999 
P10481 2099 10 0 0 8 0 15 0 0 0 0 0 26 0 0 8 0 0 0 0 0 0 0 5 0 10 19 34 25 15 11 0 0 
P10481 2099 11 0 17 0 0 0 5 0 6 0 0 0 25 12 0 0 27 9 0 0 6 8 11 0 23 13 21 37 43 40 15 -999 
P10481 2099 12 7 0 8 0 0 46 35 23 0 11 0 0 0 0 0 3 0 8 0 0 18 0 15 0 56 103 116 90 60 41 0 
P10481 2100 1 21 6 0 0 16 0 0 0 13 13 0 0 87 34 7 0 0 0 0 3 0 0 0 0 0 0 0 0 2 6 0 
P10481 2100 2 12 33 0 7 5 7 6 0 18 39 23 8 0 5 0 12 29 0 31 28 13 0 0 4 0 0 8 18 -999 -999 -999 
P10481 2100 3 0 18 24 36 23 0 0 12 16 30 0 32 55 28 13 8 0 7 19 21 21 34 43 25 14 28 35 26 0 59 31 
P10481 2100 4 31 0 31 19 11 0 13 11 7 20 36 64 0 0 0 0 15 0 0 21 0 0 0 0 0 1 0 0 0 0 -999 
P10481 2100 5 7 13 0 0 0 0 0 4 0 17 7 5 0 0 0 11 25 33 14 19 0 0 23 30 0 0 0 0 0 14 0 
P10481 2100 6 0 0 16 0 0 5 0 0 0 0 0 13 0 0 11 0 0 0 9 0 7 0 12 0 0 17 12 0 0 0 -999 
P10481 2100 7 0 0 0 0 0 0 0 0 0 0 0 0 11 0 0 0 0 0 0 0 0 0 0 0 0 0 0 0 0 0 0 
P10481 2100 8 0 0 7 0 10 0 0 11 0 0 0 0 0 0 19 12 0 4 7 0 15 0 0 0 0 0 0 5 0 0 0 
P10481 2100 9 0 0 0 0 0 0 0 0 0 5 0 6 0 0 0 0 0 0 0 0 0 0 0 0 13 13 0 11 0 0 -999 
P10481 2100 10 0 0 6 15 0 0 28 22 0 0 23 32 24 33 15 11 9 0 0 13 24 39 79 27 0 0 0 0 19 0 0 
P10481 2100 11 0 0 25 28 24 54 32 19 44 51 8 32 36 51 0 0 0 40 35 28 0 36 53 51 35 11 0 0 0 1 -999 
P10481 2100 12 4 0 4 0 11 0 2 2 0 0 0 0 0 0 1 0 1 1 0 0 0 2 7 0 8 0 0 0 0 3 0 
