precip	MIROC5	RCP60	REGRESION	decimas	1
P11942	41.077	-0.624	182	geo	2006	2100	-1
P11942 2006 1 0 0 10 8 0 0 0 0 0 8 0 15 31 30 10 13 11 0 21 9 5 0 0 0 0 0 3 0 17 0 0 
P11942 2006 2 0 0 0 0 0 0 0 0 0 0 0 9 15 18 22 28 10 0 0 10 22 18 0 13 6 0 0 0 -999 -999 -999 
P11942 2006 3 10 13 0 18 0 24 27 37 27 20 39 0 26 18 0 20 27 21 15 0 0 0 0 0 0 9 6 11 17 10 26 
P11942 2006 4 0 0 0 12 0 10 13 37 31 0 0 0 0 0 0 11 0 13 0 17 0 0 9 0 16 22 0 44 40 29 -999 
P11942 2006 5 21 18 0 14 11 0 0 0 9 0 0 0 14 20 0 10 15 0 0 7 5 0 7 0 0 0 0 0 0 0 0 
P11942 2006 6 0 0 0 15 0 0 0 0 20 22 0 23 18 0 0 0 20 0 0 0 0 0 0 0 0 0 0 0 16 24 -999 
P11942 2006 7 26 0 18 0 18 0 24 24 0 0 0 11 19 0 0 0 14 0 0 23 20 20 0 0 0 16 0 0 0 0 18 
P11942 2006 8 24 0 0 0 0 0 0 0 0 0 0 0 0 0 0 0 0 0 0 18 18 15 0 0 16 0 11 0 0 0 17 
P11942 2006 9 14 0 16 15 13 18 0 0 0 0 0 0 7 8 0 0 16 0 19 0 0 0 0 0 0 0 0 0 0 0 -999 
P11942 2006 10 0 0 0 13 0 0 0 0 0 0 0 0 20 25 27 0 0 0 0 0 0 0 0 0 0 9 5 0 0 0 0 
P11942 2006 11 0 10 9 0 0 0 0 0 0 0 0 0 0 0 0 0 0 0 0 0 11 18 16 36 19 11 5 6 0 0 -999 
P11942 2006 12 0 0 0 0 0 0 15 16 0 19 22 27 0 18 0 0 0 0 9 0 12 15 24 25 10 0 9 0 0 0 0 
P11942 2007 1 7 0 0 0 0 0 0 0 5 0 6 0 0 3 0 0 0 0 15 0 20 12 11 0 18 26 23 13 0 0 0 
P11942 2007 2 0 5 0 14 13 14 13 33 55 33 24 17 19 10 0 10 0 0 20 0 26 0 25 0 0 13 0 16 -999 -999 -999 
P11942 2007 3 14 0 15 16 22 0 0 0 13 0 10 24 40 23 15 0 8 0 0 13 0 0 21 13 0 0 9 9 0 0 0 
P11942 2007 4 0 0 0 0 17 10 11 5 0 0 0 17 0 0 11 10 0 24 19 14 19 29 22 0 18 19 24 0 0 0 -999 
P11942 2007 5 0 0 8 0 0 0 0 0 0 0 0 0 32 0 0 0 0 0 21 23 0 7 0 0 0 0 0 0 9 13 0 
P11942 2007 6 29 0 0 21 21 0 37 0 0 0 0 17 0 28 0 0 0 13 14 19 18 0 0 0 14 0 19 21 0 0 -999 
P11942 2007 7 21 0 0 32 0 0 0 10 0 21 24 23 0 0 0 0 0 27 0 0 0 19 0 0 0 0 0 0 0 15 15 
P11942 2007 8 16 0 0 21 0 0 0 0 0 17 0 0 20 0 0 0 0 0 22 0 17 0 0 0 23 24 17 17 0 0 8 
P11942 2007 9 0 0 0 0 0 0 0 0 0 0 0 0 0 0 21 0 0 0 0 0 0 0 0 13 0 0 0 9 0 7 -999 
P11942 2007 10 0 0 0 0 0 0 8 0 0 20 25 0 22 0 0 0 0 0 11 7 0 22 0 0 0 0 0 11 0 0 0 
P11942 2007 11 0 0 9 0 0 0 0 0 0 0 11 0 0 0 0 10 0 4 0 0 5 8 0 0 0 5 0 18 0 24 -999 
P11942 2007 12 0 0 0 19 0 32 0 11 0 0 0 0 0 0 7 9 12 18 16 13 8 0 0 6 0 0 3 0 0 0 0 
P11942 2008 1 0 7 18 16 12 0 0 0 0 22 15 0 13 0 0 15 10 0 0 9 9 0 0 0 7 10 10 0 9 10 12 
P11942 2008 2 17 0 10 13 0 7 10 0 11 23 0 16 0 0 0 8 0 0 34 0 8 0 10 0 29 27 29 0 -999 -999 -999 
P11942 2008 3 55 20 0 0 0 0 0 0 0 0 0 10 13 14 0 0 0 0 0 0 0 0 0 0 0 0 0 3 0 7 0 
P11942 2008 4 0 0 12 19 30 19 0 0 0 0 0 10 0 22 0 0 20 21 19 12 0 0 0 0 0 0 0 0 18 0 -999 
P11942 2008 5 21 15 15 10 16 31 25 0 10 16 24 0 0 18 12 20 0 10 0 28 28 20 17 13 0 17 16 0 0 0 19 
P11942 2008 6 0 0 0 0 15 18 14 12 0 16 0 0 15 0 12 0 0 0 14 0 0 0 0 0 0 0 0 0 22 0 -999 
P11942 2008 7 0 0 0 0 15 0 0 24 27 21 25 0 0 33 0 0 0 0 12 0 0 16 0 15 16 0 18 0 0 0 0 
P11942 2008 8 0 0 0 0 0 18 0 0 17 0 14 0 15 0 0 0 0 0 0 8 14 0 0 0 10 0 0 0 11 0 0 
P11942 2008 9 0 7 0 17 0 0 0 0 0 17 22 17 0 0 8 0 0 0 0 14 13 12 0 15 0 0 12 0 0 0 -999 
P11942 2008 10 10 7 0 0 0 10 0 17 6 0 0 0 0 0 0 0 0 13 0 16 16 13 12 0 0 10 15 9 19 15 0 
P11942 2008 11 13 19 0 23 0 0 0 0 14 12 0 0 0 0 0 0 0 0 0 0 0 0 0 0 0 0 6 0 6 0 -999 
P11942 2008 12 0 0 0 0 0 0 0 14 0 8 17 0 0 8 0 9 0 0 0 0 0 0 0 0 3 0 3 0 0 0 0 
P11942 2009 1 0 0 0 0 0 6 0 0 0 6 0 0 21 0 0 0 0 0 0 0 0 0 0 0 0 8 0 0 0 0 5 
P11942 2009 2 0 0 0 0 0 0 16 6 0 0 6 0 0 7 0 0 0 0 0 3 0 0 6 0 10 11 5 10 -999 -999 -999 
P11942 2009 3 25 38 27 16 7 0 0 10 28 30 19 0 0 11 25 0 7 5 0 5 5 0 0 0 11 23 16 27 14 19 0 
P11942 2009 4 0 37 47 18 19 30 30 0 9 0 0 19 26 18 16 0 14 0 0 17 30 28 0 12 12 0 0 11 0 18 -999 
P11942 2009 5 31 0 12 0 0 27 11 12 14 0 28 0 0 0 0 10 0 14 23 0 39 39 0 0 0 0 0 0 0 17 15 
P11942 2009 6 0 0 0 15 23 22 0 13 11 0 13 10 0 16 22 0 0 0 0 8 0 0 0 0 0 0 17 0 14 17 -999 
P11942 2009 7 0 21 18 0 0 23 0 19 0 30 28 23 22 16 0 0 0 0 16 0 20 16 0 0 21 0 0 0 0 0 0 
P11942 2009 8 20 0 0 0 0 0 0 0 16 23 0 0 0 0 0 0 9 0 0 0 0 0 25 0 0 0 0 0 18 23 19 
P11942 2009 9 0 0 4 4 0 0 0 0 15 16 26 0 0 0 17 21 21 0 0 19 0 27 0 15 0 0 10 0 0 0 -999 
P11942 2009 10 0 0 0 0 0 0 0 0 0 0 0 0 12 0 0 0 0 0 26 0 11 0 0 0 0 0 0 0 0 8 8 
P11942 2009 11 0 0 0 0 0 8 0 0 7 0 0 0 0 3 5 0 12 0 5 0 6 0 0 0 0 0 14 9 0 0 -999 
P11942 2009 12 0 0 3 5 3 11 29 21 14 19 19 0 0 0 5 6 0 8 0 0 0 7 0 0 7 0 15 0 10 6 0 
P11942 2010 1 0 0 0 24 15 0 13 0 0 12 11 0 10 9 8 0 0 0 0 0 8 0 5 0 0 8 0 0 0 11 14 
P11942 2010 2 0 8 8 7 7 18 21 0 10 9 10 0 0 0 0 0 0 0 0 7 0 6 7 15 0 0 0 0 -999 -999 -999 
P11942 2010 3 0 0 0 0 7 16 29 28 0 0 20 15 6 8 0 7 0 8 16 0 31 0 0 0 0 0 0 7 0 0 0 
P11942 2010 4 0 0 12 0 0 14 0 28 0 0 25 29 31 27 28 37 25 18 11 13 0 24 0 6 24 21 0 0 23 26 -999 
P11942 2010 5 16 12 17 25 0 19 14 0 13 0 24 33 0 18 22 23 22 12 0 0 0 0 0 13 0 0 24 17 17 15 17 
P11942 2010 6 0 0 20 0 13 0 0 0 0 0 17 27 0 0 20 0 12 0 0 14 0 0 0 0 0 0 21 0 28 23 -999 
P11942 2010 7 0 16 13 0 0 0 0 0 0 20 21 17 16 0 0 0 0 14 9 0 16 0 0 0 20 0 0 0 17 0 0 
P11942 2010 8 22 0 0 0 0 0 16 0 0 24 25 0 17 0 0 21 0 0 0 0 0 0 0 19 0 16 0 9 6 0 16 
P11942 2010 9 0 0 0 0 0 0 0 15 0 32 25 18 0 21 0 0 0 12 0 0 0 0 0 0 15 0 0 0 0 0 -999 
P11942 2010 10 0 0 0 0 0 0 0 14 0 13 13 0 0 13 0 0 0 6 8 12 0 0 25 13 0 0 5 0 0 6 4 
P11942 2010 11 0 0 0 7 0 4 0 0 0 0 0 0 0 0 0 8 0 2 0 0 3 0 0 0 0 0 0 0 0 6 -999 
P11942 2010 12 0 0 0 0 14 9 8 7 0 0 5 0 0 24 0 4 0 0 5 0 0 0 0 0 6 0 5 0 0 2 0 
P11942 2011 1 0 0 0 0 0 6 0 0 0 0 0 0 0 0 0 0 0 0 0 0 0 9 18 15 4 0 0 2 0 0 0 
P11942 2011 2 0 0 0 0 0 7 0 0 0 0 0 0 0 0 4 0 4 0 0 0 0 15 0 8 0 0 0 25 -999 -999 -999 
P11942 2011 3 0 0 18 20 0 0 9 6 0 9 13 0 17 0 20 34 49 17 0 11 14 0 13 17 0 9 0 0 17 0 0 
P11942 2011 4 0 22 20 18 14 0 0 13 0 21 18 0 0 23 0 11 0 29 24 22 0 0 0 0 0 0 0 0 0 0 -999 
P11942 2011 5 10 13 10 0 0 0 0 0 24 28 11 0 0 16 15 0 0 0 0 19 0 23 0 0 14 0 24 0 25 27 0 
P11942 2011 6 0 8 0 0 0 10 0 0 18 26 0 0 26 27 0 19 0 0 0 13 0 21 22 24 0 20 24 0 15 17 -999 
P11942 2011 7 10 0 0 13 19 17 0 10 0 0 0 0 20 0 20 0 0 15 0 0 0 0 0 0 0 0 0 11 0 0 0 
P11942 2011 8 11 0 0 0 0 0 0 0 14 0 16 15 14 0 16 0 12 0 0 0 0 0 18 0 0 0 0 0 0 0 0 
P11942 2011 9 0 0 0 0 14 0 9 0 21 27 0 13 9 0 0 0 0 0 0 0 9 0 0 13 0 0 0 0 0 0 -999 
P11942 2011 10 16 0 0 19 0 14 0 0 0 0 0 0 0 10 9 8 0 8 0 10 0 16 20 0 13 7 0 0 20 26 37 
P11942 2011 11 0 13 7 6 12 16 50 0 18 0 0 0 0 0 0 0 16 0 0 0 0 22 28 0 0 0 0 0 0 0 -999 
P11942 2011 12 0 9 0 33 0 8 8 0 0 0 0 0 0 0 0 7 0 0 0 13 16 7 11 9 8 0 7 0 0 0 0 
P11942 2012 1 9 22 0 0 0 0 0 0 0 0 0 0 0 0 0 0 7 12 0 0 16 0 0 0 0 0 0 7 0 5 0 
P11942 2012 2 0 0 0 22 5 0 0 0 0 0 0 0 7 0 0 0 0 0 0 10 21 13 0 0 0 0 0 0 -999 -999 -999 
P11942 2012 3 11 22 33 0 24 0 6 0 0 0 0 0 0 8 0 0 21 21 0 21 23 18 0 0 0 0 0 0 0 10 0 
P11942 2012 4 0 0 13 0 0 8 11 11 10 11 7 14 26 34 0 0 21 20 0 0 14 0 0 20 23 26 0 24 0 17 -999 
P11942 2012 5 19 0 0 0 0 12 0 37 0 0 15 0 0 19 15 14 0 12 0 0 13 0 15 0 23 21 14 0 9 0 0 
P11942 2012 6 9 12 10 0 0 0 0 0 0 22 22 23 0 27 0 0 10 12 0 0 0 17 0 9 0 11 0 0 24 0 -999 
P11942 2012 7 10 0 0 0 22 21 0 0 25 0 20 0 0 0 0 17 0 0 0 0 0 0 0 22 23 0 0 0 0 18 0 
P11942 2012 8 0 0 16 19 0 0 0 0 14 0 0 14 10 0 0 0 0 17 0 0 0 0 0 0 0 0 0 0 0 14 0 
P11942 2012 9 7 0 0 0 13 16 20 0 0 0 0 0 18 0 0 0 0 0 0 0 0 0 0 10 0 14 0 0 0 22 -999 
P11942 2012 10 0 0 0 0 0 0 0 0 0 15 0 12 0 0 0 0 0 0 0 0 0 0 19 0 0 0 14 9 6 0 6 
P11942 2012 11 0 11 20 26 0 0 3 0 0 4 11 0 0 0 0 0 0 0 14 0 0 0 0 0 0 4 7 0 15 18 -999 
P11942 2012 12 0 0 14 0 0 27 0 0 0 0 0 7 11 22 14 20 0 20 9 0 3 6 0 0 0 0 0 0 0 8 0 
P11942 2013 1 0 0 0 10 5 4 0 3 0 0 0 0 0 0 3 0 0 0 0 0 2 0 0 4 0 0 4 0 0 4 0 
P11942 2013 2 0 0 0 0 0 0 0 0 0 0 0 0 0 23 0 0 8 12 15 11 14 0 10 15 17 0 0 0 -999 -999 -999 
P11942 2013 3 0 0 0 9 0 0 0 0 0 19 24 19 0 16 8 13 15 14 11 0 13 25 27 0 0 0 0 0 0 35 35 
P11942 2013 4 45 33 0 0 13 0 12 0 4 0 0 0 13 0 0 19 0 0 0 0 14 14 13 14 32 22 0 0 0 9 -999 
P11942 2013 5 0 0 0 15 14 0 0 0 23 20 18 0 0 0 21 30 26 15 14 0 10 0 0 0 0 7 0 0 0 0 0 
P11942 2013 6 23 25 0 0 0 18 0 23 34 26 17 20 0 22 0 14 0 0 13 0 0 0 15 0 0 30 51 0 0 21 -999 
P11942 2013 7 0 16 15 13 12 17 0 0 0 0 20 0 0 0 0 0 0 0 0 0 0 20 0 20 20 0 0 17 18 0 0 
P11942 2013 8 0 0 20 27 29 0 23 0 0 0 0 0 0 0 15 26 0 9 8 0 0 0 18 0 0 0 0 0 0 18 0 
P11942 2013 9 0 0 24 0 6 0 0 12 12 12 0 0 0 0 0 0 0 14 18 16 0 0 0 17 0 0 0 0 0 0 -999 
P11942 2013 10 0 0 0 0 0 0 0 0 0 0 21 0 0 0 13 13 0 0 9 0 0 4 5 10 0 0 0 0 0 0 0 
P11942 2013 11 0 0 0 0 0 0 0 0 0 7 17 0 0 6 0 8 10 31 48 41 0 0 18 22 23 12 15 0 9 0 -999 
P11942 2013 12 4 8 0 0 5 0 0 0 9 0 0 0 8 0 0 0 0 0 0 0 0 0 0 10 0 0 0 0 0 0 13 
P11942 2014 1 0 0 0 0 0 0 6 0 11 8 0 3 2 0 0 0 0 0 0 0 0 0 0 0 0 14 17 24 58 40 22 
P11942 2014 2 14 12 11 0 0 0 8 18 11 0 6 0 0 0 3 0 0 9 12 0 0 6 0 0 0 0 0 21 -999 -999 -999 
P11942 2014 3 23 0 0 0 11 7 0 0 4 0 0 20 21 0 17 0 12 19 26 0 17 16 0 12 0 0 0 0 0 0 16 
P11942 2014 4 0 0 0 24 41 33 19 17 18 22 14 14 0 15 0 33 25 11 0 0 0 0 11 16 0 16 0 22 0 0 -999 
P11942 2014 5 17 5 0 22 0 0 0 6 0 0 0 0 0 15 15 21 0 0 28 31 23 27 19 14 0 0 22 16 17 0 17 
P11942 2014 6 0 9 0 26 17 14 0 17 16 14 0 0 0 0 0 0 16 0 0 0 22 0 0 0 0 0 23 0 16 0 -999 
P11942 2014 7 0 0 0 0 0 19 13 0 0 0 16 15 22 0 0 16 0 22 0 0 0 0 0 17 0 0 18 0 0 0 0 
P11942 2014 8 0 0 0 0 0 0 0 0 0 0 17 0 13 0 0 0 0 13 0 0 0 13 0 0 8 0 0 11 0 13 0 
P11942 2014 9 16 17 0 0 0 0 0 0 0 0 0 0 0 22 0 38 18 11 0 0 0 0 0 0 0 0 0 0 22 30 -999 
P11942 2014 10 17 14 0 0 0 0 0 0 0 0 8 11 14 12 6 0 0 0 11 0 0 10 0 6 0 17 16 14 10 0 0 
P11942 2014 11 0 0 0 0 0 0 0 0 0 8 0 0 8 0 10 6 0 14 0 8 9 14 7 0 0 0 0 0 0 0 -999 
P11942 2014 12 4 4 0 0 0 0 0 0 4 0 0 4 0 0 0 0 0 0 0 2 5 0 0 0 0 0 0 0 8 0 0 
P11942 2015 1 3 0 0 9 12 14 9 0 29 0 14 0 0 2 3 0 0 0 0 7 0 0 0 3 0 0 0 0 4 0 0 
P11942 2015 2 0 0 0 0 0 0 0 0 0 5 0 0 0 0 0 0 0 5 0 0 0 0 0 0 15 19 0 19 -999 -999 -999 
P11942 2015 3 15 16 0 14 20 11 0 10 23 34 0 0 0 14 0 9 0 0 9 13 13 0 10 0 17 0 0 0 0 0 0 
P11942 2015 4 33 39 0 9 0 0 0 0 12 0 0 0 6 0 0 6 21 16 0 12 0 15 8 0 11 21 22 15 26 0 -999 
P11942 2015 5 17 19 0 11 7 0 6 0 6 7 0 0 0 0 0 0 0 0 0 0 9 0 9 11 15 21 26 31 0 14 12 
P11942 2015 6 12 0 17 0 28 25 0 15 0 11 0 11 0 0 23 0 0 5 0 0 0 0 15 16 17 0 0 18 0 0 -999 
P11942 2015 7 0 0 0 18 0 0 0 0 0 21 0 0 0 0 21 25 0 0 0 0 0 26 0 0 0 0 0 24 0 0 0 
P11942 2015 8 0 0 0 0 0 13 13 16 17 20 0 22 0 0 0 0 21 27 0 0 18 27 27 21 0 20 0 0 0 0 0 
P11942 2015 9 13 0 0 0 0 0 0 13 0 12 14 14 0 0 0 0 0 10 0 11 0 0 0 0 19 0 0 15 15 13 -999 
P11942 2015 10 0 0 0 0 0 0 0 11 10 9 7 0 14 0 0 0 0 0 14 16 16 14 12 16 15 0 0 0 0 0 0 
P11942 2015 11 0 0 0 0 0 0 0 0 13 0 13 0 0 0 29 10 0 5 7 0 8 0 0 0 0 0 0 0 0 9 -999 
P11942 2015 12 23 34 31 21 17 23 14 20 0 19 12 0 17 0 0 6 0 0 0 0 0 0 0 0 3 0 0 0 3 0 0 
P11942 2016 1 7 6 0 0 6 0 15 0 7 0 0 0 0 8 3 0 0 3 7 6 0 0 0 9 9 13 28 29 0 23 26 
P11942 2016 2 0 0 6 6 2 0 0 0 0 9 9 0 0 0 0 8 14 0 0 0 0 7 0 0 0 11 10 0 -999 -999 -999 
P11942 2016 3 16 0 25 20 19 17 15 14 32 16 20 26 26 44 43 25 16 14 18 0 0 22 0 25 21 20 22 22 12 12 22 
P11942 2016 4 0 10 0 0 0 0 16 20 18 15 18 18 0 0 19 0 0 0 0 23 0 0 0 0 0 0 37 34 30 19 -999 
P11942 2016 5 12 14 0 10 9 0 17 20 0 14 0 23 0 0 0 22 0 15 8 0 6 0 0 0 0 0 0 20 35 0 0 
P11942 2016 6 20 0 0 0 0 0 0 0 10 18 0 18 19 0 19 14 0 13 0 0 12 0 0 15 0 0 0 0 0 10 -999 
P11942 2016 7 0 0 20 0 0 0 20 20 0 0 0 0 0 14 0 0 0 0 0 0 0 0 0 0 13 0 19 0 14 0 0 
P11942 2016 8 0 0 0 19 0 0 0 26 0 0 0 0 0 9 0 0 0 15 0 0 0 0 16 0 0 0 0 0 0 0 0 
P11942 2016 9 0 21 24 0 0 0 0 0 0 0 0 0 0 7 0 0 15 17 0 0 9 0 13 10 0 0 0 11 17 0 -999 
P11942 2016 10 10 0 5 0 0 0 15 11 0 0 8 12 0 0 0 19 40 37 27 22 24 28 25 19 0 0 0 0 0 20 0 
P11942 2016 11 21 25 0 0 0 0 7 14 15 0 0 0 0 0 0 15 0 22 16 32 0 0 0 15 17 0 0 11 13 19 -999 
P11942 2016 12 0 14 0 0 0 0 0 0 4 0 0 12 0 0 15 5 4 0 0 0 0 13 9 6 6 0 0 0 0 0 9 
P11942 2017 1 13 0 0 0 0 0 0 0 3 0 0 0 15 0 45 23 15 0 0 0 0 0 0 0 0 0 0 0 0 0 2 
P11942 2017 2 0 0 0 0 0 0 0 7 7 0 0 0 0 0 0 0 0 6 0 0 0 0 7 0 0 0 0 6 -999 -999 -999 
P11942 2017 3 8 0 0 0 5 0 0 0 19 35 0 0 18 23 19 7 0 0 5 0 0 0 0 21 29 20 21 0 26 19 12 
P11942 2017 4 0 0 13 0 0 5 5 11 10 0 0 0 0 18 0 0 0 0 0 0 0 0 16 0 0 0 0 29 27 21 -999 
P11942 2017 5 0 21 0 0 17 13 0 10 0 15 0 30 25 20 19 0 0 0 0 19 0 25 14 0 0 0 6 0 0 0 19 
P11942 2017 6 14 0 0 0 17 0 14 17 18 0 16 0 0 16 20 0 25 0 27 0 0 0 19 20 16 0 0 0 0 0 -999 
P11942 2017 7 0 16 22 20 0 0 0 0 0 20 0 23 0 16 0 0 0 0 0 0 0 16 15 0 0 0 18 0 20 0 0 
P11942 2017 8 0 0 0 13 0 0 0 19 0 18 17 0 0 0 0 0 0 0 0 0 46 19 0 14 0 12 0 0 0 0 18 
P11942 2017 9 0 0 0 12 0 11 0 11 0 0 0 0 0 0 0 0 0 0 0 0 5 11 0 0 0 0 0 0 0 0 -999 
P11942 2017 10 10 0 0 0 0 0 13 0 0 0 0 0 8 0 0 16 0 0 0 11 0 16 9 0 10 0 0 35 0 15 16 
P11942 2017 11 17 0 15 30 18 0 7 0 14 0 0 19 34 28 30 14 0 0 12 15 18 27 11 0 0 0 0 0 0 0 -999 
P11942 2017 12 0 0 0 0 0 13 18 0 29 16 0 21 9 0 0 0 13 0 9 13 12 0 10 8 8 0 0 0 25 21 18 
P11942 2018 1 28 11 0 0 0 8 0 0 0 11 12 7 0 0 0 0 9 0 0 12 7 0 5 0 14 0 16 0 10 3 6 
P11942 2018 2 11 8 15 22 12 6 0 0 0 0 0 0 0 0 0 0 7 0 0 0 0 0 0 0 0 4 0 0 -999 -999 -999 
P11942 2018 3 0 0 0 0 0 0 0 0 16 23 31 32 38 43 27 24 0 20 18 14 0 0 7 0 14 0 14 15 10 11 22 
P11942 2018 4 8 0 0 10 0 9 0 0 0 0 0 0 0 0 7 0 0 0 9 0 0 12 0 0 27 0 20 17 0 0 -999 
P11942 2018 5 26 26 10 0 0 0 9 0 13 0 31 16 15 14 0 0 0 0 0 0 23 28 28 9 0 0 29 34 19 0 0 
P11942 2018 6 0 0 0 0 0 0 0 0 0 0 0 0 17 27 25 16 0 0 0 12 0 21 13 0 0 0 0 0 0 0 -999 
P11942 2018 7 0 0 0 0 0 0 0 16 0 0 0 0 0 0 26 22 0 0 23 0 16 0 0 0 24 24 0 20 0 13 16 
P11942 2018 8 0 0 22 18 0 0 0 0 17 0 26 0 0 0 22 0 0 0 18 16 0 0 0 0 0 0 0 20 0 0 18 
P11942 2018 9 0 0 16 0 0 20 0 0 15 14 15 0 0 0 0 0 0 15 15 0 0 0 0 0 11 0 0 0 0 0 -999 
P11942 2018 10 12 0 0 0 12 0 0 0 17 22 0 20 0 0 0 25 0 0 14 12 0 18 22 0 0 10 0 9 0 0 0 
P11942 2018 11 0 0 0 0 0 0 13 0 28 28 38 34 0 0 0 0 0 0 0 0 0 0 0 0 0 7 9 0 0 5 -999 
P11942 2018 12 0 10 18 0 11 0 0 9 0 0 0 12 33 38 27 13 11 0 0 0 4 0 0 9 11 0 7 5 7 17 0 
P11942 2019 1 8 0 28 17 8 14 22 22 0 0 0 0 10 5 15 0 16 25 19 24 0 30 20 0 0 0 0 16 0 8 18 
P11942 2019 2 0 0 16 0 0 0 0 5 0 0 21 14 28 15 6 0 0 17 16 14 7 2 0 0 0 0 4 0 -999 -999 -999 
P11942 2019 3 0 0 0 0 0 8 0 0 0 3 0 0 3 0 0 0 0 0 0 0 0 0 0 0 0 0 0 29 52 15 0 
P11942 2019 4 0 0 0 0 0 0 24 15 26 26 24 27 18 27 32 29 0 17 0 0 0 0 19 0 31 19 0 16 25 38 -999 
P11942 2019 5 44 38 24 18 0 0 13 14 24 23 0 0 18 21 0 0 0 8 0 19 0 0 7 0 0 0 0 0 0 0 0 
P11942 2019 6 16 0 13 0 0 0 26 0 0 0 0 21 13 0 13 0 11 0 0 0 0 0 0 20 0 0 0 0 0 27 -999 
P11942 2019 7 0 0 25 24 0 0 0 0 0 0 24 22 18 16 19 0 0 0 0 0 0 14 0 0 0 0 21 0 0 0 0 
P11942 2019 8 0 0 0 20 0 0 23 0 0 0 0 0 0 0 0 0 0 14 0 0 0 0 7 0 0 0 0 0 0 0 17 
P11942 2019 9 27 30 0 0 13 0 0 35 0 0 0 13 0 19 14 0 18 14 16 0 0 0 0 16 0 0 0 16 0 0 -999 
P11942 2019 10 9 0 0 0 24 16 0 0 0 10 0 24 23 14 0 0 0 0 0 0 7 0 0 0 0 0 0 0 0 0 12 
P11942 2019 11 13 0 0 0 7 0 8 10 0 0 0 0 0 0 0 0 0 0 0 23 37 24 0 20 31 24 15 0 7 11 -999 
P11942 2019 12 10 8 0 7 7 0 0 0 0 0 0 0 0 0 0 0 0 0 0 0 5 0 5 0 4 5 0 5 0 0 0 
P11942 2020 1 1 0 0 0 0 0 0 0 0 0 0 0 7 5 0 2 0 0 0 0 0 0 5 0 0 0 16 20 22 0 0 
P11942 2020 2 13 0 0 0 0 0 15 0 0 0 0 0 0 0 0 4 0 0 0 0 6 0 0 0 0 0 0 0 -999 -999 -999 
P11942 2020 3 0 0 0 0 0 6 0 2 0 0 5 0 0 0 0 0 0 0 0 0 12 0 0 0 0 0 17 0 19 15 20 
P11942 2020 4 21 0 21 0 0 8 0 9 0 0 0 0 0 0 11 16 20 0 12 20 19 0 0 13 0 0 0 0 8 0 -999 
P11942 2020 5 0 0 0 0 0 0 9 8 0 0 36 0 21 0 19 20 0 0 19 19 0 0 0 12 0 0 0 0 0 12 17 
P11942 2020 6 0 12 14 0 0 0 19 26 20 19 0 0 17 0 0 19 0 0 10 0 0 0 23 26 16 0 0 15 10 0 -999 
P11942 2020 7 0 14 13 0 0 0 0 0 0 0 0 0 0 0 0 0 20 29 0 0 0 0 0 0 0 11 0 0 17 0 19 
P11942 2020 8 0 20 15 0 0 0 0 18 0 0 0 0 0 0 0 0 13 0 0 0 0 0 0 0 0 20 12 0 0 16 0 
P11942 2020 9 20 18 0 0 0 14 0 12 0 0 0 0 0 8 0 0 0 0 0 0 0 0 0 0 0 8 0 0 0 0 -999 
P11942 2020 10 14 0 0 0 18 24 30 0 19 15 15 0 0 0 14 12 0 0 13 15 0 0 0 0 0 15 0 0 0 0 18 
P11942 2020 11 43 24 26 19 20 0 13 0 0 4 0 0 0 6 16 17 0 7 0 28 27 0 26 16 31 22 6 20 6 0 -999 
P11942 2020 12 12 9 0 8 0 0 0 9 8 0 0 0 0 1 0 0 0 0 0 0 0 0 13 0 11 0 14 10 0 0 12 
P11942 2021 1 0 13 11 14 0 9 0 9 0 4 0 0 0 0 0 0 8 11 0 0 0 0 0 0 0 0 0 0 10 13 0 
P11942 2021 2 0 0 0 0 10 0 0 0 0 0 7 0 7 0 0 0 0 0 0 0 7 10 14 0 0 5 0 0 -999 -999 -999 
P11942 2021 3 11 0 16 0 0 0 15 21 0 16 0 0 0 13 0 0 0 0 0 6 18 0 0 0 0 0 0 0 14 17 13 
P11942 2021 4 0 0 0 0 0 0 0 10 0 0 0 0 15 14 0 0 0 15 0 20 0 0 24 22 22 21 17 13 19 24 -999 
P11942 2021 5 0 0 0 0 0 22 0 0 0 12 0 0 0 0 11 14 0 21 0 0 16 17 0 0 25 21 0 13 0 13 22 
P11942 2021 6 0 34 45 24 0 0 0 13 16 0 0 0 0 0 0 0 14 0 32 0 0 0 0 0 0 14 0 0 0 0 -999 
P11942 2021 7 20 20 18 18 22 0 0 0 0 0 0 0 0 0 0 15 0 0 0 27 0 0 17 0 12 0 0 0 0 0 0 
P11942 2021 8 0 0 0 23 20 18 14 0 0 17 0 0 0 0 0 0 0 0 0 12 0 0 0 0 0 12 0 0 16 0 0 
P11942 2021 9 0 0 6 0 0 0 0 0 0 0 17 0 0 0 0 0 0 0 0 0 0 0 12 0 0 0 0 0 19 0 -999 
P11942 2021 10 0 0 0 0 0 0 0 7 14 26 0 0 0 8 5 0 0 4 0 0 16 14 22 27 11 0 6 0 14 0 0 
P11942 2021 11 6 7 5 0 0 27 24 15 0 0 0 0 11 11 13 0 0 16 8 0 0 0 3 0 5 0 0 14 19 10 -999 
P11942 2021 12 9 0 7 0 9 0 0 0 0 0 0 0 0 0 0 7 8 9 0 0 5 0 0 0 0 0 0 7 0 0 0 
P11942 2022 1 0 0 0 7 0 0 0 0 0 0 0 7 0 0 0 0 8 4 0 0 8 0 14 18 18 11 0 14 16 0 0 
P11942 2022 2 10 18 0 0 12 0 16 16 10 7 0 12 16 0 12 24 0 30 13 0 31 15 18 0 0 14 19 0 -999 -999 -999 
P11942 2022 3 8 0 13 0 65 26 21 11 10 0 18 19 40 37 18 0 0 0 0 0 0 0 0 8 0 0 0 0 0 15 0 
P11942 2022 4 0 10 0 0 0 0 14 21 21 0 0 23 15 14 0 27 11 0 18 22 13 18 18 0 23 19 0 9 0 12 -999 
P11942 2022 5 11 0 0 0 0 0 0 0 19 41 44 28 0 24 29 0 28 26 17 0 0 18 0 18 21 18 9 0 16 15 18 
P11942 2022 6 0 0 0 0 21 0 21 14 0 0 0 0 0 0 21 0 18 0 0 10 8 0 0 17 18 0 24 19 0 15 -999 
P11942 2022 7 0 16 0 20 0 0 0 14 0 0 0 0 18 0 0 0 0 0 20 23 0 0 0 0 0 0 17 0 19 16 0 
P11942 2022 8 0 0 0 0 0 0 0 0 0 21 17 21 0 0 0 0 14 0 0 0 16 0 0 0 0 0 0 0 0 13 0 
P11942 2022 9 11 0 9 5 0 0 13 0 0 0 0 12 18 0 0 0 0 0 0 0 10 0 0 5 0 0 0 0 0 12 -999 
P11942 2022 10 0 0 11 0 0 0 0 0 0 16 0 0 11 0 0 8 7 0 0 0 0 0 0 0 0 7 4 4 7 12 8 
P11942 2022 11 8 0 0 0 0 0 0 0 0 0 0 8 6 0 0 0 0 28 0 11 0 0 0 0 7 7 0 6 0 7 -999 
P11942 2022 12 0 16 21 16 0 0 12 8 23 35 15 0 0 4 0 0 7 9 0 0 0 0 0 11 20 9 5 22 30 12 0 
P11942 2023 1 12 0 0 0 5 16 13 10 0 0 0 0 0 0 0 0 0 0 0 0 0 0 15 0 0 0 0 0 0 0 0 
P11942 2023 2 0 6 11 13 0 6 0 0 8 0 0 0 0 6 0 0 0 0 6 0 0 0 0 9 0 23 29 32 -999 -999 -999 
P11942 2023 3 14 0 14 9 0 0 0 6 0 0 0 0 14 0 0 0 8 0 0 7 8 10 8 0 0 0 0 0 14 13 23 
P11942 2023 4 23 0 17 21 16 0 0 28 27 21 16 13 0 21 29 27 19 24 0 0 4 4 0 0 32 20 26 36 0 0 -999 
P11942 2023 5 0 0 0 0 0 0 0 0 8 0 0 24 22 0 0 25 0 0 25 22 13 10 0 0 0 0 0 0 0 0 0 
P11942 2023 6 0 0 24 13 9 0 19 23 0 18 0 0 0 0 11 0 0 0 24 22 0 0 0 16 0 0 0 15 8 0 -999 
P11942 2023 7 0 0 0 0 17 0 0 12 17 22 0 24 0 19 0 0 20 0 19 22 0 0 0 0 0 0 0 0 0 0 0 
P11942 2023 8 0 0 0 0 22 0 0 0 0 0 0 0 0 21 0 0 0 0 0 0 0 17 0 14 0 0 0 0 0 0 0 
P11942 2023 9 20 27 0 0 0 0 0 19 0 15 12 11 0 0 0 15 0 13 12 0 9 0 0 0 0 15 0 27 0 0 -999 
P11942 2023 10 0 40 0 29 0 15 0 0 0 0 0 0 0 0 20 0 0 0 0 0 0 0 12 0 0 0 0 0 5 0 18 
P11942 2023 11 29 28 0 7 0 0 13 0 17 20 0 15 13 0 0 0 0 0 0 0 0 0 0 0 8 8 0 0 0 0 -999 
P11942 2023 12 0 0 0 0 3 0 0 0 8 0 3 0 0 0 8 0 0 0 0 8 7 0 0 4 0 0 0 0 0 6 0 
P11942 2024 1 0 0 0 4 0 6 0 19 40 20 0 0 0 0 10 6 8 0 0 0 0 0 0 0 0 0 0 5 6 0 0 
P11942 2024 2 37 75 37 22 14 0 0 0 0 0 0 0 0 0 0 22 0 0 0 0 9 10 13 0 8 5 0 0 -999 -999 -999 
P11942 2024 3 0 10 7 0 0 12 8 0 19 6 8 0 0 12 0 0 13 0 13 6 0 0 0 17 0 0 22 0 0 0 0 
P11942 2024 4 13 24 0 13 17 16 0 0 0 0 0 6 0 0 0 14 0 17 0 0 0 0 30 0 0 6 11 0 0 0 -999 
P11942 2024 5 0 0 0 0 0 0 9 9 0 24 25 0 0 0 0 0 18 0 0 0 19 0 0 0 0 0 0 0 0 0 0 
P11942 2024 6 0 0 0 18 0 0 0 0 0 0 0 0 0 0 0 0 0 14 0 27 0 0 0 23 0 28 0 0 0 18 -999 
P11942 2024 7 0 0 0 0 0 0 0 0 0 0 0 0 0 16 0 0 0 0 0 0 0 17 0 0 0 0 0 24 23 13 0 
P11942 2024 8 0 0 0 0 0 0 18 0 0 0 22 0 0 9 0 0 0 17 0 0 0 0 0 0 0 0 18 0 17 0 0 
P11942 2024 9 15 15 16 0 0 0 12 0 10 0 0 0 18 20 0 0 0 0 0 0 0 0 0 0 0 0 0 0 0 0 -999 
P11942 2024 10 0 0 0 0 0 0 0 0 10 13 8 10 0 10 0 20 0 33 0 10 0 15 16 0 17 16 0 0 0 0 13 
P11942 2024 11 0 0 15 0 13 0 6 2 0 0 0 0 8 0 12 0 0 7 0 7 0 0 0 0 6 0 0 9 8 0 -999 
P11942 2024 12 0 0 0 7 0 0 0 0 0 0 0 0 0 0 0 0 0 0 5 0 0 0 0 0 0 6 8 0 0 0 0 
P11942 2025 1 0 0 0 0 0 0 0 0 6 0 11 0 8 0 0 10 0 0 0 0 0 0 14 28 31 23 21 0 0 0 0 
P11942 2025 2 0 0 6 0 13 17 13 0 26 20 0 0 0 10 12 14 0 0 0 0 19 16 0 0 0 0 0 0 -999 -999 -999 
P11942 2025 3 0 14 0 17 16 14 32 46 37 0 0 0 0 0 0 0 0 20 26 47 31 32 16 29 29 15 14 0 6 0 12 
P11942 2025 4 17 17 7 0 0 8 0 0 6 0 0 10 0 0 21 0 15 9 10 20 0 0 0 13 0 0 0 0 0 29 -999 
P11942 2025 5 0 9 0 0 0 16 16 0 21 0 0 0 0 0 0 0 0 0 19 0 0 0 19 0 0 0 0 0 0 19 0 
P11942 2025 6 0 0 10 0 0 0 18 0 0 22 21 16 0 0 0 12 0 11 16 0 18 0 0 0 0 22 0 19 0 0 -999 
P11942 2025 7 17 0 17 0 10 0 0 0 0 0 0 0 0 0 0 27 21 22 0 18 0 0 0 21 0 0 0 0 0 0 29 
P11942 2025 8 0 0 0 0 0 0 0 0 0 0 0 0 0 0 15 0 0 19 0 15 0 0 0 0 0 0 13 0 0 0 0 
P11942 2025 9 0 0 16 0 14 0 0 9 0 0 14 0 0 0 7 0 17 15 0 0 0 11 13 0 11 0 0 0 17 14 -999 
P11942 2025 10 0 0 0 11 0 0 10 12 12 15 0 0 16 0 0 11 0 0 0 0 0 0 0 10 15 25 27 22 36 0 0 
P11942 2025 11 7 0 0 2 0 0 0 8 7 0 6 0 0 0 0 6 13 0 0 0 0 0 0 9 0 0 0 0 0 7 -999 
P11942 2025 12 5 0 19 0 0 0 0 6 0 0 0 0 0 0 0 0 0 0 0 7 8 0 0 6 9 0 4 6 0 0 11 
P11942 2026 1 12 6 0 0 0 9 0 0 0 0 0 0 17 7 0 0 0 15 0 0 0 3 0 0 0 0 6 0 0 0 0 
P11942 2026 2 0 0 13 0 0 0 34 0 0 0 0 0 0 0 0 0 0 0 0 38 22 12 0 10 6 9 11 0 -999 -999 -999 
P11942 2026 3 17 0 0 0 0 3 3 0 0 0 0 0 0 0 0 9 0 18 0 16 0 39 33 25 11 0 0 5 0 0 0 
P11942 2026 4 0 0 0 0 0 0 0 16 0 0 44 24 21 0 14 0 9 0 0 0 16 0 10 0 0 20 0 30 34 0 -999 
P11942 2026 5 26 0 0 0 0 0 0 0 0 9 0 6 13 0 0 0 15 20 20 0 29 0 0 18 22 0 0 17 0 0 0 
P11942 2026 6 17 18 0 12 11 0 13 0 28 0 0 0 20 0 13 0 0 30 20 0 0 0 0 0 13 0 0 0 0 0 -999 
P11942 2026 7 0 0 0 0 0 20 0 0 0 0 0 0 0 18 0 0 0 0 0 0 17 0 0 0 0 0 0 0 0 13 13 
P11942 2026 8 0 0 0 0 12 17 0 0 17 0 0 0 0 0 0 15 0 16 0 0 12 0 0 26 0 0 0 17 0 0 0 
P11942 2026 9 0 0 0 0 13 0 0 0 0 5 0 15 0 33 27 0 0 14 0 0 0 20 0 0 9 0 0 0 0 0 -999 
P11942 2026 10 0 0 0 0 0 0 0 22 0 0 0 13 5 6 10 15 16 0 0 0 0 0 13 0 0 0 6 0 0 0 0 
P11942 2026 11 0 21 15 11 5 0 0 0 9 0 15 0 0 0 0 12 0 11 7 0 0 0 0 0 0 3 0 0 8 0 -999 
P11942 2026 12 2 0 7 9 0 0 13 0 15 18 20 8 0 0 10 0 8 0 8 16 0 0 0 4 4 0 0 0 0 6 10 
P11942 2027 1 5 0 0 6 6 0 0 4 7 0 0 0 0 2 0 3 0 9 7 17 14 9 0 0 0 0 0 0 0 2 0 
P11942 2027 2 0 0 0 0 0 0 0 0 0 0 9 15 23 30 16 36 28 29 33 12 4 8 41 0 10 9 10 12 -999 -999 -999 
P11942 2027 3 28 13 0 0 0 0 9 0 0 0 0 0 0 0 12 9 11 14 18 0 16 20 0 31 0 0 0 18 0 0 0 
P11942 2027 4 15 0 22 32 20 6 14 10 8 7 0 0 0 0 21 20 16 0 18 0 33 30 17 0 21 31 0 0 9 12 -999 
P11942 2027 5 0 13 24 0 20 0 0 0 0 0 10 9 0 0 23 0 24 24 0 0 0 21 16 23 29 20 14 0 14 0 0 
P11942 2027 6 30 0 0 0 16 0 0 0 12 0 25 21 15 0 0 13 18 24 0 0 0 0 0 0 0 18 15 14 0 13 -999 
P11942 2027 7 0 0 0 0 0 24 0 16 0 0 18 0 22 0 0 0 0 0 0 9 0 0 0 0 0 0 21 0 0 0 10 
P11942 2027 8 0 18 0 0 0 0 0 0 0 0 0 0 0 0 0 0 0 0 0 0 0 0 0 0 0 0 13 0 0 0 0 
P11942 2027 9 0 0 0 0 0 0 17 14 0 0 0 0 24 19 0 0 9 6 0 0 0 0 0 0 0 0 0 0 0 0 -999 
P11942 2027 10 0 0 0 0 0 0 6 0 0 0 0 9 0 0 0 0 7 0 0 0 15 18 13 0 0 0 11 10 0 10 6 
P11942 2027 11 0 14 23 29 23 18 22 0 0 0 0 4 0 14 19 19 11 0 0 0 0 10 0 0 0 24 21 13 15 21 -999 
P11942 2027 12 17 40 43 12 0 14 0 13 6 9 0 0 0 0 0 5 0 0 0 0 0 0 0 0 7 0 6 0 0 5 0 
P11942 2028 1 0 13 0 0 0 0 0 0 0 8 0 0 0 0 0 0 0 0 0 0 0 0 0 0 0 0 0 0 0 0 1 
P11942 2028 2 0 0 0 0 0 0 0 0 0 0 0 0 2 0 0 0 0 0 0 0 8 12 0 0 0 0 0 23 -999 -999 -999 
P11942 2028 3 22 0 0 55 0 0 0 0 0 0 0 12 11 0 0 20 14 0 8 0 0 0 14 0 0 0 0 0 0 0 0 
P11942 2028 4 0 0 16 0 0 0 0 30 25 0 27 23 17 0 9 4 0 11 14 0 0 0 0 0 0 11 13 0 19 31 -999 
P11942 2028 5 20 15 11 0 0 11 0 15 0 0 0 0 0 0 10 0 7 0 0 0 0 0 0 35 27 0 15 0 17 0 0 
P11942 2028 6 0 0 0 22 0 0 0 0 0 20 0 0 0 0 0 0 0 21 14 0 25 0 19 0 17 0 0 0 17 0 -999 
P11942 2028 7 19 0 17 0 0 0 19 18 0 0 13 0 21 0 0 0 20 0 13 0 0 15 0 23 0 0 0 14 0 0 0 
P11942 2028 8 0 0 0 0 0 0 0 0 0 0 0 36 0 21 19 0 19 0 0 28 0 0 18 22 0 0 0 0 19 20 0 
P11942 2028 9 0 0 23 0 16 0 0 15 0 0 16 0 0 13 19 0 0 0 23 0 0 0 10 13 0 0 0 0 0 0 -999 
P11942 2028 10 0 0 12 18 22 15 11 0 0 10 22 21 0 0 0 0 0 36 27 23 15 0 0 0 0 0 0 0 0 0 0 
P11942 2028 11 14 0 10 0 0 0 17 32 19 15 14 0 0 0 0 14 0 0 0 4 0 0 0 21 0 0 6 0 0 0 -999 
P11942 2028 12 0 5 0 0 0 0 0 16 0 0 0 0 0 0 7 5 0 0 5 7 0 6 6 7 4 0 0 0 3 0 0 
P11942 2029 1 0 0 0 0 8 0 18 22 11 0 0 0 0 0 0 11 0 3 0 3 0 0 0 0 0 23 26 28 29 15 0 
P11942 2029 2 0 9 8 0 0 0 0 0 0 7 0 0 0 0 0 0 0 0 0 0 10 13 0 0 0 0 11 0 -999 -999 -999 
P11942 2029 3 0 0 6 0 0 0 0 0 0 0 0 0 10 0 15 0 19 0 15 22 23 0 30 53 35 0 0 0 0 0 0 
P11942 2029 4 0 0 0 0 0 17 0 10 0 9 0 0 0 0 19 0 7 0 11 14 0 11 0 0 8 13 9 7 0 0 -999 
P11942 2029 5 8 12 0 0 0 0 0 0 13 0 12 0 0 0 0 18 22 0 0 0 23 0 19 18 0 8 0 0 0 0 16 
P11942 2029 6 0 14 0 41 0 24 0 0 0 10 11 15 0 0 19 0 0 0 0 31 0 0 0 0 0 15 12 0 0 10 -999 
P11942 2029 7 16 25 0 21 0 0 0 0 0 0 0 0 0 0 0 0 0 18 13 0 0 0 0 0 0 0 0 0 0 0 0 
P11942 2029 8 18 0 0 0 18 0 0 0 0 0 0 18 0 0 19 0 21 0 0 0 0 14 0 14 0 22 0 0 0 0 17 
P11942 2029 9 0 0 0 13 0 0 0 0 0 0 0 0 17 0 17 0 11 0 0 19 12 0 0 0 14 19 0 0 36 34 -999 
P11942 2029 10 18 10 0 0 0 0 0 0 8 0 0 0 0 0 14 0 0 0 15 13 11 0 4 7 0 0 14 8 0 14 11 
P11942 2029 11 0 0 0 14 0 12 0 0 29 0 0 0 0 0 0 0 0 0 0 0 0 0 8 19 22 4 0 15 0 17 -999 
P11942 2029 12 7 8 18 17 6 4 0 0 0 0 0 0 0 0 0 0 0 9 10 0 0 0 0 0 0 0 4 4 0 0 0 
P11942 2030 1 7 0 0 0 0 4 9 4 3 0 0 14 24 0 0 0 0 0 8 8 0 6 0 0 6 16 15 8 9 7 12 
P11942 2030 2 19 7 9 0 0 0 13 15 13 0 13 6 0 0 0 4 0 0 0 5 11 8 0 0 0 0 0 0 -999 -999 -999 
P11942 2030 3 0 7 0 0 11 0 19 6 8 16 12 0 0 0 0 8 9 11 0 48 20 14 0 20 16 8 8 8 0 0 0 
P11942 2030 4 0 0 0 0 0 13 0 0 12 0 14 0 0 35 33 21 26 33 23 16 10 12 18 11 0 0 0 31 0 0 -999 
P11942 2030 5 18 0 0 6 5 0 0 0 10 0 9 0 15 17 20 22 0 18 0 26 0 0 0 8 0 0 0 0 0 0 30 
P11942 2030 6 0 0 27 0 0 25 27 14 0 0 0 20 15 0 0 0 12 13 0 0 37 15 0 0 0 0 0 0 0 0 -999 
P11942 2030 7 0 0 12 14 0 0 0 0 21 0 0 0 0 0 0 0 0 0 0 24 0 0 0 0 0 0 0 0 0 18 0 
P11942 2030 8 17 0 0 0 18 19 16 0 0 0 0 0 17 0 0 0 12 19 0 0 0 0 0 10 0 0 0 0 0 0 0 
P11942 2030 9 0 0 0 0 0 23 0 0 17 15 13 0 0 0 0 0 0 0 0 0 0 0 0 0 0 0 13 9 0 0 -999 
P11942 2030 10 0 6 0 0 0 13 0 11 19 46 0 0 13 9 0 0 0 15 14 0 0 0 13 13 12 13 0 0 0 0 12 
P11942 2030 11 12 10 13 0 18 0 8 0 0 12 0 0 0 0 0 0 0 0 0 17 14 10 0 30 0 0 0 12 15 0 -999 
P11942 2030 12 0 30 0 13 0 15 14 0 0 15 8 0 5 0 0 0 9 0 0 5 0 0 0 0 0 0 0 0 0 0 0 
P11942 2031 1 0 0 0 0 0 0 6 0 0 0 0 7 0 20 27 7 0 0 0 38 26 13 18 38 30 13 0 0 0 22 18 
P11942 2031 2 12 11 0 0 9 6 14 9 0 0 6 2 4 0 0 0 7 10 0 18 8 0 7 0 0 0 6 15 -999 -999 -999 
P11942 2031 3 0 0 0 0 0 0 25 0 9 0 0 0 19 31 0 38 0 22 0 0 0 0 0 27 31 0 0 49 0 24 0 
P11942 2031 4 0 0 11 13 15 16 0 0 0 0 0 5 0 0 0 0 0 20 0 0 17 25 0 25 21 0 27 0 21 23 -999 
P11942 2031 5 20 26 25 13 10 10 11 26 0 14 0 9 0 0 0 0 0 12 0 0 6 0 11 0 0 0 10 13 0 16 0 
P11942 2031 6 0 0 0 0 13 17 0 0 11 0 0 18 12 0 0 0 24 25 0 25 18 0 12 0 0 0 0 16 14 0 -999 
P11942 2031 7 0 0 19 0 27 17 0 19 0 0 24 15 16 0 0 20 0 0 0 0 15 0 19 0 0 0 13 0 29 0 12 
P11942 2031 8 0 0 0 0 0 0 24 19 14 0 0 0 0 0 0 0 16 18 24 20 0 17 0 0 0 16 19 13 0 0 0 
P11942 2031 9 0 0 0 0 0 0 0 0 0 0 27 0 0 0 0 0 11 12 17 0 0 13 0 0 0 13 9 0 21 0 -999 
P11942 2031 10 0 0 15 0 0 0 0 0 0 0 0 0 0 0 0 0 14 0 9 17 14 4 0 0 0 16 7 0 11 11 16 
P11942 2031 11 34 0 11 0 25 10 0 0 0 10 11 8 13 0 8 15 8 9 0 9 0 6 0 0 0 0 4 5 0 0 -999 
P11942 2031 12 20 22 37 29 8 7 11 0 8 3 0 0 0 0 0 0 0 0 0 0 0 0 0 9 0 7 0 0 0 0 14 
P11942 2032 1 15 20 13 0 10 31 16 0 46 22 0 0 0 0 0 0 5 0 10 5 0 1 0 4 4 5 9 23 8 13 0 
P11942 2032 2 6 0 4 4 9 0 0 0 0 0 0 0 0 0 0 0 6 0 0 3 0 0 0 0 6 9 0 0 -999 -999 -999 
P11942 2032 3 0 17 0 0 0 0 23 34 38 0 12 3 0 0 0 7 0 0 0 0 13 0 12 0 0 19 0 0 10 8 11 
P11942 2032 4 0 7 0 43 54 0 0 32 0 17 0 0 0 12 0 0 0 0 21 0 0 20 18 0 15 0 0 0 13 14 -999 
P11942 2032 5 0 0 0 0 19 14 18 0 14 0 20 33 0 0 0 0 0 21 0 0 14 0 0 0 0 0 0 0 6 0 0 
P11942 2032 6 19 0 0 15 26 41 39 23 0 14 23 26 0 14 0 0 0 0 0 0 13 0 0 20 0 31 35 0 0 0 -999 
P11942 2032 7 0 17 0 0 0 0 0 0 15 18 0 0 0 0 0 0 0 0 0 0 0 0 0 0 0 0 0 0 0 17 0 
P11942 2032 8 0 0 0 0 0 17 12 14 0 0 0 0 0 0 0 0 0 31 0 0 0 0 0 15 0 18 0 0 0 17 13 
P11942 2032 9 0 0 0 0 0 14 0 0 0 16 0 0 0 0 0 0 0 0 10 0 0 0 0 0 0 0 0 0 0 0 -999 
P11942 2032 10 0 8 0 0 0 0 7 0 0 0 0 17 0 13 23 0 16 0 0 24 19 23 0 0 6 0 0 0 0 0 5 
P11942 2032 11 0 0 0 0 9 0 0 14 0 18 0 0 0 0 0 10 0 0 0 0 14 11 0 0 5 0 0 0 0 0 -999 
P11942 2032 12 0 0 0 4 7 13 12 6 0 0 0 0 0 0 0 0 0 0 0 0 0 3 0 0 0 0 7 0 0 8 7 
P11942 2033 1 18 8 0 0 0 0 12 11 10 0 0 0 0 0 0 0 0 0 0 0 0 0 4 4 3 0 0 0 0 0 0 
P11942 2033 2 0 5 0 0 0 0 0 19 0 0 0 0 7 0 15 0 13 19 18 0 14 14 18 0 7 0 0 9 -999 -999 -999 
P11942 2033 3 6 0 0 8 0 0 9 13 13 0 0 0 18 0 26 13 8 4 0 15 0 16 0 8 0 8 0 0 0 13 14 
P11942 2033 4 0 0 0 20 25 30 16 13 14 0 0 0 8 0 0 11 16 26 22 16 23 21 17 0 15 11 12 0 0 0 -999 
P11942 2033 5 0 0 0 0 0 0 0 0 21 25 27 0 0 18 0 0 27 29 30 31 0 26 0 26 0 27 0 12 0 13 0 
P11942 2033 6 0 20 16 16 21 0 0 0 0 0 0 0 0 0 0 0 0 0 0 0 22 0 0 16 0 0 0 0 0 0 -999 
P11942 2033 7 0 0 0 0 0 22 18 0 0 0 41 0 0 0 24 0 0 0 0 0 28 23 19 0 0 0 22 24 20 20 0 
P11942 2033 8 0 0 19 22 19 14 0 20 36 0 0 0 0 0 0 0 0 0 0 0 21 17 0 0 0 0 22 0 0 19 0 
P11942 2033 9 0 0 7 0 0 16 0 22 11 0 12 0 0 0 0 0 0 0 9 10 0 0 0 0 0 6 0 0 0 0 -999 
P11942 2033 10 0 20 0 21 0 0 12 0 0 0 0 0 14 0 0 24 12 0 0 0 0 7 0 0 19 25 22 0 0 0 17 
P11942 2033 11 19 0 0 24 8 17 25 65 21 0 6 4 0 0 22 22 0 0 0 0 0 0 0 0 0 0 0 0 0 0 -999 
P11942 2033 12 0 7 0 0 0 0 19 9 0 0 0 0 12 0 0 0 0 0 0 0 0 9 0 0 7 0 0 0 0 0 6 
P11942 2034 1 0 0 0 0 0 0 0 0 0 0 0 0 0 7 15 0 3 0 0 0 0 0 5 0 0 5 8 8 0 0 0 
P11942 2034 2 0 0 0 0 13 13 15 20 21 24 31 0 0 0 0 0 0 8 11 5 0 0 0 0 4 0 0 9 -999 -999 -999 
P11942 2034 3 7 0 0 0 0 0 0 0 0 7 11 16 0 0 0 3 0 0 0 7 0 14 12 0 0 16 0 0 11 13 6 
P11942 2034 4 9 0 15 25 17 23 0 0 15 0 19 0 0 20 23 0 32 33 0 19 18 16 15 15 0 0 0 0 0 0 -999 
P11942 2034 5 7 0 0 11 0 0 14 14 17 0 0 0 12 23 26 14 14 0 0 0 0 0 19 0 0 10 0 0 25 28 0 
P11942 2034 6 22 0 0 21 16 0 0 0 14 0 12 0 0 15 10 0 0 29 17 20 0 15 0 0 0 0 0 0 0 0 -999 
P11942 2034 7 0 0 0 0 0 0 16 0 0 0 0 0 0 0 0 0 0 0 0 0 0 0 0 23 0 0 15 19 24 0 0 
P11942 2034 8 0 0 0 0 0 0 0 12 0 0 0 0 0 0 0 0 25 0 0 0 0 0 0 0 0 0 20 0 21 25 14 
P11942 2034 9 11 0 0 0 11 0 16 0 0 18 16 17 0 8 0 10 18 0 13 9 0 0 0 19 0 0 0 0 0 0 -999 
P11942 2034 10 0 0 0 0 0 0 0 0 14 0 0 0 6 5 13 16 11 0 12 0 30 21 0 25 0 9 0 12 16 7 0 
P11942 2034 11 0 0 0 12 0 0 0 0 0 8 9 0 10 0 0 0 0 0 0 0 0 0 10 11 0 34 0 31 16 15 -999 
P11942 2034 12 15 14 16 21 0 0 0 0 0 0 6 0 0 0 0 0 0 0 0 0 0 9 6 0 6 8 11 4 0 12 6 
P11942 2035 1 0 0 8 23 15 0 0 0 0 0 0 0 0 0 11 0 0 8 8 18 0 0 0 0 3 2 0 5 0 1 0 
P11942 2035 2 0 0 0 0 3 1 2 0 0 0 0 0 0 0 0 0 0 0 11 0 0 0 10 14 11 0 0 0 -999 -999 -999 
P11942 2035 3 0 24 0 0 0 0 5 0 0 9 8 11 9 7 0 0 17 13 6 4 9 9 0 0 9 0 0 0 18 0 21 
P11942 2035 4 15 14 20 12 17 21 0 0 0 17 0 0 0 22 25 29 31 0 0 25 25 22 16 19 20 0 12 0 0 10 -999 
P11942 2035 5 0 26 0 0 0 22 29 26 27 0 22 17 0 15 13 0 0 0 0 0 0 19 0 0 21 0 0 6 9 0 0 
P11942 2035 6 0 0 0 0 0 22 0 10 0 0 16 20 16 0 0 0 0 0 0 24 20 0 0 0 0 17 0 0 0 0 -999 
P11942 2035 7 0 22 0 0 0 0 25 0 18 25 0 16 0 12 13 0 0 0 0 0 19 0 13 0 0 0 0 0 0 0 0 
P11942 2035 8 0 0 0 16 0 0 23 0 14 0 0 0 21 0 0 18 0 11 0 10 14 23 0 0 0 0 0 0 0 35 0 
P11942 2035 9 0 9 7 0 0 0 0 0 0 0 0 0 19 0 0 0 13 0 0 14 0 0 0 0 0 0 12 0 0 9 -999 
P11942 2035 10 12 9 0 6 4 0 0 0 8 14 18 0 13 8 0 0 0 0 16 0 0 0 0 0 11 0 17 0 0 0 0 
P11942 2035 11 0 0 0 14 0 0 0 0 0 0 0 0 0 0 0 0 0 0 0 0 9 0 0 0 0 0 0 0 0 0 -999 
P11942 2035 12 19 0 0 3 0 0 0 0 0 5 0 0 0 11 29 33 7 9 8 5 0 0 0 0 12 10 14 8 5 0 0 
P11942 2036 1 0 14 0 0 0 12 0 10 0 17 13 9 0 2 4 0 0 6 0 0 4 3 0 0 0 0 0 0 0 0 0 
P11942 2036 2 8 11 15 0 0 0 0 0 5 0 0 0 0 0 0 0 0 0 9 0 17 0 0 23 33 0 0 0 -999 -999 -999 
P11942 2036 3 18 29 11 10 0 9 13 0 0 13 17 11 23 20 28 18 11 0 28 16 8 7 0 0 20 18 19 26 0 19 0 
P11942 2036 4 23 26 7 0 31 36 49 0 19 14 0 0 0 0 0 0 0 0 0 0 25 0 0 0 0 17 0 0 0 0 -999 
P11942 2036 5 11 0 17 22 0 20 16 0 14 0 19 0 34 22 0 0 24 14 14 0 28 0 16 12 0 8 0 0 0 0 0 
P11942 2036 6 0 0 0 20 12 0 0 0 19 0 32 33 23 19 0 0 0 0 0 0 19 0 0 21 20 0 0 0 0 0 -999 
P11942 2036 7 0 21 25 0 0 0 0 0 0 0 20 11 12 20 23 0 0 12 0 7 0 0 0 20 0 0 0 0 0 20 0 
P11942 2036 8 0 0 0 0 0 24 0 14 0 0 0 0 0 18 0 0 0 16 0 0 13 13 0 0 0 0 0 9 8 0 0 
P11942 2036 9 18 0 0 0 13 0 0 0 0 0 16 0 0 0 0 0 0 0 0 0 0 9 0 18 0 0 0 0 0 0 -999 
P11942 2036 10 0 0 10 0 13 18 22 9 9 0 7 0 0 29 30 0 0 0 18 12 0 0 0 0 15 15 0 5 5 4 0 
P11942 2036 11 0 0 0 0 8 12 0 24 19 0 20 0 0 0 0 0 0 0 5 0 0 0 0 15 0 0 0 0 0 0 -999 
P11942 2036 12 0 6 0 0 0 0 0 7 0 0 0 0 8 9 7 0 0 0 0 0 0 0 0 0 0 0 11 0 9 0 19 
P11942 2037 1 17 0 8 0 0 18 0 9 0 16 0 4 0 0 17 19 55 39 43 40 17 0 0 0 0 0 3 5 0 0 0 
P11942 2037 2 0 0 0 0 0 0 0 0 0 0 0 0 0 0 17 0 0 0 0 0 16 7 0 0 0 0 0 0 -999 -999 -999 
P11942 2037 3 0 10 27 0 25 15 0 25 11 10 0 8 9 0 0 0 0 28 29 17 0 16 18 24 13 24 12 0 28 8 0 
P11942 2037 4 0 0 0 2 0 7 0 0 8 0 10 0 15 0 33 31 21 0 0 0 15 0 0 16 17 28 16 15 0 0 -999 
P11942 2037 5 0 8 0 19 26 25 0 0 0 0 8 0 6 0 10 7 0 0 0 23 0 15 20 0 0 0 0 0 0 18 19 
P11942 2037 6 24 28 21 0 0 35 29 23 20 0 0 0 0 0 0 20 0 0 0 0 19 0 0 15 19 0 0 14 15 0 -999 
P11942 2037 7 22 0 0 0 0 21 0 0 13 0 0 0 0 0 0 0 0 0 0 0 12 0 12 0 0 19 0 0 0 17 0 
P11942 2037 8 28 0 21 0 0 0 17 0 0 18 0 0 0 20 0 0 13 0 0 0 14 0 0 0 0 0 12 0 0 0 0 
P11942 2037 9 0 9 0 15 14 0 0 0 0 18 0 13 0 0 0 0 0 0 9 7 4 0 0 0 0 0 0 18 0 14 -999 
P11942 2037 10 0 0 0 10 0 0 0 10 0 12 0 0 0 0 0 6 0 0 0 0 12 0 0 0 0 10 0 0 0 0 0 
P11942 2037 11 0 0 0 0 0 8 0 0 0 0 0 0 0 12 0 0 8 6 0 11 0 0 19 0 0 14 0 10 0 0 -999 
P11942 2037 12 0 0 0 15 24 43 0 0 6 0 0 4 0 0 0 0 1 0 0 11 0 0 0 0 0 6 0 0 0 0 0 
P11942 2038 1 0 0 0 0 0 0 0 0 0 3 0 17 11 0 0 0 0 0 0 0 7 0 0 0 0 0 0 0 0 0 15 
P11942 2038 2 13 5 0 0 0 0 0 12 0 0 0 0 0 0 0 0 0 0 0 0 5 0 0 0 14 19 20 0 -999 -999 -999 
P11942 2038 3 0 0 0 0 0 0 0 14 0 0 10 0 19 28 27 22 19 0 0 11 15 8 0 0 0 0 11 0 9 0 0 
P11942 2038 4 0 0 13 0 29 11 0 0 0 0 0 0 16 0 0 15 23 0 0 0 0 15 10 0 0 0 0 13 0 0 -999 
P11942 2038 5 26 25 13 0 0 0 14 0 25 18 12 0 0 0 0 0 22 0 15 0 19 0 0 0 0 14 11 0 0 12 0 
P11942 2038 6 0 20 13 0 0 13 15 0 18 24 25 15 0 0 0 0 15 0 12 0 0 17 0 0 0 0 0 16 18 0 -999 
P11942 2038 7 0 26 0 0 0 0 13 0 17 19 27 0 0 16 0 11 0 19 0 17 0 11 0 0 11 0 0 18 0 0 0 
P11942 2038 8 0 12 0 7 0 0 0 17 0 0 0 0 0 17 0 0 0 20 16 0 0 0 15 0 15 0 15 0 0 14 12 
P11942 2038 9 0 18 0 0 0 0 0 14 0 15 0 9 0 0 0 0 0 0 0 9 0 0 0 0 0 0 0 0 0 0 -999 
P11942 2038 10 0 0 0 0 0 0 0 0 0 0 0 12 0 8 0 0 0 0 13 22 0 22 0 15 0 13 0 20 16 14 0 
P11942 2038 11 19 20 0 10 12 14 10 0 0 0 0 30 24 0 0 17 16 22 13 7 0 0 0 0 6 0 8 0 11 0 -999 
P11942 2038 12 6 5 6 0 0 0 0 5 0 0 0 0 0 0 0 0 0 0 10 0 10 12 10 13 0 0 13 18 24 44 47 
P11942 2039 1 25 0 0 15 31 14 0 0 0 3 0 16 0 0 0 6 0 0 12 18 27 0 11 9 26 25 30 35 12 9 0 
P11942 2039 2 3 2 0 5 0 0 0 0 0 0 19 0 0 6 16 13 0 5 6 3 7 12 10 9 7 18 20 16 -999 -999 -999 
P11942 2039 3 8 6 0 0 0 8 0 0 0 0 9 12 0 0 0 0 13 8 0 12 9 0 0 0 0 0 15 0 0 0 0 
P11942 2039 4 4 0 0 0 0 0 0 0 5 0 0 0 0 0 0 0 11 7 0 0 0 0 0 0 0 0 0 20 0 49 -999 
P11942 2039 5 27 0 0 0 29 22 16 13 0 31 25 24 11 15 19 23 0 0 10 0 18 20 0 0 0 0 0 0 0 0 0 
P11942 2039 6 14 14 0 20 20 19 0 21 28 30 31 0 20 0 15 0 0 18 0 0 0 0 0 17 18 0 0 0 18 0 -999 
P11942 2039 7 0 0 0 0 25 0 0 0 14 0 9 11 0 0 0 0 0 13 0 0 0 0 0 22 0 20 0 0 0 0 0 
P11942 2039 8 0 0 0 14 16 0 0 0 0 0 0 0 0 0 0 0 18 0 20 15 0 0 0 13 0 0 0 0 0 0 21 
P11942 2039 9 25 0 0 0 0 14 0 0 29 0 25 0 18 11 0 0 0 18 25 0 0 17 0 0 10 0 0 0 17 0 -999 
P11942 2039 10 22 0 0 0 14 0 0 10 12 0 33 0 21 18 0 0 0 0 0 36 29 20 17 27 17 0 0 0 9 0 0 
P11942 2039 11 21 32 0 3 6 0 0 0 0 0 0 0 0 0 0 9 0 0 0 4 0 0 0 6 0 7 0 14 0 0 -999 
P11942 2039 12 0 0 0 0 0 0 0 0 0 0 0 0 0 0 0 8 19 37 14 4 0 0 0 0 0 0 0 0 0 0 6 
P11942 2040 1 4 0 0 0 0 0 0 0 0 0 0 0 0 0 0 14 13 7 0 12 13 0 0 0 6 0 0 0 0 0 0 
P11942 2040 2 9 0 17 0 15 15 0 0 0 0 0 15 0 0 18 22 15 27 22 58 0 18 0 21 0 6 0 0 -999 -999 -999 
P11942 2040 3 12 0 11 7 0 0 10 8 0 10 0 0 0 0 0 19 0 0 0 0 0 0 0 21 19 17 0 0 0 20 20 
P11942 2040 4 0 0 34 35 0 22 19 0 10 0 0 0 0 19 32 0 0 0 0 0 0 6 0 7 0 13 7 0 0 0 -999 
P11942 2040 5 0 0 0 0 15 25 19 0 0 0 17 0 13 17 24 0 0 0 0 0 0 11 0 0 29 27 0 0 0 0 0 
P11942 2040 6 0 0 21 0 0 15 0 0 15 30 0 0 20 0 0 13 0 0 0 28 16 0 0 0 0 0 0 0 0 19 -999 
P11942 2040 7 0 0 0 0 18 21 23 0 0 0 0 0 28 0 0 0 0 0 0 26 0 0 0 0 0 0 0 21 0 16 0 
P11942 2040 8 0 0 15 0 17 0 0 0 12 0 0 0 0 0 14 0 15 0 11 0 0 0 0 0 23 0 0 0 0 0 0 
P11942 2040 9 0 0 29 0 0 17 18 0 0 0 0 0 22 0 45 29 0 0 0 24 0 18 20 18 0 0 0 0 0 0 -999 
P11942 2040 10 0 0 0 0 0 0 0 25 35 18 18 0 20 0 0 17 28 42 38 0 22 0 0 0 0 2 0 0 0 5 3 
P11942 2040 11 0 0 8 0 0 7 8 10 20 0 8 0 0 35 17 29 12 8 10 0 0 4 0 0 7 0 0 0 11 10 -999 
P11942 2040 12 0 0 14 0 18 0 6 4 5 4 0 0 0 0 0 5 0 0 0 0 0 8 0 0 0 0 0 0 0 0 0 
P11942 2041 1 0 0 0 0 11 0 0 0 14 8 0 0 0 0 0 11 0 0 0 0 0 0 6 24 28 0 14 27 0 0 0 
P11942 2041 2 17 0 0 4 0 5 0 0 0 15 21 50 29 0 19 0 25 0 0 0 0 0 0 0 7 0 0 0 -999 -999 -999 
P11942 2041 3 0 0 0 5 0 9 13 0 17 27 19 9 0 0 0 0 0 0 2 0 0 0 7 0 0 0 0 0 18 16 0 
P11942 2041 4 0 15 0 0 11 0 16 0 0 0 0 0 0 0 0 0 0 0 0 0 10 8 0 0 0 0 7 0 0 7 -999 
P11942 2041 5 11 0 35 54 45 34 28 27 0 0 0 0 0 21 0 17 17 15 0 12 0 0 0 0 0 16 0 0 0 12 0 
P11942 2041 6 27 0 0 12 0 0 0 17 20 20 18 0 0 0 13 0 0 0 27 32 41 21 0 0 0 16 0 0 0 16 -999 
P11942 2041 7 0 0 22 25 20 0 19 21 0 0 0 0 35 0 0 0 0 0 15 0 11 0 0 0 0 0 18 20 0 0 0 
P11942 2041 8 0 0 0 0 15 0 0 0 18 0 0 0 0 0 0 0 0 0 18 0 20 0 0 0 20 0 0 0 0 0 0 
P11942 2041 9 12 0 0 27 0 0 0 13 10 0 0 0 0 0 0 15 0 13 0 0 19 0 0 0 0 0 0 0 0 0 -999 
P11942 2041 10 0 0 0 0 0 0 0 0 0 0 14 0 0 0 0 5 0 0 10 0 0 10 0 17 21 8 0 0 0 0 0 
P11942 2041 11 26 32 31 0 0 0 0 0 0 0 22 0 0 0 0 12 0 0 0 0 0 0 14 0 37 0 0 12 0 10 -999 
P11942 2041 12 26 0 22 23 20 0 5 0 2 0 0 0 0 0 4 0 0 0 0 0 0 5 0 0 0 6 10 11 12 5 0 
P11942 2042 1 0 0 0 9 0 0 0 0 10 0 0 0 0 4 0 9 0 14 13 17 8 0 0 5 7 0 0 0 0 0 0 
P11942 2042 2 0 0 0 0 0 0 0 7 0 0 0 0 0 5 0 0 0 0 0 0 0 0 11 24 11 7 0 0 -999 -999 -999 
P11942 2042 3 6 0 0 0 0 20 17 0 0 0 17 17 0 0 4 0 0 10 0 21 17 0 0 26 29 29 28 0 0 23 0 
P11942 2042 4 0 20 0 14 8 11 0 0 0 0 0 0 0 0 0 21 30 34 15 0 3 8 0 25 0 0 0 0 0 25 -999 
P11942 2042 5 23 35 26 15 17 31 26 20 12 15 17 28 0 34 32 17 13 0 13 15 0 0 0 28 0 0 8 9 0 0 0 
P11942 2042 6 0 15 19 16 0 17 21 0 0 0 0 0 0 0 0 0 0 0 18 0 16 0 0 0 0 0 0 24 0 0 -999 
P11942 2042 7 0 29 26 22 0 16 28 30 16 0 0 0 0 0 0 0 0 0 15 0 0 0 0 0 0 0 0 0 17 0 0 
P11942 2042 8 0 0 0 0 0 0 16 0 0 0 0 0 0 0 23 0 0 0 28 29 21 15 19 0 0 0 0 14 0 0 0 
P11942 2042 9 0 0 25 9 0 0 0 0 7 0 0 0 0 13 0 0 0 0 31 0 10 8 10 0 0 0 0 5 0 0 -999 
P11942 2042 10 0 0 0 0 14 0 0 0 0 0 0 0 10 0 0 0 0 0 0 0 0 6 0 0 0 7 7 0 0 3 0 
P11942 2042 11 8 0 0 10 16 0 16 0 0 0 0 12 11 0 0 0 5 0 0 0 0 15 0 13 0 0 16 21 0 13 -999 
P11942 2042 12 0 0 4 0 0 0 15 0 0 0 0 18 25 21 13 10 0 0 0 7 0 6 6 0 4 8 13 0 10 10 0 
P11942 2043 1 0 0 0 0 0 0 0 0 0 0 8 0 0 4 16 14 29 43 16 0 6 3 0 0 0 0 0 0 0 0 0 
P11942 2043 2 0 0 3 0 0 0 0 5 11 0 8 6 6 8 22 30 7 9 0 0 14 0 0 0 0 11 0 11 -999 -999 -999 
P11942 2043 3 15 16 0 6 9 14 13 0 12 15 19 0 0 26 17 18 53 39 15 0 0 21 32 19 14 0 19 0 0 20 15 
P11942 2043 4 33 31 21 0 0 14 19 28 26 17 21 15 0 23 14 12 8 0 0 0 0 13 15 0 12 0 0 0 0 12 -999 
P11942 2043 5 0 0 0 0 0 0 0 12 13 18 20 0 0 0 0 23 19 0 0 0 0 14 0 11 0 0 0 9 0 0 16 
P11942 2043 6 0 0 0 0 0 10 0 0 8 0 0 0 16 0 0 0 0 0 0 0 0 0 0 12 0 0 0 0 0 0 -999 
P11942 2043 7 0 0 14 0 0 0 0 0 24 0 17 0 0 0 0 0 29 0 0 0 0 0 26 0 0 0 16 20 0 0 0 
P11942 2043 8 20 0 0 0 22 0 22 15 0 0 0 0 7 8 0 19 19 0 0 0 0 0 15 0 0 0 19 0 9 0 10 
P11942 2043 9 0 0 0 15 0 0 0 0 0 16 0 17 0 0 0 0 0 13 0 0 17 16 0 0 0 0 0 8 0 0 -999 
P11942 2043 10 0 0 13 0 0 7 0 0 14 0 10 15 11 0 0 4 0 9 0 32 36 23 0 0 0 0 0 0 0 7 7 
P11942 2043 11 0 8 14 0 43 39 0 6 0 0 0 0 0 0 0 0 0 10 15 15 11 9 0 0 11 0 19 0 0 17 -999 
P11942 2043 12 7 0 0 16 14 15 14 0 0 0 0 0 0 0 0 0 0 0 0 0 0 0 0 0 0 0 0 0 0 2 0 
P11942 2044 1 0 1 0 8 7 4 0 0 9 0 17 22 13 9 0 0 0 0 48 0 0 0 0 0 0 0 12 0 0 0 0 
P11942 2044 2 12 12 0 16 3 8 0 0 0 0 6 0 0 0 0 0 15 0 0 2 0 0 0 0 0 0 0 0 -999 -999 -999 
P11942 2044 3 0 0 0 0 0 0 0 0 0 9 10 0 22 5 0 0 10 0 0 0 0 0 0 0 0 0 0 0 0 12 0 
P11942 2044 4 0 0 0 0 0 0 16 0 23 22 0 0 7 0 0 0 0 26 10 8 10 0 15 18 40 61 32 23 24 24 -999 
P11942 2044 5 19 19 0 0 21 17 28 43 0 20 0 23 20 0 19 14 14 0 0 0 12 16 16 14 0 0 17 11 0 0 0 
P11942 2044 6 10 0 0 17 0 17 15 0 16 0 0 0 0 23 21 0 0 0 0 26 0 18 0 0 0 0 0 0 0 0 -999 
P11942 2044 7 28 0 0 0 22 0 0 0 0 0 0 20 0 0 21 0 0 0 21 0 0 0 18 0 18 0 0 19 0 0 24 
P11942 2044 8 0 35 28 0 0 0 0 0 0 0 0 0 0 0 0 0 19 0 0 0 0 0 0 0 0 0 0 0 20 21 14 
P11942 2044 9 8 0 0 0 0 0 0 0 0 0 0 0 0 0 0 0 17 0 0 28 26 0 18 0 0 0 0 0 0 0 -999 
P11942 2044 10 0 13 17 0 0 0 0 0 13 13 12 0 0 0 0 0 0 0 0 23 0 38 38 22 12 10 0 0 0 20 0 
P11942 2044 11 0 0 0 0 0 0 0 4 0 0 0 8 14 0 0 0 0 0 0 0 12 0 0 0 0 0 10 0 0 0 -999 
P11942 2044 12 0 0 0 0 0 0 0 0 0 0 0 0 0 0 0 0 5 0 13 41 52 22 12 8 0 0 4 0 4 3 0 
P11942 2045 1 5 0 0 3 0 0 13 12 11 9 0 10 0 0 0 0 0 0 0 0 0 0 0 0 0 0 0 0 0 0 0 
P11942 2045 2 7 6 0 0 0 0 11 0 0 10 18 21 18 0 0 0 0 0 0 0 0 15 0 17 35 0 21 15 -999 -999 -999 
P11942 2045 3 11 0 0 17 37 0 9 0 18 20 18 0 16 0 29 19 13 23 22 0 0 0 8 5 0 5 0 0 0 0 0 
P11942 2045 4 0 0 4 0 0 0 0 16 17 26 0 14 17 18 23 30 15 0 14 0 0 16 0 12 0 0 6 10 0 14 -999 
P11942 2045 5 0 0 0 0 0 0 0 4 0 0 0 0 0 16 0 0 11 0 0 0 31 0 0 22 21 17 21 0 0 15 0 
P11942 2045 6 25 15 0 0 13 0 0 19 0 0 0 0 25 30 26 0 0 17 0 0 25 0 16 0 0 0 0 0 0 0 -999 
P11942 2045 7 23 0 0 0 22 0 15 0 0 0 0 0 0 26 19 0 0 0 25 0 0 0 0 19 18 22 0 17 0 0 0 
P11942 2045 8 0 0 19 0 0 0 0 0 0 0 0 0 0 0 0 0 0 0 20 0 28 0 0 0 19 0 12 0 0 0 0 
P11942 2045 9 0 20 0 34 29 0 0 0 19 0 0 23 18 0 0 0 0 0 0 0 0 0 0 0 15 0 13 23 0 0 -999 
P11942 2045 10 0 0 0 0 17 0 21 0 0 0 9 0 0 0 0 0 0 0 0 0 0 0 0 0 0 0 0 0 0 0 0 
P11942 2045 11 0 0 0 0 0 0 0 0 0 15 0 0 0 0 0 0 0 0 0 5 0 4 0 0 0 9 0 0 0 0 -999 
P11942 2045 12 0 0 0 0 0 0 0 3 0 0 0 0 0 0 0 0 0 4 0 0 0 0 4 0 13 11 0 0 9 0 0 
P11942 2046 1 7 0 8 0 0 6 0 0 10 0 0 0 0 7 0 0 0 0 21 0 40 0 14 13 6 8 15 21 3 0 11 
P11942 2046 2 8 0 0 0 0 0 2 0 0 0 0 0 0 10 11 17 26 27 0 38 0 14 0 0 0 13 17 24 -999 -999 -999 
P11942 2046 3 0 0 12 17 15 0 0 0 0 7 0 0 8 0 7 11 0 0 0 7 0 0 8 12 28 25 0 17 25 20 14 
P11942 2046 4 12 0 0 22 0 0 0 27 0 25 0 0 0 0 0 22 26 29 37 33 0 18 19 19 20 15 21 21 22 29 -999 
P11942 2046 5 0 0 12 10 0 0 0 0 7 7 0 0 27 0 0 8 0 0 0 23 14 16 18 16 19 15 0 10 0 27 25 
P11942 2046 6 0 0 0 10 21 18 0 0 0 0 0 0 20 0 26 0 0 0 18 0 0 0 0 0 0 0 0 18 0 0 -999 
P11942 2046 7 0 0 0 0 0 23 0 0 21 29 0 18 0 0 0 14 0 0 0 0 0 0 0 0 0 0 21 0 25 0 0 
P11942 2046 8 0 0 0 0 0 0 0 0 19 0 15 14 0 0 0 0 0 0 0 0 18 17 0 0 0 11 15 21 0 0 0 
P11942 2046 9 15 0 0 0 0 0 0 17 0 0 0 0 0 0 10 12 0 0 0 0 0 18 0 0 12 0 0 0 0 20 -999 
P11942 2046 10 0 0 0 0 0 0 0 0 13 16 0 15 0 0 0 0 17 0 0 27 33 0 0 13 11 0 0 0 0 0 0 
P11942 2046 11 14 0 22 26 25 15 0 7 0 0 0 3 0 0 0 0 0 0 0 0 0 0 6 0 0 0 0 0 0 0 -999 
P11942 2046 12 4 0 0 0 0 0 0 4 0 0 0 0 0 14 0 0 0 9 0 11 0 11 0 0 0 6 0 0 0 0 0 
P11942 2047 1 0 11 14 0 0 15 0 0 0 24 28 0 0 0 0 9 14 0 0 0 0 0 0 0 0 0 3 0 4 0 0 
P11942 2047 2 0 10 0 0 0 0 0 10 0 0 0 7 13 18 0 0 0 0 0 16 0 11 9 0 9 0 9 0 -999 -999 -999 
P11942 2047 3 0 12 0 14 0 0 0 0 0 13 14 0 13 0 0 0 0 0 5 0 0 8 0 0 0 0 0 10 0 0 12 
P11942 2047 4 16 20 0 12 0 7 0 0 4 0 11 0 0 0 0 11 0 33 0 15 16 19 15 22 0 24 0 35 41 36 -999 
P11942 2047 5 24 23 0 21 0 19 0 44 62 35 0 0 0 0 17 13 0 11 0 0 0 21 36 17 0 0 0 0 0 0 0 
P11942 2047 6 0 0 11 0 0 16 15 14 17 0 22 0 0 27 16 0 0 0 0 15 16 15 0 0 0 13 0 0 19 0 -999 
P11942 2047 7 0 0 0 19 0 0 0 0 0 16 0 17 0 0 0 0 0 0 0 0 0 0 0 17 0 0 0 21 0 27 0 
P11942 2047 8 0 21 0 0 0 0 15 0 0 0 0 23 24 0 0 0 13 0 0 0 0 30 0 0 14 0 0 0 22 0 0 
P11942 2047 9 0 0 9 0 0 0 0 0 0 17 0 0 0 10 0 0 0 0 0 0 0 7 0 0 0 20 19 11 6 0 -999 
P11942 2047 10 0 21 0 0 0 6 0 0 0 11 0 0 0 0 0 0 0 0 0 7 0 0 0 0 0 0 17 20 0 0 16 
P11942 2047 11 0 23 0 0 0 0 0 0 0 0 5 0 0 0 0 8 0 0 11 9 14 16 0 0 5 0 0 4 4 0 -999 
P11942 2047 12 0 0 0 0 11 0 15 14 4 0 0 0 0 11 29 23 9 0 17 23 0 7 0 0 0 0 2 0 0 0 0 
P11942 2048 1 4 0 0 0 0 4 4 0 8 0 11 0 0 0 0 0 0 0 0 0 0 0 6 0 0 0 19 0 0 0 0 
P11942 2048 2 32 0 11 0 0 0 8 12 0 0 6 0 0 0 3 0 0 10 0 0 0 0 0 10 0 0 5 0 -999 -999 -999 
P11942 2048 3 0 0 0 0 0 0 0 0 0 0 0 0 9 0 0 0 28 46 0 28 0 0 17 13 0 22 29 22 26 28 22 
P11942 2048 4 18 0 0 6 0 21 0 35 33 0 18 19 25 0 26 0 26 24 0 0 15 28 31 0 26 20 0 0 13 18 -999 
P11942 2048 5 23 0 0 20 0 0 0 0 0 0 28 0 0 0 25 0 6 0 0 0 0 29 17 14 22 0 18 32 19 0 0 
P11942 2048 6 0 0 15 0 0 0 0 15 18 0 0 12 11 0 0 0 0 0 12 0 0 0 0 21 0 0 0 0 0 15 -999 
P11942 2048 7 0 0 0 17 0 0 0 0 0 0 0 15 16 0 15 17 15 19 18 0 0 0 21 0 0 0 17 0 0 22 0 
P11942 2048 8 0 0 0 27 0 0 0 22 16 12 17 0 13 0 0 0 16 23 0 0 0 11 0 0 18 0 0 0 0 0 10 
P11942 2048 9 11 0 0 0 0 0 0 0 13 0 22 17 0 0 0 0 11 0 11 0 0 6 0 0 0 18 0 0 0 10 -999 
P11942 2048 10 0 13 15 19 0 0 0 11 0 0 0 0 0 12 0 0 8 0 12 0 0 29 0 0 15 0 0 0 0 0 0 
P11942 2048 11 6 11 0 21 0 0 14 0 0 0 0 9 0 0 0 0 6 0 4 3 0 6 0 0 0 13 0 24 51 65 -999 
P11942 2048 12 0 3 0 0 0 0 0 1 0 0 0 0 0 0 0 0 0 0 8 20 0 7 0 0 0 0 6 0 0 0 0 
P11942 2049 1 13 17 0 0 13 11 0 0 0 0 0 0 0 0 4 0 0 0 0 0 0 0 0 0 0 0 0 0 0 3 0 
P11942 2049 2 0 0 0 0 11 0 66 67 31 27 24 0 45 32 29 64 39 39 34 21 34 25 0 27 12 16 11 15 -999 -999 -999 
P11942 2049 3 14 15 0 21 0 0 0 0 27 27 0 15 20 23 25 0 16 22 22 23 0 0 15 0 0 0 0 0 0 0 13 
P11942 2049 4 22 32 0 0 0 15 16 0 4 0 0 0 18 26 0 0 0 0 0 0 0 0 0 8 0 6 0 0 11 0 -999 
P11942 2049 5 0 14 21 13 0 0 0 23 0 0 0 0 4 0 0 0 0 0 22 23 25 21 10 6 0 0 0 0 16 0 15 
P11942 2049 6 0 24 0 0 0 0 19 20 0 0 0 0 0 0 17 0 0 18 0 0 15 0 16 14 0 0 20 19 16 0 -999 
P11942 2049 7 0 0 17 0 27 0 21 19 0 12 0 12 20 0 0 0 0 0 0 0 0 16 0 0 0 0 0 0 0 0 0 
P11942 2049 8 23 0 0 17 18 0 0 0 0 0 0 12 0 0 0 0 0 0 12 0 12 0 10 0 0 0 0 0 10 0 11 
P11942 2049 9 13 12 0 0 19 14 15 0 0 0 19 0 9 0 0 0 0 15 0 0 0 0 6 9 0 10 0 0 10 0 -999 
P11942 2049 10 15 0 12 0 13 0 0 0 8 0 25 16 0 0 14 21 10 7 0 0 0 4 0 8 0 7 9 9 0 12 6 
P11942 2049 11 0 0 0 0 15 10 0 25 22 13 6 0 0 0 8 11 0 7 0 0 0 0 6 0 0 0 0 0 0 0 -999 
P11942 2049 12 0 0 43 23 11 0 0 12 0 15 13 0 6 0 0 19 25 0 8 0 7 0 0 0 0 0 0 0 0 0 7 
P11942 2050 1 0 9 0 0 9 0 0 0 5 8 12 0 28 17 7 35 19 29 13 0 0 0 0 0 0 0 0 0 0 3 0 
P11942 2050 2 12 7 0 0 0 0 5 12 0 24 24 0 0 0 0 0 0 0 0 0 0 0 0 0 0 7 0 0 -999 -999 -999 
P11942 2050 3 6 0 0 0 0 0 0 0 0 11 0 0 0 0 12 0 0 0 0 19 12 0 6 0 0 23 18 15 0 0 0 
P11942 2050 4 0 0 14 0 0 12 13 0 18 12 0 25 25 0 0 0 22 21 0 0 19 20 11 0 0 15 0 0 0 0 -999 
P11942 2050 5 19 34 27 14 0 13 20 15 0 16 0 11 12 0 0 28 0 0 0 15 0 15 0 0 0 0 0 16 14 19 21 
P11942 2050 6 14 0 18 24 0 0 0 0 0 18 16 16 0 0 18 0 0 0 0 13 0 0 0 18 0 0 0 17 0 0 -999 
P11942 2050 7 0 0 0 0 0 0 0 19 17 18 0 15 14 0 0 18 0 20 0 17 0 0 0 0 0 12 17 0 18 0 0 
P11942 2050 8 0 17 0 26 33 0 28 0 16 0 0 21 0 0 0 0 20 0 18 0 0 0 0 26 0 0 0 0 0 0 0 
P11942 2050 9 0 17 0 0 14 17 8 0 0 0 0 0 8 0 0 0 16 0 0 0 11 0 0 0 0 0 15 0 0 11 -999 
P11942 2050 10 0 16 0 14 0 0 0 0 0 0 0 0 0 35 0 22 0 18 22 24 22 17 15 0 0 0 0 13 13 0 17 
P11942 2050 11 10 0 27 0 0 0 0 0 0 23 0 0 13 0 15 0 0 9 4 5 7 0 0 14 19 0 5 15 20 0 -999 
P11942 2050 12 0 0 10 19 0 2 4 0 0 9 0 10 0 11 0 23 0 24 0 0 0 0 0 0 8 0 0 0 0 0 8 
P11942 2051 1 0 8 0 0 0 0 0 3 0 15 14 13 0 10 12 0 0 5 0 0 0 5 0 0 0 0 0 0 0 12 0 
P11942 2051 2 18 22 20 22 0 9 6 0 0 0 0 0 0 0 0 12 0 0 10 21 0 15 0 0 0 0 0 12 -999 -999 -999 
P11942 2051 3 10 0 0 0 11 8 0 0 0 17 0 0 9 18 22 19 21 0 0 14 0 20 0 0 0 0 0 0 0 0 0 
P11942 2051 4 0 0 0 20 16 0 29 0 19 50 0 0 10 0 14 7 0 0 0 0 0 0 9 15 0 0 19 43 38 0 -999 
P11942 2051 5 0 0 0 27 0 17 0 0 12 11 0 11 12 0 0 22 18 0 0 20 0 19 0 0 0 0 0 0 16 0 0 
P11942 2051 6 15 0 25 0 0 0 0 0 13 22 23 0 0 0 16 0 0 0 19 0 0 0 0 9 0 0 0 20 0 0 -999 
P11942 2051 7 0 0 0 0 0 0 0 0 0 0 0 0 20 0 0 14 0 21 0 0 0 0 0 0 0 0 18 0 0 0 16 
P11942 2051 8 19 0 0 0 24 0 0 0 0 0 0 0 0 0 17 0 0 0 0 0 18 0 19 0 0 0 0 0 17 0 7 
P11942 2051 9 12 0 0 0 0 0 0 0 0 0 0 20 0 0 0 0 0 0 0 12 0 0 0 0 0 0 0 7 0 0 -999 
P11942 2051 10 18 18 0 0 0 0 0 14 14 13 0 0 0 0 0 7 0 0 0 0 0 0 0 0 0 0 0 26 25 22 0 
P11942 2051 11 0 12 0 17 0 0 0 0 0 0 0 8 17 21 0 13 7 0 19 22 0 0 0 7 0 0 0 0 5 0 -999 
P11942 2051 12 0 0 0 0 0 23 0 22 0 0 0 0 16 13 15 0 0 12 14 0 0 0 23 0 0 0 0 0 0 0 0 
P11942 2052 1 0 0 8 0 0 0 0 0 0 0 0 0 0 0 0 0 0 0 0 0 0 0 0 0 0 0 0 23 0 0 3 
P11942 2052 2 0 0 0 0 0 0 0 0 0 0 0 0 6 0 0 0 0 0 24 0 0 11 0 0 14 0 0 0 -999 -999 -999 
P11942 2052 3 0 0 5 0 0 0 17 28 0 0 0 11 15 0 0 19 0 0 10 0 21 18 0 0 0 19 0 0 0 8 0 
P11942 2052 4 2 0 13 13 0 8 0 0 0 0 0 8 0 0 0 0 0 0 0 0 0 0 0 0 0 0 13 0 0 19 -999 
P11942 2052 5 17 0 8 0 11 0 25 0 15 0 0 26 0 0 0 0 0 0 0 0 0 0 0 0 27 0 0 20 22 0 0 
P11942 2052 6 0 0 0 0 20 0 0 0 0 0 0 31 41 28 0 0 0 0 0 0 0 0 0 0 0 0 0 10 0 0 -999 
P11942 2052 7 21 30 0 0 0 0 12 21 0 0 0 0 20 0 0 0 0 0 0 0 16 21 27 0 15 0 0 0 14 0 0 
P11942 2052 8 20 0 0 0 15 0 15 0 0 0 0 0 21 15 0 0 15 0 21 0 25 0 0 16 0 0 21 0 0 0 0 
P11942 2052 9 0 18 0 0 0 0 0 0 16 0 0 0 9 0 12 0 0 14 15 16 30 0 0 0 0 0 14 0 0 0 -999 
P11942 2052 10 0 0 0 0 0 7 0 0 0 0 0 0 0 8 0 0 0 0 0 0 0 0 0 0 0 0 0 0 0 0 0 
P11942 2052 11 7 14 0 27 31 17 0 8 0 0 0 0 0 11 16 0 22 0 28 0 0 0 11 0 0 0 0 0 0 17 -999 
P11942 2052 12 22 25 10 4 5 3 4 0 0 38 39 36 26 12 0 0 0 4 0 0 0 7 0 0 0 5 5 0 0 0 0 
P11942 2053 1 0 0 0 0 0 0 0 0 0 0 8 8 0 8 0 6 4 5 0 3 0 0 4 0 0 0 0 0 0 0 0 
P11942 2053 2 0 10 12 0 0 0 25 21 15 9 5 8 0 6 0 0 0 7 0 0 3 6 0 0 9 0 0 42 -999 -999 -999 
P11942 2053 3 31 15 11 7 0 0 0 3 5 0 18 0 17 0 15 26 24 38 0 23 22 22 20 0 0 0 0 0 12 14 24 
P11942 2053 4 26 0 0 0 14 14 17 11 0 0 12 15 0 0 0 7 0 10 16 0 21 12 12 14 24 21 0 0 18 27 -999 
P11942 2053 5 27 24 26 0 28 45 23 0 21 0 0 19 19 14 0 0 18 0 0 0 22 0 0 23 14 9 9 10 0 0 0 
P11942 2053 6 0 18 0 21 0 0 0 14 0 15 0 15 0 12 0 21 22 0 0 0 0 0 0 17 0 0 0 0 0 0 -999 
P11942 2053 7 16 0 0 20 0 26 14 0 0 14 0 0 0 0 0 22 0 0 0 0 24 0 0 0 0 16 0 24 24 0 0 
P11942 2053 8 0 16 0 0 0 0 26 24 0 0 0 13 0 19 19 0 0 0 0 29 0 0 0 0 0 0 0 9 11 0 0 
P11942 2053 9 18 0 0 0 0 0 0 0 0 0 19 0 0 13 0 0 0 0 0 0 14 0 0 0 0 0 0 0 0 0 -999 
P11942 2053 10 0 0 0 0 0 0 0 0 22 19 0 0 18 0 14 18 27 27 0 0 0 0 10 0 0 8 0 0 15 0 0 
P11942 2053 11 14 0 25 36 0 20 0 0 12 23 19 0 0 0 7 23 35 0 21 0 0 9 7 0 0 0 0 2 0 0 -999 
P11942 2053 12 0 0 0 0 0 0 0 0 0 0 3 0 0 0 0 0 0 6 0 2 0 0 5 0 4 9 0 10 15 11 0 
P11942 2054 1 0 15 22 11 15 24 18 8 0 0 25 17 0 0 13 18 15 0 0 0 0 0 12 0 0 4 6 11 15 6 0 
P11942 2054 2 0 0 13 0 0 0 0 10 0 0 0 0 0 0 22 0 0 0 0 3 0 0 0 0 0 0 0 0 -999 -999 -999 
P11942 2054 3 4 0 0 0 0 0 0 0 0 4 0 0 7 0 7 0 0 17 14 10 7 0 14 19 0 0 0 0 0 21 0 
P11942 2054 4 18 14 14 14 18 24 22 14 0 0 0 0 30 0 13 0 10 0 25 0 22 16 0 0 0 0 0 29 32 25 -999 
P11942 2054 5 9 12 0 16 14 0 14 0 0 0 18 24 16 18 21 0 26 22 19 16 18 22 0 26 21 15 15 16 0 0 11 
P11942 2054 6 0 0 13 0 0 0 0 0 15 21 21 0 21 15 0 0 0 0 0 0 14 0 0 10 0 16 21 0 0 0 -999 
P11942 2054 7 0 0 0 0 22 0 0 0 0 14 0 0 0 0 0 0 0 0 0 0 0 0 0 19 0 0 0 0 0 0 0 
P11942 2054 8 0 0 0 0 0 18 0 20 0 0 0 0 0 0 14 0 13 0 15 0 23 23 10 14 0 0 17 0 13 8 0 
P11942 2054 9 0 0 0 0 0 0 0 0 0 0 0 0 27 19 16 14 0 0 11 0 0 0 0 24 16 16 0 0 11 20 -999 
P11942 2054 10 19 11 9 0 0 6 8 6 6 0 0 0 0 0 0 0 13 0 0 0 0 8 0 0 24 15 0 9 10 13 0 
P11942 2054 11 19 28 18 0 0 0 0 11 22 26 9 0 9 0 36 22 0 0 0 0 21 0 0 0 0 0 0 0 0 0 -999 
P11942 2054 12 0 6 0 0 0 0 0 12 0 10 0 0 0 0 0 0 0 0 0 0 0 0 0 3 9 8 0 6 0 0 0 
P11942 2055 1 0 0 0 0 6 0 0 0 0 0 0 0 11 0 0 0 0 14 0 28 36 0 0 0 0 0 0 0 7 0 0 
P11942 2055 2 2 0 0 8 0 0 10 12 6 0 0 0 1 0 3 0 0 0 0 0 5 0 0 0 20 29 23 0 -999 -999 -999 
P11942 2055 3 0 0 0 28 30 37 0 0 0 0 11 16 0 0 0 0 0 7 0 0 0 10 0 10 9 3 0 0 0 0 0 
P11942 2055 4 0 12 10 0 0 7 0 5 0 0 0 0 0 0 0 0 0 19 19 0 0 22 16 6 12 0 10 0 12 0 -999 
P11942 2055 5 12 0 0 0 0 0 17 0 0 18 42 0 28 19 12 0 10 0 16 0 0 0 0 0 0 0 0 25 16 16 0 
P11942 2055 6 0 0 15 15 0 0 0 0 0 18 0 20 15 0 0 0 16 0 0 0 0 0 19 0 0 0 0 7 0 0 -999 
P11942 2055 7 0 21 14 9 0 0 0 17 16 0 0 0 0 0 0 13 0 0 0 0 0 0 0 21 0 15 0 0 0 0 0 
P11942 2055 8 0 0 0 20 0 0 0 0 0 0 0 0 20 0 0 0 0 0 0 0 20 0 0 0 14 0 0 0 0 0 0 
P11942 2055 9 0 18 0 0 14 0 0 13 0 13 0 0 13 0 0 0 0 16 0 0 0 24 0 10 0 0 0 12 17 0 -999 
P11942 2055 10 0 0 12 0 13 15 0 13 0 0 0 12 11 10 0 0 16 15 0 14 9 0 0 0 0 0 0 0 0 4 6 
P11942 2055 11 5 8 0 0 0 10 15 27 24 15 0 0 0 15 0 13 27 0 0 15 0 5 0 9 0 0 27 24 25 19 -999 
P11942 2055 12 17 10 4 3 0 0 0 6 7 0 0 0 0 0 0 0 0 0 0 0 0 0 7 0 0 0 0 7 0 0 16 
P11942 2056 1 0 0 0 15 11 7 6 5 4 0 0 0 0 0 0 0 0 9 10 7 0 0 0 0 10 9 0 0 4 0 8 
P11942 2056 2 0 26 30 13 15 0 0 0 0 20 25 0 0 8 11 0 0 0 0 9 0 11 0 0 21 0 26 54 -999 -999 -999 
P11942 2056 3 31 0 24 13 9 15 13 14 13 14 0 0 19 24 31 21 9 0 15 27 13 0 0 21 0 0 16 0 44 14 0 
P11942 2056 4 14 0 18 17 0 0 0 4 6 0 16 0 0 0 10 13 0 0 0 24 0 0 0 11 0 9 0 0 0 7 -999 
P11942 2056 5 0 0 0 12 16 0 16 18 0 0 29 14 11 0 0 0 25 28 0 0 20 24 0 16 0 0 0 0 0 0 0 
P11942 2056 6 20 14 0 0 26 9 0 11 0 0 17 0 0 0 0 0 0 0 0 0 28 30 0 0 0 16 14 0 0 0 -999 
P11942 2056 7 0 21 0 26 0 0 0 0 0 11 0 0 0 0 0 20 23 20 0 0 0 0 21 0 0 0 14 0 12 0 16 
P11942 2056 8 0 0 0 0 0 0 0 0 0 0 24 0 0 0 0 0 0 18 0 18 0 20 0 0 0 0 0 0 16 0 0 
P11942 2056 9 0 0 9 0 12 18 19 0 10 0 0 0 0 9 0 0 0 0 11 0 0 0 0 0 0 0 0 0 0 0 -999 
P11942 2056 10 0 13 11 0 0 0 0 16 0 0 0 0 0 0 0 0 0 0 0 0 14 0 0 17 21 19 15 0 0 0 0 
P11942 2056 11 10 0 0 8 8 9 0 0 0 0 0 21 10 0 0 11 13 0 0 0 0 0 0 0 0 0 0 0 0 0 -999 
P11942 2056 12 0 0 0 0 0 0 6 0 0 0 4 0 0 0 7 0 8 0 0 17 0 9 0 0 0 0 7 14 14 0 4 
P11942 2057 1 0 0 12 7 7 3 0 2 0 0 8 0 7 0 0 0 0 21 38 22 0 0 0 6 0 8 14 43 26 19 12 
P11942 2057 2 18 0 0 0 0 0 0 0 0 0 3 0 0 0 0 0 0 0 0 0 7 0 0 11 0 17 20 0 -999 -999 -999 
P11942 2057 3 0 14 7 0 0 0 0 0 0 0 0 12 12 9 14 25 22 22 21 24 15 0 0 0 0 9 0 45 33 0 0 
P11942 2057 4 0 0 16 0 11 6 0 0 15 0 0 15 0 0 0 0 12 0 24 0 0 0 28 37 0 0 0 0 8 0 -999 
P11942 2057 5 0 0 30 20 21 0 22 26 34 0 0 12 9 0 0 0 0 0 0 0 22 27 0 18 21 22 0 19 0 0 0 
P11942 2057 6 0 0 0 0 0 0 16 0 21 0 0 21 0 14 0 0 0 0 0 12 0 20 0 17 0 0 0 10 0 0 -999 
P11942 2057 7 0 0 0 0 15 0 0 0 0 0 0 0 0 21 19 0 29 0 14 0 10 10 0 0 15 0 20 19 0 0 15 
P11942 2057 8 0 0 0 0 0 0 0 0 17 0 0 0 0 19 0 0 0 0 0 0 19 0 0 0 0 0 0 13 12 0 11 
P11942 2057 9 0 0 28 0 0 0 0 0 0 0 13 0 9 0 0 0 19 21 0 0 0 0 0 0 0 19 0 0 0 8 -999 
P11942 2057 10 0 13 0 14 17 0 12 0 0 0 12 12 17 0 0 3 0 0 0 0 10 0 0 0 0 18 0 0 0 0 0 
P11942 2057 11 0 7 0 5 4 0 0 0 0 0 0 14 20 16 19 18 0 10 0 20 10 0 0 0 9 0 15 33 9 5 -999 
P11942 2057 12 9 0 0 10 3 0 0 0 0 0 6 0 9 0 8 0 0 0 5 5 0 0 17 0 11 6 7 0 0 0 0 
P11942 2058 1 9 9 6 0 0 7 12 13 5 13 7 9 0 8 9 13 9 0 0 0 0 0 0 0 0 0 21 52 45 24 0 
P11942 2058 2 7 0 0 0 13 16 5 8 0 5 0 0 0 0 0 0 0 0 0 8 6 0 9 13 0 9 0 0 -999 -999 -999 
P11942 2058 3 0 0 0 0 0 12 0 0 0 0 0 19 14 0 0 14 16 0 0 15 13 0 0 0 0 0 0 10 16 11 0 
P11942 2058 4 23 0 19 14 8 0 0 21 17 26 0 0 61 0 0 0 25 28 22 0 0 0 17 20 24 20 0 0 23 24 -999 
P11942 2058 5 0 9 0 0 21 21 12 10 0 0 0 0 0 0 0 36 31 0 0 31 0 0 0 0 0 0 0 0 0 0 0 
P11942 2058 6 0 17 0 16 0 0 0 21 0 20 0 16 18 19 0 0 19 21 0 0 0 0 16 0 0 0 0 10 0 10 -999 
P11942 2058 7 14 0 0 0 0 0 0 0 0 0 0 0 0 0 24 21 0 0 19 0 0 0 0 0 0 0 21 0 0 0 0 
P11942 2058 8 0 0 17 22 0 0 10 0 0 36 45 29 0 0 0 0 0 0 20 15 0 0 0 9 10 0 0 0 0 0 0 
P11942 2058 9 0 0 0 16 0 22 25 0 0 37 0 14 0 0 13 0 0 0 0 0 0 0 9 0 0 0 0 0 0 0 -999 
P11942 2058 10 8 0 21 0 0 17 0 0 0 0 0 0 0 0 10 11 0 0 0 0 38 14 10 0 0 0 0 12 0 0 0 
P11942 2058 11 5 0 0 0 8 0 0 0 27 0 20 0 0 0 0 10 0 0 0 0 0 0 11 0 0 0 0 0 5 0 -999 
P11942 2058 12 0 0 0 0 5 0 16 19 0 0 0 0 0 0 0 0 0 0 0 0 0 0 0 0 0 13 8 9 4 3 0 
P11942 2059 1 0 0 0 0 0 6 5 7 5 3 0 0 0 7 7 0 6 0 0 0 0 0 0 0 0 0 0 0 0 0 0 
P11942 2059 2 0 0 0 0 0 0 0 4 0 0 20 41 24 7 5 4 0 0 0 0 0 0 0 0 0 0 0 0 -999 -999 -999 
P11942 2059 3 0 0 0 0 0 0 5 0 0 0 0 0 10 0 0 0 9 0 18 9 0 0 0 0 13 27 41 0 29 31 0 
P11942 2059 4 27 17 0 0 0 0 13 0 21 27 0 0 19 0 13 11 0 0 22 0 20 18 12 20 11 0 0 10 0 0 -999 
P11942 2059 5 0 0 0 10 17 18 9 0 0 0 0 0 0 16 0 22 0 0 18 13 0 0 17 28 0 15 0 0 0 0 0 
P11942 2059 6 0 0 23 23 0 17 18 26 31 21 0 11 0 19 15 0 21 0 0 0 0 0 0 24 23 0 25 0 0 16 -999 
P11942 2059 7 21 0 0 23 0 0 0 0 0 0 0 20 0 0 0 0 0 0 0 23 0 0 0 20 0 19 15 0 0 0 0 
P11942 2059 8 0 0 0 0 0 0 0 0 0 0 0 0 0 0 0 0 0 0 0 0 0 0 0 0 0 0 0 0 0 0 0 
P11942 2059 9 11 0 11 12 0 0 0 0 0 0 0 0 0 0 22 0 12 0 10 10 0 0 0 0 0 0 0 0 0 0 -999 
P11942 2059 10 0 15 9 0 0 0 18 0 10 0 0 0 0 0 12 0 0 12 0 12 0 0 0 0 8 0 0 0 0 0 0 
P11942 2059 11 10 0 0 10 0 5 0 0 0 0 0 0 0 8 8 0 6 0 16 0 0 0 4 0 0 3 0 0 0 0 -999 
P11942 2059 12 0 0 0 15 0 0 27 0 19 17 0 0 0 0 0 0 0 0 0 0 0 0 0 5 7 10 11 11 12 0 0 
P11942 2060 1 15 9 0 0 0 0 0 0 0 9 0 47 51 0 24 21 19 0 0 0 0 0 0 0 0 0 0 0 4 0 0 
P11942 2060 2 12 0 0 0 0 4 0 0 0 5 4 0 8 0 8 0 0 0 6 0 11 0 0 0 0 0 0 10 -999 -999 -999 
P11942 2060 3 12 0 8 17 0 0 64 45 0 0 0 12 0 0 0 0 0 0 0 10 0 17 0 0 0 14 0 27 26 0 17 
P11942 2060 4 0 0 19 25 21 17 0 0 0 31 24 0 0 0 0 18 0 0 0 17 14 0 14 0 6 0 0 20 14 11 -999 
P11942 2060 5 0 0 14 21 18 0 8 0 0 20 0 16 0 0 10 19 0 0 0 0 0 17 0 0 0 0 8 0 0 32 0 
P11942 2060 6 0 16 18 0 18 0 0 0 16 0 0 0 0 0 23 22 0 0 0 25 23 0 0 0 0 0 0 21 0 0 -999 
P11942 2060 7 14 0 0 13 0 0 0 0 0 23 0 0 20 0 22 0 0 0 0 0 0 0 0 0 0 0 21 0 0 0 0 
P11942 2060 8 0 0 21 0 0 0 18 0 0 24 22 0 0 17 0 0 0 0 0 0 0 0 0 0 0 0 22 0 0 0 17 
P11942 2060 9 0 0 17 0 0 0 0 0 0 0 26 0 22 0 15 0 19 0 0 0 0 0 0 0 0 0 0 0 18 22 -999 
P11942 2060 10 18 0 5 0 0 0 0 0 10 0 6 0 0 0 0 0 0 0 0 0 0 0 0 10 0 0 0 0 0 0 0 
P11942 2060 11 16 0 0 18 20 0 0 11 18 0 0 14 0 0 0 0 0 16 0 0 13 0 0 0 0 8 0 7 10 0 -999 
P11942 2060 12 0 0 0 9 0 0 11 0 0 0 0 0 0 0 0 0 0 11 0 0 0 7 13 18 9 0 8 13 23 35 0 
P11942 2061 1 0 0 0 0 0 0 16 16 0 0 1 0 0 0 0 0 0 0 0 5 8 0 0 0 0 0 0 0 0 0 0 
P11942 2061 2 6 8 0 5 0 0 0 0 12 0 0 18 0 0 0 0 0 0 5 0 0 10 0 0 0 18 0 0 -999 -999 -999 
P11942 2061 3 0 15 0 0 0 0 0 13 0 0 0 0 14 0 0 0 26 27 0 0 0 0 18 0 28 32 14 0 8 0 0 
P11942 2061 4 25 26 23 19 15 0 0 0 0 0 0 13 10 0 0 0 0 0 17 13 0 0 7 0 0 0 26 0 0 29 -999 
P11942 2061 5 26 16 14 15 0 20 26 0 9 8 0 8 0 25 31 0 19 17 0 0 0 0 0 0 9 0 0 0 0 0 0 
P11942 2061 6 0 0 0 0 10 10 0 0 18 0 20 17 22 0 23 0 0 19 0 0 0 0 22 0 0 0 23 22 0 0 -999 
P11942 2061 7 12 0 0 0 0 0 0 0 18 0 0 0 0 26 28 0 0 0 0 0 0 16 0 0 0 0 0 0 0 17 0 
P11942 2061 8 0 16 0 0 0 0 0 0 0 0 0 0 19 0 0 0 0 9 0 0 0 0 0 0 0 16 19 17 0 0 0 
P11942 2061 9 0 0 0 0 0 0 0 12 15 15 0 0 0 0 0 0 0 17 0 0 0 0 0 0 0 17 0 0 10 16 -999 
P11942 2061 10 12 16 0 0 0 0 0 16 0 0 0 0 0 0 13 21 0 0 11 15 0 11 0 17 0 6 9 0 0 0 0 
P11942 2061 11 20 18 0 0 15 0 8 0 0 14 5 0 10 0 4 0 0 20 0 0 0 0 0 0 0 0 0 15 0 0 -999 
P11942 2061 12 6 0 0 0 0 7 0 0 0 0 0 0 0 0 16 16 14 0 0 0 0 18 20 0 0 8 0 0 0 0 0 
P11942 2062 1 0 0 0 0 0 0 0 0 0 0 0 0 0 0 8 0 0 0 21 0 3 0 0 0 5 10 11 0 2 2 0 
P11942 2062 2 0 0 0 0 0 0 16 18 15 0 6 0 3 4 0 0 0 4 0 0 0 10 0 19 22 21 15 0 -999 -999 -999 
P11942 2062 3 0 0 0 10 0 0 7 0 0 6 16 21 25 45 31 27 0 14 30 27 0 0 0 0 12 0 0 2 0 0 0 
P11942 2062 4 0 0 0 0 0 9 0 11 9 13 0 0 0 0 0 0 4 0 0 15 0 0 17 0 0 22 0 0 0 22 -999 
P11942 2062 5 9 0 0 0 0 0 0 21 27 25 0 0 9 0 0 0 0 0 0 0 0 0 0 0 0 0 0 13 0 0 0 
P11942 2062 6 0 0 26 41 0 23 0 0 0 18 0 0 17 16 18 0 0 0 18 22 24 0 0 23 0 0 0 0 16 0 -999 
P11942 2062 7 0 22 0 0 0 0 0 14 0 0 0 0 0 0 23 0 0 22 0 0 24 0 0 19 0 0 0 0 0 10 0 
P11942 2062 8 0 0 0 0 0 23 28 0 0 0 0 0 21 18 0 0 0 0 0 0 0 0 0 20 0 0 0 0 0 0 0 
P11942 2062 9 9 10 10 0 0 0 0 0 0 11 0 0 0 12 14 0 0 0 0 12 0 13 0 0 12 0 0 18 0 0 -999 
P11942 2062 10 0 0 23 40 23 0 0 0 0 0 15 0 22 0 5 5 7 0 0 0 6 0 0 0 0 0 0 0 13 0 0 
P11942 2062 11 0 0 7 0 10 0 0 13 0 7 0 0 13 0 0 0 0 7 0 0 0 0 0 9 0 0 0 15 0 0 -999 
P11942 2062 12 0 0 0 0 0 0 0 0 6 0 12 32 0 0 2 0 0 11 0 0 0 0 0 5 0 0 0 0 0 0 0 
P11942 2063 1 29 25 15 0 0 0 0 0 0 5 0 0 0 19 0 13 30 0 13 13 0 20 0 0 27 19 0 0 0 12 9 
P11942 2063 2 19 5 0 0 0 5 0 0 0 9 0 0 0 0 9 15 0 0 0 0 0 0 0 0 10 0 0 0 -999 -999 -999 
P11942 2063 3 0 0 5 0 8 11 17 0 8 11 0 30 22 22 18 23 40 21 11 0 7 14 0 0 0 24 21 9 9 6 0 
P11942 2063 4 10 0 0 0 23 21 0 0 26 14 11 10 0 0 0 18 10 0 13 16 0 0 13 9 0 0 10 0 9 0 -999 
P11942 2063 5 20 17 0 0 0 0 7 6 8 0 0 24 24 24 25 20 0 0 10 0 20 0 0 0 0 0 19 0 0 0 0 
P11942 2063 6 0 15 0 0 0 20 26 0 0 0 0 0 18 0 0 0 0 27 0 0 0 0 0 0 0 0 0 0 0 0 -999 
P11942 2063 7 0 0 0 27 0 26 0 0 0 19 0 0 0 14 0 0 0 0 0 0 0 0 15 0 0 0 17 15 0 0 0 
P11942 2063 8 0 0 0 0 15 0 0 19 16 29 29 0 0 0 15 15 0 15 0 0 0 0 0 0 0 15 0 0 0 14 0 
P11942 2063 9 0 17 0 0 10 0 0 18 0 0 0 0 0 0 0 21 0 0 0 0 0 21 23 0 0 0 0 19 0 0 -999 
P11942 2063 10 5 0 0 0 0 0 0 0 9 0 0 0 19 0 9 0 0 0 0 0 9 0 15 14 0 0 13 0 0 9 0 
P11942 2063 11 0 0 0 0 0 0 0 0 0 0 0 0 8 0 0 4 0 0 0 0 0 11 0 0 0 0 0 0 0 0 -999 
P11942 2063 12 2 2 0 5 0 0 0 0 0 0 0 0 0 6 0 19 0 16 5 0 0 0 0 0 0 0 0 0 0 0 0 
P11942 2064 1 0 0 0 0 0 0 0 0 0 0 0 0 0 0 0 4 0 0 0 0 3 0 0 0 0 0 7 9 7 6 6 
P11942 2064 2 5 5 0 19 0 13 0 5 0 0 0 0 0 0 0 0 0 0 0 0 0 9 0 0 6 0 0 0 -999 -999 -999 
P11942 2064 3 0 0 0 8 0 30 0 14 21 0 17 0 13 22 32 44 56 33 23 0 0 22 15 15 19 24 16 0 0 0 0 
P11942 2064 4 0 9 16 0 0 57 0 25 0 0 24 40 33 20 24 21 16 0 18 0 15 0 0 0 0 19 23 0 0 21 -999 
P11942 2064 5 23 22 20 0 0 19 16 0 14 0 0 0 0 10 13 0 22 17 17 0 0 16 0 0 21 0 0 0 0 18 0 
P11942 2064 6 14 19 0 0 0 0 20 0 0 0 0 0 28 30 34 0 0 0 0 0 0 0 0 0 12 0 0 0 0 30 -999 
P11942 2064 7 0 0 0 0 22 22 25 31 0 24 24 0 0 0 12 0 0 0 0 0 17 0 0 22 0 0 0 0 20 16 0 
P11942 2064 8 0 0 0 0 0 21 0 0 0 0 0 16 23 0 0 0 11 0 0 0 20 0 0 0 0 0 27 25 0 14 0 
P11942 2064 9 27 40 0 10 10 0 0 0 0 0 0 0 15 0 0 0 0 0 0 0 0 0 17 0 17 13 0 9 0 0 -999 
P11942 2064 10 0 0 0 0 0 13 20 0 0 0 0 8 0 0 0 0 0 0 0 0 0 0 0 9 0 0 7 0 5 4 0 
P11942 2064 11 0 0 0 5 0 0 7 0 0 0 0 0 0 13 18 11 0 0 0 0 0 0 0 0 0 0 0 0 0 0 -999 
P11942 2064 12 0 0 0 0 8 0 0 14 13 13 0 0 8 0 6 0 0 0 0 13 14 0 32 0 0 0 3 0 0 0 0 
P11942 2065 1 0 0 0 6 0 0 11 8 9 0 0 0 9 0 0 9 7 0 0 0 5 6 0 0 4 0 8 0 0 0 0 
P11942 2065 2 9 0 0 0 0 0 0 6 0 9 0 13 0 0 87 36 35 0 19 0 22 6 0 0 0 0 0 0 -999 -999 -999 
P11942 2065 3 0 0 0 0 0 0 0 0 0 8 14 0 0 12 7 0 0 0 0 0 0 22 0 54 44 33 35 36 0 0 0 
P11942 2065 4 16 0 0 0 0 13 0 0 0 0 0 0 0 13 0 0 0 0 14 0 0 0 0 8 0 0 12 0 0 21 -999 
P11942 2065 5 0 0 0 0 10 13 15 0 0 0 13 0 17 14 14 0 0 0 0 26 0 19 0 0 15 17 0 0 0 0 0 
P11942 2065 6 0 15 0 19 0 0 0 14 24 0 8 7 0 0 0 23 0 0 0 0 20 22 14 16 0 0 0 0 19 0 -999 
P11942 2065 7 22 16 25 0 12 0 0 0 0 0 0 27 0 0 0 0 11 0 0 0 0 0 0 0 0 0 19 0 0 0 0 
P11942 2065 8 0 0 0 15 0 0 21 0 0 0 0 0 0 0 0 12 0 0 20 0 0 0 0 0 0 0 0 25 0 0 0 
P11942 2065 9 0 0 0 0 0 0 0 0 0 0 0 0 0 0 13 14 0 0 0 0 0 0 0 0 0 20 17 0 0 0 -999 
P11942 2065 10 0 9 0 10 0 23 0 0 42 27 19 0 0 0 0 10 0 0 0 31 15 0 0 29 17 0 0 0 0 0 0 
P11942 2065 11 0 0 0 0 6 0 0 0 0 0 0 0 0 0 0 0 0 4 4 11 0 13 6 4 0 4 0 21 14 11 -999 
P11942 2065 12 0 0 0 7 9 0 0 0 9 0 23 59 17 0 0 0 14 12 13 14 18 19 12 15 10 0 0 9 0 0 0 
P11942 2066 1 0 3 0 0 0 9 12 10 0 20 19 44 17 8 0 0 3 0 0 15 0 11 14 16 0 12 0 0 8 0 0 
P11942 2066 2 0 0 0 0 9 9 5 0 6 0 0 0 0 0 0 0 5 0 0 0 0 0 0 0 16 27 17 18 -999 -999 -999 
P11942 2066 3 24 0 9 0 0 0 0 0 0 0 0 0 0 0 7 0 7 0 7 0 0 0 0 0 0 0 0 8 0 0 0 
P11942 2066 4 20 24 16 0 0 6 0 17 0 0 0 0 16 16 0 23 23 13 6 0 11 10 11 0 0 16 22 0 28 13 -999 
P11942 2066 5 11 0 11 0 0 11 17 20 18 14 0 13 0 0 0 0 8 0 28 16 0 7 7 0 0 0 0 11 0 0 14 
P11942 2066 6 0 15 0 19 0 0 0 0 0 16 0 0 20 19 23 0 0 0 0 0 0 20 22 0 0 0 0 0 17 0 -999 
P11942 2066 7 20 0 0 0 0 0 0 0 0 0 0 26 0 0 0 0 0 0 0 0 0 0 11 18 19 0 0 0 0 0 0 
P11942 2066 8 0 19 0 0 20 0 0 0 0 0 0 19 0 0 0 0 18 0 20 0 0 0 0 0 0 22 20 10 0 0 0 
P11942 2066 9 0 16 0 0 0 0 0 0 0 18 19 0 12 0 0 0 0 0 0 0 19 16 18 0 0 15 0 0 0 0 -999 
P11942 2066 10 27 0 0 0 22 12 0 0 0 0 0 0 0 0 0 13 0 0 17 0 16 0 10 0 0 10 13 19 29 0 13 
P11942 2066 11 0 0 0 0 21 0 0 10 16 0 5 0 14 0 10 0 0 0 0 25 0 10 0 0 0 0 0 0 0 0 -999 
P11942 2066 12 0 0 0 9 9 0 0 4 0 6 0 6 0 11 23 19 24 25 16 15 9 6 0 0 0 0 6 0 0 11 9 
P11942 2067 1 6 12 16 2 0 5 0 0 0 0 0 35 15 0 0 22 25 37 20 24 31 53 36 28 13 14 28 25 10 0 7 
P11942 2067 2 0 0 0 12 0 0 0 14 6 6 7 0 4 14 11 5 3 11 25 29 0 4 0 3 0 0 9 0 -999 -999 -999 
P11942 2067 3 0 0 0 11 10 9 0 11 0 0 0 0 0 4 0 0 0 0 6 0 17 16 12 17 0 0 0 0 8 0 5 
P11942 2067 4 0 0 0 0 0 13 0 0 21 0 0 0 0 19 21 25 0 21 28 16 14 0 17 0 23 0 11 0 18 0 -999 
P11942 2067 5 0 21 25 0 31 34 0 0 0 0 29 29 0 19 17 18 0 0 0 0 23 0 0 13 14 16 0 9 0 0 13 
P11942 2067 6 0 0 0 0 0 0 0 16 0 14 0 0 0 0 0 20 0 0 23 0 0 0 0 0 0 0 0 0 16 0 -999 
P11942 2067 7 0 0 0 0 0 0 13 0 0 0 0 0 20 0 27 0 22 21 0 0 0 0 0 18 0 20 0 23 0 14 0 
P11942 2067 8 0 15 0 0 0 0 15 14 0 0 0 0 19 0 18 18 0 0 0 0 24 0 0 14 14 18 0 0 0 0 0 
P11942 2067 9 0 0 0 0 0 15 0 0 0 0 0 0 0 0 18 0 0 0 8 0 10 0 13 0 0 17 0 21 0 0 -999 
P11942 2067 10 0 0 0 0 9 0 10 0 0 15 8 0 0 0 12 0 14 0 0 0 0 0 0 8 0 0 0 0 0 0 0 
P11942 2067 11 9 0 0 0 0 0 0 0 6 8 0 0 0 0 0 0 0 13 0 0 0 0 0 0 0 3 0 0 0 0 -999 
P11942 2067 12 7 7 10 0 8 0 0 0 0 0 0 0 0 0 0 0 0 0 0 0 0 0 3 0 0 0 0 13 11 7 6 
P11942 2068 1 0 4 0 0 0 15 0 0 0 0 0 0 0 0 0 0 0 5 0 0 0 0 0 0 0 10 0 10 8 6 4 
P11942 2068 2 0 3 0 0 8 0 39 48 0 0 7 0 0 0 0 0 0 0 4 0 0 0 0 0 15 0 0 10 -999 -999 -999 
P11942 2068 3 8 12 0 13 24 29 31 0 5 10 0 0 0 0 3 0 14 16 7 6 0 0 11 5 0 0 0 0 0 0 27 
P11942 2068 4 0 0 11 0 0 0 0 30 26 11 10 12 16 20 0 0 19 15 10 0 0 10 0 18 0 0 17 17 16 0 -999 
P11942 2068 5 20 21 28 21 0 20 0 0 18 27 18 18 27 30 18 24 0 0 26 24 0 0 0 0 18 0 0 0 23 17 0 
P11942 2068 6 29 26 0 18 13 0 15 15 0 0 0 0 0 0 0 0 0 0 0 0 0 29 0 0 32 24 30 27 17 16 -999 
P11942 2068 7 0 0 0 0 18 0 0 0 24 0 0 17 0 0 0 0 12 0 0 0 0 0 0 0 0 14 17 0 0 0 0 
P11942 2068 8 15 17 0 0 11 0 0 0 21 0 0 0 0 22 16 0 0 14 0 0 0 0 0 0 0 22 23 0 0 0 0 
P11942 2068 9 0 0 0 0 0 0 0 0 22 0 0 25 0 0 0 0 0 0 0 0 0 7 11 18 0 0 0 11 0 0 -999 
P11942 2068 10 0 0 0 0 0 0 0 0 11 10 0 15 0 0 0 0 0 0 6 0 0 0 0 0 0 0 0 0 0 0 0 
P11942 2068 11 0 21 0 14 0 0 0 0 0 0 0 0 0 0 0 0 11 0 10 0 11 0 0 0 5 0 4 0 0 0 -999 
P11942 2068 12 0 0 0 4 0 0 0 10 13 7 9 0 6 22 27 14 0 0 9 0 13 0 0 0 0 28 21 0 0 0 0 
P11942 2069 1 0 12 26 0 0 0 0 0 0 0 0 0 0 0 0 0 0 0 2 0 0 0 0 0 0 0 0 13 16 4 0 
P11942 2069 2 0 0 0 0 20 0 0 0 19 17 9 9 0 0 0 0 0 0 0 0 17 21 12 0 0 0 21 8 -999 -999 -999 
P11942 2069 3 0 0 0 7 0 0 0 0 13 0 17 16 0 0 0 0 0 0 0 0 0 0 0 0 0 21 0 16 14 0 0 
P11942 2069 4 39 0 23 0 13 14 24 0 16 0 19 0 13 0 13 9 0 16 0 0 0 16 0 0 0 31 13 0 3 0 -999 
P11942 2069 5 0 0 0 0 18 0 0 0 0 0 17 0 0 26 39 68 47 30 25 0 39 0 0 21 24 0 0 0 14 0 0 
P11942 2069 6 0 0 17 0 0 0 0 0 23 0 8 0 16 0 0 20 0 0 0 0 0 17 0 22 0 0 0 0 0 0 -999 
P11942 2069 7 23 18 23 0 0 13 0 0 0 0 0 19 19 0 0 0 23 0 0 20 0 16 0 9 0 0 0 0 0 0 0 
P11942 2069 8 0 0 20 17 17 0 0 0 0 0 0 17 15 0 0 0 0 0 0 0 0 0 0 0 0 0 0 0 0 0 0 
P11942 2069 9 0 0 0 0 0 0 0 0 0 0 19 0 0 0 22 0 0 0 0 0 0 0 0 0 0 19 17 16 18 0 -999 
P11942 2069 10 10 11 0 0 0 16 13 0 0 0 0 0 5 0 7 0 14 18 0 27 20 10 0 0 0 0 14 9 0 11 0 
P11942 2069 11 0 0 10 9 8 0 0 0 10 0 0 0 0 0 0 0 0 0 0 0 0 0 0 0 0 0 0 0 0 11 -999 
P11942 2069 12 9 0 0 10 0 0 0 0 9 0 0 0 0 9 0 31 0 14 16 22 19 0 0 0 0 4 0 0 0 12 0 
P11942 2070 1 0 0 0 0 0 0 0 9 23 11 12 0 0 0 0 0 0 0 0 0 0 0 5 0 0 0 0 0 0 19 69 
P11942 2070 2 43 24 14 0 0 0 0 0 0 9 0 0 5 0 0 0 0 0 0 0 0 14 0 33 28 13 30 20 -999 -999 -999 
P11942 2070 3 0 0 0 8 0 0 0 0 0 8 16 0 0 0 30 16 0 15 19 19 30 39 43 0 0 17 17 0 25 0 12 
P11942 2070 4 15 0 0 0 0 0 0 14 14 9 0 9 0 0 0 25 19 15 8 5 8 13 0 19 24 26 36 0 23 0 -999 
P11942 2070 5 0 21 22 0 33 23 0 0 13 0 14 14 0 0 17 0 22 14 0 0 0 16 14 0 18 0 7 6 0 0 0 
P11942 2070 6 0 0 0 0 0 0 0 15 0 35 26 0 0 0 0 0 0 0 0 0 18 0 18 0 0 0 0 0 0 20 -999 
P11942 2070 7 0 0 18 0 16 0 0 0 0 24 0 0 0 0 0 0 0 16 0 15 0 0 0 17 0 24 30 27 0 0 0 
P11942 2070 8 0 0 0 0 18 17 0 0 0 0 0 0 0 14 14 0 0 0 0 0 19 0 0 0 0 16 0 10 0 0 0 
P11942 2070 9 21 0 0 0 19 16 16 15 0 0 0 0 11 0 0 0 0 14 13 0 0 0 0 0 0 0 0 0 0 11 -999 
P11942 2070 10 0 9 5 0 0 15 0 0 14 20 0 0 19 16 0 0 12 13 0 0 0 4 0 8 0 0 0 0 0 0 16 
P11942 2070 11 0 0 0 0 0 6 0 0 0 0 5 0 0 0 0 0 0 7 9 7 0 0 19 10 0 0 0 15 11 0 -999 
P11942 2070 12 0 6 10 0 7 0 0 0 0 0 8 4 0 0 0 0 18 0 0 0 0 0 19 0 7 15 12 0 0 43 0 
P11942 2071 1 13 7 7 10 9 10 0 8 0 0 0 0 0 0 11 0 0 43 45 0 16 17 0 0 9 0 0 0 0 15 9 
P11942 2071 2 0 0 0 0 0 10 21 0 7 8 17 15 10 0 5 0 0 21 22 0 0 50 0 20 0 19 12 0 -999 -999 -999 
P11942 2071 3 14 0 24 19 13 0 0 15 0 17 0 20 0 0 0 17 13 0 36 15 9 0 0 0 0 0 0 0 6 10 0 
P11942 2071 4 27 31 45 23 15 0 0 0 0 0 0 0 0 14 18 0 0 0 0 13 17 45 29 18 20 0 21 19 0 0 -999 
P11942 2071 5 0 0 0 18 29 33 29 23 26 0 0 16 0 0 9 14 0 10 12 0 15 0 15 0 19 0 0 0 0 0 0 
P11942 2071 6 22 0 18 0 0 0 8 0 0 16 14 23 27 0 0 11 0 0 18 0 0 0 13 9 0 0 14 0 0 17 -999 
P11942 2071 7 30 31 0 0 26 26 0 0 0 11 10 0 17 17 0 0 0 0 0 20 0 0 22 0 0 0 0 25 19 0 0 
P11942 2071 8 0 13 0 0 0 0 21 0 0 0 0 0 0 0 0 0 0 0 0 0 0 0 0 0 0 0 0 0 0 0 0 
P11942 2071 9 0 14 12 0 0 12 0 0 0 0 0 0 0 0 0 0 0 0 0 0 0 10 12 0 0 0 0 21 0 0 -999 
P11942 2071 10 0 0 8 0 10 0 0 0 0 0 0 0 0 14 18 0 30 14 0 0 9 14 13 0 14 0 0 0 18 0 16 
P11942 2071 11 23 21 0 13 8 0 0 0 0 0 4 0 0 0 0 10 0 0 0 0 5 0 0 0 17 23 0 0 0 0 -999 
P11942 2071 12 0 0 0 0 12 35 25 22 0 18 8 0 19 0 5 0 0 0 0 7 6 0 9 17 0 18 0 4 0 0 0 
P11942 2072 1 0 0 0 4 0 9 11 0 0 0 0 0 0 0 0 0 0 0 5 0 5 0 0 0 5 7 17 9 0 9 9 
P11942 2072 2 0 26 35 0 15 14 15 0 0 16 0 0 0 6 0 0 0 7 33 20 0 0 0 0 0 0 0 8 -999 -999 -999 
P11942 2072 3 0 0 0 7 8 0 0 0 5 0 0 0 0 0 11 0 0 16 0 0 18 21 0 0 20 0 0 28 0 18 13 
P11942 2072 4 6 0 0 0 26 0 0 0 0 21 21 0 0 0 11 0 0 0 0 5 11 9 12 0 0 0 0 0 9 10 -999 
P11942 2072 5 17 0 13 7 13 25 0 0 0 0 0 0 17 0 15 21 23 24 21 13 0 0 0 11 0 0 0 0 0 29 0 
P11942 2072 6 0 0 0 14 18 24 15 0 0 25 0 19 0 13 18 0 17 17 0 0 0 0 16 0 0 27 0 0 7 10 -999 
P11942 2072 7 0 0 0 0 0 0 0 0 0 19 0 17 0 24 0 0 0 17 0 0 0 13 0 0 0 0 0 0 13 0 0 
P11942 2072 8 16 0 0 0 0 0 0 0 0 0 18 19 0 18 26 0 18 0 17 0 13 0 0 0 0 0 0 0 0 14 0 
P11942 2072 9 0 0 0 16 0 0 0 0 17 0 0 0 0 0 20 0 0 0 0 0 27 0 0 0 19 19 13 8 0 8 -999 
P11942 2072 10 8 0 0 0 0 0 0 12 0 0 0 0 13 0 0 0 0 0 13 0 0 0 0 0 0 0 6 7 0 0 0 
P11942 2072 11 0 0 0 0 0 0 0 0 0 0 7 0 6 14 0 0 0 0 0 0 0 0 9 0 0 0 0 0 0 0 -999 
P11942 2072 12 0 0 12 0 7 8 0 11 0 7 0 0 6 0 0 0 16 0 15 18 27 22 0 0 12 35 19 0 0 0 9 
P11942 2073 1 10 0 0 0 0 0 0 0 2 0 0 0 0 0 0 9 11 0 11 0 22 9 0 0 0 0 0 10 0 0 7 
P11942 2073 2 0 16 16 18 0 0 14 0 3 0 0 0 0 4 6 0 0 0 11 0 0 0 0 0 0 14 0 17 -999 -999 -999 
P11942 2073 3 43 49 15 0 0 12 10 16 0 28 15 0 0 14 18 0 0 14 11 13 0 32 30 9 7 0 18 30 33 39 0 
P11942 2073 4 33 0 9 0 0 0 28 19 0 0 17 23 26 16 14 11 0 0 0 0 17 0 19 48 0 31 25 0 13 10 -999 
P11942 2073 5 0 0 0 0 13 0 18 0 0 0 10 0 26 0 26 14 9 9 8 8 0 0 0 0 0 0 8 0 0 0 0 
P11942 2073 6 9 0 0 0 0 0 0 18 15 0 18 0 0 0 0 0 0 0 0 0 0 0 0 12 0 0 21 22 24 30 -999 
P11942 2073 7 0 0 0 0 0 0 0 15 0 0 0 0 0 17 0 0 0 0 21 0 10 0 0 0 25 17 19 26 0 33 0 
P11942 2073 8 0 0 0 0 0 0 0 0 0 0 0 0 16 0 24 31 0 0 0 17 0 0 0 0 0 0 0 0 0 0 0 
P11942 2073 9 16 0 0 0 0 0 0 18 0 0 0 17 20 0 0 0 16 0 7 0 0 0 0 0 0 0 0 0 0 0 -999 
P11942 2073 10 0 7 0 0 0 0 0 0 11 0 0 0 0 8 0 0 0 6 0 0 0 0 0 7 0 0 0 0 4 0 0 
P11942 2073 11 0 11 0 0 0 0 0 8 0 0 0 0 0 8 10 26 0 0 35 32 19 18 19 0 0 0 0 15 0 0 -999 
P11942 2073 12 3 0 0 0 0 8 0 0 0 0 0 0 0 10 12 0 5 6 0 19 0 0 0 0 0 12 0 12 0 23 45 
P11942 2074 1 29 17 15 22 35 82 49 26 24 25 27 0 0 0 0 0 0 0 0 0 0 0 4 6 0 4 0 0 0 0 0 
P11942 2074 2 11 0 0 0 0 0 7 7 0 0 19 11 10 32 39 18 21 24 0 15 20 0 0 0 0 21 32 30 -999 -999 -999 
P11942 2074 3 21 0 0 0 0 14 22 40 23 18 0 0 0 4 0 0 0 0 0 0 0 0 0 22 17 8 2 0 0 0 0 
P11942 2074 4 15 0 0 0 0 7 0 0 0 0 0 0 0 0 24 32 12 8 11 0 0 0 10 0 0 0 0 0 27 33 -999 
P11942 2074 5 0 23 0 0 24 0 12 0 0 24 0 32 15 13 0 0 17 0 0 0 0 17 0 0 0 0 0 0 15 0 0 
P11942 2074 6 0 25 0 0 0 21 0 13 13 0 18 10 0 0 9 0 0 0 0 18 0 0 0 0 15 0 36 0 0 0 -999 
P11942 2074 7 0 0 0 0 21 0 0 16 0 0 0 0 0 0 0 0 13 0 0 10 0 0 0 0 0 0 0 20 0 19 0 
P11942 2074 8 0 19 19 0 19 0 0 0 0 0 15 0 0 0 0 14 0 0 0 0 0 0 0 0 0 0 11 0 0 14 0 
P11942 2074 9 0 0 0 0 0 0 0 0 0 0 0 0 0 0 0 12 0 0 0 0 0 0 12 0 0 0 0 0 0 0 -999 
P11942 2074 10 0 12 0 0 0 0 12 0 0 0 0 0 0 0 0 0 0 0 13 0 17 27 36 0 0 0 0 0 0 0 3 
P11942 2074 11 0 0 0 0 0 0 0 11 8 8 8 0 0 0 7 0 7 5 4 0 5 0 0 0 0 0 3 0 0 0 -999 
P11942 2074 12 0 0 0 0 0 0 0 0 9 0 10 0 21 0 0 6 0 0 0 0 0 0 0 0 0 0 0 3 0 0 0 
P11942 2075 1 0 0 0 6 5 0 6 5 0 8 9 0 0 3 0 5 0 3 0 0 0 0 0 0 0 0 0 5 0 0 0 
P11942 2075 2 0 0 0 20 0 16 12 15 0 0 19 24 20 0 0 0 0 0 13 17 0 0 0 0 13 19 0 5 -999 -999 -999 
P11942 2075 3 0 17 26 10 4 5 0 0 0 0 0 0 0 0 0 0 13 0 0 21 10 25 23 0 27 0 0 0 0 0 0 
P11942 2075 4 0 0 20 18 19 23 31 44 0 0 16 10 0 0 0 0 0 12 29 30 0 24 0 0 10 18 0 19 15 16 -999 
P11942 2075 5 0 19 38 39 28 21 0 0 0 0 0 0 28 22 0 0 0 0 0 0 0 22 0 0 0 0 0 0 14 0 0 
P11942 2075 6 20 0 0 0 15 0 17 0 0 28 23 0 27 24 0 0 0 21 0 15 0 19 18 0 0 0 0 0 0 0 -999 
P11942 2075 7 14 0 0 0 18 0 19 0 16 0 16 0 0 0 12 0 0 0 19 0 0 0 0 0 0 0 0 0 0 0 0 
P11942 2075 8 0 0 0 0 0 0 0 0 0 0 0 0 18 22 18 0 0 0 0 0 0 0 0 0 0 0 0 0 0 0 0 
P11942 2075 9 0 0 0 26 0 0 0 0 0 0 0 18 0 0 0 0 0 0 12 0 0 0 0 0 0 0 0 0 13 0 -999 
P11942 2075 10 14 0 0 20 0 0 16 0 18 15 10 0 0 0 0 0 0 0 0 0 0 0 0 0 0 8 7 0 0 0 0 
P11942 2075 11 0 0 0 13 0 31 28 0 0 0 0 0 0 23 25 17 11 0 14 6 0 0 0 0 0 0 0 0 5 0 -999 
P11942 2075 12 0 0 4 6 9 0 0 16 21 11 15 0 0 0 0 19 16 9 0 0 0 0 0 0 0 3 0 7 8 0 0 
P11942 2076 1 0 0 0 0 2 0 0 0 0 0 6 0 5 5 0 0 0 0 0 0 0 0 0 0 0 0 0 0 0 0 7 
P11942 2076 2 0 10 6 0 0 0 0 5 2 2 0 0 0 0 0 9 9 0 5 0 21 0 0 5 0 0 0 0 -999 -999 -999 
P11942 2076 3 0 0 18 0 0 18 15 19 16 15 18 22 9 0 0 0 0 0 10 0 0 0 0 16 0 0 14 0 0 0 0 
P11942 2076 4 0 0 0 0 0 0 0 0 0 0 12 0 0 20 21 23 17 0 29 24 24 18 21 0 18 0 0 0 0 11 -999 
P11942 2076 5 19 0 23 23 15 14 9 8 0 0 0 0 17 31 20 0 14 0 0 0 0 0 0 19 16 0 0 0 0 0 0 
P11942 2076 6 0 14 0 0 0 0 0 0 0 17 0 0 0 0 0 16 16 0 0 0 0 0 0 0 0 0 14 0 0 0 -999 
P11942 2076 7 0 0 0 0 24 0 0 17 0 0 0 23 0 17 18 16 0 0 0 0 0 0 0 0 0 0 0 21 19 0 0 
P11942 2076 8 0 0 0 0 14 0 0 18 0 21 0 0 0 25 27 0 0 0 0 0 0 0 0 13 0 0 0 22 23 0 0 
P11942 2076 9 24 0 0 0 0 0 0 0 0 0 0 0 0 16 0 0 7 0 0 0 16 0 0 0 0 0 0 0 0 0 -999 
P11942 2076 10 0 14 0 0 0 0 0 3 0 0 0 0 8 0 0 0 8 0 0 0 0 0 0 0 0 0 11 0 19 0 0 
P11942 2076 11 0 6 6 0 0 0 0 0 0 11 0 13 0 11 0 0 10 0 22 55 62 44 24 0 0 0 0 18 9 10 -999 
P11942 2076 12 21 14 0 0 0 0 0 6 12 17 0 11 0 11 0 11 13 8 0 0 0 0 0 6 0 0 0 0 8 0 0 
P11942 2077 1 0 0 0 0 5 0 2 0 10 0 2 0 0 0 0 0 3 0 0 0 0 0 0 0 7 0 0 0 0 8 0 
P11942 2077 2 0 12 0 16 15 0 0 0 0 17 0 0 0 0 0 19 0 20 12 13 8 0 3 0 0 0 0 0 -999 -999 -999 
P11942 2077 3 0 0 0 8 18 0 48 33 15 0 18 15 11 0 0 10 0 14 23 22 0 21 23 28 28 20 16 13 0 7 0 
P11942 2077 4 10 16 15 0 12 0 0 0 0 10 10 9 0 16 0 20 0 0 0 23 23 0 0 0 0 0 0 12 0 0 -999 
P11942 2077 5 0 0 31 18 0 0 16 21 23 0 34 17 0 0 0 0 0 0 0 0 0 0 0 0 0 0 19 0 22 11 0 
P11942 2077 6 0 0 25 0 19 0 18 18 26 0 0 10 16 0 24 19 0 0 0 0 0 0 15 0 24 25 21 19 0 25 -999 
P11942 2077 7 20 0 0 23 0 0 0 34 31 0 0 0 0 0 0 0 0 26 28 0 0 0 0 0 0 18 0 0 16 0 0 
P11942 2077 8 32 20 18 0 0 0 0 21 0 23 30 24 0 0 0 0 15 0 0 0 19 0 19 0 0 18 0 21 20 0 0 
P11942 2077 9 19 18 0 0 0 0 0 0 0 20 0 0 0 0 16 0 0 12 0 0 18 18 16 0 15 11 0 11 17 0 -999 
P11942 2077 10 0 0 0 15 0 0 12 0 0 0 15 12 0 0 0 0 12 0 0 0 16 22 0 24 0 0 7 0 0 0 18 
P11942 2077 11 0 23 24 0 0 0 0 0 0 0 9 0 0 0 13 12 15 9 0 0 12 0 0 0 0 0 6 0 0 10 -999 
P11942 2077 12 11 0 12 18 12 8 0 23 0 0 22 30 16 0 0 0 11 11 0 7 0 0 0 4 4 0 0 12 0 0 11 
P11942 2078 1 24 41 0 0 9 15 9 0 12 21 0 19 0 12 9 8 11 21 16 0 4 0 0 7 8 0 0 0 0 0 0 
P11942 2078 2 0 8 0 0 0 0 0 0 0 0 0 0 0 0 0 0 7 7 0 0 4 5 9 0 15 31 0 0 -999 -999 -999 
P11942 2078 3 0 6 13 0 0 0 0 24 18 0 0 10 11 0 27 35 28 27 0 45 33 26 0 25 29 35 49 0 15 15 15 
P11942 2078 4 21 20 0 0 0 0 0 19 13 0 0 23 17 17 0 14 13 13 0 0 0 0 0 0 20 23 26 0 0 0 -999 
P11942 2078 5 14 36 38 0 0 19 0 0 17 16 0 0 0 0 0 0 0 0 12 9 7 0 0 0 0 0 0 17 20 23 0 
P11942 2078 6 0 0 0 0 0 38 0 0 0 0 0 21 0 0 0 0 19 0 0 0 0 17 22 0 0 0 0 0 0 14 -999 
P11942 2078 7 0 16 0 0 0 0 0 22 0 20 0 0 15 14 18 16 0 0 23 0 0 16 0 0 0 0 0 0 0 0 0 
P11942 2078 8 0 0 0 0 0 0 0 21 20 0 0 21 16 0 0 0 30 0 0 0 0 0 0 0 0 0 0 0 0 17 0 
P11942 2078 9 0 0 0 0 0 0 0 0 0 0 0 0 0 0 0 0 0 0 0 0 12 0 0 7 0 0 0 0 0 0 -999 
P11942 2078 10 0 0 6 8 0 0 0 0 0 12 0 0 0 0 15 0 15 0 0 16 11 0 6 0 0 0 0 0 9 0 0 
P11942 2078 11 9 0 0 0 3 0 0 0 3 0 0 4 0 10 0 9 13 0 10 0 0 7 6 6 0 7 7 4 0 0 -999 
P11942 2078 12 0 0 0 0 0 0 0 0 0 0 0 0 0 5 0 4 7 0 6 0 8 11 0 0 0 12 0 42 13 16 22 
P11942 2079 1 35 0 0 0 1 0 0 0 0 6 0 0 0 0 0 0 0 0 5 0 0 2 0 0 0 0 0 0 0 0 0 
P11942 2079 2 0 0 0 5 0 0 0 4 0 4 0 0 0 8 0 0 0 0 0 5 6 8 10 0 0 0 0 0 -999 -999 -999 
P11942 2079 3 15 0 0 0 0 13 8 6 0 0 16 0 0 0 0 0 0 0 15 17 15 0 17 0 0 0 23 0 0 0 0 
P11942 2079 4 0 19 27 40 26 14 0 0 25 17 0 21 0 0 0 16 0 0 0 0 0 0 15 13 17 0 0 6 0 0 -999 
P11942 2079 5 0 18 0 11 31 0 30 0 0 0 0 0 12 0 0 9 0 0 0 0 0 0 0 0 10 0 11 0 0 0 24 
P11942 2079 6 24 17 0 0 19 0 0 17 0 0 0 0 13 16 23 0 0 13 0 0 0 21 0 0 0 16 0 0 17 10 -999 
P11942 2079 7 0 0 0 0 0 0 17 14 0 0 18 0 0 19 0 24 0 19 0 17 0 0 0 22 0 0 0 0 0 0 0 
P11942 2079 8 0 16 17 23 0 0 0 0 0 21 0 0 0 0 0 0 0 0 14 0 0 0 16 0 0 20 0 0 21 25 0 
P11942 2079 9 0 0 0 0 13 0 0 12 0 0 0 0 0 17 0 0 0 9 0 0 0 0 0 12 0 0 0 0 0 0 -999 
P11942 2079 10 0 0 0 0 0 0 0 8 0 0 0 0 0 0 0 0 0 0 0 0 0 8 0 0 12 15 0 0 0 0 6 
P11942 2079 11 0 8 4 3 5 7 9 9 0 0 0 0 0 11 0 20 25 0 16 0 0 0 7 0 0 11 0 6 0 0 -999 
P11942 2079 12 0 11 16 14 0 13 23 16 0 0 0 0 0 0 0 0 0 0 0 0 0 0 0 0 0 0 0 0 0 0 0 
P11942 2080 1 0 0 0 0 5 5 0 0 0 0 0 0 0 0 0 0 0 4 0 0 0 0 0 0 5 0 0 0 19 32 23 
P11942 2080 2 0 0 0 4 0 7 6 0 0 16 23 25 28 17 0 0 10 0 15 0 0 31 0 0 0 0 4 7 -999 -999 -999 
P11942 2080 3 15 0 0 0 17 26 22 23 32 41 27 19 22 10 0 0 0 3 0 0 0 0 0 9 0 12 9 0 0 0 0 
P11942 2080 4 0 10 0 0 0 10 0 0 38 34 0 34 0 20 0 0 0 14 17 24 0 25 0 31 34 23 20 19 0 0 -999 
P11942 2080 5 25 0 0 19 0 0 0 21 24 0 20 15 9 12 17 28 0 18 18 0 0 30 0 0 0 0 0 0 0 0 0 
P11942 2080 6 40 19 0 32 26 31 0 0 13 0 0 0 0 0 0 30 0 0 33 26 0 0 0 0 0 0 0 0 27 0 -999 
P11942 2080 7 22 0 0 0 0 0 0 0 0 22 16 16 0 0 0 0 0 0 0 0 0 0 0 10 0 0 0 0 0 0 0 
P11942 2080 8 0 25 0 19 0 0 0 0 0 18 0 0 0 0 0 0 0 0 0 0 0 0 0 0 0 13 0 0 0 0 19 
P11942 2080 9 0 0 0 0 11 12 0 0 0 0 0 0 0 18 0 0 0 0 0 0 11 0 0 0 0 0 18 0 0 9 -999 
P11942 2080 10 0 16 17 15 13 0 0 0 0 0 5 0 10 6 10 7 3 0 0 0 9 0 0 0 0 0 0 0 0 0 0 
P11942 2080 11 0 7 0 0 6 14 0 6 0 0 0 0 0 0 0 0 0 0 0 0 18 0 0 0 0 0 8 0 0 0 -999 
P11942 2080 12 0 12 0 10 0 0 3 0 0 0 0 0 0 0 0 0 0 0 0 0 0 0 0 5 0 0 4 5 0 0 0 
P11942 2081 1 0 13 18 12 8 0 0 0 0 0 0 0 7 0 0 0 0 0 0 12 0 0 19 10 12 7 15 0 0 0 7 
P11942 2081 2 0 0 0 0 0 0 13 0 0 4 0 6 0 0 0 8 0 7 10 0 0 0 0 29 23 17 0 11 -999 -999 -999 
P11942 2081 3 15 0 0 24 19 12 0 0 0 22 0 0 17 13 18 0 9 22 0 9 0 23 20 10 5 0 0 0 16 27 16 
P11942 2081 4 18 6 0 0 9 0 20 16 12 0 13 6 0 0 18 0 0 0 0 19 0 21 21 29 16 0 0 15 17 21 -999 
P11942 2081 5 16 0 15 17 0 18 10 0 15 0 21 14 0 0 17 23 16 0 0 14 18 0 0 13 11 0 0 0 0 0 39 
P11942 2081 6 22 0 15 0 12 0 0 0 15 18 0 0 26 22 0 19 0 18 31 0 0 0 0 0 0 0 0 0 24 0 -999 
P11942 2081 7 0 0 21 0 0 0 0 19 25 0 0 16 0 25 12 0 0 15 0 0 22 0 0 17 0 0 20 0 0 0 0 
P11942 2081 8 0 19 0 0 0 0 0 0 0 20 17 0 0 0 0 0 17 0 0 17 14 0 0 0 0 0 0 0 0 26 16 
P11942 2081 9 0 16 0 0 13 21 18 0 0 0 0 0 17 0 0 0 16 0 0 0 0 0 0 14 0 0 5 0 0 0 -999 
P11942 2081 10 0 0 0 17 16 0 8 0 0 0 17 0 16 11 0 0 0 0 0 0 0 0 6 0 0 0 10 0 0 13 0 
P11942 2081 11 0 0 10 8 9 7 0 3 0 0 5 0 0 6 0 8 0 28 15 0 0 7 0 0 0 14 0 0 0 0 -999 
P11942 2081 12 16 7 0 14 8 13 18 13 0 14 17 24 40 40 0 9 0 14 0 7 0 7 0 0 0 0 0 0 0 0 0 
P11942 2082 1 0 0 22 17 0 17 0 0 8 0 0 0 12 0 5 0 0 19 9 0 0 0 6 0 0 0 12 15 0 0 0 
P11942 2082 2 0 5 0 0 0 0 0 0 0 0 0 0 0 0 4 0 0 0 0 0 7 5 0 6 13 18 6 0 -999 -999 -999 
P11942 2082 3 12 16 39 24 0 0 13 0 0 0 12 0 0 11 0 0 8 0 0 12 0 0 0 13 0 0 7 0 13 7 0 
P11942 2082 4 9 9 0 8 11 0 0 13 0 0 7 0 0 22 14 17 23 15 13 13 13 12 0 0 12 0 0 8 0 0 -999 
P11942 2082 5 0 0 18 0 0 0 14 19 25 22 0 0 0 0 0 0 0 0 0 0 26 0 0 0 0 0 0 0 18 0 0 
P11942 2082 6 0 19 0 0 21 0 0 0 0 0 0 26 0 0 0 17 0 0 0 28 0 0 0 0 0 0 13 0 0 0 -999 
P11942 2082 7 0 18 0 17 19 0 14 0 19 0 0 0 22 26 0 0 0 0 0 23 21 0 0 26 0 0 0 0 17 0 18 
P11942 2082 8 15 0 0 0 0 0 0 0 0 0 0 18 0 0 0 0 0 0 0 0 0 0 0 0 0 0 0 14 0 0 0 
P11942 2082 9 12 9 0 0 0 16 0 0 0 0 0 17 12 0 0 0 0 0 0 19 0 0 0 15 14 0 0 0 16 21 -999 
P11942 2082 10 0 21 0 0 0 0 0 0 0 0 0 0 10 0 0 0 0 0 0 0 8 0 14 0 10 0 0 0 0 12 0 
P11942 2082 11 9 11 12 11 0 0 17 12 8 0 10 0 0 20 13 0 37 35 18 0 0 0 0 0 5 0 0 0 0 0 -999 
P11942 2082 12 0 0 8 0 0 0 0 0 0 0 0 0 0 0 0 0 12 0 19 7 0 0 0 0 0 6 0 0 0 8 0 
P11942 2083 1 11 17 14 17 0 0 0 7 0 0 10 0 0 0 0 0 16 14 0 0 0 0 0 0 0 0 0 0 23 19 0 
P11942 2083 2 21 28 30 22 15 0 13 13 0 20 17 14 17 20 0 10 14 22 37 17 16 17 16 13 38 37 13 0 -999 -999 -999 
P11942 2083 3 6 0 9 0 0 0 0 0 9 0 0 0 10 0 0 0 0 19 15 0 0 0 32 40 23 0 22 25 27 0 0 
P11942 2083 4 9 0 0 12 16 15 25 16 0 0 0 14 0 0 25 24 0 19 16 0 0 15 17 16 14 0 0 17 0 0 -999 
P11942 2083 5 0 19 17 0 0 26 35 33 20 0 0 0 0 0 21 0 16 0 0 14 18 0 0 26 24 23 0 0 18 0 0 
P11942 2083 6 29 23 0 0 0 0 0 16 15 0 0 0 13 0 0 0 0 0 0 7 0 0 0 17 0 0 0 15 17 0 -999 
P11942 2083 7 0 0 0 0 0 0 0 0 0 0 0 0 0 0 21 17 0 15 0 13 0 26 20 17 0 11 16 0 0 0 0 
P11942 2083 8 0 0 0 0 14 0 0 0 22 0 0 0 0 0 0 0 0 0 0 0 17 0 0 0 0 0 0 0 0 0 0 
P11942 2083 9 14 0 0 0 15 0 9 0 0 0 0 0 15 0 0 23 18 0 0 10 0 0 5 0 11 0 0 0 0 12 -999 
P11942 2083 10 0 0 10 0 0 22 0 25 0 13 14 16 0 0 0 0 0 0 0 17 0 0 23 22 0 0 0 0 0 0 0 
P11942 2083 11 0 7 0 0 14 0 0 0 0 0 7 15 0 0 7 0 0 0 0 0 0 6 0 0 0 8 0 0 0 0 -999 
P11942 2083 12 38 0 0 0 7 0 0 6 9 0 0 0 0 0 16 14 0 3 3 0 0 0 0 3 7 6 0 0 0 0 0 
P11942 2084 1 0 6 0 0 5 0 0 0 0 0 0 0 0 0 0 0 9 0 0 0 0 0 0 12 9 19 16 11 6 13 11 
P11942 2084 2 0 4 4 0 0 0 13 0 12 22 13 0 0 0 0 0 0 3 0 0 0 0 7 0 0 9 0 5 -999 -999 -999 
P11942 2084 3 0 6 0 0 0 3 0 0 0 0 0 0 0 0 13 20 0 23 0 0 0 0 0 0 0 0 12 0 18 0 0 
P11942 2084 4 0 14 0 0 0 31 47 0 14 0 0 0 0 0 13 14 0 0 11 11 11 18 9 0 0 9 11 0 31 24 -999 
P11942 2084 5 17 0 0 13 21 20 0 14 8 0 0 0 13 0 0 0 17 0 21 16 0 0 0 18 0 25 24 31 29 0 0 
P11942 2084 6 0 0 0 0 0 0 0 0 0 19 0 0 0 0 0 0 0 16 0 0 0 0 17 0 11 0 0 0 0 0 -999 
P11942 2084 7 18 0 0 19 0 0 16 0 0 21 0 0 0 16 0 0 0 0 0 18 0 0 0 0 0 0 0 0 14 0 0 
P11942 2084 8 15 0 0 0 0 0 0 0 0 0 18 0 0 0 0 0 0 0 0 0 14 0 0 0 0 0 0 0 0 13 0 
P11942 2084 9 0 0 0 0 0 0 0 0 0 0 0 0 0 16 0 0 7 0 15 0 0 0 0 7 0 0 8 0 0 8 -999 
P11942 2084 10 0 0 0 14 8 0 0 0 12 0 0 0 0 0 0 15 0 0 0 0 0 6 9 0 0 12 0 13 16 16 15 
P11942 2084 11 0 0 19 0 0 16 0 0 0 0 0 0 0 0 0 0 0 0 0 0 0 0 0 0 0 0 0 0 0 11 -999 
P11942 2084 12 14 0 27 0 0 0 0 0 0 0 6 13 12 0 4 0 0 0 0 0 0 0 3 0 6 0 1 3 2 0 0 
P11942 2085 1 0 0 0 0 9 0 0 0 0 0 0 0 0 0 0 3 6 6 0 11 0 4 8 30 18 0 3 0 0 0 0 
P11942 2085 2 0 0 0 0 0 0 36 18 0 14 26 17 0 7 0 0 0 3 0 8 5 0 0 0 0 1 0 0 -999 -999 -999 
P11942 2085 3 0 0 0 0 11 0 0 0 14 24 21 20 24 10 13 18 21 0 5 5 0 8 0 0 10 0 0 6 6 0 4 
P11942 2085 4 0 0 8 0 0 14 0 0 16 0 22 0 21 22 20 20 0 22 18 0 0 0 0 0 11 7 12 9 11 20 -999 
P11942 2085 5 25 0 0 16 0 0 0 26 23 18 17 17 0 0 0 0 0 0 0 13 0 0 18 19 16 0 0 13 0 0 0 
P11942 2085 6 0 0 0 0 11 0 0 0 18 0 20 23 0 12 0 0 0 0 0 0 18 19 0 0 20 0 0 0 0 0 -999 
P11942 2085 7 0 0 0 0 0 0 0 25 18 17 19 0 0 0 0 0 0 0 0 0 0 0 0 0 0 0 0 0 13 0 0 
P11942 2085 8 21 0 0 19 0 16 0 0 22 0 0 0 0 16 0 16 0 16 0 26 17 11 0 16 0 0 18 0 0 0 0 
P11942 2085 9 0 0 0 21 25 21 17 0 13 0 0 0 17 0 10 9 0 0 0 0 0 0 0 8 0 0 0 0 0 0 -999 
P11942 2085 10 8 0 0 15 0 0 19 19 0 0 0 18 16 0 23 0 10 0 0 0 0 0 0 0 10 0 15 6 0 0 0 
P11942 2085 11 0 0 0 0 15 0 0 0 12 6 8 13 11 0 0 0 0 13 0 9 9 0 0 0 0 0 0 0 0 9 -999 
P11942 2085 12 11 13 6 0 13 0 38 0 0 2 0 0 7 0 0 0 0 7 0 0 0 0 18 0 0 0 0 0 0 0 4 
P11942 2086 1 0 0 0 0 0 0 6 0 0 0 0 0 0 11 25 0 0 25 15 0 13 3 0 0 5 0 0 4 0 0 0 
P11942 2086 2 0 0 0 0 11 11 0 37 27 0 0 0 23 26 0 13 0 9 2 0 0 0 0 0 0 4 0 0 -999 -999 -999 
P11942 2086 3 0 0 0 0 0 0 0 0 0 6 0 6 9 0 9 0 12 0 0 10 0 0 10 0 0 0 9 0 0 13 0 
P11942 2086 4 0 10 0 0 0 18 27 35 0 12 10 12 0 23 27 16 21 17 0 0 0 0 0 0 0 0 31 0 19 15 -999 
P11942 2086 5 19 19 12 16 19 23 19 26 0 0 0 13 23 0 0 0 0 0 0 0 0 0 0 0 0 0 0 0 0 13 0 
P11942 2086 6 0 0 0 0 0 0 0 0 0 0 0 0 0 19 0 23 0 28 0 0 0 0 16 14 0 0 0 0 0 0 -999 
P11942 2086 7 0 0 21 0 0 18 0 20 0 24 16 0 19 0 0 0 0 18 14 0 0 24 0 0 26 0 0 28 0 0 0 
P11942 2086 8 21 16 0 17 0 0 21 0 0 16 0 0 0 20 0 0 22 22 0 20 17 0 0 0 0 0 0 18 0 0 0 
P11942 2086 9 0 0 0 0 0 0 0 0 8 0 0 0 25 21 0 18 0 0 0 0 0 0 0 0 0 14 0 0 0 0 -999 
P11942 2086 10 0 8 0 17 13 10 0 0 9 0 13 19 0 8 0 7 0 13 0 9 5 5 8 0 0 0 6 0 0 0 0 
P11942 2086 11 0 0 14 16 0 0 0 16 0 18 0 0 37 22 19 0 10 0 13 0 20 29 18 0 7 13 18 0 6 0 -999 
P11942 2086 12 0 0 0 5 0 3 0 0 0 0 0 0 0 6 0 6 0 0 9 28 30 15 0 44 0 34 21 6 0 0 0 
P11942 2087 1 0 0 7 0 0 0 0 0 50 0 15 0 0 0 0 0 0 0 0 7 6 0 7 0 0 0 0 6 0 11 14 
P11942 2087 2 13 0 13 0 0 0 0 4 0 0 0 0 0 0 12 0 0 0 0 0 0 0 5 0 0 0 0 23 -999 -999 -999 
P11942 2087 3 0 25 19 8 7 0 16 26 0 18 0 0 24 18 0 0 16 0 0 0 20 34 58 43 0 0 0 0 11 0 9 
P11942 2087 4 0 10 0 0 0 0 16 0 0 0 14 0 13 0 18 43 38 28 14 0 10 14 14 0 0 16 0 0 0 0 -999 
P11942 2087 5 0 30 0 23 14 17 20 22 16 15 18 19 17 0 0 0 0 8 0 0 0 15 14 16 0 0 0 24 0 0 0 
P11942 2087 6 0 0 0 0 0 0 0 0 12 0 0 0 0 0 0 0 0 15 0 0 0 11 14 0 0 0 0 15 0 0 -999 
P11942 2087 7 16 0 0 0 0 0 0 0 0 0 0 0 0 0 0 15 0 0 0 0 0 10 14 0 0 0 0 17 0 0 0 
P11942 2087 8 0 0 0 0 0 0 21 0 0 0 0 0 0 25 0 19 0 0 0 12 0 0 10 0 17 0 0 0 0 18 16 
P11942 2087 9 0 0 15 0 18 13 0 0 0 0 0 0 0 0 0 0 14 21 0 0 18 0 0 0 0 0 0 0 0 0 -999 
P11942 2087 10 0 0 17 23 17 0 12 0 0 0 14 0 20 0 0 0 0 0 0 0 3 0 0 0 0 0 0 0 0 0 0 
P11942 2087 11 0 0 3 0 0 0 0 0 0 4 0 0 0 0 0 0 0 0 0 0 0 0 0 0 0 5 0 0 10 0 -999 
P11942 2087 12 0 0 0 19 4 0 0 4 0 0 4 0 0 0 0 0 0 0 0 0 0 0 0 0 0 10 20 20 17 7 0 
P11942 2088 1 3 0 0 0 4 0 0 0 0 0 0 0 0 0 0 0 0 0 0 0 0 0 0 5 5 6 8 0 0 0 0 
P11942 2088 2 0 0 0 11 0 26 25 0 25 13 0 0 0 5 0 0 0 0 12 0 9 11 10 12 0 0 17 0 -999 -999 -999 
P11942 2088 3 0 16 0 14 0 0 0 0 0 0 0 7 0 0 0 0 0 0 0 0 19 0 0 17 0 17 7 18 0 0 2 
P11942 2088 4 0 0 0 16 0 26 22 15 0 22 25 24 42 33 0 22 0 0 14 0 24 31 0 44 61 39 26 0 0 0 -999 
P11942 2088 5 28 25 19 23 19 0 19 0 29 25 0 0 0 16 0 0 17 18 30 17 0 9 0 0 0 11 0 0 0 0 0 
P11942 2088 6 8 0 0 0 0 0 0 15 15 16 16 0 0 0 0 0 28 0 0 16 0 0 19 0 0 0 0 19 0 0 -999 
P11942 2088 7 0 0 0 0 0 0 0 0 0 0 0 0 0 0 0 0 0 0 0 27 0 19 0 21 18 0 20 0 0 15 0 
P11942 2088 8 0 0 22 0 0 0 0 0 0 15 0 0 0 0 0 27 0 0 21 21 0 0 17 0 13 0 0 0 0 0 0 
P11942 2088 9 0 24 0 0 0 11 17 0 0 0 19 16 0 0 0 0 0 12 0 7 0 0 0 0 0 0 0 0 0 0 -999 
P11942 2088 10 0 0 11 14 16 0 0 0 0 0 0 36 13 0 15 16 0 0 0 0 0 0 0 0 9 16 18 15 0 0 0 
P11942 2088 11 0 0 7 0 0 0 0 0 0 0 11 14 17 12 17 22 14 19 20 0 0 0 11 0 0 0 0 0 10 0 -999 
P11942 2088 12 0 0 0 0 0 0 0 0 0 5 0 0 0 0 7 7 6 0 0 0 0 0 0 10 0 0 0 11 0 0 0 
P11942 2089 1 0 0 0 0 0 21 15 19 21 16 0 22 33 0 13 0 0 0 0 0 0 0 0 0 0 0 3 0 0 7 0 
P11942 2089 2 12 18 24 0 0 17 31 34 44 14 5 0 0 20 8 3 0 0 0 0 0 0 8 0 12 11 0 0 -999 -999 -999 
P11942 2089 3 0 10 23 42 0 14 0 0 0 0 15 7 0 16 0 23 25 58 24 0 10 5 5 0 34 53 16 10 0 21 25 
P11942 2089 4 0 0 8 0 5 0 0 10 21 20 0 0 0 0 11 16 12 0 0 0 0 26 17 0 27 0 18 11 11 0 -999 
P11942 2089 5 30 22 0 0 0 0 0 0 0 0 0 0 0 0 0 12 0 26 12 0 0 0 0 0 0 25 19 0 0 17 17 
P11942 2089 6 17 0 0 0 0 0 0 0 10 0 0 0 0 0 0 0 0 0 0 0 0 11 0 9 0 0 0 0 0 24 -999 
P11942 2089 7 0 0 0 0 0 12 13 0 0 0 23 0 13 0 31 0 18 0 0 0 0 0 0 0 0 0 19 26 22 0 13 
P11942 2089 8 0 11 21 22 0 0 0 0 0 20 0 0 0 0 17 0 20 18 0 0 0 0 0 0 15 0 0 0 0 0 0 
P11942 2089 9 0 0 0 0 0 0 12 0 0 0 0 11 0 12 17 0 28 0 0 10 12 14 0 0 0 0 9 0 0 0 -999 
P11942 2089 10 0 0 0 0 0 0 0 0 0 0 0 0 0 0 12 0 0 0 0 0 0 10 0 0 0 0 0 0 0 6 0 
P11942 2089 11 0 11 0 0 0 12 0 0 0 0 0 13 0 0 14 0 0 0 7 0 0 9 11 0 0 9 0 0 12 10 -999 
P11942 2089 12 11 12 0 9 0 8 14 12 7 8 17 7 0 0 0 0 0 0 0 21 20 0 0 2 0 0 0 0 0 0 0 
P11942 2090 1 0 0 4 4 0 16 8 0 0 0 0 0 0 0 0 4 0 0 0 0 0 0 0 0 0 0 7 0 0 0 0 
P11942 2090 2 0 0 8 0 0 22 25 0 0 0 12 0 0 0 0 0 0 0 0 0 0 0 0 0 11 0 0 23 -999 -999 -999 
P11942 2090 3 26 22 21 9 0 8 0 0 3 0 0 0 14 0 16 19 0 0 14 22 0 9 14 12 0 29 20 15 18 0 19 
P11942 2090 4 17 0 24 31 19 0 20 0 9 0 17 20 10 0 0 32 0 0 0 0 0 0 8 11 17 16 8 7 0 0 -999 
P11942 2090 5 0 0 22 0 20 14 0 0 14 15 13 0 0 0 39 16 0 0 22 24 23 31 0 33 18 0 16 20 17 0 0 
P11942 2090 6 20 0 12 0 0 0 0 0 0 0 0 0 0 0 0 16 0 0 0 0 0 0 0 18 21 0 30 14 0 0 -999 
P11942 2090 7 0 0 0 0 0 0 0 15 0 0 0 0 0 40 22 0 0 21 18 19 0 0 0 0 0 0 0 0 19 0 21 
P11942 2090 8 0 0 0 0 0 0 0 0 0 0 0 0 0 0 0 0 0 0 0 12 0 0 0 0 0 6 0 0 19 0 16 
P11942 2090 9 0 0 0 11 0 0 0 13 0 0 14 15 0 0 24 0 15 0 0 0 17 0 0 0 11 0 9 0 0 0 -999 
P11942 2090 10 14 18 14 0 13 19 0 0 8 10 0 11 0 0 0 9 0 0 0 0 0 0 13 0 0 0 0 10 10 11 16 
P11942 2090 11 33 14 0 0 0 0 0 0 6 14 0 19 0 5 0 0 0 0 0 0 0 0 12 10 14 0 29 0 7 0 -999 
P11942 2090 12 7 0 15 8 7 0 19 15 0 11 0 0 0 0 0 0 0 0 0 0 0 0 0 0 12 18 25 0 0 0 0 
P11942 2091 1 0 0 0 5 0 0 12 0 0 0 0 0 3 0 0 6 0 11 0 0 0 0 0 0 5 0 0 0 0 0 0 
P11942 2091 2 0 13 0 0 0 0 0 6 5 0 0 0 0 0 0 0 5 0 69 29 0 13 0 21 7 18 34 18 -999 -999 -999 
P11942 2091 3 11 0 5 0 5 12 0 5 0 0 0 8 0 0 0 0 12 0 11 7 0 0 5 0 0 0 13 18 0 0 0 
P11942 2091 4 0 0 0 0 0 9 0 45 62 66 38 33 25 0 22 0 20 34 43 33 25 0 0 0 0 8 9 0 0 0 -999 
P11942 2091 5 16 27 40 48 33 19 0 10 0 0 12 15 0 0 0 0 0 0 0 0 0 9 0 17 0 17 0 0 0 0 0 
P11942 2091 6 0 0 28 0 0 0 0 12 0 0 0 0 17 23 26 0 0 0 0 0 0 13 0 0 0 0 0 0 19 0 -999 
P11942 2091 7 0 0 0 0 18 15 0 22 0 0 0 0 14 0 0 0 0 0 22 0 0 0 0 28 0 0 0 0 0 0 0 
P11942 2091 8 0 0 0 0 15 0 0 0 0 16 0 0 0 0 0 0 0 0 17 0 20 0 0 0 21 0 9 0 0 0 0 
P11942 2091 9 0 0 0 0 0 0 0 0 0 0 0 0 0 24 0 0 12 0 0 0 0 0 0 0 11 0 0 0 0 0 -999 
P11942 2091 10 11 0 0 6 0 0 0 15 0 0 0 0 18 14 0 16 0 11 0 13 13 15 0 0 0 0 0 21 40 0 0 
P11942 2091 11 25 0 10 0 0 13 0 0 12 0 0 0 14 0 17 16 6 0 0 0 0 6 0 24 0 0 6 3 0 0 -999 
P11942 2091 12 0 12 5 0 0 6 5 4 0 0 0 0 0 0 0 0 0 0 0 0 0 0 0 0 0 0 0 0 0 0 0 
P11942 2092 1 0 0 0 0 0 0 0 0 7 0 0 15 30 0 0 0 11 14 15 34 21 0 22 17 18 16 0 12 0 13 12 
P11942 2092 2 13 7 20 0 0 0 28 17 14 28 29 0 0 19 22 14 16 11 17 0 16 0 3 4 0 0 0 0 -999 -999 -999 
P11942 2092 3 16 30 0 0 0 0 0 0 0 21 0 0 12 0 29 26 28 18 0 6 0 13 0 25 0 27 20 9 0 18 21 
P11942 2092 4 21 0 0 0 0 0 0 0 15 15 19 0 56 33 0 0 18 0 21 21 20 0 0 24 0 0 27 0 22 22 -999 
P11942 2092 5 0 34 20 0 0 0 0 0 0 17 0 0 0 0 0 13 26 19 0 8 11 14 15 0 0 0 0 0 0 0 24 
P11942 2092 6 0 0 0 0 7 0 0 0 0 0 0 0 0 0 18 22 0 0 18 0 0 0 0 0 0 0 15 0 19 0 -999 
P11942 2092 7 0 0 0 0 0 0 0 20 0 0 0 24 0 0 0 0 0 0 20 0 0 0 0 0 0 0 0 29 0 0 0 
P11942 2092 8 0 0 21 0 0 0 0 0 0 0 0 0 0 14 0 0 18 0 0 0 0 0 0 0 0 21 0 38 17 0 18 
P11942 2092 9 17 0 0 0 0 0 0 0 12 0 0 0 16 10 0 0 0 0 0 13 13 0 0 0 0 0 13 15 0 0 -999 
P11942 2092 10 0 0 0 0 0 0 9 8 14 0 20 28 19 10 0 0 0 0 0 0 0 0 0 0 0 0 0 0 0 0 0 
P11942 2092 11 0 0 16 28 28 0 0 0 15 0 16 20 34 19 15 9 0 9 0 0 9 0 0 14 17 13 0 11 0 5 -999 
P11942 2092 12 3 0 0 0 0 0 0 0 0 0 6 0 0 0 0 10 0 4 8 0 8 8 0 13 11 0 13 8 11 0 0 
P11942 2093 1 34 23 0 0 10 0 0 9 0 0 6 0 0 0 19 22 19 11 0 0 0 0 0 0 0 0 0 13 13 12 14 
P11942 2093 2 14 0 0 5 0 0 0 0 0 0 0 0 0 0 0 15 0 15 16 28 0 18 18 13 0 0 5 14 -999 -999 -999 
P11942 2093 3 0 12 23 0 0 20 0 12 20 24 38 0 23 19 0 0 12 12 0 0 10 0 5 0 0 0 0 17 12 13 0 
P11942 2093 4 11 0 9 0 7 8 0 0 0 20 19 0 0 10 0 0 0 13 8 0 15 24 27 18 19 41 0 20 24 25 -999 
P11942 2093 5 0 0 0 0 0 16 0 0 0 0 18 0 14 0 0 0 0 19 0 14 18 0 23 14 0 0 0 0 9 13 31 
P11942 2093 6 0 0 0 15 16 0 0 0 0 0 0 0 0 0 0 0 16 18 0 0 0 0 27 20 0 0 0 0 19 0 -999 
P11942 2093 7 0 0 0 0 0 0 26 21 0 0 20 22 28 0 0 0 0 0 0 0 0 18 0 0 22 0 0 0 18 0 0 
P11942 2093 8 0 0 0 0 0 0 0 24 29 0 24 0 30 0 0 0 0 0 0 19 14 0 16 0 19 0 0 0 17 0 0 
P11942 2093 9 0 16 14 0 0 0 0 0 8 0 0 11 0 0 0 0 0 15 0 0 17 0 0 13 0 0 0 0 12 12 -999 
P11942 2093 10 0 0 0 9 0 17 0 0 0 0 0 0 0 14 0 23 19 11 6 0 0 0 0 0 0 0 15 0 12 0 7 
P11942 2093 11 7 15 0 0 0 0 0 0 0 0 7 10 12 0 0 0 5 0 0 0 0 14 0 0 0 0 0 4 0 0 -999 
P11942 2093 12 0 0 3 0 0 0 0 0 0 0 0 0 0 0 3 2 0 0 0 0 0 0 0 0 0 0 0 0 0 0 0 
P11942 2094 1 0 0 0 9 6 0 0 0 0 0 0 0 0 0 6 6 9 13 0 22 21 21 26 22 30 23 8 18 19 4 0 
P11942 2094 2 0 0 20 0 13 5 0 0 0 3 0 0 0 0 0 4 0 0 0 0 9 0 5 0 7 0 0 3 -999 -999 -999 
P11942 2094 3 0 3 0 0 0 11 0 7 8 0 0 0 0 0 7 0 0 0 10 0 17 0 0 17 0 0 20 0 21 22 24 
P11942 2094 4 17 19 17 0 0 0 16 15 0 0 0 0 0 24 0 21 0 0 0 0 0 18 15 0 0 15 12 10 26 0 -999 
P11942 2094 5 0 20 0 0 23 16 0 0 0 0 18 0 0 17 0 0 0 0 11 0 0 9 11 0 0 0 0 0 0 0 0 
P11942 2094 6 0 0 12 15 0 0 0 0 11 0 0 19 22 20 22 0 0 0 0 0 0 14 0 0 0 0 12 0 0 0 -999 
P11942 2094 7 0 0 0 0 0 0 0 0 0 0 12 0 0 0 0 0 0 0 0 20 0 0 20 0 0 0 13 25 20 20 0 
P11942 2094 8 20 21 0 0 0 0 15 14 0 0 0 0 0 21 0 0 0 0 18 0 27 0 0 0 11 0 0 0 16 0 0 
P11942 2094 9 0 22 19 18 14 0 0 0 0 0 14 14 0 0 0 0 0 0 0 11 0 0 0 0 0 0 17 14 0 9 -999 
P11942 2094 10 0 0 14 15 13 10 0 0 0 0 0 13 0 10 10 0 16 19 0 0 33 26 23 0 39 20 0 25 0 10 0 
P11942 2094 11 4 6 0 0 5 0 0 0 0 0 0 0 10 0 6 0 0 11 0 0 0 6 0 19 0 14 0 0 0 32 -999 
P11942 2094 12 0 0 8 4 0 4 0 0 0 0 0 0 0 0 0 0 0 0 0 0 0 0 0 0 0 0 0 7 6 0 10 
P11942 2095 1 0 0 8 10 0 5 0 9 0 8 0 0 3 0 0 0 0 0 0 0 0 0 0 0 0 0 15 16 0 0 0 
P11942 2095 2 0 0 0 9 0 0 0 0 0 6 0 0 0 0 0 3 0 8 0 0 0 0 0 0 0 0 0 5 -999 -999 -999 
P11942 2095 3 0 0 4 0 0 5 0 16 0 0 0 0 0 0 8 3 0 0 0 0 0 0 0 0 0 0 0 24 0 0 16 
P11942 2095 4 0 23 26 23 0 0 0 8 0 13 0 27 22 18 0 19 15 0 12 0 0 29 26 21 0 0 8 0 0 0 -999 
P11942 2095 5 0 0 11 0 7 0 0 0 0 9 0 0 0 0 17 0 0 0 0 0 0 10 0 0 12 8 0 0 0 20 0 
P11942 2095 6 13 0 0 0 0 0 37 20 0 0 0 0 13 0 0 0 21 0 34 0 0 14 0 0 0 0 0 0 0 13 -999 
P11942 2095 7 18 0 0 0 0 0 0 0 19 0 0 0 0 0 0 22 0 0 0 0 0 0 0 18 0 23 0 0 0 0 0 
P11942 2095 8 0 20 25 27 24 0 0 0 0 0 0 0 14 0 0 0 0 0 0 0 0 0 0 0 23 0 0 0 0 0 16 
P11942 2095 9 16 0 0 9 0 0 0 0 0 0 0 0 0 13 0 0 0 0 11 0 0 0 12 16 0 32 0 0 0 0 -999 
P11942 2095 10 0 0 8 0 0 0 0 0 0 0 0 12 0 0 15 0 0 0 0 0 0 0 0 0 0 7 0 0 0 0 0 
P11942 2095 11 0 0 0 0 16 0 0 0 0 0 22 0 11 12 10 12 0 5 0 0 11 18 0 0 28 15 0 7 0 0 -999 
P11942 2095 12 4 0 0 0 0 0 0 3 14 0 0 0 0 16 0 40 19 8 5 0 17 0 0 0 17 35 20 6 0 0 0 
P11942 2096 1 11 0 0 0 0 0 0 0 15 10 9 0 0 23 0 20 0 0 0 0 0 0 0 0 0 0 0 0 0 0 13 
P11942 2096 2 0 0 30 26 0 11 0 0 0 0 0 0 0 6 0 38 0 0 0 0 0 0 3 0 5 7 0 0 -999 -999 -999 
P11942 2096 3 0 0 17 0 10 0 0 0 0 7 5 0 0 0 0 0 0 0 15 0 15 19 18 0 0 0 17 27 25 26 24 
P11942 2096 4 0 14 0 0 0 0 0 0 0 0 0 0 12 19 0 31 32 0 43 26 0 0 10 0 0 0 0 0 0 17 -999 
P11942 2096 5 0 19 0 0 0 17 0 0 0 0 0 0 11 9 0 0 0 0 0 0 0 0 0 0 24 0 21 20 22 21 16 
P11942 2096 6 17 27 31 22 24 23 0 12 8 0 0 16 0 0 0 0 0 0 12 0 0 23 0 0 0 0 0 0 0 0 -999 
P11942 2096 7 17 0 19 0 0 0 0 0 0 0 0 0 8 13 15 0 0 0 0 0 0 0 0 0 0 20 0 0 0 0 14 
P11942 2096 8 0 0 21 0 0 0 0 17 17 22 0 0 0 0 0 0 0 0 0 0 0 18 0 20 22 0 0 0 0 20 11 
P11942 2096 9 13 0 12 0 14 0 0 0 13 28 0 18 0 0 0 0 19 0 17 16 0 0 0 0 0 7 0 5 7 0 -999 
P11942 2096 10 0 13 0 0 0 0 0 0 0 0 0 0 0 0 7 0 0 0 0 20 22 8 14 0 0 0 0 0 0 0 0 
P11942 2096 11 0 0 0 0 0 0 0 4 0 0 0 0 0 0 13 0 0 0 0 7 0 0 0 0 7 0 0 0 0 0 -999 
P11942 2096 12 0 7 0 8 0 0 0 0 0 0 0 0 0 0 0 0 0 12 0 0 0 0 0 7 0 0 0 0 0 0 0 
P11942 2097 1 0 14 0 7 0 0 0 0 0 0 0 0 0 0 0 0 0 0 0 0 0 0 17 0 0 19 17 0 9 0 17 
P11942 2097 2 8 8 21 22 0 14 0 0 0 12 0 0 0 0 0 5 0 0 0 0 2 0 0 0 0 12 0 0 -999 -999 -999 
P11942 2097 3 16 15 24 45 19 0 25 22 0 4 0 0 0 0 0 0 6 0 0 0 0 0 0 23 0 25 18 0 15 32 13 
P11942 2097 4 0 4 0 0 8 0 0 0 0 0 36 33 19 22 14 13 0 15 0 24 20 13 10 0 42 23 0 0 0 0 -999 
P11942 2097 5 0 8 12 0 16 0 17 14 0 9 10 0 0 17 23 0 21 0 11 0 0 0 0 25 10 0 0 0 0 0 0 
P11942 2097 6 0 0 19 0 19 0 0 0 0 21 0 0 0 0 12 0 18 0 0 0 0 0 0 20 0 0 0 13 13 0 -999 
P11942 2097 7 0 0 0 0 0 0 19 0 0 0 0 0 0 0 0 0 20 0 18 0 0 0 0 0 0 16 0 20 0 0 17 
P11942 2097 8 0 0 15 0 0 0 19 0 0 0 0 0 0 0 14 12 0 0 0 0 0 16 0 0 19 0 0 0 0 0 0 
P11942 2097 9 13 0 0 0 17 0 0 0 23 0 0 0 0 12 0 10 0 12 0 0 9 0 0 0 0 0 0 7 0 0 -999 
P11942 2097 10 0 0 0 0 0 0 13 9 0 13 0 0 0 0 14 0 0 19 18 12 0 0 0 0 0 0 0 6 0 0 8 
P11942 2097 11 0 7 0 0 9 0 0 0 0 0 0 6 6 0 4 0 7 6 0 2 0 0 8 12 0 0 0 0 0 0 -999 
P11942 2097 12 0 10 0 0 6 0 0 0 0 0 0 0 0 0 0 0 5 0 0 0 0 0 4 0 0 0 0 12 0 12 10 
P11942 2098 1 16 0 0 0 0 0 15 0 0 7 6 7 10 18 0 0 0 0 0 10 0 0 4 8 5 0 0 0 0 0 0 
P11942 2098 2 0 0 9 0 0 0 0 0 0 0 0 0 8 0 0 9 0 0 0 0 0 11 0 0 0 0 0 0 -999 -999 -999 
P11942 2098 3 0 0 0 0 7 0 33 21 0 7 7 6 0 0 0 14 0 0 0 0 0 0 0 7 8 11 19 14 0 8 13 
P11942 2098 4 0 0 14 0 0 14 0 0 0 9 0 0 0 0 0 0 0 5 0 0 0 0 0 15 0 0 0 0 4 0 -999 
P11942 2098 5 0 0 21 0 0 37 21 0 17 25 32 0 30 21 24 24 0 0 0 0 15 19 0 31 25 0 17 9 0 0 8 
P11942 2098 6 0 8 0 0 19 0 0 0 17 18 0 15 16 0 0 0 0 0 0 0 0 13 0 0 27 0 0 0 16 0 -999 
P11942 2098 7 0 0 19 0 0 0 0 0 0 0 0 0 0 0 0 0 0 0 0 19 0 0 0 0 0 19 0 21 0 22 23 
P11942 2098 8 0 0 20 21 0 0 0 23 0 0 0 0 15 0 0 0 0 24 21 0 20 0 0 16 0 0 0 0 21 19 0 
P11942 2098 9 0 18 0 0 4 0 0 0 0 11 0 0 13 0 0 17 0 0 0 14 0 0 0 0 0 0 0 0 11 12 -999 
P11942 2098 10 0 0 7 0 9 0 0 0 0 0 0 0 0 0 0 0 20 16 0 0 0 0 12 7 0 0 8 7 0 0 9 
P11942 2098 11 6 0 0 0 0 0 7 11 0 0 0 0 18 16 9 0 0 0 13 10 7 8 0 0 0 0 0 0 7 0 -999 
P11942 2098 12 0 0 0 7 0 7 0 0 0 0 0 0 0 0 0 0 0 0 0 0 0 5 0 0 7 7 0 0 0 0 3 
P11942 2099 1 0 0 0 0 0 0 0 0 0 10 18 0 31 43 0 0 5 13 8 0 5 0 22 35 0 0 0 0 0 0 0 
P11942 2099 2 0 0 0 0 0 0 0 0 0 0 0 0 0 0 0 0 0 7 8 0 0 0 0 27 28 18 0 0 -999 -999 -999 
P11942 2099 3 21 0 0 22 0 15 0 0 15 11 0 0 0 0 26 20 21 19 28 21 30 17 0 23 30 24 20 21 13 12 23 
P11942 2099 4 35 34 23 16 0 0 0 13 0 0 0 0 0 8 0 9 0 0 6 0 0 0 22 23 0 18 0 0 0 20 -999 
P11942 2099 5 38 0 19 0 0 0 0 0 12 13 0 0 0 0 0 0 20 10 0 0 20 0 17 0 0 0 0 16 0 23 0 
P11942 2099 6 3 0 0 20 15 0 0 17 0 0 24 21 0 0 18 19 0 21 0 23 0 24 21 0 0 0 0 26 23 0 -999 
P11942 2099 7 0 23 0 0 23 0 0 0 19 0 0 0 33 0 17 0 22 20 0 17 0 0 0 0 0 0 0 0 0 16 0 
P11942 2099 8 0 19 0 0 0 0 0 0 23 0 0 24 0 0 17 0 15 0 0 0 18 0 19 17 0 0 0 10 0 0 0 
P11942 2099 9 0 0 0 0 0 17 0 0 0 0 22 0 0 0 0 0 0 0 0 0 0 16 19 0 11 8 0 0 0 0 -999 
P11942 2099 10 11 0 0 14 0 16 0 0 0 35 0 0 14 13 12 0 0 0 0 8 0 0 0 0 0 15 10 6 0 8 0 
P11942 2099 11 0 0 10 0 0 0 0 0 0 0 0 0 0 0 0 0 0 5 8 0 8 0 5 10 0 13 31 31 0 0 -999 
P11942 2099 12 0 0 0 0 0 22 26 0 0 0 0 0 6 0 0 0 0 0 0 0 0 6 0 0 14 0 21 22 10 0 6 
P11942 2100 1 0 0 0 0 4 0 0 0 0 0 9 0 0 11 0 0 6 0 0 0 0 0 0 0 0 0 5 0 0 0 0 
P11942 2100 2 8 0 0 5 0 0 0 0 0 0 4 0 0 5 0 0 9 0 0 32 27 26 0 12 0 0 0 16 -999 -999 -999 
P11942 2100 3 0 0 0 0 20 19 0 0 18 17 18 23 58 32 0 7 7 0 0 16 18 0 38 37 0 28 37 30 29 48 27 
P11942 2100 4 0 20 22 22 16 0 0 11 0 0 0 21 17 0 22 0 21 24 23 21 0 0 10 0 0 9 0 0 0 0 -999 
P11942 2100 5 10 0 17 20 0 0 25 0 0 0 20 0 0 0 12 13 0 29 16 21 0 0 0 20 16 12 0 0 15 0 23 
P11942 2100 6 0 0 0 0 20 15 0 0 0 12 0 0 0 0 18 0 11 15 0 0 0 0 15 0 19 0 22 0 0 0 -999 
P11942 2100 7 0 0 0 0 0 24 0 20 0 0 15 0 0 0 0 16 0 17 0 0 23 0 0 20 0 0 0 19 0 0 0 
P11942 2100 8 21 0 0 0 0 0 0 17 18 0 0 0 0 19 0 0 0 0 11 0 0 19 0 0 0 0 0 0 0 16 0 
P11942 2100 9 0 0 13 0 0 0 0 13 0 0 0 0 15 0 0 0 0 0 15 17 0 0 0 0 0 0 0 0 0 0 -999 
P11942 2100 10 16 0 27 0 0 19 0 28 18 19 20 19 10 10 12 0 0 0 13 14 0 21 38 0 12 0 0 0 0 0 0 
P11942 2100 11 0 8 0 0 11 20 0 0 11 7 0 0 14 15 16 0 0 0 12 0 0 30 21 9 0 0 14 0 0 0 -999 
P11942 2100 12 0 0 0 0 6 0 3 4 0 0 0 3 5 0 0 0 0 0 0 0 0 0 0 0 0 9 0 0 0 0 0 
