precip	MIROC5	RCP60	REGRESION	decimas	1
P5784	38.961	-1.498	182	geo	2006	2100	-1
P5784 2006 1 0 5 0 9 0 0 0 0 0 0 9 23 0 40 0 16 0 15 0 11 0 3 8 0 0 0 0 15 0 18 0 
P5784 2006 2 0 17 0 0 0 0 0 0 0 0 0 0 17 21 25 26 0 4 0 0 26 0 0 0 8 0 0 0 -999 -999 -999 
P5784 2006 3 0 0 23 24 28 29 0 43 28 0 49 47 0 0 0 23 34 26 17 0 0 0 16 0 0 0 0 0 25 15 25 
P5784 2006 4 12 0 12 0 0 13 0 52 42 0 0 0 0 0 0 0 12 0 16 0 0 0 0 0 0 0 37 35 34 34 -999 
P5784 2006 5 26 19 0 0 12 0 17 0 0 0 0 0 0 0 21 11 17 18 12 8 0 0 0 0 0 0 0 0 0 0 0 
P5784 2006 6 0 0 0 0 0 0 0 0 0 0 0 0 0 14 0 0 21 0 0 0 0 0 0 0 0 0 18 15 16 26 -999 
P5784 2006 7 0 0 0 16 0 0 0 28 0 0 0 0 0 0 0 0 0 0 0 0 0 0 0 0 0 0 0 0 0 0 0 
P5784 2006 8 0 0 0 13 0 0 0 0 0 0 0 0 0 0 0 17 0 0 0 0 0 0 0 0 0 0 15 0 0 0 0 
P5784 2006 9 0 0 14 0 0 19 13 0 0 0 19 8 0 0 0 0 0 0 19 8 0 0 0 0 20 9 0 0 7 0 -999 
P5784 2006 10 0 0 9 0 0 0 0 0 0 11 0 18 22 27 31 0 16 8 0 0 0 0 7 0 0 0 0 0 6 0 0 
P5784 2006 11 0 0 11 0 0 0 0 0 0 0 0 4 0 0 6 0 0 0 5 5 13 17 0 45 25 15 5 0 0 0 -999 
P5784 2006 12 0 0 3 0 6 0 0 21 0 0 0 26 24 0 17 0 0 11 0 0 15 17 24 26 11 12 0 0 0 0 0 
P5784 2007 1 0 0 0 0 0 0 0 0 0 0 0 0 0 0 0 0 0 3 0 30 31 16 12 0 21 0 0 0 18 17 12 
P5784 2007 2 8 6 9 0 17 16 0 46 0 42 0 17 14 0 0 0 12 19 0 28 35 24 22 22 0 0 13 0 -999 -999 -999 
P5784 2007 3 0 20 0 19 0 0 0 0 0 15 13 42 67 31 24 20 0 5 0 12 0 17 0 0 11 12 0 0 0 0 0 
P5784 2007 4 0 0 0 0 17 7 12 6 0 0 0 0 0 16 0 0 0 0 20 16 0 0 26 17 0 21 24 0 0 7 -999 
P5784 2007 5 0 0 0 0 18 0 20 0 13 0 0 0 0 26 15 13 14 24 22 22 15 0 0 0 0 0 0 8 11 0 24 
P5784 2007 6 0 25 0 0 23 32 42 0 0 8 15 0 0 0 0 20 0 0 0 0 0 0 0 21 0 0 0 0 0 27 -999 
P5784 2007 7 0 0 28 0 26 0 0 0 0 25 30 28 0 16 0 0 28 29 0 0 0 0 0 0 0 0 0 0 0 0 0 
P5784 2007 8 0 0 0 0 0 0 0 0 0 0 0 0 0 0 0 18 0 0 26 0 20 9 0 0 0 25 0 20 0 0 0 
P5784 2007 9 0 0 0 12 0 0 0 0 0 0 14 0 0 0 0 0 0 12 0 0 0 11 0 0 0 0 0 0 0 0 -999 
P5784 2007 10 0 0 0 0 0 0 0 0 0 0 21 0 0 0 0 0 0 14 0 0 0 22 0 0 0 0 9 11 0 0 0 
P5784 2007 11 0 6 0 0 0 0 0 0 0 0 9 0 0 5 0 0 3 0 0 0 0 0 0 0 0 0 15 25 0 0 -999 
P5784 2007 12 17 10 14 23 23 27 23 14 7 0 0 0 0 0 0 12 0 0 27 0 0 5 0 0 0 0 0 0 0 0 7 
P5784 2008 1 14 15 31 19 18 0 0 0 0 12 11 0 0 15 0 21 17 0 5 10 11 12 0 0 0 0 19 11 0 14 0 
P5784 2008 2 25 15 0 14 0 8 0 0 15 25 0 17 0 5 7 11 11 23 36 0 0 0 0 0 19 18 25 0 -999 -999 -999 
P5784 2008 3 34 0 0 0 8 0 0 0 0 0 0 0 0 0 9 0 0 0 0 0 0 0 0 0 6 5 0 0 0 0 0 
P5784 2008 4 0 0 0 22 40 22 0 0 0 0 0 0 20 0 0 20 16 21 18 0 0 0 8 0 0 0 0 0 0 0 -999 
P5784 2008 5 23 17 13 9 21 38 26 0 0 21 25 10 0 20 18 0 16 0 21 33 25 16 15 0 0 19 19 12 0 14 0 
P5784 2008 6 0 14 17 0 17 18 0 0 0 16 0 0 0 0 0 0 12 0 12 0 0 0 0 0 0 0 0 0 23 0 -999 
P5784 2008 7 0 0 0 0 0 0 0 0 0 0 0 0 25 40 0 19 15 0 0 16 0 0 0 0 0 0 0 0 0 0 0 
P5784 2008 8 0 0 0 0 0 0 0 0 0 22 0 14 0 0 0 0 0 0 15 0 0 0 0 0 0 0 19 0 0 0 0 
P5784 2008 9 0 0 0 0 0 0 0 0 0 0 25 0 0 15 12 0 0 12 0 0 0 0 0 0 0 0 0 12 19 19 -999 
P5784 2008 10 0 0 0 13 14 0 0 0 11 0 0 0 16 0 0 0 16 13 0 15 0 0 0 0 0 0 18 11 0 0 0 
P5784 2008 11 13 0 22 0 0 8 0 0 0 0 0 26 0 7 0 0 0 0 3 3 0 0 0 0 0 0 0 0 0 5 -999 
P5784 2008 12 4 0 3 0 0 8 0 0 15 9 21 0 0 8 14 0 0 0 0 0 0 0 0 0 0 0 6 7 0 0 0 
P5784 2009 1 0 0 0 0 0 0 0 0 7 0 12 11 17 9 12 0 5 2 1 0 0 0 0 0 0 0 0 0 0 0 0 
P5784 2009 2 0 0 10 11 18 0 0 6 0 0 8 0 7 0 0 4 0 0 0 0 0 0 0 14 13 0 8 0 -999 -999 -999 
P5784 2009 3 0 41 29 17 16 0 0 13 33 40 22 17 0 17 33 19 9 0 0 6 0 0 0 10 0 25 21 0 20 19 0 
P5784 2009 4 0 35 36 19 0 35 38 14 11 7 11 0 28 18 0 0 0 0 8 0 0 30 17 14 0 0 0 0 0 0 -999 
P5784 2009 5 0 20 11 16 28 0 10 12 18 0 26 12 0 0 7 0 0 0 0 27 0 0 0 0 0 0 0 16 0 18 17 
P5784 2009 6 0 0 0 0 0 0 0 14 0 13 0 0 0 0 0 0 0 15 13 0 0 23 0 0 0 0 0 0 16 20 -999 
P5784 2009 7 0 0 0 20 0 0 0 0 0 0 0 0 0 17 0 0 0 0 0 0 0 0 0 0 0 18 0 0 18 22 0 
P5784 2009 8 0 0 11 0 0 0 0 23 21 0 26 18 0 16 0 0 0 0 0 15 0 19 29 0 0 0 0 0 26 0 0 
P5784 2009 9 0 16 0 0 0 0 9 0 0 0 22 0 18 0 0 19 0 0 0 21 0 29 0 0 0 0 0 0 0 0 -999 
P5784 2009 10 0 0 0 0 0 0 0 0 0 0 0 0 16 0 18 22 21 0 24 0 0 8 5 7 10 9 0 0 0 0 0 
P5784 2009 11 0 0 4 0 0 0 0 0 0 0 0 0 0 0 0 0 0 0 0 0 0 0 7 0 0 20 14 7 0 9 -999 
P5784 2009 12 0 0 4 0 5 14 33 20 12 0 22 0 0 0 0 6 0 11 13 0 0 5 0 0 0 0 15 11 9 4 0 
P5784 2010 1 0 0 0 25 0 0 0 10 10 16 0 8 0 0 0 13 6 0 0 0 9 0 5 0 4 5 0 0 0 0 0 
P5784 2010 2 9 10 0 0 0 19 21 20 0 0 0 7 0 0 9 0 0 6 0 0 0 0 7 15 9 0 0 0 -999 -999 -999 
P5784 2010 3 3 0 0 9 13 23 36 46 37 25 27 17 0 0 0 0 0 0 0 46 32 0 0 0 0 0 0 0 0 0 0 
P5784 2010 4 10 0 15 18 0 19 0 28 0 25 33 31 0 22 24 31 0 26 0 0 0 22 16 9 21 26 11 0 21 28 -999 
P5784 2010 5 18 17 0 29 0 0 15 0 0 19 0 34 0 0 0 22 0 0 0 0 0 13 0 17 27 0 26 0 18 0 22 
P5784 2010 6 22 21 0 0 0 13 0 0 0 0 18 0 37 0 0 0 12 0 0 0 0 0 0 0 0 0 0 0 0 0 -999 
P5784 2010 7 0 19 0 16 0 0 0 0 0 0 22 0 0 0 16 19 0 0 0 0 0 21 0 0 0 0 0 0 0 20 0 
P5784 2010 8 0 0 0 0 0 0 0 24 0 0 0 21 18 18 0 0 0 0 0 0 0 0 0 0 0 0 0 0 0 13 0 
P5784 2010 9 15 0 0 0 0 0 0 18 0 30 19 0 0 0 12 0 0 16 16 0 0 0 0 0 0 0 0 0 0 0 -999 
P5784 2010 10 0 0 0 0 0 0 0 13 0 14 14 0 0 0 11 11 0 0 9 13 0 26 25 14 5 0 0 0 0 8 6 
P5784 2010 11 0 0 0 0 0 0 0 0 0 0 0 0 0 0 0 0 0 0 4 7 0 0 0 0 8 0 0 0 0 0 -999 
P5784 2010 12 0 11 0 0 0 12 9 10 0 12 0 0 0 26 22 0 0 3 5 9 0 0 0 0 0 0 0 0 0 0 0 
P5784 2011 1 0 0 0 4 3 0 0 0 0 0 6 6 0 0 0 0 0 0 0 0 0 0 0 20 0 0 0 2 0 0 0 
P5784 2011 2 0 0 0 6 0 7 0 0 0 0 0 4 4 0 0 0 0 0 0 6 0 0 10 0 0 0 0 29 -999 -999 -999 
P5784 2011 3 29 0 24 0 24 0 0 0 0 11 16 0 19 19 23 34 59 22 0 13 0 0 18 25 19 0 19 30 19 0 0 
P5784 2011 4 13 0 0 14 0 0 0 16 0 0 18 21 24 21 10 0 0 36 30 24 22 0 0 0 6 0 4 0 12 0 -999 
P5784 2011 5 11 13 12 0 11 0 13 0 0 0 0 0 0 0 0 0 0 0 0 0 21 22 0 12 0 0 0 22 25 26 0 
P5784 2011 6 0 0 0 0 0 0 0 0 0 0 0 0 0 0 0 0 0 0 0 0 0 0 0 0 21 19 0 0 0 15 -999 
P5784 2011 7 0 9 0 0 0 0 0 0 0 0 0 0 0 0 20 0 13 0 0 20 31 19 0 0 0 0 0 0 0 0 0 
P5784 2011 8 0 14 0 0 0 0 0 0 0 0 0 0 0 0 22 19 0 0 0 0 0 0 16 0 0 0 0 0 0 0 0 
P5784 2011 9 28 0 0 0 0 0 0 15 27 0 16 0 0 0 8 0 0 0 0 10 0 0 0 0 0 0 7 0 0 0 -999 
P5784 2011 10 16 0 0 0 0 0 0 0 0 0 0 12 0 11 11 0 0 9 8 0 0 0 0 0 15 0 0 0 20 0 41 
P5784 2011 11 18 13 0 7 17 0 54 0 0 11 0 11 0 0 0 9 0 25 8 3 0 23 29 33 31 0 0 7 10 0 -999 
P5784 2011 12 0 0 13 23 0 0 0 4 0 0 0 0 11 0 0 0 12 11 12 17 21 0 0 0 0 0 0 0 0 0 0 
P5784 2012 1 13 23 7 0 0 0 0 0 0 0 0 4 0 0 0 4 10 11 10 11 8 6 0 0 8 0 5 0 0 0 8 
P5784 2012 2 0 10 32 29 8 0 0 0 0 2 0 0 0 0 0 3 4 7 0 16 35 16 0 5 12 15 0 0 -999 -999 -999 
P5784 2012 3 0 26 51 70 32 16 0 0 0 0 0 0 0 11 0 13 0 22 0 21 27 21 0 12 11 0 0 0 0 0 0 
P5784 2012 4 0 0 0 6 0 0 13 14 11 12 0 0 22 33 24 20 22 25 0 19 18 16 15 18 22 0 33 0 0 14 -999 
P5784 2012 5 16 0 0 0 13 0 39 29 0 0 0 0 0 24 16 14 11 13 13 0 15 15 16 16 0 20 15 15 11 0 0 
P5784 2012 6 0 0 11 0 0 0 0 19 27 28 25 0 0 0 0 21 0 0 0 0 0 20 0 0 13 0 0 0 0 0 -999 
P5784 2012 7 0 0 0 0 0 0 0 0 0 0 0 26 22 0 0 0 0 33 0 20 0 0 22 23 0 0 0 13 0 0 24 
P5784 2012 8 22 0 0 0 20 22 21 0 0 0 0 0 0 0 0 0 22 0 0 0 0 16 0 0 0 21 0 0 0 15 9 
P5784 2012 9 0 0 13 0 0 0 22 0 0 12 0 19 0 16 0 12 0 0 0 0 0 8 0 13 0 0 0 0 0 0 -999 
P5784 2012 10 0 0 0 0 0 0 0 0 0 16 25 0 7 7 0 11 0 0 0 0 0 27 0 17 0 0 0 10 0 7 9 
P5784 2012 11 0 18 31 32 0 3 0 0 0 7 15 19 0 0 0 0 0 0 0 18 14 0 0 0 0 0 0 13 15 18 -999 
P5784 2012 12 0 0 0 0 11 0 0 9 0 8 0 0 0 0 0 19 13 16 12 6 3 0 0 2 2 0 0 0 0 0 23 
P5784 2013 1 25 14 0 0 8 5 0 3 0 0 0 0 0 0 4 0 0 0 8 4 0 0 0 0 2 0 2 0 0 6 0 
P5784 2013 2 0 0 0 0 0 1 0 0 0 0 0 0 0 23 19 0 11 0 17 16 14 0 13 0 16 0 0 1 -999 -999 -999 
P5784 2013 3 3 0 4 0 0 0 0 55 33 22 27 25 0 12 0 14 17 0 11 13 18 0 23 14 14 0 0 27 37 30 37 
P5784 2013 4 0 37 0 11 16 0 10 7 6 0 5 0 0 14 0 0 12 9 0 10 16 0 0 0 36 24 9 0 0 0 -999 
P5784 2013 5 0 14 0 0 14 0 18 0 26 0 21 16 0 0 0 30 31 17 0 19 0 5 0 0 11 8 0 0 0 0 0 
P5784 2013 6 0 0 0 0 0 0 0 0 36 22 21 21 24 0 0 0 0 0 0 0 0 0 0 0 0 0 0 0 0 22 -999 
P5784 2013 7 0 0 0 0 14 21 29 0 0 0 0 0 0 0 0 0 0 0 0 0 0 0 0 0 0 0 0 0 0 0 0 
P5784 2013 8 0 0 0 0 0 0 22 0 19 0 0 0 0 11 18 0 0 0 9 0 0 0 0 0 0 0 0 16 0 21 25 
P5784 2013 9 14 0 25 0 0 0 0 14 0 0 0 0 0 0 0 0 0 0 0 0 0 27 0 14 0 0 0 0 0 0 -999 
P5784 2013 10 0 0 0 0 0 0 0 0 8 0 0 0 0 0 0 0 19 28 0 0 0 0 0 0 0 11 11 12 0 0 0 
P5784 2013 11 0 0 0 0 0 0 0 0 0 8 0 0 0 7 6 0 7 0 53 34 12 0 24 28 0 0 18 23 0 0 -999 
P5784 2013 12 0 0 8 8 0 0 0 0 0 0 0 0 0 0 0 0 0 0 0 4 0 0 0 0 8 8 12 0 13 0 12 
P5784 2014 1 12 5 0 0 5 0 6 6 8 0 0 0 2 0 0 4 0 0 0 0 0 0 0 0 0 13 19 28 69 0 29 
P5784 2014 2 24 16 0 0 0 8 11 22 0 10 9 0 4 0 0 0 0 0 0 8 0 0 8 0 0 0 6 21 -999 -999 -999 
P5784 2014 3 29 0 0 0 0 0 0 0 4 0 8 19 0 14 24 17 15 26 33 16 0 0 22 13 9 0 0 15 0 0 0 
P5784 2014 4 29 0 0 26 36 36 19 21 24 25 18 0 17 0 41 36 28 10 0 0 0 12 12 0 0 19 18 21 17 20 -999 
P5784 2014 5 19 0 10 23 24 0 0 0 0 0 0 0 0 0 0 0 0 0 0 0 27 27 19 14 12 0 25 19 18 28 0 
P5784 2014 6 0 0 0 27 18 15 17 18 0 0 0 8 13 0 0 0 0 0 0 0 0 0 0 0 0 0 0 0 0 0 -999 
P5784 2014 7 0 0 0 0 0 0 0 0 0 0 0 0 0 0 0 0 0 0 0 0 0 0 0 0 0 0 0 0 0 0 0 
P5784 2014 8 0 0 0 0 0 0 0 12 0 0 0 0 0 0 0 0 0 0 0 0 0 0 10 0 0 0 0 0 0 0 0 
P5784 2014 9 0 0 0 0 0 0 0 0 0 0 0 0 0 0 32 41 0 0 0 11 13 0 0 0 0 0 0 13 29 0 -999 
P5784 2014 10 0 19 17 0 22 15 0 0 0 0 0 13 0 13 0 0 0 0 0 0 0 14 11 0 0 0 24 0 0 0 0 
P5784 2014 11 0 3 0 0 0 5 0 0 8 0 0 9 9 0 10 0 0 0 9 9 9 20 11 0 0 0 0 0 0 4 -999 
P5784 2014 12 0 0 2 0 0 0 0 4 0 0 0 0 0 0 0 0 0 0 0 0 0 0 0 0 0 0 0 0 0 0 6 
P5784 2015 1 0 0 0 11 0 0 9 22 33 23 0 0 0 0 0 0 0 0 0 0 0 0 0 2 6 0 0 0 0 0 0 
P5784 2015 2 0 0 0 0 0 0 0 0 6 0 0 0 0 0 0 0 0 0 0 0 0 0 0 0 16 24 20 19 -999 -999 -999 
P5784 2015 3 16 19 11 14 23 0 0 11 0 34 0 0 9 0 0 11 0 0 0 11 0 0 0 0 14 11 0 0 0 0 0 
P5784 2015 4 38 28 11 0 0 0 0 0 0 0 0 0 0 0 0 0 0 16 17 14 17 0 0 8 13 23 21 0 35 36 -999 
P5784 2015 5 24 0 0 14 11 9 6 0 0 0 0 0 0 0 12 0 0 0 0 0 0 0 0 0 0 0 0 31 35 17 0 
P5784 2015 6 0 0 22 28 34 27 0 17 0 13 0 13 0 0 0 25 0 0 0 0 21 0 17 20 23 0 15 0 0 28 -999 
P5784 2015 7 22 0 20 0 23 0 0 0 0 0 0 17 22 22 0 0 0 0 0 0 0 0 0 0 0 0 0 0 0 0 0 
P5784 2015 8 0 0 0 0 0 0 0 0 0 0 0 24 0 0 18 0 0 0 0 0 0 0 29 24 0 23 33 0 0 0 0 
P5784 2015 9 18 0 0 0 34 23 0 14 0 0 0 0 10 0 13 0 12 0 0 12 16 0 0 0 0 25 19 19 17 12 -999 
P5784 2015 10 0 14 0 0 0 23 15 13 13 12 0 12 0 0 15 0 0 0 0 0 0 17 0 0 0 15 0 0 0 0 0 
P5784 2015 11 6 4 0 0 0 0 0 12 0 11 12 0 14 22 30 15 0 0 0 0 13 14 0 10 0 0 0 0 7 0 -999 
P5784 2015 12 31 31 33 15 24 35 17 0 0 25 17 14 19 0 0 6 8 0 0 0 0 0 0 0 0 0 0 0 0 0 0 
P5784 2016 1 0 0 0 7 0 0 0 0 0 0 0 16 11 0 5 0 0 0 0 0 0 0 0 16 12 23 29 31 0 0 30 
P5784 2016 2 19 0 0 6 0 0 0 0 10 0 0 10 0 0 0 0 0 7 0 0 0 8 0 0 8 0 0 0 -999 -999 -999 
P5784 2016 3 13 21 0 0 26 22 0 21 0 21 27 35 0 0 58 37 18 0 25 19 0 0 0 31 23 0 26 23 14 0 22 
P5784 2016 4 0 0 0 0 8 0 0 22 16 20 27 27 0 0 17 0 9 0 0 0 9 0 13 0 0 22 35 0 26 28 -999 
P5784 2016 5 0 0 12 0 10 0 25 23 0 0 14 0 0 0 22 27 0 17 0 0 0 6 0 0 0 10 0 0 34 34 27 
P5784 2016 6 20 12 0 0 0 0 0 0 0 20 0 0 0 0 0 15 0 0 0 16 0 0 0 14 18 0 20 0 0 0 -999 
P5784 2016 7 0 0 0 0 0 0 0 22 0 0 0 0 0 0 0 0 0 0 0 0 0 22 0 19 0 25 19 0 0 19 18 
P5784 2016 8 19 0 27 0 0 0 0 0 0 0 0 0 0 0 0 0 0 19 0 0 0 0 0 0 22 31 0 0 0 0 0 
P5784 2016 9 0 0 26 0 14 0 0 0 0 0 8 0 0 0 0 16 15 0 0 17 10 0 15 0 0 0 0 0 17 22 -999 
P5784 2016 10 0 0 0 0 0 0 14 0 0 0 0 0 0 0 0 0 38 32 27 29 0 36 28 0 0 10 15 29 25 16 17 
P5784 2016 11 23 22 0 0 14 0 0 17 21 0 0 0 0 8 13 16 0 21 27 34 18 8 14 0 0 13 0 17 0 16 -999 
P5784 2016 12 16 0 0 0 6 0 0 0 0 0 8 13 27 0 0 0 0 0 0 7 8 0 0 7 0 12 14 18 19 13 12 
P5784 2017 1 12 0 0 0 0 0 6 0 0 0 10 10 16 38 40 20 14 11 0 0 0 0 0 0 0 0 0 0 0 0 0 
P5784 2017 2 0 0 0 0 0 3 0 0 0 0 0 0 0 0 0 0 0 5 0 0 0 0 0 0 5 6 0 8 -999 -999 -999 
P5784 2017 3 0 8 4 0 0 0 0 12 20 47 0 0 24 33 25 9 0 0 5 0 0 0 0 0 34 27 29 36 26 23 0 
P5784 2017 4 13 0 0 0 19 9 9 14 13 20 16 0 23 26 23 18 11 10 0 0 0 0 15 20 22 18 0 0 31 24 -999 
P5784 2017 5 26 0 11 0 0 0 10 0 0 0 0 0 26 0 0 16 0 10 0 20 24 24 14 13 19 7 6 0 0 0 0 
P5784 2017 6 0 0 0 0 0 0 0 0 20 20 0 16 15 0 0 0 0 0 0 0 0 0 0 20 0 14 0 0 0 0 -999 
P5784 2017 7 22 0 0 0 0 0 0 0 0 0 0 0 24 15 15 0 0 0 0 0 0 0 0 0 0 0 0 0 0 0 0 
P5784 2017 8 0 0 0 0 0 26 0 0 0 20 17 0 18 0 0 0 0 0 0 0 0 19 0 18 11 0 15 0 0 0 0 
P5784 2017 9 0 0 0 0 0 0 0 0 0 0 0 0 7 0 15 9 0 9 13 6 0 0 0 0 0 0 0 0 0 0 -999 
P5784 2017 10 11 0 0 0 0 10 0 0 0 0 0 11 10 0 0 17 11 0 0 0 0 15 11 0 11 0 14 34 30 22 0 
P5784 2017 11 0 23 19 32 0 0 0 7 17 9 9 0 39 0 35 0 7 0 11 0 23 34 13 0 0 4 0 5 0 0 -999 
P5784 2017 12 6 0 13 14 0 0 21 0 0 23 44 30 13 0 0 0 11 0 7 11 12 0 13 0 0 0 0 18 39 25 35 
P5784 2018 1 50 0 0 0 0 0 0 0 5 16 0 0 6 2 0 0 0 0 11 0 10 5 0 0 0 0 16 10 9 0 0 
P5784 2018 2 0 0 14 0 11 0 0 0 0 0 5 0 0 0 0 0 0 6 0 0 10 0 0 4 5 0 0 0 -999 -999 -999 
P5784 2018 3 0 0 0 0 8 0 0 0 15 26 38 32 45 46 34 26 0 22 0 14 0 0 0 14 18 0 0 16 11 15 0 
P5784 2018 4 0 15 0 0 0 0 0 0 0 0 0 8 0 0 0 16 0 0 0 0 10 0 0 0 26 31 0 0 0 21 -999 
P5784 2018 5 26 31 12 0 8 0 11 12 0 0 33 20 16 0 9 0 14 0 0 0 26 0 0 0 11 23 30 34 0 0 5 
P5784 2018 6 0 10 0 0 16 0 0 0 0 0 16 13 0 30 0 19 0 14 0 0 0 21 0 0 14 0 0 0 0 0 -999 
P5784 2018 7 0 0 28 19 13 0 0 0 14 0 0 16 21 24 29 0 0 0 0 0 0 0 0 0 0 0 0 0 0 0 0 
P5784 2018 8 17 0 0 0 0 0 0 0 0 0 24 20 0 0 0 0 24 0 22 0 0 0 0 0 16 0 0 0 21 0 0 
P5784 2018 9 0 0 18 0 0 20 0 0 0 0 0 0 12 0 0 0 0 0 0 13 0 0 0 12 0 0 0 0 0 0 -999 
P5784 2018 10 0 14 14 0 0 0 0 0 16 0 0 16 0 0 22 0 28 0 13 11 0 16 17 0 0 0 0 6 0 14 17 
P5784 2018 11 0 16 14 20 0 13 0 18 33 0 39 0 0 0 0 0 0 0 0 0 0 0 0 0 6 11 0 0 6 0 -999 
P5784 2018 12 0 15 26 0 0 0 0 9 0 0 0 17 38 34 0 18 17 0 10 0 0 0 0 8 12 0 0 0 0 21 17 
P5784 2019 1 12 17 30 16 11 23 31 24 5 0 0 0 0 0 21 20 26 32 23 0 33 0 21 7 0 13 0 16 9 0 22 
P5784 2019 2 0 10 12 0 13 0 0 0 0 18 22 19 31 17 0 0 0 24 27 25 8 3 7 0 12 0 0 0 -999 -999 -999 
P5784 2019 3 0 0 0 0 0 0 5 0 0 0 0 0 0 0 0 0 0 0 6 0 4 0 0 0 0 0 20 39 59 18 0 
P5784 2019 4 0 0 0 0 0 0 0 17 28 27 32 38 26 0 30 33 33 17 12 14 14 0 23 44 0 20 16 21 28 46 -999 
P5784 2019 5 39 46 0 0 0 14 0 0 30 24 18 0 0 20 0 0 0 11 22 0 0 6 8 0 0 13 11 0 5 0 0 
P5784 2019 6 0 0 0 0 0 0 0 34 0 0 0 0 0 15 12 0 0 0 0 0 0 0 0 0 0 0 0 0 0 26 -999 
P5784 2019 7 22 0 0 0 0 27 0 0 0 0 0 0 0 0 0 0 0 0 0 0 0 0 0 19 0 0 0 0 0 15 0 
P5784 2019 8 0 0 0 0 0 0 0 0 16 0 0 0 0 0 0 0 0 14 12 0 19 0 0 0 0 0 0 0 10 0 0 
P5784 2019 9 28 30 17 0 18 0 0 0 0 29 0 0 0 26 0 17 20 0 0 16 0 0 0 17 0 0 17 0 0 0 -999 
P5784 2019 10 0 0 0 18 0 0 0 13 0 0 0 0 21 11 0 0 0 0 0 0 9 0 0 0 0 11 0 0 0 8 0 
P5784 2019 11 0 0 0 0 0 0 8 0 0 0 0 0 0 0 0 0 8 0 0 30 44 39 40 26 36 28 17 9 0 15 -999 
P5784 2019 12 0 13 8 0 7 8 0 10 0 0 0 0 0 0 0 0 3 0 0 4 0 0 0 0 0 0 0 0 0 0 0 
P5784 2020 1 2 0 0 0 0 0 3 0 0 0 0 0 0 6 6 0 0 0 0 0 0 0 0 0 0 15 22 0 27 25 28 
P5784 2020 2 24 15 20 0 0 0 16 15 5 5 0 0 0 0 0 0 0 0 0 0 0 0 0 0 13 0 9 0 -999 -999 -999 
P5784 2020 3 0 0 0 6 9 0 8 0 0 5 0 9 7 5 0 0 0 0 0 0 13 10 12 0 18 17 0 0 27 0 27 
P5784 2020 4 0 26 26 0 14 10 0 0 0 0 0 10 5 0 0 24 24 19 0 27 28 29 15 14 9 0 7 11 0 0 -999 
P5784 2020 5 0 0 0 0 13 0 0 0 0 0 0 28 23 20 19 0 0 0 0 0 0 16 0 13 17 11 0 0 16 0 0 
P5784 2020 6 0 12 0 25 0 0 21 0 0 15 0 0 18 0 0 0 0 0 0 0 0 0 28 28 18 0 0 0 12 0 -999 
P5784 2020 7 21 18 0 0 0 0 0 0 0 0 24 0 25 0 0 15 0 0 0 0 0 22 0 0 0 0 0 0 0 0 0 
P5784 2020 8 0 0 0 0 0 0 0 0 0 0 0 0 0 0 0 0 0 0 0 0 0 0 0 0 0 18 12 0 0 19 19 
P5784 2020 9 0 0 0 13 0 0 0 0 12 0 8 0 0 0 0 0 0 0 8 0 0 0 0 0 0 0 0 0 0 0 -999 
P5784 2020 10 0 18 0 18 21 0 0 0 22 16 0 14 10 0 14 17 0 10 21 0 10 7 0 0 11 19 23 20 0 0 0 
P5784 2020 11 32 30 35 22 23 36 0 8 8 0 0 2 0 0 16 15 0 9 0 0 26 0 31 21 35 20 12 24 0 0 -999 
P5784 2020 12 10 0 11 13 0 0 6 0 0 0 3 0 0 0 0 0 0 6 0 12 13 18 15 0 0 13 0 10 0 11 12 
P5784 2021 1 14 15 16 0 18 11 11 10 7 0 0 0 0 0 0 0 0 0 14 0 0 5 0 0 0 0 5 6 9 12 0 
P5784 2021 2 0 7 0 0 0 0 0 0 7 0 0 0 0 12 0 1 0 0 4 0 0 0 17 5 3 0 12 0 -999 -999 -999 
P5784 2021 3 0 0 0 0 0 0 0 25 0 0 0 0 17 15 0 0 6 0 0 0 0 0 0 0 7 0 0 0 25 32 19 
P5784 2021 4 0 0 0 20 9 0 0 12 8 0 0 0 0 0 14 10 0 0 0 0 25 32 0 20 23 0 0 0 23 25 -999 
P5784 2021 5 22 18 25 27 0 21 0 0 13 0 0 0 15 0 0 0 0 0 0 0 0 0 10 0 24 20 0 15 0 18 23 
P5784 2021 6 0 30 41 20 11 0 0 0 0 0 0 0 0 16 11 0 0 0 35 14 11 0 0 0 0 0 0 0 0 0 -999 
P5784 2021 7 0 0 0 0 0 0 29 0 0 0 0 0 0 17 0 0 0 0 0 0 0 0 0 16 17 0 29 0 20 0 0 
P5784 2021 8 0 0 0 0 0 0 0 0 0 0 0 15 14 0 0 0 0 0 0 0 0 0 17 0 0 0 16 16 0 0 0 
P5784 2021 9 12 10 0 0 0 0 0 0 0 0 13 0 0 0 0 0 0 0 0 7 0 0 0 0 0 19 0 0 0 0 -999 
P5784 2021 10 0 0 0 0 0 0 15 0 18 36 31 15 0 7 5 0 6 0 0 0 15 0 0 31 14 0 10 0 14 8 0 
P5784 2021 11 0 0 0 14 0 34 0 10 9 0 0 11 0 0 15 11 17 0 8 0 0 0 0 7 0 9 15 17 21 0 -999 
P5784 2021 12 11 10 0 21 7 2 0 0 0 0 0 0 0 0 0 0 9 11 7 0 0 0 0 0 0 7 0 0 0 0 0 
P5784 2022 1 0 0 0 0 0 0 0 0 0 0 0 0 0 9 7 9 0 0 0 0 9 0 14 0 23 14 11 0 0 0 0 
P5784 2022 2 10 23 11 8 0 17 19 26 14 9 22 22 20 0 16 26 25 35 11 0 30 18 28 34 11 0 26 23 -999 -999 -999 
P5784 2022 3 0 10 0 0 55 28 0 13 0 35 23 24 0 49 0 11 6 0 5 0 6 0 0 0 0 0 6 0 0 0 0 
P5784 2022 4 0 0 16 8 0 7 0 0 24 0 17 0 0 0 0 26 0 0 0 17 12 0 0 0 30 31 0 0 0 19 -999 
P5784 2022 5 13 6 7 8 0 0 0 0 0 48 35 0 23 26 35 0 0 22 0 0 16 0 16 0 26 0 9 0 0 0 0 
P5784 2022 6 0 0 0 0 20 26 20 12 0 0 11 9 0 0 0 17 20 11 0 0 0 0 0 17 0 0 0 0 0 0 -999 
P5784 2022 7 0 0 0 0 0 0 0 0 0 0 0 0 0 0 25 0 0 0 0 0 0 27 0 0 21 0 0 0 0 0 21 
P5784 2022 8 0 0 20 0 0 0 0 0 0 0 0 0 0 0 0 0 0 0 0 0 0 0 26 22 0 0 0 0 0 0 0 
P5784 2022 9 16 0 0 0 0 11 0 0 0 0 0 14 0 0 0 20 0 0 0 0 0 0 0 0 0 0 0 0 0 0 -999 
P5784 2022 10 0 0 0 12 0 0 0 0 12 0 0 18 0 7 10 12 12 11 7 6 0 0 0 0 13 0 0 0 0 17 12 
P5784 2022 11 0 0 0 0 0 0 0 0 5 10 13 9 0 0 0 0 29 0 24 0 0 0 0 0 0 0 0 7 5 7 -999 
P5784 2022 12 0 0 26 18 0 0 0 0 30 0 16 0 0 0 0 0 10 10 11 0 13 0 0 14 24 12 8 35 37 0 0 
P5784 2023 1 14 0 0 0 0 0 14 8 4 0 0 0 0 0 0 0 0 0 0 0 0 3 13 9 0 1 0 0 0 0 0 
P5784 2023 2 0 6 0 0 0 0 5 0 0 0 0 0 5 0 0 0 0 7 0 0 0 0 0 0 17 0 32 30 -999 -999 -999 
P5784 2023 3 14 19 0 0 0 3 0 0 0 0 0 0 19 0 0 0 0 0 0 0 0 0 0 0 0 0 0 0 11 0 0 
P5784 2023 4 26 12 23 0 18 0 0 27 26 20 15 0 16 26 39 0 16 18 0 0 0 0 9 0 0 21 32 38 0 0 -999 
P5784 2023 5 0 0 0 0 0 0 0 0 0 0 0 0 25 18 22 0 0 24 33 27 16 0 0 9 0 0 0 10 0 0 0 
P5784 2023 6 0 0 23 0 0 0 0 27 21 0 0 9 0 0 0 13 0 0 0 0 0 0 0 0 0 0 17 16 0 0 -999 
P5784 2023 7 0 20 0 21 21 0 0 0 0 0 0 0 0 0 0 0 0 0 0 0 0 0 0 0 0 0 0 0 0 0 0 
P5784 2023 8 0 0 0 0 26 25 22 0 20 0 0 17 0 0 0 0 0 0 0 0 17 0 0 0 0 0 0 0 0 0 18 
P5784 2023 9 0 0 20 0 17 0 0 0 0 0 0 0 0 0 0 0 0 0 14 0 0 0 0 13 15 0 0 29 27 31 -999 
P5784 2023 10 31 0 38 33 0 20 20 0 0 0 0 0 15 17 0 13 0 0 0 0 8 0 0 0 0 0 16 0 5 0 22 
P5784 2023 11 36 0 0 7 0 0 0 0 0 0 0 0 10 0 0 6 0 0 0 0 0 0 0 0 0 0 0 0 0 0 -999 
P5784 2023 12 0 0 0 0 0 0 0 0 8 7 0 2 0 0 0 4 0 10 0 8 0 4 0 0 0 0 0 0 0 0 0 
P5784 2024 1 0 0 4 0 0 6 12 27 50 0 10 0 0 0 10 0 0 0 0 0 0 0 0 8 0 0 7 5 0 0 0 
P5784 2024 2 46 65 40 14 12 0 3 0 0 0 0 0 0 0 11 26 22 0 0 0 0 0 18 35 10 0 6 6 -999 -999 -999 
P5784 2024 3 0 0 9 0 12 15 0 18 19 7 0 0 0 0 0 0 14 22 0 0 0 0 0 27 47 31 28 17 7 0 0 
P5784 2024 4 15 30 0 16 17 11 0 0 0 0 0 0 0 10 0 0 0 17 0 18 0 0 38 23 0 0 15 15 0 0 -999 
P5784 2024 5 0 0 0 0 0 8 0 0 0 32 0 0 10 0 0 0 0 0 0 0 0 0 0 0 0 0 0 0 0 0 0 
P5784 2024 6 10 0 0 0 0 0 0 0 0 0 0 0 0 0 0 0 0 0 0 0 0 0 22 0 29 0 21 0 0 0 -999 
P5784 2024 7 21 0 0 0 0 0 0 12 0 0 0 0 0 0 0 0 0 0 0 0 0 0 0 0 31 29 0 0 25 0 17 
P5784 2024 8 0 0 0 0 0 0 0 0 0 0 0 0 0 0 0 0 0 0 0 0 0 0 0 0 0 0 0 0 0 25 26 
P5784 2024 9 0 0 0 0 0 14 0 0 0 0 0 0 19 0 18 8 0 0 0 0 0 0 0 0 0 0 0 0 0 0 -999 
P5784 2024 10 0 0 0 12 0 0 11 0 12 0 0 10 9 0 0 26 0 42 18 13 0 0 0 25 0 0 0 0 17 13 0 
P5784 2024 11 15 0 0 0 16 11 8 5 0 0 0 0 12 12 11 0 0 0 0 0 0 10 0 0 7 0 8 7 7 8 -999 
P5784 2024 12 0 0 0 0 5 3 0 0 4 0 0 0 0 0 0 4 0 0 0 0 0 0 0 0 0 7 12 0 5 4 4 
P5784 2025 1 0 0 3 0 0 0 0 0 0 0 0 0 0 11 0 9 9 0 0 0 0 10 18 0 44 28 22 10 0 0 0 
P5784 2025 2 0 0 8 0 11 0 0 24 29 21 0 35 29 0 15 0 15 0 0 0 18 14 16 0 0 0 0 0 -999 -999 -999 
P5784 2025 3 6 0 0 19 19 19 42 46 28 18 0 5 0 0 0 0 0 0 36 0 35 36 0 34 37 17 0 15 0 0 0 
P5784 2025 4 0 16 6 0 0 6 0 8 0 12 13 14 9 0 0 34 16 0 13 0 16 0 0 13 0 0 0 17 0 0 -999 
P5784 2025 5 20 0 0 21 15 0 17 16 19 15 20 0 20 17 0 0 20 25 0 14 0 0 20 0 0 0 19 0 0 18 0 
P5784 2025 6 0 0 0 0 19 16 0 0 23 0 0 0 0 0 0 0 0 0 0 0 0 0 0 0 0 0 0 0 0 22 -999 
P5784 2025 7 0 0 18 20 0 0 0 0 0 0 0 0 20 0 0 32 0 0 0 0 0 0 0 0 0 0 0 0 0 0 0 
P5784 2025 8 0 0 0 0 0 17 0 0 0 0 0 0 0 0 0 0 0 0 0 0 16 22 0 0 0 0 0 0 0 0 0 
P5784 2025 9 0 20 0 15 17 0 0 0 9 0 0 14 0 0 0 0 21 0 0 13 13 0 19 0 0 0 0 0 0 0 -999 
P5784 2025 10 0 0 9 9 0 0 0 0 0 0 0 10 0 0 0 11 0 0 10 13 0 0 0 0 0 25 0 24 42 0 0 
P5784 2025 11 0 0 0 0 0 5 0 0 11 10 0 0 0 0 0 0 0 0 0 0 0 0 0 0 0 0 0 0 6 0 -999 
P5784 2025 12 0 19 19 19 0 7 8 6 0 0 0 0 0 0 0 0 0 0 0 0 0 14 0 8 0 0 0 0 6 0 16 
P5784 2026 1 12 7 9 10 0 0 0 8 5 0 7 14 24 9 0 0 13 0 0 0 0 0 0 2 0 0 4 7 0 0 0 
P5784 2026 2 0 0 0 0 0 15 25 0 0 0 11 20 0 0 0 0 0 0 25 48 26 17 9 8 7 7 13 0 -999 -999 -999 
P5784 2026 3 16 0 3 3 0 0 0 0 0 8 0 0 0 0 0 10 16 19 19 21 25 52 41 0 15 0 8 0 0 0 0 
P5784 2026 4 0 0 0 0 0 0 0 19 27 25 49 25 25 23 17 0 0 0 16 15 0 0 0 0 0 0 29 0 0 0 -999 
P5784 2026 5 26 0 0 0 0 0 14 0 0 0 0 0 0 0 0 0 0 0 19 32 0 0 16 0 0 26 19 21 0 17 16 
P5784 2026 6 0 0 0 0 0 0 0 0 0 14 11 0 0 0 0 0 0 27 0 0 0 0 0 0 16 0 0 0 0 0 -999 
P5784 2026 7 0 0 0 0 0 0 0 0 0 25 0 20 0 0 0 0 23 0 0 0 0 0 0 0 0 0 0 0 0 0 0 
P5784 2026 8 0 0 0 0 0 0 0 0 0 0 0 0 0 0 0 0 0 0 0 0 0 0 0 0 0 0 0 0 0 0 0 
P5784 2026 9 17 0 0 16 13 0 17 14 15 8 0 0 0 34 26 0 0 15 0 0 22 0 0 14 11 17 17 0 0 0 -999 
P5784 2026 10 0 10 0 0 0 16 0 0 15 12 0 0 0 9 0 19 0 0 0 0 0 0 18 17 8 8 8 0 0 0 0 
P5784 2026 11 33 20 0 0 0 0 0 7 0 16 0 17 0 0 0 0 0 12 7 0 6 0 0 4 0 0 0 0 11 0 -999 
P5784 2026 12 0 5 0 0 0 0 0 0 20 29 22 0 4 0 14 13 12 12 11 16 0 0 0 0 0 0 0 6 0 6 0 
P5784 2027 1 0 0 6 9 9 7 6 0 8 18 0 0 0 0 0 0 17 0 10 22 20 0 0 0 0 0 0 0 2 0 0 
P5784 2027 2 0 6 0 0 0 0 0 4 0 0 11 19 0 33 0 46 45 44 34 17 4 11 40 13 13 13 14 14 -999 -999 -999 
P5784 2027 3 30 18 9 12 0 0 10 0 8 0 0 0 0 0 15 12 14 16 21 20 0 0 29 35 27 16 17 0 17 7 0 
P5784 2027 4 0 19 29 39 19 0 15 0 0 0 0 11 18 0 24 25 21 15 18 15 36 23 15 12 0 19 13 0 0 0 -999 
P5784 2027 5 0 17 0 0 21 0 0 0 0 0 0 0 0 27 0 27 25 0 0 26 0 0 18 0 0 24 0 15 15 0 0 
P5784 2027 6 0 0 0 18 16 0 0 0 0 0 0 19 14 14 13 0 23 0 0 21 0 14 0 0 0 0 15 0 15 16 -999 
P5784 2027 7 0 19 0 0 0 26 0 0 13 0 0 22 0 24 20 0 0 0 0 0 0 0 0 0 0 0 0 19 0 0 0 
P5784 2027 8 0 23 0 16 0 0 0 0 0 21 24 0 20 11 0 0 0 0 0 0 0 0 0 0 0 0 0 0 0 0 0 
P5784 2027 9 0 0 15 18 0 23 21 0 0 0 0 0 0 24 16 16 11 0 0 9 0 13 0 0 0 13 14 20 0 0 -999 
P5784 2027 10 0 13 0 0 0 0 0 0 0 0 0 0 0 0 0 0 0 8 0 0 0 0 0 12 0 0 0 0 0 0 0 
P5784 2027 11 11 18 27 33 23 17 0 0 13 0 0 0 6 0 25 0 13 6 4 0 0 0 0 25 0 31 26 16 20 0 -999 
P5784 2027 12 24 47 37 11 0 19 30 15 9 0 0 19 0 0 6 5 0 0 0 0 0 0 0 0 0 0 0 5 0 0 0 
P5784 2028 1 0 0 12 10 0 0 4 0 0 15 0 0 0 0 12 4 0 0 0 0 0 0 0 0 0 0 0 0 0 0 0 
P5784 2028 2 0 0 0 0 9 0 0 0 0 0 0 0 0 0 0 0 3 0 0 0 0 13 17 13 0 0 28 31 -999 -999 -999 
P5784 2028 3 0 0 41 56 19 0 0 0 0 19 17 0 17 21 28 33 24 12 9 0 0 0 0 13 0 5 0 5 0 0 0 
P5784 2028 4 16 0 24 26 0 15 17 32 24 26 27 20 0 12 9 0 7 0 0 19 16 37 0 0 0 0 0 0 0 33 -999 
P5784 2028 5 22 0 14 0 0 0 0 0 0 15 0 15 0 21 0 0 0 0 0 15 14 0 0 34 23 0 0 19 0 0 17 
P5784 2028 6 0 0 0 0 0 0 0 0 0 0 0 0 0 0 0 0 31 20 0 0 0 0 21 0 0 0 21 0 0 0 -999 
P5784 2028 7 0 22 0 0 32 23 17 18 23 0 0 22 21 0 17 0 0 0 0 18 16 19 0 0 35 35 0 0 0 0 0 
P5784 2028 8 0 0 15 0 0 0 0 0 0 0 0 0 0 23 0 0 0 0 30 29 0 0 22 0 26 0 0 0 0 0 26 
P5784 2028 9 0 24 26 22 21 19 19 0 14 0 0 12 0 0 0 0 18 21 31 27 13 0 16 0 0 13 14 12 10 12 -999 
P5784 2028 10 0 0 0 19 0 0 0 13 7 12 26 22 0 0 0 0 18 40 28 21 0 13 0 0 0 5 0 0 0 0 0 
P5784 2028 11 0 0 0 0 0 0 0 0 18 15 12 0 7 6 15 17 11 0 0 6 0 0 10 22 0 0 0 0 0 0 -999 
P5784 2028 12 0 0 0 0 0 0 16 0 0 0 0 0 0 0 7 0 0 5 0 10 17 0 0 0 4 5 6 0 0 0 0 
P5784 2029 1 0 0 11 13 5 8 22 26 8 0 0 0 4 0 0 13 0 0 0 0 0 0 0 0 0 28 32 41 39 18 0 
P5784 2029 2 0 13 0 0 0 0 0 0 0 0 16 0 0 0 6 0 0 4 0 0 0 0 5 0 0 0 0 0 -999 -999 -999 
P5784 2029 3 0 0 0 0 7 0 0 0 0 0 0 0 0 14 0 0 0 0 0 29 34 26 38 78 51 12 0 0 14 0 16 
P5784 2029 4 0 0 10 0 23 0 0 10 0 0 0 0 24 28 23 16 10 9 0 0 16 0 9 0 0 13 0 0 0 0 -999 
P5784 2029 5 0 0 0 0 19 0 0 0 11 0 0 0 0 0 0 0 0 0 14 0 0 0 21 0 0 12 7 0 20 0 0 
P5784 2029 6 0 0 0 43 39 29 42 0 0 0 0 0 0 0 0 0 0 0 33 0 27 25 25 0 0 0 12 0 0 0 -999 
P5784 2029 7 0 0 29 22 0 0 17 0 0 0 0 0 0 0 0 0 0 0 0 0 0 0 0 0 0 0 0 0 0 0 0 
P5784 2029 8 0 0 0 21 0 0 0 0 0 0 0 0 0 0 24 34 0 0 0 0 0 0 15 0 0 0 0 0 0 0 0 
P5784 2029 9 0 0 0 15 0 0 15 0 0 0 12 0 20 22 19 0 0 0 0 0 0 0 0 22 0 0 0 25 42 33 -999 
P5784 2029 10 19 9 0 0 0 0 0 0 0 0 0 0 0 0 0 0 0 0 0 0 0 12 0 0 0 19 0 0 8 13 0 
P5784 2029 11 0 10 0 15 9 15 9 10 0 16 0 0 0 8 0 0 4 0 0 13 0 7 0 21 21 0 0 0 18 0 -999 
P5784 2029 12 7 9 0 23 0 0 0 0 0 0 6 0 0 0 0 5 0 0 0 0 0 0 0 0 0 0 0 7 0 0 0 
P5784 2030 1 0 0 0 0 7 0 12 0 0 0 14 23 39 11 0 0 0 4 0 0 7 6 5 7 7 17 14 0 13 10 0 
P5784 2030 2 25 10 12 0 0 0 0 16 17 15 19 0 7 0 0 0 3 0 6 7 11 11 0 0 0 0 0 0 -999 -999 -999 
P5784 2030 3 0 0 0 0 0 14 0 9 0 0 11 18 0 20 0 0 0 14 40 70 25 18 0 18 0 0 0 0 0 0 0 
P5784 2030 4 0 8 0 0 20 0 20 0 0 0 0 0 12 45 28 23 26 43 26 20 0 16 24 0 0 23 25 0 0 20 -999 
P5784 2030 5 22 0 0 0 0 0 11 0 14 17 12 0 0 0 0 0 20 0 19 27 27 0 0 0 0 7 0 0 0 0 0 
P5784 2030 6 29 0 25 0 25 26 24 0 16 0 0 22 14 17 14 0 0 0 0 31 0 0 0 0 0 0 0 0 0 0 -999 
P5784 2030 7 0 0 0 19 0 0 0 21 0 0 0 0 0 0 0 0 0 0 0 0 0 0 0 0 0 0 0 0 0 0 0 
P5784 2030 8 0 0 0 0 0 0 0 0 0 0 0 0 0 0 0 0 0 0 0 0 13 0 15 0 0 0 0 0 0 0 0 
P5784 2030 9 16 0 0 0 0 0 0 22 0 15 0 0 0 0 0 0 0 0 14 0 16 0 0 21 0 0 0 0 11 8 -999 
P5784 2030 10 0 0 0 0 0 14 0 0 23 50 31 20 0 12 0 0 11 0 0 0 0 0 0 0 0 0 9 0 0 0 0 
P5784 2030 11 12 0 16 18 0 0 10 8 15 14 0 0 0 0 11 0 0 0 15 19 0 0 0 0 23 0 0 12 0 14 -999 
P5784 2030 12 29 0 15 0 18 0 21 11 22 0 9 0 7 0 0 0 10 0 0 0 0 0 0 0 0 6 0 0 0 0 0 
P5784 2031 1 0 0 3 0 14 18 0 0 0 0 10 8 8 29 39 0 0 0 32 55 0 0 19 0 24 0 0 0 30 24 0 
P5784 2031 2 15 12 5 0 14 8 16 0 0 0 0 3 6 0 0 0 0 10 22 22 0 0 0 0 0 3 0 0 -999 -999 -999 
P5784 2031 3 13 15 12 0 13 0 0 0 12 0 22 0 28 38 0 36 24 21 0 0 0 0 28 0 31 27 0 49 0 31 0 
P5784 2031 4 0 0 12 13 16 20 18 0 5 0 0 5 0 0 0 0 0 0 18 0 0 0 0 27 23 0 0 20 0 25 -999 
P5784 2031 5 28 0 30 14 0 0 16 31 28 0 13 10 0 0 0 17 16 12 0 8 0 0 0 0 14 0 12 0 14 0 0 
P5784 2031 6 0 0 0 0 0 0 10 0 0 0 0 0 12 0 0 0 0 0 0 0 18 13 0 0 11 11 0 0 17 0 -999 
P5784 2031 7 21 0 0 0 29 0 0 0 0 27 0 19 0 0 0 0 0 0 0 0 0 18 0 0 0 0 0 0 0 0 12 
P5784 2031 8 0 0 0 0 0 0 0 0 0 0 0 0 0 0 0 0 0 20 26 23 21 19 0 0 15 0 0 13 0 0 0 
P5784 2031 9 15 0 0 0 0 0 0 0 0 18 26 30 11 0 0 0 12 0 0 32 19 0 0 0 20 0 0 15 0 20 -999 
P5784 2031 10 17 19 0 15 9 0 0 9 0 11 0 0 0 20 19 17 0 0 10 0 0 5 7 0 0 0 6 0 17 0 15 
P5784 2031 11 33 20 0 23 0 13 0 0 0 9 13 10 15 12 0 18 11 0 0 0 0 0 0 0 0 14 7 0 16 25 -999 
P5784 2031 12 24 0 44 27 0 0 12 10 0 0 0 0 6 7 9 0 4 5 0 0 0 0 5 6 0 7 0 0 0 0 0 
P5784 2032 1 23 20 0 0 0 38 20 25 49 26 0 0 0 0 0 0 0 14 16 0 0 0 0 0 0 0 0 16 0 12 0 
P5784 2032 2 8 10 0 0 8 0 0 0 0 0 1 3 0 0 0 0 0 0 0 0 4 0 0 0 0 0 0 4 -999 -999 -999 
P5784 2032 3 11 23 28 5 0 0 28 37 33 19 14 0 0 0 4 0 5 0 0 0 10 0 0 0 0 0 20 18 11 0 0 
P5784 2032 4 0 8 21 42 57 49 33 33 36 0 11 16 13 11 0 0 0 19 0 15 25 0 22 0 0 0 0 0 0 0 -999 
P5784 2032 5 10 0 0 0 19 14 20 16 17 16 22 34 28 15 0 17 0 23 0 0 12 10 8 0 14 13 0 8 0 0 0 
P5784 2032 6 0 0 0 0 0 41 29 0 11 0 0 0 0 0 0 0 0 0 0 0 0 0 0 0 0 0 0 0 13 0 -999 
P5784 2032 7 18 0 0 0 0 25 16 0 0 20 0 31 0 0 0 28 36 0 0 0 0 0 0 0 0 0 0 0 20 0 0 
P5784 2032 8 0 0 0 0 0 0 0 0 0 15 0 0 18 0 0 0 0 35 0 0 0 0 0 0 0 19 0 0 0 20 0 
P5784 2032 9 10 0 0 0 0 0 0 0 15 18 21 0 0 0 0 12 16 0 0 14 12 0 0 0 0 0 0 0 0 0 -999 
P5784 2032 10 14 9 14 0 0 0 0 0 0 16 0 0 12 0 0 21 0 0 0 27 22 0 0 0 6 0 5 0 0 0 0 
P5784 2032 11 8 0 0 0 0 0 22 17 10 0 0 0 13 0 0 11 11 9 14 31 19 0 5 7 7 8 11 12 0 5 -999 
P5784 2032 12 0 0 0 0 0 0 0 0 0 0 0 0 0 0 0 0 0 12 14 0 6 0 0 0 0 0 0 8 15 0 0 
P5784 2033 1 28 8 3 0 0 0 15 0 9 0 0 3 0 0 0 0 0 0 0 0 0 0 0 0 0 0 6 0 0 0 0 
P5784 2033 2 0 0 0 0 0 0 0 0 39 0 0 0 0 10 21 24 20 25 18 15 17 18 0 0 7 0 26 0 -999 -999 -999 
P5784 2033 3 6 11 0 6 4 0 0 0 9 0 0 0 24 35 35 20 8 0 15 21 21 14 12 0 0 0 0 0 19 12 16 
P5784 2033 4 0 12 0 0 32 31 0 0 15 0 0 8 0 0 0 0 0 26 23 0 24 0 14 0 12 13 11 10 5 5 -999 
P5784 2033 5 0 0 0 0 0 0 0 0 0 0 0 26 0 19 0 0 0 0 33 0 0 0 0 0 0 0 0 0 0 15 0 
P5784 2033 6 0 0 0 0 0 0 0 0 0 0 0 0 0 19 0 0 15 14 0 0 0 17 0 0 0 0 0 0 0 0 -999 
P5784 2033 7 0 0 0 0 0 22 0 0 0 0 0 0 0 0 0 0 0 0 0 0 29 27 0 0 0 21 0 0 26 24 0 
P5784 2033 8 0 0 17 0 18 0 0 0 33 0 0 0 0 0 15 0 0 0 0 0 22 0 0 0 0 24 0 0 0 0 17 
P5784 2033 9 0 0 0 0 0 0 0 21 13 16 0 0 0 0 0 0 0 0 0 0 0 0 10 0 0 0 0 0 0 0 -999 
P5784 2033 10 0 0 0 22 9 10 0 0 0 0 0 0 14 0 31 22 13 0 0 0 0 0 7 10 25 26 20 0 6 0 21 
P5784 2033 11 20 19 23 32 11 19 33 64 0 7 0 0 0 10 24 28 0 0 0 0 0 0 0 0 0 0 0 0 0 4 -999 
P5784 2033 12 0 0 8 0 6 0 18 8 7 9 0 10 11 0 0 0 0 0 0 0 0 0 12 0 0 4 7 0 11 6 4 
P5784 2034 1 0 0 0 0 0 0 0 0 0 0 0 6 0 13 0 0 0 0 0 6 0 0 6 4 4 6 0 12 0 0 0 
P5784 2034 2 0 0 0 0 0 0 0 0 28 0 38 37 10 0 12 0 0 0 0 0 0 0 0 8 0 0 0 0 -999 -999 -999 
P5784 2034 3 0 0 0 0 0 6 0 0 6 0 0 21 24 0 0 0 0 0 0 0 0 14 0 0 0 22 0 0 10 0 0 
P5784 2034 4 8 0 19 31 24 27 8 14 0 17 20 0 0 0 27 34 40 46 29 20 21 20 17 0 0 0 0 0 0 6 -999 
P5784 2034 5 0 0 0 0 0 13 0 17 0 22 0 12 14 28 0 13 12 15 0 0 0 23 20 0 0 0 0 30 0 38 0 
P5784 2034 6 29 26 0 0 19 0 19 0 17 15 0 13 0 15 0 0 18 0 19 20 0 0 0 0 0 0 0 11 0 0 -999 
P5784 2034 7 0 0 0 0 0 0 0 0 0 0 0 0 0 0 0 0 0 0 0 0 0 0 0 0 16 0 0 0 0 0 0 
P5784 2034 8 15 0 0 0 0 0 0 0 0 0 0 0 0 0 0 0 25 0 16 0 0 0 0 0 0 0 0 0 0 21 0 
P5784 2034 9 0 0 0 0 0 0 0 0 0 0 0 19 15 13 13 0 19 0 0 0 0 0 18 0 0 0 0 0 0 0 -999 
P5784 2034 10 0 0 0 0 0 0 6 7 18 9 0 8 10 0 0 18 0 0 0 0 0 0 20 30 0 0 0 0 17 8 7 
P5784 2034 11 7 5 0 9 8 0 0 0 0 6 0 0 0 8 0 0 0 0 0 9 0 0 10 12 0 36 28 0 22 17 -999 
P5784 2034 12 16 13 19 16 0 0 0 0 0 0 0 0 0 0 5 9 0 0 0 8 0 0 7 0 0 11 16 0 0 0 0 
P5784 2035 1 0 6 0 19 9 0 0 0 0 0 0 0 0 0 11 0 0 7 0 26 0 0 0 0 0 4 0 0 4 0 0 
P5784 2035 2 0 0 0 6 0 0 0 0 0 0 0 0 0 0 0 0 8 0 0 0 0 7 0 12 0 0 22 12 -999 -999 -999 
P5784 2035 3 0 26 0 0 0 0 0 7 14 7 7 0 0 10 9 9 18 14 7 7 8 0 0 0 12 0 7 18 18 0 0 
P5784 2035 4 0 0 23 18 25 19 11 0 0 18 0 0 0 0 26 27 28 14 0 0 27 0 18 25 0 13 16 14 15 12 -999 
P5784 2035 5 14 27 12 0 12 0 28 31 31 20 0 0 17 0 0 0 9 0 16 0 0 0 0 0 0 12 0 0 0 0 0 
P5784 2035 6 9 0 0 27 18 0 0 0 0 0 0 0 0 0 0 0 0 0 0 0 19 0 0 0 0 0 0 0 0 0 -999 
P5784 2035 7 0 0 0 0 0 0 0 0 19 0 0 18 16 0 0 0 0 0 0 0 20 16 0 0 0 0 0 0 0 0 18 
P5784 2035 8 0 0 0 0 0 0 0 22 0 0 0 0 29 0 0 0 0 15 0 0 0 0 0 20 0 0 0 20 38 38 26 
P5784 2035 9 0 0 0 0 0 0 0 0 0 0 23 35 23 8 0 11 0 0 0 17 0 9 0 13 18 0 16 12 0 11 -999 
P5784 2035 10 0 11 10 0 0 0 0 0 0 0 22 0 15 0 13 13 0 14 0 0 23 20 0 0 0 16 17 0 0 0 0 
P5784 2035 11 0 0 30 0 0 0 0 0 0 0 0 0 0 0 0 0 6 8 0 0 0 10 0 6 12 0 0 0 0 8 -999 
P5784 2035 12 0 0 5 0 0 0 7 0 0 0 0 0 0 0 33 29 0 0 8 0 0 0 0 10 13 11 15 10 5 0 0 
P5784 2036 1 0 16 0 0 0 0 16 0 19 22 0 10 6 0 0 0 0 0 0 0 0 0 0 0 0 0 0 0 0 4 0 
P5784 2036 2 0 8 0 17 7 0 0 0 3 0 0 0 0 0 10 0 5 0 12 23 0 0 8 17 25 19 10 0 -999 -999 -999 
P5784 2036 3 20 26 0 10 14 0 0 0 0 14 14 11 0 0 35 19 10 17 31 0 0 0 0 0 0 23 23 0 17 20 14 
P5784 2036 4 27 29 8 13 29 0 48 0 0 0 12 0 0 0 0 7 0 0 0 36 28 0 0 0 23 0 0 0 0 0 -999 
P5784 2036 5 0 0 0 28 27 0 11 0 13 0 0 0 34 0 0 0 0 15 16 0 0 0 0 0 0 0 0 0 0 10 0 
P5784 2036 6 0 0 0 0 0 16 0 0 0 24 0 30 22 0 0 0 24 0 21 0 0 0 0 0 0 23 0 0 0 18 -999 
P5784 2036 7 0 0 0 0 0 12 15 0 0 0 0 0 0 0 23 18 0 20 16 0 0 0 0 0 0 0 0 0 0 0 0 
P5784 2036 8 27 0 0 32 31 0 0 0 0 0 0 0 0 0 0 0 18 20 0 0 0 16 0 0 0 0 0 14 0 0 18 
P5784 2036 9 0 0 0 16 0 0 0 0 0 0 19 0 0 13 0 0 0 0 0 0 0 0 11 0 0 9 0 0 15 0 -999 
P5784 2036 10 0 0 0 0 0 21 22 10 0 0 10 0 21 0 29 0 0 0 0 19 0 0 0 11 16 0 8 0 0 0 0 
P5784 2036 11 0 7 0 0 0 0 0 28 20 20 19 14 0 0 0 0 0 7 0 0 0 0 10 0 40 0 0 0 0 0 -999 
P5784 2036 12 0 6 0 0 0 0 0 0 0 0 0 0 0 8 0 0 0 0 0 0 0 0 0 0 0 0 0 0 12 21 26 
P5784 2037 1 17 0 0 0 6 21 11 9 0 23 0 0 0 12 0 25 74 68 62 69 28 6 0 3 1 0 0 3 0 0 0 
P5784 2037 2 0 0 0 0 0 0 5 0 0 0 0 0 0 11 0 39 0 18 26 28 0 0 0 0 0 10 11 17 -999 -999 -999 
P5784 2037 3 16 0 0 0 25 16 34 22 11 10 0 13 15 6 5 0 16 0 32 16 10 0 0 26 17 28 18 37 0 9 0 
P5784 2037 4 7 0 0 0 0 0 0 0 0 0 8 0 0 36 31 0 26 0 14 0 0 0 17 0 22 31 20 0 20 0 -999 
P5784 2037 5 10 0 0 0 0 28 22 0 15 11 0 0 0 8 11 0 11 0 18 23 0 0 18 23 0 0 0 17 0 0 0 
P5784 2037 6 0 0 0 13 0 31 0 23 0 0 17 0 0 0 0 0 31 0 0 19 0 0 14 17 0 0 18 0 0 0 -999 
P5784 2037 7 0 0 0 0 0 21 17 0 18 0 0 24 0 0 11 0 0 9 0 0 0 0 0 0 0 0 26 0 16 0 0 
P5784 2037 8 0 0 0 0 0 0 0 0 0 0 0 0 0 0 0 0 0 0 0 0 0 0 13 0 0 0 0 0 0 0 23 
P5784 2037 9 15 0 0 0 0 0 0 0 0 16 0 0 0 0 0 0 0 0 12 0 0 0 0 0 12 0 20 0 29 18 -999 
P5784 2037 10 0 0 0 0 0 0 12 0 0 18 0 0 0 0 0 0 0 0 0 14 0 0 12 15 12 14 0 0 0 0 0 
P5784 2037 11 0 13 0 0 0 9 0 0 0 0 0 0 0 0 0 9 11 0 0 0 0 29 0 0 13 13 11 11 19 12 -999 
P5784 2037 12 0 0 17 20 31 53 27 0 7 0 0 6 0 0 0 0 0 3 5 0 0 0 0 0 8 6 0 0 0 0 0 
P5784 2038 1 0 1 0 0 0 0 0 0 0 3 0 17 11 0 0 0 0 3 2 0 0 0 0 24 0 19 23 0 0 8 0 
P5784 2038 2 12 0 0 0 12 0 16 15 10 4 0 0 0 0 0 0 0 0 0 0 0 0 0 0 13 24 21 9 -999 -999 -999 
P5784 2038 3 0 0 0 23 23 0 0 0 0 0 0 0 0 0 27 24 0 0 9 0 0 0 0 0 9 0 15 8 11 0 0 
P5784 2038 4 0 19 17 25 0 10 7 0 12 11 0 0 16 0 0 0 28 0 0 0 0 0 13 4 0 0 0 0 0 16 -999 
P5784 2038 5 0 27 0 0 0 0 0 0 0 0 0 0 0 0 0 0 0 0 0 20 0 0 0 0 0 14 0 11 0 13 16 
P5784 2038 6 19 22 0 0 15 16 0 15 0 0 28 0 0 12 0 0 0 0 0 0 23 0 0 0 0 0 0 0 0 0 -999 
P5784 2038 7 26 27 21 28 18 0 17 0 0 0 0 17 0 0 0 0 0 0 0 16 0 0 0 0 0 0 0 0 0 0 0 
P5784 2038 8 19 0 11 8 0 0 0 0 0 0 0 0 0 0 0 0 0 21 0 11 0 0 0 0 0 0 18 0 0 0 0 
P5784 2038 9 18 0 15 0 0 0 0 0 0 0 0 0 0 0 0 17 17 13 0 0 0 0 0 13 0 0 11 0 0 0 -999 
P5784 2038 10 0 0 0 0 0 8 0 0 0 0 0 0 0 0 0 0 0 0 13 21 14 0 0 0 0 0 0 23 0 15 0 
P5784 2038 11 0 16 0 12 0 19 16 11 0 12 0 0 0 0 15 0 20 17 0 7 0 0 0 5 0 0 0 0 17 16 -999 
P5784 2038 12 8 0 8 0 0 0 0 0 0 0 4 0 0 0 0 0 0 0 0 0 0 0 14 12 17 0 0 22 0 54 59 
P5784 2039 1 27 19 14 21 0 12 9 5 0 0 0 15 14 12 0 0 0 0 0 0 36 0 0 11 32 40 42 40 12 7 0 
P5784 2039 2 4 0 0 4 0 0 0 0 0 0 0 0 0 9 0 14 0 9 8 0 10 17 16 14 10 24 21 0 -999 -999 -999 
P5784 2039 3 0 10 0 9 15 0 0 0 0 0 8 11 14 0 0 0 0 8 0 0 0 15 0 0 0 17 22 8 6 0 0 
P5784 2039 4 0 0 0 0 0 8 11 9 0 0 0 0 0 0 0 0 18 0 0 0 0 0 0 0 0 9 13 26 0 0 -999 
P5784 2039 5 0 0 0 0 0 0 0 0 0 35 34 24 10 15 0 0 28 0 11 0 20 0 20 0 22 23 21 23 21 0 15 
P5784 2039 6 15 0 17 21 21 22 21 0 30 0 26 0 0 0 0 0 0 0 13 0 0 0 0 0 0 0 0 14 0 0 -999 
P5784 2039 7 0 0 24 0 26 19 0 0 15 0 0 0 0 0 23 22 21 0 0 0 0 0 0 21 0 24 24 0 0 0 0 
P5784 2039 8 0 0 0 0 0 0 0 0 0 16 0 0 0 0 0 0 0 0 0 0 0 0 0 0 0 0 0 0 0 0 21 
P5784 2039 9 0 23 0 0 0 0 0 0 0 0 0 25 0 0 0 0 0 0 29 0 0 0 0 17 0 11 0 0 0 0 -999 
P5784 2039 10 0 32 22 0 0 14 0 0 0 0 37 31 0 0 0 0 0 0 0 0 30 22 21 34 0 9 0 11 10 0 16 
P5784 2039 11 28 0 22 0 0 6 2 0 0 0 0 0 0 0 0 8 7 4 0 0 0 0 0 0 0 0 0 0 9 0 -999 
P5784 2039 12 0 0 0 0 0 0 3 0 0 0 0 4 7 0 8 0 25 40 19 0 0 0 0 0 0 0 0 0 0 6 8 
P5784 2040 1 0 0 0 0 0 0 0 0 0 5 0 22 49 20 16 0 15 8 6 0 0 0 0 5 7 0 11 0 0 8 13 
P5784 2040 2 10 0 17 22 0 0 0 0 0 0 0 15 0 16 25 24 0 0 32 49 25 17 0 23 0 0 7 15 -999 -999 -999 
P5784 2040 3 15 11 0 0 7 0 0 8 0 0 7 10 9 10 0 0 11 7 6 4 0 0 0 20 0 0 16 0 0 0 24 
P5784 2040 4 0 0 41 35 34 25 18 0 0 0 7 0 8 0 0 22 23 21 0 0 0 0 0 0 7 15 9 0 7 0 -999 
P5784 2040 5 0 0 0 0 0 0 0 8 0 0 0 0 0 0 0 0 0 0 0 0 0 0 0 0 0 0 0 0 0 0 0 
P5784 2040 6 0 0 21 0 22 0 0 16 0 28 20 0 22 0 0 15 13 18 0 34 0 0 0 13 0 14 18 0 0 0 -999 
P5784 2040 7 0 0 0 20 0 0 0 0 0 0 30 0 0 0 0 0 14 0 0 0 0 0 0 0 0 0 26 0 0 0 0 
P5784 2040 8 0 18 0 0 0 0 0 0 0 0 0 0 0 0 0 0 0 0 0 0 0 0 0 0 0 0 38 0 0 0 0 
P5784 2040 9 26 0 0 18 0 0 0 0 0 0 0 0 26 37 36 26 30 0 0 0 0 0 0 0 12 0 0 0 0 0 -999 
P5784 2040 10 0 0 0 10 0 0 0 0 0 0 18 19 0 0 0 18 30 42 42 36 0 0 0 0 0 0 0 0 0 0 0 
P5784 2040 11 0 11 13 0 0 9 0 13 19 18 0 11 14 37 20 33 0 0 9 0 0 0 0 0 0 0 17 23 14 0 -999 
P5784 2040 12 22 16 0 16 25 0 0 5 0 0 4 0 0 0 0 0 0 3 0 0 0 0 0 0 0 0 0 0 3 0 0 
P5784 2041 1 0 0 0 0 12 0 0 0 9 7 0 3 0 0 0 0 15 9 0 0 0 0 8 32 32 0 0 31 10 0 34 
P5784 2041 2 0 0 4 3 3 0 8 0 21 18 23 34 0 13 26 31 23 0 0 0 0 0 0 0 0 0 0 0 -999 -999 -999 
P5784 2041 3 0 0 7 0 0 14 0 0 22 37 35 0 0 0 0 0 0 2 0 0 0 0 0 8 11 0 8 13 20 0 0 
P5784 2041 4 11 0 0 0 0 0 15 0 0 0 0 23 27 0 15 15 0 0 0 0 0 0 11 0 0 0 0 10 0 0 -999 
P5784 2041 5 11 23 43 44 40 0 0 0 0 0 0 0 0 0 0 0 17 0 0 14 17 0 0 0 0 0 0 0 0 0 0 
P5784 2041 6 0 18 0 0 0 0 0 18 0 19 18 27 21 0 0 0 0 0 0 46 0 0 13 0 0 0 0 0 0 0 -999 
P5784 2041 7 0 0 0 0 0 0 0 0 0 0 0 0 0 0 0 22 0 0 19 0 0 0 19 0 0 0 0 0 0 0 0 
P5784 2041 8 0 0 0 20 0 18 21 0 20 19 0 0 0 0 0 0 0 0 18 0 0 0 0 0 0 0 0 0 0 0 0 
P5784 2041 9 0 0 0 25 15 0 13 0 0 0 0 16 0 10 0 0 0 0 16 0 23 0 0 0 11 0 0 0 10 0 -999 
P5784 2041 10 0 0 0 0 0 0 0 0 0 0 0 15 0 11 0 0 0 0 0 0 0 0 0 0 17 0 0 0 0 0 0 
P5784 2041 11 29 39 30 0 0 0 0 0 0 0 20 0 11 0 17 16 0 0 0 0 11 17 0 0 33 34 0 0 0 14 -999 
P5784 2041 12 26 0 0 22 16 11 0 0 3 0 0 0 0 0 0 0 0 0 0 0 0 0 0 0 0 9 12 12 11 0 0 
P5784 2042 1 0 11 12 0 9 0 6 0 0 0 0 0 0 0 8 10 0 13 14 16 0 0 0 0 0 0 0 16 12 0 0 
P5784 2042 2 0 0 0 0 0 0 0 0 6 0 10 6 0 7 0 0 0 0 3 0 0 0 0 34 17 9 0 0 -999 -999 -999 
P5784 2042 3 0 7 0 0 11 0 0 14 16 0 21 23 0 0 0 6 0 0 18 22 25 39 30 30 34 0 33 0 26 27 24 
P5784 2042 4 0 22 17 0 9 12 0 0 0 10 0 0 0 9 13 0 32 39 0 0 0 0 0 23 0 0 10 0 0 0 -999 
P5784 2042 5 21 40 28 18 20 0 25 16 0 18 0 28 28 32 29 22 16 0 19 0 0 0 0 0 0 10 10 0 16 23 0 
P5784 2042 6 0 18 0 19 20 18 0 18 0 0 0 0 0 0 0 0 20 18 0 25 0 0 16 0 0 0 0 0 0 16 -999 
P5784 2042 7 22 0 0 28 22 21 0 0 15 19 0 0 0 0 0 0 0 0 0 0 0 0 0 0 0 0 0 0 0 0 0 
P5784 2042 8 0 0 0 0 0 0 19 0 0 0 20 0 0 0 0 0 0 0 0 0 0 14 19 0 0 0 0 0 0 0 0 
P5784 2042 9 0 0 0 0 0 0 0 0 0 0 0 13 0 0 0 17 0 0 36 0 9 0 0 0 0 18 0 0 0 0 -999 
P5784 2042 10 0 0 0 0 0 0 0 0 20 17 10 7 0 0 0 0 0 0 0 0 0 0 0 0 5 0 0 0 5 0 0 
P5784 2042 11 9 0 0 0 0 0 0 0 8 10 11 0 0 0 0 0 0 9 0 9 0 23 38 0 6 6 19 0 27 16 -999 
P5784 2042 12 0 5 0 0 14 20 0 12 0 11 0 20 0 24 0 0 9 9 0 0 0 0 8 0 4 0 20 29 19 15 0 
P5784 2043 1 0 0 0 0 0 0 4 0 0 5 6 0 0 5 18 21 39 31 0 0 6 0 0 0 0 0 0 0 0 0 0 
P5784 2043 2 0 0 0 0 0 0 10 0 16 0 11 7 0 10 23 31 0 0 0 0 0 13 15 0 6 13 13 0 -999 -999 -999 
P5784 2043 3 15 15 0 0 0 0 13 14 15 0 0 18 15 26 0 19 0 25 15 12 0 0 31 20 19 31 21 13 19 24 21 
P5784 2043 4 36 0 0 0 0 0 23 28 25 0 0 16 26 0 0 0 0 0 0 0 9 0 0 0 0 0 20 29 32 0 -999 
P5784 2043 5 12 0 0 0 0 0 0 18 0 23 0 0 35 37 0 21 19 0 0 21 0 0 21 0 0 0 0 0 0 0 0 
P5784 2043 6 0 0 0 24 19 12 0 0 0 0 13 0 0 0 0 13 0 0 0 0 0 0 0 0 0 13 0 0 0 0 -999 
P5784 2043 7 0 0 0 0 0 0 0 0 0 27 0 0 0 0 0 0 0 0 0 0 0 0 0 25 0 0 0 0 0 17 0 
P5784 2043 8 22 0 0 0 0 0 0 0 0 0 0 0 0 11 0 0 0 0 0 0 0 0 0 0 0 0 0 0 0 0 0 
P5784 2043 9 19 0 0 0 0 0 13 0 12 0 14 15 0 0 0 0 0 0 0 0 0 0 0 0 0 0 0 0 10 0 -999 
P5784 2043 10 0 0 0 0 0 0 0 0 12 12 0 16 13 0 0 0 0 10 0 29 34 0 0 0 11 0 0 8 9 11 9 
P5784 2043 11 0 0 19 30 50 41 18 5 0 0 0 0 0 0 0 0 0 0 19 0 11 13 0 6 10 17 0 0 0 16 -999 
P5784 2043 12 7 0 0 21 20 20 0 7 0 0 0 0 0 0 0 0 7 0 4 0 0 0 0 0 0 0 0 0 0 0 0 
P5784 2044 1 0 0 0 0 8 0 0 8 0 0 0 26 0 0 11 0 0 26 40 24 18 8 0 0 16 17 0 0 0 0 0 
P5784 2044 2 0 0 0 15 0 6 0 0 0 9 0 0 0 9 8 0 19 18 3 0 0 0 0 0 0 0 4 0 -999 -999 -999 
P5784 2044 3 0 0 0 0 0 0 0 0 0 10 0 26 28 0 0 0 0 0 0 0 0 0 0 0 0 0 0 0 0 13 11 
P5784 2044 4 0 0 15 14 0 11 0 0 23 22 0 0 0 0 0 0 33 38 11 9 0 0 0 0 0 0 28 0 24 21 -999 
P5784 2044 5 19 16 0 0 0 16 33 40 44 0 25 28 26 28 19 0 0 0 0 0 12 0 16 13 0 0 19 0 8 0 0 
P5784 2044 6 0 0 0 21 0 0 15 15 0 0 0 0 0 24 22 0 0 24 0 0 21 0 16 0 14 0 14 0 0 0 -999 
P5784 2044 7 25 17 13 21 24 19 0 0 0 0 0 0 0 0 0 0 0 25 0 0 9 0 0 0 0 0 0 0 0 21 0 
P5784 2044 8 30 34 0 0 0 0 0 0 0 0 0 11 0 0 0 0 0 0 0 0 0 0 0 0 0 0 0 0 0 0 14 
P5784 2044 9 0 0 0 0 0 0 0 0 0 0 0 0 0 0 0 0 0 0 20 0 23 0 15 0 18 0 15 12 0 0 -999 
P5784 2044 10 0 0 0 0 9 0 9 0 0 0 0 0 0 0 0 0 0 0 0 0 41 36 23 24 0 0 0 0 0 0 0 
P5784 2044 11 0 0 7 10 0 0 0 0 0 0 0 10 0 21 5 0 0 0 0 6 14 0 0 0 0 0 0 0 0 0 -999 
P5784 2044 12 0 0 0 0 0 0 0 0 0 0 0 0 0 7 0 0 6 9 17 0 54 24 0 0 0 0 6 0 0 0 5 
P5784 2045 1 6 0 15 0 31 18 10 11 15 13 0 0 0 0 0 2 0 6 0 0 0 0 0 0 0 0 6 8 0 5 0 
P5784 2045 2 0 0 0 6 0 0 11 3 4 0 17 0 0 0 0 4 2 0 0 0 0 0 14 21 42 30 32 28 -999 -999 -999 
P5784 2045 3 15 5 12 18 39 21 9 12 20 23 0 11 0 29 29 18 0 24 0 26 0 0 0 0 4 0 0 7 0 0 0 
P5784 2045 4 5 0 0 0 0 0 14 16 0 33 0 0 23 19 30 32 0 10 13 0 8 15 21 0 0 11 0 0 0 0 -999 
P5784 2045 5 0 0 0 21 13 0 0 0 0 4 0 0 12 0 0 0 9 0 0 39 0 0 24 0 0 0 20 0 0 18 18 
P5784 2045 6 30 0 0 0 12 14 0 0 0 0 30 27 23 37 26 18 0 17 0 27 0 20 19 15 0 24 0 0 0 0 -999 
P5784 2045 7 0 0 0 23 0 0 0 0 0 0 0 0 0 31 0 0 0 0 0 0 0 0 0 0 0 0 23 0 0 0 0 
P5784 2045 8 0 0 0 0 0 0 0 0 0 0 0 35 0 0 0 0 0 0 0 0 0 0 0 0 19 0 0 0 0 16 0 
P5784 2045 9 0 0 0 30 33 0 0 0 0 0 0 0 17 14 0 0 0 0 0 0 20 17 0 0 0 0 0 26 0 0 -999 
P5784 2045 10 0 0 0 0 20 0 0 15 15 22 14 0 0 0 11 0 0 0 0 8 0 0 0 0 0 0 0 0 0 0 3 
P5784 2045 11 0 0 0 19 0 14 0 0 0 0 0 0 0 0 0 0 5 0 6 0 0 0 0 0 0 0 0 0 0 0 -999 
P5784 2045 12 0 0 0 0 0 0 0 0 0 0 16 27 0 3 0 0 0 0 0 0 2 0 0 0 17 0 11 0 0 0 0 
P5784 2046 1 0 0 10 0 0 3 0 0 0 0 0 0 6 0 0 0 0 0 21 26 43 17 18 20 0 12 23 22 0 6 10 
P5784 2046 2 9 0 0 0 0 0 0 0 0 0 0 0 0 0 11 0 37 36 47 0 0 0 0 16 0 14 0 27 -999 -999 -999 
P5784 2046 3 11 0 0 16 0 0 0 0 8 12 8 0 8 0 0 0 0 0 0 0 0 0 0 0 30 31 31 0 0 20 14 
P5784 2046 4 14 15 16 25 0 0 0 0 26 30 18 0 20 0 25 0 31 38 0 36 26 0 19 0 21 16 20 22 27 31 -999 
P5784 2046 5 0 0 13 0 0 0 0 0 0 10 0 0 28 0 0 9 11 15 0 0 0 18 20 0 22 21 0 11 0 26 0 
P5784 2046 6 0 8 0 0 24 23 0 0 0 0 0 20 0 19 0 0 22 29 0 0 0 0 0 0 12 0 16 0 0 0 -999 
P5784 2046 7 0 0 0 0 0 0 0 28 0 0 0 0 0 0 0 0 0 0 0 0 0 0 0 0 0 0 19 0 0 0 0 
P5784 2046 8 0 0 0 0 0 0 0 0 0 0 0 0 0 0 0 0 0 0 0 0 0 0 0 17 14 0 0 0 0 12 0 
P5784 2046 9 0 0 0 0 0 0 0 19 0 0 12 0 0 0 0 15 0 0 0 0 0 0 15 0 0 0 0 0 20 0 -999 
P5784 2046 10 0 0 0 10 0 0 0 0 12 0 16 14 0 0 0 0 0 26 30 24 0 0 0 0 11 0 0 0 0 0 0 
P5784 2046 11 0 25 23 27 28 21 0 0 0 0 0 0 0 0 0 0 0 0 0 0 6 0 0 0 0 0 0 0 0 0 -999 
P5784 2046 12 0 0 3 0 2 3 0 0 0 0 11 0 14 9 0 0 13 0 9 0 0 0 6 0 0 0 0 0 0 0 0 
P5784 2047 1 0 0 0 21 15 15 0 12 0 14 18 12 9 10 5 6 14 0 0 0 0 0 5 0 2 0 0 0 0 0 0 
P5784 2047 2 0 7 4 0 0 0 0 9 0 0 0 0 19 25 25 0 0 8 0 0 14 9 0 0 9 0 0 0 -999 -999 -999 
P5784 2047 3 0 11 16 13 0 0 9 0 8 0 0 0 14 21 12 0 0 0 6 0 4 0 0 0 0 0 0 0 0 0 0 
P5784 2047 4 0 22 25 21 0 0 0 0 0 7 10 0 0 20 0 15 31 33 23 0 17 0 18 0 30 31 0 40 37 33 -999 
P5784 2047 5 25 32 32 0 0 0 36 51 74 0 0 0 24 33 18 13 17 0 0 0 17 21 32 16 0 0 0 0 11 0 0 
P5784 2047 6 0 0 0 0 0 0 0 0 0 0 0 0 0 0 0 0 0 0 0 0 0 0 0 0 14 0 0 0 20 0 -999 
P5784 2047 7 17 0 0 0 0 0 0 0 0 0 17 20 18 0 18 0 0 32 0 0 0 0 0 0 0 0 0 0 0 0 0 
P5784 2047 8 29 0 0 0 0 0 0 0 0 26 35 0 0 0 0 14 0 0 0 0 0 0 0 0 14 0 0 0 24 0 26 
P5784 2047 9 16 12 13 20 0 0 24 29 0 17 21 0 0 0 0 0 0 9 0 0 17 9 7 0 0 0 21 0 0 0 -999 
P5784 2047 10 13 19 25 28 15 7 0 0 0 15 9 0 0 0 13 0 0 0 0 0 0 0 0 0 0 0 18 0 33 23 21 
P5784 2047 11 0 26 20 0 0 0 0 5 7 0 6 0 0 8 0 0 9 0 0 0 12 10 13 10 5 0 0 0 0 0 -999 
P5784 2047 12 0 0 8 11 17 15 21 18 0 4 0 8 0 0 30 0 0 0 16 26 0 6 4 4 0 0 0 0 0 0 0 
P5784 2048 1 0 0 0 0 0 0 0 0 5 0 0 0 4 0 0 0 0 0 0 0 8 10 6 0 0 0 0 19 0 0 21 
P5784 2048 2 30 0 0 0 4 7 10 13 0 6 6 0 0 3 0 4 0 0 6 0 9 11 0 0 0 0 0 0 -999 -999 -999 
P5784 2048 3 0 0 0 0 0 0 0 0 0 0 0 10 0 0 0 16 26 42 33 0 20 14 0 0 13 22 25 0 32 0 0 
P5784 2048 4 0 0 8 0 0 24 0 42 34 22 0 0 0 26 0 0 0 27 31 22 19 30 0 27 24 20 22 25 0 23 -999 
P5784 2048 5 23 14 20 28 24 16 0 9 0 12 30 30 0 32 0 0 7 0 0 0 27 0 16 15 0 26 0 35 19 12 0 
P5784 2048 6 0 0 0 17 0 0 0 17 17 0 0 0 0 0 0 0 0 0 0 0 15 0 0 0 0 9 0 0 0 0 -999 
P5784 2048 7 0 0 0 0 0 0 19 20 0 0 0 0 0 0 0 0 0 20 0 0 0 0 0 0 0 0 0 20 0 0 0 
P5784 2048 8 0 22 0 30 0 19 0 0 15 0 0 0 17 21 14 0 19 23 0 0 0 0 0 0 21 15 0 0 0 0 0 
P5784 2048 9 0 0 0 0 0 0 0 0 0 16 22 16 15 0 17 14 0 0 0 0 0 0 0 0 0 0 0 0 0 0 -999 
P5784 2048 10 12 0 0 0 0 0 10 15 0 9 0 0 0 0 0 0 15 17 0 26 43 0 0 0 0 0 0 0 0 9 11 
P5784 2048 11 9 14 24 31 23 0 0 14 0 0 8 9 0 0 0 0 7 11 0 0 0 0 14 0 15 14 20 29 72 63 -999 
P5784 2048 12 11 0 0 7 8 0 0 0 0 0 0 0 0 0 0 0 0 0 9 24 26 0 0 0 0 0 4 0 0 0 0 
P5784 2049 1 0 18 50 30 15 14 0 0 0 8 0 0 0 0 3 1 1 0 0 0 0 0 0 0 0 6 0 0 0 0 0 
P5784 2049 2 0 0 0 0 0 21 64 38 22 40 35 52 0 31 29 68 36 38 0 21 40 25 20 29 14 19 16 21 -999 -999 -999 
P5784 2049 3 0 17 23 27 14 13 12 18 0 28 0 0 0 0 22 16 14 20 18 24 31 0 0 0 0 0 0 11 0 0 14 
P5784 2049 4 23 31 21 0 9 0 0 0 0 0 0 0 17 0 0 13 0 0 0 0 9 12 0 0 0 7 0 0 15 0 -999 
P5784 2049 5 0 16 21 10 10 0 0 0 0 23 0 0 0 0 19 0 0 23 25 29 30 0 10 0 0 10 0 0 17 0 12 
P5784 2049 6 0 27 14 0 0 0 0 0 0 0 0 0 0 0 0 0 15 0 0 0 0 0 0 0 0 0 0 0 0 0 -999 
P5784 2049 7 0 0 0 0 0 0 18 17 0 0 0 0 0 22 0 19 0 12 0 0 0 0 12 0 0 0 0 0 0 22 0 
P5784 2049 8 0 0 0 0 0 0 0 0 26 0 0 0 0 0 15 0 0 0 0 0 0 0 0 0 0 0 21 19 0 0 0 
P5784 2049 9 0 0 0 0 0 0 0 0 10 0 19 0 12 0 0 0 0 0 10 0 0 0 0 0 0 0 0 13 0 0 -999 
P5784 2049 10 0 0 0 0 13 0 0 0 0 0 26 0 11 12 0 0 12 0 0 9 7 0 0 0 0 0 12 13 0 0 0 
P5784 2049 11 0 0 0 13 0 0 0 31 28 0 0 0 0 9 0 14 0 0 0 8 0 0 0 9 0 0 0 0 7 0 -999 
P5784 2049 12 0 22 57 26 12 14 0 12 15 18 13 7 0 9 17 21 25 13 0 0 0 8 0 12 0 0 0 0 3 0 5 
P5784 2050 1 0 10 0 0 7 0 0 7 0 11 16 19 33 23 0 36 0 27 10 6 0 0 9 0 0 6 0 0 0 0 0 
P5784 2050 2 14 0 0 6 0 0 0 0 19 0 28 0 0 0 0 0 4 0 0 0 0 0 0 0 6 6 5 0 -999 -999 -999 
P5784 2050 3 0 0 0 0 0 0 0 0 0 0 0 30 18 0 0 0 0 16 0 31 18 0 0 0 0 28 0 14 16 16 0 
P5784 2050 4 0 0 0 14 0 17 18 18 0 10 16 30 29 0 0 15 23 19 21 34 20 23 14 0 0 0 0 0 0 23 -999 
P5784 2050 5 21 34 0 13 0 0 21 17 0 20 0 0 13 0 0 0 0 6 0 0 14 18 14 19 0 0 29 18 14 0 19 
P5784 2050 6 0 0 0 0 18 17 0 0 18 0 19 0 0 24 0 0 0 0 0 14 0 0 0 0 0 0 0 0 17 0 -999 
P5784 2050 7 0 0 0 12 0 0 0 0 0 0 0 0 0 0 0 0 19 0 0 22 0 0 21 0 0 0 0 0 0 0 0 
P5784 2050 8 0 18 0 0 0 0 0 0 20 0 0 25 0 0 0 0 0 21 0 0 0 0 0 0 0 0 0 0 0 0 0 
P5784 2050 9 0 0 0 0 19 0 9 0 0 0 0 0 0 0 0 0 0 0 0 0 0 0 0 0 0 0 0 0 0 0 -999 
P5784 2050 10 0 0 0 0 0 0 0 0 0 12 0 13 14 0 43 19 0 0 0 27 0 0 18 0 0 0 0 14 15 0 0 
P5784 2050 11 14 0 31 0 0 0 14 8 0 20 19 15 12 10 14 14 14 11 0 8 11 0 0 18 21 10 0 12 0 18 -999 
P5784 2050 12 0 0 0 22 0 0 0 0 0 10 0 0 0 14 18 23 0 28 32 0 0 0 0 0 0 0 0 0 0 0 0 
P5784 2051 1 0 0 7 0 0 0 0 0 0 18 25 19 22 0 0 0 5 0 0 0 0 0 0 0 0 13 23 24 0 0 19 
P5784 2051 2 22 26 23 0 0 0 7 6 0 0 0 6 0 0 0 0 22 14 0 22 14 15 13 0 0 0 17 15 -999 -999 -999 
P5784 2051 3 0 0 0 15 13 0 11 16 0 19 0 0 0 0 0 18 22 22 21 0 0 23 30 33 0 0 0 0 0 0 0 
P5784 2051 4 0 17 17 18 0 0 32 0 21 46 30 12 0 0 0 0 0 0 0 0 0 0 0 0 16 0 22 0 40 25 -999 
P5784 2051 5 13 0 24 32 0 0 0 0 0 0 0 10 0 0 0 0 21 16 0 0 0 20 21 0 16 9 8 0 0 0 18 
P5784 2051 6 20 31 0 17 27 0 21 0 0 0 27 0 0 0 0 0 0 0 0 0 0 17 0 0 0 0 0 0 0 0 -999 
P5784 2051 7 0 0 0 0 0 0 0 20 0 0 0 0 0 0 0 0 0 24 0 0 0 0 0 0 0 0 0 20 0 20 0 
P5784 2051 8 0 0 0 29 0 0 0 0 0 0 0 0 20 0 0 0 20 0 0 0 0 18 20 0 0 0 0 0 0 0 0 
P5784 2051 9 0 0 0 22 0 9 0 0 18 19 0 0 0 0 0 0 0 0 0 0 0 0 0 0 15 0 0 0 0 0 -999 
P5784 2051 10 0 19 0 9 12 14 17 0 0 15 0 9 0 9 10 8 0 0 0 0 0 0 0 0 0 0 0 30 0 24 20 
P5784 2051 11 18 12 12 0 25 22 14 0 0 0 0 0 0 0 18 15 7 12 24 0 0 0 13 9 7 0 0 0 0 0 -999 
P5784 2051 12 0 0 0 0 0 35 40 24 24 0 0 0 0 16 0 0 11 0 0 0 15 0 23 6 0 0 6 0 0 0 0 
P5784 2052 1 0 9 0 12 0 5 0 0 0 3 0 5 0 0 0 3 0 0 0 0 0 0 0 12 0 0 27 26 7 0 0 
P5784 2052 2 0 0 0 0 0 0 0 0 0 0 0 0 0 0 0 0 0 14 35 0 14 0 0 0 0 17 0 0 -999 -999 -999 
P5784 2052 3 0 0 0 0 0 0 0 30 14 8 0 0 0 28 0 0 0 12 0 19 28 0 0 25 18 0 9 0 0 0 0 
P5784 2052 4 0 0 0 0 0 0 0 0 0 0 9 0 0 0 0 0 0 0 0 0 12 12 0 0 10 0 0 0 0 0 -999 
P5784 2052 5 23 19 0 0 0 30 27 0 0 0 19 0 22 0 17 0 14 0 0 0 0 0 0 0 29 22 0 0 22 22 19 
P5784 2052 6 0 0 0 18 0 0 0 7 0 0 28 35 0 20 17 24 19 0 0 0 15 0 0 22 19 12 0 0 0 0 -999 
P5784 2052 7 26 0 0 0 0 0 0 20 14 0 0 0 0 0 0 0 0 0 0 0 0 0 0 30 19 15 0 0 0 0 0 
P5784 2052 8 0 0 0 0 16 0 16 12 0 0 0 0 0 0 0 0 0 19 0 0 28 0 15 17 0 0 0 0 0 0 0 
P5784 2052 9 0 0 0 0 0 0 0 0 0 0 0 0 0 0 0 0 0 0 0 0 29 0 18 0 0 0 0 0 0 0 -999 
P5784 2052 10 0 0 12 0 10 0 0 0 9 0 0 0 0 0 0 0 0 7 0 0 0 0 0 0 0 0 0 0 0 7 0 
P5784 2052 11 0 0 26 28 0 0 0 0 6 4 4 0 0 13 0 27 24 0 0 20 20 0 0 12 18 20 22 0 22 20 -999 
P5784 2052 12 32 40 14 5 6 0 4 0 0 38 52 0 22 18 8 0 0 6 0 4 0 0 8 6 0 0 0 0 0 0 0 
P5784 2053 1 0 0 0 0 0 0 0 0 0 0 0 0 0 0 0 0 3 0 0 0 0 5 0 0 0 0 0 0 0 0 0 
P5784 2053 2 0 0 13 15 19 29 26 30 17 10 4 8 0 0 3 0 0 6 0 0 0 0 8 0 0 16 0 54 -999 -999 -999 
P5784 2053 3 40 21 11 6 5 0 0 0 0 0 23 0 0 0 19 24 27 33 25 0 18 0 0 0 0 0 0 0 0 19 0 
P5784 2053 4 30 0 0 0 12 0 22 14 9 0 15 18 6 0 0 0 0 0 0 18 20 12 0 0 28 21 13 0 0 0 -999 
P5784 2053 5 0 23 31 0 0 0 25 0 19 0 0 20 15 0 0 14 0 31 24 26 0 18 21 25 0 11 13 13 0 0 0 
P5784 2053 6 0 0 0 20 0 0 14 0 16 21 17 0 0 0 17 0 20 0 8 0 10 0 0 0 0 0 0 16 18 15 -999 
P5784 2053 7 0 0 0 0 0 0 0 20 0 0 0 23 0 0 0 0 0 0 0 0 0 0 26 0 29 0 0 0 0 33 0 
P5784 2053 8 0 0 24 29 0 0 0 0 24 0 0 20 19 23 0 0 11 0 0 0 16 0 0 0 27 0 0 0 0 0 0 
P5784 2053 9 0 0 0 0 17 0 0 0 0 0 0 0 0 0 0 0 18 0 0 0 0 0 0 0 0 0 0 0 0 0 -999 
P5784 2053 10 0 10 0 0 9 0 0 0 23 0 0 0 19 0 16 21 26 23 0 19 0 8 0 0 0 0 0 0 0 0 0 
P5784 2053 11 18 16 33 41 0 21 0 0 0 26 0 19 12 5 9 26 44 0 0 7 0 10 0 0 5 0 0 0 0 0 -999 
P5784 2053 12 0 0 0 0 0 0 0 0 0 0 0 3 0 0 0 0 10 9 4 0 2 0 0 0 0 11 8 0 16 0 0 
P5784 2054 1 14 15 25 0 19 0 14 0 10 0 33 18 22 27 18 22 0 0 0 0 5 13 15 0 3 0 0 0 15 9 0 
P5784 2054 2 0 0 19 13 7 5 8 8 0 0 0 0 0 19 18 0 2 0 0 0 4 0 9 0 0 0 0 2 -999 -999 -999 
P5784 2054 3 0 0 1 0 3 0 0 0 0 0 14 0 6 0 0 0 9 17 15 0 8 0 17 0 9 0 0 0 26 0 0 
P5784 2054 4 21 12 13 14 22 25 24 15 16 0 32 0 27 17 12 17 0 0 0 0 0 0 10 0 0 0 27 33 35 26 -999 
P5784 2054 5 0 17 13 17 14 0 0 16 11 0 23 25 18 19 26 29 0 27 0 21 0 0 0 22 24 0 13 0 0 0 0 
P5784 2054 6 0 0 0 0 0 0 0 16 0 0 0 0 0 0 13 0 0 0 0 0 0 0 0 0 0 0 0 0 0 16 -999 
P5784 2054 7 0 0 0 0 0 0 0 0 21 0 18 0 14 0 0 0 0 0 0 0 0 0 0 0 0 0 0 0 0 0 0 
P5784 2054 8 0 0 24 0 0 0 26 0 0 0 0 0 0 0 0 13 0 0 0 20 0 0 0 15 0 23 19 18 18 0 0 
P5784 2054 9 0 0 0 17 0 0 0 0 0 0 0 0 27 0 13 0 0 0 0 0 0 0 0 23 0 0 12 0 0 25 -999 
P5784 2054 10 24 0 0 16 10 6 0 0 0 6 0 7 0 0 0 0 0 0 13 8 8 0 0 0 26 0 27 0 0 9 9 
P5784 2054 11 22 28 0 0 0 0 12 0 0 28 13 0 9 15 0 0 0 7 12 27 28 0 0 0 0 0 0 7 4 7 -999 
P5784 2054 12 0 0 9 17 0 0 0 0 0 0 6 9 0 22 0 0 0 0 0 0 0 3 0 5 10 0 0 9 0 4 8 
P5784 2055 1 0 1 0 10 9 4 8 18 0 0 6 6 0 11 0 0 10 19 19 37 39 0 7 2 2 0 0 0 8 0 0 
P5784 2055 2 0 0 0 0 0 0 0 13 0 0 2 0 1 0 0 0 8 0 8 0 0 0 0 10 0 30 0 0 -999 -999 -999 
P5784 2055 3 0 0 0 29 39 49 34 18 0 0 10 12 0 0 0 0 0 5 4 0 0 0 0 0 0 4 0 9 0 0 0 
P5784 2055 4 8 0 0 0 0 0 0 7 0 0 0 0 0 0 0 0 0 0 0 48 0 21 18 0 0 15 0 17 0 12 -999 
P5784 2055 5 0 0 0 0 0 0 0 12 10 0 0 34 29 0 0 11 10 0 0 0 12 0 18 0 19 0 0 0 18 0 21 
P5784 2055 6 0 0 0 14 0 0 0 0 0 0 0 0 0 14 0 0 0 0 0 0 0 0 0 0 0 0 0 0 0 0 -999 
P5784 2055 7 0 0 0 0 13 0 0 0 0 0 0 0 0 0 0 0 0 0 0 0 0 0 0 0 0 0 27 0 0 26 29 
P5784 2055 8 0 0 0 0 0 0 0 0 0 0 0 22 0 0 0 0 0 0 0 0 0 0 0 0 0 0 0 0 0 0 0 
P5784 2055 9 0 0 0 0 0 0 0 0 0 0 0 0 0 0 0 0 0 18 0 0 21 0 19 0 0 0 0 0 0 0 -999 
P5784 2055 10 21 0 0 0 0 0 16 0 0 15 15 16 0 0 0 0 22 0 0 16 10 0 0 0 0 0 0 0 0 0 0 
P5784 2055 11 0 0 0 0 0 14 22 30 29 15 0 0 0 0 16 15 25 13 0 18 11 6 13 11 0 0 29 28 30 24 -999 
P5784 2055 12 18 0 0 0 7 12 0 9 9 0 0 0 0 0 0 0 0 0 0 0 0 15 0 0 0 0 0 7 11 14 14 
P5784 2056 1 0 15 14 0 0 10 8 0 0 0 12 0 0 0 0 0 9 0 11 0 4 6 8 0 9 10 15 18 0 7 13 
P5784 2056 2 20 34 29 12 19 20 0 6 0 19 0 0 12 11 16 12 7 11 0 13 0 18 7 0 26 37 48 66 -999 -999 -999 
P5784 2056 3 38 0 21 11 0 16 14 18 0 17 34 36 21 29 39 24 8 8 0 0 0 0 0 0 11 0 17 0 0 0 15 
P5784 2056 4 0 15 18 0 13 0 0 0 0 0 0 0 0 0 14 17 15 28 28 0 12 6 0 12 16 10 0 0 0 0 -999 
P5784 2056 5 10 0 0 0 0 0 17 0 18 21 35 15 10 18 10 0 0 0 17 17 0 28 0 0 15 0 0 0 20 0 34 
P5784 2056 6 19 0 16 0 0 7 0 0 0 0 19 0 18 0 0 0 22 0 0 21 0 29 29 0 21 0 0 0 0 0 -999 
P5784 2056 7 13 0 0 29 0 15 0 0 16 0 0 0 0 0 0 22 26 23 0 0 0 0 0 0 0 0 0 0 0 0 0 
P5784 2056 8 0 0 0 0 0 0 0 0 0 0 0 0 0 14 0 0 0 0 0 0 0 0 0 0 0 14 17 0 0 0 0 
P5784 2056 9 0 12 0 0 0 0 20 17 14 18 0 0 0 0 0 0 0 0 0 0 0 0 0 13 0 0 0 0 12 0 -999 
P5784 2056 10 0 0 0 0 0 0 12 0 0 0 0 0 0 0 0 16 0 0 0 22 12 0 15 0 0 0 19 0 0 0 0 
P5784 2056 11 0 12 13 11 0 0 0 0 16 13 0 26 0 5 0 15 16 9 0 7 5 0 0 0 0 0 0 0 0 0 -999 
P5784 2056 12 0 0 0 0 0 0 0 0 0 0 0 0 0 0 0 12 9 10 0 18 15 0 0 0 0 0 0 19 0 0 0 
P5784 2057 1 6 9 0 0 5 0 0 0 0 0 10 0 7 0 15 31 28 29 45 31 0 7 6 0 0 0 21 50 31 0 12 
P5784 2057 2 20 4 0 0 0 8 0 0 7 5 0 0 0 0 5 0 0 0 0 0 7 0 0 0 23 0 17 17 -999 -999 -999 
P5784 2057 3 0 14 7 6 0 0 0 5 0 14 0 11 12 10 17 29 25 24 24 0 0 6 0 0 0 0 0 52 27 21 17 
P5784 2057 4 15 26 21 17 15 10 0 16 17 15 0 0 18 0 22 23 16 20 25 0 0 10 0 29 0 15 7 0 0 0 -999 
P5784 2057 5 0 48 0 24 0 0 0 31 32 15 14 11 0 0 0 0 0 0 0 0 0 0 0 0 0 25 39 16 0 0 0 
P5784 2057 6 0 0 0 0 0 13 0 0 0 0 0 25 0 0 15 0 0 0 0 0 0 0 0 0 0 0 0 12 0 0 -999 
P5784 2057 7 0 0 0 0 0 0 0 0 0 0 0 0 0 0 0 0 0 0 0 0 0 13 0 0 0 0 0 0 0 0 0 
P5784 2057 8 0 0 0 0 0 18 0 21 0 19 0 0 0 0 0 0 0 0 0 0 0 0 0 0 0 13 0 0 0 0 0 
P5784 2057 9 0 23 31 0 11 13 0 0 0 16 0 0 0 0 0 0 23 0 0 0 0 0 0 23 16 17 0 7 0 11 -999 
P5784 2057 10 0 0 0 0 16 0 0 0 0 14 0 13 20 15 7 0 0 0 0 0 0 0 0 0 0 17 17 11 0 0 0 
P5784 2057 11 9 0 0 0 0 0 0 0 0 0 0 17 0 21 22 19 0 0 14 22 10 0 0 0 0 0 0 38 12 0 -999 
P5784 2057 12 12 7 14 10 0 0 0 5 0 0 0 0 0 14 0 3 0 0 0 0 7 0 20 19 12 0 10 0 0 8 0 
P5784 2058 1 0 11 7 6 8 7 13 0 0 0 0 13 21 0 13 18 0 14 14 0 0 0 0 0 0 0 26 65 57 0 16 
P5784 2058 2 0 0 10 19 17 22 8 0 0 0 0 0 0 0 0 0 5 0 0 0 0 0 0 13 13 8 0 0 -999 -999 -999 
P5784 2058 3 0 4 0 0 14 9 0 0 0 0 0 0 0 0 0 0 0 0 0 0 0 0 0 0 0 0 0 9 0 0 0 
P5784 2058 4 0 29 23 0 0 0 0 0 17 25 32 45 0 60 0 0 0 35 23 0 0 26 0 20 27 21 12 18 19 25 -999 
P5784 2058 5 0 8 10 24 0 20 14 0 0 0 0 16 0 0 0 36 0 0 0 0 0 16 0 0 0 0 0 0 0 15 0 
P5784 2058 6 0 22 0 15 0 14 0 0 0 0 0 19 20 0 0 20 0 0 0 22 0 18 21 0 0 0 0 0 0 0 -999 
P5784 2058 7 0 0 0 0 0 0 0 0 0 0 0 0 0 0 0 0 0 0 0 0 0 0 0 0 29 0 0 0 0 0 0 
P5784 2058 8 0 0 0 0 0 0 0 0 0 0 50 0 20 0 0 0 0 0 0 19 0 0 0 0 0 0 0 0 0 0 0 
P5784 2058 9 0 0 15 0 0 0 0 21 0 42 33 14 0 0 0 14 0 0 0 0 0 0 0 0 0 0 0 0 0 0 -999 
P5784 2058 10 0 11 25 36 32 0 15 0 0 0 0 0 0 0 0 0 0 12 17 26 0 0 0 0 16 16 0 0 15 0 0 
P5784 2058 11 0 0 0 7 0 0 0 0 0 23 18 18 0 0 9 8 0 0 0 0 0 0 14 7 0 7 0 0 5 0 -999 
P5784 2058 12 0 6 0 0 0 0 0 18 0 0 0 0 0 0 0 0 5 0 0 0 0 35 0 0 0 12 11 0 0 0 0 
P5784 2059 1 0 3 0 0 0 6 0 10 7 0 0 0 0 0 0 0 0 0 0 0 0 0 0 0 0 0 0 0 0 0 0 
P5784 2059 2 0 0 0 3 0 0 0 0 0 0 29 56 14 0 7 0 0 0 0 0 0 0 0 0 3 0 0 0 -999 -999 -999 
P5784 2059 3 0 0 0 0 0 0 0 9 0 0 0 0 0 0 0 0 0 0 19 11 0 0 0 0 17 36 48 33 0 30 26 
P5784 2059 4 31 19 9 0 0 0 0 0 24 34 20 0 18 0 11 0 0 0 29 20 22 19 14 21 0 0 0 10 0 0 -999 
P5784 2059 5 0 0 0 10 18 18 0 0 0 15 0 0 0 0 0 0 41 29 12 0 0 0 0 0 32 19 0 0 0 12 0 
P5784 2059 6 0 19 0 0 18 0 0 30 32 18 16 0 0 0 0 0 0 0 0 0 0 0 0 0 0 34 27 16 0 0 -999 
P5784 2059 7 0 0 0 0 21 24 22 30 0 0 0 0 0 14 0 0 0 17 23 0 0 29 27 0 0 0 0 0 0 0 20 
P5784 2059 8 0 0 0 0 0 0 0 0 0 0 0 0 0 0 0 0 25 0 0 0 0 0 21 0 0 0 0 0 18 0 16 
P5784 2059 9 0 0 0 0 0 0 0 0 0 0 0 0 0 0 0 17 0 0 0 0 0 0 0 0 0 0 0 0 15 0 -999 
P5784 2059 10 0 0 0 12 0 0 0 14 13 0 0 0 0 0 0 0 0 0 0 13 6 0 0 0 0 0 15 14 0 0 14 
P5784 2059 11 0 0 10 11 0 0 0 0 5 0 0 5 0 0 11 10 8 11 17 0 0 0 0 0 0 0 0 0 0 0 -999 
P5784 2059 12 0 0 0 12 11 19 0 19 0 0 19 0 0 13 5 0 0 0 0 3 0 9 0 0 0 9 0 0 0 0 10 
P5784 2060 1 0 0 6 0 0 0 9 0 0 0 0 43 41 33 0 0 0 0 0 0 0 0 0 5 0 0 0 3 0 0 0 
P5784 2060 2 0 21 0 0 2 0 0 0 7 0 0 9 8 0 0 0 0 0 0 0 10 8 0 0 0 0 0 0 -999 -999 -999 
P5784 2060 3 9 9 0 0 28 55 39 0 0 14 13 0 8 5 0 5 0 0 0 0 0 19 0 29 14 0 29 42 40 31 0 
P5784 2060 4 0 35 0 19 23 0 14 23 29 28 0 0 0 0 0 20 0 0 17 0 0 0 0 9 0 0 30 0 0 11 -999 
P5784 2060 5 0 0 17 0 19 13 0 0 16 0 22 0 0 0 0 0 0 23 0 0 0 0 0 0 0 0 0 0 0 29 22 
P5784 2060 6 17 16 0 0 0 23 0 0 0 0 0 0 0 0 0 0 0 0 27 29 0 20 0 0 14 13 20 30 0 0 -999 
P5784 2060 7 0 19 0 0 0 0 0 0 0 27 23 0 0 0 0 19 0 0 0 20 0 0 0 0 0 0 0 0 0 0 0 
P5784 2060 8 0 0 0 0 0 0 0 0 0 0 0 0 0 0 0 0 0 0 0 0 0 18 0 0 0 0 0 0 0 0 0 
P5784 2060 9 0 0 0 0 0 0 0 0 0 0 0 0 0 18 0 0 0 0 0 12 0 0 0 0 0 0 0 0 20 0 -999 
P5784 2060 10 0 10 0 0 0 0 0 10 9 7 0 0 6 0 0 0 0 4 0 0 6 5 0 0 0 0 0 0 0 0 0 
P5784 2060 11 14 13 0 18 0 17 10 15 20 10 0 17 12 0 0 0 0 22 37 27 0 10 0 0 11 0 0 0 0 0 -999 
P5784 2060 12 0 0 0 12 0 0 0 0 0 0 0 3 0 0 0 0 9 0 0 0 0 0 17 16 10 0 8 14 30 43 0 
P5784 2061 1 21 12 15 13 0 0 27 0 21 0 1 0 0 0 0 0 0 0 0 0 0 0 0 0 8 9 0 2 0 2 0 
P5784 2061 2 0 6 0 0 8 8 0 7 14 9 0 15 0 9 0 0 0 0 0 0 6 0 0 0 0 15 0 17 -999 -999 -999 
P5784 2061 3 22 9 0 0 0 0 0 0 0 31 45 0 0 0 0 0 31 0 23 20 0 0 0 24 33 29 0 0 0 0 14 
P5784 2061 4 27 34 0 0 0 12 15 25 0 28 12 10 0 0 0 0 0 0 17 16 14 0 0 0 0 0 29 0 22 30 -999 
P5784 2061 5 0 0 15 0 17 0 24 0 0 0 0 0 15 0 31 0 0 15 0 0 12 0 0 11 0 0 0 0 0 0 0 
P5784 2061 6 0 0 0 0 11 0 0 0 0 21 0 0 0 0 0 0 15 16 0 0 0 0 0 0 0 19 0 22 0 15 -999 
P5784 2061 7 0 0 0 0 0 0 16 0 0 0 0 0 0 0 0 0 0 0 0 0 0 0 21 0 28 0 0 0 0 0 0 
P5784 2061 8 0 0 0 0 0 0 0 0 0 0 0 0 0 0 0 0 0 0 0 0 0 0 0 16 0 0 0 19 0 0 0 
P5784 2061 9 0 0 12 0 0 0 0 0 0 0 0 0 0 0 14 15 18 24 19 14 0 13 18 9 0 0 0 0 0 0 -999 
P5784 2061 10 0 14 13 15 0 0 0 0 0 0 0 0 0 0 0 23 13 0 0 0 17 17 0 0 13 0 0 0 14 9 0 
P5784 2061 11 21 18 0 0 0 14 0 0 14 14 8 0 10 4 4 0 15 22 0 0 0 0 0 3 0 0 0 0 37 0 -999 
P5784 2061 12 5 0 0 0 0 0 5 0 0 0 0 10 4 0 0 20 18 10 8 0 0 18 0 13 10 0 0 0 0 0 0 
P5784 2062 1 0 0 0 0 0 0 0 0 0 0 0 0 0 2 0 0 0 0 24 0 0 0 0 0 6 11 12 0 0 0 5 
P5784 2062 2 0 0 0 5 0 16 0 0 14 7 0 3 0 0 3 0 0 5 0 0 0 0 0 0 22 0 0 10 -999 -999 -999 
P5784 2062 3 0 9 12 13 23 0 9 0 0 10 20 0 33 0 39 0 15 0 26 0 16 0 0 0 12 0 0 0 0 0 0 
P5784 2062 4 0 0 0 0 0 0 0 0 0 0 13 10 0 0 0 12 0 0 0 0 18 21 0 0 0 23 21 0 21 22 -999 
P5784 2062 5 12 9 0 0 0 0 22 0 29 0 0 0 0 0 0 0 10 0 0 0 18 0 0 0 0 0 16 0 10 0 0 
P5784 2062 6 0 0 27 0 36 20 0 23 0 0 18 0 0 0 0 0 0 0 0 0 23 21 0 29 0 0 0 0 0 0 -999 
P5784 2062 7 0 0 24 31 0 0 0 0 0 0 0 17 0 0 23 0 0 0 0 0 26 0 0 0 0 0 0 0 0 0 0 
P5784 2062 8 0 0 0 0 0 34 0 0 0 18 0 0 23 17 0 0 0 0 0 0 0 0 0 0 14 11 0 0 0 0 0 
P5784 2062 9 11 16 0 23 17 0 0 0 12 11 12 0 15 0 0 0 0 0 0 0 0 0 0 11 0 0 0 17 0 0 -999 
P5784 2062 10 0 0 25 28 0 18 19 19 0 10 16 0 0 0 0 0 10 0 0 10 8 0 0 16 0 0 0 0 0 11 10 
P5784 2062 11 6 0 0 0 0 0 0 0 0 0 0 0 0 9 0 0 0 0 0 0 0 0 0 11 0 0 0 0 0 0 -999 
P5784 2062 12 0 0 10 0 0 0 5 9 6 0 0 31 0 0 0 0 7 12 8 0 0 0 0 0 0 2 0 0 6 0 15 
P5784 2063 1 28 21 16 13 0 0 0 0 16 0 7 10 17 0 0 0 31 24 17 17 0 0 15 16 31 17 0 0 0 11 12 
P5784 2063 2 23 0 4 0 0 0 0 0 0 9 0 10 10 0 0 20 29 20 10 0 0 6 0 0 10 0 4 0 -999 -999 -999 
P5784 2063 3 0 3 0 0 0 0 0 0 0 0 0 42 37 30 15 0 42 29 12 0 7 17 0 0 39 33 22 11 11 0 0 
P5784 2063 4 0 5 0 0 0 0 0 52 25 13 0 0 10 15 0 17 13 11 0 24 18 0 0 0 0 0 0 0 0 22 -999 
P5784 2063 5 26 20 0 7 0 0 0 6 9 0 0 24 0 22 18 18 0 11 0 0 0 0 28 24 22 19 18 0 6 0 0 
P5784 2063 6 0 0 19 23 0 0 0 0 0 0 0 0 0 26 0 0 0 0 0 0 0 0 0 0 0 0 0 18 0 0 -999 
P5784 2063 7 0 0 0 0 0 0 0 0 0 0 0 0 0 0 0 0 0 0 0 0 0 0 0 0 0 0 0 0 0 0 0 
P5784 2063 8 0 0 0 0 0 0 0 0 19 0 0 0 0 0 0 0 0 0 15 0 13 17 0 0 0 15 0 0 0 0 0 
P5784 2063 9 0 0 0 0 0 0 0 0 0 12 0 0 0 0 25 0 0 14 0 16 0 0 19 0 34 31 0 19 21 12 -999 
P5784 2063 10 0 0 0 0 0 0 0 0 0 0 0 0 0 0 11 0 0 0 11 10 0 14 21 0 14 17 13 0 0 0 0 
P5784 2063 11 0 0 0 0 0 0 0 0 0 0 0 0 8 13 8 0 0 0 0 0 0 0 0 0 0 4 0 0 0 0 -999 
P5784 2063 12 0 0 0 0 0 0 0 3 3 0 0 12 16 0 0 16 0 0 0 0 0 4 0 0 0 0 0 0 0 4 0 
P5784 2064 1 3 0 0 0 5 4 0 0 0 3 0 0 0 0 3 0 0 0 0 0 0 0 0 0 0 0 10 0 0 0 7 
P5784 2064 2 0 0 0 22 24 0 10 6 0 6 0 0 0 0 3 0 0 3 0 0 0 0 0 0 7 7 0 10 -999 -999 -999 
P5784 2064 3 11 0 0 0 0 33 14 13 0 0 0 0 14 25 0 39 48 0 27 0 0 25 0 0 0 26 0 0 0 0 0 
P5784 2064 4 0 0 0 30 26 60 0 0 0 17 24 0 0 0 0 0 0 21 21 15 0 0 0 0 20 22 0 20 0 0 -999 
P5784 2064 5 23 0 0 19 18 22 20 18 0 11 8 9 0 0 19 0 26 15 0 0 22 0 0 17 0 0 22 0 0 0 0 
P5784 2064 6 0 0 0 0 0 0 0 0 25 26 0 0 0 0 0 0 0 15 0 0 0 0 0 0 16 0 0 0 0 0 -999 
P5784 2064 7 27 0 0 0 0 0 0 0 0 0 31 0 0 0 0 0 0 0 0 19 0 0 0 0 0 0 0 0 0 23 0 
P5784 2064 8 0 0 0 0 0 0 0 0 0 0 0 18 0 0 0 0 13 0 0 22 0 0 0 0 0 0 0 22 18 0 0 
P5784 2064 9 0 33 14 11 0 16 0 0 0 0 0 0 0 0 0 0 0 0 0 21 28 30 15 15 0 0 0 0 8 8 -999 
P5784 2064 10 10 0 11 0 0 0 0 0 19 17 0 0 0 0 8 0 0 0 0 0 0 6 0 7 0 0 0 7 5 5 5 
P5784 2064 11 0 0 0 0 10 8 0 0 0 0 0 0 8 0 20 0 0 0 0 0 0 0 3 0 0 0 0 0 0 7 -999 
P5784 2064 12 9 0 0 7 14 0 0 20 17 15 4 4 0 0 0 5 0 0 8 10 10 13 19 0 0 0 0 0 0 4 0 
P5784 2065 1 0 0 6 0 0 8 9 0 9 0 0 0 0 14 0 8 7 0 0 0 3 0 0 0 0 0 0 8 0 0 0 
P5784 2065 2 0 0 0 0 0 0 0 0 0 0 0 13 27 44 60 27 32 22 18 33 28 0 0 0 0 0 0 0 -999 -999 -999 
P5784 2065 3 0 0 4 0 0 0 0 0 0 0 0 0 0 13 0 0 0 0 0 0 0 27 35 0 42 41 45 37 0 0 22 
P5784 2065 4 0 0 0 0 9 17 0 8 0 0 0 0 0 13 0 0 0 0 0 0 0 0 0 0 0 0 0 0 0 34 -999 
P5784 2065 5 0 0 0 0 0 0 0 0 0 0 0 0 0 0 0 0 15 0 0 0 0 19 0 13 0 0 0 0 0 0 0 
P5784 2065 6 15 0 0 0 20 0 0 0 0 21 15 13 18 0 0 21 0 0 0 12 0 0 0 18 0 0 0 0 0 25 -999 
P5784 2065 7 0 0 0 0 0 0 0 0 0 0 0 0 0 0 0 22 15 0 0 0 0 0 0 0 18 0 0 0 0 0 0 
P5784 2065 8 0 0 0 0 0 0 0 27 0 0 0 0 0 0 17 0 0 0 0 0 0 12 0 0 0 17 0 28 0 0 0 
P5784 2065 9 0 0 0 0 15 0 0 0 0 0 0 0 0 0 0 0 0 0 0 0 0 0 0 13 0 0 0 0 0 17 -999 
P5784 2065 10 14 0 9 0 0 0 0 0 38 21 0 16 9 0 0 12 0 0 0 32 0 10 21 0 20 14 18 0 16 12 8 
P5784 2065 11 0 0 0 0 0 0 8 0 0 0 0 3 0 0 0 0 0 0 0 13 16 19 0 0 0 0 0 24 10 0 -999 
P5784 2065 12 0 0 0 7 9 4 0 0 0 0 31 45 13 0 5 0 12 0 11 20 20 24 0 20 17 22 16 0 0 3 0 
P5784 2066 1 0 0 0 0 0 0 13 0 0 0 17 43 19 0 13 11 0 0 14 0 4 12 16 17 0 0 0 0 5 5 0 
P5784 2066 2 0 18 15 0 0 0 0 0 0 6 0 0 0 0 0 0 0 0 5 0 0 20 12 6 18 27 23 22 -999 -999 -999 
P5784 2066 3 40 0 0 0 0 0 0 0 0 0 0 0 0 7 0 0 0 0 0 5 0 5 0 0 0 12 0 0 0 0 0 
P5784 2066 4 0 0 0 8 0 0 0 0 0 10 14 0 14 16 17 25 24 13 7 0 0 0 11 11 13 0 0 35 0 17 -999 
P5784 2066 5 11 0 13 17 0 11 0 20 23 0 10 0 17 0 9 0 0 22 24 19 11 8 0 0 13 12 0 11 0 0 0 
P5784 2066 6 0 21 0 0 0 0 0 0 0 0 0 0 0 0 0 21 0 0 0 18 0 0 0 0 0 0 0 0 0 0 -999 
P5784 2066 7 0 0 0 0 0 0 0 0 0 21 25 0 0 0 0 0 0 0 0 15 0 0 0 0 0 14 20 27 22 0 0 
P5784 2066 8 0 0 0 0 0 0 0 0 0 0 0 0 0 0 0 0 21 26 23 0 0 0 0 24 0 26 18 11 0 17 0 
P5784 2066 9 0 0 0 0 0 0 13 0 0 0 0 0 0 0 0 0 0 0 12 0 17 0 0 0 0 16 0 13 0 0 -999 
P5784 2066 10 0 21 0 0 0 12 0 0 0 0 10 0 0 0 0 0 0 15 16 0 0 0 0 0 0 10 0 0 32 0 0 
P5784 2066 11 0 9 9 11 0 0 0 11 18 0 6 0 14 0 0 0 0 3 0 0 22 9 6 0 0 0 0 0 0 0 -999 
P5784 2066 12 0 0 0 9 7 0 0 0 4 0 0 0 0 13 36 32 37 38 0 0 12 9 0 3 0 4 0 0 8 0 10 
P5784 2067 1 8 13 19 0 3 0 0 0 6 0 0 0 0 15 23 18 0 26 0 28 45 0 42 30 19 23 35 31 12 0 8 
P5784 2067 2 0 0 0 14 10 0 0 16 7 0 10 9 0 17 13 0 3 0 36 37 0 0 4 0 0 18 0 14 -999 -999 -999 
P5784 2067 3 0 0 13 0 0 6 8 11 19 29 17 0 7 6 0 0 0 4 0 16 23 0 16 0 0 0 0 0 0 0 0 
P5784 2067 4 0 0 0 0 0 0 0 0 0 0 0 0 0 0 0 23 18 23 23 14 10 0 24 0 22 0 0 0 0 17 -999 
P5784 2067 5 0 21 21 17 25 28 0 0 0 0 0 0 28 22 0 0 0 21 22 27 0 0 0 0 0 17 16 11 0 0 18 
P5784 2067 6 0 19 0 19 0 0 0 19 0 0 0 30 25 0 0 0 0 25 0 0 0 0 0 0 0 18 0 0 0 0 -999 
P5784 2067 7 0 0 0 0 0 0 18 0 0 0 0 0 0 0 0 0 0 0 0 15 13 0 0 19 0 0 0 0 19 0 0 
P5784 2067 8 0 18 0 0 0 0 0 0 0 0 0 0 0 0 0 23 0 0 0 0 0 0 0 0 0 0 0 0 16 0 16 
P5784 2067 9 0 0 0 0 0 0 0 0 0 16 17 0 0 0 19 15 0 0 0 0 0 0 0 12 0 0 0 0 0 0 -999 
P5784 2067 10 0 0 0 0 0 0 0 0 0 0 0 8 0 0 13 12 0 0 0 0 0 0 0 0 0 0 0 6 0 0 0 
P5784 2067 11 11 8 4 6 4 7 9 0 0 5 0 0 3 0 6 0 0 0 0 0 0 0 5 0 0 5 0 0 0 0 -999 
P5784 2067 12 0 7 8 14 0 4 0 0 0 0 0 0 0 7 0 0 0 0 0 0 4 0 0 0 4 6 23 21 13 8 6 
P5784 2068 1 0 0 0 4 0 17 0 7 2 0 0 0 3 0 0 0 0 0 0 0 0 0 0 0 15 16 22 10 8 6 5 
P5784 2068 2 0 5 0 0 10 24 32 33 0 0 8 0 0 0 0 0 0 5 0 8 0 0 34 26 0 8 0 11 -999 -999 -999 
P5784 2068 3 8 15 0 13 26 36 0 10 5 13 0 0 0 0 0 0 21 0 0 6 0 10 13 0 0 0 0 0 0 0 0 
P5784 2068 4 19 13 0 13 0 0 9 31 19 14 14 14 0 0 0 0 17 0 10 6 4 9 17 13 0 0 16 17 0 0 -999 
P5784 2068 5 0 0 29 17 0 23 0 15 13 17 18 18 28 28 17 27 0 24 21 0 21 19 0 0 0 0 20 0 0 16 0 
P5784 2068 6 37 22 0 0 15 0 0 0 0 0 0 0 9 13 14 0 0 0 0 35 28 0 0 0 0 0 0 0 0 0 -999 
P5784 2068 7 0 0 17 0 0 0 0 0 0 0 24 0 0 0 0 20 0 0 0 23 0 0 0 0 0 0 0 0 0 0 16 
P5784 2068 8 0 0 0 0 0 0 0 0 0 0 0 0 0 0 0 0 0 0 0 0 0 0 0 14 0 0 0 0 0 24 0 
P5784 2068 9 0 0 0 16 0 0 0 0 21 0 0 0 0 0 0 0 0 19 0 13 0 0 0 0 0 0 0 0 0 13 -999 
P5784 2068 10 0 0 0 0 0 0 0 9 0 0 14 0 0 0 0 0 0 0 0 0 0 12 0 0 0 4 0 0 0 0 0 
P5784 2068 11 33 0 19 0 0 0 7 6 0 3 0 0 0 0 5 0 0 0 0 0 0 18 15 7 0 0 0 0 0 3 -999 
P5784 2068 12 0 0 0 0 0 0 0 0 16 0 0 6 0 26 29 14 9 0 0 15 0 0 8 0 10 21 0 0 11 11 0 
P5784 2069 1 10 13 28 18 0 4 0 0 0 0 0 0 4 3 0 0 0 0 0 0 0 0 0 0 0 0 0 0 0 0 0 
P5784 2069 2 0 0 0 17 22 0 5 0 23 15 0 6 0 0 0 0 0 0 0 9 0 0 10 0 0 0 0 9 -999 -999 -999 
P5784 2069 3 0 3 10 8 13 0 0 0 0 10 0 0 19 0 0 5 0 0 4 8 0 14 0 0 0 27 0 0 15 29 42 
P5784 2069 4 31 27 23 14 13 12 0 15 0 0 19 18 11 0 14 0 0 0 18 15 15 0 0 11 21 31 0 0 0 0 -999 
P5784 2069 5 0 0 10 0 0 0 0 14 0 0 19 21 23 0 52 0 45 26 0 0 0 19 0 0 0 15 0 17 0 11 16 
P5784 2069 6 0 0 0 0 0 26 0 24 25 0 0 0 0 0 0 0 0 20 0 0 0 0 0 25 0 16 13 12 0 0 -999 
P5784 2069 7 0 22 0 0 0 0 0 0 0 0 0 0 0 0 0 0 24 0 0 18 19 22 0 0 0 0 0 0 0 0 0 
P5784 2069 8 0 0 0 0 0 0 0 0 0 18 0 0 0 0 0 0 0 0 0 0 18 0 0 0 0 0 0 0 0 0 0 
P5784 2069 9 12 0 0 0 0 0 0 0 0 0 0 0 0 18 0 15 0 0 0 0 14 0 0 0 0 0 0 0 0 0 -999 
P5784 2069 10 0 0 11 13 0 0 0 0 9 0 0 0 0 0 9 19 13 21 29 31 18 0 12 9 0 0 15 12 17 0 0 
P5784 2069 11 5 0 14 11 13 0 0 17 17 0 0 6 0 6 7 0 0 8 0 0 0 13 0 0 0 0 0 0 0 0 -999 
P5784 2069 12 0 0 0 0 10 9 0 0 0 0 0 5 9 0 7 0 0 14 17 0 15 0 0 4 0 0 0 13 0 12 0 
P5784 2070 1 6 0 7 7 0 0 11 18 29 14 0 0 0 0 0 0 0 0 0 0 2 0 0 0 0 0 2 0 0 0 65 
P5784 2070 2 0 0 14 11 0 0 0 6 0 0 11 14 7 0 0 8 9 8 0 0 17 0 40 51 23 13 28 22 -999 -999 -999 
P5784 2070 3 6 0 0 0 0 10 0 0 0 0 0 9 0 0 26 19 14 18 22 21 41 0 0 34 0 14 0 0 29 0 0 
P5784 2070 4 17 0 0 23 0 0 0 0 15 0 15 10 0 18 22 31 22 16 0 0 0 0 0 0 0 0 0 25 24 32 -999 
P5784 2070 5 30 25 25 51 34 25 0 0 13 0 15 0 0 12 0 35 0 15 0 20 27 19 15 0 0 0 0 0 0 0 0 
P5784 2070 6 0 0 0 0 0 10 0 0 0 0 0 14 0 0 0 0 0 0 0 0 0 0 0 0 0 18 21 0 0 0 -999 
P5784 2070 7 0 21 0 0 0 0 0 0 0 0 0 0 0 0 0 20 0 21 0 0 0 0 0 0 0 0 0 0 0 0 0 
P5784 2070 8 0 0 20 0 0 0 0 0 0 0 16 0 0 0 0 0 0 0 0 0 20 0 0 0 0 0 0 0 0 0 0 
P5784 2070 9 0 0 0 24 0 16 0 0 0 0 0 19 0 14 0 0 18 16 13 0 0 0 0 10 0 0 0 0 0 0 -999 
P5784 2070 10 0 0 0 11 17 0 15 0 18 0 21 23 19 18 16 14 0 0 15 0 0 0 0 11 0 7 0 0 0 0 0 
P5784 2070 11 11 0 0 0 0 0 0 0 0 0 0 7 7 0 0 0 0 0 11 7 0 16 20 0 0 0 0 16 0 6 -999 
P5784 2070 12 0 8 13 14 0 0 0 0 0 5 10 0 0 0 13 0 24 15 0 0 9 17 23 0 0 17 0 7 0 31 32 
P5784 2071 1 14 6 0 9 0 9 0 0 8 0 0 0 13 0 0 0 0 51 44 17 0 21 0 0 0 12 17 8 15 23 0 
P5784 2071 2 0 0 15 14 0 0 26 0 9 11 25 20 12 0 0 0 0 22 19 0 34 49 39 0 0 15 0 0 -999 -999 -999 
P5784 2071 3 15 20 26 0 0 0 22 0 9 0 17 0 12 0 16 0 19 26 35 13 0 0 0 0 0 8 0 0 7 0 0 
P5784 2071 4 0 0 61 0 0 6 5 0 0 0 0 0 0 14 17 0 13 11 9 15 26 42 25 16 17 23 0 22 22 0 -999 
P5784 2071 5 20 21 23 22 0 0 35 29 26 0 12 15 11 0 0 21 26 0 0 0 16 0 18 0 0 19 0 0 17 0 0 
P5784 2071 6 0 19 0 19 0 0 12 0 0 14 15 22 29 37 26 0 0 29 16 14 19 0 0 0 0 0 0 0 0 0 -999 
P5784 2071 7 0 27 0 0 26 24 0 0 0 0 0 0 0 0 0 0 0 0 0 0 0 0 0 0 0 0 0 0 0 0 0 
P5784 2071 8 0 18 0 0 0 0 0 0 0 0 0 18 0 0 0 0 0 0 0 0 0 0 0 0 0 24 0 0 0 13 0 
P5784 2071 9 15 0 0 19 0 0 0 0 0 14 0 0 0 0 0 0 0 0 0 0 0 0 0 0 0 15 0 24 0 0 -999 
P5784 2071 10 0 0 0 15 0 0 0 0 0 0 12 0 0 0 0 30 27 0 0 0 0 0 0 10 15 0 10 0 0 0 17 
P5784 2071 11 0 0 17 17 15 8 0 16 14 0 5 0 0 0 0 12 0 13 6 0 6 0 6 7 15 24 0 0 5 0 -999 
P5784 2071 12 0 11 14 12 0 34 0 25 22 23 0 19 23 0 0 0 0 0 7 0 0 0 0 14 16 19 14 4 4 0 0 
P5784 2072 1 0 14 0 0 0 8 9 0 5 0 0 0 2 0 0 0 0 0 3 0 5 5 6 7 0 8 0 9 0 7 0 
P5784 2072 2 0 25 0 21 0 0 0 0 17 0 0 2 0 0 0 0 3 0 0 33 0 25 11 0 0 0 0 0 -999 -999 -999 
P5784 2072 3 0 0 0 7 9 0 0 0 0 0 0 0 6 0 0 0 0 0 21 0 20 30 0 0 22 0 0 30 34 22 13 
P5784 2072 4 0 6 0 19 28 19 0 0 0 0 0 0 0 11 0 0 0 0 0 0 0 15 12 5 0 0 4 0 0 0 -999 
P5784 2072 5 18 0 13 0 16 25 19 0 0 18 0 0 0 0 0 16 19 24 0 0 0 15 15 0 14 0 0 0 0 0 22 
P5784 2072 6 15 13 0 0 0 0 0 0 0 25 0 0 0 0 17 0 0 0 0 0 0 0 0 18 0 29 0 0 0 0 -999 
P5784 2072 7 0 0 0 0 0 0 0 0 0 0 0 0 0 0 0 16 0 0 18 19 0 0 0 0 0 0 0 0 0 0 0 
P5784 2072 8 0 0 0 0 0 0 0 0 0 20 22 0 21 0 0 0 0 0 0 0 0 0 0 0 0 0 0 0 0 0 0 
P5784 2072 9 0 0 0 0 0 0 0 0 0 0 0 0 0 0 0 0 24 0 0 0 0 20 0 0 20 20 0 0 0 12 -999 
P5784 2072 10 0 0 0 15 0 0 0 0 16 18 18 0 0 15 0 28 29 13 13 0 6 9 0 0 0 0 0 0 0 0 0 
P5784 2072 11 0 0 0 0 0 13 13 0 0 0 8 0 0 0 0 0 0 0 8 13 0 7 6 0 0 0 0 9 8 3 -999 
P5784 2072 12 0 0 0 10 0 0 0 11 9 0 0 0 6 7 0 0 14 13 21 21 31 31 0 6 14 34 11 0 0 0 11 
P5784 2073 1 14 0 0 0 0 0 0 0 0 0 0 0 0 3 4 0 0 9 18 0 24 13 0 12 36 37 0 0 0 7 10 
P5784 2073 2 14 15 21 22 0 0 0 0 0 0 0 0 0 4 0 0 0 0 0 4 0 0 6 0 0 0 0 0 -999 -999 -999 
P5784 2073 3 45 35 0 0 0 11 0 21 31 23 14 0 0 16 22 21 18 0 16 0 35 43 0 0 0 0 23 41 44 48 39 
P5784 2073 4 0 0 8 0 14 27 0 0 14 0 19 0 0 16 0 0 0 0 0 0 15 0 0 56 51 43 32 31 13 0 -999 
P5784 2073 5 0 0 0 0 14 0 0 0 0 0 0 0 0 45 18 15 13 10 8 0 12 0 13 0 0 21 8 11 0 0 0 
P5784 2073 6 0 0 0 0 0 0 0 0 0 0 0 0 0 0 0 0 0 0 0 0 0 0 0 0 0 0 0 0 0 0 -999 
P5784 2073 7 25 0 0 0 0 0 0 0 0 0 0 0 0 0 0 0 17 0 0 0 0 0 0 0 0 0 24 0 0 0 30 
P5784 2073 8 0 0 0 0 0 0 0 0 0 0 0 0 0 0 0 39 0 0 14 0 28 0 0 0 0 0 0 0 0 0 15 
P5784 2073 9 0 0 0 0 0 0 0 18 0 0 15 0 18 0 16 0 17 0 0 0 0 0 14 0 15 0 8 0 0 0 -999 
P5784 2073 10 0 0 0 0 0 0 0 0 13 0 0 8 0 0 0 0 0 0 0 0 7 0 0 0 0 0 0 4 0 0 0 
P5784 2073 11 11 0 10 14 0 0 0 0 0 0 7 0 0 0 0 0 0 0 0 38 0 24 0 12 15 21 0 13 8 0 -999 
P5784 2073 12 2 0 0 0 0 0 7 0 5 0 0 0 8 10 0 0 0 0 0 25 19 0 0 0 0 16 0 16 41 33 58 
P5784 2074 1 38 0 0 0 55 65 46 25 29 25 21 0 49 0 5 0 0 0 0 1 0 0 2 0 0 0 0 0 0 0 0 
P5784 2074 2 0 0 0 13 0 0 0 0 8 0 20 15 14 31 0 0 22 22 9 15 19 3 15 13 7 28 27 32 -999 -999 -999 
P5784 2074 3 21 12 0 8 0 15 0 27 19 18 8 0 0 0 0 0 0 0 0 0 0 0 16 24 18 8 0 0 5 8 14 
P5784 2074 4 0 18 0 0 0 8 0 0 0 0 0 0 0 0 0 32 0 0 0 0 15 0 0 8 0 13 0 0 20 0 -999 
P5784 2074 5 0 0 0 0 23 0 16 0 0 23 0 31 18 0 24 19 22 25 16 0 19 17 0 0 0 0 0 0 0 0 0 
P5784 2074 6 0 0 20 0 0 0 0 0 0 21 19 0 0 0 11 10 11 23 0 0 14 0 0 0 0 0 39 0 0 14 -999 
P5784 2074 7 0 0 0 0 0 0 0 0 0 0 0 0 0 0 0 0 0 0 0 13 0 0 0 0 0 20 0 0 0 0 0 
P5784 2074 8 0 0 0 21 0 17 0 0 12 0 0 0 0 0 0 0 14 0 0 0 0 0 0 17 0 0 0 0 0 14 0 
P5784 2074 9 0 0 24 0 0 0 0 0 0 0 16 0 0 0 0 0 0 0 0 0 0 0 11 0 8 0 0 0 9 0 -999 
P5784 2074 10 0 0 0 12 14 0 16 0 7 0 0 0 0 0 0 0 0 0 0 19 21 28 33 0 0 0 0 0 5 8 4 
P5784 2074 11 0 0 0 0 12 11 0 0 0 0 0 0 0 0 7 0 0 0 0 0 9 7 5 11 0 0 0 0 0 0 -999 
P5784 2074 12 0 0 0 0 0 0 0 0 0 0 9 29 33 39 0 0 3 0 3 0 12 0 0 0 0 0 0 4 0 0 7 
P5784 2075 1 4 0 0 0 0 0 0 0 0 0 11 0 0 4 0 0 0 0 7 0 0 0 0 0 0 0 0 3 0 0 0 
P5784 2075 2 6 0 12 21 19 18 17 22 35 17 30 0 0 19 0 0 0 0 0 16 0 0 0 11 17 23 23 0 -999 -999 -999 
P5784 2075 3 0 0 30 9 0 7 15 0 0 10 13 10 0 4 0 0 0 0 0 15 10 26 22 39 27 11 0 0 0 0 0 
P5784 2075 4 0 0 20 17 0 30 34 55 37 0 19 0 8 9 8 0 0 0 34 33 0 0 0 0 0 16 0 0 17 13 -999 
P5784 2075 5 16 26 44 35 0 21 0 0 0 0 0 0 0 26 0 0 0 0 0 0 0 31 0 14 13 0 0 0 0 12 0 
P5784 2075 6 0 0 0 21 12 0 0 0 0 0 0 0 0 0 0 0 0 0 0 0 0 21 0 0 0 0 0 0 0 0 -999 
P5784 2075 7 0 0 0 0 0 24 0 0 21 0 0 0 0 0 0 0 29 0 0 0 0 0 0 0 0 0 0 0 0 0 0 
P5784 2075 8 0 0 0 0 0 20 0 21 0 20 22 0 0 0 0 0 0 18 0 0 25 0 18 0 0 0 0 0 0 0 0 
P5784 2075 9 0 0 0 0 25 0 12 0 0 0 0 0 0 0 0 0 0 0 0 0 0 0 0 0 16 20 17 16 15 0 -999 
P5784 2075 10 0 0 0 18 15 0 0 23 23 0 0 11 0 12 0 0 0 0 0 0 6 0 0 0 0 0 9 0 0 0 25 
P5784 2075 11 0 10 0 0 0 0 32 0 0 0 0 15 26 25 29 0 0 12 13 0 0 0 0 0 0 0 0 0 0 0 -999 
P5784 2075 12 0 0 0 9 12 0 0 15 18 9 15 17 0 10 18 0 11 7 0 0 0 6 0 0 1 0 0 0 9 0 0 
P5784 2076 1 1 0 0 0 0 0 6 6 0 0 0 0 4 0 0 0 0 1 0 0 3 0 0 0 0 0 0 0 0 0 0 
P5784 2076 2 9 9 0 0 0 0 0 0 2 0 0 0 0 0 6 0 0 0 0 12 0 0 0 0 0 13 31 31 -999 -999 -999 
P5784 2076 3 27 0 0 0 0 18 17 25 24 20 25 25 12 0 0 0 0 0 0 9 0 0 0 0 16 0 0 0 8 0 0 
P5784 2076 4 0 0 0 0 0 0 0 18 22 19 12 0 32 27 31 27 20 27 26 23 26 22 21 0 0 24 19 14 0 0 -999 
P5784 2076 5 0 35 22 24 14 0 0 0 0 0 0 15 0 30 0 0 0 0 0 25 0 0 13 0 0 0 0 0 34 0 19 
P5784 2076 6 0 0 0 0 18 0 0 0 0 0 0 0 0 0 0 0 0 0 0 0 38 0 0 0 23 0 0 0 0 0 -999 
P5784 2076 7 0 0 0 0 0 0 0 18 0 0 0 0 0 0 0 0 0 0 0 0 0 0 0 0 0 0 0 0 0 0 0 
P5784 2076 8 0 0 0 0 0 0 0 0 26 0 0 0 0 0 0 24 0 0 0 12 0 0 0 0 20 0 0 0 0 0 31 
P5784 2076 9 0 0 0 0 0 0 0 0 0 0 0 0 0 0 0 0 10 0 0 0 0 0 0 0 0 0 12 0 0 0 -999 
P5784 2076 10 0 0 0 0 15 0 0 0 0 0 0 0 0 0 0 0 0 0 0 0 0 0 0 0 0 13 11 0 21 8 0 
P5784 2076 11 0 0 0 0 0 0 0 0 0 0 0 0 23 13 10 13 0 19 0 48 38 0 24 12 0 4 0 21 0 0 -999 
P5784 2076 12 0 15 6 0 0 0 4 0 16 23 11 15 16 0 0 0 0 0 0 0 0 0 0 0 0 0 0 15 11 0 0 
P5784 2077 1 0 0 0 0 0 0 0 0 0 0 0 0 0 0 6 10 0 0 0 0 0 0 0 0 0 0 0 0 4 0 0 
P5784 2077 2 10 0 8 0 0 0 13 0 0 0 0 0 7 0 0 25 32 0 21 18 13 5 0 0 14 0 0 12 -999 -999 -999 
P5784 2077 3 0 0 0 14 26 67 65 43 20 17 26 23 14 6 0 0 0 0 22 23 28 0 23 32 0 0 17 14 0 0 8 
P5784 2077 4 0 18 17 0 0 0 10 0 0 0 0 0 0 19 22 0 0 20 0 30 0 0 0 0 0 0 0 12 0 9 -999 
P5784 2077 5 0 0 0 13 9 0 0 21 27 39 0 0 8 0 0 0 0 0 0 0 0 12 0 0 0 0 0 0 20 12 0 
P5784 2077 6 27 0 0 19 0 0 0 0 0 15 17 14 0 0 24 0 0 21 21 0 0 0 0 0 0 0 0 0 24 30 -999 
P5784 2077 7 0 0 0 0 0 0 0 0 0 22 0 0 0 0 0 0 0 0 0 0 0 0 0 0 0 0 0 0 0 0 0 
P5784 2077 8 0 0 0 0 0 0 0 0 0 29 0 0 17 0 0 0 0 0 0 0 20 0 0 0 0 0 0 0 0 0 0 
P5784 2077 9 22 0 0 0 0 0 0 0 0 23 0 0 0 0 0 0 13 0 0 0 0 18 0 0 0 0 10 0 0 0 -999 
P5784 2077 10 0 0 0 0 0 0 0 0 0 18 17 12 0 0 0 0 0 0 17 0 15 0 0 27 0 0 0 0 0 0 0 
P5784 2077 11 20 0 0 0 0 0 10 15 18 0 13 0 0 11 0 15 14 0 8 14 12 0 12 0 0 0 0 0 0 10 -999 
P5784 2077 12 8 13 0 21 0 0 15 25 0 0 0 0 0 0 0 0 0 0 6 0 0 0 0 0 0 0 24 0 12 0 0 
P5784 2078 1 25 0 33 23 15 16 11 0 0 26 31 0 17 0 0 10 13 0 0 6 0 0 0 0 0 0 0 0 6 0 0 
P5784 2078 2 0 0 0 0 2 0 0 0 0 0 0 0 0 0 0 0 7 0 0 0 7 0 0 0 19 30 9 0 -999 -999 -999 
P5784 2078 3 6 0 11 0 0 0 0 0 0 0 0 0 0 20 38 0 0 33 39 55 38 25 16 25 26 0 0 0 16 13 0 
P5784 2078 4 21 16 0 0 0 0 28 0 0 0 20 25 19 18 18 0 0 0 0 0 9 11 0 0 24 26 0 0 0 0 -999 
P5784 2078 5 16 0 40 21 17 0 0 13 0 0 0 28 0 0 0 0 0 24 0 11 0 0 0 0 0 0 0 0 0 0 0 
P5784 2078 6 0 21 0 0 0 0 17 13 17 0 0 0 0 0 22 18 0 0 0 0 0 0 0 18 0 0 0 0 0 0 -999 
P5784 2078 7 0 0 0 0 0 0 23 0 21 25 0 20 0 17 0 0 0 0 0 0 25 16 0 0 0 0 19 0 0 0 0 
P5784 2078 8 0 0 0 0 0 0 0 0 0 0 0 0 0 0 0 0 0 0 21 0 27 39 25 0 0 0 0 0 0 0 0 
P5784 2078 9 0 0 17 21 0 0 0 0 13 0 0 0 0 0 0 0 16 16 0 0 0 0 0 0 0 0 0 0 0 0 -999 
P5784 2078 10 0 0 0 0 0 0 0 0 0 0 0 0 0 0 12 0 0 16 0 0 15 12 0 0 8 0 0 0 0 0 12 
P5784 2078 11 0 0 0 0 0 6 0 5 0 0 0 6 0 0 13 0 17 17 0 0 7 0 0 0 0 0 0 5 0 0 -999 
P5784 2078 12 0 6 0 0 0 0 0 6 4 0 0 24 0 0 0 0 0 0 7 0 0 13 10 11 0 14 38 52 14 16 34 
P5784 2079 1 46 0 0 0 0 0 0 0 0 5 0 0 0 0 0 4 0 0 0 0 0 0 0 0 0 0 0 6 7 10 0 
P5784 2079 2 0 0 0 0 0 0 0 0 0 0 0 0 0 0 0 0 0 0 0 0 0 4 6 8 0 7 0 0 -999 -999 -999 
P5784 2079 3 0 23 16 0 0 16 0 9 0 17 16 0 11 0 0 0 0 6 0 0 13 0 0 15 0 0 0 22 11 0 0 
P5784 2079 4 0 0 26 0 23 12 0 0 0 17 0 0 0 0 20 0 0 0 0 17 23 0 0 0 0 0 14 0 0 0 -999 
P5784 2079 5 0 19 0 14 35 37 0 0 14 15 18 0 0 0 0 0 0 0 0 0 0 0 0 13 0 13 0 0 0 0 0 
P5784 2079 6 0 0 0 0 0 0 0 0 19 0 0 0 16 0 0 24 0 0 0 0 0 17 0 0 0 16 0 0 17 13 -999 
P5784 2079 7 0 0 0 0 0 0 0 0 17 0 0 0 0 0 0 0 0 0 0 0 0 0 0 21 0 21 0 0 0 0 33 
P5784 2079 8 0 0 0 0 0 0 0 0 0 0 0 11 15 0 0 0 0 0 0 0 32 0 0 0 0 0 0 15 0 0 0 
P5784 2079 9 0 0 12 0 0 0 0 0 0 12 0 0 15 0 0 0 0 0 0 0 0 0 0 0 0 0 0 0 0 0 -999 
P5784 2079 10 0 0 12 10 0 0 0 0 0 12 0 0 0 0 0 0 0 11 12 0 11 0 0 0 12 0 0 13 13 12 0 
P5784 2079 11 13 0 0 4 0 0 10 0 0 0 0 0 10 0 0 21 0 33 19 15 0 8 0 10 17 19 0 0 2 0 -999 
P5784 2079 12 0 13 22 21 13 14 17 0 0 0 8 0 0 0 0 0 0 0 0 0 0 0 0 0 0 0 0 0 0 2 6 
P5784 2080 1 0 0 0 0 0 0 0 0 0 0 0 0 0 0 0 0 0 0 0 0 0 0 0 0 0 0 0 0 0 32 0 
P5784 2080 2 0 0 5 0 8 0 0 0 28 19 31 34 32 19 0 0 0 0 21 24 37 29 0 0 3 0 0 0 -999 -999 -999 
P5784 2080 3 0 17 7 15 0 27 0 29 45 62 32 0 17 0 0 0 0 0 0 0 0 0 0 0 0 0 0 14 0 23 24 
P5784 2080 4 13 0 0 0 7 0 0 17 0 40 29 40 0 19 0 0 0 0 0 33 28 0 27 35 36 0 20 0 0 20 -999 
P5784 2080 5 0 0 0 22 23 17 0 0 0 0 0 0 0 13 0 0 29 0 0 0 0 0 0 0 0 0 0 0 37 0 0 
P5784 2080 6 33 0 21 0 0 37 0 13 0 0 0 0 0 0 0 0 0 0 36 27 23 0 0 0 0 0 0 0 0 16 -999 
P5784 2080 7 23 0 0 0 14 0 0 0 0 0 0 16 0 0 0 0 0 0 0 0 0 0 16 0 0 0 0 0 0 0 0 
P5784 2080 8 0 0 0 0 0 0 0 0 0 0 0 0 0 0 0 0 19 0 0 0 0 23 0 0 0 0 0 0 0 0 0 
P5784 2080 9 0 0 0 0 0 0 0 0 0 15 0 0 18 0 0 0 0 0 15 0 0 0 0 0 0 14 0 16 16 0 -999 
P5784 2080 10 0 19 17 0 16 14 14 18 0 12 0 11 0 9 0 8 0 5 0 0 0 6 0 0 0 0 0 0 0 0 0 
P5784 2080 11 14 0 0 0 0 0 14 0 0 0 0 0 13 0 23 0 0 13 0 15 33 42 0 0 0 9 0 5 0 19 -999 
P5784 2080 12 19 0 17 11 9 0 0 0 0 3 0 0 0 0 0 0 4 0 0 0 0 0 0 0 0 0 0 5 10 0 7 
P5784 2081 1 0 14 0 21 12 0 0 0 0 0 0 0 0 0 6 6 0 0 0 14 0 15 19 8 0 0 0 0 0 0 9 
P5784 2081 2 0 0 6 0 0 0 15 0 8 0 0 0 0 3 10 0 5 10 0 18 0 0 8 30 27 0 0 0 -999 -999 -999 
P5784 2081 3 18 12 0 25 17 0 0 0 21 25 0 0 26 23 31 16 13 26 15 0 14 33 23 12 0 0 0 0 15 30 22 
P5784 2081 4 22 8 8 0 0 0 27 20 14 12 0 0 0 0 0 0 0 0 0 0 0 19 28 32 18 0 12 15 0 21 -999 
P5784 2081 5 20 23 0 19 24 0 10 0 18 0 20 12 24 33 22 27 13 11 11 0 0 20 18 20 16 0 0 12 0 0 33 
P5784 2081 6 0 0 0 0 0 14 15 0 16 0 0 0 0 0 0 18 0 0 37 0 0 0 0 0 0 0 0 0 0 0 -999 
P5784 2081 7 0 26 21 0 16 0 19 26 0 0 18 0 0 27 0 10 0 0 29 0 24 0 0 21 0 0 0 0 0 0 0 
P5784 2081 8 0 0 17 0 0 0 0 0 0 0 0 0 0 0 0 0 0 0 0 0 0 0 0 0 0 0 0 0 0 0 0 
P5784 2081 9 0 0 0 15 0 0 16 0 0 0 0 0 0 0 0 0 0 0 0 0 0 0 0 0 0 0 0 0 0 0 -999 
P5784 2081 10 0 0 0 18 0 0 9 0 0 0 0 14 18 12 0 0 0 0 0 0 0 0 0 0 0 0 0 8 0 0 0 
P5784 2081 11 0 9 0 0 0 0 0 0 0 0 4 0 0 0 0 0 26 33 17 0 0 7 0 5 0 20 0 0 0 14 -999 
P5784 2081 12 18 10 14 0 9 14 0 20 21 17 15 0 42 36 17 9 0 20 16 8 0 0 0 0 0 0 0 4 0 7 0 
P5784 2082 1 0 12 19 16 0 0 0 0 0 0 0 0 11 0 0 0 0 20 0 0 0 22 7 4 8 5 15 19 0 0 0 
P5784 2082 2 0 0 0 5 9 0 0 0 0 0 0 0 0 0 5 0 0 4 0 16 8 0 4 0 13 18 0 0 -999 -999 -999 
P5784 2082 3 13 0 37 21 29 0 0 12 21 0 0 0 8 9 21 0 0 0 0 0 0 0 0 0 19 0 7 0 0 0 0 
P5784 2082 4 0 0 0 0 0 0 0 0 45 0 7 0 0 0 20 21 22 0 0 0 15 14 16 17 13 0 0 7 10 0 -999 
P5784 2082 5 19 14 17 0 0 0 0 25 0 0 0 0 0 21 0 0 0 0 0 0 0 0 0 0 0 0 0 0 0 0 0 
P5784 2082 6 0 21 25 0 0 0 0 0 21 0 0 0 0 0 22 0 22 0 0 31 0 15 0 0 0 0 0 14 0 0 -999 
P5784 2082 7 0 0 0 0 20 0 0 0 0 0 0 0 0 0 0 0 0 0 0 0 0 23 0 0 0 18 0 0 0 0 0 
P5784 2082 8 16 0 0 0 0 0 0 0 18 0 0 0 0 19 17 0 0 0 0 0 13 25 0 18 0 0 13 0 0 0 0 
P5784 2082 9 0 0 0 0 0 0 0 0 0 0 0 0 0 0 0 0 0 0 0 0 0 0 0 0 18 0 12 0 0 0 -999 
P5784 2082 10 0 0 16 18 15 0 0 0 0 4 0 0 0 0 0 0 0 0 7 0 0 10 15 21 11 7 0 0 0 11 18 
P5784 2082 11 0 13 15 16 0 0 16 0 0 9 10 0 15 0 0 0 44 39 23 0 9 0 0 0 4 0 0 3 0 0 -999 
P5784 2082 12 0 0 10 0 0 0 0 0 0 0 10 12 0 0 0 15 21 35 36 0 2 0 0 0 0 4 5 0 0 0 0 
P5784 2083 1 0 20 0 22 18 6 8 0 0 0 0 0 0 0 6 11 0 18 37 0 0 0 0 0 0 0 0 0 0 0 30 
P5784 2083 2 28 37 55 41 17 8 14 0 10 22 0 11 14 20 12 12 21 0 44 24 20 0 12 14 44 42 18 8 -999 -999 -999 
P5784 2083 3 8 0 10 0 0 0 0 0 0 0 0 0 9 0 0 0 0 0 13 0 0 0 0 0 28 0 0 30 0 0 0 
P5784 2083 4 0 13 13 12 0 0 0 0 0 0 0 18 0 21 0 23 22 20 0 0 0 0 13 0 0 0 20 0 0 19 -999 
P5784 2083 5 0 23 18 0 0 26 0 36 0 0 0 0 0 0 0 26 0 18 0 14 0 0 18 27 28 24 14 15 0 0 0 
P5784 2083 6 28 26 0 0 0 0 0 18 0 30 19 0 0 0 17 0 0 16 0 0 0 0 0 0 0 0 0 0 0 0 -999 
P5784 2083 7 0 27 24 0 29 0 0 0 20 0 0 0 0 31 0 19 19 0 0 17 0 0 20 0 13 0 0 0 0 0 0 
P5784 2083 8 0 0 0 0 0 0 0 0 25 27 0 0 0 0 22 0 0 0 0 0 0 0 0 0 0 0 18 0 14 18 0 
P5784 2083 9 0 0 0 0 0 13 0 0 0 0 0 0 0 0 0 0 0 17 0 0 12 0 0 0 0 0 0 0 0 12 -999 
P5784 2083 10 0 11 0 0 15 22 0 21 0 0 0 0 0 0 0 17 0 0 0 0 0 0 0 31 0 13 0 0 0 0 0 
P5784 2083 11 0 0 0 15 14 10 14 0 0 0 0 16 0 10 0 0 0 17 11 0 4 0 6 0 0 0 0 6 0 34 -999 
P5784 2083 12 66 25 15 9 0 0 0 0 13 0 0 0 0 0 0 15 0 0 0 0 0 0 0 0 11 7 0 2 0 4 7 
P5784 2084 1 0 0 0 15 0 6 9 7 0 12 6 2 0 0 0 0 0 8 0 0 0 0 0 0 0 19 18 0 9 16 12 
P5784 2084 2 9 0 0 0 0 0 0 0 21 33 20 6 0 0 0 0 0 0 0 0 0 0 0 0 0 11 11 0 -999 -999 -999 
P5784 2084 3 0 0 0 0 0 4 0 0 0 0 8 0 11 0 0 27 0 26 17 0 0 0 0 0 0 0 12 0 0 0 0 
P5784 2084 4 0 11 0 0 0 42 74 29 0 0 18 0 27 16 14 0 15 0 0 0 0 17 14 0 0 12 0 0 0 24 -999 
P5784 2084 5 0 12 13 15 22 0 20 18 0 0 9 0 0 26 0 0 23 0 0 13 12 17 0 0 0 25 0 25 18 0 0 
P5784 2084 6 0 0 0 0 0 0 0 0 0 0 0 0 0 0 0 0 0 0 0 0 0 0 0 0 0 0 0 14 0 0 -999 
P5784 2084 7 0 18 0 0 0 0 0 0 0 0 0 0 0 0 0 0 0 0 0 0 0 0 0 0 0 0 0 0 0 0 0 
P5784 2084 8 0 0 0 26 0 0 0 0 0 0 0 0 0 0 0 0 0 0 0 0 0 0 0 0 0 0 0 0 0 0 0 
P5784 2084 9 0 0 0 0 0 0 0 19 16 0 0 0 15 0 0 12 0 0 0 0 0 15 0 7 0 9 0 0 0 0 -999 
P5784 2084 10 0 0 0 0 12 0 0 0 13 0 0 0 0 0 0 15 9 9 0 0 0 0 0 0 0 0 0 0 22 0 19 
P5784 2084 11 8 20 24 22 12 0 12 21 0 25 11 0 0 0 0 0 17 12 0 0 0 0 0 0 0 0 0 0 12 0 -999 
P5784 2084 12 13 12 30 16 0 0 0 0 8 8 0 17 15 15 0 0 0 0 0 0 0 0 2 0 0 0 0 4 0 5 3 
P5784 2085 1 0 0 0 0 0 0 0 0 0 0 0 0 0 0 0 5 11 0 9 12 4 0 11 37 0 0 0 0 0 0 0 
P5784 2085 2 0 0 0 0 0 0 38 23 0 20 31 25 19 10 0 0 6 0 0 11 0 0 0 0 3 0 0 0 -999 -999 -999 
P5784 2085 3 0 0 0 9 0 9 0 0 16 27 0 21 31 16 18 27 31 0 6 0 7 9 0 0 0 0 0 0 0 0 0 
P5784 2085 4 0 0 0 8 0 0 17 15 15 0 25 31 22 0 24 26 27 20 20 0 0 0 0 0 0 9 15 12 14 0 -999 
P5784 2085 5 0 20 13 0 0 0 38 30 28 19 17 0 0 0 0 11 0 0 0 0 14 0 17 19 0 0 0 0 0 0 0 
P5784 2085 6 0 0 0 0 0 0 0 0 0 0 20 0 0 0 0 0 0 0 0 0 0 0 0 16 0 0 0 0 0 0 -999 
P5784 2085 7 0 0 0 0 0 0 25 25 0 19 0 22 0 0 25 18 0 0 0 0 0 17 0 0 0 0 0 0 0 0 0 
P5784 2085 8 0 0 0 0 0 0 0 0 0 0 15 0 0 0 0 0 0 0 0 0 0 17 19 0 0 0 0 0 0 0 0 
P5784 2085 9 0 15 0 0 27 0 24 0 0 0 0 0 17 0 0 0 0 12 0 0 0 0 13 0 0 0 0 20 0 0 -999 
P5784 2085 10 0 0 0 15 0 24 0 0 0 0 0 0 16 24 30 0 0 9 0 0 0 0 0 0 0 0 15 0 0 20 21 
P5784 2085 11 14 9 0 14 15 7 6 0 12 7 0 0 0 0 0 0 22 17 7 0 10 13 0 0 0 0 0 14 14 13 -999 
P5784 2085 12 12 16 8 0 0 22 28 12 0 0 0 8 0 0 0 0 0 8 6 0 0 15 0 0 11 0 0 0 0 0 0 
P5784 2086 1 0 0 0 0 0 0 0 0 0 6 0 0 0 13 29 23 0 29 17 22 0 0 0 0 0 0 0 0 0 0 0 
P5784 2086 2 0 0 0 0 8 0 0 0 23 14 8 9 24 41 28 16 15 9 0 0 0 2 0 0 0 0 0 0 -999 -999 -999 
P5784 2086 3 0 0 0 0 0 0 0 0 0 0 0 8 0 0 0 0 16 16 0 12 0 0 13 5 0 0 10 14 0 10 0 
P5784 2086 4 0 0 0 0 0 0 29 0 27 0 0 0 0 26 25 15 22 0 0 0 0 0 0 14 0 0 0 27 0 0 -999 
P5784 2086 5 0 21 0 16 0 22 0 0 0 0 0 0 20 0 0 0 0 0 16 0 0 0 0 0 15 18 0 0 0 0 0 
P5784 2086 6 0 0 0 0 16 0 18 0 0 0 0 0 0 0 0 0 0 33 34 0 16 0 17 0 19 0 0 0 0 0 -999 
P5784 2086 7 26 31 0 0 0 0 18 0 32 0 17 0 0 0 0 0 0 0 0 0 0 0 27 0 0 0 0 0 26 0 0 
P5784 2086 8 0 0 0 0 0 0 23 22 22 0 0 0 0 24 0 0 0 0 0 0 0 0 0 0 0 0 0 0 19 0 0 
P5784 2086 9 0 0 0 0 24 0 0 0 0 0 0 0 25 0 16 19 19 12 10 0 0 0 0 18 0 0 15 0 0 0 -999 
P5784 2086 10 0 0 0 0 0 0 0 0 12 0 0 0 0 0 7 0 0 0 13 0 0 0 0 0 0 0 0 0 0 0 0 
P5784 2086 11 0 7 0 0 17 0 0 0 0 26 33 72 0 18 0 12 9 0 13 27 0 30 0 0 7 0 0 0 7 4 -999 
P5784 2086 12 0 0 0 0 0 0 0 3 0 0 0 0 0 0 16 9 0 0 0 27 19 16 24 46 31 26 21 5 0 0 0 
P5784 2087 1 0 0 0 6 8 0 15 0 56 0 13 8 0 0 2 0 0 0 0 0 0 0 6 0 2 0 0 0 8 14 17 
P5784 2087 2 0 11 12 0 0 0 0 0 0 0 0 0 0 0 12 15 10 0 0 0 5 0 0 0 0 0 0 18 -999 -999 -999 
P5784 2087 3 0 32 21 0 0 0 18 0 0 0 0 0 0 18 0 0 0 0 0 0 0 0 64 30 23 25 19 0 0 0 0 
P5784 2087 4 0 0 0 0 0 0 0 0 0 0 14 0 0 0 0 44 0 29 0 11 12 19 0 21 15 16 0 9 0 0 -999 
P5784 2087 5 12 0 0 25 15 20 22 0 17 18 0 15 17 0 20 0 0 0 0 0 0 0 0 0 0 0 0 0 0 0 0 
P5784 2087 6 0 0 0 0 0 0 0 0 15 0 0 0 39 0 15 0 0 0 0 0 16 0 0 15 0 24 19 0 0 0 -999 
P5784 2087 7 0 0 0 0 0 0 0 0 0 0 0 0 0 0 0 0 0 0 0 0 0 0 0 0 0 0 18 0 0 0 0 
P5784 2087 8 0 0 0 0 0 22 0 0 0 0 0 0 0 0 22 19 0 0 18 18 0 0 0 0 0 0 0 0 0 0 0 
P5784 2087 9 0 0 0 0 0 16 0 0 13 0 0 0 0 0 0 0 0 0 23 0 0 0 12 0 8 0 0 0 0 0 -999 
P5784 2087 10 0 0 18 0 19 0 17 13 0 0 15 18 22 16 0 0 0 0 10 0 0 0 0 0 0 0 0 0 0 0 11 
P5784 2087 11 0 0 0 0 0 5 0 0 0 0 0 0 9 0 0 0 0 0 0 0 0 0 0 0 0 0 0 0 0 14 -999 
P5784 2087 12 0 0 0 0 0 0 0 0 0 16 0 0 0 0 0 0 0 0 8 6 0 8 0 13 6 10 16 0 0 8 0 
P5784 2088 1 0 0 0 0 0 0 0 0 0 0 0 0 0 0 0 0 0 0 5 0 0 0 0 4 0 0 0 7 0 0 0 
P5784 2088 2 0 0 6 0 17 0 30 30 24 0 0 0 5 0 0 0 0 0 0 15 0 0 0 0 22 0 18 0 -999 -999 -999 
P5784 2088 3 0 0 19 16 0 26 0 0 6 0 0 0 0 0 0 0 0 0 0 0 0 0 17 25 0 21 9 20 0 0 4 
P5784 2088 4 7 0 11 19 0 0 19 0 0 0 26 34 50 41 33 0 23 0 0 14 23 28 33 0 0 0 24 0 0 25 -999 
P5784 2088 5 22 0 0 0 0 0 0 23 27 28 21 0 18 0 0 0 18 19 0 19 12 0 0 0 0 10 0 0 0 0 0 
P5784 2088 6 0 0 14 0 0 0 13 0 0 0 0 20 0 0 0 0 0 0 0 0 0 0 0 0 0 17 0 0 0 0 -999 
P5784 2088 7 0 0 0 0 0 0 0 0 0 0 15 0 0 0 0 0 0 0 0 0 0 0 0 0 0 18 0 0 0 0 0 
P5784 2088 8 0 0 0 0 0 0 0 18 0 0 0 0 0 0 0 0 0 0 0 0 0 0 0 17 0 0 0 0 0 0 0 
P5784 2088 9 0 0 0 0 0 15 0 0 0 19 0 0 0 0 0 26 26 14 0 0 0 0 0 0 0 0 0 0 0 0 -999 
P5784 2088 10 0 0 0 0 0 0 0 0 24 24 29 32 0 0 16 0 0 0 0 0 0 0 0 12 0 20 22 0 0 0 0 
P5784 2088 11 0 0 0 0 0 0 4 0 0 0 12 0 13 11 0 0 13 23 0 10 0 11 0 0 0 0 0 9 0 0 -999 
P5784 2088 12 0 0 0 7 0 0 0 0 6 0 0 0 0 0 0 0 0 0 0 0 12 10 0 14 20 12 0 15 0 0 0 
P5784 2089 1 0 0 0 0 0 0 20 23 24 23 31 0 44 33 15 0 0 0 0 0 0 0 0 0 0 2 0 0 0 11 9 
P5784 2089 2 16 25 22 0 0 22 37 43 53 18 0 12 18 23 6 0 0 0 0 3 0 0 0 10 0 14 0 0 -999 -999 -999 
P5784 2089 3 0 0 25 37 33 22 13 0 0 37 22 0 11 0 27 26 30 78 31 0 14 7 0 16 37 45 0 13 0 0 24 
P5784 2089 4 25 26 12 10 6 0 0 0 0 0 0 0 0 0 0 0 13 0 0 0 26 24 17 13 0 41 20 13 0 22 -999 
P5784 2089 5 37 0 14 6 0 0 0 0 0 0 0 16 0 0 14 15 29 27 15 18 0 12 14 0 0 0 20 0 14 0 0 
P5784 2089 6 0 0 0 0 0 0 0 0 0 0 0 0 0 15 0 0 0 0 0 0 0 0 0 0 0 0 0 0 0 0 -999 
P5784 2089 7 0 0 0 0 0 15 0 0 31 28 30 0 0 0 0 0 0 0 0 14 0 0 0 0 0 0 0 29 0 16 17 
P5784 2089 8 13 14 27 0 22 19 0 0 0 22 0 17 0 0 0 0 0 0 0 0 0 0 0 0 0 0 0 0 0 13 0 
P5784 2089 9 0 0 0 0 0 0 0 10 0 0 0 0 0 0 0 0 0 0 0 0 0 0 0 9 10 0 0 0 0 0 -999 
P5784 2089 10 0 0 0 0 0 0 0 0 0 0 14 0 12 0 0 0 0 0 0 0 8 0 0 10 0 7 0 0 0 0 0 
P5784 2089 11 0 0 0 0 19 0 0 0 0 0 0 14 0 0 0 0 0 0 0 6 0 8 0 16 0 12 8 0 0 0 -999 
P5784 2089 12 14 0 0 0 0 13 20 16 13 13 23 11 0 0 0 0 0 0 0 18 0 0 0 2 0 0 0 0 0 0 0 
P5784 2090 1 0 0 0 6 0 0 8 8 12 13 0 0 0 0 10 0 0 0 0 0 0 0 0 3 0 0 4 0 3 0 2 
P5784 2090 2 0 0 6 10 0 23 0 0 16 0 0 8 4 6 0 7 9 0 0 0 0 0 11 0 12 9 14 31 -999 -999 -999 
P5784 2090 3 31 28 19 8 5 0 0 0 0 0 0 13 0 19 15 19 15 0 0 26 23 13 11 13 27 0 0 0 0 18 18 
P5784 2090 4 20 0 28 32 21 14 29 20 0 12 21 0 10 16 34 25 34 28 0 3 0 0 0 0 18 17 9 9 0 0 -999 
P5784 2090 5 0 0 0 0 0 0 0 0 0 0 0 0 0 36 39 16 23 0 0 27 0 0 0 0 0 0 22 24 0 0 23 
P5784 2090 6 0 15 0 0 0 0 0 0 0 0 7 0 0 0 0 0 0 0 0 0 0 0 0 0 0 33 29 0 0 12 -999 
P5784 2090 7 0 16 0 0 28 0 0 0 0 0 0 0 0 42 24 0 0 0 0 0 0 0 0 0 0 17 20 0 0 0 0 
P5784 2090 8 0 0 0 0 0 0 0 0 0 0 0 0 0 0 0 0 0 17 14 0 0 0 0 0 0 0 0 0 0 0 0 
P5784 2090 9 0 0 0 0 0 0 0 0 0 0 0 0 0 0 0 0 18 0 12 0 0 0 0 0 0 0 0 0 0 0 -999 
P5784 2090 10 0 0 13 0 0 22 19 11 8 0 12 0 0 0 0 15 32 0 0 0 0 0 0 15 0 0 0 0 0 16 0 
P5784 2090 11 40 18 11 0 0 0 9 8 7 0 24 0 0 0 19 33 0 12 0 4 0 0 0 9 0 19 23 0 0 0 -999 
P5784 2090 12 0 0 23 0 8 0 0 0 15 16 28 0 0 0 0 0 0 0 0 0 0 0 0 0 0 14 22 0 13 0 0 
P5784 2091 1 0 0 0 0 0 8 0 0 0 0 0 0 3 6 0 0 0 0 12 0 0 0 0 0 0 0 0 0 0 0 0 
P5784 2091 2 0 11 0 0 0 0 5 0 0 0 0 0 0 0 0 0 8 23 75 40 0 16 39 26 0 32 0 0 -999 -999 -999 
P5784 2091 3 0 0 4 2 0 0 0 0 0 0 0 0 0 0 0 7 10 0 0 7 0 0 6 5 0 0 12 0 10 0 0 
P5784 2091 4 0 0 11 0 0 0 0 47 89 0 35 0 26 24 0 16 0 36 39 0 26 0 0 0 0 0 0 0 12 13 -999 
P5784 2091 5 16 0 0 0 0 22 0 0 0 0 0 0 0 13 0 0 0 0 0 0 0 0 0 0 0 0 19 0 0 15 16 
P5784 2091 6 0 27 27 23 25 29 0 13 0 0 0 19 23 0 0 0 0 0 0 0 0 0 0 0 0 0 0 0 0 0 -999 
P5784 2091 7 0 0 0 0 0 0 0 0 0 0 0 0 0 0 0 0 0 0 0 0 17 0 0 0 0 14 0 0 0 0 0 
P5784 2091 8 0 0 0 0 0 0 0 0 0 14 0 0 0 0 0 0 0 25 19 21 0 0 0 0 23 0 0 0 0 0 0 
P5784 2091 9 0 0 14 14 0 0 0 0 0 0 0 0 0 0 0 13 17 0 0 0 0 18 0 10 0 0 0 0 0 0 -999 
P5784 2091 10 0 12 0 0 0 0 0 0 0 0 0 25 0 15 0 0 0 8 7 11 11 0 0 0 0 0 15 23 30 0 18 
P5784 2091 11 0 12 0 0 0 14 13 0 13 0 0 0 0 0 24 23 10 0 10 0 4 0 0 27 17 8 0 5 3 6 -999 
P5784 2091 12 0 14 0 0 0 0 5 0 0 0 0 0 0 0 0 0 0 8 0 0 0 0 0 0 0 0 0 0 0 0 0 
P5784 2092 1 0 0 0 0 0 0 9 0 0 3 0 18 24 10 0 0 0 16 0 33 23 32 21 0 22 0 17 10 24 14 0 
P5784 2092 2 12 8 21 0 0 0 27 0 0 30 23 0 10 0 27 17 0 14 19 10 15 5 0 5 5 0 0 0 -999 -999 -999 
P5784 2092 3 16 32 32 7 0 9 0 18 0 26 15 0 0 0 0 32 31 23 12 11 20 0 26 37 29 26 0 0 0 17 22 
P5784 2092 4 0 0 0 0 14 12 14 14 0 0 0 0 57 33 0 20 0 15 0 0 0 0 0 0 20 0 0 38 0 27 -999 
P5784 2092 5 31 0 0 0 0 0 0 31 26 0 0 14 12 0 0 0 27 23 0 0 0 0 0 11 0 0 0 12 0 0 0 
P5784 2092 6 0 0 0 11 0 0 0 0 0 0 0 0 0 0 0 0 0 0 0 0 16 0 0 0 0 0 0 0 0 0 -999 
P5784 2092 7 0 0 0 0 0 0 0 0 0 0 0 0 0 0 0 0 0 0 0 0 0 21 0 0 0 0 26 0 0 0 13 
P5784 2092 8 0 0 0 0 0 0 0 0 0 20 0 0 0 0 0 0 0 18 0 0 0 0 0 0 0 0 0 0 0 0 0 
P5784 2092 9 0 0 0 0 0 0 12 0 14 0 0 0 0 0 0 0 0 0 0 0 0 0 0 0 0 0 0 0 0 0 -999 
P5784 2092 10 13 10 0 0 0 14 0 0 0 0 0 30 18 9 0 6 0 0 0 15 0 0 0 0 11 11 5 0 0 0 0 
P5784 2092 11 0 0 0 30 38 47 0 0 0 0 14 21 41 26 20 0 0 12 16 16 0 7 10 16 0 17 14 8 0 0 -999 
P5784 2092 12 0 0 0 0 0 0 14 14 0 14 0 0 5 0 13 0 0 0 0 10 0 12 0 17 0 0 0 7 12 19 13 
P5784 2093 1 0 0 26 0 0 0 9 9 0 0 0 0 0 0 25 28 0 14 0 0 2 0 0 0 0 0 12 12 0 17 0 
P5784 2093 2 17 6 0 0 0 0 0 0 0 0 0 0 0 0 14 16 23 0 0 24 14 21 20 14 11 0 7 15 -999 -999 -999 
P5784 2093 3 0 0 28 60 28 19 13 0 18 28 0 26 0 0 16 0 13 13 15 23 14 10 0 0 0 0 16 16 0 0 12 
P5784 2093 4 0 0 13 0 0 10 0 0 0 20 0 14 0 11 0 0 14 16 10 0 18 29 30 20 24 0 0 24 30 26 -999 
P5784 2093 5 34 0 0 0 0 19 0 11 0 0 0 0 0 0 0 0 0 0 0 15 20 0 22 0 0 17 9 0 0 15 32 
P5784 2093 6 25 0 0 0 0 0 0 0 0 0 0 0 0 0 0 0 18 0 18 0 0 18 0 0 17 0 0 0 0 0 -999 
P5784 2093 7 0 26 0 0 0 0 0 22 0 0 0 25 0 0 0 0 0 0 0 0 21 0 0 0 0 0 0 0 0 0 0 
P5784 2093 8 0 0 0 0 0 0 0 0 0 0 0 0 31 0 0 0 0 0 20 21 15 10 0 24 0 0 0 0 0 0 0 
P5784 2093 9 0 0 0 0 0 0 21 0 0 7 11 0 0 0 21 16 0 0 0 27 18 0 0 15 11 0 0 0 0 0 -999 
P5784 2093 10 0 0 0 0 0 0 17 0 0 0 0 0 0 0 0 27 25 17 0 0 0 7 0 0 8 0 17 0 12 0 0 
P5784 2093 11 0 17 0 0 5 0 0 0 0 0 0 0 0 0 0 0 0 0 0 0 10 16 13 0 0 0 0 4 0 5 -999 
P5784 2093 12 0 0 0 0 0 0 0 0 5 0 0 0 0 0 3 0 0 0 0 0 0 0 0 0 0 0 0 0 0 0 0 
P5784 2094 1 0 0 10 8 0 0 0 0 0 0 0 0 0 0 0 0 0 13 0 0 24 26 34 33 41 30 0 25 0 5 10 
P5784 2094 2 16 0 17 18 16 7 0 2 3 0 0 0 0 0 0 0 0 0 0 0 0 8 0 0 0 0 0 0 -999 -999 -999 
P5784 2094 3 0 0 0 0 0 16 0 0 0 0 0 0 0 0 0 0 0 14 0 0 0 18 0 16 0 0 17 0 0 35 25 
P5784 2094 4 0 29 22 0 0 0 18 16 0 0 22 0 21 0 14 23 0 0 0 0 0 0 17 0 0 16 0 13 0 0 -999 
P5784 2094 5 20 0 0 16 0 0 0 0 0 0 0 0 0 0 0 0 0 16 13 0 0 0 0 18 0 0 0 0 0 0 0 
P5784 2094 6 0 0 0 0 0 0 0 0 0 18 0 0 23 0 0 0 0 16 0 0 11 0 0 0 0 18 0 18 0 0 -999 
P5784 2094 7 0 0 0 0 0 0 0 15 0 0 0 0 0 0 0 0 0 0 0 0 0 0 0 0 0 0 0 0 0 0 0 
P5784 2094 8 0 0 0 0 0 0 0 0 0 0 0 0 0 0 0 0 0 19 0 21 0 26 24 0 0 0 0 0 0 0 0 
P5784 2094 9 0 0 0 0 0 0 16 18 0 0 0 0 0 0 0 0 0 0 0 0 18 0 19 0 12 0 0 0 0 0 -999 
P5784 2094 10 0 0 13 14 0 0 0 0 0 0 0 0 0 0 11 0 0 16 14 0 32 28 0 46 31 20 22 0 15 0 0 
P5784 2094 11 0 0 0 0 4 0 0 0 0 0 0 0 0 17 8 7 0 0 0 11 0 7 0 0 0 18 0 0 28 0 -999 
P5784 2094 12 0 10 0 0 0 0 0 0 0 0 7 0 0 6 5 0 0 0 0 0 0 0 0 0 0 0 0 0 0 0 0 
P5784 2095 1 13 7 0 11 10 7 0 8 13 7 0 0 0 0 0 0 0 0 0 0 0 8 10 17 0 0 0 15 8 8 12 
P5784 2095 2 0 18 16 10 0 0 0 0 0 0 0 0 0 0 0 0 0 0 0 0 0 0 0 0 0 0 0 0 -999 -999 -999 
P5784 2095 3 0 0 0 0 7 0 0 0 0 0 0 0 0 0 9 0 0 0 0 0 0 0 0 0 0 27 38 27 22 17 20 
P5784 2095 4 0 30 31 0 19 0 0 5 0 0 0 0 0 0 25 20 0 0 14 0 0 33 35 20 17 0 9 0 0 0 -999 
P5784 2095 5 0 10 11 0 0 0 0 0 0 11 0 20 0 0 0 0 0 0 0 0 13 0 0 0 0 0 0 0 16 0 14 
P5784 2095 6 14 0 0 14 0 0 36 18 15 0 0 0 16 0 0 0 26 0 0 0 19 12 0 0 0 0 0 0 0 0 -999 
P5784 2095 7 0 21 0 17 0 0 0 0 0 0 0 0 0 0 0 0 0 0 0 0 0 0 0 0 0 0 0 0 0 0 0 
P5784 2095 8 0 0 0 0 0 0 0 0 0 0 0 0 12 0 0 0 0 0 0 0 0 0 16 0 27 0 0 0 0 0 0 
P5784 2095 9 0 0 12 0 0 0 0 0 0 0 0 0 0 0 13 18 0 0 0 0 0 0 0 0 24 0 28 18 0 0 -999 
P5784 2095 10 0 0 0 0 18 17 0 0 0 0 12 0 0 0 0 0 17 0 0 0 0 0 0 0 0 0 0 0 0 0 0 
P5784 2095 11 0 0 12 0 20 12 13 0 26 26 0 0 0 13 10 0 9 9 4 4 0 25 21 47 38 20 0 0 0 0 -999 
P5784 2095 12 0 0 0 0 0 0 0 0 18 22 0 0 0 21 37 52 0 0 5 12 22 0 0 0 0 33 22 0 0 0 4 
P5784 2096 1 14 7 0 6 10 0 0 0 0 11 12 0 10 34 37 0 17 5 0 0 0 0 0 0 2 0 0 2 0 13 13 
P5784 2096 2 7 0 0 29 17 11 8 0 0 9 5 5 0 0 17 44 0 0 0 0 0 0 0 0 0 0 0 0 -999 -999 -999 
P5784 2096 3 0 18 0 13 0 0 9 0 12 0 0 0 0 0 0 0 0 0 18 12 16 24 26 11 5 0 0 28 27 30 30 
P5784 2096 4 23 17 11 0 0 0 0 0 0 0 0 0 0 0 0 38 0 0 36 0 24 17 9 0 0 0 0 0 0 0 -999 
P5784 2096 5 0 0 0 0 0 17 0 19 17 0 0 0 12 0 0 0 0 0 0 11 0 0 0 23 0 26 21 22 0 23 16 
P5784 2096 6 0 0 0 24 0 0 19 0 0 13 0 0 0 0 0 0 0 0 14 0 0 0 0 0 0 20 0 0 0 0 -999 
P5784 2096 7 0 0 21 20 17 0 0 0 0 0 0 0 0 0 0 0 0 0 0 0 0 0 0 0 22 0 0 0 0 0 0 
P5784 2096 8 0 0 25 19 0 0 0 0 0 0 0 0 0 14 0 0 0 0 0 0 0 0 0 0 0 0 0 0 0 0 0 
P5784 2096 9 0 0 0 0 0 0 14 0 0 31 0 20 14 0 18 26 0 0 20 0 17 20 19 0 13 8 0 0 6 0 -999 
P5784 2096 10 0 0 0 0 0 0 0 0 0 0 0 0 0 8 0 0 0 0 29 0 0 0 0 0 3 3 0 0 0 0 0 
P5784 2096 11 0 0 0 0 0 0 0 0 0 0 0 0 0 0 11 15 0 4 0 0 0 0 0 0 7 0 0 0 0 0 -999 
P5784 2096 12 0 0 0 0 9 0 0 0 0 0 1 2 0 0 10 0 0 0 6 0 0 0 5 0 0 4 0 0 0 0 0 
P5784 2097 1 0 0 11 6 0 0 0 0 0 0 0 5 0 0 0 0 0 0 0 0 0 0 0 12 13 21 0 21 8 0 15 
P5784 2097 2 0 8 0 21 20 18 0 0 0 11 0 0 0 0 8 0 0 0 6 0 0 0 0 0 0 10 0 15 -999 -999 -999 
P5784 2097 3 0 15 30 41 17 12 25 0 0 0 0 0 0 0 0 0 0 0 0 0 0 0 0 29 25 22 0 12 15 26 0 
P5784 2097 4 0 0 0 0 0 0 0 0 33 21 34 27 18 0 0 12 12 0 25 21 15 11 0 0 40 0 0 0 0 0 -999 
P5784 2097 5 0 0 15 0 0 0 17 15 0 0 0 0 0 0 0 0 20 0 0 17 25 0 28 22 14 0 0 0 0 0 0 
P5784 2097 6 0 0 0 0 21 0 0 0 0 0 0 0 0 0 0 18 0 0 26 0 0 28 0 0 24 0 18 0 0 0 -999 
P5784 2097 7 0 0 0 0 0 0 0 0 0 0 0 0 0 0 0 0 0 0 0 0 0 0 0 0 0 0 0 0 0 0 22 
P5784 2097 8 28 0 22 0 0 0 0 0 0 0 0 0 0 0 0 0 0 0 0 0 0 0 0 0 23 0 0 0 0 0 0 
P5784 2097 9 0 0 0 0 0 0 17 14 0 0 0 15 10 0 21 0 0 16 0 0 0 0 0 0 0 0 0 0 0 0 -999 
P5784 2097 10 0 0 0 0 0 0 0 13 0 0 0 0 0 0 18 0 20 22 15 11 9 0 17 0 0 0 0 0 0 0 0 
P5784 2097 11 0 0 0 10 0 0 0 0 0 4 0 0 0 0 0 8 11 0 0 0 0 0 0 10 0 0 0 0 0 0 -999 
P5784 2097 12 10 0 0 0 0 0 0 0 0 0 0 0 0 0 0 0 0 0 0 4 0 0 0 0 0 0 0 17 0 0 0 
P5784 2098 1 0 8 0 10 0 0 0 0 0 0 0 0 10 15 0 0 0 4 0 0 0 0 0 0 6 0 7 28 15 0 0 
P5784 2098 2 0 0 0 8 0 0 0 0 0 14 18 0 11 0 10 7 0 0 12 0 14 0 0 0 0 0 9 0 -999 -999 -999 
P5784 2098 3 0 0 0 0 0 17 28 20 0 0 0 0 0 11 13 0 16 17 0 0 0 0 3 0 0 11 17 12 12 0 0 
P5784 2098 4 0 0 0 18 0 0 13 0 0 12 0 0 0 16 0 0 7 0 0 0 11 0 20 15 0 0 0 0 0 0 -999 
P5784 2098 5 7 16 0 0 38 38 0 15 0 0 38 33 0 0 0 0 18 0 0 13 0 18 19 0 0 21 0 0 0 0 11 
P5784 2098 6 0 0 0 16 0 0 0 0 18 20 0 0 0 20 17 8 0 15 0 24 0 0 0 0 0 0 24 0 0 0 -999 
P5784 2098 7 0 0 0 0 0 0 0 0 0 0 0 0 0 0 0 0 0 0 0 0 0 0 0 0 0 0 0 0 0 0 0 
P5784 2098 8 0 0 26 0 0 0 0 0 0 0 0 0 0 0 15 0 0 0 0 0 0 0 0 17 0 0 0 22 0 24 23 
P5784 2098 9 0 0 0 0 0 0 0 0 13 0 11 0 0 0 0 0 0 0 0 0 0 0 0 0 0 0 0 0 11 0 -999 
P5784 2098 10 0 0 0 0 0 0 0 0 11 0 0 0 0 0 0 0 23 18 0 0 0 11 0 0 0 9 0 0 0 8 0 
P5784 2098 11 0 5 0 10 0 0 0 0 15 15 0 10 0 19 0 0 0 0 0 11 0 0 6 0 8 0 0 0 0 0 -999 
P5784 2098 12 0 0 5 0 0 8 0 0 0 0 0 0 0 0 0 0 0 0 0 7 0 4 4 6 0 8 0 0 0 0 0 
P5784 2099 1 0 0 0 0 0 0 0 0 0 0 0 0 37 37 8 0 0 15 0 0 5 0 0 0 13 0 0 0 0 3 0 
P5784 2099 2 0 0 0 0 0 0 0 5 0 0 0 0 0 0 0 0 0 0 0 11 8 0 30 29 32 22 0 10 -999 -999 -999 
P5784 2099 3 24 22 17 21 12 16 0 0 0 0 0 0 10 24 26 24 18 0 30 29 37 0 0 26 40 31 20 18 13 0 27 
P5784 2099 4 0 28 0 17 0 11 0 10 7 0 0 0 0 10 0 0 0 0 0 13 22 24 0 21 20 0 27 23 14 22 -999 
P5784 2099 5 0 28 18 0 14 0 0 0 0 0 0 0 0 0 0 18 0 12 14 24 0 0 0 0 9 0 12 0 0 0 10 
P5784 2099 6 6 0 0 0 0 0 0 0 0 0 0 0 0 0 0 0 0 0 0 25 0 31 0 0 0 14 0 0 0 0 -999 
P5784 2099 7 25 0 0 15 0 0 0 0 0 0 0 0 0 0 0 0 0 0 0 0 0 0 0 0 0 0 0 0 20 0 0 
P5784 2099 8 0 20 22 19 20 0 0 0 0 0 0 0 0 0 0 0 0 0 0 0 0 0 0 0 0 11 0 0 0 9 0 
P5784 2099 9 0 0 0 0 0 0 0 0 0 21 0 0 0 0 0 22 0 0 10 0 0 0 24 17 0 8 0 0 0 0 -999 
P5784 2099 10 11 0 0 0 0 0 13 0 0 31 26 17 0 11 0 0 0 0 0 0 0 12 0 0 15 16 13 9 0 0 0 
P5784 2099 11 11 0 12 8 0 0 0 0 0 0 0 12 0 0 6 9 0 7 0 7 9 0 8 0 14 17 35 45 77 28 -999 
P5784 2099 12 7 0 6 0 10 25 33 15 11 20 0 13 0 0 0 0 0 0 0 0 0 0 0 11 18 21 25 0 13 17 0 
P5784 2100 1 0 0 0 0 0 0 0 8 0 0 0 15 0 14 4 8 0 6 0 0 0 0 0 6 6 0 0 0 0 0 0 
P5784 2100 2 0 0 9 0 0 0 0 0 0 0 0 0 0 0 0 0 11 0 26 35 30 27 0 0 0 0 0 0 -999 -999 -999 
P5784 2100 3 0 0 0 0 22 0 22 22 30 31 28 33 59 28 10 7 0 0 0 0 20 35 47 39 0 0 0 31 36 0 0 
P5784 2100 4 23 17 22 20 16 13 0 0 0 0 11 0 0 0 0 25 0 0 20 25 0 15 0 0 0 0 0 0 0 15 -999 
P5784 2100 5 11 0 0 0 0 18 0 0 21 0 17 0 15 0 0 13 0 0 17 25 18 0 0 21 14 0 12 0 0 0 0 
P5784 2100 6 0 0 0 0 0 12 0 0 0 0 0 0 24 0 0 0 15 0 0 16 0 0 0 20 19 0 0 0 0 0 -999 
P5784 2100 7 0 0 0 0 0 0 0 0 0 0 18 0 0 11 0 0 0 0 0 0 24 0 0 0 0 0 0 0 0 0 0 
P5784 2100 8 0 0 0 0 0 17 0 0 0 0 0 0 0 0 0 24 0 0 0 0 28 0 0 0 0 0 0 0 0 0 0 
P5784 2100 9 0 0 0 0 0 0 0 0 0 0 0 0 0 0 0 0 0 0 0 0 0 0 0 0 0 0 0 0 0 0 -999 
P5784 2100 10 17 0 0 21 17 0 28 25 17 0 0 21 12 12 0 0 0 14 0 0 14 0 36 19 10 0 3 0 7 0 0 
P5784 2100 11 8 0 0 19 14 24 16 0 11 0 6 0 16 18 19 16 14 21 14 11 12 33 19 15 14 15 0 0 3 0 -999 
P5784 2100 12 0 0 0 4 6 7 4 4 0 2 0 0 0 2 0 0 1 0 0 0 0 0 0 0 0 0 0 0 0 0 0 
