precip	MIROC5	RCP60	REGRESION	decimas	1
P146	36.546	-5.069	182	geo	2006	2100	-1
P146 2006 1 0 24 32 19 0 40 0 0 0 0 0 291 303 68 104 203 143 0 141 0 10 20 0 0 47 0 7 0 42 93 0 
P146 2006 2 0 173 0 0 0 0 0 0 0 0 0 43 91 0 105 17 0 0 0 48 14 19 19 15 0 0 0 18 -999 -999 -999 
P146 2006 3 0 100 172 175 185 202 146 186 0 141 297 88 0 42 0 128 274 273 114 48 88 52 47 0 0 0 0 0 73 54 111 
P146 2006 4 22 0 62 0 0 16 54 165 0 0 5 0 0 0 0 11 19 0 9 0 1 0 0 0 0 0 68 0 51 0 -999 
P146 2006 5 0 0 0 0 0 72 28 0 0 0 0 0 0 0 0 0 0 5 16 0 0 0 11 0 0 0 6 0 0 0 0 
P146 2006 6 0 0 0 0 0 0 0 0 0 0 0 0 0 0 0 0 0 0 0 17 0 0 0 0 0 0 18 0 0 0 -999 
P146 2006 7 0 0 0 0 0 0 7 0 0 0 0 0 0 0 0 0 0 0 0 0 0 0 0 0 0 0 0 0 0 0 0 
P146 2006 8 0 0 0 0 0 0 0 0 0 0 0 0 0 0 0 0 0 0 0 30 0 0 0 0 6 0 0 0 13 0 0 
P146 2006 9 8 20 28 0 0 0 0 0 0 0 0 0 0 0 0 0 0 0 5 0 0 0 0 0 0 3 7 6 0 3 -999 
P146 2006 10 3 0 0 0 0 0 0 0 0 0 59 0 0 0 0 0 0 0 0 18 30 11 0 0 26 14 0 0 0 7 0 
P146 2006 11 0 0 0 0 0 37 79 0 28 12 6 0 0 0 10 14 0 0 0 26 31 8 44 0 40 10 0 0 11 0 -999 
P146 2006 12 0 0 0 0 0 0 59 230 194 177 90 100 104 52 164 199 36 0 0 0 39 97 0 100 77 78 59 0 30 36 0 
P146 2007 1 31 0 0 0 0 0 0 0 0 0 14 6 14 0 0 8 0 0 0 0 36 19 0 0 0 0 19 0 9 26 25 
P146 2007 2 0 13 0 0 0 15 89 324 373 247 30 0 0 0 23 24 0 98 62 83 151 140 61 44 77 74 61 0 -999 -999 -999 
P146 2007 3 39 76 36 140 113 0 39 44 33 22 0 120 94 102 46 0 28 20 0 51 0 0 0 0 9 19 22 0 0 1 0 
P146 2007 4 0 0 2 0 7 16 2 0 0 0 0 0 0 0 0 0 35 0 0 0 54 0 0 0 0 0 0 0 0 0 -999 
P146 2007 5 0 0 0 0 86 0 0 14 0 0 0 0 13 0 22 0 0 0 0 0 0 0 0 0 0 0 0 0 0 0 0 
P146 2007 6 0 31 0 30 0 0 0 0 0 0 0 0 23 0 0 9 0 4 0 0 0 0 0 0 11 0 0 0 0 12 -999 
P146 2007 7 0 0 0 0 0 0 0 0 0 0 0 0 0 0 0 0 0 0 0 0 0 0 0 0 0 0 0 0 0 0 0 
P146 2007 8 0 0 0 0 0 0 0 0 0 0 0 0 0 0 0 0 0 0 0 0 15 4 0 0 0 14 30 0 21 0 0 
P146 2007 9 0 0 5 0 0 0 0 0 0 0 0 0 0 0 0 10 0 0 0 0 0 0 0 14 0 0 0 0 0 0 -999 
P146 2007 10 0 0 0 0 0 0 0 0 31 0 0 0 70 47 0 0 0 0 0 0 0 0 62 43 0 0 22 15 11 2 0 
P146 2007 11 0 0 0 0 0 0 0 18 0 0 28 41 15 0 0 0 10 0 0 0 0 0 0 0 0 0 63 68 61 0 -999 
P146 2007 12 18 0 31 0 43 0 0 41 0 0 0 0 0 0 9 0 121 114 42 0 45 53 0 0 18 13 0 0 4 24 14 
P146 2008 1 25 59 34 50 0 8 0 6 0 30 0 26 50 95 72 114 37 16 26 0 0 123 51 49 0 186 231 128 97 124 165 
P146 2008 2 322 0 164 0 51 0 66 133 0 0 210 26 28 0 0 0 0 96 68 237 0 27 0 0 46 34 23 0 -999 -999 -999 
P146 2008 3 0 0 0 0 0 0 0 0 0 0 0 0 0 22 0 0 0 0 0 0 0 0 0 0 0 0 0 0 0 0 0 
P146 2008 4 0 5 0 60 0 0 6 1 0 0 0 0 16 29 78 47 41 0 15 0 10 0 0 0 0 0 9 0 0 0 -999 
P146 2008 5 0 15 0 17 0 0 0 0 0 0 0 0 39 29 0 0 0 18 0 64 0 48 69 13 0 0 0 0 0 0 0 
P146 2008 6 0 0 18 0 25 31 20 0 0 0 0 0 9 35 0 9 0 0 0 0 0 0 0 0 0 0 0 0 0 0 -999 
P146 2008 7 0 0 0 0 0 0 0 0 0 0 0 0 0 0 0 0 0 0 0 0 0 0 0 0 0 0 0 0 0 0 0 
P146 2008 8 22 0 0 0 0 0 11 0 0 0 0 0 0 0 0 0 0 0 0 0 0 0 0 0 0 0 0 0 0 0 0 
P146 2008 9 0 0 0 0 0 0 0 0 0 0 0 0 0 0 0 0 9 0 0 0 0 0 0 0 0 0 0 0 0 0 -999 
P146 2008 10 0 0 0 0 0 0 0 0 0 0 33 31 0 30 0 0 0 0 0 0 0 0 0 0 0 33 31 19 19 0 0 
P146 2008 11 0 2 0 0 0 0 0 0 0 0 16 0 0 0 0 0 14 20 0 0 0 0 6 0 0 11 0 20 6 0 -999 
P146 2008 12 6 0 0 0 16 14 0 0 0 27 32 10 0 0 9 12 0 0 0 0 0 0 0 10 0 20 31 0 0 0 0 
P146 2009 1 0 11 0 0 0 0 0 17 0 0 4 21 16 0 0 0 0 8 10 0 0 9 0 0 0 0 0 0 19 0 0 
P146 2009 2 0 0 13 25 23 7 0 0 11 0 0 0 0 16 15 5 0 0 0 0 0 0 0 0 38 0 0 0 -999 -999 -999 
P146 2009 3 52 0 101 61 94 0 0 98 0 50 34 37 30 41 0 30 81 0 0 0 0 0 36 0 35 103 126 126 145 77 30 
P146 2009 4 69 0 29 36 0 97 0 15 8 0 0 34 26 40 0 0 0 0 0 0 25 34 0 0 0 4 0 0 62 0 -999 
P146 2009 5 23 0 0 31 32 39 23 26 41 0 37 0 8 0 3 3 0 8 0 0 0 0 0 0 0 7 0 0 0 0 0 
P146 2009 6 0 5 13 0 0 36 29 0 15 0 0 0 0 0 0 18 10 0 0 0 0 0 0 8 0 0 0 0 0 0 -999 
P146 2009 7 0 10 0 0 0 0 0 0 0 0 0 20 0 0 0 0 0 0 0 0 0 0 0 1 0 0 0 0 0 0 0 
P146 2009 8 0 0 0 0 0 0 0 0 0 0 0 0 0 0 0 0 0 0 0 0 0 0 19 0 0 0 0 13 0 0 0 
P146 2009 9 18 12 0 0 0 0 0 0 0 0 0 0 15 0 0 0 0 7 0 0 0 0 0 0 0 0 0 0 0 0 -999 
P146 2009 10 0 0 0 0 0 0 6 0 0 18 36 36 0 29 32 0 0 25 0 12 0 0 0 0 0 16 0 0 0 0 0 
P146 2009 11 0 0 0 0 0 0 0 0 0 0 7 5 5 9 0 0 23 0 0 0 0 41 57 47 0 0 11 6 0 0 -999 
P146 2009 12 0 0 0 13 0 0 108 15 0 70 55 11 24 19 0 0 0 0 26 24 19 0 11 0 30 55 118 96 0 0 0 
P146 2010 1 0 0 78 196 73 0 0 0 54 33 0 0 27 0 32 0 0 12 0 0 32 0 0 0 0 0 0 0 43 48 48 
P146 2010 2 48 0 29 34 40 22 0 0 7 0 0 0 0 0 6 0 0 4 0 0 0 0 0 0 0 0 0 0 -999 -999 -999 
P146 2010 3 0 0 0 0 0 35 0 122 189 109 34 51 0 12 26 18 30 61 96 27 0 6 0 0 0 0 0 0 0 0 0 
P146 2010 4 0 0 0 0 0 0 0 0 0 44 27 0 0 23 111 0 0 5 17 0 0 0 8 0 0 29 11 0 0 0 -999 
P146 2010 5 0 0 45 76 0 0 0 12 13 0 15 0 28 0 0 0 0 0 0 2 0 8 19 0 32 53 55 15 0 15 11 
P146 2010 6 0 0 28 0 0 11 0 0 0 0 0 0 0 0 0 0 0 0 0 0 0 0 0 0 0 0 0 0 0 0 -999 
P146 2010 7 0 0 0 0 0 0 0 0 0 0 0 0 0 0 0 0 0 0 0 0 0 0 0 0 0 0 0 0 5 5 0 
P146 2010 8 0 0 0 0 0 0 0 0 0 0 0 0 0 0 0 0 0 0 0 0 0 0 0 0 0 0 0 0 0 0 0 
P146 2010 9 0 19 0 10 0 0 0 0 0 0 0 0 14 14 0 8 0 20 0 0 0 0 0 0 0 14 0 0 0 0 -999 
P146 2010 10 0 0 0 0 0 0 0 0 0 0 51 0 0 42 0 0 0 6 0 0 0 0 0 0 0 0 0 4 0 0 0 
P146 2010 11 0 0 0 0 0 0 0 0 0 0 0 5 0 0 0 12 0 0 0 0 29 0 0 0 0 17 0 0 0 0 -999 
P146 2010 12 9 0 0 6 18 0 24 0 65 0 0 0 64 90 0 7 1 0 0 0 0 0 0 0 0 0 0 0 0 0 0 
P146 2011 1 0 0 5 11 0 10 0 0 20 0 0 21 0 0 0 0 0 0 0 0 0 0 36 0 0 0 0 0 0 0 0 
P146 2011 2 10 0 0 32 29 0 18 0 0 0 0 0 0 0 0 0 0 16 20 0 0 0 0 0 20 27 41 76 -999 -999 -999 
P146 2011 3 128 71 0 9 20 14 0 0 6 13 0 66 20 0 0 189 294 45 30 47 30 56 116 282 0 0 80 0 0 0 0 
P146 2011 4 0 0 25 0 0 0 0 30 0 39 0 0 0 0 0 0 0 150 76 0 52 0 0 0 0 0 0 0 3 4 -999 
P146 2011 5 0 16 0 0 14 0 0 0 0 0 0 0 0 11 0 0 0 0 0 0 0 0 0 0 0 0 0 0 12 0 0 
P146 2011 6 13 0 0 0 0 0 0 0 0 0 0 0 0 0 0 0 0 1 0 0 0 10 0 0 0 0 0 0 0 0 -999 
P146 2011 7 0 0 0 0 0 0 0 0 0 0 0 0 0 0 0 0 0 0 5 0 0 0 0 0 0 0 0 0 0 0 0 
P146 2011 8 0 0 0 0 0 0 0 0 0 0 0 0 4 0 0 0 0 0 0 0 0 0 0 5 0 0 0 0 0 0 0 
P146 2011 9 0 0 0 0 0 0 0 0 23 0 0 4 0 0 0 0 0 0 0 0 0 0 4 0 0 0 0 0 0 0 -999 
P146 2011 10 17 0 0 0 0 0 0 0 12 22 0 0 43 0 13 0 0 0 0 0 0 0 0 23 21 0 0 22 0 65 29 
P146 2011 11 7 0 0 16 71 0 120 0 0 0 23 20 0 15 16 0 0 58 49 0 0 101 0 50 0 0 0 0 0 17 -999 
P146 2011 12 21 28 40 0 0 13 0 20 31 0 0 0 7 8 24 66 47 62 0 80 89 40 0 18 0 0 0 0 12 0 0 
P146 2012 1 167 0 0 0 0 0 0 0 0 0 0 23 13 11 0 0 0 4 8 30 36 0 0 12 0 15 0 36 0 49 0 
P146 2012 2 39 0 0 34 0 33 20 8 0 0 0 0 0 0 0 0 0 0 54 77 62 41 26 20 26 2 0 0 -999 -999 -999 
P146 2012 3 0 113 90 59 44 48 0 0 0 0 0 0 0 0 0 0 0 0 0 70 39 0 21 0 0 0 0 0 0 0 0 
P146 2012 4 0 0 0 0 0 0 0 16 3 0 6 14 0 110 84 78 0 0 14 0 20 0 0 59 71 0 169 90 77 48 -999 
P146 2012 5 0 0 0 0 0 0 0 0 0 26 28 0 0 36 0 23 0 23 0 0 0 20 0 0 0 21 15 0 0 0 0 
P146 2012 6 0 1 0 0 0 0 0 0 0 0 0 0 22 0 41 0 0 0 0 0 10 0 0 2 0 0 0 0 0 0 -999 
P146 2012 7 0 0 0 0 0 0 0 0 0 0 0 21 0 0 0 0 8 0 0 0 0 13 0 0 0 0 0 0 0 0 0 
P146 2012 8 13 0 0 0 0 0 0 0 0 0 0 0 0 0 0 0 0 0 0 0 0 0 0 0 0 0 0 0 0 0 0 
P146 2012 9 0 0 0 0 0 0 0 0 0 0 0 0 0 0 0 0 0 0 0 0 0 0 0 0 0 31 0 27 40 0 -999 
P146 2012 10 6 0 0 0 0 0 0 0 0 51 0 0 0 0 0 27 0 0 33 0 0 42 53 19 0 0 0 0 0 24 0 
P146 2012 11 24 0 49 5 0 0 0 0 2 0 29 0 0 0 0 0 0 72 117 36 0 0 0 23 0 0 0 46 87 0 -999 
P146 2012 12 0 0 0 30 61 128 0 103 0 0 27 24 61 180 0 55 45 23 21 0 0 27 0 17 0 0 0 0 0 16 49 
P146 2013 1 27 33 78 65 0 0 0 7 0 0 0 0 0 0 0 0 0 0 0 13 1 0 0 0 0 2 7 0 0 26 11 
P146 2013 2 0 0 0 0 0 0 0 0 0 0 0 25 65 74 40 0 0 129 118 103 62 70 75 96 0 0 0 18 -999 -999 -999 
P146 2013 3 0 0 47 0 22 0 0 71 75 153 211 249 152 0 0 0 0 49 48 34 47 90 92 35 28 0 0 0 102 64 127 
P146 2013 4 99 13 22 45 0 0 0 6 0 0 0 0 16 0 0 0 0 0 12 0 38 14 0 49 70 0 2 0 0 0 -999 
P146 2013 5 0 0 0 0 0 0 0 0 0 50 48 19 0 16 0 0 0 22 0 0 0 0 0 0 0 0 0 0 0 0 0 
P146 2013 6 0 0 24 21 0 0 0 0 0 53 0 0 21 0 0 0 0 0 0 10 10 0 0 0 0 0 15 0 0 25 -999 
P146 2013 7 0 0 0 0 0 15 0 0 0 0 0 0 0 0 0 0 0 0 0 0 0 0 0 4 0 0 0 9 0 0 0 
P146 2013 8 0 0 0 0 0 0 0 0 0 0 0 0 0 6 8 0 0 0 0 0 0 0 0 0 0 0 0 0 0 0 0 
P146 2013 9 0 0 0 8 0 0 6 0 0 0 0 0 11 0 0 0 0 0 0 0 0 0 0 4 0 0 0 0 0 0 -999 
P146 2013 10 0 2 0 0 1 0 0 0 0 0 62 31 0 0 10 18 0 39 0 0 19 0 0 0 5 0 0 0 0 0 0 
P146 2013 11 0 0 0 0 0 0 0 0 20 0 0 18 0 0 0 0 28 319 377 85 147 175 324 126 0 0 0 0 0 8 -999 
P146 2013 12 13 41 19 0 0 0 0 0 0 18 0 0 27 0 25 10 11 0 0 0 0 12 0 52 0 45 65 0 127 34 38 
P146 2014 1 37 0 0 23 0 38 0 0 0 0 0 0 0 0 0 0 0 0 0 0 0 0 0 0 34 53 129 159 335 227 112 
P146 2014 2 30 0 0 0 52 94 0 132 0 59 0 0 0 0 0 0 0 0 0 0 19 0 22 14 8 0 34 99 -999 -999 -999 
P146 2014 3 73 0 11 0 0 0 0 0 0 0 0 0 66 88 127 106 104 156 153 75 0 0 0 0 0 0 17 0 0 0 44 
P146 2014 4 48 63 0 0 0 41 23 23 37 55 40 58 56 58 97 0 57 0 31 0 0 23 0 37 0 18 0 0 20 0 -999 
P146 2014 5 0 0 0 0 0 0 0 0 0 0 0 0 0 0 0 0 0 0 0 57 56 61 51 45 20 31 0 18 30 0 35 
P146 2014 6 15 23 0 52 58 34 42 21 0 0 2 0 0 0 0 0 0 2 0 0 0 0 0 0 0 0 0 0 0 0 -999 
P146 2014 7 0 0 0 22 0 30 0 0 0 0 0 0 0 0 0 0 0 0 0 0 0 0 0 0 0 0 0 0 0 0 0 
P146 2014 8 0 0 0 0 0 0 0 0 0 0 0 0 0 0 0 0 0 0 0 0 0 0 0 0 0 0 0 0 0 0 0 
P146 2014 9 0 0 0 0 0 0 0 0 0 0 0 0 0 0 0 37 55 32 18 0 11 0 0 0 0 0 0 0 0 0 -999 
P146 2014 10 0 0 30 19 15 12 12 0 0 0 11 22 19 0 0 0 0 26 0 48 16 0 0 0 59 53 0 0 25 0 0 
P146 2014 11 0 0 0 0 0 0 0 0 0 0 0 0 0 0 14 0 0 58 0 57 128 189 63 74 0 0 0 0 0 0 -999 
P146 2014 12 0 2 3 0 9 0 0 21 22 0 0 0 0 0 0 0 0 0 0 0 0 0 0 17 0 6 5 10 0 15 41 
P146 2015 1 0 0 22 113 114 31 59 100 28 31 0 0 0 0 0 0 5 0 0 0 0 0 0 0 0 0 20 64 65 0 0 
P146 2015 2 24 11 0 0 0 0 0 0 0 0 0 0 0 0 2 0 0 0 0 0 0 0 0 0 105 0 103 42 -999 -999 -999 
P146 2015 3 34 47 69 70 0 0 0 41 44 0 0 12 44 55 0 8 0 0 0 27 0 0 52 24 0 0 0 0 0 0 0 
P146 2015 4 0 16 20 0 0 0 0 0 0 0 0 12 0 0 0 0 0 8 0 11 0 0 7 7 24 0 27 0 134 114 -999 
P146 2015 5 124 0 0 15 0 0 0 0 0 0 0 4 0 0 0 0 0 0 0 0 0 0 0 0 0 0 0 91 77 27 0 
P146 2015 6 13 0 0 0 0 0 33 13 0 0 0 0 0 0 0 0 3 0 0 0 0 0 0 0 0 0 0 0 0 0 -999 
P146 2015 7 0 7 0 15 6 0 0 0 0 0 0 0 0 0 0 0 0 0 0 0 0 0 0 0 0 0 0 0 0 2 0 
P146 2015 8 0 0 0 0 0 0 0 0 0 0 0 0 10 0 0 0 0 0 0 0 0 0 0 0 0 0 0 0 0 0 0 
P146 2015 9 0 0 0 20 0 0 0 0 6 0 0 0 0 0 0 14 12 0 0 0 0 0 0 23 39 0 55 71 61 0 -999 
P146 2015 10 0 0 0 0 0 32 0 56 25 7 11 0 0 0 0 19 0 11 0 25 0 11 0 0 0 19 0 0 0 0 0 
P146 2015 11 0 0 0 0 0 0 24 13 0 0 0 0 36 136 145 0 0 0 50 0 0 44 0 0 0 0 0 0 0 33 -999 
P146 2015 12 0 103 57 62 84 38 296 286 99 0 37 111 126 0 0 0 0 0 0 0 1 0 0 0 0 0 0 0 5 5 0 
P146 2016 1 0 17 0 0 0 38 75 35 0 36 91 141 0 131 0 0 0 33 0 0 0 0 0 32 52 51 76 51 0 32 19 
P146 2016 2 30 20 17 22 11 15 9 9 30 41 48 57 42 47 0 0 0 23 0 21 0 0 0 0 0 32 0 0 -999 -999 -999 
P146 2016 3 0 0 73 0 50 0 58 0 308 179 286 301 142 0 95 0 49 82 33 0 0 95 0 0 80 67 110 163 72 37 67 
P146 2016 4 0 0 0 0 0 0 0 0 0 112 194 142 68 45 0 0 46 24 0 0 0 7 0 0 0 0 37 69 84 33 -999 
P146 2016 5 0 0 0 27 0 0 0 5 0 25 0 0 16 0 37 23 0 10 0 0 6 8 10 17 6 0 16 0 0 0 0 
P146 2016 6 20 0 0 0 0 0 0 0 0 0 0 0 0 0 0 0 0 10 0 12 0 0 0 15 10 0 0 0 0 0 -999 
P146 2016 7 0 0 0 0 0 0 0 0 0 0 0 0 0 0 0 0 6 0 0 10 0 0 0 0 0 0 0 0 0 0 0 
P146 2016 8 0 0 0 0 0 0 0 0 0 5 0 0 0 0 0 0 0 0 0 0 0 0 0 0 0 0 0 0 26 15 0 
P146 2016 9 0 23 0 0 0 0 0 7 0 7 0 0 0 0 0 0 0 27 20 0 0 0 7 0 0 0 0 0 0 0 -999 
P146 2016 10 0 0 0 4 0 0 0 15 0 0 0 0 0 0 32 91 149 0 110 107 125 138 26 0 0 0 20 0 0 21 0 
P146 2016 11 0 32 18 16 0 11 0 105 33 26 0 0 8 0 110 0 0 98 209 109 67 29 0 0 0 0 44 37 0 0 -999 
P146 2016 12 5 0 0 0 0 0 0 0 0 0 38 105 0 55 0 0 0 0 63 45 42 105 55 48 0 0 53 94 0 53 83 
P146 2017 1 68 0 25 0 0 0 0 0 0 0 21 24 77 229 180 12 0 0 6 2 6 0 0 0 0 0 0 0 0 2 0 
P146 2017 2 0 0 0 0 0 0 0 0 19 6 0 0 0 0 0 6 0 4 0 3 0 0 0 0 0 0 0 0 -999 -999 -999 
P146 2017 3 0 12 0 0 0 0 0 47 103 62 63 0 0 54 0 3 0 0 0 0 0 0 0 69 126 152 132 122 63 0 16 
P146 2017 4 23 29 14 0 20 0 0 28 0 0 0 39 25 0 12 0 0 0 12 0 7 0 0 0 30 38 0 45 68 31 -999 
P146 2017 5 0 0 0 0 0 0 0 0 0 0 0 0 0 4 9 0 11 0 0 0 0 0 0 0 9 0 0 0 0 0 0 
P146 2017 6 0 0 0 0 0 0 0 0 0 0 0 0 0 0 0 3 0 0 0 0 0 0 0 0 0 0 0 0 0 0 -999 
P146 2017 7 0 0 0 0 0 0 0 0 0 0 0 0 0 14 0 0 0 0 0 0 0 0 0 0 0 0 0 0 0 0 0 
P146 2017 8 0 0 0 5 0 0 0 0 0 0 0 0 0 0 0 0 0 0 0 0 0 0 0 0 0 0 0 0 4 0 0 
P146 2017 9 0 0 0 0 0 0 0 0 7 0 0 0 0 0 0 0 0 0 5 0 3 0 0 0 32 0 0 0 0 0 -999 
P146 2017 10 0 5 0 0 0 0 0 0 0 0 0 0 0 0 0 61 0 0 0 0 20 0 25 16 0 0 91 149 264 113 0 
P146 2017 11 0 0 56 63 0 17 0 52 31 0 0 0 333 340 0 25 0 31 29 43 87 78 10 0 0 9 0 0 0 0 -999 
P146 2017 12 0 37 0 24 0 0 0 131 252 89 250 58 90 0 0 25 22 19 35 0 47 0 36 50 44 53 55 80 99 103 132 
P146 2018 1 105 0 0 0 0 0 0 0 43 20 0 0 0 1 0 0 61 0 0 29 0 14 0 0 12 39 57 32 24 0 0 
P146 2018 2 0 0 0 17 22 0 0 0 11 9 0 0 0 0 0 0 9 0 17 35 0 9 0 0 0 7 0 3 -999 -999 -999 
P146 2018 3 0 0 0 24 0 43 28 37 0 64 110 132 168 60 0 15 55 62 52 0 11 0 22 0 45 0 50 0 0 0 17 
P146 2018 4 0 0 0 0 0 0 0 0 0 0 0 0 0 0 0 0 0 10 0 8 0 0 0 0 96 148 99 0 36 36 -999 
P146 2018 5 41 8 0 0 19 0 0 0 36 0 0 31 46 0 0 46 47 0 42 0 48 30 0 0 19 37 0 30 0 0 6 
P146 2018 6 9 0 0 0 0 0 0 0 0 0 0 0 0 0 0 0 0 0 0 0 0 0 0 0 0 0 0 0 0 0 -999 
P146 2018 7 0 0 0 0 0 0 0 14 0 0 0 0 0 0 6 0 0 0 0 0 0 0 0 0 0 0 0 0 0 0 3 
P146 2018 8 0 0 0 0 0 0 0 0 0 0 0 0 0 0 0 0 0 0 0 0 0 0 0 0 0 0 0 0 0 0 0 
P146 2018 9 0 0 0 0 0 0 0 0 0 0 0 0 0 0 9 0 16 0 0 0 0 0 12 0 0 0 0 4 4 0 -999 
P146 2018 10 0 16 0 10 8 0 0 0 0 57 0 0 0 0 20 0 0 0 0 0 0 14 16 14 0 0 11 0 0 0 52 
P146 2018 11 0 0 0 13 12 19 0 167 154 115 42 9 0 0 5 0 0 0 0 0 0 0 0 0 0 0 11 3 10 20 -999 
P146 2018 12 19 29 0 29 0 47 118 10 0 0 73 175 194 97 75 50 25 29 0 0 0 0 0 0 46 30 38 74 0 199 95 
P146 2019 1 120 160 224 186 152 0 258 24 0 0 34 0 0 39 0 0 146 69 173 179 312 319 52 27 43 104 149 0 41 0 173 
P146 2019 2 107 93 0 0 0 0 34 37 0 0 0 114 198 190 28 0 0 243 223 46 14 0 0 0 15 0 0 0 -999 -999 -999 
P146 2019 3 0 0 0 0 0 21 23 0 19 11 0 0 0 0 0 0 6 0 0 0 0 0 0 0 0 0 37 102 0 0 0 
P146 2019 4 0 10 0 0 47 56 40 58 59 31 102 0 0 81 51 72 94 28 0 0 0 25 0 0 0 0 54 0 0 51 -999 
P146 2019 5 0 0 0 0 27 0 16 0 0 0 0 0 0 0 0 0 0 0 0 8 6 0 0 0 0 0 0 0 0 0 0 
P146 2019 6 0 0 0 0 13 0 20 0 22 0 0 14 0 19 0 0 0 0 5 0 0 0 0 0 0 0 0 0 0 0 -999 
P146 2019 7 0 0 0 12 0 0 0 0 0 0 0 0 0 0 0 0 0 0 0 0 4 0 0 0 0 0 0 0 0 0 0 
P146 2019 8 0 0 0 0 0 0 0 0 0 0 0 0 0 0 0 0 0 0 0 0 8 0 0 0 0 0 0 0 0 0 0 
P146 2019 9 11 0 20 0 0 0 0 0 0 2 0 0 0 0 8 0 0 0 0 26 0 0 38 0 0 0 0 22 0 0 -999 
P146 2019 10 0 0 0 0 15 0 0 0 0 0 0 60 0 0 2 0 0 0 0 0 0 0 0 8 0 0 6 0 0 12 0 
P146 2019 11 0 0 0 0 10 0 0 20 0 1 0 0 0 0 0 0 0 0 42 140 435 423 204 149 220 262 130 0 91 159 -999 
P146 2019 12 145 93 0 0 0 27 4 0 0 0 0 0 0 0 0 0 0 0 0 0 0 0 0 0 0 0 0 0 0 0 0 
P146 2020 1 0 14 0 0 0 0 3 0 0 0 0 0 0 0 0 0 0 10 0 0 0 0 0 40 50 99 0 145 62 98 70 
P146 2020 2 74 68 83 94 41 30 32 0 0 0 0 16 0 0 17 0 0 0 0 10 0 0 0 0 0 0 0 0 -999 -999 -999 
P146 2020 3 0 14 0 0 36 0 0 4 0 0 0 45 0 9 6 0 0 0 0 0 16 0 0 0 0 40 34 0 55 35 34 
P146 2020 4 79 42 32 0 12 10 5 8 0 0 22 44 0 0 69 0 135 84 53 61 88 33 0 14 0 0 10 0 0 0 -999 
P146 2020 5 0 0 0 0 0 0 10 0 0 0 44 0 51 24 0 28 0 0 0 0 0 0 0 0 0 12 0 0 0 0 0 
P146 2020 6 0 0 0 0 6 0 0 0 0 6 0 0 0 10 0 0 0 0 0 0 0 0 0 0 12 11 0 0 0 0 -999 
P146 2020 7 0 8 0 0 0 0 0 0 0 0 0 0 0 0 0 0 0 0 0 0 0 0 0 0 1 0 0 0 0 0 0 
P146 2020 8 0 0 0 0 0 0 0 0 0 0 0 4 0 0 0 0 0 0 0 0 0 0 0 45 0 20 0 0 0 0 0 
P146 2020 9 12 0 8 7 0 0 0 4 0 0 0 0 0 0 9 0 0 0 0 0 0 0 26 0 0 0 0 0 0 16 -999 
P146 2020 10 28 0 0 0 0 0 66 62 89 0 37 0 8 23 99 34 0 70 0 0 0 0 0 0 0 52 57 63 20 0 50 
P146 2020 11 148 159 233 159 0 0 0 0 0 0 0 8 14 29 37 0 16 0 86 252 75 124 79 55 190 63 120 142 0 60 -999 
P146 2020 12 95 38 60 12 0 5 0 0 0 0 6 0 0 0 0 0 0 0 41 0 51 171 219 0 129 140 201 0 106 56 95 
P146 2021 1 91 134 69 55 138 0 62 123 69 11 0 4 0 0 0 0 0 41 0 0 0 0 29 0 29 30 42 0 70 0 0 
P146 2021 2 0 0 0 0 123 0 0 0 18 0 42 0 8 0 0 9 0 0 0 0 0 0 0 3 0 0 0 0 -999 -999 -999 
P146 2021 3 17 0 19 0 0 33 60 28 39 82 40 0 0 0 5 0 22 0 0 0 0 0 0 9 0 0 16 0 0 0 0 
P146 2021 4 0 0 33 0 8 0 0 0 0 0 0 0 0 82 83 0 16 0 0 17 25 0 57 0 0 0 0 0 0 54 -999 
P146 2021 5 69 0 87 0 0 0 0 1 0 0 0 0 0 14 0 0 0 0 0 0 20 6 9 27 0 0 24 0 17 19 0 
P146 2021 6 0 0 53 0 0 0 0 0 13 20 0 0 0 0 0 0 16 0 0 0 0 0 0 0 0 0 0 0 0 0 -999 
P146 2021 7 9 0 0 0 0 0 0 0 0 0 0 0 0 0 0 0 0 0 0 0 11 8 0 0 0 0 0 0 3 0 0 
P146 2021 8 0 0 0 0 0 0 0 0 8 0 0 0 0 0 0 0 0 0 0 0 0 0 0 0 0 14 0 14 7 0 0 
P146 2021 9 0 5 0 0 0 0 0 0 0 11 0 1 0 0 0 0 0 0 22 0 0 0 0 67 0 37 0 17 0 0 -999 
P146 2021 10 0 0 0 0 0 0 0 0 0 0 0 14 0 0 0 0 0 0 0 0 0 114 0 107 27 0 14 0 0 0 0 
P146 2021 11 0 17 0 95 130 76 0 0 0 0 0 0 15 0 0 60 0 0 0 10 0 0 0 0 0 59 57 98 143 0 -999 
P146 2021 12 0 102 51 51 0 0 0 0 10 0 0 0 0 0 0 0 0 137 0 0 37 39 17 0 18 0 0 26 79 46 0 
P146 2022 1 0 31 0 0 34 0 43 72 63 0 96 41 42 0 88 67 41 0 0 0 0 59 168 84 0 20 70 69 0 54 55 
P146 2022 2 178 35 0 80 93 71 210 228 57 132 281 179 249 95 157 127 102 161 30 77 155 45 176 24 104 178 137 5 -999 -999 -999 
P146 2022 3 0 0 0 89 206 181 0 114 82 79 0 83 140 0 0 9 7 0 0 0 0 0 0 0 0 4 0 0 48 0 9 
P146 2022 4 0 0 0 11 0 0 0 23 19 0 36 0 0 29 0 30 0 0 0 0 0 0 0 0 0 0 0 0 12 0 -999 
P146 2022 5 0 0 0 0 0 0 0 0 0 0 46 58 0 118 62 43 24 0 27 0 0 21 16 25 0 46 0 0 0 21 0 
P146 2022 6 0 0 0 0 11 23 0 0 0 0 0 0 0 11 7 10 0 0 10 0 0 0 0 0 0 0 0 0 0 0 -999 
P146 2022 7 0 0 0 0 0 0 0 0 0 0 0 0 0 0 0 0 0 0 0 0 0 0 9 0 0 0 0 0 16 0 0 
P146 2022 8 3 9 0 0 0 0 0 0 0 0 0 0 0 0 0 0 0 0 0 0 0 0 0 0 0 0 0 0 0 0 0 
P146 2022 9 0 0 0 0 0 0 0 0 0 0 0 0 0 0 0 0 0 0 0 0 0 0 8 0 0 0 0 0 0 14 -999 
P146 2022 10 0 0 0 0 0 0 0 24 30 63 79 26 0 37 0 0 0 0 0 0 0 0 0 0 0 2 0 13 40 0 25 
P146 2022 11 0 0 26 0 0 3 0 0 0 0 23 0 0 0 0 6 0 0 28 0 0 0 0 0 0 0 0 0 0 0 -999 
P146 2022 12 30 100 196 279 95 101 0 0 137 57 0 6 0 0 0 0 7 0 15 66 99 108 135 112 0 27 53 109 0 7 4 
P146 2023 1 0 14 0 11 0 0 0 0 0 0 0 0 7 11 10 0 0 0 0 0 0 7 3 3 4 0 0 0 0 5 0 
P146 2023 2 0 26 0 0 0 0 0 0 13 0 0 0 11 0 0 27 26 25 29 0 26 0 54 27 13 24 101 26 -999 -999 -999 
P146 2023 3 0 50 0 0 3 0 0 0 17 0 43 0 0 0 3 0 0 0 0 0 0 0 0 0 20 0 19 0 0 0 0 
P146 2023 4 0 16 0 81 0 47 42 0 0 0 6 0 126 235 68 0 0 0 0 0 0 0 0 51 157 75 81 97 0 0 -999 
P146 2023 5 0 0 17 0 0 0 0 0 0 0 0 0 28 13 0 0 0 0 0 33 0 0 9 0 0 0 0 0 0 0 0 
P146 2023 6 0 0 0 12 20 0 0 0 0 0 0 7 0 0 0 0 0 0 0 1 0 0 0 0 0 0 0 0 4 0 -999 
P146 2023 7 0 0 0 1 0 0 0 0 0 0 0 0 0 0 0 0 0 0 0 0 0 0 0 0 0 0 0 0 0 0 0 
P146 2023 8 0 0 0 0 0 0 0 0 0 0 0 0 0 0 0 0 0 0 0 0 0 0 7 0 0 0 0 0 15 0 0 
P146 2023 9 0 0 21 0 0 0 0 0 0 0 0 0 0 0 0 18 0 15 10 0 13 0 0 0 0 20 0 0 0 0 -999 
P146 2023 10 1 4 14 0 12 0 0 0 0 27 0 0 0 46 70 23 0 0 0 0 0 0 14 10 23 40 0 0 0 22 103 
P146 2023 11 153 72 0 0 0 0 26 0 33 70 32 28 19 0 0 0 0 0 0 0 1 0 0 0 29 0 0 0 0 0 -999 
P146 2023 12 0 0 0 0 0 0 0 0 0 0 0 2 0 0 0 10 0 18 0 0 0 4 0 0 0 0 12 0 0 0 0 
P146 2024 1 0 19 0 0 0 77 142 150 113 30 0 30 44 79 75 56 62 70 0 0 0 25 27 0 0 0 17 0 24 0 108 
P146 2024 2 267 231 295 0 0 0 0 0 0 3 0 0 0 0 0 0 0 0 0 0 0 56 107 217 90 65 0 0 -999 -999 -999 
P146 2024 3 0 108 0 69 0 59 0 0 0 0 0 0 0 0 0 16 0 0 0 0 19 18 0 76 158 354 234 0 0 0 18 
P146 2024 4 47 0 88 37 13 0 0 0 0 0 0 0 6 8 0 0 0 11 18 0 0 0 27 21 0 0 25 0 0 3 -999 
P146 2024 5 0 0 0 0 0 0 0 0 0 0 0 0 0 0 0 0 0 0 0 0 0 0 0 0 0 0 0 0 13 0 0 
P146 2024 6 0 0 0 0 0 0 0 0 0 0 0 0 0 0 0 0 0 0 0 0 0 0 0 14 0 13 0 0 0 0 -999 
P146 2024 7 0 0 0 0 0 0 0 0 0 0 0 0 0 0 0 0 0 0 0 0 0 0 0 0 0 13 0 0 0 0 5 
P146 2024 8 0 0 0 0 0 0 0 0 0 0 0 0 0 0 0 0 0 0 0 0 0 0 0 0 0 0 0 0 0 0 0 
P146 2024 9 0 0 0 0 0 0 0 0 0 0 0 14 0 0 0 0 0 0 0 0 0 0 0 0 0 0 0 8 0 0 -999 
P146 2024 10 0 0 0 0 20 0 0 0 0 0 14 17 0 0 100 103 40 0 30 13 0 39 26 0 0 0 2 0 0 0 0 
P146 2024 11 0 35 22 23 28 0 0 9 6 0 0 0 59 59 0 0 37 0 0 32 0 68 63 19 0 0 0 0 0 0 -999 
P146 2024 12 0 0 8 0 0 0 0 0 0 0 0 0 0 34 0 20 18 12 9 0 0 0 0 0 0 0 20 0 0 0 0 
P146 2025 1 0 0 0 0 0 0 0 0 0 0 0 53 29 0 0 0 26 26 0 0 45 0 72 83 89 0 0 0 0 0 0 
P146 2025 2 0 32 0 0 0 0 62 76 0 42 0 63 0 0 71 48 67 0 27 56 36 69 0 0 0 0 0 0 -999 -999 -999 
P146 2025 3 0 53 0 47 0 138 338 23 0 0 0 0 0 15 0 0 0 51 84 80 123 171 88 341 0 24 67 5 0 0 0 
P146 2025 4 0 0 13 0 0 0 0 0 0 0 0 0 0 0 0 0 0 6 0 30 0 14 13 0 0 0 0 0 0 62 -999 
P146 2025 5 36 31 44 46 50 0 0 38 33 0 37 0 26 0 0 0 29 0 0 0 0 0 0 0 42 29 17 18 0 0 0 
P146 2025 6 0 0 0 0 53 0 18 0 0 7 0 0 8 0 0 0 0 2 0 0 0 0 0 0 0 0 0 0 0 20 -999 
P146 2025 7 0 0 0 0 0 1 0 0 0 0 0 0 0 0 0 0 0 0 0 0 0 0 0 5 0 0 0 0 0 0 0 
P146 2025 8 0 0 0 0 0 0 0 0 0 0 0 0 0 0 0 0 0 0 0 0 0 0 0 0 0 0 0 0 0 0 0 
P146 2025 9 0 0 0 0 10 0 0 0 0 0 0 0 0 0 5 0 0 0 0 0 0 0 0 0 7 0 0 0 0 0 -999 
P146 2025 10 18 0 0 0 0 0 0 0 0 0 0 0 0 0 0 0 6 0 0 0 0 0 0 0 44 69 96 212 73 0 0 
P146 2025 11 12 0 0 0 0 0 0 0 0 0 3 0 0 0 0 0 11 0 34 0 0 0 0 0 0 0 0 0 3 0 -999 
P146 2025 12 0 115 121 35 25 33 0 0 0 0 0 0 0 9 0 0 31 31 0 0 0 0 19 43 83 0 28 17 0 38 50 
P146 2026 1 0 0 27 0 0 0 1 0 0 0 0 182 182 0 0 125 204 112 24 0 0 0 0 18 11 0 40 0 14 0 0 
P146 2026 2 0 0 0 27 0 0 0 1 1 0 0 0 3 0 10 0 0 56 139 328 62 57 26 22 6 0 0 5 -999 -999 -999 
P146 2026 3 0 10 2 0 5 0 0 0 0 0 0 0 0 0 0 0 0 57 35 55 97 168 212 65 0 5 3 0 4 2 0 
P146 2026 4 0 5 0 8 0 0 0 64 69 112 216 0 108 79 0 0 0 11 0 0 0 0 0 0 0 0 90 60 0 117 -999 
P146 2026 5 0 22 0 0 0 0 0 0 0 0 0 0 0 0 0 0 21 23 21 0 0 0 0 0 0 54 42 0 0 0 0 
P146 2026 6 0 0 4 0 2 0 0 0 0 0 0 0 0 0 0 0 0 0 3 3 0 0 0 0 0 0 0 0 0 0 -999 
P146 2026 7 0 0 0 0 0 0 0 0 0 0 0 0 0 0 0 0 0 0 0 0 0 0 0 0 0 0 0 0 0 0 0 
P146 2026 8 0 0 0 0 0 0 0 0 0 0 0 0 0 0 0 0 0 0 0 0 0 0 0 0 0 0 0 0 0 0 10 
P146 2026 9 0 0 0 0 0 0 0 11 6 4 0 0 0 31 0 5 0 0 24 0 0 32 0 0 0 17 9 14 0 0 -999 
P146 2026 10 12 0 0 0 0 0 46 21 0 0 30 47 0 30 0 46 18 0 18 0 0 0 63 19 31 19 0 0 0 63 131 
P146 2026 11 27 0 17 0 0 0 15 0 38 90 102 11 0 0 0 0 25 17 0 24 0 0 0 0 0 0 0 16 0 0 -999 
P146 2026 12 18 0 0 0 0 42 26 33 137 145 0 0 0 0 0 0 101 132 61 76 0 0 0 0 0 0 0 0 0 19 12 
P146 2027 1 0 26 0 90 0 56 0 69 41 42 13 13 2 0 0 0 0 0 68 105 41 18 0 14 0 0 0 18 0 0 0 
P146 2027 2 0 0 0 0 18 17 12 0 15 0 32 0 89 228 106 381 0 123 0 0 29 76 115 32 71 54 0 68 -999 -999 -999 
P146 2027 3 133 0 0 69 72 0 57 0 0 0 0 0 0 32 20 0 43 28 60 36 0 0 0 0 24 54 0 140 0 0 0 
P146 2027 4 0 67 53 154 0 0 45 0 0 0 0 0 33 57 56 102 98 106 0 52 148 0 36 30 0 0 14 0 13 19 -999 
P146 2027 5 0 0 0 58 37 0 12 0 0 0 0 0 0 0 0 0 0 22 26 29 0 0 22 21 42 0 19 0 0 0 0 
P146 2027 6 0 0 29 22 13 0 0 0 0 0 0 0 10 0 0 0 0 0 0 0 0 0 0 0 0 7 0 0 0 0 -999 
P146 2027 7 0 0 0 0 0 0 0 0 0 0 0 0 0 0 0 0 0 0 0 0 0 0 0 0 0 0 0 0 1 0 0 
P146 2027 8 0 0 0 0 0 0 0 0 0 0 0 0 0 0 0 0 0 0 0 0 0 0 0 0 0 0 0 0 0 0 0 
P146 2027 9 0 13 0 0 0 0 0 0 0 0 0 0 0 0 0 0 0 0 0 0 0 0 0 0 0 0 0 0 0 0 -999 
P146 2027 10 0 0 0 0 0 0 0 0 0 5 0 0 4 0 10 0 6 0 0 0 62 0 0 0 0 0 24 13 0 0 0 
P146 2027 11 20 66 258 0 11 0 50 0 0 0 0 0 0 0 53 0 19 0 0 0 0 34 91 109 106 106 112 72 245 151 -999 
P146 2027 12 118 372 140 12 52 183 346 119 0 89 0 89 0 47 27 0 0 14 0 0 11 2 0 0 0 0 0 0 0 11 0 
P146 2028 1 42 67 0 0 18 23 29 0 72 93 0 59 0 95 92 0 0 0 0 0 0 0 0 0 0 6 0 3 2 0 0 
P146 2028 2 0 0 0 0 14 2 0 0 0 0 0 2 0 0 0 0 0 24 13 0 0 42 33 0 0 90 86 109 -999 -999 -999 
P146 2028 3 86 68 69 0 27 14 0 0 0 32 50 34 23 0 46 64 63 0 9 0 3 25 0 0 0 0 0 11 0 0 0 
P146 2028 4 0 43 43 41 44 34 47 69 48 0 0 31 0 0 0 0 0 0 0 0 0 0 0 0 0 0 10 0 49 0 -999 
P146 2028 5 27 50 0 15 0 11 0 0 14 0 0 0 0 0 3 1 5 6 0 0 0 11 0 47 33 14 0 0 0 0 0 
P146 2028 6 0 0 0 25 19 0 0 0 0 0 0 0 0 0 0 0 0 0 0 0 0 0 0 0 0 0 0 0 0 0 -999 
P146 2028 7 0 0 0 0 0 0 0 0 0 0 0 0 0 0 0 0 0 0 0 0 0 0 0 0 0 0 0 0 0 0 0 
P146 2028 8 0 0 0 0 0 0 0 0 0 0 0 0 0 0 0 0 0 0 0 0 0 0 0 0 0 0 0 0 0 0 0 
P146 2028 9 19 0 20 22 18 21 0 0 0 0 0 0 0 0 0 0 0 0 0 7 0 0 0 0 0 11 0 0 0 0 -999 
P146 2028 10 0 0 0 11 0 0 0 0 0 0 26 0 0 0 0 0 15 0 71 75 0 0 2 0 0 0 0 0 0 19 26 
P146 2028 11 36 0 13 0 0 11 88 0 44 66 28 9 0 0 56 36 14 0 1 0 0 4 0 0 0 16 0 0 0 0 -999 
P146 2028 12 0 0 0 0 39 34 0 0 0 0 0 0 0 0 12 9 3 0 31 0 0 10 0 34 0 0 0 0 8 0 0 
P146 2029 1 0 42 0 0 0 87 254 57 5 0 0 0 0 0 0 0 0 0 0 13 0 0 0 25 0 224 261 116 0 0 0 
P146 2029 2 0 0 0 11 0 9 0 13 10 20 22 0 8 0 0 5 0 0 0 0 0 50 22 0 0 10 30 0 -999 -999 -999 
P146 2029 3 1 0 0 0 0 0 0 0 0 0 0 0 0 0 0 0 35 0 33 0 0 43 96 87 0 0 0 0 0 2 0 
P146 2029 4 12 0 0 0 15 26 27 0 0 0 0 30 58 61 0 0 0 11 0 26 22 9 0 0 0 0 0 6 0 0 -999 
P146 2029 5 0 0 61 87 26 0 0 0 0 0 3 0 0 0 19 0 0 0 0 0 0 0 0 0 0 0 0 0 0 0 0 
P146 2029 6 0 0 0 26 0 0 0 12 0 0 0 0 0 0 0 0 0 9 0 0 0 0 0 0 0 0 0 0 0 0 -999 
P146 2029 7 0 0 0 0 0 0 0 0 0 0 0 0 0 0 0 0 0 0 0 0 0 0 0 0 0 0 0 0 0 0 0 
P146 2029 8 0 0 0 0 0 0 0 0 0 0 0 0 0 0 0 0 0 0 0 0 0 0 0 0 0 0 0 0 0 0 0 
P146 2029 9 11 0 0 0 0 19 0 0 3 0 0 0 0 0 0 0 0 0 0 0 0 0 0 53 19 0 20 66 110 117 -999 
P146 2029 10 89 22 0 0 16 15 0 0 0 0 0 0 0 0 51 28 0 0 0 0 0 0 0 18 0 21 10 0 0 16 0 
P146 2029 11 5 0 49 95 47 83 0 63 163 0 0 0 0 0 0 0 0 0 0 0 3 0 30 65 0 17 45 73 182 64 -999 
P146 2029 12 0 0 30 10 30 0 0 0 0 0 0 0 12 0 0 0 0 0 40 0 0 0 0 0 0 0 0 8 0 48 193 
P146 2030 1 115 19 11 0 0 33 0 0 0 0 40 100 81 36 8 0 0 0 0 5 37 31 0 23 0 0 17 58 148 168 158 
P146 2030 2 287 175 61 0 26 0 108 100 0 131 78 49 0 0 77 0 0 0 0 0 0 0 0 36 0 0 0 0 -999 -999 -999 
P146 2030 3 0 0 0 0 37 0 120 31 29 64 75 0 0 0 0 34 18 0 34 17 0 72 28 6 0 0 0 0 3 3 0 
P146 2030 4 0 0 0 0 42 22 23 0 0 0 36 0 0 182 95 108 171 270 52 0 43 77 41 29 35 55 0 34 0 0 -999 
P146 2030 5 0 0 0 0 0 0 10 0 20 0 0 0 0 26 49 57 0 0 29 0 0 0 0 0 3 0 0 0 0 0 0 
P146 2030 6 25 0 0 0 0 30 0 28 22 0 30 33 0 28 0 0 0 0 0 0 0 0 0 0 0 0 0 0 0 0 -999 
P146 2030 7 0 0 0 0 0 0 0 0 0 6 0 0 0 0 0 0 0 0 0 0 0 0 0 0 0 0 0 0 0 0 0 
P146 2030 8 0 0 0 0 0 0 0 0 0 0 0 0 0 0 0 0 0 0 0 0 0 0 0 0 0 0 0 0 0 0 0 
P146 2030 9 0 0 0 0 0 0 0 21 0 0 0 0 0 0 0 0 40 0 0 0 27 31 0 8 9 0 0 7 0 7 -999 
P146 2030 10 0 9 0 0 0 14 0 0 0 0 0 0 0 17 0 17 20 0 0 0 0 0 0 0 0 0 17 0 0 0 0 
P146 2030 11 39 0 62 96 208 148 35 26 0 63 0 0 0 0 0 44 55 49 29 0 0 0 12 1 5 0 0 0 0 0 -999 
P146 2030 12 206 0 67 55 110 0 0 48 46 0 0 0 0 21 0 52 15 0 0 0 0 0 0 0 0 0 0 0 0 0 0 
P146 2031 1 0 9 0 0 34 34 42 0 0 12 0 8 61 202 92 20 0 0 178 52 0 73 86 0 0 63 37 0 95 0 0 
P146 2031 2 70 0 0 20 0 0 51 0 50 55 0 0 0 0 0 0 0 59 0 15 0 0 0 0 0 0 38 0 -999 -999 -999 
P146 2031 3 0 71 49 0 39 44 27 28 44 55 80 52 91 178 122 0 75 0 0 0 0 0 0 0 39 109 108 0 0 0 44 
P146 2031 4 43 0 42 54 104 0 0 0 2 0 0 0 0 0 0 0 0 0 0 0 0 0 0 0 40 34 0 33 0 24 -999 
P146 2031 5 0 0 0 0 0 0 0 0 0 0 0 14 0 25 0 0 0 0 0 0 0 0 0 0 0 0 0 0 0 10 0 
P146 2031 6 0 0 0 5 0 0 0 0 0 0 0 0 0 6 0 0 0 0 0 0 24 0 13 0 0 0 7 6 5 0 -999 
P146 2031 7 0 5 5 14 0 5 0 0 0 0 0 0 0 0 0 3 0 0 0 0 0 0 0 0 0 0 0 0 0 0 6 
P146 2031 8 0 0 0 0 0 0 0 0 0 0 0 0 0 0 0 0 0 0 0 0 24 0 1 5 0 0 0 0 0 0 0 
P146 2031 9 0 4 0 0 0 0 0 0 0 0 54 41 0 0 0 0 10 18 31 0 38 0 0 11 18 0 0 0 42 19 -999 
P146 2031 10 10 0 9 0 0 0 0 0 0 0 0 0 0 35 78 89 23 9 0 0 0 0 37 0 0 19 0 0 16 31 100 
P146 2031 11 145 103 40 22 0 0 0 6 24 18 0 0 86 41 64 76 0 0 0 14 0 0 0 0 0 0 41 55 44 54 -999 
P146 2031 12 65 181 308 96 59 50 0 17 0 0 0 0 0 13 0 7 0 3 0 9 0 0 13 63 61 0 52 33 24 69 115 
P146 2032 1 219 269 0 0 92 253 62 317 391 0 9 7 0 0 0 0 26 89 116 10 0 0 0 0 0 0 0 9 29 0 0 
P146 2032 2 106 78 0 0 55 0 0 0 0 0 0 0 2 0 0 0 0 0 0 0 0 0 0 0 0 51 17 13 -999 -999 -999 
P146 2032 3 13 0 3 0 13 0 75 0 0 7 0 0 0 0 0 0 0 22 0 0 0 0 0 36 40 0 0 20 0 34 0 
P146 2032 4 0 0 86 133 80 0 81 39 0 36 57 45 33 0 0 0 0 0 0 30 143 164 146 36 0 11 0 0 0 0 -999 
P146 2032 5 24 0 0 0 0 37 50 38 43 0 0 30 0 0 0 20 48 39 0 0 0 0 0 0 0 11 0 0 0 0 0 
P146 2032 6 0 0 0 0 0 0 26 16 0 0 30 0 0 15 0 0 0 0 0 0 0 0 0 0 0 0 0 0 0 0 -999 
P146 2032 7 0 0 0 6 0 9 0 0 0 0 0 0 0 0 0 0 0 0 0 2 0 0 0 0 0 0 0 0 0 0 0 
P146 2032 8 0 0 0 0 0 0 0 0 0 0 0 0 0 0 0 0 0 0 0 0 0 0 0 0 0 0 0 0 0 0 0 
P146 2032 9 0 0 0 0 0 0 0 20 0 0 0 0 4 0 0 0 0 0 0 17 0 0 0 0 0 0 0 0 0 0 -999 
P146 2032 10 0 0 0 0 0 0 0 0 0 0 0 41 29 33 0 0 27 40 101 89 101 114 0 0 0 0 0 0 0 0 0 
P146 2032 11 0 0 0 57 88 67 68 53 25 0 0 23 0 4 0 39 0 0 87 103 0 20 0 0 0 0 0 61 0 7 -999 
P146 2032 12 0 0 0 0 0 0 0 0 0 67 65 15 0 0 0 0 9 0 0 0 0 0 0 0 26 33 27 0 0 0 120 
P146 2033 1 79 47 0 0 0 27 0 6 7 0 0 0 0 0 0 0 0 0 0 1 0 0 0 0 18 21 27 0 6 0 6 
P146 2033 2 1 0 11 0 0 0 7 0 0 35 22 35 0 45 109 202 302 172 126 196 250 197 0 0 0 0 0 15 -999 -999 -999 
P146 2033 3 16 0 0 0 7 0 14 0 24 0 0 46 0 88 76 0 23 48 92 0 101 63 58 70 74 12 18 0 0 0 53 
P146 2033 4 120 20 0 38 0 45 7 17 35 24 11 0 15 0 0 0 0 0 55 73 36 21 0 0 0 12 0 0 2 0 -999 
P146 2033 5 7 5 0 0 0 0 0 0 0 0 0 0 0 0 0 0 0 0 0 32 0 0 0 0 0 0 0 0 0 0 0 
P146 2033 6 0 0 0 0 0 13 0 0 0 0 13 0 0 0 0 0 0 0 0 0 0 0 0 0 0 0 0 0 0 0 -999 
P146 2033 7 0 0 0 0 0 0 0 0 0 0 0 0 0 0 0 0 0 0 0 0 0 0 0 0 0 0 0 0 0 10 0 
P146 2033 8 0 0 0 0 0 0 0 0 19 7 0 0 0 0 0 0 2 0 0 0 0 0 0 0 0 18 0 0 0 0 0 
P146 2033 9 0 8 0 0 0 0 0 16 0 0 0 0 6 0 0 0 0 0 0 10 0 0 0 0 0 0 0 0 0 14 -999 
P146 2033 10 0 0 0 38 5 0 0 0 0 0 0 0 0 0 20 65 81 0 150 0 0 0 0 27 60 54 17 0 0 0 0 
P146 2033 11 0 0 155 230 28 166 125 111 9 15 0 0 0 22 154 126 0 0 0 0 0 0 0 0 0 0 0 0 0 0 -999 
P146 2033 12 0 48 84 73 20 0 92 38 0 0 20 0 7 0 0 0 0 0 0 0 14 29 88 0 0 0 0 20 18 24 23 
P146 2034 1 0 0 0 0 8 0 0 0 0 5 0 9 0 13 4 0 0 0 0 15 35 24 0 68 80 108 70 12 0 0 0 
P146 2034 2 0 0 0 6 35 57 109 117 0 98 122 30 0 0 0 5 0 64 174 0 0 33 75 0 0 0 0 0 -999 -999 -999 
P146 2034 3 15 0 0 0 0 0 0 0 0 25 0 38 0 0 0 0 3 0 12 0 0 0 0 0 0 0 47 0 74 46 21 
P146 2034 4 0 0 0 121 196 37 0 0 38 0 0 0 21 0 0 32 0 27 0 36 0 93 71 0 7 14 0 0 0 0 -999 
P146 2034 5 0 0 0 0 0 0 4 0 0 11 21 11 0 0 0 0 0 10 18 0 0 14 24 18 0 0 25 0 0 34 0 
P146 2034 6 53 81 35 0 18 19 0 18 9 0 0 0 0 0 0 0 0 0 0 0 0 0 0 0 0 0 0 0 0 0 -999 
P146 2034 7 0 0 0 0 0 0 0 0 0 0 0 0 0 0 0 0 0 0 0 0 0 0 0 0 0 0 0 0 0 0 0 
P146 2034 8 0 0 0 0 0 0 0 0 0 0 0 0 0 0 0 0 0 0 0 0 0 0 0 0 0 7 0 0 0 0 0 
P146 2034 9 0 0 0 0 0 0 0 0 0 0 0 0 0 16 0 0 0 0 0 0 0 0 0 0 0 0 0 0 0 6 -999 
P146 2034 10 0 0 0 0 0 0 0 0 0 1 0 0 7 0 0 0 0 0 0 0 0 24 47 0 7 0 0 17 11 0 0 
P146 2034 11 0 9 0 26 0 8 0 0 0 0 12 0 0 0 0 0 0 0 0 0 0 0 21 23 47 79 97 61 32 42 -999 
P146 2034 12 0 36 19 2 0 0 0 0 0 0 0 0 0 0 43 43 34 25 0 0 38 0 81 116 0 0 80 12 48 83 33 
P146 2035 1 0 46 73 102 61 70 0 23 0 0 7 0 5 5 0 0 11 0 0 19 21 0 0 0 0 0 0 24 0 0 0 
P146 2035 2 0 0 0 16 0 0 0 0 0 0 10 0 0 0 0 0 0 0 0 0 0 0 111 97 0 0 73 0 -999 -999 -999 
P146 2035 3 48 0 0 0 0 0 0 0 0 0 0 0 20 0 0 0 0 0 8 4 0 5 0 0 0 20 0 0 66 0 0 
P146 2035 4 0 46 0 47 55 77 39 70 0 27 28 0 18 0 0 0 0 0 44 36 0 56 79 63 0 0 25 0 45 0 -999 
P146 2035 5 0 34 0 19 0 0 48 0 0 0 0 0 0 0 0 0 13 0 0 0 0 0 0 0 0 0 0 0 0 0 0 
P146 2035 6 0 0 0 0 0 0 0 0 0 0 0 0 0 0 0 0 0 0 0 0 0 4 0 0 0 12 0 0 0 0 -999 
P146 2035 7 0 0 0 0 0 8 0 0 27 0 0 0 0 0 0 0 0 0 0 0 4 0 0 0 0 0 0 0 0 0 0 
P146 2035 8 0 0 0 0 0 0 0 0 0 0 0 0 16 0 3 0 0 0 0 0 0 24 0 0 0 0 0 0 0 22 0 
P146 2035 9 9 0 0 0 0 0 6 0 0 0 0 0 0 0 0 0 0 0 0 0 0 0 0 16 0 0 23 29 0 0 -999 
P146 2035 10 23 0 0 0 8 0 15 0 0 0 37 0 0 0 60 13 0 0 0 71 0 72 37 0 0 0 27 0 10 11 17 
P146 2035 11 14 49 64 26 0 0 0 0 0 0 0 0 0 0 0 0 7 0 0 0 0 0 21 0 0 0 0 6 0 0 -999 
P146 2035 12 0 0 0 0 0 0 22 0 31 0 0 12 0 51 100 103 51 73 49 44 0 9 15 27 35 49 0 0 0 0 74 
P146 2036 1 109 109 0 0 107 133 96 98 0 190 0 0 0 0 0 0 59 0 66 65 0 0 0 0 0 0 0 0 0 0 0 
P146 2036 2 21 63 90 0 0 0 0 19 17 0 0 0 0 33 0 12 0 43 0 0 0 25 0 0 15 23 0 0 -999 -999 -999 
P146 2036 3 148 90 0 0 0 12 0 0 0 30 9 34 24 68 83 0 35 47 91 0 0 0 44 55 0 98 97 0 0 0 36 
P146 2036 4 220 21 9 55 0 20 15 23 34 45 81 64 0 0 0 0 0 0 0 55 29 0 0 0 0 0 0 0 0 0 -999 
P146 2036 5 14 0 0 0 0 0 0 0 0 0 0 14 0 0 0 0 45 37 55 0 99 80 42 10 0 0 0 0 0 0 0 
P146 2036 6 0 0 0 0 0 0 0 0 0 0 24 22 0 0 0 23 0 0 0 0 0 0 0 0 0 0 0 0 0 0 -999 
P146 2036 7 0 0 0 10 0 0 0 0 0 0 0 0 0 0 0 0 0 0 0 0 0 0 0 0 0 0 0 0 0 0 0 
P146 2036 8 10 0 0 0 0 0 0 0 0 0 0 0 0 0 0 0 0 0 0 0 0 4 0 0 0 0 0 0 5 6 0 
P146 2036 9 0 0 0 0 0 5 0 0 0 0 0 0 0 0 0 0 0 0 0 0 5 0 0 0 0 0 0 0 0 0 -999 
P146 2036 10 0 0 0 0 24 0 30 0 0 0 0 0 0 84 69 21 13 25 0 13 0 0 0 0 32 0 0 0 0 0 0 
P146 2036 11 0 0 0 0 0 78 128 56 40 44 0 11 9 11 0 25 0 7 0 0 0 0 0 51 49 28 0 0 0 0 -999 
P146 2036 12 0 0 0 0 0 0 0 41 0 33 50 55 0 30 25 25 0 0 0 0 29 0 29 17 0 33 78 72 97 258 210 
P146 2037 1 57 45 0 0 50 154 0 35 76 15 0 45 50 84 107 290 256 129 202 0 0 0 13 3 7 3 0 18 0 0 0 
P146 2037 2 0 0 0 3 0 0 28 0 0 32 0 72 0 38 35 46 37 0 104 69 27 0 0 21 16 0 29 29 -999 -999 -999 
P146 2037 3 0 0 99 257 97 63 129 106 0 0 22 23 21 13 0 0 51 42 28 0 0 142 94 132 94 181 99 0 0 8 18 
P146 2037 4 3 0 0 0 0 0 0 0 0 0 0 0 90 67 45 0 0 0 18 0 0 37 55 51 92 57 0 31 18 11 -999 
P146 2037 5 0 0 0 0 0 72 78 33 0 0 0 0 0 0 0 0 0 0 0 0 0 0 0 0 0 0 0 6 0 0 0 
P146 2037 6 0 0 0 0 0 0 29 0 20 0 0 0 0 1 9 0 0 0 0 0 0 0 8 0 0 0 0 0 0 0 -999 
P146 2037 7 0 0 0 0 0 0 0 0 0 0 0 14 0 0 0 0 0 0 0 0 0 0 0 0 0 0 0 0 0 0 0 
P146 2037 8 0 7 0 0 0 0 0 0 0 0 0 0 0 0 0 7 2 0 0 0 0 0 0 0 0 0 0 0 0 0 0 
P146 2037 9 0 0 0 0 9 0 0 0 0 11 0 0 0 0 0 0 0 0 0 0 0 0 0 0 4 29 25 23 0 0 -999 
P146 2037 10 0 0 0 0 31 0 19 0 0 0 17 2 0 0 0 0 0 0 8 0 0 0 0 0 0 4 0 0 0 0 0 
P146 2037 11 0 0 0 0 0 0 0 0 0 0 0 0 0 36 0 53 53 6 0 9 0 0 33 0 0 52 52 0 83 36 -999 
P146 2037 12 0 0 192 204 235 388 174 0 0 0 0 0 0 0 0 0 0 0 0 25 11 0 33 0 0 3 0 0 0 0 0 
P146 2038 1 0 0 0 0 0 0 0 0 37 30 79 201 71 26 21 43 13 0 0 0 0 8 2 0 0 0 59 0 0 45 62 
P146 2038 2 0 38 60 49 52 49 40 0 0 8 1 0 0 0 0 0 0 0 4 0 0 0 7 15 46 0 13 5 -999 -999 -999 
P146 2038 3 6 0 0 89 45 0 37 0 0 19 32 53 67 121 79 97 0 0 0 31 49 0 61 0 17 0 42 0 25 0 0 
P146 2038 4 0 0 42 0 0 0 21 46 0 15 0 0 0 0 0 32 0 0 0 0 0 52 6 0 0 0 0 0 0 0 -999 
P146 2038 5 0 0 0 0 0 0 0 0 14 0 0 0 0 0 0 0 0 15 11 0 0 2 0 0 0 0 0 0 0 0 0 
P146 2038 6 0 0 0 0 0 0 0 0 0 0 14 0 0 0 0 0 0 0 0 0 0 0 0 0 0 11 0 0 0 0 -999 
P146 2038 7 0 0 0 0 0 0 0 0 0 0 0 0 0 0 0 0 0 0 0 0 0 0 0 0 0 0 0 0 0 0 9 
P146 2038 8 0 0 0 0 0 0 0 0 0 0 0 0 0 0 0 0 0 0 0 0 0 0 0 0 0 0 0 0 0 0 0 
P146 2038 9 9 0 0 0 0 0 0 0 0 0 0 0 0 0 0 0 0 0 0 0 0 0 0 15 0 0 0 0 0 0 -999 
P146 2038 10 0 0 0 0 0 0 0 0 0 0 0 0 0 0 0 0 16 0 0 0 0 0 78 0 0 0 48 0 37 31 32 
P146 2038 11 49 0 0 28 98 84 40 0 0 0 89 154 0 20 65 89 31 54 0 0 5 0 0 21 10 17 47 0 104 36 -999 
P146 2038 12 17 0 0 0 0 0 0 0 0 14 0 0 0 0 0 0 0 0 0 0 0 0 17 39 0 35 62 71 216 199 42 
P146 2039 1 40 69 95 114 199 28 16 0 0 9 0 122 147 0 44 108 134 0 111 179 0 0 43 63 146 227 360 0 0 0 0 
P146 2039 2 0 0 0 0 8 0 2 0 0 26 18 2 0 0 28 12 24 18 0 15 56 88 87 56 44 118 81 0 -999 -999 -999 
P146 2039 3 0 0 0 0 24 0 0 0 0 0 33 0 0 0 0 0 0 0 0 77 53 0 0 0 0 37 34 0 0 0 0 
P146 2039 4 2 0 9 0 0 0 0 7 0 0 0 0 5 0 0 0 0 0 0 0 6 0 0 0 0 0 0 0 0 30 -999 
P146 2039 5 0 30 29 0 24 22 15 0 0 74 0 17 7 15 0 0 32 0 0 0 24 0 0 0 0 0 35 36 48 0 0 
P146 2039 6 0 0 0 0 6 0 26 36 48 0 12 0 0 0 0 0 0 43 15 0 0 0 0 0 0 0 0 0 0 0 -999 
P146 2039 7 0 0 0 0 11 0 0 0 0 0 0 1 0 0 0 0 0 0 0 0 0 0 0 0 0 0 0 0 0 0 0 
P146 2039 8 0 0 0 0 0 0 0 0 0 0 0 0 0 0 0 0 0 0 0 0 0 0 0 0 0 0 0 0 0 0 0 
P146 2039 9 0 0 0 0 0 0 0 0 0 0 0 0 0 4 0 0 0 0 0 0 0 0 0 0 0 0 0 20 0 0 -999 
P146 2039 10 27 0 0 0 0 2 0 0 0 0 0 0 0 0 7 10 0 0 68 119 55 60 64 93 56 9 29 63 0 0 0 
P146 2039 11 99 85 0 0 13 0 0 0 0 0 0 0 0 0 0 23 0 11 0 0 0 16 0 0 0 34 0 110 50 0 -999 
P146 2039 12 26 0 0 0 4 0 0 0 0 0 0 0 27 50 0 32 196 391 72 0 0 0 0 0 0 0 42 0 17 17 0 
P146 2040 1 0 0 0 0 0 0 5 0 0 0 0 32 0 0 0 37 41 0 0 120 0 0 11 0 0 0 0 0 21 45 179 
P146 2040 2 0 45 152 98 110 0 0 0 0 0 80 0 0 170 238 103 88 161 275 141 0 0 120 0 62 0 0 0 -999 -999 -999 
P146 2040 3 0 0 97 67 0 0 0 24 27 0 0 0 0 0 0 0 39 0 27 0 7 0 0 0 0 0 17 0 0 34 0 
P146 2040 4 58 0 0 55 72 0 0 0 0 0 20 3 0 42 0 28 16 0 0 0 0 0 2 0 0 24 0 0 10 0 -999 
P146 2040 5 7 0 0 0 0 0 11 0 0 0 0 0 0 0 0 0 0 0 0 0 0 0 0 21 0 0 0 0 0 0 0 
P146 2040 6 0 0 0 0 0 0 0 0 0 24 0 0 0 15 0 0 0 0 0 22 0 0 0 0 0 0 5 0 8 0 -999 
P146 2040 7 0 6 0 0 0 0 0 0 0 0 0 0 0 0 0 0 0 0 0 0 0 0 0 0 0 0 0 0 0 0 0 
P146 2040 8 0 0 0 0 0 0 0 0 0 0 0 0 0 0 0 0 0 0 0 0 0 0 0 0 0 0 4 0 16 0 0 
P146 2040 9 0 0 11 0 0 0 0 0 0 13 0 0 0 0 0 0 0 0 0 0 0 0 0 0 0 7 0 0 7 0 -999 
P146 2040 10 0 0 0 0 0 0 40 0 54 74 0 0 33 0 0 37 169 286 51 0 0 9 0 0 0 0 3 0 0 0 0 
P146 2040 11 0 0 0 0 0 26 33 41 24 10 0 0 0 127 82 162 0 0 36 0 0 0 0 0 0 33 45 40 0 46 -999 
P146 2040 12 27 0 0 0 10 0 0 0 0 16 0 0 7 0 0 0 3 0 0 0 6 0 1 0 0 0 0 0 0 0 0 
P146 2041 1 0 0 0 88 57 63 0 0 28 33 38 0 0 0 0 101 84 0 0 0 0 0 39 145 52 51 333 0 0 144 66 
P146 2041 2 7 7 9 0 0 0 0 69 93 0 84 0 0 0 130 230 0 20 0 0 18 0 0 0 0 0 3 0 -999 -999 -999 
P146 2041 3 0 0 0 0 0 0 39 0 100 80 46 34 0 0 4 0 0 0 0 0 0 0 0 0 0 0 0 0 0 0 0 
P146 2041 4 0 0 35 0 0 0 0 0 0 0 38 0 0 0 25 0 3 0 0 0 0 0 0 0 0 0 0 0 0 0 -999 
P146 2041 5 0 0 34 47 69 75 43 0 0 26 0 36 0 0 7 0 0 0 0 12 7 0 0 0 0 0 0 0 0 0 16 
P146 2041 6 11 0 0 13 0 0 0 0 0 0 0 0 0 0 0 4 0 0 0 0 0 0 0 0 0 0 0 0 0 0 -999 
P146 2041 7 0 0 0 0 0 6 0 0 0 0 0 0 0 0 9 0 0 0 0 0 0 0 0 0 0 0 0 0 0 0 0 
P146 2041 8 0 0 0 0 0 0 0 0 10 0 0 0 0 0 0 0 0 0 0 0 0 0 0 0 0 0 0 0 0 0 0 
P146 2041 9 0 0 0 4 16 0 0 11 12 0 0 0 0 0 0 0 0 0 0 27 0 0 0 10 0 0 0 0 0 0 -999 
P146 2041 10 9 0 0 0 0 0 0 0 7 0 0 12 0 11 8 0 0 0 11 0 0 0 0 0 0 9 0 21 0 0 0 
P146 2041 11 0 158 36 0 11 0 0 0 0 0 0 15 0 46 28 0 12 0 21 11 22 0 0 0 147 140 41 31 42 55 -999 
P146 2041 12 124 169 309 85 25 16 0 0 0 3 0 0 0 0 0 0 0 0 0 18 39 14 0 0 0 0 0 63 81 70 44 
P146 2042 1 48 74 130 156 0 0 14 0 31 91 75 28 0 0 0 41 61 57 98 0 2 0 0 0 0 0 68 61 0 0 0 
P146 2042 2 0 39 0 23 0 0 0 0 0 0 0 23 13 8 0 21 11 0 0 0 0 0 0 58 19 0 0 0 -999 -999 -999 
P146 2042 3 0 0 0 0 0 0 15 0 0 0 0 0 0 17 0 0 25 43 34 34 66 51 64 70 0 0 0 47 46 19 13 
P146 2042 4 0 11 0 0 4 19 0 0 0 10 0 0 0 8 0 67 61 66 14 0 0 0 48 0 3 0 11 12 18 34 -999 
P146 2042 5 45 55 111 85 44 0 0 0 33 0 0 77 106 0 0 0 17 0 0 0 0 0 9 0 0 10 11 0 12 0 0 
P146 2042 6 0 0 0 23 44 38 27 0 9 4 0 10 0 0 0 0 0 8 17 0 7 0 0 0 0 0 0 0 0 0 -999 
P146 2042 7 0 0 0 0 0 0 0 0 0 0 0 0 0 0 0 0 0 0 0 0 0 0 0 0 0 0 0 0 0 0 0 
P146 2042 8 0 0 0 0 0 0 0 0 0 0 0 0 0 0 0 0 0 0 0 0 0 0 0 0 0 0 0 0 0 0 0 
P146 2042 9 0 0 0 0 0 0 0 0 0 0 9 0 0 0 0 0 0 0 0 0 2 0 0 0 0 0 12 0 0 0 -999 
P146 2042 10 0 0 0 0 0 0 0 0 0 7 0 0 0 0 0 0 0 0 0 0 0 0 0 4 10 0 0 0 10 6 0 
P146 2042 11 15 0 0 0 0 0 0 25 38 30 43 0 0 0 0 0 0 0 0 0 0 0 0 0 9 40 23 0 0 0 -999 
P146 2042 12 21 0 0 43 163 0 36 22 0 0 0 141 101 0 0 0 0 22 61 40 0 0 0 0 0 0 132 106 0 168 110 
P146 2043 1 0 12 4 0 0 0 0 0 0 0 0 0 0 29 68 70 119 74 0 0 3 0 0 0 0 0 0 0 0 0 0 
P146 2043 2 0 0 0 4 0 0 0 16 64 0 35 18 0 44 151 136 0 0 0 0 0 0 29 13 7 0 0 0 -999 -999 -999 
P146 2043 3 0 0 0 0 0 17 30 25 0 36 82 75 94 124 68 106 81 0 84 0 35 100 113 91 60 140 0 35 125 127 0 
P146 2043 4 190 156 91 0 0 0 20 50 0 46 0 39 127 0 17 0 0 0 0 0 0 0 0 0 0 58 30 62 92 0 -999 
P146 2043 5 28 0 0 0 0 0 0 0 0 0 0 0 0 0 46 64 83 54 44 70 30 0 0 0 0 0 0 0 0 0 0 
P146 2043 6 0 0 0 0 0 0 0 0 0 0 0 0 0 0 0 0 0 0 0 0 0 0 0 0 0 0 0 0 0 0 -999 
P146 2043 7 0 0 0 0 0 0 0 0 0 0 0 0 0 0 0 0 0 0 0 0 0 0 0 14 0 0 0 0 0 0 0 
P146 2043 8 0 0 0 0 0 0 0 0 0 0 0 0 0 0 0 0 0 0 0 0 0 0 0 0 0 0 0 0 0 10 0 
P146 2043 9 0 0 6 0 0 0 0 5 0 0 0 11 0 0 0 0 0 0 0 0 0 25 0 0 0 0 0 0 0 0 -999 
P146 2043 10 0 0 0 5 0 0 0 0 0 0 0 0 0 22 12 0 0 0 0 0 27 0 0 0 0 0 0 5 9 0 7 
P146 2043 11 0 0 21 45 457 182 0 0 0 0 0 0 0 0 0 0 0 0 67 0 100 66 0 55 0 117 0 66 0 12 -999 
P146 2043 12 0 2 0 88 77 94 0 0 0 0 0 0 0 0 0 0 0 17 31 0 0 4 0 0 0 0 0 0 0 1 0 
P146 2044 1 0 6 2 0 5 0 0 0 30 50 135 0 0 40 0 34 51 211 144 0 143 39 0 0 134 129 52 21 18 28 0 
P146 2044 2 40 0 0 0 0 0 0 17 0 52 0 0 7 0 11 33 0 0 18 0 0 0 0 0 4 0 16 0 -999 -999 -999 
P146 2044 3 0 31 0 0 0 0 12 0 0 0 0 19 15 22 0 39 0 0 0 0 0 0 0 0 0 0 0 84 55 48 47 
P146 2044 4 54 74 60 31 0 18 0 0 75 45 0 27 19 10 0 0 51 31 0 0 4 0 0 11 0 44 41 0 41 33 -999 
P146 2044 5 21 8 0 0 38 49 73 79 105 88 97 78 0 23 28 0 0 15 14 18 0 0 0 0 0 0 0 10 0 0 0 
P146 2044 6 0 9 0 0 11 0 11 3 0 0 0 0 0 0 0 0 0 0 13 0 30 49 0 13 0 0 0 0 0 15 -999 
P146 2044 7 8 0 0 0 0 0 0 0 0 0 0 0 10 0 0 0 0 0 0 0 0 0 0 0 0 0 0 0 0 0 0 
P146 2044 8 0 0 0 0 0 0 0 0 0 0 0 0 0 0 0 0 0 0 0 0 0 0 0 0 0 0 0 0 0 6 0 
P146 2044 9 0 3 0 0 0 0 0 0 0 0 0 0 0 0 0 0 0 0 0 0 31 0 21 0 20 24 15 0 0 0 -999 
P146 2044 10 0 0 0 0 3 0 0 0 0 0 0 0 0 0 0 0 0 0 0 0 12 0 35 131 113 0 0 0 0 6 0 
P146 2044 11 0 0 0 0 0 0 18 0 0 0 39 0 125 0 42 43 0 11 0 34 118 32 0 19 0 21 0 23 0 0 -999 
P146 2044 12 0 0 0 0 0 0 0 0 0 0 0 4 0 0 0 0 0 50 112 400 35 53 69 19 0 0 0 0 0 0 15 
P146 2045 1 32 0 103 0 124 0 0 101 187 101 0 79 0 0 0 0 0 0 0 12 0 0 0 0 0 0 0 31 0 26 56 
P146 2045 2 0 37 0 0 27 0 0 0 0 39 0 108 59 8 12 25 19 0 0 0 70 55 0 0 188 347 378 340 -999 -999 -999 
P146 2045 3 0 0 43 45 23 13 0 0 83 89 65 64 82 101 0 17 0 64 33 0 0 0 0 7 0 0 0 0 0 0 0 
P146 2045 4 0 0 0 0 0 0 36 0 0 0 0 45 17 50 100 37 0 8 18 0 17 0 0 15 11 0 0 0 13 0 -999 
P146 2045 5 0 0 0 47 0 0 0 0 0 0 0 0 0 0 0 0 4 0 0 0 30 52 64 54 0 15 30 62 51 0 0 
P146 2045 6 19 0 0 0 0 0 0 0 0 0 0 0 0 36 0 15 0 13 0 0 0 0 0 0 0 0 0 0 0 0 -999 
P146 2045 7 0 0 0 0 0 0 0 0 0 0 0 0 0 0 0 0 0 0 0 0 0 0 0 0 0 0 0 0 0 0 0 
P146 2045 8 0 0 0 0 0 0 0 0 0 0 0 0 0 0 0 0 0 0 0 0 0 0 0 0 4 0 0 0 0 0 0 
P146 2045 9 0 0 0 0 0 0 35 0 19 0 0 0 0 0 0 0 0 0 0 3 0 0 0 0 14 0 0 0 4 0 -999 
P146 2045 10 0 0 0 0 34 34 0 0 22 0 0 0 0 28 5 0 0 0 16 31 0 0 0 0 0 0 0 0 0 0 0 
P146 2045 11 0 0 62 84 0 0 19 0 0 0 0 0 24 23 18 0 24 47 0 0 0 0 0 0 18 27 22 0 19 8 -999 
P146 2045 12 0 0 0 0 0 0 0 0 27 0 79 0 0 0 0 0 0 0 0 0 0 4 15 105 150 44 18 0 0 0 0 
P146 2046 1 0 17 24 0 0 0 35 35 45 0 0 0 0 0 0 0 27 155 209 243 212 134 84 130 59 119 149 62 0 0 91 
P146 2046 2 47 16 0 9 0 0 5 0 0 0 0 16 28 0 0 0 291 200 58 0 0 0 0 32 25 0 0 81 -999 -999 -999 
P146 2046 3 31 26 55 45 0 19 18 0 0 0 0 0 0 0 20 22 0 0 14 0 0 0 0 39 24 84 80 30 0 0 31 
P146 2046 4 0 0 0 0 0 0 56 81 91 103 0 37 78 87 65 69 100 81 0 0 0 43 0 47 0 40 51 38 0 0 -999 
P146 2046 5 0 27 10 0 1 0 0 0 0 0 0 37 25 0 4 0 14 17 26 0 0 28 81 0 98 34 17 0 0 24 26 
P146 2046 6 21 0 0 0 65 29 0 0 0 0 0 0 0 0 0 13 0 0 0 0 0 0 0 0 0 0 0 0 0 0 -999 
P146 2046 7 0 0 0 0 0 0 0 0 0 0 0 0 0 0 0 0 0 0 0 0 0 0 0 0 0 0 0 0 0 0 0 
P146 2046 8 0 0 0 0 0 0 0 0 0 0 0 0 0 0 0 0 0 0 14 10 0 0 0 4 0 9 0 0 0 0 0 
P146 2046 9 0 0 0 0 0 0 0 0 0 0 0 0 0 0 0 0 0 0 6 0 0 0 0 0 9 11 0 0 0 0 -999 
P146 2046 10 0 24 0 0 0 0 0 0 0 0 14 0 0 0 0 0 0 0 0 0 8 0 0 12 0 15 10 0 0 0 0 
P146 2046 11 0 63 137 117 26 22 0 7 0 0 0 0 0 0 0 0 0 0 0 0 11 0 0 0 0 0 0 0 0 0 -999 
P146 2046 12 11 9 0 0 0 0 0 0 0 34 37 38 36 38 57 68 48 34 0 32 0 0 0 0 0 0 5 1 0 0 15 
P146 2047 1 23 40 170 133 81 52 21 0 0 36 47 0 0 17 0 38 0 0 0 0 0 0 0 0 8 0 0 0 0 0 0 
P146 2047 2 39 5 0 23 28 0 25 0 16 0 17 0 78 58 46 0 31 36 0 102 53 59 0 0 41 0 0 0 -999 -999 -999 
P146 2047 3 0 0 0 27 29 36 0 0 0 44 0 0 63 48 18 29 0 0 14 0 0 0 0 0 0 14 0 6 0 0 0 
P146 2047 4 0 0 0 0 0 0 4 0 0 12 10 11 21 0 0 0 45 52 0 36 26 49 0 47 0 0 0 31 0 25 -999 
P146 2047 5 35 0 0 0 23 0 0 0 0 0 0 0 50 57 58 51 0 0 0 0 0 0 31 0 0 10 0 0 0 0 0 
P146 2047 6 0 0 0 0 0 0 7 0 0 0 0 3 0 0 0 0 0 0 0 0 0 0 1 0 0 0 0 3 0 0 -999 
P146 2047 7 0 0 0 0 0 0 0 0 0 0 0 0 0 0 0 5 0 0 0 0 0 0 0 0 0 0 0 0 0 0 0 
P146 2047 8 0 0 0 0 0 0 0 5 0 0 0 0 0 0 0 0 0 0 0 0 0 0 9 0 0 8 0 0 0 15 14 
P146 2047 9 0 0 0 0 0 0 22 36 0 10 0 8 0 0 0 0 0 0 0 0 0 0 0 0 0 30 0 16 0 15 -999 
P146 2047 10 0 0 0 68 0 0 10 0 0 11 9 0 0 0 0 0 0 4 0 0 0 0 0 0 0 38 45 41 0 27 23 
P146 2047 11 0 13 0 0 9 6 0 0 17 0 0 0 12 0 0 16 29 26 38 38 0 1 0 5 0 0 0 23 0 0 -999 
P146 2047 12 52 80 24 123 325 354 387 0 0 13 0 0 0 65 228 84 32 78 158 114 25 36 41 0 0 19 0 0 12 0 0 
P146 2048 1 0 0 0 0 12 0 0 0 8 0 26 0 0 0 0 0 0 0 0 0 25 0 0 0 12 106 185 13 0 0 97 
P146 2048 2 93 72 18 19 11 16 56 131 18 0 0 0 0 0 0 12 0 50 0 0 22 0 0 0 0 0 0 0 -999 -999 -999 
P146 2048 3 0 0 0 0 0 0 0 0 0 0 0 29 23 13 6 0 0 69 83 57 0 56 0 12 0 0 41 0 0 29 0 
P146 2048 4 8 0 0 0 0 0 88 85 0 10 0 111 124 48 0 56 99 0 180 136 58 26 0 0 0 29 32 0 0 0 -999 
P146 2048 5 0 25 0 39 0 0 0 0 0 22 0 36 0 0 0 0 0 0 0 26 0 52 0 0 0 24 26 44 44 0 0 
P146 2048 6 0 0 0 0 10 0 0 0 13 9 0 6 0 0 0 0 0 0 0 0 0 0 0 0 0 0 0 0 0 0 -999 
P146 2048 7 0 0 0 0 0 0 0 0 0 7 0 0 0 0 0 0 0 0 0 0 0 0 0 0 0 0 0 0 0 0 0 
P146 2048 8 0 0 0 0 0 0 0 0 8 0 0 0 0 0 0 0 0 0 0 0 0 0 0 0 0 0 3 0 0 0 0 
P146 2048 9 0 0 0 0 0 0 0 0 0 0 0 0 0 0 0 10 13 0 0 0 0 0 0 0 0 0 0 0 0 0 -999 
P146 2048 10 0 0 0 0 0 0 0 0 0 0 11 12 0 31 21 0 0 12 16 9 0 12 0 30 17 0 0 8 21 0 0 
P146 2048 11 19 33 0 0 5 23 57 22 6 0 0 0 3 0 0 0 41 0 0 0 0 0 4 0 0 30 0 94 384 270 -999 
P146 2048 12 88 0 88 46 0 0 0 0 0 0 0 0 0 0 40 0 21 0 64 193 36 12 10 0 0 0 0 0 0 0 0 
P146 2049 1 0 57 0 30 37 0 0 27 34 32 40 0 0 0 0 0 0 0 0 0 0 0 0 29 0 9 0 0 0 0 0 
P146 2049 2 0 0 0 0 0 80 123 109 70 146 135 322 0 246 149 393 0 179 0 143 159 83 127 233 123 141 115 43 -999 -999 -999 
P146 2049 3 64 127 126 157 105 0 0 47 94 145 50 0 31 96 0 6 0 44 71 0 0 0 0 0 0 10 0 0 0 0 0 
P146 2049 4 53 39 17 13 0 20 7 0 0 0 0 5 0 0 0 0 0 0 0 0 0 0 17 0 0 0 0 0 13 0 -999 
P146 2049 5 22 24 14 7 17 0 0 0 0 0 0 0 0 0 0 17 0 0 0 30 0 0 0 0 0 0 0 0 0 0 0 
P146 2049 6 0 0 0 0 2 0 0 0 0 0 0 0 0 0 0 0 0 0 0 0 0 0 0 0 0 0 0 0 0 0 -999 
P146 2049 7 0 0 0 0 0 0 0 0 0 0 0 0 10 0 0 0 0 0 0 0 0 0 0 0 0 0 0 0 0 0 0 
P146 2049 8 0 0 0 0 0 0 0 9 0 0 0 0 0 0 0 0 0 0 0 0 0 0 5 0 0 0 0 0 8 6 0 
P146 2049 9 0 0 0 22 0 0 0 0 0 0 0 0 0 9 0 0 0 0 0 0 0 6 0 0 0 0 0 0 0 0 -999 
P146 2049 10 0 0 0 0 0 7 0 0 0 0 0 0 0 0 0 59 0 0 0 8 9 0 0 0 25 0 0 25 0 10 0 
P146 2049 11 0 0 0 0 16 59 163 237 136 0 0 0 13 0 19 0 0 0 0 0 0 0 0 0 0 0 33 0 67 0 -999 
P146 2049 12 15 60 40 0 0 14 14 0 27 46 26 20 0 64 150 0 0 0 0 0 2 11 43 48 53 25 0 0 12 0 0 
P146 2050 1 19 19 0 0 19 18 0 0 0 31 125 153 253 108 99 239 280 137 0 0 1 16 35 54 0 32 0 0 0 15 12 
P146 2050 2 14 0 0 0 0 0 0 59 102 45 0 0 0 0 0 0 0 6 4 0 0 0 0 12 28 0 0 0 -999 -999 -999 
P146 2050 3 0 12 0 3 0 0 0 22 0 0 26 0 32 0 0 0 23 0 80 44 33 0 63 0 0 0 20 36 32 7 0 
P146 2050 4 0 43 0 0 0 0 23 25 0 0 0 0 5 0 0 0 61 0 0 0 30 88 38 0 0 0 0 0 0 0 -999 
P146 2050 5 0 0 22 28 0 0 0 0 23 0 0 0 0 0 0 0 0 0 0 0 14 16 15 0 0 0 0 0 14 19 0 
P146 2050 6 15 0 0 0 0 0 0 0 12 0 0 0 0 0 29 10 0 0 0 0 0 0 0 0 0 0 0 0 0 0 -999 
P146 2050 7 0 0 0 0 0 0 0 0 0 0 0 0 0 0 0 0 0 0 0 0 0 0 0 0 0 0 0 0 0 0 0 
P146 2050 8 0 0 0 0 0 0 0 0 0 0 0 0 0 0 0 0 0 0 0 0 0 0 0 0 6 0 0 0 0 0 3 
P146 2050 9 0 0 0 10 0 0 0 0 0 0 0 0 8 0 0 0 0 0 0 0 0 0 0 0 0 0 0 0 0 0 -999 
P146 2050 10 0 0 0 0 0 15 10 0 0 0 0 0 0 21 59 71 0 41 36 34 0 0 0 13 0 0 0 0 44 62 116 
P146 2050 11 56 27 23 0 0 9 0 0 0 0 0 0 0 0 48 11 11 0 0 10 8 0 39 54 14 9 0 0 23 0 -999 
P146 2050 12 0 0 52 4 0 0 0 0 0 68 0 46 111 159 73 0 0 0 0 22 22 0 20 0 0 0 0 0 0 23 20 
P146 2051 1 0 50 32 22 0 0 0 0 0 35 37 72 189 0 67 21 21 33 0 0 5 8 0 0 0 9 0 0 18 60 85 
P146 2051 2 156 146 66 205 0 28 41 0 25 18 18 0 27 0 0 30 55 0 73 63 0 102 120 43 67 83 0 0 -999 -999 -999 
P146 2051 3 0 29 70 0 56 0 41 40 0 44 60 0 0 73 0 0 0 0 0 0 48 51 0 24 33 0 0 0 0 0 39 
P146 2051 4 0 0 13 27 0 0 44 0 107 0 1 0 15 0 0 0 0 0 0 0 0 11 0 0 0 0 0 64 21 5 -999 
P146 2051 5 10 19 28 18 0 0 0 0 24 9 0 0 0 0 0 0 0 0 0 0 0 0 11 8 0 9 7 0 0 0 0 
P146 2051 6 0 0 23 0 0 14 0 16 27 0 9 12 0 4 0 0 0 0 0 0 0 0 0 0 0 0 0 0 0 0 -999 
P146 2051 7 0 0 0 6 0 0 0 0 0 0 0 0 0 0 0 0 0 0 0 0 0 0 0 0 0 0 0 0 0 0 0 
P146 2051 8 0 0 0 0 0 0 0 0 0 0 0 0 0 0 0 0 0 0 0 0 0 0 0 0 0 0 0 0 0 0 4 
P146 2051 9 0 0 0 0 0 0 0 0 11 0 19 0 0 0 3 0 0 0 0 0 0 0 0 0 0 0 0 0 0 11 -999 
P146 2051 10 0 0 2 3 18 0 0 0 0 0 0 0 28 0 0 0 0 0 0 0 0 0 6 0 0 0 71 85 0 0 0 
P146 2051 11 0 0 0 55 72 0 0 0 0 0 7 0 0 0 39 0 40 0 0 0 44 64 0 46 0 0 0 0 0 34 -999 
P146 2051 12 0 2 0 0 0 203 153 131 0 36 46 49 0 43 0 0 48 0 114 77 102 61 0 0 0 0 0 0 0 0 23 
P146 2052 1 0 26 0 0 10 9 0 0 0 0 0 0 0 0 0 0 0 0 3 0 0 0 0 11 20 0 0 6 1 0 0 
P146 2052 2 0 0 0 8 0 0 0 0 4 0 0 39 28 0 34 0 32 65 0 57 0 14 16 29 74 65 0 9 -999 -999 -999 
P146 2052 3 0 0 13 0 0 17 0 0 0 0 0 24 0 0 68 32 46 0 0 0 100 78 53 49 0 49 24 0 0 0 0 
P146 2052 4 0 0 19 0 0 0 0 0 0 0 0 0 0 0 0 0 0 0 0 0 0 0 10 0 0 0 4 0 0 0 -999 
P146 2052 5 0 0 0 0 10 38 42 0 0 0 0 0 0 0 0 0 0 0 0 0 0 0 0 0 0 0 0 42 0 0 14 
P146 2052 6 0 0 15 0 7 0 0 0 5 0 0 39 0 0 0 0 9 0 0 0 0 0 0 0 0 0 0 0 0 10 -999 
P146 2052 7 0 0 0 0 0 0 0 0 0 0 0 0 0 0 0 0 0 0 0 0 0 0 0 12 0 0 0 0 0 0 0 
P146 2052 8 0 0 0 0 0 0 0 0 0 0 0 0 0 0 0 0 0 0 0 0 0 0 0 0 0 0 0 0 0 0 0 
P146 2052 9 0 0 0 0 0 0 0 0 0 0 0 0 0 0 0 0 0 14 0 0 0 0 0 0 0 0 0 0 0 0 -999 
P146 2052 10 0 17 0 0 0 0 13 0 0 0 0 0 0 0 0 0 0 0 0 0 0 0 0 0 0 0 0 0 0 0 0 
P146 2052 11 0 0 0 0 0 0 6 18 0 0 0 0 0 0 0 14 19 0 18 25 36 0 24 47 0 120 147 0 28 56 -999 
P146 2052 12 55 44 0 18 26 0 0 0 61 210 167 36 92 51 10 10 0 44 0 0 0 0 0 44 0 0 4 0 2 0 13 
P146 2053 1 0 0 0 0 0 0 0 0 0 0 0 38 44 0 26 9 15 0 0 6 0 0 0 0 0 0 0 0 0 0 0 
P146 2053 2 25 73 0 0 98 142 116 31 30 0 7 0 6 9 0 15 0 24 7 22 0 0 7 22 49 59 236 173 -999 -999 -999 
P146 2053 3 145 38 0 18 24 0 0 0 0 0 0 0 17 32 37 30 92 79 56 35 0 22 0 0 0 0 0 23 44 57 56 
P146 2053 4 48 0 0 46 68 0 84 0 21 0 0 0 0 0 0 0 0 0 0 0 0 0 0 0 10 0 0 0 0 0 -999 
P146 2053 5 0 29 0 65 39 0 116 42 33 0 0 0 0 0 0 14 0 0 28 34 0 0 40 0 0 0 10 0 18 0 0 
P146 2053 6 0 0 0 0 10 0 0 0 15 0 15 0 0 0 24 0 0 0 0 0 0 0 0 0 0 0 0 0 0 0 -999 
P146 2053 7 0 0 0 0 0 0 0 0 0 0 0 0 0 0 0 0 0 0 0 0 0 0 0 15 0 0 0 0 0 0 0 
P146 2053 8 0 0 0 0 0 0 0 0 0 0 0 0 0 0 0 0 0 0 0 0 0 0 0 0 0 0 0 0 0 0 0 
P146 2053 9 0 0 0 7 0 0 0 0 0 0 0 0 0 6 0 0 0 0 0 0 0 7 0 0 0 0 0 0 0 0 -999 
P146 2053 10 0 0 0 0 0 0 0 0 12 0 0 0 12 0 0 0 8 16 0 11 0 0 0 21 0 0 0 0 0 0 0 
P146 2053 11 0 30 116 33 27 20 0 0 0 184 115 58 0 26 83 0 96 77 0 0 9 17 0 14 0 0 19 0 0 0 -999 
P146 2053 12 0 0 0 0 0 6 0 1 0 0 0 0 0 0 0 0 17 0 0 3 0 0 0 0 56 74 0 31 89 0 91 
P146 2054 1 71 76 219 90 121 0 0 0 69 74 68 99 101 196 59 102 0 0 0 0 0 0 0 0 0 0 57 212 165 25 48 
P146 2054 2 0 180 87 0 0 0 44 29 7 5 0 19 0 18 10 9 0 0 0 0 0 15 1 4 0 0 0 0 -999 -999 -999 
P146 2054 3 0 0 0 0 0 0 0 4 0 0 5 0 6 0 0 0 7 27 0 0 16 29 53 11 0 0 0 0 0 35 36 
P146 2054 4 0 35 0 0 0 106 128 77 42 46 39 72 10 0 0 50 15 30 43 24 0 0 0 0 8 0 25 53 47 81 -999 
P146 2054 5 43 28 0 0 11 0 0 0 8 23 0 20 0 28 0 40 37 17 17 0 44 70 34 108 71 32 28 21 0 0 0 
P146 2054 6 0 0 0 0 0 0 6 0 0 0 0 0 0 0 3 0 0 0 0 0 0 0 0 0 0 0 0 0 0 0 -999 
P146 2054 7 0 0 3 0 0 0 0 3 0 0 0 0 0 0 0 0 0 0 0 0 0 0 0 0 0 0 0 0 0 0 0 
P146 2054 8 0 7 0 0 0 0 2 0 0 0 0 0 0 0 0 0 0 0 0 0 0 2 0 0 0 0 0 9 0 0 5 
P146 2054 9 7 0 0 0 0 0 0 0 0 0 0 0 27 0 0 0 0 0 0 0 0 0 33 18 0 6 0 11 29 74 -999 
P146 2054 10 29 0 0 0 0 6 18 0 3 0 0 0 0 40 0 0 32 44 0 0 0 0 0 39 63 0 63 12 23 0 0 
P146 2054 11 93 0 0 0 0 19 34 0 131 128 72 54 29 64 212 0 0 21 59 0 0 28 5 10 0 12 40 16 16 29 -999 
P146 2054 12 0 13 0 1 0 0 0 0 0 0 27 94 48 0 12 26 22 0 0 0 0 0 0 0 86 82 78 96 0 62 45 
P146 2055 1 13 0 0 32 10 0 0 39 0 0 0 19 25 0 15 18 53 202 0 24 0 0 5 0 0 0 0 0 0 0 0 
P146 2055 2 0 0 0 0 0 45 66 38 0 0 0 0 0 0 0 0 3 0 7 0 12 0 23 22 0 62 39 0 -999 -999 -999 
P146 2055 3 56 0 64 107 82 0 41 41 46 0 0 64 0 0 0 0 22 0 0 0 0 5 34 32 22 11 0 29 0 0 5 
P146 2055 4 0 21 15 0 17 0 0 0 23 0 36 0 0 3 0 0 0 0 0 46 56 0 13 0 30 0 24 14 7 0 -999 
P146 2055 5 0 0 0 7 0 0 0 12 0 33 71 0 47 0 0 0 0 0 17 0 15 10 0 0 29 49 0 0 12 0 15 
P146 2055 6 0 0 0 0 0 0 0 0 0 0 0 0 0 0 0 0 0 0 0 0 0 0 0 0 0 0 0 0 0 0 -999 
P146 2055 7 0 0 0 0 0 0 0 0 0 0 0 0 0 0 0 0 0 0 0 0 0 0 0 0 0 0 0 0 0 0 0 
P146 2055 8 0 0 0 0 0 0 0 0 0 0 0 0 0 0 0 0 0 0 0 0 0 0 0 0 0 0 0 0 0 0 0 
P146 2055 9 0 0 0 0 0 3 0 0 0 0 0 0 0 0 0 0 0 0 0 0 0 0 0 14 10 0 0 0 0 65 -999 
P146 2055 10 28 0 28 32 42 0 0 0 18 0 0 30 0 0 61 0 121 0 0 0 0 0 0 0 0 0 12 0 0 0 0 
P146 2055 11 0 6 0 0 0 46 73 101 0 0 34 0 0 0 0 50 89 0 0 0 0 0 16 0 0 0 47 48 171 62 -999 
P146 2055 12 20 6 16 0 0 0 19 0 0 0 0 50 43 33 0 0 0 0 0 0 0 0 0 0 0 3 0 0 0 96 52 
P146 2056 1 52 0 0 91 81 0 83 0 33 0 39 3 0 0 0 34 21 0 17 0 0 0 33 52 65 72 171 95 0 31 0 
P146 2056 2 0 79 56 21 160 122 111 21 0 92 158 100 0 137 191 0 33 0 0 0 0 100 0 0 55 0 0 0 -999 -999 -999 
P146 2056 3 0 67 0 0 81 169 118 0 0 122 114 81 125 238 129 0 40 0 74 117 21 18 0 0 14 40 68 0 0 0 0 
P146 2056 4 0 63 27 0 0 5 0 0 0 0 0 0 21 0 0 9 0 0 54 20 0 0 11 0 0 0 0 0 0 0 -999 
P146 2056 5 0 0 0 0 0 0 21 0 39 23 25 24 0 0 11 0 0 0 0 0 0 0 0 0 0 0 0 0 0 0 0 
P146 2056 6 0 0 11 0 0 0 0 10 0 0 0 8 0 0 0 0 9 0 0 0 0 0 0 0 0 0 0 0 0 0 -999 
P146 2056 7 0 0 0 23 0 0 0 0 0 0 0 0 0 0 0 0 6 0 0 0 0 0 0 0 0 0 0 0 0 0 0 
P146 2056 8 0 0 0 0 0 0 0 0 0 0 0 0 0 0 0 0 0 0 0 8 0 0 0 0 0 0 0 0 0 0 0 
P146 2056 9 0 0 0 0 0 0 0 0 8 0 0 0 0 0 0 0 0 0 0 0 0 0 5 0 0 0 0 0 0 0 -999 
P146 2056 10 0 0 0 0 0 0 0 0 0 0 0 0 0 0 0 10 0 0 0 0 0 15 45 46 118 194 0 0 0 4 0 
P146 2056 11 23 0 0 0 29 0 48 74 0 0 49 65 29 0 67 0 0 0 0 0 0 0 1 3 0 0 0 0 0 0 -999 
P146 2056 12 0 0 0 13 0 0 0 0 0 0 0 0 5 0 0 25 0 95 56 16 0 18 0 0 0 0 0 0 33 26 75 
P146 2057 1 0 122 81 51 0 0 0 0 11 0 58 18 15 16 26 60 0 142 193 56 26 8 7 8 0 0 0 264 161 28 0 
P146 2057 2 0 0 0 0 66 16 0 0 19 0 0 0 0 0 0 0 0 0 0 0 0 0 0 42 115 67 113 80 -999 -999 -999 
P146 2057 3 45 44 0 11 0 3 0 0 0 14 6 0 12 0 58 79 90 167 136 69 0 0 0 0 0 0 21 94 60 55 0 
P146 2057 4 80 43 34 0 0 0 0 18 0 40 48 0 51 0 68 38 62 74 28 0 0 0 0 0 0 0 0 0 8 26 -999 
P146 2057 5 44 0 18 0 0 35 0 31 35 22 0 0 0 0 0 9 0 0 0 0 0 0 14 0 0 13 13 0 0 0 0 
P146 2057 6 0 0 0 0 0 0 0 0 0 0 0 0 0 0 0 0 0 0 0 0 0 0 0 0 0 0 0 0 0 0 -999 
P146 2057 7 0 0 0 0 5 0 0 0 0 0 0 0 0 0 0 0 0 0 0 0 0 0 0 0 0 15 0 0 0 0 0 
P146 2057 8 0 0 7 0 0 0 0 0 0 0 0 0 0 0 0 0 0 0 0 0 0 34 0 0 0 0 0 0 0 0 0 
P146 2057 9 0 16 0 0 8 0 4 0 0 0 0 0 0 0 0 0 0 0 0 0 0 15 0 42 30 0 1 0 0 11 -999 
P146 2057 10 0 0 0 0 25 0 0 0 42 19 0 0 0 19 0 0 0 0 0 21 27 26 17 42 0 0 0 0 0 0 0 
P146 2057 11 0 0 14 0 0 0 0 0 44 50 0 0 235 29 0 0 0 26 0 46 0 0 0 0 0 0 110 182 18 78 -999 
P146 2057 12 61 43 79 0 0 0 0 0 0 0 0 0 0 0 0 4 0 0 0 42 61 43 113 170 0 0 43 0 0 0 4 
P146 2058 1 0 0 10 0 0 11 9 0 37 46 44 166 180 89 201 287 95 108 37 0 0 0 0 0 1 0 30 217 270 251 86 
P146 2058 2 25 0 27 58 95 54 28 0 0 0 23 107 10 12 0 0 0 0 19 0 0 0 15 39 0 0 0 0 -999 -999 -999 
P146 2058 3 0 18 28 81 0 0 0 0 0 0 29 0 0 4 18 34 0 0 16 0 0 0 0 0 0 0 0 3 13 0 0 
P146 2058 4 76 71 0 12 0 0 0 28 31 0 21 82 114 66 0 0 20 21 17 0 0 0 21 39 43 35 16 20 21 36 -999 
P146 2058 5 14 0 34 0 23 42 21 0 0 15 9 0 29 0 0 0 0 0 0 0 0 0 0 39 0 0 0 1 0 0 0 
P146 2058 6 0 6 0 0 0 0 0 14 0 0 0 0 0 0 0 22 22 0 0 0 0 0 0 0 0 0 0 0 0 0 -999 
P146 2058 7 0 0 0 0 0 0 0 0 0 0 0 0 0 0 0 0 0 0 0 0 0 0 0 0 0 0 0 0 0 0 0 
P146 2058 8 0 0 0 0 0 0 0 0 0 0 0 0 0 0 0 0 0 0 6 0 0 0 0 0 0 0 0 0 0 0 0 
P146 2058 9 3 0 0 0 0 0 0 0 0 0 24 0 0 0 0 0 0 0 0 0 0 0 0 0 0 0 0 0 0 0 -999 
P146 2058 10 0 0 0 103 108 44 0 0 0 0 0 0 0 0 0 0 0 0 0 0 0 16 36 24 0 0 0 0 5 0 0 
P146 2058 11 7 0 0 0 10 0 0 68 100 0 62 0 0 6 0 0 0 0 0 0 0 0 0 0 0 0 0 0 19 18 -999 
P146 2058 12 42 21 9 12 0 17 17 0 0 0 0 0 0 0 0 0 0 0 0 0 0 0 13 0 0 5 0 0 1 0 0 
P146 2059 1 0 0 0 0 0 0 0 41 10 0 0 0 10 0 0 0 49 0 0 0 0 0 0 0 0 0 0 0 0 7 0 
P146 2059 2 0 8 0 0 0 0 2 0 0 0 65 0 89 37 19 0 0 0 0 0 0 0 12 0 0 0 0 0 -999 -999 -999 
P146 2059 3 0 0 0 0 0 0 0 0 0 0 0 0 0 0 0 0 0 36 0 0 0 0 0 0 0 0 86 82 0 112 104 
P146 2059 4 0 0 0 0 0 0 48 95 84 70 63 66 37 34 0 0 0 0 16 14 0 42 49 126 0 0 11 0 0 0 -999 
P146 2059 5 0 0 0 0 0 0 4 0 0 0 0 0 0 17 32 0 0 0 0 0 18 0 0 0 38 0 0 0 0 0 12 
P146 2059 6 0 0 0 0 12 0 0 0 0 0 0 12 0 0 0 0 0 0 0 0 0 0 0 0 0 0 0 9 0 0 -999 
P146 2059 7 0 0 0 0 0 0 0 0 0 0 0 0 0 0 0 0 0 0 0 0 0 0 0 0 0 0 0 0 0 0 0 
P146 2059 8 0 0 0 0 0 0 0 0 0 0 0 0 0 0 0 0 0 0 0 0 0 0 0 0 0 121 0 0 0 0 0 
P146 2059 9 0 0 0 0 0 0 0 0 0 0 0 0 0 0 0 0 0 0 0 0 0 0 0 0 0 0 0 0 0 0 -999 
P146 2059 10 0 0 22 26 0 23 0 0 11 0 9 0 0 0 0 0 0 0 0 0 0 0 0 0 0 0 78 98 0 0 31 
P146 2059 11 0 0 62 73 46 0 0 0 5 0 0 0 0 0 0 0 23 0 19 0 14 0 20 0 0 0 0 0 0 0 -999 
P146 2059 12 0 0 0 0 53 59 19 0 0 98 47 67 28 0 18 0 0 0 0 0 0 0 15 0 69 156 145 86 75 0 0 
P146 2060 1 0 0 0 0 30 43 33 45 65 65 170 190 160 129 93 68 0 0 22 0 0 0 0 0 12 6 0 0 0 0 0 
P146 2060 2 63 2 0 6 0 0 0 0 0 0 0 28 0 0 0 0 0 9 15 22 0 0 16 5 0 0 0 36 -999 -999 -999 
P146 2060 3 0 17 0 13 0 0 132 0 17 33 26 9 0 0 13 29 13 0 0 23 46 0 0 0 0 47 0 83 73 28 0 
P146 2060 4 44 30 44 26 0 0 0 0 0 79 31 0 33 0 0 0 12 18 0 0 0 5 0 0 0 0 0 0 0 0 -999 
P146 2060 5 0 15 50 32 0 23 0 0 0 0 0 0 0 0 0 0 11 6 0 8 0 0 0 0 0 0 0 0 0 0 0 
P146 2060 6 0 0 0 0 0 23 0 14 0 0 0 0 0 0 0 0 0 0 0 0 13 13 0 0 0 0 0 0 0 0 -999 
P146 2060 7 0 0 0 0 0 0 0 0 0 0 0 0 0 0 0 0 0 0 0 0 0 0 0 0 0 0 0 0 0 0 0 
P146 2060 8 0 0 0 0 0 0 0 0 0 0 0 0 10 0 0 0 0 0 0 0 0 0 0 0 0 0 0 0 0 0 0 
P146 2060 9 0 0 0 0 0 0 0 0 0 0 0 0 17 0 0 20 0 0 0 13 0 0 0 0 12 0 0 0 0 0 -999 
P146 2060 10 26 0 0 0 0 5 0 0 0 0 0 0 0 0 0 0 0 0 0 0 0 12 0 0 0 0 0 0 0 0 0 
P146 2060 11 0 38 0 47 49 51 64 51 88 48 27 76 21 0 0 0 0 167 172 115 38 0 20 38 0 0 0 58 0 23 -999 
P146 2060 12 0 0 0 0 60 110 125 0 0 0 0 0 0 0 0 33 0 32 21 19 14 22 0 31 14 25 28 34 176 136 46 
P146 2061 1 20 35 49 20 0 0 134 68 0 0 0 0 0 0 0 0 0 0 0 0 0 0 0 31 0 20 0 9 0 7 17 
P146 2061 2 0 30 18 10 25 0 0 0 50 50 80 0 29 36 0 0 0 0 0 0 8 28 29 0 43 0 16 43 -999 -999 -999 
P146 2061 3 0 0 0 0 0 0 0 0 56 0 6 0 0 0 0 75 76 116 0 0 50 68 69 105 212 17 0 0 0 0 0 
P146 2061 4 0 92 142 0 21 0 0 0 36 42 32 21 0 0 0 0 7 0 0 0 0 0 0 5 0 0 18 0 0 0 -999 
P146 2061 5 0 0 0 4 0 0 0 16 10 0 0 9 0 0 18 32 22 0 0 0 0 0 0 0 0 0 0 0 9 0 0 
P146 2061 6 0 0 0 0 0 0 0 10 0 0 0 0 0 0 0 0 2 11 0 0 0 0 0 0 0 3 0 7 0 0 -999 
P146 2061 7 0 3 0 0 0 0 0 0 0 0 0 0 0 0 0 0 0 0 0 0 0 0 0 0 0 0 0 0 0 0 0 
P146 2061 8 0 0 0 0 0 0 0 0 0 0 0 0 0 0 0 0 0 0 0 0 0 0 0 0 0 0 0 0 0 0 0 
P146 2061 9 0 0 0 0 0 0 0 3 0 0 0 0 38 0 0 0 0 0 0 0 0 23 0 0 0 36 0 0 0 17 -999 
P146 2061 10 0 12 15 15 0 10 0 0 0 0 0 0 0 7 49 91 0 0 0 132 0 0 0 112 15 9 0 0 62 0 0 
P146 2061 11 113 16 0 0 0 11 0 0 40 94 0 0 0 0 27 39 71 25 0 0 0 0 0 0 0 6 9 67 24 0 -999 
P146 2061 12 11 6 0 0 0 0 0 0 9 0 0 20 0 6 0 43 0 48 45 31 77 115 0 0 0 0 0 0 0 31 0 
P146 2062 1 3 4 5 0 0 0 2 4 0 0 0 0 6 0 0 0 0 0 0 0 0 0 0 0 16 83 58 0 0 0 0 
P146 2062 2 32 0 32 0 0 0 0 24 34 15 16 2 0 18 0 0 0 2 0 0 0 0 0 109 67 103 63 23 -999 -999 -999 
P146 2062 3 6 0 0 34 30 0 0 0 0 40 141 156 311 261 97 0 0 30 0 0 0 43 0 0 0 0 0 0 0 0 0 
P146 2062 4 0 0 0 0 0 0 0 0 0 0 8 6 0 0 0 0 0 0 0 0 0 20 0 0 0 0 19 37 52 0 -999 
P146 2062 5 0 0 0 0 0 0 0 37 0 0 11 9 0 0 0 0 0 0 0 0 0 0 0 0 0 0 14 0 0 0 0 
P146 2062 6 0 0 19 0 0 0 9 14 0 0 0 0 0 0 0 0 0 0 0 0 11 0 0 0 0 0 0 0 0 0 -999 
P146 2062 7 0 0 0 9 17 0 0 0 0 0 0 10 0 0 0 0 0 0 0 0 0 0 0 0 0 31 0 0 0 0 0 
P146 2062 8 0 0 0 0 0 0 0 0 0 0 0 0 0 8 0 0 0 0 0 0 0 0 0 0 0 0 0 0 0 0 0 
P146 2062 9 0 0 0 0 0 0 0 0 4 11 0 0 0 0 0 0 0 0 0 0 0 0 0 0 0 0 20 0 0 0 -999 
P146 2062 10 0 0 34 110 185 173 0 17 0 24 31 0 0 0 0 0 24 0 0 0 0 0 33 0 0 0 23 0 0 0 0 
P146 2062 11 8 0 0 0 0 18 32 54 38 16 15 0 0 0 0 0 10 0 0 0 2 21 0 0 0 0 0 0 0 0 -999 
P146 2062 12 0 0 2 0 0 0 0 15 0 17 27 23 1 0 0 27 0 0 11 2 6 0 0 0 0 0 0 0 0 0 57 
P146 2063 1 125 92 145 0 33 85 107 231 0 24 25 0 112 106 133 188 0 112 126 99 174 146 91 62 100 51 9 0 0 104 82 
P146 2063 2 0 23 0 0 5 0 9 8 0 32 0 0 40 79 122 184 0 0 7 0 0 0 7 0 0 0 0 0 -999 -999 -999 
P146 2063 3 0 8 0 0 23 0 74 57 0 0 78 0 0 65 72 177 62 0 17 0 29 24 22 59 180 97 73 49 0 0 79 
P146 2063 4 0 10 0 51 144 0 11 60 142 39 0 0 11 0 0 0 19 9 0 15 15 0 23 0 0 0 0 0 0 0 -999 
P146 2063 5 22 0 31 0 0 0 0 7 0 0 0 36 0 0 0 0 0 0 0 0 0 0 0 0 0 0 4 0 0 0 0 
P146 2063 6 12 0 0 0 0 0 0 0 0 0 0 0 0 0 0 0 0 0 0 0 0 0 0 0 0 0 0 0 0 0 -999 
P146 2063 7 0 0 0 0 22 0 0 0 0 0 0 0 0 0 0 0 0 0 0 0 0 0 0 0 0 0 0 0 0 0 0 
P146 2063 8 0 0 0 0 0 0 0 0 0 0 0 0 0 0 0 0 0 6 0 0 0 0 0 0 0 0 0 0 0 0 0 
P146 2063 9 5 0 0 0 0 0 0 0 4 0 0 0 0 0 0 0 0 0 17 0 0 16 0 0 0 15 0 0 17 0 -999 
P146 2063 10 0 0 0 0 0 0 0 0 14 0 0 0 0 147 31 0 23 0 10 0 0 14 0 0 18 0 0 6 9 0 0 
P146 2063 11 0 0 0 0 0 0 0 0 0 4 0 0 0 35 0 0 0 0 0 0 43 0 0 0 0 0 0 0 0 0 -999 
P146 2063 12 6 0 0 0 0 0 0 0 0 0 0 0 8 0 14 0 0 0 0 2 0 0 0 0 0 0 0 0 0 0 0 
P146 2064 1 30 8 0 7 0 0 0 0 9 13 0 0 0 0 0 67 13 0 0 0 0 0 0 0 0 31 23 15 16 35 13 
P146 2064 2 11 34 0 0 0 0 25 17 0 0 0 0 0 0 0 0 0 0 0 0 0 0 11 0 0 0 0 0 -999 -999 -999 
P146 2064 3 43 29 0 23 0 87 59 66 77 74 0 27 39 69 119 87 71 98 66 74 0 0 0 0 0 73 30 17 27 0 0 
P146 2064 4 0 0 0 0 0 41 65 0 0 28 29 0 21 0 0 0 14 0 21 0 0 0 0 0 45 44 0 0 0 0 -999 
P146 2064 5 23 0 0 0 17 20 26 33 0 0 11 16 0 0 0 0 0 5 0 0 0 20 0 0 0 0 0 0 0 0 0 
P146 2064 6 5 0 0 0 0 0 0 0 0 0 0 0 0 0 0 0 0 0 0 0 0 0 0 0 0 0 0 0 0 0 -999 
P146 2064 7 0 13 0 0 0 0 0 0 8 15 0 0 0 0 0 0 0 0 0 0 0 0 0 0 0 0 0 0 0 0 0 
P146 2064 8 0 0 0 0 0 0 0 31 0 0 0 0 0 0 0 0 0 0 0 0 0 0 0 0 0 0 0 0 0 0 15 
P146 2064 9 0 0 11 13 0 0 0 0 0 0 0 0 0 0 0 0 0 0 0 0 0 0 0 0 6 0 0 0 0 0 -999 
P146 2064 10 0 0 0 0 22 0 0 42 0 0 0 0 0 0 0 0 0 0 0 0 20 0 0 0 0 0 18 0 0 0 0 
P146 2064 11 0 11 0 17 45 0 0 0 0 0 0 0 29 130 45 5 0 0 2 3 0 0 0 0 0 0 0 19 11 0 -999 
P146 2064 12 49 0 0 0 0 139 94 179 0 0 22 0 0 0 0 0 12 0 0 0 0 0 0 0 0 0 0 0 0 0 0 
P146 2065 1 0 9 0 0 18 0 0 0 0 0 56 64 0 0 0 29 0 0 0 0 0 0 0 0 0 0 0 0 50 0 0 
P146 2065 2 24 0 0 0 0 0 0 0 0 0 0 0 125 166 125 206 163 169 127 123 0 0 0 0 0 0 0 0 -999 -999 -999 
P146 2065 3 0 0 0 0 0 0 0 0 0 0 0 7 0 1 0 0 0 0 21 0 21 0 27 0 57 0 32 78 0 0 19 
P146 2065 4 23 0 0 0 0 72 0 0 1 0 0 0 0 0 0 0 0 0 0 0 0 0 0 0 0 0 0 12 0 12 -999 
P146 2065 5 0 4 0 7 0 0 0 0 0 0 0 0 0 0 0 0 0 0 0 0 30 0 0 8 0 0 0 0 0 0 0 
P146 2065 6 0 0 0 0 0 0 0 0 10 0 0 0 0 0 0 14 0 0 0 0 0 0 0 0 0 0 0 0 0 0 -999 
P146 2065 7 0 0 0 0 0 0 0 0 0 0 0 0 0 0 0 0 0 0 0 0 0 0 0 0 0 0 0 0 0 0 0 
P146 2065 8 0 0 0 0 0 0 0 0 0 0 0 0 0 0 0 0 0 0 0 0 0 0 0 0 0 0 0 0 0 0 0 
P146 2065 9 0 0 0 0 0 0 0 0 0 0 0 0 0 0 0 0 9 0 0 0 0 0 0 0 26 26 0 0 0 0 -999 
P146 2065 10 0 0 0 8 0 0 0 0 0 0 25 0 0 16 0 0 12 0 0 0 24 25 119 107 25 65 101 0 75 63 32 
P146 2065 11 0 0 0 0 0 0 0 0 0 0 0 0 0 0 0 0 6 5 0 0 0 46 12 0 0 0 54 35 14 40 -999 
P146 2065 12 0 11 0 0 5 0 0 0 19 60 97 235 47 0 0 65 0 35 61 152 75 199 190 299 385 378 211 20 0 0 10 
P146 2066 1 0 0 0 0 9 0 0 7 28 50 74 135 0 0 73 53 0 0 130 0 0 0 73 0 0 0 0 30 0 23 0 
P146 2066 2 50 49 27 0 31 0 0 0 0 0 12 6 9 0 0 0 0 0 0 0 0 0 7 9 172 70 49 58 -999 -999 -999 
P146 2066 3 35 11 0 0 0 0 40 0 0 0 0 0 0 0 0 0 13 0 7 0 0 0 0 0 0 0 1 0 0 0 0 
P146 2066 4 0 20 0 0 0 0 0 0 5 16 0 0 0 0 0 0 20 0 0 0 1 5 0 6 34 0 0 62 67 47 -999 
P146 2066 5 0 0 20 10 0 21 0 0 30 0 0 0 10 0 0 0 0 0 28 0 12 0 0 0 0 0 0 0 0 0 0 
P146 2066 6 0 0 0 0 0 0 0 0 0 0 0 0 0 0 0 0 0 0 0 0 0 0 6 0 0 0 0 0 0 0 -999 
P146 2066 7 0 0 0 0 0 0 0 0 0 0 0 0 0 0 0 0 13 0 0 0 0 0 0 0 0 0 0 5 0 3 0 
P146 2066 8 0 0 0 0 0 0 0 0 0 0 0 0 0 0 0 0 0 13 0 4 0 0 14 0 0 39 0 0 0 3 0 
P146 2066 9 0 0 0 0 0 0 0 0 0 0 0 0 0 0 0 0 0 0 0 25 0 0 0 0 35 0 0 22 0 23 -999 
P146 2066 10 0 0 0 0 0 0 7 0 0 0 0 0 6 11 0 0 0 0 15 0 0 0 0 0 0 13 0 0 8 8 0 
P146 2066 11 0 0 0 0 76 40 0 41 32 0 27 29 41 0 0 26 0 0 0 0 0 0 0 0 37 32 0 0 0 0 -999 
P146 2066 12 12 0 25 47 0 0 0 0 0 0 0 0 0 47 160 161 578 385 102 60 24 0 5 5 4 0 0 34 0 110 68 
P146 2067 1 23 0 32 10 0 30 0 21 35 0 47 46 64 84 118 99 95 0 0 159 170 212 160 120 180 169 223 0 0 38 95 
P146 2067 2 103 0 140 47 0 38 88 49 0 53 60 0 47 108 55 0 21 85 173 96 114 0 0 0 0 0 99 9 -999 -999 -999 
P146 2067 3 4 17 18 0 0 0 0 28 47 0 23 31 0 16 7 2 0 0 0 5 12 0 19 15 0 3 6 0 0 0 0 
P146 2067 4 0 0 0 0 0 0 0 0 0 0 0 0 0 27 52 22 10 16 14 18 32 21 0 0 24 0 15 0 0 0 -999 
P146 2067 5 25 0 0 0 18 13 0 0 23 0 0 0 0 0 4 0 0 0 20 0 0 0 0 13 0 0 15 0 0 0 0 
P146 2067 6 0 0 0 13 0 0 0 0 0 0 0 0 0 0 11 0 0 0 0 0 0 0 0 0 0 0 0 0 0 0 -999 
P146 2067 7 0 0 0 0 0 0 0 0 0 0 0 0 0 0 0 0 0 0 0 0 0 0 0 13 0 0 0 0 0 0 0 
P146 2067 8 0 0 0 0 0 0 0 0 0 0 0 0 0 0 0 0 0 0 0 0 0 0 0 0 0 0 0 0 0 0 0 
P146 2067 9 0 0 0 0 0 0 0 0 5 0 0 0 0 0 0 0 0 0 0 0 0 0 0 0 7 9 0 0 0 0 -999 
P146 2067 10 0 0 0 0 0 7 0 0 0 7 0 0 0 0 6 0 0 0 0 0 0 0 14 0 0 0 0 0 0 21 0 
P146 2067 11 40 11 10 8 9 0 9 0 0 0 0 3 0 0 0 0 0 0 0 0 0 0 0 0 12 0 0 11 0 0 -999 
P146 2067 12 0 0 0 24 0 11 0 0 0 0 0 13 24 0 0 0 0 0 0 0 0 25 0 0 4 0 74 0 26 0 20 
P146 2068 1 0 0 0 0 69 164 109 0 24 0 0 0 0 0 0 0 0 0 0 0 0 5 0 15 26 42 16 0 18 0 0 
P146 2068 2 0 0 0 0 23 36 36 0 0 18 36 43 0 0 0 0 0 0 0 0 0 0 0 5 4 0 76 39 -999 -999 -999 
P146 2068 3 38 73 0 0 200 243 42 0 52 34 0 0 0 9 0 20 93 131 37 0 0 0 47 4 0 12 0 0 0 0 0 
P146 2068 4 45 27 13 16 13 0 31 99 63 40 21 0 25 0 0 0 4 5 4 0 0 0 0 0 0 0 0 0 15 0 -999 
P146 2068 5 0 11 0 0 28 0 0 0 13 9 0 25 57 0 0 0 25 24 0 0 0 0 0 0 0 0 22 0 19 0 0 
P146 2068 6 0 0 0 19 0 14 18 9 0 0 0 0 0 0 0 0 0 0 0 0 0 0 0 0 0 0 0 0 0 0 -999 
P146 2068 7 0 0 0 0 0 0 0 1 0 0 0 0 0 0 0 0 0 6 0 0 0 7 0 0 0 0 0 0 0 0 0 
P146 2068 8 0 0 0 0 0 0 0 0 0 0 0 0 0 0 0 0 0 0 0 0 0 0 0 0 0 0 0 9 0 0 0 
P146 2068 9 0 0 0 0 0 0 0 0 0 68 53 0 0 14 0 0 0 23 0 0 0 0 0 0 0 0 0 3 6 0 -999 
P146 2068 10 0 0 0 0 0 0 0 0 0 0 34 0 0 16 18 0 0 0 0 0 0 22 0 0 0 5 5 0 0 6 0 
P146 2068 11 26 39 35 0 0 0 0 0 0 0 5 0 0 0 0 0 0 0 0 0 57 0 0 0 0 0 19 0 0 0 -999 
P146 2068 12 1 0 3 0 0 0 0 85 30 0 10 0 0 142 0 0 0 0 0 0 0 0 59 65 79 0 0 13 0 33 0 
P146 2069 1 71 150 0 4 7 0 0 0 0 9 15 21 9 3 0 0 0 2 0 0 0 0 0 0 0 0 0 55 54 0 0 
P146 2069 2 0 0 54 160 211 0 0 98 113 0 0 0 0 41 0 24 0 0 23 0 90 27 0 0 27 0 20 28 -999 -999 -999 
P146 2069 3 34 24 51 23 0 0 0 0 10 0 0 12 0 0 0 0 0 0 0 0 0 0 0 0 0 49 60 51 0 45 50 
P146 2069 4 0 77 14 0 43 14 38 0 0 0 0 0 0 0 0 0 0 0 15 0 0 0 17 0 39 18 0 0 8 0 -999 
P146 2069 5 0 5 0 0 0 0 0 0 0 0 0 0 0 0 0 35 0 0 13 0 0 0 0 6 0 9 0 0 0 10 0 
P146 2069 6 0 0 0 0 0 0 4 0 0 0 0 0 0 0 0 0 0 0 0 0 0 0 0 0 0 0 0 0 0 0 -999 
P146 2069 7 0 0 4 0 0 0 0 0 0 0 0 0 0 0 0 0 0 0 0 0 0 0 0 0 0 0 0 0 0 0 0 
P146 2069 8 0 0 0 0 0 0 0 0 0 0 0 9 0 0 0 0 0 0 0 0 0 0 0 0 0 0 0 0 0 0 0 
P146 2069 9 0 0 0 0 0 0 0 0 0 0 0 0 27 0 0 0 4 0 0 0 0 0 0 0 0 0 0 0 0 0 -999 
P146 2069 10 0 13 0 0 19 13 0 0 0 0 0 0 0 0 19 0 25 89 0 0 0 35 48 0 0 36 0 94 106 36 0 
P146 2069 11 15 0 34 0 0 0 0 0 53 0 0 38 0 17 0 0 0 0 0 0 0 50 0 0 0 0 0 0 0 0 -999 
P146 2069 12 0 0 0 0 0 37 0 27 0 13 10 11 0 0 6 9 0 0 0 0 0 45 50 22 0 0 0 0 140 66 27 
P146 2070 1 22 0 65 41 0 0 160 211 199 0 107 0 31 0 25 0 0 0 0 0 0 0 0 12 0 0 0 0 0 27 26 
P146 2070 2 48 0 0 0 0 0 0 6 0 0 0 43 26 22 28 0 36 24 0 0 33 0 89 81 47 175 150 0 -999 -999 -999 
P146 2070 3 48 0 20 10 0 0 33 0 0 0 78 0 0 0 183 47 48 0 0 151 290 0 0 14 35 0 39 0 28 0 0 
P146 2070 4 0 0 21 0 0 9 0 0 0 30 20 0 27 0 0 25 19 30 16 0 29 0 29 0 0 0 0 34 0 0 -999 
P146 2070 5 0 0 31 84 104 150 0 29 0 27 0 15 0 16 0 0 0 0 0 0 0 0 0 15 0 11 14 0 0 0 0 
P146 2070 6 0 0 0 0 0 0 0 0 0 0 0 0 0 0 0 0 0 0 0 0 0 0 0 0 0 0 0 0 0 0 -999 
P146 2070 7 0 0 0 0 0 0 0 0 0 0 0 0 0 0 0 0 0 0 0 0 0 0 5 0 0 0 0 0 0 0 0 
P146 2070 8 0 0 0 27 0 0 0 0 0 0 0 0 0 4 0 0 0 0 2 0 0 0 0 0 0 0 0 0 0 0 0 
P146 2070 9 7 18 0 0 0 0 0 0 0 0 0 0 0 0 0 0 0 0 14 0 0 0 0 0 0 0 6 0 0 0 -999 
P146 2070 10 0 0 0 0 0 0 5 0 0 0 0 38 0 23 0 54 0 166 43 0 8 0 12 0 0 13 0 8 0 0 0 
P146 2070 11 25 0 5 0 0 0 0 0 0 0 0 20 0 0 13 0 0 4 6 0 0 0 36 0 0 0 52 119 75 22 -999 
P146 2070 12 32 67 31 19 21 0 0 0 0 18 0 0 40 0 0 0 0 0 64 53 0 0 77 0 0 0 0 0 0 181 0 
P146 2071 1 11 0 23 0 69 0 0 0 0 129 73 84 118 46 0 58 112 128 53 0 53 0 0 32 46 116 124 69 67 0 0 
P146 2071 2 0 25 0 14 22 62 0 16 37 61 0 60 38 27 60 0 70 0 0 41 16 22 0 0 20 0 0 25 -999 -999 -999 
P146 2071 3 34 0 0 0 45 45 53 64 71 0 54 20 33 83 0 42 36 31 0 0 0 0 0 0 0 0 0 0 0 0 0 
P146 2071 4 39 0 115 0 0 0 0 0 0 0 0 0 0 0 18 0 0 13 0 0 0 0 32 0 48 36 38 33 0 26 -999 
P146 2071 5 0 38 38 0 0 70 0 0 0 22 0 10 12 0 18 0 13 0 0 10 14 31 18 12 34 0 0 7 0 0 0 
P146 2071 6 22 0 13 0 0 0 0 0 17 0 0 0 50 50 34 0 0 0 6 0 0 0 0 0 0 0 0 0 0 0 -999 
P146 2071 7 0 0 0 0 0 21 0 0 0 0 0 0 0 0 0 0 0 0 6 0 0 0 0 0 0 0 0 0 0 0 0 
P146 2071 8 0 0 0 0 0 0 0 0 0 0 0 0 0 0 0 0 0 0 0 17 0 0 2 0 0 0 0 0 0 4 7 
P146 2071 9 16 0 0 0 0 0 0 0 0 13 0 0 0 0 0 0 0 0 0 0 0 0 0 0 0 0 0 0 0 0 -999 
P146 2071 10 0 0 0 0 0 0 0 0 0 15 10 0 0 0 0 0 62 19 0 0 22 0 25 0 0 0 0 0 0 53 94 
P146 2071 11 29 81 124 74 24 15 28 0 0 0 0 0 0 0 3 0 0 9 0 15 0 0 0 0 0 18 6 11 19 0 -999 
P146 2071 12 0 26 33 0 69 208 173 115 149 236 202 200 139 131 0 0 104 0 34 0 0 0 0 167 61 192 54 0 18 0 0 
P146 2072 1 0 0 11 0 0 21 0 14 0 0 0 0 0 0 0 2 11 11 17 30 25 11 31 16 0 57 46 0 56 8 0 
P146 2072 2 128 49 53 28 64 0 0 8 2 2 0 0 4 0 0 0 0 15 82 68 0 33 19 0 20 20 0 7 -999 -999 -999 
P146 2072 3 23 0 0 0 0 0 0 0 0 0 0 0 0 0 23 0 0 0 42 50 0 12 44 66 30 36 0 0 66 51 30 
P146 2072 4 15 11 0 0 6 0 0 6 0 0 0 0 7 13 0 0 0 0 0 0 0 0 15 0 0 0 0 0 0 0 -999 
P146 2072 5 0 0 0 0 0 29 14 0 0 0 0 0 0 0 0 0 16 29 24 0 11 5 0 0 0 0 0 0 0 0 4 
P146 2072 6 0 0 0 0 6 0 0 0 0 13 0 0 0 0 0 0 0 0 0 0 0 0 0 0 0 0 0 0 2 0 -999 
P146 2072 7 0 0 0 11 0 0 0 0 0 0 0 0 0 0 0 0 0 0 0 0 0 0 0 0 0 0 0 0 0 0 0 
P146 2072 8 0 0 0 0 0 0 0 0 0 0 0 0 0 0 0 0 8 0 0 0 0 0 0 0 0 0 0 0 0 0 0 
P146 2072 9 0 0 0 0 0 36 0 0 0 0 0 0 0 0 0 0 0 8 13 0 0 12 13 0 0 49 0 0 0 10 -999 
P146 2072 10 0 0 0 0 0 0 0 0 0 8 0 11 0 0 28 0 20 0 0 5 0 0 4 0 0 0 0 0 0 0 0 
P146 2072 11 0 0 0 0 0 22 0 0 0 0 0 2 13 0 0 0 0 6 0 40 31 47 0 0 26 26 40 6 4 0 -999 
P146 2072 12 13 29 0 46 28 20 0 29 0 0 6 0 0 0 0 28 0 0 0 31 114 42 15 38 109 145 0 0 31 42 51 
P146 2073 1 0 0 0 0 0 0 0 0 0 0 5 0 0 13 0 0 0 31 72 86 131 69 36 0 0 34 31 19 0 0 41 
P146 2073 2 90 155 140 180 0 30 19 25 0 0 0 0 0 0 0 0 0 12 0 0 4 0 0 0 0 90 67 0 -999 -999 -999 
P146 2073 3 160 18 0 4 0 0 46 77 83 55 31 52 62 57 48 43 0 0 24 52 118 52 0 0 0 0 122 266 366 0 0 
P146 2073 4 9 0 0 0 0 0 38 28 20 0 0 46 34 25 0 0 0 0 37 0 35 20 0 126 178 155 62 0 9 0 -999 
P146 2073 5 0 0 0 0 0 0 0 0 0 0 0 0 0 58 42 72 0 0 0 0 0 0 10 0 0 16 0 0 7 4 3 
P146 2073 6 0 0 0 0 0 0 0 0 0 0 0 0 0 0 0 0 0 0 0 0 0 7 0 0 0 0 0 0 0 13 -999 
P146 2073 7 0 0 0 0 0 3 0 0 0 0 0 0 0 0 0 0 0 0 0 0 0 0 0 0 0 0 0 0 0 0 0 
P146 2073 8 0 0 0 0 0 0 0 0 0 0 0 0 0 0 0 0 8 0 0 0 0 0 0 0 0 0 0 0 0 0 0 
P146 2073 9 0 0 0 0 12 0 0 0 10 0 0 0 0 0 0 0 0 0 0 0 0 0 0 0 7 0 0 0 0 11 -999 
P146 2073 10 0 0 0 0 0 0 0 0 0 0 0 0 1 6 0 0 0 0 0 0 0 0 0 0 0 0 0 0 0 0 0 
P146 2073 11 23 0 0 10 0 0 0 0 0 0 0 0 0 0 47 78 0 0 185 188 125 197 0 0 30 23 28 0 0 0 -999 
P146 2073 12 0 0 0 0 19 0 0 16 0 12 19 0 38 0 3 0 0 0 36 23 0 0 0 21 56 0 0 92 193 412 887 
P146 2074 1 236 34 0 204 445 186 102 0 0 171 131 149 56 20 28 9 0 0 0 11 0 0 0 0 0 0 0 0 0 0 0 
P146 2074 2 0 0 23 16 16 0 18 0 30 0 50 51 77 53 25 61 84 29 0 0 0 0 0 5 41 301 0 201 -999 -999 -999 
P146 2074 3 124 17 0 17 22 47 59 24 17 19 0 0 36 0 0 0 0 0 0 0 0 0 0 33 14 0 2 8 0 0 0 
P146 2074 4 0 28 0 0 5 5 23 0 0 0 10 0 0 0 0 82 0 31 0 0 0 0 9 0 0 0 0 0 0 0 -999 
P146 2074 5 28 0 0 0 20 0 0 0 0 0 45 41 28 33 36 34 0 30 0 17 0 0 2 0 0 0 0 0 0 0 0 
P146 2074 6 0 0 0 23 0 0 0 0 0 18 0 0 0 0 0 0 0 0 0 0 0 3 0 0 0 0 0 0 6 0 -999 
P146 2074 7 0 0 0 0 0 0 0 0 0 0 0 0 0 0 0 0 0 0 0 0 0 0 0 0 0 0 3 0 0 0 0 
P146 2074 8 0 0 0 0 0 0 0 0 0 0 0 0 0 0 0 5 0 0 0 0 0 0 10 0 0 0 0 0 0 0 0 
P146 2074 9 0 0 0 0 0 0 0 0 0 0 0 0 0 0 0 0 0 0 0 0 0 0 0 0 0 1 0 0 0 0 -999 
P146 2074 10 0 0 17 0 0 0 0 0 0 0 0 0 0 0 0 0 0 0 0 28 0 0 87 22 0 0 0 0 0 0 0 
P146 2074 11 0 0 0 8 0 0 0 17 0 0 0 7 15 0 0 0 0 0 0 42 0 0 0 0 0 0 5 8 5 0 -999 
P146 2074 12 0 0 0 0 0 0 0 0 18 0 49 52 89 40 18 9 0 0 0 0 8 0 4 0 0 0 0 12 0 0 0 
P146 2075 1 6 7 0 0 0 0 0 22 0 44 47 43 24 0 32 0 6 0 0 0 0 14 0 16 0 0 2 0 7 2 0 
P146 2075 2 0 33 0 0 69 145 86 189 253 107 234 354 357 53 0 16 19 0 0 52 0 0 52 0 120 0 0 0 -999 -999 -999 
P146 2075 3 0 39 10 0 0 0 4 0 26 31 0 14 0 7 21 0 63 68 49 0 50 64 52 82 41 24 0 14 0 0 0 
P146 2075 4 0 22 39 42 0 88 166 147 119 20 9 12 0 0 0 0 0 0 0 95 75 0 25 3 0 0 0 19 0 0 -999 
P146 2075 5 0 0 0 0 33 0 0 0 0 0 0 18 0 0 2 0 0 4 0 0 0 0 0 0 0 0 0 0 0 0 0 
P146 2075 6 0 0 0 10 0 0 0 0 15 18 0 0 0 0 0 0 0 0 5 0 0 0 0 0 0 0 0 0 0 0 -999 
P146 2075 7 0 0 0 0 0 0 0 0 0 0 0 0 0 0 0 0 0 0 0 0 0 0 0 0 0 0 0 0 0 0 0 
P146 2075 8 0 0 0 0 0 9 0 0 0 0 0 0 0 0 0 0 0 0 0 0 0 0 0 0 0 0 0 0 0 0 0 
P146 2075 9 0 0 0 0 0 0 0 0 0 0 0 0 0 0 0 0 0 0 0 0 0 0 0 0 0 0 0 0 0 0 -999 
P146 2075 10 0 0 24 57 0 25 49 98 103 0 0 0 0 0 0 0 0 0 0 0 0 0 0 0 0 20 0 0 0 125 44 
P146 2075 11 0 17 0 0 0 148 154 77 0 0 0 26 32 70 175 91 13 33 0 0 0 49 35 0 0 0 0 0 0 0 -999 
P146 2075 12 0 19 49 49 0 0 0 138 48 17 24 32 54 92 78 0 33 0 0 0 0 3 0 0 0 0 0 25 0 0 0 
P146 2076 1 0 5 2 11 16 0 14 13 0 19 0 16 12 9 0 0 0 0 0 0 12 0 0 0 0 0 0 0 15 0 53 
P146 2076 2 78 0 7 0 0 0 0 0 0 2 0 0 0 0 0 0 28 22 0 35 25 0 9 0 0 11 0 48 -999 -999 -999 
P146 2076 3 49 0 23 17 0 40 59 67 47 40 0 0 6 0 0 13 0 0 0 46 0 57 46 0 22 0 14 14 0 0 0 
P146 2076 4 6 0 10 0 0 0 0 9 18 0 0 0 45 0 80 47 27 0 40 0 0 0 16 0 28 0 0 0 0 0 -999 
P146 2076 5 0 0 0 9 16 0 0 0 0 0 0 0 0 19 20 0 0 0 0 0 0 0 0 0 0 0 0 0 8 4 0 
P146 2076 6 0 0 0 0 0 0 0 0 0 0 0 0 0 0 0 0 0 0 0 0 0 0 0 0 0 0 4 0 0 0 -999 
P146 2076 7 0 0 0 0 0 0 0 0 0 0 5 0 0 0 0 0 0 0 0 0 0 0 0 0 0 0 0 0 0 0 0 
P146 2076 8 0 0 0 0 0 0 0 0 0 0 5 0 0 0 0 0 0 0 0 0 0 0 0 0 0 0 0 0 0 0 0 
P146 2076 9 18 0 0 0 0 0 0 0 0 0 0 0 0 0 0 0 0 0 0 0 0 0 0 0 0 0 0 0 0 0 -999 
P146 2076 10 0 0 0 0 0 28 0 0 0 0 0 0 0 0 0 0 0 0 0 0 0 0 6 0 25 29 0 105 38 0 0 
P146 2076 11 0 0 0 0 0 0 0 0 0 0 0 0 0 0 0 34 53 40 0 38 0 0 0 6 0 0 28 54 12 0 -999 
P146 2076 12 0 0 0 0 8 0 6 0 0 48 60 69 0 0 35 71 28 0 0 0 0 0 0 0 29 0 0 0 0 0 0 
P146 2077 1 0 2 0 0 0 0 0 0 0 0 0 0 0 0 0 16 0 0 0 0 18 0 0 13 0 0 25 0 0 0 42 
P146 2077 2 63 71 84 97 0 46 91 0 0 65 0 0 13 27 33 65 116 91 0 49 25 0 0 41 57 49 0 0 -999 -999 -999 
P146 2077 3 0 0 0 0 0 130 106 100 30 40 50 58 0 0 0 0 0 0 0 109 0 0 59 0 0 0 4 0 0 0 8 
P146 2077 4 0 0 0 0 0 0 9 0 0 0 0 0 0 0 37 0 41 51 0 18 0 0 10 0 0 33 0 0 0 0 -999 
P146 2077 5 0 41 0 0 0 0 0 0 0 37 0 0 0 0 0 0 0 0 0 0 0 0 0 0 0 0 0 0 0 0 0 
P146 2077 6 0 35 0 0 0 0 0 0 10 0 6 0 0 0 0 0 0 4 0 0 0 0 0 0 0 0 0 5 0 0 -999 
P146 2077 7 0 0 0 0 0 0 0 0 0 0 0 0 0 0 0 0 0 0 0 0 0 0 0 0 0 0 0 0 0 0 0 
P146 2077 8 0 0 0 0 0 0 0 0 0 0 0 0 0 0 0 0 0 0 0 0 0 0 0 0 0 0 0 0 0 0 0 
P146 2077 9 0 0 0 0 0 0 0 0 0 0 0 0 0 0 0 0 0 0 0 0 0 0 0 0 25 0 0 0 0 26 -999 
P146 2077 10 27 0 0 0 0 5 0 0 0 0 16 0 7 0 0 0 0 0 35 13 0 64 145 0 0 11 0 0 59 30 52 
P146 2077 11 69 0 22 18 19 0 0 0 109 57 40 0 0 83 0 37 46 0 0 47 0 0 0 33 0 0 0 0 0 80 -999 
P146 2077 12 87 118 159 0 0 85 123 137 0 0 111 0 0 0 0 0 0 21 0 0 0 12 0 0 0 22 0 7 1 0 0 
P146 2078 1 230 494 243 0 127 122 25 35 119 148 100 0 128 0 130 74 62 0 0 0 0 0 9 0 16 12 0 0 13 14 0 
P146 2078 2 0 14 0 5 0 0 0 0 0 0 0 0 0 0 0 13 0 0 0 0 0 26 33 23 113 137 52 39 -999 -999 -999 
P146 2078 3 0 12 27 0 0 24 79 105 48 0 25 0 0 0 128 95 154 158 143 120 88 45 44 133 0 32 0 0 16 18 0 
P146 2078 4 71 47 19 0 0 0 0 39 26 40 36 0 25 82 30 36 0 29 0 0 0 0 0 0 0 26 0 0 0 0 -999 
P146 2078 5 49 0 0 0 0 0 0 33 28 0 0 0 0 14 0 0 0 17 17 0 0 0 0 0 0 0 0 0 0 0 0 
P146 2078 6 0 0 0 0 0 12 0 0 0 0 0 0 0 0 13 0 19 9 0 0 0 6 0 3 0 0 0 3 0 0 -999 
P146 2078 7 0 0 0 0 0 0 2 0 0 0 0 0 0 0 0 0 0 0 0 0 0 0 0 0 0 0 0 0 0 0 0 
P146 2078 8 0 0 0 0 0 0 0 0 0 0 0 0 0 0 0 0 0 0 0 0 0 0 0 0 0 0 0 0 0 0 0 
P146 2078 9 0 0 0 0 0 0 0 10 4 0 0 0 0 0 0 27 30 0 0 0 0 0 5 0 0 0 1 0 0 3 -999 
P146 2078 10 0 0 0 0 0 0 0 0 0 39 0 0 0 0 0 0 71 0 0 0 47 0 11 0 0 0 0 0 22 0 14 
P146 2078 11 0 19 0 0 0 0 0 0 0 0 0 0 0 0 0 0 0 0 46 23 30 0 13 0 0 0 0 0 9 0 -999 
P146 2078 12 0 0 17 18 27 27 15 0 0 25 96 29 14 0 23 0 0 0 2 0 0 54 21 0 0 102 246 0 40 296 390 
P146 2079 1 34 7 24 0 0 0 0 0 0 0 21 0 0 7 8 7 0 0 0 18 0 10 3 3 0 0 0 15 0 0 0 
P146 2079 2 15 22 21 0 0 17 11 0 0 9 0 7 0 0 0 0 0 0 0 0 0 18 34 82 68 0 0 27 -999 -999 -999 
P146 2079 3 34 26 38 43 49 26 0 0 8 8 12 0 0 12 0 0 4 0 0 0 7 16 25 0 28 28 15 0 0 0 13 
P146 2079 4 0 0 0 34 47 25 0 0 0 13 0 0 0 63 34 34 28 17 0 0 0 0 0 25 0 15 0 0 0 0 -999 
P146 2079 5 0 0 6 0 0 46 0 0 0 0 0 0 0 0 0 0 0 0 0 0 0 0 0 0 6 0 1 0 0 0 0 
P146 2079 6 0 0 4 0 0 0 67 0 0 0 0 0 0 0 0 0 0 0 0 0 0 0 0 0 0 15 0 0 0 0 -999 
P146 2079 7 6 0 0 0 0 0 0 0 0 0 0 0 0 0 0 0 0 0 0 0 0 0 0 0 0 0 0 0 0 0 0 
P146 2079 8 0 0 0 0 0 0 0 0 0 0 0 0 0 0 0 0 0 0 0 10 0 0 0 0 0 0 0 0 0 0 0 
P146 2079 9 0 0 0 0 0 0 0 0 0 0 0 22 0 0 0 0 0 0 0 0 0 0 0 9 0 0 0 0 0 0 -999 
P146 2079 10 10 0 0 6 0 0 0 0 0 0 0 2 0 0 0 0 0 0 0 0 34 0 27 0 0 0 29 0 0 0 0 
P146 2079 11 0 9 17 0 0 74 68 0 0 0 0 0 45 0 0 0 120 177 81 48 26 21 28 17 0 18 3 3 0 0 -999 
P146 2079 12 0 37 34 28 0 0 0 0 0 0 1 5 0 0 0 0 0 0 0 18 0 0 0 0 0 0 17 20 0 0 0 
P146 2080 1 23 0 0 0 0 0 0 0 0 0 9 0 0 19 0 0 0 0 0 0 0 0 0 0 0 10 0 27 78 0 0 
P146 2080 2 0 7 7 7 0 0 11 48 127 209 209 208 226 0 10 0 41 0 76 120 104 0 0 0 0 12 0 62 -999 -999 -999 
P146 2080 3 74 0 0 85 56 72 69 78 185 158 0 92 43 0 0 0 0 0 0 0 0 0 0 7 0 0 0 0 0 0 0 
P146 2080 4 0 0 0 0 0 0 0 0 141 0 52 0 0 0 0 7 0 0 0 0 39 55 89 0 26 34 0 20 0 0 -999 
P146 2080 5 0 10 0 0 0 0 0 0 0 0 12 27 0 0 0 0 0 0 0 0 0 0 0 0 0 0 0 0 0 0 0 
P146 2080 6 28 17 0 0 0 0 0 0 0 0 0 9 0 0 0 0 5 0 0 0 0 0 0 0 0 0 0 0 0 0 -999 
P146 2080 7 0 0 0 0 0 0 0 0 0 0 0 0 0 0 0 0 3 0 0 0 0 0 0 0 0 0 0 0 0 0 0 
P146 2080 8 0 0 0 0 0 0 0 0 0 0 0 0 0 0 0 0 0 0 0 0 0 0 0 0 2 14 0 0 0 0 0 
P146 2080 9 0 0 7 0 0 0 0 0 0 0 0 0 0 0 0 0 0 0 0 0 0 0 0 0 0 0 0 0 0 0 -999 
P146 2080 10 0 37 39 0 62 61 26 81 0 30 0 0 28 0 0 11 1 0 0 0 0 0 0 0 0 0 0 0 0 0 0 
P146 2080 11 0 31 0 0 0 31 0 0 41 35 0 0 34 36 76 21 31 0 28 17 11 7 0 0 0 0 0 0 0 49 -999 
P146 2080 12 38 119 133 141 114 124 0 0 0 40 0 0 0 0 8 1 0 0 0 0 0 0 0 0 0 82 16 0 45 0 58 
P146 2081 1 100 143 0 112 0 0 0 0 0 0 0 0 74 54 55 0 0 0 0 183 140 94 75 28 24 0 40 25 0 0 0 
P146 2081 2 0 0 0 28 14 0 45 0 29 0 2 0 0 0 31 0 0 0 36 74 21 13 52 117 85 9 26 0 -999 -999 -999 
P146 2081 3 26 50 79 143 35 37 8 22 0 0 35 0 56 81 52 0 86 174 102 114 89 129 114 46 0 15 46 0 0 37 99 
P146 2081 4 84 19 30 7 0 26 33 0 25 0 0 0 0 0 0 0 0 0 0 0 0 0 0 0 35 17 0 66 43 131 -999 
P146 2081 5 63 0 34 0 54 11 0 0 58 0 16 0 30 46 45 0 0 0 0 0 0 0 0 15 0 11 0 4 0 0 0 
P146 2081 6 27 0 0 0 0 0 0 0 0 0 0 0 7 0 0 0 0 0 0 0 0 0 0 0 0 0 0 0 0 0 -999 
P146 2081 7 0 0 0 10 0 0 0 0 0 0 0 0 0 0 0 0 0 0 0 0 0 0 0 0 0 0 0 0 0 0 0 
P146 2081 8 0 0 0 0 0 0 0 0 0 0 0 0 0 0 0 0 0 0 0 0 0 0 0 0 0 0 0 0 0 0 0 
P146 2081 9 0 0 0 0 0 0 0 0 0 0 0 0 0 0 0 0 0 0 0 0 0 0 5 0 0 0 0 0 0 0 -999 
P146 2081 10 0 0 0 35 0 0 8 0 0 0 0 18 24 8 0 8 0 8 0 0 0 0 0 0 0 0 0 0 0 15 0 
P146 2081 11 58 0 57 58 36 0 0 0 0 0 0 0 0 0 0 0 293 267 98 0 0 0 0 31 0 0 0 0 0 70 -999 
P146 2081 12 21 23 32 0 0 135 83 68 89 75 50 255 286 199 94 49 0 0 0 19 0 24 0 0 0 0 0 0 0 8 0 
P146 2082 1 0 0 0 0 0 0 0 25 0 44 0 23 0 0 0 0 0 62 0 0 118 204 0 50 60 0 161 0 0 0 0 
P146 2082 2 0 0 0 0 1 0 0 0 0 0 0 0 0 17 1 0 0 0 0 9 0 0 0 0 96 0 0 35 -999 -999 -999 
P146 2082 3 57 0 33 34 27 49 0 0 0 0 0 0 0 0 0 0 0 0 47 55 0 13 0 0 0 18 0 0 59 0 0 
P146 2082 4 0 0 0 0 0 0 0 0 0 0 0 0 0 0 0 23 24 16 24 0 13 19 0 0 4 0 0 0 0 0 -999 
P146 2082 5 0 0 0 0 0 0 0 0 0 0 15 0 0 0 0 0 0 0 0 0 0 0 0 0 0 0 0 0 0 0 24 
P146 2082 6 0 0 0 0 0 0 0 0 0 0 0 0 0 0 0 0 0 6 0 0 0 0 0 7 0 0 0 0 0 6 -999 
P146 2082 7 0 0 1 0 0 0 0 0 0 0 0 0 0 0 0 0 0 0 0 0 0 0 0 0 0 0 0 0 0 0 0 
P146 2082 8 0 0 0 0 0 0 0 0 0 0 0 0 0 0 0 0 0 0 0 0 0 0 0 5 0 0 15 0 0 0 0 
P146 2082 9 0 0 0 0 0 0 0 0 0 0 0 0 4 0 0 0 0 8 0 19 0 6 0 0 22 23 0 0 0 0 -999 
P146 2082 10 12 11 12 0 0 0 0 0 0 0 0 0 0 0 0 18 0 0 23 0 0 21 57 0 0 0 0 0 0 0 0 
P146 2082 11 49 60 63 14 0 0 0 0 0 0 35 22 0 0 0 0 168 182 34 3 0 0 0 0 0 9 0 2 0 0 -999 
P146 2082 12 0 48 0 0 0 0 0 0 17 0 0 0 31 14 37 0 69 110 0 0 9 0 0 0 18 0 0 10 0 0 0 
P146 2083 1 0 0 92 0 29 15 24 0 63 54 0 0 0 0 0 0 33 101 0 30 0 0 0 0 0 0 0 0 56 55 31 
P146 2083 2 0 92 201 0 12 24 74 58 46 129 126 0 20 26 20 47 0 262 180 119 0 102 47 0 217 245 94 0 -999 -999 -999 
P146 2083 3 0 35 47 17 0 0 0 0 0 0 0 8 0 41 36 0 0 0 0 0 76 98 240 181 174 73 183 119 0 0 0 
P146 2083 4 0 0 16 0 0 41 0 18 0 0 0 19 0 48 51 39 0 0 0 0 0 0 0 0 0 48 0 9 0 0 -999 
P146 2083 5 22 0 9 0 0 0 0 0 43 0 16 0 0 0 27 0 40 0 0 0 10 7 0 32 29 72 101 0 30 0 0 
P146 2083 6 32 41 32 0 0 0 0 0 0 22 15 0 0 0 0 0 0 0 0 0 0 0 0 0 0 0 0 0 0 0 -999 
P146 2083 7 9 0 0 0 0 0 0 0 0 0 0 0 0 0 0 0 0 0 0 0 0 0 0 0 0 0 0 0 0 0 0 
P146 2083 8 0 0 0 0 0 0 0 0 0 0 0 0 0 0 0 0 0 0 0 0 0 0 0 0 0 0 0 0 0 0 0 
P146 2083 9 4 0 0 0 0 0 0 0 0 0 0 0 0 0 0 0 0 0 6 0 0 0 0 0 0 0 0 0 0 0 -999 
P146 2083 10 0 0 0 0 49 21 0 0 9 23 19 0 0 0 17 0 0 0 0 0 0 93 75 49 51 0 0 0 0 13 7 
P146 2083 11 0 10 28 66 0 16 29 0 0 0 24 62 93 42 0 0 0 33 6 0 0 5 0 0 0 0 0 0 0 63 -999 
P146 2083 12 128 38 0 0 0 0 0 89 120 0 0 0 0 76 241 46 19 0 28 41 17 3 0 0 11 2 2 0 1 0 8 
P146 2084 1 0 0 35 26 0 21 0 41 53 0 23 0 0 0 34 39 66 72 0 0 53 56 41 0 0 0 0 57 48 53 51 
P146 2084 2 9 0 14 0 0 41 95 96 83 185 0 42 0 0 20 12 15 0 0 0 0 0 11 0 0 47 0 0 -999 -999 -999 
P146 2084 3 0 0 0 73 0 0 2 0 5 27 25 0 20 29 0 100 225 160 36 0 22 0 0 0 0 29 0 0 0 16 0 
P146 2084 4 0 0 0 0 31 25 0 14 0 17 21 0 19 0 0 0 11 0 0 0 0 0 0 0 0 0 0 0 0 0 -999 
P146 2084 5 0 0 10 0 15 12 24 0 0 0 8 0 0 9 0 0 0 0 0 0 0 7 0 0 0 0 0 0 0 0 0 
P146 2084 6 1 0 0 0 0 0 0 0 0 0 0 0 3 0 0 0 0 0 0 0 0 0 0 0 0 0 0 0 17 0 -999 
P146 2084 7 8 8 0 0 0 0 0 0 0 0 0 0 0 0 0 0 0 0 0 0 0 0 0 0 0 0 0 0 0 0 0 
P146 2084 8 0 0 0 0 0 0 0 0 0 0 0 8 0 0 0 0 0 3 0 0 0 0 0 0 0 0 0 0 0 0 5 
P146 2084 9 0 0 0 0 0 0 0 0 0 0 0 5 0 0 48 0 0 0 0 0 0 0 6 0 0 0 0 0 0 0 -999 
P146 2084 10 0 0 0 0 0 7 0 0 0 0 0 0 0 0 0 4 0 8 0 0 0 0 0 0 0 0 0 0 108 130 75 
P146 2084 11 0 0 125 0 17 0 17 110 163 37 0 0 0 0 0 0 0 0 11 0 0 2 0 0 0 6 19 0 41 0 -999 
P146 2084 12 14 0 0 0 35 0 0 88 90 87 104 145 197 173 31 0 60 0 9 0 0 0 0 0 0 1 0 11 0 0 0 
P146 2085 1 0 0 3 0 8 0 0 0 0 0 0 0 0 0 0 17 11 5 14 0 0 0 123 189 164 0 0 5 0 0 0 
P146 2085 2 0 0 17 0 0 0 0 0 0 62 96 0 44 0 0 0 14 0 0 4 0 0 0 0 0 0 0 0 -999 -999 -999 
P146 2085 3 0 0 0 0 0 0 0 7 56 113 0 120 153 41 81 0 15 0 0 0 0 16 0 53 0 0 0 0 0 0 0 
P146 2085 4 0 0 0 0 0 0 29 0 0 0 0 104 115 151 172 79 72 82 47 0 0 0 0 0 0 0 14 0 14 0 -999 
P146 2085 5 0 48 0 0 0 0 0 50 0 0 17 22 0 0 0 0 0 0 0 0 0 0 0 0 0 0 11 0 0 0 0 
P146 2085 6 0 0 0 0 0 0 0 0 0 0 0 0 0 0 0 0 0 0 0 0 0 0 0 0 0 0 0 0 0 0 -999 
P146 2085 7 0 0 0 0 0 0 0 0 4 0 0 0 0 0 0 0 0 0 0 0 0 0 0 0 0 0 0 0 0 0 0 
P146 2085 8 0 0 0 0 0 0 0 0 0 0 0 0 0 0 0 0 0 0 0 0 0 0 0 0 15 0 0 0 0 0 0 
P146 2085 9 0 0 0 0 31 36 0 0 0 0 0 0 0 0 0 0 0 0 0 0 0 0 0 9 0 0 0 0 0 9 -999 
P146 2085 10 0 0 0 0 0 0 0 0 30 0 0 31 24 26 33 0 0 23 0 0 4 0 1 0 0 0 0 30 0 0 0 
P146 2085 11 0 12 0 20 0 6 0 0 0 0 0 0 14 0 0 55 118 18 20 96 50 24 0 0 0 0 0 28 53 0 -999 
P146 2085 12 88 70 0 0 105 149 0 6 0 0 0 0 27 0 20 0 0 0 18 0 0 38 79 12 0 2 8 0 8 11 15 
P146 2086 1 0 0 18 23 0 0 0 0 2 0 0 27 38 90 0 0 98 167 68 233 0 0 18 0 0 0 0 0 0 0 0 
P146 2086 2 0 0 119 0 0 0 0 221 0 14 0 0 83 72 45 40 55 14 1 0 0 0 4 0 10 0 9 0 -999 -999 -999 
P146 2086 3 0 0 0 0 0 16 18 0 0 0 0 0 40 0 0 18 0 0 0 0 0 0 9 13 0 0 0 0 0 30 16 
P146 2086 4 0 0 0 0 0 31 0 0 0 0 0 0 28 0 44 0 39 0 13 0 0 0 0 0 32 0 0 0 29 0 -999 
P146 2086 5 41 29 18 44 38 0 42 13 17 0 0 0 6 0 0 0 14 0 0 0 0 0 13 0 0 0 0 0 0 0 0 
P146 2086 6 0 0 4 0 0 0 0 0 0 0 0 0 0 0 0 0 0 0 0 0 0 0 0 0 0 0 0 0 0 0 -999 
P146 2086 7 0 0 4 0 0 0 0 0 0 0 0 0 0 0 4 0 0 0 0 0 0 0 0 0 0 0 0 0 0 0 0 
P146 2086 8 0 0 0 0 0 0 0 0 0 0 0 0 0 0 0 0 0 0 0 0 0 0 0 0 0 0 0 0 0 0 0 
P146 2086 9 0 0 0 0 0 0 0 0 0 0 0 25 31 17 0 22 0 0 0 0 0 0 0 0 0 23 5 0 0 7 -999 
P146 2086 10 0 0 0 0 0 0 0 10 18 0 0 0 0 12 4 0 0 0 0 0 0 0 0 0 0 28 0 0 0 56 28 
P146 2086 11 0 24 43 0 38 30 0 0 32 0 60 47 0 0 12 0 0 0 0 0 59 14 0 0 0 0 8 21 0 5 -999 
P146 2086 12 7 0 0 0 0 0 0 0 0 0 2 0 0 0 0 8 0 0 0 78 0 82 175 0 19 0 0 0 0 0 0 
P146 2087 1 0 6 0 33 28 27 59 113 96 0 0 0 0 4 0 0 22 0 0 24 28 26 19 0 0 16 0 0 11 55 73 
P146 2087 2 75 0 0 0 0 0 0 0 0 0 0 12 0 0 25 0 0 0 0 4 0 0 0 16 19 0 0 59 -999 -999 -999 
P146 2087 3 103 122 68 0 42 0 40 0 0 0 49 0 52 24 0 22 0 0 0 62 75 106 111 33 30 0 14 30 0 0 0 
P146 2087 4 0 0 0 0 0 0 0 0 0 0 0 0 0 0 0 0 0 0 15 0 0 55 45 47 0 37 19 0 8 0 -999 
P146 2087 5 0 2 22 49 24 0 26 0 0 0 40 20 13 0 0 0 0 0 0 0 0 0 0 0 0 0 0 0 0 0 0 
P146 2087 6 0 0 0 0 0 0 0 0 0 0 0 0 0 0 0 0 0 0 0 0 0 0 0 0 0 0 0 0 0 0 -999 
P146 2087 7 0 0 0 0 0 0 0 0 0 0 0 0 0 0 0 0 0 0 0 0 0 0 0 0 0 0 0 0 0 0 0 
P146 2087 8 0 0 0 0 0 0 0 0 0 0 0 0 0 0 0 0 0 0 0 0 0 0 0 0 0 0 0 0 0 0 0 
P146 2087 9 0 0 0 0 0 0 0 0 0 0 0 0 0 0 0 0 0 0 0 0 6 0 0 0 0 0 0 0 0 0 -999 
P146 2087 10 0 0 0 0 0 17 10 0 0 14 0 0 0 15 0 0 0 0 0 0 0 0 0 0 0 0 0 6 0 0 0 
P146 2087 11 0 2 0 0 0 0 1 0 0 0 4 0 0 15 0 0 0 0 0 0 0 0 0 0 9 0 2 2 0 28 -999 
P146 2087 12 0 18 0 0 0 1 0 0 35 0 2 2 0 0 0 0 0 0 0 0 0 37 146 67 0 136 0 43 90 0 0 
P146 2088 1 0 0 0 0 0 0 0 0 0 0 0 0 0 0 6 0 0 0 0 0 0 0 0 0 0 0 44 21 0 0 0 
P146 2088 2 14 0 0 0 0 88 189 239 203 0 8 0 0 0 0 0 0 0 88 31 0 35 0 39 50 68 60 60 -999 -999 -999 
P146 2088 3 69 99 139 108 46 0 0 0 0 0 0 0 0 0 9 0 0 29 0 0 0 14 32 57 0 0 32 0 1 0 0 
P146 2088 4 0 0 0 0 0 58 108 104 0 21 0 60 63 100 45 36 35 0 0 0 0 32 52 35 33 0 0 0 0 0 -999 
P146 2088 5 0 0 16 36 25 0 32 43 0 0 0 0 0 0 24 0 10 0 0 0 0 0 0 0 0 0 0 0 0 0 0 
P146 2088 6 0 0 0 0 0 0 0 0 0 0 0 0 0 0 0 0 0 0 0 0 0 0 0 0 0 0 0 0 0 0 -999 
P146 2088 7 0 0 0 0 0 0 0 0 0 0 0 0 0 0 0 0 0 0 0 0 0 0 0 0 0 0 0 0 0 0 0 
P146 2088 8 0 0 0 0 0 0 0 0 0 0 0 0 0 0 0 0 0 8 0 0 0 0 0 0 0 0 0 0 0 0 0 
P146 2088 9 65 29 0 0 0 0 0 0 0 0 0 0 0 0 0 0 0 0 0 0 0 0 0 0 0 0 0 0 0 0 -999 
P146 2088 10 0 0 0 0 0 0 0 0 8 19 13 0 0 0 0 0 0 0 0 0 0 37 41 61 69 125 201 60 19 0 14 
P146 2088 11 0 0 0 0 0 0 0 0 0 0 0 40 0 17 62 42 24 188 0 0 0 0 21 0 2 0 0 43 77 0 -999 
P146 2088 12 0 42 43 50 46 53 0 64 21 0 0 0 0 0 0 36 13 0 0 0 0 33 0 39 36 52 0 24 0 0 0 
P146 2089 1 21 0 14 0 83 0 0 0 165 216 238 352 291 77 0 12 0 0 0 0 0 0 0 0 0 0 0 11 0 0 58 
P146 2089 2 70 0 0 0 82 210 109 200 284 57 64 164 181 57 0 0 0 0 0 0 0 0 0 13 0 0 0 0 -999 -999 -999 
P146 2089 3 31 46 88 135 0 28 35 51 48 39 19 13 0 58 0 116 113 82 0 18 21 0 0 88 265 0 0 0 0 91 217 
P146 2089 4 230 119 37 0 0 0 0 0 26 0 0 0 0 0 0 11 0 0 0 28 22 46 36 60 71 64 64 36 0 27 -999 
P146 2089 5 0 0 10 0 0 14 0 0 0 0 3 0 15 0 11 0 22 0 0 0 17 10 0 0 0 0 0 0 4 0 0 
P146 2089 6 0 0 0 0 0 0 0 0 0 0 0 0 0 0 0 0 0 0 0 0 0 0 0 0 0 0 0 0 0 0 -999 
P146 2089 7 0 0 0 0 0 0 0 0 0 0 0 0 0 0 0 0 0 0 0 0 0 0 0 0 0 0 0 0 0 0 0 
P146 2089 8 0 0 0 0 0 0 0 0 0 0 0 0 0 0 0 0 0 0 0 0 0 0 0 0 0 0 0 0 0 0 0 
P146 2089 9 0 0 0 0 0 0 0 0 0 0 0 0 0 0 0 0 0 0 0 0 0 0 0 0 0 0 0 0 0 0 -999 
P146 2089 10 0 0 0 0 0 0 0 0 0 0 0 0 0 0 5 0 4 0 0 6 0 0 0 0 0 0 0 0 0 0 0 
P146 2089 11 0 31 39 77 0 0 7 18 0 0 11 0 6 0 0 0 0 0 0 0 0 0 0 80 130 61 32 0 0 115 -999 
P146 2089 12 213 0 0 0 19 25 42 79 49 110 0 2 0 0 0 0 0 0 16 17 17 9 12 6 0 0 0 0 10 0 0 
P146 2090 1 0 0 0 0 0 2 8 0 36 0 0 50 0 64 59 11 0 0 0 0 2 0 0 0 0 25 0 0 0 0 0 
P146 2090 2 4 0 0 56 77 155 71 0 46 0 0 60 0 25 0 0 42 25 0 0 0 33 74 44 46 0 82 170 -999 -999 -999 
P146 2090 3 262 177 0 0 0 9 0 0 0 0 28 0 92 74 85 45 11 0 63 0 15 35 24 34 0 43 0 11 0 44 46 
P146 2090 4 53 48 79 98 0 0 48 28 35 0 39 39 0 0 116 0 0 0 0 2 0 0 0 0 0 0 0 0 0 0 -999 
P146 2090 5 0 0 0 0 0 0 0 0 0 0 0 0 12 0 0 0 0 0 0 0 0 0 12 0 16 16 0 0 0 45 0 
P146 2090 6 0 16 0 0 0 0 0 0 0 0 0 0 10 0 0 0 0 0 0 0 0 0 0 0 0 0 0 0 0 0 -999 
P146 2090 7 0 8 0 0 0 0 0 0 0 0 0 0 0 0 0 0 0 0 0 0 0 0 0 0 0 0 0 0 0 0 0 
P146 2090 8 0 0 0 0 0 0 0 0 0 0 0 0 0 0 0 0 0 0 0 0 0 0 0 0 0 0 0 0 0 0 0 
P146 2090 9 4 0 0 0 0 0 0 0 0 0 0 0 0 0 0 0 0 0 0 0 0 0 0 0 0 0 0 0 0 0 -999 
P146 2090 10 0 0 0 33 0 0 21 0 0 0 0 0 20 0 0 24 0 0 0 0 0 11 0 53 54 0 0 0 0 28 60 
P146 2090 11 0 0 11 0 0 0 0 0 22 0 75 44 10 49 0 0 0 57 0 0 0 26 53 0 0 38 0 0 17 0 -999 
P146 2090 12 26 0 0 36 51 62 0 0 0 0 76 35 56 57 37 0 0 0 0 0 0 0 0 15 29 0 0 0 0 0 1 
P146 2091 1 0 0 0 0 0 0 46 31 0 15 6 0 0 27 0 0 0 22 51 2 0 0 0 0 0 13 19 0 0 14 0 
P146 2091 2 0 0 0 0 9 32 28 0 0 0 0 0 14 0 0 24 31 106 452 200 84 90 188 34 44 151 94 37 -999 -999 -999 
P146 2091 3 0 6 11 0 32 90 0 0 0 0 0 0 0 13 0 0 0 0 10 0 0 16 8 0 0 0 0 0 0 0 0 
P146 2091 4 0 11 0 0 0 0 0 47 15 0 22 55 74 48 31 43 50 40 51 15 16 0 23 6 0 0 0 0 0 0 -999 
P146 2091 5 0 34 32 0 79 0 8 0 7 8 0 0 0 0 0 0 0 0 0 1 0 0 0 0 20 0 0 0 0 0 0 
P146 2091 6 0 0 0 0 18 0 10 0 0 0 0 0 0 24 40 0 0 17 0 0 0 0 0 0 0 0 0 0 0 0 -999 
P146 2091 7 0 0 0 0 0 0 0 0 0 0 0 0 0 0 0 0 8 0 0 0 0 0 0 0 0 0 0 0 0 0 0 
P146 2091 8 0 0 0 0 0 0 0 0 0 0 0 0 0 0 0 0 0 0 0 0 20 0 0 0 0 0 0 0 0 0 0 
P146 2091 9 0 0 0 0 0 0 0 0 0 0 0 0 0 0 0 4 0 0 0 0 0 0 0 0 4 0 0 0 0 0 -999 
P146 2091 10 0 0 0 0 0 0 0 0 0 0 37 73 95 0 0 0 0 0 0 0 11 0 0 0 0 25 0 118 194 119 87 
P146 2091 11 0 27 10 0 0 0 0 0 0 0 0 0 0 27 52 33 21 21 0 7 0 30 0 60 0 0 41 14 0 23 -999 
P146 2091 12 60 47 5 0 25 0 0 0 0 0 0 0 0 3 8 29 12 0 0 0 0 0 0 13 6 0 0 0 24 0 0 
P146 2092 1 0 0 0 0 0 0 0 0 0 15 32 50 38 56 74 0 124 121 0 265 118 43 0 82 0 24 0 68 122 0 0 
P146 2092 2 0 0 52 0 0 0 169 52 89 219 36 0 46 122 39 0 0 131 0 77 35 0 0 0 0 0 0 28 -999 -999 -999 
P146 2092 3 0 32 0 0 0 43 111 49 15 20 35 0 0 0 116 172 0 37 36 82 0 84 175 357 129 99 23 0 54 0 41 
P146 2092 4 53 0 0 43 47 0 0 0 0 0 19 0 63 34 28 0 0 22 0 13 0 0 9 0 0 0 33 0 77 0 -999 
P146 2092 5 0 20 5 0 0 0 0 0 0 0 0 0 8 0 0 0 53 36 11 0 0 0 0 0 0 0 0 0 0 0 0 
P146 2092 6 0 13 0 0 0 0 0 0 0 0 0 0 0 0 0 0 0 0 0 0 0 0 0 0 0 0 0 0 0 0 -999 
P146 2092 7 0 0 0 0 0 0 0 0 0 0 0 0 0 0 0 0 0 0 0 0 0 0 0 0 0 0 0 0 0 0 0 
P146 2092 8 0 0 0 0 0 0 0 0 0 0 0 0 0 16 0 0 0 0 0 0 0 0 0 0 0 0 0 0 0 0 0 
P146 2092 9 0 0 0 0 0 0 0 0 0 0 0 0 0 0 0 0 0 0 0 0 0 0 0 0 0 0 0 0 0 8 -999 
P146 2092 10 0 0 0 0 0 0 0 0 0 0 0 0 0 6 8 0 13 0 0 30 0 0 3 0 0 0 0 13 0 0 0 
P146 2092 11 0 0 0 119 91 0 0 0 11 0 12 0 320 0 133 0 11 36 46 0 49 0 0 181 86 0 0 0 0 0 -999 
P146 2092 12 0 12 0 6 0 0 30 0 78 0 24 12 0 0 35 0 32 18 24 74 203 148 0 94 0 92 29 47 0 0 0 
P146 2093 1 255 82 106 0 37 47 0 0 44 48 86 121 77 0 0 248 0 62 47 0 0 0 0 0 0 0 0 0 103 86 158 
P146 2093 2 81 0 0 0 0 0 0 0 0 0 0 0 0 0 72 52 92 57 0 66 90 0 0 0 0 0 19 0 -999 -999 -999 
P146 2093 3 11 0 0 0 5 19 0 49 74 0 0 79 39 41 0 24 0 0 0 0 0 21 17 21 0 75 60 31 12 0 40 
P146 2093 4 0 0 0 0 0 0 0 0 0 13 0 0 0 0 43 0 0 0 0 0 0 0 0 39 36 0 52 52 0 0 -999 
P146 2093 5 0 33 62 71 36 0 0 0 12 0 0 0 0 0 0 0 0 0 26 0 0 0 0 18 0 10 0 0 0 0 0 
P146 2093 6 0 0 0 0 0 0 0 0 0 0 0 0 0 0 0 0 7 0 0 0 0 0 0 0 0 0 0 0 0 0 -999 
P146 2093 7 0 0 0 0 0 0 0 0 0 0 0 0 0 0 0 0 0 0 0 0 0 0 0 0 0 0 0 0 0 0 0 
P146 2093 8 0 0 0 0 0 0 0 0 0 0 0 0 0 0 0 0 0 0 0 0 0 0 0 0 0 0 0 0 0 0 0 
P146 2093 9 0 0 0 0 0 0 0 0 0 0 0 0 0 0 0 0 0 0 0 7 0 0 0 0 0 0 0 18 19 0 -999 
P146 2093 10 0 0 0 0 0 0 16 0 0 0 0 0 31 0 37 190 106 41 6 0 0 0 0 12 0 0 11 0 0 0 0 
P146 2093 11 23 30 0 1 1 0 0 0 0 0 0 39 15 0 7 0 0 0 1 0 0 0 11 2 0 0 0 0 0 0 -999 
P146 2093 12 0 0 0 3 13 0 0 0 2 0 0 20 19 0 0 0 0 0 0 0 0 0 4 0 0 0 0 0 0 0 0 
P146 2094 1 0 15 0 23 0 0 0 25 0 0 0 27 20 0 0 0 57 0 127 82 0 224 208 309 337 104 67 255 39 91 51 
P146 2094 2 0 94 116 93 14 6 5 0 0 0 0 0 0 0 0 0 0 0 0 0 0 0 1 0 5 0 0 0 -999 -999 -999 
P146 2094 3 0 0 0 0 0 0 2 4 0 0 0 0 4 0 0 0 29 0 0 42 0 37 0 0 12 0 0 0 66 0 104 
P146 2094 4 179 207 122 0 0 35 0 0 10 0 0 0 0 4 20 0 21 0 0 0 0 0 0 0 0 0 0 0 19 0 -999 
P146 2094 5 0 0 0 0 0 0 0 0 0 0 0 0 0 0 0 0 0 0 3 0 0 6 0 11 0 0 8 0 0 0 0 
P146 2094 6 0 0 0 0 8 0 0 0 0 0 0 0 0 0 0 0 0 6 0 0 0 0 0 0 0 0 0 0 0 0 -999 
P146 2094 7 0 0 0 0 0 0 0 0 0 0 0 0 0 0 0 0 0 0 0 0 0 0 0 0 0 0 0 0 0 0 0 
P146 2094 8 0 0 0 0 0 0 0 0 0 0 0 0 0 0 0 0 0 0 0 0 0 0 0 0 0 0 0 0 0 0 0 
P146 2094 9 0 0 9 0 5 0 0 0 0 0 0 0 0 0 0 0 0 8 0 0 0 0 0 0 0 0 8 0 0 0 -999 
P146 2094 10 0 8 0 0 0 0 0 4 0 0 0 0 0 0 12 0 0 21 0 0 126 43 107 101 0 0 127 0 8 14 8 
P146 2094 11 0 0 0 0 2 0 0 0 0 0 0 0 0 98 21 0 31 0 0 0 18 0 83 58 26 0 0 0 40 27 -999 
P146 2094 12 10 0 10 11 2 0 0 4 4 0 19 35 26 0 16 0 17 33 0 39 0 0 0 0 0 0 0 0 0 32 38 
P146 2095 1 79 99 125 0 51 17 43 88 102 0 20 13 0 0 16 0 0 0 0 0 0 0 40 63 99 118 130 107 23 35 58 
P146 2095 2 54 55 0 19 0 19 13 13 0 0 0 0 0 0 0 0 15 28 0 0 0 0 0 0 0 0 0 0 -999 -999 -999 
P146 2095 3 0 0 0 0 0 0 0 0 0 0 0 0 0 4 9 0 0 0 0 0 0 0 0 7 0 0 0 0 92 52 52 
P146 2095 4 64 139 161 37 0 0 0 0 0 0 0 0 19 42 0 0 0 0 0 0 0 38 29 64 0 0 0 0 0 0 -999 
P146 2095 5 0 1 0 0 0 0 0 0 0 0 0 0 4 0 0 0 0 0 0 0 0 0 0 0 0 0 0 0 0 0 0 
P146 2095 6 0 4 0 0 0 0 13 32 17 0 0 0 0 0 0 0 0 0 0 21 0 12 0 0 0 0 0 0 0 0 -999 
P146 2095 7 0 0 0 0 0 0 0 0 0 0 0 0 0 0 0 0 0 0 0 0 0 0 0 0 0 0 0 0 0 0 0 
P146 2095 8 0 0 0 0 0 0 0 1 0 0 0 0 0 0 0 0 0 0 0 0 0 0 0 0 0 0 0 6 0 0 0 
P146 2095 9 0 0 7 0 0 4 0 0 0 0 0 0 0 0 0 0 0 9 6 0 0 0 5 0 28 27 0 0 0 0 -999 
P146 2095 10 0 0 0 0 0 0 20 0 0 0 0 0 0 0 0 0 51 0 0 0 0 0 5 0 0 6 0 0 0 0 0 
P146 2095 11 2 0 28 61 35 0 43 77 74 0 0 48 0 0 0 0 0 3 0 22 59 0 100 134 86 0 0 8 0 0 -999 
P146 2095 12 0 0 0 0 0 3 13 51 88 0 0 0 0 145 206 137 33 37 41 125 154 34 0 24 173 230 0 0 5 11 0 
P146 2096 1 51 0 9 0 0 0 0 99 82 0 0 0 0 0 135 0 16 8 3 0 0 0 0 0 4 5 0 0 4 21 15 
P146 2096 2 28 57 77 82 37 21 14 22 0 0 0 14 0 87 133 29 0 0 0 0 0 0 0 0 0 0 26 0 -999 -999 -999 
P146 2096 3 0 0 0 12 9 0 16 0 16 14 14 9 0 0 0 15 0 0 0 20 52 122 142 14 11 70 57 64 0 106 19 
P146 2096 4 22 0 0 0 0 5 10 0 0 0 0 0 0 57 0 89 0 0 0 0 0 7 0 0 0 0 0 0 0 0 -999 
P146 2096 5 30 0 0 0 0 0 0 21 0 0 0 0 0 0 0 0 0 5 0 0 0 0 0 0 14 0 30 0 0 20 0 
P146 2096 6 0 0 0 0 24 25 0 0 0 0 0 7 0 0 0 0 0 3 0 0 0 0 0 0 0 0 0 0 0 0 -999 
P146 2096 7 0 0 0 0 0 0 0 0 0 0 0 0 0 0 0 0 0 0 0 0 0 0 0 0 0 0 4 0 0 0 0 
P146 2096 8 0 0 0 0 0 0 0 0 0 0 2 0 0 0 0 0 0 6 0 0 0 0 0 0 0 0 0 0 0 0 0 
P146 2096 9 0 0 0 0 0 0 0 0 0 0 0 0 0 0 0 0 0 13 0 0 0 0 0 0 0 3 1 0 0 0 -999 
P146 2096 10 0 0 0 9 0 0 0 0 0 0 0 0 0 0 0 0 0 0 37 42 0 0 0 0 0 0 0 0 3 0 5 
P146 2096 11 0 0 0 0 0 0 0 0 0 0 0 5 0 0 0 1 0 0 8 0 0 0 12 27 21 0 0 0 0 0 -999 
P146 2096 12 0 11 0 0 0 0 0 2 0 0 12 0 18 55 64 0 71 106 0 0 24 0 52 51 0 0 0 0 0 0 5 
P146 2097 1 0 0 0 0 0 0 0 0 0 12 0 14 0 0 0 0 0 0 0 0 0 0 0 0 51 48 120 0 13 0 0 
P146 2097 2 14 0 15 35 65 167 0 0 0 4 0 0 0 0 35 0 3 0 0 9 0 0 0 0 25 0 0 0 -999 -999 -999 
P146 2097 3 26 60 0 29 0 44 16 0 0 0 0 5 0 2 0 0 0 0 14 0 0 0 0 47 49 59 0 0 24 0 0 
P146 2097 4 0 0 10 0 0 19 36 0 34 29 33 70 99 63 0 0 4 0 4 34 14 0 0 83 59 7 0 0 3 0 -999 
P146 2097 5 0 0 0 0 0 0 0 9 24 0 0 0 0 0 0 14 0 0 0 0 0 0 0 0 0 0 0 1 0 0 0 
P146 2097 6 0 0 0 0 0 0 0 0 0 0 0 0 0 0 0 0 0 0 0 0 0 0 0 0 0 0 0 0 0 0 -999 
P146 2097 7 0 0 0 0 0 0 0 0 0 0 0 0 0 0 0 0 0 0 0 0 0 0 0 0 0 0 0 0 0 0 0 
P146 2097 8 7 0 0 0 0 5 0 0 0 0 0 0 0 0 0 0 0 0 0 0 0 0 0 57 0 0 0 9 8 6 0 
P146 2097 9 0 0 0 0 0 0 0 0 0 0 14 0 0 7 0 0 0 0 0 0 0 0 0 0 0 0 0 0 0 0 -999 
P146 2097 10 0 0 0 0 0 0 0 0 0 0 0 5 0 0 0 0 87 0 14 8 5 10 0 0 0 0 0 0 0 8 0 
P146 2097 11 0 0 0 0 12 0 0 0 0 0 9 0 0 0 0 7 0 9 0 0 0 0 0 8 0 0 0 0 0 0 -999 
P146 2097 12 27 0 0 0 0 0 0 0 0 0 0 0 0 0 0 0 0 0 0 0 3 0 0 0 0 0 0 0 0 0 66 
P146 2098 1 100 0 0 54 116 0 0 3 0 0 0 13 0 0 0 0 22 0 0 97 0 46 0 47 0 0 0 4 31 25 0 
P146 2098 2 22 21 0 0 0 34 0 0 63 107 65 0 35 0 35 14 9 0 0 0 0 45 0 0 0 0 0 0 -999 -999 -999 
P146 2098 3 0 0 0 0 18 0 0 10 0 0 0 0 0 0 0 0 0 0 0 0 0 0 0 0 0 0 59 25 10 14 0 
P146 2098 4 0 0 0 0 14 0 0 10 0 0 0 0 0 0 0 0 0 0 0 0 0 0 57 10 0 0 0 0 0 0 -999 
P146 2098 5 0 0 0 0 15 0 69 0 50 77 154 161 43 0 0 21 0 0 0 19 0 0 0 32 0 17 0 0 0 0 0 
P146 2098 6 0 0 0 0 0 0 0 0 0 0 10 0 0 0 0 0 0 0 0 0 0 0 0 0 0 0 0 0 4 0 -999 
P146 2098 7 0 0 0 0 0 0 0 0 0 0 0 0 0 0 0 0 0 0 0 0 0 0 0 0 0 0 0 0 0 0 0 
P146 2098 8 0 0 0 0 0 0 0 0 0 0 0 0 0 0 0 0 0 0 0 0 0 0 0 0 0 0 2 0 0 0 8 
P146 2098 9 0 0 0 2 0 0 0 0 0 0 0 0 0 0 0 0 0 0 0 0 0 0 0 0 0 0 0 14 11 0 -999 
P146 2098 10 0 2 0 0 7 0 0 0 0 0 0 0 23 0 0 31 0 52 0 0 0 0 0 0 20 0 37 0 0 18 0 
P146 2098 11 0 0 0 0 0 0 7 0 20 20 21 40 90 38 0 25 36 58 0 0 40 45 0 21 0 0 0 0 0 0 -999 
P146 2098 12 0 0 0 0 0 0 0 0 0 0 0 0 0 0 0 0 0 21 35 59 38 28 0 25 41 24 12 16 0 0 0 
P146 2099 1 0 27 0 0 0 0 0 0 14 34 99 0 39 0 0 4 0 15 6 0 26 0 208 48 0 0 0 0 0 0 0 
P146 2099 2 8 0 0 23 12 0 0 0 0 0 0 0 0 5 11 16 17 0 0 0 0 29 0 156 222 68 45 79 -999 -999 -999 
P146 2099 3 127 139 163 120 23 18 0 0 21 0 0 0 23 0 0 30 0 188 227 220 0 0 46 0 0 12 24 13 0 39 53 
P146 2099 4 0 0 0 7 0 26 22 0 8 0 0 0 0 0 0 0 0 2 0 0 29 43 0 0 47 34 48 39 0 0 -999 
P146 2099 5 0 0 17 0 0 0 0 0 0 0 0 0 0 2 0 0 0 5 0 0 0 0 25 16 0 6 0 0 0 0 0 
P146 2099 6 2 0 0 0 0 0 0 0 0 0 0 0 0 0 0 0 0 0 0 0 0 0 4 2 1 0 0 0 0 0 -999 
P146 2099 7 0 0 0 7 0 0 0 0 0 0 0 0 0 20 0 0 0 0 0 0 0 0 6 0 0 0 0 0 0 0 0 
P146 2099 8 0 0 0 8 0 0 0 0 0 0 0 0 0 0 0 0 0 0 0 0 0 0 0 0 0 0 0 0 0 0 0 
P146 2099 9 0 0 0 0 0 0 19 0 0 0 0 0 0 0 0 0 0 0 0 0 0 0 0 0 0 0 0 0 0 0 -999 
P146 2099 10 0 0 0 0 29 0 0 0 0 37 0 60 38 0 0 0 0 0 0 0 0 0 5 0 17 0 20 0 0 13 0 
P146 2099 11 0 16 24 0 0 0 0 0 11 0 22 26 0 10 0 0 0 0 0 0 0 14 11 0 29 37 96 93 0 25 -999 
P146 2099 12 0 12 0 8 0 68 0 42 47 0 0 0 0 0 0 0 0 0 0 0 46 0 0 41 207 449 410 238 0 96 0 
P146 2100 1 42 0 0 0 33 0 0 23 20 48 0 269 274 55 0 72 0 25 31 0 11 0 0 0 8 0 0 0 0 18 17 
P146 2100 2 34 0 77 9 15 0 9 0 0 75 35 0 8 0 0 0 37 70 0 63 0 0 0 0 0 0 0 0 -999 -999 -999 
P146 2100 3 0 0 0 44 21 30 0 70 0 90 64 125 269 0 13 9 0 0 0 42 58 61 0 91 0 0 83 37 120 0 78 
P146 2100 4 0 63 0 26 18 16 21 0 11 0 0 136 45 0 0 34 0 23 26 33 0 0 0 0 0 2 0 6 0 0 -999 
P146 2100 5 0 0 16 0 0 0 0 10 11 22 8 17 0 0 7 0 0 0 0 40 24 16 0 30 45 15 0 11 0 0 14 
P146 2100 6 0 0 16 0 0 11 0 0 10 16 0 13 0 0 0 0 0 0 0 2 0 0 0 0 0 0 0 0 0 0 -999 
P146 2100 7 0 0 0 0 0 0 0 0 0 0 0 0 0 0 0 0 0 0 0 0 0 0 0 0 0 0 0 0 0 0 0 
P146 2100 8 0 0 0 0 0 0 0 0 0 0 0 0 0 0 0 0 0 0 0 0 9 0 0 0 0 0 0 0 0 0 1 
P146 2100 9 0 0 0 0 0 0 0 0 0 0 6 0 0 0 0 0 0 0 0 0 12 0 0 0 30 25 0 0 0 0 -999 
P146 2100 10 0 0 0 0 0 0 0 0 0 0 0 0 31 0 20 0 0 0 16 9 22 0 88 0 0 0 0 0 23 0 2 
P146 2100 11 0 0 0 44 60 154 37 0 87 45 15 0 78 100 175 157 87 78 74 56 27 128 54 76 39 0 0 0 0 0 -999 
P146 2100 12 9 0 0 0 29 0 0 0 0 0 0 0 0 0 0 0 0 0 0 0 4 10 14 14 8 0 0 12 4 0 0 
