precip	MIROC5	RCP60	REGRESION	decimas	1
P4692	38.698	-5.296	182	geo	2006	2100	-1
P4692 2006 1 0 8 0 7 7 0 0 0 8 5 0 86 130 0 42 89 73 67 50 11 4 11 21 0 13 0 15 16 0 30 0 
P4692 2006 2 17 62 24 15 0 0 0 0 0 3 8 24 0 40 0 14 13 7 0 27 10 8 8 0 0 3 0 0 -999 -999 -999 
P4692 2006 3 39 53 76 95 0 85 79 78 44 48 58 27 26 0 30 60 118 109 71 36 49 37 36 25 29 31 31 0 58 37 54 
P4692 2006 4 19 0 0 0 0 14 0 38 0 0 0 0 0 0 10 0 0 0 0 0 1 0 10 0 0 0 48 35 27 21 -999 
P4692 2006 5 0 24 0 31 31 48 20 0 0 0 0 0 0 0 0 0 0 10 15 17 6 0 0 0 0 0 0 0 0 0 0 
P4692 2006 6 0 0 0 0 0 0 0 0 0 0 0 0 22 0 0 0 0 0 0 19 0 12 0 0 18 0 23 17 0 0 -999 
P4692 2006 7 0 0 0 0 0 0 25 27 0 0 0 0 0 0 0 0 0 0 0 0 0 0 0 0 0 0 0 0 15 0 0 
P4692 2006 8 0 0 0 0 0 0 0 0 0 0 0 0 0 0 0 0 0 0 0 0 0 0 0 0 0 0 0 0 0 27 23 
P4692 2006 9 0 0 0 0 30 0 0 0 0 0 0 10 0 0 0 32 0 0 0 0 0 0 0 0 10 0 0 0 0 8 -999 
P4692 2006 10 0 0 0 0 0 0 0 0 0 31 0 0 0 26 0 19 12 0 0 18 0 0 0 0 22 17 10 0 15 10 0 
P4692 2006 11 0 0 10 0 0 0 37 0 0 0 0 0 0 0 0 0 0 0 0 0 18 0 0 31 0 4 0 0 0 0 -999 
P4692 2006 12 0 0 0 0 0 0 0 65 59 41 27 25 30 25 62 94 0 0 0 0 0 0 87 39 0 42 35 0 35 0 14 
P4692 2007 1 19 0 0 0 0 0 0 0 0 0 2 0 0 0 0 0 0 0 7 0 0 0 5 6 11 8 0 13 13 0 12 
P4692 2007 2 7 9 14 14 0 7 21 0 147 108 20 20 7 7 0 0 19 42 25 0 0 33 0 22 27 0 32 27 -999 -999 -999 
P4692 2007 3 0 0 19 50 54 26 0 14 13 0 0 0 37 50 25 0 0 15 13 0 0 0 0 0 0 0 10 5 0 2 0 
P4692 2007 4 2 0 0 0 8 14 0 0 0 0 0 0 0 0 0 0 0 0 44 29 30 0 24 30 0 10 0 0 0 0 -999 
P4692 2007 5 0 0 0 28 58 0 15 13 0 0 0 0 23 25 0 0 0 0 25 0 0 0 0 0 0 0 0 0 0 0 0 
P4692 2007 6 0 0 16 17 21 25 0 0 6 13 0 0 0 0 11 0 0 0 0 0 0 21 0 0 15 0 20 21 0 21 -999 
P4692 2007 7 0 19 24 0 0 0 0 0 0 0 31 0 19 0 0 0 0 0 0 0 0 0 0 0 0 0 0 0 0 0 0 
P4692 2007 8 0 0 0 0 0 0 0 0 0 0 0 0 0 0 0 0 17 0 0 26 0 0 0 0 0 25 30 0 0 15 0 
P4692 2007 9 5 0 0 0 0 0 0 0 0 0 0 0 0 0 44 0 0 0 0 0 0 0 0 0 21 0 0 0 0 0 -999 
P4692 2007 10 0 0 0 0 0 0 0 0 0 0 16 0 43 41 17 0 0 53 12 0 0 42 41 43 0 0 0 14 0 0 0 
P4692 2007 11 0 0 10 0 0 0 0 0 0 0 0 35 0 19 0 0 0 0 0 0 0 0 0 0 2 0 17 10 0 0 -999 
P4692 2007 12 0 0 0 0 9 7 14 10 4 0 0 0 0 0 0 0 31 28 0 6 10 0 0 0 14 8 0 12 0 0 0 
P4692 2008 1 0 0 0 29 0 0 0 0 0 4 0 6 0 23 26 0 0 0 0 25 63 63 27 0 0 93 103 53 41 53 77 
P4692 2008 2 128 41 78 34 0 47 44 68 18 28 0 0 0 0 0 38 0 54 33 41 13 0 11 0 19 20 21 16 -999 -999 -999 
P4692 2008 3 0 0 8 0 0 0 0 5 0 0 11 0 0 0 0 0 0 0 0 0 0 0 0 10 0 12 0 0 0 0 0 
P4692 2008 4 0 0 0 0 12 0 0 0 2 0 0 0 0 22 48 39 30 0 0 10 10 9 0 0 0 8 0 0 0 0 -999 
P4692 2008 5 0 0 4 0 17 0 0 0 0 0 41 21 0 30 19 19 0 0 0 35 27 29 0 14 8 0 0 0 0 0 15 
P4692 2008 6 0 0 0 0 0 0 15 0 0 0 0 19 0 40 0 0 0 0 0 0 0 0 0 0 0 0 0 0 21 0 -999 
P4692 2008 7 0 0 0 0 0 0 0 36 0 17 0 0 0 0 0 0 0 0 0 19 0 0 15 0 0 0 0 0 0 0 0 
P4692 2008 8 0 0 0 0 0 0 0 0 0 0 0 0 0 0 0 0 0 0 0 0 0 24 0 0 0 0 0 0 0 0 0 
P4692 2008 9 12 0 0 0 0 0 0 0 0 0 0 27 0 0 0 0 0 0 0 18 0 0 26 0 0 0 0 0 38 26 -999 
P4692 2008 10 0 20 0 0 0 0 0 0 0 0 0 0 0 0 0 0 0 14 0 0 0 18 0 0 0 32 33 0 14 0 11 
P4692 2008 11 0 0 22 0 0 0 0 0 0 0 21 0 0 0 0 0 16 0 12 7 0 0 0 0 0 0 0 3 0 0 -999 
P4692 2008 12 0 0 0 0 0 0 0 0 6 18 20 0 6 12 4 0 0 5 6 0 0 0 0 0 21 24 20 19 0 0 0 
P4692 2009 1 0 0 0 0 0 5 0 0 0 0 0 7 6 9 11 0 0 0 0 0 0 0 0 0 0 0 0 0 0 0 0 
P4692 2009 2 0 0 5 0 0 2 0 0 0 0 4 0 0 0 0 0 0 0 0 0 1 0 0 0 0 4 0 14 -999 -999 -999 
P4692 2009 3 33 37 39 0 0 0 9 38 40 0 9 12 8 0 23 18 54 48 33 23 0 0 0 23 22 59 45 66 65 45 22 
P4692 2009 4 19 43 15 15 0 38 0 8 6 0 0 0 19 0 0 7 0 0 9 0 13 0 0 0 0 6 0 0 0 0 -999 
P4692 2009 5 28 28 19 21 0 26 16 15 24 0 0 11 4 0 0 0 0 0 0 31 0 0 26 20 0 0 0 0 0 0 0 
P4692 2009 6 0 0 0 0 21 19 21 12 17 14 0 0 0 0 0 25 12 0 0 0 0 0 0 19 0 0 0 0 0 0 -999 
P4692 2009 7 0 26 0 0 0 0 0 0 0 0 0 28 25 12 0 0 0 0 0 0 0 0 0 0 0 0 0 0 0 0 0 
P4692 2009 8 0 0 0 0 0 0 22 0 0 0 0 0 0 0 0 0 0 0 0 0 0 0 0 0 13 0 0 0 26 29 0 
P4692 2009 9 0 18 0 0 0 0 0 0 0 38 0 0 0 0 0 0 0 0 0 0 0 0 0 0 0 0 0 0 0 0 -999 
P4692 2009 10 0 6 0 0 0 0 0 0 0 15 0 17 17 17 0 0 25 0 14 12 0 7 0 0 0 0 0 0 0 0 0 
P4692 2009 11 0 0 0 0 0 0 11 0 0 0 0 0 0 0 0 0 20 0 0 18 0 0 0 37 0 0 7 0 18 0 -999 
P4692 2009 12 14 0 39 20 48 41 54 17 20 57 32 0 0 0 0 0 16 39 23 0 0 11 0 0 28 0 48 44 19 9 0 
P4692 2010 1 0 0 0 67 43 0 0 9 0 0 0 0 12 0 9 11 11 12 0 19 16 0 0 0 0 0 0 8 0 0 0 
P4692 2010 2 12 0 0 0 0 14 0 0 0 0 0 0 0 0 0 0 0 0 0 3 0 0 0 0 0 3 0 0 -999 -999 -999 
P4692 2010 3 0 0 0 0 0 0 0 21 0 46 25 13 0 6 0 0 9 23 45 0 0 0 0 0 0 0 0 0 0 5 10 
P4692 2010 4 0 0 0 0 0 0 0 0 35 31 0 23 17 0 52 37 0 0 8 0 20 14 6 13 24 0 0 0 0 16 -999 
P4692 2010 5 0 7 19 27 22 0 0 0 13 14 16 0 0 0 17 26 14 18 11 0 0 0 0 0 0 0 33 0 16 14 11 
P4692 2010 6 14 23 20 0 0 0 0 0 0 0 0 0 0 0 0 32 0 0 0 0 0 0 0 0 16 0 20 0 0 0 -999 
P4692 2010 7 30 0 0 0 0 0 0 0 0 20 0 17 0 0 0 0 0 0 0 0 0 0 0 0 0 0 0 0 0 0 28 
P4692 2010 8 0 0 0 0 0 0 0 0 0 0 22 0 0 21 0 0 0 0 0 0 0 0 0 0 0 0 0 0 0 0 0 
P4692 2010 9 0 0 32 14 0 0 0 0 29 0 0 0 18 0 0 7 0 0 28 0 0 0 0 0 27 18 0 0 0 0 -999 
P4692 2010 10 0 0 0 0 0 0 0 0 0 0 44 0 45 33 17 11 5 0 0 0 0 0 17 5 0 0 0 0 0 11 8 
P4692 2010 11 10 0 0 0 10 0 0 0 0 6 0 0 0 0 0 0 0 0 7 0 0 0 0 0 6 0 0 0 0 0 -999 
P4692 2010 12 0 0 0 0 0 0 11 0 11 0 0 0 31 0 0 0 0 0 8 0 0 0 0 0 0 5 0 0 0 1 0 
P4692 2011 1 0 0 8 10 16 6 0 0 4 0 0 0 0 0 16 0 0 0 0 0 0 16 30 12 14 7 0 0 0 1 5 
P4692 2011 2 0 0 0 23 0 28 0 0 0 0 0 0 9 7 0 9 0 0 0 0 0 0 0 0 0 0 18 0 -999 -999 -999 
P4692 2011 3 47 0 0 0 9 0 0 0 7 0 0 0 0 0 34 84 84 24 16 23 0 0 54 127 0 0 0 0 0 0 0 
P4692 2011 4 0 0 0 0 13 0 0 0 0 20 22 0 0 0 0 0 35 0 0 27 25 0 0 0 0 0 0 0 0 0 -999 
P4692 2011 5 0 0 0 0 0 5 10 0 0 33 0 0 0 20 0 20 0 0 0 0 0 0 8 18 24 0 0 20 0 16 12 
P4692 2011 6 0 0 10 9 0 0 0 0 0 0 0 0 0 0 0 0 0 0 0 0 0 25 0 0 0 0 0 0 0 8 -999 
P4692 2011 7 0 0 0 0 0 0 0 0 0 0 0 0 0 0 0 0 0 18 0 0 0 0 0 0 0 0 0 0 0 0 0 
P4692 2011 8 0 0 0 0 0 0 0 0 0 0 26 0 0 0 18 0 0 0 0 0 0 0 0 0 0 0 0 0 0 0 0 
P4692 2011 9 0 0 0 0 0 0 0 0 31 39 0 0 0 0 0 0 0 0 0 0 0 0 0 12 0 0 0 0 0 0 -999 
P4692 2011 10 0 21 0 0 0 0 0 0 0 0 0 19 0 0 16 0 12 0 0 0 21 0 16 17 13 0 13 0 0 25 0 
P4692 2011 11 6 0 0 20 45 50 35 0 6 4 8 8 8 0 0 0 37 0 0 7 12 49 0 0 0 9 0 0 0 0 -999 
P4692 2011 12 0 21 26 0 4 7 4 0 0 0 11 19 9 0 0 34 39 49 46 44 57 24 37 19 27 25 25 19 21 22 40 
P4692 2012 1 67 17 0 0 4 0 0 0 0 2 0 0 1 0 0 0 0 0 1 4 5 0 0 3 3 0 6 12 20 26 0 
P4692 2012 2 0 0 0 0 0 7 0 5 0 0 0 0 0 0 0 0 0 0 30 29 0 9 6 0 10 0 0 0 -999 -999 -999 
P4692 2012 3 0 45 30 0 15 0 0 0 1 0 0 6 0 0 0 0 0 0 0 0 34 0 18 0 0 0 0 0 0 0 0 
P4692 2012 4 0 0 0 0 0 0 23 17 0 2 0 0 0 53 45 34 0 14 0 0 8 0 0 38 38 27 49 45 38 30 -999 
P4692 2012 5 19 23 21 0 0 0 0 11 23 19 19 26 24 0 24 0 0 17 0 0 11 0 16 0 0 19 0 0 8 0 0 
P4692 2012 6 2 2 0 7 0 0 0 0 37 25 0 18 0 21 26 14 0 0 0 0 16 0 10 0 12 0 0 0 0 0 -999 
P4692 2012 7 0 0 0 0 0 0 0 0 0 0 27 0 0 0 0 0 28 22 0 0 0 0 0 20 0 0 0 0 0 0 0 
P4692 2012 8 18 0 0 0 0 0 0 0 0 0 0 0 0 0 0 0 0 0 0 0 0 0 0 0 0 0 20 0 12 0 0 
P4692 2012 9 0 0 0 0 0 0 0 0 0 0 0 0 0 0 0 0 0 0 0 0 0 14 17 0 0 0 0 0 0 12 -999 
P4692 2012 10 0 0 0 0 0 0 0 0 0 0 0 18 0 0 0 27 0 0 0 0 0 0 23 0 0 15 0 16 0 37 21 
P4692 2012 11 0 47 34 10 10 19 6 0 0 0 33 0 0 2 0 0 0 45 58 32 15 0 0 0 0 12 0 0 37 20 -999 
P4692 2012 12 0 0 0 0 20 61 58 53 0 0 0 0 21 71 0 44 0 17 11 8 11 0 0 15 12 0 0 0 0 0 45 
P4692 2013 1 0 10 15 46 20 7 16 0 0 0 0 0 0 0 0 0 0 0 0 0 0 0 0 0 0 0 5 0 0 24 0 
P4692 2013 2 0 0 0 0 0 0 4 0 0 0 0 0 0 58 31 11 15 50 69 53 0 45 45 74 20 0 0 5 -999 -999 -999 
P4692 2013 3 0 0 0 20 0 0 0 27 22 52 93 93 56 19 21 0 0 31 31 23 19 0 0 24 27 0 0 0 34 38 56 
P4692 2013 4 24 10 12 20 0 16 21 0 3 0 0 0 0 20 0 28 0 0 0 0 31 0 11 0 49 0 0 0 0 0 -999 
P4692 2013 5 8 0 0 0 0 0 0 34 25 32 31 16 8 0 0 33 28 23 19 0 10 0 0 0 14 7 0 0 0 0 0 
P4692 2013 6 0 0 0 27 0 0 0 33 42 42 37 0 21 16 12 0 15 0 16 12 0 0 0 0 0 0 30 0 26 18 -999 
P4692 2013 7 0 0 0 12 0 27 0 0 0 0 0 0 0 0 0 33 0 0 0 0 0 0 0 0 0 0 0 0 0 0 0 
P4692 2013 8 0 0 0 27 0 23 18 23 0 0 0 0 0 0 0 0 0 0 0 0 0 0 0 0 0 0 0 0 0 0 37 
P4692 2013 9 24 0 0 0 0 0 0 0 0 0 0 0 0 0 0 0 0 0 0 0 0 0 0 0 0 2 0 0 8 0 -999 
P4692 2013 10 0 0 11 0 0 0 0 0 12 21 0 0 0 0 0 16 0 0 0 0 0 0 0 1 0 0 0 0 7 0 0 
P4692 2013 11 0 0 0 0 0 0 0 0 0 6 0 0 0 0 0 11 0 118 151 58 69 97 122 71 20 73 39 19 7 12 -999 
P4692 2013 12 18 42 21 22 0 0 0 0 0 0 0 11 0 14 19 12 8 0 0 0 0 0 15 33 18 0 20 0 41 0 15 
P4692 2014 1 17 9 0 15 22 22 0 23 0 0 10 14 18 0 30 0 1 0 0 0 0 5 0 0 14 23 0 0 0 73 0 
P4692 2014 2 19 32 0 32 34 54 33 60 28 40 8 0 0 0 0 0 0 0 0 0 10 0 0 0 0 0 10 23 -999 -999 -999 
P4692 2014 3 20 0 0 0 0 0 0 0 0 0 0 0 0 25 50 52 54 57 89 46 28 20 0 9 0 0 7 0 0 9 0 
P4692 2014 4 23 23 0 0 42 0 0 9 16 25 23 27 27 26 34 0 36 15 0 17 0 0 0 0 0 21 0 24 19 27 -999 
P4692 2014 5 42 0 0 34 0 4 0 0 0 0 0 0 0 0 0 0 32 0 39 45 0 47 35 34 17 22 0 17 0 35 33 
P4692 2014 6 15 0 0 51 43 24 0 19 14 0 0 0 0 0 0 0 0 0 0 0 0 0 0 0 0 0 0 0 0 0 -999 
P4692 2014 7 0 0 0 0 0 0 0 0 0 0 0 0 0 0 0 23 0 0 0 0 0 0 0 0 0 0 0 0 0 0 0 
P4692 2014 8 0 23 0 0 0 0 0 0 0 0 0 0 0 0 0 0 0 0 0 0 0 0 0 0 0 0 0 0 0 0 0 
P4692 2014 9 0 0 0 0 0 0 0 0 0 0 0 0 0 0 32 0 46 30 17 0 0 16 0 0 0 0 0 0 0 16 -999 
P4692 2014 10 0 0 0 0 14 0 0 0 0 0 15 0 0 8 0 0 0 0 0 48 15 13 0 0 35 39 0 0 0 0 0 
P4692 2014 11 0 0 0 0 3 0 0 0 8 0 0 4 0 0 0 0 0 43 21 0 90 119 46 51 29 17 0 0 0 0 -999 
P4692 2014 12 0 0 0 0 2 5 0 5 6 5 0 0 0 0 0 0 1 0 0 0 0 0 0 8 5 0 0 0 13 0 20 
P4692 2015 1 0 1 0 39 50 22 21 0 0 13 0 0 0 2 0 0 0 0 0 0 0 0 0 0 0 0 10 37 39 23 0 
P4692 2015 2 9 0 0 6 0 0 0 0 0 0 0 0 0 1 0 1 0 0 0 0 0 0 0 17 47 58 52 26 -999 -999 -999 
P4692 2015 3 16 25 27 41 23 0 0 24 32 0 0 8 17 27 0 0 0 0 0 16 0 27 35 23 11 0 0 0 0 0 0 
P4692 2015 4 0 16 12 0 0 0 0 16 10 0 0 0 0 0 0 0 0 0 0 0 0 0 7 8 18 37 21 26 66 0 -999 
P4692 2015 5 56 43 27 10 0 12 0 0 0 0 0 0 0 0 0 0 0 0 0 0 8 0 0 0 0 0 0 51 51 21 0 
P4692 2015 6 0 0 0 0 0 34 24 0 0 0 7 0 11 0 0 17 0 0 7 0 0 0 0 0 0 0 19 0 0 0 -999 
P4692 2015 7 0 0 0 0 0 0 0 0 0 0 0 0 0 0 0 0 0 0 0 0 0 0 0 0 0 0 0 0 0 0 0 
P4692 2015 8 0 0 0 0 0 19 0 0 0 0 25 0 0 0 0 0 29 0 0 0 0 0 0 28 20 0 0 0 0 0 0 
P4692 2015 9 0 0 0 0 32 0 0 0 0 0 0 0 0 0 0 0 0 0 0 23 0 0 0 0 37 43 47 37 0 30 -999 
P4692 2015 10 28 18 0 6 16 0 21 0 0 5 0 0 0 0 12 0 0 0 0 0 0 0 0 0 12 0 0 0 0 3 0 
P4692 2015 11 0 0 0 9 0 0 0 0 0 0 0 0 24 50 0 0 0 0 0 39 0 0 0 0 0 0 0 0 0 0 -999 
P4692 2015 12 24 32 18 23 25 21 98 0 51 54 25 0 56 9 0 0 0 0 5 6 0 0 6 0 0 0 0 0 4 0 0 
P4692 2016 1 0 0 0 7 0 0 0 18 11 0 0 58 44 68 0 0 0 23 0 0 0 0 0 0 0 14 20 0 15 0 0 
P4692 2016 2 0 4 15 16 8 0 0 5 0 8 9 8 0 11 0 0 0 16 0 0 0 0 0 0 0 0 0 0 -999 -999 -999 
P4692 2016 3 0 0 0 0 19 24 0 34 94 73 0 106 66 39 40 0 0 30 0 0 0 33 30 0 34 23 54 79 51 33 49 
P4692 2016 4 0 6 3 5 0 0 0 20 0 51 73 68 27 0 58 24 29 0 0 0 11 0 0 0 0 20 0 0 32 0 -999 
P4692 2016 5 0 18 0 0 0 10 0 0 0 0 31 0 19 0 0 30 0 13 6 0 0 0 0 15 0 12 0 0 30 0 29 
P4692 2016 6 20 0 0 6 0 0 0 0 0 0 0 0 24 0 0 0 0 0 0 0 0 0 0 30 0 0 18 0 0 0 -999 
P4692 2016 7 0 0 0 0 0 0 0 0 0 0 0 0 0 0 0 0 0 0 0 0 0 17 0 0 0 0 0 0 16 0 0 
P4692 2016 8 0 19 0 0 0 0 0 0 0 0 0 0 0 0 0 0 0 15 0 0 0 0 15 0 0 0 0 0 26 0 0 
P4692 2016 9 13 18 0 0 0 0 0 0 8 0 0 0 0 0 0 0 0 0 0 20 0 0 0 0 0 0 0 0 0 17 -999 
P4692 2016 10 12 0 0 0 0 0 0 19 0 0 0 0 0 0 26 0 78 54 52 53 45 47 0 12 0 0 0 0 0 0 10 
P4692 2016 11 15 0 12 11 0 0 0 24 8 9 0 0 0 20 63 0 20 54 0 41 45 17 20 0 48 10 0 0 24 28 -999 
P4692 2016 12 0 9 0 0 0 0 0 9 13 0 26 44 68 0 0 0 0 19 35 37 38 50 27 0 20 0 0 0 0 19 0 
P4692 2017 1 21 8 0 0 7 0 0 0 0 0 0 0 0 68 38 0 0 0 4 0 0 0 0 0 0 0 0 0 0 3 0 
P4692 2017 2 0 0 0 0 0 0 0 0 0 0 3 0 0 0 0 0 0 0 0 0 0 0 0 0 0 0 0 0 -999 -999 -999 
P4692 2017 3 0 0 0 0 0 9 0 24 42 35 20 0 0 29 17 4 5 0 8 0 0 0 0 47 62 60 0 47 29 11 7 
P4692 2017 4 8 0 0 0 0 0 11 13 0 0 0 0 0 0 0 0 9 0 0 7 0 11 0 21 23 20 0 0 0 0 -999 
P4692 2017 5 15 0 0 0 0 0 0 0 0 0 0 0 0 0 0 0 0 0 0 0 0 0 0 0 0 0 13 0 0 0 0 
P4692 2017 6 0 0 0 0 0 0 0 0 25 0 0 0 0 0 0 0 0 0 0 0 0 18 0 0 0 0 0 0 0 24 -999 
P4692 2017 7 0 0 16 15 0 0 0 0 0 0 0 0 0 17 8 0 13 21 0 0 0 0 0 0 0 0 0 0 24 0 0 
P4692 2017 8 0 0 0 0 0 0 0 0 29 0 0 0 0 0 0 0 0 0 0 0 0 0 0 0 0 0 0 0 0 0 0 
P4692 2017 9 0 0 0 0 0 0 0 0 0 25 0 0 0 0 0 0 0 0 0 0 0 0 0 29 0 0 0 0 0 0 -999 
P4692 2017 10 0 0 0 0 0 10 0 0 0 0 0 0 0 0 0 43 0 0 0 24 0 0 24 13 0 0 0 81 106 47 0 
P4692 2017 11 14 0 28 0 19 12 10 34 33 16 54 65 124 83 18 13 11 0 0 18 29 0 11 0 0 11 0 0 0 0 -999 
P4692 2017 12 0 0 34 0 0 22 23 47 87 0 0 0 32 56 51 14 0 0 0 7 0 0 12 0 13 0 18 19 0 46 32 
P4692 2018 1 0 0 0 0 0 0 0 18 39 22 6 7 0 0 0 0 15 0 22 0 0 8 38 0 10 30 35 22 22 0 22 
P4692 2018 2 34 0 53 0 0 0 15 0 13 0 10 0 0 0 4 0 5 0 0 0 9 0 0 0 0 0 0 0 -999 -999 -999 
P4692 2018 3 0 0 0 16 0 0 0 0 0 0 38 55 52 0 26 9 0 22 15 0 5 0 8 10 0 0 0 21 28 28 0 
P4692 2018 4 10 0 0 0 18 13 0 0 0 0 0 0 8 0 0 14 0 0 0 0 11 0 0 0 46 63 56 0 0 0 -999 
P4692 2018 5 28 0 0 0 0 0 16 0 0 0 30 28 31 20 13 27 0 0 0 42 40 33 31 13 13 25 0 0 0 0 0 
P4692 2018 6 0 0 0 0 0 0 0 0 0 0 0 19 0 0 0 0 13 10 0 0 0 21 0 0 0 0 0 0 0 0 -999 
P4692 2018 7 25 0 0 0 0 0 0 0 0 0 0 0 0 0 0 0 0 0 0 0 0 0 0 0 0 27 22 0 0 0 0 
P4692 2018 8 0 0 0 0 0 0 0 0 0 0 0 0 0 0 0 0 0 0 23 0 0 0 0 0 0 0 0 0 0 9 0 
P4692 2018 9 0 0 0 0 0 0 30 0 0 0 0 0 0 0 0 0 0 13 0 0 0 0 18 0 0 0 0 0 0 0 -999 
P4692 2018 10 0 0 0 0 0 0 0 0 0 0 25 0 0 0 20 0 0 15 0 0 0 18 0 0 0 17 0 0 0 0 0 
P4692 2018 11 0 0 0 0 2 0 25 82 46 0 0 0 0 0 6 0 0 0 0 0 17 22 18 0 0 7 7 0 8 0 -999 
P4692 2018 12 0 21 15 18 33 40 56 11 8 8 0 60 63 0 27 18 0 0 0 0 0 0 21 0 0 0 33 49 69 71 42 
P4692 2019 1 75 69 84 83 68 66 79 12 0 0 0 0 6 0 18 10 41 35 59 62 69 80 32 14 25 37 80 0 0 19 50 
P4692 2019 2 60 57 0 0 0 21 0 0 0 0 76 38 79 71 17 0 0 112 109 21 13 14 12 0 3 1 0 0 -999 -999 -999 
P4692 2019 3 0 3 0 10 0 0 0 14 0 14 0 0 0 0 0 12 0 0 0 0 6 0 0 0 0 0 22 0 38 22 19 
P4692 2019 4 0 0 0 15 22 40 27 39 33 18 31 0 26 0 34 32 33 0 0 0 15 14 0 60 27 24 29 26 0 34 -999 
P4692 2019 5 28 0 0 0 0 0 0 17 0 29 0 0 29 0 0 0 0 0 0 0 0 0 0 0 0 0 0 0 0 0 0 
P4692 2019 6 0 0 0 10 0 0 32 29 23 0 25 22 15 19 0 0 0 0 0 0 0 0 0 0 0 0 0 0 0 0 -999 
P4692 2019 7 0 0 0 0 26 0 13 0 0 0 0 0 0 0 0 0 0 0 0 0 0 0 0 0 0 0 0 0 0 0 0 
P4692 2019 8 0 0 16 19 0 0 0 0 0 0 0 0 0 0 0 0 0 0 0 0 20 0 0 0 0 0 0 0 0 0 0 
P4692 2019 9 0 0 16 15 20 0 0 0 0 0 0 0 0 0 9 20 28 0 25 0 0 0 0 30 0 0 0 0 0 0 -999 
P4692 2019 10 0 0 0 27 0 0 15 0 0 0 19 53 46 11 0 0 0 0 0 0 0 0 0 0 0 0 0 0 0 0 0 
P4692 2019 11 0 0 0 0 0 0 14 18 0 0 0 0 0 0 0 10 0 0 0 42 136 148 65 39 56 66 41 20 0 79 -999 
P4692 2019 12 62 44 0 0 0 0 0 0 0 0 0 0 0 0 3 0 0 0 0 7 0 0 0 0 0 0 0 0 0 0 15 
P4692 2020 1 0 13 7 0 0 0 0 0 0 0 0 0 0 0 15 0 0 0 0 0 9 5 0 16 0 24 0 50 36 38 25 
P4692 2020 2 19 0 0 0 0 0 19 30 9 0 8 0 0 0 15 11 0 0 7 8 0 0 0 5 0 0 0 0 -999 -999 -999 
P4692 2020 3 0 0 0 0 25 30 0 0 0 0 0 0 15 0 0 0 0 0 0 0 0 0 0 0 0 28 0 22 21 0 21 
P4692 2020 4 29 19 0 11 0 0 0 1 2 0 0 0 0 0 52 66 70 45 32 36 48 21 0 0 0 0 0 21 14 0 -999 
P4692 2020 5 0 0 0 0 0 0 0 0 0 0 46 40 30 20 32 22 0 0 0 11 0 0 16 0 0 5 0 0 0 0 0 
P4692 2020 6 0 14 0 0 15 0 0 0 0 0 0 0 11 17 20 18 0 0 0 0 0 0 0 0 0 0 0 0 0 0 -999 
P4692 2020 7 0 0 0 0 0 0 0 0 0 0 0 0 29 0 13 0 20 0 24 0 0 0 0 0 0 0 0 0 0 0 18 
P4692 2020 8 0 0 0 0 0 0 0 0 0 0 0 12 0 0 0 0 0 0 0 0 19 0 0 0 0 0 0 0 13 19 23 
P4692 2020 9 0 12 0 0 0 0 0 0 0 0 0 0 0 0 0 0 9 0 0 0 0 19 0 16 0 0 0 0 0 0 -999 
P4692 2020 10 0 0 0 0 0 0 38 36 0 18 24 35 15 0 74 40 16 52 17 0 6 0 0 0 0 0 0 13 0 0 0 
P4692 2020 11 50 61 61 57 0 15 0 10 0 0 0 0 0 0 18 0 0 9 0 79 55 47 0 27 42 41 44 69 0 0 -999 
P4692 2020 12 0 51 50 0 30 0 0 24 0 0 0 5 0 0 0 0 0 0 20 0 21 76 77 60 61 64 88 13 0 0 46 
P4692 2021 1 43 66 31 0 0 0 31 63 48 10 0 0 0 0 0 0 0 0 0 0 5 0 0 0 9 11 18 20 0 0 0 
P4692 2021 2 0 35 49 42 45 0 0 0 0 0 12 17 13 7 2 0 0 0 0 0 11 0 7 0 5 0 0 0 -999 -999 -999 
P4692 2021 3 0 9 0 3 0 0 0 0 0 38 20 0 45 2 3 0 28 0 0 0 0 0 0 0 0 0 21 0 0 22 0 
P4692 2021 4 16 18 0 17 11 0 0 31 0 0 0 0 0 0 0 29 0 0 0 0 0 30 31 0 21 16 0 19 0 36 -999 
P4692 2021 5 48 35 23 0 0 0 0 0 0 0 13 0 24 0 0 0 0 0 0 0 0 11 11 22 0 11 0 0 0 0 0 
P4692 2021 6 0 0 0 0 0 0 0 0 0 0 0 0 0 0 0 12 0 0 0 11 15 0 0 0 0 0 0 0 0 0 -999 
P4692 2021 7 0 0 28 22 0 0 0 0 0 0 0 0 0 0 0 0 17 0 19 25 0 0 0 0 0 21 29 0 0 0 0 
P4692 2021 8 0 0 0 0 0 0 0 0 0 0 0 0 0 0 0 0 0 0 0 0 0 0 0 0 0 30 0 0 0 0 0 
P4692 2021 9 0 0 12 0 0 23 0 0 0 10 0 0 0 0 0 0 0 0 0 0 0 0 0 0 0 0 0 0 18 0 -999 
P4692 2021 10 0 0 0 0 0 0 27 11 20 14 10 0 0 0 0 0 14 0 13 0 40 65 78 58 30 22 18 11 0 8 15 
P4692 2021 11 0 22 34 57 68 42 0 0 0 0 0 12 12 13 0 0 0 35 0 0 0 0 7 15 35 43 51 0 67 30 -999 
P4692 2021 12 48 71 30 0 0 0 0 0 0 0 0 0 0 0 0 47 63 69 20 0 0 33 0 14 8 0 0 0 0 18 0 
P4692 2022 1 0 0 0 0 0 11 0 0 44 34 43 21 0 0 38 30 34 16 0 0 48 40 96 49 35 12 0 35 41 45 42 
P4692 2022 2 0 24 11 31 45 37 102 120 40 62 112 83 101 43 84 0 32 44 22 0 79 28 41 17 46 93 68 0 -999 -999 -999 
P4692 2022 3 0 15 0 32 71 73 43 68 40 55 0 43 49 0 0 6 0 0 0 0 0 0 0 0 0 0 0 0 0 0 9 
P4692 2022 4 0 0 0 0 8 0 0 30 14 10 15 12 0 18 33 24 0 0 0 18 9 0 0 0 0 0 0 0 0 0 -999 
P4692 2022 5 0 0 0 0 0 0 24 0 0 0 40 0 52 0 31 27 0 21 0 0 18 0 0 0 32 0 0 0 8 0 0 
P4692 2022 6 0 0 0 23 12 22 33 0 0 0 0 0 0 0 0 0 0 0 14 0 0 0 0 0 0 0 0 0 0 0 -999 
P4692 2022 7 0 0 0 0 0 0 0 0 0 47 0 0 0 0 0 0 0 0 0 0 0 0 0 15 0 0 0 0 20 0 0 
P4692 2022 8 0 0 0 0 0 0 0 0 0 0 0 0 0 0 0 0 0 0 0 0 0 0 0 14 0 0 0 0 0 0 0 
P4692 2022 9 16 0 0 0 0 0 0 0 0 0 13 0 23 37 0 15 0 0 0 0 0 0 0 0 0 0 0 0 0 0 -999 
P4692 2022 10 21 0 0 0 10 0 0 0 0 34 48 23 0 0 48 34 19 0 0 0 0 0 0 0 0 0 9 0 38 54 29 
P4692 2022 11 25 0 0 0 0 0 0 0 0 0 13 14 0 0 0 0 0 0 5 4 0 0 0 0 0 0 8 0 14 0 -999 
P4692 2022 12 18 44 68 96 40 0 15 0 69 21 0 0 16 0 0 0 10 0 5 0 38 53 71 43 0 22 21 0 13 0 4 
P4692 2023 1 5 6 4 0 8 5 0 0 0 0 2 0 8 8 0 0 0 0 0 8 0 0 0 0 0 0 0 0 0 0 0 
P4692 2023 2 0 0 7 6 0 0 0 0 0 0 6 5 0 0 0 0 16 0 9 0 0 0 30 0 0 13 35 13 -999 -999 -999 
P4692 2023 3 18 0 0 0 0 5 0 0 0 0 0 0 0 3 0 0 0 0 0 0 0 0 0 0 0 0 0 0 0 0 46 
P4692 2023 4 19 10 22 43 40 23 21 0 0 0 0 20 63 86 42 11 35 10 0 0 0 0 0 0 65 43 39 38 8 0 -999 
P4692 2023 5 0 0 0 0 0 0 0 0 0 0 0 0 0 13 0 31 29 0 39 30 0 0 0 0 0 0 0 11 0 0 0 
P4692 2023 6 0 0 0 17 24 0 27 17 0 0 0 0 11 0 0 0 0 0 0 0 0 0 0 0 0 0 0 0 0 0 -999 
P4692 2023 7 0 0 0 0 0 0 0 0 0 0 0 0 0 0 23 0 0 18 21 0 0 0 0 0 0 0 0 0 0 0 0 
P4692 2023 8 0 0 0 0 0 0 0 0 0 0 0 0 0 0 0 0 0 0 0 21 0 0 0 0 0 0 0 0 0 18 26 
P4692 2023 9 0 0 0 0 0 0 0 0 0 0 0 0 0 0 0 0 0 0 0 0 0 0 13 0 0 0 0 0 14 0 -999 
P4692 2023 10 0 8 0 12 0 0 0 0 0 0 10 10 0 32 51 0 0 0 0 0 0 0 0 5 17 0 14 4 0 0 0 
P4692 2023 11 51 0 13 0 0 0 0 0 21 29 0 0 10 0 0 8 0 1 0 0 1 0 6 11 0 0 0 0 0 0 -999 
P4692 2023 12 0 0 0 0 0 0 0 9 0 0 3 0 0 0 0 0 0 0 9 0 0 0 0 0 0 0 2 3 0 0 0 
P4692 2024 1 3 0 21 27 10 43 49 48 46 0 14 12 19 46 40 0 0 54 0 0 0 0 0 0 0 0 0 0 0 11 0 
P4692 2024 2 65 0 91 27 0 12 0 0 0 3 0 0 0 0 0 0 0 2 0 0 0 27 38 0 56 43 0 0 -999 -999 -999 
P4692 2024 3 0 0 0 53 43 44 0 0 0 0 0 0 0 0 0 0 0 0 0 0 10 0 0 0 77 92 47 22 0 0 0 
P4692 2024 4 36 46 49 25 10 7 0 0 0 0 0 0 0 4 0 0 0 0 0 0 24 42 0 0 0 12 0 0 0 0 -999 
P4692 2024 5 0 0 1 0 0 0 0 0 0 0 0 0 0 16 0 0 0 0 0 0 0 0 0 0 0 0 0 0 21 17 0 
P4692 2024 6 0 0 0 0 0 0 0 0 0 26 0 0 0 0 0 0 0 0 0 0 0 0 21 0 25 25 18 17 0 0 -999 
P4692 2024 7 0 16 0 0 0 0 0 0 0 0 0 0 0 0 0 0 0 0 0 0 0 0 0 0 0 0 0 0 19 0 0 
P4692 2024 8 0 0 0 0 0 0 0 0 0 0 0 0 0 0 0 0 0 0 0 11 0 0 0 0 0 0 0 0 0 0 0 
P4692 2024 9 0 0 0 0 0 0 24 0 0 0 0 0 0 0 0 0 0 0 0 0 20 0 0 0 0 0 0 0 0 0 -999 
P4692 2024 10 0 0 0 0 22 0 0 0 0 0 0 20 0 0 74 63 27 0 0 0 21 24 0 0 0 0 0 0 0 0 0 
P4692 2024 11 0 20 13 14 0 0 19 0 0 0 0 0 40 40 0 0 0 0 0 0 0 0 29 0 0 0 2 0 5 0 -999 
P4692 2024 12 0 9 9 20 19 0 0 0 0 0 0 0 5 0 0 0 0 0 0 0 0 0 0 0 0 0 15 3 0 0 0 
P4692 2025 1 6 0 10 0 0 0 0 0 9 14 10 0 9 0 0 0 0 8 0 0 21 21 25 0 32 28 0 0 0 0 0 
P4692 2025 2 0 0 0 0 0 0 29 35 37 22 0 0 0 0 0 0 33 0 0 38 26 22 27 0 0 0 0 7 -999 -999 -999 
P4692 2025 3 0 30 0 23 38 54 109 24 7 0 0 0 0 0 0 0 21 33 40 38 58 73 46 122 0 22 41 0 0 0 0 
P4692 2025 4 19 6 9 5 0 0 0 0 0 0 0 0 0 0 35 0 5 0 16 19 12 7 0 0 0 0 0 0 0 0 -999 
P4692 2025 5 27 0 0 0 37 25 0 0 22 0 0 19 0 0 0 0 0 12 0 10 0 0 8 17 20 0 0 0 0 0 0 
P4692 2025 6 0 0 0 17 0 0 0 0 0 0 0 0 0 0 0 10 11 0 0 0 0 0 29 0 26 0 0 9 0 26 -999 
P4692 2025 7 0 0 0 0 0 0 0 0 0 0 0 0 0 0 27 0 0 0 0 0 0 0 0 0 0 0 0 0 0 0 0 
P4692 2025 8 0 0 0 0 0 0 0 0 0 0 0 0 0 0 0 0 0 0 0 0 0 0 0 0 0 0 0 0 0 0 0 
P4692 2025 9 24 0 0 0 17 0 0 0 0 0 0 0 0 0 0 0 0 0 0 0 0 0 0 0 0 0 0 0 16 11 -999 
P4692 2025 10 0 0 11 14 0 0 30 32 0 0 4 0 11 0 0 0 0 0 0 0 0 0 0 0 0 38 0 55 28 0 18 
P4692 2025 11 0 0 0 2 0 0 9 12 0 16 0 0 0 0 0 28 12 0 0 0 0 0 0 0 0 5 0 0 0 0 -999 
P4692 2025 12 0 0 43 0 0 16 41 38 11 0 0 0 0 0 0 0 8 0 13 0 0 0 0 0 31 26 0 11 0 0 27 
P4692 2026 1 0 17 16 9 0 19 0 0 0 0 27 81 104 0 0 0 91 73 0 0 0 0 0 20 14 20 0 9 0 0 0 
P4692 2026 2 0 0 27 16 10 16 5 1 0 10 14 0 0 0 3 0 12 22 56 81 35 38 27 0 7 15 2 0 -999 -999 -999 
P4692 2026 3 0 0 0 0 0 0 0 0 0 0 0 0 0 0 0 0 0 0 12 17 33 65 37 0 0 4 0 0 0 0 0 
P4692 2026 4 0 0 0 0 20 0 45 40 46 56 77 41 38 25 17 0 0 0 0 0 0 0 0 0 0 0 0 0 43 42 -999 
P4692 2026 5 29 18 0 0 0 0 0 0 0 0 0 0 0 0 0 0 23 24 0 0 0 0 0 0 0 32 30 21 0 12 0 
P4692 2026 6 0 0 0 0 6 0 0 29 0 0 0 0 0 0 0 0 0 0 0 0 0 0 0 0 0 0 0 0 0 0 -999 
P4692 2026 7 0 0 0 0 0 0 0 0 0 0 0 0 0 0 0 0 0 0 0 0 0 0 0 0 0 0 0 0 0 0 0 
P4692 2026 8 0 16 0 0 0 0 0 0 0 0 0 0 0 0 0 0 0 0 0 0 0 0 0 0 0 0 18 0 0 0 0 
P4692 2026 9 0 0 0 0 0 0 14 0 0 0 16 0 0 0 0 0 0 0 0 0 23 18 12 0 0 0 0 0 0 0 -999 
P4692 2026 10 10 0 0 17 0 0 32 0 0 0 0 40 21 31 47 49 0 0 0 0 0 0 54 20 27 20 0 0 0 42 72 
P4692 2026 11 33 0 10 10 0 0 0 9 0 55 0 0 0 15 0 0 0 0 0 18 0 0 0 0 0 0 7 0 23 0 -999 
P4692 2026 12 0 0 0 0 0 0 0 0 39 42 18 12 0 0 46 38 62 59 37 33 0 0 0 0 0 0 13 0 0 26 15 
P4692 2027 1 0 0 63 63 57 55 0 0 34 25 17 0 0 0 0 0 10 5 20 40 20 0 0 0 0 0 0 13 0 5 0 
P4692 2027 2 0 0 0 0 0 0 7 0 0 9 0 0 40 80 0 139 64 0 51 6 6 18 39 25 41 36 22 26 -999 -999 -999 
P4692 2027 3 51 35 17 32 0 0 0 30 0 16 0 1 0 22 22 31 26 21 29 18 0 22 20 20 19 32 41 52 11 11 20 
P4692 2027 4 24 0 38 58 25 0 26 0 0 21 8 0 0 39 0 66 61 66 33 37 56 0 26 24 0 14 0 6 0 0 -999 
P4692 2027 5 26 0 0 44 32 0 0 0 0 0 0 0 0 0 0 0 0 0 0 0 23 24 19 0 39 35 22 13 14 18 29 
P4692 2027 6 0 0 20 0 0 0 0 0 0 0 0 0 0 0 0 0 0 0 0 0 0 0 0 0 0 0 0 0 0 0 -999 
P4692 2027 7 0 0 27 0 0 23 0 0 0 0 0 0 0 0 0 0 0 0 0 0 0 0 0 0 0 0 0 0 0 0 0 
P4692 2027 8 0 0 0 0 0 0 0 0 0 0 0 0 17 0 12 0 0 0 0 0 0 0 0 0 0 0 0 0 0 0 0 
P4692 2027 9 0 0 0 28 0 0 0 0 10 0 0 0 0 0 0 16 0 0 0 0 0 0 0 0 0 0 0 0 0 0 -999 
P4692 2027 10 0 0 0 0 0 0 0 0 0 0 0 0 8 0 0 0 0 0 0 0 0 0 0 0 0 0 0 0 20 0 8 
P4692 2027 11 0 47 110 68 16 0 17 0 0 0 0 0 42 62 45 12 9 11 5 0 13 0 55 56 51 31 46 43 80 82 -999 
P4692 2027 12 0 0 45 6 0 71 0 66 33 37 0 0 0 22 29 20 16 19 0 0 23 0 0 0 0 0 0 0 0 0 0 
P4692 2028 1 0 27 13 8 0 0 18 0 65 66 0 0 64 87 73 10 0 0 0 0 0 0 0 0 0 0 0 0 0 0 0 
P4692 2028 2 0 0 0 13 0 0 0 0 0 0 0 0 0 0 0 4 0 0 0 0 0 15 0 11 14 39 44 36 -999 -999 -999 
P4692 2028 3 0 35 28 15 14 0 0 0 0 0 0 0 0 0 15 20 0 12 7 0 0 0 18 0 0 0 0 0 0 0 0 
P4692 2028 4 0 0 0 0 20 17 27 40 23 27 23 17 11 0 6 0 0 0 12 0 0 0 0 0 0 0 15 0 0 26 -999 
P4692 2028 5 17 28 0 0 0 0 0 0 0 0 0 0 0 0 0 0 0 0 0 0 0 0 0 27 23 0 0 0 0 14 0 
P4692 2028 6 0 0 22 20 0 0 0 0 0 0 0 0 0 0 0 0 0 0 0 0 0 0 0 0 0 0 19 0 0 0 -999 
P4692 2028 7 0 0 0 0 36 20 0 23 0 0 0 0 0 18 0 0 0 0 0 0 0 0 0 0 0 25 0 0 0 0 0 
P4692 2028 8 0 0 0 0 0 0 0 0 0 0 0 0 28 0 0 0 0 0 0 0 0 0 0 0 0 0 0 0 0 0 0 
P4692 2028 9 29 0 0 28 27 0 0 11 12 0 0 0 0 0 0 0 0 0 0 9 0 0 0 0 0 12 0 10 14 0 -999 
P4692 2028 10 11 0 0 0 0 0 16 10 9 0 0 8 6 0 0 0 19 0 33 39 24 0 0 0 0 0 0 0 0 0 42 
P4692 2028 11 0 19 0 0 28 0 0 33 26 35 18 0 0 0 30 31 0 8 7 4 0 0 0 0 0 0 0 0 0 0 -999 
P4692 2028 12 0 0 0 0 23 29 0 0 0 0 0 0 0 3 0 0 0 0 22 33 51 16 51 35 13 14 8 8 12 13 0 
P4692 2029 1 5 0 41 0 15 54 108 35 6 0 0 0 20 24 34 48 17 0 18 29 0 0 0 0 0 71 77 38 9 0 0 
P4692 2029 2 0 0 0 0 0 0 0 0 0 0 0 0 0 2 0 2 0 0 0 0 0 21 18 0 0 0 0 0 -999 -999 -999 
P4692 2029 3 0 0 0 0 0 0 0 0 0 0 0 0 0 0 0 0 0 22 21 26 20 19 31 29 0 0 0 0 2 0 0 
P4692 2029 4 0 0 0 0 13 14 0 0 0 0 0 0 0 18 0 0 0 0 0 0 0 0 0 0 0 0 0 0 0 0 -999 
P4692 2029 5 0 0 47 0 18 11 0 0 0 4 0 0 0 0 0 0 0 0 0 0 0 30 23 19 0 0 0 0 13 0 0 
P4692 2029 6 0 0 0 0 0 0 0 16 0 0 0 0 0 0 0 0 25 0 0 25 0 0 0 0 0 0 0 17 12 0 -999 
P4692 2029 7 19 0 0 0 0 0 0 0 0 0 0 0 0 0 0 0 0 0 0 0 0 0 0 0 0 0 0 0 0 0 0 
P4692 2029 8 0 0 0 0 0 0 0 0 0 0 0 0 0 0 0 31 0 0 0 0 0 0 0 0 0 0 0 0 0 0 0 
P4692 2029 9 0 35 0 0 0 14 0 0 0 0 0 0 0 0 0 0 0 0 0 0 0 0 0 0 0 32 22 44 47 45 -999 
P4692 2029 10 55 23 0 0 0 0 0 0 0 0 0 0 0 0 32 0 0 0 0 0 0 0 0 24 0 17 11 14 17 0 26 
P4692 2029 11 0 20 39 67 0 48 0 0 87 39 22 12 5 0 0 0 0 0 0 15 0 0 16 21 0 8 0 0 63 34 -999 
P4692 2029 12 0 15 20 0 0 0 0 0 0 0 0 0 0 0 0 8 0 10 0 0 0 0 5 0 0 0 0 0 8 18 72 
P4692 2030 1 63 25 13 0 37 23 51 17 23 0 0 0 0 4 0 0 0 0 2 0 4 0 0 0 7 14 0 0 65 80 69 
P4692 2030 2 104 72 48 11 0 0 56 47 0 0 63 33 20 0 53 39 0 0 40 19 0 0 0 0 0 0 0 0 -999 -999 -999 
P4692 2030 3 0 0 0 0 0 0 71 25 13 30 0 0 13 0 0 0 11 9 0 0 11 34 20 7 0 0 0 0 0 0 0 
P4692 2030 4 0 11 0 18 18 0 0 12 0 18 23 16 0 0 58 59 72 130 43 24 32 48 29 18 19 32 24 21 0 0 -999 
P4692 2030 5 4 0 0 0 0 0 0 0 16 14 0 0 0 0 32 33 22 0 18 14 0 0 0 0 0 0 0 0 0 26 0 
P4692 2030 6 0 24 0 24 23 0 27 0 20 0 26 29 0 26 0 0 0 0 0 0 0 0 0 0 0 0 0 0 0 0 -999 
P4692 2030 7 0 0 0 0 0 0 0 0 0 0 0 0 0 23 0 20 0 26 0 0 0 0 0 0 0 0 0 0 0 0 0 
P4692 2030 8 0 0 0 0 0 0 0 0 0 0 0 0 0 0 0 0 0 0 0 0 0 0 0 0 20 0 0 0 0 0 0 
P4692 2030 9 0 14 0 0 0 0 0 0 0 0 0 9 0 0 0 0 0 0 0 0 0 0 0 0 0 0 0 0 0 0 -999 
P4692 2030 10 0 0 0 0 0 0 0 0 32 0 42 35 0 0 0 0 0 22 0 5 4 0 0 0 19 0 0 0 0 0 0 
P4692 2030 11 0 0 43 52 98 69 30 0 0 0 0 0 0 0 0 0 0 32 25 8 4 0 0 0 0 6 0 0 19 65 -999 
P4692 2030 12 80 0 40 32 59 66 43 0 42 0 37 49 23 0 0 25 0 0 8 14 5 8 0 0 0 0 0 0 0 0 5 
P4692 2031 1 0 0 0 0 0 0 0 0 0 0 0 0 29 70 41 17 0 0 0 0 10 21 23 0 26 22 0 16 0 33 33 
P4692 2031 2 0 0 0 22 15 32 0 0 20 38 28 20 0 0 1 0 0 42 0 21 14 44 10 0 0 0 0 23 -999 -999 -999 
P4692 2031 3 0 26 23 0 0 0 0 0 19 24 30 24 29 55 42 33 32 0 34 0 0 47 0 31 24 39 46 34 0 25 28 
P4692 2031 4 26 29 24 31 52 64 0 0 0 4 0 0 0 23 0 0 0 0 0 0 0 0 0 0 0 27 0 25 21 0 -999 
P4692 2031 5 0 0 0 5 16 0 27 33 0 19 15 10 0 31 18 16 15 0 8 0 0 0 0 0 0 0 0 0 22 0 0 
P4692 2031 6 10 0 0 0 0 0 0 0 0 0 0 0 0 0 0 0 0 0 0 0 0 0 0 0 0 0 0 0 0 15 -999 
P4692 2031 7 0 0 0 26 0 16 0 17 0 0 0 0 0 0 0 0 0 0 0 0 0 0 0 0 0 0 0 0 0 0 0 
P4692 2031 8 0 0 0 0 0 0 0 0 0 0 0 0 0 0 0 0 0 0 0 0 23 0 0 0 0 0 0 0 0 10 0 
P4692 2031 9 0 0 0 0 0 0 0 23 0 0 51 42 0 0 0 0 0 0 0 0 0 0 0 0 0 0 24 31 0 16 -999 
P4692 2031 10 0 0 13 11 0 0 0 0 0 25 0 0 0 0 42 0 19 11 0 0 24 21 28 42 0 0 29 61 26 26 54 
P4692 2031 11 37 0 22 0 15 0 5 0 8 0 0 14 39 29 35 65 21 0 12 0 0 0 0 0 0 13 25 40 20 0 -999 
P4692 2031 12 0 69 82 50 0 21 14 8 2 0 0 0 7 8 7 0 0 0 0 0 0 0 0 0 0 11 11 0 8 19 37 
P4692 2032 1 56 84 26 0 24 88 30 0 90 7 4 2 0 0 0 0 0 51 50 11 0 0 0 0 0 0 19 14 21 45 28 
P4692 2032 2 67 66 0 17 43 18 14 0 0 0 0 0 0 0 0 0 0 0 0 0 0 0 0 0 17 24 0 0 -999 -999 -999 
P4692 2032 3 0 7 0 0 0 0 32 21 0 5 2 0 0 0 2 0 0 2 0 0 0 0 0 0 28 0 0 0 10 0 19 
P4692 2032 4 7 0 46 0 51 0 39 26 23 16 20 0 0 0 0 0 0 32 23 18 61 84 92 34 25 0 0 17 0 26 -999 
P4692 2032 5 21 0 13 0 28 32 35 31 27 0 0 0 0 0 0 0 0 0 17 0 0 4 4 0 0 0 0 11 9 0 0 
P4692 2032 6 0 0 0 0 0 25 0 13 0 0 0 22 19 0 0 0 0 0 0 0 0 0 0 21 0 0 37 30 0 24 -999 
P4692 2032 7 17 0 0 24 0 22 0 0 0 17 0 0 0 0 0 0 0 0 0 0 0 0 0 0 0 0 0 0 0 0 0 
P4692 2032 8 0 0 0 0 0 0 0 0 0 0 0 0 0 0 0 0 0 0 0 0 0 0 0 0 0 0 0 11 20 0 0 
P4692 2032 9 0 0 0 0 0 0 0 0 0 0 0 0 0 0 0 24 0 0 0 0 0 0 0 0 0 0 0 0 0 0 -999 
P4692 2032 10 0 0 0 0 0 0 0 0 0 0 0 22 19 0 36 23 0 0 55 58 55 65 18 0 9 0 0 0 0 0 0 
P4692 2032 11 0 0 0 0 63 45 42 39 15 0 7 22 52 8 5 24 21 29 49 0 42 20 32 52 0 0 37 43 24 0 -999 
P4692 2032 12 0 0 0 0 0 27 0 26 35 56 51 0 0 0 0 0 0 2 0 0 0 0 0 0 0 2 5 6 12 0 73 
P4692 2033 1 40 22 0 0 0 20 17 0 10 0 0 0 0 0 0 3 0 0 0 0 0 0 0 0 2 0 9 0 7 0 0 
P4692 2033 2 1 0 0 0 0 0 10 0 0 0 5 0 0 17 41 84 108 63 0 86 94 86 47 38 56 24 0 15 -999 -999 -999 
P4692 2033 3 0 11 0 0 0 0 0 9 14 0 0 15 0 0 0 9 16 22 43 64 47 0 47 47 53 0 0 0 24 0 0 
P4692 2033 4 84 19 0 21 29 0 0 0 16 14 9 0 0 10 0 0 0 0 44 49 31 18 0 22 45 0 7 0 0 0 -999 
P4692 2033 5 0 0 0 0 0 0 0 46 0 0 0 0 0 0 0 0 23 13 0 22 0 0 21 0 0 18 0 0 0 0 0 
P4692 2033 6 0 0 23 0 0 0 0 0 0 0 0 23 0 0 0 0 0 0 0 0 0 0 0 0 0 0 0 0 0 0 -999 
P4692 2033 7 0 0 0 0 0 0 0 0 0 0 21 0 17 0 0 0 0 0 0 0 0 0 0 0 0 0 0 24 0 0 0 
P4692 2033 8 0 0 0 0 0 0 0 0 0 11 14 11 0 0 0 0 0 0 0 0 0 0 0 0 17 0 0 25 24 20 10 
P4692 2033 9 0 0 0 0 0 0 0 24 20 15 9 0 0 0 0 0 11 14 0 0 0 0 0 0 0 0 0 17 0 0 -999 
P4692 2033 10 0 0 0 0 0 0 0 0 0 0 0 0 0 0 0 0 53 0 73 0 0 0 6 0 32 0 0 0 0 0 51 
P4692 2033 11 0 23 67 95 29 75 79 77 14 14 12 0 0 19 78 54 6 11 0 0 0 0 0 0 0 0 0 0 0 0 -999 
P4692 2033 12 24 0 58 47 0 0 46 27 35 17 0 15 0 0 0 0 0 0 0 0 2 0 11 0 0 0 0 0 11 8 8 
P4692 2034 1 0 0 2 0 0 3 0 0 0 0 0 0 4 0 0 0 0 0 0 0 0 0 21 53 58 71 53 0 0 0 0 
P4692 2034 2 0 0 0 0 0 0 22 37 37 0 39 0 4 10 5 0 0 34 97 39 0 0 50 18 0 0 0 0 -999 -999 -999 
P4692 2034 3 0 0 0 0 0 0 0 0 0 18 25 24 0 0 0 0 0 0 0 0 0 0 0 0 0 19 0 17 32 32 16 
P4692 2034 4 20 0 29 65 83 25 6 0 28 0 33 0 22 0 0 29 0 0 0 0 44 59 54 0 7 9 0 0 0 0 -999 
P4692 2034 5 1 0 0 0 0 4 0 0 0 0 0 0 0 0 30 0 0 0 11 17 0 20 0 0 17 0 20 36 27 23 21 
P4692 2034 6 24 35 24 18 16 17 0 19 0 0 0 0 0 0 0 0 0 0 18 0 14 0 0 0 0 0 0 0 0 0 -999 
P4692 2034 7 20 0 0 0 0 0 0 0 0 0 0 0 0 0 0 0 0 0 0 0 0 0 0 0 0 0 0 0 0 0 18 
P4692 2034 8 0 0 0 0 0 0 0 0 0 0 0 0 0 0 0 0 26 0 0 0 0 0 0 0 0 0 0 0 0 0 14 
P4692 2034 9 0 0 0 0 0 0 0 0 0 0 0 0 12 0 0 0 0 0 0 0 0 0 0 0 0 0 0 0 0 0 -999 
P4692 2034 10 0 0 0 0 0 0 0 0 0 0 0 0 0 0 0 0 0 7 4 0 0 0 23 0 0 0 0 0 0 12 6 
P4692 2034 11 6 0 17 23 36 15 0 0 0 0 10 0 0 0 0 0 0 0 0 0 0 0 0 10 16 0 0 16 17 0 -999 
P4692 2034 12 12 0 20 0 0 0 0 0 0 0 0 1 0 0 0 14 0 0 0 0 14 17 30 69 89 84 72 9 21 43 27 
P4692 2035 1 0 31 41 41 29 45 26 0 0 0 0 5 5 0 0 0 0 0 0 8 5 4 0 0 5 15 0 0 0 0 0 
P4692 2035 2 7 0 0 18 17 0 0 0 0 0 0 0 0 0 0 0 0 13 0 0 12 0 40 43 0 0 51 20 -999 -999 -999 
P4692 2035 3 0 38 0 0 0 0 0 0 29 0 0 0 0 28 0 8 0 0 10 0 0 3 6 0 0 0 0 0 55 0 0 
P4692 2035 4 0 0 0 32 35 44 27 44 24 16 0 0 0 27 0 0 23 16 0 0 41 0 43 36 17 0 13 26 36 35 -999 
P4692 2035 5 0 26 10 0 0 0 38 24 15 0 0 0 12 0 0 11 0 0 0 0 0 0 0 0 0 0 6 0 0 0 0 
P4692 2035 6 7 0 0 0 0 11 0 0 0 18 0 0 0 0 0 0 0 18 0 0 0 0 0 16 0 0 0 0 0 0 -999 
P4692 2035 7 0 0 0 0 0 0 0 38 0 16 0 14 0 0 0 0 0 19 0 23 0 0 0 0 0 0 0 0 0 0 0 
P4692 2035 8 0 0 0 0 0 0 0 0 0 0 0 36 17 0 0 0 0 0 0 0 0 0 0 0 0 0 0 0 0 0 0 
P4692 2035 9 0 0 0 0 0 0 0 0 0 18 0 0 0 0 0 0 0 0 0 0 0 0 0 0 14 0 17 0 0 23 -999 
P4692 2035 10 19 0 0 5 0 9 0 0 0 0 40 37 25 25 60 17 0 0 0 48 0 43 26 0 0 0 13 8 8 0 0 
P4692 2035 11 10 29 33 13 8 0 0 0 0 0 0 0 0 0 0 0 0 0 0 0 7 0 0 0 0 0 0 0 0 2 -999 
P4692 2035 12 0 0 0 0 0 0 9 13 13 0 0 0 10 24 29 35 23 39 21 13 0 12 15 22 0 0 22 0 0 28 57 
P4692 2036 1 69 42 0 0 48 58 0 39 42 76 44 0 41 13 19 17 0 0 0 40 21 15 0 0 0 0 0 0 12 0 0 
P4692 2036 2 0 0 42 0 0 0 0 6 0 0 0 0 0 13 0 0 7 0 0 0 0 0 0 0 0 0 6 18 -999 -999 -999 
P4692 2036 3 57 44 15 19 15 0 0 0 0 0 7 17 13 0 31 18 16 0 33 19 16 21 0 39 70 61 53 37 27 22 21 
P4692 2036 4 86 0 13 28 9 6 0 0 17 23 31 39 16 0 0 0 12 0 0 35 23 0 0 0 35 14 0 3 1 0 -999 
P4692 2036 5 0 0 0 0 29 15 0 0 0 0 0 0 0 14 0 0 41 31 39 26 55 50 28 0 5 0 0 0 0 0 0 
P4692 2036 6 0 0 0 0 0 0 0 0 0 31 26 23 24 0 0 39 13 0 0 0 0 0 0 0 0 0 0 0 0 0 -999 
P4692 2036 7 0 17 0 0 0 0 0 0 0 0 0 0 0 0 0 0 0 0 10 0 0 0 0 0 0 0 0 0 0 0 0 
P4692 2036 8 0 0 0 23 0 0 0 0 0 0 0 0 0 0 0 0 0 0 0 0 0 0 0 0 0 0 0 0 0 0 0 
P4692 2036 9 0 0 0 0 14 0 14 0 0 0 0 0 11 0 0 0 0 0 0 0 0 0 0 0 0 0 11 0 0 0 -999 
P4692 2036 10 0 0 11 13 20 40 29 8 0 48 12 0 0 0 38 0 11 16 0 0 8 0 0 13 20 0 0 0 0 0 0 
P4692 2036 11 5 0 0 0 0 0 58 32 23 21 11 0 0 0 0 0 7 0 0 4 0 0 0 0 0 19 0 0 0 0 -999 
P4692 2036 12 0 0 0 0 0 0 0 0 0 0 0 0 17 13 0 0 0 0 0 0 7 0 0 0 0 0 0 38 36 89 78 
P4692 2037 1 40 44 36 19 0 0 0 21 0 0 10 0 0 31 33 68 68 50 45 26 7 5 0 0 0 0 0 0 0 0 0 
P4692 2037 2 0 0 0 0 0 10 0 0 0 0 0 20 19 12 0 0 0 31 40 0 0 0 11 12 0 0 0 0 -999 -999 -999 
P4692 2037 3 0 0 0 0 48 0 0 54 40 0 0 14 0 0 2 3 0 0 16 19 18 0 54 68 40 92 56 0 33 10 17 
P4692 2037 4 0 0 0 0 0 0 0 0 0 0 0 0 54 43 19 11 0 15 0 8 0 0 37 40 35 33 29 24 16 10 -999 
P4692 2037 5 0 0 0 0 30 55 47 0 0 10 0 0 0 0 0 0 0 0 0 0 0 0 0 0 0 0 0 0 20 0 0 
P4692 2037 6 0 0 0 0 12 0 0 22 16 0 11 0 0 0 16 0 0 0 19 0 0 10 0 17 0 0 0 0 0 0 -999 
P4692 2037 7 0 0 0 0 0 0 0 0 0 0 0 0 0 0 0 0 0 0 0 0 0 0 0 0 0 0 0 0 0 0 0 
P4692 2037 8 0 0 0 0 0 0 0 0 0 0 0 0 20 0 0 0 10 0 0 0 0 0 0 17 0 0 0 0 0 0 0 
P4692 2037 9 0 0 0 0 0 0 0 0 0 0 0 0 0 0 0 0 0 0 0 0 0 0 0 0 0 0 0 0 0 0 -999 
P4692 2037 10 0 0 0 0 0 0 0 0 0 0 0 0 0 0 0 0 0 0 0 0 0 0 0 20 0 0 2 2 0 0 0 
P4692 2037 11 35 35 11 0 0 16 0 0 0 0 0 0 0 0 0 38 0 10 0 0 0 0 11 0 25 0 24 0 0 25 -999 
P4692 2037 12 20 19 0 67 84 98 61 0 0 11 0 44 13 13 0 0 0 0 0 29 0 0 0 0 0 0 0 0 0 0 0 
P4692 2038 1 0 0 0 1 0 0 0 0 18 0 29 80 47 0 0 32 16 25 0 0 24 12 4 0 0 0 14 0 11 0 32 
P4692 2038 2 12 0 0 17 24 28 0 0 9 0 1 0 0 0 0 0 0 0 0 0 0 0 13 20 37 27 0 0 -999 -999 -999 
P4692 2038 3 0 0 0 39 21 22 18 0 0 8 0 25 0 0 0 40 48 28 0 0 31 0 45 0 0 0 42 18 22 0 0 
P4692 2038 4 0 0 0 37 0 0 0 0 20 0 0 14 0 0 0 23 23 0 0 0 0 54 11 0 0 0 0 0 18 0 -999 
P4692 2038 5 28 0 0 0 0 0 0 0 0 20 0 22 0 0 0 0 0 13 0 0 0 0 0 0 0 0 0 0 0 0 0 
P4692 2038 6 0 0 10 0 0 0 0 0 0 0 24 18 11 0 0 0 0 0 0 0 0 10 0 0 0 0 0 0 0 0 -999 
P4692 2038 7 26 0 0 21 10 0 17 0 0 0 0 0 0 0 0 0 0 0 33 0 0 0 0 0 0 0 0 0 0 32 0 
P4692 2038 8 0 14 0 0 0 0 0 0 0 0 14 0 0 0 0 22 0 0 0 0 0 0 0 0 0 0 0 0 0 16 0 
P4692 2038 9 0 0 0 0 0 0 0 0 0 0 0 0 0 0 0 20 0 14 0 0 0 0 0 0 0 0 0 0 0 0 -999 
P4692 2038 10 0 0 0 0 0 0 0 0 10 0 0 0 0 0 0 0 15 0 48 0 0 45 0 0 0 0 0 27 19 0 0 
P4692 2038 11 32 12 27 28 62 61 38 19 12 0 0 76 25 13 0 33 18 26 40 16 3 0 0 26 0 0 53 57 63 24 -999 
P4692 2038 12 12 0 6 0 0 0 14 19 0 0 8 0 0 0 0 0 0 0 0 0 8 7 8 0 35 18 0 31 0 30 0 
P4692 2039 1 14 0 39 0 80 20 13 0 0 0 32 69 64 0 30 59 75 41 96 78 42 20 18 36 78 114 124 55 15 9 18 
P4692 2039 2 0 0 6 0 0 0 0 0 0 0 0 0 3 11 20 8 11 0 0 9 36 52 54 31 0 49 0 21 -999 -999 -999 
P4692 2039 3 18 0 0 15 21 20 11 0 0 30 0 0 39 0 7 27 0 0 59 63 47 21 4 0 0 0 0 3 0 0 3 
P4692 2039 4 0 0 4 0 0 0 12 0 0 0 0 0 0 9 0 0 0 0 0 0 0 0 0 0 0 0 0 0 29 0 -999 
P4692 2039 5 0 25 0 25 0 0 0 0 0 55 42 20 0 0 0 0 15 9 13 18 0 0 0 0 26 0 25 0 28 22 0 
P4692 2039 6 15 0 18 13 8 0 21 0 39 23 12 6 10 12 0 0 35 34 0 15 0 0 0 0 0 0 9 0 0 0 -999 
P4692 2039 7 27 0 0 0 0 0 0 0 0 0 0 0 0 0 0 0 0 0 0 0 0 0 0 0 0 0 20 0 0 0 0 
P4692 2039 8 0 0 0 0 0 0 0 0 0 0 17 0 0 0 0 0 0 0 0 0 0 0 0 0 0 0 0 0 20 0 0 
P4692 2039 9 0 0 0 0 0 0 0 0 0 0 0 0 0 0 0 0 0 0 28 0 0 0 0 0 0 8 0 0 0 0 -999 
P4692 2039 10 32 9 0 0 0 0 0 0 0 32 16 0 0 9 0 0 0 0 0 56 37 42 34 54 51 11 0 0 0 0 0 
P4692 2039 11 51 29 5 0 0 3 0 8 0 10 0 0 0 0 0 0 11 8 0 0 33 0 0 0 0 16 0 43 44 34 -999 
P4692 2039 12 32 0 0 0 16 0 0 0 0 0 0 0 0 24 37 23 0 118 0 0 0 0 0 0 0 21 27 18 0 0 0 
P4692 2040 1 0 0 0 0 0 0 0 0 0 0 0 0 0 0 4 10 15 0 14 50 9 0 5 0 0 2 0 0 16 22 66 
P4692 2040 2 0 0 46 56 50 0 0 0 0 0 27 0 26 0 102 67 49 85 79 58 25 31 58 59 31 33 0 54 -999 -999 -999 
P4692 2040 3 0 0 48 45 26 0 0 0 0 21 0 0 0 0 0 0 0 0 0 0 0 0 0 0 0 0 0 0 0 0 0 
P4692 2040 4 29 0 23 27 39 34 18 17 11 10 11 0 0 0 35 16 0 0 3 0 0 14 5 0 22 23 0 8 6 0 -999 
P4692 2040 5 0 0 0 0 0 0 22 0 0 25 0 0 0 0 0 0 0 0 0 0 0 0 0 0 28 0 11 0 0 0 0 
P4692 2040 6 0 0 0 0 19 0 0 0 13 20 0 0 25 18 0 14 13 18 0 0 0 0 0 0 0 0 0 0 0 0 -999 
P4692 2040 7 0 19 0 13 0 0 0 0 20 0 0 0 0 0 0 0 0 0 0 0 0 0 0 0 0 0 0 0 0 0 0 
P4692 2040 8 0 0 17 0 15 0 0 26 0 0 0 0 0 0 0 0 0 0 0 0 0 0 0 30 0 14 0 0 0 0 0 
P4692 2040 9 0 0 0 0 0 0 0 18 0 0 0 0 0 0 0 39 0 0 17 0 21 0 0 0 8 8 0 0 0 0 -999 
P4692 2040 10 0 0 0 0 35 0 28 48 0 0 17 0 23 14 0 27 57 83 0 0 0 0 0 27 22 0 0 0 0 0 0 
P4692 2040 11 0 0 10 0 0 0 0 0 19 0 0 11 0 69 46 73 47 16 19 4 0 0 0 28 16 15 0 0 0 0 -999 
P4692 2040 12 0 0 0 0 0 2 8 0 17 12 0 0 0 2 0 2 2 0 1 0 0 0 0 0 0 0 0 0 5 0 0 
P4692 2041 1 0 0 0 0 0 19 11 9 6 0 0 0 3 0 0 24 14 8 0 0 0 0 0 41 23 19 78 0 15 0 38 
P4692 2041 2 8 11 0 0 0 0 0 0 0 38 33 28 19 20 47 59 20 10 0 0 21 5 4 0 0 0 0 0 -999 -999 -999 
P4692 2041 3 0 0 0 0 0 0 0 0 21 0 0 0 3 3 0 0 0 0 0 0 0 0 0 0 0 0 0 0 25 0 0 
P4692 2041 4 0 0 0 0 0 0 0 0 24 0 0 24 22 0 0 0 0 0 0 0 11 0 0 0 0 0 0 0 0 0 -999 
P4692 2041 5 0 0 0 28 34 34 29 18 0 0 28 0 0 0 9 0 28 0 30 18 0 0 0 0 0 0 0 0 0 0 0 
P4692 2041 6 0 0 13 0 20 0 0 22 0 25 24 29 0 18 12 0 0 0 0 0 0 0 0 0 0 0 0 0 0 0 -999 
P4692 2041 7 0 0 0 0 0 20 0 0 21 0 0 0 0 0 16 0 0 0 19 0 0 0 0 0 0 0 0 0 0 0 0 
P4692 2041 8 0 0 0 0 0 0 0 0 18 0 0 0 0 0 0 0 0 0 0 0 0 17 0 0 0 0 0 0 0 0 0 
P4692 2041 9 0 0 0 0 0 0 0 0 0 0 17 14 0 0 0 0 0 0 0 0 0 0 0 0 0 0 0 0 0 0 -999 
P4692 2041 10 0 0 0 0 0 0 0 0 0 0 0 0 20 0 0 0 0 0 0 0 0 0 0 0 24 9 0 14 0 0 0 
P4692 2041 11 0 0 21 0 0 0 0 0 0 0 0 0 0 0 0 0 10 12 15 0 18 0 0 0 30 0 17 12 11 14 -999 
P4692 2041 12 0 50 67 26 0 9 0 27 31 0 0 0 0 0 0 0 0 0 0 0 23 11 5 5 0 8 0 29 31 32 0 
P4692 2042 1 28 44 64 55 0 0 0 8 0 26 21 0 0 0 0 0 23 24 42 7 3 0 0 0 35 0 61 0 6 0 0 
P4692 2042 2 0 0 0 0 0 0 0 0 0 0 10 0 8 5 0 0 0 0 0 0 0 0 0 19 10 0 0 0 -999 -999 -999 
P4692 2042 3 0 0 0 8 0 0 0 0 16 0 0 0 0 10 4 0 0 0 22 21 34 32 36 0 35 26 19 0 0 0 0 
P4692 2042 4 0 4 4 0 6 0 0 0 0 0 0 0 0 0 0 0 39 30 12 16 12 24 39 10 0 0 0 12 22 35 -999 
P4692 2042 5 30 45 56 44 0 30 27 0 0 42 31 27 0 26 13 12 14 0 0 0 0 0 0 11 0 0 0 10 0 0 26 
P4692 2042 6 0 0 0 22 30 25 28 0 0 0 0 0 0 0 16 31 0 0 0 0 0 0 0 0 0 0 0 0 0 0 -999 
P4692 2042 7 0 0 0 0 0 19 0 0 0 0 9 0 0 0 0 0 0 0 0 0 0 0 0 0 0 0 0 0 0 0 0 
P4692 2042 8 0 0 0 0 0 0 0 0 0 0 0 0 0 0 0 0 0 0 39 31 20 0 0 0 0 0 0 0 0 0 0 
P4692 2042 9 0 0 27 11 0 0 0 0 0 17 0 0 0 14 0 0 0 0 0 0 0 0 0 19 0 0 0 0 0 0 -999 
P4692 2042 10 0 0 0 18 17 0 0 0 0 7 5 0 0 0 0 0 0 0 0 0 0 0 27 0 0 0 0 0 0 0 0 
P4692 2042 11 11 0 0 0 0 25 17 0 20 0 24 49 61 0 0 0 0 0 7 0 0 29 17 0 12 32 19 0 12 0 -999 
P4692 2042 12 14 0 0 0 71 0 0 18 10 0 39 39 25 0 0 9 8 0 31 33 12 21 15 0 0 0 0 0 0 61 26 
P4692 2043 1 0 0 0 0 0 0 0 5 7 0 22 40 0 33 49 36 45 0 5 2 0 0 0 0 0 0 0 0 0 0 0 
P4692 2043 2 0 0 0 0 0 0 0 6 0 43 22 0 8 0 36 34 6 15 0 6 9 0 0 0 0 0 16 0 -999 -999 -999 
P4692 2043 3 0 9 0 0 3 4 5 0 0 13 32 30 33 57 0 50 55 36 33 32 0 0 0 53 32 41 15 18 51 72 30 
P4692 2043 4 51 55 48 20 0 30 20 26 30 24 15 0 33 0 0 0 0 0 0 0 0 0 32 0 0 47 31 37 52 22 -999 
P4692 2043 5 21 0 0 0 0 0 0 0 0 0 24 0 0 30 0 30 54 41 40 47 24 0 0 0 0 0 0 0 0 0 23 
P4692 2043 6 0 20 0 0 0 7 0 0 0 0 0 0 0 0 0 0 0 25 0 0 0 0 0 12 0 0 0 0 0 0 -999 
P4692 2043 7 0 0 0 0 0 0 0 0 0 0 9 0 0 0 0 0 0 0 0 0 0 0 0 0 0 0 28 0 0 0 0 
P4692 2043 8 0 0 0 0 0 0 0 0 0 0 0 0 0 0 0 0 0 0 0 17 0 0 0 0 0 0 0 0 0 0 0 
P4692 2043 9 0 0 0 17 0 0 0 0 0 0 0 0 0 0 0 0 0 0 0 0 0 0 0 0 0 0 0 0 17 0 -999 
P4692 2043 10 0 0 0 0 0 0 0 0 0 0 0 0 35 28 13 0 0 0 0 0 15 0 18 0 5 0 4 0 0 14 8 
P4692 2043 11 0 16 16 0 113 48 0 4 0 0 0 0 0 0 0 0 9 0 29 22 56 56 0 22 0 55 0 25 0 16 -999 
P4692 2043 12 9 0 0 48 41 29 0 0 0 0 0 0 0 0 0 0 0 13 14 13 0 0 0 0 0 0 0 0 0 0 0 
P4692 2044 1 0 0 0 0 0 8 10 13 0 15 31 0 0 0 0 0 21 64 41 24 0 13 0 0 51 57 28 13 10 0 0 
P4692 2044 2 0 0 0 42 16 0 1 0 0 0 0 0 9 0 4 0 0 4 0 0 0 0 0 0 0 0 0 0 -999 -999 -999 
P4692 2044 3 0 0 0 0 0 0 0 0 0 0 0 0 0 0 0 0 0 13 0 0 0 0 0 0 0 0 0 0 21 0 19 
P4692 2044 4 0 39 42 27 25 15 0 0 33 16 0 0 0 0 0 0 0 0 0 0 0 0 8 0 0 0 16 21 27 21 -999 
P4692 2044 5 16 6 16 0 20 32 46 35 32 52 50 43 30 22 19 13 15 12 0 0 0 0 0 0 0 0 9 0 0 10 0 
P4692 2044 6 0 0 0 0 0 0 13 0 0 0 0 0 0 0 27 18 0 23 0 21 26 30 18 0 0 0 15 16 0 0 -999 
P4692 2044 7 0 0 0 0 17 0 0 0 0 0 0 26 0 18 0 0 0 0 0 0 0 0 0 0 0 0 0 0 0 0 0 
P4692 2044 8 0 25 0 0 0 0 0 0 0 0 0 0 0 0 0 0 0 0 0 0 0 0 0 0 0 0 0 0 0 0 0 
P4692 2044 9 0 0 0 0 0 0 0 0 0 0 0 0 0 19 0 0 0 0 20 21 0 0 14 20 0 0 0 8 8 0 -999 
P4692 2044 10 0 0 0 0 0 0 0 0 0 18 0 25 11 0 0 0 0 0 0 56 0 0 0 77 58 33 0 0 17 0 0 
P4692 2044 11 0 0 0 9 0 10 10 0 0 0 42 0 59 44 29 33 0 0 0 0 71 28 0 0 13 14 9 0 0 0 -999 
P4692 2044 12 0 0 0 0 0 0 0 0 0 0 0 0 0 0 0 0 18 33 56 77 25 24 43 17 21 40 0 0 0 22 21 
P4692 2045 1 29 0 64 11 50 17 23 54 93 58 39 52 0 14 0 0 0 0 0 0 0 0 0 0 0 0 0 5 6 0 0 
P4692 2045 2 0 17 9 0 10 0 22 5 5 0 0 58 29 8 0 0 0 0 0 0 0 29 0 0 58 106 155 119 -999 -999 -999 
P4692 2045 3 14 0 0 0 15 0 19 34 51 49 43 40 41 0 0 14 17 14 0 0 0 0 0 0 0 0 0 2 0 0 0 
P4692 2045 4 0 11 0 0 0 0 0 0 0 11 16 25 16 38 40 16 11 0 13 0 10 0 0 0 0 0 0 0 0 0 -999 
P4692 2045 5 0 15 0 41 15 0 0 0 0 0 0 16 0 0 0 0 0 0 0 0 0 37 41 37 0 16 0 0 0 30 0 
P4692 2045 6 19 0 0 0 0 0 0 0 0 0 25 0 29 46 0 0 0 16 0 25 0 0 0 0 0 0 0 0 0 0 -999 
P4692 2045 7 0 0 0 0 0 0 0 0 0 0 0 0 0 0 0 0 0 0 0 0 0 0 0 0 0 0 0 0 0 0 0 
P4692 2045 8 0 0 0 0 0 0 0 0 0 0 0 0 0 0 0 0 0 0 0 0 0 0 0 0 0 0 0 0 0 0 0 
P4692 2045 9 0 0 0 0 0 24 0 38 0 0 0 0 0 0 0 0 0 0 0 0 0 0 0 0 23 0 0 0 6 0 -999 
P4692 2045 10 0 0 0 0 19 0 14 0 0 0 0 0 11 0 0 0 0 0 0 25 0 0 0 0 11 0 10 0 0 0 0 
P4692 2045 11 0 0 0 0 24 0 9 0 0 0 0 0 0 0 0 0 15 42 29 0 0 0 0 0 10 0 17 0 12 0 -999 
P4692 2045 12 0 0 0 0 0 0 0 0 0 0 38 0 0 0 0 0 0 0 0 0 4 0 0 51 28 0 7 0 0 0 0 
P4692 2046 1 0 8 8 0 0 0 0 0 0 0 0 0 6 0 6 0 0 0 72 60 47 41 48 47 38 59 42 33 66 48 0 
P4692 2046 2 31 0 0 0 0 0 0 15 0 0 22 26 0 22 34 81 95 81 29 19 0 0 0 0 0 17 30 28 -999 -999 -999 
P4692 2046 3 14 11 0 27 0 0 0 6 0 0 0 0 1 0 0 0 0 0 5 0 0 0 0 16 15 31 22 0 20 16 23 
P4692 2046 4 40 13 0 17 0 17 27 41 50 44 0 0 33 0 45 47 46 29 0 17 22 28 35 30 0 30 29 22 23 23 -999 
P4692 2046 5 19 15 8 0 0 0 0 0 0 0 0 34 30 0 0 0 0 0 0 26 0 21 44 42 63 0 19 0 0 24 25 
P4692 2046 6 21 10 0 34 56 27 0 0 0 0 0 0 0 0 0 0 0 0 11 0 0 0 0 0 0 0 0 18 0 0 -999 
P4692 2046 7 0 0 0 0 0 0 0 0 0 0 0 0 0 0 0 0 0 0 0 0 0 0 0 0 0 0 0 0 0 0 0 
P4692 2046 8 0 0 0 0 0 0 0 0 0 0 0 0 0 0 0 0 0 0 0 0 20 0 19 0 0 0 0 0 0 15 0 
P4692 2046 9 0 0 0 0 0 0 0 0 0 0 0 0 0 0 0 0 0 0 0 0 0 11 0 10 10 0 0 0 23 0 -999 
P4692 2046 10 0 0 23 0 0 14 23 0 0 0 20 0 0 0 15 21 27 20 0 0 0 0 15 0 9 0 0 8 0 0 0 
P4692 2046 11 22 0 47 34 0 9 0 0 0 0 0 0 0 0 0 0 0 0 0 15 0 0 0 0 9 0 0 0 0 0 -999 
P4692 2046 12 0 11 0 0 0 0 0 0 0 0 0 15 0 0 13 0 0 0 0 0 0 0 0 0 8 16 0 3 9 0 0 
P4692 2047 1 0 20 47 46 32 0 12 8 20 25 0 0 0 0 0 0 10 12 0 0 15 14 0 0 0 0 0 22 18 19 0 
P4692 2047 2 33 0 4 0 0 0 0 0 0 0 0 0 0 19 0 8 0 0 0 0 0 24 28 0 0 0 0 0 -999 -999 -999 
P4692 2047 3 0 0 18 17 18 24 18 0 0 28 0 24 0 42 0 23 0 0 0 0 0 0 0 0 0 0 0 0 0 0 19 
P4692 2047 4 21 14 0 0 0 0 0 0 0 0 20 0 0 12 0 0 23 30 24 0 0 23 27 42 28 24 27 0 28 22 -999 
P4692 2047 5 0 0 0 19 19 41 0 0 0 0 0 0 36 48 50 30 0 11 0 0 0 24 31 16 0 9 11 0 0 0 0 
P4692 2047 6 0 0 0 0 0 0 0 0 0 0 0 0 0 0 0 0 0 0 0 0 0 0 0 0 0 0 0 0 20 0 -999 
P4692 2047 7 0 0 15 0 0 0 0 0 0 0 0 13 0 0 21 0 19 0 0 16 0 0 0 0 27 0 0 0 0 29 0 
P4692 2047 8 0 0 0 0 0 0 0 0 0 0 22 0 0 0 11 0 0 0 0 0 0 0 0 20 0 0 0 0 33 0 26 
P4692 2047 9 19 9 0 0 14 0 0 26 14 13 0 0 0 0 0 0 0 0 0 0 0 0 0 17 0 0 15 0 13 0 -999 
P4692 2047 10 30 45 28 48 28 0 0 0 0 0 7 0 18 0 0 0 0 0 0 0 0 0 0 0 22 0 24 0 12 11 0 
P4692 2047 11 0 0 0 0 7 0 0 0 6 10 8 0 0 0 0 0 15 0 32 27 0 0 0 0 0 0 13 32 0 0 -999 
P4692 2047 12 0 47 0 48 136 141 147 72 8 0 0 0 0 0 50 37 17 37 92 65 24 49 30 0 40 0 15 0 0 15 0 
P4692 2048 1 0 0 0 0 0 0 0 0 0 0 0 2 0 0 0 0 0 0 0 0 0 0 0 0 8 43 57 0 0 0 26 
P4692 2048 2 26 19 0 0 0 0 28 61 14 24 9 0 0 8 17 13 0 0 11 0 0 12 0 0 0 0 0 0 -999 -999 -999 
P4692 2048 3 0 0 0 0 0 0 2 0 0 4 0 0 9 6 0 0 0 28 34 0 0 21 22 0 0 0 18 23 25 23 18 
P4692 2048 4 0 0 0 0 0 0 49 50 17 0 14 45 58 42 0 27 0 41 83 78 35 22 21 17 13 21 0 8 14 17 -999 
P4692 2048 5 8 12 0 0 0 0 0 0 0 0 0 31 0 28 12 0 0 0 0 0 0 0 24 18 0 23 0 38 31 0 0 
P4692 2048 6 0 0 0 0 0 0 0 0 0 0 0 0 0 0 0 0 0 0 0 0 0 0 0 0 24 0 0 0 0 0 -999 
P4692 2048 7 0 0 16 0 0 0 0 0 0 0 0 0 0 0 0 0 0 0 0 0 0 0 0 0 0 0 0 0 0 0 0 
P4692 2048 8 0 0 0 0 0 0 0 0 18 0 29 0 0 0 0 0 0 0 0 0 0 0 0 0 0 0 0 0 0 0 0 
P4692 2048 9 0 0 0 0 0 0 0 0 0 0 0 0 0 14 12 0 0 0 0 0 0 0 0 0 0 0 0 0 0 0 -999 
P4692 2048 10 0 0 0 0 0 0 0 0 4 0 0 0 0 0 0 46 0 0 0 0 6 0 17 25 12 0 0 0 0 23 25 
P4692 2048 11 21 23 14 0 0 11 31 21 6 10 0 0 0 0 0 0 42 12 2 0 4 0 5 0 0 0 0 26 86 75 -999 
P4692 2048 12 44 47 70 16 0 0 0 0 0 0 0 0 0 0 0 0 0 38 42 109 35 10 0 0 0 11 0 5 0 0 0 
P4692 2049 1 6 21 18 0 11 0 0 0 0 0 12 0 0 0 0 0 0 0 0 0 0 0 0 0 8 0 0 0 0 0 0 
P4692 2049 2 0 0 0 0 0 16 0 46 20 0 0 90 107 82 46 98 66 66 0 45 74 45 43 121 71 87 52 27 -999 -999 -999 
P4692 2049 3 35 62 70 64 0 34 0 0 35 46 31 0 22 38 0 8 25 0 17 0 0 0 6 0 0 0 0 0 0 0 0 
P4692 2049 4 0 0 7 0 31 22 0 0 0 0 5 0 0 0 0 0 0 0 0 0 13 0 18 0 0 0 14 0 15 0 -999 
P4692 2049 5 17 26 0 8 0 0 0 0 20 0 0 0 0 0 17 0 0 0 0 26 0 13 0 0 0 0 0 0 0 0 0 
P4692 2049 6 0 32 0 0 0 0 23 0 0 0 0 18 0 0 0 0 15 0 0 0 0 0 0 0 0 25 36 0 0 0 -999 
P4692 2049 7 0 0 0 26 0 29 0 16 0 0 0 0 23 20 0 0 0 0 0 0 0 0 0 0 0 0 0 0 0 0 0 
P4692 2049 8 0 0 0 0 0 0 21 0 0 0 0 0 0 0 0 0 9 0 0 0 0 0 20 0 0 0 0 0 0 0 0 
P4692 2049 9 0 0 22 0 0 0 0 0 0 0 0 0 8 0 8 0 0 0 0 0 0 13 0 0 24 0 0 0 16 14 -999 
P4692 2049 10 0 0 0 0 0 16 0 0 16 0 0 0 0 0 0 50 21 24 0 0 0 9 0 0 0 0 50 0 14 13 0 
P4692 2049 11 0 0 0 16 0 24 64 92 0 9 5 0 0 0 10 5 5 0 9 0 0 0 0 0 0 0 11 0 40 17 -999 
P4692 2049 12 11 0 0 0 5 0 6 0 7 0 0 2 0 13 51 54 0 0 0 0 0 7 14 0 19 22 0 0 0 0 0 
P4692 2050 1 0 0 0 3 4 4 0 4 15 0 70 55 71 63 34 78 0 75 15 8 1 0 14 16 14 0 0 0 0 9 13 
P4692 2050 2 11 7 0 0 0 0 0 19 30 18 4 0 0 0 0 0 0 5 0 0 0 1 0 0 4 0 0 0 -999 -999 -999 
P4692 2050 3 0 0 7 0 0 0 0 0 0 0 17 0 0 0 0 0 12 0 25 18 15 16 36 48 48 24 10 21 0 0 0 
P4692 2050 4 0 0 0 0 0 0 0 0 12 14 44 66 6 0 0 18 39 22 0 35 0 52 24 29 0 0 0 12 0 31 -999 
P4692 2050 5 22 39 0 23 23 0 0 19 16 36 20 0 0 0 0 0 0 0 0 0 0 21 0 0 0 0 29 25 20 14 0 
P4692 2050 6 0 0 0 0 0 14 0 0 14 0 16 23 25 0 0 12 0 6 0 0 0 0 0 0 0 0 0 0 0 15 -999 
P4692 2050 7 0 0 0 0 0 0 0 0 0 0 0 0 0 0 0 0 0 0 0 0 17 0 0 0 0 0 0 0 0 0 0 
P4692 2050 8 0 0 0 0 30 19 22 0 0 0 0 0 0 0 0 0 0 0 22 0 0 0 0 0 19 0 0 0 0 0 0 
P4692 2050 9 0 0 0 0 0 0 0 0 0 0 0 0 0 0 0 20 0 0 0 0 0 0 0 0 0 0 0 0 0 0 -999 
P4692 2050 10 0 0 18 0 0 19 0 0 0 0 0 0 0 0 0 39 34 0 0 22 0 17 0 0 0 0 29 33 30 0 0 
P4692 2050 11 0 20 16 0 0 0 0 0 6 0 0 6 10 15 21 0 0 0 0 13 0 0 30 38 0 5 24 0 10 0 -999 
P4692 2050 12 0 10 27 0 14 0 0 0 35 45 0 23 58 64 0 0 0 0 0 10 0 0 0 0 0 0 0 0 0 8 0 
P4692 2051 1 0 17 14 0 0 0 0 0 8 15 10 28 65 29 0 8 5 0 6 2 0 0 0 0 0 5 0 0 0 20 0 
P4692 2051 2 0 0 0 0 0 0 13 0 0 9 7 0 0 0 0 0 17 0 25 35 20 0 61 33 34 0 0 0 -999 -999 -999 
P4692 2051 3 0 0 0 44 41 28 0 27 26 32 34 0 0 37 18 0 32 16 0 0 0 24 0 18 0 0 0 0 0 0 0 
P4692 2051 4 0 0 0 13 0 0 36 0 58 0 0 0 10 0 64 21 0 0 0 0 0 7 0 0 0 18 0 0 0 4 -999 
P4692 2051 5 0 19 0 14 0 0 0 7 0 8 0 0 0 0 29 21 20 0 0 0 0 0 0 0 17 0 0 0 0 0 0 
P4692 2051 6 17 34 0 16 0 0 16 0 0 45 16 0 0 12 0 0 37 20 0 0 0 0 0 10 0 0 0 0 0 0 -999 
P4692 2051 7 0 0 0 0 0 0 0 0 0 0 0 0 0 0 0 0 0 0 0 0 0 0 0 0 0 0 0 0 0 0 0 
P4692 2051 8 0 0 0 0 0 0 0 0 0 0 0 0 0 0 0 0 0 0 0 0 0 0 0 0 0 22 0 0 0 0 0 
P4692 2051 9 0 0 0 0 0 0 0 0 14 0 0 0 0 0 0 0 0 0 0 0 0 0 0 0 0 0 0 0 0 0 -999 
P4692 2051 10 0 0 0 0 0 0 0 27 25 0 16 0 0 0 40 0 0 0 0 0 0 8 0 0 0 0 37 48 46 0 0 
P4692 2051 11 0 0 0 32 0 4 0 0 0 0 0 0 42 30 21 0 0 0 48 29 20 0 54 32 29 0 0 0 29 40 -999 
P4692 2051 12 0 11 0 0 0 0 54 32 0 0 0 0 0 22 27 37 0 0 39 32 41 33 0 0 5 0 0 0 0 0 0 
P4692 2052 1 9 0 0 0 0 2 1 0 0 0 0 0 0 0 0 0 0 0 0 0 0 0 0 6 6 0 6 0 0 0 0 
P4692 2052 2 0 0 0 0 0 0 0 0 0 0 0 12 0 0 19 0 17 0 0 0 0 9 0 0 28 26 0 0 -999 -999 -999 
P4692 2052 3 5 0 0 0 0 0 54 0 7 0 0 0 0 37 34 0 20 0 0 0 60 43 0 29 45 36 20 17 0 0 0 
P4692 2052 4 0 0 25 0 0 0 5 5 6 0 0 4 1 0 0 0 4 0 0 0 0 0 0 0 0 0 0 0 0 0 -999 
P4692 2052 5 0 0 0 0 0 24 30 26 19 0 0 0 0 0 0 0 0 0 0 0 0 0 0 0 0 0 20 38 0 25 21 
P4692 2052 6 13 0 0 0 0 0 0 0 0 0 0 38 28 12 20 0 18 0 0 0 0 0 0 25 0 0 0 0 0 0 -999 
P4692 2052 7 0 0 0 29 0 0 0 0 0 0 0 0 0 0 0 0 0 0 0 17 0 0 0 0 0 0 0 0 0 0 0 
P4692 2052 8 22 0 0 0 0 0 0 0 0 0 0 0 0 0 0 0 0 0 0 0 0 0 0 0 0 0 18 0 0 0 0 
P4692 2052 9 0 0 0 0 0 0 0 28 0 0 0 0 0 0 14 0 0 0 0 33 0 10 0 0 0 0 0 12 0 26 -999 
P4692 2052 10 19 0 0 0 0 6 21 15 0 0 0 0 0 0 0 0 0 0 0 0 0 0 0 0 0 11 0 0 0 0 0 
P4692 2052 11 0 0 0 0 0 0 10 0 0 5 0 0 0 0 0 0 0 7 0 0 17 15 12 20 31 51 68 0 14 23 -999 
P4692 2052 12 29 28 14 14 20 0 5 9 0 77 50 21 57 47 19 8 21 29 24 17 0 0 15 0 0 0 0 0 0 33 18 
P4692 2053 1 0 0 0 0 0 0 0 7 0 0 0 0 12 13 12 0 0 0 3 0 0 0 0 0 0 0 0 0 0 6 0 
P4692 2053 2 0 33 0 50 35 36 49 0 0 8 0 0 0 0 2 0 11 0 0 5 0 0 0 0 0 0 0 50 -999 -999 -999 
P4692 2053 3 46 0 9 17 30 17 4 5 14 17 15 0 9 12 16 14 35 37 28 18 0 0 0 0 0 0 0 15 30 34 0 
P4692 2053 4 29 13 0 26 50 0 0 34 16 0 31 39 9 0 11 0 0 0 0 0 0 0 8 0 0 0 13 0 0 0 -999 
P4692 2053 5 33 23 0 47 0 0 57 31 23 0 20 20 0 0 0 19 0 0 0 32 30 0 0 27 0 8 9 0 13 12 0 
P4692 2053 6 0 0 18 0 0 0 14 17 0 0 17 0 0 0 0 28 16 0 8 0 0 0 0 0 0 0 0 0 0 0 -999 
P4692 2053 7 0 0 0 0 22 0 0 0 0 0 0 0 0 0 0 0 0 0 0 0 0 0 0 0 0 27 25 18 0 22 0 
P4692 2053 8 0 0 0 0 0 0 0 0 0 0 22 0 0 0 0 0 0 0 0 0 0 0 0 0 0 0 12 0 0 21 0 
P4692 2053 9 0 0 0 0 0 0 0 0 0 0 0 0 0 0 0 0 0 0 0 0 0 0 0 0 7 0 0 0 0 0 -999 
P4692 2053 10 0 0 12 0 0 0 0 17 0 0 0 8 10 0 25 24 12 15 6 10 0 0 0 17 13 0 0 0 16 0 21 
P4692 2053 11 0 0 42 17 18 23 16 15 46 68 36 39 0 19 53 49 55 47 0 0 0 15 0 0 0 0 26 12 0 29 -999 
P4692 2053 12 0 0 17 0 0 0 0 0 0 0 0 0 0 0 15 0 7 0 3 2 0 0 15 19 0 50 26 0 0 38 43 
P4692 2054 1 38 32 79 48 55 61 0 23 56 39 47 50 57 70 0 42 36 10 9 0 0 0 0 0 0 0 21 100 56 19 0 
P4692 2054 2 27 72 60 0 0 0 24 31 15 0 0 33 23 0 7 12 0 0 0 0 0 0 1 0 0 0 0 0 -999 -999 -999 
P4692 2054 3 0 0 0 0 0 0 0 0 0 0 0 0 0 0 0 8 7 20 6 8 8 14 28 10 5 0 14 0 35 26 25 
P4692 2054 4 11 22 20 0 41 62 79 53 25 0 45 0 0 0 0 0 15 17 0 0 0 0 0 0 0 0 30 44 0 31 -999 
P4692 2054 5 25 0 17 16 0 15 0 0 0 14 0 17 13 23 34 29 23 12 15 18 20 25 21 52 53 20 17 0 24 0 0 
P4692 2054 6 0 0 0 0 0 0 0 0 0 0 0 0 14 12 0 0 16 0 10 0 0 0 0 0 0 0 0 0 0 0 -999 
P4692 2054 7 0 0 0 0 0 0 0 0 19 0 0 0 0 0 0 0 0 0 0 0 0 0 0 0 0 15 0 0 0 0 0 
P4692 2054 8 12 0 0 0 0 0 0 0 11 0 0 0 0 0 0 0 0 41 0 0 32 0 0 16 0 31 0 0 0 0 0 
P4692 2054 9 0 0 0 0 0 0 0 0 0 0 0 0 28 16 9 12 0 0 0 0 0 22 0 32 17 8 0 0 21 50 -999 
P4692 2054 10 0 0 0 29 7 0 0 0 0 0 0 0 0 0 0 0 0 0 21 0 0 0 0 0 43 0 21 0 0 12 0 
P4692 2054 11 45 0 0 0 0 0 0 0 67 72 50 31 19 0 72 0 15 23 31 69 0 0 0 0 5 0 29 0 0 0 -999 
P4692 2054 12 0 0 0 0 2 0 3 3 0 6 0 33 28 15 0 7 0 0 0 0 0 0 20 43 69 53 0 65 68 50 0 
P4692 2055 1 16 0 0 32 0 5 0 0 0 33 56 0 15 9 0 14 27 83 57 0 0 0 0 0 0 0 0 0 3 0 0 
P4692 2055 2 0 0 13 20 0 31 0 0 0 0 9 0 1 0 0 0 0 2 1 0 0 0 0 0 0 0 0 0 -999 -999 -999 
P4692 2055 3 0 0 30 33 0 29 21 0 0 0 10 0 29 0 0 6 0 0 0 12 0 0 0 0 20 17 0 0 0 0 0 
P4692 2055 4 0 0 0 0 13 0 0 0 0 0 24 0 0 0 0 0 0 0 0 0 0 30 9 0 0 10 0 9 0 0 -999 
P4692 2055 5 0 0 0 0 0 0 0 0 0 30 53 0 0 13 0 0 0 0 0 0 0 0 15 20 24 33 21 13 0 0 9 
P4692 2055 6 0 0 0 0 0 0 0 0 0 0 0 0 0 0 0 0 0 0 0 0 0 0 0 0 0 0 0 0 0 0 -999 
P4692 2055 7 0 0 0 0 0 0 0 0 0 0 0 0 25 0 0 0 0 0 0 0 0 0 0 0 0 0 0 0 0 0 0 
P4692 2055 8 11 0 0 0 0 0 0 0 0 0 0 0 0 0 0 0 0 0 0 0 0 0 0 0 0 0 0 0 0 0 0 
P4692 2055 9 0 0 0 0 0 0 0 0 0 0 0 0 0 0 0 0 0 0 0 0 0 0 0 0 0 0 0 0 0 0 -999 
P4692 2055 10 32 0 23 36 0 0 0 0 0 21 41 28 0 12 0 55 75 0 0 24 5 0 0 8 0 0 18 0 0 0 0 
P4692 2055 11 0 0 0 23 23 38 44 32 0 9 15 17 0 0 11 0 28 0 0 0 0 14 15 0 4 14 39 0 95 49 -999 
P4692 2055 12 0 0 23 15 32 20 0 0 0 0 9 0 0 0 0 0 0 0 0 0 0 0 0 0 0 0 10 24 31 31 0 
P4692 2056 1 0 27 0 44 47 45 64 64 40 69 31 0 0 0 0 0 0 12 0 7 0 0 0 0 0 31 71 33 0 0 0 
P4692 2056 2 0 28 0 0 29 49 52 0 0 0 66 52 24 72 76 0 14 0 0 79 69 82 0 36 33 0 0 0 -999 -999 -999 
P4692 2056 3 23 31 12 13 45 81 62 55 0 80 74 61 43 85 46 10 0 18 0 64 18 0 0 0 0 16 39 0 40 32 0 
P4692 2056 4 0 37 27 9 0 0 4 0 0 0 0 0 0 0 0 0 0 0 21 0 0 0 0 0 20 0 0 0 7 0 -999 
P4692 2056 5 0 0 0 0 0 0 0 26 0 28 31 24 15 12 0 0 0 0 0 0 18 0 0 13 0 0 0 0 0 0 38 
P4692 2056 6 29 0 0 0 0 0 0 16 0 0 0 0 0 0 0 0 0 0 0 0 0 0 0 14 0 14 0 0 0 0 -999 
P4692 2056 7 0 0 0 32 0 0 0 0 0 0 0 0 0 0 0 0 0 0 0 0 0 0 0 0 0 0 0 0 0 0 0 
P4692 2056 8 0 0 0 0 0 0 0 0 0 0 0 0 0 0 0 0 0 0 0 0 0 0 0 0 0 0 0 33 19 0 0 
P4692 2056 9 0 0 0 0 0 0 0 22 15 0 15 0 0 0 16 0 0 0 0 0 0 0 0 0 0 0 0 0 0 0 -999 
P4692 2056 10 0 20 0 0 0 0 0 27 13 0 13 0 0 0 0 0 0 0 17 0 0 13 24 0 74 79 0 0 0 0 0 
P4692 2056 11 0 31 0 16 0 0 0 0 51 0 31 46 0 0 59 35 8 4 0 17 9 0 0 0 0 0 0 0 0 0 -999 
P4692 2056 12 0 0 0 0 0 0 0 0 0 0 0 0 0 5 0 0 17 40 22 9 9 9 0 0 0 0 0 25 19 16 48 
P4692 2057 1 45 70 48 29 0 0 33 0 23 0 40 0 0 7 0 0 0 37 0 16 0 0 3 3 4 0 39 116 83 19 26 
P4692 2057 2 9 0 0 0 26 17 17 0 24 0 0 0 0 0 0 0 0 0 0 2 0 0 0 0 0 0 44 24 -999 -999 -999 
P4692 2057 3 19 0 22 0 0 0 0 0 0 0 0 4 5 0 30 0 34 65 56 0 15 4 0 0 0 0 0 39 30 27 0 
P4692 2057 4 36 35 29 0 0 0 0 0 0 0 21 0 0 37 0 0 39 38 0 0 0 0 54 0 0 0 0 3 0 0 -999 
P4692 2057 5 0 12 0 0 25 0 0 0 33 17 9 5 0 0 0 0 0 0 0 0 36 0 0 0 0 19 0 0 0 0 0 
P4692 2057 6 0 0 0 0 0 0 0 0 0 0 0 0 0 0 0 0 0 0 0 0 0 0 0 0 28 0 0 0 0 0 -999 
P4692 2057 7 0 0 0 0 0 0 0 0 0 0 0 13 0 0 0 0 0 14 0 0 0 0 0 0 0 0 0 0 0 0 0 
P4692 2057 8 0 0 0 0 0 0 0 22 0 0 0 0 29 0 0 0 0 0 0 0 0 0 0 0 0 0 0 0 0 0 16 
P4692 2057 9 23 0 0 0 0 0 0 0 0 22 22 0 0 0 0 0 0 0 0 0 0 0 0 0 0 27 0 0 0 15 -999 
P4692 2057 10 14 0 0 28 0 0 0 0 27 0 10 16 37 19 0 0 0 0 0 0 0 0 0 0 44 54 63 38 0 0 0 
P4692 2057 11 0 0 0 14 0 0 0 0 0 0 46 56 95 0 13 0 0 12 0 24 21 0 0 0 0 0 47 60 17 57 -999 
P4692 2057 12 44 32 55 8 17 0 0 0 0 0 0 0 16 0 0 0 0 0 43 24 34 0 0 80 36 0 0 0 0 0 0 
P4692 2058 1 0 0 0 0 0 5 10 0 17 25 13 48 71 47 93 125 39 29 0 0 0 0 0 0 0 0 26 50 57 0 37 
P4692 2058 2 14 0 0 23 46 28 19 23 22 16 13 48 0 0 0 0 0 0 0 0 0 0 0 10 9 0 3 0 -999 -999 -999 
P4692 2058 3 0 0 0 0 0 0 10 0 0 0 0 28 0 0 7 0 0 23 21 0 0 0 0 0 0 0 0 0 0 0 19 
P4692 2058 4 46 0 0 0 6 0 0 22 19 0 0 27 37 0 0 0 0 0 0 0 13 0 0 29 29 25 14 0 14 18 -999 
P4692 2058 5 13 14 0 39 24 29 17 0 0 0 0 0 0 0 0 17 0 0 0 16 0 0 0 33 0 0 0 0 0 0 0 
P4692 2058 6 0 0 10 0 0 0 0 0 28 23 14 0 0 0 0 16 0 0 0 0 0 0 0 12 0 0 0 0 10 0 -999 
P4692 2058 7 0 0 0 0 0 0 0 0 0 0 0 0 0 0 0 0 0 0 0 0 0 0 0 0 0 0 0 0 0 0 0 
P4692 2058 8 0 0 0 0 0 0 0 0 0 0 0 0 0 0 0 0 0 0 0 0 0 0 0 0 0 0 0 0 0 0 0 
P4692 2058 9 0 0 0 0 0 0 0 0 20 27 0 0 0 0 0 0 0 0 0 0 0 0 0 0 0 0 0 0 0 0 -999 
P4692 2058 10 0 0 0 0 50 0 0 0 0 0 0 0 0 0 0 14 0 14 23 34 32 0 24 21 0 0 7 7 4 0 0 
P4692 2058 11 0 6 0 8 11 11 18 41 52 9 28 9 0 13 17 0 0 0 0 8 11 0 0 0 0 0 3 4 0 0 -999 
P4692 2058 12 16 19 0 16 0 0 0 0 4 0 0 0 0 0 0 0 0 0 3 0 0 0 0 0 0 0 0 0 0 0 0 
P4692 2059 1 0 0 0 0 0 20 26 38 12 0 0 2 0 0 0 15 25 6 0 0 0 0 0 0 0 0 0 0 0 0 0 
P4692 2059 2 1 3 0 0 0 0 0 0 0 0 0 0 22 0 0 0 0 0 0 0 0 0 0 0 0 0 0 0 -999 -999 -999 
P4692 2059 3 0 0 0 0 0 0 0 9 0 0 0 0 0 0 0 7 12 24 26 0 0 0 0 0 0 17 0 31 34 40 33 
P4692 2059 4 18 4 0 5 0 0 0 0 56 42 31 0 27 26 0 31 30 43 0 0 0 37 30 61 21 0 0 10 0 0 -999 
P4692 2059 5 2 0 0 11 0 0 0 0 0 0 0 0 0 18 0 0 35 40 28 11 12 14 0 0 30 24 16 13 0 17 0 
P4692 2059 6 0 0 0 0 0 0 20 24 0 0 18 18 0 0 13 0 0 0 0 0 0 0 0 0 0 0 22 14 0 0 -999 
P4692 2059 7 0 0 0 0 0 0 0 0 0 0 0 0 0 0 0 0 0 0 0 0 0 0 0 0 0 0 0 0 0 0 0 
P4692 2059 8 0 0 0 0 0 0 0 0 0 0 0 0 0 0 0 0 0 0 0 0 0 0 0 32 0 0 0 0 0 0 0 
P4692 2059 9 0 0 0 0 0 0 0 0 0 25 0 0 0 0 0 0 0 0 14 0 0 0 0 0 0 0 0 0 0 16 -999 
P4692 2059 10 22 0 0 0 0 0 0 9 0 0 6 0 0 0 0 0 0 0 0 20 14 0 0 0 0 0 62 55 30 29 26 
P4692 2059 11 0 0 44 41 33 0 0 0 0 0 0 6 0 0 0 12 0 0 0 0 5 0 0 0 3 0 0 0 0 0 -999 
P4692 2059 12 0 0 0 0 28 30 0 9 0 35 0 25 15 3 6 0 0 1 1 0 0 0 0 15 24 53 51 31 0 26 9 
P4692 2060 1 14 13 0 0 0 0 0 16 0 18 59 57 72 0 24 19 0 0 0 0 0 0 0 0 0 0 4 0 0 0 0 
P4692 2060 2 33 0 0 4 0 6 0 11 0 0 0 17 0 0 2 0 0 0 0 0 0 0 9 0 0 0 0 27 -999 -999 -999 
P4692 2060 3 0 21 0 0 0 0 29 22 0 0 16 7 0 0 0 0 0 8 0 0 0 36 49 0 12 0 0 0 40 17 4 
P4692 2060 4 0 0 0 15 0 0 16 0 36 33 16 15 15 0 0 42 0 11 0 0 0 0 0 0 0 0 0 5 9 0 -999 
P4692 2060 5 0 0 33 31 21 25 0 0 0 0 25 0 0 0 14 0 0 0 0 0 0 0 0 0 0 0 0 18 0 0 0 
P4692 2060 6 24 0 0 15 0 0 11 0 0 0 0 0 0 0 0 0 0 0 0 0 0 0 0 0 0 0 0 25 0 0 -999 
P4692 2060 7 0 0 0 0 0 0 0 0 0 0 0 0 0 0 0 0 0 0 0 0 0 0 0 0 0 0 0 0 0 0 0 
P4692 2060 8 0 0 0 0 0 0 0 0 0 0 21 0 0 0 0 0 0 0 28 0 0 0 0 0 0 0 0 0 0 0 0 
P4692 2060 9 0 0 0 34 0 0 0 0 0 0 0 0 23 0 0 27 0 0 15 16 0 0 0 0 16 0 0 0 0 16 -999 
P4692 2060 10 0 0 0 0 0 0 0 0 0 0 9 10 0 0 0 0 0 0 11 0 0 0 0 0 0 13 0 0 0 0 0 
P4692 2060 11 0 0 0 0 29 33 30 27 49 35 21 0 0 0 0 0 82 66 91 41 0 0 0 0 0 0 0 20 0 0 -999 
P4692 2060 12 0 0 13 16 26 65 48 0 0 6 0 0 0 0 0 0 17 0 0 9 8 11 16 16 11 14 0 0 35 25 9 
P4692 2061 1 7 12 13 0 7 0 0 0 17 0 0 11 0 0 0 0 0 0 0 0 20 0 11 0 0 5 0 2 0 2 6 
P4692 2061 2 9 16 12 0 0 0 0 0 0 24 0 26 14 0 0 0 0 0 0 0 0 0 0 0 0 0 0 0 -999 -999 -999 
P4692 2061 3 25 0 0 0 0 19 15 0 30 0 0 0 14 0 28 0 0 0 20 0 0 27 28 45 75 13 13 0 0 0 17 
P4692 2061 4 23 36 47 37 15 0 15 0 20 0 26 29 0 0 0 0 0 0 28 10 0 0 0 0 0 0 0 0 0 0 -999 
P4692 2061 5 0 0 0 0 0 0 0 12 0 0 9 0 16 22 21 24 19 0 0 0 0 0 0 0 0 0 0 0 0 0 0 
P4692 2061 6 0 0 0 0 10 0 0 0 0 0 0 0 0 0 19 0 6 0 0 0 0 26 0 0 0 0 0 0 0 0 -999 
P4692 2061 7 0 0 0 0 0 0 0 17 0 0 0 0 0 0 0 0 0 0 0 0 0 0 0 0 0 0 18 0 0 0 0 
P4692 2061 8 0 0 0 0 0 0 0 0 0 0 0 0 28 0 0 0 0 0 0 0 0 0 0 0 0 0 21 0 0 11 0 
P4692 2061 9 0 0 0 0 0 0 0 0 0 0 0 0 0 28 0 0 0 0 10 0 8 0 0 0 0 34 0 0 0 0 -999 
P4692 2061 10 0 0 0 0 0 0 0 0 0 0 0 0 0 17 0 52 42 31 0 70 25 17 0 79 13 0 0 46 65 26 0 
P4692 2061 11 0 29 6 0 0 12 0 0 33 59 23 0 0 4 0 28 43 17 0 0 0 0 6 4 0 0 0 0 0 0 -999 
P4692 2061 12 0 0 0 0 0 0 0 0 0 0 19 21 8 0 0 0 0 0 9 12 31 44 5 3 3 0 0 0 0 31 14 
P4692 2062 1 8 15 0 0 0 0 0 0 4 0 0 0 0 7 4 0 6 28 2 0 0 0 0 13 19 50 41 35 33 41 0 
P4692 2062 2 34 31 35 0 0 0 23 0 0 15 16 4 3 0 0 17 11 0 0 0 25 29 0 53 35 31 0 10 -999 -999 -999 
P4692 2062 3 0 8 0 22 24 5 0 0 0 0 44 64 106 131 49 10 6 0 37 0 0 20 35 0 6 0 0 0 0 0 0 
P4692 2062 4 0 0 0 0 0 0 0 0 0 9 9 5 0 0 13 0 0 0 0 0 0 7 0 0 0 0 0 25 33 42 -999 
P4692 2062 5 14 0 0 0 0 0 0 0 0 26 0 12 0 0 0 0 0 0 0 0 13 0 0 0 0 0 0 0 0 0 0 
P4692 2062 6 0 0 0 0 21 0 0 14 0 0 0 0 14 0 0 0 0 0 0 0 20 19 0 0 0 0 0 0 0 0 -999 
P4692 2062 7 0 0 0 0 23 0 8 0 0 0 0 0 0 17 0 0 0 0 0 0 0 0 0 0 0 0 0 0 0 0 0 
P4692 2062 8 0 0 0 0 0 0 0 0 0 0 20 28 0 0 0 0 0 0 19 0 0 0 0 0 0 0 0 0 0 0 0 
P4692 2062 9 0 0 0 0 0 0 0 0 13 19 0 17 0 0 0 0 0 12 0 0 0 0 0 0 0 0 0 0 0 0 -999 
P4692 2062 10 0 0 0 54 98 72 0 10 8 0 26 0 0 0 0 20 37 0 0 0 0 0 0 0 0 11 0 0 0 0 0 
P4692 2062 11 0 0 0 0 0 0 18 0 0 9 0 0 0 0 26 16 0 40 0 0 0 12 33 13 0 17 0 0 0 0 -999 
P4692 2062 12 0 16 0 0 0 0 16 0 0 19 21 18 0 0 8 0 32 66 13 3 0 0 0 0 0 0 0 0 0 0 20 
P4692 2063 1 0 33 57 25 0 47 60 104 91 21 0 0 0 48 52 63 56 51 73 32 0 71 0 0 61 34 8 0 0 52 0 
P4692 2063 2 75 27 31 26 0 23 11 0 0 0 61 0 0 0 0 67 0 0 1 0 0 0 0 0 0 0 0 0 -999 -999 -999 
P4692 2063 3 0 0 0 0 0 0 0 0 0 0 0 30 0 33 31 58 24 0 0 0 0 0 12 27 91 52 39 34 38 0 53 
P4692 2063 4 18 0 17 25 0 61 0 0 57 22 0 0 0 20 0 12 15 8 0 0 0 0 15 0 0 0 0 0 0 36 -999 
P4692 2063 5 33 33 0 0 0 0 0 0 0 0 0 27 0 0 0 0 0 14 0 0 29 0 0 22 14 0 0 0 0 0 0 
P4692 2063 6 0 0 0 23 0 0 0 0 0 0 0 0 0 0 0 0 0 0 0 0 0 0 0 0 0 0 0 0 0 0 -999 
P4692 2063 7 0 0 0 0 0 0 0 0 0 0 0 0 0 0 0 0 0 0 0 0 0 0 0 0 0 0 0 0 0 0 0 
P4692 2063 8 0 0 0 0 0 0 0 0 32 34 26 0 0 0 0 0 0 0 0 0 9 0 0 0 0 15 14 0 0 0 0 
P4692 2063 9 0 0 0 0 0 0 0 0 0 0 0 0 0 0 19 0 0 23 0 0 0 0 0 14 0 0 0 20 0 0 -999 
P4692 2063 10 0 0 0 0 0 0 0 0 0 0 0 0 57 81 25 12 0 15 0 0 0 9 0 0 0 14 0 0 0 0 0 
P4692 2063 11 0 0 0 0 0 0 0 0 0 0 0 12 0 25 1 5 0 0 0 0 0 0 0 5 0 0 0 0 0 0 -999 
P4692 2063 12 0 0 0 0 0 0 0 0 0 0 0 0 0 0 12 0 5 0 5 0 0 1 2 0 0 0 0 0 0 0 3 
P4692 2064 1 0 0 2 4 0 0 0 0 0 0 0 4 0 0 30 38 0 0 0 0 0 0 0 5 0 18 15 9 9 18 13 
P4692 2064 2 0 29 19 0 0 0 0 6 0 1 0 0 2 0 0 0 1 0 0 0 0 0 0 0 4 0 0 0 -999 -999 -999 
P4692 2064 3 10 0 0 0 0 0 21 32 39 43 0 14 0 34 41 30 40 34 0 36 0 19 0 16 0 53 0 15 20 0 24 
P4692 2064 4 0 0 0 58 0 0 30 26 18 0 0 0 0 0 27 25 13 0 0 0 0 0 0 0 0 27 15 0 0 0 -999 
P4692 2064 5 0 16 0 0 0 15 20 0 0 12 10 0 0 0 0 0 0 14 0 23 0 0 31 17 0 0 0 0 13 0 0 
P4692 2064 6 0 0 0 0 0 0 0 0 0 0 0 0 0 0 0 0 0 0 0 0 0 0 0 0 0 0 0 21 0 0 -999 
P4692 2064 7 0 0 22 0 0 0 0 0 0 0 0 0 0 0 0 0 0 0 0 0 0 0 0 0 0 0 0 0 0 29 0 
P4692 2064 8 0 0 0 0 0 0 0 0 0 0 0 0 0 0 0 0 0 0 0 0 0 0 0 13 0 0 0 0 0 0 0 
P4692 2064 9 37 0 14 15 0 0 0 0 0 0 0 13 0 0 27 0 0 24 0 0 0 33 25 0 0 0 10 0 0 11 -999 
P4692 2064 10 0 0 0 0 0 26 33 0 20 12 0 0 5 0 0 0 0 0 0 0 14 0 0 0 0 0 0 0 6 30 0 
P4692 2064 11 0 0 13 0 33 8 0 0 0 0 0 0 0 67 28 5 0 0 0 0 0 0 0 0 0 0 0 0 0 0 -999 
P4692 2064 12 0 0 0 0 60 54 63 110 107 37 15 16 0 19 0 19 0 0 0 0 5 4 0 0 0 0 4 0 0 0 0 
P4692 2065 1 0 0 0 12 0 11 0 0 0 0 0 32 32 53 15 17 0 0 0 0 0 0 0 0 0 0 0 12 0 25 37 
P4692 2065 2 0 0 0 0 0 0 0 14 5 0 0 30 51 61 48 0 63 65 52 0 0 0 0 0 0 10 0 0 -999 -999 -999 
P4692 2065 3 0 0 0 0 0 0 0 0 0 0 0 0 0 2 3 0 0 0 6 8 0 0 0 0 18 21 10 21 0 0 0 
P4692 2065 4 0 0 0 0 0 48 12 0 0 0 2 6 0 0 0 0 0 0 20 0 0 0 0 0 0 0 0 0 0 0 -999 
P4692 2065 5 0 0 0 0 0 0 0 6 0 0 0 0 11 0 0 19 0 0 0 0 29 18 0 0 0 0 0 0 0 0 0 
P4692 2065 6 0 0 0 0 0 0 0 25 0 0 0 0 0 0 0 19 0 12 0 0 0 0 0 0 0 18 0 25 0 0 -999 
P4692 2065 7 25 0 0 0 0 0 0 0 0 0 0 0 0 0 0 16 0 0 0 0 0 0 0 0 0 0 0 0 0 0 0 
P4692 2065 8 0 0 0 0 0 0 0 0 0 28 19 0 0 0 0 0 0 0 0 0 0 0 0 0 0 11 0 0 0 0 0 
P4692 2065 9 0 0 0 0 0 0 0 0 0 0 0 0 0 0 0 0 0 0 0 0 0 0 0 15 0 0 0 0 11 0 -999 
P4692 2065 10 0 0 0 0 0 0 0 0 31 0 0 30 0 0 0 0 11 0 0 51 22 0 50 74 26 34 58 0 43 53 24 
P4692 2065 11 22 0 0 0 0 0 0 0 0 0 0 0 0 0 0 0 0 0 10 19 56 43 12 0 18 0 42 23 10 18 -999 
P4692 2065 12 15 0 0 0 3 0 3 0 0 0 22 0 32 13 0 0 18 0 43 58 39 88 71 119 133 160 101 0 0 0 9 
P4692 2066 1 0 2 0 0 0 0 0 10 0 28 47 72 29 0 50 0 0 27 79 24 16 61 45 14 0 0 0 11 0 0 0 
P4692 2066 2 23 0 0 11 15 16 0 20 32 20 26 19 15 0 0 0 0 0 0 0 0 0 0 0 63 38 0 26 -999 -999 -999 
P4692 2066 3 0 6 3 0 0 0 49 0 0 0 0 0 0 0 0 0 0 0 0 0 0 0 0 0 0 28 0 0 0 12 0 
P4692 2066 4 0 0 10 9 0 0 0 20 6 0 0 9 20 15 14 0 0 12 0 15 0 0 0 0 0 0 27 0 55 38 -999 
P4692 2066 5 11 6 16 0 0 16 0 16 0 0 0 0 0 0 0 0 0 0 28 0 0 0 0 0 0 0 0 0 0 0 0 
P4692 2066 6 0 0 0 0 0 0 0 0 0 0 0 0 0 20 0 0 0 0 0 0 0 0 0 0 0 0 0 0 0 0 -999 
P4692 2066 7 0 0 0 0 0 0 0 14 9 0 0 0 0 0 0 27 23 0 14 12 0 0 0 0 0 0 0 0 10 11 0 
P4692 2066 8 0 0 0 0 0 0 0 0 0 0 0 0 0 0 0 0 0 22 14 0 16 21 0 0 0 0 25 0 0 0 0 
P4692 2066 9 0 0 0 0 0 0 0 0 0 27 0 0 0 0 0 0 0 0 0 0 0 20 0 0 35 28 0 0 0 0 -999 
P4692 2066 10 20 18 0 0 0 0 0 0 0 0 0 0 12 0 17 0 0 0 14 0 0 23 0 10 0 14 0 0 13 0 9 
P4692 2066 11 0 0 0 0 60 0 0 27 21 13 31 29 37 0 0 0 0 0 0 6 0 0 0 0 0 0 0 0 0 0 -999 
P4692 2066 12 0 0 14 21 14 0 0 0 0 12 0 8 11 38 70 84 114 123 69 0 21 0 5 5 5 8 0 0 23 58 62 
P4692 2067 1 18 78 28 10 20 24 0 0 0 21 28 26 28 0 42 38 44 0 41 96 73 74 50 57 76 66 97 30 0 31 54 
P4692 2067 2 60 37 87 30 0 0 0 40 0 45 54 12 34 62 40 8 0 45 76 49 69 42 0 0 0 75 61 6 -999 -999 -999 
P4692 2067 3 0 0 0 0 0 1 3 0 0 0 16 17 55 15 0 0 0 0 0 5 7 3 8 0 0 0 5 0 0 0 0 
P4692 2067 4 0 0 0 0 44 0 0 0 0 0 0 0 0 0 34 19 0 12 11 12 17 0 0 0 0 0 0 0 19 0 -999 
P4692 2067 5 0 0 16 0 0 8 0 0 17 22 0 11 0 0 0 0 0 29 29 27 0 0 0 0 0 0 13 0 23 26 0 
P4692 2067 6 0 15 35 16 0 0 0 0 0 0 0 0 0 0 18 0 0 0 0 0 0 0 0 0 0 0 0 0 0 0 -999 
P4692 2067 7 0 0 0 0 0 0 0 0 0 0 0 0 0 0 0 0 19 0 15 0 0 0 0 0 22 0 0 0 0 0 0 
P4692 2067 8 0 0 0 0 0 0 0 23 0 0 0 0 0 0 0 0 15 0 15 0 0 0 0 0 0 0 0 0 0 0 0 
P4692 2067 9 0 0 17 16 0 0 0 0 0 0 0 0 19 0 0 13 8 0 0 9 0 0 0 0 0 9 0 0 0 0 -999 
P4692 2067 10 0 0 0 0 0 0 0 0 0 0 0 0 0 0 0 0 0 0 0 0 0 0 0 0 0 0 0 0 0 0 0 
P4692 2067 11 0 0 8 0 0 0 0 0 0 0 0 0 0 0 0 0 10 0 0 6 0 0 0 25 0 0 0 2 0 0 -999 
P4692 2067 12 0 0 0 20 32 0 7 0 28 8 16 18 32 0 0 0 0 0 0 0 0 0 0 2 0 13 43 25 26 4 17 
P4692 2068 1 0 0 3 0 0 73 69 22 0 0 0 0 0 1 0 0 0 0 0 0 0 0 2 0 0 0 12 0 0 0 8 
P4692 2068 2 0 0 0 0 0 17 14 9 0 0 19 19 8 0 0 0 0 0 0 0 0 0 13 8 5 0 0 27 -999 -999 -999 
P4692 2068 3 0 36 0 31 93 82 0 17 50 0 9 0 0 0 0 16 64 68 33 14 12 0 49 0 0 0 0 0 0 0 0 
P4692 2068 4 34 27 12 7 0 0 0 50 37 27 0 0 17 0 0 0 0 0 5 4 0 0 16 12 6 0 0 0 0 0 -999 
P4692 2068 5 15 0 0 0 0 27 18 0 0 8 0 0 38 28 0 29 28 19 17 15 0 0 0 0 0 0 0 0 16 0 23 
P4692 2068 6 28 19 0 0 0 13 0 0 0 0 0 0 0 0 0 0 0 0 0 0 0 0 0 0 0 0 0 0 0 0 -999 
P4692 2068 7 0 0 0 0 0 0 0 0 0 0 0 0 0 0 0 0 0 0 0 0 0 0 0 0 0 0 0 0 16 0 0 
P4692 2068 8 0 0 0 0 0 0 0 0 0 0 0 0 0 0 0 0 0 0 0 0 0 0 0 0 34 0 0 0 0 0 0 
P4692 2068 9 0 0 0 0 0 0 0 0 0 0 0 19 0 0 22 0 0 0 0 0 0 0 0 0 0 0 0 0 0 11 -999 
P4692 2068 10 0 0 15 0 0 0 0 0 0 0 35 16 0 0 21 0 0 0 0 0 24 0 0 0 0 0 0 0 3 0 0 
P4692 2068 11 0 0 0 0 0 0 0 4 0 0 0 11 0 0 0 0 0 0 0 0 25 0 0 0 0 0 0 0 0 1 -999 
P4692 2068 12 0 0 0 0 0 16 0 50 28 23 0 0 23 52 27 13 1 0 11 13 10 0 19 19 52 32 0 6 13 13 7 
P4692 2069 1 26 42 14 0 3 0 0 0 0 0 0 0 0 0 0 2 0 0 0 0 0 9 1 0 0 0 0 32 39 0 0 
P4692 2069 2 0 0 0 74 91 21 0 60 64 0 0 0 0 0 14 0 18 0 24 0 0 19 0 0 0 0 0 23 -999 -999 -999 
P4692 2069 3 26 19 31 0 0 0 0 0 0 0 0 0 5 0 0 0 0 0 0 0 0 0 12 0 0 19 26 30 35 0 48 
P4692 2069 4 0 23 0 18 18 9 11 16 0 28 0 26 18 0 0 0 25 0 0 13 13 17 0 13 28 0 0 0 5 0 -999 
P4692 2069 5 0 0 0 0 0 0 0 0 0 0 0 0 29 0 0 0 27 22 0 0 26 17 0 0 0 0 0 9 0 0 0 
P4692 2069 6 0 0 0 0 0 0 9 0 0 12 0 0 0 0 0 0 0 0 0 0 0 0 0 0 19 0 0 0 0 0 -999 
P4692 2069 7 0 0 0 0 0 0 0 0 0 0 0 0 0 0 22 0 0 0 0 0 0 0 0 0 0 0 0 0 0 0 0 
P4692 2069 8 0 0 0 21 0 0 0 0 0 0 0 0 0 0 0 0 0 0 10 0 0 0 0 0 0 0 0 0 0 0 0 
P4692 2069 9 0 0 0 0 15 0 0 0 0 0 0 0 0 0 0 0 0 7 0 0 0 0 0 0 0 0 0 0 0 0 -999 
P4692 2069 10 0 0 0 0 28 0 0 0 0 0 0 0 0 0 23 0 16 0 71 65 32 26 43 0 0 0 46 67 68 45 0 
P4692 2069 11 0 0 0 45 0 16 48 57 50 0 4 0 0 20 0 0 0 13 0 0 0 42 8 5 0 0 0 0 0 0 -999 
P4692 2069 12 0 0 0 0 0 0 0 0 0 0 0 0 0 0 0 0 0 0 1 2 7 17 20 0 0 9 0 0 44 0 14 
P4692 2070 1 0 0 0 0 12 0 70 110 0 34 48 0 16 0 32 0 0 0 0 0 0 10 17 0 0 0 0 0 0 0 0 
P4692 2070 2 0 11 0 0 0 0 0 0 0 11 0 0 8 0 0 0 0 0 0 0 15 0 0 34 27 40 43 0 -999 -999 -999 
P4692 2070 3 23 21 0 0 0 0 5 0 0 0 0 15 15 27 51 32 24 42 65 72 107 40 0 17 18 15 0 0 0 22 16 
P4692 2070 4 0 0 24 0 11 12 0 0 51 0 18 12 0 0 0 0 22 23 14 0 0 31 0 0 18 17 26 21 0 16 -999 
P4692 2070 5 0 0 31 56 0 73 31 24 0 0 21 0 0 0 0 21 21 23 0 0 0 0 0 0 0 0 12 0 0 0 0 
P4692 2070 6 0 0 0 0 0 0 0 0 0 0 0 18 7 0 0 17 0 0 0 0 0 0 39 0 0 0 29 0 0 0 -999 
P4692 2070 7 0 0 0 0 0 0 0 0 0 0 0 0 0 0 0 0 0 0 0 0 0 0 0 0 0 0 0 0 0 0 0 
P4692 2070 8 0 0 0 0 0 0 0 0 0 0 0 0 0 0 0 0 0 0 18 0 0 0 0 0 0 23 0 0 0 0 0 
P4692 2070 9 0 31 0 0 10 0 0 0 0 0 0 16 0 12 0 0 0 0 0 0 0 0 0 0 0 0 0 0 0 0 -999 
P4692 2070 10 0 0 0 0 0 14 0 0 26 0 36 0 51 21 24 24 61 97 0 0 0 0 0 9 0 0 0 0 0 0 0 
P4692 2070 11 0 0 0 0 0 0 0 0 8 8 9 0 0 0 2 3 0 7 0 6 0 13 0 0 0 1 17 52 50 17 -999 
P4692 2070 12 19 45 20 0 0 0 0 29 36 0 50 0 30 0 0 0 0 0 26 44 24 61 44 0 0 31 0 0 68 82 0 
P4692 2071 1 0 0 13 0 23 12 9 13 0 54 38 37 48 25 13 24 0 0 19 13 19 0 7 0 15 35 49 24 16 0 0 
P4692 2071 2 0 0 0 0 14 33 0 8 16 33 43 39 25 11 0 41 44 23 0 24 15 0 0 9 12 0 0 0 -999 -999 -999 
P4692 2071 3 0 0 0 0 12 11 21 23 0 24 26 16 13 28 0 13 14 0 18 8 0 0 0 0 0 0 0 0 0 0 0 
P4692 2071 4 0 0 34 23 7 0 0 0 0 0 0 0 0 0 21 0 11 10 0 22 0 0 20 19 29 21 20 17 17 0 -999 
P4692 2071 5 18 22 30 0 0 0 35 27 23 17 0 10 10 0 14 0 13 0 0 0 0 0 0 0 0 24 0 0 0 0 23 
P4692 2071 6 25 0 0 20 0 0 0 19 0 0 0 0 36 44 34 0 0 0 0 0 0 0 0 0 0 0 0 0 0 0 -999 
P4692 2071 7 0 0 0 0 0 0 0 0 0 0 0 0 0 0 0 0 0 0 0 0 0 0 0 0 0 0 0 0 14 0 0 
P4692 2071 8 0 0 0 0 0 0 0 0 0 0 0 0 0 0 0 0 0 0 0 0 0 0 0 0 0 0 0 0 6 0 0 
P4692 2071 9 16 0 0 0 0 0 0 0 0 16 20 0 0 0 0 0 0 0 0 0 0 0 0 0 0 0 0 0 24 17 -999 
P4692 2071 10 7 0 0 12 0 0 0 0 0 16 0 7 0 0 0 48 47 17 15 0 0 42 29 0 0 0 16 0 0 26 51 
P4692 2071 11 0 52 65 56 31 17 17 0 0 6 7 0 1 0 0 0 0 6 3 0 23 0 14 28 22 16 0 0 0 0 -999 
P4692 2071 12 0 0 0 24 0 83 78 59 53 105 83 97 64 50 28 42 0 62 0 17 4 0 52 81 29 85 0 0 0 0 54 
P4692 2072 1 0 0 0 0 0 0 0 8 15 17 0 0 0 0 0 7 0 14 13 28 0 12 0 11 0 53 0 0 0 0 22 
P4692 2072 2 61 0 35 0 0 0 8 0 2 3 0 0 0 0 0 0 4 9 0 27 0 0 0 8 0 9 0 0 -999 -999 -999 
P4692 2072 3 0 0 4 0 0 0 0 0 0 0 0 0 11 0 8 0 0 0 0 0 15 0 0 0 0 0 25 34 34 0 0 
P4692 2072 4 0 0 0 0 0 0 0 0 0 0 0 7 0 0 0 0 0 0 0 0 0 0 0 4 0 0 0 0 0 0 -999 
P4692 2072 5 0 0 8 0 0 0 12 0 0 33 0 0 27 0 14 15 0 21 16 13 0 0 11 12 0 0 0 0 0 0 0 
P4692 2072 6 9 0 0 0 0 0 0 0 0 0 0 0 0 0 0 0 0 0 0 0 0 0 0 0 0 0 0 0 0 0 -999 
P4692 2072 7 0 0 0 20 0 0 0 11 0 0 0 0 0 0 0 0 0 0 0 0 0 0 0 0 0 0 0 0 0 0 0 
P4692 2072 8 0 0 0 0 0 0 0 0 0 0 0 0 0 0 0 0 0 0 15 0 0 0 0 0 0 0 0 0 0 0 0 
P4692 2072 9 0 24 0 0 0 0 0 0 0 0 0 0 0 0 0 0 0 0 0 0 0 0 0 0 25 0 0 20 0 0 -999 
P4692 2072 10 0 0 11 0 0 0 0 0 0 0 0 0 0 0 0 26 16 0 4 0 0 0 0 0 0 0 0 0 0 0 0 
P4692 2072 11 0 0 0 0 0 23 2 0 7 0 25 0 20 35 0 2 0 0 0 31 13 15 0 0 0 26 34 0 0 0 -999 
P4692 2072 12 0 0 23 15 0 0 0 11 11 0 0 0 0 9 0 0 21 0 15 16 65 0 9 15 45 51 14 0 0 28 29 
P4692 2073 1 0 0 0 0 0 1 0 0 0 0 0 0 0 8 0 16 0 0 0 21 0 0 11 0 0 0 11 0 8 0 0 
P4692 2073 2 30 66 60 50 27 18 0 0 0 0 0 12 0 0 0 0 0 0 0 2 0 0 0 0 0 47 37 0 -999 -999 -999 
P4692 2073 3 61 0 6 0 0 19 18 0 0 30 19 0 29 0 0 15 0 11 13 0 29 26 0 17 29 22 69 88 95 14 0 
P4692 2073 4 9 11 0 0 0 45 32 20 13 0 31 0 33 26 0 8 0 0 0 0 0 19 0 59 61 44 27 0 5 0 -999 
P4692 2073 5 7 17 11 0 0 0 0 17 0 0 0 0 0 47 27 52 33 12 0 9 0 0 0 0 0 0 13 0 0 0 0 
P4692 2073 6 0 0 0 0 0 0 0 0 0 0 0 0 0 0 0 0 0 0 17 22 0 0 0 15 0 0 0 0 0 0 -999 
P4692 2073 7 0 0 0 17 0 0 0 0 0 0 15 0 21 0 0 0 15 0 0 0 12 0 0 0 0 0 0 0 0 0 0 
P4692 2073 8 0 0 0 0 0 0 0 0 0 0 0 0 0 0 0 0 0 0 0 0 0 0 0 0 0 0 0 0 0 0 0 
P4692 2073 9 0 0 0 0 0 0 0 20 0 0 0 0 0 0 0 0 18 0 0 0 0 0 29 0 17 0 6 0 0 0 -999 
P4692 2073 10 0 0 0 0 0 0 0 32 30 0 0 0 0 0 0 0 0 0 9 13 0 14 0 0 0 0 0 0 0 0 0 
P4692 2073 11 19 0 0 0 0 0 0 0 0 0 0 0 0 0 0 52 17 0 68 0 66 73 20 0 16 17 0 7 0 0 -999 
P4692 2073 12 0 0 0 9 0 0 0 0 9 9 0 0 0 0 3 0 3 0 0 21 13 14 0 0 0 0 0 0 69 100 231 
P4692 2074 1 106 27 39 100 113 100 0 0 42 56 37 0 16 5 7 0 0 0 0 0 0 0 0 11 0 0 14 0 19 4 0 
P4692 2074 2 0 0 0 0 6 0 6 0 10 0 12 0 0 18 13 18 34 24 14 0 4 15 10 7 0 77 70 91 -999 -999 -999 
P4692 2074 3 76 14 0 12 0 31 39 23 13 0 0 0 33 9 0 0 0 0 0 0 0 0 0 42 23 7 0 0 0 0 27 
P4692 2074 4 0 0 0 0 0 0 10 0 26 0 0 0 0 0 0 52 0 24 43 48 0 0 0 0 0 0 0 15 0 0 -999 
P4692 2074 5 0 0 0 0 15 0 11 0 0 31 31 29 26 25 0 20 21 22 0 0 0 0 0 11 0 18 0 0 0 0 0 
P4692 2074 6 0 0 0 0 0 0 0 11 0 0 15 11 0 0 0 0 0 0 0 0 11 0 0 0 0 31 0 0 10 0 -999 
P4692 2074 7 0 15 0 0 0 0 0 0 0 0 0 0 0 0 0 0 0 0 0 0 0 0 0 0 0 0 0 0 0 0 0 
P4692 2074 8 0 17 0 0 0 0 0 0 0 0 0 0 0 0 29 0 0 11 0 0 0 0 0 0 0 0 0 0 0 18 18 
P4692 2074 9 19 0 0 0 0 0 0 0 0 0 0 15 0 10 0 0 9 0 0 0 14 17 0 0 11 0 0 0 0 0 -999 
P4692 2074 10 0 0 0 0 0 0 0 0 0 0 0 0 0 0 0 0 0 0 0 20 0 0 30 0 0 0 0 0 0 14 0 
P4692 2074 11 0 0 0 0 0 0 0 0 0 21 0 0 0 14 26 0 20 0 20 48 24 0 0 0 0 8 9 14 0 0 -999 
P4692 2074 12 0 0 0 0 0 0 0 6 13 0 31 36 39 10 0 0 0 0 0 4 0 0 2 0 0 0 0 6 13 31 0 
P4692 2075 1 0 0 0 0 0 0 0 0 0 13 0 0 0 9 30 16 0 10 0 0 0 16 25 0 11 0 0 0 0 0 0 
P4692 2075 2 0 16 0 0 0 54 43 60 73 36 85 0 87 0 0 0 0 0 0 30 20 0 0 42 47 0 11 0 -999 -999 -999 
P4692 2075 3 0 24 12 0 6 13 0 0 0 0 0 0 2 0 0 0 25 30 0 21 0 41 26 39 0 19 14 10 8 0 0 
P4692 2075 4 0 0 0 22 22 44 67 79 59 19 10 6 0 0 0 6 0 0 0 46 38 22 17 0 0 10 5 8 14 11 -999 
P4692 2075 5 0 31 34 0 0 0 0 0 0 23 0 22 10 0 0 0 0 0 0 0 0 0 0 16 0 0 11 0 0 0 0 
P4692 2075 6 0 0 27 17 11 13 0 0 0 16 0 0 0 13 0 0 0 0 15 0 14 0 0 0 0 0 0 0 0 0 -999 
P4692 2075 7 0 0 0 0 0 0 0 0 0 0 0 0 0 0 0 0 0 0 0 0 0 0 0 0 0 0 0 0 0 0 0 
P4692 2075 8 0 0 0 0 0 0 0 0 0 0 0 0 0 0 0 14 0 19 0 0 0 0 0 0 0 0 0 0 0 0 0 
P4692 2075 9 0 0 0 0 0 0 0 0 0 0 36 0 0 0 0 0 0 0 0 0 0 0 0 0 0 0 13 14 0 0 -999 
P4692 2075 10 0 0 27 38 0 0 35 65 67 27 0 0 0 0 0 0 0 0 0 0 0 0 0 0 17 0 0 0 60 70 35 
P4692 2075 11 0 0 0 16 0 0 52 0 0 0 14 0 0 34 83 47 13 17 19 7 29 39 30 21 0 0 0 0 0 0 -999 
P4692 2075 12 13 0 47 42 20 0 0 54 28 13 0 0 0 0 43 0 17 0 0 0 12 0 0 0 0 0 0 0 0 0 0 
P4692 2076 1 0 0 0 0 8 12 0 0 6 6 0 0 0 0 0 0 0 0 0 0 0 3 2 0 0 0 0 0 0 14 33 
P4692 2076 2 62 0 10 0 0 0 0 0 0 0 0 0 0 1 0 0 0 5 0 0 16 5 0 0 0 0 0 0 -999 -999 -999 
P4692 2076 3 0 0 0 0 0 21 26 26 20 25 21 0 0 0 6 9 0 0 0 0 0 20 25 0 20 20 0 0 0 0 0 
P4692 2076 4 0 12 0 0 0 0 0 0 0 0 13 0 27 16 0 35 0 20 0 19 0 0 0 15 13 0 12 10 0 0 -999 
P4692 2076 5 0 42 27 12 18 11 0 0 0 0 0 0 0 0 0 0 0 0 0 0 0 0 0 0 0 0 0 0 0 0 0 
P4692 2076 6 0 0 0 0 0 0 0 0 0 0 0 0 0 0 0 0 0 0 0 0 0 0 0 13 0 0 0 0 0 0 -999 
P4692 2076 7 0 0 0 0 0 0 0 0 0 0 0 0 0 0 0 0 0 0 0 0 0 0 0 0 0 0 0 0 0 0 0 
P4692 2076 8 0 0 0 0 0 0 0 0 0 0 0 0 0 0 0 0 0 0 0 0 0 0 0 0 0 0 0 0 0 0 0 
P4692 2076 9 0 0 13 0 0 0 0 0 0 0 0 0 0 0 0 0 0 0 0 0 0 0 0 0 0 0 0 0 0 0 -999 
P4692 2076 10 0 0 0 0 38 0 40 0 0 0 0 0 0 0 0 0 0 0 0 0 0 0 0 0 0 18 0 66 25 8 0 
P4692 2076 11 0 0 0 0 0 0 0 0 0 0 0 0 0 0 0 0 15 0 15 25 0 26 21 0 0 0 24 38 0 14 -999 
P4692 2076 12 0 0 0 0 0 0 0 0 32 32 33 37 0 0 0 16 0 0 0 0 0 0 0 6 7 8 0 0 18 0 0 
P4692 2077 1 0 0 0 0 0 0 0 0 14 0 0 0 0 6 0 0 0 0 0 0 0 0 0 0 0 0 0 0 0 0 0 
P4692 2077 2 0 0 25 30 14 0 44 0 21 34 13 7 0 0 0 0 32 42 70 28 18 0 0 16 0 0 0 0 -999 -999 -999 
P4692 2077 3 0 0 0 0 0 0 37 32 0 17 12 17 0 10 0 0 12 0 34 0 0 48 35 23 0 0 4 0 0 0 0 
P4692 2077 4 0 0 0 0 0 0 0 0 0 0 0 0 0 0 0 22 20 21 21 18 0 0 16 0 0 0 52 16 0 0 -999 
P4692 2077 5 0 0 25 0 0 0 0 29 32 0 15 0 0 0 0 0 0 0 0 0 0 0 0 0 0 0 0 0 0 0 0 
P4692 2077 6 0 0 42 0 25 25 0 0 0 0 0 0 24 33 0 0 0 0 0 0 0 0 0 0 0 40 0 0 0 0 -999 
P4692 2077 7 17 0 0 0 0 0 0 0 37 0 11 0 0 0 0 0 0 0 0 0 18 0 0 0 0 0 0 0 0 0 0 
P4692 2077 8 0 0 0 0 0 0 0 0 0 0 0 0 0 0 0 0 0 0 0 0 0 0 0 0 0 0 0 0 0 0 0 
P4692 2077 9 0 0 0 0 0 0 0 0 0 0 0 0 0 0 0 0 0 0 0 0 0 0 0 0 0 0 0 0 0 0 -999 
P4692 2077 10 0 0 0 0 0 0 0 0 0 0 0 11 0 0 0 0 0 0 26 12 20 33 41 28 17 0 0 0 40 0 31 
P4692 2077 11 38 0 0 0 0 0 0 0 65 51 37 0 13 0 0 0 30 13 0 0 23 0 32 34 12 0 14 0 0 40 -999 
P4692 2077 12 38 63 0 43 0 54 64 81 14 35 75 0 0 0 0 0 0 0 0 5 0 0 0 0 0 0 0 0 1 0 0 
P4692 2078 1 66 111 96 81 50 64 15 21 0 0 0 0 57 25 59 43 33 20 0 0 13 0 0 0 0 0 3 0 3 0 0 
P4692 2078 2 4 0 0 3 0 0 0 0 0 0 0 0 0 0 0 0 0 6 0 0 5 13 0 0 52 79 36 26 -999 -999 -999 
P4692 2078 3 0 0 0 0 0 0 0 58 32 14 0 0 0 0 58 50 67 0 56 59 44 28 22 35 0 19 0 13 0 0 18 
P4692 2078 4 0 0 12 15 0 0 0 0 14 0 20 14 17 46 0 0 0 0 0 0 0 0 0 0 0 30 0 0 11 0 -999 
P4692 2078 5 0 57 32 19 12 8 0 0 0 0 0 22 0 0 0 0 0 37 23 0 0 0 0 0 0 0 0 0 21 0 0 
P4692 2078 6 0 24 0 0 24 24 0 0 16 0 15 0 0 0 0 0 0 14 0 0 0 19 0 0 0 0 0 15 0 0 -999 
P4692 2078 7 0 22 0 0 0 0 26 0 0 0 0 0 0 0 0 0 0 0 0 0 0 0 0 0 0 0 0 0 0 0 0 
P4692 2078 8 0 0 0 0 0 0 0 0 0 0 0 0 0 0 0 0 0 0 0 0 0 0 0 0 0 0 0 0 0 0 0 
P4692 2078 9 0 0 0 0 0 0 19 0 0 0 0 0 0 0 0 0 0 0 0 0 0 0 0 0 0 0 0 0 0 0 -999 
P4692 2078 10 9 0 13 16 0 0 0 0 0 43 0 6 0 0 0 0 0 0 0 28 50 10 0 0 18 0 0 0 0 20 0 
P4692 2078 11 30 29 8 0 15 0 0 0 0 0 0 0 0 0 8 14 0 41 0 0 0 0 0 0 0 0 0 3 0 0 -999 
P4692 2078 12 0 0 0 0 0 7 0 0 0 15 37 0 12 15 0 15 20 0 5 0 0 0 11 0 12 55 86 44 19 133 122 
P4692 2079 1 0 6 29 30 18 0 0 0 0 0 0 0 0 0 5 0 0 0 0 9 13 15 0 0 0 0 0 7 0 0 0 
P4692 2079 2 0 0 0 8 0 0 5 0 0 0 0 0 0 0 2 0 0 0 0 0 5 0 0 0 23 0 0 14 -999 -999 -999 
P4692 2079 3 0 15 0 9 16 0 5 0 0 1 2 0 0 0 0 0 5 0 0 4 4 0 0 0 0 0 9 0 0 0 0 
P4692 2079 4 0 0 0 0 0 16 0 0 0 10 0 0 0 0 27 23 21 17 0 25 20 0 0 31 0 0 9 8 0 0 -999 
P4692 2079 5 0 0 9 0 0 25 0 0 0 0 0 0 0 0 0 0 0 0 0 0 0 0 0 0 0 0 0 0 0 0 0 
P4692 2079 6 0 0 15 0 0 0 0 45 0 0 0 0 0 0 0 16 13 0 0 0 0 19 0 0 0 0 0 0 0 0 -999 
P4692 2079 7 0 0 0 0 0 0 0 0 0 0 0 0 0 0 0 0 0 0 0 0 0 0 0 0 0 0 0 0 0 0 0 
P4692 2079 8 20 0 0 0 0 0 0 0 0 0 22 13 0 0 0 0 0 0 0 0 0 24 0 0 0 0 0 0 0 0 0 
P4692 2079 9 0 0 0 0 0 0 0 0 0 0 0 0 0 0 0 0 0 0 0 0 0 0 0 0 0 0 0 0 0 0 -999 
P4692 2079 10 0 0 9 0 0 0 0 0 0 0 0 0 0 0 0 0 16 0 0 39 0 0 0 0 0 0 0 0 0 0 0 
P4692 2079 11 0 11 17 0 45 57 55 0 0 0 0 0 0 46 0 41 50 72 44 0 0 0 27 18 22 0 0 0 0 0 -999 
P4692 2079 12 7 27 29 18 7 14 0 0 0 0 0 0 0 0 0 1 0 0 0 0 0 0 0 0 6 0 0 6 0 0 12 
P4692 2080 1 0 0 0 0 0 0 0 0 0 0 0 18 0 0 10 0 0 0 0 0 0 0 0 0 10 14 17 0 0 0 0 
P4692 2080 2 0 4 5 5 0 0 0 24 51 88 98 73 63 0 0 0 0 0 46 61 47 0 0 0 0 0 0 0 -999 -999 -999 
P4692 2080 3 37 34 0 0 0 33 40 39 72 75 60 0 0 0 0 0 0 3 0 0 0 0 0 0 0 0 0 0 0 0 23 
P4692 2080 4 0 0 0 0 0 0 17 29 0 0 0 32 0 0 0 0 0 0 0 0 0 0 0 26 19 20 16 10 11 16 -999 
P4692 2080 5 0 0 0 0 19 0 17 0 15 0 15 32 27 27 0 0 16 0 0 0 25 0 19 19 0 0 0 0 0 0 0 
P4692 2080 6 23 0 0 0 0 26 0 0 0 0 0 0 0 0 0 0 0 0 0 0 0 0 0 0 0 0 0 0 0 0 -999 
P4692 2080 7 0 0 0 0 0 0 0 0 0 0 0 0 24 0 0 0 0 0 0 0 0 0 0 0 0 0 0 0 0 0 0 
P4692 2080 8 0 0 0 0 0 0 0 0 0 0 0 0 0 0 0 0 0 0 0 0 0 0 0 0 0 0 14 0 0 0 0 
P4692 2080 9 0 37 0 0 0 0 0 0 0 0 0 0 0 0 0 0 0 0 0 0 0 0 0 0 0 0 0 0 0 0 -999 
P4692 2080 10 0 35 37 52 0 50 23 59 38 38 0 0 0 0 0 0 3 0 0 0 0 0 0 0 0 0 0 0 0 0 0 
P4692 2080 11 26 0 0 0 36 0 0 0 0 0 0 0 0 0 0 13 12 0 0 0 0 0 0 0 0 0 0 0 0 0 -999 
P4692 2080 12 0 0 59 67 0 69 95 80 45 0 0 0 0 20 8 0 0 0 0 0 9 0 0 0 0 53 0 0 0 0 38 
P4692 2081 1 65 60 114 65 43 5 0 4 0 0 0 0 0 0 34 0 0 0 0 89 77 42 34 22 0 0 38 21 0 0 0 
P4692 2081 2 0 0 19 0 0 44 44 23 18 0 2 0 0 0 0 0 0 0 0 19 11 0 0 43 0 0 8 0 -999 -999 -999 
P4692 2081 3 14 15 29 63 24 0 0 0 0 30 16 16 0 0 0 9 35 77 55 62 56 94 60 36 13 0 0 0 42 34 57 
P4692 2081 4 60 21 20 0 11 12 0 0 0 23 36 0 0 14 35 0 0 0 0 0 19 0 0 33 35 20 15 42 31 58 -999 
P4692 2081 5 46 42 25 27 32 11 0 25 40 0 18 0 0 29 26 17 0 0 8 0 0 0 0 0 14 0 0 0 0 0 0 
P4692 2081 6 21 0 0 0 0 7 12 0 0 0 0 26 20 0 0 0 0 0 30 18 0 0 0 0 0 0 0 0 0 0 -999 
P4692 2081 7 0 0 0 19 0 0 0 0 0 0 0 0 0 0 0 0 0 0 0 0 0 0 0 0 0 0 0 0 0 0 0 
P4692 2081 8 0 11 0 0 0 0 0 0 0 0 0 0 0 0 0 0 0 0 0 0 0 0 0 0 0 0 0 0 0 0 0 
P4692 2081 9 0 0 0 0 0 0 0 0 0 0 0 0 0 0 0 0 0 0 0 0 0 0 0 0 0 0 0 0 0 0 -999 
P4692 2081 10 0 0 0 0 0 7 0 0 0 29 0 0 0 0 0 0 0 0 0 0 0 0 0 0 0 0 0 0 0 0 0 
P4692 2081 11 0 20 39 66 32 0 0 0 0 0 0 0 0 0 0 59 113 110 66 0 0 0 0 0 0 0 0 0 22 35 -999 
P4692 2081 12 16 15 0 0 16 60 49 49 44 28 19 59 79 59 0 31 20 14 0 8 0 0 15 11 0 0 33 11 8 0 0 
P4692 2082 1 0 0 14 16 9 0 0 8 11 17 42 15 23 12 0 0 39 46 20 21 0 111 46 37 47 55 65 21 0 0 0 
P4692 2082 2 0 1 0 0 0 0 1 0 0 0 0 0 0 13 0 0 0 3 0 4 5 0 0 13 0 26 22 29 -999 -999 -999 
P4692 2082 3 0 0 0 25 23 0 0 0 14 10 0 0 0 19 5 8 0 0 0 38 14 0 0 35 29 21 10 0 42 27 0 
P4692 2082 4 13 0 0 0 0 0 0 0 0 0 0 0 0 0 12 15 12 10 0 0 0 0 0 12 0 0 5 0 0 0 -999 
P4692 2082 5 0 0 0 0 0 0 0 0 23 15 13 0 0 0 0 0 0 0 14 0 0 0 0 0 0 0 0 0 0 0 0 
P4692 2082 6 0 13 0 0 0 0 0 0 0 0 0 0 0 0 0 0 0 17 0 24 0 0 0 0 0 0 0 0 0 13 -999 
P4692 2082 7 0 0 0 0 0 0 0 0 0 0 0 0 0 0 0 0 0 0 0 0 0 0 0 0 0 0 9 0 0 0 0 
P4692 2082 8 0 0 0 0 0 0 0 0 0 0 0 0 0 0 0 0 0 0 0 0 0 0 0 0 0 0 0 0 0 0 0 
P4692 2082 9 0 0 0 0 0 0 0 0 0 0 0 0 0 0 0 0 0 0 0 14 0 0 0 0 25 0 0 0 0 25 -999 
P4692 2082 10 0 0 9 0 0 0 0 0 0 0 0 0 0 0 0 0 0 0 0 0 0 27 0 0 0 0 0 0 14 0 0 
P4692 2082 11 45 57 48 0 0 0 0 0 8 0 0 0 0 14 0 0 73 85 0 0 0 0 0 0 1 1 1 0 0 0 -999 
P4692 2082 12 0 0 9 0 0 0 0 0 0 0 11 0 0 0 12 0 24 0 0 0 4 6 0 0 0 0 15 0 0 0 0 
P4692 2083 1 0 0 0 0 17 7 7 20 0 15 0 3 0 0 12 0 21 29 0 18 8 22 0 0 0 0 0 0 0 0 0 
P4692 2083 2 12 0 31 14 5 0 29 26 0 54 68 38 15 0 0 21 0 102 70 60 54 41 0 0 69 122 54 34 -999 -999 -999 
P4692 2083 3 36 20 0 15 0 0 0 0 20 0 0 9 0 16 0 16 0 0 0 0 0 46 79 85 72 36 96 48 4 0 10 
P4692 2083 4 0 13 0 0 0 0 0 21 0 0 11 0 0 30 33 0 0 0 0 0 0 0 0 0 0 0 30 0 0 0 -999 
P4692 2083 5 0 9 12 0 0 0 29 30 30 26 0 0 21 19 0 33 36 0 18 27 0 0 0 0 26 43 67 0 0 25 0 
P4692 2083 6 31 0 19 14 0 0 0 0 0 0 0 0 0 0 0 0 0 0 0 0 0 0 0 0 0 0 0 0 0 0 -999 
P4692 2083 7 0 0 0 0 0 0 0 0 0 0 0 0 0 25 20 19 0 0 0 0 24 0 0 0 0 0 0 0 0 0 0 
P4692 2083 8 0 0 0 0 0 0 21 0 0 0 0 0 0 0 0 0 0 0 0 0 0 0 0 0 0 0 0 0 0 0 0 
P4692 2083 9 0 0 0 0 0 0 0 0 0 0 0 0 0 0 0 0 0 0 0 0 0 0 0 0 0 0 0 0 0 0 -999 
P4692 2083 10 0 0 0 0 0 22 11 10 0 0 0 0 0 0 0 0 11 0 0 0 0 42 33 0 0 0 0 0 0 0 0 
P4692 2083 11 0 0 24 51 45 0 18 0 0 8 13 43 67 32 0 0 31 35 0 0 0 0 0 0 0 0 10 7 0 0 -999 
P4692 2083 12 0 20 9 8 19 15 40 79 116 31 0 0 0 66 101 32 20 17 28 44 20 0 0 0 14 0 3 1 0 0 0 
P4692 2084 1 12 0 11 0 0 0 0 0 0 9 0 0 0 0 6 0 0 26 0 0 0 26 23 0 30 50 37 36 0 38 30 
P4692 2084 2 9 0 0 0 0 0 0 30 35 36 0 0 0 0 0 0 0 0 0 8 0 0 0 0 0 33 38 16 -999 -999 -999 
P4692 2084 3 0 0 0 0 41 0 3 0 0 0 0 0 0 0 0 39 96 66 0 0 0 0 0 0 0 0 0 0 8 0 0 
P4692 2084 4 0 0 0 0 0 0 6 0 0 0 21 0 21 23 0 0 10 0 0 5 0 0 0 0 0 0 0 0 0 0 -999 
P4692 2084 5 14 0 0 0 0 0 26 0 0 0 0 0 0 0 0 0 0 0 0 0 7 0 0 14 0 23 0 0 0 0 0 
P4692 2084 6 0 0 0 0 0 0 0 0 0 0 22 0 0 0 0 0 0 0 0 0 0 0 14 0 17 0 0 0 0 28 -999 
P4692 2084 7 0 0 0 0 0 0 0 0 0 25 0 0 0 0 0 0 0 0 0 0 0 0 0 0 0 0 0 0 0 0 0 
P4692 2084 8 0 0 0 0 0 0 0 0 0 0 0 0 0 0 0 0 0 0 0 0 0 0 0 0 27 0 17 0 0 0 0 
P4692 2084 9 0 0 0 0 0 0 21 0 0 0 0 0 0 0 0 26 0 0 0 0 0 0 0 0 0 0 0 0 0 0 -999 
P4692 2084 10 0 0 0 0 0 0 0 0 0 0 0 0 0 0 0 0 7 0 0 0 0 17 0 11 0 0 0 42 85 91 52 
P4692 2084 11 24 26 66 10 20 0 21 66 75 27 0 0 0 0 0 0 0 0 0 9 0 0 0 0 0 0 0 34 23 0 -999 
P4692 2084 12 0 10 0 0 25 0 0 54 44 53 67 72 97 64 26 0 26 0 0 0 0 0 0 0 0 0 6 18 19 0 0 
P4692 2085 1 0 0 4 0 0 0 0 0 0 2 0 0 0 0 0 23 14 6 6 0 0 10 56 68 0 0 0 10 4 5 0 
P4692 2085 2 3 0 0 0 0 0 0 0 0 0 36 42 23 9 0 0 0 0 5 4 2 0 9 5 0 0 0 0 -999 -999 -999 
P4692 2085 3 0 0 0 0 0 0 0 8 0 43 28 54 64 30 39 39 0 7 0 0 0 13 13 0 18 13 8 0 0 0 0 
P4692 2085 4 0 6 0 0 0 0 0 27 0 20 25 55 49 51 64 0 32 30 23 0 0 0 0 0 0 6 0 0 0 0 -999 
P4692 2085 5 0 32 0 0 0 0 0 46 0 27 0 0 0 0 0 0 0 0 0 0 0 0 0 0 0 0 17 0 7 0 0 
P4692 2085 6 0 0 0 0 0 0 0 0 0 0 0 0 0 0 16 0 0 0 0 0 0 0 0 0 0 0 0 0 0 0 -999 
P4692 2085 7 0 0 0 0 0 0 0 0 0 0 0 0 25 0 0 0 0 0 0 0 27 0 0 0 0 0 0 0 0 0 0 
P4692 2085 8 0 20 0 0 0 0 0 0 0 0 0 0 0 0 0 0 0 0 0 0 0 0 0 0 0 0 0 0 0 0 0 
P4692 2085 9 0 0 0 24 27 26 0 0 0 32 0 0 0 9 0 0 0 12 0 0 0 0 0 13 0 0 0 15 0 0 -999 
P4692 2085 10 0 0 0 0 0 0 0 13 0 0 0 21 21 0 0 0 18 0 0 0 0 0 0 0 0 0 46 30 0 63 0 
P4692 2085 11 0 0 0 0 0 9 6 0 0 0 0 0 4 0 9 26 58 20 13 52 31 30 11 0 4 0 8 0 39 0 -999 
P4692 2085 12 54 46 11 13 0 62 20 0 0 0 0 0 24 32 18 20 0 0 7 0 10 0 17 0 0 0 0 0 0 0 0 
P4692 2086 1 0 0 0 14 0 10 0 0 5 0 8 0 0 45 0 0 0 76 27 31 0 0 0 0 30 0 0 0 8 0 14 
P4692 2086 2 0 25 56 20 0 0 51 50 0 13 11 0 27 0 0 11 0 0 0 0 0 0 2 0 7 0 0 6 -999 -999 -999 
P4692 2086 3 0 0 0 0 0 5 0 0 0 0 0 0 32 0 0 10 0 0 0 0 0 0 0 0 8 7 0 0 0 0 0 
P4692 2086 4 0 7 0 0 0 31 0 0 0 0 0 13 0 27 27 24 14 14 0 0 5 0 0 0 0 0 34 0 0 0 -999 
P4692 2086 5 0 0 18 38 34 0 0 0 0 0 0 0 0 0 7 0 0 0 0 0 0 15 23 0 0 0 0 0 0 0 0 
P4692 2086 6 0 0 0 20 0 0 0 0 0 0 0 0 0 0 0 0 0 30 30 0 0 0 0 0 0 0 0 0 0 0 -999 
P4692 2086 7 0 0 22 0 0 0 0 0 0 0 0 0 0 0 0 0 0 0 0 0 0 0 0 0 0 0 0 17 0 0 0 
P4692 2086 8 0 0 0 0 0 0 0 0 0 0 0 0 0 0 0 0 0 0 0 0 0 0 0 0 27 0 0 0 0 0 0 
P4692 2086 9 0 0 0 0 16 0 0 0 0 0 0 0 0 0 0 0 20 0 0 0 0 0 24 0 0 0 0 0 0 0 -999 
P4692 2086 10 0 9 0 0 0 0 0 0 0 0 0 25 0 9 8 0 0 0 14 0 4 9 0 0 0 0 0 22 0 0 30 
P4692 2086 11 0 16 0 10 0 0 10 0 9 0 0 18 15 14 14 0 0 0 0 28 35 0 0 0 0 0 6 15 24 7 -999 
P4692 2086 12 10 0 8 0 0 0 0 0 0 2 0 0 0 0 6 3 0 6 27 34 17 51 90 48 0 16 0 0 0 0 0 
P4692 2087 1 0 0 9 12 10 12 0 45 37 0 14 0 0 0 0 0 0 6 0 0 10 0 0 0 0 0 0 1 1 0 0 
P4692 2087 2 32 26 0 0 0 0 0 0 0 0 11 0 10 0 0 0 0 0 0 0 0 0 0 0 0 28 19 0 -999 -999 -999 
P4692 2087 3 52 56 41 20 15 0 18 0 0 0 41 54 24 0 0 0 0 0 0 0 34 34 0 35 18 10 0 15 16 0 15 
P4692 2087 4 0 0 0 0 0 0 0 0 0 0 0 0 4 0 0 37 37 15 10 0 24 49 31 32 43 27 14 0 0 0 -999 
P4692 2087 5 0 0 0 26 17 22 19 20 0 0 28 0 0 18 0 0 0 0 0 0 0 0 0 0 0 0 0 0 0 0 20 
P4692 2087 6 0 0 0 0 0 0 0 0 0 0 0 0 0 0 0 0 0 0 0 0 0 0 0 0 0 29 0 8 0 0 -999 
P4692 2087 7 0 0 0 0 0 0 0 0 0 0 0 0 0 0 0 0 0 0 0 0 0 0 0 0 0 0 0 0 0 0 0 
P4692 2087 8 0 0 0 0 32 0 0 0 0 0 0 0 0 0 0 0 0 0 0 0 0 0 0 0 0 0 0 0 0 0 0 
P4692 2087 9 0 0 0 0 21 0 0 0 0 0 0 0 0 17 0 0 0 0 0 0 0 0 19 0 0 0 0 0 0 0 -999 
P4692 2087 10 0 0 0 0 30 20 0 0 8 0 0 0 0 0 0 4 0 19 11 0 0 0 0 0 0 0 0 0 0 0 0 
P4692 2087 11 0 0 0 0 11 0 0 0 0 0 0 0 0 0 0 0 0 0 6 0 0 0 0 0 0 0 2 0 0 0 -999 
P4692 2087 12 0 0 10 0 1 0 0 30 19 0 4 0 0 0 0 5 0 0 11 0 0 0 78 42 18 53 31 15 44 53 24 
P4692 2088 1 0 13 34 8 0 19 0 0 0 0 0 0 0 0 0 0 0 4 0 0 0 0 0 0 0 15 0 17 10 7 0 
P4692 2088 2 0 0 0 0 22 32 58 63 89 30 8 4 0 0 0 0 0 0 0 0 0 22 0 0 0 17 0 0 -999 -999 -999 
P4692 2088 3 0 41 67 44 0 12 0 0 0 0 0 0 0 0 9 0 0 0 0 0 0 10 0 0 0 0 23 13 0 0 0 
P4692 2088 4 0 0 0 0 21 0 0 52 0 24 30 34 0 31 24 0 19 14 0 0 16 19 24 0 0 0 0 10 0 0 -999 
P4692 2088 5 0 0 25 37 32 24 0 0 0 0 16 0 0 0 0 0 0 0 0 0 0 0 0 0 0 12 0 0 0 0 0 
P4692 2088 6 0 0 0 0 0 0 0 14 0 0 0 21 0 0 0 0 0 0 0 0 0 0 0 0 0 0 0 0 0 0 -999 
P4692 2088 7 0 0 0 0 0 0 0 0 0 0 0 0 0 0 0 0 0 0 0 30 0 0 0 0 0 15 0 0 0 0 0 
P4692 2088 8 0 0 0 0 0 0 0 0 0 0 0 0 0 0 0 0 0 24 0 0 0 0 0 0 0 0 0 0 0 0 0 
P4692 2088 9 0 0 0 0 0 0 0 12 0 0 0 0 0 0 0 0 0 0 0 0 0 0 0 0 0 0 0 0 0 0 -999 
P4692 2088 10 0 0 0 17 0 0 0 0 0 19 0 20 0 0 0 4 0 0 0 0 0 27 36 38 0 76 102 47 15 0 0 
P4692 2088 11 0 0 13 0 0 0 0 0 10 18 31 27 0 15 31 0 18 99 27 7 0 0 0 1 0 0 0 0 0 18 -999 
P4692 2088 12 0 28 22 32 45 41 0 53 19 0 0 0 0 0 0 0 0 5 0 0 0 7 0 0 14 20 13 0 0 0 0 
P4692 2089 1 0 0 0 0 24 17 0 30 61 70 84 102 90 23 0 0 0 0 0 0 2 0 0 0 0 0 0 0 0 0 0 
P4692 2089 2 0 0 10 20 43 69 40 64 121 35 0 56 93 43 11 5 0 0 0 0 0 0 0 0 9 10 0 0 -999 -999 -999 
P4692 2089 3 23 0 46 36 0 0 13 0 0 0 6 0 14 25 39 47 39 0 10 9 0 5 0 0 89 44 0 23 16 0 94 
P4692 2089 4 105 83 29 0 0 0 0 0 21 0 1 0 0 0 0 0 9 0 0 0 23 21 21 24 0 51 38 24 13 22 -999 
P4692 2089 5 0 16 11 0 0 0 0 0 0 0 0 0 0 0 0 0 22 0 0 0 20 0 0 0 27 0 0 0 0 0 0 
P4692 2089 6 0 0 0 0 0 0 0 0 0 0 0 0 0 0 0 0 0 0 0 0 0 0 0 0 36 0 0 0 0 0 -999 
P4692 2089 7 18 0 0 0 0 0 0 0 0 28 0 0 0 0 0 30 0 0 0 0 0 0 0 0 0 0 0 0 0 15 0 
P4692 2089 8 0 0 0 0 0 0 0 0 0 15 0 0 0 0 0 0 0 0 0 0 0 0 0 0 0 0 0 15 12 0 0 
P4692 2089 9 0 0 0 0 0 0 0 12 0 0 0 0 0 0 0 0 0 0 0 0 0 13 0 0 0 0 0 0 0 0 -999 
P4692 2089 10 0 0 0 14 0 0 0 0 0 0 0 0 0 0 0 0 0 0 0 0 0 0 0 0 0 0 0 0 10 13 0 
P4692 2089 11 0 0 25 0 0 6 0 0 11 0 0 0 7 7 0 0 0 0 0 0 0 0 0 47 70 47 0 0 0 78 -999 
P4692 2089 12 108 0 0 0 23 25 0 55 46 47 29 0 1 0 0 0 0 0 0 14 0 0 0 0 0 0 2 0 0 0 0 
P4692 2090 1 0 0 0 0 6 0 11 0 30 33 0 0 49 47 44 15 6 0 0 0 0 0 0 0 0 0 0 0 0 0 0 
P4692 2090 2 0 0 0 0 22 38 28 22 0 35 29 35 22 0 25 13 27 0 11 7 7 0 0 0 30 37 62 63 -999 -999 -999 
P4692 2090 3 106 49 17 7 0 0 0 0 0 0 0 0 51 54 45 20 0 12 0 33 0 0 12 0 0 0 7 0 0 0 22 
P4692 2090 4 0 21 31 31 22 16 22 18 21 17 0 0 15 0 60 38 29 0 0 0 0 0 0 21 0 16 9 0 0 18 -999 
P4692 2090 5 0 0 0 0 0 0 0 0 0 10 0 0 0 0 24 0 0 0 0 0 0 0 0 0 0 32 0 0 0 0 0 
P4692 2090 6 30 0 0 0 0 0 0 17 0 0 0 0 0 0 0 0 0 0 0 0 0 0 0 0 0 0 0 0 0 0 -999 
P4692 2090 7 0 0 0 0 0 0 0 0 0 0 0 0 0 0 0 0 0 0 0 0 0 0 0 0 0 0 0 0 0 0 0 
P4692 2090 8 0 0 0 0 0 0 0 0 0 0 0 0 0 0 0 0 0 0 0 0 0 0 0 0 0 0 0 31 0 0 18 
P4692 2090 9 0 0 0 0 0 0 0 0 0 0 0 0 0 0 0 0 0 0 0 0 21 0 0 0 0 0 0 0 0 0 -999 
P4692 2090 10 0 0 0 30 38 0 22 0 13 0 0 22 0 27 28 0 0 0 14 0 0 0 0 34 0 0 32 0 49 30 28 
P4692 2090 11 0 6 12 0 0 0 18 0 0 0 38 0 0 32 40 0 0 0 0 0 0 0 0 0 0 28 0 0 0 13 -999 
P4692 2090 12 0 0 82 0 37 31 0 0 0 16 0 0 0 16 25 11 0 0 0 0 0 0 0 0 20 18 12 0 0 0 0 
P4692 2091 1 0 0 0 0 0 0 0 0 0 0 0 12 28 17 0 0 0 14 27 0 0 0 0 0 0 0 0 0 0 4 9 
P4692 2091 2 0 13 0 3 0 0 0 6 5 0 0 0 0 0 0 0 0 0 89 74 45 43 0 22 0 0 0 21 -999 -999 -999 
P4692 2091 3 19 0 7 14 0 70 0 6 0 0 0 0 0 0 0 0 11 0 0 9 3 0 0 0 0 0 0 0 0 0 0 
P4692 2091 4 0 0 0 0 0 11 17 0 0 0 18 26 28 22 0 26 0 33 28 13 14 14 0 0 0 0 0 0 0 0 -999 
P4692 2091 5 0 34 33 0 0 19 5 0 0 0 0 0 0 0 0 0 0 0 0 0 0 0 0 0 0 0 0 0 0 0 0 
P4692 2091 6 0 0 0 17 17 0 0 0 0 0 26 0 0 0 35 0 0 0 0 0 0 0 0 0 0 0 0 0 17 8 -999 
P4692 2091 7 0 0 0 0 0 0 0 32 0 0 0 0 0 0 0 0 0 0 0 0 0 0 0 0 0 0 0 0 0 0 0 
P4692 2091 8 0 0 0 0 0 0 0 0 0 0 0 0 0 0 0 0 30 22 0 21 0 0 0 0 0 0 0 0 0 0 0 
P4692 2091 9 0 0 0 0 0 0 0 0 0 0 0 0 0 16 0 0 0 0 0 0 0 0 0 0 0 0 0 0 0 0 -999 
P4692 2091 10 0 0 0 0 0 0 0 0 0 0 35 41 32 0 17 0 30 0 0 0 0 0 0 0 0 0 44 59 79 61 51 
P4692 2091 11 51 0 11 0 0 12 7 0 8 0 0 0 0 0 0 0 19 19 15 11 0 12 35 0 0 0 46 18 0 16 -999 
P4692 2091 12 0 0 6 0 14 0 0 16 0 0 0 0 0 0 0 0 13 0 0 0 0 0 0 0 0 0 0 0 0 0 0 
P4692 2092 1 0 0 0 0 0 0 0 0 0 0 6 13 12 0 22 19 0 52 0 0 60 0 0 48 32 0 61 38 58 57 0 
P4692 2092 2 35 47 42 7 0 77 63 0 42 75 35 18 16 47 32 32 0 45 0 0 21 8 28 0 0 0 0 29 -999 -999 -999 
P4692 2092 3 27 31 0 0 0 0 45 33 0 14 0 21 19 0 54 76 37 24 18 49 55 56 0 158 67 50 19 0 43 21 0 
P4692 2092 4 22 37 46 28 27 0 0 0 6 0 0 0 23 16 13 0 0 0 0 16 0 0 0 19 22 25 0 39 38 31 -999 
P4692 2092 5 22 0 0 0 0 0 0 0 22 0 0 0 0 0 0 0 55 28 13 0 10 14 0 0 4 6 0 0 0 0 35 
P4692 2092 6 0 0 0 0 0 0 0 0 0 0 0 0 0 0 17 29 0 0 0 0 0 0 0 0 0 0 0 0 0 0 -999 
P4692 2092 7 0 0 0 0 0 0 0 0 0 0 0 0 0 0 0 0 0 0 0 0 0 0 0 0 0 25 0 26 18 0 0 
P4692 2092 8 0 0 0 28 0 0 0 17 22 0 32 0 0 0 0 0 0 0 0 0 0 0 0 0 0 0 0 0 0 0 0 
P4692 2092 9 0 0 0 0 0 0 0 0 0 0 0 0 0 0 0 0 0 0 21 0 0 0 0 0 0 0 0 0 0 0 -999 
P4692 2092 10 16 0 0 14 0 0 0 0 0 0 45 0 12 0 0 4 0 0 0 36 0 0 0 0 0 0 0 0 0 10 0 
P4692 2092 11 0 18 28 41 0 0 0 13 11 13 0 0 120 95 70 0 13 0 0 0 23 15 0 75 49 33 0 0 0 0 -999 
P4692 2092 12 0 0 0 0 11 19 0 15 36 45 21 0 0 11 0 0 19 19 0 0 109 73 58 0 22 0 17 31 68 42 19 
P4692 2093 1 53 55 47 24 0 0 0 0 0 28 0 62 0 33 0 66 22 34 31 0 0 5 0 0 0 0 0 20 66 59 72 
P4692 2093 2 62 34 0 0 0 0 0 0 0 0 17 0 0 0 28 0 32 26 29 47 34 31 0 0 0 14 22 24 -999 -999 -999 
P4692 2093 3 13 6 0 0 0 14 0 0 28 0 69 31 0 0 0 0 0 0 0 0 0 0 11 0 0 37 37 33 11 0 0 
P4692 2093 4 0 0 0 0 0 0 0 0 23 0 12 0 0 0 40 36 0 0 19 0 0 20 0 20 0 33 37 36 0 26 -999 
P4692 2093 5 0 0 47 0 0 6 0 0 0 0 0 0 0 0 0 0 17 17 0 0 20 0 0 0 0 0 11 0 0 0 0 
P4692 2093 6 0 0 12 0 0 0 0 0 0 0 0 0 0 0 0 0 0 0 0 0 0 0 0 0 0 0 0 0 0 0 -999 
P4692 2093 7 0 0 0 0 0 0 0 0 13 0 0 0 0 0 0 0 0 0 0 0 0 0 0 0 0 24 0 0 0 0 0 
P4692 2093 8 0 0 0 0 0 0 21 0 0 0 0 0 0 0 0 0 0 19 24 0 0 0 0 0 0 0 0 20 0 0 0 
P4692 2093 9 0 0 0 0 28 0 0 0 0 0 0 0 0 0 0 0 0 0 0 0 0 0 0 0 0 0 0 0 0 0 -999 
P4692 2093 10 0 0 0 0 10 0 0 0 0 0 0 25 44 0 32 77 67 39 0 0 0 0 0 0 0 15 10 0 0 7 16 
P4692 2093 11 35 28 0 0 3 0 0 0 0 9 11 0 0 6 0 0 0 0 0 12 0 0 13 0 0 0 0 0 0 0 -999 
P4692 2093 12 0 0 0 0 0 0 0 0 0 0 0 0 13 0 0 0 0 0 0 9 0 0 5 0 0 0 0 0 0 0 0 
P4692 2094 1 0 0 0 0 0 0 0 0 16 18 8 5 0 0 0 0 26 59 62 44 0 78 92 101 90 53 37 85 22 63 25 
P4692 2094 2 40 29 0 73 15 6 3 3 9 1 0 0 0 0 0 0 0 0 0 0 6 0 0 0 0 0 0 0 -999 -999 -999 
P4692 2094 3 0 0 0 0 0 8 0 1 0 0 0 0 0 0 0 0 10 0 0 27 0 0 0 0 0 0 23 0 0 69 56 
P4692 2094 4 100 96 61 12 13 28 51 42 0 0 24 0 0 0 0 0 0 8 0 0 0 36 0 0 0 0 0 0 0 0 -999 
P4692 2094 5 0 0 0 0 0 0 0 0 0 0 0 0 0 0 0 0 0 0 0 0 0 0 0 0 0 13 0 0 0 0 0 
P4692 2094 6 0 0 0 0 0 0 0 0 0 0 0 21 0 0 0 0 0 0 0 10 0 0 0 0 0 0 0 0 0 0 -999 
P4692 2094 7 0 0 0 0 0 0 0 0 0 0 0 0 0 0 0 0 0 0 0 0 0 0 0 0 0 0 0 0 0 0 0 
P4692 2094 8 0 0 0 0 0 0 0 0 0 0 0 0 0 0 0 0 0 17 0 0 13 0 0 0 0 0 0 0 17 0 0 
P4692 2094 9 0 0 0 0 0 0 0 0 0 0 0 0 0 0 0 0 0 0 0 0 0 0 0 0 0 0 0 0 0 0 -999 
P4692 2094 10 0 0 16 0 19 0 28 0 0 9 0 0 0 0 16 0 16 0 31 27 34 0 47 38 22 30 55 0 8 0 0 
P4692 2094 11 0 0 0 0 0 0 6 12 0 0 20 0 0 67 24 11 0 25 0 0 19 0 0 0 0 21 0 0 0 0 -999 
P4692 2094 12 0 6 6 0 2 0 0 3 0 0 0 0 9 0 0 0 0 15 24 0 0 0 0 4 0 0 2 0 0 0 16 
P4692 2095 1 42 35 55 73 44 18 0 60 63 19 0 17 0 0 26 0 0 0 0 0 0 0 0 25 50 61 0 48 16 0 21 
P4692 2095 2 22 19 0 12 9 0 14 14 10 0 0 0 0 0 0 0 0 0 0 0 12 0 0 0 0 0 0 0 -999 -999 -999 
P4692 2095 3 0 0 0 0 0 0 0 0 13 0 10 6 0 0 0 0 0 0 0 0 0 0 0 0 0 0 0 0 45 28 0 
P4692 2095 4 34 56 70 25 10 5 5 0 0 0 32 0 0 0 26 24 0 0 0 0 0 49 38 41 0 0 0 0 0 0 -999 
P4692 2095 5 0 0 0 0 10 10 0 0 0 0 0 0 0 0 0 0 0 0 0 0 0 0 0 0 0 0 0 0 0 0 0 
P4692 2095 6 11 15 0 0 0 0 23 28 23 0 0 0 0 27 0 0 28 0 0 31 0 0 0 0 0 0 0 0 0 0 -999 
P4692 2095 7 23 0 0 0 0 0 0 0 0 0 26 0 17 0 0 24 0 0 0 0 0 0 0 0 0 0 19 0 0 0 0 
P4692 2095 8 0 0 0 0 0 0 0 0 0 0 0 0 0 0 0 0 0 0 0 0 0 0 0 0 0 0 0 0 0 0 0 
P4692 2095 9 0 0 0 0 0 0 0 0 0 0 0 0 29 21 0 0 16 14 0 0 0 0 0 0 0 0 0 0 0 0 -999 
P4692 2095 10 0 0 16 0 0 0 0 19 0 0 0 0 0 0 0 0 47 16 0 0 11 0 0 0 0 0 0 0 1 0 0 
P4692 2095 11 0 0 0 0 20 0 0 0 31 0 0 26 21 0 11 21 32 10 0 0 36 59 52 56 33 0 0 0 0 0 -999 
P4692 2095 12 0 0 0 0 0 4 13 47 53 32 0 0 0 0 55 32 14 12 12 0 0 0 10 0 77 101 52 22 0 0 24 
P4692 2096 1 42 3 6 0 38 0 0 0 57 53 27 0 0 0 29 0 3 3 2 0 0 0 0 0 0 0 0 7 0 0 6 
P4692 2096 2 11 0 0 0 15 10 7 0 0 0 0 0 8 26 52 25 6 0 0 0 0 0 0 0 0 13 0 0 -999 -999 -999 
P4692 2096 3 0 0 0 8 0 0 7 0 0 10 0 0 0 0 4 0 0 0 0 0 35 70 78 14 6 19 0 45 41 0 0 
P4692 2096 4 0 0 0 0 0 0 12 7 0 0 0 0 0 0 0 0 0 0 0 22 14 0 13 0 0 0 0 0 0 0 -999 
P4692 2096 5 0 0 0 0 0 0 26 0 10 0 0 0 18 0 0 0 0 0 0 0 0 0 0 0 0 25 20 0 15 0 0 
P4692 2096 6 0 0 17 0 0 0 22 0 0 0 0 0 0 13 20 0 0 0 0 0 0 0 0 0 0 0 0 0 0 0 -999 
P4692 2096 7 0 48 0 0 0 0 0 0 0 0 0 0 0 0 0 0 0 0 0 0 0 0 0 0 18 0 0 0 0 0 0 
P4692 2096 8 0 0 0 0 0 0 0 0 0 0 10 0 0 0 0 0 0 0 0 0 0 0 0 0 0 0 0 0 0 0 0 
P4692 2096 9 0 0 0 0 0 0 0 0 0 0 0 0 0 0 0 0 0 0 0 0 0 22 20 15 0 0 0 0 0 0 -999 
P4692 2096 10 0 0 0 0 0 0 0 0 0 0 0 0 0 0 0 0 0 42 37 33 0 30 0 7 3 0 0 0 0 0 0 
P4692 2096 11 0 0 0 0 0 0 0 0 0 0 0 0 0 0 0 1 0 0 0 0 0 0 7 0 0 0 0 0 0 0 -999 
P4692 2096 12 0 0 0 0 0 0 3 0 0 0 14 21 14 26 29 0 0 41 0 0 0 0 0 29 0 0 0 0 0 0 11 
P4692 2097 1 14 0 0 0 2 0 0 0 0 0 0 0 4 0 0 0 0 0 0 0 0 0 0 2 38 31 29 0 0 21 0 
P4692 2097 2 13 0 0 0 22 0 0 0 0 1 0 0 3 0 0 6 0 0 13 0 4 0 0 0 12 0 23 0 -999 -999 -999 
P4692 2097 3 15 33 46 20 9 30 14 3 15 0 0 0 0 0 0 0 0 0 0 0 0 0 0 0 28 34 0 9 26 0 0 
P4692 2097 4 0 0 0 0 0 0 0 43 31 22 26 30 45 33 20 0 0 0 0 23 11 7 6 39 20 0 0 0 0 0 -999 
P4692 2097 5 0 10 0 0 28 0 24 13 0 0 0 0 0 0 0 0 22 17 21 37 0 0 29 20 0 4 0 0 0 0 0 
P4692 2097 6 0 0 52 0 0 0 0 0 0 0 0 0 0 0 0 0 0 0 0 0 23 0 0 20 0 0 0 0 17 0 -999 
P4692 2097 7 0 0 0 0 0 0 0 0 0 0 0 0 0 0 0 0 0 0 0 0 0 0 0 0 0 0 0 0 0 0 0 
P4692 2097 8 0 0 0 0 0 0 0 0 0 0 0 0 0 0 0 0 0 0 0 0 0 0 0 0 0 0 0 0 0 0 0 
P4692 2097 9 0 0 0 0 0 0 0 0 0 0 0 0 0 0 0 13 0 0 0 0 0 0 0 0 0 0 0 0 0 0 -999 
P4692 2097 10 21 0 0 0 0 0 0 0 0 0 0 0 0 0 0 0 50 51 15 9 0 12 13 4 0 0 0 3 0 0 0 
P4692 2097 11 0 0 7 9 8 0 0 0 0 0 0 0 0 0 0 10 5 2 0 0 0 0 9 4 0 0 0 0 0 0 -999 
P4692 2097 12 18 0 5 0 0 0 0 0 0 0 0 0 0 0 0 0 0 0 0 0 0 0 0 0 0 0 0 0 0 24 27 
P4692 2098 1 38 0 16 0 64 27 0 0 0 0 0 0 0 10 0 6 7 0 12 45 31 27 0 0 0 0 0 0 0 0 0 
P4692 2098 2 0 9 0 8 0 0 0 20 26 43 28 36 24 0 22 10 0 0 19 0 0 0 34 0 0 0 17 0 -999 -999 -999 
P4692 2098 3 0 0 11 0 0 28 14 0 0 0 0 0 0 0 0 22 0 0 6 5 0 0 0 0 0 21 0 22 0 0 0 
P4692 2098 4 0 0 0 0 18 0 35 0 0 0 0 0 0 0 3 0 0 0 0 0 0 0 52 15 0 0 0 0 0 0 -999 
P4692 2098 5 0 0 0 0 0 0 32 32 0 48 60 49 24 17 17 23 0 10 0 0 0 21 0 39 33 23 0 0 0 0 0 
P4692 2098 6 0 0 0 0 0 0 0 0 0 0 16 24 0 0 0 0 0 0 0 0 0 0 0 0 0 0 0 0 0 0 -999 
P4692 2098 7 0 0 23 0 0 0 0 0 0 0 0 0 0 21 0 0 0 0 0 0 0 0 0 0 0 0 0 0 0 0 0 
P4692 2098 8 0 0 0 0 0 0 0 0 0 0 0 0 0 0 0 0 0 0 0 0 0 0 0 0 0 0 0 0 0 0 0 
P4692 2098 9 29 0 0 0 0 0 0 0 0 0 0 0 0 0 22 0 0 0 0 0 0 0 19 0 0 0 0 0 0 0 -999 
P4692 2098 10 0 0 13 0 3 0 0 0 0 0 0 0 0 0 0 0 38 38 15 7 11 0 0 10 18 32 42 25 0 13 28 
P4692 2098 11 0 0 0 0 0 0 0 0 12 0 12 21 0 30 22 18 17 0 56 0 0 31 22 0 0 0 0 0 0 0 -999 
P4692 2098 12 0 0 0 0 0 0 0 0 0 0 0 0 0 0 0 0 0 0 0 29 26 0 0 0 33 13 0 0 0 0 0 
P4692 2099 1 0 12 0 0 0 1 0 6 12 0 36 21 28 3 2 10 30 15 4 12 23 33 77 0 0 17 9 0 0 0 0 
P4692 2099 2 0 0 0 26 12 0 0 0 0 0 0 0 0 0 5 0 0 0 0 0 0 0 32 64 82 24 17 0 -999 -999 -999 
P4692 2099 3 57 68 76 76 0 13 0 0 0 11 0 0 0 32 0 24 28 75 98 96 0 0 0 0 0 0 0 9 0 14 19 
P4692 2099 4 19 0 0 6 9 0 0 0 0 0 0 0 0 0 0 0 0 6 0 0 0 0 0 0 26 18 0 34 22 0 -999 
P4692 2099 5 40 16 11 11 0 17 0 9 0 0 5 0 0 0 19 0 0 0 0 0 0 0 0 34 0 0 0 0 0 24 0 
P4692 2099 6 0 0 0 0 0 0 0 0 0 0 0 0 0 0 0 0 0 21 17 17 20 0 0 0 0 0 0 0 0 0 -999 
P4692 2099 7 0 0 0 0 0 0 0 0 0 0 0 0 0 0 0 0 0 0 21 0 0 0 0 0 0 0 0 0 0 0 0 
P4692 2099 8 0 0 0 0 0 0 0 0 0 0 0 0 0 0 0 0 0 0 0 0 0 0 0 0 0 0 0 0 0 0 0 
P4692 2099 9 0 0 0 0 0 30 0 0 0 0 0 0 0 0 0 0 0 0 0 0 0 0 0 0 14 0 0 0 0 0 -999 
P4692 2099 10 11 0 0 0 0 0 0 0 32 34 0 43 0 0 0 0 0 0 0 0 0 0 0 0 0 33 22 16 14 0 0 
P4692 2099 11 0 19 0 0 8 0 0 9 0 0 0 25 14 18 0 0 0 4 2 5 6 10 0 25 20 0 33 37 0 10 -999 
P4692 2099 12 0 0 0 0 0 39 0 19 0 0 0 0 0 0 0 0 0 9 0 15 0 0 0 0 80 123 132 104 0 36 0 
P4692 2100 1 0 0 0 0 0 0 0 20 14 0 62 103 92 33 0 0 10 0 0 0 0 0 0 0 0 0 0 0 0 0 11 
P4692 2100 2 16 0 46 0 0 0 0 0 0 50 28 0 0 0 0 20 0 0 26 25 0 0 0 0 0 0 0 0 -999 -999 -999 
P4692 2100 3 0 0 43 0 18 16 0 0 0 27 0 0 0 20 9 0 0 0 0 0 28 37 0 27 0 33 31 20 0 0 0 
P4692 2100 4 0 29 27 15 0 8 11 8 7 18 35 69 0 31 29 27 18 23 17 20 0 0 0 2 0 0 0 0 0 0 -999 
P4692 2100 5 0 0 0 0 0 0 0 0 0 0 8 0 0 0 0 16 0 30 0 27 21 17 26 29 39 23 12 12 0 0 0 
P4692 2100 6 0 0 21 0 15 0 7 0 0 0 0 0 0 0 0 0 0 0 0 0 0 0 0 0 0 31 0 0 0 0 -999 
P4692 2100 7 0 0 0 0 0 0 0 0 0 0 0 0 0 0 0 0 0 0 0 0 26 0 0 0 0 0 0 0 18 0 0 
P4692 2100 8 0 0 0 0 0 0 0 0 0 0 0 0 0 0 0 0 0 0 0 0 0 0 0 0 0 0 0 0 0 0 0 
P4692 2100 9 0 0 0 0 0 0 12 0 0 0 0 0 19 0 0 0 0 0 0 0 0 0 0 0 28 0 0 0 0 0 -999 
P4692 2100 10 17 0 0 0 0 0 34 29 0 25 0 0 25 32 0 0 0 19 0 11 0 40 55 0 0 0 0 0 25 0 9 
P4692 2100 11 0 0 0 32 34 61 29 24 56 51 12 38 43 0 84 66 46 49 0 33 18 35 41 53 27 0 0 6 0 0 -999 
P4692 2100 12 0 8 0 0 19 7 0 0 0 0 0 0 0 0 0 0 0 1 0 0 0 6 9 0 0 5 0 0 5 0 0 
