precip	MIROC5	RCP60	REGRESION	decimas	1
P8355	39.832	-0.788	182	geo	2006	2100	-1
P8355 2006 1 0 0 18 14 0 19 0 0 16 0 0 26 63 0 9 23 0 0 0 5 0 0 0 0 7 0 0 16 0 24 0 
P8355 2006 2 0 29 35 0 0 0 0 0 0 0 0 14 28 29 0 0 8 0 1 0 28 0 0 0 0 0 0 0 -999 -999 -999 
P8355 2006 3 0 14 0 20 0 36 37 55 26 27 75 0 0 26 24 0 55 0 12 5 0 9 11 0 0 0 0 10 17 0 36 
P8355 2006 4 0 5 0 0 0 0 0 75 49 0 0 0 0 15 11 12 16 14 0 0 0 0 11 0 20 0 72 54 0 42 -999 
P8355 2006 5 25 0 0 16 10 0 18 19 0 0 0 6 0 0 0 9 17 11 0 0 0 0 0 11 11 0 17 0 0 0 0 
P8355 2006 6 0 0 0 0 0 0 0 0 25 0 30 0 20 0 0 20 0 0 0 18 0 0 19 26 0 0 0 0 0 32 -999 
P8355 2006 7 0 0 12 0 0 35 29 25 0 2 5 0 0 0 0 0 0 0 22 0 0 0 0 0 0 0 0 0 0 0 0 
P8355 2006 8 0 0 13 0 0 25 35 0 0 0 0 0 31 23 0 0 0 0 16 24 0 0 0 0 0 11 0 0 0 21 0 
P8355 2006 9 13 20 0 17 0 0 0 12 0 0 0 3 0 0 0 0 19 0 0 4 0 0 20 0 0 6 0 5 0 0 -999 
P8355 2006 10 0 0 0 0 0 0 0 0 0 0 16 0 0 0 0 35 18 7 0 0 0 0 0 0 13 0 0 6 2 0 0 
P8355 2006 11 0 7 0 0 0 0 0 0 0 0 0 0 2 0 7 6 0 2 0 0 15 15 20 72 0 21 6 0 0 0 -999 
P8355 2006 12 0 0 0 9 0 0 21 41 50 35 44 50 45 17 0 19 15 0 0 0 0 35 53 0 0 0 8 0 0 0 0 
P8355 2007 1 0 0 0 0 0 0 0 0 0 0 0 0 0 4 0 0 0 2 16 40 48 0 16 0 0 45 30 13 12 17 0 
P8355 2007 2 0 7 0 0 0 14 14 84 119 55 28 20 19 6 8 0 0 0 29 48 57 40 0 60 68 0 0 0 -999 -999 -999 
P8355 2007 3 0 22 34 32 39 28 27 26 0 21 18 46 78 42 0 25 15 4 0 0 0 28 0 0 0 0 15 14 0 0 0 
P8355 2007 4 0 0 0 0 11 0 0 0 0 0 0 0 29 14 13 0 24 30 0 0 20 53 30 14 0 23 27 16 0 0 -999 
P8355 2007 5 0 0 0 0 0 0 23 0 0 0 0 0 0 24 12 0 0 31 25 0 18 0 0 0 0 0 0 0 0 26 0 
P8355 2007 6 45 0 0 31 0 0 52 20 13 0 15 0 0 36 0 0 0 0 0 26 0 18 34 0 0 0 0 0 26 0 -999 
P8355 2007 7 0 0 0 0 0 10 0 0 0 24 0 0 0 0 0 0 0 22 0 0 0 19 0 0 0 0 0 0 0 0 15 
P8355 2007 8 0 0 0 19 0 0 0 0 0 0 0 0 0 14 0 19 23 0 0 22 12 0 0 0 35 0 20 22 0 22 0 
P8355 2007 9 2 0 0 0 0 0 0 0 0 0 0 0 0 0 0 19 0 9 0 0 11 16 0 14 0 0 11 9 0 0 -999 
P8355 2007 10 0 0 0 0 0 0 0 13 0 0 43 31 32 14 0 0 0 23 0 0 18 30 0 0 0 0 0 0 0 0 0 
P8355 2007 11 0 0 5 0 0 0 0 0 0 0 0 0 0 0 5 0 4 0 4 0 0 0 0 0 0 0 12 34 44 0 -999 
P8355 2007 12 0 0 18 32 38 52 40 0 0 0 0 0 0 0 0 0 20 44 0 0 18 0 0 6 0 0 0 2 0 0 4 
P8355 2008 1 0 14 34 0 0 0 0 0 0 38 0 36 24 20 28 28 26 0 0 0 5 6 0 0 0 0 0 7 0 11 13 
P8355 2008 2 0 9 18 0 0 0 8 0 0 0 24 16 0 4 0 0 9 0 37 10 11 10 20 0 38 34 0 0 -999 -999 -999 
P8355 2008 3 61 43 10 0 0 0 0 0 0 0 15 18 0 0 0 0 0 0 4 0 0 0 0 0 0 0 0 0 2 0 0 
P8355 2008 4 0 0 22 42 76 41 0 2 0 0 0 0 0 0 44 0 28 0 0 18 0 11 0 0 0 0 0 0 32 0 -999 
P8355 2008 5 35 24 0 0 27 50 35 13 0 0 37 0 0 22 11 0 0 0 23 51 0 0 0 0 0 0 0 11 0 0 0 
P8355 2008 6 0 14 0 0 25 36 0 0 0 0 0 0 8 0 0 6 0 0 11 0 0 0 0 0 0 0 0 0 0 0 -999 
P8355 2008 7 0 0 0 18 23 0 0 0 0 0 25 20 28 0 0 16 0 0 6 13 0 0 0 0 0 0 0 14 0 0 0 
P8355 2008 8 29 0 12 16 0 0 0 0 0 19 0 0 0 0 5 0 0 0 0 0 14 0 0 0 0 0 16 0 0 0 0 
P8355 2008 9 0 6 0 0 0 0 0 0 21 23 0 17 0 0 5 0 17 14 18 0 0 0 0 18 0 0 11 0 19 0 -999 
P8355 2008 10 8 0 0 13 0 0 12 21 0 0 23 18 0 15 17 0 0 15 0 21 0 14 0 0 0 0 13 0 23 14 0 
P8355 2008 11 11 11 26 42 0 0 0 4 0 0 0 32 0 0 0 0 2 0 0 0 0 0 0 0 0 0 8 0 0 0 -999 
P8355 2008 12 0 0 0 0 0 0 0 42 24 0 20 0 3 0 15 9 0 0 5 0 0 0 0 0 0 0 0 4 9 0 0 
P8355 2009 1 6 4 0 0 5 4 0 6 0 0 0 0 27 11 0 0 5 0 0 0 0 0 0 0 0 14 0 0 0 0 0 
P8355 2009 2 0 0 13 16 33 23 0 9 0 0 5 0 0 0 0 0 0 0 0 1 0 0 7 20 24 22 7 7 -999 -999 -999 
P8355 2009 3 39 67 49 21 0 0 3 12 44 56 31 22 18 18 45 18 7 0 0 1 0 0 0 0 10 38 21 41 18 19 0 
P8355 2009 4 13 61 54 17 33 0 0 0 0 0 9 36 0 0 28 0 0 0 0 16 57 59 24 21 0 9 0 0 0 35 -999 
P8355 2009 5 0 0 0 0 34 38 0 0 12 22 33 0 0 0 0 0 14 20 35 0 0 0 0 0 23 0 0 22 0 0 21 
P8355 2009 6 27 0 0 0 0 0 25 14 0 0 10 11 0 0 28 32 0 14 0 0 0 0 0 0 0 0 0 0 0 27 -999 
P8355 2009 7 0 28 0 0 0 0 0 0 0 0 0 22 0 0 0 0 15 0 0 0 0 0 0 0 0 0 0 0 0 0 0 
P8355 2009 8 0 0 0 0 0 0 0 0 0 30 0 0 0 0 0 0 0 0 0 0 0 18 0 0 0 0 13 0 28 0 0 
P8355 2009 9 0 0 0 0 0 0 9 0 0 0 0 16 22 0 19 0 0 0 0 26 0 0 11 0 0 9 0 0 0 12 -999 
P8355 2009 10 13 22 0 0 0 0 0 0 0 0 0 0 0 17 21 32 0 29 0 0 0 0 0 0 6 0 0 0 5 0 0 
P8355 2009 11 4 0 0 6 0 0 0 0 0 0 0 2 0 0 0 8 8 0 0 5 0 0 0 0 0 32 24 0 0 0 -999 
P8355 2009 12 0 0 0 0 0 0 0 0 10 20 14 4 0 0 0 0 0 0 23 25 0 0 0 0 6 0 19 16 0 4 0 
P8355 2010 1 0 0 22 45 19 24 23 14 14 0 0 0 17 16 10 14 0 0 0 0 0 0 0 0 0 0 0 0 0 22 0 
P8355 2010 2 0 10 0 12 0 23 29 0 0 0 0 0 0 0 7 0 0 0 0 0 0 0 0 0 10 0 0 0 -999 -999 -999 
P8355 2010 3 0 0 0 0 0 29 60 78 64 33 34 28 0 0 0 9 0 0 32 86 71 13 0 0 0 0 0 0 0 9 8 
P8355 2010 4 11 0 16 0 0 0 0 0 28 32 0 45 43 25 0 57 49 0 14 16 37 0 24 4 20 28 16 8 0 0 -999 
P8355 2010 5 17 0 0 47 45 0 18 18 0 0 39 51 25 0 0 32 32 0 0 0 0 0 0 0 27 53 29 0 0 0 24 
P8355 2010 6 32 0 21 0 18 0 9 12 0 0 27 54 0 27 0 0 0 0 9 0 0 0 0 0 0 0 26 0 0 0 -999 
P8355 2010 7 0 0 0 10 0 21 0 0 30 0 0 0 18 11 0 0 15 0 0 0 0 19 0 0 0 0 0 18 19 24 0 
P8355 2010 8 0 0 0 0 0 17 23 0 0 0 0 0 0 0 0 0 0 0 0 0 0 0 0 0 25 0 0 0 0 0 0 
P8355 2010 9 0 0 21 0 0 0 0 0 25 39 23 0 33 0 0 7 7 17 19 0 0 0 18 0 0 0 0 0 0 0 -999 
P8355 2010 10 0 0 0 0 0 0 9 0 0 0 0 0 9 0 5 0 15 0 4 0 25 25 0 0 0 0 0 0 0 2 0 
P8355 2010 11 1 0 7 5 0 0 0 0 0 0 0 0 0 8 9 10 0 0 2 0 0 0 0 0 0 0 0 0 0 5 -999 
P8355 2010 12 0 0 8 0 16 0 8 12 0 0 0 6 0 36 0 0 0 0 0 0 0 0 5 0 0 5 0 0 0 0 0 
P8355 2011 1 0 0 0 0 0 0 0 0 0 10 0 0 0 0 0 0 0 0 0 0 0 13 20 26 5 0 0 0 0 0 0 
P8355 2011 2 0 2 2 5 0 8 0 0 0 0 0 0 0 0 0 0 0 8 10 9 0 0 0 10 0 0 0 51 -999 -999 -999 
P8355 2011 3 50 29 0 46 44 25 0 0 0 20 33 36 0 31 34 49 74 16 0 12 15 31 0 30 15 0 28 0 0 0 0 
P8355 2011 4 0 0 0 0 20 0 20 23 36 0 30 0 35 23 10 0 0 53 41 37 0 0 7 0 5 0 0 0 0 0 -999 
P8355 2011 5 15 0 0 10 0 0 16 0 0 0 0 0 0 20 0 0 0 0 0 0 0 22 0 0 0 29 31 26 0 0 0 
P8355 2011 6 0 0 0 0 0 0 0 0 25 40 0 27 37 0 0 19 10 8 0 0 23 32 27 0 25 0 26 0 0 17 -999 
P8355 2011 7 0 7 5 0 19 0 16 13 0 0 0 0 0 0 16 0 0 0 0 0 0 0 0 0 11 12 0 0 19 0 0 
P8355 2011 8 0 0 0 0 0 0 0 0 0 0 13 10 0 13 0 0 0 0 0 0 0 0 0 0 0 0 0 0 16 18 0 
P8355 2011 9 22 0 0 0 0 0 0 0 31 27 0 0 0 9 0 0 0 0 0 0 10 0 0 0 0 0 0 0 0 18 -999 
P8355 2011 10 0 0 0 0 0 0 0 0 0 0 14 0 0 0 0 13 8 9 0 0 15 0 46 0 0 0 0 0 27 37 55 
P8355 2011 11 0 8 0 3 12 24 97 0 15 0 0 0 63 0 6 0 43 43 0 0 0 0 34 61 0 0 0 0 0 0 -999 
P8355 2011 12 0 0 0 55 22 0 0 0 6 0 0 3 0 0 0 0 0 8 8 11 17 0 12 0 0 0 0 0 0 0 0 
P8355 2012 1 6 0 3 0 0 0 0 0 0 0 11 0 0 0 0 0 4 0 0 18 0 0 0 0 19 13 0 0 0 0 6 
P8355 2012 2 0 14 44 32 9 0 6 0 0 0 0 0 0 0 0 0 0 0 11 0 41 26 0 9 15 18 0 7 -999 -999 -999 
P8355 2012 3 0 0 62 95 42 0 0 0 0 4 0 2 0 7 7 0 0 32 0 40 42 0 18 0 15 0 0 0 0 0 0 
P8355 2012 4 0 11 12 0 0 0 0 0 7 0 0 0 33 59 26 0 26 0 27 21 0 0 0 0 37 41 57 33 13 19 -999 
P8355 2012 5 0 0 0 28 16 0 61 47 0 25 21 0 0 27 13 13 0 0 0 0 13 0 16 22 35 18 14 0 0 0 0 
P8355 2012 6 0 0 9 5 0 0 0 0 37 0 30 28 23 39 18 0 0 0 15 0 0 0 14 0 14 0 0 20 0 0 -999 
P8355 2012 7 4 0 0 0 0 0 0 0 0 0 0 0 0 0 0 0 0 0 0 0 0 0 23 0 0 0 9 0 0 0 0 
P8355 2012 8 20 0 0 0 0 0 0 0 0 0 0 9 0 0 0 0 0 16 0 0 18 0 16 0 0 23 0 11 17 0 0 
P8355 2012 9 0 10 14 0 0 0 0 13 13 0 0 0 0 0 0 0 13 0 0 0 0 0 0 0 0 0 26 24 0 0 -999 
P8355 2012 10 0 11 0 6 0 0 0 0 22 20 38 0 0 0 10 0 0 0 0 0 0 37 0 0 0 0 18 0 0 0 2 
P8355 2012 11 2 6 0 24 0 0 0 0 0 0 0 0 0 0 0 0 0 0 0 18 0 0 0 0 10 0 0 15 17 27 -999 
P8355 2012 12 0 0 21 0 23 61 34 11 0 0 12 10 0 36 9 19 13 17 12 2 0 0 0 0 0 0 0 0 0 0 31 
P8355 2013 1 24 0 18 0 0 0 2 0 0 0 0 0 0 0 0 0 0 0 4 0 0 0 0 0 0 0 0 0 0 0 0 
P8355 2013 2 0 0 0 0 0 0 0 0 0 0 2 0 16 28 0 10 15 24 0 0 0 14 10 11 12 19 0 0 -999 -999 -999 
P8355 2013 3 19 0 0 0 0 7 21 82 53 39 44 25 26 0 0 0 20 0 9 10 23 42 0 0 17 16 0 0 0 38 50 
P8355 2013 4 56 64 0 0 0 0 9 0 0 0 0 0 23 0 24 32 17 15 15 0 0 14 13 0 52 22 0 0 11 0 -999 
P8355 2013 5 0 0 0 24 14 6 0 34 0 22 17 15 0 0 0 34 0 0 14 23 8 0 0 0 0 0 0 0 0 0 28 
P8355 2013 6 33 0 0 0 0 27 0 0 44 0 0 20 24 0 0 11 12 15 0 0 0 0 0 0 0 52 57 0 0 0 -999 
P8355 2013 7 19 18 18 14 0 0 0 21 0 0 0 0 0 23 0 0 15 0 4 15 0 0 0 0 0 0 0 0 26 0 26 
P8355 2013 8 0 0 25 29 33 29 20 0 0 0 0 9 0 6 0 0 0 0 0 0 0 0 23 0 0 0 0 0 0 16 0 
P8355 2013 9 8 13 0 0 0 0 0 0 0 0 19 0 0 0 0 0 0 0 0 0 0 21 0 0 0 0 0 8 0 0 -999 
P8355 2013 10 0 0 0 0 0 0 0 0 13 0 0 0 0 0 0 20 23 0 0 0 0 3 0 0 0 8 10 0 0 0 0 
P8355 2013 11 5 5 0 0 0 6 0 0 14 7 31 19 0 0 0 0 0 66 74 43 0 0 28 34 0 13 0 22 0 0 -999 
P8355 2013 12 0 0 0 0 4 0 14 0 0 0 0 0 0 8 0 3 0 6 0 0 0 0 0 17 0 13 0 19 0 0 20 
P8355 2014 1 22 0 0 0 0 0 6 0 9 0 0 0 0 0 0 0 0 0 0 0 0 0 0 0 0 23 34 49 130 38 34 
P8355 2014 2 28 0 0 0 2 0 0 0 0 6 0 4 0 0 0 0 0 11 0 0 0 9 0 12 13 0 0 37 -999 -999 -999 
P8355 2014 3 38 44 46 0 0 0 0 0 0 0 0 31 44 0 34 17 0 0 39 8 0 31 0 0 13 18 0 24 0 0 25 
P8355 2014 4 32 27 0 0 73 41 0 25 32 40 0 0 15 19 66 34 27 8 0 0 0 0 0 0 46 0 0 31 0 0 -999 
P8355 2014 5 0 0 0 23 18 0 2 0 12 0 0 15 21 26 25 33 0 0 0 0 25 28 20 13 0 23 29 0 0 36 0 
P8355 2014 6 4 0 0 24 0 11 18 19 0 0 0 0 0 0 0 0 0 0 0 0 0 0 25 27 27 24 0 21 0 0 -999 
P8355 2014 7 0 0 0 0 0 0 0 0 0 0 0 0 26 0 0 16 0 0 0 19 0 0 0 0 0 0 0 0 0 0 0 
P8355 2014 8 0 0 16 0 0 0 0 0 0 17 18 0 0 0 15 0 0 10 0 0 0 16 0 0 0 0 17 0 0 0 0 
P8355 2014 9 0 0 0 0 11 0 0 16 0 0 0 20 0 0 34 0 17 0 0 12 0 20 0 0 6 0 0 0 42 0 -999 
P8355 2014 10 17 22 0 0 24 17 6 0 0 0 0 11 14 15 8 4 0 0 0 9 0 8 0 0 24 19 24 0 0 0 8 
P8355 2014 11 0 0 4 0 0 8 8 0 0 0 0 0 0 0 0 0 0 20 0 5 0 0 6 0 0 0 0 0 0 0 -999 
P8355 2014 12 0 0 0 0 0 3 0 4 0 0 0 0 0 0 0 1 0 0 0 0 0 4 0 7 8 0 9 0 0 0 3 
P8355 2015 1 1 0 0 0 19 16 0 29 47 0 20 0 0 0 0 0 0 0 0 0 0 0 0 0 0 8 0 0 0 0 1 
P8355 2015 2 10 0 0 0 0 0 0 0 0 0 9 0 0 0 0 0 0 0 0 0 0 0 0 0 20 27 0 23 -999 -999 -999 
P8355 2015 3 20 30 14 0 0 0 11 0 43 48 0 0 15 22 35 0 0 0 0 25 22 0 0 0 0 0 0 0 10 0 0 
P8355 2015 4 74 76 0 10 0 0 0 0 18 11 0 6 0 0 0 0 24 0 15 18 0 0 0 0 9 31 0 0 51 47 -999 
P8355 2015 5 0 16 0 11 8 0 0 7 0 8 0 0 16 0 0 0 0 0 0 12 11 0 0 0 0 0 0 38 32 0 10 
P8355 2015 6 14 19 0 33 41 0 0 15 0 0 11 0 11 0 0 19 0 3 0 17 23 0 0 0 26 0 0 18 0 32 -999 
P8355 2015 7 0 0 0 24 27 13 15 0 19 22 27 0 21 20 30 0 0 0 7 0 20 0 0 0 18 0 20 25 0 0 0 
P8355 2015 8 11 0 23 0 0 0 0 0 0 0 27 0 17 18 0 0 0 0 24 0 0 0 23 0 0 0 27 0 17 0 24 
P8355 2015 9 18 0 30 0 35 0 0 0 0 0 0 0 14 0 0 0 0 0 0 0 17 0 0 0 24 29 0 17 18 11 -999 
P8355 2015 10 0 8 0 0 0 25 0 11 0 0 0 0 0 0 0 28 19 0 15 16 19 0 0 29 26 0 0 0 0 0 0 
P8355 2015 11 0 0 0 4 0 18 0 0 22 18 0 0 12 30 32 14 4 0 15 11 0 10 0 0 0 0 0 0 0 13 -999 
P8355 2015 12 44 62 52 19 27 41 20 40 24 27 13 12 22 0 0 0 0 0 4 0 0 0 0 0 0 0 3 4 0 0 0 
P8355 2016 1 11 10 0 18 0 16 0 0 12 0 16 0 0 0 0 0 0 0 4 0 0 0 13 24 0 44 65 52 0 39 37 
P8355 2016 2 36 18 0 3 0 0 0 0 14 18 0 14 10 0 12 12 18 6 0 0 25 0 10 0 0 0 0 15 -999 -999 -999 
P8355 2016 3 20 28 54 52 0 28 0 0 56 20 31 39 37 74 72 36 0 0 32 28 0 45 42 47 36 23 39 0 0 10 0 
P8355 2016 4 0 7 0 0 8 18 32 0 0 0 25 22 0 0 30 0 0 0 0 0 0 4 0 40 26 27 42 53 44 0 -999 
P8355 2016 5 0 22 12 13 0 0 0 34 25 0 0 41 0 25 28 36 13 0 3 0 0 0 0 0 0 0 0 32 0 35 0 
P8355 2016 6 21 0 0 0 0 0 0 0 0 27 0 0 0 0 19 0 0 15 0 18 15 0 0 0 0 0 0 0 16 12 -999 
P8355 2016 7 0 0 0 0 0 0 12 0 0 9 0 19 0 0 0 0 0 0 23 0 0 0 0 0 0 0 0 0 0 0 0 
P8355 2016 8 13 26 0 0 0 0 0 0 0 23 0 0 0 0 0 0 0 0 0 0 0 0 0 0 0 44 57 64 0 0 0 
P8355 2016 9 18 0 30 0 14 0 0 13 6 0 0 0 0 0 0 0 0 0 0 18 0 0 0 0 0 0 0 0 0 19 -999 
P8355 2016 10 0 4 0 0 0 0 0 0 12 10 10 14 0 0 0 0 0 0 27 29 29 49 39 0 0 0 0 0 0 24 0 
P8355 2016 11 33 0 0 25 21 13 0 28 31 0 4 1 0 0 0 15 26 28 33 46 18 0 0 26 20 0 15 21 25 24 -999 
P8355 2016 12 0 0 0 11 0 0 0 0 2 5 10 0 44 54 0 0 0 0 0 0 9 22 11 0 6 13 26 0 24 16 0 
P8355 2017 1 0 12 0 0 0 0 0 0 0 0 0 0 30 103 105 26 0 0 0 8 0 0 0 0 0 0 3 0 0 0 0 
P8355 2017 2 0 0 0 0 0 0 0 0 6 0 0 0 0 0 0 0 0 5 0 0 0 0 8 0 0 0 8 5 -999 -999 -999 
P8355 2017 3 7 10 0 0 4 0 0 17 0 68 59 25 28 30 22 0 0 0 0 0 0 0 0 37 44 30 34 57 25 0 13 
P8355 2017 4 16 0 0 29 15 0 0 0 0 22 15 0 28 28 0 23 13 0 14 20 0 0 28 0 35 27 28 41 36 0 -999 
P8355 2017 5 30 0 0 0 15 12 0 14 0 26 38 0 0 22 0 0 18 15 19 0 0 22 0 11 21 0 0 0 0 0 0 
P8355 2017 6 0 0 0 24 0 20 17 0 19 17 0 0 0 0 0 41 44 0 0 0 31 0 0 0 0 0 19 0 0 0 -999 
P8355 2017 7 0 0 21 20 0 0 0 0 0 0 0 0 19 14 11 0 11 0 0 0 0 0 0 0 0 0 0 0 0 20 0 
P8355 2017 8 0 0 0 0 0 0 33 25 20 0 0 0 18 19 11 0 0 0 0 0 51 0 0 0 0 8 0 10 0 21 0 
P8355 2017 9 0 0 0 0 10 0 15 0 0 10 0 0 4 0 0 0 0 0 0 5 0 0 0 0 0 10 0 12 0 16 -999 
P8355 2017 10 5 0 0 0 0 11 18 0 25 0 0 0 0 0 23 24 10 0 0 0 7 16 0 0 0 12 23 61 42 24 0 
P8355 2017 11 0 0 17 43 12 0 6 0 13 0 0 15 63 40 54 21 12 0 19 0 0 0 7 1 0 0 0 0 0 0 -999 
P8355 2017 12 0 0 0 14 0 22 0 31 52 0 51 37 18 20 0 17 0 0 0 0 0 19 0 13 0 16 20 30 62 0 28 
P8355 2018 1 53 0 0 0 0 0 0 0 0 0 7 5 0 0 0 0 0 0 0 12 0 0 0 11 17 25 14 11 0 0 0 
P8355 2018 2 9 0 19 16 0 0 0 0 0 0 5 0 0 0 0 0 0 0 0 0 0 15 0 0 6 4 0 0 -999 -999 -999 
P8355 2018 3 0 0 0 0 12 0 10 0 27 0 0 46 58 57 39 26 26 35 36 0 19 0 10 0 27 0 23 16 0 10 0 
P8355 2018 4 0 0 12 14 0 10 0 6 0 0 0 0 0 0 8 0 8 7 0 0 0 21 0 32 37 45 25 12 0 24 -999 
P8355 2018 5 34 0 0 0 0 6 0 10 0 32 41 15 18 11 7 0 0 21 26 42 23 0 23 0 0 35 42 0 0 0 0 
P8355 2018 6 0 0 0 0 0 13 14 9 13 0 17 0 0 0 0 17 11 0 0 0 22 20 10 7 0 0 0 0 0 0 -999 
P8355 2018 7 25 0 34 18 0 12 0 12 0 0 0 0 0 0 0 0 0 0 0 0 20 0 0 22 0 0 0 0 0 0 18 
P8355 2018 8 0 21 21 0 0 0 0 0 0 0 0 0 0 0 27 30 21 19 26 0 10 0 0 12 15 0 0 0 26 0 0 
P8355 2018 9 0 0 0 0 0 0 21 0 0 0 0 0 11 13 0 15 0 0 0 11 0 0 15 0 0 13 0 0 10 0 -999 
P8355 2018 10 8 19 0 0 0 0 23 0 22 0 21 20 0 15 0 45 0 17 0 0 0 16 0 0 0 0 10 0 0 18 23 
P8355 2018 11 0 0 0 25 14 13 0 25 45 42 73 61 0 0 0 0 0 0 0 0 0 0 0 2 0 6 7 5 0 0 -999 
P8355 2018 12 9 9 29 14 12 0 0 0 0 4 0 25 66 60 49 35 23 14 7 2 2 0 0 8 0 0 0 3 0 20 11 
P8355 2019 1 0 0 0 0 0 0 0 28 0 3 0 11 0 0 25 28 42 63 33 34 0 0 0 5 0 24 26 0 6 18 39 
P8355 2019 2 0 8 0 6 15 0 14 0 12 0 31 0 39 0 0 0 0 27 21 17 7 0 2 24 23 0 0 0 -999 -999 -999 
P8355 2019 3 0 0 0 0 0 0 0 0 0 0 0 0 0 0 0 0 0 0 12 0 0 0 0 0 0 0 21 0 78 13 0 
P8355 2019 4 9 0 0 0 24 36 0 0 41 0 38 55 42 50 0 41 44 0 0 14 0 16 0 68 0 16 16 23 41 60 -999 
P8355 2019 5 44 0 27 0 17 18 0 25 39 0 17 25 0 0 0 10 0 0 0 0 0 0 0 0 0 0 0 0 0 0 20 
P8355 2019 6 24 0 0 0 0 0 36 35 29 0 24 0 0 11 8 0 0 12 12 0 13 0 0 0 0 0 0 17 0 38 -999 
P8355 2019 7 0 0 0 0 0 0 0 0 0 0 0 0 0 0 0 0 20 18 0 21 20 0 0 0 28 0 0 0 7 0 15 
P8355 2019 8 0 0 0 0 0 0 0 0 0 5 0 0 0 0 23 0 0 0 0 15 0 0 0 5 0 0 0 0 0 0 0 
P8355 2019 9 0 34 14 0 0 0 0 55 45 0 20 0 0 0 0 0 21 0 16 0 0 0 0 20 0 0 19 0 18 0 -999 
P8355 2019 10 0 0 0 0 30 20 0 0 0 0 0 0 24 10 0 0 0 0 0 0 0 0 0 0 9 0 0 0 8 0 0 
P8355 2019 11 25 11 0 0 0 10 0 0 0 0 0 0 0 0 5 0 0 0 17 33 65 0 46 26 56 34 20 0 0 0 -999 
P8355 2019 12 0 11 0 0 0 0 0 0 2 1 0 0 0 0 0 0 0 0 0 0 0 0 0 0 0 0 0 0 0 0 0 
P8355 2020 1 0 0 0 0 0 0 0 0 0 0 0 0 10 0 0 0 1 0 0 5 0 0 6 0 0 21 39 0 30 27 31 
P8355 2020 2 31 20 0 27 11 12 27 16 0 0 0 0 0 0 0 2 7 0 0 8 0 0 0 0 11 18 0 9 -999 -999 -999 
P8355 2020 3 0 5 0 0 6 5 0 1 0 0 0 0 0 0 0 0 0 0 0 13 0 10 0 0 27 0 0 35 40 35 0 
P8355 2020 4 42 44 43 0 18 15 18 21 0 0 0 0 0 0 0 14 0 18 12 27 28 22 0 0 0 0 0 16 7 0 -999 
P8355 2020 5 0 16 0 13 11 0 0 0 0 0 52 39 28 22 23 19 0 19 0 27 29 0 20 0 8 0 0 0 0 0 0 
P8355 2020 6 19 14 0 0 0 0 27 37 18 0 0 23 0 21 0 0 21 0 11 0 0 0 34 0 0 0 0 16 0 0 -999 
P8355 2020 7 19 0 0 10 0 0 0 0 0 0 0 0 18 0 0 0 24 0 0 0 0 24 0 28 0 0 0 0 0 0 0 
P8355 2020 8 0 0 0 0 0 0 0 0 0 0 0 0 0 0 0 0 15 0 0 21 18 0 0 0 0 0 0 0 12 18 22 
P8355 2020 9 24 0 0 0 14 0 0 15 9 0 0 7 0 0 0 16 0 0 0 0 0 0 17 0 0 0 0 8 0 0 -999 
P8355 2020 10 0 0 0 0 26 0 39 25 0 0 17 0 0 0 17 9 0 0 0 0 0 0 0 10 0 26 0 0 7 9 0 
P8355 2020 11 63 34 44 23 24 40 0 0 0 0 0 0 0 0 18 10 0 0 32 63 0 11 0 21 66 17 8 24 0 0 -999 
P8355 2020 12 16 0 4 0 0 0 0 0 0 0 0 0 0 0 0 0 0 4 0 11 15 31 22 16 8 0 0 0 0 12 0 
P8355 2021 1 0 0 13 0 32 11 0 9 0 0 0 0 0 0 0 0 0 0 0 0 7 9 17 11 10 0 0 0 0 16 0 
P8355 2021 2 0 0 0 0 11 0 0 0 11 0 0 3 0 10 6 0 0 5 0 11 0 0 17 6 0 0 0 0 -999 -999 -999 
P8355 2021 3 7 31 0 0 3 0 0 0 25 0 0 0 0 12 4 0 5 0 0 0 0 0 0 6 0 0 0 0 24 0 0 
P8355 2021 4 0 13 0 26 0 0 0 0 0 0 0 0 37 29 23 0 0 17 26 32 0 52 28 0 30 0 11 12 0 30 -999 
P8355 2021 5 21 0 30 44 0 24 0 0 0 0 14 0 0 0 0 0 0 0 18 0 15 13 0 0 35 0 0 0 7 16 0 
P8355 2021 6 0 0 46 16 0 0 0 15 0 0 0 18 0 14 0 0 0 27 0 0 0 0 0 0 14 0 0 0 0 26 -999 
P8355 2021 7 0 25 0 0 27 0 0 0 20 0 0 0 0 0 0 0 0 24 0 0 16 10 0 12 0 0 0 0 0 0 0 
P8355 2021 8 0 0 0 0 0 0 0 0 0 0 0 0 0 0 21 28 0 0 0 0 0 17 0 0 0 0 0 14 0 0 0 
P8355 2021 9 0 0 0 8 0 0 0 0 0 28 0 0 0 0 0 0 0 0 0 0 0 0 0 0 0 0 0 0 21 0 -999 
P8355 2021 10 0 0 0 0 0 0 0 0 0 43 27 11 10 7 0 0 4 2 0 0 22 19 47 0 7 0 0 3 0 0 0 
P8355 2021 11 0 0 0 0 34 0 0 0 0 0 0 0 0 0 0 0 22 0 0 0 4 0 0 0 0 0 8 14 28 8 -999 
P8355 2021 12 8 7 0 0 0 1 0 0 0 0 0 0 0 7 0 7 9 7 0 0 0 0 1 0 19 0 0 0 0 0 14 
P8355 2022 1 0 0 10 0 10 0 0 0 2 0 6 0 0 0 0 6 0 0 0 0 0 4 11 15 20 0 0 16 17 0 0 
P8355 2022 2 0 0 9 11 0 17 0 19 0 7 20 0 21 0 15 23 21 47 10 10 54 12 39 41 11 13 24 0 -999 -999 -999 
P8355 2022 3 0 0 0 60 136 39 24 9 9 39 16 0 0 68 18 8 0 0 0 11 11 8 0 0 8 0 0 18 20 0 0 
P8355 2022 4 0 0 23 0 0 0 25 0 0 29 31 35 18 22 0 28 0 0 0 0 13 21 0 0 0 0 0 0 0 17 -999 
P8355 2022 5 15 0 0 11 0 0 0 0 23 0 0 26 0 32 48 41 28 0 0 0 21 21 20 0 31 18 0 12 0 0 0 
P8355 2022 6 16 16 0 20 0 0 0 0 9 0 0 0 0 0 17 11 0 0 11 0 0 0 0 0 17 0 0 0 0 0 -999 
P8355 2022 7 0 0 26 0 0 0 0 0 0 0 0 0 0 0 23 14 0 20 24 0 0 27 0 0 27 0 0 0 21 15 0 
P8355 2022 8 0 0 18 0 0 0 0 0 22 0 0 0 25 0 0 0 0 0 0 0 0 0 0 0 0 6 0 10 14 0 0 
P8355 2022 9 0 16 6 0 0 0 0 0 0 0 0 0 27 0 0 19 0 15 14 0 0 0 0 0 0 0 0 0 0 18 -999 
P8355 2022 10 17 0 0 0 0 0 20 0 0 21 23 0 0 4 0 0 0 0 0 6 0 0 8 0 0 0 0 0 0 0 0 
P8355 2022 11 0 15 0 7 0 0 0 0 8 0 0 0 0 0 0 0 40 0 29 0 0 0 3 4 0 0 0 8 0 0 -999 
P8355 2022 12 20 27 42 0 7 0 0 0 42 50 0 5 0 0 1 0 0 0 0 0 0 0 17 0 26 0 0 43 34 0 0 
P8355 2023 1 0 26 0 0 5 0 11 0 0 0 0 0 0 0 0 0 0 0 0 0 0 0 0 0 0 3 0 0 0 0 0 
P8355 2023 2 0 0 14 0 0 0 0 0 0 0 0 0 0 0 0 9 0 11 0 0 0 0 0 0 18 25 54 44 -999 -999 -999 
P8355 2023 3 24 37 0 0 0 0 0 9 0 0 0 0 0 0 0 0 0 0 0 0 0 0 0 0 0 0 17 0 18 0 0 
P8355 2023 4 27 10 29 36 0 27 0 45 0 22 0 0 15 23 34 0 19 0 0 0 0 3 0 17 0 0 33 44 0 0 -999 
P8355 2023 5 0 0 0 0 7 8 0 0 0 0 25 0 15 0 25 33 20 24 28 22 0 0 0 0 0 0 0 0 0 0 0 
P8355 2023 6 0 0 26 7 0 0 0 25 26 0 0 0 0 0 0 0 22 25 0 0 20 0 18 0 0 0 0 0 9 0 -999 
P8355 2023 7 13 0 0 20 22 0 0 0 0 0 0 0 0 22 0 0 0 0 0 0 0 0 28 0 0 0 0 0 0 0 0 
P8355 2023 8 0 0 0 0 0 0 0 0 0 0 0 0 0 18 0 0 0 0 0 0 16 0 19 18 0 0 0 0 0 0 0 
P8355 2023 9 0 0 0 0 0 12 0 19 0 0 0 0 0 6 0 21 22 0 0 0 0 13 8 0 0 0 19 0 0 35 -999 
P8355 2023 10 0 64 83 62 37 0 23 0 0 0 0 13 0 0 32 9 7 0 0 0 0 10 0 0 8 0 0 0 0 0 26 
P8355 2023 11 0 38 0 0 0 11 12 17 0 30 46 21 13 0 11 0 0 0 0 0 0 0 0 0 15 12 0 0 0 0 -999 
P8355 2023 12 0 0 0 1 0 0 0 0 0 0 0 0 0 8 0 0 0 12 0 11 0 0 0 0 0 0 0 0 0 0 0 
P8355 2024 1 0 0 0 1 0 0 0 0 89 24 0 5 0 12 12 5 0 0 0 4 0 14 17 0 13 19 0 0 0 0 25 
P8355 2024 2 90 152 0 19 0 0 0 0 0 0 0 0 0 0 0 27 30 6 0 6 17 10 19 56 7 0 0 0 -999 -999 -999 
P8355 2024 3 15 0 0 9 6 0 7 0 0 0 0 0 0 0 0 0 17 0 0 0 6 0 0 39 59 34 27 0 5 0 0 
P8355 2024 4 18 39 0 13 19 14 0 0 0 0 0 0 0 0 34 29 33 37 37 31 0 33 29 21 0 0 16 0 0 0 -999 
P8355 2024 5 0 0 0 0 6 0 0 12 12 40 31 0 0 0 0 0 20 0 22 0 0 0 0 0 0 0 0 0 0 0 13 
P8355 2024 6 0 0 0 28 0 0 0 0 0 0 0 10 0 0 0 0 0 0 32 33 0 0 0 31 35 32 18 0 0 0 -999 
P8355 2024 7 21 0 22 0 29 0 0 0 0 0 0 0 0 0 28 0 0 0 0 0 0 0 0 0 32 0 19 0 0 0 0 
P8355 2024 8 22 0 0 0 0 19 0 0 0 13 0 0 0 3 0 11 0 0 0 0 0 19 0 0 0 0 0 0 24 0 0 
P8355 2024 9 10 0 0 11 14 16 0 0 8 0 0 0 0 18 0 0 0 0 0 0 9 0 0 0 0 12 0 0 0 9 -999 
P8355 2024 10 0 0 0 15 15 0 0 0 15 0 7 7 4 0 0 0 0 62 14 0 11 0 0 46 0 24 26 0 0 0 13 
P8355 2024 11 14 0 19 0 19 0 0 0 0 0 4 0 0 9 0 8 0 0 0 0 0 0 0 0 0 0 6 0 0 10 -999 
P8355 2024 12 0 0 0 0 0 0 0 0 0 0 0 0 11 0 0 0 0 0 0 0 0 0 0 0 0 10 0 16 0 2 0 
P8355 2025 1 0 0 0 0 0 0 1 0 0 0 0 0 11 0 0 13 0 0 0 0 0 0 0 0 60 43 35 0 0 0 0 
P8355 2025 2 0 11 0 0 23 27 0 0 0 29 12 33 0 24 0 29 32 0 7 0 29 0 39 0 0 0 10 3 -999 -999 -999 
P8355 2025 3 0 19 42 29 0 20 76 78 45 0 10 0 0 0 0 0 0 0 46 91 41 50 16 56 40 13 17 13 0 0 0 
P8355 2025 4 0 0 0 0 0 0 0 0 0 0 0 12 7 0 42 38 9 7 9 0 0 0 0 0 0 0 0 0 41 53 -999 
P8355 2025 5 18 7 28 21 0 12 16 0 0 17 22 0 26 22 13 0 33 49 0 15 17 20 0 50 48 29 0 24 0 25 0 
P8355 2025 6 17 0 0 0 33 0 0 0 0 26 28 23 18 0 0 0 0 0 0 0 0 0 0 0 0 0 0 0 0 24 -999 
P8355 2025 7 20 0 0 19 0 0 0 0 0 0 0 0 0 0 39 0 0 22 0 0 0 26 0 0 12 0 0 0 0 0 30 
P8355 2025 8 0 0 0 0 0 0 0 0 0 0 0 0 0 17 0 0 0 0 23 0 0 0 0 0 0 0 0 0 19 0 0 
P8355 2025 9 23 15 0 0 20 0 0 0 0 0 0 0 0 0 0 0 0 0 0 0 0 16 0 0 0 0 11 0 0 16 -999 
P8355 2025 10 0 0 0 0 0 0 0 12 0 0 0 0 0 17 19 0 11 10 0 0 0 0 13 0 0 37 44 0 63 16 0 
P8355 2025 11 4 0 0 0 2 0 0 0 0 10 0 0 0 0 0 0 11 0 6 0 0 0 0 0 0 0 0 0 0 0 -999 
P8355 2025 12 0 22 0 18 0 0 0 0 0 0 0 0 0 0 0 0 0 0 0 0 15 13 12 0 0 0 0 5 0 0 0 
P8355 2026 1 13 0 0 6 0 0 0 0 0 0 0 10 23 0 2 0 0 0 0 0 0 0 0 0 0 0 0 0 0 0 20 
P8355 2026 2 0 0 23 67 37 17 44 0 0 0 0 32 0 4 0 0 0 21 30 54 22 13 0 0 7 10 0 12 -999 -999 -999 
P8355 2026 3 33 0 0 0 0 2 0 5 0 0 0 0 0 0 0 14 26 35 31 33 43 88 52 47 19 0 0 0 0 0 0 
P8355 2026 4 0 11 0 0 0 0 0 0 28 29 0 29 31 37 22 0 0 0 0 0 0 0 0 0 0 37 42 53 0 36 -999 
P8355 2026 5 0 22 0 0 0 0 22 16 0 8 0 6 23 0 0 0 0 0 0 42 38 21 15 0 17 33 21 0 29 0 17 
P8355 2026 6 24 0 0 0 10 0 0 0 30 0 0 11 0 0 0 0 0 0 20 14 17 0 0 0 18 0 0 0 0 0 -999 
P8355 2026 7 0 22 0 0 0 0 0 0 0 20 0 0 0 0 0 0 33 0 0 0 0 0 0 0 0 0 0 0 0 0 0 
P8355 2026 8 0 12 0 0 0 0 16 0 0 0 0 0 0 8 0 0 0 0 0 9 0 0 23 0 13 0 0 0 0 17 0 
P8355 2026 9 21 0 0 14 0 0 0 0 0 0 12 0 0 0 0 0 13 0 23 0 31 0 18 0 14 0 16 0 21 0 -999 
P8355 2026 10 12 0 0 0 20 22 0 0 0 0 0 17 0 0 9 0 0 14 8 0 0 0 0 8 5 0 0 0 0 0 41 
P8355 2026 11 54 0 0 16 6 0 0 0 13 19 21 11 25 0 0 0 0 10 0 0 0 0 0 0 0 0 0 2 0 0 -999 
P8355 2026 12 0 0 0 0 19 17 0 20 0 40 31 0 0 0 0 6 6 11 5 18 0 0 0 0 0 0 0 0 0 0 0 
P8355 2027 1 9 5 0 0 0 2 0 0 0 26 23 11 0 0 0 0 13 0 22 43 20 0 0 0 5 0 0 0 0 0 0 
P8355 2027 2 2 0 0 0 0 0 0 0 0 0 0 0 52 62 0 64 0 41 37 16 0 0 94 0 0 10 11 18 -999 -999 -999 
P8355 2027 3 51 12 0 0 18 0 0 0 0 0 0 0 0 0 11 8 0 0 30 32 0 0 38 57 45 0 11 0 12 0 18 
P8355 2027 4 25 0 35 47 0 0 0 0 10 5 0 13 0 16 0 23 18 15 0 0 56 25 9 0 0 0 0 0 0 25 -999 
P8355 2027 5 0 17 0 0 0 0 0 0 0 17 0 0 0 35 0 39 38 36 44 29 24 0 20 38 43 19 0 0 19 0 0 
P8355 2027 6 39 0 0 24 0 9 0 0 0 0 34 0 0 0 0 0 25 0 44 22 0 0 0 0 0 0 0 0 0 12 -999 
P8355 2027 7 0 0 0 0 28 28 0 16 0 16 0 0 0 0 0 0 0 0 0 0 0 0 0 0 0 0 0 0 0 0 12 
P8355 2027 8 0 0 0 0 0 0 0 0 0 25 25 16 0 4 0 0 15 0 0 0 0 0 0 0 0 12 0 0 0 0 0 
P8355 2027 9 0 0 19 23 0 21 0 0 0 13 0 17 0 20 0 15 8 3 0 0 12 0 0 0 0 0 17 19 0 0 -999 
P8355 2027 10 0 0 0 0 0 0 0 0 0 7 8 0 0 0 0 0 0 0 0 0 0 23 18 0 0 23 15 11 0 0 0 
P8355 2027 11 0 0 41 0 19 14 35 0 0 0 0 0 0 13 24 0 0 0 0 0 6 14 26 40 21 36 31 0 20 20 -999 
P8355 2027 12 19 70 64 0 7 26 32 12 3 0 14 0 13 0 0 0 0 0 0 0 0 0 0 0 0 0 0 5 0 0 0 
P8355 2028 1 0 0 22 16 7 0 0 0 0 0 0 2 0 0 0 0 4 0 0 0 0 0 0 0 0 0 4 3 0 0 0 
P8355 2028 2 0 0 0 0 0 0 0 0 0 0 0 0 0 0 0 0 0 0 0 9 0 25 25 0 12 55 0 46 -999 -999 -999 
P8355 2028 3 32 0 74 135 24 0 0 0 0 40 0 21 17 28 42 43 27 0 7 0 2 0 21 0 17 0 0 0 0 19 13 
P8355 2028 4 0 0 0 39 0 0 0 48 33 42 0 34 0 21 0 0 4 13 0 0 0 0 28 0 0 14 0 0 31 47 -999 
P8355 2028 5 0 22 11 0 0 0 15 24 0 17 0 17 19 26 0 0 0 0 0 0 7 0 20 62 37 0 0 0 28 22 29 
P8355 2028 6 0 0 0 0 0 0 22 0 0 0 0 0 0 0 46 0 42 0 16 0 32 0 0 0 0 23 0 0 0 0 -999 
P8355 2028 7 0 19 18 0 0 13 13 16 0 0 0 0 18 9 0 10 17 0 16 0 0 0 0 0 26 26 0 0 0 0 0 
P8355 2028 8 0 0 0 0 0 26 0 0 0 0 0 0 23 20 0 19 0 0 0 29 0 0 25 0 22 0 0 22 0 0 25 
P8355 2028 9 19 0 0 15 14 17 0 19 0 22 0 18 16 20 0 0 0 0 0 25 0 0 11 19 12 0 0 0 0 0 -999 
P8355 2028 10 0 14 0 27 0 0 0 7 0 0 0 0 0 11 0 0 0 46 0 34 0 0 0 0 0 0 0 0 0 0 0 
P8355 2028 11 0 0 15 17 0 0 25 0 20 19 0 11 0 0 21 13 0 0 0 1 0 0 0 21 0 22 0 0 0 0 -999 
P8355 2028 12 0 0 0 0 0 13 0 23 0 0 0 0 0 7 10 0 0 0 4 0 0 0 2 0 0 0 5 0 1 0 0 
P8355 2029 1 3 0 12 19 0 0 27 0 9 0 0 0 0 0 6 0 0 0 0 0 0 0 0 0 15 43 39 54 59 0 0 
P8355 2029 2 0 0 16 9 8 0 6 6 0 13 25 22 0 0 0 0 0 0 0 0 0 0 7 0 0 0 0 0 -999 -999 -999 
P8355 2029 3 0 0 0 0 0 0 0 0 0 0 0 0 0 21 23 27 0 0 26 0 29 28 61 134 52 0 0 0 14 0 23 
P8355 2029 4 0 0 0 0 39 31 21 0 0 15 24 0 41 42 0 0 7 0 9 0 0 0 0 0 0 0 0 0 0 0 -999 
P8355 2029 5 0 0 55 36 27 24 30 22 0 0 18 0 0 0 0 0 0 18 0 0 0 0 18 17 16 8 0 0 22 0 25 
P8355 2029 6 0 18 34 0 0 0 55 0 16 0 0 0 0 30 34 28 0 36 0 0 38 0 0 0 18 0 4 0 0 0 -999 
P8355 2029 7 18 31 0 15 0 0 0 17 0 13 0 0 0 0 0 0 0 0 0 0 0 0 0 0 0 0 0 0 19 0 0 
P8355 2029 8 22 0 0 0 0 0 13 0 0 0 0 0 25 0 23 32 0 0 0 8 0 0 0 0 18 0 37 27 0 0 24 
P8355 2029 9 0 0 0 7 15 0 0 0 0 0 0 19 0 0 0 0 0 0 0 0 8 0 28 0 0 26 21 27 60 40 -999 
P8355 2029 10 24 6 0 15 0 13 0 7 0 7 0 0 0 0 0 8 0 8 0 12 0 0 0 4 8 0 15 0 5 0 0 
P8355 2029 11 0 0 0 0 6 0 0 0 45 13 0 0 0 0 6 6 0 0 0 0 0 0 0 33 20 0 8 19 28 28 -999 
P8355 2029 12 0 0 34 31 0 0 0 0 0 0 0 0 0 0 0 10 0 0 17 7 0 0 0 0 0 0 0 0 0 0 29 
P8355 2030 1 9 0 0 0 6 2 0 2 2 0 0 0 51 0 0 0 1 5 9 14 17 9 9 0 0 0 16 11 14 0 11 
P8355 2030 2 36 0 9 0 0 0 0 0 20 15 0 3 0 0 0 0 0 0 0 2 0 10 0 0 0 6 13 0 -999 -999 -999 
P8355 2030 3 0 0 0 0 10 0 26 3 0 23 0 0 24 0 0 0 14 19 60 118 0 25 32 0 0 12 0 0 0 0 0 
P8355 2030 4 0 0 0 31 36 0 33 0 0 0 0 0 0 75 33 17 27 57 21 16 0 0 0 8 0 38 35 54 22 13 -999 
P8355 2030 5 19 0 0 0 0 0 0 0 0 13 0 0 23 19 17 20 0 0 0 41 39 0 0 0 8 0 0 19 0 20 0 
P8355 2030 6 0 0 0 0 0 0 29 0 0 0 0 0 10 17 0 0 0 0 0 0 0 7 0 0 16 0 0 0 0 0 -999 
P8355 2030 7 0 0 0 17 0 26 0 0 0 0 0 0 0 33 0 0 0 0 0 0 0 0 0 0 26 0 0 25 0 15 0 
P8355 2030 8 22 24 0 0 23 0 0 0 0 0 14 18 0 16 0 12 0 0 0 0 0 17 0 0 12 13 0 15 17 0 0 
P8355 2030 9 0 0 0 21 0 0 28 24 20 17 0 0 0 0 0 27 0 0 0 0 0 0 0 0 0 0 0 0 7 0 -999 
P8355 2030 10 7 0 0 0 0 15 10 15 0 84 0 0 15 0 0 0 0 0 13 0 0 0 0 17 15 0 9 0 0 0 23 
P8355 2030 11 15 0 17 0 0 0 6 0 19 0 0 0 0 12 0 0 0 0 0 12 12 12 0 0 0 0 0 0 0 0 -999 
P8355 2030 12 41 39 0 0 20 0 10 0 32 0 0 0 0 0 11 0 0 0 0 0 0 0 0 0 0 0 0 0 0 9 0 
P8355 2031 1 0 0 0 0 33 0 11 0 0 0 10 7 0 42 39 0 0 0 63 106 70 24 38 96 61 0 17 20 52 46 37 
P8355 2031 2 0 14 0 2 0 0 0 0 0 10 0 0 0 0 4 0 0 13 0 16 0 0 0 4 0 0 0 21 -999 -999 -999 
P8355 2031 3 22 0 0 14 0 0 45 0 9 31 19 33 42 66 80 64 39 32 0 0 0 0 0 50 54 55 111 114 80 53 37 
P8355 2031 4 30 21 0 15 0 23 12 0 0 0 0 0 0 0 0 0 0 0 0 0 22 0 17 35 0 35 35 17 23 0 -999 
P8355 2031 5 29 0 0 0 0 0 0 34 29 10 7 0 0 25 0 20 0 0 0 0 0 0 0 0 0 0 0 15 0 0 0 
P8355 2031 6 0 16 0 0 0 18 0 0 0 0 0 0 11 0 0 27 28 0 31 0 0 0 0 0 0 0 0 0 0 25 -999 
P8355 2031 7 27 0 0 0 0 0 0 0 0 28 0 0 0 0 0 19 0 0 0 0 0 0 19 0 0 0 10 0 29 0 0 
P8355 2031 8 0 0 0 0 21 0 0 0 0 0 0 0 20 0 0 0 0 0 26 20 0 0 13 0 0 26 0 13 0 0 0 
P8355 2031 9 0 19 0 0 0 0 0 0 0 0 32 0 0 2 3 0 0 0 0 38 20 15 0 11 0 18 0 0 23 0 -999 
P8355 2031 10 15 17 0 0 11 0 0 0 0 0 0 0 21 13 23 0 0 0 8 24 12 2 0 4 0 13 4 3 6 12 21 
P8355 2031 11 0 27 16 0 30 6 5 0 0 0 0 0 0 0 0 20 0 0 0 11 7 0 0 0 0 0 0 0 16 0 -999 
P8355 2031 12 24 48 70 45 11 0 0 9 0 1 0 0 0 3 0 0 4 0 0 21 0 0 0 0 18 0 0 0 0 0 0 
P8355 2032 1 27 0 0 0 0 59 13 0 84 26 2 3 1 0 0 0 3 0 11 0 0 0 0 0 0 0 0 0 0 0 0 
P8355 2032 2 3 3 0 0 0 1 0 0 0 0 0 0 0 0 0 0 0 0 0 0 0 0 0 0 0 0 0 0 -999 -999 -999 
P8355 2032 3 7 25 33 0 3 10 0 55 57 23 0 0 0 0 0 8 0 0 0 0 0 0 0 0 0 23 18 21 0 0 15 
P8355 2032 4 0 0 28 0 78 73 0 45 52 0 0 18 21 16 0 10 0 0 20 0 37 28 20 5 0 0 0 8 0 13 -999 
P8355 2032 5 0 0 0 24 16 0 18 0 0 13 0 57 50 11 8 0 33 21 0 0 9 0 0 0 17 0 0 0 0 0 0 
P8355 2032 6 0 20 0 26 0 0 45 20 9 0 0 38 19 0 5 0 16 0 0 0 0 0 0 0 25 0 0 0 9 0 -999 
P8355 2032 7 16 0 25 0 0 21 0 0 18 0 0 0 0 10 0 0 0 0 10 0 0 24 0 0 0 0 24 0 24 0 0 
P8355 2032 8 20 22 17 0 0 0 0 0 0 0 0 0 0 0 13 21 0 0 0 0 0 0 17 0 0 16 0 0 0 0 0 
P8355 2032 9 0 0 0 0 0 0 0 0 0 0 18 0 0 0 0 0 0 0 0 0 0 0 0 0 12 0 0 0 0 0 -999 
P8355 2032 10 0 0 14 16 0 0 0 0 0 0 32 28 11 0 31 25 0 13 18 33 0 29 0 0 3 2 0 0 0 0 6 
P8355 2032 11 4 0 0 13 0 0 23 0 0 0 0 4 13 0 5 0 7 0 11 33 11 0 0 3 0 0 9 8 0 1 -999 
P8355 2032 12 0 0 0 0 0 0 0 0 0 10 0 0 0 0 0 0 0 0 0 0 0 0 0 0 0 0 0 0 0 0 0 
P8355 2033 1 21 8 0 0 0 5 10 14 8 0 0 0 0 0 4 0 0 0 0 3 0 0 0 0 2 0 0 0 7 0 7 
P8355 2033 2 0 0 0 0 0 0 0 19 55 34 33 0 0 0 28 35 0 0 0 0 0 12 17 0 0 0 29 0 -999 -999 -999 
P8355 2033 3 0 0 0 0 0 0 12 0 21 0 0 0 39 53 45 0 8 0 0 16 0 10 13 0 16 0 0 0 36 15 0 
P8355 2033 4 0 8 11 32 45 52 0 0 22 26 21 0 0 0 0 15 0 34 22 15 24 16 0 0 15 0 0 0 0 0 -999 
P8355 2033 5 0 0 0 0 21 13 0 0 0 40 42 33 0 0 0 39 44 43 0 0 43 38 0 0 40 0 25 13 0 0 12 
P8355 2033 6 21 27 15 16 19 17 0 0 30 0 0 0 16 0 12 18 0 12 0 0 19 8 0 0 0 0 0 0 0 16 -999 
P8355 2033 7 0 0 0 23 0 0 0 27 42 0 0 0 26 0 0 0 0 0 0 22 0 0 0 0 0 0 0 0 23 0 0 
P8355 2033 8 0 15 23 0 21 14 12 25 0 14 0 0 0 0 0 0 0 24 0 32 0 0 0 19 0 0 0 0 0 20 12 
P8355 2033 9 0 4 0 0 13 0 0 0 8 0 0 7 0 0 9 11 0 0 0 12 0 0 0 0 0 0 0 10 0 0 -999 
P8355 2033 10 0 0 0 0 0 0 0 0 0 0 0 0 18 0 0 0 9 0 0 6 0 0 0 8 0 33 0 0 0 16 19 
P8355 2033 11 0 17 30 38 0 26 31 87 11 0 0 0 3 0 36 33 0 0 0 0 0 0 0 0 0 0 0 0 0 0 -999 
P8355 2033 12 0 0 0 8 0 9 0 0 0 0 0 0 12 3 0 0 5 6 0 0 0 0 0 0 11 0 0 54 0 0 0 
P8355 2034 1 0 0 0 0 0 1 0 0 0 0 0 0 0 0 16 0 0 0 0 0 0 3 4 0 0 0 0 0 0 0 0 
P8355 2034 2 0 0 0 37 0 0 30 40 0 43 0 0 0 1 0 0 0 9 16 3 0 0 0 0 0 0 0 0 -999 -999 -999 
P8355 2034 3 0 0 0 0 0 0 0 7 0 0 16 28 24 0 0 0 0 0 7 0 0 0 20 19 14 0 0 0 15 0 0 
P8355 2034 4 0 0 0 35 21 27 3 16 24 22 0 0 30 28 31 0 48 52 0 29 21 14 14 9 0 0 0 0 0 0 -999 
P8355 2034 5 0 0 0 0 8 0 10 0 0 0 0 12 0 0 0 0 8 17 0 16 23 0 23 24 9 0 0 39 30 46 45 
P8355 2034 6 21 26 0 0 18 0 0 0 0 0 0 0 0 0 9 9 0 0 0 0 0 0 0 19 20 0 16 0 0 12 -999 
P8355 2034 7 0 0 20 15 0 0 0 0 0 9 0 0 0 0 0 0 0 0 0 0 0 11 0 0 0 0 16 0 0 0 0 
P8355 2034 8 0 0 0 0 0 8 0 0 0 0 0 0 0 0 23 0 0 16 17 13 0 15 0 0 0 0 0 19 22 23 0 
P8355 2034 9 0 0 0 0 0 0 0 0 0 0 0 0 10 0 7 0 20 0 0 0 0 0 25 0 0 0 0 15 8 0 -999 
P8355 2034 10 0 0 0 0 0 0 0 0 0 0 0 0 2 0 0 19 0 12 0 11 49 0 34 41 0 0 0 0 12 0 0 
P8355 2034 11 0 6 9 0 0 0 0 0 0 0 12 0 0 0 16 0 0 0 0 0 0 15 0 23 51 77 75 0 0 0 -999 
P8355 2034 12 27 21 36 34 0 0 0 0 0 0 5 0 0 9 0 22 15 0 0 0 0 0 0 13 0 0 0 0 0 0 0 
P8355 2035 1 0 0 0 45 19 0 0 5 0 0 0 3 0 0 0 19 0 0 7 21 25 15 3 0 0 0 0 0 0 0 0 
P8355 2035 2 0 0 0 0 0 0 0 0 0 0 0 0 0 0 0 0 0 0 16 28 0 0 13 0 10 0 35 11 -999 -999 -999 
P8355 2035 3 0 45 0 0 0 0 4 0 0 0 0 0 13 0 3 0 24 14 4 0 6 8 0 5 14 13 0 0 0 10 26 
P8355 2035 4 0 0 0 0 24 26 0 32 0 0 0 0 33 33 34 0 36 12 19 36 0 0 0 0 0 6 16 20 0 7 -999 
P8355 2035 5 8 22 8 10 0 0 39 38 0 22 25 0 19 0 0 0 0 0 21 0 0 0 0 12 0 0 0 0 9 16 0 
P8355 2035 6 0 5 0 0 0 0 0 0 0 11 0 25 0 0 0 11 0 0 23 0 0 13 0 0 0 0 0 16 0 0 -999 
P8355 2035 7 0 0 0 0 9 17 0 27 17 0 0 0 16 0 0 0 16 0 0 31 0 14 18 0 0 25 0 0 0 0 27 
P8355 2035 8 0 0 0 0 0 0 0 0 0 18 0 29 24 0 0 0 15 0 0 0 0 33 0 15 13 0 8 18 0 35 19 
P8355 2035 9 10 0 0 0 0 0 0 0 0 19 31 32 18 0 0 9 0 0 0 0 0 0 0 0 0 26 13 7 0 0 -999 
P8355 2035 10 11 6 5 0 0 5 0 0 0 0 20 0 0 0 12 5 0 0 0 30 0 0 0 0 12 23 25 0 0 0 0 
P8355 2035 11 0 37 52 0 2 0 0 6 0 0 0 0 3 0 0 0 0 0 7 0 0 11 7 0 0 0 0 0 0 0 -999 
P8355 2035 12 21 11 0 0 0 0 0 0 0 0 0 0 0 18 72 51 0 10 0 0 6 0 0 13 0 0 17 0 0 0 0 
P8355 2036 1 0 17 0 0 0 0 23 0 18 24 15 0 0 0 0 0 0 0 7 13 0 0 0 0 0 0 0 0 8 0 0 
P8355 2036 2 0 0 31 0 17 0 0 0 0 0 14 0 0 0 17 0 0 13 13 29 0 0 14 39 50 22 10 15 -999 -999 -999 
P8355 2036 3 34 47 0 0 22 8 13 0 13 17 12 0 0 0 58 30 15 0 0 32 10 0 0 0 33 17 0 0 11 17 0 
P8355 2036 4 0 28 0 10 32 73 83 44 24 0 0 17 4 0 0 0 0 0 43 58 47 0 27 22 0 16 0 0 4 0 -999 
P8355 2036 5 0 22 29 44 42 0 14 14 0 0 0 0 45 17 0 50 28 0 0 0 0 0 0 8 12 0 0 0 0 0 0 
P8355 2036 6 0 0 0 0 0 0 0 0 25 28 43 0 18 0 0 0 0 0 0 0 0 0 0 0 0 0 24 22 17 0 -999 
P8355 2036 7 0 0 33 19 0 0 0 26 0 0 0 4 0 0 20 0 0 0 0 5 0 0 0 16 0 0 0 18 19 0 21 
P8355 2036 8 0 0 0 0 0 0 0 24 0 14 0 0 0 0 0 0 0 18 0 0 0 0 0 0 0 0 0 0 0 0 15 
P8355 2036 9 0 0 17 16 0 0 0 15 0 0 0 0 0 0 0 0 0 0 0 8 0 0 0 17 0 6 0 0 0 0 -999 
P8355 2036 10 0 0 0 13 14 28 21 0 15 24 0 0 0 47 35 0 0 13 29 0 0 0 0 0 17 19 0 0 0 0 0 
P8355 2036 11 0 0 0 8 0 0 0 30 0 0 17 0 0 0 0 0 0 0 0 0 4 0 15 39 105 108 0 0 0 0 -999 
P8355 2036 12 0 0 0 0 6 0 0 0 0 0 10 0 10 9 0 0 0 7 0 0 0 0 0 0 5 12 20 12 0 27 0 
P8355 2037 1 16 0 0 0 2 33 0 0 38 30 0 0 14 0 0 46 118 74 90 92 30 0 0 5 2 0 0 0 6 0 0 
P8355 2037 2 0 0 3 8 34 0 0 0 0 0 0 0 19 16 40 85 0 33 50 67 0 0 0 0 0 15 0 0 -999 -999 -999 
P8355 2037 3 40 25 65 73 0 0 43 32 0 0 0 0 10 0 0 0 0 72 56 0 15 30 0 26 11 37 11 37 0 5 0 
P8355 2037 4 0 0 0 1 0 0 0 0 0 0 14 0 0 47 48 48 34 0 0 0 21 0 21 0 20 36 17 0 21 16 -999 
P8355 2037 5 0 0 0 28 0 0 0 0 0 0 0 0 6 0 0 10 13 23 28 32 0 0 0 40 27 18 24 0 24 26 31 
P8355 2037 6 0 0 22 0 32 0 33 35 0 0 0 18 0 0 24 26 40 38 0 0 16 0 0 17 26 0 0 0 17 0 -999 
P8355 2037 7 0 0 0 0 0 26 0 0 0 27 0 0 0 13 0 0 0 0 0 0 0 0 0 0 0 0 0 0 0 13 0 
P8355 2037 8 0 0 0 0 0 0 0 0 0 0 11 0 0 23 0 9 0 0 0 0 0 0 0 0 0 0 0 0 0 17 0 
P8355 2037 9 0 0 14 0 19 0 21 0 0 0 17 0 0 0 0 14 0 11 0 0 0 0 0 0 15 21 24 27 0 16 -999 
P8355 2037 10 0 6 0 0 0 16 0 13 0 0 0 0 0 0 0 0 0 0 0 0 12 0 0 16 0 0 6 0 0 0 0 
P8355 2037 11 0 0 0 0 0 0 7 0 7 0 2 0 0 0 7 10 0 0 0 0 0 0 0 14 0 17 12 10 0 21 -999 
P8355 2037 12 0 0 20 0 34 85 25 22 5 0 0 0 0 0 0 0 0 0 0 9 15 8 5 5 0 0 0 0 0 0 0 
P8355 2038 1 3 0 0 2 2 0 0 0 0 0 0 0 10 5 0 0 0 0 0 0 3 0 0 58 89 25 51 19 11 15 0 
P8355 2038 2 15 0 0 16 20 0 13 27 17 4 0 0 0 0 0 0 2 0 0 0 0 5 0 0 0 23 23 0 -999 -999 -999 
P8355 2038 3 0 0 8 31 28 22 28 0 0 0 16 0 31 0 36 34 30 0 10 0 0 0 8 0 4 16 8 3 0 2 2 
P8355 2038 4 0 0 9 0 43 0 0 0 6 0 0 0 0 14 0 0 40 13 0 0 0 0 4 0 0 0 0 0 15 24 -999 
P8355 2038 5 0 0 13 0 0 15 0 28 0 0 15 0 0 0 0 0 0 27 22 32 32 31 27 0 0 10 12 9 0 0 0 
P8355 2038 6 0 0 16 0 0 0 0 16 18 0 0 9 0 12 0 0 0 0 0 0 0 18 0 17 0 0 0 0 14 0 -999 
P8355 2038 7 32 0 0 28 0 0 16 0 0 23 29 0 9 0 12 0 14 23 0 9 0 0 20 0 0 9 0 0 32 0 0 
P8355 2038 8 0 0 0 5 0 10 0 0 0 0 10 0 17 0 19 25 24 20 15 0 0 0 0 0 0 21 21 0 21 0 0 
P8355 2038 9 0 0 0 0 0 0 0 20 0 21 0 0 0 0 0 17 0 14 0 0 0 0 0 0 0 0 0 0 0 0 -999 
P8355 2038 10 0 0 0 0 0 0 0 0 0 13 0 0 0 0 0 0 0 15 0 29 0 0 0 25 0 0 0 0 0 0 0 
P8355 2038 11 0 25 19 9 12 11 9 4 11 15 27 51 28 0 17 0 0 0 17 0 0 0 0 0 0 10 12 0 0 11 -999 
P8355 2038 12 5 7 0 0 0 0 0 0 0 0 2 0 2 0 0 0 0 0 0 4 0 19 10 15 32 0 0 34 45 78 77 
P8355 2039 1 48 0 17 25 0 10 0 0 0 0 0 11 8 4 0 0 0 4 0 0 34 14 0 15 30 39 55 46 7 6 0 
P8355 2039 2 0 0 0 0 0 3 0 0 0 0 0 0 0 4 0 13 14 0 0 0 0 0 13 0 6 32 22 26 -999 -999 -999 
P8355 2039 3 9 0 0 0 0 6 0 0 0 0 10 0 0 0 0 11 0 0 0 0 4 0 0 0 0 0 0 0 9 0 0 
P8355 2039 4 0 0 0 5 7 0 0 0 0 5 0 0 0 0 0 0 11 0 13 0 0 0 0 0 0 0 0 0 0 82 -999 
P8355 2039 5 0 0 31 0 0 31 24 22 32 45 0 0 0 0 29 36 51 22 9 0 24 0 23 0 34 30 0 27 0 0 0 
P8355 2039 6 0 0 18 26 30 27 0 24 0 0 27 0 19 0 0 0 0 15 0 0 0 0 0 19 0 0 0 0 0 0 -999 
P8355 2039 7 0 0 0 25 30 0 0 19 10 0 0 0 0 25 0 0 12 0 14 11 0 0 0 19 0 0 18 0 0 0 0 
P8355 2039 8 0 0 0 0 0 0 0 0 0 0 0 0 0 0 0 10 0 0 0 0 0 0 5 0 0 0 0 0 15 0 0 
P8355 2039 9 0 0 0 0 0 0 0 19 26 0 0 19 0 0 0 0 27 0 26 21 0 20 0 0 0 0 0 0 0 15 -999 
P8355 2039 10 26 0 0 0 7 0 14 11 0 21 60 59 27 0 0 12 0 9 0 61 22 17 19 37 17 0 0 16 8 0 0 
P8355 2039 11 29 38 0 0 0 0 0 0 0 0 0 0 0 0 0 0 0 0 3 0 1 0 8 0 0 0 0 21 0 0 -999 
P8355 2039 12 1 0 0 0 0 0 0 0 0 0 0 7 0 0 12 5 32 55 0 0 2 0 0 0 0 0 0 14 9 0 0 
P8355 2040 1 0 0 0 2 4 0 0 1 0 0 0 34 101 28 27 26 20 9 5 0 23 0 2 3 0 0 11 0 0 0 20 
P8355 2040 2 9 0 0 0 21 0 0 0 0 0 0 0 14 0 36 22 10 33 32 94 0 0 0 34 0 0 0 0 -999 -999 -999 
P8355 2040 3 10 0 15 0 2 0 14 0 0 0 0 0 0 0 0 0 29 14 0 3 0 0 0 0 43 35 28 0 25 0 37 
P8355 2040 4 57 0 71 52 43 27 19 15 0 18 0 0 0 33 58 33 0 19 0 0 0 0 0 0 0 0 0 0 0 0 -999 
P8355 2040 5 0 7 0 0 20 0 12 5 0 0 14 0 12 0 0 24 0 0 6 0 0 0 31 0 41 0 0 0 0 14 14 
P8355 2040 6 17 0 32 0 0 0 12 14 0 39 0 0 28 0 0 0 0 19 0 0 0 0 12 0 0 0 19 21 0 0 -999 
P8355 2040 7 0 0 10 0 27 25 0 0 0 18 38 27 0 21 0 0 0 0 0 0 0 29 0 0 0 0 22 0 0 16 0 
P8355 2040 8 0 0 0 0 0 0 0 0 0 0 0 0 0 0 8 0 0 0 13 0 0 0 0 0 0 0 0 0 22 0 0 
P8355 2040 9 0 0 0 0 17 0 18 17 0 14 19 0 0 0 54 33 31 0 74 0 0 0 0 17 0 0 0 0 0 0 -999 
P8355 2040 10 0 0 0 0 0 19 0 44 0 20 20 19 27 20 0 0 44 75 0 34 21 0 11 8 0 0 0 0 0 0 0 
P8355 2040 11 0 0 9 0 0 8 0 0 0 31 12 0 0 62 0 51 0 6 9 0 0 0 5 5 0 0 0 35 0 15 -999 
P8355 2040 12 24 0 19 19 33 10 2 0 0 3 0 0 0 2 0 0 0 0 0 0 0 0 0 0 0 0 0 0 0 2 0 
P8355 2041 1 0 0 0 15 0 0 17 18 0 0 0 0 0 0 0 0 0 0 0 0 0 0 4 37 30 14 31 46 0 19 63 
P8355 2041 2 0 0 0 0 0 0 0 21 38 29 0 114 60 20 36 36 21 6 0 0 0 0 0 0 0 0 0 0 -999 -999 -999 
P8355 2041 3 0 0 6 0 0 0 27 44 34 53 52 19 0 0 0 0 0 0 0 0 0 5 0 0 16 0 7 14 0 26 0 
P8355 2041 4 0 24 0 0 0 17 0 0 0 34 45 35 33 0 0 0 0 0 0 9 0 0 0 0 0 0 7 6 0 0 -999 
P8355 2041 5 0 34 71 87 0 0 0 39 32 0 42 33 0 33 0 0 17 17 17 0 0 0 0 0 20 21 0 0 0 14 0 
P8355 2041 6 22 0 0 0 17 0 18 0 30 0 19 29 20 0 14 7 0 13 0 51 67 15 0 0 0 0 0 0 0 0 -999 
P8355 2041 7 12 0 28 0 0 22 26 0 18 0 0 0 39 27 17 0 23 0 13 0 0 14 0 0 0 0 0 0 0 0 0 
P8355 2041 8 0 0 0 0 10 0 0 27 22 20 0 21 0 0 10 0 0 0 0 25 0 11 8 15 0 17 0 0 0 0 13 
P8355 2041 9 14 0 0 0 9 9 0 0 0 0 22 18 0 0 0 20 0 17 0 19 0 13 0 7 0 0 0 0 0 0 -999 
P8355 2041 10 0 0 0 0 0 0 0 0 0 0 0 22 0 15 0 0 0 0 11 0 0 0 0 0 0 4 0 0 0 0 17 
P8355 2041 11 34 54 0 0 0 0 0 0 0 0 0 0 0 0 0 21 0 0 10 0 0 0 0 0 60 50 0 0 0 19 -999 
P8355 2041 12 63 104 0 45 23 0 0 0 0 0 0 0 4 0 0 0 0 0 0 0 0 4 0 0 0 0 0 0 0 0 0 
P8355 2042 1 0 10 0 14 6 0 0 0 14 16 20 11 4 0 11 0 0 21 25 13 0 0 0 0 0 0 0 14 13 13 0 
P8355 2042 2 0 0 0 0 0 0 6 0 10 0 13 7 0 0 0 0 0 0 0 0 0 0 13 53 21 8 0 0 -999 -999 -999 
P8355 2042 3 10 4 1 0 6 0 0 0 26 0 0 0 16 0 0 0 0 0 16 28 32 59 0 40 40 48 40 0 31 36 0 
P8355 2042 4 0 33 0 0 0 19 0 0 18 0 0 0 0 0 0 42 38 41 15 4 0 0 0 0 0 0 0 12 24 28 -999 
P8355 2042 5 0 0 31 18 20 52 31 15 8 18 21 36 40 50 0 0 15 0 0 26 0 0 0 35 0 0 0 10 0 29 21 
P8355 2042 6 14 16 14 13 0 19 24 0 0 0 0 17 0 9 11 0 13 0 0 0 0 11 0 0 0 0 0 0 0 19 -999 
P8355 2042 7 0 0 0 21 0 0 0 0 7 13 16 0 18 0 14 0 0 0 0 0 0 0 0 0 0 0 0 0 0 0 0 
P8355 2042 8 0 9 0 0 0 14 0 0 0 0 0 0 0 31 28 0 0 34 41 0 28 0 17 0 0 0 0 17 0 0 4 
P8355 2042 9 0 28 0 0 0 0 0 0 0 0 0 0 0 0 0 0 0 0 32 0 0 0 0 0 15 0 0 0 0 0 -999 
P8355 2042 10 4 4 0 14 22 12 0 0 0 0 0 0 0 0 4 0 0 0 0 0 0 0 0 0 0 0 0 0 0 0 0 
P8355 2042 11 0 0 0 0 0 37 0 18 0 16 0 0 17 21 0 0 0 0 5 0 0 12 0 19 0 2 14 31 0 0 -999 
P8355 2042 12 0 2 2 0 0 26 21 14 4 0 0 0 60 54 34 0 0 0 0 6 0 0 0 0 4 0 40 44 0 0 0 
P8355 2043 1 0 0 0 0 0 0 0 6 0 0 6 4 0 3 13 17 56 49 0 0 4 0 0 0 0 0 0 0 0 0 0 
P8355 2043 2 0 0 0 0 0 9 0 0 0 0 0 0 7 13 38 40 0 0 7 0 0 0 17 17 5 0 19 7 -999 -999 -999 
P8355 2043 3 15 0 0 0 0 23 0 0 17 0 41 30 21 50 24 31 100 42 0 21 16 38 51 20 13 0 16 8 29 0 14 
P8355 2043 4 58 45 0 0 17 21 21 30 34 20 29 22 44 41 0 15 0 0 0 0 8 0 13 0 0 0 22 36 38 10 -999 
P8355 2043 5 11 0 14 0 0 30 0 0 0 32 40 0 53 63 23 26 21 25 0 0 0 0 0 0 0 9 0 0 0 0 0 
P8355 2043 6 0 0 0 13 11 0 0 0 0 0 14 0 0 0 0 0 18 21 16 0 0 0 0 0 15 0 0 0 0 0 -999 
P8355 2043 7 0 0 0 0 0 0 0 0 0 24 0 0 0 0 0 23 0 0 0 0 0 0 0 25 19 0 0 0 0 0 0 
P8355 2043 8 26 0 0 0 23 28 25 0 22 29 0 0 0 0 0 0 0 16 0 0 0 0 17 0 0 20 22 0 0 0 0 
P8355 2043 9 0 0 0 0 0 0 0 0 0 0 20 0 0 0 19 22 23 0 0 17 0 0 0 0 0 0 0 0 0 0 -999 
P8355 2043 10 0 0 0 8 0 0 0 0 0 0 17 0 0 0 0 0 0 0 22 35 0 0 0 8 0 0 0 0 4 5 0 
P8355 2043 11 3 0 0 34 97 65 11 0 0 2 3 0 0 0 0 0 0 0 23 27 0 0 0 0 0 0 24 0 0 13 -999 
P8355 2043 12 0 0 0 21 17 0 18 0 0 0 0 0 0 0 0 0 0 0 0 0 2 0 0 0 0 0 0 0 0 0 0 
P8355 2044 1 0 0 0 0 0 0 0 0 0 16 0 0 0 11 0 0 11 38 96 50 0 10 0 0 0 26 13 0 21 0 0 
P8355 2044 2 0 0 0 20 0 0 0 0 0 0 6 0 0 0 0 0 28 38 0 0 0 0 0 0 0 0 6 0 -999 -999 -999 
P8355 2044 3 0 0 0 0 0 9 0 0 17 0 0 35 0 0 0 21 15 0 0 0 0 0 0 0 0 14 44 91 47 26 20 
P8355 2044 4 0 33 27 0 0 0 27 43 36 26 0 0 9 0 0 12 35 40 8 0 0 0 22 34 91 115 41 31 28 20 -999 
P8355 2044 5 18 19 14 29 34 25 0 56 56 0 24 0 0 31 20 0 22 0 12 0 16 18 0 5 0 12 0 0 0 11 0 
P8355 2044 6 0 0 0 0 35 23 0 12 20 0 24 0 0 28 23 13 19 22 0 0 0 19 0 0 0 0 0 0 0 0 -999 
P8355 2044 7 0 0 0 17 0 0 0 0 0 0 0 0 0 0 33 0 0 0 0 11 0 6 21 16 17 17 0 0 0 0 18 
P8355 2044 8 27 0 0 0 0 11 0 0 0 0 0 0 0 0 0 0 10 0 22 0 0 12 0 0 0 16 0 0 0 0 0 
P8355 2044 9 0 0 5 11 0 22 0 0 0 0 0 0 0 0 0 0 0 22 0 27 28 0 0 0 0 27 0 0 0 0 -999 
P8355 2044 10 0 16 19 15 0 0 0 0 0 0 0 0 0 0 0 0 0 0 18 38 66 89 50 29 14 0 0 0 0 0 0 
P8355 2044 11 0 0 0 14 0 17 5 0 0 0 0 0 0 22 0 0 0 0 0 0 17 7 0 5 10 0 18 0 0 0 -999 
P8355 2044 12 0 0 0 0 0 0 0 0 0 0 0 0 0 0 8 0 5 0 0 65 68 20 11 0 0 0 0 0 0 0 0 
P8355 2045 1 0 0 19 0 42 12 0 0 0 7 7 0 0 0 0 0 0 0 0 0 0 3 0 0 0 0 8 12 0 0 0 
P8355 2045 2 0 0 0 0 0 0 0 0 0 0 0 27 0 0 0 0 0 0 0 0 0 17 17 33 70 44 35 24 -999 -999 -999 
P8355 2045 3 8 0 17 21 69 22 0 13 0 22 0 0 19 34 42 0 13 35 50 38 0 0 0 4 0 0 6 10 0 0 0 
P8355 2045 4 0 0 0 0 0 15 0 29 0 0 35 25 37 0 32 0 0 0 0 0 5 22 0 0 0 13 0 0 0 0 -999 
P8355 2045 5 0 0 21 20 7 0 0 2 0 0 0 0 0 19 0 0 0 0 35 0 27 19 25 0 27 0 0 36 0 15 0 
P8355 2045 6 0 0 0 0 0 0 0 0 0 0 30 0 0 42 0 0 0 0 21 31 0 0 15 0 0 27 0 27 18 0 -999 
P8355 2045 7 0 0 11 21 0 0 0 0 0 24 0 0 0 0 0 0 0 0 0 0 0 0 19 0 0 0 0 0 0 0 0 
P8355 2045 8 0 0 0 0 0 0 0 25 28 0 32 0 0 14 0 0 0 0 23 27 35 0 22 0 0 20 11 0 17 17 17 
P8355 2045 9 20 0 0 0 39 0 26 25 0 15 0 0 0 0 3 0 0 0 0 0 31 29 0 19 0 11 18 28 16 6 -999 
P8355 2045 10 5 0 0 0 0 46 26 12 11 0 0 0 0 0 0 0 0 0 0 0 5 0 0 0 0 0 11 0 0 0 0 
P8355 2045 11 17 0 0 29 25 0 0 7 5 20 25 0 0 12 0 10 9 7 0 2 0 0 0 0 11 0 9 0 4 0 -999 
P8355 2045 12 3 0 0 0 0 0 0 0 0 0 24 0 0 0 0 1 0 0 0 0 0 0 0 10 22 0 0 14 0 0 0 
P8355 2046 1 0 0 0 0 5 0 0 0 17 0 0 4 0 0 0 0 0 28 41 45 101 26 15 0 0 0 0 22 1 0 9 
P8355 2046 2 0 0 8 0 0 0 0 0 0 0 0 0 0 5 0 24 50 38 0 0 0 11 0 27 23 17 33 44 -999 -999 -999 
P8355 2046 3 13 12 0 0 19 6 6 0 0 0 11 0 0 6 0 0 0 0 0 0 0 14 0 16 41 39 46 34 56 0 17 
P8355 2046 4 14 11 0 37 12 0 37 58 36 0 0 12 29 49 29 37 37 0 40 39 34 0 24 21 25 0 0 27 32 43 -999 
P8355 2046 5 41 0 0 12 0 0 0 0 0 9 18 0 33 0 0 5 0 14 30 33 0 18 22 16 15 0 6 0 0 31 0 
P8355 2046 6 25 0 0 0 0 14 0 0 11 19 0 19 24 25 0 37 0 0 0 0 6 0 19 14 0 0 0 0 0 0 -999 
P8355 2046 7 0 0 0 0 0 0 0 0 16 0 0 0 0 0 13 0 15 0 0 10 0 0 0 0 0 0 15 0 0 0 0 
P8355 2046 8 0 0 0 0 0 10 0 0 21 0 0 17 19 0 0 0 0 0 22 21 0 0 15 0 13 0 0 0 0 0 15 
P8355 2046 9 16 0 13 32 0 14 0 0 7 0 0 0 8 0 12 0 0 0 0 0 18 0 0 19 11 0 0 0 0 0 -999 
P8355 2046 10 0 0 0 0 0 0 0 9 0 0 0 0 0 0 0 0 0 24 25 0 0 27 0 13 11 11 15 0 0 0 0 
P8355 2046 11 17 0 31 29 30 0 0 0 0 2 0 0 0 0 0 0 10 0 0 0 0 0 0 0 0 0 0 0 0 0 -999 
P8355 2046 12 0 0 0 0 0 0 0 0 0 0 0 33 0 25 0 43 33 17 14 23 0 0 0 0 7 0 0 0 0 0 0 
P8355 2047 1 0 0 0 43 0 29 0 17 17 27 30 0 6 11 0 10 0 10 0 0 0 0 1 0 0 0 0 0 1 4 0 
P8355 2047 2 0 0 3 0 16 0 0 0 0 6 10 0 22 0 0 19 0 0 13 0 20 15 0 0 0 0 0 0 -999 -999 -999 
P8355 2047 3 13 0 20 17 0 0 0 0 0 0 22 0 20 0 0 0 0 18 3 0 0 0 38 31 15 0 0 0 0 0 0 
P8355 2047 4 26 28 0 25 10 0 14 9 0 0 14 0 0 25 0 15 47 42 26 15 17 28 30 33 0 0 40 46 49 0 -999 
P8355 2047 5 0 37 51 24 14 27 0 0 0 0 0 19 31 44 0 0 12 10 0 19 0 0 44 0 0 3 0 12 12 0 0 
P8355 2047 6 0 0 0 24 0 0 0 0 0 0 0 0 0 0 0 0 0 0 0 0 0 20 0 16 17 0 0 0 0 0 -999 
P8355 2047 7 0 0 0 22 28 0 0 0 0 0 0 16 0 23 0 0 0 33 27 0 0 21 0 0 0 0 24 0 0 0 32 
P8355 2047 8 0 0 0 0 0 0 0 0 0 26 0 0 0 0 0 0 18 20 0 20 0 0 0 0 0 0 0 0 0 0 0 
P8355 2047 9 0 0 7 0 0 21 0 32 0 0 18 14 0 0 8 0 0 0 0 12 12 0 0 0 0 18 0 0 5 0 -999 
P8355 2047 10 0 0 32 26 12 0 0 0 6 8 10 0 0 0 0 0 0 0 0 0 0 0 0 13 0 18 25 28 39 0 0 
P8355 2047 11 33 36 24 0 0 0 0 0 5 0 0 0 0 0 0 0 0 14 0 9 0 0 0 0 0 0 0 0 1 0 -999 
P8355 2047 12 0 6 0 13 0 13 30 0 0 2 0 6 9 20 77 40 0 0 26 27 0 0 0 0 0 0 0 0 0 0 0 
P8355 2048 1 0 5 0 0 0 0 0 3 0 0 0 14 0 0 0 0 0 0 0 0 8 0 9 8 7 14 44 25 0 0 0 
P8355 2048 2 87 0 0 9 6 0 12 0 5 0 0 0 0 0 0 0 0 14 0 0 0 0 14 12 15 0 0 2 -999 -999 -999 
P8355 2048 3 0 0 0 0 0 0 0 4 0 0 27 24 17 0 0 37 67 120 83 0 0 26 29 19 21 49 56 34 50 49 23 
P8355 2048 4 14 0 0 0 13 28 48 0 34 0 24 34 43 39 34 35 43 35 44 23 0 0 42 28 30 23 0 23 15 35 -999 
P8355 2048 5 41 15 24 0 0 14 0 0 0 0 41 32 37 0 41 6 0 0 0 29 0 0 0 0 31 35 23 50 15 0 0 
P8355 2048 6 0 0 0 20 0 22 0 0 0 27 20 0 0 0 0 12 0 0 0 0 19 0 0 0 0 0 0 0 0 0 -999 
P8355 2048 7 0 0 17 0 0 28 0 0 24 0 17 20 0 0 0 0 16 0 22 0 0 0 0 0 0 0 0 0 0 0 0 
P8355 2048 8 0 17 0 0 18 19 0 0 0 8 17 0 0 0 4 0 0 0 23 0 0 0 0 0 0 0 0 0 0 0 0 
P8355 2048 9 0 0 0 0 0 0 0 0 0 0 16 15 0 0 18 0 0 0 16 15 5 0 0 0 0 19 0 0 0 0 -999 
P8355 2048 10 0 0 0 0 0 0 4 0 0 10 0 0 0 15 0 9 6 0 15 38 52 28 0 11 0 9 3 0 4 3 0 
P8355 2048 11 4 12 0 31 20 24 0 9 0 0 6 0 0 0 0 0 4 0 0 0 0 0 0 0 20 20 0 43 146 131 -999 
P8355 2048 12 8 0 0 0 0 0 0 0 0 0 0 2 0 0 4 6 6 10 7 19 15 0 0 0 0 0 0 4 0 0 0 
P8355 2049 1 12 30 127 51 17 19 0 0 0 0 14 0 0 0 0 0 0 0 0 0 0 0 0 0 0 6 4 0 0 0 0 
P8355 2049 2 0 0 0 0 19 43 178 111 33 56 58 111 76 46 50 135 36 55 53 28 80 0 24 0 0 19 11 22 -999 -999 -999 
P8355 2049 3 20 19 0 0 13 0 0 0 44 0 24 0 33 0 33 0 0 31 37 42 0 0 0 0 0 0 0 9 8 0 0 
P8355 2049 4 27 47 25 0 0 12 16 0 0 0 0 9 0 0 0 0 0 0 0 0 0 0 21 6 0 0 16 0 15 0 -999 
P8355 2049 5 0 0 0 8 0 0 0 0 0 0 4 0 0 0 0 0 0 30 0 0 36 24 0 0 6 0 13 0 0 0 0 
P8355 2049 6 0 0 0 0 0 19 16 0 0 17 14 0 0 0 0 0 11 0 0 0 0 0 0 14 0 19 0 0 0 0 -999 
P8355 2049 7 0 0 0 0 0 0 0 0 0 0 0 0 27 0 0 0 0 0 0 0 0 0 0 0 0 0 16 0 24 31 0 
P8355 2049 8 0 0 0 0 0 0 0 0 24 13 0 0 0 0 0 0 0 0 0 0 0 0 0 0 0 14 0 0 0 0 8 
P8355 2049 9 0 16 0 0 0 17 0 7 0 0 0 0 6 7 6 0 0 0 0 0 0 0 6 0 0 0 0 13 12 0 -999 
P8355 2049 10 0 0 0 16 0 0 0 0 0 0 37 0 10 0 0 27 8 0 0 0 0 0 0 10 0 0 0 6 0 9 0 
P8355 2049 11 0 15 0 0 17 10 23 40 32 11 0 0 0 7 9 0 0 0 0 0 9 0 6 0 4 2 0 0 0 0 -999 
P8355 2049 12 0 0 69 33 0 0 0 14 23 31 23 13 0 0 32 30 20 0 0 5 0 0 0 0 11 0 0 0 7 0 0 
P8355 2050 1 0 0 29 17 0 6 0 5 0 5 12 0 61 22 7 61 0 0 0 3 0 0 0 0 15 17 6 0 0 0 0 
P8355 2050 2 0 0 0 0 3 0 8 16 0 43 31 0 0 0 0 0 5 0 0 0 0 0 0 11 0 0 9 0 -999 -999 -999 
P8355 2050 3 0 0 0 0 0 0 0 0 18 0 20 30 0 0 0 0 0 0 17 32 27 0 0 0 0 0 24 0 29 20 18 
P8355 2050 4 8 0 0 0 0 0 21 28 0 13 0 38 26 13 0 0 0 26 0 42 19 29 0 0 0 0 0 0 0 25 -999 
P8355 2050 5 0 0 45 10 0 12 23 11 0 0 0 0 10 0 0 0 0 0 6 0 13 19 0 0 19 0 0 8 10 17 28 
P8355 2050 6 0 15 0 37 0 0 15 0 0 23 21 0 0 23 22 19 13 0 0 12 0 0 0 21 0 25 0 23 19 0 -999 
P8355 2050 7 0 0 0 0 0 0 0 0 0 0 0 13 0 0 0 16 0 0 16 17 14 20 0 0 0 11 22 0 0 0 17 
P8355 2050 8 13 0 12 0 0 0 0 0 16 0 0 0 0 0 0 24 0 0 0 0 11 16 21 0 0 0 0 0 0 0 22 
P8355 2050 9 0 0 0 12 0 0 0 0 0 4 0 8 0 0 0 0 0 11 0 11 0 0 0 0 0 0 20 0 0 0 -999 
P8355 2050 10 0 0 15 0 13 0 10 0 0 0 0 0 14 60 94 31 0 17 0 34 32 24 0 14 0 6 0 13 11 0 26 
P8355 2050 11 0 19 0 27 0 0 0 0 13 0 0 0 0 0 15 10 0 0 0 0 5 0 0 13 17 9 0 0 0 25 -999 
P8355 2050 12 0 0 0 0 0 0 2 0 0 7 3 13 0 23 0 0 0 43 53 21 0 8 0 0 0 11 0 10 0 0 0 
P8355 2051 1 10 13 0 0 0 0 0 0 0 21 27 32 33 11 12 0 9 7 11 0 0 0 0 4 0 12 34 0 33 0 34 
P8355 2051 2 37 42 23 33 51 14 0 0 8 0 8 0 12 0 17 19 36 0 0 39 24 28 0 0 0 0 0 0 -999 -999 -999 
P8355 2051 3 0 0 0 0 14 0 12 28 17 0 15 11 0 0 10 21 30 0 25 0 0 44 52 66 41 84 0 29 0 15 17 
P8355 2051 4 0 21 0 28 0 36 66 30 36 83 40 0 0 13 0 0 0 0 0 27 0 0 0 21 20 16 0 65 44 16 -999 
P8355 2051 5 14 0 0 44 0 0 0 0 0 0 0 0 0 0 0 0 0 0 0 29 15 23 0 15 24 0 10 0 0 0 0 
P8355 2051 6 20 41 0 0 32 0 21 0 15 26 16 0 0 0 0 0 0 0 0 0 0 0 0 0 0 0 0 0 0 0 -999 
P8355 2051 7 32 0 0 15 0 17 0 22 0 25 0 0 0 0 0 0 0 0 20 19 0 0 0 0 0 0 0 16 0 0 0 
P8355 2051 8 0 18 26 0 31 17 0 18 14 0 0 0 13 19 14 0 0 0 0 0 0 0 20 0 0 0 0 0 0 0 0 
P8355 2051 9 0 0 0 20 0 0 0 0 0 0 19 24 0 0 0 0 0 0 0 0 0 0 0 0 8 0 0 0 0 0 -999 
P8355 2051 10 17 0 0 0 0 16 0 18 16 11 7 0 0 0 0 0 0 0 0 0 10 0 0 0 0 0 0 44 40 0 19 
P8355 2051 11 16 0 0 0 0 0 0 0 0 0 0 0 31 0 22 17 0 17 39 0 15 0 0 0 0 0 0 0 3 0 -999 
P8355 2051 12 0 0 0 0 0 55 0 39 0 21 0 46 0 0 29 24 0 0 0 0 0 0 40 0 0 0 0 0 0 0 0 
P8355 2052 1 0 0 0 12 0 0 0 0 0 0 4 0 0 0 5 0 0 0 0 0 0 0 0 0 17 0 0 29 0 0 0 
P8355 2052 2 0 0 0 0 0 0 0 0 0 0 36 0 0 8 0 4 0 0 0 34 0 0 12 0 0 32 0 0 -999 -999 -999 
P8355 2052 3 0 0 0 0 1 0 0 43 0 15 0 18 25 0 36 32 26 0 20 0 0 16 17 39 28 24 0 0 0 0 0 
P8355 2052 4 0 0 0 14 20 0 0 0 9 0 0 0 0 0 0 0 0 0 0 0 0 0 15 9 0 0 0 0 25 29 -999 
P8355 2052 5 15 17 0 0 12 35 0 0 0 10 0 0 0 13 17 0 12 13 18 0 12 2 0 32 32 0 10 25 0 19 0 
P8355 2052 6 0 7 0 0 16 6 0 8 0 21 0 0 50 0 0 24 12 0 6 0 0 0 0 20 0 0 10 0 17 0 -999 
P8355 2052 7 0 0 0 0 0 0 12 0 0 12 0 0 0 16 0 0 0 0 0 0 0 0 0 0 0 0 0 0 0 21 0 
P8355 2052 8 0 0 0 0 0 0 0 0 0 0 17 0 0 0 0 0 0 0 0 23 0 0 12 16 0 0 17 0 0 13 13 
P8355 2052 9 0 21 0 0 0 0 0 0 0 0 15 0 0 0 0 12 0 0 19 0 0 57 39 0 0 0 0 0 0 0 -999 
P8355 2052 10 12 0 12 0 7 0 0 0 4 0 13 0 0 0 0 0 10 0 0 0 0 0 0 7 0 5 0 0 0 0 0 
P8355 2052 11 0 0 0 47 59 0 0 0 0 1 0 0 0 13 0 37 43 0 56 0 36 22 0 11 0 0 41 31 15 0 -999 
P8355 2052 12 33 43 0 3 0 1 3 0 26 71 84 55 0 9 0 0 0 0 0 0 0 0 10 0 0 0 0 0 0 0 1 
P8355 2053 1 0 0 0 0 0 0 0 0 0 11 0 0 0 0 0 0 0 0 0 0 0 0 0 6 0 0 3 0 0 0 0 
P8355 2053 2 0 14 0 16 0 0 28 20 17 7 3 0 13 5 2 0 0 13 0 0 3 0 0 0 18 18 34 70 -999 -999 -999 
P8355 2053 3 48 20 16 7 0 0 0 0 0 11 20 0 0 17 28 43 49 73 0 26 0 32 29 0 0 0 3 0 0 27 43 
P8355 2053 4 48 21 0 0 0 21 23 0 0 0 0 0 2 0 0 0 14 0 0 0 0 8 0 0 43 0 0 20 31 57 -999 
P8355 2053 5 42 30 37 0 0 49 29 0 18 19 0 0 25 20 19 0 27 41 28 31 23 0 0 26 6 0 9 0 13 11 0 
P8355 2053 6 13 28 16 18 8 0 0 0 17 0 0 0 0 10 15 29 20 0 0 7 0 0 0 20 0 0 0 0 0 14 -999 
P8355 2053 7 0 0 0 0 0 0 0 0 0 0 0 0 0 0 24 0 0 0 0 27 0 0 0 0 0 17 19 0 27 0 0 
P8355 2053 8 0 0 0 0 0 0 0 0 0 0 28 0 17 22 0 0 0 0 0 24 0 0 0 0 0 0 0 0 0 0 0 
P8355 2053 9 23 0 0 0 12 0 0 15 0 0 0 0 21 0 0 0 0 0 0 0 0 16 0 17 0 0 0 0 5 0 -999 
P8355 2053 10 0 0 0 0 0 0 0 0 26 20 0 0 24 25 24 25 28 32 36 0 0 0 9 13 7 0 0 0 0 0 4 
P8355 2053 11 0 0 52 60 18 0 8 0 0 0 0 23 5 0 7 25 69 45 0 4 0 0 7 0 0 3 0 0 0 0 -999 
P8355 2053 12 0 0 0 0 0 0 0 0 0 0 0 0 5 0 0 5 0 0 0 1 0 0 0 0 1 0 5 0 19 0 0 
P8355 2054 1 0 0 49 11 25 36 15 0 0 0 49 0 24 43 0 31 0 0 0 0 0 16 20 7 0 0 11 14 13 4 0 
P8355 2054 2 0 0 0 0 8 10 0 0 0 0 0 0 6 0 0 2 0 0 0 0 0 0 0 0 0 2 0 0 -999 -999 -999 
P8355 2054 3 0 0 1 0 0 0 0 0 0 0 19 9 0 0 8 0 0 0 12 8 7 9 25 18 0 0 14 11 42 20 0 
P8355 2054 4 0 0 12 13 30 35 26 0 12 0 0 0 0 0 16 26 0 0 0 38 0 0 0 0 0 29 0 46 47 33 -999 
P8355 2054 5 9 0 0 20 0 10 0 21 0 0 26 0 0 23 33 28 0 26 19 0 31 41 34 0 23 0 18 0 17 0 0 
P8355 2054 6 0 0 0 0 17 0 0 12 0 0 0 0 0 15 0 0 0 0 0 0 16 0 0 0 0 0 30 0 0 0 -999 
P8355 2054 7 0 0 0 0 0 0 0 0 16 0 0 0 0 0 0 0 7 0 10 0 0 0 0 0 0 0 0 0 0 20 18 
P8355 2054 8 0 0 0 0 0 0 0 0 0 16 19 0 0 18 0 0 0 0 0 22 0 0 5 0 0 25 14 0 0 0 7 
P8355 2054 9 8 0 19 0 0 9 0 0 0 0 0 0 32 16 10 0 0 10 0 0 0 0 0 0 13 0 12 0 0 31 -999 
P8355 2054 10 0 0 7 10 0 3 0 0 0 0 0 3 0 15 19 0 0 0 0 0 0 0 0 0 0 0 0 0 0 0 0 
P8355 2054 11 33 36 0 8 0 0 17 17 36 41 9 11 0 0 0 34 14 0 9 46 29 0 24 0 0 0 0 0 0 0 -999 
P8355 2054 12 0 0 0 0 5 8 0 0 19 0 9 0 0 0 18 0 0 3 0 0 0 4 0 1 0 0 7 0 2 0 0 
P8355 2055 1 0 0 0 0 0 0 10 24 1 0 0 0 0 16 0 0 7 19 13 45 63 32 0 0 0 0 0 0 0 0 0 
P8355 2055 2 0 0 0 0 0 0 0 0 0 0 0 0 0 0 0 0 3 0 0 3 0 0 0 0 0 83 61 0 -999 -999 -999 
P8355 2055 3 0 0 68 59 63 89 76 30 21 0 0 0 0 28 0 0 0 0 0 0 0 0 10 0 5 1 0 0 4 0 0 
P8355 2055 4 0 0 0 0 0 0 4 6 0 26 0 0 0 0 0 0 0 46 36 0 0 0 12 0 14 10 0 0 13 0 -999 
P8355 2055 5 14 0 0 6 0 0 0 16 0 24 66 44 38 28 0 0 0 0 18 0 0 0 22 0 0 0 38 21 0 0 0 
P8355 2055 6 0 0 20 0 14 0 0 0 0 0 0 0 0 0 0 0 0 0 0 7 0 0 0 0 0 0 0 0 0 0 -999 
P8355 2055 7 0 22 0 0 0 0 0 0 0 0 0 0 0 0 12 0 0 25 0 0 0 16 0 0 0 13 0 0 0 0 0 
P8355 2055 8 0 0 0 0 0 0 0 0 21 0 0 0 0 0 0 0 0 0 0 0 0 0 0 12 14 0 0 0 0 0 0 
P8355 2055 9 24 14 0 15 0 0 0 0 0 0 0 0 0 0 0 0 0 0 0 16 0 0 0 0 0 0 0 0 21 0 -999 
P8355 2055 10 10 0 0 0 0 12 0 0 11 20 0 12 0 0 27 0 24 13 0 9 0 0 0 0 0 0 0 4 0 0 0 
P8355 2055 11 0 0 0 0 0 0 0 38 0 0 10 10 4 0 0 15 48 10 0 18 0 0 6 0 3 0 0 28 35 22 -999 
P8355 2055 12 0 8 0 0 8 16 14 0 8 3 6 0 0 0 0 0 0 0 0 0 0 14 0 5 0 0 0 0 0 15 22 
P8355 2056 1 0 29 0 26 0 6 3 0 1 1 6 0 0 0 0 0 0 13 16 0 5 0 11 0 17 0 25 0 0 0 15 
P8355 2056 2 0 57 46 0 28 30 22 0 13 0 31 13 7 10 12 0 0 16 0 8 0 0 0 17 0 39 0 0 -999 -999 -999 
P8355 2056 3 56 38 29 12 9 18 0 11 13 0 31 0 21 39 55 17 5 0 0 32 0 0 0 0 0 0 0 75 55 0 21 
P8355 2056 4 0 0 22 16 0 11 0 3 0 0 0 0 0 17 0 0 0 34 45 0 0 3 0 18 0 0 0 0 12 0 -999 
P8355 2056 5 0 0 0 0 0 0 0 18 0 0 33 0 0 0 0 0 0 30 0 21 24 0 33 0 0 0 0 27 0 29 0 
P8355 2056 6 16 15 15 0 0 0 0 0 31 19 0 0 23 0 0 0 24 0 0 23 0 0 0 27 21 15 0 0 0 0 -999 
P8355 2056 7 17 0 0 28 0 0 0 17 0 0 17 0 0 0 0 0 0 0 0 0 0 0 0 0 0 0 0 0 0 0 0 
P8355 2056 8 0 0 0 0 0 0 0 0 0 15 0 0 0 0 0 0 0 0 0 0 0 0 0 0 0 0 0 0 0 0 0 
P8355 2056 9 0 0 8 11 0 15 0 6 7 0 0 0 13 0 0 21 0 14 0 0 10 0 0 0 0 0 0 0 0 0 -999 
P8355 2056 10 14 0 0 0 0 0 0 13 0 0 0 0 0 0 0 0 0 0 0 20 13 0 0 20 32 0 0 0 0 0 2 
P8355 2056 11 0 9 0 15 0 20 0 0 0 0 0 28 0 0 0 0 10 0 0 0 0 0 0 0 0 0 0 0 0 0 -999 
P8355 2056 12 0 0 0 0 0 0 0 0 0 4 0 0 0 6 0 20 0 0 23 22 20 0 0 0 0 0 0 16 0 5 0 
P8355 2057 1 0 0 0 6 0 0 0 0 0 0 0 0 8 0 0 54 0 31 62 32 0 0 5 6 0 8 21 83 42 0 0 
P8355 2057 2 0 0 0 0 0 7 0 0 0 0 0 0 0 0 0 0 0 0 0 0 0 0 0 0 39 0 0 34 -999 -999 -999 
P8355 2057 3 0 19 0 0 0 0 0 0 0 9 0 10 0 0 17 0 0 33 31 32 0 0 0 0 0 9 0 109 43 31 24 
P8355 2057 4 27 0 0 0 18 0 0 19 16 0 24 0 0 20 19 14 0 20 0 0 0 0 0 43 0 0 0 0 0 0 -999 
P8355 2057 5 0 91 36 28 0 0 32 39 43 0 0 0 0 0 0 7 0 15 0 0 32 0 24 19 26 27 53 0 0 0 0 
P8355 2057 6 7 0 0 0 0 0 0 0 0 0 19 0 0 18 0 8 0 0 0 18 0 0 0 0 27 0 0 0 0 0 -999 
P8355 2057 7 0 0 0 0 0 0 0 0 0 21 0 23 0 0 0 25 0 0 0 0 0 0 0 0 0 20 24 14 0 0 16 
P8355 2057 8 23 0 18 0 0 16 22 0 22 0 20 21 0 0 25 0 0 0 0 0 33 0 0 18 0 13 0 0 0 0 0 
P8355 2057 9 0 0 27 0 0 11 0 0 0 0 0 0 0 0 0 0 0 0 0 0 20 0 0 35 0 0 0 0 0 0 -999 
P8355 2057 10 14 18 0 0 0 0 0 0 0 0 0 0 20 10 5 0 0 0 7 8 0 10 0 8 0 18 14 5 10 0 0 
P8355 2057 11 0 0 0 0 0 0 0 0 0 0 17 0 0 0 20 20 0 0 0 29 10 0 0 0 0 0 0 56 0 0 -999 
P8355 2057 12 0 4 0 5 0 0 0 0 0 0 0 0 9 0 0 5 0 0 0 0 8 0 0 20 0 0 0 0 0 0 0 
P8355 2058 1 0 12 0 6 0 0 0 0 0 0 0 19 26 0 9 0 0 0 12 0 0 0 0 0 0 0 23 119 118 56 28 
P8355 2058 2 0 0 0 23 16 18 0 10 4 0 7 31 37 0 0 0 8 13 0 0 6 0 0 23 23 0 0 0 -999 -999 -999 
P8355 2058 3 0 0 0 13 0 0 0 0 0 0 0 0 0 0 0 0 0 26 27 0 14 0 0 0 2 0 0 5 0 0 24 
P8355 2058 4 41 46 0 0 10 8 0 30 0 0 0 69 144 98 64 0 52 54 32 0 22 27 27 25 29 20 10 24 23 0 -999 
P8355 2058 5 20 0 0 0 0 24 0 0 0 6 0 0 0 48 0 0 0 47 55 54 0 0 0 0 0 0 0 0 0 0 0 
P8355 2058 6 37 31 0 0 13 0 0 0 0 19 0 0 20 24 0 0 0 25 0 0 16 0 0 0 0 0 13 0 0 0 -999 
P8355 2058 7 0 0 0 0 0 0 0 0 0 0 0 0 0 0 24 0 0 0 0 0 0 0 0 0 0 0 0 0 0 0 0 
P8355 2058 8 0 0 22 0 0 11 0 0 0 0 0 0 0 0 0 0 0 24 0 0 0 0 11 0 0 15 0 0 0 0 0 
P8355 2058 9 0 0 0 0 0 0 32 0 21 44 0 0 0 0 11 0 0 0 0 0 0 0 0 0 0 0 0 0 0 15 -999 
P8355 2058 10 4 0 0 43 0 17 17 3 0 0 0 0 0 0 0 14 0 0 0 40 0 0 0 11 0 0 0 0 0 0 0 
P8355 2058 11 0 4 0 0 0 0 0 0 0 0 29 0 0 0 0 0 0 0 0 0 0 7 0 0 0 0 0 0 3 4 -999 
P8355 2058 12 0 0 0 0 0 0 20 30 0 0 0 0 0 0 0 0 0 5 0 3 0 40 0 0 10 14 0 10 0 0 0 
P8355 2059 1 2 0 0 5 0 0 3 0 3 0 0 0 7 0 0 0 7 0 0 0 0 0 0 0 0 0 4 0 0 0 0 
P8355 2059 2 3 0 0 0 0 0 0 0 0 9 44 114 35 0 0 2 0 0 0 0 0 0 0 0 0 0 0 0 -999 -999 -999 
P8355 2059 3 0 1 0 0 0 0 0 0 0 9 0 0 0 0 7 6 14 0 28 0 0 0 0 0 36 83 103 44 44 50 41 
P8355 2059 4 42 15 6 10 0 17 21 0 0 42 17 19 26 15 0 0 12 0 20 17 29 20 12 25 0 0 0 0 0 0 -999 
P8355 2059 5 0 0 9 17 0 24 0 0 0 0 0 24 35 0 0 36 48 0 0 0 16 14 28 0 0 0 0 12 0 0 0 
P8355 2059 6 0 0 0 18 17 0 0 37 0 22 0 0 0 0 0 0 0 0 0 0 0 0 0 0 0 30 19 0 0 0 -999 
P8355 2059 7 0 0 0 0 12 0 0 0 0 0 19 0 0 0 0 0 0 0 19 0 0 0 0 0 0 0 0 0 0 0 0 
P8355 2059 8 0 0 15 0 0 0 0 0 0 0 0 0 0 0 0 0 0 0 16 0 0 0 0 0 0 56 0 0 0 0 0 
P8355 2059 9 17 0 0 0 0 0 15 0 20 0 0 0 0 14 0 0 0 0 0 0 0 5 10 6 0 0 0 0 0 0 -999 
P8355 2059 10 0 0 6 8 0 0 0 6 10 0 0 0 0 0 0 18 0 0 0 20 5 0 0 0 0 0 0 0 0 0 0 
P8355 2059 11 0 0 0 7 3 3 0 0 0 0 0 3 0 0 11 12 0 9 20 18 0 0 5 0 0 0 0 0 0 0 -999 
P8355 2059 12 0 0 0 32 0 33 0 42 0 26 0 35 0 0 0 0 6 0 0 0 0 9 0 0 0 10 0 0 25 20 13 
P8355 2060 1 0 14 0 0 0 12 0 14 0 0 36 107 90 49 0 36 0 0 0 0 0 0 0 10 0 0 0 0 0 0 11 
P8355 2060 2 19 29 14 0 0 0 0 6 0 0 3 0 0 0 0 4 2 0 0 12 0 0 0 0 0 0 0 0 -999 -999 -999 
P8355 2060 3 10 4 0 30 0 119 114 52 0 0 0 0 0 10 0 0 0 0 0 0 31 0 0 70 21 22 41 44 52 45 0 
P8355 2060 4 21 45 0 0 41 34 23 33 52 54 37 30 24 23 32 18 0 0 0 0 0 0 0 0 0 0 52 0 16 10 -999 
P8355 2060 5 8 0 0 0 0 0 5 9 0 30 29 0 7 3 0 0 0 0 0 0 25 0 0 0 0 0 0 18 25 0 0 
P8355 2060 6 0 15 18 15 0 32 0 14 27 25 0 25 0 25 29 0 26 0 28 0 0 0 0 0 0 0 0 0 22 0 -999 
P8355 2060 7 0 20 19 0 0 0 0 0 0 0 0 0 16 0 0 0 0 0 0 0 0 18 0 0 0 0 0 0 14 0 0 
P8355 2060 8 0 0 0 0 0 0 0 0 0 0 21 0 0 0 0 0 0 0 24 17 0 0 6 0 0 0 31 0 0 0 0 
P8355 2060 9 0 0 0 0 0 0 0 0 0 0 0 71 0 0 0 0 0 0 0 13 0 0 0 0 0 0 0 0 16 23 -999 
P8355 2060 10 0 0 0 0 0 0 0 0 8 0 0 0 0 0 0 0 0 0 5 0 0 0 8 0 0 10 0 0 0 0 0 
P8355 2060 11 0 0 0 26 22 0 0 12 0 7 6 24 0 0 0 0 18 25 59 29 0 0 0 13 0 7 0 0 0 0 -999 
P8355 2060 12 0 0 0 16 0 20 20 0 0 0 0 0 0 0 0 11 0 0 18 0 0 11 0 23 7 0 6 0 45 0 0 
P8355 2061 1 21 0 21 17 11 19 37 32 0 11 0 0 0 1 0 0 0 0 0 0 0 9 0 16 15 0 0 0 0 0 4 
P8355 2061 2 7 0 0 0 8 0 7 0 21 0 20 23 0 0 0 0 0 0 4 0 4 11 0 0 49 24 22 0 -999 -999 -999 
P8355 2061 3 40 0 0 0 0 0 0 0 25 44 58 0 0 0 20 35 42 38 0 0 0 0 0 34 57 44 0 0 0 0 0 
P8355 2061 4 30 48 40 20 13 0 0 28 47 45 17 0 0 0 12 0 0 0 0 0 0 0 7 0 0 0 55 0 42 53 -999 
P8355 2061 5 31 0 0 0 0 0 33 0 0 0 12 0 22 48 0 28 0 0 13 14 0 0 0 0 0 0 0 0 0 0 0 
P8355 2061 6 30 0 0 0 14 0 0 0 26 0 0 0 0 0 28 0 0 19 0 0 0 0 0 0 16 0 0 16 0 0 -999 
P8355 2061 7 0 0 0 0 0 13 0 0 0 0 0 0 0 0 29 0 0 0 0 0 0 0 0 0 0 0 0 11 0 17 0 
P8355 2061 8 0 0 0 0 0 0 0 0 0 0 18 0 0 0 0 0 0 0 0 0 0 0 0 0 0 0 0 0 12 14 0 
P8355 2061 9 0 14 0 0 0 0 0 0 0 0 0 0 29 25 0 0 8 0 0 0 0 0 0 0 8 17 0 0 11 0 -999 
P8355 2061 10 0 0 17 22 13 0 19 0 0 0 0 0 0 5 0 20 5 0 0 14 8 9 42 0 0 0 11 21 11 0 0 
P8355 2061 11 0 0 0 0 0 0 0 0 0 0 0 0 13 5 0 5 13 19 0 0 0 0 1 0 0 0 0 0 94 23 -999 
P8355 2061 12 5 8 0 0 0 6 4 0 0 6 9 0 2 0 25 32 29 16 14 16 33 38 25 0 0 10 0 0 0 0 0 
P8355 2062 1 0 0 0 0 0 0 0 0 0 0 0 2 0 4 0 5 0 0 18 0 0 0 0 0 0 0 0 0 0 0 0 
P8355 2062 2 0 0 0 0 0 0 0 0 0 5 3 0 0 4 0 0 0 0 0 0 0 11 0 36 0 30 26 16 -999 -999 -999 
P8355 2062 3 0 0 15 10 17 26 0 0 0 0 25 28 42 64 40 0 0 0 42 47 0 19 17 12 0 4 1 0 0 0 0 
P8355 2062 4 0 0 0 0 0 8 0 0 0 6 9 10 8 0 0 6 0 12 0 0 25 31 23 0 0 0 0 21 16 22 -999 
P8355 2062 5 0 0 0 0 0 0 0 37 0 30 37 12 0 0 0 17 0 0 0 0 0 20 0 0 0 50 14 0 0 0 0 
P8355 2062 6 0 0 36 0 40 19 26 26 24 0 0 20 0 22 0 0 0 0 0 0 25 0 29 0 0 0 0 19 0 0 -999 
P8355 2062 7 31 0 0 31 0 0 0 0 0 0 0 0 19 0 19 0 0 25 0 25 0 0 0 0 0 0 0 0 0 0 0 
P8355 2062 8 12 0 18 0 0 0 0 0 0 0 0 0 0 0 0 0 0 0 25 11 0 0 0 0 0 0 0 0 0 0 0 
P8355 2062 9 0 0 0 22 0 0 0 0 0 0 0 0 20 0 0 0 0 0 0 0 0 0 0 17 0 0 0 27 0 21 -999 
P8355 2062 10 15 0 38 57 0 20 15 15 7 0 15 18 26 0 0 3 0 0 0 11 0 0 0 13 0 0 0 0 0 0 0 
P8355 2062 11 0 0 0 0 17 0 12 0 26 0 0 0 0 10 6 0 0 0 0 0 0 0 0 5 0 16 0 0 0 0 -999 
P8355 2062 12 0 18 0 4 0 0 0 11 9 7 0 40 0 0 0 0 0 0 0 0 0 0 0 0 0 0 0 11 8 0 27 
P8355 2063 1 67 43 25 15 10 14 0 5 8 0 2 0 22 17 20 0 38 20 11 0 35 0 11 15 42 0 0 0 0 12 6 
P8355 2063 2 24 0 1 4 0 0 0 0 0 0 0 0 0 9 0 12 33 0 0 7 0 0 12 0 0 0 2 2 -999 -999 -999 
P8355 2063 3 0 0 0 0 12 13 0 39 0 0 35 58 52 48 0 51 0 0 15 13 9 21 25 19 0 35 21 0 0 0 0 
P8355 2063 4 6 0 11 0 0 0 0 0 24 0 12 0 0 26 36 0 9 0 13 0 26 20 0 0 0 0 0 4 10 21 -999 
P8355 2063 5 20 0 0 0 0 13 0 0 0 0 31 0 0 34 21 17 0 0 0 0 0 0 0 0 0 0 19 0 0 0 0 
P8355 2063 6 0 14 0 0 0 0 0 0 0 0 0 0 0 0 0 0 0 28 0 0 15 0 0 0 7 0 0 0 0 0 -999 
P8355 2063 7 0 0 0 0 0 46 0 0 0 0 0 0 0 0 0 0 30 30 17 0 0 0 0 15 0 0 0 0 0 0 0 
P8355 2063 8 0 0 0 0 0 0 0 0 0 0 0 0 0 0 0 0 0 22 0 0 0 0 0 19 17 0 0 19 0 13 10 
P8355 2063 9 0 0 0 0 8 0 0 0 0 0 0 0 0 27 0 0 0 16 20 0 17 0 0 0 0 0 30 15 21 0 -999 
P8355 2063 10 0 0 10 0 0 0 0 0 0 0 0 0 0 0 0 6 0 0 0 0 0 12 25 0 0 10 0 0 0 9 0 
P8355 2063 11 0 0 0 0 0 0 0 0 0 0 0 0 0 0 0 0 0 0 0 0 3 0 5 0 0 4 0 0 0 2 -999 
P8355 2063 12 0 0 0 0 0 0 0 0 0 0 0 0 0 0 5 18 10 34 0 9 0 0 0 0 0 0 0 0 0 0 0 
P8355 2064 1 0 0 0 0 0 4 0 0 0 0 5 0 0 0 0 0 0 0 4 0 0 0 0 0 0 5 7 11 0 7 0 
P8355 2064 2 0 0 0 28 0 28 0 0 5 0 5 5 0 0 0 0 0 0 0 0 0 0 0 11 0 0 0 14 -999 -999 -999 
P8355 2064 3 12 0 4 0 37 73 30 0 35 0 0 13 21 0 0 68 101 41 0 0 50 38 21 20 0 39 11 0 0 17 0 
P8355 2064 4 0 0 0 0 0 124 57 34 0 23 0 90 59 27 0 0 0 24 28 0 25 0 29 0 19 23 0 28 0 0 -999 
P8355 2064 5 40 40 34 0 13 22 0 26 0 0 0 7 0 18 0 0 37 0 20 0 33 16 0 15 0 0 0 0 0 0 0 
P8355 2064 6 0 0 30 0 0 0 27 29 28 0 0 0 0 0 45 0 0 0 0 0 0 11 0 0 0 0 0 0 23 0 -999 
P8355 2064 7 0 0 34 0 24 0 0 43 35 0 0 0 0 0 0 0 0 0 0 0 0 0 0 0 0 0 0 0 0 0 0 
P8355 2064 8 0 0 0 0 0 0 0 0 14 0 0 0 0 24 0 15 12 0 0 0 0 0 0 0 0 42 54 34 0 0 0 
P8355 2064 9 36 0 7 0 0 0 0 8 0 0 0 0 0 25 28 0 13 0 10 24 34 39 9 18 0 0 12 0 0 0 -999 
P8355 2064 10 6 0 0 21 0 16 27 0 21 0 0 0 0 0 0 0 0 0 0 0 0 8 0 8 0 0 0 4 0 3 0 
P8355 2064 11 0 0 0 0 0 0 0 0 4 0 0 4 0 0 21 0 0 0 0 0 0 0 0 0 0 0 4 3 5 5 -999 
P8355 2064 12 11 0 0 0 0 7 0 26 18 0 0 1 0 5 0 0 9 0 9 0 0 22 0 31 0 0 0 0 0 0 0 
P8355 2065 1 0 0 0 0 5 10 14 12 0 0 8 0 0 17 0 8 0 0 0 6 0 0 0 0 6 8 0 0 0 0 0 
P8355 2065 2 11 0 0 0 9 0 10 0 3 0 0 26 47 75 191 58 70 39 25 43 23 0 0 0 10 0 0 0 -999 -999 -999 
P8355 2065 3 0 0 0 0 0 0 0 0 0 0 14 0 0 11 6 7 21 0 24 0 0 42 58 97 75 64 0 75 0 48 42 
P8355 2065 4 32 0 0 0 0 25 0 0 13 0 0 0 0 27 0 0 0 0 15 0 0 0 0 0 0 15 0 0 0 0 -999 
P8355 2065 5 13 0 0 0 0 0 0 14 0 0 0 0 29 21 17 0 0 0 0 0 38 25 0 0 0 0 0 0 0 0 12 
P8355 2065 6 0 0 0 0 19 24 0 0 0 0 0 5 15 0 0 0 0 0 0 0 25 0 0 0 0 0 33 0 0 0 -999 
P8355 2065 7 0 0 0 0 0 11 22 0 0 0 28 0 0 0 20 0 0 0 0 0 0 5 0 0 18 16 0 0 0 0 0 
P8355 2065 8 0 0 0 0 0 0 0 0 10 21 0 0 0 0 0 0 0 0 0 0 0 0 0 0 0 7 0 0 14 0 0 
P8355 2065 9 0 0 0 9 0 12 0 0 0 0 0 0 0 0 0 0 0 0 0 0 0 0 0 0 0 23 22 0 24 0 -999 
P8355 2065 10 0 0 6 9 0 36 0 36 68 26 19 0 7 0 9 0 5 0 0 45 10 6 28 43 0 8 0 0 20 0 0 
P8355 2065 11 11 0 0 0 0 5 0 0 0 0 0 0 0 0 0 0 0 0 0 13 0 11 0 3 0 0 11 0 0 0 -999 
P8355 2065 12 0 0 0 0 7 0 0 0 13 18 71 120 0 0 7 15 0 0 0 17 15 0 0 21 0 20 12 8 0 0 0 
P8355 2066 1 2 0 0 0 0 0 17 20 22 23 16 57 12 0 8 0 0 0 18 0 0 0 0 21 14 0 28 0 8 0 0 
P8355 2066 2 0 0 0 0 0 0 0 0 0 3 0 0 0 0 0 1 0 0 0 0 0 15 10 4 35 37 24 24 -999 -999 -999 
P8355 2066 3 0 0 0 0 0 0 0 0 0 0 0 0 0 10 0 0 0 0 0 0 0 0 0 0 13 0 0 0 0 0 25 
P8355 2066 4 0 0 19 0 0 6 0 0 8 9 22 19 0 0 20 30 29 0 0 0 0 0 0 10 14 0 0 0 0 10 -999 
P8355 2066 5 0 0 0 14 0 0 0 0 0 0 0 0 25 0 0 0 0 21 32 17 0 0 0 0 0 0 11 0 0 0 0 
P8355 2066 6 0 0 0 0 0 37 0 0 0 0 0 0 0 22 26 0 0 0 0 0 0 26 0 0 0 0 0 0 0 15 -999 
P8355 2066 7 0 0 0 0 0 0 0 23 0 0 0 0 0 0 0 0 0 0 0 15 0 0 0 0 0 0 0 0 0 0 0 
P8355 2066 8 0 0 0 0 0 0 0 13 0 15 0 0 0 0 0 0 0 21 0 18 16 0 0 0 0 0 0 0 0 0 0 
P8355 2066 9 0 0 0 0 39 0 0 0 0 0 0 0 0 0 0 0 0 0 0 0 0 0 20 0 18 0 0 0 17 0 -999 
P8355 2066 10 0 0 20 30 31 0 11 0 0 12 15 13 0 12 0 14 0 0 19 0 0 14 0 0 4 0 0 0 47 39 0 
P8355 2066 11 11 10 0 23 0 13 0 0 17 3 5 0 0 0 9 0 0 0 13 0 38 0 0 0 0 0 0 0 0 0 -999 
P8355 2066 12 0 0 9 0 7 0 0 0 0 0 0 3 0 0 36 30 54 39 18 16 0 0 0 0 0 0 0 0 0 17 0 
P8355 2067 1 0 0 14 0 0 0 0 3 0 7 30 89 32 0 41 0 0 0 23 0 45 118 56 36 16 23 37 29 0 0 0 
P8355 2067 2 7 0 12 8 10 0 0 0 0 0 0 0 0 16 10 0 2 0 42 36 6 0 0 0 0 0 0 9 -999 -999 -999 
P8355 2067 3 0 0 20 0 0 0 0 24 40 53 21 23 7 2 0 0 2 0 0 14 29 0 0 0 0 0 0 0 0 0 0 
P8355 2067 4 0 0 0 17 0 12 15 0 0 0 0 0 0 0 23 20 0 34 33 0 15 8 28 53 0 0 17 27 26 24 -999 
P8355 2067 5 0 38 39 0 0 0 18 0 17 0 40 37 23 0 0 0 0 0 25 0 26 0 0 0 0 13 0 0 0 16 0 
P8355 2067 6 0 0 0 15 0 11 0 0 0 0 0 0 19 24 0 25 36 27 23 0 0 0 14 0 0 0 0 19 21 27 -999 
P8355 2067 7 0 0 17 0 18 0 0 0 0 0 0 16 0 0 0 0 17 0 0 0 7 0 10 0 25 20 20 0 0 14 0 
P8355 2067 8 0 0 23 0 0 0 0 15 0 0 0 0 0 0 17 0 0 0 0 0 27 0 0 0 0 0 0 22 0 0 0 
P8355 2067 9 0 0 0 0 0 0 0 0 16 0 0 0 0 0 20 0 0 0 0 0 0 0 14 0 13 0 0 0 0 0 -999 
P8355 2067 10 0 0 0 11 0 0 0 16 0 0 0 5 9 13 0 0 0 0 0 4 0 0 0 0 6 6 0 0 0 0 0 
P8355 2067 11 0 0 1 3 0 0 0 0 0 0 0 0 3 5 6 0 11 0 9 0 0 0 0 0 0 0 0 1 0 0 -999 
P8355 2067 12 0 9 9 0 0 0 0 0 0 0 0 0 0 0 0 2 0 0 0 0 7 0 3 0 0 0 0 14 8 0 2 
P8355 2068 1 0 0 3 0 0 29 27 4 0 0 0 0 0 0 0 0 0 0 0 0 0 0 0 0 9 0 28 13 7 5 0 
P8355 2068 2 0 0 3 0 10 39 48 56 0 0 9 13 0 0 0 0 0 0 0 0 0 24 0 46 16 0 0 0 -999 -999 -999 
P8355 2068 3 0 17 0 0 0 49 42 0 0 0 2 0 0 0 0 0 0 0 3 0 4 7 8 0 0 0 1 0 0 0 0 
P8355 2068 4 9 7 0 14 17 14 16 52 27 10 13 0 30 0 29 25 28 18 0 3 0 0 20 0 0 0 22 0 0 0 -999 
P8355 2068 5 37 40 54 0 18 0 33 0 16 32 0 0 42 35 0 34 50 0 25 31 33 0 12 0 29 35 31 0 32 0 26 
P8355 2068 6 52 0 11 13 0 9 0 0 0 9 0 0 0 14 0 0 0 0 0 0 0 0 0 0 0 0 0 0 0 0 -999 
P8355 2068 7 0 0 0 0 0 0 0 27 0 0 0 0 0 0 0 0 15 0 0 0 0 0 0 21 0 0 21 0 0 0 0 
P8355 2068 8 19 0 0 15 0 0 0 0 0 0 0 20 22 23 15 0 0 0 0 0 0 0 0 0 0 34 0 0 23 0 0 
P8355 2068 9 11 0 0 0 21 0 0 0 0 26 67 0 0 0 0 19 0 17 0 0 12 0 14 0 0 0 0 0 17 0 -999 
P8355 2068 10 0 0 0 0 0 0 0 0 0 0 0 0 0 0 0 0 0 0 0 0 0 0 0 0 0 0 0 0 0 0 20 
P8355 2068 11 0 0 0 0 0 6 0 0 0 4 7 0 0 0 0 0 0 0 0 16 13 0 11 0 0 0 4 1 0 1 -999 
P8355 2068 12 0 0 0 0 0 0 0 10 13 0 0 0 5 37 28 11 0 0 0 0 21 19 12 12 17 48 28 0 23 30 0 
P8355 2069 1 0 0 66 0 0 0 3 0 0 0 0 0 3 0 0 0 0 0 0 0 0 0 0 0 0 0 0 18 21 0 0 
P8355 2069 2 0 0 0 25 43 0 0 0 28 13 0 0 0 0 0 0 0 0 0 6 27 26 0 0 0 0 0 0 -999 -999 -999 
P8355 2069 3 8 0 0 0 15 0 0 14 16 0 0 0 0 22 0 7 0 0 0 5 0 0 15 28 59 58 46 28 22 0 75 
P8355 2069 4 0 0 39 24 21 0 39 0 0 32 0 29 18 0 0 11 0 21 11 0 14 28 20 9 0 0 0 0 0 5 -999 
P8355 2069 5 8 9 0 22 18 3 0 18 9 0 31 30 0 0 73 132 72 38 0 37 56 21 16 0 37 17 12 15 17 0 20 
P8355 2069 6 0 0 18 0 0 0 0 0 0 17 8 0 0 0 0 0 0 0 0 7 0 0 0 0 0 9 0 0 0 15 -999 
P8355 2069 7 0 0 0 0 0 0 0 0 0 0 0 0 0 20 0 0 15 6 15 20 0 0 0 0 12 0 0 0 0 9 0 
P8355 2069 8 0 18 20 0 0 0 0 0 0 0 0 0 0 19 0 0 0 0 0 0 0 0 19 0 0 0 0 0 0 0 0 
P8355 2069 9 0 16 0 0 0 0 0 21 23 0 0 0 0 0 25 11 0 0 0 15 15 10 0 0 0 0 0 0 22 0 -999 
P8355 2069 10 0 0 0 15 0 0 0 0 0 0 5 0 2 0 0 0 0 29 0 38 16 0 12 0 0 0 14 0 15 0 0 
P8355 2069 11 0 0 0 0 0 1 0 12 9 0 2 0 5 0 0 0 0 0 0 0 0 0 0 0 0 0 0 0 0 0 -999 
P8355 2069 12 0 0 0 0 0 0 14 0 0 0 0 0 0 0 0 71 52 0 21 0 36 0 0 0 9 7 0 15 26 16 0 
P8355 2070 1 0 0 0 0 0 9 10 22 44 0 0 6 0 0 0 0 0 0 2 0 0 0 0 0 0 0 0 0 0 0 163 
P8355 2070 2 93 33 19 0 0 0 0 0 0 15 15 13 0 0 0 0 17 0 0 0 23 32 73 99 42 14 34 14 -999 -999 -999 
P8355 2070 3 0 0 7 0 20 26 0 15 15 0 0 0 0 21 46 11 10 0 0 26 61 57 57 61 32 0 26 0 47 38 0 
P8355 2070 4 23 0 28 24 12 0 0 0 10 5 0 8 0 0 22 0 19 0 0 0 0 0 0 0 0 34 56 0 0 35 -999 
P8355 2070 5 0 0 37 82 40 31 0 0 0 0 0 0 0 15 25 56 0 0 0 0 0 0 0 0 0 0 0 0 0 0 0 
P8355 2070 6 0 18 0 0 0 0 0 0 0 0 0 0 0 0 0 0 26 0 0 0 0 0 0 0 0 18 25 30 0 0 -999 
P8355 2070 7 0 0 19 0 0 0 22 22 0 25 0 0 0 0 0 0 0 0 0 0 0 0 23 0 0 36 41 0 0 0 0 
P8355 2070 8 0 0 0 0 20 0 0 0 21 0 0 0 0 0 0 0 0 0 0 0 0 9 0 16 0 0 0 0 11 0 0 
P8355 2070 9 28 0 0 19 22 16 0 0 0 10 0 0 0 0 0 0 23 0 14 14 0 0 0 0 0 0 0 0 0 12 -999 
P8355 2070 10 0 0 0 0 0 0 0 0 22 29 0 0 20 11 0 0 17 0 0 0 0 0 0 0 0 0 0 0 0 11 0 
P8355 2070 11 0 0 0 0 0 0 0 0 0 0 0 0 0 0 0 0 0 0 7 0 0 0 22 0 9 0 31 29 15 0 -999 
P8355 2070 12 0 0 0 0 6 0 0 0 0 0 6 0 0 5 0 0 35 18 0 0 0 27 27 0 7 24 0 0 0 89 100 
P8355 2071 1 0 0 12 18 11 0 0 0 0 0 0 0 18 0 0 0 44 122 106 0 38 47 19 0 13 0 34 0 21 34 12 
P8355 2071 2 0 0 0 16 8 8 0 0 7 0 0 0 0 0 0 0 25 0 33 0 64 110 84 32 37 0 0 16 -999 -999 -999 
P8355 2071 3 0 27 0 47 0 50 62 27 18 28 29 31 15 0 28 26 24 0 53 0 0 0 0 0 0 0 6 0 0 0 0 
P8355 2071 4 0 0 75 41 0 0 0 0 0 0 0 0 16 21 0 0 0 0 0 0 33 67 32 23 22 30 27 26 0 0 -999 
P8355 2071 5 0 0 0 28 47 47 0 31 31 16 9 16 0 0 12 23 34 12 0 0 21 30 29 0 0 27 17 0 22 0 0 
P8355 2071 6 0 18 15 0 9 0 7 11 0 16 11 0 0 39 0 0 0 32 0 0 0 19 0 0 0 0 0 0 0 15 -999 
P8355 2071 7 38 37 18 0 0 28 0 0 0 0 0 0 0 0 31 0 9 18 0 0 0 0 0 0 19 0 0 0 0 0 0 
P8355 2071 8 0 0 0 0 0 0 0 0 0 0 0 0 0 0 0 0 0 0 0 0 0 0 0 0 0 0 0 0 0 0 13 
P8355 2071 9 18 0 16 0 0 0 0 0 16 15 0 0 0 12 0 0 0 0 0 0 0 0 0 0 0 0 0 27 23 26 -999 
P8355 2071 10 8 0 0 11 0 0 0 0 0 13 0 0 0 0 0 37 27 0 0 0 0 0 0 0 0 5 0 0 25 0 0 
P8355 2071 11 0 21 12 9 0 0 0 13 0 0 0 0 2 0 0 0 0 17 3 0 0 0 0 0 15 26 0 0 0 0 -999 
P8355 2071 12 0 0 0 14 0 65 34 28 22 23 0 22 0 0 3 0 0 2 2 0 3 0 9 18 0 31 11 0 0 0 0 
P8355 2072 1 33 0 7 0 10 0 0 0 0 0 0 0 0 0 0 0 0 0 0 1 1 0 0 3 0 5 0 0 7 0 0 
P8355 2072 2 30 38 62 43 25 0 25 0 0 0 0 0 0 0 0 0 0 0 62 38 0 38 0 0 0 15 36 19 -999 -999 -999 
P8355 2072 3 0 0 0 0 0 0 0 0 0 0 0 7 11 0 0 21 0 0 0 0 38 54 68 47 0 52 70 57 56 0 11 
P8355 2072 4 0 0 0 26 31 0 0 0 11 27 0 0 0 0 0 17 0 0 0 0 9 0 0 0 0 0 0 0 0 0 -999 
P8355 2072 5 0 0 0 0 0 0 21 0 15 0 0 14 0 0 0 0 0 30 25 0 0 10 17 0 10 8 0 0 0 0 14 
P8355 2072 6 12 0 14 0 0 0 0 14 0 23 21 24 0 0 0 0 0 16 0 8 0 20 0 0 17 30 0 0 0 0 -999 
P8355 2072 7 0 51 0 0 0 0 31 14 0 0 0 0 0 0 12 13 12 0 0 0 0 0 0 0 0 0 0 0 14 0 0 
P8355 2072 8 13 0 0 0 0 0 0 0 0 0 0 0 0 0 0 0 0 0 17 0 0 0 0 0 0 0 0 15 14 0 0 
P8355 2072 9 0 0 0 0 0 0 0 0 15 0 0 0 14 17 0 21 0 12 0 0 0 0 0 12 0 0 0 0 6 0 -999 
P8355 2072 10 0 0 0 17 0 17 13 0 0 0 23 0 0 18 0 0 38 0 0 0 0 7 0 0 0 0 0 0 1 4 0 
P8355 2072 11 0 9 15 21 7 0 0 0 0 0 0 0 0 0 0 0 0 0 0 0 16 0 0 0 0 0 0 0 0 0 -999 
P8355 2072 12 0 0 18 14 9 9 0 17 0 8 0 0 0 0 0 0 18 0 0 23 39 31 11 4 0 63 0 0 0 0 9 
P8355 2073 1 0 0 0 0 0 0 0 0 0 0 0 0 0 0 0 0 13 0 23 42 38 16 0 0 64 77 30 7 11 0 0 
P8355 2073 2 16 18 17 20 0 24 0 0 0 0 0 0 0 0 0 0 0 0 0 0 1 0 0 0 0 17 14 21 -999 -999 -999 
P8355 2073 3 71 0 0 7 13 12 7 27 0 43 18 0 0 31 46 38 0 0 20 25 53 64 0 0 0 5 28 0 58 63 50 
P8355 2073 4 0 0 0 0 0 36 0 0 0 0 0 0 30 0 0 12 15 36 0 23 23 0 24 102 71 42 29 0 0 8 -999 
P8355 2073 5 0 9 0 0 17 0 29 20 0 0 0 0 0 83 20 0 0 5 0 0 10 9 0 0 0 24 0 0 0 12 0 
P8355 2073 6 0 14 18 0 21 0 0 0 22 0 0 0 0 0 0 0 0 0 0 0 0 0 37 0 0 0 0 0 0 0 -999 
P8355 2073 7 0 0 10 0 0 17 0 0 0 0 0 15 19 0 25 0 0 19 0 13 0 0 0 0 0 0 0 0 0 0 0 
P8355 2073 8 0 0 0 0 12 20 0 0 0 0 0 0 0 0 24 0 0 0 0 22 0 29 0 0 0 6 0 0 0 10 0 
P8355 2073 9 0 0 0 0 16 0 0 0 0 16 0 21 21 17 0 35 12 0 0 0 0 0 0 0 0 0 0 0 0 0 -999 
P8355 2073 10 0 0 0 0 0 0 0 0 0 0 4 0 2 0 0 6 0 0 8 0 0 3 0 0 0 0 0 0 0 4 0 
P8355 2073 11 17 13 0 0 8 0 0 0 0 0 0 0 8 0 19 45 20 0 65 47 26 24 0 0 20 0 10 20 0 0 -999 
P8355 2073 12 0 0 5 0 0 11 15 0 0 0 0 18 0 0 0 0 0 0 0 35 0 0 0 0 0 0 0 21 62 0 85 
P8355 2074 1 52 10 0 27 80 132 51 20 37 37 30 59 101 0 0 0 0 0 0 0 0 0 0 0 0 0 0 0 0 1 0 
P8355 2074 2 0 0 11 15 0 5 8 16 0 24 35 0 22 65 0 27 52 39 0 20 33 0 0 0 0 45 43 55 -999 -999 -999 
P8355 2074 3 27 7 0 0 0 21 0 41 29 30 0 0 0 0 0 0 0 0 4 0 0 0 0 0 0 3 0 0 0 9 16 
P8355 2074 4 0 26 0 0 21 4 0 0 0 0 0 13 16 0 26 49 7 8 14 12 0 0 0 0 0 17 0 0 37 0 -999 
P8355 2074 5 46 0 0 46 35 0 0 0 0 0 0 34 11 0 27 18 0 0 10 11 23 14 0 0 6 0 0 0 0 32 37 
P8355 2074 6 0 0 23 21 0 0 21 0 0 22 0 0 9 0 0 9 10 0 29 0 0 19 0 0 0 0 53 0 0 10 -999 
P8355 2074 7 0 0 0 19 0 0 0 0 0 27 0 0 0 0 0 0 0 0 0 0 0 0 0 0 0 0 0 0 0 0 0 
P8355 2074 8 0 0 0 0 0 0 0 0 0 0 0 0 0 0 0 0 10 0 0 0 0 16 0 17 0 0 0 0 0 16 0 
P8355 2074 9 0 17 0 18 0 0 0 0 0 12 0 0 0 6 0 13 0 0 0 0 13 0 0 8 0 0 6 0 0 0 -999 
P8355 2074 10 0 0 0 0 0 16 0 0 0 0 0 0 0 0 0 0 14 0 0 29 29 0 44 27 7 0 0 0 0 0 1 
P8355 2074 11 0 0 0 0 7 7 0 10 0 0 0 5 0 8 7 4 4 0 1 3 0 3 0 0 0 0 0 0 0 12 -999 
P8355 2074 12 0 0 0 5 0 0 0 0 0 6 0 0 40 0 20 5 0 0 0 4 15 0 0 0 0 0 0 0 1 1 2 
P8355 2075 1 0 0 0 0 0 0 9 8 0 17 0 19 16 0 0 0 0 0 0 0 0 0 0 1 0 0 0 0 0 0 0 
P8355 2075 2 0 16 0 33 34 0 0 20 50 0 37 45 31 0 10 0 0 0 0 28 11 0 7 0 0 25 0 0 -999 -999 -999 
P8355 2075 3 0 32 27 0 2 0 10 12 0 20 28 0 0 0 0 15 0 16 0 0 17 61 50 79 32 8 3 0 0 0 0 
P8355 2075 4 0 0 21 0 27 38 38 73 49 0 0 0 0 0 0 0 0 0 47 44 26 35 38 0 0 16 42 31 19 0 -999 
P8355 2075 5 0 0 58 44 0 0 0 0 19 0 0 32 0 0 0 9 0 13 0 19 33 30 0 0 14 14 0 18 0 7 10 
P8355 2075 6 23 0 42 0 0 0 0 0 0 26 26 0 0 0 0 0 0 29 19 0 12 0 0 0 0 0 0 0 0 0 -999 
P8355 2075 7 0 0 13 0 0 0 23 0 0 0 0 0 0 0 0 0 29 0 0 0 0 0 22 0 0 0 0 0 0 0 17 
P8355 2075 8 0 0 0 0 21 0 0 0 0 0 0 0 20 27 25 21 20 0 0 0 23 22 0 0 0 0 0 0 0 0 0 
P8355 2075 9 0 14 0 0 0 0 0 0 0 0 0 0 0 0 0 6 10 16 0 0 0 0 0 0 0 24 0 0 0 0 -999 
P8355 2075 10 0 0 16 17 0 0 0 26 0 0 0 0 0 16 0 0 9 8 0 0 0 0 0 0 5 0 0 12 0 29 44 
P8355 2075 11 23 0 13 17 28 0 36 0 0 0 0 16 0 28 37 20 0 0 17 0 0 9 0 1 0 0 0 0 0 0 -999 
P8355 2075 12 0 0 0 0 0 0 10 25 32 8 18 23 0 0 27 0 22 0 8 0 4 0 0 0 0 0 0 0 0 0 0 
P8355 2076 1 0 0 0 0 0 0 0 0 0 0 9 0 8 0 0 0 0 0 0 0 8 7 2 0 0 0 0 0 0 0 8 
P8355 2076 2 0 6 5 16 0 8 0 0 0 0 0 0 0 0 0 16 0 0 7 0 0 0 0 5 0 0 84 73 -999 -999 -999 
P8355 2076 3 0 23 0 25 0 25 20 24 24 18 25 40 0 0 0 0 0 16 0 0 0 28 41 31 23 0 0 0 10 0 0 
P8355 2076 4 0 12 0 0 0 0 0 33 0 0 0 0 39 29 42 33 16 37 40 0 33 0 20 0 0 33 0 0 6 0 -999 
P8355 2076 5 0 53 0 29 0 11 0 0 0 0 0 0 0 46 28 26 0 0 0 0 0 0 0 0 0 0 0 0 25 0 0 
P8355 2076 6 22 0 0 0 0 0 0 18 21 0 0 0 0 16 0 0 16 19 0 0 47 6 0 0 0 0 0 0 0 0 -999 
P8355 2076 7 0 0 0 0 0 11 0 0 0 0 0 0 0 0 0 0 0 0 0 0 12 0 16 0 0 0 0 0 0 0 0 
P8355 2076 8 0 0 0 0 0 0 0 0 0 0 17 13 0 0 0 0 0 0 0 0 0 15 0 0 0 24 0 23 0 0 0 
P8355 2076 9 23 0 0 0 9 0 0 0 0 9 0 16 0 0 0 0 0 0 0 0 0 16 0 0 0 0 0 13 10 0 -999 
P8355 2076 10 0 0 0 0 20 0 0 0 0 0 0 0 0 0 0 0 0 0 0 0 0 0 8 0 0 16 0 22 0 0 0 
P8355 2076 11 10 0 0 0 0 0 0 0 0 0 0 0 31 0 13 15 23 32 0 131 101 54 21 0 0 0 0 19 5 0 -999 
P8355 2076 12 30 18 0 0 0 0 0 4 14 0 0 15 9 13 0 25 36 14 0 3 0 0 0 0 0 0 0 22 0 4 0 
P8355 2077 1 0 0 0 0 0 0 2 0 11 6 1 0 0 0 0 0 0 0 0 0 6 0 0 0 0 0 0 0 0 0 34 
P8355 2077 2 22 17 0 0 19 0 24 0 0 21 0 13 0 12 25 45 53 34 0 12 9 0 0 0 0 0 0 0 -999 -999 -999 
P8355 2077 3 0 12 23 0 0 106 109 67 0 17 33 33 20 10 12 0 0 0 42 36 48 0 22 33 34 0 13 0 0 0 0 
P8355 2077 4 13 23 12 8 18 18 17 0 0 17 17 0 14 0 36 39 41 0 27 0 43 0 0 0 0 26 0 0 0 15 -999 
P8355 2077 5 36 0 0 0 0 0 0 24 0 0 32 13 4 0 0 0 0 0 0 0 0 0 4 0 0 0 0 0 0 5 0 
P8355 2077 6 32 0 0 0 0 0 0 0 29 0 0 0 22 0 0 0 0 17 0 0 0 0 0 29 0 0 0 0 18 0 -999 
P8355 2077 7 0 26 0 0 0 45 0 0 0 16 0 12 19 0 22 0 0 0 0 0 0 0 0 0 19 0 0 0 0 0 0 
P8355 2077 8 0 18 20 0 0 0 0 0 18 0 0 20 6 0 0 0 0 0 0 24 19 0 0 0 0 20 0 0 0 0 0 
P8355 2077 9 23 0 0 0 0 0 12 0 0 0 0 0 0 0 0 0 0 0 0 0 0 0 0 0 0 0 0 0 0 0 -999 
P8355 2077 10 0 0 0 0 0 0 18 18 23 0 0 0 0 0 0 0 0 0 27 0 16 35 0 42 16 7 0 0 16 13 26 
P8355 2077 11 0 0 43 46 0 13 15 22 25 17 9 0 10 0 0 0 13 6 0 21 11 0 13 0 0 0 0 0 0 15 -999 
P8355 2077 12 0 0 0 0 0 8 0 0 7 0 25 54 0 0 0 0 14 0 0 0 0 0 0 0 6 0 31 18 9 0 18 
P8355 2078 1 0 113 64 26 11 0 0 0 15 31 0 0 23 12 0 0 16 35 0 0 0 0 0 0 0 0 0 8 0 0 0 
P8355 2078 2 0 0 10 0 0 0 0 0 0 0 0 0 0 0 0 0 0 0 0 0 0 0 0 0 29 45 0 0 -999 -999 -999 
P8355 2078 3 0 0 0 0 0 0 0 38 16 0 12 0 19 23 54 66 45 39 0 66 41 30 0 0 37 57 60 0 17 13 0 
P8355 2078 4 35 0 9 13 22 0 51 39 0 0 24 28 22 19 26 0 15 0 21 0 6 0 0 0 0 22 29 0 0 0 -999 
P8355 2078 5 0 56 0 0 0 17 14 0 0 0 0 0 38 28 0 0 0 0 0 4 7 0 0 0 0 0 0 25 0 12 0 
P8355 2078 6 0 27 0 16 0 40 11 8 12 13 0 0 9 17 27 0 0 0 0 0 0 12 0 0 19 0 0 0 0 0 -999 
P8355 2078 7 0 0 0 0 0 0 0 0 12 0 0 0 0 0 19 0 0 0 0 37 0 0 0 0 0 0 0 0 0 0 0 
P8355 2078 8 0 0 6 0 0 0 24 0 0 0 0 0 19 0 0 0 0 13 0 0 0 24 0 0 0 0 0 0 0 0 15 
P8355 2078 9 0 0 0 0 23 0 0 0 8 0 0 0 11 0 0 22 22 0 0 6 0 0 3 0 0 0 0 0 0 0 -999 
P8355 2078 10 0 0 0 0 13 11 6 0 0 0 0 0 0 13 16 12 0 9 0 19 0 6 0 0 0 0 0 0 0 0 0 
P8355 2078 11 0 0 0 1 0 0 0 3 2 7 0 0 0 0 0 0 21 0 7 0 10 13 0 0 0 0 5 0 0 0 -999 
P8355 2078 12 0 0 0 0 0 0 0 0 0 0 11 21 1 4 0 4 0 0 0 0 0 0 0 13 0 14 42 56 6 16 32 
P8355 2079 1 44 0 0 0 0 0 0 0 0 0 5 4 3 0 0 0 0 0 0 0 2 0 0 0 0 0 0 0 10 0 0 
P8355 2079 2 0 0 0 0 8 0 0 4 3 4 0 0 0 0 0 0 0 0 0 0 0 0 0 16 23 0 0 0 -999 -999 -999 
P8355 2079 3 25 31 19 11 0 21 15 5 0 0 0 0 0 0 0 0 0 0 0 0 24 32 0 36 38 56 47 40 0 20 0 
P8355 2079 4 33 38 61 100 51 0 0 0 0 0 31 47 79 0 37 19 20 0 21 0 0 11 20 0 0 0 0 0 2 3 -999 
P8355 2079 5 0 15 0 0 0 44 51 18 0 12 0 16 0 0 0 0 0 0 0 10 14 14 0 0 0 0 0 15 0 0 0 
P8355 2079 6 36 21 0 0 0 0 0 20 0 0 0 0 14 0 0 0 0 13 0 12 0 0 0 0 16 0 0 0 0 0 -999 
P8355 2079 7 0 0 0 0 0 0 0 0 0 25 0 0 0 0 0 0 0 0 0 0 0 0 0 19 0 0 23 0 0 0 0 
P8355 2079 8 0 0 0 0 0 0 21 0 0 23 0 0 0 19 0 0 0 0 0 20 0 27 0 0 12 0 11 0 21 0 0 
P8355 2079 9 0 0 0 0 0 0 0 0 0 11 0 16 0 0 0 6 0 0 0 12 15 12 0 0 0 10 0 7 0 0 -999 
P8355 2079 10 0 0 0 8 0 0 0 0 0 0 0 0 0 0 0 0 0 0 10 16 0 8 0 0 14 0 0 9 0 10 0 
P8355 2079 11 0 0 0 0 0 5 6 0 1 0 4 0 0 7 12 27 39 49 21 19 11 0 0 0 13 11 7 6 2 0 -999 
P8355 2079 12 5 12 15 16 12 0 0 0 0 7 10 8 2 0 0 0 0 0 4 4 0 0 0 0 0 0 8 0 0 0 0 
P8355 2080 1 0 0 0 0 0 2 0 0 0 0 0 0 0 0 0 0 0 0 0 0 0 0 0 0 0 0 0 0 39 85 40 
P8355 2080 2 0 5 5 0 0 4 5 0 0 0 48 44 0 18 0 0 0 0 0 19 0 47 0 0 0 0 6 0 -999 -999 -999 
P8355 2080 3 27 29 0 23 0 36 0 29 0 0 36 0 0 13 0 0 0 0 0 0 0 0 0 18 0 22 18 23 0 37 0 
P8355 2080 4 0 0 0 10 0 10 15 26 85 69 49 74 43 0 19 0 0 0 22 0 49 60 53 54 0 34 0 0 28 0 -999 
P8355 2080 5 0 0 0 0 0 22 27 0 0 0 29 21 6 0 0 0 36 0 0 0 40 37 0 0 0 0 0 0 0 0 0 
P8355 2080 6 0 0 0 40 0 0 0 0 0 0 0 0 0 0 22 0 0 23 0 21 16 0 0 9 6 0 0 0 0 0 -999 
P8355 2080 7 0 0 0 0 12 14 0 0 0 0 0 0 0 0 34 50 0 0 0 32 0 20 0 10 0 0 0 0 0 8 19 
P8355 2080 8 24 0 0 0 0 0 0 11 0 0 0 0 0 0 0 15 0 0 0 0 0 0 0 0 0 0 0 0 24 18 0 
P8355 2080 9 0 0 32 0 0 0 16 0 0 0 0 0 0 15 13 19 16 0 0 0 0 0 0 0 15 0 0 0 0 0 -999 
P8355 2080 10 0 0 0 18 10 0 6 0 8 8 0 11 0 0 9 0 0 2 0 0 0 0 0 0 3 0 0 4 0 0 0 
P8355 2080 11 0 4 0 0 3 8 0 0 20 24 0 0 0 27 0 25 0 20 0 26 0 63 0 0 0 0 10 0 7 0 -999 
P8355 2080 12 19 22 27 10 0 0 2 0 0 0 0 0 0 0 0 1 0 0 0 0 0 0 0 0 0 0 1 0 13 0 0 
P8355 2081 1 8 10 0 15 0 5 0 0 0 0 0 0 0 0 0 0 0 0 0 15 9 10 18 7 11 5 0 6 0 0 0 
P8355 2081 2 0 0 5 0 0 0 0 0 0 0 0 0 0 0 0 0 0 0 15 0 45 13 0 0 0 0 0 0 -999 -999 -999 
P8355 2081 3 25 23 27 40 19 0 20 0 0 30 35 38 26 25 34 17 13 36 0 0 11 35 17 9 3 0 14 6 18 29 16 
P8355 2081 4 0 0 0 0 8 0 35 27 0 8 0 0 6 0 24 14 4 17 0 21 0 19 0 41 0 0 14 0 19 0 -999 
P8355 2081 5 18 27 0 18 0 14 0 0 18 29 0 0 0 40 18 0 0 0 0 13 0 0 19 11 0 0 19 19 0 56 49 
P8355 2081 6 0 0 0 0 14 0 0 23 0 0 0 0 0 0 16 0 0 13 0 0 10 0 0 0 0 0 0 0 0 0 -999 
P8355 2081 7 0 0 0 0 11 0 0 23 0 0 0 9 0 0 0 0 0 0 0 0 0 13 0 0 0 0 21 0 0 0 25 
P8355 2081 8 0 13 0 20 0 0 0 29 29 0 0 0 0 0 0 0 15 0 17 19 0 0 0 0 0 0 0 0 0 30 0 
P8355 2081 9 11 0 0 0 0 0 11 0 0 0 0 0 0 0 0 0 0 0 16 0 0 0 0 0 0 0 4 0 0 15 -999 
P8355 2081 10 0 0 0 0 0 5 0 0 10 0 21 0 22 0 0 0 0 3 0 0 0 0 7 0 0 0 0 0 8 0 0 
P8355 2081 11 0 0 0 5 0 5 0 0 0 0 0 0 0 0 0 0 0 49 14 0 0 0 0 4 22 16 0 0 0 10 -999 
P8355 2081 12 13 0 22 22 0 18 21 18 25 0 23 51 93 71 0 8 0 17 0 0 0 0 0 0 0 0 0 0 0 0 10 
P8355 2082 1 10 0 23 0 21 0 26 0 0 0 0 16 0 0 0 0 22 0 0 0 0 38 0 0 0 0 10 12 0 0 0 
P8355 2082 2 0 0 0 0 0 0 0 0 0 0 0 6 0 0 2 0 0 0 0 0 0 8 0 0 20 0 4 9 -999 -999 -999 
P8355 2082 3 13 26 87 30 36 11 0 16 29 22 0 0 0 0 44 0 0 0 12 14 7 0 6 18 0 0 4 0 0 0 0 
P8355 2082 4 0 0 6 13 0 0 0 0 0 0 0 7 0 24 0 24 0 0 22 19 21 0 0 0 0 0 0 7 0 23 -999 
P8355 2082 5 0 0 0 0 0 0 0 33 37 26 14 0 0 27 0 14 0 0 0 33 49 0 0 0 0 0 0 0 21 0 0 
P8355 2082 6 35 0 24 28 0 11 0 0 27 0 40 0 0 0 0 0 0 26 28 0 24 0 0 0 21 0 0 0 0 0 -999 
P8355 2082 7 0 0 0 14 19 0 0 0 0 0 0 0 0 0 0 15 0 0 0 0 0 0 0 0 0 0 0 0 0 0 0 
P8355 2082 8 0 0 0 0 0 0 0 0 16 0 0 0 0 0 0 18 27 0 0 0 0 26 0 0 0 0 0 0 0 0 17 
P8355 2082 9 0 0 0 6 0 0 0 0 0 0 18 0 0 0 0 0 0 0 0 0 0 0 0 0 0 0 14 0 20 0 -999 
P8355 2082 10 0 22 0 16 10 0 0 0 0 0 0 0 0 0 0 0 0 0 0 0 0 0 0 0 7 0 0 0 0 6 13 
P8355 2082 11 0 0 12 0 0 0 0 0 9 0 0 0 0 0 0 0 64 55 0 0 0 7 0 0 2 0 0 0 0 0 -999 
P8355 2082 12 0 13 0 0 0 0 0 0 0 0 19 22 0 0 0 25 28 0 34 7 3 1 0 0 0 0 0 0 0 0 0 
P8355 2083 1 0 22 28 32 0 0 6 13 16 22 0 0 0 0 0 14 17 21 0 0 0 0 0 0 0 0 0 0 74 58 0 
P8355 2083 2 0 55 82 48 0 0 29 23 0 35 0 0 0 27 0 0 0 43 72 28 25 0 11 14 83 57 15 0 -999 -999 -999 
P8355 2083 3 0 0 0 0 0 0 0 5 0 0 0 0 0 0 0 48 0 0 33 38 27 44 55 71 28 8 32 32 30 0 0 
P8355 2083 4 0 14 0 16 26 0 0 0 0 0 0 23 0 0 45 36 31 0 0 26 0 22 0 0 0 23 0 12 0 0 -999 
P8355 2083 5 0 27 19 19 0 0 42 0 0 14 19 59 15 15 0 33 19 14 10 10 0 23 19 30 0 22 0 0 23 25 0 
P8355 2083 6 32 28 23 0 0 25 20 21 0 32 0 0 0 0 0 0 0 0 0 0 0 0 0 0 0 0 0 0 0 30 -999 
P8355 2083 7 0 0 0 0 23 0 0 19 0 0 0 0 0 0 0 0 0 9 0 13 0 0 18 11 0 7 0 24 0 25 21 
P8355 2083 8 0 0 0 0 0 0 0 0 0 0 0 9 0 0 16 0 0 17 0 19 0 22 21 0 0 0 0 0 0 12 0 
P8355 2083 9 0 0 0 0 10 0 0 0 0 0 0 0 0 0 0 0 0 24 14 0 0 0 0 0 0 9 10 6 0 0 -999 
P8355 2083 10 0 0 0 0 15 19 0 31 21 12 0 0 26 0 0 19 11 0 12 24 23 30 45 47 0 0 0 0 0 0 0 
P8355 2083 11 0 0 11 19 12 0 0 0 0 0 7 22 0 0 0 0 0 0 7 0 0 0 0 0 0 0 0 0 18 45 -999 
P8355 2083 12 97 0 10 4 0 0 0 0 0 0 11 0 0 0 24 0 2 0 1 1 0 0 0 0 0 0 0 0 0 0 0 
P8355 2084 1 0 0 20 29 7 0 0 0 0 0 0 0 0 0 0 12 18 0 0 0 22 33 22 18 0 0 0 12 0 16 9 
P8355 2084 2 4 0 0 0 6 9 26 16 0 44 18 9 0 0 0 0 0 0 5 0 0 0 0 0 0 0 0 0 -999 -999 -999 
P8355 2084 3 0 0 0 0 0 0 0 0 0 0 7 0 10 0 0 27 65 31 18 15 0 0 0 0 0 12 0 0 25 25 0 
P8355 2084 4 0 26 22 0 0 0 133 52 23 21 25 42 35 21 0 0 0 0 13 14 0 19 5 6 0 15 14 29 53 0 -999 
P8355 2084 5 0 0 17 16 0 23 0 0 0 0 0 0 0 35 12 14 0 0 23 0 0 0 0 0 0 33 22 0 0 0 0 
P8355 2084 6 0 0 0 0 0 0 0 0 10 0 0 0 0 0 8 0 0 14 18 0 0 0 0 0 0 0 15 15 0 0 -999 
P8355 2084 7 0 0 0 0 0 0 0 0 0 17 21 0 0 0 0 0 0 11 0 0 0 0 0 16 0 0 12 0 0 0 15 
P8355 2084 8 0 0 0 0 0 0 0 0 27 0 18 16 0 0 0 0 0 0 16 21 0 0 0 0 0 24 0 8 0 0 0 
P8355 2084 9 4 0 15 0 0 0 0 0 13 0 0 0 0 0 29 0 1 0 0 0 0 0 0 0 7 0 0 0 0 0 -999 
P8355 2084 10 0 0 14 0 0 0 0 0 17 0 0 0 0 0 0 10 0 0 10 14 0 0 0 0 0 0 0 16 21 0 13 
P8355 2084 11 3 20 0 0 11 0 0 25 19 26 0 0 0 0 0 52 0 22 0 0 0 0 0 0 0 0 10 13 20 0 -999 
P8355 2084 12 10 8 46 0 5 0 0 12 0 0 0 24 14 10 1 0 0 0 0 0 0 0 0 0 0 0 0 0 0 0 0 
P8355 2085 1 0 2 2 0 6 12 11 0 0 0 0 4 5 0 0 0 0 3 0 15 4 0 0 43 27 0 2 0 0 0 0 
P8355 2085 2 0 4 0 0 0 0 57 32 23 35 46 19 15 6 4 0 0 0 0 0 0 3 0 0 0 0 0 0 -999 -999 -999 
P8355 2085 3 7 9 0 0 0 0 0 0 21 30 24 25 35 9 18 33 34 0 0 0 0 0 5 7 10 0 0 0 0 3 0 
P8355 2085 4 0 7 11 0 20 26 27 24 23 26 31 46 0 32 0 0 38 24 26 0 7 0 0 0 0 6 14 11 14 0 -999 
P8355 2085 5 37 0 0 0 0 0 0 30 30 17 0 22 27 0 0 0 0 0 0 0 0 0 0 19 12 0 0 0 0 0 0 
P8355 2085 6 0 0 0 0 0 0 0 0 0 27 17 0 9 0 0 13 0 0 0 21 0 0 0 16 0 0 0 0 0 0 -999 
P8355 2085 7 18 20 0 0 0 0 34 0 21 0 0 0 0 0 0 0 18 0 0 0 0 16 0 0 0 0 0 0 15 0 0 
P8355 2085 8 0 19 0 0 0 0 0 0 0 0 0 0 0 0 16 0 0 0 0 35 9 0 0 0 0 0 0 0 0 0 0 
P8355 2085 9 0 0 0 0 29 0 20 0 12 21 16 0 14 0 0 0 0 8 0 0 0 0 0 0 0 0 20 16 0 0 -999 
P8355 2085 10 0 0 0 0 0 0 0 0 0 0 0 0 0 27 0 0 0 0 0 6 0 0 2 0 0 0 0 0 0 0 0 
P8355 2085 11 0 0 12 13 14 3 0 0 9 0 0 0 0 0 0 0 0 10 0 8 0 5 4 0 0 0 0 0 10 0 -999 
P8355 2085 12 0 13 4 0 0 0 57 0 0 0 0 3 0 3 0 0 16 0 13 0 0 0 26 0 0 10 0 0 0 0 0 
P8355 2086 1 0 0 0 0 0 0 0 0 0 0 0 7 0 11 34 19 12 46 15 23 0 0 0 0 0 0 0 0 0 0 0 
P8355 2086 2 0 0 34 0 0 0 0 62 29 0 0 0 25 52 0 27 0 0 0 0 1 0 0 0 0 0 3 0 -999 -999 -999 
P8355 2086 3 0 0 0 0 0 7 0 11 0 0 0 0 0 0 10 0 17 0 0 12 0 9 0 6 0 0 11 23 16 0 18 
P8355 2086 4 22 0 0 0 0 0 39 51 0 0 8 0 15 0 32 0 24 0 0 14 0 0 0 22 25 0 0 0 0 0 -999 
P8355 2086 5 25 0 0 15 16 24 15 41 0 0 0 0 27 0 10 25 0 0 0 26 0 0 10 0 0 13 0 0 0 0 14 
P8355 2086 6 12 0 0 16 18 0 0 0 0 0 0 0 0 17 0 0 0 0 0 0 0 0 0 14 0 0 0 0 0 0 -999 
P8355 2086 7 0 0 19 20 0 0 0 0 36 0 0 0 0 0 0 27 21 20 0 0 0 24 0 37 0 0 0 0 28 28 34 
P8355 2086 8 0 0 23 0 0 0 0 20 0 0 0 0 0 23 0 0 35 0 0 28 0 0 0 0 0 0 0 0 0 0 14 
P8355 2086 9 13 0 24 0 0 0 0 10 0 0 0 0 0 20 0 20 0 11 9 0 0 20 24 0 12 0 0 0 0 0 -999 
P8355 2086 10 0 0 0 0 0 0 0 0 0 0 17 0 0 0 0 0 0 0 0 4 0 3 5 0 10 0 0 0 0 29 0 
P8355 2086 11 0 0 0 0 0 0 0 0 0 29 0 156 67 21 20 0 0 0 0 36 25 45 0 0 0 0 0 8 3 0 -999 
P8355 2086 12 0 0 0 0 1 0 0 0 0 0 0 0 0 3 0 0 11 0 13 40 0 22 26 58 35 42 30 0 0 0 0 
P8355 2087 1 0 0 0 8 0 15 0 82 95 70 0 5 0 0 0 0 6 9 0 13 0 0 0 0 0 0 4 0 12 27 34 
P8355 2087 2 24 16 0 0 0 0 0 0 0 5 0 0 5 0 13 18 0 0 0 0 0 0 0 0 0 0 24 30 -999 -999 -999 
P8355 2087 3 27 42 22 0 0 18 0 46 0 0 45 34 37 25 0 0 0 0 20 0 49 96 155 61 26 31 22 0 0 0 0 
P8355 2087 4 14 0 7 0 0 8 15 0 4 10 0 0 0 0 19 66 42 29 14 10 9 10 12 19 14 17 0 4 0 0 -999 
P8355 2087 5 0 36 31 41 0 25 0 0 15 0 0 0 0 17 0 0 13 0 0 0 0 14 0 18 0 0 0 0 10 0 0 
P8355 2087 6 0 0 0 0 0 0 9 0 0 0 0 0 0 0 0 0 0 0 0 0 16 0 0 0 23 0 0 0 0 0 -999 
P8355 2087 7 0 0 0 0 8 0 9 0 11 0 0 0 0 0 0 21 0 28 0 24 0 0 0 0 17 0 0 0 0 23 0 
P8355 2087 8 0 0 0 0 0 0 0 0 0 0 0 0 0 0 0 0 0 0 15 0 12 0 0 0 0 0 0 0 14 18 0 
P8355 2087 9 0 0 0 0 21 11 0 0 0 0 0 0 0 0 12 12 0 0 0 0 13 0 0 8 0 0 0 0 0 0 -999 
P8355 2087 10 0 11 16 0 0 10 0 9 0 0 18 19 22 0 10 0 0 8 0 0 0 0 0 0 0 0 0 0 0 0 0 
P8355 2087 11 0 0 0 0 0 0 0 0 8 0 0 0 0 5 4 0 0 0 0 0 5 0 0 0 0 0 0 0 0 18 -999 
P8355 2087 12 0 19 36 24 0 0 2 0 0 0 0 0 0 1 0 0 0 7 5 0 0 6 0 0 0 20 22 0 0 5 0 
P8355 2088 1 0 0 0 0 0 0 0 0 0 0 0 0 0 0 0 0 0 0 0 0 0 0 4 0 0 0 0 0 0 0 7 
P8355 2088 2 7 0 9 0 21 44 50 55 36 0 15 0 0 0 0 5 10 14 0 0 0 0 17 25 0 34 27 21 -999 -999 -999 
P8355 2088 3 26 0 26 17 25 0 0 0 0 0 11 9 0 0 0 0 0 0 0 0 0 20 0 0 41 23 0 0 0 0 0 
P8355 2088 4 0 0 0 25 40 42 0 22 33 34 0 0 78 55 56 29 0 0 0 17 41 42 48 63 116 64 40 0 44 50 -999 
P8355 2088 5 49 0 0 33 0 11 20 29 0 0 0 0 0 0 26 0 15 23 0 0 15 0 0 0 0 0 9 11 19 0 0 
P8355 2088 6 0 6 16 0 22 0 0 0 0 0 0 0 0 0 0 0 0 0 33 0 0 0 0 0 0 0 0 0 0 0 -999 
P8355 2088 7 0 0 0 0 16 0 10 0 0 0 0 0 0 0 0 0 27 0 0 0 0 0 0 0 0 0 20 0 0 8 0 
P8355 2088 8 0 26 0 0 0 17 0 0 0 16 0 0 0 0 0 0 0 24 0 0 0 16 17 14 0 0 0 0 0 0 0 
P8355 2088 9 38 0 0 0 0 15 17 0 0 0 0 16 17 0 0 0 0 0 0 0 0 0 0 0 0 0 0 0 10 0 -999 
P8355 2088 10 0 0 0 0 0 0 0 0 0 0 0 59 7 0 16 0 0 0 0 0 0 15 12 0 9 0 0 0 0 0 13 
P8355 2088 11 0 0 0 4 0 0 4 7 9 0 21 21 0 7 22 0 6 24 18 8 0 14 16 0 0 0 0 0 10 0 -999 
P8355 2088 12 0 0 8 0 0 0 0 0 0 0 0 0 5 0 0 0 0 0 0 0 0 13 0 26 48 20 0 0 0 0 0 
P8355 2089 1 0 0 0 0 0 29 29 0 40 26 34 37 57 34 0 0 0 0 0 0 0 0 0 0 2 0 0 0 0 11 13 
P8355 2089 2 0 43 39 0 13 0 56 72 92 12 0 20 29 18 4 0 0 0 0 0 0 0 0 0 0 17 0 0 -999 -999 -999 
P8355 2089 3 0 11 35 76 52 27 9 14 0 40 0 12 15 20 36 37 0 118 21 0 0 0 0 0 65 79 0 0 0 42 45 
P8355 2089 4 25 0 0 0 0 0 8 11 26 0 3 0 0 7 0 0 0 0 0 19 32 25 20 0 0 40 13 0 0 26 -999 
P8355 2089 5 51 31 16 3 0 0 18 0 0 0 0 0 0 14 0 0 45 28 0 22 0 0 0 24 27 0 0 14 17 0 0 
P8355 2089 6 0 21 0 0 0 20 0 0 0 0 0 0 0 14 0 0 0 17 17 0 0 0 0 0 0 0 0 0 20 0 -999 
P8355 2089 7 0 0 0 0 0 13 0 28 0 0 0 0 13 0 0 30 0 0 0 0 0 0 0 14 0 11 24 37 0 0 0 
P8355 2089 8 0 0 27 0 0 18 0 0 20 21 10 0 14 0 21 20 0 0 0 0 0 0 0 0 0 0 27 22 0 0 12 
P8355 2089 9 0 0 0 0 0 0 0 7 0 0 0 11 0 0 0 0 37 0 5 0 0 0 0 0 0 0 0 11 0 0 -999 
P8355 2089 10 0 0 0 0 0 0 0 0 0 21 0 0 0 15 12 0 0 9 0 0 0 10 0 0 0 0 2 0 0 0 8 
P8355 2089 11 11 0 0 29 0 0 0 14 0 11 0 0 0 0 29 0 6 0 0 0 8 0 0 0 0 9 0 0 19 0 -999 
P8355 2089 12 24 0 0 0 7 7 0 15 0 0 15 0 1 0 0 0 0 0 0 28 32 0 0 0 0 0 0 0 0 0 0 
P8355 2090 1 0 0 0 0 0 0 0 6 11 0 0 0 0 0 0 0 0 0 0 0 3 0 0 0 0 0 0 0 0 0 0 
P8355 2090 2 0 0 18 0 23 0 50 20 14 28 22 0 4 4 0 9 15 0 0 17 0 0 12 23 9 0 7 30 -999 -999 -999 
P8355 2090 3 37 29 0 0 0 0 6 0 0 0 0 13 14 0 12 17 0 0 0 0 14 13 0 16 41 48 23 0 0 36 27 
P8355 2090 4 26 25 40 37 0 0 30 0 9 10 0 44 13 25 58 33 44 0 4 0 0 0 11 0 0 0 5 9 0 26 -999 
P8355 2090 5 0 0 0 0 18 0 0 16 15 17 0 17 0 0 56 11 0 31 0 0 26 0 0 0 0 0 0 0 0 18 0 
P8355 2090 6 0 7 0 0 0 0 0 0 40 10 0 0 0 0 0 0 0 0 0 0 0 0 0 0 0 0 0 0 0 0 -999 
P8355 2090 7 0 17 0 0 21 0 0 0 0 0 14 0 0 43 16 0 0 0 0 0 14 0 0 0 0 0 0 0 0 17 0 
P8355 2090 8 0 0 0 0 0 0 0 0 0 21 0 0 0 0 0 20 0 0 0 0 0 0 0 0 0 0 0 0 0 18 0 
P8355 2090 9 0 0 0 0 0 0 0 0 14 15 16 0 15 0 0 26 0 0 0 14 19 0 0 0 10 0 0 8 0 0 -999 
P8355 2090 10 0 16 0 0 13 0 0 0 0 0 0 0 0 7 5 0 0 0 0 0 0 0 15 0 0 0 15 0 0 7 16 
P8355 2090 11 42 18 0 0 0 7 4 2 0 24 30 20 0 0 15 0 0 16 0 0 0 0 18 15 0 25 28 0 0 0 -999 
P8355 2090 12 0 0 25 0 0 0 22 0 14 18 36 0 0 0 3 4 0 0 0 0 0 0 8 0 0 0 0 44 0 0 2 
P8355 2091 1 0 0 0 0 0 0 31 33 15 5 3 0 0 0 0 0 9 13 0 0 9 0 0 0 0 0 0 0 15 0 0 
P8355 2091 2 0 0 24 0 0 0 10 0 0 0 0 6 6 0 0 0 0 30 146 40 21 14 54 0 7 35 79 30 -999 -999 -999 
P8355 2091 3 10 0 0 0 0 10 0 0 0 0 0 0 0 0 0 0 13 0 0 0 0 12 0 0 6 0 0 0 0 0 0 
P8355 2091 4 37 0 0 0 0 0 32 75 0 107 53 0 0 34 32 0 30 47 48 51 37 40 0 0 0 0 0 0 0 0 -999 
P8355 2091 5 0 32 50 59 0 25 0 0 0 0 0 0 17 0 0 0 10 0 0 0 13 0 0 0 0 0 0 0 20 0 0 
P8355 2091 6 0 0 26 26 29 32 0 0 0 0 17 0 24 32 0 26 0 0 0 0 0 0 0 0 0 0 0 0 0 0 -999 
P8355 2091 7 0 0 13 0 0 0 0 20 0 9 0 0 0 0 0 25 0 0 0 0 0 0 0 0 0 0 0 0 0 21 0 
P8355 2091 8 0 0 0 0 0 0 0 0 0 15 17 0 0 0 0 0 0 0 0 0 17 0 16 0 15 7 0 0 0 0 0 
P8355 2091 9 10 0 12 0 0 0 0 0 0 0 0 0 0 0 0 0 0 0 0 0 0 0 0 8 0 7 0 0 12 0 -999 
P8355 2091 10 0 0 9 0 0 7 0 11 0 14 0 0 0 15 0 0 0 0 0 0 0 0 0 0 0 0 22 0 71 19 0 
P8355 2091 11 34 0 0 0 0 0 13 19 12 6 0 8 18 0 0 26 0 3 4 0 0 5 16 32 0 0 0 0 0 0 -999 
P8355 2091 12 0 0 0 4 0 0 0 0 0 0 0 0 0 0 6 0 0 0 0 0 0 0 0 0 0 0 0 0 0 26 0 
P8355 2092 1 0 1 0 0 0 0 0 0 0 0 0 25 35 11 16 0 0 20 0 63 25 38 0 24 27 0 0 0 35 0 13 
P8355 2092 2 0 0 22 0 0 16 49 18 0 46 43 0 0 0 29 9 11 13 15 0 16 0 0 0 0 0 0 0 -999 -999 -999 
P8355 2092 3 0 55 37 4 2 0 54 41 23 31 22 0 0 25 46 39 28 22 0 0 0 15 0 44 24 0 15 0 8 0 0 
P8355 2092 4 34 35 0 14 0 19 16 0 16 0 0 111 106 48 22 0 0 0 0 34 0 33 34 37 0 30 0 46 0 27 -999 
P8355 2092 5 0 0 29 14 12 20 0 32 0 0 0 0 0 0 0 0 0 0 0 0 7 18 21 0 0 0 0 16 27 0 0 
P8355 2092 6 0 0 0 0 0 0 0 0 0 0 0 0 0 0 0 27 28 0 0 0 16 0 0 0 0 0 0 0 0 0 -999 
P8355 2092 7 0 0 0 0 0 0 0 0 0 0 0 0 13 0 0 0 0 0 0 0 20 20 27 0 0 0 0 30 0 8 0 
P8355 2092 8 0 0 27 0 0 0 0 20 0 0 0 0 0 0 0 24 0 0 0 0 0 0 0 0 0 25 21 52 0 0 0 
P8355 2092 9 0 0 0 16 24 0 0 0 13 22 25 0 0 0 0 0 0 0 0 0 0 20 0 0 9 10 0 0 0 13 -999 
P8355 2092 10 0 0 0 0 14 0 7 0 0 15 27 34 0 0 0 0 0 0 14 0 0 0 0 0 0 0 0 0 0 8 0 
P8355 2092 11 0 0 0 0 48 61 40 25 18 11 0 0 67 24 0 0 0 8 19 27 0 12 0 0 18 0 0 11 0 3 -999 
P8355 2092 12 0 0 0 0 0 0 20 0 29 0 0 0 0 0 0 0 0 0 0 0 0 0 0 0 0 0 18 12 0 18 0 
P8355 2093 1 69 0 36 0 0 0 0 0 0 0 0 0 0 19 36 29 0 0 25 0 0 0 0 0 0 4 12 12 14 0 0 
P8355 2093 2 12 0 0 0 0 0 0 0 0 0 0 0 0 0 24 0 0 18 0 46 0 0 0 0 0 0 0 11 -999 -999 -999 
P8355 2093 3 0 0 45 110 0 23 0 22 34 40 59 37 0 0 0 0 15 0 0 19 0 11 0 0 0 0 22 0 0 18 19 
P8355 2093 4 0 0 8 0 0 0 0 8 20 0 0 19 0 14 0 0 0 14 0 0 0 18 40 23 0 60 0 25 35 28 -999 
P8355 2093 5 40 0 0 16 26 16 16 12 0 0 0 0 0 0 25 19 0 0 0 0 15 0 24 13 19 0 0 0 0 17 0 
P8355 2093 6 0 21 16 0 0 0 0 0 0 0 0 0 0 0 19 0 15 0 0 17 0 14 0 0 0 0 0 0 0 0 -999 
P8355 2093 7 0 0 0 0 15 0 0 0 15 0 20 0 0 0 0 0 19 0 0 0 0 13 0 0 0 0 0 0 0 0 0 
P8355 2093 8 0 0 0 0 0 0 0 0 0 0 0 0 0 0 0 0 14 0 0 0 0 0 0 0 21 20 0 0 0 0 0 
P8355 2093 9 0 0 0 0 0 0 0 0 0 3 13 16 21 22 0 0 12 0 22 0 13 0 12 0 0 0 0 10 0 0 -999 
P8355 2093 10 0 0 0 0 20 0 19 15 0 0 0 10 0 10 0 34 0 0 0 0 0 0 0 0 7 0 17 0 9 0 0 
P8355 2093 11 0 12 0 0 0 3 0 0 0 0 0 12 0 7 0 0 0 0 0 0 0 13 0 0 0 0 0 0 0 0 -999 
P8355 2093 12 0 0 0 0 0 3 0 0 0 0 0 0 0 0 0 0 0 0 0 0 0 0 0 0 0 0 0 0 0 0 0 
P8355 2094 1 0 0 0 0 9 0 0 0 10 0 10 0 0 0 0 10 0 0 0 44 26 36 40 44 52 0 0 37 0 3 0 
P8355 2094 2 18 16 24 12 9 4 0 0 0 0 0 0 0 0 0 0 0 0 8 0 0 0 4 0 0 0 0 0 -999 -999 -999 
P8355 2094 3 0 0 0 0 0 0 0 0 0 6 0 0 0 0 0 15 22 0 15 0 29 0 0 0 0 0 0 0 35 26 21 
P8355 2094 4 20 0 18 0 0 12 20 11 0 0 32 0 31 25 20 40 25 0 0 0 0 0 0 0 0 0 8 0 33 0 -999 
P8355 2094 5 0 19 0 0 0 14 0 0 0 0 0 0 27 0 0 0 0 17 10 5 0 9 0 0 0 0 0 0 0 0 0 
P8355 2094 6 14 0 0 0 0 0 0 0 0 17 0 0 15 19 24 0 35 0 0 0 0 0 21 21 0 0 0 17 0 12 -999 
P8355 2094 7 0 0 0 0 0 0 0 0 0 0 0 0 0 0 0 0 0 0 0 0 0 0 0 0 0 0 0 0 0 0 0 
P8355 2094 8 0 0 0 0 0 0 0 0 0 0 0 0 0 0 26 0 0 0 0 24 35 0 22 10 0 0 0 0 0 0 21 
P8355 2094 9 0 0 0 0 0 0 0 0 0 0 0 0 0 0 0 0 0 14 0 11 0 22 0 0 0 0 0 0 11 0 -999 
P8355 2094 10 14 14 0 0 13 9 0 0 6 0 10 12 19 0 0 0 16 20 0 35 42 38 35 82 0 0 0 0 10 0 0 
P8355 2094 11 3 0 0 0 0 0 0 0 0 0 0 0 0 0 0 0 0 0 0 0 0 0 0 0 6 20 12 0 32 54 -999 
P8355 2094 12 0 0 0 0 0 3 0 0 0 0 0 0 0 0 0 0 0 0 0 17 0 6 0 0 0 3 0 0 10 25 0 
P8355 2095 1 19 0 0 0 0 0 0 9 12 0 1 0 0 0 0 0 0 0 0 0 0 0 17 0 32 36 0 38 0 15 21 
P8355 2095 2 24 0 21 14 8 0 0 0 0 0 0 0 0 0 0 0 0 0 7 0 5 0 0 0 0 0 0 0 -999 -999 -999 
P8355 2095 3 0 0 0 2 2 0 0 0 21 0 0 0 0 0 0 0 0 0 0 0 0 0 0 0 0 33 66 38 32 25 0 
P8355 2095 4 41 33 43 0 14 13 0 0 0 16 34 0 0 0 0 20 0 21 0 16 34 28 19 0 0 0 0 0 0 0 -999 
P8355 2095 5 0 0 0 0 10 11 14 11 0 0 0 0 0 0 0 0 0 0 23 0 10 0 0 24 0 0 0 0 0 0 0 
P8355 2095 6 14 12 0 0 0 34 0 0 0 0 0 0 0 27 0 21 32 0 0 0 0 0 0 0 0 17 0 0 0 0 -999 
P8355 2095 7 0 0 0 0 0 0 0 20 0 0 15 0 11 0 0 22 0 0 21 0 0 0 0 0 0 0 0 0 0 0 0 
P8355 2095 8 0 0 0 0 23 0 0 0 0 0 0 0 0 0 0 0 0 0 0 0 18 0 0 0 0 31 31 0 18 0 0 
P8355 2095 9 0 7 0 0 0 6 4 0 6 0 0 10 0 0 0 0 0 0 16 0 0 12 17 0 0 0 0 0 0 0 -999 
P8355 2095 10 9 0 0 0 0 0 8 5 0 0 9 0 0 0 0 14 0 5 0 0 0 0 0 0 0 0 0 0 0 0 1 
P8355 2095 11 0 0 12 0 0 0 21 45 61 56 19 0 0 0 0 9 3 0 0 5 0 23 0 0 33 15 0 0 0 0 -999 
P8355 2095 12 0 0 0 0 8 0 0 0 0 0 0 0 0 0 60 82 0 0 0 18 34 27 10 0 28 58 0 0 0 0 0 
P8355 2096 1 0 0 0 0 0 0 16 0 20 0 0 0 0 36 0 0 14 4 0 1 0 0 0 0 0 4 0 0 0 0 11 
P8355 2096 2 0 33 76 65 19 0 6 0 9 9 0 0 0 13 0 98 25 0 0 0 0 4 0 0 0 0 0 10 -999 -999 -999 
P8355 2096 3 0 0 22 19 0 16 0 0 0 0 0 0 0 0 0 5 0 0 22 0 20 20 19 4 0 17 0 40 32 0 0 
P8355 2096 4 31 0 12 0 0 0 0 0 0 0 0 0 0 0 0 66 48 0 48 36 26 0 11 0 0 0 0 0 0 0 -999 
P8355 2096 5 33 28 18 17 0 0 0 0 16 0 0 0 0 0 0 12 0 0 0 0 0 0 0 27 39 35 0 23 30 25 0 
P8355 2096 6 21 0 33 0 0 24 0 6 6 0 0 0 0 0 0 0 0 0 0 17 0 0 0 0 0 0 0 23 0 0 -999 
P8355 2096 7 0 0 0 0 8 0 0 0 0 0 0 3 0 0 0 0 0 0 0 0 0 0 0 33 0 0 0 0 0 0 0 
P8355 2096 8 0 0 0 11 0 0 0 0 16 0 0 6 0 0 0 0 0 34 0 0 0 0 22 25 0 0 0 0 0 0 0 
P8355 2096 9 0 0 0 13 14 0 0 0 0 47 31 0 0 0 20 0 23 15 20 0 0 0 0 0 11 0 0 0 0 0 -999 
P8355 2096 10 0 0 0 0 0 0 0 0 0 0 0 7 0 0 11 0 17 48 27 22 31 0 0 0 0 0 0 10 0 12 0 
P8355 2096 11 0 0 0 0 0 0 0 0 0 0 4 2 0 0 0 0 0 0 0 0 0 0 9 0 11 0 7 0 0 0 -999 
P8355 2096 12 14 10 0 0 0 0 0 0 0 0 0 0 0 0 11 0 0 0 2 1 0 0 0 0 0 0 0 0 0 0 0 
P8355 2097 1 0 0 20 8 0 0 12 0 0 0 0 0 0 0 0 0 0 0 0 4 0 20 0 0 0 23 36 0 0 11 13 
P8355 2097 2 6 7 23 0 25 0 0 0 0 0 0 0 1 4 0 0 0 0 6 5 0 0 3 0 0 15 0 0 -999 -999 -999 
P8355 2097 3 0 0 35 67 0 0 30 0 0 0 0 0 2 0 0 0 6 0 0 0 0 0 0 0 37 41 30 21 22 0 21 
P8355 2097 4 0 0 0 0 0 0 0 0 64 0 0 29 21 32 13 13 0 19 32 0 12 0 0 0 68 19 11 0 9 0 -999 
P8355 2097 5 10 0 20 26 0 23 0 0 8 11 0 0 24 0 42 32 0 0 0 0 0 0 0 0 0 6 0 0 0 5 0 
P8355 2097 6 12 0 0 0 21 0 0 0 0 0 25 0 0 0 0 20 0 0 0 29 0 0 0 0 0 0 0 0 0 0 -999 
P8355 2097 7 0 21 22 0 0 0 0 0 0 0 0 0 0 0 16 18 0 0 0 0 0 0 0 0 18 0 15 24 0 19 0 
P8355 2097 8 0 27 0 0 17 0 0 0 0 0 0 0 0 0 0 0 0 0 14 0 0 0 0 45 0 0 0 0 0 20 0 
P8355 2097 9 16 0 0 0 0 0 0 15 0 36 19 0 0 0 0 0 0 0 0 0 0 0 0 0 11 0 0 0 0 0 -999 
P8355 2097 10 23 27 0 0 0 0 15 9 13 15 0 0 0 2 0 0 25 22 14 6 0 0 0 16 5 0 0 0 6 0 0 
P8355 2097 11 0 9 0 0 0 0 0 0 3 0 0 0 0 0 0 4 0 7 0 0 0 0 0 0 4 0 0 0 0 9 -999 
P8355 2097 12 0 0 0 3 0 0 1 0 0 0 0 0 0 0 0 0 0 0 0 0 0 0 0 3 0 0 14 33 27 0 0 
P8355 2098 1 22 0 0 12 0 0 15 0 0 0 8 0 0 0 0 0 0 0 15 20 0 0 0 10 0 2 5 31 18 11 0 
P8355 2098 2 0 6 0 15 11 10 0 0 0 0 0 11 0 0 0 0 0 0 10 0 0 0 22 0 0 0 0 14 -999 -999 -999 
P8355 2098 3 10 0 16 22 0 18 52 31 0 0 0 0 5 0 0 21 0 14 0 0 0 0 0 6 0 0 24 0 0 14 0 
P8355 2098 4 30 0 0 23 13 15 12 0 0 12 0 5 0 10 0 2 0 0 0 0 0 0 23 0 0 0 0 0 0 0 -999 
P8355 2098 5 0 0 0 22 46 35 0 17 17 32 51 40 39 25 0 0 0 9 0 9 0 0 0 0 0 14 11 0 0 0 0 
P8355 2098 6 0 0 0 0 27 0 23 0 0 0 21 18 11 0 0 0 0 0 0 0 0 0 0 0 0 0 0 0 0 0 -999 
P8355 2098 7 0 0 0 0 0 30 0 0 0 18 0 0 0 0 0 0 0 0 0 0 0 0 0 0 0 0 0 0 0 0 0 
P8355 2098 8 0 0 0 0 0 0 0 0 0 0 0 0 13 0 0 0 0 24 22 0 22 22 19 0 16 20 0 0 0 0 0 
P8355 2098 9 22 0 0 0 0 0 0 8 0 0 0 0 0 12 0 0 16 0 20 11 0 0 0 16 0 0 0 0 14 0 -999 
P8355 2098 10 13 0 0 0 12 0 0 0 0 0 0 0 0 0 17 22 24 16 0 0 0 0 0 5 0 0 5 3 0 0 0 
P8355 2098 11 0 0 0 0 9 0 0 15 0 0 0 9 27 14 0 4 0 0 0 0 0 0 0 0 0 0 0 0 0 0 -999 
P8355 2098 12 0 0 0 0 0 7 0 0 0 0 0 0 0 0 3 0 0 0 12 13 7 3 0 0 0 0 0 0 0 2 0 
P8355 2099 1 0 9 0 0 0 0 0 0 0 0 34 0 70 0 0 0 0 9 0 0 3 6 42 0 0 0 0 0 0 0 1 
P8355 2099 2 0 0 0 0 0 0 0 0 0 0 0 0 0 0 0 0 0 0 0 8 0 0 0 35 49 22 0 13 -999 -999 -999 
P8355 2099 3 0 38 27 0 0 26 29 35 34 0 13 9 16 38 30 0 24 23 35 29 47 0 0 40 65 45 0 19 10 0 43 
P8355 2099 4 55 40 28 0 0 0 0 0 0 0 2 0 0 0 14 0 0 0 10 10 0 0 0 0 27 19 37 0 12 28 -999 
P8355 2099 5 0 28 0 11 9 0 0 0 0 0 0 0 0 0 0 14 0 0 0 0 0 0 0 25 3 0 0 13 14 0 0 
P8355 2099 6 0 0 0 23 16 0 10 0 32 0 0 31 0 26 0 0 0 0 0 0 0 31 21 0 0 0 0 32 24 0 -999 
P8355 2099 7 0 0 0 0 0 0 0 18 0 0 30 0 0 0 15 0 0 0 0 0 0 0 0 0 0 0 0 0 0 0 0 
P8355 2099 8 0 12 0 0 19 0 0 31 0 0 0 0 16 0 21 17 0 0 0 18 20 0 0 0 0 0 0 0 0 0 0 
P8355 2099 9 20 25 0 0 0 0 13 19 0 0 25 0 0 10 0 0 16 0 0 0 0 0 0 21 13 0 0 0 0 0 -999 
P8355 2099 10 0 0 0 14 0 0 0 18 0 53 0 15 14 12 0 11 0 0 0 0 0 0 0 12 0 19 7 4 11 0 13 
P8355 2099 11 14 0 0 0 6 0 0 0 0 3 0 12 0 0 0 8 0 0 0 0 11 0 4 0 10 26 50 41 81 26 -999 
P8355 2099 12 9 0 0 0 7 30 30 14 11 0 29 0 0 4 3 0 0 0 0 0 0 8 0 7 26 36 36 39 0 32 0 
P8355 2100 1 0 0 0 0 0 3 3 0 0 0 9 18 18 0 0 0 5 0 0 0 0 7 0 0 0 0 0 0 0 0 0 
P8355 2100 2 0 22 12 0 0 0 0 0 11 0 0 0 0 0 0 0 0 0 40 48 40 36 18 0 10 0 0 31 -999 -999 -999 
P8355 2100 3 0 0 31 50 0 30 29 0 27 34 36 37 127 29 0 0 7 0 0 0 33 0 92 66 42 0 57 33 0 0 28 
P8355 2100 4 0 23 27 24 0 0 15 26 0 0 0 42 18 0 33 35 24 30 23 0 32 0 11 0 0 0 14 0 32 0 -999 
P8355 2100 5 6 0 0 0 0 18 30 0 21 39 25 11 19 0 0 0 0 41 0 0 0 0 16 0 13 7 0 0 0 0 33 
P8355 2100 6 0 26 30 0 0 11 0 0 0 0 0 0 0 0 0 12 10 18 0 0 16 0 0 0 0 28 19 0 0 0 -999 
P8355 2100 7 0 0 14 0 0 0 0 23 0 0 0 0 0 0 0 0 0 0 0 18 0 24 0 0 25 0 0 0 0 0 0 
P8355 2100 8 19 14 0 20 17 0 0 0 0 0 13 0 0 0 0 18 0 0 0 0 0 0 21 0 0 18 0 0 16 0 0 
P8355 2100 9 0 0 0 0 0 0 0 0 0 0 0 17 0 0 0 0 14 0 0 0 0 13 0 14 0 0 19 0 0 0 -999 
P8355 2100 10 0 22 46 49 25 21 39 30 0 20 22 21 7 0 0 0 0 0 9 10 0 32 60 29 9 0 0 0 0 0 0 
P8355 2100 11 0 0 19 0 9 30 0 0 14 0 0 0 0 16 22 14 0 22 12 0 0 53 0 9 8 8 0 0 0 0 -999 
P8355 2100 12 0 5 0 0 0 0 0 0 0 0 0 0 0 0 0 0 0 0 0 0 0 0 13 0 0 10 0 0 0 0 0 
