precip	MIROC5	RCP60	REGRESION	decimas	1
P4627	38.510	-0.376	182	geo	2006	2100	-1
P4627 2006 1 0 0 18 0 0 0 0 11 0 0 0 0 0 0 0 8 0 0 0 0 0 0 0 0 0 0 0 18 0 0 11 
P4627 2006 2 0 0 22 0 0 0 0 0 0 0 11 0 0 18 0 0 8 0 0 0 26 0 14 0 0 0 0 0 -999 -999 -999 
P4627 2006 3 8 0 16 0 0 0 0 0 0 25 0 68 40 25 0 0 0 0 0 0 5 8 10 9 0 0 0 0 0 0 0 
P4627 2006 4 0 0 0 0 0 0 0 64 60 0 0 0 0 13 0 0 0 15 0 0 0 0 0 0 19 0 49 33 0 37 -999 
P4627 2006 5 27 0 0 0 0 14 15 0 16 0 0 0 0 0 12 11 0 0 0 0 0 0 0 0 13 0 0 0 0 0 0 
P4627 2006 6 0 0 0 0 0 0 0 0 0 0 44 0 0 0 19 0 0 34 0 0 0 0 0 0 0 0 30 23 0 0 -999 
P4627 2006 7 25 0 0 0 0 33 33 27 0 0 0 0 0 0 0 0 0 0 0 0 0 0 0 0 0 0 0 0 0 0 0 
P4627 2006 8 0 0 0 0 0 0 0 0 0 0 0 0 0 0 0 0 0 0 0 0 21 0 0 0 0 16 0 24 0 0 0 
P4627 2006 9 0 0 0 0 13 0 0 0 25 24 0 0 0 0 0 0 0 0 0 0 0 25 0 0 0 0 9 7 0 0 -999 
P4627 2006 10 0 15 0 0 0 0 0 0 0 0 0 0 0 38 50 0 0 0 0 0 0 10 0 0 17 0 0 9 0 0 0 
P4627 2006 11 0 0 0 14 0 0 0 0 0 0 11 0 0 0 0 0 0 0 11 0 0 0 19 0 29 0 0 0 0 0 -999 
P4627 2006 12 0 0 0 0 0 0 0 22 31 30 32 0 29 0 0 0 0 0 0 18 24 26 22 0 9 7 0 0 0 0 0 
P4627 2007 1 0 0 0 0 0 0 0 0 0 0 0 0 9 0 7 6 0 0 17 0 0 0 29 16 0 42 29 0 0 0 0 
P4627 2007 2 0 0 0 0 0 0 0 51 39 0 0 14 0 0 0 0 17 0 0 44 49 33 0 35 0 0 0 18 -999 -999 -999 
P4627 2007 3 0 23 0 0 0 0 26 0 0 0 19 41 78 0 17 27 0 0 0 0 0 0 41 39 0 0 0 0 0 0 0 
P4627 2007 4 0 0 0 0 0 0 0 0 10 0 0 0 0 0 0 0 0 0 16 0 0 0 0 0 0 0 36 26 0 0 -999 
P4627 2007 5 0 0 0 0 0 0 0 0 22 0 0 0 0 15 9 0 0 0 0 0 24 0 13 0 0 0 0 0 0 0 0 
P4627 2007 6 39 0 31 0 0 0 0 30 0 0 0 0 0 38 0 0 0 22 0 0 24 0 36 0 23 0 0 0 0 0 -999 
P4627 2007 7 0 0 0 0 0 0 0 0 0 0 33 0 0 0 0 0 0 0 0 0 0 26 0 0 0 0 0 0 0 0 0 
P4627 2007 8 0 0 0 0 0 0 0 0 0 0 0 0 0 0 0 0 0 0 0 0 0 0 0 0 0 0 0 0 0 0 0 
P4627 2007 9 12 0 0 0 0 15 0 0 0 0 0 0 0 0 0 0 0 0 0 0 20 21 0 16 0 0 13 0 0 0 -999 
P4627 2007 10 0 0 0 0 0 0 0 0 0 32 0 0 24 0 0 0 0 0 9 12 0 0 8 0 0 0 0 0 0 0 6 
P4627 2007 11 0 0 0 0 0 0 7 0 0 0 0 0 0 0 0 0 0 0 0 11 0 0 9 0 0 0 0 41 53 0 -999 
P4627 2007 12 23 0 0 35 28 0 36 23 0 0 0 0 0 0 0 0 0 44 62 41 0 11 0 0 7 0 5 0 17 0 0 
P4627 2008 1 0 19 38 0 13 8 0 0 21 0 0 0 0 0 0 0 0 0 0 0 2 0 0 0 0 0 0 0 0 0 0 
P4627 2008 2 0 0 0 0 0 0 0 0 0 0 0 8 0 0 0 0 0 0 24 0 13 9 16 23 0 19 29 32 -999 -999 -999 
P4627 2008 3 40 60 0 0 0 0 15 0 11 0 0 0 0 20 14 0 0 0 0 0 0 0 0 0 0 0 0 0 0 17 16 
P4627 2008 4 0 14 21 39 80 48 0 0 0 0 21 0 0 33 0 17 17 0 0 31 0 0 0 0 0 0 0 0 0 0 -999 
P4627 2008 5 0 0 0 0 28 48 44 0 0 20 24 5 0 16 0 22 0 0 0 0 0 0 0 0 0 0 0 0 0 0 0 
P4627 2008 6 0 0 21 0 27 0 0 0 0 0 0 0 0 16 0 0 0 0 0 0 23 27 0 0 0 0 0 0 0 0 -999 
P4627 2008 7 0 15 0 0 0 0 0 32 0 0 0 25 38 0 0 0 0 0 0 0 0 0 0 0 0 0 0 0 0 24 0 
P4627 2008 8 0 0 13 0 0 0 0 0 0 0 0 0 0 0 0 0 0 0 0 0 0 0 0 0 0 0 0 0 0 0 0 
P4627 2008 9 0 0 13 0 0 26 0 0 0 0 0 0 0 0 0 0 0 0 0 0 0 0 0 26 0 0 0 17 0 0 -999 
P4627 2008 10 9 0 0 0 0 0 0 23 16 0 0 0 0 0 0 0 0 0 0 0 0 0 0 13 0 0 10 0 14 0 0 
P4627 2008 11 9 19 24 58 0 0 16 0 0 0 0 31 0 0 0 0 0 0 0 0 0 0 0 0 9 0 0 14 0 0 -999 
P4627 2008 12 0 0 0 0 0 16 0 53 0 0 15 14 0 0 0 18 0 0 8 0 0 0 0 0 0 0 0 0 0 0 0 
P4627 2009 1 0 0 0 0 0 0 0 0 0 0 0 0 0 0 0 0 0 0 0 0 0 0 0 0 0 26 0 0 0 0 0 
P4627 2009 2 0 0 15 12 0 0 0 18 0 0 0 16 0 22 6 0 0 4 0 0 8 0 0 0 0 46 0 0 -999 -999 -999 
P4627 2009 3 30 0 0 0 0 0 0 0 0 43 0 20 0 0 0 16 4 0 0 0 0 0 12 0 11 19 0 16 0 0 0 
P4627 2009 4 0 0 0 20 25 31 40 0 12 0 0 0 0 0 0 0 0 0 0 0 39 67 0 29 0 0 0 0 0 0 -999 
P4627 2009 5 0 10 0 15 38 0 0 0 13 0 11 0 0 0 0 0 0 0 0 0 64 33 0 24 0 0 0 31 0 35 0 
P4627 2009 6 0 0 0 0 38 33 0 0 0 0 12 15 0 30 0 0 0 0 0 0 0 0 27 0 0 0 0 0 0 0 -999 
P4627 2009 7 0 0 0 0 0 0 0 0 54 0 0 0 23 0 0 0 27 0 41 0 0 0 0 0 0 0 0 0 0 0 0 
P4627 2009 8 0 0 0 0 0 0 0 0 0 0 29 27 0 0 0 0 0 0 0 0 23 0 0 34 0 0 0 23 36 34 0 
P4627 2009 9 0 10 0 0 0 0 0 0 0 0 0 0 0 0 0 32 0 0 0 0 0 37 0 0 0 0 0 0 0 0 -999 
P4627 2009 10 0 0 50 0 27 0 0 0 0 0 26 0 24 0 0 0 26 23 0 0 9 0 0 0 0 0 0 7 0 0 0 
P4627 2009 11 0 0 0 0 0 0 0 0 0 0 0 7 0 0 0 0 0 0 0 0 0 0 0 0 0 20 0 0 0 0 -999 
P4627 2009 12 0 0 0 0 0 0 0 0 0 0 7 7 0 0 0 0 0 0 16 0 0 0 0 0 0 14 13 0 0 0 7 
P4627 2010 1 0 0 0 16 0 14 0 0 14 0 32 21 0 27 13 11 0 0 0 0 9 13 0 7 0 0 0 0 0 0 0 
P4627 2010 2 14 0 0 0 0 0 24 0 0 0 0 20 10 0 0 0 0 13 0 0 0 0 0 16 19 0 0 0 -999 -999 -999 
P4627 2010 3 7 0 0 0 0 0 47 70 0 0 42 0 0 0 0 14 0 0 21 49 0 0 0 16 0 0 0 0 14 0 11 
P4627 2010 4 13 14 0 0 0 37 0 0 0 30 0 40 25 0 19 23 0 36 0 15 0 30 0 0 10 0 23 0 13 22 -999 
P4627 2010 5 16 17 0 38 33 0 0 24 0 0 45 54 0 0 0 0 24 0 0 17 0 21 0 22 39 0 0 0 0 11 25 
P4627 2010 6 0 0 12 0 0 0 14 0 0 0 0 0 0 0 0 0 0 0 13 22 0 0 0 0 0 36 0 0 0 37 -999 
P4627 2010 7 19 0 0 19 0 31 0 0 38 0 0 0 0 22 0 0 0 0 0 25 0 0 31 0 0 0 0 31 0 35 0 
P4627 2010 8 0 0 0 0 0 29 0 0 0 0 0 0 23 29 0 0 0 0 0 26 0 0 0 0 0 0 0 18 0 0 0 
P4627 2010 9 16 0 24 0 0 0 0 0 0 0 0 0 0 0 0 0 0 23 0 0 0 0 0 0 0 0 0 0 16 0 -999 
P4627 2010 10 0 0 0 0 0 0 0 0 0 0 0 0 0 0 0 0 20 0 0 0 18 0 0 0 0 0 0 0 0 0 0 
P4627 2010 11 0 9 0 0 0 0 0 0 0 0 0 0 0 17 0 0 0 0 0 13 8 0 0 0 0 14 0 0 0 0 -999 
P4627 2010 12 29 0 0 0 0 18 0 16 22 21 0 0 9 21 27 0 0 0 0 0 0 0 0 0 0 0 9 0 0 0 0 
P4627 2011 1 0 0 0 0 5 0 9 0 0 0 0 0 14 0 0 0 0 0 0 0 0 0 15 26 0 0 0 0 0 0 7 
P4627 2011 2 0 0 0 0 0 0 0 0 0 0 0 0 0 0 0 0 0 12 0 0 0 0 0 0 0 0 0 43 -999 -999 -999 
P4627 2011 3 36 0 56 73 0 0 0 0 0 0 27 0 31 0 23 0 22 8 9 8 12 0 0 0 0 10 0 0 0 0 26 
P4627 2011 4 0 0 0 0 21 0 0 27 38 0 0 0 0 17 0 0 40 54 0 36 0 0 0 0 9 0 10 0 0 30 -999 
P4627 2011 5 0 0 0 0 0 0 0 0 0 0 13 0 32 0 23 0 0 0 21 0 0 0 0 17 0 0 0 0 22 0 9 
P4627 2011 6 0 10 0 0 16 0 21 26 0 0 0 0 0 0 0 21 18 0 0 25 0 0 0 0 0 19 0 0 0 16 -999 
P4627 2011 7 0 13 11 0 0 0 0 0 0 0 0 0 0 0 0 0 0 0 0 0 0 0 0 0 0 0 0 0 0 0 0 
P4627 2011 8 0 0 0 0 0 0 22 0 0 0 0 0 15 0 0 0 0 0 0 0 0 0 0 0 0 0 0 0 0 21 0 
P4627 2011 9 0 17 15 0 0 0 0 0 0 0 0 0 0 0 15 12 0 0 0 0 0 16 0 0 0 0 0 0 0 0 -999 
P4627 2011 10 0 0 0 0 50 0 0 0 0 0 0 0 0 0 0 0 0 0 0 0 21 37 56 31 23 0 0 14 20 29 41 
P4627 2011 11 0 0 0 0 6 0 43 0 0 0 0 22 40 28 0 0 37 0 0 0 0 16 0 0 46 10 0 0 0 0 -999 
P4627 2011 12 11 13 0 27 29 0 12 9 9 0 0 5 0 0 0 0 0 8 0 0 0 0 0 0 8 0 0 0 0 0 0 
P4627 2012 1 0 10 0 0 0 0 0 0 0 0 0 0 0 0 0 0 0 20 18 0 12 0 0 0 30 24 0 0 0 0 10 
P4627 2012 2 0 0 31 0 0 0 7 0 0 0 0 0 0 0 0 0 0 8 0 0 48 35 12 0 0 0 0 0 -999 -999 -999 
P4627 2012 3 0 0 47 138 58 21 0 0 0 0 0 0 0 0 0 0 19 27 0 30 0 0 0 0 0 0 0 0 0 0 0 
P4627 2012 4 0 0 0 0 0 0 4 8 0 0 12 0 0 0 13 15 0 0 0 20 0 0 0 26 0 18 31 0 0 0 -999 
P4627 2012 5 0 0 0 23 21 0 92 0 22 22 22 30 0 27 0 0 0 0 12 0 18 0 0 0 21 0 0 0 0 0 0 
P4627 2012 6 15 20 0 0 0 0 0 0 0 0 26 0 0 39 0 18 0 0 0 22 0 21 0 20 0 0 0 0 0 0 -999 
P4627 2012 7 0 0 0 0 0 0 0 0 0 0 0 0 0 0 0 0 0 38 0 0 27 0 25 0 0 0 0 0 0 0 29 
P4627 2012 8 0 0 0 0 0 0 0 0 0 0 0 0 0 0 0 30 0 0 0 0 0 0 0 0 0 0 0 0 0 23 0 
P4627 2012 9 13 0 0 0 15 0 0 14 0 0 0 0 0 0 0 0 21 0 0 0 0 0 11 0 0 0 28 0 0 0 -999 
P4627 2012 10 17 0 20 0 0 0 0 0 21 0 0 0 0 0 0 0 0 0 0 0 0 24 0 0 0 0 0 0 0 0 0 
P4627 2012 11 0 5 22 29 0 0 0 0 0 0 0 18 0 0 0 0 0 0 0 12 0 23 0 11 16 0 0 0 0 0 -999 
P4627 2012 12 0 0 18 20 0 29 0 0 0 0 0 0 0 0 0 0 0 0 0 0 4 0 0 0 0 0 0 0 0 0 0 
P4627 2013 1 15 14 18 0 0 0 0 0 0 0 0 0 0 0 0 0 0 0 0 13 0 0 0 8 0 0 0 0 0 4 0 
P4627 2013 2 0 10 0 0 0 0 1 3 0 0 0 0 0 0 10 0 12 15 0 7 0 0 0 0 0 25 0 0 -999 -999 -999 
P4627 2013 3 0 0 0 0 0 0 0 98 0 0 20 0 0 0 0 0 0 11 0 0 27 35 17 0 0 0 0 0 39 21 0 
P4627 2013 4 43 74 0 15 0 0 0 0 0 0 0 0 21 0 0 27 0 0 0 0 0 0 17 0 0 0 0 0 0 0 -999 
P4627 2013 5 0 0 0 0 0 0 0 0 0 0 11 0 0 0 0 0 0 9 0 19 10 10 0 0 0 0 0 0 0 0 28 
P4627 2013 6 31 32 13 0 27 35 0 0 36 0 14 0 0 28 0 0 0 0 0 0 0 0 23 0 33 0 0 0 0 0 -999 
P4627 2013 7 23 0 0 0 0 22 0 0 0 0 0 0 0 30 0 0 0 0 0 0 0 0 0 0 0 0 0 0 0 0 0 
P4627 2013 8 0 0 0 0 0 0 0 0 0 0 0 0 0 0 0 0 0 0 0 0 20 0 0 0 0 0 0 0 0 0 21 
P4627 2013 9 10 0 0 15 0 0 0 0 0 0 0 0 0 0 0 0 0 22 0 0 43 0 0 13 20 0 0 0 0 14 -999 
P4627 2013 10 0 0 0 0 0 0 0 0 0 18 0 0 0 34 29 25 0 0 20 0 0 8 0 0 0 19 0 0 0 0 0 
P4627 2013 11 0 0 0 0 0 0 0 0 19 0 28 0 24 0 0 0 0 0 32 0 0 0 0 0 0 11 8 0 0 0 -999 
P4627 2013 12 0 0 5 0 0 0 0 0 0 0 0 14 0 0 0 0 0 0 0 0 9 0 0 0 0 12 0 15 0 18 17 
P4627 2014 1 0 0 0 0 0 0 0 0 0 0 0 0 0 0 0 0 0 0 0 12 8 0 0 0 0 0 0 36 0 0 0 
P4627 2014 2 0 0 0 0 0 0 0 0 0 0 0 0 3 0 0 0 0 0 0 0 0 0 0 0 0 0 0 0 -999 -999 -999 
P4627 2014 3 0 57 0 0 14 0 0 0 0 0 11 0 0 0 0 0 0 21 0 0 0 29 36 22 0 0 34 30 0 18 0 
P4627 2014 4 37 29 0 0 0 0 15 20 26 0 16 0 0 19 0 0 0 0 0 0 0 0 11 0 0 14 0 0 0 0 -999 
P4627 2014 5 0 0 0 0 15 26 11 0 0 0 0 0 0 33 0 0 0 0 47 0 24 17 0 9 0 0 0 17 20 32 0 
P4627 2014 6 0 11 0 0 0 11 17 17 16 0 0 0 0 0 0 0 0 0 52 0 0 0 34 0 34 0 0 0 0 0 -999 
P4627 2014 7 0 0 0 0 0 0 0 0 0 0 0 0 0 0 0 0 0 0 0 24 0 0 0 0 0 0 0 0 0 0 0 
P4627 2014 8 0 0 0 21 0 0 0 0 0 0 0 0 0 24 0 20 0 0 0 0 0 0 0 0 0 0 21 0 0 0 0 
P4627 2014 9 0 0 0 0 0 0 0 0 0 0 0 0 0 0 0 35 16 0 0 0 0 22 0 0 0 0 0 0 53 0 -999 
P4627 2014 10 0 0 0 0 22 0 0 15 0 20 0 0 0 0 0 0 0 16 0 0 0 0 0 0 17 0 29 0 0 0 0 
P4627 2014 11 0 8 0 0 0 0 0 0 0 16 0 14 0 0 0 10 0 0 0 0 0 0 3 0 0 0 0 2 0 0 -999 
P4627 2014 12 0 0 0 7 6 0 0 0 7 0 0 0 0 0 0 0 0 0 0 0 0 0 0 7 0 0 16 0 0 0 0 
P4627 2015 1 0 0 0 0 0 0 0 0 0 0 0 0 0 0 0 0 0 0 0 0 0 0 0 0 0 0 0 0 0 0 0 
P4627 2015 2 0 0 0 0 0 0 0 0 0 0 0 0 0 0 7 0 0 0 0 0 0 0 0 0 10 15 0 11 -999 -999 -999 
P4627 2015 3 13 19 0 0 0 0 0 0 23 0 0 37 0 0 33 21 0 0 13 0 18 0 0 0 0 0 0 0 0 0 0 
P4627 2015 4 57 0 0 0 0 0 0 13 0 17 0 0 12 0 0 0 0 17 17 20 28 0 0 11 0 24 0 13 37 0 -999 
P4627 2015 5 0 0 0 0 13 0 0 0 0 0 0 0 0 0 0 0 0 0 18 0 0 0 17 0 0 0 0 0 19 11 0 
P4627 2015 6 0 0 0 0 0 0 14 0 0 0 0 0 19 0 0 0 0 0 0 20 0 0 0 0 0 0 0 0 0 0 -999 
P4627 2015 7 0 0 0 24 0 0 0 0 0 0 0 0 0 0 0 0 0 0 0 0 0 0 0 0 0 0 0 0 0 0 0 
P4627 2015 8 23 26 0 0 0 28 0 0 0 0 0 0 27 0 0 0 0 0 0 21 0 0 0 18 0 0 0 0 0 0 0 
P4627 2015 9 0 0 0 0 0 0 0 0 19 21 29 0 0 0 0 0 0 0 0 0 19 0 0 0 0 0 15 0 14 0 -999 
P4627 2015 10 9 9 0 0 0 0 0 0 0 0 0 0 0 0 19 24 23 0 0 0 17 16 17 0 28 19 0 0 0 0 0 
P4627 2015 11 0 0 0 8 0 19 0 0 0 0 0 0 0 0 16 0 0 0 15 0 0 0 0 0 0 0 0 0 0 21 -999 
P4627 2015 12 0 35 33 15 0 50 11 16 15 0 0 0 0 0 0 0 0 0 0 0 0 0 0 0 0 12 0 0 0 0 0 
P4627 2016 1 0 0 0 0 0 0 0 0 0 0 0 0 0 0 0 0 0 0 0 0 0 0 0 37 32 40 0 36 32 24 30 
P4627 2016 2 0 0 0 0 0 0 0 11 20 20 0 16 12 10 0 0 0 5 0 0 0 17 0 0 0 19 0 13 -999 -999 -999 
P4627 2016 3 0 24 51 62 34 21 14 0 0 0 0 0 0 80 73 0 0 0 0 0 39 41 33 46 24 0 27 19 0 10 0 
P4627 2016 4 0 14 0 0 0 0 0 0 0 17 17 0 0 20 0 0 0 11 0 0 0 0 0 43 0 0 0 22 0 30 -999 
P4627 2016 5 0 20 0 0 0 0 0 49 0 0 0 38 21 0 0 0 0 0 0 0 0 0 0 0 0 0 0 33 33 0 0 
P4627 2016 6 21 0 0 0 15 0 0 0 0 0 0 0 0 0 0 9 0 0 0 0 0 0 19 0 0 0 0 0 0 0 -999 
P4627 2016 7 0 0 0 0 0 0 0 0 0 0 0 0 0 0 0 0 0 0 0 0 0 0 0 0 0 0 21 0 0 0 0 
P4627 2016 8 0 39 44 31 28 0 0 0 0 0 0 0 0 0 0 0 0 0 0 0 0 0 0 0 0 0 56 0 32 0 0 
P4627 2016 9 22 0 32 0 0 0 0 0 0 0 0 0 0 0 0 0 0 0 0 0 0 0 0 0 0 0 0 0 0 0 -999 
P4627 2016 10 0 0 0 14 0 0 0 0 0 0 0 0 0 0 0 0 0 0 21 20 0 40 0 0 18 0 21 54 0 21 0 
P4627 2016 11 30 34 41 0 0 16 0 22 0 0 8 0 0 0 0 9 0 0 20 20 0 0 0 0 0 0 0 0 0 0 -999 
P4627 2016 12 0 0 0 20 0 0 0 0 0 6 0 9 0 0 19 0 0 0 0 0 12 0 8 0 0 0 31 0 0 19 0 
P4627 2017 1 0 0 0 7 0 0 0 0 0 0 0 19 0 0 40 22 0 0 0 10 0 0 0 0 0 0 0 0 0 0 0 
P4627 2017 2 0 0 0 0 5 0 0 0 0 0 0 0 0 0 0 0 0 0 0 0 0 0 0 0 0 0 0 0 -999 -999 -999 
P4627 2017 3 0 0 0 0 12 0 0 0 0 53 0 41 0 0 21 13 0 0 0 0 0 0 19 29 0 0 30 42 0 0 17 
P4627 2017 4 17 25 29 41 21 0 0 17 0 0 17 0 35 0 34 30 0 0 19 35 0 30 0 0 0 0 0 34 26 0 -999 
P4627 2017 5 33 0 0 0 14 14 0 21 0 0 0 0 0 0 0 0 0 0 22 0 0 0 0 0 0 7 0 0 0 0 0 
P4627 2017 6 0 29 0 0 0 0 0 0 0 0 0 0 0 29 33 0 61 0 0 46 0 0 0 0 0 0 0 0 0 0 -999 
P4627 2017 7 18 0 0 0 0 0 0 0 0 0 0 19 14 0 0 0 0 0 0 0 16 18 0 0 0 0 28 0 0 0 0 
P4627 2017 8 0 0 29 0 0 0 0 0 0 19 0 0 0 0 0 0 0 37 0 0 0 11 11 0 9 0 20 0 0 0 0 
P4627 2017 9 0 0 0 0 0 0 0 0 0 0 0 0 0 0 0 0 0 0 17 0 0 0 0 0 0 0 9 0 0 0 -999 
P4627 2017 10 0 0 0 0 20 0 0 0 42 38 0 21 0 18 22 0 0 12 0 0 0 0 0 0 0 0 0 26 25 21 0 
P4627 2017 11 40 20 0 0 0 0 0 0 0 0 0 0 25 18 0 24 0 14 0 0 23 32 0 0 0 0 0 0 0 0 -999 
P4627 2017 12 0 0 0 0 0 0 23 27 23 0 41 38 0 0 0 0 0 22 0 20 26 25 0 17 11 19 23 31 50 0 28 
P4627 2018 1 65 25 0 0 0 0 0 0 0 0 0 0 14 0 0 0 11 10 0 12 0 0 0 6 0 0 0 0 0 0 0 
P4627 2018 2 0 0 0 0 0 0 0 0 0 0 0 0 8 0 0 14 0 0 0 0 0 15 0 0 10 0 0 0 -999 -999 -999 
P4627 2018 3 0 14 0 0 0 0 0 0 0 34 48 22 0 30 0 0 27 29 0 31 0 0 0 0 0 35 18 0 0 0 0 
P4627 2018 4 0 0 0 0 0 0 0 0 7 0 0 0 0 0 0 0 0 0 0 0 20 26 0 0 22 0 0 0 0 0 -999 
P4627 2018 5 23 36 0 0 7 0 0 0 0 27 30 10 0 0 0 0 0 21 0 0 22 31 22 0 0 29 38 0 0 0 0 
P4627 2018 6 8 11 0 0 0 0 0 0 0 0 25 0 40 0 0 0 0 0 0 24 0 0 0 0 0 0 0 0 0 0 -999 
P4627 2018 7 0 82 0 0 0 0 0 0 0 0 0 20 26 0 0 0 0 0 24 0 0 28 0 0 0 0 0 0 0 0 0 
P4627 2018 8 0 0 0 0 0 0 0 0 0 0 0 0 0 0 25 0 0 31 0 0 0 0 0 0 0 0 0 0 35 0 0 
P4627 2018 9 34 0 0 0 0 0 0 0 0 0 0 0 22 0 0 0 0 0 0 0 0 0 0 0 22 0 0 0 0 0 -999 
P4627 2018 10 0 0 29 0 0 0 0 0 0 0 0 0 0 0 0 65 61 24 0 0 0 11 0 0 0 14 0 0 0 0 21 
P4627 2018 11 0 22 0 0 0 0 0 0 21 22 38 54 0 16 0 0 9 0 0 0 0 0 0 0 0 0 0 0 5 0 -999 
P4627 2018 12 0 7 0 15 0 0 0 0 0 0 0 0 0 42 0 0 0 22 0 0 0 0 0 0 0 8 0 0 0 5 0 
P4627 2019 1 0 0 0 0 0 0 15 0 7 0 0 0 15 0 0 0 32 46 0 18 0 0 0 6 0 16 0 0 0 19 25 
P4627 2019 2 10 4 0 0 0 0 0 0 0 0 0 0 20 0 0 0 0 0 5 0 8 0 0 0 0 0 9 0 -999 -999 -999 
P4627 2019 3 0 8 0 0 0 0 0 0 0 0 0 0 0 0 0 0 0 0 0 0 0 0 0 0 22 0 25 47 0 0 0 
P4627 2019 4 8 0 0 0 18 31 19 11 26 29 36 43 38 0 20 33 31 0 0 18 0 0 0 40 0 0 0 0 34 63 -999 
P4627 2019 5 34 0 39 0 0 0 0 32 38 0 0 0 0 14 0 0 0 0 26 21 0 0 10 0 0 0 0 0 0 0 0 
P4627 2019 6 0 0 0 0 23 0 0 0 0 0 0 18 0 0 9 0 0 14 0 0 0 0 0 0 0 0 0 23 0 0 -999 
P4627 2019 7 0 19 0 0 0 0 0 0 0 0 0 0 0 0 0 27 0 0 0 0 0 0 26 0 0 0 0 0 13 0 0 
P4627 2019 8 24 0 0 0 0 0 0 0 0 0 0 0 0 29 0 0 0 0 23 0 0 0 0 0 0 0 0 0 0 0 0 
P4627 2019 9 0 0 0 17 0 0 0 0 47 0 34 0 0 41 0 0 0 19 0 0 0 0 0 17 0 0 21 0 20 0 -999 
P4627 2019 10 0 0 0 0 0 0 0 0 0 0 0 0 0 0 0 0 0 0 0 0 0 0 0 0 0 0 19 0 0 0 0 
P4627 2019 11 0 0 0 10 0 0 0 0 0 0 0 0 0 0 0 0 0 0 0 0 0 16 19 0 27 0 0 0 0 0 -999 
P4627 2019 12 0 0 0 0 0 0 0 0 0 0 0 0 0 0 0 0 0 0 0 0 8 0 12 8 0 0 12 0 0 0 0 
P4627 2020 1 0 0 0 0 0 5 0 0 0 0 0 0 10 0 0 0 0 0 0 0 0 0 0 12 18 26 35 26 22 0 31 
P4627 2020 2 36 0 33 0 0 0 0 0 0 0 0 0 0 0 0 4 0 0 0 0 0 0 0 0 0 0 0 0 -999 -999 -999 
P4627 2020 3 0 0 0 0 9 7 0 0 0 0 14 0 0 0 0 0 0 0 0 0 0 0 18 0 0 16 0 0 0 40 49 
P4627 2020 4 28 24 37 0 26 0 25 28 0 0 0 5 0 0 7 0 14 0 0 23 22 0 0 0 0 0 0 0 0 0 -999 
P4627 2020 5 0 0 0 0 12 0 0 0 0 0 0 0 0 0 18 0 18 0 0 0 0 0 24 0 11 14 0 0 0 18 0 
P4627 2020 6 0 0 0 0 0 0 0 0 0 0 0 0 29 0 28 0 29 0 22 0 25 0 0 0 0 0 0 18 0 0 -999 
P4627 2020 7 0 23 19 0 0 0 0 0 0 0 0 0 0 0 0 0 28 0 0 0 0 0 0 0 0 0 0 15 0 0 0 
P4627 2020 8 0 0 0 0 0 0 0 0 0 0 0 0 0 0 0 0 0 0 0 0 0 0 0 0 0 0 0 0 16 0 26 
P4627 2020 9 0 19 0 0 23 0 0 0 0 0 13 13 0 0 0 25 0 0 0 0 0 0 0 0 0 16 0 0 0 0 -999 
P4627 2020 10 19 0 22 0 0 39 0 22 0 0 17 0 0 0 0 0 0 0 10 0 0 0 0 17 0 0 0 40 16 0 32 
P4627 2020 11 0 22 27 0 0 40 0 0 0 0 0 0 0 0 0 0 5 0 0 0 0 0 18 0 29 0 0 8 0 0 -999 
P4627 2020 12 0 0 0 0 0 0 8 0 0 0 0 0 0 0 0 0 0 8 0 0 0 17 11 0 0 7 0 0 0 0 13 
P4627 2021 1 0 0 11 0 22 0 0 0 0 0 0 0 0 0 0 18 0 0 0 22 12 0 0 0 0 8 0 0 0 8 0 
P4627 2021 2 10 0 0 0 0 0 14 0 0 0 0 0 0 16 0 0 0 0 0 0 0 0 20 0 0 7 12 0 -999 -999 -999 
P4627 2021 3 0 28 0 0 0 0 0 0 25 23 0 0 19 15 0 0 0 0 0 0 0 0 0 0 0 0 0 0 0 0 0 
P4627 2021 4 0 0 0 0 0 0 0 0 0 10 0 0 0 0 0 0 0 0 0 37 0 47 0 23 0 23 0 0 33 0 -999 
P4627 2021 5 0 10 25 32 0 0 0 0 0 0 0 0 0 0 0 0 0 0 0 0 0 0 11 0 0 0 12 0 0 0 0 
P4627 2021 6 0 0 0 0 0 0 0 0 0 0 27 0 0 0 14 0 0 0 0 0 0 0 0 0 0 0 0 0 36 0 -999 
P4627 2021 7 34 0 0 0 0 0 0 0 0 0 0 0 0 0 0 0 0 0 0 0 0 0 0 0 23 0 0 0 0 0 0 
P4627 2021 8 0 0 0 0 19 0 0 0 0 0 0 0 0 0 0 43 0 0 0 0 0 0 0 14 0 9 0 15 0 0 5 
P4627 2021 9 0 0 0 0 0 0 0 0 23 0 0 0 0 0 0 0 0 0 0 0 0 0 0 0 0 0 0 22 21 0 -999 
P4627 2021 10 0 0 0 0 0 0 0 0 0 56 0 0 0 0 0 0 0 0 0 0 0 0 0 0 7 0 0 0 0 0 5 
P4627 2021 11 0 0 0 0 0 25 0 0 17 19 0 0 0 26 25 15 0 14 9 0 10 0 0 0 0 0 7 0 13 6 -999 
P4627 2021 12 8 0 0 12 0 0 8 0 0 0 0 0 0 0 0 0 0 0 0 0 0 0 0 0 12 0 0 0 0 25 18 
P4627 2022 1 0 0 0 0 0 0 0 0 0 0 0 0 6 0 0 0 0 0 0 0 0 0 0 0 0 0 0 9 0 0 0 
P4627 2022 2 0 0 9 0 0 0 8 0 3 0 0 7 0 5 0 0 0 0 0 0 0 8 28 35 0 5 0 0 -999 -999 -999 
P4627 2022 3 0 0 0 44 0 19 0 0 0 0 0 0 0 60 26 12 11 0 0 11 9 0 0 0 23 0 0 0 0 0 0 
P4627 2022 4 10 0 0 0 15 0 27 31 31 0 0 0 17 0 0 23 0 0 0 19 14 0 0 0 48 82 0 0 0 23 -999 
P4627 2022 5 0 0 13 0 22 0 0 0 0 0 31 0 23 22 36 0 0 18 0 0 0 16 19 21 0 11 0 0 0 0 0 
P4627 2022 6 0 0 27 20 9 22 0 0 14 0 0 0 16 0 0 16 0 0 0 0 0 0 0 0 0 0 0 0 0 0 -999 
P4627 2022 7 0 0 0 0 29 0 0 0 0 0 0 0 0 23 0 0 0 0 0 0 0 0 0 0 0 36 32 0 0 21 0 
P4627 2022 8 17 22 24 0 0 0 0 0 0 0 0 0 31 0 0 0 0 0 0 0 0 0 0 19 0 0 18 0 0 0 0 
P4627 2022 9 0 0 11 0 0 0 0 0 0 0 27 0 0 0 0 0 0 0 0 0 0 0 0 0 0 0 0 0 0 0 -999 
P4627 2022 10 24 0 22 0 0 0 0 0 16 0 12 0 0 0 0 0 6 8 10 0 0 0 0 0 0 8 6 0 8 0 5 
P4627 2022 11 10 0 0 12 0 0 0 0 0 0 16 0 9 0 0 0 39 0 40 18 0 18 0 0 0 0 0 0 0 0 -999 
P4627 2022 12 19 20 0 15 0 0 0 0 27 0 0 0 0 0 0 0 0 0 0 13 0 0 0 0 0 0 0 31 0 0 0 
P4627 2023 1 0 0 24 0 0 0 24 20 0 0 0 0 0 0 0 0 0 0 0 0 0 0 0 0 11 0 0 0 0 0 0 
P4627 2023 2 0 0 0 0 0 0 0 10 0 0 0 0 0 0 9 0 11 0 13 0 12 0 7 0 0 0 30 0 -999 -999 -999 
P4627 2023 3 0 0 0 0 9 6 0 16 17 0 0 0 0 0 0 0 0 0 0 0 0 0 0 0 14 20 28 0 0 0 0 
P4627 2023 4 17 8 0 21 0 0 23 0 26 23 0 0 6 0 0 0 0 0 0 0 0 0 0 0 0 0 0 30 0 0 -999 
P4627 2023 5 11 0 11 10 0 0 13 0 0 0 0 0 10 0 0 0 19 0 30 0 0 0 0 0 0 0 0 0 0 0 0 
P4627 2023 6 0 0 0 9 0 10 0 26 0 14 16 0 0 0 0 0 0 0 0 38 30 29 26 24 0 0 0 0 0 0 -999 
P4627 2023 7 0 0 0 35 36 0 0 24 0 0 0 0 0 0 0 22 0 29 0 0 21 0 0 0 0 0 0 0 0 0 27 
P4627 2023 8 0 0 0 0 0 0 0 0 0 0 0 0 0 0 0 0 0 0 0 0 21 27 0 0 0 0 0 0 0 29 0 
P4627 2023 9 0 32 0 0 0 0 0 0 18 0 0 0 0 0 0 0 0 0 0 0 17 0 0 0 0 19 0 0 0 0 -999 
P4627 2023 10 55 73 70 71 0 0 36 0 0 0 37 0 0 23 21 0 0 0 0 0 0 17 0 0 14 0 0 0 0 0 0 
P4627 2023 11 0 0 0 0 0 0 0 0 0 21 38 0 12 15 0 0 0 0 0 0 12 0 0 0 0 0 0 9 0 18 -999 
P4627 2023 12 0 0 0 0 0 0 0 0 0 0 0 0 0 0 0 0 0 12 0 17 0 0 0 7 0 0 0 23 0 0 0 
P4627 2024 1 0 0 0 0 0 0 0 0 55 0 0 0 0 0 0 0 0 0 0 0 0 0 21 0 16 0 0 0 0 0 25 
P4627 2024 2 52 63 34 0 0 0 0 0 0 0 0 0 0 0 0 0 26 0 6 0 0 0 17 27 0 0 6 0 -999 -999 -999 
P4627 2024 3 0 0 0 0 0 0 0 0 0 0 0 0 0 0 0 0 0 0 0 0 0 0 21 37 0 0 11 0 0 8 0 
P4627 2024 4 0 0 10 0 14 0 11 0 0 0 0 0 16 17 30 45 58 45 0 26 0 0 0 0 0 0 19 0 0 13 -999 
P4627 2024 5 0 0 0 0 17 0 12 19 22 0 0 0 17 0 30 29 0 0 0 0 0 0 0 0 0 0 0 0 0 0 17 
P4627 2024 6 0 0 0 0 0 0 0 0 0 0 0 17 24 0 20 0 0 0 0 0 0 0 0 0 0 0 0 0 0 0 -999 
P4627 2024 7 31 0 0 0 0 0 0 0 23 0 0 0 0 0 0 0 0 0 0 0 0 0 0 0 0 46 0 0 0 0 20 
P4627 2024 8 0 0 0 0 0 27 0 0 0 0 0 0 0 0 0 0 0 0 0 0 0 0 0 0 0 31 37 0 0 42 0 
P4627 2024 9 0 0 11 14 0 23 0 0 0 19 0 0 0 0 19 0 0 0 0 0 0 0 0 0 0 0 0 19 19 0 -999 
P4627 2024 10 0 0 0 0 0 15 0 0 21 0 0 0 0 0 0 22 42 0 0 0 0 0 0 0 0 29 38 0 20 16 0 
P4627 2024 11 12 0 0 0 24 0 0 0 0 0 0 0 10 0 9 0 0 0 0 0 0 14 0 0 0 0 0 0 12 0 -999 
P4627 2024 12 0 0 0 0 0 4 0 0 0 0 17 0 0 0 0 5 0 8 0 0 11 0 0 0 9 0 0 0 0 0 0 
P4627 2025 1 0 0 0 0 0 0 0 0 0 0 0 0 0 0 16 14 17 0 0 0 0 13 18 0 48 29 0 0 0 0 4 
P4627 2025 2 0 0 16 0 0 0 0 0 0 0 0 39 58 20 25 0 0 0 10 17 21 0 0 0 0 0 0 6 -999 -999 -999 
P4627 2025 3 0 0 32 29 0 0 0 0 41 43 19 14 0 0 14 0 0 0 42 65 32 0 13 24 0 0 0 0 0 0 0 
P4627 2025 4 13 0 0 0 0 0 14 0 0 0 0 0 0 13 33 24 12 14 12 0 14 0 0 0 21 20 0 0 0 0 -999 
P4627 2025 5 0 0 28 0 0 0 14 0 0 0 0 0 0 0 19 0 0 0 0 0 0 0 0 0 0 0 0 0 0 0 0 
P4627 2025 6 0 0 0 0 0 0 0 35 0 0 37 0 27 0 0 35 0 27 24 0 0 0 0 0 0 0 0 0 28 27 -999 
P4627 2025 7 0 0 0 0 0 0 0 0 0 33 0 0 0 0 0 0 0 0 22 0 0 0 0 0 0 0 0 0 0 0 32 
P4627 2025 8 0 0 0 0 0 0 0 0 0 0 0 27 0 0 0 0 0 0 0 18 0 0 0 0 0 0 0 0 0 0 40 
P4627 2025 9 0 0 0 0 0 0 0 23 0 0 0 0 15 0 0 0 0 0 0 13 0 0 0 0 0 0 0 24 0 0 -999 
P4627 2025 10 0 0 0 0 0 0 0 0 0 0 0 13 26 0 22 0 0 0 10 11 17 0 0 0 0 0 25 0 41 0 0 
P4627 2025 11 0 0 0 0 0 0 0 0 0 0 0 0 0 0 0 3 0 0 0 0 0 0 0 0 0 0 0 0 0 0 -999 
P4627 2025 12 0 0 0 0 12 9 0 0 0 0 0 12 0 17 0 0 0 13 0 0 16 0 12 0 0 0 0 0 0 0 13 
P4627 2026 1 0 8 0 0 0 0 19 0 0 0 0 0 0 0 0 0 0 0 0 0 0 0 0 0 0 0 0 0 0 0 0 
P4627 2026 2 0 0 0 0 40 14 22 0 0 0 0 44 0 0 0 0 0 0 19 20 11 9 3 2 0 0 17 0 -999 -999 -999 
P4627 2026 3 22 0 8 0 0 0 0 0 0 0 0 0 18 0 0 22 33 32 27 27 26 61 43 0 0 0 18 0 0 0 0 
P4627 2026 4 0 0 0 0 0 21 0 0 0 0 0 0 0 0 0 0 0 0 0 0 20 0 0 0 0 52 0 0 45 0 -999 
P4627 2026 5 24 0 0 0 0 19 26 15 0 0 0 0 0 0 0 0 0 0 0 0 34 0 0 16 17 0 11 0 23 0 18 
P4627 2026 6 0 34 33 0 0 0 0 0 0 0 0 0 0 18 0 0 0 0 0 0 0 0 0 0 32 0 0 0 0 0 -999 
P4627 2026 7 0 0 0 0 0 0 0 0 0 0 0 0 0 0 0 0 0 0 0 0 0 0 0 0 0 0 0 0 0 0 0 
P4627 2026 8 0 20 0 0 0 0 0 0 0 0 0 0 0 0 0 26 0 0 0 0 0 0 0 0 0 0 0 0 0 0 0 
P4627 2026 9 0 0 0 0 0 25 0 0 13 13 0 0 0 35 0 0 0 0 33 0 34 0 21 0 21 0 0 0 0 0 -999 
P4627 2026 10 0 0 0 0 0 24 0 27 14 0 0 0 0 0 0 7 14 26 0 0 0 0 0 0 0 0 4 0 0 0 0 
P4627 2026 11 32 19 20 21 0 0 0 0 0 0 8 0 25 9 10 0 0 0 0 0 4 0 0 0 0 0 0 0 0 0 -999 
P4627 2026 12 0 0 0 0 0 0 0 0 0 0 0 0 0 0 5 0 0 0 4 0 4 0 0 0 0 0 0 0 4 0 0 
P4627 2027 1 9 0 0 0 3 0 0 0 0 0 0 8 0 0 0 0 0 0 16 21 13 12 0 0 0 0 0 0 0 0 0 
P4627 2027 2 4 0 7 0 0 0 0 0 0 16 0 0 43 0 9 0 29 0 0 20 0 16 37 0 0 6 0 0 -999 -999 -999 
P4627 2027 3 27 0 0 13 14 0 7 0 0 0 0 14 14 0 0 0 0 13 25 0 26 0 43 0 59 16 0 0 0 0 0 
P4627 2027 4 21 0 24 0 0 6 19 0 0 0 0 14 0 0 0 0 0 11 12 0 0 0 0 0 0 0 0 0 0 0 -999 
P4627 2027 5 0 0 39 46 0 0 0 0 0 0 0 0 0 0 49 48 0 41 0 24 0 0 0 0 0 0 15 0 0 0 0 
P4627 2027 6 28 0 17 0 19 0 0 0 0 42 35 0 0 0 0 0 35 62 52 15 0 15 0 33 34 24 0 20 0 24 -999 
P4627 2027 7 0 0 0 0 0 0 0 0 16 0 0 0 0 0 0 0 0 0 0 0 25 0 0 0 0 0 24 0 0 0 0 
P4627 2027 8 0 0 0 21 0 0 20 0 0 0 0 17 0 0 0 0 0 0 0 0 0 0 0 0 0 0 0 0 0 0 0 
P4627 2027 9 0 0 0 0 0 28 0 33 0 0 26 0 30 0 20 19 0 0 12 0 0 0 0 0 0 0 0 0 0 0 -999 
P4627 2027 10 0 0 0 0 0 0 0 0 0 16 20 0 0 0 0 0 0 0 0 0 0 0 0 0 0 26 0 0 0 0 0 
P4627 2027 11 10 15 0 0 0 0 38 42 23 0 0 0 0 0 16 0 15 0 0 0 0 0 0 0 9 20 0 0 11 0 -999 
P4627 2027 12 17 37 14 0 9 12 0 0 0 0 0 18 0 6 0 0 0 0 0 0 0 0 0 0 0 0 7 0 0 0 0 
P4627 2028 1 12 0 0 0 9 0 0 0 5 0 0 0 0 0 0 0 0 0 0 0 0 0 0 0 0 6 0 0 0 0 0 
P4627 2028 2 0 0 0 0 0 0 0 0 0 0 0 0 0 0 0 0 0 0 0 10 0 0 27 0 0 39 37 39 -999 -999 -999 
P4627 2028 3 28 0 68 103 38 0 0 0 0 40 41 0 22 22 36 50 31 0 7 0 0 0 16 18 15 0 0 0 0 0 0 
P4627 2028 4 0 42 41 0 39 0 0 34 23 0 37 26 0 0 0 0 0 0 0 31 0 48 0 0 0 0 0 0 0 0 -999 
P4627 2028 5 0 17 13 0 19 0 0 0 0 26 0 20 25 39 0 0 0 0 0 0 0 0 20 36 0 0 0 0 32 0 0 
P4627 2028 6 0 0 0 25 20 0 29 0 0 0 0 38 0 0 0 0 41 26 28 0 0 0 0 0 0 0 0 26 0 0 -999 
P4627 2028 7 0 0 0 0 0 16 0 0 0 13 0 0 0 0 13 15 19 0 0 20 0 34 0 30 0 29 0 0 0 0 0 
P4627 2028 8 0 0 0 14 0 0 0 0 0 0 0 37 0 0 17 0 0 0 0 0 0 23 0 0 0 0 0 36 26 0 0 
P4627 2028 9 0 31 0 0 0 18 0 0 26 0 0 0 0 0 0 0 0 0 0 50 19 0 0 0 0 0 0 0 0 0 -999 
P4627 2028 10 0 0 0 0 26 19 0 0 0 0 34 0 0 0 0 0 0 28 0 0 6 10 0 0 3 0 0 0 0 0 0 
P4627 2028 11 0 0 0 0 0 0 0 22 0 0 11 0 0 0 13 9 0 0 0 0 23 0 0 26 0 0 0 0 0 0 -999 
P4627 2028 12 0 4 9 0 0 0 0 27 28 0 0 0 0 0 0 0 0 0 0 0 0 0 0 0 0 0 0 0 0 0 2 
P4627 2029 1 8 0 0 0 0 0 0 14 0 0 0 0 0 0 0 0 0 0 0 0 0 0 0 0 0 25 21 45 42 0 0 
P4627 2029 2 0 19 0 11 0 0 0 0 0 15 0 34 9 0 0 0 0 0 0 0 0 12 0 0 0 0 0 0 -999 -999 -999 
P4627 2029 3 0 0 0 0 0 0 0 0 0 0 0 0 0 0 0 0 0 0 24 36 26 30 0 122 0 15 0 0 0 24 25 
P4627 2029 4 16 13 0 31 0 0 0 0 0 18 0 28 0 47 41 0 0 18 0 18 24 0 14 19 0 13 0 0 0 15 -999 
P4627 2029 5 18 0 0 0 0 0 0 0 0 24 0 0 0 16 0 0 0 21 0 0 0 28 0 0 0 0 0 15 0 0 36 
P4627 2029 6 0 0 0 0 36 0 0 0 0 0 0 0 0 42 0 0 0 0 0 0 0 0 0 0 0 0 0 14 0 0 -999 
P4627 2029 7 17 0 28 0 0 0 0 0 0 0 0 0 0 16 0 0 0 0 0 0 0 0 0 0 0 0 0 0 0 0 0 
P4627 2029 8 28 0 0 0 0 0 0 0 0 22 0 0 0 0 0 0 0 0 0 21 0 0 0 0 29 0 0 0 0 36 0 
P4627 2029 9 0 0 0 0 0 20 0 0 0 0 19 0 0 0 0 22 0 27 0 23 0 14 0 0 0 0 21 0 39 0 -999 
P4627 2029 10 0 0 12 0 23 20 0 18 0 0 0 0 0 0 0 0 0 0 20 0 0 0 0 0 11 0 14 0 0 9 0 
P4627 2029 11 0 0 0 0 0 0 0 10 0 0 0 0 0 0 0 0 0 0 0 0 0 0 0 21 0 0 0 0 0 0 -999 
P4627 2029 12 0 10 0 0 0 0 0 0 0 0 0 0 0 0 0 0 0 0 17 0 0 0 0 0 0 0 0 0 0 18 15 
P4627 2030 1 0 0 0 0 5 0 0 0 0 0 13 0 73 0 0 0 0 0 12 0 0 0 0 0 0 12 0 0 0 0 4 
P4627 2030 2 9 0 0 0 0 0 0 14 16 0 0 2 5 0 0 0 0 0 0 0 0 13 0 8 0 0 0 0 -999 -999 -999 
P4627 2030 3 0 0 0 0 0 0 0 0 0 0 0 0 0 0 0 0 0 22 71 178 0 0 16 15 0 14 0 0 0 0 0 
P4627 2030 4 0 0 0 0 0 0 0 29 0 0 0 0 0 53 0 8 0 0 0 13 0 0 13 0 0 28 0 49 0 0 -999 
P4627 2030 5 21 15 0 0 0 0 14 0 0 0 18 0 0 0 0 0 0 0 20 24 0 29 16 11 0 0 0 0 0 0 0 
P4627 2030 6 0 0 0 0 28 0 0 0 23 0 23 0 11 0 11 0 0 0 0 0 0 0 0 0 0 0 0 0 0 0 -999 
P4627 2030 7 0 10 0 0 0 0 0 0 0 0 0 0 0 0 0 33 33 0 0 0 0 0 0 0 0 0 0 0 0 0 0 
P4627 2030 8 0 0 0 0 0 0 0 0 0 0 17 0 0 0 0 0 0 0 0 23 0 22 0 0 0 0 27 30 0 0 0 
P4627 2030 9 0 36 0 0 0 0 34 0 0 0 0 32 0 0 0 0 0 0 15 0 0 25 0 0 0 0 0 0 0 0 -999 
P4627 2030 10 0 0 0 0 26 21 18 0 0 0 31 0 0 16 0 0 0 0 0 0 0 0 0 0 0 0 0 0 14 0 0 
P4627 2030 11 0 0 0 0 0 0 0 0 17 0 0 0 0 0 0 0 0 0 0 18 0 0 0 40 39 0 0 0 0 0 -999 
P4627 2030 12 18 0 0 0 0 0 0 0 0 0 0 0 0 0 0 0 0 0 0 0 0 0 0 0 0 0 8 0 0 0 0 
P4627 2031 1 0 0 0 0 43 0 0 0 0 0 0 0 0 18 0 0 3 0 43 88 81 0 32 50 31 0 16 0 0 34 0 
P4627 2031 2 0 15 0 0 0 0 0 0 0 0 0 1 0 0 0 0 0 0 17 19 0 2 7 0 0 0 0 0 -999 -999 -999 
P4627 2031 3 0 18 0 0 0 0 0 0 0 0 0 25 40 0 68 52 0 0 18 0 23 0 0 0 47 0 74 78 74 63 36 
P4627 2031 4 0 15 0 0 0 0 0 0 0 0 0 0 0 0 0 0 19 0 24 0 0 0 0 31 0 0 33 16 0 0 -999 
P4627 2031 5 0 0 36 0 0 0 0 0 30 0 0 0 0 22 15 18 0 0 0 0 0 0 0 0 0 0 0 25 0 0 0 
P4627 2031 6 0 0 0 0 0 0 0 0 0 0 0 0 0 29 0 0 0 0 0 0 0 8 9 0 13 0 0 0 0 31 -999 
P4627 2031 7 31 0 0 0 0 0 0 0 0 0 0 0 0 0 0 0 0 0 0 0 0 0 0 0 0 0 0 0 19 0 0 
P4627 2031 8 16 0 0 0 0 0 0 0 0 0 0 0 0 0 27 0 0 22 22 0 0 20 0 0 0 0 0 0 0 0 0 
P4627 2031 9 0 0 0 23 0 0 0 0 0 0 0 0 0 0 0 14 0 0 0 0 0 19 0 18 0 0 0 0 0 17 -999 
P4627 2031 10 19 0 0 0 0 0 0 0 0 0 0 0 0 0 0 0 0 0 10 20 0 0 0 0 0 0 0 3 0 0 0 
P4627 2031 11 40 0 18 24 25 0 0 0 8 0 18 0 17 0 0 0 0 0 0 0 13 0 0 0 10 12 4 0 11 19 -999 
P4627 2031 12 15 24 0 0 6 6 11 0 0 0 0 7 0 0 0 0 11 0 20 0 0 0 9 10 19 0 17 0 0 0 21 
P4627 2032 1 0 0 0 0 0 37 7 0 30 0 0 0 0 0 0 0 0 0 0 0 0 3 0 0 0 0 12 0 8 0 0 
P4627 2032 2 3 0 0 0 0 0 0 0 0 0 0 0 0 0 0 0 0 0 0 0 0 0 0 0 0 0 0 0 -999 -999 -999 
P4627 2032 3 0 0 0 0 0 0 28 42 50 0 22 0 0 0 0 0 22 0 9 0 0 0 0 0 0 19 18 0 0 10 0 
P4627 2032 4 0 9 0 47 54 55 21 24 0 30 0 0 0 0 0 0 0 20 0 13 0 0 0 0 8 0 12 8 14 0 -999 
P4627 2032 5 0 0 0 0 0 0 0 10 15 0 0 42 0 20 0 0 0 0 0 0 0 0 0 0 0 19 0 0 0 0 0 
P4627 2032 6 0 0 0 0 0 38 23 0 12 0 45 0 0 0 0 8 22 0 0 0 0 34 36 33 0 0 0 0 0 0 -999 
P4627 2032 7 0 18 0 0 18 0 0 0 0 0 0 0 0 0 0 49 0 40 0 0 0 41 0 0 0 0 0 34 0 0 0 
P4627 2032 8 0 0 0 0 0 0 0 0 0 0 37 35 18 0 0 0 0 0 30 0 0 0 0 0 0 19 0 0 0 0 0 
P4627 2032 9 0 0 0 0 0 25 0 0 0 19 27 0 0 0 27 0 17 16 0 20 0 0 0 0 0 0 0 11 0 0 -999 
P4627 2032 10 0 19 0 21 0 0 0 0 0 0 0 0 0 20 26 0 0 15 16 0 11 13 0 12 0 0 0 0 0 0 0 
P4627 2032 11 0 0 0 0 0 6 15 0 0 25 0 8 7 5 0 0 0 0 0 0 0 0 0 0 0 0 0 8 0 0 -999 
P4627 2032 12 0 0 0 0 0 7 0 7 9 0 0 0 0 0 0 0 11 17 36 15 0 0 0 0 0 0 0 0 0 0 0 
P4627 2033 1 8 0 0 0 0 0 7 17 0 0 0 0 0 6 0 0 0 0 10 0 0 0 0 9 6 0 0 0 0 0 0 
P4627 2033 2 0 0 0 0 0 0 0 11 62 23 0 0 0 0 0 17 0 14 10 0 0 0 10 0 0 0 21 0 -999 -999 -999 
P4627 2033 3 0 0 0 0 0 0 16 21 0 0 0 0 0 55 0 0 0 0 0 0 0 9 0 0 0 0 0 22 0 0 26 
P4627 2033 4 0 0 0 0 0 45 0 0 0 22 0 0 0 0 0 0 0 0 0 8 0 0 0 0 0 0 0 0 0 0 -999 
P4627 2033 5 0 0 0 0 0 0 0 0 0 0 33 0 0 0 0 47 0 48 56 0 0 37 43 51 0 0 0 23 0 0 0 
P4627 2033 6 0 0 17 19 0 0 0 25 0 0 0 0 0 0 0 0 0 0 0 0 0 0 0 0 0 0 0 0 0 0 -999 
P4627 2033 7 0 0 0 0 0 0 0 39 52 57 0 0 0 0 0 0 0 0 0 29 0 0 0 0 0 0 0 0 31 31 17 
P4627 2033 8 0 24 0 0 0 0 0 0 0 11 0 0 0 0 29 0 0 40 0 0 0 0 0 0 34 0 41 0 0 0 21 
P4627 2033 9 17 0 0 0 22 0 0 0 0 0 18 0 16 0 0 19 0 18 0 19 21 16 0 0 0 0 0 0 0 0 -999 
P4627 2033 10 0 0 0 0 0 0 0 0 0 0 0 24 0 0 42 0 0 0 0 0 11 0 0 0 0 0 17 0 9 14 0 
P4627 2033 11 0 16 0 0 0 0 15 0 0 0 0 0 0 0 0 0 0 8 10 0 0 0 6 0 0 0 0 0 0 0 -999 
P4627 2033 12 0 0 6 0 0 0 11 0 0 0 0 0 0 0 0 0 0 12 0 0 0 14 27 13 0 0 0 35 0 0 0 
P4627 2034 1 9 0 0 0 0 0 0 0 0 0 0 11 0 0 31 0 0 0 0 0 0 0 0 0 0 0 2 8 0 0 0 
P4627 2034 2 0 0 40 0 25 0 23 0 32 41 0 0 0 0 0 0 0 0 9 0 0 0 0 0 0 0 0 0 -999 -999 -999 
P4627 2034 3 0 0 0 0 0 0 0 0 0 0 0 0 0 0 0 0 11 0 0 0 0 0 20 23 0 37 0 19 8 0 0 
P4627 2034 4 0 0 0 0 14 0 7 16 0 0 0 0 37 0 0 0 54 72 0 0 0 8 0 0 9 0 0 17 0 10 -999 
P4627 2034 5 0 0 14 14 0 0 0 25 39 27 0 0 0 35 0 0 10 0 0 0 0 0 23 24 0 0 0 35 0 0 48 
P4627 2034 6 0 0 16 0 24 0 0 0 16 0 0 0 0 0 0 0 0 0 17 22 0 0 28 0 0 0 21 0 0 0 -999 
P4627 2034 7 32 0 38 0 0 0 27 0 0 0 23 0 0 0 0 0 0 0 0 0 0 0 0 0 0 0 0 0 0 0 0 
P4627 2034 8 0 0 0 0 0 0 0 0 0 0 0 0 0 0 33 0 0 0 0 0 0 0 0 0 0 0 0 0 0 14 0 
P4627 2034 9 0 0 0 14 0 0 0 0 0 0 0 18 0 0 11 18 0 26 0 0 0 0 0 29 0 0 16 0 0 0 -999 
P4627 2034 10 0 0 0 0 0 0 0 8 0 14 10 0 0 9 23 0 9 12 0 0 0 19 0 53 0 0 0 0 11 0 0 
P4627 2034 11 0 0 10 0 0 0 0 0 12 0 0 0 15 0 0 0 0 0 0 0 18 18 0 22 43 0 41 50 0 0 -999 
P4627 2034 12 0 19 0 24 0 0 0 1 0 0 0 0 0 0 0 0 0 0 14 13 0 0 0 0 3 0 0 0 6 0 0 
P4627 2035 1 0 0 0 22 0 0 0 5 0 0 0 0 0 0 16 0 0 9 0 0 0 0 0 0 0 0 0 0 0 0 0 
P4627 2035 2 0 0 6 6 0 0 0 0 0 0 0 0 0 0 0 0 0 0 0 0 0 0 0 0 8 0 0 0 -999 -999 -999 
P4627 2035 3 0 0 0 0 0 0 0 0 13 0 0 0 0 0 8 0 0 0 0 8 0 15 0 0 0 0 0 0 0 10 0 
P4627 2035 4 0 0 0 0 0 0 0 27 0 0 31 32 0 0 0 0 23 0 0 0 0 0 0 31 30 0 0 0 10 0 -999 
P4627 2035 5 7 10 0 0 0 0 0 26 41 0 0 27 0 0 18 0 0 0 20 0 0 25 0 0 0 0 0 0 0 0 0 
P4627 2035 6 0 0 0 0 12 18 0 0 0 18 0 0 0 0 0 0 0 0 0 0 0 0 0 0 0 0 0 0 0 0 -999 
P4627 2035 7 0 0 0 0 0 0 0 0 0 0 0 0 0 0 18 22 0 0 42 0 0 0 0 0 30 0 0 0 0 0 0 
P4627 2035 8 0 0 0 0 0 0 34 0 0 0 0 0 24 0 0 0 0 0 22 0 0 33 0 0 0 0 17 26 43 0 0 
P4627 2035 9 0 0 0 0 0 0 0 0 0 24 0 0 0 14 0 0 0 0 0 0 0 0 0 19 0 37 0 0 0 0 -999 
P4627 2035 10 0 8 0 0 0 0 0 0 0 0 13 0 0 0 0 0 0 0 24 25 15 12 6 0 0 20 0 23 0 0 0 
P4627 2035 11 14 0 35 0 0 0 0 0 0 0 0 0 0 0 0 0 0 0 14 0 0 20 0 0 28 0 0 14 0 0 -999 
P4627 2035 12 49 0 0 0 0 0 0 0 0 0 0 0 0 14 33 22 0 0 0 0 0 0 0 9 12 9 14 0 8 0 0 
P4627 2036 1 0 0 0 0 0 10 9 0 0 0 10 0 0 0 0 0 6 5 0 0 0 0 0 0 0 0 0 0 0 6 0 
P4627 2036 2 11 0 0 0 0 0 0 0 0 0 0 0 0 0 0 0 0 0 0 0 0 22 0 18 0 32 0 10 -999 -999 -999 
P4627 2036 3 13 16 0 0 0 0 19 0 0 0 0 0 0 24 46 0 0 26 0 31 0 0 0 0 0 0 0 16 0 15 0 
P4627 2036 4 17 0 0 0 20 46 96 60 0 20 0 0 0 0 0 0 0 0 0 44 0 0 31 0 0 0 0 0 12 0 -999 
P4627 2036 5 0 0 33 45 39 0 0 12 0 0 0 0 36 15 16 0 17 0 0 0 30 10 0 0 0 0 0 0 0 0 0 
P4627 2036 6 0 0 0 0 0 0 0 0 0 0 0 0 0 0 0 0 25 0 0 0 0 0 0 0 0 0 0 0 0 0 -999 
P4627 2036 7 32 0 0 0 16 0 0 0 0 0 0 0 0 0 19 0 0 0 21 0 14 0 0 0 0 0 0 0 0 0 0 
P4627 2036 8 0 0 0 0 0 0 0 42 0 0 0 0 0 0 0 0 0 0 0 0 0 0 27 0 0 0 0 0 0 0 0 
P4627 2036 9 0 0 31 0 0 0 0 0 0 0 0 0 0 0 0 0 0 0 0 0 0 0 0 0 0 0 0 0 0 0 -999 
P4627 2036 10 0 5 10 0 0 0 0 0 0 13 0 0 0 43 23 0 0 0 29 31 0 0 0 0 0 16 13 0 0 0 0 
P4627 2036 11 0 0 0 13 0 0 0 0 0 16 0 0 0 0 0 0 12 18 0 0 0 16 0 33 69 68 0 0 0 0 -999 
P4627 2036 12 0 0 0 0 0 0 11 0 0 0 0 0 0 0 0 0 10 0 0 0 0 0 0 0 0 0 18 0 0 0 0 
P4627 2037 1 0 0 0 0 0 0 9 0 0 0 0 0 0 17 23 29 67 69 68 101 25 0 0 0 4 0 0 0 0 0 0 
P4627 2037 2 0 0 0 0 33 0 0 0 0 0 0 0 0 0 40 72 28 23 31 0 35 11 0 0 9 13 0 0 -999 -999 -999 
P4627 2037 3 37 23 41 46 0 12 0 0 0 0 0 0 0 14 11 0 0 76 65 20 10 0 8 10 0 0 0 37 0 6 0 
P4627 2037 4 7 0 0 0 0 0 0 0 0 0 0 0 0 32 35 0 0 19 0 0 27 11 11 0 0 18 0 0 23 16 -999 
P4627 2037 5 13 13 0 0 0 0 12 0 0 0 0 0 0 0 20 0 0 0 0 0 0 0 0 0 0 0 0 0 0 0 37 
P4627 2037 6 0 0 0 0 0 30 23 0 0 0 0 0 0 0 0 27 48 50 0 0 0 25 0 25 0 0 24 0 0 0 -999 
P4627 2037 7 0 37 27 0 0 0 0 0 0 43 43 0 0 0 0 0 0 0 0 26 0 28 0 27 0 19 31 0 0 0 0 
P4627 2037 8 0 0 0 0 0 0 0 0 0 0 0 0 0 0 0 0 0 0 23 22 0 30 0 0 0 0 0 0 0 0 0 
P4627 2037 9 13 0 0 0 0 27 0 0 0 21 0 18 0 0 0 0 0 0 0 10 0 0 0 0 0 0 0 0 0 0 -999 
P4627 2037 10 0 0 0 0 0 0 0 0 15 24 0 0 0 0 0 0 0 0 0 0 0 0 0 0 0 0 11 0 0 0 15 
P4627 2037 11 22 0 5 0 9 0 0 0 0 0 0 0 12 0 0 6 0 4 0 16 0 42 0 0 0 0 0 0 20 16 -999 
P4627 2037 12 0 15 0 0 0 0 0 21 0 0 0 0 0 0 0 0 2 0 0 0 0 12 0 7 0 0 0 0 0 0 0 
P4627 2038 1 0 0 0 0 0 0 0 9 0 0 0 13 0 0 0 0 0 2 0 0 0 0 0 49 101 0 37 20 0 0 0 
P4627 2038 2 0 0 0 0 17 11 0 0 0 0 0 7 0 0 0 0 0 0 0 0 0 8 10 13 0 0 20 14 -999 -999 -999 
P4627 2038 3 0 0 0 0 0 23 0 40 0 20 0 0 0 44 0 0 16 16 0 0 0 0 0 0 0 0 0 0 0 0 0 
P4627 2038 4 0 0 0 0 0 0 0 0 0 0 11 0 19 23 0 0 34 0 0 0 0 0 4 0 0 0 0 0 19 0 -999 
P4627 2038 5 0 0 0 0 0 0 26 0 0 28 0 0 0 0 24 0 16 0 0 37 39 0 0 0 0 0 16 0 0 0 0 
P4627 2038 6 0 0 22 22 0 0 0 0 0 33 0 0 0 19 0 0 0 0 0 0 0 24 0 0 0 22 0 0 0 0 -999 
P4627 2038 7 0 28 0 0 0 0 0 29 0 0 0 0 0 0 0 0 0 0 0 0 0 0 0 0 0 0 0 0 0 0 0 
P4627 2038 8 0 27 0 0 0 0 0 0 0 0 0 0 28 0 0 0 0 0 0 0 0 0 0 32 0 0 31 0 0 0 0 
P4627 2038 9 0 0 0 0 0 0 25 0 0 0 0 0 0 25 22 0 0 0 0 0 0 0 0 0 0 0 0 0 0 0 -999 
P4627 2038 10 0 0 0 0 0 0 0 0 0 0 0 21 0 0 0 10 0 0 0 0 0 0 0 0 0 0 0 0 0 0 0 
P4627 2038 11 0 24 0 0 9 0 0 7 16 0 0 23 0 17 0 0 27 0 0 0 0 0 0 0 0 0 0 5 5 0 -999 
P4627 2038 12 0 9 10 6 0 0 0 0 0 0 0 0 0 0 0 0 0 0 0 0 0 27 22 18 23 0 19 0 30 51 46 
P4627 2039 1 33 19 13 24 0 0 7 0 0 0 0 0 0 0 0 0 0 0 0 0 0 0 0 0 14 19 28 0 0 0 4 
P4627 2039 2 0 0 0 0 0 8 0 0 0 0 17 24 3 0 0 0 11 9 11 0 0 0 0 0 7 0 15 21 -999 -999 -999 
P4627 2039 3 9 0 0 0 8 0 0 0 0 0 0 0 0 0 0 0 0 0 0 0 3 0 0 0 0 0 52 14 0 8 9 
P4627 2039 4 0 0 0 0 0 0 0 0 0 10 0 0 16 0 0 24 0 21 0 0 0 0 13 0 0 0 0 0 55 74 -999 
P4627 2039 5 0 0 0 0 0 0 0 0 0 0 27 0 7 0 0 30 28 25 11 0 0 0 0 0 0 33 27 0 24 0 0 
P4627 2039 6 0 18 0 0 0 33 0 0 0 27 0 0 0 0 0 27 0 0 0 0 0 13 0 0 0 0 15 0 0 0 -999 
P4627 2039 7 19 0 0 0 32 0 0 0 0 0 0 0 0 0 0 0 0 0 0 0 0 0 0 0 0 0 0 0 0 0 0 
P4627 2039 8 0 0 0 0 0 0 0 0 0 0 29 0 0 0 0 0 0 0 21 22 0 0 0 28 0 0 0 0 0 0 20 
P4627 2039 9 0 0 0 0 0 14 0 0 0 0 0 24 34 0 0 0 0 0 0 0 0 0 0 0 0 0 0 0 0 0 -999 
P4627 2039 10 0 25 0 0 18 24 22 0 16 0 0 0 0 0 0 20 17 0 0 49 0 0 0 22 9 0 0 0 0 0 0 
P4627 2039 11 0 0 0 0 8 13 0 0 0 0 0 0 0 0 0 0 0 0 0 0 0 0 0 0 0 6 0 0 2 1 -999 
P4627 2039 12 0 0 0 0 3 0 9 0 0 0 0 0 0 12 0 0 0 16 0 0 0 0 0 0 12 0 0 0 0 0 13 
P4627 2040 1 0 0 0 0 11 0 0 0 0 0 16 46 0 0 0 25 18 0 0 0 28 0 0 0 0 0 0 0 0 0 0 
P4627 2040 2 0 0 17 0 0 0 0 0 0 0 0 13 15 0 15 0 0 12 21 30 0 0 16 0 7 0 0 0 -999 -999 -999 
P4627 2040 3 0 0 0 0 0 0 16 0 0 0 0 17 23 0 0 0 21 0 0 0 0 0 0 23 52 43 30 0 0 0 0 
P4627 2040 4 64 74 69 46 0 18 0 13 0 0 8 0 0 25 0 0 24 27 0 0 0 0 0 0 0 0 4 0 0 0 -999 
P4627 2040 5 0 0 0 0 0 0 8 0 0 0 0 0 0 0 0 0 10 0 0 0 0 0 0 0 0 0 0 50 0 0 0 
P4627 2040 6 0 0 0 29 0 0 0 23 22 21 0 0 0 10 0 0 0 25 45 0 0 0 0 19 0 0 0 0 0 33 -999 
P4627 2040 7 0 0 0 0 0 0 0 0 0 0 0 0 0 0 0 0 0 0 0 0 0 0 0 0 0 46 31 0 0 0 0 
P4627 2040 8 0 22 0 0 0 0 0 0 0 0 0 0 0 0 0 0 0 25 24 0 0 27 0 0 0 0 0 0 0 0 46 
P4627 2040 9 49 0 0 21 0 26 0 25 0 22 0 0 32 0 27 0 0 0 0 0 0 0 22 0 20 0 19 0 0 12 -999 
P4627 2040 10 13 0 0 0 0 0 0 32 28 0 0 0 25 19 0 0 0 0 38 0 27 0 0 0 2 0 6 0 0 0 0 
P4627 2040 11 0 0 0 0 0 0 18 21 24 0 15 0 0 28 11 19 0 0 9 17 0 0 0 0 0 18 26 0 14 0 -999 
P4627 2040 12 30 0 21 24 36 0 0 0 0 0 0 0 5 0 0 0 0 0 0 0 0 0 0 0 0 0 0 0 0 0 0 
P4627 2041 1 0 0 0 12 0 0 0 0 14 17 0 0 0 0 0 19 21 16 0 0 0 0 0 0 0 0 0 23 0 0 0 
P4627 2041 2 0 0 7 0 8 0 0 0 31 21 0 45 0 16 26 0 0 10 0 0 0 0 0 0 0 0 0 0 -999 -999 -999 
P4627 2041 3 0 0 0 0 0 0 0 49 0 48 0 33 0 6 0 0 0 0 0 0 0 0 10 0 0 0 0 0 0 30 35 
P4627 2041 4 0 0 0 0 0 0 0 0 0 0 0 0 0 27 0 0 0 0 0 0 14 10 0 0 0 0 0 15 0 0 -999 
P4627 2041 5 19 32 0 58 0 0 0 0 0 0 0 0 0 0 0 0 0 0 0 0 0 0 0 0 0 0 0 0 0 0 0 
P4627 2041 6 0 11 29 0 21 0 0 0 0 0 0 0 0 0 0 0 0 0 0 58 74 0 0 0 0 0 0 0 22 0 -999 
P4627 2041 7 0 0 0 0 0 0 0 0 0 0 0 0 0 0 0 0 0 0 0 0 0 0 0 0 0 0 0 0 0 0 0 
P4627 2041 8 0 0 0 0 19 24 27 33 0 0 0 0 0 0 0 0 0 0 21 0 0 0 0 0 0 17 0 0 0 0 0 
P4627 2041 9 0 0 0 0 0 0 0 0 0 0 25 24 0 0 21 0 16 0 0 0 0 0 0 17 0 0 0 22 0 0 -999 
P4627 2041 10 0 0 0 0 0 0 0 0 0 0 0 0 0 0 0 0 0 0 0 0 0 0 14 17 0 6 0 0 0 0 0 
P4627 2041 11 0 28 0 0 0 18 0 0 0 0 0 0 0 0 0 28 0 0 0 0 0 0 0 15 0 48 30 0 0 0 -999 
P4627 2041 12 36 50 12 18 0 0 0 0 3 0 6 0 0 0 0 0 0 8 0 12 0 0 0 0 9 0 0 0 0 0 0 
P4627 2042 1 0 0 0 0 0 0 0 0 0 16 22 18 0 0 0 15 0 12 0 10 0 16 0 0 0 0 0 12 0 0 0 
P4627 2042 2 21 33 22 0 0 0 0 0 0 16 0 0 9 0 11 10 10 6 0 0 0 0 15 39 0 0 0 0 -999 -999 -999 
P4627 2042 3 0 0 0 0 0 33 0 0 0 24 0 0 0 0 0 0 0 0 10 13 0 48 0 36 36 47 36 26 0 32 32 
P4627 2042 4 0 30 34 53 23 0 0 0 0 0 0 0 0 14 0 29 22 21 13 3 0 0 0 0 23 22 0 15 19 0 -999 
P4627 2042 5 0 39 24 0 0 32 0 0 9 0 0 0 22 0 0 0 17 17 0 0 0 0 0 21 11 0 0 0 0 0 0 
P4627 2042 6 19 0 13 0 15 15 0 0 0 0 15 20 17 0 0 0 0 0 0 0 15 0 0 37 0 0 0 0 0 0 -999 
P4627 2042 7 0 0 0 35 0 0 0 0 8 0 0 29 0 0 0 0 0 0 0 0 0 0 0 0 0 0 20 0 0 0 0 
P4627 2042 8 0 0 0 0 0 0 0 0 31 0 0 0 0 0 0 0 0 0 0 35 0 0 0 28 0 0 0 0 0 0 0 
P4627 2042 9 0 24 0 0 0 22 0 0 16 22 0 0 0 0 0 0 27 0 23 0 11 0 0 0 0 0 12 0 9 0 -999 
P4627 2042 10 0 0 0 0 0 0 0 0 0 13 17 13 0 0 0 12 0 0 0 0 0 0 0 0 0 0 0 0 0 0 0 
P4627 2042 11 15 0 0 21 0 41 39 0 13 16 0 0 0 0 0 0 0 0 0 15 0 14 0 21 0 0 0 24 0 0 -999 
P4627 2042 12 0 0 5 6 0 0 0 10 0 0 0 0 36 0 0 0 11 0 0 0 0 0 0 6 0 20 40 60 0 12 11 
P4627 2043 1 0 0 0 0 0 0 0 0 8 0 0 0 0 0 0 0 32 0 0 12 0 0 0 0 0 0 0 0 0 9 0 
P4627 2043 2 9 0 0 0 0 0 16 0 15 0 6 8 0 0 0 17 0 0 0 0 0 0 0 11 5 0 0 0 -999 -999 -999 
P4627 2043 3 0 11 0 0 0 30 25 22 24 0 28 16 13 28 0 0 51 19 0 11 13 29 27 0 11 30 0 9 18 0 0 
P4627 2043 4 31 0 0 0 0 0 0 21 24 0 0 0 37 34 0 20 0 0 0 0 0 0 0 13 0 0 0 0 0 7 -999 
P4627 2043 5 0 0 0 0 0 0 0 0 0 0 41 0 0 52 0 19 14 0 23 0 6 0 0 0 18 0 0 0 0 0 0 
P4627 2043 6 0 0 0 0 15 14 0 19 0 0 0 0 0 0 0 0 0 0 0 0 31 0 0 0 0 0 23 0 33 0 -999 
P4627 2043 7 0 0 0 0 0 0 0 0 0 0 25 0 0 0 0 0 0 0 19 0 0 0 0 34 0 0 27 0 0 0 0 
P4627 2043 8 0 0 0 0 0 0 0 21 25 33 0 0 0 0 0 0 0 0 0 0 0 0 0 0 0 23 0 0 0 0 18 
P4627 2043 9 26 0 0 0 0 0 0 20 0 0 0 0 28 27 0 0 33 28 24 0 0 0 0 0 0 0 0 0 0 0 -999 
P4627 2043 10 0 0 0 0 0 0 0 0 26 25 0 0 0 6 0 0 0 0 0 19 0 25 0 0 0 18 0 0 0 0 0 
P4627 2043 11 0 8 0 0 44 0 0 0 0 0 0 0 0 0 0 0 0 0 19 23 9 0 0 0 0 0 0 29 19 10 -999 
P4627 2043 12 0 11 0 0 11 15 0 15 0 0 0 0 0 0 0 0 0 0 0 0 0 0 0 0 0 0 2 0 0 0 0 
P4627 2044 1 0 0 0 0 17 0 0 0 12 0 0 34 0 11 12 0 0 0 45 34 24 0 0 0 0 14 0 0 0 0 0 
P4627 2044 2 0 0 0 8 0 4 0 8 0 0 0 0 0 0 0 11 23 46 15 0 0 0 0 0 0 0 0 0 -999 -999 -999 
P4627 2044 3 0 0 0 0 0 0 0 0 0 0 0 43 44 0 0 20 19 14 0 0 0 0 0 0 0 0 0 0 52 0 0 
P4627 2044 4 0 27 0 20 0 0 0 41 25 18 21 0 0 0 0 0 0 0 0 0 13 0 19 38 99 95 0 0 0 0 -999 
P4627 2044 5 0 0 13 24 29 0 0 37 38 0 17 0 22 0 0 0 0 37 16 0 0 0 0 0 0 0 0 20 14 0 0 
P4627 2044 6 0 0 26 42 52 32 0 0 0 0 0 0 0 0 0 0 0 0 27 0 14 11 0 8 0 16 0 0 0 0 -999 
P4627 2044 7 0 0 10 25 29 0 0 31 0 49 0 0 0 0 42 0 0 0 0 0 0 0 0 0 0 0 0 0 0 0 0 
P4627 2044 8 0 0 0 0 0 0 0 0 0 0 0 0 0 0 0 0 12 0 0 0 0 0 0 0 0 0 0 0 0 0 0 
P4627 2044 9 13 13 0 0 0 0 0 0 0 0 24 0 0 0 0 0 0 23 0 0 0 25 0 0 0 0 20 16 20 0 -999 
P4627 2044 10 0 0 20 24 0 18 20 0 0 18 19 12 0 0 0 0 0 0 0 0 34 62 0 0 7 0 0 0 0 0 0 
P4627 2044 11 0 0 0 19 28 0 0 0 0 0 0 0 16 10 0 0 0 0 0 0 0 0 0 0 0 19 20 22 0 6 -999 
P4627 2044 12 0 0 0 0 0 0 0 13 0 4 0 0 0 0 0 0 7 0 0 28 44 20 10 0 0 0 1 0 0 0 0 
P4627 2045 1 6 0 0 0 31 0 0 0 0 0 0 0 6 0 0 0 0 0 0 0 0 7 0 0 0 5 17 15 0 0 0 
P4627 2045 2 0 0 0 0 0 11 0 0 0 0 0 0 0 0 0 0 0 0 0 0 0 0 0 29 46 24 0 11 -999 -999 -999 
P4627 2045 3 0 0 0 0 56 31 0 0 0 0 0 0 0 18 22 0 7 21 65 81 30 0 0 10 0 0 11 0 0 0 12 
P4627 2045 4 0 0 0 0 0 0 0 0 30 0 45 0 40 24 20 0 0 0 0 15 0 0 0 16 0 19 0 0 0 0 -999 
P4627 2045 5 0 0 0 0 6 0 0 0 0 8 13 0 0 0 21 0 0 24 0 0 17 0 21 0 0 16 0 34 0 16 16 
P4627 2045 6 0 0 18 18 19 0 0 0 0 0 0 0 30 42 0 0 18 18 23 0 0 0 0 0 26 39 38 37 22 22 -999 
P4627 2045 7 24 13 0 0 0 0 0 0 0 0 0 0 0 0 0 0 0 0 0 0 0 0 0 0 0 0 0 0 0 0 0 
P4627 2045 8 0 0 0 0 0 0 0 0 0 0 0 0 0 0 0 0 0 0 0 30 0 0 0 0 0 0 0 0 26 0 0 
P4627 2045 9 0 0 0 0 37 0 0 0 0 27 0 0 0 0 0 0 0 0 0 0 0 0 0 0 0 0 0 27 0 0 -999 
P4627 2045 10 16 0 16 16 0 0 29 0 0 0 0 0 0 0 0 10 0 0 0 0 0 0 0 0 0 0 18 13 0 0 0 
P4627 2045 11 0 0 0 0 0 0 0 0 0 0 0 25 27 0 0 0 0 0 0 0 0 0 0 0 12 0 0 0 0 0 -999 
P4627 2045 12 5 0 0 13 0 0 8 0 11 0 0 0 0 0 0 0 0 0 0 0 0 0 0 0 11 0 0 0 0 0 0 
P4627 2046 1 0 0 13 0 0 0 0 0 0 15 0 7 0 0 0 0 11 0 21 21 41 0 9 0 0 0 11 0 0 0 5 
P4627 2046 2 0 0 0 6 0 0 0 0 0 0 0 0 0 0 0 0 24 0 46 0 0 15 0 19 0 18 26 0 -999 -999 -999 
P4627 2046 3 0 0 0 0 28 0 0 0 0 0 19 28 0 0 0 0 0 17 0 0 15 20 0 0 0 27 0 39 60 0 0 
P4627 2046 4 0 0 0 0 19 16 0 0 23 28 11 0 0 35 0 0 0 48 0 0 35 22 0 0 0 0 0 0 29 0 -999 
P4627 2046 5 0 0 15 0 0 0 0 10 0 0 0 0 18 0 0 0 0 0 33 0 0 16 0 0 0 9 0 0 0 27 0 
P4627 2046 6 0 0 5 0 0 11 15 0 0 0 0 0 28 0 0 0 0 26 0 0 0 0 0 28 0 0 0 0 0 0 -999 
P4627 2046 7 0 0 0 0 0 0 0 0 0 0 0 0 0 0 0 0 0 0 0 19 0 26 0 0 0 0 0 0 0 0 0 
P4627 2046 8 0 0 0 0 0 0 0 0 0 0 0 0 0 31 0 0 0 0 0 0 0 27 0 0 0 0 0 30 0 0 0 
P4627 2046 9 0 0 24 0 0 0 0 0 0 0 0 0 0 18 0 0 0 0 0 0 0 0 0 23 0 19 0 0 0 0 -999 
P4627 2046 10 0 24 0 0 0 0 0 0 0 0 0 0 0 0 0 12 0 0 21 40 46 0 0 18 0 17 21 0 0 0 0 
P4627 2046 11 15 25 18 14 0 31 0 0 0 0 0 0 0 0 0 0 0 0 0 0 0 0 0 0 0 0 0 0 0 0 -999 
P4627 2046 12 0 0 0 0 0 0 0 0 0 0 22 0 0 0 21 0 28 16 14 0 0 0 0 0 0 0 0 0 0 0 0 
P4627 2047 1 0 13 19 30 25 0 16 0 0 0 13 0 0 18 10 4 0 0 0 0 0 0 0 0 0 0 0 0 0 0 0 
P4627 2047 2 0 3 0 0 17 0 0 16 0 0 18 12 17 0 29 19 23 13 0 23 0 0 0 0 0 0 15 11 -999 -999 -999 
P4627 2047 3 0 0 0 0 0 7 7 0 0 0 0 0 0 19 0 0 0 0 5 0 0 0 0 0 0 0 0 0 0 0 0 
P4627 2047 4 0 0 35 35 0 0 0 0 0 0 0 14 0 0 0 0 0 21 0 0 16 20 27 0 0 0 0 51 37 0 -999 
P4627 2047 5 0 0 0 0 0 24 35 49 145 106 40 0 33 36 8 0 0 15 0 21 0 0 0 0 0 0 0 0 0 0 0 
P4627 2047 6 0 0 0 0 0 0 0 0 0 0 0 28 0 0 0 0 0 0 0 0 0 0 0 0 0 0 0 0 0 0 -999 
P4627 2047 7 0 0 0 32 0 0 0 0 0 0 0 0 0 0 0 0 0 0 33 0 0 0 0 0 0 0 0 0 0 0 0 
P4627 2047 8 0 0 0 0 0 0 0 0 0 28 34 0 0 24 0 0 0 0 0 0 0 0 0 0 0 12 19 29 0 0 23 
P4627 2047 9 0 0 0 0 0 0 0 0 0 0 0 0 0 23 0 15 0 0 0 0 0 0 0 0 18 13 0 0 8 9 -999 
P4627 2047 10 0 22 0 0 0 0 0 0 0 0 0 0 0 20 0 0 0 8 0 0 0 0 0 0 0 0 20 0 0 0 25 
P4627 2047 11 0 0 0 0 0 0 0 0 0 0 0 0 0 11 9 0 0 0 0 8 0 0 0 0 0 5 0 0 0 0 -999 
P4627 2047 12 0 0 0 0 0 0 0 0 0 0 0 0 0 21 46 0 0 14 13 0 0 0 0 0 0 0 0 0 0 0 0 
P4627 2048 1 0 0 0 0 0 0 0 0 0 0 0 0 0 0 0 0 0 4 0 0 0 0 0 0 7 0 17 0 0 0 28 
P4627 2048 2 41 0 0 0 0 10 0 11 0 0 3 0 0 0 0 0 0 0 3 0 0 14 0 0 0 0 0 0 -999 -999 -999 
P4627 2048 3 0 0 0 6 0 0 0 0 0 0 28 0 0 15 0 0 52 71 0 0 29 20 26 0 0 0 44 29 52 56 22 
P4627 2048 4 0 0 0 0 16 23 0 27 0 25 24 0 27 0 0 0 0 0 0 11 0 0 0 0 29 0 0 24 18 0 -999 
P4627 2048 5 0 0 0 0 32 0 0 0 0 19 0 0 0 33 0 0 0 0 0 0 31 0 0 10 0 0 22 0 0 0 0 
P4627 2048 6 0 0 0 0 0 0 0 0 20 0 0 0 0 0 0 0 0 0 0 0 0 0 0 0 0 0 0 0 0 0 -999 
P4627 2048 7 0 0 0 0 24 32 0 30 0 0 0 0 0 0 0 0 26 0 0 0 0 0 0 0 0 0 0 0 0 0 0 
P4627 2048 8 0 0 38 0 0 0 0 0 0 0 0 0 0 0 0 0 26 0 29 0 21 21 0 0 0 0 0 0 0 0 0 
P4627 2048 9 0 0 0 0 17 0 0 0 0 0 0 0 0 0 23 21 0 13 20 0 0 0 15 0 0 0 0 0 0 0 -999 
P4627 2048 10 0 0 0 0 0 0 0 0 24 0 0 0 0 0 0 0 0 14 0 48 96 0 9 0 0 0 0 0 0 0 0 
P4627 2048 11 0 12 26 48 0 45 0 0 0 0 0 0 0 0 0 0 0 0 0 0 0 0 13 0 0 0 26 0 80 55 -999 
P4627 2048 12 0 0 0 0 0 0 0 0 0 0 0 0 0 0 0 0 0 0 4 0 0 0 0 0 0 0 0 0 0 0 0 
P4627 2049 1 16 0 47 0 20 0 0 0 0 0 0 0 0 0 0 0 5 5 0 0 0 0 0 0 8 10 0 0 0 0 0 
P4627 2049 2 0 0 0 0 0 40 99 49 0 47 49 65 37 27 0 70 23 35 0 0 42 18 0 0 0 0 0 0 -999 -999 -999 
P4627 2049 3 0 0 0 18 0 10 10 24 35 0 20 0 30 0 17 17 0 22 0 0 43 37 36 0 0 10 0 0 0 0 0 
P4627 2049 4 0 0 0 0 0 0 0 0 0 8 0 11 18 0 0 19 0 0 0 0 0 0 17 0 0 0 0 0 0 0 -999 
P4627 2049 5 0 0 11 7 11 0 0 27 0 45 0 0 0 0 25 0 0 0 0 0 0 0 0 0 0 0 0 0 0 0 0 
P4627 2049 6 14 0 0 13 0 0 0 0 0 0 0 26 0 12 0 0 0 0 18 0 28 0 29 0 0 0 0 0 0 0 -999 
P4627 2049 7 0 0 0 0 0 0 0 0 0 0 0 21 0 0 0 0 0 0 0 18 0 0 0 0 26 0 0 0 0 0 0 
P4627 2049 8 0 0 0 0 0 0 0 0 0 0 0 0 0 33 0 0 26 0 0 0 0 0 0 0 0 0 0 0 0 0 0 
P4627 2049 9 0 0 0 0 0 0 0 0 0 0 0 0 0 0 0 0 0 0 0 0 0 16 14 0 14 0 0 21 0 0 -999 
P4627 2049 10 0 27 0 0 20 0 0 0 0 0 0 0 0 14 0 0 0 0 0 0 0 0 0 0 0 0 0 0 0 0 0 
P4627 2049 11 0 0 14 6 0 0 13 0 13 0 0 0 15 14 0 0 0 0 9 0 0 0 0 0 0 0 0 0 0 0 -999 
P4627 2049 12 0 31 0 30 0 11 0 0 21 27 20 0 0 15 0 0 24 0 0 0 0 0 14 20 0 0 0 0 8 11 17 
P4627 2050 1 0 33 0 29 0 0 0 10 0 0 0 0 22 0 0 23 0 12 0 0 0 0 0 21 0 0 0 0 0 0 4 
P4627 2050 2 0 0 0 6 0 0 0 0 0 32 0 16 0 0 0 0 10 0 0 0 0 0 0 0 14 15 0 0 -999 -999 -999 
P4627 2050 3 0 0 0 0 0 0 0 0 0 20 0 46 0 0 26 0 21 0 15 0 34 0 0 0 19 0 0 0 20 0 0 
P4627 2050 4 0 0 0 0 0 0 24 0 0 0 0 18 25 27 0 0 29 17 0 35 0 0 8 0 0 0 0 0 0 0 -999 
P4627 2050 5 25 0 0 11 13 14 0 0 13 20 0 0 0 0 0 0 10 0 0 0 0 16 0 0 26 0 0 8 0 14 0 
P4627 2050 6 0 0 0 0 21 16 0 0 0 0 0 0 0 0 0 0 0 17 0 0 0 0 0 0 0 0 0 30 0 23 -999 
P4627 2050 7 26 0 0 0 0 0 27 0 17 0 0 0 0 0 0 0 0 0 0 0 0 0 0 0 0 0 0 0 0 0 0 
P4627 2050 8 0 0 0 37 0 0 0 0 0 0 0 27 0 0 0 0 0 0 0 0 0 0 0 0 0 0 0 24 0 0 0 
P4627 2050 9 0 0 0 0 0 0 0 0 0 15 0 0 0 0 17 0 0 18 0 0 0 0 0 0 0 0 24 0 0 0 -999 
P4627 2050 10 0 0 0 0 0 0 11 0 0 0 0 0 0 54 45 16 16 0 0 0 32 0 0 0 0 0 0 0 0 0 18 
P4627 2050 11 14 0 35 35 0 0 0 0 0 0 0 0 0 0 7 9 18 0 0 0 0 6 0 7 20 0 0 0 39 43 -999 
P4627 2050 12 26 0 13 27 9 0 0 0 0 0 0 0 11 0 0 24 0 42 50 0 13 0 0 0 0 15 12 11 0 0 0 
P4627 2051 1 10 0 10 0 0 0 0 0 0 17 30 28 18 10 0 0 0 0 0 17 0 0 0 0 0 13 0 33 0 0 0 
P4627 2051 2 24 0 20 0 66 0 0 0 0 0 10 0 0 0 0 0 0 0 0 25 0 22 0 0 20 0 0 0 -999 -999 -999 
P4627 2051 3 0 0 0 0 0 0 12 0 0 16 0 9 0 0 0 0 0 0 30 0 0 34 43 50 0 0 0 0 0 13 0 
P4627 2051 4 0 0 0 0 0 0 51 0 27 0 54 0 0 0 0 0 0 0 0 0 21 0 0 0 0 0 0 0 48 27 -999 
P4627 2051 5 0 0 34 52 0 37 0 0 0 0 0 0 24 0 0 0 0 20 22 0 0 0 0 0 26 0 13 0 0 0 0 
P4627 2051 6 0 46 0 0 35 0 22 21 17 26 0 19 0 0 0 0 0 0 0 19 0 0 0 0 0 0 0 0 0 0 -999 
P4627 2051 7 0 0 0 0 0 0 28 0 0 0 0 0 0 0 20 0 0 0 0 0 0 0 0 0 0 0 22 0 0 0 0 
P4627 2051 8 0 29 0 0 0 0 0 27 0 0 0 0 0 0 0 0 0 0 0 0 0 20 0 0 0 0 0 0 0 15 0 
P4627 2051 9 0 31 28 0 0 0 0 0 0 0 0 0 0 0 23 0 0 0 0 0 0 0 0 0 0 12 11 0 0 0 -999 
P4627 2051 10 0 0 0 0 0 15 0 0 0 0 0 0 0 0 0 0 0 0 0 0 0 0 0 0 0 21 0 33 0 0 0 
P4627 2051 11 0 0 0 19 31 0 0 0 0 0 0 0 19 14 0 22 0 0 0 0 14 0 0 4 0 0 0 0 0 5 -999 
P4627 2051 12 0 0 0 0 0 41 43 0 40 0 0 0 48 29 0 0 0 0 18 0 25 15 0 0 0 0 0 0 0 0 0 
P4627 2052 1 0 12 0 0 23 0 0 0 0 0 0 0 0 0 0 0 0 0 0 0 8 0 0 0 0 0 0 0 0 0 0 
P4627 2052 2 0 0 0 0 0 0 0 0 0 0 0 0 6 0 0 0 11 0 58 41 0 15 0 0 16 24 22 0 -999 -999 -999 
P4627 2052 3 0 0 0 0 0 0 0 39 27 0 0 0 0 29 0 32 21 0 20 0 0 12 21 36 18 16 0 0 0 0 0 
P4627 2052 4 0 0 0 0 0 0 0 0 12 9 0 0 0 0 0 0 0 0 0 25 29 0 0 0 0 0 0 0 0 0 -999 
P4627 2052 5 0 20 16 0 0 25 0 12 0 0 27 0 0 16 0 0 0 0 0 0 15 0 0 0 0 0 0 0 0 0 13 
P4627 2052 6 0 0 0 0 13 8 0 0 0 0 0 35 0 0 0 0 0 0 0 0 0 0 0 0 0 0 16 0 0 31 -999 
P4627 2052 7 0 0 0 0 0 0 0 0 0 0 0 0 0 0 0 0 0 0 0 0 0 0 0 37 0 0 0 0 0 0 0 
P4627 2052 8 0 0 0 0 0 0 13 0 0 0 0 0 0 36 0 0 0 31 0 0 0 17 0 0 0 0 0 0 0 0 0 
P4627 2052 9 0 0 0 0 0 0 0 0 0 0 23 0 0 0 0 0 0 0 0 0 0 0 0 0 0 0 0 0 19 0 -999 
P4627 2052 10 0 0 0 0 0 0 0 0 0 0 0 0 0 0 0 0 0 0 13 0 0 0 0 0 0 0 0 0 0 0 9 
P4627 2052 11 0 11 0 67 0 0 0 0 6 0 0 0 0 16 0 32 31 34 48 33 0 21 0 0 23 0 0 17 12 13 -999 
P4627 2052 12 29 43 0 0 0 0 0 0 20 0 0 0 0 0 3 0 0 0 0 4 8 0 0 9 0 0 0 0 0 0 0 
P4627 2053 1 0 0 0 0 0 0 0 0 0 0 0 0 0 15 13 0 0 0 0 0 0 0 0 0 0 0 0 0 0 0 0 
P4627 2053 2 0 9 0 8 0 22 0 16 10 6 0 0 0 0 6 0 10 0 0 0 0 0 0 0 0 26 39 0 -999 -999 -999 
P4627 2053 3 0 14 0 0 0 3 0 0 0 9 15 0 14 0 20 25 0 0 0 0 17 0 0 0 0 0 0 12 0 0 0 
P4627 2053 4 38 0 17 0 0 0 0 0 0 0 0 0 0 0 0 0 0 16 0 0 14 10 0 28 66 52 0 0 0 0 -999 
P4627 2053 5 35 0 0 0 0 0 17 12 0 21 0 0 0 27 0 0 34 0 0 31 22 0 0 22 0 7 0 0 16 0 14 
P4627 2053 6 0 0 0 13 0 0 0 0 0 31 0 0 17 0 0 0 0 0 0 17 0 0 0 0 0 0 0 0 21 0 -999 
P4627 2053 7 0 0 0 0 0 0 0 0 40 0 0 0 0 0 0 0 0 0 0 0 0 28 0 0 0 0 0 0 29 39 0 
P4627 2053 8 0 0 0 0 31 0 0 0 0 20 0 22 0 26 0 0 15 0 0 0 0 0 0 0 0 0 0 0 0 0 0 
P4627 2053 9 0 0 0 0 0 0 0 0 0 0 0 0 0 0 0 0 0 0 0 0 0 0 0 0 0 0 0 16 0 0 -999 
P4627 2053 10 0 0 0 0 0 0 0 0 18 0 31 0 42 0 0 21 18 0 0 32 0 12 13 0 0 0 0 0 0 0 0 
P4627 2053 11 0 0 0 61 0 0 0 0 0 0 0 17 6 0 4 0 33 0 34 0 7 10 8 0 0 0 0 0 0 0 -999 
P4627 2053 12 0 0 0 0 0 0 0 0 7 7 0 0 0 0 0 7 0 13 0 0 0 0 0 4 2 0 0 7 0 0 0 
P4627 2054 1 0 0 24 5 19 23 0 0 0 0 42 0 0 19 0 26 0 0 0 11 0 16 23 0 0 0 0 0 0 3 0 
P4627 2054 2 5 0 6 0 0 14 11 0 0 0 0 0 0 13 0 0 0 0 0 0 0 0 0 0 0 0 0 0 -999 -999 -999 
P4627 2054 3 0 0 0 0 0 0 0 0 0 0 30 16 18 14 0 10 10 11 0 0 10 12 19 0 0 0 15 0 0 0 13 
P4627 2054 4 0 0 10 0 24 21 0 0 0 25 0 31 0 0 15 17 0 22 35 0 0 27 17 0 0 0 0 0 33 18 -999 
P4627 2054 5 9 0 13 16 10 12 11 0 20 0 25 24 0 0 0 0 0 0 24 0 0 34 0 0 11 0 0 24 0 0 0 
P4627 2054 6 0 0 0 0 0 26 0 0 0 0 0 0 0 24 24 0 0 27 0 32 0 0 0 0 0 0 0 0 0 0 -999 
P4627 2054 7 0 0 0 32 0 0 0 0 0 0 0 24 0 0 0 0 0 20 0 0 0 0 0 0 0 0 0 0 0 0 34 
P4627 2054 8 0 0 0 0 0 0 0 0 0 26 24 0 22 0 0 0 0 0 0 28 25 14 0 0 0 26 0 0 28 16 0 
P4627 2054 9 0 0 0 0 0 0 0 0 0 31 0 39 0 0 0 0 0 0 7 0 0 0 0 0 0 0 0 0 0 0 -999 
P4627 2054 10 13 0 9 0 0 0 0 0 0 0 0 0 0 0 0 0 0 0 0 0 11 0 19 0 15 0 34 14 0 0 0 
P4627 2054 11 24 28 0 0 0 0 0 0 0 0 5 0 0 0 0 24 0 0 9 24 0 25 26 24 0 0 12 0 0 0 -999 
P4627 2054 12 0 0 0 0 13 0 0 13 22 21 0 0 34 45 26 0 0 0 0 0 0 0 0 0 0 0 0 3 1 0 0 
P4627 2055 1 0 0 0 0 5 0 0 0 0 3 0 0 11 0 0 0 7 0 0 36 45 0 0 0 0 0 0 0 7 0 0 
P4627 2055 2 0 0 0 0 0 0 0 10 0 0 5 0 0 0 0 0 0 12 0 5 8 0 0 0 0 66 56 0 -999 -999 -999 
P4627 2055 3 11 0 55 0 0 102 80 36 21 0 0 17 0 0 0 0 0 0 5 4 0 0 0 9 3 0 0 0 0 0 0 
P4627 2055 4 0 0 0 0 0 0 0 0 20 0 0 14 0 12 15 0 27 50 0 0 36 0 12 14 0 21 0 14 0 0 -999 
P4627 2055 5 0 0 8 10 0 0 0 0 0 0 0 26 0 32 22 16 16 0 21 0 0 23 0 0 0 0 0 22 21 0 0 
P4627 2055 6 0 17 0 0 0 0 0 0 0 0 0 0 0 0 24 0 0 0 0 0 0 0 0 0 0 0 0 0 0 22 -999 
P4627 2055 7 0 0 0 22 0 23 0 0 0 0 0 0 0 0 0 0 0 0 0 0 0 0 0 0 0 0 0 0 0 0 0 
P4627 2055 8 0 0 0 0 0 0 0 0 0 0 25 0 0 0 0 0 0 0 0 0 0 0 0 0 0 26 0 0 0 0 0 
P4627 2055 9 0 0 0 0 0 0 0 0 0 0 0 0 0 0 27 0 0 0 0 23 23 32 0 13 0 0 0 0 0 0 -999 
P4627 2055 10 0 0 17 0 0 0 0 0 0 0 0 12 10 0 26 0 0 6 0 0 0 0 0 0 0 0 0 0 0 0 0 
P4627 2055 11 0 0 0 0 0 0 12 20 0 0 0 0 0 0 0 14 21 10 0 0 16 0 0 0 0 0 16 20 15 0 -999 
P4627 2055 12 0 0 0 0 0 0 0 0 0 9 0 0 17 0 0 0 0 15 0 0 0 21 13 0 0 0 0 7 0 0 0 
P4627 2056 1 0 0 0 0 0 0 0 0 0 0 3 0 0 0 0 0 15 0 0 0 0 10 0 0 0 12 0 8 0 0 20 
P4627 2056 2 0 40 21 0 0 0 0 0 0 0 0 0 0 0 0 0 0 12 0 0 0 0 0 0 0 0 64 85 -999 -999 -999 
P4627 2056 3 0 33 18 0 5 8 0 0 13 0 23 31 18 22 0 0 9 0 17 0 0 0 0 42 0 15 25 0 0 0 0 
P4627 2056 4 0 0 0 0 0 0 0 0 0 0 0 0 15 16 0 17 13 42 37 0 0 8 0 0 0 13 0 0 0 17 -999 
P4627 2056 5 0 0 0 0 0 0 15 0 0 13 0 6 0 0 0 0 0 38 0 19 0 0 42 0 0 0 0 0 0 0 0 
P4627 2056 6 13 0 0 0 0 0 0 0 0 0 25 0 0 0 0 0 0 0 0 25 0 0 38 26 0 0 0 0 21 0 -999 
P4627 2056 7 0 0 40 0 0 0 0 0 0 0 0 0 0 0 0 0 0 0 0 0 0 0 0 0 0 0 0 0 0 0 0 
P4627 2056 8 0 0 0 0 0 0 0 0 0 0 0 0 0 0 0 0 0 0 0 0 0 0 0 0 9 0 0 0 0 0 0 
P4627 2056 9 0 0 13 0 12 0 0 7 10 0 0 0 0 0 0 21 0 17 0 0 0 24 0 16 0 0 0 0 0 0 -999 
P4627 2056 10 0 0 0 0 0 0 0 0 0 0 0 0 0 0 27 17 16 0 0 0 0 10 0 0 22 13 11 0 0 0 0 
P4627 2056 11 0 0 0 18 0 0 0 0 0 0 14 0 6 0 0 7 0 0 0 0 0 6 9 0 0 0 0 0 0 0 -999 
P4627 2056 12 0 0 0 15 0 0 0 0 9 0 0 0 8 0 0 0 0 0 0 0 0 0 0 0 0 9 0 0 11 0 0 
P4627 2057 1 0 0 0 0 0 0 2 0 0 0 0 0 0 0 0 28 26 22 29 0 12 9 0 0 0 0 21 42 14 8 0 
P4627 2057 2 0 0 0 0 0 0 0 0 0 0 0 0 0 0 0 0 5 0 0 8 0 14 0 0 0 19 0 0 -999 -999 -999 
P4627 2057 3 12 0 2 0 0 0 0 0 0 0 22 0 0 0 0 26 0 20 0 0 0 0 17 0 0 0 26 61 25 0 0 
P4627 2057 4 0 27 0 0 20 0 0 16 16 21 17 20 0 0 0 0 0 0 0 0 0 0 0 20 0 0 0 0 0 0 -999 
P4627 2057 5 0 67 29 0 22 0 0 36 0 0 13 0 0 0 0 0 0 0 0 0 0 0 0 17 0 30 0 0 0 0 0 
P4627 2057 6 0 0 0 0 0 0 0 0 0 0 0 0 0 0 0 0 0 0 0 37 28 0 0 0 0 0 14 0 0 0 -999 
P4627 2057 7 0 0 29 0 0 0 0 0 0 0 0 35 0 0 0 0 50 24 0 0 0 0 0 0 0 0 0 0 0 0 0 
P4627 2057 8 0 0 24 0 0 0 0 0 0 0 28 0 36 0 0 0 0 0 0 0 48 55 0 0 0 0 25 0 0 0 0 
P4627 2057 9 0 0 0 10 0 0 0 0 0 0 0 0 0 0 0 28 0 49 0 0 0 0 0 0 22 17 0 0 0 0 -999 
P4627 2057 10 16 22 0 0 0 0 25 0 0 0 0 0 0 0 0 0 0 0 14 0 0 0 0 0 0 0 0 0 0 0 0 
P4627 2057 11 0 0 0 0 0 0 0 0 0 4 0 0 0 0 0 0 0 0 21 0 0 0 0 0 0 0 0 0 0 0 -999 
P4627 2057 12 0 5 0 0 3 0 10 0 0 0 0 0 0 0 0 0 0 0 0 0 0 7 21 0 5 0 15 0 0 27 0 
P4627 2058 1 0 0 0 15 14 0 0 15 0 0 9 0 0 0 0 0 0 0 6 0 0 0 0 0 0 0 16 67 65 31 0 
P4627 2058 2 0 0 0 22 0 0 5 7 0 0 9 24 41 0 0 0 0 0 0 0 0 0 0 0 0 0 0 0 -999 -999 -999 
P4627 2058 3 0 0 0 0 0 0 0 13 0 0 0 0 0 0 0 18 19 0 0 0 0 0 0 0 0 0 0 0 25 0 0 
P4627 2058 4 0 27 27 0 0 0 0 0 23 0 0 0 0 64 87 0 61 0 0 0 0 0 40 0 18 10 0 13 14 0 -999 
P4627 2058 5 0 0 0 26 0 0 0 0 0 0 0 0 0 0 0 49 45 0 80 0 42 0 0 0 0 0 0 33 0 36 0 
P4627 2058 6 0 54 0 0 0 0 24 37 0 0 0 19 0 0 0 0 0 0 40 28 0 18 25 0 0 0 0 0 0 0 -999 
P4627 2058 7 0 33 0 0 0 0 0 0 0 0 0 0 0 0 0 0 0 0 0 0 0 0 0 0 0 0 0 0 0 0 0 
P4627 2058 8 0 0 0 0 0 18 0 0 0 0 0 0 18 0 22 25 0 0 29 0 0 0 0 0 0 0 0 0 0 0 0 
P4627 2058 9 19 0 0 0 0 0 0 0 0 0 32 21 0 0 0 21 0 0 0 0 0 0 0 0 0 0 0 0 0 0 -999 
P4627 2058 10 0 0 0 0 0 0 13 0 0 0 0 21 0 0 0 0 0 0 0 0 0 0 0 0 17 0 21 0 0 0 11 
P4627 2058 11 0 0 9 0 0 0 0 0 26 0 0 0 0 0 0 0 0 0 0 0 0 0 21 0 11 0 0 0 0 0 -999 
P4627 2058 12 0 0 7 5 0 0 0 0 0 0 0 0 0 8 0 0 0 0 0 0 0 0 64 0 0 0 12 17 0 0 0 
P4627 2059 1 0 0 0 0 0 0 0 0 3 0 0 0 0 8 0 0 4 0 0 0 0 0 0 0 0 0 0 0 0 0 0 
P4627 2059 2 0 0 0 13 0 3 0 0 0 0 52 84 0 0 0 8 0 11 0 0 0 0 0 0 6 0 0 0 -999 -999 -999 
P4627 2059 3 7 0 0 0 0 0 0 10 0 0 0 0 0 0 0 0 0 0 0 0 0 0 0 0 40 76 85 0 51 0 0 
P4627 2059 4 0 22 0 0 0 0 0 0 0 0 17 0 0 0 0 0 0 0 0 15 21 0 0 8 0 0 9 0 0 0 -999 
P4627 2059 5 0 0 0 19 0 0 0 0 12 0 0 35 0 34 0 0 0 18 6 0 0 0 36 0 0 12 0 0 0 22 0 
P4627 2059 6 0 0 0 18 0 0 0 0 55 33 19 10 0 23 0 0 0 0 0 0 0 35 0 0 0 34 21 14 22 0 -999 
P4627 2059 7 0 0 0 0 0 26 0 0 0 0 0 0 13 20 0 34 0 0 0 24 0 0 0 0 0 0 0 0 0 0 0 
P4627 2059 8 0 0 0 0 0 0 0 0 0 0 0 0 0 0 0 0 0 0 0 0 0 0 0 33 0 0 0 0 20 0 0 
P4627 2059 9 0 0 0 0 36 0 0 29 0 0 0 0 0 20 0 0 0 0 18 0 0 0 0 0 0 0 0 0 0 23 -999 
P4627 2059 10 0 0 0 0 0 0 0 0 0 0 7 0 0 0 0 0 0 10 0 21 0 0 0 0 0 0 0 0 11 0 0 
P4627 2059 11 10 0 0 0 0 0 0 4 0 0 0 0 0 16 0 13 0 0 0 20 14 0 0 0 0 0 0 0 0 0 -999 
P4627 2059 12 0 0 0 0 0 18 23 23 0 22 26 20 0 0 0 0 0 0 0 0 0 0 16 0 0 5 0 0 0 0 0 
P4627 2060 1 18 0 0 0 0 0 0 0 0 0 24 50 0 32 0 25 0 0 0 0 0 0 10 0 0 0 0 5 0 0 0 
P4627 2060 2 0 0 0 0 0 0 0 0 0 0 0 0 0 0 0 0 0 0 0 12 0 0 8 3 0 0 0 0 -999 -999 -999 
P4627 2060 3 0 0 0 27 68 125 52 33 0 0 0 12 0 0 18 0 0 15 0 19 0 0 0 38 0 21 0 0 46 24 24 
P4627 2060 4 19 43 0 26 38 43 0 0 0 24 21 0 0 18 0 0 0 0 0 0 0 0 0 0 0 0 0 0 0 0 -999 
P4627 2060 5 0 0 0 0 0 0 8 0 0 0 0 0 0 0 0 0 0 35 0 0 26 0 0 0 0 0 0 0 0 0 0 
P4627 2060 6 0 0 0 0 15 33 0 0 0 0 0 0 34 0 35 0 0 0 0 0 0 0 24 0 0 0 0 0 21 11 -999 
P4627 2060 7 0 27 0 0 0 0 0 0 0 0 0 0 0 0 23 0 0 0 0 25 28 0 0 42 0 0 0 0 0 0 0 
P4627 2060 8 0 0 0 0 0 0 0 0 0 0 0 0 0 0 14 0 0 0 0 0 0 0 0 0 25 0 0 0 0 0 0 
P4627 2060 9 0 0 0 0 0 0 0 0 0 0 0 100 45 29 23 0 0 16 0 0 0 0 0 0 0 0 20 0 0 15 -999 
P4627 2060 10 19 0 0 0 0 8 0 0 0 0 0 0 0 0 0 0 0 0 0 0 14 0 14 0 0 0 0 0 0 0 0 
P4627 2060 11 0 0 0 0 0 0 6 0 11 0 0 0 0 0 0 0 12 14 0 14 0 0 0 0 0 0 0 0 0 0 -999 
P4627 2060 12 0 18 17 0 13 14 0 0 0 0 0 0 9 15 0 0 0 0 20 0 13 13 27 13 0 0 0 0 29 50 38 
P4627 2061 1 17 12 16 15 0 0 0 29 22 14 0 0 0 0 0 0 0 0 0 0 8 0 0 0 0 0 0 0 0 0 0 
P4627 2061 2 0 7 0 0 18 0 0 0 17 0 0 0 10 12 0 0 0 0 0 0 0 0 0 0 39 27 0 0 -999 -999 -999 
P4627 2061 3 22 0 11 0 0 0 0 14 0 25 101 72 0 0 0 33 0 0 0 0 0 0 0 25 36 42 25 0 14 0 0 
P4627 2061 4 17 0 0 0 0 0 0 28 61 43 0 0 0 0 17 0 0 0 11 0 0 0 0 0 0 54 0 50 43 0 -999 
P4627 2061 5 0 0 0 0 27 0 0 24 20 0 0 19 30 54 54 0 0 0 0 0 18 0 0 0 0 0 0 0 0 0 0 
P4627 2061 6 0 0 0 0 0 0 0 0 0 0 0 0 0 27 0 19 0 0 19 0 0 0 0 0 0 0 0 0 10 0 -999 
P4627 2061 7 0 0 0 0 0 23 0 0 0 0 0 0 0 0 0 0 0 0 0 0 0 0 0 0 0 0 0 0 0 0 0 
P4627 2061 8 0 0 0 0 0 0 0 0 0 0 0 0 0 0 0 0 16 0 0 0 0 0 0 0 0 19 0 0 0 0 26 
P4627 2061 9 0 0 20 0 0 0 25 0 0 0 0 0 0 20 0 16 13 0 0 0 0 15 0 0 0 0 0 0 0 0 -999 
P4627 2061 10 0 19 22 26 0 0 0 0 0 0 0 0 0 0 0 0 0 6 0 9 0 16 0 0 0 0 0 0 0 0 0 
P4627 2061 11 0 0 0 0 0 16 0 0 0 8 0 0 0 0 0 0 0 0 5 0 0 0 0 0 0 0 0 21 0 34 -999 
P4627 2061 12 0 9 0 0 0 0 5 0 7 0 0 0 0 8 0 31 30 19 17 0 0 0 0 14 0 0 0 0 0 0 0 
P4627 2062 1 0 0 0 3 0 0 0 0 2 0 0 4 0 0 0 0 0 0 0 0 0 0 0 0 5 0 4 2 0 0 0 
P4627 2062 2 0 0 0 0 0 0 0 22 19 0 0 0 6 0 0 0 0 0 0 0 0 0 0 24 0 23 28 0 -999 -999 -999 
P4627 2062 3 0 8 0 8 0 0 0 5 0 0 14 0 0 0 0 42 21 14 0 0 0 0 12 0 0 0 0 0 0 0 0 
P4627 2062 4 0 0 0 0 0 0 0 0 0 0 8 0 0 0 0 0 0 0 0 46 38 46 28 32 0 0 0 11 0 0 -999 
P4627 2062 5 0 0 0 0 0 0 0 38 38 0 34 20 8 0 0 0 0 0 23 0 0 0 0 0 0 73 0 0 0 0 0 
P4627 2062 6 0 0 0 0 39 27 0 0 0 0 0 22 0 0 0 0 0 0 22 0 0 29 0 0 0 0 34 0 0 0 -999 
P4627 2062 7 0 0 0 0 0 0 0 36 34 0 0 0 0 0 0 21 0 0 0 0 0 0 0 0 0 0 0 0 0 0 0 
P4627 2062 8 0 0 28 0 32 45 0 0 0 0 0 0 0 0 0 0 0 0 0 0 0 0 0 0 0 0 0 0 32 0 0 
P4627 2062 9 0 0 0 0 20 0 0 0 0 0 15 18 21 0 0 0 0 0 0 0 0 0 30 0 0 29 0 0 32 30 -999 
P4627 2062 10 0 0 45 34 0 0 0 0 0 11 0 23 0 15 0 0 0 0 10 0 0 0 0 0 0 0 0 19 0 0 0 
P4627 2062 11 0 0 0 0 0 0 0 0 33 0 0 0 0 0 0 0 0 0 0 0 11 7 0 0 0 0 61 29 0 11 -999 
P4627 2062 12 0 11 10 11 0 0 0 9 0 6 0 26 0 0 0 3 0 3 3 0 0 0 0 0 0 0 0 0 0 0 0 
P4627 2063 1 36 0 0 8 10 0 0 0 0 1 5 0 0 0 11 0 0 0 0 0 0 0 7 0 0 7 0 0 0 0 0 
P4627 2063 2 8 0 1 0 0 0 0 0 0 0 0 0 0 0 0 4 0 15 0 0 0 0 0 0 0 0 0 0 -999 -999 -999 
P4627 2063 3 0 0 0 0 0 0 0 38 0 0 27 0 0 30 8 26 0 43 0 15 0 19 20 13 26 19 0 0 0 0 0 
P4627 2063 4 0 0 0 0 0 0 0 53 16 7 0 0 0 0 34 0 7 0 14 0 0 0 0 0 0 0 0 7 0 0 -999 
P4627 2063 5 0 13 0 0 0 0 0 0 0 0 0 0 0 27 0 0 19 0 0 0 0 0 0 0 0 0 0 0 0 0 0 
P4627 2063 6 0 0 0 0 0 0 0 0 0 0 0 0 0 0 0 0 0 34 0 0 0 0 0 0 0 0 0 0 0 0 -999 
P4627 2063 7 0 0 0 0 0 0 0 0 0 0 0 0 0 0 0 0 0 0 0 0 0 0 0 0 0 0 0 0 0 0 0 
P4627 2063 8 0 0 0 0 0 0 0 0 0 0 0 0 0 0 0 0 0 0 0 0 0 0 0 0 0 13 0 0 0 0 0 
P4627 2063 9 0 0 0 0 0 0 0 0 0 0 0 0 0 0 0 0 0 0 20 0 0 0 0 0 34 23 0 14 27 0 -999 
P4627 2063 10 0 0 16 0 0 0 0 0 0 18 17 0 0 0 0 0 0 0 0 0 0 0 0 0 18 0 0 0 0 0 0 
P4627 2063 11 0 10 7 0 0 0 0 0 0 0 0 0 0 0 9 0 0 0 0 6 0 0 0 0 0 7 0 0 0 0 -999 
P4627 2063 12 0 0 0 0 0 0 0 7 0 0 6 11 20 0 0 0 0 42 0 0 0 0 0 0 0 0 0 0 8 0 12 
P4627 2064 1 0 0 0 0 0 8 0 8 0 0 0 0 0 0 0 0 0 5 6 0 0 0 0 0 0 0 0 0 0 0 3 
P4627 2064 2 0 0 0 21 38 46 0 0 0 0 0 0 0 0 0 0 0 0 0 0 0 0 14 0 0 0 0 24 -999 -999 -999 
P4627 2064 3 17 11 0 0 40 65 0 0 0 28 0 11 0 36 0 40 0 0 0 0 0 0 24 0 31 25 0 0 15 0 0 
P4627 2064 4 0 0 0 0 0 100 39 27 0 20 35 97 0 28 0 0 23 0 0 0 0 0 0 0 0 19 0 28 0 35 -999 
P4627 2064 5 0 46 69 0 0 15 12 0 0 0 0 10 0 24 40 0 52 0 0 24 0 0 0 0 0 0 0 0 0 0 0 
P4627 2064 6 0 0 29 31 0 0 0 0 0 0 0 45 0 0 0 0 0 0 0 23 0 0 0 30 0 0 0 0 27 35 -999 
P4627 2064 7 0 0 0 0 36 31 44 0 0 0 42 0 0 0 0 0 0 0 0 0 0 0 0 0 0 0 0 0 0 0 0 
P4627 2064 8 0 0 0 0 0 0 0 0 20 17 0 0 0 0 0 0 0 0 0 0 0 0 38 0 0 0 65 0 0 0 0 
P4627 2064 9 0 27 9 0 0 0 0 0 22 0 0 0 0 0 0 0 0 0 0 0 0 0 0 14 0 0 19 14 0 0 -999 
P4627 2064 10 0 0 0 0 23 20 0 16 0 0 15 0 0 0 0 0 0 0 0 0 0 0 0 0 6 0 0 0 0 0 0 
P4627 2064 11 0 0 0 0 0 0 0 0 0 0 0 0 0 9 11 0 0 0 0 0 0 0 0 0 0 0 0 0 7 7 -999 
P4627 2064 12 0 0 0 0 0 0 0 0 0 4 1 0 0 0 0 6 0 0 0 16 0 19 33 46 0 0 0 0 0 0 0 
P4627 2065 1 0 0 0 0 0 0 0 0 0 0 0 0 0 10 0 10 0 0 0 0 0 0 0 11 0 0 0 13 9 0 0 
P4627 2065 2 7 0 0 0 0 0 0 0 0 0 0 0 31 39 67 28 36 0 0 28 0 0 0 0 0 12 0 0 -999 -999 -999 
P4627 2065 3 0 0 0 0 0 0 7 0 0 0 26 15 8 19 0 0 0 49 0 26 0 52 65 0 48 48 0 0 0 71 59 
P4627 2065 4 37 0 0 0 0 0 0 0 0 0 0 0 23 0 0 0 0 0 0 0 0 0 0 0 0 0 0 0 0 0 -999 
P4627 2065 5 0 0 0 0 0 0 29 23 0 0 0 0 0 0 0 0 0 0 0 0 0 0 0 0 26 0 0 0 0 0 0 
P4627 2065 6 0 0 0 0 0 0 0 0 0 0 15 14 0 0 0 23 0 0 0 0 0 0 0 41 0 32 0 0 0 0 -999 
P4627 2065 7 0 0 0 0 0 21 31 0 0 0 0 0 0 0 0 0 0 0 0 0 0 0 0 0 0 0 0 30 0 0 0 
P4627 2065 8 0 0 0 0 0 0 0 0 0 0 0 0 0 0 0 0 0 0 0 0 0 0 0 0 0 0 26 37 0 0 0 
P4627 2065 9 0 27 0 0 0 0 0 0 0 0 0 0 0 0 0 0 0 0 0 0 0 0 0 0 0 0 28 40 0 0 -999 
P4627 2065 10 0 0 14 0 0 39 0 0 47 0 0 0 0 0 0 0 7 0 0 0 0 0 0 0 15 0 0 9 0 0 0 
P4627 2065 11 0 0 0 0 0 0 0 0 0 0 0 0 0 0 0 0 0 0 0 0 20 6 0 0 0 0 0 21 0 0 -999 
P4627 2065 12 0 0 0 0 0 0 0 0 15 21 0 33 8 6 0 0 13 0 0 0 0 12 0 0 0 6 0 7 7 0 0 
P4627 2066 1 0 0 0 0 0 0 0 21 0 0 0 23 0 0 0 0 0 0 0 0 0 0 0 0 0 0 0 14 7 0 0 
P4627 2066 2 0 20 18 0 0 9 0 0 2 0 0 0 0 0 0 0 0 0 0 0 9 18 15 6 17 0 17 18 -999 -999 -999 
P4627 2066 3 46 0 0 0 0 0 0 0 0 0 0 0 0 17 0 13 0 0 0 0 0 0 0 0 0 0 0 0 0 0 0 
P4627 2066 4 0 0 0 0 0 0 0 0 9 14 0 23 20 15 12 27 28 0 0 0 0 11 16 15 0 0 0 18 0 0 -999 
P4627 2066 5 0 0 0 0 10 0 9 0 0 0 0 0 0 0 0 0 0 0 0 0 0 0 0 0 0 0 19 0 0 0 0 
P4627 2066 6 0 0 0 0 0 0 36 0 0 0 0 0 0 0 0 0 0 0 0 32 0 0 0 35 0 0 0 0 0 0 -999 
P4627 2066 7 0 0 0 23 0 0 0 0 42 0 0 38 0 0 0 0 0 0 0 0 0 0 0 38 0 18 0 0 25 34 0 
P4627 2066 8 0 0 0 0 0 0 0 0 0 0 0 0 0 0 0 0 0 0 0 0 0 0 0 0 28 29 0 0 0 0 0 
P4627 2066 9 0 0 0 0 0 0 0 0 28 0 0 0 0 0 0 0 0 0 21 20 0 18 0 0 18 12 0 16 0 0 -999 
P4627 2066 10 0 0 0 0 42 0 0 0 0 0 0 0 19 0 0 0 0 0 0 0 0 15 0 0 0 0 0 0 0 0 0 
P4627 2066 11 17 0 0 0 0 0 0 0 11 0 0 0 0 0 0 0 0 0 0 30 0 20 0 0 21 20 0 0 0 0 -999 
P4627 2066 12 0 0 0 8 5 0 0 0 0 0 0 0 5 5 0 0 18 0 0 10 0 5 0 3 0 0 0 0 0 0 0 
P4627 2067 1 0 0 0 0 0 0 0 0 9 0 0 0 0 18 0 13 0 23 18 0 35 70 0 0 5 15 0 23 0 0 0 
P4627 2067 2 0 2 4 0 11 0 9 0 0 0 0 0 4 0 0 0 0 0 21 27 0 0 0 0 0 0 0 0 -999 -999 -999 
P4627 2067 3 0 0 0 0 0 0 0 22 40 52 18 0 3 0 0 0 0 0 14 19 26 0 0 0 0 0 0 0 0 0 0 
P4627 2067 4 0 0 12 0 0 0 0 0 0 0 0 0 0 0 0 0 14 23 22 16 0 0 28 37 0 0 0 0 31 0 -999 
P4627 2067 5 20 30 0 0 23 34 0 0 0 0 0 0 0 0 0 0 0 28 23 0 0 0 0 0 0 0 0 0 17 0 0 
P4627 2067 6 24 0 0 0 21 0 0 0 0 0 24 22 18 27 0 0 0 0 31 0 0 0 0 0 0 0 0 0 0 0 -999 
P4627 2067 7 0 0 0 0 0 0 0 0 0 0 0 0 29 0 0 0 0 0 0 12 0 0 15 0 0 0 0 0 0 0 0 
P4627 2067 8 0 0 0 0 31 0 0 0 0 26 0 0 0 0 0 0 0 0 0 0 36 0 0 0 0 0 0 0 0 22 0 
P4627 2067 9 0 0 0 0 0 0 0 21 0 0 0 28 0 0 21 0 8 9 0 0 18 0 0 0 0 34 0 0 38 40 -999 
P4627 2067 10 0 0 0 0 15 16 0 0 0 0 0 0 0 0 0 0 0 0 0 0 0 0 15 0 0 0 0 15 0 0 4 
P4627 2067 11 0 2 0 0 0 0 3 0 0 11 0 0 0 0 0 0 10 17 0 0 0 0 0 0 0 0 0 0 0 0 -999 
P4627 2067 12 0 0 0 0 0 0 0 0 0 0 0 0 0 0 0 0 0 0 0 0 0 0 0 0 0 0 10 12 0 8 0 
P4627 2068 1 0 5 0 7 0 0 0 0 0 0 0 0 0 0 0 0 0 0 0 0 0 0 0 0 6 10 32 16 0 0 3 
P4627 2068 2 4 0 0 0 12 0 33 35 0 9 0 10 15 0 0 0 0 0 7 0 0 0 0 45 20 11 0 0 -999 -999 -999 
P4627 2068 3 0 0 0 14 0 25 30 0 0 4 0 0 0 0 0 0 0 0 0 0 0 0 0 4 0 5 0 0 0 0 0 
P4627 2068 4 0 0 9 0 16 0 0 0 0 0 0 0 30 0 0 35 41 0 0 0 0 0 0 5 0 5 0 0 0 33 -999 
P4627 2068 5 0 0 0 0 0 29 0 15 10 14 0 0 27 0 0 0 0 0 0 0 0 0 0 0 29 0 0 0 0 0 0 
P4627 2068 6 0 0 14 0 0 0 24 0 0 0 0 0 18 0 0 0 20 0 39 0 0 0 0 45 0 0 0 0 0 0 -999 
P4627 2068 7 0 0 0 0 0 42 0 0 59 0 0 0 0 0 0 0 0 21 0 0 0 0 0 0 0 0 0 40 0 0 0 
P4627 2068 8 36 0 0 0 0 0 0 41 0 0 0 0 0 0 0 0 0 32 33 0 0 0 0 0 21 0 0 0 0 0 0 
P4627 2068 9 17 0 0 0 0 0 0 0 0 27 0 0 14 0 0 21 0 0 0 19 0 0 0 0 0 35 29 0 0 0 -999 
P4627 2068 10 0 0 0 0 0 0 0 0 0 14 0 14 0 0 0 0 0 0 17 0 0 15 0 0 0 0 0 0 0 18 27 
P4627 2068 11 0 0 0 0 0 0 0 0 0 0 0 0 0 0 0 0 0 0 0 0 0 0 15 0 0 0 0 4 0 7 -999 
P4627 2068 12 0 0 0 0 0 0 0 5 0 0 0 0 0 0 15 0 0 0 0 0 23 0 0 12 0 0 0 0 0 0 0 
P4627 2069 1 0 12 0 0 0 8 0 0 0 0 0 0 0 0 0 0 0 0 0 0 0 0 6 0 0 0 0 0 0 0 9 
P4627 2069 2 0 0 0 0 17 0 0 0 13 12 13 17 0 0 0 7 0 0 0 0 18 0 0 0 14 0 0 0 -999 -999 -999 
P4627 2069 3 0 0 0 0 0 0 0 0 0 0 0 0 22 0 0 0 0 0 10 0 0 0 0 0 63 58 0 0 15 0 40 
P4627 2069 4 35 0 39 0 19 20 0 0 23 0 0 0 0 25 0 17 0 0 0 0 0 28 0 0 20 0 0 0 0 0 -999 
P4627 2069 5 0 12 0 22 0 10 18 30 0 0 0 0 41 47 83 100 0 0 0 40 31 12 0 0 0 0 0 0 0 0 0 
P4627 2069 6 0 0 0 0 0 0 29 0 29 0 0 23 0 0 0 0 0 0 0 0 0 0 0 0 0 0 0 0 22 0 -999 
P4627 2069 7 29 21 31 0 0 0 0 0 39 0 48 0 0 0 0 0 0 0 0 0 11 0 0 0 0 0 0 0 0 0 0 
P4627 2069 8 0 0 0 0 0 0 0 0 0 19 0 0 0 0 0 0 0 0 0 0 0 0 0 0 0 0 0 0 0 0 0 
P4627 2069 9 0 0 0 0 0 0 0 0 0 0 0 15 0 0 0 11 0 0 0 0 0 16 0 0 0 0 0 19 0 0 -999 
P4627 2069 10 0 0 0 23 0 0 0 0 0 0 0 10 0 0 6 0 0 0 28 27 11 7 11 0 0 0 0 0 0 0 3 
P4627 2069 11 0 6 20 0 7 0 0 0 4 6 0 0 0 0 0 0 0 0 0 0 0 0 0 0 0 0 0 0 0 0 -999 
P4627 2069 12 0 0 0 0 0 0 0 0 0 0 0 0 11 0 0 0 0 0 25 17 22 9 0 0 0 0 0 0 0 14 0 
P4627 2070 1 0 0 0 0 0 0 0 0 0 0 12 6 0 0 0 0 4 0 0 0 0 0 0 0 0 0 0 0 0 55 122 
P4627 2070 2 0 0 0 20 22 0 0 0 18 0 0 0 0 9 0 15 17 0 0 0 25 30 0 0 0 0 0 0 -999 -999 -999 
P4627 2070 3 0 0 0 0 26 29 0 21 20 0 17 0 11 17 0 10 11 0 0 0 0 0 0 46 0 0 21 0 43 0 0 
P4627 2070 4 29 0 28 23 0 0 0 17 0 5 0 0 0 0 0 0 14 8 0 0 0 0 0 0 0 0 0 25 24 43 -999 
P4627 2070 5 0 0 41 0 30 0 0 0 0 0 17 0 0 0 0 47 0 14 0 20 0 0 0 0 0 0 7 0 0 0 0 
P4627 2070 6 0 0 0 0 0 0 0 0 0 0 0 9 0 0 0 0 0 0 0 0 0 0 0 0 0 31 0 0 34 0 -999 
P4627 2070 7 0 0 0 0 0 0 0 0 0 0 0 0 0 0 0 0 0 26 0 0 32 0 34 0 0 0 0 0 0 28 0 
P4627 2070 8 0 0 0 0 0 0 0 0 0 0 0 0 0 26 0 0 0 0 0 0 0 0 0 0 0 0 22 0 0 0 0 
P4627 2070 9 0 41 41 0 0 0 0 0 0 0 0 0 0 0 0 0 0 0 0 0 0 0 0 0 0 0 0 0 0 0 -999 
P4627 2070 10 0 8 0 0 0 0 0 0 0 0 0 32 0 11 0 0 0 10 4 0 0 7 0 14 0 0 0 0 0 0 21 
P4627 2070 11 0 0 0 0 0 0 0 0 0 0 9 0 0 19 0 0 0 0 14 12 0 0 19 0 0 0 35 16 0 0 -999 
P4627 2070 12 3 0 7 0 0 0 0 0 0 0 0 0 0 0 0 0 0 14 0 0 0 21 12 0 0 16 0 0 0 36 51 
P4627 2071 1 0 0 0 13 0 0 0 11 0 0 0 0 0 0 16 0 0 72 80 0 41 0 28 0 12 0 19 0 21 53 0 
P4627 2071 2 0 0 17 14 7 0 0 0 0 0 21 0 5 0 0 0 17 0 21 0 58 100 77 37 28 0 0 0 -999 -999 -999 
P4627 2071 3 0 38 48 54 36 58 46 0 0 0 0 0 0 0 0 0 27 0 44 0 0 0 12 0 0 0 10 0 0 0 23 
P4627 2071 4 0 0 59 0 0 0 0 0 0 0 0 0 18 0 0 27 0 0 11 0 0 36 0 0 0 16 0 28 28 0 -999 
P4627 2071 5 24 0 33 28 0 0 0 27 0 0 9 0 0 0 0 0 57 0 16 0 0 33 0 0 0 0 17 0 22 40 0 
P4627 2071 6 29 0 14 14 0 0 0 0 0 0 0 0 0 36 0 0 0 0 0 0 21 0 0 0 0 0 0 0 0 0 -999 
P4627 2071 7 58 0 0 25 0 25 0 0 0 0 26 0 0 0 0 0 0 0 0 0 0 0 0 0 0 0 0 0 0 0 0 
P4627 2071 8 0 0 0 0 0 0 0 0 0 0 0 0 0 0 0 0 0 0 0 0 39 0 0 0 0 0 0 0 0 0 16 
P4627 2071 9 0 0 0 0 0 0 0 0 0 23 0 0 0 0 0 0 0 0 0 0 0 0 0 0 0 0 0 28 0 0 -999 
P4627 2071 10 0 0 0 12 0 0 0 0 0 0 0 0 0 0 0 0 18 0 0 0 0 0 0 0 21 0 0 0 0 0 0 
P4627 2071 11 0 0 0 4 0 5 20 0 23 0 0 0 7 0 0 6 0 22 0 0 0 0 0 0 8 19 0 0 0 0 -999 
P4627 2071 12 0 0 0 0 0 28 0 0 18 0 0 0 13 0 0 0 0 0 0 0 0 0 0 0 0 0 0 0 0 0 0 
P4627 2072 1 0 0 0 0 0 0 0 0 0 0 0 0 0 0 0 0 0 0 0 0 0 0 5 0 0 4 0 0 8 0 0 
P4627 2072 2 0 30 0 35 16 0 0 0 16 26 0 0 0 0 0 0 0 10 0 39 85 55 0 0 0 19 41 0 -999 -999 -999 
P4627 2072 3 0 0 0 0 21 0 10 0 0 0 0 0 13 0 16 0 21 0 0 29 0 56 58 41 0 0 76 0 61 32 0 
P4627 2072 4 0 0 10 0 28 0 0 0 0 0 0 0 0 0 0 22 24 0 0 0 0 0 0 0 0 0 0 0 0 0 -999 
P4627 2072 5 0 0 0 9 0 0 16 0 0 0 0 0 0 0 0 0 0 28 0 0 0 0 0 0 0 0 0 0 0 0 15 
P4627 2072 6 20 0 25 0 0 25 0 0 0 23 0 26 0 0 0 0 0 0 0 0 0 0 0 0 0 0 0 0 0 0 -999 
P4627 2072 7 0 0 0 0 0 0 0 0 0 0 0 0 0 0 0 0 0 0 0 0 0 0 26 0 0 0 0 0 0 0 0 
P4627 2072 8 0 0 0 0 0 0 0 0 0 0 0 0 0 0 0 0 0 0 0 19 0 0 20 0 0 0 0 22 0 0 0 
P4627 2072 9 0 0 0 0 0 0 0 0 0 0 0 0 0 0 0 0 0 0 25 0 0 0 0 0 0 0 0 0 0 0 -999 
P4627 2072 10 0 0 16 0 0 0 0 0 29 0 35 0 38 26 0 35 43 0 17 0 0 0 0 0 0 0 0 0 0 0 0 
P4627 2072 11 0 16 0 0 0 0 14 0 0 0 0 0 6 0 0 0 0 0 0 0 0 0 0 0 0 0 0 0 0 0 -999 
P4627 2072 12 0 11 19 14 10 0 15 0 0 0 0 0 0 0 0 0 12 0 15 0 16 0 0 0 11 0 7 0 0 0 0 
P4627 2073 1 21 0 0 0 0 0 0 0 0 0 0 0 0 0 0 0 0 0 23 35 26 0 16 0 79 0 41 11 0 0 13 
P4627 2073 2 0 0 0 16 27 0 0 0 0 0 7 6 0 0 4 0 0 0 0 0 0 0 0 0 0 0 0 0 -999 -999 -999 
P4627 2073 3 0 21 0 0 0 8 0 26 44 0 0 0 30 0 0 40 0 29 0 29 0 64 42 11 0 7 0 27 0 45 0 
P4627 2073 4 0 0 0 0 0 32 33 0 0 0 24 0 0 0 0 0 19 0 36 0 0 0 0 77 0 0 0 0 16 0 -999 
P4627 2073 5 0 0 0 14 0 29 0 0 0 0 0 0 0 44 0 7 0 0 0 0 0 0 13 0 31 20 0 0 0 0 0 
P4627 2073 6 0 0 0 0 0 0 0 0 0 0 0 0 0 0 0 0 0 0 0 0 45 45 28 0 0 0 0 0 0 0 -999 
P4627 2073 7 0 0 0 25 0 0 26 0 0 0 0 0 0 0 0 0 0 24 0 0 0 0 0 0 0 0 0 0 0 0 0 
P4627 2073 8 0 0 0 0 0 0 0 0 0 0 0 28 0 0 0 0 0 13 22 30 0 0 7 0 0 0 21 0 0 0 0 
P4627 2073 9 0 0 17 0 23 24 0 0 0 0 0 0 0 0 0 0 17 0 0 0 0 0 0 0 0 0 0 0 0 0 -999 
P4627 2073 10 15 0 0 0 0 0 0 0 0 0 0 0 0 0 0 0 0 0 0 0 0 0 0 0 0 0 0 0 0 0 0 
P4627 2073 11 0 12 9 0 0 0 9 0 16 0 0 0 0 0 23 0 16 0 0 0 19 0 0 0 15 15 0 11 12 0 -999 
P4627 2073 12 0 0 0 0 0 0 0 0 0 0 0 14 11 0 0 0 0 0 13 28 0 0 0 0 21 38 22 0 0 0 35 
P4627 2074 1 0 0 0 14 47 68 0 0 0 0 0 44 95 62 0 0 0 0 0 0 0 0 0 0 0 0 0 0 0 0 0 
P4627 2074 2 0 0 18 28 0 0 10 0 0 0 27 0 0 33 0 0 0 0 6 0 0 0 9 0 0 0 0 20 -999 -999 -999 
P4627 2074 3 10 0 0 0 0 0 14 0 0 0 0 0 0 0 0 0 0 0 0 0 0 0 0 0 0 3 0 0 7 0 0 
P4627 2074 4 0 0 0 25 18 13 0 0 0 0 0 0 0 0 0 0 0 0 0 0 4 0 0 0 0 0 0 22 21 0 -999 
P4627 2074 5 0 49 89 0 0 26 0 0 40 0 0 0 8 0 0 0 0 24 0 0 0 0 0 0 12 0 0 0 0 0 0 
P4627 2074 6 0 0 0 0 0 0 0 0 0 0 0 0 14 12 0 0 0 0 0 0 0 37 0 0 0 0 0 0 0 0 -999 
P4627 2074 7 0 0 0 0 0 0 23 0 0 0 0 0 0 0 0 0 0 0 0 0 0 0 0 0 0 0 0 0 0 0 0 
P4627 2074 8 0 0 0 0 20 0 0 0 0 0 0 0 0 0 0 0 0 0 0 0 0 0 0 0 0 0 0 0 0 0 0 
P4627 2074 9 0 22 0 0 0 0 0 0 0 0 17 0 0 0 0 18 0 13 0 0 0 0 0 0 0 0 0 0 0 15 -999 
P4627 2074 10 0 0 0 0 0 0 0 0 0 0 0 0 0 0 0 0 0 0 0 0 26 0 0 0 0 0 0 0 0 0 0 
P4627 2074 11 0 0 4 8 0 0 0 13 14 0 0 0 14 0 7 0 0 0 0 0 0 0 0 0 5 0 6 0 8 0 -999 
P4627 2074 12 11 0 0 0 0 0 0 0 0 0 0 0 40 0 23 0 4 0 0 0 0 0 0 1 0 0 0 0 0 0 0 
P4627 2075 1 0 10 0 13 0 10 0 0 0 0 14 17 11 2 0 0 0 0 0 0 5 3 0 0 0 0 0 0 0 0 0 
P4627 2075 2 12 16 15 0 24 0 0 15 0 0 0 0 12 0 0 6 0 0 16 0 0 0 0 0 12 0 33 0 -999 -999 -999 
P4627 2075 3 12 27 23 9 0 0 0 20 16 22 29 24 0 9 0 0 0 0 0 22 19 45 34 59 18 0 0 0 0 0 0 
P4627 2075 4 0 0 0 0 28 29 0 39 0 0 19 12 9 0 0 0 12 0 0 34 16 0 0 0 0 14 0 0 0 0 -999 
P4627 2075 5 0 0 0 32 0 0 19 0 21 25 0 0 0 55 40 0 0 0 0 27 0 0 0 0 20 0 0 0 0 0 0 
P4627 2075 6 0 0 0 0 0 0 0 0 0 0 0 0 45 0 0 0 0 0 0 0 0 0 0 0 23 0 0 0 0 0 -999 
P4627 2075 7 0 0 19 0 0 0 0 0 35 0 0 0 0 0 0 33 0 0 0 23 0 0 32 0 0 23 0 0 0 0 0 
P4627 2075 8 0 0 0 0 27 0 35 33 0 0 0 0 0 0 40 39 0 0 0 0 0 31 0 26 28 0 0 0 0 0 0 
P4627 2075 9 0 0 0 49 26 0 0 0 0 0 0 0 0 0 0 0 0 0 0 0 0 0 0 0 24 29 0 0 0 0 -999 
P4627 2075 10 0 0 0 0 0 0 0 16 0 0 0 0 0 0 0 0 0 0 0 0 0 0 0 0 0 0 0 0 0 0 0 
P4627 2075 11 0 0 0 0 27 42 0 0 11 10 0 0 33 25 0 0 0 0 12 0 0 0 0 0 0 0 0 0 0 0 -999 
P4627 2075 12 0 0 0 3 0 0 0 0 14 0 0 13 0 0 0 0 18 0 0 0 0 0 0 0 0 0 0 0 0 9 0 
P4627 2076 1 0 0 0 0 0 0 9 11 0 9 9 7 0 0 6 0 0 0 0 0 0 0 0 0 0 0 0 0 0 0 6 
P4627 2076 2 0 2 3 0 0 0 0 0 2 0 0 0 0 0 0 0 17 0 0 0 0 0 0 0 0 24 70 0 -999 -999 -999 
P4627 2076 3 0 0 38 26 0 22 17 0 0 14 0 0 22 8 0 0 0 0 0 0 0 24 0 0 0 0 0 0 0 0 0 
P4627 2076 4 0 0 0 0 0 0 0 36 41 28 12 17 0 27 31 0 0 32 0 17 0 26 24 0 0 0 0 0 0 0 -999 
P4627 2076 5 0 0 0 0 0 0 0 0 0 15 0 0 0 0 0 0 0 0 0 0 24 0 0 25 15 0 0 0 0 0 0 
P4627 2076 6 0 0 0 0 23 0 0 0 27 0 0 39 0 0 0 0 0 0 0 0 0 0 0 0 0 0 26 0 28 0 -999 
P4627 2076 7 0 0 0 0 0 0 0 0 29 0 0 0 0 0 0 0 0 0 0 0 0 0 0 0 0 24 28 0 0 0 0 
P4627 2076 8 0 0 0 0 0 0 0 0 0 0 23 25 0 0 0 0 0 0 0 22 0 0 0 0 0 0 0 0 0 0 37 
P4627 2076 9 0 17 0 11 0 0 0 0 0 0 0 0 0 0 0 0 0 0 16 0 0 0 0 0 15 0 0 0 0 0 -999 
P4627 2076 10 0 0 0 0 0 0 0 0 0 7 0 0 0 0 0 0 0 0 0 0 0 0 0 0 0 0 0 0 12 0 0 
P4627 2076 11 0 0 0 0 0 0 0 0 24 0 24 0 0 0 0 0 0 42 58 0 42 26 0 0 0 0 6 9 0 0 -999 
P4627 2076 12 26 0 0 14 0 0 0 0 0 0 0 10 0 0 16 0 40 0 0 0 0 0 0 0 0 0 12 0 13 0 0 
P4627 2077 1 0 0 0 0 0 0 0 0 0 11 0 0 0 0 0 0 0 5 0 0 0 0 0 9 0 0 0 0 0 16 22 
P4627 2077 2 16 0 0 0 0 0 0 0 0 13 0 0 0 0 26 39 34 21 0 0 0 0 0 0 15 0 38 24 -999 -999 -999 
P4627 2077 3 0 0 0 22 39 109 0 37 0 0 28 33 0 0 0 0 0 0 0 34 41 0 0 0 0 0 20 22 15 0 0 
P4627 2077 4 16 23 0 0 29 34 25 0 20 23 0 18 20 30 37 0 0 0 0 49 58 0 0 0 0 24 16 0 0 26 -999 
P4627 2077 5 0 0 0 0 0 0 24 0 0 0 0 0 0 0 0 0 0 0 0 0 0 0 0 0 0 0 0 0 0 0 0 
P4627 2077 6 0 32 0 0 0 15 0 0 0 0 0 0 0 35 22 0 0 0 0 16 0 0 0 0 0 0 0 0 0 0 -999 
P4627 2077 7 0 0 0 0 0 0 0 0 0 0 0 0 0 0 0 0 0 0 0 0 0 0 0 0 0 0 0 0 0 0 0 
P4627 2077 8 0 0 0 0 0 0 0 0 0 0 0 0 0 0 0 0 0 0 0 0 0 0 0 0 0 0 0 0 0 0 22 
P4627 2077 9 0 0 0 0 0 0 0 0 0 0 0 0 0 0 0 0 21 0 0 0 0 0 25 0 0 0 19 0 0 0 -999 
P4627 2077 10 0 0 0 0 17 0 0 0 26 0 0 19 0 0 0 0 16 0 0 11 18 0 0 25 0 14 0 14 0 0 0 
P4627 2077 11 26 15 0 68 40 0 17 20 0 10 0 0 0 0 0 0 0 0 0 0 0 0 0 0 0 10 0 0 0 0 -999 
P4627 2077 12 0 12 0 0 0 8 14 0 0 0 0 47 0 0 0 0 0 0 0 0 0 0 9 0 10 0 23 0 0 0 14 
P4627 2078 1 0 49 0 0 0 0 5 0 8 26 0 27 0 0 0 0 0 0 0 0 0 0 11 0 0 0 0 12 14 16 10 
P4627 2078 2 0 13 0 0 0 0 0 0 0 13 0 0 0 14 0 11 12 0 11 0 0 0 7 12 0 0 0 12 -999 -999 -999 
P4627 2078 3 0 0 0 0 0 0 14 0 0 0 0 0 0 0 0 72 0 0 26 0 0 0 0 23 0 46 0 0 0 13 0 
P4627 2078 4 0 0 0 22 0 0 60 40 0 0 0 0 0 0 0 0 0 0 20 0 0 0 0 0 0 20 0 0 0 0 -999 
P4627 2078 5 0 0 0 0 0 20 0 17 0 0 0 0 0 0 0 0 0 0 0 7 0 0 0 15 19 0 0 0 0 0 0 
P4627 2078 6 0 24 0 0 0 0 0 0 18 0 17 0 0 0 0 20 25 0 0 0 0 0 0 0 28 0 0 27 25 0 -999 
P4627 2078 7 0 0 0 0 0 34 0 33 0 0 0 0 0 19 0 0 0 0 0 0 0 0 0 0 0 0 0 0 0 0 0 
P4627 2078 8 0 0 0 0 0 0 0 0 0 0 0 0 0 0 0 0 0 0 0 0 0 0 0 0 0 0 0 0 0 0 0 
P4627 2078 9 0 0 0 31 0 0 0 0 0 0 0 0 24 0 0 0 0 0 0 0 0 0 0 0 0 0 0 0 0 0 -999 
P4627 2078 10 0 0 0 0 0 0 0 6 0 0 5 0 0 0 0 0 0 0 0 0 0 8 0 0 0 0 0 0 0 0 0 
P4627 2078 11 0 0 0 0 0 0 0 8 0 0 0 0 0 11 0 0 19 0 0 0 0 0 0 0 10 0 0 0 0 0 -999 
P4627 2078 12 0 14 0 0 0 0 0 11 0 0 9 17 0 0 0 0 0 0 0 0 0 0 0 10 0 0 20 0 0 4 0 
P4627 2079 1 0 9 0 0 0 0 0 0 0 0 0 0 0 0 0 0 0 0 0 0 0 0 0 0 0 0 0 0 0 0 0 
P4627 2079 2 16 0 23 0 0 8 0 0 0 0 0 0 0 0 0 0 0 0 0 0 0 0 0 0 0 0 0 0 -999 -999 -999 
P4627 2079 3 25 37 25 0 0 18 0 11 0 29 22 0 0 0 0 0 0 0 0 38 34 0 0 0 40 43 61 0 28 24 0 
P4627 2079 4 33 31 0 77 0 0 0 51 64 34 0 0 64 0 0 0 22 19 0 0 27 0 19 14 0 0 0 0 0 12 -999 
P4627 2079 5 0 0 0 23 57 52 0 29 0 15 23 0 0 0 0 0 0 0 0 16 13 0 0 0 0 0 0 28 35 0 0 
P4627 2079 6 0 0 0 31 0 0 0 0 0 0 0 0 0 0 0 27 30 0 0 0 0 0 0 0 25 0 0 0 0 0 -999 
P4627 2079 7 0 0 0 0 0 0 0 0 0 0 0 0 0 0 0 0 0 0 0 0 0 0 0 0 0 23 0 0 0 38 0 
P4627 2079 8 0 0 0 0 0 0 29 0 0 33 0 0 0 0 0 0 0 0 0 26 0 33 0 0 0 0 0 25 0 0 0 
P4627 2079 9 0 0 0 0 0 0 0 0 18 0 0 19 0 0 0 0 0 0 0 0 0 0 0 0 0 0 0 19 0 21 -999 
P4627 2079 10 0 0 0 0 18 15 0 0 0 0 0 0 0 0 0 0 0 0 0 0 0 0 0 0 0 0 16 0 0 14 0 
P4627 2079 11 0 8 0 0 0 0 0 0 0 0 0 0 12 0 0 0 25 39 16 0 0 7 5 0 0 10 0 0 0 0 -999 
P4627 2079 12 8 0 9 0 0 0 0 0 0 0 0 0 0 3 8 0 0 0 0 0 0 0 0 0 0 0 0 0 0 0 0 
P4627 2080 1 0 0 0 0 0 0 0 0 0 0 0 0 0 0 0 0 0 0 0 0 0 0 0 0 0 0 0 0 0 0 0 
P4627 2080 2 0 0 0 6 0 0 0 11 30 15 26 0 29 0 0 0 0 0 13 11 20 0 0 0 0 0 0 0 -999 -999 -999 
P4627 2080 3 0 17 0 0 15 0 17 0 0 40 0 11 0 0 0 0 0 0 0 0 0 0 0 0 0 0 0 0 25 0 26 
P4627 2080 4 0 0 30 0 0 0 0 0 70 64 46 46 42 44 0 0 0 16 0 0 0 57 0 53 0 0 23 0 0 0 -999 
P4627 2080 5 43 0 0 27 0 22 0 0 0 31 0 0 0 0 0 0 0 0 0 0 0 0 0 28 0 0 26 0 0 0 65 
P4627 2080 6 0 15 0 0 0 32 0 0 0 0 18 0 0 0 0 0 0 29 0 0 0 0 0 10 0 12 0 0 0 11 -999 
P4627 2080 7 0 0 0 17 0 0 0 32 0 0 0 0 0 0 0 51 0 20 22 0 0 0 22 0 0 0 0 0 0 0 0 
P4627 2080 8 0 0 0 0 0 0 0 0 0 0 0 0 0 0 26 0 0 0 0 0 0 0 0 0 0 0 0 0 0 22 0 
P4627 2080 9 0 0 0 0 0 17 0 23 0 0 0 0 0 0 0 0 0 0 0 0 0 0 21 0 0 0 0 0 0 0 -999 
P4627 2080 10 0 0 0 0 0 0 8 0 6 0 0 11 0 4 0 0 0 0 0 9 0 0 0 0 0 0 7 8 0 0 11 
P4627 2080 11 11 0 0 0 0 0 12 12 0 25 16 0 0 0 0 37 0 22 33 38 93 146 38 10 0 0 0 0 0 0 -999 
P4627 2080 12 0 21 0 0 0 0 0 0 0 0 0 5 0 0 0 0 0 5 0 0 0 0 0 0 0 0 0 0 0 0 0 
P4627 2081 1 0 0 0 9 4 0 0 0 0 0 0 0 0 0 0 0 0 0 0 0 0 6 0 0 0 0 0 0 0 0 0 
P4627 2081 2 0 0 0 0 0 0 0 0 0 0 5 0 10 0 0 0 0 0 0 27 47 17 14 0 0 0 0 0 -999 -999 -999 
P4627 2081 3 23 20 0 0 11 0 0 0 0 0 42 0 34 31 40 20 11 15 0 0 0 0 0 0 0 0 0 0 0 22 0 
P4627 2081 4 12 0 0 0 9 15 33 24 0 0 0 7 11 0 0 0 0 0 0 0 22 0 0 32 0 0 0 14 12 0 -999 
P4627 2081 5 0 0 0 0 22 0 0 0 0 19 0 8 0 24 0 29 0 0 13 14 0 29 0 0 21 23 0 26 0 59 0 
P4627 2081 6 0 0 0 18 21 0 0 0 0 0 0 0 0 17 0 0 0 0 0 0 0 0 24 0 0 41 0 0 0 0 -999 
P4627 2081 7 0 0 0 0 12 17 21 0 0 0 0 0 0 29 0 0 0 0 0 0 0 0 0 0 0 0 0 0 0 0 0 
P4627 2081 8 0 0 24 0 0 0 0 0 0 0 0 0 0 0 0 0 0 0 0 22 0 0 0 0 0 0 0 0 0 28 0 
P4627 2081 9 0 0 0 0 0 23 0 0 0 0 0 0 0 0 0 0 0 0 0 0 0 0 16 0 0 0 0 0 17 0 -999 
P4627 2081 10 0 0 0 0 0 0 0 0 0 0 0 13 19 9 0 0 18 0 5 0 0 0 0 0 0 0 0 0 0 14 0 
P4627 2081 11 0 0 0 3 0 0 0 0 0 0 0 0 0 0 0 0 0 0 7 0 0 0 0 0 0 22 0 0 0 0 -999 
P4627 2081 12 10 10 16 0 0 0 0 0 13 0 14 0 38 31 12 0 0 0 0 13 18 0 0 0 0 0 0 0 0 0 0 
P4627 2082 1 10 0 18 0 0 18 0 0 0 7 0 0 0 0 6 0 0 0 0 0 0 0 0 0 0 0 0 0 13 0 0 
P4627 2082 2 0 0 0 0 13 0 0 0 0 13 0 0 0 6 10 0 0 0 18 22 0 9 0 0 0 10 0 0 -999 -999 -999 
P4627 2082 3 0 21 50 23 0 0 0 18 33 27 15 0 24 0 0 0 13 6 12 8 0 0 10 0 0 0 0 0 0 0 0 
P4627 2082 4 0 0 0 0 0 0 0 0 40 19 0 0 0 0 0 0 23 0 26 0 0 0 0 0 0 0 0 0 0 26 -999 
P4627 2082 5 23 0 0 15 0 0 0 0 43 0 18 0 20 0 0 0 0 0 29 0 0 0 0 0 0 23 0 0 0 0 0 
P4627 2082 6 0 0 32 0 26 21 0 0 0 0 40 0 31 0 33 0 0 0 0 0 0 0 0 0 0 0 0 0 0 0 -999 
P4627 2082 7 0 0 0 19 23 0 0 0 0 0 0 0 0 0 20 0 0 0 0 0 0 0 0 0 0 0 25 0 0 0 0 
P4627 2082 8 0 0 0 0 0 0 0 0 0 0 30 0 0 0 0 0 29 0 0 0 0 0 19 22 0 0 0 0 0 0 0 
P4627 2082 9 0 0 0 0 0 0 0 0 0 0 0 0 0 0 0 0 0 0 0 0 0 0 0 0 0 0 0 19 0 0 -999 
P4627 2082 10 41 21 14 0 13 11 0 0 0 0 0 0 12 0 0 0 0 0 0 0 0 0 0 0 15 0 0 0 0 0 12 
P4627 2082 11 0 0 0 12 36 0 0 0 0 0 0 0 24 18 0 0 21 20 0 0 23 0 0 9 0 0 6 0 0 0 -999 
P4627 2082 12 0 0 0 0 0 0 0 0 0 0 0 0 0 0 0 0 33 40 0 0 0 0 0 0 0 0 0 0 0 0 0 
P4627 2083 1 19 0 0 22 0 3 0 15 20 0 26 0 0 10 0 0 0 0 0 31 6 0 0 0 0 0 0 24 70 61 0 
P4627 2083 2 51 0 71 0 0 0 0 0 0 0 15 0 0 0 0 0 15 0 25 15 0 0 0 0 48 0 0 0 -999 -999 -999 
P4627 2083 3 0 0 0 0 0 0 0 0 0 0 0 0 17 25 29 0 52 52 0 0 0 36 40 42 13 0 0 0 0 15 0 
P4627 2083 4 10 0 18 18 25 0 0 0 0 0 0 0 31 0 36 30 24 0 31 0 29 23 23 0 0 0 0 0 0 0 -999 
P4627 2083 5 37 0 29 21 0 0 0 0 18 0 0 0 11 15 0 0 21 0 0 0 14 0 23 19 0 15 0 0 0 0 0 
P4627 2083 6 0 0 0 14 0 0 0 23 0 0 0 0 0 0 0 0 0 0 0 0 0 0 0 0 0 0 0 0 0 0 -999 
P4627 2083 7 0 0 0 0 0 0 0 0 0 0 0 0 34 0 24 0 0 0 0 20 0 41 0 0 0 0 0 0 0 45 40 
P4627 2083 8 0 0 0 0 0 0 0 0 0 0 0 0 0 0 0 0 0 0 0 0 0 32 0 0 0 0 0 0 0 0 0 
P4627 2083 9 0 0 0 0 0 19 16 0 0 0 0 0 0 0 0 0 0 0 0 0 0 0 0 0 0 0 0 0 19 0 -999 
P4627 2083 10 0 0 0 0 0 0 11 24 22 0 0 0 54 0 49 0 21 18 0 0 0 0 35 0 0 0 0 0 0 0 0 
P4627 2083 11 0 0 0 0 7 6 17 13 0 0 0 19 0 4 0 0 0 0 0 0 0 0 18 0 0 0 0 13 20 65 -999 
P4627 2083 12 82 12 0 0 0 0 0 0 0 0 10 0 0 0 0 0 0 0 0 0 0 0 0 0 4 0 0 0 0 0 0 
P4627 2084 1 0 0 0 27 0 14 0 0 0 0 18 0 0 0 0 0 0 0 0 15 0 0 0 15 0 0 15 0 0 0 0 
P4627 2084 2 4 4 6 0 0 0 0 0 19 35 0 0 0 0 16 0 6 0 0 0 0 0 0 0 0 0 0 0 -999 -999 -999 
P4627 2084 3 0 0 0 0 0 0 0 0 0 0 0 0 0 0 0 29 37 0 0 0 0 0 0 0 0 0 9 0 0 0 0 
P4627 2084 4 0 0 0 0 43 71 159 95 35 0 21 42 40 22 0 0 0 0 21 0 0 0 0 15 0 22 0 0 42 0 -999 
P4627 2084 5 0 0 0 18 21 0 15 0 0 0 0 20 0 0 0 0 0 28 18 0 0 0 35 0 0 0 0 26 0 0 26 
P4627 2084 6 0 0 0 0 0 19 0 8 0 0 0 9 0 0 0 0 0 0 0 0 0 0 0 0 0 0 0 0 0 0 -999 
P4627 2084 7 0 25 0 30 0 0 0 0 0 0 35 0 0 0 0 0 0 0 0 0 0 0 27 0 0 0 0 0 0 0 0 
P4627 2084 8 0 39 44 0 0 0 0 0 0 0 0 30 0 0 0 0 0 0 0 0 0 0 0 0 0 0 23 0 14 0 0 
P4627 2084 9 0 0 0 0 0 0 23 29 0 0 0 0 0 0 0 6 0 0 0 0 0 0 0 0 16 19 0 0 0 15 -999 
P4627 2084 10 0 0 0 0 0 0 0 15 0 0 0 0 0 12 11 9 0 0 0 0 0 0 0 0 17 0 0 0 15 0 7 
P4627 2084 11 4 19 0 0 16 0 10 0 0 0 0 0 10 0 41 39 0 29 18 13 0 0 0 0 0 0 0 0 0 0 -999 
P4627 2084 12 0 0 33 0 0 0 0 0 0 0 0 0 0 0 0 0 0 0 0 0 0 0 0 0 0 0 0 0 0 0 0 
P4627 2085 1 7 0 0 0 0 20 18 0 0 6 0 0 0 0 0 0 0 0 0 0 6 0 0 15 15 31 0 0 13 0 0 
P4627 2085 2 0 0 0 0 0 22 49 25 0 28 0 0 0 0 0 0 0 0 0 10 0 0 0 5 0 4 0 0 -999 -999 -999 
P4627 2085 3 0 0 0 0 0 0 0 0 0 0 14 0 0 0 0 26 50 0 0 10 0 0 0 0 0 10 0 0 0 0 0 
P4627 2085 4 0 0 18 0 26 29 0 25 0 0 36 37 0 24 24 30 0 0 0 23 0 0 11 0 0 10 0 16 0 0 -999 
P4627 2085 5 38 0 0 0 0 0 0 0 0 0 0 0 28 0 0 0 0 0 0 0 0 0 0 0 0 0 0 0 0 0 0 
P4627 2085 6 0 0 0 0 0 0 0 0 0 0 0 0 0 0 21 0 0 0 0 0 0 0 0 0 0 0 0 0 0 0 -999 
P4627 2085 7 0 0 0 0 0 0 0 0 0 0 0 0 0 0 27 0 0 23 0 25 0 0 0 0 0 0 0 0 0 0 0 
P4627 2085 8 0 0 0 0 0 0 0 0 0 30 26 0 0 0 0 0 0 0 0 0 0 0 0 0 0 0 0 0 16 0 0 
P4627 2085 9 0 0 0 0 26 0 0 0 23 0 0 0 0 0 0 0 18 0 19 0 20 0 0 17 0 0 0 0 0 12 -999 
P4627 2085 10 0 0 0 12 0 0 29 0 0 13 0 0 0 0 0 46 0 12 0 0 0 0 9 0 0 0 0 0 0 0 0 
P4627 2085 11 27 0 0 0 12 5 0 0 0 9 0 21 0 21 0 8 10 0 0 0 0 0 0 0 0 0 0 0 0 0 -999 
P4627 2085 12 0 0 5 0 0 0 0 0 0 8 0 0 0 0 0 0 22 24 0 0 0 21 0 0 0 22 0 0 0 0 0 
P4627 2086 1 0 0 0 9 13 11 9 0 0 0 0 0 0 0 0 0 13 17 0 19 0 4 0 0 0 0 0 0 0 0 0 
P4627 2086 2 13 0 19 0 0 0 0 34 19 0 0 0 0 0 54 25 19 0 7 4 0 0 0 7 6 0 0 0 -999 -999 -999 
P4627 2086 3 9 0 0 0 0 0 0 16 0 0 0 0 0 0 0 0 0 27 0 0 20 16 0 10 0 0 0 32 0 11 13 
P4627 2086 4 30 0 0 0 0 0 0 0 0 0 0 17 0 0 17 0 0 0 27 0 0 0 0 21 0 0 0 21 0 0 -999 
P4627 2086 5 19 0 0 0 0 0 0 0 0 0 0 0 0 0 0 32 0 0 31 0 0 0 0 0 0 0 0 0 0 0 0 
P4627 2086 6 0 0 0 0 0 0 0 0 0 0 0 0 0 0 0 0 0 0 0 0 0 0 0 22 0 0 0 0 0 0 -999 
P4627 2086 7 47 0 0 0 0 0 0 0 0 0 0 0 0 0 0 0 0 0 0 0 0 0 37 0 42 0 0 0 0 44 0 
P4627 2086 8 0 34 0 0 0 0 0 0 0 0 0 19 0 0 42 0 0 0 0 38 37 0 30 0 0 0 0 0 0 0 0 
P4627 2086 9 0 0 0 0 0 0 0 0 0 0 0 0 0 0 0 0 25 0 0 0 0 0 0 16 21 0 24 0 0 0 -999 
P4627 2086 10 0 0 0 0 0 0 0 0 0 0 0 0 0 0 0 15 0 0 0 0 0 0 11 0 0 0 5 0 12 0 0 
P4627 2086 11 0 9 0 0 20 0 19 12 0 0 0 92 0 0 0 0 0 0 0 0 14 0 0 0 0 0 0 0 0 0 -999 
P4627 2086 12 1 0 0 0 9 0 0 12 0 0 0 0 0 0 19 20 22 16 0 0 0 0 9 0 0 0 0 0 0 0 0 
P4627 2087 1 0 0 0 0 0 0 27 56 59 68 0 0 0 0 0 0 0 0 0 0 0 12 0 0 0 0 0 12 0 26 0 
P4627 2087 2 0 0 0 0 0 0 0 0 0 0 0 0 0 0 0 0 0 0 7 0 0 0 12 0 0 0 0 0 -999 -999 -999 
P4627 2087 3 16 20 0 7 0 0 0 0 0 23 0 0 20 0 0 0 0 0 0 0 0 82 109 38 0 0 38 0 15 0 0 
P4627 2087 4 15 0 0 0 0 0 0 0 0 0 0 0 24 20 0 37 0 0 0 0 0 0 0 0 0 0 0 0 0 0 -999 
P4627 2087 5 0 19 30 27 0 24 25 0 0 0 0 0 0 0 0 0 0 0 0 0 0 0 0 0 0 0 0 0 0 0 0 
P4627 2087 6 0 0 0 0 18 0 0 0 0 0 0 0 0 0 22 0 0 0 0 0 0 0 0 0 0 0 9 0 0 0 -999 
P4627 2087 7 0 0 0 0 0 0 0 0 0 0 0 0 0 0 34 0 0 0 0 0 0 0 0 0 0 0 0 0 0 0 0 
P4627 2087 8 0 0 0 0 0 0 0 0 0 0 0 0 0 29 0 0 0 0 28 0 0 0 0 0 0 0 0 0 21 0 0 
P4627 2087 9 0 0 0 0 0 0 0 0 0 0 0 0 0 15 15 0 20 0 24 0 0 0 17 0 0 0 0 0 0 0 -999 
P4627 2087 10 0 0 0 0 0 0 0 0 0 13 19 0 22 18 15 0 0 0 0 0 0 0 0 0 0 0 0 0 0 19 19 
P4627 2087 11 15 0 7 0 0 0 0 13 0 0 0 0 0 0 0 0 0 0 0 0 0 0 0 0 0 0 0 0 14 0 -999 
P4627 2087 12 19 23 28 0 0 0 0 0 20 0 0 0 0 0 0 0 0 11 0 11 0 0 0 3 4 0 9 0 11 0 0 
P4627 2088 1 0 0 0 0 6 0 0 0 0 0 0 0 0 0 0 0 0 0 0 0 0 0 0 0 0 0 10 0 0 0 0 
P4627 2088 2 0 0 0 0 0 29 31 0 0 0 0 0 0 0 0 9 0 14 20 25 17 0 19 29 41 35 0 21 -999 -999 -999 
P4627 2088 3 0 22 0 0 0 0 0 0 0 0 18 0 0 0 0 0 0 0 8 0 0 0 22 0 37 0 0 15 0 0 0 
P4627 2088 4 14 0 0 29 0 0 0 0 0 0 0 37 72 0 0 0 0 36 0 0 0 0 36 46 88 0 56 46 51 0 -999 
P4627 2088 5 39 37 0 0 0 0 21 0 0 0 0 18 0 20 0 0 0 0 0 0 25 0 0 0 0 0 0 18 22 0 8 
P4627 2088 6 0 0 0 0 0 0 0 0 0 0 0 0 0 0 0 0 0 0 0 0 0 0 0 0 0 0 0 0 0 0 -999 
P4627 2088 7 0 0 0 0 0 0 0 0 0 0 0 0 32 0 0 0 0 0 0 0 0 0 0 0 0 0 0 0 0 0 0 
P4627 2088 8 0 0 0 0 0 0 0 0 0 0 0 0 0 0 0 0 0 32 32 0 0 0 0 0 0 0 0 0 0 0 0 
P4627 2088 9 35 0 0 0 0 0 0 0 0 0 0 19 0 0 0 0 0 17 0 0 0 0 0 0 0 0 0 0 0 14 -999 
P4627 2088 10 0 0 0 0 22 0 0 0 37 22 0 0 0 0 0 17 0 0 0 0 0 0 13 0 0 0 0 6 7 0 0 
P4627 2088 11 0 0 0 0 0 0 0 0 0 0 0 0 12 0 0 0 0 10 0 0 0 0 23 10 0 0 0 10 0 5 -999 
P4627 2088 12 0 11 0 0 0 0 0 0 0 6 0 14 0 0 0 0 0 0 0 0 0 18 17 33 41 0 0 33 0 0 0 
P4627 2089 1 0 0 0 0 0 0 0 29 0 0 0 17 0 25 0 0 0 0 0 0 0 0 0 0 0 0 0 0 0 20 16 
P4627 2089 2 0 39 30 0 0 0 30 41 41 0 6 0 13 0 0 0 0 0 0 0 0 0 0 0 22 23 0 0 -999 -999 -999 
P4627 2089 3 0 0 0 42 0 0 13 15 27 47 0 16 13 12 17 18 28 101 32 9 13 10 11 20 44 40 0 0 0 36 20 
P4627 2089 4 8 8 5 0 0 0 0 0 16 0 0 0 0 0 0 29 0 0 0 18 0 13 0 12 0 0 9 0 0 28 -999 
P4627 2089 5 54 0 0 0 0 0 0 0 0 32 0 0 0 0 0 25 0 0 0 25 0 15 0 0 0 0 0 0 0 30 29 
P4627 2089 6 0 0 0 0 0 0 21 0 0 0 0 21 0 0 0 0 0 0 0 0 0 0 0 0 0 0 0 0 0 0 -999 
P4627 2089 7 0 0 29 0 0 0 0 0 0 0 0 0 0 0 0 32 0 0 0 0 0 0 0 0 0 0 0 0 0 0 24 
P4627 2089 8 0 0 0 0 16 0 0 0 22 22 0 0 0 0 0 0 0 21 0 0 0 16 0 0 0 0 30 0 31 0 0 
P4627 2089 9 0 0 0 0 0 0 0 0 0 0 0 0 0 0 0 0 43 0 0 0 0 0 0 0 0 0 0 0 0 20 -999 
P4627 2089 10 0 0 0 0 0 0 0 0 0 0 0 22 0 21 17 0 0 0 0 0 0 0 0 0 14 0 0 0 0 0 0 
P4627 2089 11 0 0 0 0 37 0 0 0 0 0 12 18 27 30 0 0 0 0 0 0 0 0 0 0 16 0 4 0 0 0 -999 
P4627 2089 12 0 0 0 0 0 0 0 0 0 0 0 10 0 0 0 0 0 0 0 16 0 0 0 0 0 0 0 0 0 0 0 
P4627 2090 1 0 0 0 0 0 30 13 0 0 8 3 4 0 0 0 0 0 0 0 0 0 0 5 0 0 0 8 0 0 0 0 
P4627 2090 2 0 0 0 16 16 0 34 0 19 0 0 10 0 0 0 0 0 0 0 0 0 0 0 0 0 0 5 24 -999 -999 -999 
P4627 2090 3 0 0 0 0 0 15 0 0 0 0 0 0 0 0 0 0 0 11 0 16 12 0 7 15 0 36 13 15 0 24 0 
P4627 2090 4 20 22 0 19 0 0 0 0 0 9 29 43 15 0 38 14 0 0 12 8 0 0 14 0 0 0 7 0 0 0 -999 
P4627 2090 5 0 0 0 0 0 0 0 22 0 0 0 0 28 0 0 0 0 0 0 0 0 0 0 0 0 0 0 0 0 0 0 
P4627 2090 6 0 0 0 0 0 0 0 0 29 0 0 0 0 0 0 0 0 0 0 0 0 0 0 0 0 0 0 0 0 0 -999 
P4627 2090 7 0 24 34 0 0 0 0 0 0 0 0 0 0 37 0 0 0 0 0 0 0 0 0 0 0 28 31 0 0 0 0 
P4627 2090 8 0 0 0 0 0 0 0 0 0 0 0 0 0 0 0 0 0 0 0 0 0 0 0 0 0 0 0 0 0 0 25 
P4627 2090 9 0 0 0 0 0 29 0 0 17 21 22 0 0 0 0 32 0 26 0 0 24 23 0 0 0 0 0 0 13 0 -999 
P4627 2090 10 0 0 0 0 0 17 13 0 0 0 0 0 10 10 8 10 29 0 0 6 6 0 0 0 0 0 0 0 0 7 0 
P4627 2090 11 31 24 0 0 8 0 0 8 0 0 15 13 0 0 0 0 35 15 0 0 0 0 0 14 0 18 20 0 0 0 -999 
P4627 2090 12 0 0 0 0 8 0 0 0 0 0 0 46 12 0 0 0 0 0 0 0 0 0 0 0 0 0 35 46 0 0 6 
P4627 2091 1 0 0 0 0 0 0 0 0 0 0 0 0 0 0 9 0 0 12 12 0 0 0 0 0 0 0 15 0 0 0 0 
P4627 2091 2 0 13 0 0 0 18 8 5 0 0 14 0 0 0 0 7 11 31 63 0 15 7 24 0 9 0 64 0 -999 -999 -999 
P4627 2091 3 0 0 0 0 0 9 0 0 0 0 0 0 0 0 10 0 0 0 0 0 11 0 0 0 0 0 0 0 24 0 0 
P4627 2091 4 30 0 0 0 0 17 26 51 191 0 58 0 0 28 0 24 28 0 0 31 31 0 0 22 0 19 0 0 24 0 -999 
P4627 2091 5 0 0 35 49 30 23 23 0 0 0 0 0 0 0 0 0 0 19 0 0 0 0 21 0 0 0 0 0 25 0 18 
P4627 2091 6 0 22 0 0 0 0 20 0 0 0 0 0 28 28 31 0 24 0 0 0 24 0 0 0 0 0 0 0 0 0 -999 
P4627 2091 7 0 0 0 0 0 0 18 24 0 0 0 0 0 0 25 0 46 0 0 0 0 0 0 0 0 0 0 0 0 0 0 
P4627 2091 8 0 0 26 0 0 27 0 0 0 0 0 0 0 0 0 0 0 0 0 0 0 0 0 0 0 0 0 0 0 0 0 
P4627 2091 9 0 0 0 0 0 0 0 0 0 0 0 0 0 0 0 0 0 34 0 34 0 0 12 0 0 0 0 15 0 0 -999 
P4627 2091 10 16 0 0 14 0 0 0 0 15 0 0 27 0 0 22 0 0 0 0 0 0 0 0 0 0 9 14 0 29 9 11 
P4627 2091 11 0 0 0 0 0 0 0 0 17 0 0 0 20 22 0 24 0 0 6 0 5 0 0 0 0 0 0 0 0 7 -999 
P4627 2091 12 0 0 0 0 9 0 0 0 0 0 0 0 0 0 0 0 0 0 0 0 9 0 0 0 0 0 0 0 0 50 0 
P4627 2092 1 0 0 0 0 0 0 0 0 0 0 0 24 28 0 0 0 0 0 0 23 13 0 0 20 0 0 17 0 19 0 0 
P4627 2092 2 0 0 12 17 0 0 27 0 0 30 22 11 0 24 18 0 5 6 10 7 0 4 0 0 0 0 0 0 -999 -999 -999 
P4627 2092 3 0 35 51 17 0 15 36 0 27 43 23 27 0 0 0 24 0 15 0 0 0 13 0 0 0 0 0 0 0 13 27 
P4627 2092 4 0 31 38 0 0 0 0 0 12 18 37 119 89 0 0 37 0 27 0 0 0 0 0 0 0 35 0 44 0 0 -999 
P4627 2092 5 0 0 0 20 19 27 0 37 29 0 0 0 0 0 0 0 0 0 9 0 0 27 34 0 0 0 0 0 36 0 0 
P4627 2092 6 30 0 0 0 0 0 0 0 0 0 0 0 0 0 0 0 0 0 0 0 0 30 0 0 0 0 0 0 0 37 -999 
P4627 2092 7 0 0 0 0 0 0 0 0 0 0 0 0 0 0 0 38 0 0 0 0 0 0 0 0 0 0 0 0 18 0 18 
P4627 2092 8 0 0 37 0 0 0 0 0 28 0 0 0 0 0 0 0 0 0 25 0 25 0 0 32 0 0 0 0 0 0 0 
P4627 2092 9 0 0 0 22 32 22 20 0 0 0 0 0 0 0 0 17 0 0 0 0 0 0 0 14 0 0 0 0 0 0 -999 
P4627 2092 10 0 10 0 0 0 0 0 0 0 18 0 0 0 0 0 0 0 0 0 11 11 0 12 0 0 0 0 0 0 0 0 
P4627 2092 11 0 13 0 38 0 74 47 0 0 0 0 0 29 0 0 0 0 14 28 37 0 0 13 0 12 0 0 0 0 0 -999 
P4627 2092 12 0 0 0 12 0 0 0 0 23 0 0 0 0 0 0 0 10 0 0 0 0 0 0 0 0 0 15 0 0 0 10 
P4627 2093 1 25 14 23 0 0 0 9 0 15 0 0 0 8 19 0 15 0 0 0 0 0 0 0 0 5 0 0 0 0 0 10 
P4627 2093 2 0 0 0 0 0 0 0 0 0 0 0 0 0 0 0 0 0 0 0 22 13 0 0 0 0 0 0 6 -999 -999 -999 
P4627 2093 3 7 0 0 181 62 19 0 0 0 29 0 20 32 29 0 0 0 0 0 25 18 0 0 0 15 0 0 17 0 16 0 
P4627 2093 4 0 10 12 0 0 0 0 0 0 27 0 26 17 0 0 0 9 0 0 10 15 0 0 0 0 0 32 24 39 0 -999 
P4627 2093 5 45 0 13 0 0 0 0 0 0 28 27 0 0 0 0 0 0 0 0 0 0 27 0 0 0 0 9 0 0 27 0 
P4627 2093 6 0 33 0 26 0 0 44 0 0 0 0 0 0 0 0 0 0 0 0 0 0 0 0 0 0 0 0 0 0 0 -999 
P4627 2093 7 0 42 0 0 0 0 0 0 0 0 0 25 29 0 0 0 0 0 0 0 0 0 0 0 0 0 0 0 0 0 0 
P4627 2093 8 0 0 0 0 0 0 0 0 0 0 0 0 0 0 0 0 30 0 0 0 0 0 0 0 0 0 0 0 0 0 0 
P4627 2093 9 0 0 0 0 0 0 0 0 0 0 0 0 0 0 0 19 23 0 0 0 0 0 23 0 0 0 0 14 0 0 -999 
P4627 2093 10 0 0 0 0 0 0 0 0 0 0 0 16 14 0 0 0 0 0 0 0 0 0 12 12 0 0 0 19 0 0 0 
P4627 2093 11 7 9 0 0 0 0 0 0 0 0 0 0 0 0 0 0 0 0 0 0 0 0 0 0 0 0 0 0 0 0 -999 
P4627 2093 12 0 0 0 0 0 0 0 0 0 0 0 0 11 0 0 0 0 0 0 0 0 0 0 0 0 0 0 0 6 7 0 
P4627 2094 1 0 0 0 12 0 0 0 0 0 0 0 0 0 0 0 0 12 0 17 29 0 0 0 20 24 14 0 0 0 0 3 
P4627 2094 2 9 9 0 0 7 0 6 0 0 6 0 0 6 0 0 0 0 0 0 0 0 0 0 14 0 0 0 0 -999 -999 -999 
P4627 2094 3 0 0 0 0 0 13 0 0 0 0 0 0 0 0 0 0 0 0 21 0 25 0 34 0 0 0 0 0 28 0 0 
P4627 2094 4 0 0 0 0 0 0 0 6 6 0 0 0 29 26 22 0 0 0 0 0 0 0 0 0 0 19 0 0 0 0 -999 
P4627 2094 5 0 0 12 26 0 0 0 0 0 35 0 0 0 0 0 11 0 0 0 0 0 0 0 0 0 0 18 0 0 0 0 
P4627 2094 6 0 0 0 0 0 0 0 0 0 0 18 0 0 0 34 0 0 0 0 0 0 0 0 0 0 0 0 0 0 0 -999 
P4627 2094 7 0 0 0 0 0 0 0 0 0 0 0 0 0 0 0 0 0 0 0 0 0 0 0 0 0 0 0 0 0 0 0 
P4627 2094 8 0 0 0 0 0 0 0 0 0 0 0 0 0 0 0 0 20 0 37 0 0 0 0 0 0 23 0 0 0 0 0 
P4627 2094 9 0 0 0 0 0 0 0 31 0 0 0 24 0 0 0 17 0 22 0 0 0 0 0 14 16 0 0 19 0 0 -999 
P4627 2094 10 0 0 0 24 0 0 0 0 0 0 19 17 0 0 0 9 13 0 19 25 0 31 28 42 0 0 0 0 14 12 0 
P4627 2094 11 0 0 0 0 0 7 0 0 0 0 0 0 0 0 0 0 0 0 5 0 2 0 13 0 7 21 0 0 0 32 -999 
P4627 2094 12 0 13 0 0 0 0 0 0 0 0 0 0 0 0 0 0 7 9 0 0 0 0 0 0 0 0 0 0 0 0 0 
P4627 2095 1 14 0 10 0 0 0 0 6 0 0 0 0 0 0 0 0 0 0 0 0 13 0 17 21 0 0 0 21 0 0 0 
P4627 2095 2 23 20 21 14 0 5 4 0 0 0 0 0 0 0 0 0 0 0 0 8 0 0 0 0 0 0 0 0 -999 -999 -999 
P4627 2095 3 0 0 0 6 11 0 0 0 0 25 28 18 0 16 8 0 0 0 0 0 16 0 0 0 35 0 0 35 23 0 29 
P4627 2095 4 32 26 22 16 0 14 0 11 0 0 0 0 0 0 27 0 13 0 0 19 0 0 0 0 0 0 0 0 8 0 -999 
P4627 2095 5 0 0 13 0 0 0 0 0 0 0 0 0 0 0 0 0 22 0 0 0 0 0 0 0 0 0 0 0 0 22 0 
P4627 2095 6 0 0 0 0 0 0 21 11 0 18 0 0 0 0 0 28 0 0 0 0 12 0 0 0 0 0 20 0 0 0 -999 
P4627 2095 7 0 0 0 0 0 0 34 0 0 0 0 0 0 25 0 0 0 0 32 0 0 0 0 0 0 0 29 0 0 0 0 
P4627 2095 8 0 0 0 0 0 0 0 0 0 0 0 0 0 0 0 0 0 0 0 0 0 0 0 0 0 0 0 0 0 19 0 
P4627 2095 9 0 0 18 15 17 0 0 0 18 0 0 0 15 0 0 0 0 0 25 0 0 0 0 28 35 39 0 22 0 20 -999 
P4627 2095 10 0 0 0 0 0 0 0 0 0 0 0 0 0 17 13 0 0 0 0 0 0 0 0 36 0 0 0 0 0 0 11 
P4627 2095 11 0 0 0 0 27 0 0 28 0 33 0 0 0 0 0 0 0 0 0 0 10 14 10 0 24 21 0 13 16 12 -999 
P4627 2095 12 0 0 0 0 8 0 0 0 0 14 0 0 0 0 0 0 0 17 0 0 31 33 13 0 13 18 0 0 0 0 0 
P4627 2096 1 3 8 0 0 0 0 0 0 0 0 0 0 0 25 34 46 23 8 0 0 0 0 0 0 0 8 0 0 0 0 0 
P4627 2096 2 7 28 85 56 27 0 0 0 0 15 9 0 0 0 0 52 31 0 0 0 0 0 0 0 0 0 0 0 -999 -999 -999 
P4627 2096 3 0 0 0 0 22 0 21 0 15 0 0 0 0 0 0 0 0 0 26 0 0 10 0 4 0 0 0 0 0 0 40 
P4627 2096 4 0 28 0 0 0 0 0 0 0 0 0 0 20 0 0 0 38 62 0 0 22 0 0 0 0 0 20 0 0 0 -999 
P4627 2096 5 0 0 0 0 0 21 23 0 12 0 0 0 0 0 0 0 0 0 15 0 0 0 40 0 0 0 0 0 32 0 0 
P4627 2096 6 0 0 0 0 0 23 0 0 0 0 0 0 0 12 0 33 25 0 0 0 0 0 0 0 0 0 0 0 30 0 -999 
P4627 2096 7 0 0 0 0 0 14 0 0 0 0 0 0 0 0 0 0 0 0 0 0 0 0 0 0 0 0 0 0 0 0 0 
P4627 2096 8 0 0 0 0 0 0 0 0 0 0 0 0 0 0 0 0 0 0 0 0 0 24 0 0 0 0 0 0 0 0 0 
P4627 2096 9 17 0 0 0 0 0 0 0 0 39 0 0 0 0 0 48 0 26 0 0 0 0 0 18 0 15 0 0 0 0 -999 
P4627 2096 10 0 0 0 0 0 0 0 0 0 10 0 0 13 0 0 0 0 33 0 14 0 0 6 0 0 0 0 0 0 0 0 
P4627 2096 11 0 0 0 0 0 0 0 0 0 0 0 0 0 8 0 25 11 0 0 0 0 11 0 13 0 0 16 0 0 0 -999 
P4627 2096 12 0 0 0 0 0 8 0 0 0 0 0 0 0 0 6 0 0 0 0 0 0 0 0 0 0 0 0 0 0 0 0 
P4627 2097 1 8 9 16 0 0 0 0 6 0 0 0 0 0 0 0 0 0 0 6 0 7 0 0 0 0 0 0 0 12 0 0 
P4627 2097 2 0 0 11 20 19 0 28 19 0 0 0 0 0 0 0 0 6 0 0 8 0 0 0 0 11 0 8 0 -999 -999 -999 
P4627 2097 3 0 0 0 0 0 0 15 32 0 0 0 0 0 0 0 0 0 0 0 0 0 0 0 36 0 28 0 0 16 31 42 
P4627 2097 4 0 11 12 0 0 0 16 0 0 0 33 0 0 0 0 0 17 0 27 18 0 0 0 28 42 0 20 0 0 0 -999 
P4627 2097 5 21 0 0 0 23 0 0 8 0 0 0 0 0 0 0 0 17 10 11 0 0 0 0 0 0 0 0 13 0 0 0 
P4627 2097 6 22 0 0 0 0 0 0 0 0 0 38 36 0 0 0 0 0 0 0 0 0 0 0 34 0 0 0 0 0 0 -999 
P4627 2097 7 0 0 32 0 0 0 0 0 0 0 0 0 0 0 0 0 0 0 0 0 0 36 36 0 0 0 0 0 0 0 38 
P4627 2097 8 0 0 0 34 28 0 0 0 0 33 0 36 0 0 0 0 0 28 0 0 0 0 0 0 14 18 0 0 0 0 23 
P4627 2097 9 0 0 0 0 0 0 0 0 0 0 24 0 16 0 0 0 0 0 0 0 0 0 0 0 0 0 0 0 0 0 -999 
P4627 2097 10 0 0 0 0 0 0 0 0 0 0 14 0 0 9 0 0 0 9 0 6 0 0 0 0 0 0 0 0 0 0 17 
P4627 2097 11 0 0 0 0 14 0 0 0 0 0 0 0 0 0 0 0 0 0 0 0 0 0 8 8 0 0 0 0 0 0 -999 
P4627 2097 12 0 0 0 0 0 10 0 0 0 0 0 0 0 0 0 0 0 0 0 0 0 0 0 0 0 0 0 35 0 20 0 
P4627 2098 1 0 0 0 0 0 0 0 0 0 0 0 12 0 15 0 0 0 0 0 0 9 0 0 0 0 0 0 59 0 0 0 
P4627 2098 2 0 0 13 0 15 0 11 0 0 0 21 0 0 0 14 8 0 0 0 16 18 0 0 0 0 15 0 0 -999 -999 -999 
P4627 2098 3 0 0 0 0 0 18 26 0 25 0 0 0 0 0 18 0 0 18 15 0 0 14 0 0 0 0 0 0 0 20 0 
P4627 2098 4 0 0 0 0 0 0 0 0 0 0 0 0 0 0 0 0 0 0 0 0 0 0 0 6 0 0 0 0 0 0 -999 
P4627 2098 5 0 0 0 0 34 0 13 10 11 28 39 26 0 0 0 0 0 0 0 0 0 0 0 0 0 0 0 0 0 0 0 
P4627 2098 6 0 0 0 0 0 48 0 0 0 0 23 0 0 17 0 0 0 0 0 0 0 43 0 48 0 46 27 26 0 0 -999 
P4627 2098 7 0 0 0 41 0 0 0 0 0 0 0 0 0 0 0 0 0 0 0 0 0 0 0 0 0 0 0 0 0 0 0 
P4627 2098 8 0 0 0 0 0 0 0 0 31 24 0 0 0 0 0 0 0 0 0 0 0 0 0 0 36 34 0 0 38 0 0 
P4627 2098 9 25 0 0 12 0 0 0 0 0 13 0 0 0 20 0 0 0 0 0 18 0 0 0 0 0 0 23 0 0 0 -999 
P4627 2098 10 0 16 17 0 0 0 0 0 0 0 0 0 18 0 0 0 0 0 0 0 0 0 0 0 0 0 0 0 0 0 0 
P4627 2098 11 0 0 0 0 0 0 0 0 0 0 0 15 0 9 0 0 0 0 13 0 0 0 0 0 8 0 0 0 0 0 -999 
P4627 2098 12 0 0 0 0 0 0 0 0 0 0 0 0 0 0 0 0 0 0 0 0 0 0 0 0 0 0 0 0 0 6 0 
P4627 2099 1 0 14 0 0 0 0 0 0 0 10 25 0 35 0 0 0 0 6 0 0 0 0 0 58 0 0 0 0 7 0 0 
P4627 2099 2 0 0 0 0 0 0 0 0 0 0 0 0 0 16 0 0 0 0 0 0 13 19 0 22 27 16 0 0 -999 -999 -999 
P4627 2099 3 34 27 0 0 0 0 30 35 0 0 0 0 0 0 21 20 0 0 13 0 0 0 18 0 75 62 24 0 14 0 29 
P4627 2099 4 32 0 24 0 0 0 0 0 0 0 0 0 0 0 0 0 0 16 0 19 30 0 0 40 0 0 35 23 0 0 -999 
P4627 2099 5 0 0 24 0 0 0 28 0 0 0 11 11 0 0 0 0 0 0 20 0 0 0 0 0 0 6 0 0 0 19 0 
P4627 2099 6 9 0 0 0 0 0 0 0 0 0 0 0 30 0 0 0 20 13 0 0 0 0 30 0 0 19 0 0 0 0 -999 
P4627 2099 7 0 0 0 0 0 0 34 0 0 0 0 0 0 0 0 0 43 37 0 0 0 0 0 56 0 0 37 33 0 0 0 
P4627 2099 8 0 0 0 0 31 0 0 0 0 0 0 23 0 0 0 0 0 0 0 0 0 0 0 0 0 0 0 0 0 0 0 
P4627 2099 9 0 0 0 0 0 0 0 34 0 0 0 0 0 0 28 0 24 0 0 0 0 0 40 29 0 0 10 0 9 0 -999 
P4627 2099 10 0 0 0 0 0 0 0 0 34 43 0 0 0 0 0 0 0 0 0 15 0 0 23 19 0 15 6 0 0 18 0 
P4627 2099 11 0 0 0 0 0 13 0 0 0 0 0 10 0 0 0 0 8 0 0 0 12 0 0 0 0 24 32 30 79 0 -999 
P4627 2099 12 10 0 0 0 0 0 0 0 11 25 0 26 0 0 0 0 0 0 0 0 13 0 0 0 0 13 0 0 9 12 3 
P4627 2100 1 0 0 0 0 0 3 0 0 0 0 0 0 0 3 0 0 0 0 9 0 0 0 0 0 0 0 0 0 0 0 0 
P4627 2100 2 0 0 6 0 0 0 0 0 0 0 0 0 0 0 0 0 0 0 0 30 31 36 0 22 0 0 15 0 -999 -999 -999 
P4627 2100 3 0 0 0 42 36 0 21 0 36 35 26 31 57 14 0 6 10 0 0 0 31 55 90 64 58 41 29 23 0 29 0 
P4627 2100 4 0 0 0 0 0 13 15 0 14 0 0 0 0 0 0 33 0 26 13 0 0 0 0 0 6 0 0 0 0 0 -999 
P4627 2100 5 0 0 0 17 0 0 23 0 27 0 19 0 18 26 0 0 0 0 0 0 0 0 0 0 0 5 0 0 20 0 35 
P4627 2100 6 0 35 0 39 0 0 0 23 0 0 0 0 0 0 0 18 20 28 0 15 0 0 0 0 0 0 0 0 0 0 -999 
P4627 2100 7 0 0 0 0 0 0 0 0 0 0 0 0 0 0 14 0 0 0 0 0 0 0 0 0 0 0 0 0 0 0 0 
P4627 2100 8 0 0 0 0 0 0 0 0 0 0 0 0 0 0 0 0 0 0 0 0 0 0 0 0 0 0 21 0 30 0 0 
P4627 2100 9 0 0 0 0 0 0 0 0 18 23 0 0 0 0 0 22 0 0 0 0 0 0 0 0 0 0 0 0 0 0 -999 
P4627 2100 10 0 35 0 0 0 27 40 21 16 0 0 17 0 0 0 0 0 15 0 12 0 0 0 0 0 0 0 0 0 0 0 
P4627 2100 11 0 0 0 8 0 16 0 0 0 0 4 0 11 0 9 5 6 17 0 0 12 35 0 5 0 12 23 7 0 0 -999 
P4627 2100 12 0 0 0 0 0 0 5 0 0 0 0 0 0 0 0 0 0 0 0 0 0 0 0 0 11 11 0 0 0 9 0 
