precip	MIROC5	RCP60	REGRESION	decimas	1
P8331	39.892	-2.350	182	geo	2006	2100	-1
P8331 2006 1 0 9 11 10 0 0 0 0 0 7 0 62 143 66 28 85 56 61 50 0 0 0 0 0 14 12 10 15 0 0 10 
P8331 2006 2 0 37 27 15 0 0 0 0 0 0 0 21 0 41 0 0 0 0 0 33 0 16 14 0 0 0 0 12 -999 -999 -999 
P8331 2006 3 32 49 59 77 81 72 79 74 44 29 49 40 0 25 24 45 89 90 62 25 40 28 0 0 25 0 22 31 52 35 66 
P8331 2006 4 0 0 25 32 16 0 16 42 13 0 0 0 0 0 0 12 0 0 0 8 0 0 0 14 0 0 45 47 33 27 -999 
P8331 2006 5 24 26 20 26 25 46 0 0 0 0 0 0 0 27 16 0 0 15 0 0 0 4 0 0 0 5 0 0 0 0 10 
P8331 2006 6 0 0 0 0 0 0 0 0 0 0 0 0 0 0 0 0 0 0 0 0 0 10 0 0 0 0 0 0 0 0 -999 
P8331 2006 7 0 17 0 0 0 0 0 0 0 0 0 0 0 0 0 0 0 0 0 0 0 0 0 0 0 0 0 0 0 0 0 
P8331 2006 8 18 0 0 0 0 20 21 0 0 0 7 7 0 0 0 12 0 0 0 0 19 12 0 0 0 0 0 0 0 0 20 
P8331 2006 9 0 0 0 0 20 0 0 0 0 0 0 0 0 9 0 16 0 30 0 0 0 0 0 0 16 0 7 10 10 0 -999 
P8331 2006 10 0 2 0 0 7 0 0 0 13 0 0 0 0 22 0 18 0 0 0 0 17 0 0 0 0 0 0 0 15 0 0 
P8331 2006 11 14 15 0 0 0 0 0 0 0 0 0 0 0 0 0 0 0 4 0 0 27 21 23 46 0 0 0 0 0 0 -999 
P8331 2006 12 0 0 0 0 6 0 21 45 35 0 0 23 27 20 0 63 25 0 0 8 0 39 81 48 34 30 20 0 0 0 11 
P8331 2007 1 12 13 0 0 0 0 0 0 0 0 2 0 7 0 0 0 0 0 0 0 14 11 0 0 0 25 0 27 0 22 0 
P8331 2007 2 0 15 0 0 0 12 23 79 157 126 25 22 0 9 0 0 19 36 26 28 0 27 0 24 0 0 0 28 -999 -999 -999 
P8331 2007 3 0 27 0 32 39 0 0 18 19 11 21 54 56 66 42 20 0 0 11 23 0 0 11 0 0 0 13 0 0 4 0 
P8331 2007 4 0 0 0 0 14 0 8 0 0 0 14 0 44 19 11 14 20 32 0 0 0 29 31 36 21 0 8 0 0 0 -999 
P8331 2007 5 0 3 0 0 0 27 15 0 0 0 18 25 28 30 0 16 0 0 24 0 7 0 0 0 0 0 0 0 0 0 0 
P8331 2007 6 0 20 0 0 0 22 16 0 0 0 0 0 28 0 0 0 0 0 9 13 0 0 0 0 10 0 0 0 0 0 -999 
P8331 2007 7 15 17 0 21 0 0 0 0 0 0 0 26 17 0 0 16 0 0 0 0 14 18 0 0 0 14 0 0 0 0 0 
P8331 2007 8 0 0 0 0 0 0 0 0 0 0 13 0 0 0 0 0 0 0 0 0 0 6 4 7 0 0 21 0 0 0 5 
P8331 2007 9 0 0 0 0 0 7 0 0 0 0 0 0 0 0 0 0 0 0 0 0 0 0 0 0 0 0 0 0 0 0 -999 
P8331 2007 10 0 0 0 0 0 0 0 0 0 0 24 0 0 37 0 11 0 28 9 0 16 33 30 0 0 0 0 0 0 0 0 
P8331 2007 11 8 0 0 3 0 0 7 0 0 14 0 19 0 0 0 0 0 0 0 0 0 0 0 0 0 0 0 0 26 0 -999 
P8331 2007 12 0 0 15 0 20 19 20 15 0 0 0 0 2 0 0 0 0 27 21 10 10 7 0 11 9 8 11 0 0 0 0 
P8331 2008 1 17 28 0 41 19 0 1 0 0 9 0 0 12 0 0 23 0 0 0 0 47 54 29 0 0 56 67 0 27 42 50 
P8331 2008 2 96 40 57 32 0 37 0 58 0 31 0 27 0 13 28 38 19 47 0 33 18 0 14 20 0 0 23 20 -999 -999 -999 
P8331 2008 3 0 0 0 0 0 0 0 0 0 0 0 13 0 15 0 0 0 0 0 0 0 0 0 0 0 0 6 0 0 0 0 
P8331 2008 4 6 0 15 0 23 12 0 0 0 0 0 0 0 21 35 41 35 26 14 9 7 7 0 0 0 0 0 10 0 0 -999 
P8331 2008 5 17 0 0 0 20 0 12 8 10 25 0 17 0 30 20 21 13 0 0 39 0 21 34 0 0 9 11 0 0 0 16 
P8331 2008 6 0 0 0 0 15 0 12 0 0 20 0 0 0 0 0 0 0 0 0 0 0 0 0 0 0 0 0 0 19 0 -999 
P8331 2008 7 0 0 0 0 0 0 0 0 0 17 16 0 0 0 0 0 0 0 0 12 0 0 0 17 0 0 0 0 0 0 0 
P8331 2008 8 0 0 0 8 0 0 0 0 0 0 0 10 0 0 0 10 0 15 0 0 0 0 0 4 9 19 0 0 0 0 5 
P8331 2008 9 0 9 9 0 0 0 0 0 0 0 0 20 0 20 13 11 12 0 0 0 0 0 14 16 0 0 0 0 0 27 -999 
P8331 2008 10 0 0 9 0 6 0 0 0 9 0 30 32 27 18 0 0 0 0 12 0 15 0 0 0 0 0 37 23 0 13 0 
P8331 2008 11 17 0 28 0 0 0 0 0 0 0 24 0 0 0 0 0 0 0 0 0 0 0 0 3 0 0 0 3 0 0 -999 
P8331 2008 12 0 0 0 0 0 6 0 6 0 25 30 10 14 18 0 3 0 0 0 0 4 0 0 0 11 0 0 0 0 0 0 
P8331 2009 1 0 0 0 0 7 0 0 0 7 0 7 16 0 16 19 8 2 0 0 0 0 0 0 0 0 3 0 0 0 2 0 
P8331 2009 2 0 11 12 16 0 11 0 4 0 6 7 4 0 0 0 0 1 0 0 0 3 0 0 7 12 0 0 29 -999 -999 -999 
P8331 2009 3 57 57 55 23 23 0 0 36 60 31 22 0 12 19 40 30 53 0 0 17 0 0 0 23 21 53 44 70 59 44 0 
P8331 2009 4 21 53 32 0 27 49 18 15 0 10 0 28 39 27 32 20 0 0 0 0 26 17 0 0 9 0 0 0 0 51 -999 
P8331 2009 5 33 0 28 24 22 33 14 0 19 31 40 17 0 0 0 0 0 11 24 0 0 0 26 18 14 6 0 0 0 0 0 
P8331 2009 6 0 0 10 0 0 0 0 10 0 0 0 0 0 0 21 0 0 0 0 0 0 11 0 0 0 0 0 0 0 0 -999 
P8331 2009 7 0 0 16 0 0 0 0 0 0 23 0 0 0 13 0 0 0 0 0 0 16 0 0 0 0 0 0 0 0 0 0 
P8331 2009 8 0 0 0 0 0 0 0 0 0 0 16 0 0 0 0 0 0 0 10 0 0 0 0 0 0 0 0 0 18 0 0 
P8331 2009 9 0 16 0 0 0 0 0 0 0 14 26 0 0 0 0 12 0 0 9 0 0 0 18 0 0 0 0 0 9 0 -999 
P8331 2009 10 0 0 5 0 0 0 4 0 0 0 17 0 0 0 0 0 24 21 18 0 0 0 12 32 0 8 0 0 6 0 0 
P8331 2009 11 0 0 6 0 0 6 0 0 0 4 4 0 4 0 6 0 0 0 0 0 9 0 0 0 0 17 18 0 12 20 -999 
P8331 2009 12 0 0 0 15 33 0 64 20 18 48 40 0 14 0 0 8 0 0 0 0 0 0 0 0 0 0 29 31 20 0 0 
P8331 2010 1 0 0 24 64 58 0 13 0 0 17 10 9 0 10 0 17 0 0 0 0 12 0 0 0 0 0 0 0 12 17 17 
P8331 2010 2 0 0 0 8 0 27 17 0 0 0 0 0 0 0 0 0 0 0 0 0 0 8 0 0 0 0 0 6 -999 -999 -999 
P8331 2010 3 6 0 0 0 13 22 0 28 0 36 24 16 10 8 0 0 11 24 48 46 16 3 0 0 0 0 0 0 0 0 0 
P8331 2010 4 14 0 0 0 0 0 17 26 31 0 27 29 30 20 37 57 0 0 9 17 29 22 13 15 38 0 10 11 30 0 -999 
P8331 2010 5 0 0 22 35 31 0 8 0 0 0 17 0 0 0 0 32 21 15 10 0 0 0 0 12 0 0 39 14 0 15 0 
P8331 2010 6 0 0 21 14 13 0 9 0 0 0 0 0 0 0 17 0 12 0 0 0 0 0 0 0 0 0 0 0 0 0 -999 
P8331 2010 7 0 0 0 0 0 0 0 0 0 0 0 0 0 0 0 0 0 0 0 0 0 0 0 0 0 0 0 0 0 0 0 
P8331 2010 8 0 0 0 0 9 0 0 0 0 0 0 0 13 13 0 0 0 0 0 0 0 0 0 14 25 0 0 0 0 0 0 
P8331 2010 9 0 11 0 0 0 5 0 0 0 0 0 20 31 0 27 0 0 0 0 0 0 0 0 0 0 0 0 0 0 0 -999 
P8331 2010 10 0 0 0 0 0 0 0 0 26 0 36 20 33 0 17 0 0 0 0 0 0 28 0 0 9 0 0 0 0 13 7 
P8331 2010 11 8 0 10 0 0 0 0 0 0 0 0 0 0 0 0 10 0 0 0 0 12 7 0 4 0 0 0 0 0 4 -999 
P8331 2010 12 5 7 5 11 0 16 0 9 13 0 0 15 25 0 0 0 0 4 0 0 0 0 0 0 3 0 0 0 0 0 0 
P8331 2011 1 0 6 0 0 0 0 0 3 0 5 6 7 7 0 0 7 0 0 0 0 13 21 0 22 0 0 0 4 0 0 4 
P8331 2011 2 0 0 0 0 0 0 0 0 0 0 0 0 0 0 0 0 0 0 0 0 0 19 16 0 0 11 16 36 -999 -999 -999 
P8331 2011 3 44 24 14 0 0 0 11 0 7 21 25 0 25 0 36 79 123 45 27 32 29 38 53 109 58 0 27 42 20 0 9 
P8331 2011 4 0 22 18 15 13 0 0 0 24 25 22 0 0 0 0 0 0 35 0 0 26 0 0 0 0 0 0 0 0 5 -999 
P8331 2011 5 0 15 11 0 0 0 0 0 0 0 0 9 0 13 0 0 0 0 0 0 0 19 0 14 0 0 26 0 0 24 0 
P8331 2011 6 0 12 0 7 0 9 0 0 0 0 0 0 0 0 0 16 5 0 0 5 0 0 19 0 0 0 21 0 11 10 -999 
P8331 2011 7 0 0 0 0 0 0 0 0 0 0 0 0 0 0 0 0 0 0 0 0 27 0 0 0 8 0 5 0 0 0 0 
P8331 2011 8 0 0 0 8 0 0 0 0 0 0 0 0 0 0 0 0 0 0 0 0 0 0 0 0 0 0 0 0 0 0 21 
P8331 2011 9 0 0 0 13 15 0 0 0 34 0 0 0 0 0 5 0 0 0 0 0 0 0 0 0 0 0 0 0 0 16 -999 
P8331 2011 10 0 14 11 0 0 0 0 7 0 0 0 0 16 0 0 0 0 0 0 0 0 0 20 0 0 0 0 0 0 31 0 
P8331 2011 11 0 7 0 25 50 56 63 14 0 0 0 10 13 0 0 12 36 26 0 0 9 61 62 60 0 0 0 0 9 0 -999 
P8331 2011 12 0 0 28 14 0 7 0 0 0 8 0 15 12 0 0 0 39 38 43 42 60 0 28 16 0 0 18 0 0 17 0 
P8331 2012 1 56 28 0 0 3 0 0 0 0 0 0 0 0 1 0 0 0 0 5 0 0 0 0 4 0 0 0 0 0 18 8 
P8331 2012 2 0 0 41 0 10 0 7 0 0 0 0 4 0 0 0 0 0 10 26 25 22 0 0 0 19 0 2 16 -999 -999 -999 
P8331 2012 3 34 65 42 0 26 0 11 0 1 0 0 0 18 12 0 0 0 0 22 0 31 17 0 0 0 0 0 7 0 0 0 
P8331 2012 4 5 0 0 0 0 0 32 27 0 6 0 12 22 68 50 0 35 26 0 16 14 0 0 0 57 49 43 0 0 0 -999 
P8331 2012 5 0 22 27 18 0 0 11 16 27 0 18 0 28 31 27 0 16 16 0 0 0 0 14 14 38 28 25 10 0 0 0 
P8331 2012 6 4 0 0 0 0 0 0 0 0 0 18 0 0 0 18 0 0 6 14 0 16 0 0 0 0 0 0 0 0 0 -999 
P8331 2012 7 0 0 0 0 0 0 0 0 0 0 19 0 0 11 0 0 0 0 0 0 0 0 0 0 0 0 0 0 0 14 16 
P8331 2012 8 0 7 0 0 0 0 12 0 0 0 0 0 0 0 0 0 0 0 0 0 0 0 0 0 0 0 0 0 0 0 0 
P8331 2012 9 0 8 0 0 0 0 0 0 0 0 0 0 0 0 0 0 0 0 0 0 6 0 0 14 23 16 19 21 0 0 -999 
P8331 2012 10 7 0 0 0 0 0 0 0 22 26 0 15 0 0 0 0 0 15 0 0 0 0 0 0 0 0 0 0 0 30 26 
P8331 2012 11 0 47 45 17 8 0 0 0 0 25 0 7 0 0 4 0 0 29 50 36 16 0 0 0 0 0 12 0 27 29 -999 
P8331 2012 12 0 6 0 15 0 40 39 36 0 10 0 0 18 65 40 41 37 24 0 11 0 0 0 0 11 0 0 0 0 0 57 
P8331 2013 1 34 0 20 42 0 0 0 13 0 0 4 0 2 0 0 0 0 0 5 0 0 0 1 0 0 0 0 0 0 0 0 
P8331 2013 2 0 0 0 0 3 0 0 0 0 0 4 0 0 63 40 15 21 40 60 45 36 42 37 69 0 0 0 0 -999 -999 -999 
P8331 2013 3 0 0 0 17 0 6 15 38 0 44 78 66 57 0 14 0 0 0 22 23 0 0 38 15 18 0 0 0 33 35 70 
P8331 2013 4 29 0 0 0 0 0 24 11 5 5 0 0 0 24 0 26 0 0 14 0 35 0 0 0 51 20 5 0 0 0 -999 
P8331 2013 5 0 0 0 0 20 0 14 25 25 34 39 26 9 0 0 0 38 0 0 0 0 0 0 0 10 0 0 0 0 0 0 
P8331 2013 6 0 0 0 21 17 0 22 0 37 36 35 0 22 18 12 10 0 13 0 7 0 0 0 13 0 0 0 0 22 19 -999 
P8331 2013 7 0 0 0 0 0 0 26 0 0 0 0 0 10 0 0 0 0 5 0 0 0 0 0 0 0 0 0 0 0 0 0 
P8331 2013 8 0 0 18 0 27 0 19 0 0 18 0 0 6 0 0 19 0 0 0 0 0 12 0 0 0 9 8 15 28 0 28 
P8331 2013 9 0 15 0 0 0 0 0 0 12 0 0 0 0 0 0 0 0 0 0 0 19 0 0 0 0 0 0 0 5 0 -999 
P8331 2013 10 0 0 0 0 0 0 0 9 0 0 17 0 0 10 11 0 0 21 0 8 10 7 0 0 0 0 0 0 0 0 0 
P8331 2013 11 0 0 0 0 0 0 0 0 14 0 19 0 0 0 8 9 13 91 137 72 36 63 92 78 31 46 48 28 10 0 -999 
P8331 2013 12 10 0 22 23 0 0 9 13 13 0 6 11 0 0 8 0 0 0 0 8 0 0 0 0 0 19 21 18 27 29 0 
P8331 2014 1 21 8 0 9 0 0 0 0 12 0 0 10 0 0 0 11 0 0 0 0 0 4 0 0 0 0 32 43 77 0 33 
P8331 2014 2 28 40 0 22 0 35 33 62 0 43 8 12 16 0 0 0 0 0 0 0 13 0 0 7 0 0 10 0 -999 -999 -999 
P8331 2014 3 28 0 0 0 0 0 0 0 0 0 0 16 35 24 51 46 50 50 85 52 28 0 18 11 0 0 0 10 0 0 25 
P8331 2014 4 0 24 0 0 50 45 17 0 25 0 32 0 33 0 51 0 46 0 0 0 0 0 0 24 0 23 14 28 0 25 -999 
P8331 2014 5 41 0 0 0 0 0 0 0 0 0 0 0 0 14 15 0 0 0 0 0 0 43 29 26 16 0 30 16 18 34 0 
P8331 2014 6 0 0 29 43 40 0 0 23 16 10 0 0 9 0 0 0 0 0 0 0 0 0 16 0 27 0 15 0 0 19 -999 
P8331 2014 7 0 0 0 0 0 0 0 0 8 0 0 0 0 0 0 0 0 9 0 10 15 0 0 0 0 0 0 0 0 0 0 
P8331 2014 8 0 0 0 0 0 0 0 0 0 0 0 0 0 0 0 0 0 0 0 0 0 0 0 0 0 0 0 0 0 0 0 
P8331 2014 9 0 0 0 0 0 0 9 0 0 0 0 0 0 29 28 0 37 24 0 9 0 0 0 0 0 0 0 0 18 12 -999 
P8331 2014 10 0 0 13 0 0 0 0 0 0 0 9 0 0 10 0 0 9 0 0 0 17 16 0 10 38 0 0 11 0 0 0 
P8331 2014 11 4 0 0 0 0 4 6 6 0 0 11 8 0 0 0 8 0 41 18 36 54 96 47 0 0 17 0 4 0 0 -999 
P8331 2014 12 0 0 0 0 0 0 0 0 0 5 0 5 0 0 1 1 0 1 0 1 2 4 0 0 7 0 0 9 0 0 17 
P8331 2015 1 9 0 0 0 54 34 0 30 25 19 0 0 0 0 0 0 0 0 0 0 0 0 0 0 7 0 0 24 26 0 2 
P8331 2015 2 0 0 0 0 0 0 1 0 0 0 0 6 0 0 0 0 0 0 0 0 0 0 0 0 42 67 0 0 -999 -999 -999 
P8331 2015 3 21 30 0 42 31 8 0 23 0 0 0 0 0 28 0 10 0 6 0 0 0 0 0 40 14 0 3 0 0 0 22 
P8331 2015 4 38 27 0 0 0 0 0 0 0 0 0 0 0 4 0 0 33 11 0 0 21 11 0 0 0 42 31 24 53 55 -999 
P8331 2015 5 44 43 30 0 9 16 0 0 0 6 0 0 0 0 0 0 0 0 0 7 0 0 0 0 0 31 34 0 58 23 0 
P8331 2015 6 0 0 0 17 0 0 25 10 0 6 0 0 0 0 0 0 0 6 0 0 0 0 0 0 17 0 0 0 0 0 -999 
P8331 2015 7 0 0 13 0 0 0 0 0 13 0 0 0 0 0 0 0 0 0 0 0 0 0 0 0 0 0 0 0 0 6 0 
P8331 2015 8 0 0 0 0 0 0 0 0 0 0 0 0 0 0 0 0 18 0 20 15 0 0 0 0 0 26 24 0 11 0 0 
P8331 2015 9 0 0 15 0 26 0 0 0 0 0 0 0 13 0 0 11 10 0 0 13 21 0 0 0 21 0 39 0 27 0 -999 
P8331 2015 10 0 0 0 0 14 27 0 31 18 6 0 0 0 0 17 0 0 10 0 0 17 0 0 18 0 0 0 0 1 0 5 
P8331 2015 11 0 0 0 8 0 14 0 0 0 0 10 0 18 36 35 15 0 0 0 33 36 25 0 0 0 0 6 0 0 0 -999 
P8331 2015 12 33 49 38 21 0 0 63 93 47 66 38 38 67 0 0 0 0 0 0 0 0 0 0 0 2 0 0 0 0 0 0 
P8331 2016 1 8 0 0 0 9 14 27 0 10 0 0 40 33 0 0 0 0 0 7 0 0 0 0 0 18 30 36 29 31 36 21 
P8331 2016 2 18 11 20 18 0 5 0 4 0 0 15 0 13 0 0 0 25 0 0 0 0 0 0 0 12 15 0 0 -999 -999 -999 
P8331 2016 3 0 22 26 30 31 33 36 36 77 61 80 89 68 47 0 35 18 0 20 0 21 36 38 35 0 26 41 56 47 38 0 
P8331 2016 4 11 0 0 5 0 0 21 0 23 43 0 73 32 25 52 22 25 13 0 32 0 0 0 0 21 28 40 52 45 0 -999 
P8331 2016 5 0 17 15 14 0 0 17 14 13 0 0 28 26 0 20 0 29 20 0 0 0 0 8 12 0 10 0 19 0 0 26 
P8331 2016 6 0 0 5 0 0 0 0 0 6 0 0 23 0 0 0 17 8 0 0 0 0 6 9 0 19 0 0 0 0 9 -999 
P8331 2016 7 0 0 0 14 0 0 0 0 0 0 0 12 0 0 0 0 0 15 0 14 0 0 0 11 14 0 0 0 0 0 0 
P8331 2016 8 0 0 17 14 0 15 0 0 0 0 0 0 0 0 7 0 0 0 0 0 0 0 0 0 17 0 0 22 0 12 0 
P8331 2016 9 0 18 18 0 0 0 0 0 0 0 0 0 0 0 0 13 0 0 19 0 8 0 0 0 0 0 0 0 0 0 -999 
P8331 2016 10 0 0 0 0 0 11 0 11 0 0 11 17 0 0 0 25 0 54 43 49 35 38 24 0 0 0 0 0 11 0 17 
P8331 2016 11 19 16 15 0 0 0 13 32 13 13 0 0 0 0 0 0 0 61 53 57 43 16 17 0 47 0 17 0 0 36 -999 
P8331 2016 12 0 0 15 6 0 0 0 0 0 0 0 0 66 42 17 5 0 0 0 0 16 0 23 0 0 0 21 23 0 20 24 
P8331 2017 1 0 0 11 0 0 0 10 0 0 0 13 0 30 69 68 17 11 0 0 0 0 5 0 0 0 0 0 0 0 0 0 
P8331 2017 2 0 1 0 0 0 0 0 0 7 0 0 0 0 0 0 0 0 6 0 0 0 0 0 5 0 0 13 0 -999 -999 -999 
P8331 2017 3 6 0 0 0 0 9 6 18 0 45 31 14 38 45 32 0 10 0 0 0 0 0 0 41 0 0 42 45 33 17 0 
P8331 2017 4 10 0 14 0 16 0 11 0 20 34 0 18 15 0 12 12 11 0 0 0 9 0 0 20 0 0 0 0 42 0 -999 
P8331 2017 5 0 8 0 0 16 0 0 0 13 0 0 0 0 0 13 0 0 0 0 21 0 26 13 16 21 8 0 0 0 12 0 
P8331 2017 6 0 0 0 0 0 0 0 0 25 0 0 0 0 16 0 0 0 0 11 0 0 0 0 0 0 0 0 0 0 0 -999 
P8331 2017 7 0 0 0 0 0 0 0 0 0 0 15 0 0 21 0 0 0 0 0 12 0 0 0 6 0 0 0 0 0 0 0 
P8331 2017 8 0 0 0 0 7 12 0 17 0 18 10 0 0 0 7 0 0 0 22 0 0 33 0 0 0 0 0 7 0 0 0 
P8331 2017 9 0 12 0 0 0 0 0 0 0 0 0 0 0 0 0 0 0 7 6 0 4 0 0 0 0 0 0 15 0 0 -999 
P8331 2017 10 0 0 0 0 0 0 0 11 7 0 0 0 0 0 0 38 0 0 0 26 0 0 22 15 0 0 0 75 71 33 0 
P8331 2017 11 0 23 32 37 0 0 11 29 42 18 38 0 92 73 31 0 0 0 0 19 34 38 0 5 0 0 0 0 0 0 -999 
P8331 2017 12 0 0 0 15 0 23 22 0 78 0 40 29 0 0 0 16 9 0 10 9 0 19 0 0 13 13 0 27 42 56 0 
P8331 2018 1 0 15 4 0 0 9 0 15 39 36 0 9 0 0 0 0 0 0 21 16 0 0 25 0 0 39 37 26 24 0 0 
P8331 2018 2 0 12 0 29 0 0 0 0 0 0 7 0 0 0 0 0 3 0 0 14 0 9 0 0 0 3 0 0 -999 -999 -999 
P8331 2018 3 0 10 0 6 12 13 0 10 18 30 47 62 76 57 35 0 19 24 0 12 0 0 0 0 19 21 0 27 34 0 0 
P8331 2018 4 10 0 0 8 0 0 0 0 0 0 0 21 0 6 31 0 8 9 0 13 0 11 0 0 44 68 56 31 20 0 -999 
P8331 2018 5 37 0 0 6 0 0 0 0 28 38 43 29 31 0 0 0 0 0 0 0 33 0 0 0 0 25 28 0 0 0 0 
P8331 2018 6 9 0 11 0 0 0 0 0 0 12 10 0 0 0 0 16 0 0 0 0 0 20 0 0 0 0 0 0 0 0 -999 
P8331 2018 7 0 0 23 21 10 0 21 0 0 0 0 0 0 0 0 0 10 14 0 0 0 0 10 0 0 0 0 0 0 0 0 
P8331 2018 8 0 11 0 10 0 0 0 0 13 0 26 0 0 12 0 0 13 0 0 0 0 0 0 0 0 0 0 0 10 0 0 
P8331 2018 9 0 0 0 0 0 0 0 0 13 0 0 0 0 0 0 0 0 0 0 0 0 0 0 0 0 0 0 0 0 0 -999 
P8331 2018 10 0 0 0 0 0 0 0 0 0 0 0 18 9 0 0 0 0 0 0 0 0 25 11 0 0 15 0 0 4 0 0 
P8331 2018 11 0 0 0 0 0 0 0 78 60 58 40 17 0 0 10 0 2 0 0 28 0 0 12 13 7 0 11 0 0 9 -999 
P8331 2018 12 21 30 0 25 40 29 60 0 0 0 0 31 50 39 27 21 18 12 0 0 0 0 11 13 22 0 26 35 55 73 46 
P8331 2019 1 0 59 82 54 49 51 71 36 0 0 13 0 0 13 25 18 51 0 55 55 41 61 0 10 19 26 71 26 8 21 0 
P8331 2019 2 65 42 32 0 18 22 0 0 0 35 64 30 66 56 0 0 34 91 121 36 16 0 0 0 0 0 0 0 -999 -999 -999 
P8331 2019 3 0 2 0 0 0 0 0 0 0 0 0 0 0 0 0 0 0 0 0 3 0 0 0 0 0 0 0 0 58 30 20 
P8331 2019 4 15 0 0 0 0 31 35 0 41 23 0 32 31 41 0 39 40 0 11 16 0 0 26 50 39 27 30 28 32 38 -999 
P8331 2019 5 34 0 14 0 12 0 0 0 0 0 0 0 24 0 10 0 0 6 15 0 0 3 0 0 0 0 0 0 0 0 0 
P8331 2019 6 0 0 0 0 0 22 0 22 0 0 0 19 0 15 0 0 0 0 0 0 0 0 0 0 0 0 0 16 0 0 -999 
P8331 2019 7 20 0 0 29 0 0 0 0 0 0 0 0 0 0 0 0 0 0 0 0 11 0 0 0 0 0 0 0 0 12 0 
P8331 2019 8 0 9 0 0 0 18 0 0 0 0 0 0 0 6 0 0 0 0 0 0 19 0 0 5 0 0 0 0 0 0 0 
P8331 2019 9 27 0 12 0 0 0 0 0 0 0 8 0 0 0 0 0 0 0 19 0 0 0 19 22 0 0 0 19 0 0 -999 
P8331 2019 10 0 0 0 0 12 0 0 0 0 10 15 40 49 15 0 0 0 0 0 0 0 0 0 0 0 0 0 5 5 0 15 
P8331 2019 11 0 0 0 0 0 16 0 0 0 0 3 0 0 2 0 0 0 0 21 0 111 131 84 0 40 50 0 17 0 54 -999 
P8331 2019 12 48 39 0 0 0 0 0 0 0 1 0 0 0 0 3 0 0 0 0 0 0 0 5 0 0 0 3 0 0 10 13 
P8331 2020 1 0 0 0 0 0 0 0 0 0 0 3 4 17 34 17 10 0 0 5 5 11 0 6 0 14 23 0 43 39 35 29 
P8331 2020 2 27 0 20 21 15 14 23 37 11 0 0 11 0 14 0 0 0 0 0 0 0 0 0 5 0 9 11 0 -999 -999 -999 
P8331 2020 3 0 0 0 0 22 28 0 3 0 0 0 21 0 8 0 7 2 0 0 11 17 0 11 0 24 0 18 0 25 0 30 
P8331 2020 4 0 0 19 16 0 0 0 4 3 0 10 26 0 0 33 58 59 40 34 41 49 32 13 0 0 0 9 0 0 0 -999 
P8331 2020 5 0 0 12 15 0 0 7 7 0 0 0 44 37 0 0 0 15 0 0 12 0 0 0 20 0 8 5 12 0 0 0 
P8331 2020 6 0 13 0 0 15 0 0 0 0 0 0 0 0 10 0 0 0 0 8 0 0 0 0 0 0 13 0 0 0 0 -999 
P8331 2020 7 0 0 14 0 0 0 0 0 0 0 22 0 0 0 0 0 0 0 22 0 0 0 0 0 0 0 15 0 0 0 0 
P8331 2020 8 0 0 8 0 0 0 14 0 0 13 0 0 5 0 0 0 0 0 0 12 0 0 0 0 0 18 0 0 9 0 0 
P8331 2020 9 21 10 0 0 0 0 0 0 0 4 0 0 0 0 10 0 0 0 0 0 8 0 0 0 0 0 0 0 0 0 -999 
P8331 2020 10 0 0 0 21 0 24 33 26 39 0 19 0 0 12 55 45 15 41 24 14 0 0 2 0 0 0 18 13 8 0 0 
P8331 2020 11 43 49 50 51 37 0 7 0 0 0 1 0 0 0 37 0 12 0 28 60 69 46 0 32 59 0 37 82 14 0 -999 
P8331 2020 12 40 35 40 18 27 7 0 20 17 0 0 0 0 0 0 0 0 7 13 0 20 51 66 41 48 0 65 0 16 20 0 
P8331 2021 1 32 53 0 17 27 0 0 33 37 0 0 0 0 0 0 0 12 0 0 9 5 0 0 7 0 0 13 0 0 24 0 
P8331 2021 2 0 0 24 0 0 0 0 0 0 0 0 0 19 12 4 1 0 0 0 8 0 23 16 7 0 0 14 0 -999 -999 -999 
P8331 2021 3 0 0 13 6 5 9 23 24 0 36 26 0 41 8 0 0 0 0 0 0 39 0 0 0 0 0 0 19 0 0 0 
P8331 2021 4 0 0 0 0 0 0 0 22 0 7 0 14 35 0 0 0 0 12 0 16 0 26 0 24 0 16 0 0 25 0 -999 
P8331 2021 5 0 33 28 30 0 10 5 0 0 0 9 0 0 0 0 0 0 0 27 24 0 0 0 23 28 0 12 0 15 15 0 
P8331 2021 6 23 0 0 15 0 0 0 0 13 0 0 0 15 0 10 0 0 0 28 0 0 0 0 0 0 8 0 0 0 0 -999 
P8331 2021 7 12 0 0 0 0 0 0 0 0 10 0 0 0 0 0 0 0 0 11 0 0 0 0 0 0 0 0 0 0 0 9 
P8331 2021 8 0 0 0 23 0 0 0 0 0 0 0 0 0 0 0 0 0 0 0 0 0 14 0 16 13 29 17 0 0 0 0 
P8331 2021 9 14 0 0 0 0 0 9 0 0 0 0 0 0 0 0 0 8 0 0 0 0 0 8 0 0 23 0 18 19 10 -999 
P8331 2021 10 0 0 0 0 0 0 0 0 0 20 13 9 6 3 0 0 0 0 0 0 0 0 0 58 30 18 18 13 0 10 9 
P8331 2021 11 10 0 0 40 51 40 0 0 0 13 14 0 8 0 22 0 29 0 0 6 0 0 6 0 0 34 40 0 65 0 -999 
P8331 2021 12 30 52 0 27 5 2 0 0 0 6 0 0 8 0 0 24 50 55 19 0 0 0 13 0 0 0 0 0 0 16 0 
P8331 2022 1 5 7 0 0 0 11 0 15 0 19 0 0 0 0 25 22 25 13 9 21 37 29 75 43 47 0 0 34 35 0 31 
P8331 2022 2 59 46 18 26 49 32 78 96 54 43 92 69 96 32 67 0 49 47 23 23 77 39 50 0 28 70 67 0 -999 -999 -999 
P8331 2022 3 0 16 14 0 74 76 39 53 31 52 50 44 59 0 0 0 0 0 0 0 0 0 0 0 0 0 0 16 0 0 11 
P8331 2022 4 0 9 0 0 0 0 0 0 27 16 19 19 11 0 30 26 0 0 18 22 0 0 19 0 0 0 0 0 0 0 -999 
P8331 2022 5 0 0 0 7 0 16 0 0 16 51 0 24 30 44 35 0 23 21 0 0 0 0 0 19 0 32 0 0 0 0 10 
P8331 2022 6 0 0 11 25 19 25 31 0 0 0 3 0 0 0 0 0 15 0 0 0 0 0 0 0 0 0 0 0 9 0 -999 
P8331 2022 7 0 0 0 0 0 0 0 0 0 0 0 0 0 0 0 0 0 0 0 0 0 0 0 12 0 0 0 0 0 0 17 
P8331 2022 8 0 0 0 0 0 0 0 0 0 0 17 0 0 0 0 0 0 0 0 0 0 0 0 0 0 5 0 0 0 0 0 
P8331 2022 9 13 0 0 0 5 0 0 0 0 0 10 11 0 0 0 0 0 10 0 10 0 0 0 3 0 0 0 0 0 0 -999 
P8331 2022 10 0 0 0 0 0 0 0 0 13 27 44 0 0 22 32 0 19 0 7 0 0 0 0 0 13 0 0 0 30 48 33 
P8331 2022 11 0 12 0 9 0 4 0 0 0 13 0 14 0 0 0 7 10 0 0 9 0 0 0 0 0 0 8 14 0 0 -999 
P8331 2022 12 19 31 50 0 0 0 0 0 56 33 14 0 10 0 0 0 0 0 0 14 0 28 56 0 0 0 23 41 30 18 10 
P8331 2023 1 12 0 11 0 16 18 5 2 0 0 0 4 2 0 0 0 0 0 5 7 8 12 0 0 1 0 0 0 0 0 0 
P8331 2023 2 0 0 0 0 0 0 0 0 0 0 0 0 0 0 0 0 0 13 0 0 6 0 0 0 24 18 50 24 -999 -999 -999 
P8331 2023 3 0 22 0 0 4 0 0 0 0 0 12 29 44 0 0 0 0 0 0 5 0 0 0 0 0 0 0 0 0 26 0 
P8331 2023 4 0 0 0 0 39 30 21 0 18 0 0 20 58 93 50 19 36 0 0 0 0 0 0 20 59 47 39 46 0 6 -999 
P8331 2023 5 7 0 0 11 9 0 0 0 0 10 0 45 0 14 0 0 30 28 0 28 0 0 0 7 0 3 0 0 9 0 0 
P8331 2023 6 0 0 31 20 0 0 0 0 0 0 0 0 0 0 0 0 0 0 0 0 0 0 0 0 0 0 0 0 0 0 -999 
P8331 2023 7 0 0 0 0 0 0 0 0 0 0 0 0 0 0 0 0 0 12 0 0 0 0 0 0 0 0 0 0 0 0 10 
P8331 2023 8 0 0 0 0 0 0 0 0 0 0 0 0 0 0 0 11 0 0 0 13 0 0 0 0 0 0 0 0 0 0 0 
P8331 2023 9 0 0 0 0 0 0 15 20 0 12 0 0 0 0 0 0 14 0 0 0 9 12 0 0 0 13 22 0 18 9 -999 
P8331 2023 10 0 0 0 0 9 8 0 0 0 15 13 0 0 21 0 27 0 0 0 0 0 0 12 0 0 0 20 5 8 14 54 
P8331 2023 11 0 0 0 0 0 5 9 0 0 25 21 13 0 0 0 0 2 0 0 0 0 0 0 0 0 11 0 0 0 3 -999 
P8331 2023 12 0 0 0 0 1 0 0 8 0 0 0 5 0 0 0 0 6 14 12 5 0 0 0 0 0 0 0 0 0 0 0 
P8331 2024 1 0 0 0 27 0 0 48 45 51 26 0 0 0 25 0 0 0 25 0 1 0 7 0 0 0 0 9 7 0 11 0 
P8331 2024 2 58 59 67 32 0 0 0 0 7 0 0 0 0 0 11 23 13 0 0 0 0 32 35 66 40 33 10 0 -999 -999 -999 
P8331 2024 3 22 38 26 41 27 40 0 0 0 0 10 0 0 0 0 0 0 22 0 10 9 0 12 38 71 90 0 28 0 0 15 
P8331 2024 4 25 0 50 33 18 0 8 5 0 0 0 0 0 0 0 0 4 0 0 17 21 0 0 0 0 10 0 19 0 0 -999 
P8331 2024 5 0 0 0 0 0 0 11 0 15 41 0 10 0 0 15 0 0 10 0 20 0 0 0 0 0 17 0 0 0 13 0 
P8331 2024 6 0 0 0 0 0 0 0 12 0 0 0 0 0 0 0 0 0 0 22 0 0 0 17 0 0 0 0 11 0 0 -999 
P8331 2024 7 0 0 0 0 0 0 0 0 0 0 0 0 0 0 0 0 0 0 0 0 0 0 0 0 0 14 12 0 0 9 0 
P8331 2024 8 0 0 0 9 0 0 0 22 0 0 11 0 0 0 0 0 0 0 0 0 9 0 0 0 0 0 0 11 0 0 0 
P8331 2024 9 0 0 0 0 0 0 19 0 8 0 0 0 17 0 0 0 0 0 0 0 0 0 0 0 0 0 0 0 0 0 -999 
P8331 2024 10 0 0 0 0 0 0 7 0 0 0 0 19 5 18 0 0 24 0 17 0 0 0 0 23 0 17 0 0 0 0 11 
P8331 2024 11 16 27 20 0 0 14 0 0 0 0 0 20 0 33 0 0 0 0 12 0 0 0 0 0 0 0 6 4 0 0 -999 
P8331 2024 12 0 0 0 0 19 0 0 0 0 0 2 8 0 0 0 0 0 5 0 0 0 0 5 0 0 28 28 8 0 0 0 
P8331 2025 1 0 0 0 0 0 0 0 8 11 15 0 10 9 0 7 8 11 0 0 0 14 17 25 35 44 35 28 0 8 0 0 
P8331 2025 2 0 10 8 9 20 0 0 30 37 0 26 25 23 21 24 23 35 0 0 0 27 0 34 0 0 0 0 0 -999 -999 -999 
P8331 2025 3 0 27 31 31 43 47 98 42 0 6 3 0 0 0 0 0 0 0 44 55 51 78 0 100 70 23 37 0 4 0 0 
P8331 2025 4 32 11 10 8 0 2 0 0 7 0 0 0 0 0 0 0 12 8 0 0 0 0 0 8 0 0 0 0 27 45 -999 
P8331 2025 5 0 0 28 0 0 0 0 0 0 21 23 0 0 0 0 0 24 29 9 9 0 0 0 0 0 14 0 0 0 0 0 
P8331 2025 6 0 3 0 0 0 14 12 0 0 0 0 11 0 0 0 0 0 7 10 0 0 0 0 0 0 0 13 0 0 0 -999 
P8331 2025 7 0 0 0 0 0 0 0 0 0 0 0 0 0 0 0 0 0 0 0 0 12 0 0 17 0 0 0 0 0 0 0 
P8331 2025 8 0 0 0 0 0 0 0 0 0 0 0 0 0 0 0 0 0 0 0 0 0 18 0 0 7 0 0 0 0 0 0 
P8331 2025 9 0 0 0 0 13 0 0 0 0 0 0 0 0 0 0 9 0 0 0 9 0 0 0 0 0 0 0 0 0 0 -999 
P8331 2025 10 0 0 7 0 11 0 15 0 25 11 0 0 13 0 0 0 0 13 10 0 0 7 0 16 29 45 46 0 39 9 0 
P8331 2025 11 0 0 0 0 0 0 0 0 0 0 0 2 0 0 0 0 12 0 11 0 0 8 0 0 0 0 2 0 0 0 -999 
P8331 2025 12 0 0 0 0 0 0 0 0 0 0 0 0 9 0 0 0 0 0 0 11 21 16 16 0 0 17 9 0 12 21 21 
P8331 2026 1 12 14 0 0 0 22 0 3 5 0 0 51 108 14 7 0 67 74 0 0 0 0 6 0 0 0 0 0 0 0 0 
P8331 2026 2 0 0 0 39 16 0 19 0 0 8 21 0 0 0 0 0 0 0 50 92 50 45 0 26 0 0 0 0 -999 -999 -999 
P8331 2026 3 0 0 0 0 0 0 0 0 0 0 0 0 0 0 0 0 0 0 21 29 36 60 0 0 0 0 0 0 0 3 0 
P8331 2026 4 0 7 0 0 0 0 32 31 0 43 78 54 46 30 0 8 0 0 0 0 0 16 0 7 11 21 0 45 0 40 -999 
P8331 2026 5 31 0 0 5 0 0 0 21 0 0 0 5 0 0 0 0 0 0 0 0 16 0 10 28 0 0 0 23 0 0 13 
P8331 2026 6 0 10 0 0 0 0 0 0 0 0 0 0 0 0 0 0 0 0 0 0 0 0 0 0 0 0 0 0 0 22 -999 
P8331 2026 7 0 0 0 0 0 0 0 0 21 0 0 0 0 0 0 0 0 0 0 0 0 0 0 0 0 0 0 0 0 0 0 
P8331 2026 8 0 10 0 0 8 0 0 0 0 0 0 0 0 0 0 0 0 0 0 0 0 0 0 0 0 9 0 0 0 0 13 
P8331 2026 9 0 0 0 0 0 0 0 0 12 0 12 0 0 0 0 0 0 9 0 0 20 16 0 0 10 0 0 0 17 0 -999 
P8331 2026 10 0 11 0 0 0 0 25 0 0 0 0 31 0 0 36 35 16 0 0 0 0 0 55 30 0 19 11 0 0 0 47 
P8331 2026 11 0 15 14 0 0 0 0 9 20 0 0 0 0 0 12 9 15 0 0 0 0 0 0 0 8 0 4 0 27 9 -999 
P8331 2026 12 6 10 0 0 0 0 0 0 0 43 26 12 10 0 48 29 52 47 30 37 8 0 0 0 0 0 0 0 0 25 15 
P8331 2027 1 11 0 28 56 0 33 0 50 29 0 0 9 4 0 0 0 15 0 31 45 26 0 6 0 0 0 0 9 0 4 0 
P8331 2027 2 0 0 0 0 0 0 0 0 0 0 0 0 43 71 45 111 75 74 61 13 0 17 54 0 49 43 26 26 -999 -999 -999 
P8331 2027 3 0 46 0 29 0 0 0 0 0 0 0 0 10 0 27 33 30 0 0 0 18 23 21 24 0 28 49 58 0 11 0 
P8331 2027 4 0 0 42 56 35 14 27 0 0 0 0 14 0 0 32 0 46 50 32 31 67 35 20 21 23 21 10 5 0 0 -999 
P8331 2027 5 18 0 0 0 31 0 0 0 15 15 0 0 10 0 0 0 19 0 0 0 0 0 21 0 0 34 23 0 14 16 0 
P8331 2027 6 0 11 0 0 0 0 0 0 0 0 0 0 16 0 0 0 0 0 0 0 0 0 0 0 0 0 0 0 0 0 -999 
P8331 2027 7 0 0 0 0 0 0 0 0 0 0 0 0 0 0 0 0 0 0 0 0 0 0 0 0 0 13 17 0 0 6 9 
P8331 2027 8 0 0 0 0 20 0 0 0 0 0 0 0 0 0 0 0 9 0 0 0 0 0 0 0 0 0 0 0 0 0 0 
P8331 2027 9 0 0 17 0 15 0 0 11 0 0 0 12 0 0 0 14 0 0 0 0 0 8 0 0 6 0 0 0 0 0 -999 
P8331 2027 10 0 0 0 0 0 0 8 0 0 0 0 0 6 0 10 10 0 0 0 8 0 0 12 0 0 0 0 0 15 0 0 
P8331 2027 11 19 42 95 75 26 0 23 0 0 0 0 0 30 62 0 19 0 13 0 3 0 0 29 47 51 39 43 40 56 89 -999 
P8331 2027 12 26 33 83 0 0 52 80 67 36 0 37 17 0 0 18 16 0 10 0 13 13 0 0 7 0 0 4 0 0 0 0 
P8331 2028 1 0 22 15 0 0 0 14 13 0 62 0 20 0 0 52 12 0 5 0 0 0 0 0 0 0 0 0 0 0 0 0 
P8331 2028 2 0 0 0 12 0 0 0 0 0 0 0 0 0 0 0 0 0 0 0 0 11 0 0 0 0 0 39 34 -999 -999 -999 
P8331 2028 3 0 34 34 28 0 4 5 0 14 19 16 0 17 20 0 27 0 13 13 0 0 0 17 0 0 0 0 4 0 0 0 
P8331 2028 4 10 14 18 0 19 0 23 40 26 32 32 21 14 0 0 0 0 8 10 0 16 0 0 0 0 0 0 0 28 33 -999 
P8331 2028 5 0 29 16 0 0 0 11 0 0 0 0 0 0 9 0 0 0 0 0 15 0 6 0 40 0 0 0 0 14 13 0 
P8331 2028 6 18 18 0 0 0 0 0 0 0 0 12 0 0 0 0 0 0 12 8 0 0 0 18 0 0 0 0 0 0 0 -999 
P8331 2028 7 0 0 0 0 0 17 13 0 18 0 0 0 21 0 0 0 0 0 0 0 0 0 0 0 0 0 0 0 0 0 0 
P8331 2028 8 0 0 0 0 0 0 0 0 0 0 0 33 22 0 0 0 0 0 0 0 0 0 0 0 0 0 0 0 0 0 17 
P8331 2028 9 0 0 0 0 20 17 14 0 0 0 0 0 0 0 0 0 0 0 0 0 0 0 0 17 0 0 9 8 0 0 -999 
P8331 2028 10 0 0 0 0 0 0 17 0 12 13 21 0 0 7 0 0 0 31 39 44 28 0 0 0 8 0 0 6 6 0 0 
P8331 2028 11 23 20 0 16 24 0 33 53 27 35 0 8 0 0 35 33 0 0 0 0 0 0 0 0 0 0 0 0 0 0 -999 
P8331 2028 12 0 0 12 0 0 0 0 0 5 0 0 0 2 0 7 6 0 0 19 38 69 18 46 38 0 0 0 0 0 8 0 
P8331 2029 1 5 17 39 0 0 38 96 48 0 0 0 0 14 18 0 48 21 0 0 26 0 0 0 0 21 54 72 54 30 0 0 
P8331 2029 2 0 18 0 0 0 0 0 0 0 14 0 8 0 0 0 0 0 0 0 0 16 0 0 0 0 0 25 0 -999 -999 -999 
P8331 2029 3 0 2 0 0 0 0 0 0 8 0 0 0 0 0 0 17 24 21 23 37 0 31 47 49 22 5 0 4 0 6 0 
P8331 2029 4 0 0 0 0 0 19 0 0 0 14 17 0 26 0 12 11 0 0 0 0 11 0 8 0 16 0 0 0 0 0 -999 
P8331 2029 5 0 0 37 34 20 0 0 0 0 0 0 0 4 0 0 0 0 0 0 0 0 0 20 0 0 6 0 0 0 0 0 
P8331 2029 6 0 15 25 26 0 0 0 0 9 0 0 0 0 0 15 0 0 18 0 19 0 16 0 0 13 0 14 0 0 8 -999 
P8331 2029 7 0 0 0 0 0 0 0 0 0 0 0 0 0 0 0 0 0 0 0 0 9 0 0 0 0 0 0 0 0 0 0 
P8331 2029 8 0 0 0 0 0 0 0 0 0 0 0 0 0 12 0 0 19 0 0 0 0 0 0 0 0 0 0 0 0 0 12 
P8331 2029 9 0 0 27 13 0 0 9 0 0 0 0 0 0 0 0 0 0 0 18 0 15 23 0 0 0 22 0 0 56 54 -999 
P8331 2029 10 60 0 0 0 0 0 0 0 0 0 0 0 0 0 0 0 0 0 0 0 0 16 15 0 0 0 0 0 0 0 23 
P8331 2029 11 0 0 33 56 28 36 28 0 60 41 17 0 5 0 0 0 0 0 0 24 0 0 0 30 0 0 0 23 34 0 -999 
P8331 2029 12 0 0 33 0 15 0 5 0 0 0 0 0 6 0 3 0 0 0 0 0 5 0 0 0 0 0 7 0 9 0 51 
P8331 2030 1 58 0 0 0 24 0 52 19 20 0 0 21 15 7 0 0 0 3 0 6 10 6 0 0 0 25 0 19 53 55 60 
P8331 2030 2 91 46 0 0 0 0 0 38 0 39 44 28 0 0 0 0 0 0 0 0 17 0 13 0 14 0 0 0 -999 -999 -999 
P8331 2030 3 0 14 15 0 0 0 56 25 0 0 30 0 17 0 0 13 11 11 18 0 0 0 43 0 0 0 0 0 0 0 0 
P8331 2030 4 0 0 0 0 0 0 20 0 10 0 18 0 0 58 68 61 49 118 0 0 34 44 43 0 0 33 34 0 0 0 -999 
P8331 2030 5 0 4 0 0 0 0 9 8 0 11 13 16 30 0 23 0 20 0 0 0 0 0 0 3 0 0 0 0 0 0 0 
P8331 2030 6 0 0 0 0 0 0 25 15 13 0 0 0 0 0 0 9 0 0 0 0 0 16 7 0 0 0 17 0 0 0 -999 
P8331 2030 7 0 0 7 0 0 0 0 0 0 0 0 0 0 17 0 0 14 0 0 0 0 0 0 0 0 0 0 0 0 0 0 
P8331 2030 8 0 0 0 0 0 0 0 0 0 0 14 0 0 0 8 0 0 0 0 0 0 0 0 0 0 0 0 9 8 0 0 
P8331 2030 9 10 0 0 7 0 0 0 16 0 0 5 0 0 0 0 0 0 0 0 16 0 0 0 13 0 0 10 0 6 0 -999 
P8331 2030 10 0 0 0 0 0 0 8 0 0 44 0 0 0 0 0 0 0 18 0 0 0 0 0 0 0 0 8 9 11 0 20 
P8331 2030 11 21 14 0 39 66 62 30 10 18 18 15 0 0 0 0 0 17 0 25 0 0 0 0 0 8 0 0 0 0 37 -999 
P8331 2030 12 74 41 29 31 51 56 50 0 39 0 0 0 19 0 21 0 10 0 0 0 0 0 0 13 12 0 0 1 1 6 0 
P8331 2031 1 0 0 0 0 0 10 0 0 0 0 9 0 29 90 55 25 0 0 30 20 0 16 0 46 40 19 16 17 32 33 36 
P8331 2031 2 25 0 12 23 0 29 30 12 18 33 32 20 0 0 0 2 0 0 0 0 0 39 15 0 0 0 0 0 -999 -999 -999 
P8331 2031 3 24 27 17 0 14 22 31 16 15 0 28 28 30 51 51 33 0 0 0 0 0 32 31 29 30 34 0 42 32 27 25 
P8331 2031 4 26 29 19 24 0 52 0 0 7 0 0 0 0 0 0 0 0 0 0 15 0 0 0 31 28 29 29 21 0 18 -999 
P8331 2031 5 0 0 0 8 17 0 33 46 26 0 23 0 0 24 17 0 0 0 0 0 0 0 7 0 0 0 0 0 0 0 0 
P8331 2031 6 0 0 0 0 0 20 8 0 0 0 0 0 0 0 0 0 0 0 17 17 17 20 0 7 0 0 0 0 0 0 -999 
P8331 2031 7 0 0 0 0 0 0 0 13 20 0 0 0 0 12 0 0 0 0 0 0 0 0 15 0 0 0 0 0 0 6 8 
P8331 2031 8 0 0 0 0 0 0 0 0 0 0 0 0 0 0 0 13 0 0 0 26 22 0 0 0 9 0 0 0 0 0 0 
P8331 2031 9 0 8 0 0 0 0 0 0 0 0 36 43 0 0 0 0 0 11 17 0 0 0 7 0 0 0 0 17 0 0 -999 
P8331 2031 10 0 0 0 0 8 0 7 0 0 0 0 0 0 0 30 0 0 0 9 21 0 16 20 0 30 0 0 50 28 29 32 
P8331 2031 11 24 24 13 17 24 0 0 0 0 18 0 18 35 28 0 65 0 9 10 0 4 0 0 0 0 0 21 33 0 34 -999 
P8331 2031 12 37 81 74 82 41 0 22 0 4 0 0 0 0 0 11 5 0 0 0 8 6 0 5 12 15 13 15 0 6 16 33 
P8331 2032 1 45 58 32 0 17 74 49 30 90 0 0 0 0 0 0 0 0 37 49 0 0 2 0 0 0 0 16 24 22 0 27 
P8331 2032 2 47 54 0 0 0 15 0 0 0 0 0 0 0 0 0 0 7 0 0 0 0 0 0 0 0 0 0 7 -999 -999 -999 
P8331 2032 3 0 18 0 0 0 0 0 0 14 12 0 0 0 0 0 0 0 0 0 10 0 0 14 16 0 0 0 15 7 10 20 
P8331 2032 4 0 12 44 0 49 42 41 35 34 0 14 18 18 19 0 0 0 0 27 17 56 71 79 33 0 13 7 13 32 0 -999 
P8331 2032 5 19 0 0 24 30 0 0 0 27 0 22 37 21 0 9 18 0 40 0 16 0 0 0 0 0 0 0 8 0 0 0 
P8331 2032 6 0 0 0 15 0 0 31 0 0 0 0 0 0 0 0 0 10 0 0 0 6 0 0 0 0 0 0 22 13 0 -999 
P8331 2032 7 16 0 0 0 13 18 0 0 0 0 0 0 0 0 0 0 0 0 0 0 0 0 11 0 0 0 0 0 0 0 0 
P8331 2032 8 0 13 0 0 0 0 0 11 0 0 0 23 0 0 0 0 19 0 21 0 0 0 0 0 0 0 0 0 0 0 0 
P8331 2032 9 0 0 0 0 0 0 0 0 0 0 0 0 0 0 0 0 10 0 12 0 0 0 0 0 0 0 0 0 0 13 -999 
P8331 2032 10 0 7 0 0 0 6 0 0 0 18 0 22 16 20 30 0 17 0 38 52 50 66 24 0 0 0 0 0 0 0 11 
P8331 2032 11 0 0 0 0 0 43 39 38 0 12 0 0 46 0 0 20 22 0 0 0 0 0 20 35 15 22 28 0 25 13 -999 
P8331 2032 12 0 0 0 0 0 30 0 13 20 0 34 14 0 0 0 0 0 6 0 0 0 0 1 0 4 2 0 0 20 13 0 
P8331 2033 1 63 22 11 0 0 18 32 0 0 0 0 3 0 0 3 0 0 0 0 0 0 0 0 4 0 5 0 0 0 0 2 
P8331 2033 2 1 0 0 0 0 0 0 18 0 0 0 0 10 0 32 68 82 57 43 61 62 66 43 27 38 21 34 14 -999 -999 -999 
P8331 2033 3 0 0 0 11 8 0 0 13 14 18 13 0 26 34 37 18 20 27 38 61 46 0 36 36 49 0 0 0 0 0 0 
P8331 2033 4 51 27 13 22 31 37 13 13 17 17 0 0 0 0 0 0 27 46 35 0 46 0 0 17 43 24 0 0 0 0 -999 
P8331 2033 5 0 0 0 0 0 0 0 0 0 26 0 0 9 0 0 0 28 0 0 0 28 23 23 0 23 0 0 0 0 0 0 
P8331 2033 6 17 21 19 24 0 0 0 0 0 0 15 0 15 0 0 0 0 0 0 0 0 0 0 0 0 0 0 0 0 0 -999 
P8331 2033 7 0 0 0 0 0 0 0 0 0 0 19 0 0 0 0 0 0 0 10 0 24 0 0 9 0 0 0 0 0 17 0 
P8331 2033 8 0 0 0 0 0 0 0 0 30 15 0 0 0 0 0 0 0 0 0 0 0 0 10 0 0 0 0 0 0 0 0 
P8331 2033 9 0 0 0 0 0 15 25 0 0 0 0 0 0 0 0 0 0 10 0 0 0 0 0 0 0 0 0 9 0 0 -999 
P8331 2033 10 0 0 0 0 6 0 0 9 0 0 0 11 0 0 21 25 0 23 56 0 10 10 0 0 31 0 20 7 7 29 47 
P8331 2033 11 40 24 50 94 32 63 80 98 20 0 0 0 0 0 74 67 0 13 11 0 0 0 0 0 0 0 0 0 0 0 -999 
P8331 2033 12 0 22 44 40 11 19 51 0 27 13 13 0 0 0 0 0 0 0 0 0 0 0 10 11 9 0 0 0 19 10 11 
P8331 2034 1 0 0 2 0 0 0 0 0 0 1 0 0 0 17 0 6 0 0 5 0 12 11 0 23 0 42 0 0 0 0 0 
P8331 2034 2 0 0 0 0 0 0 0 35 0 28 58 32 10 9 0 4 5 19 59 33 0 0 35 0 0 0 0 0 -999 -999 -999 
P8331 2034 3 0 0 0 0 11 0 0 9 12 16 16 0 0 0 0 0 0 0 0 0 0 14 0 9 0 22 30 23 31 32 0 
P8331 2034 4 0 24 27 54 60 48 9 0 23 20 0 0 19 24 29 34 0 24 0 0 0 49 47 0 9 0 0 0 0 0 -999 
P8331 2034 5 0 0 4 0 0 9 0 7 0 8 0 7 12 0 32 0 0 0 13 0 0 0 20 0 0 0 0 32 0 0 0 
P8331 2034 6 20 33 0 0 0 13 0 0 14 13 0 0 0 0 0 0 0 35 18 0 0 0 0 0 0 13 10 0 0 0 -999 
P8331 2034 7 0 0 0 0 0 0 0 0 0 0 0 12 0 0 0 0 0 0 6 0 0 0 0 0 0 0 0 0 0 0 0 
P8331 2034 8 0 0 0 0 0 0 0 0 0 0 0 0 0 0 0 26 20 0 0 0 6 0 0 0 0 0 0 0 0 0 12 
P8331 2034 9 8 0 0 0 0 0 0 0 0 0 13 9 9 0 0 0 0 0 0 0 0 9 0 0 3 4 0 0 12 0 -999 
P8331 2034 10 0 0 0 0 0 0 0 0 0 3 0 18 15 0 19 33 0 12 0 0 0 19 0 12 0 0 0 14 15 15 0 
P8331 2034 11 0 0 0 0 25 18 0 0 8 0 0 0 11 0 12 0 0 0 0 0 0 0 11 0 0 24 28 0 0 0 -999 
P8331 2034 12 0 0 33 11 4 0 0 3 0 5 0 0 0 0 0 15 13 0 0 0 0 0 0 45 60 58 85 8 0 26 21 
P8331 2035 1 0 0 28 37 23 23 0 8 0 0 0 0 0 0 0 0 0 0 0 18 14 0 6 0 0 0 0 24 13 10 0 
P8331 2035 2 0 0 0 0 0 0 0 0 0 0 0 0 0 0 3 0 0 0 13 16 12 0 0 0 0 0 40 0 -999 -999 -999 
P8331 2035 3 18 37 0 0 0 0 0 0 0 0 0 16 21 35 0 9 26 17 16 6 0 0 0 0 0 0 0 0 48 21 27 
P8331 2035 4 0 0 28 26 32 39 20 0 0 0 0 0 20 0 0 33 30 0 19 0 38 27 27 0 0 10 17 25 39 35 -999 
P8331 2035 5 0 36 0 0 0 0 35 0 23 0 0 0 0 6 0 0 0 0 0 0 14 0 0 0 0 0 0 0 0 0 9 
P8331 2035 6 0 0 0 31 0 0 0 0 4 0 0 0 0 0 0 0 0 0 0 0 0 8 0 0 0 0 0 0 0 0 -999 
P8331 2035 7 0 0 0 0 5 0 0 0 23 0 0 0 0 0 0 0 0 11 0 0 0 0 0 0 0 0 0 0 0 0 0 
P8331 2035 8 0 0 0 0 0 0 0 12 0 0 0 0 0 9 0 0 0 0 0 0 0 0 0 0 0 0 0 17 39 33 23 
P8331 2035 9 0 0 0 0 10 0 0 0 0 0 0 0 11 0 0 0 0 0 0 12 0 0 0 0 0 0 15 17 21 20 -999 
P8331 2035 10 20 15 0 0 4 0 0 0 0 0 40 29 25 0 0 0 11 0 20 30 36 29 17 0 12 0 15 10 0 7 11 
P8331 2035 11 9 0 33 17 7 0 0 0 0 0 0 0 0 6 0 0 0 0 0 0 0 6 0 3 7 0 5 0 0 0 -999 
P8331 2035 12 0 0 0 0 0 0 0 12 0 0 0 0 12 26 63 58 18 25 0 13 0 0 0 0 23 0 27 13 0 0 0 
P8331 2036 1 0 52 0 0 31 0 52 32 56 79 47 0 38 0 11 0 0 0 23 41 19 0 0 0 0 0 10 0 0 0 0 
P8331 2036 2 0 0 31 0 0 0 0 0 0 0 0 0 0 11 0 0 7 0 0 0 19 0 0 0 0 12 0 22 -999 -999 -999 
P8331 2036 3 64 67 0 18 0 11 0 0 0 0 0 25 0 0 37 23 15 19 0 25 15 0 0 29 64 49 53 0 0 0 19 
P8331 2036 4 73 38 0 0 22 31 0 14 17 0 27 0 0 0 0 0 0 0 0 0 0 0 0 13 0 17 0 4 0 0 -999 
P8331 2036 5 0 0 0 0 26 21 12 11 16 0 0 0 0 18 12 0 46 0 0 21 45 43 30 13 0 0 6 0 0 0 0 
P8331 2036 6 0 0 0 0 0 0 0 0 19 0 35 0 23 0 0 0 14 0 0 0 0 0 16 0 0 0 0 0 0 0 -999 
P8331 2036 7 0 15 0 0 8 0 11 0 0 0 16 0 0 15 20 14 0 0 0 0 0 0 0 0 0 0 0 10 0 0 0 
P8331 2036 8 0 0 0 0 0 0 0 0 0 0 0 0 0 0 0 0 9 0 0 0 0 0 10 0 0 0 0 0 6 0 0 
P8331 2036 9 0 0 0 0 0 0 10 0 0 0 0 0 0 0 0 4 0 0 0 0 0 0 0 0 0 0 0 9 0 0 -999 
P8331 2036 10 0 20 0 0 0 32 44 8 21 45 0 0 0 34 45 20 0 16 17 0 0 0 0 12 0 0 5 0 0 0 4 
P8331 2036 11 0 0 5 8 0 21 33 27 24 0 0 8 8 7 0 11 0 4 0 0 0 5 0 0 0 28 0 0 0 0 -999 
P8331 2036 12 0 0 7 0 5 0 3 5 0 7 6 0 0 0 0 7 6 0 0 0 0 0 10 0 0 16 29 0 0 56 76 
P8331 2037 1 36 38 0 21 12 40 0 0 29 0 9 0 16 0 0 50 79 0 72 60 24 11 0 4 1 0 0 0 0 0 0 
P8331 2037 2 0 0 0 0 10 9 0 10 0 10 0 20 0 14 0 18 13 0 46 27 13 9 11 0 9 0 0 18 -999 -999 -999 
P8331 2037 3 0 19 35 44 54 26 0 46 0 0 13 14 0 3 0 0 17 28 23 0 19 52 53 74 34 90 50 44 43 14 0 
P8331 2037 4 6 0 0 0 0 20 0 0 0 0 0 0 33 41 32 24 19 0 9 10 0 12 38 43 38 41 36 28 0 0 -999 
P8331 2037 5 13 0 18 0 0 43 37 0 13 9 0 0 0 7 0 0 0 0 0 0 0 0 9 11 0 0 0 0 0 0 0 
P8331 2037 6 0 24 0 0 0 0 0 25 17 0 11 0 0 0 11 0 20 22 0 0 11 0 0 0 0 0 0 0 0 0 -999 
P8331 2037 7 0 0 0 0 16 0 0 0 0 0 0 0 0 0 0 0 0 5 0 0 0 0 0 0 0 0 0 22 12 0 0 
P8331 2037 8 0 0 0 0 0 0 0 0 0 0 0 0 0 0 0 0 0 12 15 0 0 0 0 0 0 0 0 0 0 0 0 
P8331 2037 9 0 0 0 0 0 0 0 0 0 0 0 0 0 14 12 9 13 0 0 7 3 0 0 0 0 0 18 12 0 0 -999 
P8331 2037 10 11 12 9 0 0 23 10 17 0 0 0 0 0 0 0 0 0 3 0 0 0 0 0 27 15 0 0 0 0 4 10 
P8331 2037 11 0 37 0 0 0 0 11 0 12 0 3 0 9 17 0 28 34 16 0 4 5 0 0 14 0 18 20 0 18 0 -999 
P8331 2037 12 14 17 0 59 0 107 63 0 0 0 0 0 10 7 0 0 0 0 15 28 13 7 11 12 0 0 3 0 0 0 0 
P8331 2038 1 0 0 0 1 0 0 0 0 0 11 19 0 47 21 12 0 0 0 6 0 17 15 0 16 11 13 0 0 10 0 28 
P8331 2038 2 13 8 0 18 25 0 12 0 0 0 0 0 0 0 4 0 0 0 0 0 0 0 0 12 35 33 17 8 -999 -999 -999 
P8331 2038 3 7 0 14 0 25 22 21 0 14 0 16 0 23 25 29 34 49 0 9 0 0 0 0 29 0 42 0 0 0 0 0 
P8331 2038 4 0 32 34 34 0 8 14 32 25 16 0 0 0 0 0 22 0 14 0 0 0 51 16 4 0 15 0 17 0 22 -999 
P8331 2038 5 35 0 0 0 0 0 0 0 0 0 0 0 0 17 0 21 19 0 0 0 0 9 0 0 0 12 0 0 0 0 0 
P8331 2038 6 0 15 0 9 13 0 0 20 0 0 30 0 0 0 0 0 0 0 0 0 0 0 0 0 0 0 0 15 0 0 -999 
P8331 2038 7 0 23 0 0 0 0 0 0 0 0 0 12 0 0 0 0 0 0 0 0 0 0 0 0 0 0 0 0 0 0 0 
P8331 2038 8 0 0 0 0 0 0 0 0 9 0 0 10 0 18 0 0 22 0 0 6 0 0 0 0 0 0 11 0 0 12 0 
P8331 2038 9 13 18 0 0 0 0 0 0 11 0 0 0 0 9 0 0 0 0 0 0 17 0 0 0 0 0 0 0 0 0 -999 
P8331 2038 10 0 0 4 0 0 10 0 0 6 12 13 0 14 0 11 0 11 0 22 0 19 30 38 0 0 0 0 23 16 0 17 
P8331 2038 11 22 0 22 24 45 62 0 18 12 14 26 68 33 7 0 33 0 0 34 0 0 0 0 0 9 0 0 0 62 32 -999 
P8331 2038 12 0 0 11 0 0 0 0 0 12 14 0 0 2 0 0 0 0 0 0 0 12 0 0 17 32 19 0 31 36 48 49 
P8331 2039 1 30 0 0 25 61 22 13 0 0 6 17 41 50 0 0 44 63 0 87 85 0 0 18 32 82 126 102 101 0 0 0 
P8331 2039 2 5 0 0 0 0 0 0 0 0 0 17 0 0 20 39 19 0 16 0 0 41 60 61 39 18 36 33 25 -999 -999 -999 
P8331 2039 3 0 0 5 0 37 24 16 0 0 0 21 20 32 0 0 22 21 0 28 50 46 0 0 0 0 16 11 0 0 0 0 
P8331 2039 4 0 0 0 0 0 0 0 9 0 0 11 0 10 0 0 0 12 0 0 0 11 0 0 0 0 0 0 0 0 29 -999 
P8331 2039 5 38 0 21 25 0 17 0 0 24 58 50 36 9 14 0 0 29 0 0 15 23 0 0 0 25 25 0 0 0 0 0 
P8331 2039 6 13 15 0 0 0 14 15 26 37 0 0 0 0 0 8 0 0 27 0 0 0 0 0 16 0 0 0 0 0 0 -999 
P8331 2039 7 0 0 0 0 18 0 11 0 0 0 0 0 0 0 0 0 0 0 0 0 0 0 0 0 0 0 0 0 0 0 0 
P8331 2039 8 11 0 0 0 0 0 0 0 8 0 0 11 0 0 0 0 0 0 0 0 0 0 3 0 0 0 0 0 0 17 0 
P8331 2039 9 0 0 11 0 15 12 0 0 0 0 0 0 0 0 0 0 0 0 22 0 0 0 0 12 0 7 9 19 0 0 -999 
P8331 2039 10 28 0 0 0 0 0 0 0 0 0 19 16 0 0 0 0 0 10 21 46 0 40 37 60 61 0 9 22 29 13 23 
P8331 2039 11 44 37 0 0 0 0 5 0 0 0 0 0 0 4 0 26 12 0 8 0 0 0 0 0 0 0 0 41 37 24 -999 
P8331 2039 12 27 0 0 7 11 0 0 0 0 0 0 0 14 24 32 21 44 116 47 0 0 6 0 0 0 10 0 17 0 6 0 
P8331 2040 1 5 0 0 0 0 0 0 0 0 0 9 14 0 5 12 18 21 0 0 36 0 6 0 14 0 0 8 8 0 0 53 
P8331 2040 2 41 0 36 0 50 0 0 4 0 0 20 24 21 50 92 75 33 79 77 103 34 22 0 48 0 27 17 40 -999 -999 -999 
P8331 2040 3 0 0 0 34 0 0 21 24 18 0 0 0 0 0 7 0 0 11 0 0 0 0 0 13 0 0 0 0 0 0 19 
P8331 2040 4 30 34 0 34 43 42 24 26 0 0 15 7 0 29 47 25 14 0 0 0 0 12 0 0 0 30 17 0 8 0 -999 
P8331 2040 5 0 0 0 0 18 0 0 9 0 0 0 0 0 0 33 0 9 0 0 0 0 0 0 26 20 0 0 0 0 0 0 
P8331 2040 6 0 20 0 0 0 0 0 0 0 30 0 0 24 0 11 0 9 0 0 27 0 0 0 0 0 0 0 11 0 0 -999 
P8331 2040 7 0 11 0 0 0 0 0 0 0 0 17 0 0 0 0 0 0 0 0 0 0 0 0 0 0 0 0 0 0 0 0 
P8331 2040 8 0 0 0 0 0 0 0 0 0 0 0 0 0 31 0 13 13 0 0 0 0 0 0 0 0 0 0 0 0 0 13 
P8331 2040 9 0 18 0 0 0 0 0 0 0 0 0 18 0 20 33 27 15 0 0 0 0 13 0 0 0 0 0 0 0 0 -999 
P8331 2040 10 0 0 0 0 17 0 0 30 0 0 16 0 22 0 9 23 45 72 37 0 0 0 14 20 0 0 0 0 0 0 0 
P8331 2040 11 0 10 0 6 0 0 0 21 26 0 13 13 28 73 51 89 47 18 16 0 0 0 0 19 0 0 0 0 17 17 -999 
P8331 2040 12 0 11 0 0 0 0 0 0 19 14 0 0 8 3 0 0 0 0 0 0 0 0 0 0 0 0 4 0 5 0 0 
P8331 2041 1 0 0 0 14 0 18 0 11 8 10 9 0 0 3 10 25 0 0 0 4 0 0 0 68 0 26 53 51 0 0 58 
P8331 2041 2 14 7 6 6 0 4 8 18 34 36 27 39 23 24 0 67 31 13 13 11 0 0 0 0 0 0 0 0 -999 -999 -999 
P8331 2041 3 0 0 0 0 0 16 0 25 24 18 15 0 0 0 0 0 0 0 2 0 0 0 0 0 0 0 0 0 0 0 0 
P8331 2041 4 0 0 0 0 0 0 0 0 23 0 0 0 0 13 0 0 0 0 0 0 0 0 0 0 0 0 0 0 0 0 -999 
P8331 2041 5 10 18 0 0 32 0 0 0 0 0 29 0 0 0 0 0 0 0 34 24 0 0 0 0 0 0 0 0 0 0 0 
P8331 2041 6 0 0 0 11 16 0 0 0 0 0 27 29 0 14 0 0 0 0 0 0 0 0 0 9 0 0 0 0 16 0 -999 
P8331 2041 7 0 0 0 0 0 0 0 0 0 0 0 0 34 24 0 0 0 0 0 0 0 0 0 0 0 0 12 0 0 0 13 
P8331 2041 8 0 0 0 20 9 0 19 0 0 0 0 0 0 0 0 0 0 0 0 0 0 0 0 0 0 0 0 0 0 0 0 
P8331 2041 9 0 0 0 20 18 0 0 0 0 0 0 0 0 0 0 19 0 0 0 0 19 10 0 0 0 9 0 0 0 7 -999 
P8331 2041 10 0 0 0 0 0 0 0 8 9 10 0 0 23 0 0 0 0 0 0 0 0 0 0 0 0 0 14 13 0 13 0 
P8331 2041 11 52 101 0 0 0 0 0 0 0 4 0 0 0 10 11 14 0 13 0 0 24 0 6 26 0 34 0 0 0 15 -999 
P8331 2041 12 31 51 59 51 0 13 10 0 21 0 0 0 0 0 0 0 3 0 0 0 14 0 0 0 0 0 0 34 33 0 19 
P8331 2042 1 0 0 43 44 18 0 6 9 0 16 17 0 0 0 8 17 23 28 49 0 5 0 0 0 0 0 34 43 0 6 0 
P8331 2042 2 0 0 0 0 0 0 0 0 6 0 12 0 10 0 0 0 11 0 0 0 0 0 0 35 14 0 0 12 -999 -999 -999 
P8331 2042 3 12 0 0 0 24 0 0 12 17 0 0 13 0 11 6 0 14 34 29 41 39 0 0 36 37 0 27 20 0 0 0 
P8331 2042 4 0 15 0 0 7 14 19 0 0 9 0 0 0 0 12 41 0 0 19 20 11 0 47 0 0 9 0 0 0 0 -999 
P8331 2042 5 35 45 0 40 24 0 30 22 16 30 0 30 53 31 0 0 12 0 14 13 0 0 0 25 0 4 0 7 13 23 0 
P8331 2042 6 0 0 0 19 0 0 0 0 0 0 9 11 0 0 0 0 0 14 19 26 14 0 0 0 0 14 0 0 0 0 -999 
P8331 2042 7 16 0 10 0 0 0 0 0 0 0 0 0 0 0 0 0 0 0 14 0 0 0 0 0 0 0 0 0 0 0 0 
P8331 2042 8 0 0 0 0 0 0 0 0 0 0 0 0 0 0 0 0 0 0 28 0 20 0 0 0 0 0 0 0 0 0 0 
P8331 2042 9 0 0 0 0 0 11 0 0 0 0 11 0 0 9 0 0 0 29 0 0 0 0 0 0 16 19 14 0 0 0 -999 
P8331 2042 10 0 0 11 0 0 0 0 0 0 0 8 7 0 0 0 0 0 5 0 7 0 0 0 0 0 0 0 0 0 0 0 
P8331 2042 11 0 0 0 0 0 0 16 0 0 17 0 31 0 0 11 11 0 7 0 0 17 37 32 0 12 0 0 0 27 0 -999 
P8331 2042 12 9 11 8 14 54 28 20 0 14 0 24 0 28 0 14 12 9 0 31 40 16 0 15 5 0 0 25 29 26 31 0 
P8331 2043 1 9 6 0 0 0 0 4 0 0 0 18 41 17 0 57 51 56 32 11 6 0 0 0 0 0 0 0 0 0 0 0 
P8331 2043 2 0 2 0 0 0 0 0 0 30 40 31 0 0 0 30 39 0 0 0 0 0 19 18 15 6 19 21 0 -999 -999 -999 
P8331 2043 3 21 20 0 0 0 0 0 10 11 20 34 0 33 51 0 35 51 34 0 33 15 0 0 49 34 47 29 22 46 81 36 
P8331 2043 4 57 52 0 18 0 24 0 36 31 24 0 0 30 20 0 0 6 3 0 0 0 0 0 0 11 35 27 33 0 27 -999 
P8331 2043 5 0 14 0 9 0 0 11 0 16 0 23 0 0 42 28 0 0 40 36 36 0 0 10 0 0 0 0 0 0 0 0 
P8331 2043 6 0 0 26 0 14 0 6 0 6 0 0 0 0 0 0 0 0 21 0 0 9 0 0 7 0 0 0 15 0 0 -999 
P8331 2043 7 8 0 0 0 0 0 0 0 0 0 0 0 0 0 0 0 13 0 0 0 0 0 15 0 16 17 0 0 0 0 9 
P8331 2043 8 0 0 0 0 0 0 0 12 21 0 0 0 6 0 0 0 15 0 0 0 0 0 0 0 0 0 0 16 0 0 8 
P8331 2043 9 0 0 0 0 0 0 0 0 0 0 0 10 6 0 0 0 0 0 0 0 0 0 0 0 0 0 0 0 0 0 -999 
P8331 2043 10 6 0 0 0 0 0 0 0 9 0 0 24 0 0 13 9 5 0 0 37 26 0 0 0 0 0 0 0 0 22 0 
P8331 2043 11 0 17 21 34 87 78 0 0 0 0 0 0 0 0 0 0 0 0 0 20 38 54 0 12 0 37 0 26 36 27 -999 
P8331 2043 12 13 0 0 54 0 35 0 0 0 0 0 0 0 0 0 0 0 12 11 0 0 0 0 0 3 0 0 3 0 0 0 
P8331 2044 1 0 0 0 0 5 11 0 13 0 0 0 31 22 0 14 12 17 42 49 34 20 12 0 17 38 43 23 0 0 9 0 
P8331 2044 2 0 14 0 43 0 0 0 0 0 18 19 0 0 0 0 0 23 10 6 0 0 0 0 0 0 0 0 0 -999 -999 -999 
P8331 2044 3 9 12 0 0 0 0 0 0 0 0 10 13 17 0 9 20 15 0 0 0 0 0 0 0 0 12 26 29 23 20 19 
P8331 2044 4 20 29 30 0 0 0 18 0 0 0 0 9 7 7 0 0 0 0 0 0 0 8 0 0 17 20 0 24 30 0 -999 
P8331 2044 5 26 0 0 22 0 24 40 43 54 48 52 51 33 0 21 11 0 0 0 10 19 0 0 13 0 0 0 0 0 0 9 
P8331 2044 6 0 0 0 13 0 0 0 0 0 0 0 0 0 0 0 17 0 0 0 24 27 25 0 0 12 0 14 0 0 0 -999 
P8331 2044 7 0 0 0 0 0 0 0 0 0 0 0 0 0 15 0 0 0 0 0 0 0 0 0 0 14 0 0 0 0 0 0 
P8331 2044 8 0 0 0 0 0 0 0 0 0 0 0 0 6 0 0 0 15 0 0 0 0 0 0 0 0 0 0 0 0 0 0 
P8331 2044 9 0 0 0 0 0 0 0 0 0 0 0 0 0 9 0 0 0 0 0 18 0 9 0 0 0 0 0 0 0 0 -999 
P8331 2044 10 0 0 0 0 0 0 0 0 0 12 0 18 0 0 0 0 0 14 28 0 34 0 0 57 0 32 0 0 14 0 0 
P8331 2044 11 0 0 0 0 0 0 0 7 0 0 0 0 51 55 20 0 15 9 0 0 53 34 0 8 15 18 0 10 0 0 -999 
P8331 2044 12 0 0 0 8 0 0 0 5 0 3 0 0 5 0 0 0 15 28 54 80 40 0 38 0 11 0 21 6 0 0 0 
P8331 2045 1 16 0 70 15 50 0 12 0 61 48 26 45 0 0 0 0 0 0 7 0 0 0 0 0 0 0 0 0 7 7 0 
P8331 2045 2 0 0 0 0 8 16 30 9 5 16 36 59 0 0 4 0 0 0 0 0 0 0 0 0 50 70 105 104 -999 -999 -999 
P8331 2045 3 23 0 20 30 0 12 0 27 54 0 38 28 42 0 39 0 21 0 0 0 5 0 10 0 0 0 0 0 0 0 0 
P8331 2045 4 0 0 0 0 0 0 0 0 13 12 0 0 0 39 50 0 15 0 18 0 0 0 12 10 0 9 0 0 0 0 -999 
P8331 2045 5 0 0 0 45 0 0 0 0 0 0 0 0 0 21 5 0 0 0 25 0 0 27 37 0 24 15 0 24 32 0 0 
P8331 2045 6 0 12 0 0 0 0 0 0 0 0 0 0 20 0 0 0 17 17 0 0 0 0 12 0 0 0 0 0 0 0 -999 
P8331 2045 7 0 14 0 0 0 0 0 0 0 0 0 0 0 0 0 0 9 0 0 0 0 0 0 0 0 0 0 19 0 0 0 
P8331 2045 8 0 0 0 0 0 0 0 0 0 0 0 0 0 0 0 0 0 0 0 0 0 19 11 0 0 0 0 0 11 0 0 
P8331 2045 9 14 0 0 27 27 0 0 0 0 0 16 0 0 0 0 0 0 0 0 0 0 0 11 0 0 0 0 0 0 0 -999 
P8331 2045 10 0 0 0 0 0 0 0 0 11 13 0 0 0 24 0 0 0 6 0 17 0 0 0 0 0 0 8 0 0 0 0 
P8331 2045 11 0 18 25 0 27 13 10 0 0 0 0 0 0 0 9 0 0 18 25 0 0 0 0 10 0 0 14 0 0 0 -999 
P8331 2045 12 0 0 0 0 0 0 0 4 0 0 45 18 0 0 0 1 5 0 0 0 0 0 10 41 36 10 0 9 8 6 0 
P8331 2046 1 0 15 0 13 0 0 0 0 11 0 4 0 0 0 8 0 0 38 0 43 60 0 43 55 35 54 44 47 48 0 28 
P8331 2046 2 37 6 11 0 0 0 0 5 0 0 7 0 29 0 0 64 76 0 33 35 0 0 0 19 0 0 34 37 -999 -999 -999 
P8331 2046 3 0 0 22 0 13 0 0 0 0 0 4 0 5 0 4 12 0 0 0 5 0 0 8 19 0 0 31 22 32 24 27 
P8331 2046 4 37 0 20 26 0 0 0 41 51 51 0 0 0 45 0 40 0 34 0 14 20 0 36 29 39 32 30 0 26 0 -999 
P8331 2046 5 26 0 0 3 0 2 0 0 0 11 0 0 0 0 8 14 18 13 20 23 0 23 33 38 64 38 20 0 0 30 27 
P8331 2046 6 0 10 0 29 0 0 0 0 0 0 20 16 0 13 19 0 19 0 0 0 0 8 0 0 0 0 0 0 0 0 -999 
P8331 2046 7 0 17 0 0 0 0 0 0 0 0 0 0 0 0 0 0 0 0 0 0 0 0 0 0 0 0 0 0 0 0 0 
P8331 2046 8 0 0 0 0 0 0 0 0 14 0 0 0 0 0 0 0 0 12 14 0 11 0 0 0 0 10 15 13 0 0 0 
P8331 2046 9 0 0 0 18 0 0 0 0 0 0 0 0 0 0 0 0 0 0 0 0 0 0 0 0 0 0 0 0 17 17 -999 
P8331 2046 10 0 0 0 0 0 0 16 0 0 27 0 7 0 11 11 0 21 0 15 0 8 0 14 7 9 9 0 8 0 0 0 
P8331 2046 11 20 0 40 44 15 0 0 0 2 0 0 0 0 0 0 6 0 10 12 0 0 0 9 0 7 0 0 4 0 0 -999 
P8331 2046 12 0 0 0 0 0 0 0 0 0 0 17 19 0 13 0 18 16 14 0 15 0 0 0 0 0 18 0 4 7 0 6 
P8331 2047 1 0 0 0 41 28 30 15 0 0 0 0 0 0 8 0 27 0 15 12 8 0 8 0 0 0 8 20 0 0 0 15 
P8331 2047 2 25 0 0 0 0 7 0 10 0 0 0 15 0 27 27 0 11 13 14 0 24 18 0 0 29 0 8 0 -999 -999 -999 
P8331 2047 3 0 17 16 0 0 0 0 0 0 0 21 20 20 34 0 0 14 24 8 0 0 0 0 5 0 9 8 0 0 0 0 
P8331 2047 4 0 0 0 15 0 9 0 0 0 0 0 16 0 0 0 11 35 0 0 0 17 26 24 0 0 0 0 29 37 0 -999 
P8331 2047 5 20 0 29 0 0 35 31 17 0 0 0 13 0 43 44 22 12 0 0 16 0 0 44 16 0 0 0 8 0 0 9 
P8331 2047 6 0 0 0 0 0 0 0 0 0 0 13 0 0 0 0 0 0 0 0 0 0 0 0 0 0 0 0 0 0 0 -999 
P8331 2047 7 6 0 8 0 0 0 0 0 0 0 0 0 0 0 0 0 0 0 0 0 0 0 0 0 0 0 0 0 0 0 19 
P8331 2047 8 0 0 0 8 0 0 0 0 0 0 21 0 0 0 0 0 0 0 0 0 0 0 0 15 8 0 14 0 0 0 0 
P8331 2047 9 17 0 0 0 11 0 0 0 14 0 0 9 0 10 0 0 0 6 9 0 0 0 0 10 0 0 19 0 11 9 -999 
P8331 2047 10 0 31 27 34 32 0 0 0 25 20 0 0 0 0 0 0 0 0 0 0 0 0 0 0 0 0 19 0 0 0 0 
P8331 2047 11 18 9 0 0 0 0 0 0 6 9 0 0 0 8 0 0 0 0 0 21 13 0 0 0 0 0 0 19 0 9 -999 
P8331 2047 12 0 44 14 33 0 83 86 64 7 0 8 0 8 0 44 33 0 28 62 80 24 0 22 28 23 13 0 0 15 0 0 
P8331 2048 1 0 0 0 0 0 0 0 0 0 14 0 4 0 0 0 0 0 0 0 0 16 0 0 0 9 32 68 10 0 9 28 
P8331 2048 2 38 0 7 0 0 0 0 0 13 0 0 0 0 0 0 0 0 21 0 0 12 16 8 0 0 0 0 0 -999 -999 -999 
P8331 2048 3 5 0 0 0 2 0 0 0 0 0 0 0 0 0 6 0 15 31 34 23 19 22 0 0 0 19 0 22 28 0 0 
P8331 2048 4 14 0 0 0 20 0 0 0 0 0 0 0 50 49 24 0 43 41 67 62 36 0 32 23 0 0 0 15 14 24 -999 
P8331 2048 5 0 11 0 0 0 8 9 0 0 0 0 0 25 0 0 0 0 0 0 0 30 39 28 0 27 29 20 33 0 0 0 
P8331 2048 6 0 0 0 0 0 0 0 0 0 18 0 0 0 0 6 0 0 0 0 0 0 0 0 0 0 0 0 0 0 0 -999 
P8331 2048 7 0 0 0 11 14 0 0 0 0 0 0 11 0 0 0 0 0 0 0 0 0 0 0 0 0 0 14 14 0 0 0 
P8331 2048 8 0 0 19 18 0 0 0 0 0 0 0 0 0 0 9 0 0 19 0 0 0 0 0 0 0 0 0 0 0 0 0 
P8331 2048 9 0 0 0 6 0 0 0 0 0 0 0 14 0 0 0 0 0 0 0 0 0 0 0 0 0 0 0 0 15 0 -999 
P8331 2048 10 0 0 35 0 0 0 0 0 5 0 0 7 0 0 17 0 29 17 13 14 0 0 0 0 15 0 0 0 0 20 24 
P8331 2048 11 20 25 22 0 0 0 0 24 0 0 0 21 0 0 0 0 0 0 0 2 0 7 11 0 0 15 0 0 103 98 -999 
P8331 2048 12 36 0 39 0 0 0 0 0 0 0 0 0 0 0 0 0 0 23 38 95 49 0 0 0 0 0 0 0 0 0 0 
P8331 2049 1 0 35 46 17 17 19 7 0 0 0 0 0 0 0 6 0 0 0 0 0 0 0 0 0 0 0 0 0 0 0 0 
P8331 2049 2 0 0 0 0 8 22 42 40 0 40 46 75 82 56 49 91 68 62 0 34 76 0 29 91 0 74 54 0 -999 -999 -999 
P8331 2049 3 30 45 59 0 50 26 0 22 33 33 32 0 0 35 33 10 17 27 22 13 17 0 0 0 0 11 0 11 0 12 19 
P8331 2049 4 0 26 0 11 0 25 0 0 0 0 0 0 0 13 0 0 0 0 0 0 0 0 0 0 0 0 16 0 20 0 -999 
P8331 2049 5 19 31 26 0 11 13 0 0 0 7 3 4 0 0 0 11 0 0 0 0 0 12 0 0 0 0 0 0 0 0 0 
P8331 2049 6 18 0 0 0 0 0 0 0 0 0 0 0 0 10 4 7 8 0 0 0 0 0 0 0 0 0 0 0 0 0 -999 
P8331 2049 7 0 0 14 0 0 29 32 0 0 0 0 0 18 19 0 14 0 3 0 0 0 0 0 0 4 0 0 0 0 0 0 
P8331 2049 8 0 0 0 0 0 0 0 0 0 0 0 0 0 0 0 0 4 0 0 0 0 0 0 0 0 0 0 0 0 0 0 
P8331 2049 9 0 0 0 17 0 0 11 0 0 0 0 0 0 0 0 0 8 0 7 0 0 0 6 0 0 7 0 0 9 0 -999 
P8331 2049 10 0 0 8 0 10 0 0 0 0 0 24 10 14 0 0 58 0 17 0 0 10 0 0 0 34 25 39 36 0 15 0 
P8331 2049 11 0 22 0 0 0 0 49 85 66 0 2 0 0 0 0 0 0 16 16 0 9 0 0 0 0 0 10 0 0 15 -999 
P8331 2049 12 8 18 33 0 0 0 13 0 0 19 12 0 10 17 40 0 10 0 0 0 0 8 13 21 20 20 6 5 0 0 4 
P8331 2050 1 4 0 0 0 5 0 0 0 25 28 70 57 85 66 34 83 46 71 21 11 0 6 0 19 16 20 0 8 0 5 0 
P8331 2050 2 0 0 0 10 0 0 0 18 25 0 13 0 0 0 0 0 0 0 0 0 0 0 0 0 7 0 7 0 -999 -999 -999 
P8331 2050 3 0 0 0 0 0 0 0 0 0 16 0 18 0 0 0 11 14 15 28 23 0 0 26 0 0 0 11 16 0 13 0 
P8331 2050 4 0 19 0 0 0 17 0 0 16 14 35 0 15 0 8 17 38 25 25 40 24 49 25 23 0 0 22 0 0 0 -999 
P8331 2050 5 22 35 30 0 0 0 24 23 0 37 0 0 20 0 22 0 0 0 0 13 13 0 18 17 0 0 0 23 0 20 0 
P8331 2050 6 0 0 0 0 18 0 0 0 0 0 0 0 20 0 0 0 0 0 5 0 0 0 0 0 0 0 0 0 0 0 -999 
P8331 2050 7 0 0 0 0 0 0 13 0 0 0 0 10 0 0 0 0 14 0 0 0 0 0 0 0 0 6 0 0 0 0 21 
P8331 2050 8 0 14 0 0 0 0 17 0 0 0 0 0 0 0 0 0 0 27 0 0 0 0 0 30 0 0 0 0 0 0 0 
P8331 2050 9 0 0 0 21 0 0 4 0 0 1 5 0 4 0 0 0 0 0 0 0 0 0 0 0 0 0 14 0 0 0 -999 
P8331 2050 10 0 0 0 9 0 0 0 16 0 0 7 0 0 0 0 40 0 21 20 0 0 0 0 0 0 9 20 33 0 29 0 
P8331 2050 11 26 15 25 0 0 0 0 0 16 0 0 0 0 0 32 0 0 13 0 0 18 12 0 48 0 0 19 0 0 0 -999 
P8331 2050 12 0 0 0 24 0 0 8 0 27 34 0 18 0 49 41 15 0 27 0 13 0 0 0 0 0 10 0 0 0 0 7 
P8331 2051 1 0 0 0 0 0 0 0 0 13 25 23 45 85 31 0 0 0 13 12 6 9 0 0 0 0 12 0 0 0 23 34 
P8331 2051 2 34 0 30 0 26 0 11 0 8 7 0 0 0 0 15 18 0 0 19 0 0 0 38 0 25 34 34 0 -999 -999 -999 
P8331 2051 3 11 12 26 0 30 0 0 0 20 31 25 25 38 31 19 0 37 0 0 10 17 27 30 22 18 0 16 11 0 10 0 
P8331 2051 4 0 0 0 16 0 0 38 24 39 52 15 9 8 0 48 20 0 2 7 19 0 0 0 0 0 0 21 0 16 0 -999 
P8331 2051 5 8 0 0 0 0 0 0 0 18 0 0 0 0 0 0 0 21 0 0 0 19 15 0 0 0 0 10 0 0 14 0 
P8331 2051 6 13 23 0 0 0 19 14 0 0 42 27 0 0 0 10 0 22 0 0 0 0 12 6 0 0 0 0 0 0 0 -999 
P8331 2051 7 0 0 0 0 0 0 0 0 0 0 0 0 0 0 0 0 0 0 0 0 0 0 0 0 0 0 0 0 0 10 10 
P8331 2051 8 0 0 0 0 0 0 13 0 0 0 0 0 0 0 0 0 0 0 0 0 0 0 12 0 0 0 0 0 12 0 0 
P8331 2051 9 0 0 0 0 0 0 0 10 17 0 0 22 0 0 0 0 0 0 0 15 0 0 0 0 16 0 0 0 0 0 -999 
P8331 2051 10 21 0 0 3 8 0 0 0 0 18 13 11 19 14 28 0 0 0 17 0 0 0 0 0 0 0 0 38 34 22 0 
P8331 2051 11 0 5 0 26 30 0 2 0 0 0 0 0 41 36 22 0 0 0 37 34 15 23 38 0 0 0 0 0 0 0 -999 
P8331 2051 12 0 8 0 0 0 0 52 30 0 0 15 0 0 20 24 0 0 11 26 0 0 0 0 0 0 0 0 3 0 0 0 
P8331 2052 1 0 0 0 0 0 6 0 0 0 0 0 0 3 4 0 4 0 0 0 3 0 0 8 0 10 8 0 0 0 0 0 
P8331 2052 2 0 0 0 0 0 0 0 0 0 0 13 0 0 10 0 9 0 0 0 21 0 0 0 0 21 0 0 0 -999 -999 -999 
P8331 2052 3 0 0 0 12 0 0 32 36 0 7 9 0 0 30 29 0 19 0 17 28 57 43 0 35 48 0 0 0 8 0 0 
P8331 2052 4 0 0 0 0 10 0 0 0 6 7 15 0 0 0 0 4 0 0 0 0 0 11 0 0 0 0 0 13 0 0 -999 
P8331 2052 5 0 21 0 7 17 36 36 0 0 11 0 27 0 17 0 13 0 0 0 0 0 6 0 0 25 0 16 28 23 24 0 
P8331 2052 6 0 10 0 0 20 0 0 0 0 14 28 32 0 0 14 0 0 0 0 0 0 0 0 0 0 8 9 0 0 0 -999 
P8331 2052 7 0 0 0 0 0 0 0 0 8 9 0 0 0 0 0 0 0 0 0 0 0 0 0 0 0 0 0 0 0 0 0 
P8331 2052 8 0 0 0 0 0 0 0 6 0 0 0 0 0 10 0 0 0 13 0 0 21 0 0 18 0 0 20 0 0 0 0 
P8331 2052 9 0 0 0 8 0 0 0 0 16 0 0 0 0 0 10 0 0 0 0 22 0 17 0 0 0 0 15 0 0 18 -999 
P8331 2052 10 0 12 0 0 0 0 0 0 0 10 0 14 15 0 0 0 0 0 0 0 0 0 0 0 0 0 1 0 4 0 0 
P8331 2052 11 0 0 0 0 0 6 0 0 0 7 4 0 0 0 0 0 0 8 0 14 0 0 0 15 25 32 58 32 0 30 -999 
P8331 2052 12 42 41 0 0 26 12 0 0 31 91 85 38 58 51 28 9 19 0 0 0 0 0 0 11 0 9 0 0 9 0 0 
P8331 2053 1 5 0 0 0 0 3 0 0 0 0 10 0 0 0 0 0 0 0 0 0 0 0 0 5 0 0 0 0 0 5 0 
P8331 2053 2 0 28 24 0 42 43 51 31 0 0 0 0 0 0 3 3 0 21 0 0 0 0 0 0 18 16 32 72 -999 -999 -999 
P8331 2053 3 81 29 0 21 27 25 0 0 16 25 0 0 18 19 0 31 41 55 0 0 0 0 14 0 0 0 0 0 0 0 34 
P8331 2053 4 0 18 0 0 0 37 46 33 16 23 30 43 11 11 0 0 0 0 17 0 0 11 7 0 0 0 0 0 0 0 -999 
P8331 2053 5 29 0 28 0 27 0 47 0 0 0 0 22 0 0 0 0 17 0 23 31 31 21 26 0 0 12 14 0 0 0 7 
P8331 2053 6 13 23 0 20 8 0 0 13 0 0 0 0 0 0 0 27 0 0 0 0 0 0 0 0 0 0 0 0 0 0 -999 
P8331 2053 7 0 0 0 0 15 0 0 0 0 0 0 0 0 0 0 0 0 0 0 18 0 0 0 0 16 0 0 0 0 0 0 
P8331 2053 8 0 12 0 0 0 14 19 0 0 0 18 0 0 0 0 0 0 0 27 0 0 0 0 0 0 0 0 0 10 0 0 
P8331 2053 9 0 12 14 0 0 0 0 0 0 0 0 17 0 0 0 0 0 0 0 0 13 0 0 16 0 2 0 0 0 0 -999 
P8331 2053 10 0 0 0 9 0 0 0 0 0 0 0 0 0 13 21 31 0 0 0 0 0 0 0 15 10 0 0 0 15 19 0 
P8331 2053 11 0 0 0 25 17 0 0 0 28 52 0 39 21 18 47 50 88 64 0 9 11 0 17 16 0 13 0 13 0 23 -999 
P8331 2053 12 0 0 0 0 0 0 0 0 0 0 0 4 10 0 0 0 10 10 0 0 0 0 0 0 26 38 25 0 34 0 0 
P8331 2054 1 0 27 59 48 36 41 32 22 37 0 49 0 46 60 35 34 0 0 0 0 0 0 10 7 0 0 19 67 0 21 0 
P8331 2054 2 0 45 54 0 3 0 22 32 0 0 0 0 21 0 0 0 0 0 0 0 0 12 5 0 0 0 0 1 -999 -999 -999 
P8331 2054 3 0 0 0 0 0 0 0 0 0 0 6 0 0 3 0 0 13 30 0 0 11 0 0 0 0 0 14 11 39 37 37 
P8331 2054 4 0 19 22 17 34 53 62 51 25 24 35 0 0 0 0 32 18 17 23 15 0 0 0 0 10 14 0 47 42 38 -999 
P8331 2054 5 0 16 15 0 12 0 0 0 6 0 23 0 0 0 0 0 27 0 0 0 0 0 25 50 0 23 14 18 0 15 0 
P8331 2054 6 0 0 0 0 0 16 0 0 0 0 0 0 0 9 0 0 0 0 0 0 0 0 0 0 0 0 0 0 0 0 -999 
P8331 2054 7 0 0 0 0 0 0 0 0 0 0 13 0 0 0 0 0 0 0 0 0 0 0 0 0 0 0 0 0 0 0 0 
P8331 2054 8 0 0 0 0 0 0 17 12 0 10 14 0 12 0 10 9 0 0 0 19 0 15 0 0 0 0 17 0 0 0 0 
P8331 2054 9 0 0 0 0 0 0 0 4 0 0 0 0 0 0 0 0 0 17 0 0 0 0 26 29 0 0 0 0 15 49 -999 
P8331 2054 10 30 0 0 0 0 0 10 0 0 0 0 4 0 20 35 0 13 0 19 0 0 13 0 32 51 33 0 14 0 0 0 
P8331 2054 11 0 0 0 0 0 0 0 0 0 69 48 32 0 19 49 37 16 19 22 59 24 0 11 0 0 0 0 11 0 0 -999 
P8331 2054 12 10 0 0 4 0 10 0 0 6 0 0 0 0 0 0 7 0 7 0 0 0 0 12 29 59 44 55 43 40 23 22 
P8331 2055 1 15 4 19 32 0 8 0 0 0 24 42 0 0 0 0 12 21 0 57 14 0 0 0 0 0 0 0 0 8 0 0 
P8331 2055 2 0 0 0 13 0 16 0 0 0 0 0 0 0 0 7 7 10 0 3 0 4 0 0 0 0 21 14 8 -999 -999 -999 
P8331 2055 3 13 16 34 40 38 0 28 0 0 11 10 20 0 11 0 0 10 0 0 8 0 0 15 27 28 0 0 22 0 0 0 
P8331 2055 4 4 0 0 0 12 8 6 6 0 17 15 0 7 0 2 0 0 0 0 0 27 0 0 11 0 9 0 15 0 0 -999 
P8331 2055 5 0 0 0 0 15 15 0 0 0 0 0 39 22 0 0 0 0 0 0 9 0 0 14 19 0 36 0 12 10 0 10 
P8331 2055 6 0 0 0 0 14 0 10 0 0 0 0 0 0 0 0 0 0 0 0 0 0 0 0 0 0 0 0 0 0 0 -999 
P8331 2055 7 14 0 0 0 0 0 0 0 0 0 0 0 0 0 7 0 0 0 0 0 0 0 0 0 0 0 0 0 0 0 0 
P8331 2055 8 0 0 0 0 13 0 0 0 0 0 0 0 0 0 0 0 0 0 0 0 0 0 0 0 0 0 0 0 0 0 0 
P8331 2055 9 0 0 0 0 0 0 0 0 0 0 0 0 0 5 0 0 18 0 0 15 0 0 0 0 0 0 0 0 0 0 -999 
P8331 2055 10 0 0 0 23 30 0 0 0 13 21 0 31 0 0 0 0 0 0 0 0 11 2 7 0 0 10 0 6 0 0 0 
P8331 2055 11 10 0 0 0 21 39 0 42 25 10 0 0 10 0 0 0 42 12 0 0 0 21 26 0 7 0 59 0 110 79 -999 
P8331 2055 12 31 0 20 0 19 0 0 18 0 0 9 0 15 0 0 0 0 0 0 0 0 12 6 0 0 0 0 19 0 0 0 
P8331 2056 1 16 23 26 0 0 43 50 46 0 47 0 0 0 0 0 0 0 0 0 0 0 0 0 17 19 0 54 50 6 0 14 
P8331 2056 2 27 40 0 0 30 35 0 0 0 28 59 54 33 61 72 24 14 29 0 55 39 59 0 0 41 22 20 29 -999 -999 -999 
P8331 2056 3 36 34 22 0 35 64 47 0 0 59 57 63 0 80 72 14 10 0 0 0 0 0 19 0 0 0 26 50 43 26 0 
P8331 2056 4 10 26 0 0 0 0 0 0 0 0 0 0 0 0 0 0 0 0 29 0 0 0 0 0 0 0 12 0 0 0 -999 
P8331 2056 5 0 0 0 0 15 20 27 22 0 25 35 26 0 0 0 15 0 0 17 0 0 19 22 0 0 6 11 0 0 0 0 
P8331 2056 6 0 0 0 0 23 6 0 0 0 13 0 0 0 0 0 0 0 0 16 0 0 0 17 0 11 0 0 8 0 0 -999 
P8331 2056 7 10 0 0 0 0 0 0 0 8 0 0 0 0 0 0 20 0 0 11 0 0 0 14 18 0 0 0 0 0 0 0 
P8331 2056 8 0 0 0 0 0 13 0 0 0 0 0 0 0 0 0 0 0 0 0 0 0 0 0 0 0 0 15 0 16 0 0 
P8331 2056 9 0 0 0 0 0 0 29 0 16 11 0 8 8 0 0 0 11 15 0 0 0 0 0 8 0 0 0 0 0 11 -999 
P8331 2056 10 0 0 0 8 0 0 0 0 0 0 0 0 0 0 19 0 0 0 19 0 0 0 0 34 54 60 31 0 0 0 8 
P8331 2056 11 19 29 12 15 16 0 0 31 39 25 27 0 18 0 49 45 0 7 0 17 0 5 4 0 0 0 2 0 0 0 -999 
P8331 2056 12 0 0 0 0 2 0 0 0 5 0 0 0 0 0 0 20 0 0 27 0 16 17 0 0 0 0 20 44 36 16 39 
P8331 2057 1 36 0 36 0 23 17 0 0 0 12 0 11 8 0 0 30 29 43 76 0 11 0 0 8 0 16 39 101 109 32 21 
P8331 2057 2 13 0 2 0 23 15 0 4 15 0 0 0 0 10 8 9 0 6 0 0 0 0 0 13 27 0 34 0 -999 -999 -999 
P8331 2057 3 23 40 30 13 0 0 0 4 8 0 0 0 0 0 0 37 37 49 52 47 0 9 0 0 0 0 0 57 0 28 23 
P8331 2057 4 0 0 29 15 14 8 9 0 11 21 27 27 32 31 0 0 30 0 0 0 0 0 48 0 0 0 0 0 0 15 -999 
P8331 2057 5 0 0 0 0 29 0 0 29 37 0 0 0 0 0 0 0 0 8 0 19 34 0 22 19 0 0 27 0 0 0 0 
P8331 2057 6 0 0 11 0 0 8 0 0 14 0 0 0 0 0 0 0 0 0 0 0 0 0 0 0 0 0 0 0 0 0 -999 
P8331 2057 7 0 0 0 0 0 0 0 0 0 0 10 0 11 0 0 0 0 16 0 0 0 0 0 0 0 0 27 0 0 0 0 
P8331 2057 8 0 0 0 0 0 0 0 0 0 0 0 13 0 0 0 0 0 0 0 0 0 0 0 6 0 0 0 0 0 0 0 
P8331 2057 9 14 0 0 0 0 0 0 0 0 14 0 0 0 0 0 0 0 0 8 0 0 0 0 0 0 25 8 0 14 0 -999 
P8331 2057 10 15 15 0 19 20 0 0 0 0 0 13 17 38 0 0 0 0 0 0 0 23 0 16 0 0 31 56 26 38 0 0 
P8331 2057 11 0 8 0 0 0 0 0 0 24 0 0 0 78 31 0 10 0 0 0 32 19 0 4 9 0 0 39 72 20 38 -999 
P8331 2057 12 0 25 59 0 13 0 0 0 0 0 0 0 0 10 0 6 8 9 0 0 25 16 34 0 33 10 15 0 0 0 3 
P8331 2058 1 17 10 9 0 8 15 0 0 23 30 12 31 65 33 0 76 40 0 0 0 0 0 0 0 0 0 49 96 73 52 0 
P8331 2058 2 17 0 13 36 56 46 23 30 21 15 0 0 0 0 0 0 5 0 0 0 0 0 0 13 0 0 0 0 -999 -999 -999 
P8331 2058 3 0 0 0 21 0 0 0 0 13 0 0 30 0 0 0 0 18 21 0 0 0 0 0 0 0 0 8 0 0 10 19 
P8331 2058 4 33 36 0 0 8 0 44 28 0 27 0 29 39 36 0 17 18 0 14 0 15 15 0 34 36 0 0 0 23 0 -999 
P8331 2058 5 0 16 0 0 25 0 0 8 0 5 0 12 17 0 0 0 0 0 0 0 0 0 0 0 0 0 0 0 0 0 0 
P8331 2058 6 0 0 0 0 0 0 0 0 0 20 0 0 0 12 0 13 0 0 0 0 0 0 0 0 0 0 0 5 0 0 -999 
P8331 2058 7 0 0 0 0 0 0 0 0 0 0 0 0 0 0 0 0 0 0 0 0 0 0 0 0 0 0 0 0 0 0 0 
P8331 2058 8 0 9 16 0 19 0 0 0 0 39 0 16 0 0 0 0 0 0 0 11 0 0 6 0 0 0 0 10 0 0 0 
P8331 2058 9 0 0 0 0 22 0 0 23 0 28 0 0 16 0 0 0 0 0 0 0 0 0 0 0 0 0 0 0 9 0 -999 
P8331 2058 10 0 9 25 0 31 0 0 8 7 0 3 0 0 0 0 11 0 0 16 25 41 0 17 17 0 7 0 6 0 0 0 
P8331 2058 11 0 0 0 0 9 0 18 34 61 13 27 0 0 7 18 0 3 0 0 0 0 10 11 0 2 0 0 0 0 6 -999 
P8331 2058 12 14 13 7 8 0 0 14 0 0 6 0 9 7 0 0 0 6 5 0 0 0 16 0 0 5 0 0 12 0 4 0 
P8331 2059 1 0 0 0 0 0 0 29 44 20 0 0 0 0 7 0 13 16 3 0 0 0 0 0 0 0 0 0 0 0 0 0 
P8331 2059 2 0 0 0 0 0 0 0 0 0 0 18 32 33 0 0 0 3 0 0 1 0 0 0 0 6 0 0 0 -999 -999 -999 
P8331 2059 3 0 0 0 0 0 0 0 11 0 14 0 6 0 6 0 0 0 0 32 0 0 3 0 3 0 24 33 0 0 0 40 
P8331 2059 4 30 0 0 6 10 18 25 47 41 52 23 37 0 0 0 21 0 33 25 16 24 43 28 69 0 0 6 0 0 0 -999 
P8331 2059 5 0 0 0 10 0 0 0 0 0 0 0 15 0 0 0 0 0 44 0 0 12 0 20 33 32 24 0 0 0 0 14 
P8331 2059 6 0 0 0 19 0 14 0 26 13 0 0 15 0 16 0 0 0 0 0 0 0 0 0 0 0 31 0 0 0 0 -999 
P8331 2059 7 0 0 19 0 0 0 0 0 0 0 0 17 0 0 0 0 0 0 0 0 0 17 0 0 0 0 0 0 7 20 0 
P8331 2059 8 0 0 0 0 0 6 0 0 11 20 0 10 0 0 0 12 0 0 15 0 0 0 0 22 0 54 0 10 19 0 9 
P8331 2059 9 0 0 0 0 0 0 0 0 0 0 0 0 0 0 0 0 0 0 0 0 0 0 0 0 0 0 14 19 0 0 -999 
P8331 2059 10 0 0 0 0 0 0 39 13 11 0 0 0 0 0 0 18 25 0 6 0 0 0 0 0 0 0 24 33 21 0 0 
P8331 2059 11 0 0 29 0 0 5 0 0 0 0 0 0 0 0 0 11 0 16 0 0 0 0 0 0 0 0 1 0 3 0 -999 
P8331 2059 12 0 0 0 0 19 40 0 0 0 0 27 0 32 0 0 0 0 3 3 0 0 0 10 0 21 0 0 24 0 26 0 
P8331 2060 1 0 0 15 0 14 0 0 14 14 0 39 60 0 46 0 0 13 0 0 0 0 0 0 0 0 0 0 0 1 0 0 
P8331 2060 2 37 0 0 0 0 0 0 11 0 0 0 0 0 9 0 0 0 0 0 0 0 11 0 8 0 6 0 0 -999 -999 -999 
P8331 2060 3 23 0 0 0 0 0 0 20 15 14 0 0 0 0 0 0 0 7 7 15 0 29 34 33 17 19 36 37 45 32 0 
P8331 2060 4 26 0 0 19 15 0 0 0 0 51 24 18 0 18 31 0 0 12 15 0 0 0 0 0 0 0 45 0 0 0 -999 
P8331 2060 5 0 0 0 0 20 21 0 14 15 0 22 0 7 0 0 0 0 0 0 11 13 0 19 0 0 0 0 0 0 0 21 
P8331 2060 6 0 0 0 0 16 0 0 0 0 0 0 0 0 0 0 0 0 0 19 0 20 15 0 0 0 6 0 0 0 11 -999 
P8331 2060 7 0 0 0 0 0 0 0 0 0 0 0 0 0 0 22 0 0 0 0 0 0 0 0 0 0 0 0 0 11 0 0 
P8331 2060 8 0 0 0 0 0 0 12 14 0 0 0 0 0 0 0 0 0 0 0 0 0 0 0 0 11 0 0 0 0 0 0 
P8331 2060 9 0 0 0 0 18 20 0 0 0 0 0 0 10 17 15 0 0 0 0 12 14 0 0 0 9 0 0 12 0 0 -999 
P8331 2060 10 0 0 0 0 0 0 0 0 0 0 0 0 0 0 0 5 0 0 12 3 0 0 0 0 0 0 0 0 0 0 0 
P8331 2060 11 0 12 0 0 0 38 0 31 0 36 21 0 20 0 0 0 50 65 77 46 0 6 7 12 0 0 0 0 0 0 -999 
P8331 2060 12 11 0 0 17 21 38 0 0 0 0 0 0 0 0 7 0 0 0 0 0 0 12 20 26 0 11 0 29 0 0 0 
P8331 2061 1 16 15 0 0 0 19 36 0 0 0 0 0 0 0 0 0 0 0 0 0 0 0 10 0 0 8 0 0 0 2 0 
P8331 2061 2 0 0 12 0 7 0 0 0 20 22 0 27 0 0 16 0 0 0 0 0 0 0 7 0 20 16 0 0 -999 -999 -999 
P8331 2061 3 0 0 0 0 0 7 0 12 0 0 10 0 0 0 0 24 30 0 0 0 0 0 30 0 63 19 0 10 3 4 0 
P8331 2061 4 35 49 0 40 0 0 0 0 25 30 23 30 0 7 0 0 0 0 35 16 7 8 0 0 0 0 0 20 15 21 -999 
P8331 2061 5 0 0 0 0 0 0 0 11 0 0 9 0 15 25 0 0 21 0 0 0 0 0 0 0 0 0 0 0 0 23 0 
P8331 2061 6 0 0 0 0 0 0 0 0 0 0 0 0 0 0 0 0 0 0 7 6 0 0 0 15 0 0 15 0 9 11 -999 
P8331 2061 7 0 0 0 0 0 0 0 0 0 0 16 0 0 0 0 0 0 15 0 0 0 0 0 0 0 0 13 0 0 0 0 
P8331 2061 8 0 0 0 0 0 0 0 0 0 0 0 0 0 0 0 0 0 0 0 0 0 0 0 0 0 16 0 13 0 0 0 
P8331 2061 9 0 0 0 0 0 0 0 7 0 0 0 0 0 0 0 3 0 22 0 0 7 0 21 0 0 28 24 0 0 18 -999 
P8331 2061 10 0 0 0 0 13 0 0 0 0 0 14 0 0 0 0 36 28 20 0 49 31 14 46 66 0 0 11 27 45 21 0 
P8331 2061 11 36 39 0 0 0 14 0 21 38 49 0 13 6 6 16 25 43 0 0 0 0 0 0 6 0 5 7 28 33 0 -999 
P8331 2061 12 0 0 0 0 0 0 0 0 0 0 0 30 0 0 0 18 20 12 0 0 27 45 15 6 0 0 5 0 0 0 15 
P8331 2062 1 5 0 0 0 0 0 0 0 0 0 0 0 0 0 0 0 0 0 0 0 0 0 0 0 14 36 43 0 23 23 17 
P8331 2062 2 0 0 0 0 0 0 0 0 20 20 26 0 0 0 0 0 0 0 0 0 0 0 0 0 0 0 0 11 -999 -999 -999 
P8331 2062 3 0 0 0 31 33 0 0 0 8 16 44 58 85 141 62 20 8 0 41 21 12 16 0 0 0 0 0 0 0 0 0 
P8331 2062 4 0 0 2 0 0 11 0 0 33 14 13 0 0 4 12 0 11 0 0 0 0 8 0 0 13 22 0 32 31 0 -999 
P8331 2062 5 0 7 0 0 0 0 0 0 0 31 17 0 6 7 0 0 13 0 0 0 0 0 8 0 0 19 0 0 0 0 0 
P8331 2062 6 0 0 0 0 0 0 0 11 0 0 0 13 13 0 0 0 0 0 0 0 0 0 16 0 0 0 0 0 0 0 -999 
P8331 2062 7 0 0 0 0 0 0 0 0 10 0 0 0 0 0 0 0 0 0 0 0 0 0 0 0 0 0 0 0 0 0 0 
P8331 2062 8 0 0 0 0 0 0 0 15 0 0 0 0 20 0 0 0 0 0 0 0 0 0 0 16 0 0 0 0 0 0 0 
P8331 2062 9 0 0 0 19 0 0 0 0 0 0 0 11 0 11 0 0 0 8 0 0 0 0 0 0 0 0 14 12 0 9 -999 
P8331 2062 10 0 0 18 37 56 53 0 0 5 0 27 0 0 0 0 0 0 0 0 0 0 0 23 17 0 0 11 0 13 0 0 
P8331 2062 11 0 7 0 0 0 11 0 0 0 0 0 0 23 28 0 0 10 0 0 0 0 12 0 0 0 18 0 0 0 0 -999 
P8331 2062 12 9 0 4 0 5 10 0 11 0 0 25 31 0 0 6 17 0 0 17 0 2 0 0 0 0 0 0 0 9 11 21 
P8331 2063 1 35 30 37 26 15 41 42 64 80 28 0 0 27 30 0 46 70 47 58 0 39 0 31 19 41 0 7 0 0 37 0 
P8331 2063 2 76 24 0 25 0 0 0 5 0 23 0 0 21 42 0 61 0 0 0 0 0 3 0 0 0 0 0 0 -999 -999 -999 
P8331 2063 3 0 0 0 0 0 12 0 21 11 0 0 37 36 42 0 68 35 13 7 8 0 0 17 0 93 74 43 32 37 0 49 
P8331 2063 4 19 7 15 22 39 53 0 41 44 24 0 0 0 18 0 21 0 0 0 14 0 0 13 0 0 0 9 0 18 32 -999 
P8331 2063 5 30 30 22 0 0 0 5 0 6 0 17 0 0 0 18 0 11 11 0 0 0 0 0 0 0 0 9 0 0 0 0 
P8331 2063 6 0 0 0 0 19 0 0 0 0 0 0 0 0 0 0 0 0 0 0 0 15 0 0 0 0 0 0 0 0 0 -999 
P8331 2063 7 0 0 0 0 0 0 0 0 0 0 0 0 0 0 0 0 0 0 0 16 10 0 0 0 0 0 0 0 0 0 0 
P8331 2063 8 0 0 0 0 0 0 0 0 0 0 0 14 0 0 0 0 0 0 0 0 0 0 0 0 20 0 0 0 0 0 0 
P8331 2063 9 0 0 0 0 0 0 22 0 0 0 0 0 0 23 0 0 14 0 0 0 19 21 0 0 0 0 0 0 0 0 -999 
P8331 2063 10 0 0 0 0 5 5 0 0 8 0 0 0 0 62 24 8 0 14 12 10 0 0 15 0 0 23 0 0 0 0 0 
P8331 2063 11 6 0 4 0 0 0 0 2 0 0 0 0 14 0 0 0 0 0 9 0 0 0 0 3 0 0 0 0 0 0 -999 
P8331 2063 12 0 0 0 0 0 0 0 4 0 0 0 0 0 0 17 0 0 14 0 0 4 0 0 0 0 0 0 0 0 0 0 
P8331 2064 1 0 0 0 0 0 0 0 0 2 0 0 0 0 0 15 27 0 0 5 0 0 0 0 0 0 0 20 15 11 0 25 
P8331 2064 2 22 25 0 0 0 13 0 10 0 0 2 0 0 0 0 0 0 0 0 0 0 0 6 0 0 0 6 0 -999 -999 -999 
P8331 2064 3 11 7 0 6 13 25 0 0 31 39 0 14 17 29 43 41 52 0 0 24 31 0 16 0 24 0 21 0 14 16 0 
P8331 2064 4 16 18 0 51 31 35 0 27 21 0 0 0 18 0 0 0 0 0 16 0 19 0 0 0 26 0 16 0 0 23 -999 
P8331 2064 5 23 0 0 0 0 0 0 0 0 0 0 0 0 0 0 0 0 0 0 0 34 0 0 0 20 11 9 0 0 0 0 
P8331 2064 6 0 0 19 10 0 0 15 0 0 0 0 0 0 0 0 0 0 0 0 0 0 0 0 11 0 0 0 0 0 0 -999 
P8331 2064 7 0 0 18 0 0 0 11 0 0 0 0 0 0 18 0 0 0 0 0 0 0 0 0 0 0 0 0 0 0 0 0 
P8331 2064 8 0 16 24 0 0 0 0 0 14 0 0 0 0 0 0 0 0 0 0 0 0 0 0 0 0 14 0 0 9 0 0 
P8331 2064 9 0 0 12 14 0 0 0 0 0 0 0 0 10 0 20 0 0 15 0 0 0 27 0 13 0 0 0 0 0 0 -999 
P8331 2064 10 0 0 0 0 0 0 24 0 0 0 0 3 0 0 0 11 0 5 0 0 9 0 0 0 11 0 0 0 6 27 0 
P8331 2064 11 0 0 0 0 0 0 0 0 0 0 0 16 0 55 42 0 3 0 0 0 0 0 0 0 0 0 16 20 11 0 -999 
P8331 2064 12 12 0 0 17 0 37 28 76 95 48 15 0 18 0 0 17 0 0 0 0 11 0 0 6 5 0 0 0 0 0 0 
P8331 2065 1 0 0 0 5 0 0 9 0 16 19 16 0 0 40 0 0 0 0 5 5 0 0 0 0 0 0 0 0 0 0 0 
P8331 2065 2 0 0 0 0 0 0 0 13 0 0 0 0 43 55 64 0 57 53 46 67 22 0 0 0 16 0 0 0 -999 -999 -999 
P8331 2065 3 5 0 0 0 0 0 0 6 7 13 0 0 0 6 0 3 0 0 11 0 0 9 0 0 27 34 28 0 0 11 10 
P8331 2065 4 0 0 7 0 0 0 0 7 6 0 0 0 17 18 0 0 0 0 0 8 0 0 0 0 6 0 0 0 0 16 -999 
P8331 2065 5 0 0 0 0 8 7 0 8 0 0 0 0 13 0 0 0 0 0 0 0 32 0 13 0 0 0 0 0 0 0 8 
P8331 2065 6 0 0 0 10 12 0 0 0 0 0 9 0 9 0 0 0 0 0 0 7 0 0 0 0 0 9 0 0 0 0 -999 
P8331 2065 7 0 0 15 0 0 0 0 0 0 0 0 0 0 0 0 0 0 0 0 0 0 0 0 0 0 0 0 0 0 0 0 
P8331 2065 8 0 0 0 0 0 0 0 23 16 0 11 0 0 0 0 0 0 0 0 15 0 0 0 0 0 0 7 0 0 0 0 
P8331 2065 9 0 0 0 0 0 0 0 0 0 0 0 0 0 0 0 0 8 0 0 0 0 0 0 0 0 0 13 11 0 0 -999 
P8331 2065 10 0 0 0 0 0 31 27 0 0 0 0 0 0 0 31 27 0 0 0 42 0 12 34 70 27 23 0 15 23 0 16 
P8331 2065 11 0 0 0 0 0 0 0 0 0 0 0 0 0 0 2 0 0 0 8 0 41 52 13 7 14 0 0 0 0 0 -999 
P8331 2065 12 13 8 0 0 0 6 0 0 0 15 29 68 28 8 0 15 18 0 29 49 34 69 55 94 74 111 0 0 0 3 0 
P8331 2066 1 0 0 0 0 0 0 12 0 0 29 45 76 40 23 41 0 0 0 56 32 0 38 43 0 0 0 0 0 0 0 0 
P8331 2066 2 0 19 0 0 14 0 0 0 35 22 27 16 11 0 0 0 0 11 0 10 16 0 10 9 54 74 31 35 -999 -999 -999 
P8331 2066 3 30 0 5 3 0 0 28 0 0 0 0 0 0 0 0 0 0 0 0 0 0 0 0 0 0 0 0 0 0 9 0 
P8331 2066 4 25 0 0 7 0 15 14 19 0 0 0 9 0 23 0 0 24 0 0 15 0 0 0 0 0 28 30 0 0 0 -999 
P8331 2066 5 0 0 0 0 5 0 0 24 0 0 0 0 0 0 0 0 0 0 0 12 0 0 0 0 0 0 8 0 0 0 0 
P8331 2066 6 0 8 0 0 0 8 0 0 0 0 0 24 23 0 0 0 0 0 0 0 0 0 0 18 0 0 0 0 0 0 -999 
P8331 2066 7 0 5 5 0 0 0 14 0 0 0 0 0 0 0 0 0 0 16 0 0 0 0 0 0 0 0 0 0 0 0 0 
P8331 2066 8 0 0 0 0 0 0 0 0 0 0 0 0 11 0 0 0 0 0 0 0 0 0 0 0 0 0 22 0 0 0 0 
P8331 2066 9 0 0 0 0 0 0 0 0 0 0 0 0 0 0 0 0 0 0 0 0 0 17 20 24 0 0 0 0 0 0 -999 
P8331 2066 10 0 0 0 0 7 0 0 0 0 4 0 0 0 9 8 16 0 15 15 9 0 0 0 0 5 9 0 0 0 0 7 
P8331 2066 11 0 6 0 19 33 0 0 22 27 0 0 0 34 0 5 0 6 0 0 0 12 6 0 0 5 4 0 0 4 6 -999 
P8331 2066 12 0 0 0 16 0 0 0 0 0 0 9 0 13 44 79 85 116 124 67 0 0 20 0 9 0 0 9 17 0 34 0 
P8331 2067 1 0 59 40 10 0 0 0 0 0 0 23 0 0 25 36 34 45 35 30 94 71 101 70 49 0 59 113 0 0 0 37 
P8331 2067 2 36 0 57 26 10 9 21 41 0 0 0 16 28 68 53 0 9 31 87 0 0 0 0 0 0 54 51 12 -999 -999 -999 
P8331 2067 3 0 0 0 0 0 2 0 7 0 0 24 0 0 18 0 0 0 3 0 12 19 0 0 0 6 0 0 0 9 6 0 
P8331 2067 4 0 0 0 0 0 16 0 0 0 0 0 0 0 0 34 0 14 22 20 18 0 0 24 32 20 0 15 17 16 14 -999 
P8331 2067 5 0 0 24 0 24 0 0 0 0 23 26 0 0 6 0 0 0 0 33 0 20 0 16 11 10 16 13 11 17 0 0 
P8331 2067 6 0 0 30 0 0 0 0 0 0 0 0 21 0 0 15 0 0 0 0 0 0 0 0 0 0 0 0 0 0 0 -999 
P8331 2067 7 0 0 0 0 0 0 0 0 0 0 0 6 0 0 25 0 0 0 0 0 8 0 0 0 18 0 0 0 0 0 0 
P8331 2067 8 0 0 0 0 0 0 8 0 0 17 0 0 0 0 0 11 0 0 0 0 0 0 0 0 9 16 0 11 0 0 0 
P8331 2067 9 0 0 0 0 10 0 0 0 0 0 0 0 0 0 0 15 0 3 0 0 0 0 0 0 0 0 8 0 10 0 -999 
P8331 2067 10 0 0 0 0 0 3 0 0 0 15 8 0 0 16 0 0 0 0 0 0 0 0 0 0 0 0 0 0 9 0 18 
P8331 2067 11 23 18 0 8 0 0 0 0 2 0 0 1 0 0 8 0 0 0 0 0 4 4 11 0 24 0 0 0 0 20 -999 
P8331 2067 12 0 12 19 0 32 12 0 13 0 0 8 0 16 0 0 0 0 0 0 0 2 0 1 0 0 0 57 40 46 0 19 
P8331 2068 1 7 4 0 9 21 48 70 0 0 0 0 0 6 0 0 0 0 5 0 0 0 0 0 0 35 0 0 13 0 17 16 
P8331 2068 2 9 0 0 0 0 39 29 24 0 10 20 23 10 0 0 0 0 0 0 0 12 17 29 23 8 10 31 32 -999 -999 -999 
P8331 2068 3 15 33 0 0 76 81 39 0 35 0 0 13 0 12 6 14 46 62 27 0 9 30 56 0 0 0 0 0 0 0 0 
P8331 2068 4 34 29 0 0 0 6 14 42 48 27 19 0 0 0 0 0 7 6 0 0 0 12 0 22 9 0 13 0 12 10 -999 
P8331 2068 5 0 0 0 19 16 0 0 0 0 0 9 0 43 0 0 0 0 0 0 0 17 12 0 0 0 0 0 0 0 0 18 
P8331 2068 6 0 20 0 25 18 0 16 0 0 0 0 0 0 0 0 0 0 0 0 0 0 0 0 0 0 0 0 0 0 0 -999 
P8331 2068 7 0 0 0 0 0 0 0 0 0 0 0 0 0 0 0 0 0 13 0 0 0 0 0 0 0 0 8 11 0 0 0 
P8331 2068 8 0 0 7 0 0 0 0 0 9 0 0 0 0 0 0 0 0 0 0 0 0 0 0 0 0 0 0 0 13 13 0 
P8331 2068 9 0 0 0 0 0 0 0 0 0 0 47 0 7 0 0 15 0 0 0 0 6 0 11 0 0 10 0 0 0 0 -999 
P8331 2068 10 0 0 9 0 0 0 0 0 0 0 28 15 8 0 0 0 0 0 0 0 0 0 0 0 0 0 5 0 0 0 0 
P8331 2068 11 0 10 17 0 0 0 0 0 1 0 0 0 0 0 0 7 0 0 0 0 17 20 9 0 9 0 0 0 0 0 -999 
P8331 2068 12 0 0 0 0 0 0 21 0 43 31 0 0 21 81 49 0 0 0 0 0 0 15 0 17 22 48 13 0 18 0 0 
P8331 2069 1 25 40 48 9 3 0 0 0 0 0 0 0 0 0 8 0 0 3 0 0 0 0 0 0 0 4 0 0 30 0 0 
P8331 2069 2 0 0 23 0 81 19 0 39 65 12 0 7 12 0 0 7 0 0 0 14 27 0 0 0 0 0 22 16 -999 -999 -999 
P8331 2069 3 30 0 0 19 17 23 0 12 11 0 0 0 0 0 0 0 0 0 0 0 0 0 0 17 0 0 0 33 30 0 49 
P8331 2069 4 22 0 0 0 17 0 18 18 20 22 0 21 0 0 0 12 0 0 0 0 12 0 0 0 28 31 0 0 0 0 -999 
P8331 2069 5 7 0 0 15 0 0 5 0 0 0 0 18 22 0 26 0 0 27 25 0 33 18 0 0 18 0 0 0 0 11 17 
P8331 2069 6 0 0 10 0 0 0 0 0 0 0 0 0 0 0 0 0 0 0 0 0 0 0 0 0 0 0 0 0 0 0 -999 
P8331 2069 7 0 0 0 0 0 0 0 0 0 0 0 0 0 0 0 0 0 0 0 0 0 0 0 0 6 0 0 0 0 0 0 
P8331 2069 8 0 0 0 0 0 0 0 0 0 0 11 0 0 0 0 0 0 0 6 0 0 0 0 0 0 0 0 0 0 0 0 
P8331 2069 9 8 0 0 0 0 0 0 0 0 0 0 0 0 0 0 0 0 4 0 0 0 0 0 0 0 10 0 0 20 0 -999 
P8331 2069 10 0 0 0 10 0 0 13 0 0 0 0 0 0 11 0 28 0 25 48 40 0 0 0 0 0 0 37 53 51 47 8 
P8331 2069 11 0 0 17 39 21 0 35 49 44 0 6 14 25 0 0 0 0 0 0 0 26 40 10 0 0 0 0 0 0 0 -999 
P8331 2069 12 0 0 11 0 11 0 0 13 12 0 0 0 12 10 11 20 0 0 0 9 16 20 24 0 5 0 0 0 28 25 0 
P8331 2070 1 0 0 0 29 11 22 48 63 69 0 36 17 0 0 0 0 0 0 0 0 0 4 0 9 0 2 0 2 0 0 0 
P8331 2070 2 20 0 12 0 0 3 0 3 0 13 17 0 9 0 0 10 12 10 0 17 0 22 31 46 0 37 55 27 -999 -999 -999 
P8331 2070 3 18 0 7 0 8 8 8 8 0 9 25 0 0 0 58 35 23 37 61 56 82 60 0 0 22 0 0 23 25 0 0 
P8331 2070 4 0 18 0 0 0 9 26 0 44 0 0 11 15 0 29 29 0 0 0 0 0 25 31 21 0 0 31 29 0 0 -999 
P8331 2070 5 0 0 26 0 39 39 23 0 19 0 0 0 0 0 0 0 0 0 0 18 27 22 17 0 0 0 9 0 0 0 0 
P8331 2070 6 0 0 0 29 0 6 0 0 0 0 0 0 5 0 0 0 0 0 3 4 0 0 0 0 0 0 0 0 0 0 -999 
P8331 2070 7 0 0 0 0 0 0 0 0 0 0 0 0 0 0 0 0 0 0 0 0 10 0 0 10 0 0 0 0 0 0 0 
P8331 2070 8 0 0 0 0 0 0 0 0 0 0 9 0 0 0 0 0 0 0 0 0 0 13 0 11 0 0 0 0 0 0 0 
P8331 2070 9 0 19 17 10 0 0 0 0 0 0 0 0 0 0 0 11 0 14 0 0 0 0 0 0 0 0 0 0 0 0 -999 
P8331 2070 10 25 11 0 0 0 15 0 0 0 25 21 0 33 0 0 0 41 0 0 7 0 0 0 0 0 0 0 0 0 0 0 
P8331 2070 11 12 0 0 0 0 0 0 0 0 0 5 0 5 0 0 0 11 0 7 0 16 23 13 2 0 0 18 47 47 16 -999 
P8331 2070 12 14 36 18 12 0 9 0 0 0 0 45 0 24 0 0 0 0 0 17 30 0 41 51 11 0 29 10 16 0 65 34 
P8331 2071 1 0 0 0 14 0 0 0 0 16 32 0 20 0 20 0 19 29 37 22 17 0 14 0 12 17 0 34 17 0 14 0 
P8331 2071 2 8 12 10 13 25 39 30 13 21 38 50 45 33 0 0 0 30 33 25 23 21 12 0 0 0 14 11 0 -999 -999 -999 
P8331 2071 3 0 0 0 0 19 19 30 0 0 23 28 0 12 25 22 0 16 22 22 0 0 0 0 0 10 0 0 0 9 0 0 
P8331 2071 4 0 60 0 37 14 0 0 0 0 0 0 14 0 19 0 0 0 12 12 24 29 49 41 35 44 0 0 0 0 0 -999 
P8331 2071 5 0 21 26 0 33 38 37 29 29 0 12 0 8 0 11 15 0 8 12 0 13 0 0 0 0 0 0 12 0 0 0 
P8331 2071 6 0 0 0 0 0 0 0 0 23 0 15 22 0 0 34 0 14 26 0 11 12 0 9 7 9 0 0 0 0 0 -999 
P8331 2071 7 0 0 0 18 0 16 0 7 0 0 0 0 0 0 0 0 0 12 0 0 0 0 0 0 0 0 17 0 0 0 0 
P8331 2071 8 0 0 0 0 0 21 0 0 0 0 0 0 0 0 0 0 0 0 0 0 0 0 0 0 0 0 29 0 0 0 0 
P8331 2071 9 0 0 0 0 0 0 0 14 0 0 0 0 6 0 0 0 0 0 0 0 0 0 0 0 0 0 0 0 21 0 -999 
P8331 2071 10 0 0 0 16 0 0 0 0 0 18 0 0 9 0 0 33 0 0 0 9 0 26 26 0 0 0 12 22 0 0 35 
P8331 2071 11 0 38 54 54 0 14 21 0 6 0 0 0 0 0 7 19 18 10 5 19 27 0 12 21 0 22 5 0 8 0 -999 
P8331 2071 12 0 19 0 0 0 69 64 71 47 80 56 77 51 40 0 0 0 0 20 16 5 2 0 0 31 71 33 0 0 0 25 
P8331 2072 1 22 18 10 0 0 0 0 0 12 0 0 0 0 0 0 0 10 0 0 18 26 0 13 11 0 0 34 0 19 0 0 
P8331 2072 2 0 30 0 22 0 0 13 0 9 0 0 0 0 0 0 0 0 9 34 27 0 15 11 0 0 0 10 0 -999 -999 -999 
P8331 2072 3 0 8 7 5 7 0 0 3 0 0 5 5 0 0 10 0 16 0 0 23 21 0 0 29 0 26 30 35 0 0 24 
P8331 2072 4 12 0 0 24 0 0 0 0 0 25 12 0 0 9 0 0 0 5 0 0 0 20 0 5 0 0 4 0 19 0 -999 
P8331 2072 5 23 24 11 0 17 0 0 0 0 0 0 0 20 19 14 0 0 0 0 0 0 0 0 10 0 0 0 0 0 0 11 
P8331 2072 6 0 0 0 0 15 32 0 0 0 0 0 25 0 0 0 0 11 0 0 9 0 0 0 17 16 0 0 0 0 0 -999 
P8331 2072 7 12 0 0 14 0 12 0 0 0 0 0 8 0 0 11 0 0 0 0 0 0 5 7 0 0 0 0 0 0 0 0 
P8331 2072 8 0 0 0 0 0 0 0 0 0 0 0 0 18 0 0 0 0 0 0 0 0 0 0 0 0 0 0 0 0 0 0 
P8331 2072 9 0 0 0 0 0 0 0 14 0 0 0 0 0 15 0 0 21 9 0 0 0 0 0 0 0 0 0 0 0 11 -999 
P8331 2072 10 0 0 0 0 0 0 0 0 0 0 0 13 0 0 18 0 0 0 6 5 0 0 0 0 0 0 0 8 3 0 0 
P8331 2072 11 0 0 0 22 7 32 5 0 0 17 0 7 18 52 0 0 0 0 15 17 0 0 12 0 0 0 0 0 0 0 -999 
P8331 2072 12 2 11 0 0 0 7 0 14 0 0 0 0 0 0 11 17 0 12 0 38 94 35 16 0 39 59 0 0 0 19 28 
P8331 2073 1 0 0 0 0 0 1 0 0 0 0 0 3 0 6 0 14 10 0 23 26 25 19 0 0 10 0 0 5 9 10 0 
P8331 2073 2 23 44 0 0 30 25 0 0 0 6 0 0 0 0 0 1 0 8 15 3 3 0 0 0 0 0 0 0 -999 -999 -999 
P8331 2073 3 60 46 9 0 0 21 18 0 32 30 18 15 20 0 0 19 14 13 17 22 34 0 0 0 0 0 0 68 98 33 0 
P8331 2073 4 15 0 0 10 0 32 0 0 13 21 0 28 37 0 0 0 0 10 0 0 0 0 20 55 51 46 24 19 0 0 -999 
P8331 2073 5 0 0 0 0 0 16 0 12 0 0 0 0 0 0 42 0 32 14 0 0 0 0 8 0 0 0 0 0 0 0 0 
P8331 2073 6 6 8 8 0 0 0 0 10 0 0 0 0 0 12 0 0 10 0 0 0 0 0 21 0 9 0 0 0 0 19 -999 
P8331 2073 7 0 0 0 0 0 0 0 0 0 16 0 12 0 0 0 13 0 0 0 0 0 0 0 0 0 0 0 0 0 12 0 
P8331 2073 8 0 0 0 0 0 0 0 0 0 0 11 0 0 0 0 0 0 0 9 15 0 0 0 0 4 0 0 0 0 0 0 
P8331 2073 9 0 9 0 0 0 0 0 0 0 0 0 0 0 0 0 0 0 0 0 0 0 0 0 25 0 0 0 0 0 0 -999 
P8331 2073 10 0 8 0 0 0 18 0 25 27 0 0 14 0 0 7 6 8 0 0 0 0 0 0 0 0 4 0 0 0 0 0 
P8331 2073 11 18 0 0 10 0 0 0 6 0 0 0 0 0 0 0 39 18 17 49 57 59 58 25 14 21 26 0 15 0 0 -999 
P8331 2073 12 1 2 0 0 0 0 0 0 0 0 0 0 0 0 5 4 0 0 14 32 0 0 0 0 18 0 0 24 72 54 138 
P8331 2074 1 113 29 24 81 105 102 44 0 35 45 31 30 25 10 0 0 0 0 0 0 0 0 3 0 0 0 0 0 0 0 0 
P8331 2074 2 0 0 7 0 7 0 5 9 0 0 0 20 26 0 20 0 47 29 0 19 0 0 0 0 0 50 66 93 -999 -999 -999 
P8331 2074 3 78 19 0 0 13 32 29 0 18 0 13 16 26 0 0 0 0 0 0 0 0 43 0 0 24 11 0 0 0 9 21 
P8331 2074 4 0 20 17 0 18 0 0 0 0 18 0 0 0 0 26 50 0 17 33 40 0 10 0 0 0 0 0 0 0 19 -999 
P8331 2074 5 0 0 15 0 0 12 0 14 0 0 34 46 33 0 30 0 20 23 0 0 0 20 0 0 6 9 0 0 10 0 0 
P8331 2074 6 0 0 0 21 0 0 0 0 0 24 0 0 6 5 4 0 0 0 16 0 0 0 0 0 0 0 0 0 0 0 -999 
P8331 2074 7 0 0 0 0 0 0 0 0 0 0 0 0 0 0 0 0 0 17 0 5 0 0 0 11 0 0 0 0 0 6 0 
P8331 2074 8 0 10 0 0 11 0 0 0 0 0 0 8 0 0 0 0 0 12 0 0 0 0 0 0 0 0 0 0 0 0 0 
P8331 2074 9 0 0 0 0 0 0 0 12 0 0 0 0 5 6 0 9 0 0 0 0 0 0 0 0 0 0 0 0 0 0 -999 
P8331 2074 10 0 0 0 0 0 11 10 0 0 0 0 0 5 0 0 0 0 0 0 0 20 0 41 0 0 0 0 0 0 0 6 
P8331 2074 11 0 0 0 0 16 0 0 0 0 13 0 0 0 0 0 12 20 9 0 41 24 0 10 23 22 0 0 0 9 0 -999 
P8331 2074 12 0 0 0 0 0 0 0 0 0 0 0 44 37 17 14 0 0 0 6 0 0 0 0 0 0 0 0 0 11 32 0 
P8331 2075 1 5 0 0 0 0 0 0 0 0 0 16 0 20 0 26 0 9 0 0 0 8 9 0 0 6 0 0 0 5 0 0 
P8331 2075 2 0 0 0 28 31 43 47 45 69 30 56 79 82 16 0 0 0 0 0 29 0 9 14 20 0 0 13 5 -999 -999 -999 
P8331 2075 3 0 32 29 13 0 0 0 0 3 0 0 0 0 0 0 10 14 19 25 0 0 33 33 51 53 28 14 0 0 0 0 
P8331 2075 4 0 21 0 0 22 43 64 103 93 0 0 0 11 0 6 0 0 15 30 0 38 0 22 0 0 19 0 0 0 0 -999 
P8331 2075 5 15 0 34 30 17 0 0 0 0 0 0 0 0 4 0 0 7 0 0 0 0 0 0 0 0 0 0 10 15 0 0 
P8331 2075 6 0 23 27 0 0 0 0 0 0 0 21 16 0 0 0 0 0 0 12 0 0 0 0 0 0 0 11 0 0 0 -999 
P8331 2075 7 0 0 0 0 0 13 0 0 0 13 0 0 0 0 0 0 0 0 0 6 0 0 0 0 0 8 0 0 0 0 0 
P8331 2075 8 0 0 0 0 0 0 0 0 12 0 0 14 0 0 0 0 0 0 13 18 0 0 11 0 0 0 0 0 0 0 0 
P8331 2075 9 0 0 0 0 14 0 0 0 10 0 0 0 0 0 0 4 0 0 0 0 0 0 0 0 12 14 0 0 0 0 -999 
P8331 2075 10 0 20 20 25 0 12 22 0 55 27 11 0 0 17 0 0 0 0 0 0 5 0 0 6 10 0 0 0 0 0 33 
P8331 2075 11 12 11 0 13 18 0 32 0 0 7 0 0 0 28 56 0 0 17 23 8 0 0 25 18 0 0 0 0 0 0 -999 
P8331 2075 12 0 13 32 33 26 16 19 0 40 13 16 18 13 0 25 0 13 0 0 0 9 4 0 0 0 0 0 0 0 0 1 
P8331 2076 1 0 0 0 0 0 0 10 0 6 0 0 6 6 0 0 0 0 0 0 0 0 0 0 0 0 0 0 0 11 0 0 
P8331 2076 2 0 0 0 4 0 0 0 0 0 0 0 0 0 0 0 8 0 0 0 0 27 0 4 0 0 0 0 0 -999 -999 -999 
P8331 2076 3 0 0 0 16 18 0 0 29 0 36 35 0 0 0 0 0 5 0 0 12 0 23 28 25 19 17 0 0 0 0 0 
P8331 2076 4 0 8 0 0 0 0 0 14 0 0 14 0 0 22 47 39 24 0 30 0 16 9 0 16 0 31 0 11 6 0 -999 
P8331 2076 5 0 0 28 19 0 12 0 0 0 0 0 9 0 0 21 0 0 18 0 0 0 0 0 0 0 0 0 0 0 0 0 
P8331 2076 6 19 0 0 0 0 7 0 0 0 0 0 0 0 0 0 0 0 0 0 0 0 0 0 0 0 0 7 0 0 0 -999 
P8331 2076 7 0 0 0 0 12 10 0 0 0 0 0 0 0 0 0 0 0 0 0 0 0 0 0 0 0 0 0 0 0 0 0 
P8331 2076 8 0 0 0 6 0 0 0 0 0 14 0 10 0 13 0 0 0 0 0 0 10 0 0 0 0 0 0 0 0 0 0 
P8331 2076 9 26 0 0 0 0 0 0 0 0 0 0 14 0 14 0 0 0 0 0 0 0 0 0 0 0 0 0 11 0 0 -999 
P8331 2076 10 0 0 0 0 0 0 0 0 0 0 0 0 0 0 0 0 0 0 0 0 0 0 7 0 13 15 22 0 36 8 7 
P8331 2076 11 0 0 0 0 0 0 0 6 0 0 0 0 21 0 11 0 0 19 21 0 26 35 31 10 0 0 0 0 25 18 -999 
P8331 2076 12 0 0 0 0 0 0 0 0 39 37 0 46 25 0 9 0 20 0 0 0 0 0 4 0 5 8 0 21 16 0 0 
P8331 2077 1 0 0 0 0 0 0 0 0 23 0 0 0 0 0 0 18 0 0 0 0 0 0 0 0 0 0 0 0 3 0 17 
P8331 2077 2 20 0 0 35 27 0 0 25 0 33 16 8 0 0 17 31 44 59 81 37 24 0 0 0 23 0 0 0 -999 -999 -999 
P8331 2077 3 0 0 13 0 24 43 52 47 18 25 24 27 0 11 0 0 0 0 30 22 33 0 37 37 0 13 0 0 0 0 0 
P8331 2077 4 0 21 6 0 0 0 0 0 0 0 0 7 9 0 18 23 22 0 22 21 0 0 11 9 0 0 40 17 0 0 -999 
P8331 2077 5 0 0 0 14 6 0 0 0 0 34 0 0 0 0 0 0 0 0 0 0 15 12 0 0 0 0 0 0 0 0 0 
P8331 2077 6 0 24 0 23 0 23 18 16 22 13 0 0 0 25 0 0 0 10 0 0 0 0 0 0 0 0 0 0 0 15 -999 
P8331 2077 7 0 15 0 0 0 0 0 0 34 0 0 13 25 0 0 0 0 0 14 0 0 0 0 26 14 0 0 0 0 0 0 
P8331 2077 8 0 0 0 0 0 0 0 0 0 0 0 0 0 0 4 0 9 0 0 0 12 0 0 0 0 0 0 0 18 0 11 
P8331 2077 9 0 19 0 0 0 0 0 0 0 0 0 10 0 0 14 0 0 9 0 0 0 0 0 0 0 0 0 0 18 18 -999 
P8331 2077 10 0 0 23 0 0 0 0 0 14 0 10 0 0 0 0 0 0 15 26 0 0 27 34 40 15 0 6 0 0 0 20 
P8331 2077 11 23 20 0 12 0 0 0 0 50 49 35 13 0 0 34 0 0 0 9 27 0 0 27 30 14 0 0 0 0 0 -999 
P8331 2077 12 0 37 44 43 19 34 38 80 0 0 63 17 0 0 0 0 0 0 6 0 3 0 0 5 9 14 20 0 0 5 22 
P8331 2078 1 60 80 89 78 39 58 0 13 0 37 26 18 46 36 38 38 0 0 0 0 10 0 6 0 10 0 0 0 5 5 0 
P8331 2078 2 4 0 7 0 3 0 0 0 0 0 0 0 0 0 0 0 7 0 0 13 0 0 0 0 38 66 0 22 -999 -999 -999 
P8331 2078 3 6 0 0 0 0 0 0 40 39 0 11 0 0 0 52 51 0 74 63 83 61 41 0 42 30 30 24 12 12 0 0 
P8331 2078 4 32 30 0 0 20 21 0 0 17 19 26 23 25 40 19 19 17 13 0 18 0 0 0 0 34 0 26 0 7 0 -999 
P8331 2078 5 0 0 31 0 17 9 0 0 0 0 0 0 0 0 0 0 0 31 0 0 0 0 0 0 0 0 0 0 23 0 0 
P8331 2078 6 23 25 23 21 21 0 0 12 11 0 14 0 0 0 0 0 0 9 0 0 0 0 0 0 14 0 0 0 0 0 -999 
P8331 2078 7 11 0 0 0 0 0 0 0 0 0 0 0 0 0 0 0 0 0 0 0 16 0 0 0 0 0 0 0 0 0 0 
P8331 2078 8 0 0 0 0 0 0 0 0 0 0 0 0 0 0 0 0 0 0 0 0 0 0 0 0 0 0 0 11 0 0 0 
P8331 2078 9 0 0 0 14 0 0 0 0 0 0 0 0 0 0 0 0 13 0 0 0 0 0 0 1 0 0 0 0 0 0 -999 
P8331 2078 10 0 0 0 8 0 0 0 0 17 0 0 0 0 0 0 0 0 36 14 0 44 11 0 12 0 0 0 8 0 17 0 
P8331 2078 11 0 22 0 0 0 0 0 0 0 7 8 0 8 0 0 0 0 36 18 0 0 0 0 0 6 0 5 0 0 0 -999 
P8331 2078 12 0 0 0 0 7 0 0 0 7 0 33 0 12 0 13 0 0 0 0 8 0 22 0 25 0 37 95 87 27 85 116 
P8331 2079 1 0 7 0 25 12 0 0 0 0 0 0 0 3 0 0 0 0 0 0 0 0 7 3 1 2 0 0 0 0 0 0 
P8331 2079 2 0 10 11 0 0 0 0 0 0 0 0 0 0 0 0 0 0 0 0 4 0 0 0 0 22 0 0 0 -999 -999 -999 
P8331 2079 3 0 18 13 9 0 20 0 0 0 0 8 0 11 0 0 4 0 0 0 6 5 0 0 0 0 14 13 0 7 0 0 
P8331 2079 4 0 16 21 25 26 0 13 0 0 0 0 0 18 25 36 0 15 12 0 18 0 11 0 0 0 12 10 0 4 0 -999 
P8331 2079 5 0 16 0 0 0 20 0 10 7 12 0 16 0 0 0 10 0 0 0 0 22 0 23 0 0 0 0 0 0 0 0 
P8331 2079 6 0 0 0 0 0 0 0 0 0 0 0 6 0 0 0 0 0 0 0 0 0 0 0 0 0 0 0 0 19 0 -999 
P8331 2079 7 0 0 0 4 0 0 0 0 0 0 0 0 0 0 0 0 0 0 0 0 0 0 0 0 0 0 0 10 0 0 0 
P8331 2079 8 0 0 10 0 0 0 0 10 14 0 0 7 0 12 12 0 0 14 0 0 0 0 0 0 0 0 0 0 22 0 0 
P8331 2079 9 0 0 0 0 0 0 0 8 4 0 0 0 15 0 0 0 0 0 0 0 0 10 0 11 0 0 0 0 0 0 -999 
P8331 2079 10 0 0 0 0 7 0 8 0 0 7 0 0 0 0 0 0 0 0 13 0 20 16 0 0 0 0 0 0 0 10 13 
P8331 2079 11 20 0 0 17 0 37 43 21 10 0 0 0 0 0 0 32 46 40 0 0 0 0 0 18 0 0 0 0 0 8 -999 
P8331 2079 12 0 36 54 0 0 22 0 3 0 0 2 2 0 0 1 0 0 0 0 0 0 0 0 0 9 8 6 6 9 0 10 
P8331 2080 1 0 8 0 0 0 0 0 0 0 0 0 15 0 0 0 0 2 0 0 0 1 0 0 0 7 0 10 0 0 0 0 
P8331 2080 2 0 0 0 0 22 0 20 25 48 60 71 52 53 25 0 10 0 0 48 61 66 21 0 0 0 2 0 18 -999 -999 -999 
P8331 2080 3 0 0 0 0 28 32 33 0 99 110 66 48 26 0 0 0 0 0 3 0 0 0 3 7 0 12 13 14 0 0 24 
P8331 2080 4 0 0 0 0 0 0 15 20 36 32 34 53 20 8 0 0 0 0 0 22 28 0 0 0 0 0 0 0 0 0 -999 
P8331 2080 5 18 0 0 0 0 16 0 16 0 0 0 26 0 0 23 0 0 0 0 0 0 0 0 0 22 0 0 24 29 0 0 
P8331 2080 6 0 14 0 24 0 28 0 0 0 0 0 9 0 0 0 29 0 0 0 0 0 14 0 0 0 0 0 0 0 0 -999 
P8331 2080 7 0 0 0 0 0 0 0 0 0 0 0 0 0 0 0 0 0 0 0 0 0 13 0 0 5 0 0 0 0 0 0 
P8331 2080 8 0 0 0 0 0 0 0 0 0 0 0 0 0 0 0 0 0 0 0 0 0 0 0 0 0 0 0 0 0 0 0 
P8331 2080 9 0 23 26 0 0 0 12 14 0 0 0 0 0 8 0 0 0 0 0 0 0 9 0 0 0 0 0 0 12 0 -999 
P8331 2080 10 11 0 25 33 46 42 21 43 29 27 0 0 0 0 0 0 5 3 5 12 11 0 0 0 0 0 0 8 0 0 0 
P8331 2080 11 30 24 28 17 28 0 8 0 0 19 0 10 0 0 20 17 0 0 0 0 0 0 0 0 8 12 0 0 12 22 -999 
P8331 2080 12 26 25 47 31 0 40 46 0 24 0 0 0 0 0 0 0 0 0 0 0 3 0 0 0 0 0 18 0 16 21 0 
P8331 2081 1 0 45 113 0 0 0 0 0 0 0 0 0 0 23 17 0 0 0 0 49 62 0 33 0 18 0 0 17 0 0 31 
P8331 2081 2 12 0 13 0 0 0 36 25 0 0 0 3 0 0 10 0 0 0 14 21 22 0 21 64 0 11 0 16 -999 -999 -999 
P8331 2081 3 19 17 23 42 30 17 0 0 0 36 0 0 22 23 0 0 32 77 42 57 39 67 57 37 0 0 0 0 32 36 47 
P8331 2081 4 61 20 0 0 0 16 0 20 0 0 0 0 0 0 25 32 0 0 17 0 17 0 32 0 32 17 0 33 36 39 -999 
P8331 2081 5 48 38 24 0 0 0 0 0 36 54 0 14 30 38 32 24 0 0 0 0 19 0 0 0 0 0 0 9 0 20 23 
P8331 2081 6 17 0 0 0 0 0 0 0 0 0 0 0 21 0 0 0 0 0 28 0 0 0 0 0 0 0 0 0 0 0 -999 
P8331 2081 7 0 0 0 0 0 0 0 0 19 0 17 0 0 0 0 0 0 11 0 0 0 0 0 0 0 0 0 0 0 0 0 
P8331 2081 8 0 0 0 11 0 0 0 0 0 0 0 0 0 0 0 11 15 0 0 0 0 0 0 0 10 0 0 0 0 0 0 
P8331 2081 9 0 0 0 0 10 0 0 4 0 0 0 0 0 10 0 0 0 0 18 0 0 0 10 14 0 0 0 0 0 13 -999 
P8331 2081 10 0 0 8 24 0 0 13 0 0 0 25 8 0 0 0 0 0 0 0 0 0 0 6 8 0 0 0 0 0 8 0 
P8331 2081 11 0 15 25 53 30 0 0 0 0 0 0 0 0 9 0 32 0 84 62 0 7 6 7 0 0 0 0 0 24 40 -999 
P8331 2081 12 0 0 0 18 20 72 57 56 51 0 21 56 84 63 33 0 0 0 10 0 7 10 13 0 8 0 18 0 0 0 7 
P8331 2082 1 17 15 0 22 12 0 12 0 0 0 31 23 25 16 0 0 27 40 0 0 30 70 41 23 29 30 0 24 6 0 0 
P8331 2082 2 0 0 0 0 0 0 0 0 0 0 0 4 0 18 0 0 0 0 10 12 12 8 0 0 0 34 23 0 -999 -999 -999 
P8331 2082 3 0 30 33 26 33 0 0 12 17 14 0 0 0 20 20 12 5 8 0 45 0 0 0 26 27 19 0 0 35 27 0 
P8331 2082 4 11 8 0 0 0 0 0 0 0 7 0 5 0 23 21 20 0 15 13 9 0 12 13 15 0 0 0 0 0 0 -999 
P8331 2082 5 27 16 0 0 0 15 20 0 0 0 0 0 0 0 18 0 0 21 0 0 0 0 11 0 0 0 0 0 10 0 0 
P8331 2082 6 0 0 0 0 0 0 0 0 11 0 15 0 0 0 0 0 0 18 0 0 0 0 7 0 0 0 0 0 0 11 -999 
P8331 2082 7 0 0 9 0 0 6 0 0 0 0 0 10 0 0 0 0 0 0 0 0 0 0 0 0 0 0 0 0 0 0 0 
P8331 2082 8 0 0 0 0 0 0 0 0 0 0 0 21 0 0 0 0 0 0 0 0 0 0 0 0 0 0 17 0 0 10 0 
P8331 2082 9 0 0 0 0 0 0 0 0 0 0 0 0 0 0 0 0 8 0 0 0 6 0 0 0 18 0 0 0 0 19 -999 
P8331 2082 10 0 0 7 7 7 0 0 0 0 0 0 0 0 0 0 14 0 0 13 14 0 0 33 18 0 0 0 6 10 19 15 
P8331 2082 11 0 56 0 0 9 0 0 9 9 13 0 11 0 24 0 32 111 89 33 0 0 0 0 0 2 0 0 0 0 0 -999 
P8331 2082 12 0 22 12 0 7 0 0 0 0 9 0 0 9 0 0 20 30 35 0 14 0 0 0 0 0 0 0 0 0 0 0 
P8331 2083 1 0 31 36 39 0 0 9 17 13 0 14 0 0 0 0 20 0 29 33 26 0 0 0 0 0 0 0 0 15 14 17 
P8331 2083 2 0 0 42 0 11 10 32 0 21 42 56 36 20 24 9 24 45 93 102 59 51 0 0 22 61 103 68 32 -999 -999 -999 
P8331 2083 3 28 0 18 0 0 6 0 0 0 6 0 11 0 18 0 19 0 0 0 17 22 36 55 82 0 0 69 53 0 0 0 
P8331 2083 4 0 0 14 0 0 0 0 20 0 0 0 0 0 0 38 26 0 0 0 0 0 6 0 0 0 0 0 0 0 0 -999 
P8331 2083 5 0 0 10 0 0 21 0 28 0 0 0 0 0 0 0 30 30 0 14 28 14 0 0 42 29 37 0 0 19 0 0 
P8331 2083 6 29 29 0 0 16 0 0 0 18 0 0 0 0 0 0 0 0 0 0 0 0 0 0 0 0 0 9 11 0 0 -999 
P8331 2083 7 0 0 0 0 0 0 0 0 0 0 0 0 0 0 0 0 16 13 0 0 0 0 0 0 0 0 0 0 0 0 0 
P8331 2083 8 0 0 0 0 0 0 0 0 0 0 0 0 17 0 0 0 0 11 0 0 0 0 0 0 0 0 0 0 0 0 8 
P8331 2083 9 0 0 0 0 0 0 0 0 0 0 0 0 0 0 0 19 0 0 11 0 0 0 0 0 0 11 0 6 0 10 -999 
P8331 2083 10 0 0 0 0 33 0 0 16 0 16 0 0 0 0 0 0 8 0 0 0 16 0 0 0 15 7 0 7 8 0 0 
P8331 2083 11 0 9 0 40 0 0 0 0 0 0 0 30 44 29 0 0 27 0 0 0 0 0 7 0 0 0 10 8 13 18 -999 
P8331 2083 12 34 28 19 7 21 0 30 58 91 23 15 0 10 0 76 0 12 0 15 0 0 0 0 0 24 7 0 3 0 8 11 
P8331 2084 1 11 10 13 0 0 0 0 7 0 0 7 2 0 0 0 11 18 0 13 0 0 27 19 16 0 47 34 0 22 38 34 
P8331 2084 2 0 0 5 0 0 0 19 28 29 39 0 0 18 0 0 0 0 0 0 0 0 0 0 0 15 27 44 14 -999 -999 -999 
P8331 2084 3 0 0 25 0 39 8 0 0 0 0 15 0 0 0 24 30 70 0 0 13 0 0 0 0 10 0 0 0 11 0 0 
P8331 2084 4 14 20 21 0 33 0 13 0 0 0 19 22 23 0 16 11 11 0 6 0 0 0 5 0 0 0 0 13 26 0 -999 
P8331 2084 5 0 0 0 0 0 16 32 0 0 0 0 0 12 17 7 0 0 0 0 0 0 0 15 0 0 0 26 19 0 0 0 
P8331 2084 6 0 0 0 0 0 0 0 0 0 0 0 0 0 0 0 0 0 0 0 0 0 0 13 12 11 0 0 0 0 0 -999 
P8331 2084 7 17 0 0 0 0 0 0 0 0 0 0 0 0 0 0 0 0 0 0 25 0 0 0 0 0 0 0 0 0 0 0 
P8331 2084 8 0 0 0 0 0 0 0 0 0 0 0 0 0 0 0 6 0 0 9 14 0 0 0 0 0 0 0 0 0 0 0 
P8331 2084 9 0 0 0 0 0 13 0 0 0 0 0 0 10 0 25 0 0 0 0 9 0 0 0 0 0 0 0 0 0 0 -999 
P8331 2084 10 0 0 0 0 17 0 0 12 12 0 0 0 0 0 0 0 0 0 7 0 0 13 0 8 0 0 20 0 62 60 52 
P8331 2084 11 0 0 56 18 14 0 0 43 65 0 0 3 4 0 0 13 17 13 13 7 0 0 0 0 0 5 11 0 28 0 -999 
P8331 2084 12 21 12 22 0 23 9 9 0 31 0 40 48 68 54 29 0 23 13 0 0 0 0 0 0 0 1 0 0 22 0 7 
P8331 2085 1 0 0 6 0 0 4 4 0 0 0 0 5 0 0 0 27 26 0 0 9 11 0 51 84 42 0 0 0 7 0 0 
P8331 2085 2 3 0 0 13 16 29 29 24 18 28 52 54 39 17 0 8 3 0 0 0 5 3 9 0 9 1 0 0 -999 -999 -999 
P8331 2085 3 0 0 0 0 0 0 0 0 0 0 41 56 83 39 37 46 0 0 0 0 13 0 0 19 0 10 0 9 0 6 0 
P8331 2085 4 0 0 0 0 0 0 22 18 18 0 22 41 0 40 48 37 0 0 0 0 0 0 0 8 0 11 11 0 15 0 -999 
P8331 2085 5 28 0 0 0 0 0 33 36 35 27 0 16 0 21 0 8 0 11 0 0 0 0 12 0 0 0 19 0 0 0 0 
P8331 2085 6 0 0 0 0 0 0 0 0 0 0 0 0 11 0 10 0 0 6 0 0 0 0 10 0 0 0 0 0 0 0 -999 
P8331 2085 7 0 0 0 0 0 0 16 0 0 11 0 0 0 0 0 0 0 0 0 0 17 13 0 0 0 0 0 0 0 0 0 
P8331 2085 8 0 0 0 0 0 0 0 0 0 0 0 0 0 0 0 0 0 0 0 0 0 0 11 0 12 9 0 0 0 0 0 
P8331 2085 9 0 0 0 22 0 24 0 0 0 0 0 0 0 0 0 0 0 0 0 7 0 14 9 0 0 8 0 0 0 0 -999 
P8331 2085 10 0 0 23 0 0 0 0 0 0 0 19 0 0 17 17 0 0 16 0 0 9 0 0 9 18 23 35 29 15 0 0 
P8331 2085 11 8 0 15 15 0 0 0 0 0 0 0 0 0 0 8 25 68 29 17 35 32 37 19 0 0 0 0 32 38 24 -999 
P8331 2085 12 50 53 14 0 23 40 33 0 0 0 0 0 16 0 7 0 11 13 0 9 0 23 0 0 0 0 0 0 0 8 0 
P8331 2086 1 5 0 9 11 10 10 0 0 0 0 8 0 0 0 41 14 24 66 43 30 16 0 0 0 0 0 0 0 0 8 0 
P8331 2086 2 0 0 0 23 0 16 33 49 24 0 11 21 30 23 19 22 0 0 0 0 0 0 0 0 0 5 0 5 -999 -999 -999 
P8331 2086 3 0 0 0 0 2 0 0 0 0 0 0 0 0 0 4 0 12 0 0 0 0 7 0 0 0 8 8 0 0 0 0 
P8331 2086 4 0 0 0 8 14 33 35 27 0 0 6 0 0 32 42 27 14 16 0 0 0 0 0 0 0 0 0 33 0 0 -999 
P8331 2086 5 0 30 18 40 41 0 0 0 0 5 0 13 0 0 0 0 11 0 0 0 0 13 0 0 0 0 0 8 0 0 0 
P8331 2086 6 0 0 0 0 0 0 0 0 0 0 0 0 0 0 0 0 0 0 23 0 0 0 0 8 0 0 0 0 0 0 -999 
P8331 2086 7 13 0 0 0 0 0 0 0 0 0 0 0 0 22 15 13 0 6 0 0 0 0 0 0 0 0 0 0 0 0 0 
P8331 2086 8 0 0 0 0 0 0 0 0 0 9 0 0 0 0 0 0 0 0 0 0 0 0 0 0 0 0 0 0 0 0 0 
P8331 2086 9 0 0 0 19 0 0 0 0 0 0 0 0 0 27 14 0 0 0 0 0 0 13 0 0 9 0 0 0 0 0 -999 
P8331 2086 10 0 0 0 0 0 0 0 0 16 0 0 0 0 0 0 0 12 12 0 11 0 0 0 0 0 0 12 0 8 0 0 
P8331 2086 11 8 0 38 12 23 0 0 12 0 0 0 36 0 0 18 0 7 12 29 0 42 23 8 0 0 0 0 12 24 0 -999 
P8331 2086 12 0 0 12 0 0 0 0 0 0 0 0 0 0 0 12 8 0 8 24 0 15 0 91 83 0 21 0 0 0 0 0 
P8331 2087 1 0 0 0 0 0 13 24 61 0 19 0 0 1 0 0 0 5 0 0 9 0 13 18 3 0 7 0 1 0 0 31 
P8331 2087 2 32 0 9 0 3 0 0 0 0 0 0 7 8 15 0 12 0 0 0 0 0 0 0 0 12 0 23 0 -999 -999 -999 
P8331 2087 3 49 74 49 22 0 15 0 31 0 22 33 30 28 0 0 0 0 0 0 0 0 40 41 35 24 0 8 0 0 0 0 
P8331 2087 4 0 0 10 0 0 0 7 0 0 0 0 0 0 0 0 70 43 15 0 0 0 54 34 34 36 41 16 11 0 0 -999 
P8331 2087 5 0 0 0 0 0 21 0 0 0 15 0 0 11 13 0 0 0 0 0 0 0 0 0 0 0 0 27 0 0 0 0 
P8331 2087 6 15 0 0 0 0 0 0 0 0 0 0 0 0 0 5 8 0 0 0 0 0 0 0 0 0 0 0 0 0 0 -999 
P8331 2087 7 0 0 0 0 0 0 0 0 0 8 0 0 0 0 0 0 0 0 0 0 0 0 0 0 0 0 0 0 0 0 0 
P8331 2087 8 0 9 0 0 0 0 0 0 0 0 0 0 0 0 0 0 0 0 0 0 0 0 0 0 0 0 0 0 0 14 0 
P8331 2087 9 0 0 0 0 15 0 0 0 0 0 0 0 0 9 10 0 0 0 0 15 0 0 14 0 0 0 0 0 0 0 -999 
P8331 2087 10 0 0 20 34 0 0 0 0 0 0 0 0 0 9 0 0 0 14 0 0 0 0 0 0 0 0 0 0 0 0 0 
P8331 2087 11 0 0 0 3 0 0 0 0 0 0 0 0 0 0 0 0 0 0 0 0 0 0 4 0 0 0 0 0 0 0 -999 
P8331 2087 12 13 12 0 0 0 3 0 0 18 16 0 0 9 0 0 4 5 0 12 0 0 0 40 51 0 36 0 0 0 43 17 
P8331 2088 1 0 8 0 9 0 0 0 0 0 0 0 0 0 0 0 0 0 3 5 0 0 0 0 0 10 0 17 0 0 0 0 
P8331 2088 2 0 0 0 11 21 32 42 0 62 0 0 0 0 5 0 0 0 0 19 12 0 0 15 16 0 0 28 17 -999 -999 -999 
P8331 2088 3 24 29 44 0 25 0 0 0 9 0 0 0 0 0 0 0 7 0 15 10 0 11 15 24 26 17 32 0 0 0 0 
P8331 2088 4 2 0 0 17 25 30 0 38 0 0 26 33 0 0 0 0 0 0 0 0 23 0 34 0 0 0 0 0 12 0 -999 
P8331 2088 5 16 0 18 0 0 17 21 0 0 0 17 0 11 0 0 23 0 17 0 0 8 8 0 0 0 0 0 0 0 21 0 
P8331 2088 6 0 0 0 0 0 0 0 0 0 0 0 0 0 0 0 0 0 0 0 0 0 0 0 0 0 0 0 0 0 0 -999 
P8331 2088 7 0 0 0 0 0 0 0 0 0 0 0 0 0 0 0 0 0 0 0 0 0 0 0 0 0 0 0 0 0 0 0 
P8331 2088 8 0 0 0 0 0 0 0 0 0 0 7 0 0 0 0 0 0 0 0 0 0 0 0 0 0 0 0 0 0 0 0 
P8331 2088 9 0 0 0 8 0 0 0 0 0 0 0 14 0 0 0 0 0 0 0 5 0 0 0 0 0 0 0 0 0 0 -999 
P8331 2088 10 0 0 10 0 10 0 0 0 0 0 0 0 0 0 0 7 1 0 0 0 14 0 0 0 30 45 70 38 0 0 10 
P8331 2088 11 10 0 10 0 0 0 0 7 0 0 25 23 0 0 28 42 18 84 41 0 6 12 12 3 0 0 0 0 32 0 -999 
P8331 2088 12 0 18 0 0 0 19 0 0 17 0 0 0 0 0 0 13 0 0 0 0 0 0 0 0 21 17 11 0 8 0 0 
P8331 2089 1 0 0 0 0 21 23 25 41 55 68 83 85 106 31 0 0 0 0 0 0 0 0 5 2 0 0 0 0 0 8 0 
P8331 2089 2 28 33 23 16 38 41 0 73 127 38 20 31 65 43 0 0 0 0 0 0 0 0 10 0 10 0 14 12 -999 -999 -999 
P8331 2089 3 14 0 38 45 28 23 0 0 25 0 18 11 0 36 48 48 48 41 17 14 0 0 8 23 63 70 22 26 0 36 73 
P8331 2089 4 88 74 0 8 4 0 13 11 28 0 1 0 0 0 15 0 0 0 0 21 37 32 0 23 0 45 0 19 0 0 -999 
P8331 2089 5 27 0 0 0 0 0 0 20 0 13 12 0 0 0 0 0 32 0 10 17 0 13 0 0 23 22 12 0 0 0 0 
P8331 2089 6 0 0 0 0 7 0 0 0 0 0 0 0 0 0 0 0 0 0 0 0 0 0 0 0 0 0 0 0 0 0 -999 
P8331 2089 7 0 0 0 0 0 0 0 0 0 0 0 0 0 0 19 0 0 0 0 0 7 8 0 0 0 0 0 0 0 0 0 
P8331 2089 8 0 0 0 0 13 0 0 0 0 0 0 0 0 0 0 0 0 0 0 0 0 0 0 0 0 0 0 13 0 0 0 
P8331 2089 9 0 0 0 0 0 0 0 0 4 0 0 0 0 0 0 10 0 10 0 0 0 0 0 0 0 0 0 0 5 0 -999 
P8331 2089 10 0 0 0 0 0 0 0 0 0 0 0 0 0 0 0 0 0 0 0 0 0 0 0 0 0 0 5 0 5 0 0 
P8331 2089 11 12 0 0 0 0 0 7 0 0 0 11 0 8 0 0 0 0 0 0 7 0 0 14 26 49 41 20 13 22 38 -999 
P8331 2089 12 67 0 0 16 24 28 0 60 0 0 44 0 0 0 0 2 0 0 11 0 19 0 0 0 0 0 0 0 0 0 0 
P8331 2090 1 0 2 8 9 0 0 0 10 34 33 0 0 0 0 39 20 4 0 0 0 0 0 0 0 0 0 0 0 0 0 0 
P8331 2090 2 0 0 0 20 21 38 29 0 0 31 27 0 18 0 0 0 0 14 0 0 0 10 0 28 0 29 52 0 -999 -999 -999 
P8331 2090 3 99 60 0 0 0 0 0 0 5 0 11 27 0 49 38 28 0 16 31 39 21 23 21 11 17 26 17 0 0 0 22 
P8331 2090 4 0 25 34 40 0 24 40 27 25 19 24 0 0 0 50 49 0 0 0 0 3 0 0 0 0 21 12 0 0 0 -999 
P8331 2090 5 0 0 0 21 0 5 0 0 0 0 0 7 0 19 26 15 0 0 0 0 0 0 0 0 0 0 24 0 24 33 26 
P8331 2090 6 0 17 0 4 0 0 12 0 0 0 0 0 0 0 0 0 0 7 0 0 0 0 0 0 0 16 0 0 0 0 -999 
P8331 2090 7 0 0 0 0 0 0 0 8 0 0 0 0 0 0 0 0 0 0 0 0 0 0 0 0 0 0 0 0 0 0 0 
P8331 2090 8 0 0 0 0 0 0 0 0 0 0 0 0 0 0 0 0 24 0 0 0 15 0 0 0 0 0 0 0 0 0 0 
P8331 2090 9 0 0 0 0 0 0 0 10 0 0 0 0 19 0 0 0 0 0 0 0 0 0 0 0 9 0 0 0 15 0 -999 
P8331 2090 10 0 0 0 18 29 31 0 13 9 0 0 21 16 19 0 0 19 16 0 0 0 0 0 0 22 0 0 22 39 31 29 
P8331 2090 11 0 0 13 0 0 0 18 0 0 0 47 33 14 22 0 37 0 21 0 0 0 0 14 23 0 23 0 0 9 9 -999 
P8331 2090 12 0 26 67 0 24 26 22 0 12 0 0 15 0 13 0 0 5 0 0 14 0 0 0 12 0 26 26 0 0 0 0 
P8331 2091 1 3 3 0 0 0 0 14 15 0 0 0 0 15 0 0 0 0 12 32 5 0 0 3 0 0 8 8 0 0 0 0 
P8331 2091 2 0 17 8 0 5 0 6 6 5 0 0 0 0 0 0 0 8 31 106 95 46 41 58 31 22 31 38 30 -999 -999 -999 
P8331 2091 3 24 0 8 10 21 41 31 0 0 0 0 0 0 0 0 0 0 0 0 14 0 13 0 2 0 0 0 0 0 4 9 
P8331 2091 4 10 0 0 0 3 0 0 39 0 9 18 25 33 29 0 0 29 34 0 31 0 19 0 0 0 4 0 0 0 0 -999 
P8331 2091 5 19 0 43 32 34 24 0 0 8 0 0 0 0 0 0 0 0 0 0 0 8 0 0 0 0 0 0 0 0 0 17 
P8331 2091 6 0 23 0 0 0 15 0 0 0 0 0 0 0 30 0 24 0 0 11 0 0 0 0 0 0 0 0 0 15 0 -999 
P8331 2091 7 11 0 0 0 0 0 0 0 0 0 4 0 0 0 10 0 0 0 0 0 0 0 0 0 0 0 0 0 0 0 0 
P8331 2091 8 0 0 0 0 0 0 0 0 0 0 0 9 0 0 0 0 0 0 0 0 0 0 0 0 0 5 0 0 0 0 0 
P8331 2091 9 0 0 0 0 0 0 0 0 0 0 0 0 0 0 0 0 10 0 0 0 0 0 6 0 0 0 0 0 7 0 -999 
P8331 2091 10 0 0 0 0 0 0 0 0 0 14 18 23 0 14 0 19 25 0 0 0 12 0 0 0 0 0 0 40 57 48 41 
P8331 2091 11 50 0 0 0 0 0 0 13 0 3 0 0 0 26 27 0 23 20 18 14 0 9 0 34 0 0 29 21 0 0 -999 
P8331 2091 12 0 40 0 6 11 15 0 0 3 0 0 0 0 0 6 11 0 9 0 0 0 4 0 0 0 5 0 11 0 0 2 
P8331 2092 1 0 0 1 0 0 0 0 10 5 0 0 24 26 16 23 0 28 0 33 97 52 42 0 37 31 0 40 31 45 44 30 
P8331 2092 2 0 27 45 0 0 42 66 0 31 47 40 14 13 37 51 0 0 47 27 30 31 0 23 0 0 0 0 0 -999 -999 -999 
P8331 2092 3 22 48 9 0 0 9 33 0 16 17 16 0 21 0 40 0 53 35 0 42 44 48 0 112 0 42 0 0 35 0 0 
P8331 2092 4 23 28 0 23 0 0 10 0 0 0 0 0 0 17 0 0 0 0 0 15 0 0 18 16 0 0 0 34 0 31 -999 
P8331 2092 5 21 8 0 0 0 0 0 23 21 0 0 0 0 0 0 0 47 31 0 0 0 0 7 0 0 0 0 0 0 0 0 
P8331 2092 6 0 0 0 14 0 0 0 11 0 0 0 0 0 20 0 18 0 0 0 7 0 0 0 0 0 0 0 10 0 0 -999 
P8331 2092 7 0 0 0 0 0 0 0 0 0 0 0 0 0 0 0 0 0 0 0 11 9 0 0 0 0 0 0 0 0 0 0 
P8331 2092 8 0 0 0 0 0 0 0 12 0 0 0 0 0 0 10 20 18 0 0 0 0 0 0 0 0 0 0 0 0 0 0 
P8331 2092 9 0 0 0 0 0 0 0 0 0 0 20 15 0 0 0 8 0 10 0 0 0 21 10 0 0 9 0 0 0 12 -999 
P8331 2092 10 0 0 6 0 0 0 0 0 0 0 0 41 15 0 0 0 6 0 0 0 0 0 0 0 0 6 6 7 0 0 0 
P8331 2092 11 0 0 0 34 22 15 17 12 10 11 0 0 107 75 63 0 11 12 14 0 14 0 0 47 47 34 0 0 0 0 -999 
P8331 2092 12 0 0 25 7 6 0 17 18 31 38 0 0 0 8 15 0 0 0 11 0 63 62 33 47 0 33 19 24 55 39 0 
P8331 2093 1 62 0 0 21 0 0 0 0 0 0 0 30 25 21 45 52 23 28 37 5 0 0 0 0 13 0 0 0 49 0 54 
P8331 2093 2 58 28 0 5 0 0 0 5 0 0 0 0 0 18 0 21 32 30 21 48 0 0 0 12 10 15 25 0 -999 -999 -999 
P8331 2093 3 0 0 0 5 13 0 7 13 0 0 0 41 0 0 0 5 9 0 0 17 15 18 15 8 14 0 26 30 0 0 0 
P8331 2093 4 19 0 20 0 0 0 0 0 0 0 15 0 0 0 0 0 0 20 0 0 0 28 22 0 0 35 33 30 28 0 -999 
P8331 2093 5 26 35 41 0 0 0 0 0 0 0 0 0 0 0 0 0 0 0 0 0 0 22 14 0 0 0 9 0 0 0 0 
P8331 2093 6 0 0 0 0 0 0 0 0 0 0 0 0 23 0 0 0 12 0 0 0 0 0 0 0 0 11 0 0 0 0 -999 
P8331 2093 7 0 0 0 0 0 0 0 0 0 0 0 0 0 12 0 0 0 0 0 0 0 0 0 0 0 0 0 0 0 0 0 
P8331 2093 8 0 0 0 0 0 0 0 0 0 0 0 0 0 0 0 0 0 13 0 0 0 0 0 0 0 0 0 0 13 0 0 
P8331 2093 9 0 0 0 0 0 0 0 0 0 0 0 0 0 0 0 11 0 0 0 0 0 0 0 0 0 0 9 0 12 0 -999 
P8331 2093 10 0 0 0 5 0 14 0 0 0 10 0 0 0 0 0 50 64 0 0 0 0 0 0 0 8 12 0 0 0 0 0 
P8331 2093 11 0 28 13 0 0 2 0 0 0 0 0 19 0 0 0 0 0 0 0 0 0 0 0 0 0 0 0 0 0 0 -999 
P8331 2093 12 0 5 0 0 0 0 0 0 0 0 0 0 0 0 0 0 0 0 0 0 0 0 0 0 0 0 0 0 0 3 0 
P8331 2094 1 0 0 0 9 0 0 0 7 0 0 10 0 2 0 0 0 0 30 51 48 40 86 79 108 93 71 0 86 31 42 23 
P8331 2094 2 32 26 35 61 0 9 5 0 14 0 0 0 0 0 0 0 0 0 0 6 0 0 0 0 0 0 0 0 -999 -999 -999 
P8331 2094 3 0 0 0 0 9 0 0 0 0 0 0 0 0 0 5 0 13 17 0 22 0 0 0 19 10 0 0 0 45 50 56 
P8331 2094 4 77 82 61 14 0 0 0 37 12 14 19 0 0 0 0 19 0 0 0 0 0 34 0 0 0 28 0 0 0 0 -999 
P8331 2094 5 0 19 0 0 0 0 0 0 0 11 0 0 0 0 0 0 0 15 7 0 0 0 0 0 0 0 0 0 0 0 0 
P8331 2094 6 0 0 0 0 0 0 0 0 0 0 0 26 15 0 0 0 0 0 0 0 0 0 0 0 0 0 7 7 0 0 -999 
P8331 2094 7 0 0 0 0 0 0 0 0 0 0 0 0 0 0 0 0 0 0 0 15 0 0 0 0 0 0 0 0 0 14 0 
P8331 2094 8 0 0 0 0 0 0 9 0 0 0 0 0 0 0 0 0 0 0 0 10 0 0 0 0 0 0 0 0 9 0 0 
P8331 2094 9 25 0 0 15 0 0 0 0 0 0 0 0 0 0 0 0 0 0 8 0 0 0 0 0 0 0 0 0 0 0 -999 
P8331 2094 10 0 0 0 12 10 0 0 0 0 0 0 0 0 0 0 15 20 0 19 27 29 27 33 49 0 0 0 23 0 0 0 
P8331 2094 11 12 4 2 0 0 0 0 0 0 16 0 0 0 0 0 9 15 19 0 0 18 15 27 40 0 19 0 0 0 27 -999 
P8331 2094 12 9 0 0 0 0 0 0 0 0 0 0 0 0 0 0 0 0 0 11 17 11 0 0 0 2 0 0 0 0 0 22 
P8331 2095 1 29 32 32 56 0 0 0 36 56 0 13 10 9 0 11 0 0 0 0 0 9 9 18 29 38 0 32 30 0 13 0 
P8331 2095 2 0 21 0 12 0 0 0 0 8 0 10 0 0 0 0 0 0 0 0 0 0 4 0 0 0 0 0 0 -999 -999 -999 
P8331 2095 3 0 0 0 0 0 0 14 0 0 13 0 0 0 9 0 0 0 5 0 0 0 0 0 0 0 0 0 30 39 0 25 
P8331 2095 4 34 47 84 35 16 0 0 0 9 0 0 0 0 0 31 0 0 30 23 18 29 0 0 24 0 0 0 0 0 0 -999 
P8331 2095 5 0 0 0 0 0 0 0 0 13 0 0 0 9 0 0 0 0 0 0 0 0 0 0 0 0 8 0 0 14 24 14 
P8331 2095 6 0 15 0 0 0 29 0 0 0 0 19 22 0 19 0 12 0 0 0 0 0 19 0 0 0 0 0 0 0 0 -999 
P8331 2095 7 0 0 0 8 0 0 0 0 0 16 0 0 0 0 0 0 0 0 0 0 0 0 0 0 0 0 0 0 0 0 0 
P8331 2095 8 0 0 0 0 0 0 0 0 0 0 0 0 0 0 0 0 0 0 0 0 0 0 0 13 0 0 0 0 0 0 0 
P8331 2095 9 0 0 0 0 0 0 0 0 0 0 0 0 0 0 0 0 11 0 0 0 0 0 12 18 18 0 0 9 0 0 -999 
P8331 2095 10 0 0 0 0 0 0 0 0 0 13 0 0 0 20 0 0 0 0 0 0 0 0 0 0 0 0 0 0 0 0 0 
P8331 2095 11 0 7 13 0 0 11 0 22 0 24 0 18 0 13 11 23 37 0 0 13 29 71 53 77 44 0 0 0 4 0 -999 
P8331 2095 12 0 1 0 0 0 0 9 0 57 39 10 0 10 28 50 0 0 0 11 25 0 15 0 0 49 105 59 22 0 0 0 
P8331 2096 1 50 0 0 0 23 0 21 0 38 39 0 9 9 0 30 21 11 7 0 0 0 0 0 3 0 0 0 0 0 0 14 
P8331 2096 2 13 0 27 0 13 0 6 0 8 7 7 0 0 19 33 54 0 0 0 0 0 0 0 0 7 11 0 0 -999 -999 -999 
P8331 2096 3 0 16 11 0 7 0 0 0 0 0 5 0 0 0 4 0 0 0 0 15 27 62 87 24 0 0 23 42 39 0 0 
P8331 2096 4 11 0 7 5 0 0 8 8 3 0 3 0 0 0 0 45 0 17 0 0 0 0 0 0 13 0 0 0 0 0 -999 
P8331 2096 5 0 0 0 16 0 0 0 0 0 0 0 9 0 0 0 0 0 0 0 0 0 0 0 0 0 22 22 0 18 0 0 
P8331 2096 6 0 0 19 0 25 29 0 12 0 0 0 0 0 8 16 0 0 6 0 0 0 11 0 0 0 8 0 0 0 0 -999 
P8331 2096 7 0 0 0 14 0 0 0 0 13 0 0 0 0 0 0 0 0 0 0 0 0 0 0 0 0 0 0 0 10 0 0 
P8331 2096 8 0 0 0 0 0 0 0 0 0 0 0 0 0 0 0 0 12 0 0 0 0 12 0 0 0 12 0 0 0 0 0 
P8331 2096 9 0 0 0 0 0 0 0 0 0 0 0 0 0 0 0 0 0 0 21 0 0 14 0 12 0 5 0 0 0 0 -999 
P8331 2096 10 20 0 0 0 0 0 0 0 0 0 0 0 0 0 0 0 0 0 0 0 0 27 0 0 0 0 0 0 0 8 0 
P8331 2096 11 0 0 5 0 0 0 0 0 0 0 0 0 0 0 16 0 0 3 0 0 0 0 0 11 0 0 0 0 0 0 -999 
P8331 2096 12 5 4 0 0 7 0 0 3 0 0 0 0 8 0 27 0 17 36 0 0 0 11 13 22 0 0 0 0 0 0 0 
P8331 2097 1 0 20 13 0 0 0 9 7 0 0 5 0 0 0 0 0 0 0 0 0 11 10 0 0 41 42 33 0 16 29 0 
P8331 2097 2 0 12 21 25 0 0 0 3 0 0 0 0 3 0 0 0 0 0 0 8 0 0 0 0 0 18 0 0 -999 -999 -999 
P8331 2097 3 0 30 59 0 13 18 38 0 0 0 0 0 1 0 0 0 0 0 0 0 0 8 0 29 30 0 19 12 33 0 0 
P8331 2097 4 0 0 0 0 9 0 0 0 0 0 0 31 35 29 0 0 0 0 0 31 22 10 0 50 45 0 0 0 0 0 -999 
P8331 2097 5 4 0 0 0 0 0 24 0 0 14 0 0 0 0 20 0 28 21 19 31 0 0 32 0 6 0 0 0 0 3 0 
P8331 2097 6 0 13 0 0 0 0 0 0 0 0 0 0 0 0 0 0 0 0 0 0 0 0 0 0 0 0 11 0 0 12 -999 
P8331 2097 7 0 0 0 0 0 0 0 0 0 0 0 0 0 0 0 0 0 0 12 0 0 7 0 0 0 0 0 0 0 0 0 
P8331 2097 8 0 0 0 0 0 0 0 0 0 0 0 0 0 0 0 0 0 0 0 0 0 0 0 0 22 0 0 0 11 0 0 
P8331 2097 9 0 0 0 0 0 0 10 10 0 23 0 0 7 11 14 0 10 0 0 9 9 0 0 0 0 4 0 0 0 0 -999 
P8331 2097 10 0 0 4 0 0 9 0 7 0 16 0 0 0 0 31 0 33 58 0 13 8 20 20 9 3 0 0 2 0 0 0 
P8331 2097 11 0 0 0 10 7 0 0 4 0 0 0 0 0 0 0 0 0 0 0 3 0 0 0 8 7 0 0 8 0 0 -999 
P8331 2097 12 21 0 0 0 0 0 0 0 0 0 0 0 0 0 0 0 0 0 0 3 0 0 0 0 0 0 0 22 18 19 0 
P8331 2098 1 0 0 12 0 0 23 0 0 6 0 0 0 0 0 0 0 7 10 0 29 32 22 13 22 0 0 8 0 9 0 0 
P8331 2098 2 0 7 0 0 8 0 0 0 0 0 0 0 0 0 0 0 0 18 18 0 0 15 29 15 0 0 0 0 -999 -999 -999 
P8331 2098 3 0 0 0 11 8 24 0 0 0 0 0 7 0 9 0 22 0 0 0 0 0 0 0 0 0 0 0 0 0 0 13 
P8331 2098 4 0 0 0 0 0 20 25 15 0 0 6 0 0 0 4 0 0 0 0 5 0 0 46 19 0 0 0 0 0 0 -999 
P8331 2098 5 0 0 0 23 0 35 0 28 34 0 47 48 29 17 19 0 21 9 0 14 18 20 17 29 0 0 0 0 3 0 0 
P8331 2098 6 0 0 0 0 0 0 15 26 0 0 0 0 0 12 15 0 0 0 0 0 0 0 0 0 0 0 0 0 0 0 -999 
P8331 2098 7 0 0 0 0 0 0 0 0 0 0 0 0 12 12 0 0 0 0 0 0 0 0 0 0 0 0 0 0 0 0 0 
P8331 2098 8 22 0 16 0 0 0 0 0 0 9 0 0 0 0 0 0 0 0 0 0 16 20 0 0 0 0 0 0 0 0 0 
P8331 2098 9 0 0 0 0 0 0 11 0 11 0 0 0 0 0 0 0 0 0 0 15 0 0 0 0 0 9 0 10 0 0 -999 
P8331 2098 10 0 0 0 0 0 0 0 0 0 0 0 0 0 15 13 0 34 38 0 6 0 0 13 12 0 0 0 0 0 0 0 
P8331 2098 11 0 0 0 0 0 0 8 0 0 0 0 0 37 31 20 0 0 0 0 24 0 0 15 10 0 0 0 0 3 0 -999 
P8331 2098 12 0 0 0 2 0 0 0 0 0 0 0 0 0 0 0 0 0 11 0 21 14 0 0 0 0 12 0 10 10 0 0 
P8331 2099 1 0 5 0 0 3 0 0 0 0 16 24 26 62 0 4 0 0 24 0 0 17 20 41 37 0 0 9 0 0 0 0 
P8331 2099 2 4 0 0 0 10 4 0 0 0 0 0 0 0 0 0 7 6 0 14 8 0 0 0 56 63 0 12 16 -999 -999 -999 
P8331 2099 3 36 47 53 0 0 17 17 17 0 0 0 0 13 32 35 30 34 49 87 82 35 0 22 0 16 14 22 18 0 20 0 
P8331 2099 4 35 0 21 10 8 0 0 0 0 0 0 0 0 0 0 0 0 0 8 0 20 0 0 0 36 21 0 0 19 27 -999 
P8331 2099 5 0 19 0 0 0 14 0 0 11 20 0 0 0 0 0 19 0 0 10 17 23 0 0 0 12 0 0 0 0 0 0 
P8331 2099 6 0 0 0 0 0 6 0 0 0 11 0 0 0 0 0 0 0 0 17 0 0 0 0 11 0 0 0 0 0 0 -999 
P8331 2099 7 0 0 0 0 0 0 0 0 0 0 16 0 22 0 0 0 15 13 0 0 0 0 0 0 0 0 0 0 0 0 0 
P8331 2099 8 0 0 0 0 0 0 0 0 0 0 0 17 0 0 0 0 0 0 0 0 0 0 0 0 0 0 0 0 0 0 0 
P8331 2099 9 0 0 0 0 0 0 12 9 0 18 18 0 0 0 0 0 0 0 0 0 0 0 17 0 9 0 0 0 3 0 -999 
P8331 2099 10 0 0 0 0 0 0 0 0 0 29 26 25 0 0 8 8 0 0 0 0 11 0 0 12 18 32 25 0 0 0 0 
P8331 2099 11 0 0 19 11 0 0 0 0 2 0 0 0 12 0 0 27 0 0 0 8 0 13 0 25 0 0 48 50 50 21 -999 
P8331 2099 12 8 8 0 0 12 50 40 0 15 0 0 0 0 0 0 4 0 9 0 0 17 0 14 0 0 85 100 67 0 41 9 
P8331 2100 1 0 0 0 0 0 8 0 0 13 0 0 77 87 37 7 0 0 0 0 0 0 0 8 0 0 2 3 0 0 0 9 
P8331 2100 2 0 30 37 0 0 0 0 0 0 30 21 0 0 0 0 0 0 0 0 38 0 0 0 0 0 7 9 0 -999 -999 -999 
P8331 2100 3 0 0 0 33 24 21 0 0 23 35 39 36 71 38 0 0 5 0 17 0 0 34 40 29 18 34 0 32 46 65 40 
P8331 2100 4 36 32 0 0 0 0 0 0 8 18 29 60 28 0 0 26 18 0 0 0 16 0 0 0 0 0 0 0 0 26 -999 
P8331 2100 5 0 17 0 20 8 15 0 0 0 22 0 0 0 0 0 0 23 29 0 0 20 0 0 0 29 26 0 14 0 17 0 
P8331 2100 6 0 0 0 0 0 0 0 0 0 0 0 0 0 0 0 0 0 16 13 0 10 0 0 16 0 0 0 0 0 0 -999 
P8331 2100 7 0 0 0 0 0 0 0 0 0 0 0 0 0 0 0 0 0 0 0 0 0 0 0 0 17 18 0 0 0 0 0 
P8331 2100 8 0 0 0 0 0 0 0 0 0 0 0 0 0 0 0 20 0 0 0 0 0 0 0 0 0 0 0 9 0 9 0 
P8331 2100 9 0 0 0 0 0 0 0 0 0 7 0 0 0 9 0 0 0 0 0 0 0 0 0 0 0 0 14 0 0 0 -999 
P8331 2100 10 0 0 0 0 0 0 29 27 0 19 26 34 0 31 0 0 0 17 0 0 24 40 82 35 0 0 0 0 17 15 0 
P8331 2100 11 0 0 0 0 27 54 0 0 0 43 0 0 34 50 63 53 35 39 0 25 19 0 0 46 0 14 0 0 0 0 -999 
P8331 2100 12 0 0 0 0 0 8 0 0 0 0 0 0 0 0 0 0 0 0 0 0 0 0 0 0 0 0 0 5 6 4 0 
