precip	MIROC5	RCP60	REGRESION	decimas	1
P3633	38.288	-4.345	182	geo	2006	2100	-1
P3633 2006 1 0 0 9 7 8 15 0 0 0 0 21 126 238 85 61 163 126 128 105 24 0 12 38 16 18 0 14 0 0 38 0 
P3633 2006 2 0 64 31 14 0 0 0 0 0 0 0 30 53 70 55 0 0 0 29 0 24 17 17 0 0 0 11 0 -999 -999 -999 
P3633 2006 3 65 91 110 162 152 144 139 135 82 57 71 35 32 31 35 74 155 192 135 0 86 56 0 34 40 46 0 0 97 62 116 
P3633 2006 4 36 0 45 0 0 19 0 70 0 0 0 0 8 0 0 10 18 0 0 0 0 0 0 0 0 0 0 66 48 29 -999 
P3633 2006 5 33 40 0 47 0 76 25 0 0 0 0 0 0 38 22 0 0 0 0 33 9 6 0 11 0 0 0 0 25 0 0 
P3633 2006 6 0 0 0 0 0 0 0 0 0 0 8 0 0 0 11 0 0 0 0 0 0 0 0 0 0 0 18 16 18 0 -999 
P3633 2006 7 0 0 0 0 0 26 23 0 0 0 0 0 0 0 0 0 0 0 0 0 0 0 0 0 0 0 0 0 7 0 0 
P3633 2006 8 0 12 0 5 0 0 0 0 0 0 0 0 0 0 0 0 0 0 0 21 0 0 0 0 15 17 0 0 0 0 23 
P3633 2006 9 0 12 0 26 0 0 0 0 21 0 13 0 0 0 0 0 0 0 0 0 0 0 0 0 18 0 0 0 0 0 -999 
P3633 2006 10 0 0 0 0 0 0 0 0 0 0 0 0 0 27 0 20 0 0 11 0 24 16 0 0 0 0 11 0 0 0 0 
P3633 2006 11 0 0 0 0 0 0 0 0 0 0 0 0 0 0 0 0 0 0 0 0 31 0 37 0 0 0 0 0 0 0 -999 
P3633 2006 12 0 0 0 0 6 0 29 69 45 32 26 22 0 31 71 0 0 0 0 0 20 50 131 75 67 65 46 34 0 32 18 
P3633 2007 1 0 0 10 0 0 0 0 0 0 0 2 0 0 0 0 1 1 0 17 0 0 7 0 0 0 20 15 40 33 28 0 
P3633 2007 2 0 16 33 38 0 14 38 113 265 222 0 38 0 0 16 8 24 65 39 26 30 0 0 23 23 30 31 42 -999 -999 -999 
P3633 2007 3 23 45 0 51 72 48 21 0 0 0 0 0 70 92 52 16 22 0 0 0 0 28 0 0 7 9 12 0 0 0 0 
P3633 2007 4 1 0 0 15 0 0 6 0 0 0 0 0 0 0 0 0 0 0 0 43 51 0 41 59 23 17 0 0 0 0 -999 
P3633 2007 5 0 0 0 0 64 27 0 0 0 0 0 0 35 42 29 0 0 0 33 24 0 0 0 0 0 0 0 0 0 0 0 
P3633 2007 6 39 0 17 22 25 0 16 0 0 9 0 0 36 24 10 0 0 5 0 0 0 16 31 16 0 0 0 23 0 23 -999 
P3633 2007 7 0 0 0 0 0 0 0 0 0 0 0 0 0 0 0 0 29 0 0 20 0 0 0 0 0 0 0 0 0 0 11 
P3633 2007 8 0 0 0 0 0 0 0 0 0 0 0 0 0 0 0 6 0 0 0 0 24 0 0 0 0 0 28 24 0 0 0 
P3633 2007 9 0 0 0 0 0 0 0 0 0 0 0 0 0 0 0 0 0 0 0 0 0 4 0 0 0 0 0 0 0 0 -999 
P3633 2007 10 0 0 0 0 0 0 0 0 0 0 0 25 56 65 0 0 0 46 0 0 0 48 54 63 0 0 0 0 0 0 0 
P3633 2007 11 0 0 0 0 0 0 0 0 0 26 23 31 15 21 19 0 0 0 0 0 0 0 0 0 4 0 0 0 0 0 -999 
P3633 2007 12 9 0 0 21 20 0 0 16 0 0 0 0 0 3 0 9 36 34 0 9 11 0 13 13 0 8 14 22 0 0 0 
P3633 2008 1 0 27 28 62 25 0 0 0 2 4 0 6 11 26 50 0 28 0 27 0 117 123 0 28 0 112 161 99 57 77 103 
P3633 2008 2 200 65 106 53 0 63 0 102 0 0 88 36 0 20 0 69 0 70 50 85 0 17 0 0 0 38 30 24 -999 -999 -999 
P3633 2008 3 9 0 0 0 0 0 0 0 0 0 0 11 0 0 0 0 0 0 0 0 0 0 0 0 0 0 0 0 0 0 0 
P3633 2008 4 0 0 0 23 0 0 5 0 0 0 0 0 0 0 55 67 0 0 0 0 8 6 0 0 0 0 0 0 0 0 -999 
P3633 2008 5 0 0 0 0 0 0 6 0 0 0 0 31 0 45 27 0 0 0 29 48 54 41 0 26 0 0 0 10 0 0 0 
P3633 2008 6 0 0 16 0 15 0 12 10 0 0 0 0 20 52 0 0 0 0 0 0 0 0 0 0 0 0 0 0 0 0 -999 
P3633 2008 7 0 0 0 0 0 0 0 0 0 17 0 0 0 0 0 0 0 0 0 0 0 0 0 0 0 0 0 0 0 0 0 
P3633 2008 8 29 0 0 0 0 0 0 0 0 0 15 0 0 0 0 0 0 0 0 0 0 0 0 4 0 24 0 0 0 0 0 
P3633 2008 9 0 0 0 17 0 0 0 8 0 12 0 31 0 0 0 0 0 0 0 17 0 0 0 19 0 18 0 0 47 40 -999 
P3633 2008 10 0 24 0 13 0 0 0 17 0 0 0 46 0 0 0 0 0 0 11 0 0 0 0 27 0 44 59 38 0 0 13 
P3633 2008 11 25 0 40 0 5 0 0 0 0 0 39 0 0 0 0 0 0 41 0 0 0 0 0 0 0 0 0 0 0 0 -999 
P3633 2008 12 0 2 0 0 2 3 4 1 8 40 46 12 14 30 0 0 0 8 0 0 0 8 6 8 23 41 32 0 0 0 0 
P3633 2009 1 0 0 0 0 0 0 3 0 0 0 0 18 18 0 26 7 1 0 0 0 0 0 0 0 0 0 0 0 0 0 0 
P3633 2009 2 0 0 11 18 0 5 5 0 0 0 0 2 8 4 3 0 0 0 0 4 2 0 0 4 0 7 4 0 -999 -999 -999 
P3633 2009 3 78 82 87 38 28 0 17 66 94 0 0 19 0 19 42 37 98 0 50 35 0 0 29 0 0 91 77 117 119 84 41 
P3633 2009 4 35 93 42 22 0 72 19 0 0 9 0 29 39 39 35 15 0 11 0 23 0 0 0 5 0 4 10 0 0 0 -999 
P3633 2009 5 43 52 36 0 0 43 25 20 34 55 0 24 6 0 0 0 0 0 29 0 0 36 0 0 19 7 5 0 0 0 0 
P3633 2009 6 0 11 0 0 0 21 25 0 0 0 0 0 0 0 0 0 0 0 0 5 0 0 0 11 0 0 0 0 0 0 -999 
P3633 2009 7 0 0 0 0 0 0 0 0 0 0 24 0 0 0 0 0 0 0 0 0 0 0 0 0 0 0 0 0 0 0 0 
P3633 2009 8 0 0 0 0 13 0 0 0 0 0 0 0 0 0 0 0 0 0 0 0 0 0 0 28 11 0 0 14 0 0 0 
P3633 2009 9 0 0 0 0 0 3 4 0 0 0 29 0 13 0 0 8 0 0 0 0 0 24 0 0 0 6 0 0 0 0 -999 
P3633 2009 10 0 0 1 0 0 0 0 0 0 10 23 20 0 0 0 0 33 0 24 20 23 0 0 55 19 0 0 0 0 0 0 
P3633 2009 11 2 0 5 0 0 0 0 0 0 0 0 0 5 8 0 0 32 0 15 0 0 0 51 59 0 0 10 12 22 0 -999 
P3633 2009 12 0 0 59 0 68 86 122 38 0 102 74 17 24 0 0 9 0 33 30 0 0 0 16 0 24 32 59 57 27 8 0 
P3633 2010 1 0 16 0 107 93 0 0 11 22 0 6 7 0 9 14 21 0 0 10 21 23 0 4 0 0 0 0 0 0 15 0 
P3633 2010 2 13 0 0 8 0 34 0 5 5 0 0 0 0 0 2 0 0 2 0 8 0 9 5 0 0 0 0 8 -999 -999 -999 
P3633 2010 3 0 0 0 0 22 0 40 34 0 63 30 0 10 11 0 0 0 32 69 44 6 0 1 0 0 0 0 0 0 0 8 
P3633 2010 4 17 0 57 0 0 0 13 0 0 41 0 40 33 32 82 78 13 0 0 30 35 22 0 22 57 0 9 0 0 0 -999 
P3633 2010 5 23 10 29 41 36 14 5 0 0 0 0 21 0 0 20 45 24 21 0 0 0 10 16 15 0 49 55 25 21 20 13 
P3633 2010 6 0 35 32 16 0 12 0 0 0 0 0 0 0 15 0 0 15 0 0 9 0 0 0 0 0 0 0 0 0 0 -999 
P3633 2010 7 0 33 0 0 9 0 0 0 18 18 0 0 0 0 0 0 0 0 0 0 0 0 0 0 0 0 0 0 0 0 0 
P3633 2010 8 0 0 0 0 0 0 0 0 0 0 0 0 15 0 0 0 0 0 11 0 0 0 0 0 0 0 0 0 0 0 0 
P3633 2010 9 0 0 0 0 0 0 0 0 0 0 14 30 31 19 28 0 8 17 28 0 0 0 0 0 0 0 0 0 0 0 -999 
P3633 2010 10 0 0 0 0 0 0 0 0 0 0 66 0 0 56 25 18 0 8 26 0 0 43 35 7 0 0 0 0 17 19 0 
P3633 2010 11 0 0 0 0 0 3 0 0 0 0 0 0 0 0 0 0 0 0 0 0 0 0 0 0 0 0 3 0 1 0 -999 
P3633 2010 12 0 3 0 0 0 16 22 0 15 14 0 0 0 48 0 3 7 0 0 0 0 1 0 0 0 5 0 0 2 0 0 
P3633 2011 1 0 0 7 0 15 0 0 0 0 0 5 0 0 0 15 6 0 0 0 0 16 0 71 0 22 0 0 0 0 1 4 
P3633 2011 2 0 0 0 0 24 0 17 0 0 0 0 0 0 11 0 14 0 0 0 0 0 31 28 0 0 14 0 0 -999 -999 -999 
P3633 2011 3 75 37 0 5 8 7 9 0 10 0 0 0 26 0 0 152 231 63 38 50 40 0 85 216 93 20 0 75 0 0 0 
P3633 2011 4 0 0 0 0 0 0 12 0 0 0 0 29 0 0 8 0 0 0 33 34 0 15 7 0 0 0 0 0 0 0 -999 
P3633 2011 5 0 22 0 6 7 0 0 12 0 0 0 8 0 0 0 0 0 0 0 0 31 0 0 13 21 0 0 26 0 0 23 
P3633 2011 6 0 0 0 0 0 0 0 0 0 0 0 14 0 0 0 18 4 0 0 0 5 0 0 0 0 20 0 0 0 0 -999 
P3633 2011 7 0 0 0 0 0 0 0 0 0 0 0 0 0 0 16 0 0 0 0 14 0 0 0 0 0 0 0 0 0 0 0 
P3633 2011 8 0 0 0 0 0 0 0 0 0 0 0 0 0 0 0 0 0 0 0 0 0 0 0 0 0 0 0 13 0 0 0 
P3633 2011 9 16 5 0 0 0 0 6 0 0 60 18 3 0 0 4 0 0 0 0 0 0 0 0 0 0 0 0 0 0 0 -999 
P3633 2011 10 0 0 0 0 0 0 0 0 0 13 11 17 0 15 0 0 0 0 9 0 0 13 12 17 17 0 0 16 0 42 30 
P3633 2011 11 10 9 14 41 94 0 76 0 6 6 11 0 0 0 0 12 42 28 0 0 13 88 78 55 9 13 0 25 6 4 -999 
P3633 2011 12 0 18 43 0 0 9 6 5 0 0 0 30 15 0 12 51 71 71 78 77 118 45 66 26 27 0 39 29 0 33 53 
P3633 2012 1 120 41 0 1 3 0 0 0 0 0 2 0 1 0 0 0 3 3 3 0 12 5 0 0 2 0 0 12 25 46 0 
P3633 2012 2 0 0 59 30 10 12 7 0 0 0 2 0 0 0 0 0 2 0 46 50 0 14 7 0 0 0 0 15 -999 -999 -999 
P3633 2012 3 46 104 51 0 27 0 15 0 1 0 0 0 29 17 0 0 35 0 21 32 0 15 12 0 0 0 0 0 0 16 0 
P3633 2012 4 0 8 0 0 0 0 0 41 0 4 0 0 0 103 86 0 0 35 0 17 14 12 0 50 78 54 75 66 79 55 -999 
P3633 2012 5 0 0 0 0 0 0 5 14 32 22 20 0 36 43 42 28 22 0 16 0 10 21 0 17 49 37 34 13 0 7 0 
P3633 2012 6 0 0 0 0 0 0 0 0 0 34 0 24 25 28 37 0 0 0 0 0 0 0 0 0 0 0 0 0 0 0 -999 
P3633 2012 7 0 0 0 0 0 0 0 0 0 0 0 31 23 0 0 0 0 22 0 13 16 0 17 20 0 0 0 0 0 0 18 
P3633 2012 8 0 0 0 0 14 0 0 0 0 0 0 11 0 0 0 0 0 0 0 0 0 0 0 0 0 0 18 0 9 0 0 
P3633 2012 9 0 0 0 0 0 0 0 0 0 0 0 0 0 0 0 0 0 0 3 0 0 0 0 20 0 0 0 22 23 13 -999 
P3633 2012 10 0 0 2 0 0 0 0 0 0 0 0 0 0 0 0 0 25 0 28 0 0 34 30 0 0 0 30 22 0 55 44 
P3633 2012 11 0 88 62 0 14 0 0 0 0 38 64 4 0 0 0 0 0 47 82 0 18 0 0 0 11 0 0 0 46 34 -999 
P3633 2012 12 22 0 0 0 0 56 80 83 0 0 0 0 0 123 91 80 77 0 20 0 0 35 0 21 22 12 0 0 0 24 94 
P3633 2013 1 52 20 27 87 43 0 21 21 0 3 8 0 0 1 0 0 0 0 0 1 0 0 0 0 0 1 4 0 13 32 16 
P3633 2013 2 1 1 0 0 0 4 0 0 0 0 0 0 0 107 72 19 25 62 117 95 75 72 73 0 37 0 2 0 -999 -999 -999 
P3633 2013 3 0 0 0 0 18 6 15 28 34 61 144 144 103 0 26 36 46 43 42 35 0 0 65 0 0 0 0 37 43 61 110 
P3633 2013 4 39 0 12 20 0 29 46 0 0 0 0 0 0 28 0 33 0 0 0 0 53 29 0 33 69 0 0 0 0 0 -999 
P3633 2013 5 4 8 0 0 23 0 0 30 0 52 61 33 0 0 0 38 46 37 31 0 0 0 0 0 12 5 0 0 0 0 0 
P3633 2013 6 0 0 0 0 0 0 0 40 53 62 54 47 31 24 0 0 0 0 0 10 11 0 11 0 0 0 35 25 0 22 -999 
P3633 2013 7 0 0 0 0 19 0 31 0 0 0 0 0 0 0 0 0 0 0 0 0 0 0 0 0 0 0 0 0 0 0 0 
P3633 2013 8 0 0 0 0 27 24 22 0 25 0 0 0 0 0 0 0 0 0 0 0 9 0 0 0 0 0 7 0 0 0 0 
P3633 2013 9 31 0 0 0 0 0 0 0 0 0 0 0 0 0 0 0 0 0 0 0 15 17 0 0 1 0 0 0 0 0 -999 
P3633 2013 10 0 0 0 0 0 0 0 0 0 0 0 0 0 6 8 0 39 29 13 0 0 0 0 0 0 0 5 0 0 0 0 
P3633 2013 11 0 0 0 0 0 0 0 0 14 12 20 14 0 8 0 0 25 177 264 126 98 152 209 135 35 85 81 41 12 21 -999 
P3633 2013 12 0 75 38 0 0 0 0 0 0 0 0 0 9 12 16 0 7 0 0 7 0 0 0 25 17 0 27 23 49 41 17 
P3633 2014 1 20 0 4 0 0 28 0 0 17 0 10 21 29 0 47 0 0 0 0 0 0 0 0 0 15 0 44 62 111 152 0 
P3633 2014 2 28 56 28 53 49 71 52 0 53 92 0 0 31 9 0 8 0 0 27 0 0 0 10 0 2 3 0 31 -999 -999 -999 
P3633 2014 3 0 0 0 7 0 0 0 0 0 0 0 0 37 40 78 92 92 84 142 92 55 0 18 0 6 0 0 0 0 0 0 
P3633 2014 4 30 30 42 41 76 53 22 19 28 45 42 49 0 38 63 56 81 26 44 0 0 0 0 0 0 29 15 0 26 0 -999 
P3633 2014 5 63 0 0 48 17 0 0 0 0 0 0 0 0 0 0 0 0 0 0 0 46 71 47 48 23 26 0 20 25 43 52 
P3633 2014 6 20 0 0 75 71 34 32 26 0 0 0 0 0 0 9 0 0 0 0 0 0 11 0 0 0 0 0 0 11 0 -999 
P3633 2014 7 0 0 0 0 0 23 0 0 0 0 0 0 0 0 0 0 0 0 0 0 0 0 0 0 0 0 0 0 0 0 0 
P3633 2014 8 0 0 0 0 0 0 0 0 0 0 0 0 0 0 0 0 0 0 0 0 0 0 0 0 0 0 0 0 0 0 0 
P3633 2014 9 0 0 0 0 0 0 0 0 0 0 0 0 0 0 0 42 60 0 0 0 11 0 0 0 0 0 0 0 0 0 -999 
P3633 2014 10 0 0 13 0 0 0 0 9 0 0 10 0 0 0 0 0 0 0 43 0 23 0 0 0 50 0 0 0 11 6 0 
P3633 2014 11 0 0 0 0 0 0 0 0 0 0 0 5 0 9 17 0 0 69 35 0 141 209 90 69 44 0 0 0 0 0 -999 
P3633 2014 12 0 0 0 0 0 0 7 0 6 6 0 0 0 0 0 0 0 0 0 0 0 3 0 11 0 0 7 8 0 0 43 
P3633 2015 1 0 0 0 59 96 51 47 0 0 0 0 0 0 0 0 0 0 0 0 4 0 0 0 0 8 0 0 39 52 25 4 
P3633 2015 2 0 0 0 2 0 0 0 0 5 0 0 5 1 0 0 0 0 0 0 2 0 0 0 0 77 117 100 54 -999 -999 -999 
P3633 2015 3 32 48 0 73 46 0 0 32 55 20 0 10 22 43 13 8 7 6 7 0 0 0 0 44 17 11 0 0 0 0 0 
P3633 2015 4 0 0 10 7 0 0 0 0 0 0 0 0 0 0 4 0 0 12 0 0 0 0 6 0 0 56 47 39 86 82 -999 
P3633 2015 5 95 85 54 18 14 20 0 0 0 0 0 0 0 0 0 0 9 0 0 0 0 0 0 0 0 0 45 79 87 34 0 
P3633 2015 6 0 0 0 0 34 0 37 0 0 5 0 0 0 0 31 0 8 0 0 0 12 0 0 0 14 0 16 17 0 0 -999 
P3633 2015 7 0 0 0 0 0 0 18 15 0 0 21 0 0 0 0 0 0 0 0 0 0 0 0 0 0 0 0 0 0 0 0 
P3633 2015 8 0 0 0 0 0 0 0 0 0 0 0 0 0 0 0 0 0 0 25 0 0 0 0 32 0 0 0 0 0 0 0 
P3633 2015 9 0 0 11 0 0 0 0 0 0 0 0 0 0 0 13 0 0 0 0 0 26 0 0 0 31 51 0 0 43 40 -999 
P3633 2015 10 41 26 0 0 0 0 32 48 30 0 0 11 0 20 0 0 0 0 0 0 0 0 13 0 16 15 0 0 0 0 0 
P3633 2015 11 0 7 0 0 0 0 12 0 0 0 0 20 30 84 79 0 0 0 23 56 60 41 31 0 9 5 0 0 7 23 -999 
P3633 2015 12 47 69 41 0 47 37 153 149 88 122 57 76 115 0 0 0 0 0 0 7 0 0 0 0 0 0 0 2 3 2 0 
P3633 2016 1 0 0 0 6 0 0 0 17 0 0 0 81 72 0 46 0 0 0 9 0 0 0 0 14 15 0 41 0 32 0 0 
P3633 2016 2 0 9 31 38 0 9 0 0 10 16 19 14 14 0 0 0 0 24 0 0 0 0 15 0 0 0 16 18 -999 -999 -999 
P3633 2016 3 0 0 31 0 31 44 50 50 141 124 162 176 104 52 64 0 32 0 19 14 21 38 0 0 51 0 0 119 88 58 92 
P3633 2016 4 0 0 0 0 0 0 0 0 27 69 126 131 0 30 0 38 41 0 0 0 21 0 0 0 27 39 0 71 74 0 -999 
P3633 2016 5 11 21 0 0 0 0 0 8 0 0 0 0 0 0 23 40 0 27 0 6 0 0 10 0 0 0 0 0 49 38 36 
P3633 2016 6 0 14 0 0 0 0 0 0 0 0 0 33 28 0 0 0 0 0 15 17 0 0 8 24 0 0 0 0 6 0 -999 
P3633 2016 7 0 0 0 0 0 0 0 0 0 0 0 0 0 0 0 0 0 0 0 0 0 0 17 0 13 0 0 0 0 0 0 
P3633 2016 8 0 0 0 0 0 0 0 0 0 0 0 0 0 0 0 0 0 0 0 0 0 0 0 0 0 0 0 0 24 0 0 
P3633 2016 9 0 0 17 0 0 0 0 0 0 0 0 0 0 0 0 0 0 0 23 26 12 0 0 0 0 0 0 0 0 0 -999 
P3633 2016 10 0 0 0 0 0 0 0 15 13 0 0 25 0 0 0 0 92 82 0 81 63 67 24 0 12 13 11 0 8 12 15 
P3633 2016 11 19 0 14 12 9 0 14 0 0 11 0 0 25 0 87 49 0 108 65 79 88 30 28 51 96 19 0 0 0 52 -999 
P3633 2016 12 0 11 16 0 0 0 14 0 0 0 39 0 111 41 16 0 0 0 0 0 30 53 38 30 0 0 17 0 0 26 39 
P3633 2017 1 40 10 11 0 0 0 0 0 0 0 0 0 0 84 70 17 0 5 0 6 0 0 0 0 0 0 0 2 0 0 0 
P3633 2017 2 0 0 0 0 0 0 2 0 9 0 1 2 0 0 0 4 0 0 0 0 0 0 0 0 0 0 0 0 -999 -999 -999 
P3633 2017 3 0 9 0 0 0 0 0 0 0 49 31 17 60 66 42 8 11 0 0 9 5 0 24 61 86 89 71 70 58 22 13 
P3633 2017 4 13 13 10 0 0 0 0 20 30 57 0 19 0 10 8 10 11 9 0 0 0 0 0 0 29 26 0 0 64 0 -999 
P3633 2017 5 17 0 0 24 19 0 0 8 0 0 0 0 5 0 15 0 0 0 9 0 25 0 17 0 0 0 17 0 0 0 16 
P3633 2017 6 8 0 0 10 0 0 0 26 29 21 0 0 0 0 0 6 0 0 0 0 0 0 0 0 0 0 0 0 0 26 -999 
P3633 2017 7 0 0 0 0 0 0 0 0 0 0 0 0 19 30 0 0 0 0 0 0 12 0 12 6 0 0 0 0 0 0 0 
P3633 2017 8 0 0 0 0 0 0 0 0 0 0 0 0 19 17 0 0 0 0 21 0 0 34 0 0 0 0 0 0 0 23 0 
P3633 2017 9 0 0 9 0 0 0 0 0 0 0 0 0 0 0 0 0 0 0 0 3 0 0 0 0 27 0 0 0 0 0 -999 
P3633 2017 10 0 0 0 0 0 0 0 0 0 0 0 0 0 15 28 0 0 66 0 0 0 0 35 22 0 0 61 117 136 57 0 
P3633 2017 11 0 32 49 0 36 22 15 61 72 0 88 89 176 173 30 0 0 0 0 0 41 42 24 7 0 0 0 0 14 17 -999 
P3633 2017 12 0 0 0 0 18 25 25 46 130 66 0 33 39 53 58 16 8 0 0 0 9 20 21 0 24 15 23 26 0 100 55 
P3633 2018 1 46 0 2 0 0 9 11 31 88 0 14 14 0 0 0 0 0 0 29 0 5 0 58 27 14 67 68 44 0 17 0 
P3633 2018 2 66 0 100 42 50 0 0 12 0 13 12 0 4 0 0 0 0 0 0 12 8 0 2 0 0 0 0 0 -999 -999 -999 
P3633 2018 3 0 0 0 0 0 0 0 0 0 0 0 104 116 75 48 13 23 33 0 0 0 4 0 0 24 0 0 39 57 0 29 
P3633 2018 4 0 0 0 8 0 0 0 0 0 0 0 31 0 7 0 0 0 0 0 11 0 0 0 0 70 111 102 50 0 31 -999 
P3633 2018 5 50 14 0 8 0 0 30 0 35 0 50 0 0 0 0 35 0 37 0 54 53 32 38 0 0 31 39 19 13 8 6 
P3633 2018 6 0 0 12 0 0 0 0 0 0 0 0 0 0 0 0 0 12 0 5 0 0 0 0 0 0 0 0 0 0 0 -999 
P3633 2018 7 0 0 26 0 0 0 0 0 0 0 0 0 0 0 0 13 0 0 0 0 0 0 0 0 0 23 0 0 0 0 0 
P3633 2018 8 7 0 0 0 0 0 0 0 0 0 0 0 0 0 0 0 0 0 18 0 0 0 0 0 0 0 0 0 0 0 0 
P3633 2018 9 0 0 0 0 0 0 0 0 0 7 0 0 7 0 10 0 0 0 0 0 0 0 0 0 0 4 0 0 0 0 -999 
P3633 2018 10 0 0 0 0 0 7 8 0 0 0 42 22 0 17 0 0 0 14 11 5 21 0 10 0 15 21 12 0 0 0 0 
P3633 2018 11 0 0 0 0 5 17 45 135 0 90 0 10 0 0 12 0 0 0 0 0 22 27 20 20 0 15 14 0 15 0 -999 
P3633 2018 12 0 47 34 31 61 68 123 0 16 0 0 55 86 0 33 0 16 13 0 0 21 0 0 0 40 29 49 0 122 142 80 
P3633 2019 1 139 119 183 144 111 87 130 40 0 0 0 0 0 0 0 0 70 63 109 101 90 108 54 20 36 48 141 41 0 0 81 
P3633 2019 2 111 97 47 0 0 0 19 14 0 0 126 52 125 126 26 0 0 177 226 51 0 31 27 0 0 1 0 0 -999 -999 -999 
P3633 2019 3 0 0 0 9 12 14 11 0 17 0 0 0 0 0 0 8 0 0 0 0 0 0 0 0 0 0 0 0 79 45 32 
P3633 2019 4 0 0 0 0 22 41 45 56 59 28 43 50 39 59 63 53 62 29 16 0 19 0 0 92 52 41 47 36 36 48 -999 
P3633 2019 5 54 25 0 0 0 0 0 10 0 0 0 0 40 0 0 0 6 0 0 9 5 0 0 0 0 0 0 0 2 0 0 
P3633 2019 6 0 0 0 0 0 0 0 0 26 18 24 25 0 24 0 0 0 0 15 0 0 0 0 0 0 7 12 0 0 0 -999 
P3633 2019 7 0 0 0 0 0 16 0 0 17 0 0 0 0 0 10 12 0 0 12 0 0 0 0 0 0 0 0 0 0 0 0 
P3633 2019 8 0 0 0 0 0 0 0 0 8 0 0 0 0 0 0 0 0 0 5 8 0 0 0 0 0 0 0 0 3 0 18 
P3633 2019 9 0 0 15 0 0 0 0 0 0 0 5 11 15 0 5 16 32 0 25 33 0 0 27 34 17 0 0 24 15 0 -999 
P3633 2019 10 0 0 0 30 0 0 0 0 0 0 0 63 85 0 0 0 0 0 0 0 0 0 0 0 0 0 0 0 5 0 0 
P3633 2019 11 0 0 0 0 7 0 0 0 0 4 0 0 0 1 0 0 0 0 24 72 221 268 128 55 0 101 76 0 40 100 -999 
P3633 2019 12 92 0 0 0 0 0 11 2 1 0 0 0 0 0 0 0 0 0 0 0 0 0 5 0 0 0 1 4 7 14 25 
P3633 2020 1 29 19 0 5 0 2 0 0 0 0 0 0 0 62 28 16 10 0 0 5 12 0 0 0 0 34 52 75 61 71 42 
P3633 2020 2 34 0 20 0 0 15 0 54 18 18 0 0 0 0 0 0 0 0 0 0 0 0 0 0 0 0 11 0 -999 -999 -999 
P3633 2020 3 2 0 0 0 0 45 0 0 0 0 0 29 0 13 0 0 0 0 0 0 0 0 0 0 0 39 28 0 0 18 25 
P3633 2020 4 50 34 21 0 0 0 1 0 1 4 18 45 16 0 0 107 113 71 52 57 74 0 13 15 0 0 0 0 0 0 -999 
P3633 2020 5 0 0 0 0 0 0 0 0 0 0 59 60 50 30 42 37 21 0 14 0 0 0 0 0 0 8 0 0 0 0 15 
P3633 2020 6 0 0 0 0 0 0 0 0 0 0 0 0 7 11 0 13 0 0 0 0 0 0 0 0 0 14 0 22 0 0 -999 
P3633 2020 7 0 0 0 0 0 0 0 0 0 24 21 26 0 17 0 0 0 0 0 0 0 0 0 0 0 0 0 0 0 0 6 
P3633 2020 8 0 0 0 0 0 0 0 19 0 0 0 0 0 0 0 0 0 0 0 0 0 0 0 0 0 27 0 0 0 0 0 
P3633 2020 9 0 0 0 0 0 0 0 0 0 0 0 0 0 0 0 0 4 0 0 0 0 0 0 0 0 0 0 0 0 13 -999 
P3633 2020 10 24 18 0 0 0 0 41 41 72 22 29 56 27 0 110 74 0 84 0 16 0 0 0 0 0 0 0 0 8 0 0 
P3633 2020 11 71 0 85 100 59 0 0 0 17 0 0 0 0 0 44 0 0 14 33 99 111 89 71 50 85 97 68 135 18 0 -999 
P3633 2020 12 69 71 102 0 58 0 8 0 0 0 0 0 0 0 0 0 3 0 0 39 27 84 128 88 110 97 147 25 0 0 49 
P3633 2021 1 56 89 50 24 0 45 34 77 0 0 0 0 3 0 0 0 14 0 0 0 4 0 7 0 0 0 0 27 36 37 21 
P3633 2021 2 21 0 53 0 61 14 0 0 0 0 0 35 28 0 4 1 0 4 0 0 0 0 15 7 8 13 0 17 -999 -999 -999 
P3633 2021 3 28 18 12 6 0 0 0 0 0 47 35 0 58 4 0 0 0 0 0 0 52 0 0 0 0 0 0 25 0 0 0 
P3633 2021 4 0 0 0 21 0 0 0 33 0 0 0 0 0 0 0 0 0 0 13 0 0 30 39 34 0 20 16 20 0 0 -999 
P3633 2021 5 68 55 36 0 15 0 0 0 0 0 0 0 0 0 0 0 0 34 42 0 0 0 0 0 30 16 0 35 21 0 0 
P3633 2021 6 0 37 59 23 0 0 0 13 0 18 0 11 0 14 0 14 0 0 0 0 17 0 0 0 0 0 5 0 0 7 -999 
P3633 2021 7 0 0 0 17 0 0 19 0 0 0 0 0 0 0 0 0 0 10 0 0 22 0 0 0 0 10 0 0 0 0 0 
P3633 2021 8 0 0 0 22 0 0 0 0 0 0 0 0 0 0 0 0 0 0 0 0 11 0 0 0 0 43 24 20 0 0 0 
P3633 2021 9 0 8 0 0 0 20 0 0 13 16 0 3 0 2 0 0 0 0 0 0 0 0 0 16 25 0 16 0 23 0 -999 
P3633 2021 10 0 0 0 0 0 0 37 0 24 0 0 0 5 1 0 0 15 0 0 0 0 46 78 86 51 31 26 18 8 10 16 
P3633 2021 11 12 0 38 67 82 68 13 0 0 0 0 9 8 0 13 0 52 0 16 0 0 0 8 0 66 77 80 67 116 54 -999 
P3633 2021 12 59 108 50 42 0 0 6 16 0 0 0 0 0 0 0 50 108 120 34 0 0 53 0 0 17 0 0 0 0 0 0 
P3633 2022 1 0 0 0 0 10 9 15 34 0 47 60 30 33 0 64 49 0 0 0 0 80 64 185 0 0 0 0 0 73 73 0 
P3633 2022 2 131 63 25 46 90 57 175 217 92 93 202 140 202 66 132 74 72 86 40 37 118 58 65 0 67 159 124 0 -999 -999 -999 
P3633 2022 3 13 23 17 0 98 135 70 119 60 0 0 83 102 0 0 10 4 0 0 0 0 0 0 0 0 0 0 0 0 20 0 
P3633 2022 4 11 0 0 0 0 0 0 0 24 12 22 0 0 14 0 40 0 0 0 25 0 0 0 0 0 0 0 0 0 7 -999 
P3633 2022 5 0 0 0 0 0 0 0 0 0 0 48 44 62 78 44 43 32 0 0 27 0 23 18 23 36 56 0 0 0 0 0 
P3633 2022 6 0 3 7 30 21 32 0 16 0 0 0 0 0 0 24 0 0 8 13 11 0 8 0 0 0 0 0 0 0 0 -999 
P3633 2022 7 0 0 0 0 0 0 0 0 0 32 0 0 0 0 0 0 0 0 0 0 0 0 0 0 0 0 0 0 16 12 19 
P3633 2022 8 0 0 24 0 0 0 0 0 0 0 18 0 0 0 0 0 0 0 0 0 0 0 0 0 0 0 0 0 0 0 0 
P3633 2022 9 0 0 0 0 0 0 0 0 0 0 7 0 0 33 0 17 8 9 0 0 0 0 0 0 0 3 0 0 0 0 -999 
P3633 2022 10 0 0 0 0 0 0 0 0 0 0 87 45 19 0 0 49 28 13 8 0 0 0 0 0 14 0 0 0 46 89 55 
P3633 2022 11 37 0 11 0 0 0 0 0 5 14 14 0 0 0 0 0 5 0 10 0 0 0 0 0 2 0 0 0 10 7 -999 
P3633 2022 12 0 45 0 120 0 58 20 0 97 0 0 0 20 0 0 0 17 14 9 0 0 53 111 80 71 43 0 0 0 0 10 
P3633 2023 1 0 12 7 3 20 16 0 0 0 1 0 0 0 0 8 0 0 0 0 0 0 0 9 1 0 0 0 0 0 1 0 
P3633 2023 2 0 18 17 10 0 6 0 6 0 0 0 0 0 4 6 0 0 16 0 0 5 0 34 38 29 26 79 0 -999 -999 -999 
P3633 2023 3 25 20 0 0 3 0 2 0 0 0 0 47 70 4 0 0 0 0 0 0 0 0 6 0 14 0 0 0 0 0 66 
P3633 2023 4 43 19 32 76 75 45 0 34 0 0 9 35 126 189 74 21 70 23 0 0 0 7 0 0 92 78 52 77 13 0 -999 
P3633 2023 5 0 10 0 0 0 0 0 0 0 0 0 0 0 0 11 0 36 40 48 0 0 0 13 0 0 0 0 0 0 0 0 
P3633 2023 6 0 0 0 28 33 0 33 21 17 0 0 0 6 0 0 0 5 0 0 0 0 0 8 0 0 0 0 0 5 0 -999 
P3633 2023 7 0 0 0 0 0 7 0 0 0 0 0 0 0 0 0 0 0 13 0 0 0 0 0 0 0 0 0 0 0 0 0 
P3633 2023 8 0 0 0 0 0 0 0 0 0 0 0 0 22 0 0 14 0 0 0 0 0 13 0 0 0 0 0 0 15 0 0 
P3633 2023 9 0 0 0 0 0 0 0 0 0 0 0 0 0 0 0 0 0 0 0 0 0 0 0 0 0 0 0 0 18 0 -999 
P3633 2023 10 0 5 0 0 5 4 0 0 0 13 0 0 0 30 0 0 0 0 0 0 0 0 0 0 0 41 26 5 12 21 94 
P3633 2023 11 103 39 22 7 0 6 0 18 26 34 0 0 0 0 0 0 1 0 0 0 1 0 0 12 15 11 3 0 2 2 -999 
P3633 2023 12 0 0 0 0 0 1 0 0 0 3 4 8 0 8 0 2 0 0 10 0 0 0 0 0 8 0 2 2 0 2 0 
P3633 2024 1 5 0 33 56 0 58 93 59 61 37 24 17 23 47 62 0 30 55 0 0 0 0 0 0 0 7 0 0 10 0 0 
P3633 2024 2 76 73 140 55 0 13 10 30 0 0 0 0 0 0 0 23 11 0 0 7 0 0 0 116 86 0 18 0 -999 -999 -999 
P3633 2024 3 0 74 0 79 55 67 0 0 32 0 0 0 0 15 0 0 0 31 13 9 0 0 17 42 0 184 110 45 34 0 0 
P3633 2024 4 40 76 93 50 0 9 0 0 0 0 0 0 0 0 5 0 0 0 0 0 0 60 0 0 17 0 0 0 0 0 -999 
P3633 2024 5 0 0 0 0 0 0 0 0 21 43 0 0 0 0 0 0 16 0 0 0 23 0 0 0 11 0 0 0 0 0 0 
P3633 2024 6 0 0 0 0 0 0 0 0 0 0 16 0 0 0 0 0 10 0 0 31 16 0 0 0 28 33 0 0 11 0 -999 
P3633 2024 7 0 0 0 0 0 0 0 0 0 0 0 0 0 0 0 0 0 0 0 0 0 0 0 0 0 0 0 0 0 0 0 
P3633 2024 8 0 0 0 0 0 0 0 0 0 0 0 0 0 0 0 0 0 0 0 0 0 0 0 0 0 0 0 0 0 11 0 
P3633 2024 9 30 0 0 0 0 10 0 0 9 0 0 21 0 0 0 0 0 0 0 0 0 0 0 0 0 0 15 0 0 0 -999 
P3633 2024 10 0 0 6 0 0 0 0 0 0 0 0 0 0 0 88 81 0 0 26 0 18 0 20 0 0 0 0 0 0 0 0 
P3633 2024 11 18 32 22 19 0 0 0 0 0 0 0 0 48 58 0 0 0 0 0 14 12 0 41 17 0 0 0 3 0 6 -999 
P3633 2024 12 0 0 12 24 0 0 0 0 0 0 0 0 9 0 4 0 6 5 0 0 0 3 0 6 0 0 34 0 3 0 0 
P3633 2025 1 0 0 11 6 0 0 0 0 0 0 0 9 0 0 8 0 8 11 0 0 21 0 34 0 0 49 0 0 8 0 0 
P3633 2025 2 13 0 7 10 0 0 34 0 57 0 0 0 0 22 21 20 46 10 0 41 38 30 46 0 5 2 0 0 -999 -999 -999 
P3633 2025 3 7 37 0 37 0 72 136 42 0 4 0 0 0 0 0 0 21 42 54 60 85 138 73 179 105 36 66 7 0 0 0 
P3633 2025 4 34 12 15 11 0 2 0 0 0 0 0 0 0 0 0 51 12 0 26 40 0 0 0 0 2 0 0 13 0 54 -999 
P3633 2025 5 0 17 0 47 52 33 38 30 0 0 0 30 17 14 0 0 0 25 0 0 0 0 8 0 23 15 14 0 0 0 24 
P3633 2025 6 0 0 0 0 27 0 0 10 0 0 0 0 0 0 0 0 0 0 0 0 0 0 0 0 0 0 0 0 12 0 -999 
P3633 2025 7 18 0 16 0 0 0 0 0 0 0 0 0 0 0 0 18 0 0 0 0 0 0 0 0 0 0 0 0 0 0 0 
P3633 2025 8 0 19 0 0 0 0 0 0 13 0 0 0 0 0 0 0 0 0 0 9 0 0 0 0 0 0 0 0 0 0 0 
P3633 2025 9 0 0 15 12 11 0 0 0 0 0 0 0 0 0 0 0 0 0 0 0 0 0 0 2 3 0 0 0 0 8 -999 
P3633 2025 10 0 0 5 9 14 0 0 24 0 0 0 0 0 0 18 0 0 0 0 0 0 0 0 18 39 64 64 79 40 0 0 
P3633 2025 11 31 8 0 2 0 0 14 0 12 31 7 0 0 0 0 0 0 13 17 13 0 0 0 17 26 0 0 2 0 0 -999 
P3633 2025 12 0 0 73 0 0 0 48 52 16 0 0 0 0 8 0 0 0 0 19 18 22 0 16 18 0 23 16 0 0 0 0 
P3633 2026 1 18 0 0 20 9 42 0 2 4 0 0 121 208 27 0 0 142 147 52 0 0 0 0 20 15 16 0 9 0 0 2 
P3633 2026 2 0 0 44 37 0 32 17 2 3 0 33 0 1 0 0 6 0 33 91 185 72 76 56 48 14 34 5 0 -999 -999 -999 
P3633 2026 3 16 0 1 0 0 0 0 0 0 2 0 0 0 0 0 0 0 16 0 0 48 0 56 0 6 0 3 3 0 0 0 
P3633 2026 4 0 0 0 6 0 21 52 58 0 74 126 83 0 0 0 0 0 0 0 0 0 0 0 0 0 0 0 58 64 64 -999 
P3633 2026 5 0 25 0 0 0 0 0 24 12 0 0 0 0 0 0 0 0 33 23 0 16 0 0 0 0 44 0 28 22 0 0 
P3633 2026 6 12 7 6 0 0 0 0 0 0 0 0 0 0 15 13 0 0 25 0 0 0 0 0 0 0 0 0 0 0 0 -999 
P3633 2026 7 0 0 0 0 0 19 0 0 0 0 0 0 0 0 0 0 0 0 0 0 0 0 0 0 0 0 0 0 0 0 0 
P3633 2026 8 0 0 0 0 0 0 0 0 0 0 0 0 0 0 0 0 0 0 0 0 0 0 0 0 0 0 0 17 0 0 12 
P3633 2026 9 0 0 0 18 0 8 0 0 0 0 0 0 0 0 0 0 0 0 0 0 28 22 0 0 0 0 0 9 0 11 -999 
P3633 2026 10 5 0 0 0 0 20 34 18 0 0 25 46 0 31 0 71 0 0 0 0 0 12 82 39 42 34 15 0 31 52 71 
P3633 2026 11 0 18 13 10 12 0 23 12 0 70 99 0 0 19 22 6 0 16 0 0 0 0 0 0 0 0 0 0 45 9 -999 
P3633 2026 12 0 12 0 14 0 17 0 14 0 60 27 15 0 0 87 59 106 0 57 62 0 0 22 0 0 0 0 0 0 44 0 
P3633 2027 1 0 0 89 116 86 96 0 113 62 41 26 10 0 0 0 0 23 10 32 0 40 15 0 0 0 1 0 14 13 7 0 
P3633 2027 2 11 15 0 0 0 5 0 0 7 7 0 0 0 117 86 226 118 132 118 13 10 20 75 0 85 71 41 38 -999 -999 -999 
P3633 2027 3 85 81 24 45 39 56 57 38 18 0 0 0 0 0 38 55 45 35 44 29 0 0 0 19 0 46 81 109 0 15 27 
P3633 2027 4 27 0 0 88 56 0 0 0 0 25 0 0 35 0 51 98 88 95 51 55 109 53 41 0 41 26 11 5 0 14 -999 
P3633 2027 5 19 0 0 56 47 19 0 0 0 0 0 0 0 0 0 0 0 0 0 0 0 0 0 0 45 48 30 0 16 0 0 
P3633 2027 6 28 0 0 24 0 0 0 0 3 0 0 0 20 0 0 0 0 0 13 0 0 0 0 0 0 0 0 0 0 0 -999 
P3633 2027 7 0 0 0 22 0 0 0 0 9 0 0 0 0 0 0 0 0 0 0 0 0 0 0 0 0 0 0 0 0 0 0 
P3633 2027 8 0 0 0 0 0 0 0 0 0 0 0 0 22 0 0 0 0 0 0 9 0 0 0 0 0 0 0 0 0 0 0 
P3633 2027 9 0 0 0 0 0 10 0 0 0 0 0 0 0 19 0 16 9 0 0 0 0 0 0 0 0 0 0 14 0 8 -999 
P3633 2027 10 0 0 0 0 4 0 0 0 0 1 0 0 0 0 0 6 0 0 0 0 22 34 0 0 0 18 13 9 21 0 0 
P3633 2027 11 25 64 176 119 33 36 24 5 0 0 0 0 0 121 79 23 17 0 0 0 12 20 50 77 92 54 70 74 128 177 -999 
P3633 2027 12 0 0 141 17 19 88 147 129 70 54 0 31 0 23 27 0 0 21 0 0 0 0 0 0 0 0 0 0 8 7 0 
P3633 2028 1 0 33 0 10 7 10 20 0 76 114 0 39 86 100 116 21 0 0 0 1 0 0 0 0 3 7 0 0 1 0 0 
P3633 2028 2 0 0 0 0 16 9 0 0 0 0 0 0 0 0 0 1 0 4 0 0 0 16 15 11 0 0 0 0 -999 -999 -999 
P3633 2028 3 0 38 35 18 0 0 0 0 13 0 0 0 18 25 27 30 30 19 16 0 2 13 20 0 0 0 0 0 0 0 0 
P3633 2028 4 0 0 0 0 23 0 27 0 0 0 0 21 0 0 0 0 0 0 0 0 0 0 0 0 0 0 0 0 0 40 -999 
P3633 2028 5 0 39 21 0 0 0 0 10 0 0 0 14 0 0 0 2 0 0 0 0 0 8 0 47 41 0 0 0 9 0 21 
P3633 2028 6 0 17 19 21 18 0 0 0 0 0 11 0 0 0 0 0 0 10 0 0 0 0 0 0 0 0 0 0 0 0 -999 
P3633 2028 7 0 0 0 0 0 22 19 0 0 0 0 0 0 0 0 0 0 7 11 0 0 0 0 0 0 0 0 0 0 0 14 
P3633 2028 8 0 0 0 0 0 0 0 7 0 0 0 0 0 0 0 0 0 26 0 23 13 0 0 0 0 0 0 11 0 0 0 
P3633 2028 9 26 0 0 0 30 23 18 0 0 0 0 0 0 0 0 0 0 0 0 5 0 0 0 0 0 0 0 9 13 13 -999 
P3633 2028 10 0 4 0 0 18 7 25 0 15 0 0 0 0 0 0 0 0 0 0 68 47 0 0 0 0 0 0 0 0 13 28 
P3633 2028 11 39 25 0 0 32 0 0 66 42 55 30 11 0 0 54 55 25 16 11 11 0 0 0 0 0 0 0 0 0 2 -999 
P3633 2028 12 0 0 0 0 0 34 7 0 4 0 0 0 0 0 8 4 1 1 31 75 128 31 102 75 25 0 0 0 15 19 10 
P3633 2029 1 0 28 70 0 17 72 188 73 8 0 0 0 27 0 0 89 39 0 26 0 0 0 0 0 0 98 135 74 27 4 0 
P3633 2029 2 0 0 0 0 0 0 0 0 0 0 21 6 0 0 0 0 0 0 0 0 0 0 0 0 0 0 0 0 -999 -999 -999 
P3633 2029 3 0 0 0 0 0 0 0 0 0 0 0 0 0 22 17 0 0 24 0 36 44 37 53 0 0 0 0 0 4 3 0 
P3633 2029 4 0 5 0 0 0 0 21 0 0 0 0 23 33 26 0 0 0 0 0 17 0 7 0 0 13 0 0 0 0 0 -999 
P3633 2029 5 0 0 0 59 25 18 0 0 0 0 0 0 0 0 0 0 0 0 0 0 0 0 27 0 0 0 0 0 0 0 6 
P3633 2029 6 11 0 0 27 33 0 0 0 0 0 0 0 0 0 0 0 0 0 0 0 0 0 0 0 0 0 0 20 13 11 -999 
P3633 2029 7 19 0 0 18 0 0 0 0 0 0 0 0 0 0 0 0 0 0 0 0 0 0 0 0 0 0 0 0 0 0 0 
P3633 2029 8 0 0 0 0 0 0 0 0 0 0 0 0 0 0 0 0 0 0 0 0 0 0 0 0 11 0 0 0 0 0 0 
P3633 2029 9 0 25 36 0 0 19 8 0 4 0 0 0 0 0 0 0 0 21 0 18 0 0 0 0 0 29 0 57 72 76 -999 
P3633 2029 10 92 39 11 0 0 0 0 0 4 0 0 3 0 10 32 0 0 12 33 0 29 22 26 0 0 0 20 19 21 0 44 
P3633 2029 11 0 22 0 103 0 58 0 0 113 69 30 21 0 0 0 13 0 0 13 32 0 22 29 35 20 13 34 41 68 48 -999 
P3633 2029 12 0 0 38 13 0 0 0 0 0 0 0 0 0 0 0 0 0 0 18 0 3 0 5 0 0 0 0 6 0 20 88 
P3633 2030 1 113 32 12 0 44 36 95 32 0 0 0 31 0 0 0 0 0 0 5 0 10 5 6 9 15 34 0 29 113 136 124 
P3633 2030 2 169 110 88 19 0 0 60 71 0 0 88 61 27 0 0 67 0 0 0 0 0 0 0 0 0 20 0 0 -999 -999 -999 
P3633 2030 3 0 0 0 0 32 46 100 0 0 0 53 0 0 0 0 0 0 7 0 0 18 57 54 17 0 0 0 2 0 0 0 
P3633 2030 4 4 0 0 20 0 0 15 0 0 18 27 0 19 82 120 121 105 224 96 43 55 73 62 32 27 44 41 0 8 14 -999 
P3633 2030 5 9 5 2 0 0 0 12 0 0 15 15 0 0 0 44 0 38 0 27 27 0 0 0 0 6 0 0 0 0 20 0 
P3633 2030 6 33 0 0 0 0 30 36 0 0 29 30 36 31 32 0 12 0 0 0 0 0 0 0 0 0 0 0 0 0 0 -999 
P3633 2030 7 0 0 0 7 0 0 0 0 0 0 0 0 0 0 0 0 0 0 0 0 0 0 0 0 0 0 0 12 0 0 0 
P3633 2030 8 0 0 23 0 0 0 0 0 0 0 0 0 0 0 0 0 0 0 0 0 0 0 0 0 0 0 0 0 0 0 0 
P3633 2030 9 0 0 0 0 7 0 0 0 0 0 0 0 0 0 0 0 0 21 0 0 0 14 9 0 0 12 0 0 0 0 -999 
P3633 2030 10 0 0 0 0 0 0 0 0 27 0 50 0 0 0 0 0 0 27 0 0 0 0 17 0 0 15 0 13 0 0 22 
P3633 2030 11 0 0 0 70 138 122 51 16 0 0 0 0 0 0 0 0 0 40 44 0 4 4 0 0 3 7 14 22 0 82 -999 
P3633 2030 12 139 70 57 50 94 106 84 51 79 0 0 78 40 0 40 0 0 0 0 0 0 0 50 0 19 0 0 0 0 0 0 
P3633 2031 1 4 0 0 1 6 0 0 0 0 0 11 0 48 133 78 38 19 14 0 0 0 25 0 37 38 25 27 0 0 45 51 
P3633 2031 2 0 14 0 43 27 51 42 17 27 54 51 37 0 2 0 0 0 72 0 46 21 89 0 0 0 4 0 0 -999 -999 -999 
P3633 2031 3 30 35 22 14 0 0 0 0 0 43 0 0 37 76 0 43 0 43 50 21 0 0 0 0 28 44 0 43 26 0 0 
P3633 2031 4 32 43 0 44 67 97 41 0 9 0 0 0 19 0 0 0 0 0 0 0 0 0 0 0 35 0 36 34 32 24 -999 
P3633 2031 5 32 25 27 0 32 0 52 61 0 40 33 16 0 27 23 0 0 0 0 0 0 0 6 0 0 0 0 0 14 0 4 
P3633 2031 6 0 0 0 0 0 25 0 0 0 0 0 0 0 9 0 0 0 0 0 19 0 0 19 0 0 0 0 0 0 0 -999 
P3633 2031 7 12 0 8 0 0 0 0 0 0 14 17 0 0 0 0 0 0 0 0 0 14 0 0 0 0 0 0 0 16 5 0 
P3633 2031 8 0 0 0 0 0 0 0 0 0 0 0 0 0 0 0 0 0 0 0 36 30 0 0 0 0 0 0 0 0 0 0 
P3633 2031 9 3 0 0 0 0 0 0 0 0 0 0 61 0 0 0 0 0 0 0 0 22 0 0 0 0 0 0 0 0 21 -999 
P3633 2031 10 8 0 0 0 7 0 0 0 0 0 16 0 0 28 0 62 31 17 10 0 0 31 0 58 50 30 43 101 44 45 61 
P3633 2031 11 42 37 17 16 0 23 10 0 0 0 0 0 0 45 48 107 0 0 0 0 0 0 0 0 0 0 0 70 34 47 -999 
P3633 2031 12 0 121 138 120 64 39 28 0 3 0 0 0 0 0 14 4 0 4 0 3 0 0 6 20 18 0 15 0 0 0 0 
P3633 2032 1 80 144 58 8 0 137 71 69 211 21 9 0 0 0 0 0 0 62 91 20 0 0 0 0 0 0 0 32 38 91 54 
P3633 2032 2 0 126 38 0 74 0 18 0 0 0 0 0 0 0 0 0 0 3 0 0 0 0 0 0 0 0 0 0 -999 -999 -999 
P3633 2032 3 0 0 0 0 0 29 59 31 8 0 0 1 0 0 0 0 0 0 0 0 0 0 0 0 0 0 34 21 11 15 29 
P3633 2032 4 0 17 62 85 62 57 72 53 39 22 26 23 0 21 20 0 0 0 37 29 92 137 164 72 45 0 0 21 53 47 -999 
P3633 2032 5 0 28 0 36 0 54 53 0 41 27 26 0 0 0 16 0 50 58 25 0 39 7 3 0 0 0 0 7 5 6 0 
P3633 2032 6 0 12 0 0 0 47 36 0 0 0 26 24 0 14 4 0 0 0 0 0 0 0 0 0 0 0 35 0 0 0 -999 
P3633 2032 7 0 0 0 0 0 0 0 0 0 0 0 0 0 0 0 0 0 0 0 0 0 0 0 0 0 0 0 0 0 0 12 
P3633 2032 8 0 0 0 0 0 0 0 0 0 0 0 0 0 6 0 0 25 0 0 0 0 0 0 0 25 0 0 0 0 0 0 
P3633 2032 9 4 0 0 0 5 0 0 18 18 0 0 0 0 0 0 22 0 0 0 0 0 0 0 0 0 0 0 0 0 0 -999 
P3633 2032 10 0 0 0 0 5 3 0 0 0 0 29 24 22 0 39 31 24 26 64 82 91 123 0 0 0 15 8 0 0 0 0 
P3633 2032 11 16 0 23 0 0 71 60 67 24 0 0 23 81 0 7 32 37 0 89 117 91 0 0 0 0 47 51 70 44 23 -999 
P3633 2032 12 2 2 0 0 0 47 0 27 0 60 68 0 8 0 0 0 1 0 0 0 4 0 0 0 3 1 6 0 26 14 129 
P3633 2033 1 98 38 0 0 0 0 41 10 18 12 0 3 0 6 0 0 0 0 0 0 0 0 0 0 0 0 0 0 7 3 1 
P3633 2033 2 0 3 0 0 1 0 11 0 0 25 6 4 0 19 0 124 180 108 91 140 155 152 86 62 98 0 42 28 -999 -999 -999 
P3633 2033 3 0 20 0 0 10 0 0 0 13 0 14 18 27 43 53 0 35 39 78 116 89 0 68 67 81 0 0 10 0 16 0 
P3633 2033 4 95 0 0 0 37 0 18 14 21 0 8 0 0 0 0 0 0 62 63 92 65 39 32 36 80 32 17 0 0 0 -999 
P3633 2033 5 0 0 0 0 0 0 0 0 0 0 0 0 0 0 0 0 26 0 0 0 0 0 15 0 0 0 11 0 0 0 0 
P3633 2033 6 0 0 0 29 0 0 0 0 0 0 0 15 0 0 0 0 0 0 0 0 0 15 0 0 0 0 0 0 11 0 -999 
P3633 2033 7 0 0 0 0 0 0 0 0 0 0 0 11 0 0 0 0 0 0 0 0 0 0 0 9 0 0 18 0 0 0 0 
P3633 2033 8 0 0 0 0 0 0 0 0 0 17 0 0 0 0 0 0 0 0 0 0 0 0 0 0 12 0 0 14 0 0 0 
P3633 2033 9 7 9 0 0 0 0 0 36 0 15 8 0 0 0 0 0 0 0 8 0 0 0 0 0 0 4 0 0 0 0 -999 
P3633 2033 10 0 0 25 39 0 0 0 0 0 0 0 0 0 0 15 43 67 0 0 25 0 0 0 0 0 42 24 9 0 0 86 
P3633 2033 11 76 35 90 175 61 122 0 188 31 22 0 0 0 28 136 116 0 16 12 2 0 0 0 0 0 0 0 3 9 14 -999 
P3633 2033 12 20 0 83 76 0 0 77 45 61 0 18 0 0 0 0 0 0 0 0 0 0 3 0 10 9 0 0 0 0 7 9 
P3633 2034 1 4 0 0 0 0 0 0 0 0 1 0 0 3 0 4 5 0 2 0 0 17 18 23 55 84 96 93 0 0 0 0 
P3633 2034 2 0 0 0 0 0 0 0 43 41 0 0 42 11 0 13 4 0 34 131 66 0 0 72 28 0 0 0 0 -999 -999 -999 
P3633 2034 3 0 0 0 0 0 0 0 0 0 15 20 0 0 6 9 7 0 0 0 0 0 0 0 6 0 0 0 26 52 56 25 
P3633 2034 4 0 42 0 94 127 67 11 24 0 0 37 0 0 27 0 42 32 0 17 0 64 93 89 50 0 10 6 1 0 0 -999 
P3633 2034 5 0 3 4 0 0 0 0 0 0 0 12 0 0 0 0 16 0 0 0 0 21 0 24 0 0 0 0 39 37 31 29 
P3633 2034 6 31 52 32 22 16 0 0 21 17 17 8 0 0 0 0 0 0 0 20 0 0 0 0 0 0 14 0 0 0 0 -999 
P3633 2034 7 0 0 0 0 3 0 6 0 0 0 0 0 0 24 0 0 0 0 0 0 0 0 0 0 0 0 0 0 0 0 0 
P3633 2034 8 0 0 0 0 0 0 0 0 0 0 0 0 0 0 0 0 22 0 0 5 3 0 0 0 0 0 0 0 25 0 19 
P3633 2034 9 0 0 0 0 0 7 0 0 0 0 21 12 0 0 0 0 0 18 0 0 0 11 0 0 0 0 0 0 0 0 -999 
P3633 2034 10 0 0 0 0 9 0 0 0 0 0 0 0 0 0 21 42 17 12 0 17 0 0 34 0 4 1 0 0 0 0 10 
P3633 2034 11 0 0 22 30 46 26 0 0 0 0 0 0 11 0 0 0 0 0 0 0 10 8 9 0 17 0 31 21 20 31 -999 
P3633 2034 12 17 18 35 0 3 1 0 2 0 0 18 0 0 0 0 14 0 0 0 0 0 20 34 91 138 138 164 0 0 0 42 
P3633 2035 1 0 0 46 55 33 46 0 0 0 0 0 0 0 6 4 0 0 0 8 23 12 8 0 6 8 25 0 47 27 18 0 
P3633 2035 2 0 5 0 14 0 0 0 0 0 0 0 0 0 9 5 8 0 0 0 0 0 0 44 63 0 0 62 0 -999 -999 -999 
P3633 2035 3 0 51 8 0 0 6 0 0 0 0 0 0 24 59 14 0 0 0 21 0 12 0 0 0 0 0 0 47 86 33 39 
P3633 2035 4 0 0 36 47 43 0 0 57 32 19 0 0 0 0 39 37 40 0 0 49 66 49 58 49 27 0 20 0 57 61 -999 
P3633 2035 5 41 59 20 8 0 0 51 0 0 20 23 0 0 0 5 0 0 0 21 0 0 20 0 0 0 6 0 0 0 0 0 
P3633 2035 6 0 0 0 0 0 0 7 0 0 0 0 0 0 0 0 0 0 0 13 0 0 0 0 0 0 0 0 0 0 0 -999 
P3633 2035 7 0 0 0 0 0 0 0 37 0 16 0 12 0 12 13 0 0 0 0 18 0 0 0 0 0 0 0 0 0 0 0 
P3633 2035 8 0 0 0 0 0 0 0 0 0 0 35 0 0 0 0 0 0 0 0 0 0 28 0 0 0 0 0 20 0 41 36 
P3633 2035 9 0 5 0 6 0 0 0 0 0 0 0 0 11 5 0 0 0 0 0 0 0 12 0 0 12 13 0 0 0 34 -999 
P3633 2035 10 0 0 0 0 5 0 0 0 0 0 0 0 40 27 76 30 0 0 0 46 73 59 0 20 0 0 0 8 7 0 0 
P3633 2035 11 0 29 46 22 9 0 0 0 3 1 0 0 0 0 8 0 0 0 5 0 0 0 0 3 5 0 0 0 0 0 -999 
P3633 2035 12 0 0 0 0 0 0 8 15 0 14 0 0 12 35 62 69 32 0 32 16 12 8 0 17 0 34 39 15 0 34 60 
P3633 2036 1 68 85 0 0 54 86 75 62 80 147 77 0 74 0 27 0 49 0 0 65 34 23 0 0 0 0 0 9 11 0 0 
P3633 2036 2 5 19 0 0 0 0 0 6 0 0 0 0 0 0 5 6 0 0 0 27 19 0 0 38 10 11 13 0 -999 -999 -999 
P3633 2036 3 107 102 0 30 23 12 0 0 0 29 19 39 0 32 46 0 19 0 43 25 0 0 0 0 92 0 87 72 55 44 0 
P3633 2036 4 135 0 28 53 0 17 0 14 0 30 42 62 0 0 0 0 7 0 0 36 0 0 0 0 0 24 8 4 0 0 -999 
P3633 2036 5 0 0 0 15 0 0 0 0 0 0 0 23 30 0 0 0 69 52 64 36 71 80 54 0 7 0 0 0 0 0 0 
P3633 2036 6 0 0 0 0 0 0 12 0 0 37 39 0 28 25 0 0 13 0 0 0 0 0 0 0 0 0 0 0 0 0 -999 
P3633 2036 7 0 0 0 0 0 0 0 0 0 0 0 0 0 0 0 0 0 0 0 2 0 0 0 0 0 0 0 0 0 0 0 
P3633 2036 8 0 0 0 0 0 0 0 0 0 0 0 0 0 0 0 0 0 0 0 17 9 0 0 0 0 0 0 0 0 0 11 
P3633 2036 9 0 0 0 4 6 7 0 9 0 0 0 0 0 10 0 0 0 0 0 0 0 4 0 0 0 0 0 0 0 0 -999 
P3633 2036 10 0 0 0 20 29 54 0 11 26 63 0 0 20 49 67 0 18 24 18 0 0 0 8 0 30 0 4 0 0 0 0 
P3633 2036 11 0 0 0 0 0 29 63 46 37 42 20 0 0 0 0 0 0 0 0 0 0 0 0 0 0 0 0 0 0 0 -999 
P3633 2036 12 0 0 0 0 0 0 0 0 10 0 7 14 0 14 11 0 0 0 7 0 0 0 14 10 0 18 43 60 47 111 131 
P3633 2037 1 64 74 64 38 0 57 0 0 46 0 0 14 0 30 40 82 112 99 0 62 20 0 17 2 0 0 1 0 0 0 2 
P3633 2037 2 0 0 0 0 11 0 0 0 0 0 0 0 28 16 0 0 12 44 69 0 0 8 12 0 0 0 0 14 -999 -999 -999 
P3633 2037 3 0 0 0 74 86 42 49 85 59 0 0 15 12 4 0 0 0 0 21 32 29 96 105 146 68 168 101 57 71 21 32 
P3633 2037 4 0 0 0 0 0 30 0 0 0 0 0 0 0 60 33 0 19 20 11 0 0 20 64 0 64 58 56 39 23 11 -999 
P3633 2037 5 15 0 0 0 38 71 75 32 17 12 0 0 0 0 0 0 0 0 0 0 8 6 5 0 0 0 0 0 0 0 0 
P3633 2037 6 0 0 0 0 19 0 26 0 19 0 0 0 0 0 10 0 0 0 0 0 0 7 0 0 0 0 0 0 0 0 -999 
P3633 2037 7 0 0 0 0 0 0 0 0 0 0 0 0 0 0 0 0 0 0 0 0 0 0 0 0 0 18 0 0 0 0 0 
P3633 2037 8 0 19 10 0 0 0 0 0 0 0 0 0 0 0 0 12 0 0 0 0 0 0 0 0 0 0 0 0 0 39 0 
P3633 2037 9 11 0 0 0 0 0 0 0 0 0 15 0 0 19 0 0 0 0 0 0 0 0 0 0 0 0 0 0 0 10 -999 
P3633 2037 10 0 0 0 0 0 31 14 0 0 0 0 0 0 0 3 0 3 0 0 0 0 0 0 29 0 9 0 0 0 0 0 
P3633 2037 11 39 0 14 0 0 0 0 0 0 0 0 0 0 0 0 47 55 22 1 3 1 0 0 0 0 29 35 29 0 31 -999 
P3633 2037 12 19 0 90 121 134 180 110 31 25 0 0 73 0 15 8 0 0 0 33 54 13 9 0 0 0 0 0 0 0 0 0 
P3633 2038 1 0 0 0 0 0 0 0 0 21 0 27 112 86 34 24 48 20 34 0 0 38 0 8 7 0 17 0 14 13 0 52 
P3633 2038 2 0 0 17 0 30 49 0 15 0 11 0 0 0 0 0 0 0 5 0 7 8 6 0 0 53 46 18 9 -999 -999 -999 
P3633 2038 3 12 0 0 0 34 28 0 19 9 0 13 25 24 26 33 47 78 44 10 0 0 0 0 0 23 68 74 0 0 9 0 
P3633 2038 4 0 52 58 61 16 0 0 51 39 24 7 0 6 0 0 0 32 0 7 0 0 0 21 0 0 0 0 0 20 0 -999 
P3633 2038 5 0 0 0 0 0 0 0 0 0 0 0 0 0 0 27 25 27 0 0 0 6 0 0 0 14 0 14 0 0 9 0 
P3633 2038 6 0 0 9 0 0 0 0 0 0 0 0 30 11 0 0 0 0 0 0 0 0 0 0 0 0 16 0 0 0 0 -999 
P3633 2038 7 0 25 0 22 0 0 0 0 0 0 22 0 0 0 0 0 0 0 0 0 0 0 0 0 0 0 0 6 0 0 12 
P3633 2038 8 6 6 0 0 0 0 0 0 0 0 0 0 0 0 0 0 0 0 0 0 8 0 0 0 0 0 8 0 0 0 0 
P3633 2038 9 0 0 0 0 0 0 0 0 0 5 0 0 5 0 0 0 0 0 0 0 0 0 0 0 0 18 0 0 0 0 -999 
P3633 2038 10 0 0 0 0 0 0 0 0 0 0 0 0 0 0 0 0 0 0 0 31 0 0 0 0 0 0 31 33 0 0 0 
P3633 2038 11 33 0 0 37 83 114 65 29 0 0 0 0 47 0 0 45 22 30 56 28 0 0 0 25 0 0 57 85 109 52 -999 
P3633 2038 12 21 0 0 0 0 11 0 0 22 19 14 3 0 1 0 0 0 0 0 0 15 0 16 0 52 0 0 0 48 69 50 
P3633 2039 1 0 30 57 0 124 37 0 0 0 0 0 0 110 49 0 95 137 78 193 143 0 37 26 54 151 227 195 149 37 21 32 
P3633 2039 2 0 0 0 0 1 0 0 0 0 0 18 0 0 28 56 22 25 17 0 0 74 109 107 65 0 0 60 0 -999 -999 -999 
P3633 2039 3 33 13 0 0 49 40 25 0 16 0 32 0 59 17 8 34 45 0 52 86 88 42 0 6 0 18 0 5 0 0 1 
P3633 2039 4 2 0 0 3 0 12 16 0 10 0 0 0 0 4 0 0 18 7 0 0 0 8 0 0 0 0 0 0 0 0 -999 
P3633 2039 5 54 32 0 0 27 19 0 0 0 79 73 0 11 16 23 31 29 0 18 0 28 22 0 0 28 0 31 32 0 0 0 
P3633 2039 6 18 19 0 18 0 0 0 0 58 0 14 0 0 0 0 0 37 50 0 0 0 0 0 0 0 0 0 0 0 0 -999 
P3633 2039 7 0 0 0 0 0 13 0 0 0 0 0 0 0 0 25 0 0 0 0 0 0 0 0 0 0 0 0 0 0 0 0 
P3633 2039 8 0 0 0 0 0 0 0 0 0 0 0 0 0 0 0 9 0 0 22 0 0 0 0 0 0 0 0 0 0 0 0 
P3633 2039 9 0 0 0 0 0 0 0 0 0 0 0 0 0 0 0 0 0 0 0 0 0 0 11 0 0 0 0 0 0 0 -999 
P3633 2039 10 38 16 0 0 0 0 2 0 0 0 18 0 0 6 5 0 0 0 35 77 68 79 0 90 101 21 0 31 47 0 32 
P3633 2039 11 69 57 9 0 0 0 0 0 0 0 0 0 0 4 0 0 20 9 11 22 28 0 0 0 19 0 16 65 76 53 -999 
P3633 2039 12 61 19 0 9 0 0 0 0 0 0 0 0 0 32 59 40 82 225 0 0 14 0 7 0 0 0 0 26 0 0 0 
P3633 2040 1 0 2 0 0 0 0 0 0 0 1 0 0 0 0 0 18 27 14 20 66 12 0 0 0 0 0 0 0 26 34 106 
P3633 2040 2 64 19 60 78 94 12 0 0 7 0 29 39 31 0 168 137 78 158 142 143 52 43 68 82 51 52 27 0 -999 -999 -999 
P3633 2040 3 0 0 0 58 46 0 0 0 36 46 3 3 0 0 0 0 0 7 0 0 0 0 0 10 0 0 0 0 0 0 0 
P3633 2040 4 0 0 31 0 61 0 35 0 20 15 18 9 0 35 54 28 17 0 0 0 0 0 10 0 29 0 25 0 0 0 -999 
P3633 2040 5 0 0 0 0 0 0 0 10 0 23 0 0 0 0 0 0 0 0 0 0 0 0 0 0 24 0 0 0 0 0 0 
P3633 2040 6 0 0 0 0 0 0 0 0 0 37 0 0 31 24 0 15 0 0 20 29 0 13 0 0 7 0 0 9 0 0 -999 
P3633 2040 7 0 0 0 0 0 0 0 0 0 0 0 0 0 0 0 0 0 0 0 0 0 0 0 0 0 0 0 0 0 0 0 
P3633 2040 8 0 0 0 0 0 0 0 0 0 0 0 0 0 0 0 0 0 0 0 0 0 0 0 0 23 0 0 0 11 0 0 
P3633 2040 9 0 0 0 0 15 0 0 0 0 0 0 0 0 23 0 39 0 0 17 22 0 0 0 0 6 0 0 0 0 6 -999 
P3633 2040 10 0 0 0 0 0 0 0 40 46 41 20 0 29 0 0 33 0 145 0 0 0 8 20 34 0 0 0 0 0 0 0 
P3633 2040 11 0 0 0 0 0 10 0 26 0 9 17 14 0 108 85 142 89 26 29 0 0 4 0 31 0 0 0 0 0 23 -999 
P3633 2040 12 22 0 0 0 5 0 0 28 0 0 0 0 0 0 0 0 1 0 0 0 0 0 0 1 0 0 0 0 0 11 0 
P3633 2041 1 0 0 0 0 0 23 0 13 8 9 0 0 0 0 11 24 0 9 6 3 0 0 47 103 58 43 112 56 25 58 65 
P3633 2041 2 10 12 0 0 2 0 0 22 46 55 39 0 27 31 64 119 0 19 16 17 29 7 0 0 0 1 0 0 -999 -999 -999 
P3633 2041 3 0 0 0 0 0 0 0 23 31 0 12 8 3 0 0 0 0 0 0 0 0 0 0 0 0 5 0 0 26 0 0 
P3633 2041 4 0 0 0 0 0 9 0 0 27 0 0 26 0 0 21 0 0 0 0 0 7 0 0 0 0 0 0 0 0 0 -999 
P3633 2041 5 0 0 27 34 44 0 0 19 25 0 34 33 0 9 0 14 0 0 50 32 10 0 0 8 9 0 0 0 0 0 0 
P3633 2041 6 36 0 0 0 0 0 0 0 0 29 34 36 0 0 10 0 0 0 0 27 0 0 0 0 0 0 0 0 0 0 -999 
P3633 2041 7 0 0 0 0 11 0 0 0 0 0 0 0 40 0 11 0 0 0 0 0 7 0 0 0 0 0 0 0 0 0 0 
P3633 2041 8 0 0 0 0 0 0 0 17 0 0 0 0 0 0 0 0 0 0 0 0 0 0 0 0 0 0 0 0 0 0 0 
P3633 2041 9 0 0 0 0 0 0 0 0 0 0 0 0 0 0 0 21 0 0 0 0 21 0 0 0 10 0 0 0 0 0 -999 
P3633 2041 10 0 0 0 0 0 0 0 0 0 0 0 0 0 0 0 0 0 0 0 0 0 0 0 0 30 0 14 16 17 0 33 
P3633 2041 11 0 142 44 0 9 0 0 0 0 4 0 0 0 0 0 0 0 13 24 15 36 18 0 33 65 38 0 18 0 0 -999 
P3633 2041 12 37 65 131 62 24 19 0 34 38 0 0 0 5 0 0 0 0 0 0 0 21 0 0 4 0 0 0 57 0 44 43 
P3633 2042 1 33 57 78 81 33 12 0 0 17 28 26 0 0 5 8 0 29 0 74 15 4 0 0 0 0 38 53 70 11 0 0 
P3633 2042 2 0 0 0 0 0 1 0 0 4 0 0 0 0 5 0 0 0 0 1 0 0 0 0 0 0 0 0 0 -999 -999 -999 
P3633 2042 3 0 0 0 0 0 6 0 9 0 0 0 7 0 0 6 0 16 0 44 46 51 39 49 52 49 44 30 0 0 12 6 
P3633 2042 4 9 0 4 0 4 14 21 0 0 10 0 0 0 0 0 58 0 68 25 33 0 31 59 0 4 0 0 0 25 60 -999 
P3633 2042 5 0 63 78 71 35 51 44 41 0 0 49 40 85 39 0 15 0 0 0 0 0 0 14 0 2 6 0 0 0 0 0 
P3633 2042 6 0 23 0 34 45 35 25 37 0 0 10 0 0 0 0 0 19 0 0 29 0 0 0 0 0 0 0 0 0 0 -999 
P3633 2042 7 0 0 0 0 0 0 0 27 0 0 0 0 0 0 0 0 0 0 0 0 0 0 0 0 0 0 0 0 0 0 0 
P3633 2042 8 0 0 0 0 0 0 0 0 0 0 0 0 7 0 0 0 0 0 0 0 0 0 0 0 0 0 0 0 0 0 0 
P3633 2042 9 8 0 34 10 0 9 0 0 0 0 0 0 10 0 0 0 0 0 45 0 2 0 0 0 0 20 0 0 0 0 -999 
P3633 2042 10 0 0 0 0 0 0 0 0 31 11 6 0 0 9 0 0 0 0 0 0 0 0 0 0 0 0 0 0 5 0 0 
P3633 2042 11 0 0 0 16 24 0 0 15 20 23 0 0 68 0 0 10 13 0 0 0 0 53 32 0 0 51 0 0 0 24 -999 
P3633 2042 12 20 0 11 0 102 0 22 31 0 14 0 31 0 0 0 0 12 0 46 69 0 45 27 0 0 0 0 0 36 81 41 
P3633 2043 1 0 0 0 0 0 0 0 0 0 16 32 0 0 61 115 89 80 56 0 0 0 0 0 0 0 0 0 0 0 0 0 
P3633 2043 2 0 0 0 0 2 0 0 8 0 60 44 13 0 0 0 70 10 32 8 0 0 20 21 0 0 0 23 0 -999 -999 -999 
P3633 2043 3 34 24 0 0 0 9 0 8 8 19 51 52 53 78 44 55 71 64 46 53 18 0 84 90 57 66 34 37 75 143 61 
P3633 2043 4 96 98 69 27 0 31 35 50 52 40 0 20 40 17 9 0 0 0 0 0 0 0 48 0 0 42 35 46 92 39 -999 
P3633 2043 5 28 0 0 0 0 0 0 0 0 0 0 0 28 42 0 40 73 57 58 70 0 0 0 0 0 0 0 0 0 0 0 
P3633 2043 6 0 0 31 34 18 0 0 0 0 0 0 0 7 7 0 0 0 0 0 9 0 0 0 0 0 0 0 0 9 0 -999 
P3633 2043 7 0 3 0 0 0 0 0 0 21 0 0 0 0 0 0 0 0 0 0 0 0 0 0 15 18 0 0 0 0 0 0 
P3633 2043 8 0 0 0 0 0 0 0 0 0 0 0 0 0 0 0 0 0 0 0 0 0 0 0 0 0 19 24 0 0 0 0 
P3633 2043 9 0 0 0 0 0 0 0 0 0 0 0 0 0 0 0 0 0 0 0 0 0 0 0 0 0 0 0 0 13 0 -999 
P3633 2043 10 0 0 0 5 0 6 0 0 0 0 0 0 44 45 19 13 0 0 0 36 25 0 24 0 8 0 5 8 21 32 16 
P3633 2043 11 0 26 29 42 168 0 20 8 0 0 0 0 0 0 0 0 0 23 28 20 83 97 0 0 0 70 67 37 55 38 -999 
P3633 2043 12 20 0 0 87 75 54 0 0 0 0 1 2 1 0 0 0 0 0 15 0 3 2 0 0 0 0 0 0 0 2 0 
P3633 2044 1 0 0 2 0 3 15 18 0 0 0 29 32 26 0 0 15 0 72 68 0 30 0 13 31 65 76 0 0 10 0 0 
P3633 2044 2 0 18 0 65 28 14 0 0 11 0 0 0 0 13 0 0 27 0 3 0 0 0 0 0 0 0 0 5 -999 -999 -999 
P3633 2044 3 0 17 8 3 0 0 0 0 0 0 0 0 7 0 0 0 18 0 0 0 0 0 0 0 0 0 0 0 0 22 25 
P3633 2044 4 28 0 50 26 26 16 0 0 44 0 0 14 9 0 0 0 0 0 8 4 0 0 11 0 0 19 0 0 0 37 -999 
P3633 2044 5 34 0 24 27 23 0 56 57 0 83 84 73 0 28 33 17 0 12 0 0 0 0 0 22 13 0 0 0 0 0 0 
P3633 2044 6 0 10 0 11 0 0 0 0 0 0 0 0 0 0 36 0 0 0 0 31 40 47 0 0 0 0 0 0 0 0 -999 
P3633 2044 7 23 0 0 0 12 0 0 0 0 0 0 0 0 0 0 14 0 0 0 0 0 0 0 0 0 0 0 0 0 0 0 
P3633 2044 8 0 0 21 0 0 0 0 0 0 0 0 0 0 0 0 0 0 0 0 0 0 0 0 0 0 0 0 0 0 18 0 
P3633 2044 9 0 0 0 0 0 0 0 0 0 0 0 0 0 0 0 0 0 0 17 21 16 10 11 0 0 20 15 5 0 0 -999 
P3633 2044 10 0 0 0 0 0 0 0 0 10 0 0 31 17 0 0 16 0 0 0 0 0 11 25 105 82 50 0 0 0 0 0 
P3633 2044 11 3 0 0 0 0 10 10 0 0 0 55 0 77 87 37 0 35 0 0 0 102 0 0 0 17 21 0 0 0 0 -999 
P3633 2044 12 0 0 0 0 0 0 0 4 0 0 0 0 0 0 0 7 0 55 110 166 53 45 71 30 24 45 40 0 0 16 0 
P3633 2045 1 27 43 125 0 77 37 0 78 0 98 56 87 11 0 0 0 0 33 0 0 0 0 0 0 0 0 1 6 7 0 0 
P3633 2045 2 0 0 12 0 0 0 44 13 0 0 60 0 58 0 6 0 0 0 0 0 38 40 31 0 0 152 203 207 -999 -999 -999 
P3633 2045 3 35 11 29 0 27 0 31 0 98 99 83 62 67 0 58 0 0 29 0 0 2 0 0 0 3 0 0 0 0 0 0 
P3633 2045 4 4 0 0 0 0 11 16 12 0 0 15 25 14 51 75 36 22 11 26 7 0 22 0 0 0 0 0 0 0 0 -999 
P3633 2045 5 19 0 0 68 25 0 0 0 0 0 0 0 20 20 0 0 0 0 0 64 0 0 58 0 38 24 25 32 43 36 21 
P3633 2045 6 0 19 13 0 0 0 0 0 0 0 0 19 0 48 33 24 22 0 0 0 0 0 0 0 0 0 0 0 0 0 -999 
P3633 2045 7 0 0 0 0 0 0 0 0 0 0 0 0 0 0 0 0 0 0 0 0 0 0 0 0 0 0 0 0 0 0 0 
P3633 2045 8 0 0 0 0 0 0 0 0 0 0 0 0 0 0 0 0 0 0 0 0 0 0 0 9 0 0 0 0 0 0 0 
P3633 2045 9 0 0 0 27 27 17 0 0 0 0 0 0 16 0 0 0 0 0 0 0 0 0 0 0 19 0 0 0 0 5 -999 
P3633 2045 10 0 0 0 0 0 18 0 17 0 0 0 0 0 0 0 0 0 0 0 25 0 0 0 0 0 8 0 0 0 0 0 
P3633 2045 11 0 0 33 55 0 14 0 0 0 0 0 0 0 9 8 0 0 38 44 16 0 0 0 0 8 0 18 0 17 8 -999 
P3633 2045 12 0 9 0 0 0 0 0 0 0 26 68 0 5 0 0 0 0 12 0 1 0 0 14 81 62 11 6 5 0 0 9 
P3633 2046 1 16 19 13 13 5 6 0 0 0 0 0 5 0 10 9 0 17 62 92 51 62 79 82 94 67 100 74 69 121 77 57 
P3633 2046 2 0 11 0 0 0 0 0 0 0 0 0 33 67 0 0 123 143 104 34 40 13 0 0 19 17 23 44 46 -999 -999 -999 
P3633 2046 3 18 0 0 51 14 6 0 0 0 0 0 0 0 0 0 11 0 0 0 0 4 0 0 21 33 54 0 21 22 27 38 
P3633 2046 4 60 0 0 0 12 21 31 54 78 77 33 0 0 64 58 55 66 40 18 18 0 35 57 43 65 0 46 36 0 38 -999 
P3633 2046 5 29 0 0 0 0 0 0 0 0 0 0 0 48 26 0 17 27 15 21 29 29 0 61 65 119 57 30 13 0 35 34 
P3633 2046 6 34 17 0 0 89 47 0 12 0 0 0 0 0 0 0 0 26 0 0 0 0 0 0 0 0 0 0 0 0 0 -999 
P3633 2046 7 0 0 0 0 0 0 0 0 0 0 0 0 0 0 0 0 0 0 0 0 0 0 0 0 0 0 0 0 0 0 0 
P3633 2046 8 0 0 0 7 0 0 0 0 0 24 0 0 0 0 0 0 17 13 0 0 0 0 0 0 0 0 0 0 2 0 0 
P3633 2046 9 0 0 0 0 0 0 0 0 0 0 0 0 0 0 0 0 0 0 0 0 0 0 11 0 7 0 0 0 0 0 -999 
P3633 2046 10 13 0 26 22 0 17 29 0 0 0 0 0 0 0 0 0 0 0 15 0 7 0 0 6 0 9 6 6 0 0 0 
P3633 2046 11 0 39 76 77 16 13 0 0 0 0 0 0 0 0 0 0 0 0 0 0 0 0 0 21 12 0 0 0 0 0 -999 
P3633 2046 12 0 10 4 0 0 0 0 0 0 0 14 17 13 10 0 0 11 0 13 0 0 0 0 0 8 20 7 0 0 0 0 
P3633 2047 1 19 27 41 63 37 35 0 0 0 46 51 0 0 0 0 56 0 23 0 0 24 0 0 0 0 0 0 36 0 23 0 
P3633 2047 2 0 11 3 7 0 0 9 0 8 11 8 0 45 0 29 0 0 0 0 37 33 26 26 30 0 0 0 0 -999 -999 -999 
P3633 2047 3 0 25 19 22 27 0 27 0 0 31 27 25 0 52 18 23 17 29 0 6 0 0 0 0 0 8 8 0 4 0 0 
P3633 2047 4 23 0 0 10 0 0 4 0 0 0 0 0 28 13 0 0 45 0 51 39 0 33 26 0 30 0 0 31 44 40 -999 
P3633 2047 5 24 30 31 24 18 48 33 0 0 0 0 16 36 60 0 44 0 0 0 20 31 31 58 28 12 0 8 7 0 0 0 
P3633 2047 6 0 0 0 0 0 0 0 0 0 0 0 0 0 0 0 0 0 0 0 0 0 0 0 0 0 0 0 0 0 0 -999 
P3633 2047 7 0 0 0 0 0 0 0 0 0 0 0 0 0 0 15 9 0 0 0 0 0 0 0 0 0 0 0 0 0 0 0 
P3633 2047 8 0 0 0 0 0 0 0 0 0 0 0 0 0 0 0 0 0 0 0 0 0 0 0 21 0 0 0 0 0 0 0 
P3633 2047 9 25 10 0 0 0 0 0 26 0 0 13 7 0 0 0 0 0 0 0 0 0 0 8 10 0 48 22 14 15 0 -999 
P3633 2047 10 0 0 31 0 50 12 0 0 42 23 0 6 0 19 6 0 2 0 0 0 0 0 0 0 0 0 0 25 0 12 15 
P3633 2047 11 20 0 3 0 7 7 0 0 0 12 10 0 0 7 0 0 0 0 22 36 0 0 0 0 4 0 18 43 39 0 -999 
P3633 2047 12 43 82 23 63 202 187 180 120 10 0 0 0 0 0 0 0 18 37 120 132 41 69 0 63 61 35 0 0 26 0 0 
P3633 2048 1 0 0 0 0 0 0 0 0 0 0 25 3 0 0 0 0 0 0 0 9 18 14 0 0 13 61 109 0 0 0 28 
P3633 2048 2 34 18 5 6 6 14 34 105 22 0 0 0 0 0 13 9 0 0 19 0 0 0 0 0 11 0 0 0 -999 -999 -999 
P3633 2048 3 0 0 0 0 0 0 0 0 0 0 0 9 9 0 0 0 0 0 38 0 27 28 26 10 0 0 19 22 0 30 28 
P3633 2048 4 18 0 10 0 0 0 69 94 38 14 15 66 89 79 31 35 66 60 124 119 59 0 38 34 18 32 29 15 21 31 -999 
P3633 2048 5 12 14 23 0 14 0 0 0 0 0 0 0 29 0 10 0 0 0 0 0 42 57 43 25 33 0 0 47 56 0 0 
P3633 2048 6 0 0 0 0 0 0 13 0 18 0 0 0 0 0 0 0 0 0 0 0 0 0 0 0 0 0 0 0 0 0 -999 
P3633 2048 7 0 0 0 0 0 0 0 0 15 0 9 0 0 0 0 0 0 0 0 0 0 0 0 0 0 0 0 0 0 0 0 
P3633 2048 8 0 0 0 0 0 0 20 0 20 0 0 0 0 0 0 0 0 0 16 5 0 0 0 0 0 0 0 0 0 0 0 
P3633 2048 9 0 0 0 0 0 0 0 0 0 0 0 17 0 0 0 7 8 0 0 13 0 0 0 0 0 0 0 0 0 0 -999 
P3633 2048 10 0 0 55 0 0 0 0 0 0 0 0 0 13 36 0 67 45 0 0 9 3 14 24 0 0 0 0 0 0 0 0 
P3633 2048 11 31 36 22 0 0 14 50 38 0 0 0 0 0 0 0 0 57 24 0 0 0 9 10 0 0 0 0 42 136 0 -999 
P3633 2048 12 70 56 88 32 5 0 0 0 0 0 0 0 0 0 25 0 0 40 74 219 0 12 0 14 2 0 0 0 0 0 7 
P3633 2049 1 0 0 58 0 20 20 10 0 0 0 0 0 0 0 0 0 0 0 0 0 0 0 0 0 9 0 0 2 0 0 0 
P3633 2049 2 0 0 0 0 0 0 0 62 32 51 59 100 170 119 67 146 122 103 87 62 102 78 52 0 127 151 94 43 -999 -999 -999 
P3633 2049 3 54 89 110 95 111 48 38 0 0 56 0 16 18 52 33 9 29 35 22 0 0 0 0 0 0 0 0 0 0 0 0 
P3633 2049 4 0 30 7 9 0 0 0 0 0 0 0 0 13 11 0 0 0 0 0 0 0 0 19 0 0 0 0 0 23 0 -999 
P3633 2049 5 28 49 34 16 0 0 0 0 0 0 0 0 0 6 13 0 0 0 0 33 26 0 0 0 0 0 0 0 0 0 0 
P3633 2049 6 0 46 14 0 0 0 0 0 0 0 0 0 0 0 0 0 0 0 0 0 0 0 0 0 0 0 0 0 0 0 -999 
P3633 2049 7 0 0 0 16 0 36 53 0 0 0 0 0 0 20 16 18 0 2 0 0 0 0 0 0 0 0 0 0 0 0 0 
P3633 2049 8 0 0 0 0 0 0 15 0 0 0 12 0 0 0 0 0 0 0 0 0 0 0 0 0 0 0 0 0 5 0 0 
P3633 2049 9 0 0 0 0 0 0 14 10 0 0 0 0 9 6 0 0 0 0 0 0 0 5 0 0 0 0 0 0 0 0 -999 
P3633 2049 10 0 0 0 0 0 0 0 0 0 0 0 0 0 0 45 84 28 31 36 16 0 14 7 35 53 44 73 0 25 0 0 
P3633 2049 11 0 0 31 30 17 30 95 152 111 13 4 0 0 0 0 0 0 20 0 0 8 0 0 0 0 9 0 33 38 0 -999 
P3633 2049 12 0 0 0 0 0 23 0 0 13 19 0 6 9 0 58 93 11 0 0 0 0 0 19 22 0 0 0 0 7 0 3 
P3633 2050 1 0 0 0 0 0 6 0 7 36 54 134 96 128 124 54 148 84 152 39 16 2 11 18 0 0 26 24 13 8 12 20 
P3633 2050 2 18 0 0 0 0 0 0 25 0 32 11 0 0 0 0 0 1 2 3 1 1 0 0 1 0 7 0 0 -999 -999 -999 
P3633 2050 3 0 0 0 0 0 0 0 0 0 0 0 0 0 0 13 15 0 0 45 29 0 23 40 60 66 0 0 16 34 0 0 
P3633 2050 4 0 36 0 0 21 22 20 0 0 0 0 0 13 0 0 19 0 32 30 47 33 81 36 0 0 0 0 0 0 0 -999 
P3633 2050 5 26 55 27 31 0 0 0 0 0 51 27 0 29 0 0 25 0 0 0 0 0 30 0 0 0 0 37 35 33 23 13 
P3633 2050 6 13 0 0 0 22 0 0 0 0 0 0 17 0 0 24 0 0 0 0 0 0 0 0 7 0 0 0 0 0 0 -999 
P3633 2050 7 14 0 0 0 0 0 0 0 0 0 0 0 0 0 0 0 0 0 0 13 0 0 0 0 0 0 0 0 0 31 0 
P3633 2050 8 22 0 0 0 0 0 0 0 0 0 0 0 0 0 0 0 0 0 0 0 0 0 0 0 0 0 0 0 0 0 0 
P3633 2050 9 0 0 0 25 0 0 0 0 0 0 0 0 0 4 0 0 0 0 0 0 0 0 0 0 9 0 0 0 0 0 -999 
P3633 2050 10 0 0 0 0 0 0 0 19 18 0 0 0 0 0 33 51 43 30 26 0 0 19 16 0 0 0 29 50 0 41 59 
P3633 2050 11 0 15 0 0 0 0 2 5 15 11 0 13 0 29 47 13 0 0 15 27 25 14 0 87 0 8 38 29 12 0 -999 
P3633 2050 12 0 0 39 0 0 0 0 0 0 67 0 23 55 91 66 19 0 26 16 0 0 0 0 0 0 0 14 0 0 0 0 
P3633 2051 1 0 0 13 8 0 0 0 0 18 0 24 50 132 55 68 11 7 14 13 4 10 9 7 0 22 0 0 0 0 28 0 
P3633 2051 2 48 56 50 38 22 17 14 7 0 0 0 0 0 0 0 14 24 21 27 50 27 35 0 0 0 0 0 44 -999 -999 -999 
P3633 2051 3 0 0 0 50 47 0 0 29 27 43 40 42 0 0 0 0 53 0 10 0 23 27 0 0 0 15 0 0 7 9 0 
P3633 2051 4 0 0 0 0 12 0 0 25 0 57 0 0 11 0 0 38 0 0 0 0 0 5 9 0 0 15 0 50 0 6 -999 
P3633 2051 5 0 0 21 14 0 0 0 7 33 12 6 5 0 0 0 23 23 0 0 29 0 0 16 0 0 0 0 0 0 0 0 
P3633 2051 6 0 0 37 0 0 22 0 20 38 61 26 0 7 0 0 0 0 0 0 0 0 0 0 0 0 0 0 0 0 0 -999 
P3633 2051 7 0 0 0 0 0 0 0 0 0 0 0 0 0 0 0 0 0 0 0 0 0 0 0 0 0 0 0 0 0 0 0 
P3633 2051 8 0 0 0 0 0 0 0 0 0 0 0 0 0 0 0 0 0 0 0 0 0 0 0 0 0 0 0 0 0 0 0 
P3633 2051 9 0 0 27 32 3 0 9 16 0 0 0 0 0 0 0 0 0 0 0 0 0 0 0 0 23 0 0 0 0 0 -999 
P3633 2051 10 28 0 0 0 0 0 0 28 0 0 0 15 0 0 45 0 0 0 0 7 0 0 0 5 0 11 0 57 64 32 9 
P3633 2051 11 0 0 10 44 37 4 0 0 0 0 0 0 64 52 0 0 0 24 54 49 27 41 77 48 33 0 0 0 20 0 -999 
P3633 2051 12 0 12 0 5 17 0 91 55 0 0 0 17 0 0 28 38 0 0 0 32 0 28 16 0 0 0 0 0 0 0 0 
P3633 2052 1 0 0 0 0 0 3 1 0 0 0 0 0 0 4 3 0 0 0 0 0 0 2 0 12 8 8 0 0 1 0 0 
P3633 2052 2 0 0 0 5 0 0 0 0 0 0 0 0 9 0 27 13 19 36 0 20 0 9 0 15 24 0 9 0 -999 -999 -999 
P3633 2052 3 3 0 16 0 10 14 0 41 0 0 0 0 0 43 43 0 25 16 15 0 87 77 33 39 71 56 30 25 6 0 0 
P3633 2052 4 0 0 0 0 0 0 0 3 0 0 19 0 0 2 0 0 0 0 0 0 0 0 0 0 0 0 0 0 0 34 -999 
P3633 2052 5 17 0 0 10 19 45 0 39 0 16 0 0 32 22 0 0 0 0 19 0 0 0 0 0 0 25 0 0 0 0 28 
P3633 2052 6 15 0 0 0 0 0 10 0 0 0 0 45 35 16 0 39 24 13 0 0 0 0 0 0 0 0 10 0 0 0 -999 
P3633 2052 7 0 0 0 0 0 0 0 0 0 0 0 0 0 0 0 0 0 0 0 0 0 0 0 0 0 0 0 0 9 0 0 
P3633 2052 8 0 0 0 0 0 0 13 0 0 0 0 0 0 0 11 17 0 11 0 0 0 0 0 0 0 0 0 0 0 0 0 
P3633 2052 9 0 0 0 0 4 0 0 0 0 0 0 0 0 0 0 0 0 0 20 0 0 0 7 0 0 0 0 0 0 18 -999 
P3633 2052 10 0 0 0 0 0 0 24 0 0 0 0 0 0 0 0 0 12 0 0 0 0 0 0 0 0 0 0 0 2 0 0 
P3633 2052 11 0 0 0 0 0 0 0 10 0 10 0 0 0 0 0 9 0 8 0 11 18 0 11 20 0 63 121 39 35 48 -999 
P3633 2052 12 51 52 30 28 44 15 0 0 46 150 112 40 100 104 43 14 31 45 0 0 0 0 0 0 0 10 0 0 0 51 0 
P3633 2053 1 0 0 0 0 0 0 0 7 0 0 0 13 13 13 13 0 0 0 0 1 0 0 0 0 0 0 0 0 4 0 0 
P3633 2053 2 12 57 0 88 74 66 91 41 41 24 20 12 0 3 3 0 13 23 0 0 0 0 0 0 0 0 0 124 -999 -999 -999 
P3633 2053 3 123 40 21 34 59 43 0 8 26 39 0 0 20 25 33 33 58 79 53 0 32 0 0 0 0 0 4 0 0 32 0 
P3633 2053 4 37 20 0 0 0 0 71 59 24 31 0 0 16 0 0 0 0 0 0 14 0 0 10 0 0 7 0 0 0 0 -999 
P3633 2053 5 0 30 36 49 0 0 89 53 38 0 22 24 11 0 0 17 17 0 26 38 42 33 40 45 23 15 15 16 15 12 0 
P3633 2053 6 19 25 0 0 14 11 0 15 16 0 21 0 0 0 0 0 19 6 0 0 0 0 0 0 0 0 0 0 0 0 -999 
P3633 2053 7 0 0 0 0 0 0 0 0 0 0 0 0 0 0 0 0 0 0 0 0 0 0 0 0 0 0 0 20 0 15 0 
P3633 2053 8 0 0 0 0 0 0 0 27 0 19 0 0 0 21 0 0 0 17 0 0 0 0 0 0 0 0 0 0 0 0 0 
P3633 2053 9 0 0 0 0 0 0 0 0 0 0 21 0 0 0 0 0 0 0 0 22 0 0 11 0 0 0 0 0 0 0 -999 
P3633 2053 10 0 0 0 0 0 0 0 0 0 0 0 0 7 0 0 0 21 24 0 0 0 0 0 17 0 30 0 18 0 0 30 
P3633 2053 11 22 0 0 21 25 39 0 0 52 90 0 61 0 31 89 81 100 0 13 16 15 21 25 28 0 0 44 22 28 50 -999 
P3633 2053 12 0 0 0 0 0 3 0 0 3 0 0 0 0 0 0 19 13 7 7 2 5 0 0 22 63 89 48 0 74 73 64 
P3633 2054 1 64 48 104 86 67 85 55 39 81 56 62 64 85 107 60 52 60 16 0 0 0 0 6 6 12 0 0 156 118 35 33 
P3633 2054 2 0 91 0 0 0 0 0 55 23 11 10 27 31 28 16 21 0 0 0 0 0 0 2 0 0 0 0 0 -999 -999 -999 
P3633 2054 3 1 0 1 0 0 0 0 1 0 0 0 6 0 0 7 0 0 46 14 16 15 20 45 0 0 0 15 0 0 57 56 
P3633 2054 4 17 33 33 0 51 94 123 95 0 0 48 0 0 10 15 46 28 28 26 0 5 0 0 0 0 0 27 64 51 54 -999 
P3633 2054 5 0 24 24 28 16 0 0 0 0 14 31 25 0 26 0 41 35 15 0 0 25 42 0 91 90 33 18 20 21 0 0 
P3633 2054 6 0 0 0 0 0 0 0 0 0 0 0 0 0 0 0 0 0 0 0 0 0 0 0 0 0 0 0 0 0 0 -999 
P3633 2054 7 0 0 4 0 0 0 0 0 0 0 0 0 0 0 0 0 0 0 0 0 0 0 0 0 0 0 0 0 0 0 0 
P3633 2054 8 0 0 0 0 0 0 0 0 0 0 0 0 0 0 0 0 0 0 0 23 0 13 5 0 0 0 0 0 7 0 0 
P3633 2054 9 0 0 0 0 0 0 0 0 0 0 0 0 39 25 0 0 17 0 14 0 0 0 37 44 28 11 0 9 0 72 -999 
P3633 2054 10 44 26 0 0 9 0 0 0 0 0 0 0 0 0 0 0 0 36 26 0 0 14 0 39 77 45 26 17 0 20 13 
P3633 2054 11 58 27 8 0 0 0 15 20 75 111 83 0 0 0 74 62 22 35 41 100 0 0 0 0 2 0 29 0 0 0 -999 
P3633 2054 12 10 0 9 0 2 0 0 0 0 0 0 39 38 0 7 8 0 0 0 0 0 0 0 66 138 99 107 103 101 0 47 
P3633 2055 1 29 0 0 61 21 11 0 0 0 40 96 28 0 12 0 17 0 0 106 13 0 0 0 0 0 0 0 0 0 0 0 
P3633 2055 2 0 0 0 17 0 29 48 48 4 0 0 0 0 0 0 0 11 4 0 0 0 6 9 0 0 0 0 0 -999 -999 -999 
P3633 2055 3 0 0 35 53 0 0 18 0 0 13 0 20 45 8 0 0 11 0 6 0 0 0 18 0 44 37 14 0 0 0 0 
P3633 2055 4 0 0 0 0 15 0 0 0 0 0 20 20 0 0 0 0 0 5 0 0 31 48 19 0 21 14 22 19 0 0 -999 
P3633 2055 5 0 6 0 5 13 0 0 3 0 0 70 55 26 14 0 0 0 12 0 9 11 0 15 26 31 48 40 16 0 15 10 
P3633 2055 6 0 0 0 15 15 15 0 0 0 0 0 16 0 0 0 0 0 0 0 0 0 0 0 0 0 0 0 0 0 9 -999 
P3633 2055 7 0 0 0 2 0 0 0 0 0 0 0 0 0 0 0 0 11 0 0 0 0 0 0 0 0 0 0 0 0 0 0 
P3633 2055 8 0 0 0 0 0 0 0 0 0 0 0 0 0 0 0 0 0 0 0 0 0 0 0 0 0 0 0 0 0 0 0 
P3633 2055 9 0 0 0 0 0 0 0 0 0 0 0 0 0 0 0 0 0 0 0 0 0 0 0 0 0 0 0 0 0 55 -999 
P3633 2055 10 0 0 23 38 0 0 19 0 0 24 0 43 20 0 37 74 100 74 15 49 12 0 0 0 0 0 15 0 0 0 0 
P3633 2055 11 0 12 0 32 34 0 80 0 0 0 16 0 0 13 16 21 48 0 0 0 0 31 38 16 0 20 80 56 194 0 -999 
P3633 2055 12 43 0 42 26 0 29 0 0 11 0 0 0 0 12 0 0 0 0 0 0 0 0 0 0 0 11 18 37 0 56 28 
P3633 2056 1 0 33 23 53 74 82 110 115 68 114 63 8 0 0 0 0 0 0 0 0 6 0 8 0 27 39 89 74 0 0 0 
P3633 2056 2 27 56 51 15 44 62 63 0 0 0 115 106 50 120 145 43 19 0 0 119 0 105 0 0 57 0 0 0 -999 -999 -999 
P3633 2056 3 0 51 0 19 71 133 96 108 0 0 96 99 60 148 0 0 18 0 0 112 32 0 23 0 0 14 0 56 61 55 16 
P3633 2056 4 0 0 42 0 0 0 0 0 0 0 25 0 0 30 0 18 0 0 36 21 0 0 0 12 22 0 0 0 0 0 -999 
P3633 2056 5 0 0 0 0 0 27 0 0 47 35 46 43 21 0 9 0 0 0 0 16 17 0 0 0 0 0 6 0 0 0 51 
P3633 2056 6 0 24 8 0 0 0 0 17 0 0 0 0 0 0 0 0 0 0 0 0 12 0 18 0 0 10 0 0 0 0 -999 
P3633 2056 7 0 0 0 0 0 19 0 14 0 0 0 0 0 0 0 0 0 0 0 0 0 0 0 0 0 0 0 0 0 0 0 
P3633 2056 8 0 0 0 0 0 0 0 0 0 0 0 0 0 0 0 0 0 0 19 0 0 0 0 0 0 0 0 0 0 0 8 
P3633 2056 9 0 9 0 0 0 0 0 33 20 0 0 0 0 0 0 0 0 0 0 0 0 0 0 0 0 0 0 0 0 0 -999 
P3633 2056 10 0 0 0 0 0 0 24 39 0 0 0 0 0 0 0 0 0 20 0 15 0 16 33 51 96 132 45 0 0 0 13 
P3633 2056 11 0 53 0 18 17 25 0 0 0 49 41 81 34 34 91 0 0 5 7 21 0 7 0 0 0 0 0 0 0 0 -999 
P3633 2056 12 0 0 0 1 0 0 0 0 0 0 0 0 0 4 15 0 0 62 0 19 15 19 0 0 0 6 21 60 0 27 76 
P3633 2057 1 72 114 86 0 55 35 28 0 16 0 58 20 10 10 0 34 34 65 115 29 13 8 5 7 7 21 55 184 196 47 45 
P3633 2057 2 0 0 0 8 50 26 26 0 22 7 0 0 0 0 0 0 0 0 4 5 16 0 0 0 0 30 46 36 -999 -999 -999 
P3633 2057 3 0 52 50 16 8 1 0 0 0 0 0 0 0 18 59 49 50 93 94 73 37 0 0 0 0 0 0 74 50 36 30 
P3633 2057 4 42 43 45 0 0 8 0 21 0 0 32 0 0 0 59 64 0 60 0 0 0 0 69 0 0 0 1 0 0 0 -999 
P3633 2057 5 0 0 21 0 39 30 0 32 48 31 0 0 0 5 0 0 8 0 0 0 0 0 0 0 0 23 0 16 3 0 0 
P3633 2057 6 0 0 0 0 0 8 0 0 0 0 0 0 0 11 0 3 0 0 0 0 0 0 0 0 33 0 0 0 0 0 -999 
P3633 2057 7 0 0 0 0 0 0 0 0 0 0 0 0 0 0 0 0 0 0 0 0 0 0 0 0 0 0 0 0 0 0 0 
P3633 2057 8 13 0 0 0 0 0 0 11 0 12 0 0 0 0 0 0 0 0 0 0 0 14 0 0 0 0 0 0 0 0 0 
P3633 2057 9 15 30 0 0 0 0 0 0 0 0 0 0 0 0 0 0 0 5 0 0 5 0 0 23 0 0 0 9 0 19 -999 
P3633 2057 10 17 0 0 0 26 0 0 0 30 0 0 0 57 32 13 6 0 0 0 15 34 0 0 25 0 0 106 48 63 0 0 
P3633 2057 11 0 0 0 15 0 0 0 26 0 49 0 0 135 0 0 0 0 0 23 0 28 10 0 0 0 0 52 0 32 74 -999 
P3633 2057 12 87 48 110 16 29 0 0 0 4 0 0 0 0 10 0 0 12 0 45 36 44 0 60 119 69 0 0 13 7 0 0 
P3633 2058 1 27 0 8 5 0 17 0 0 39 59 20 53 120 75 151 186 72 57 27 0 0 0 0 0 0 0 64 115 92 88 59 
P3633 2058 2 0 15 17 40 93 63 37 46 42 0 0 61 19 0 0 0 0 0 0 0 0 0 7 0 11 0 0 0 -999 -999 -999 
P3633 2058 3 0 0 0 25 0 0 7 0 0 0 0 40 0 0 0 0 0 0 27 0 7 0 0 0 2 0 0 0 4 7 17 
P3633 2058 4 0 49 18 0 0 15 0 29 22 34 0 0 0 29 0 0 0 0 13 0 0 10 18 0 50 53 27 25 27 42 -999 
P3633 2058 5 26 26 0 0 0 46 0 12 0 0 5 0 14 19 0 0 11 11 0 0 0 0 22 0 0 0 0 0 0 0 0 
P3633 2058 6 0 0 0 0 0 0 14 0 32 0 0 0 21 11 18 14 16 19 0 22 0 0 0 0 0 0 0 0 0 0 -999 
P3633 2058 7 0 0 0 0 0 0 0 0 0 0 0 11 0 0 33 0 0 0 0 0 0 0 0 0 0 0 0 0 0 0 0 
P3633 2058 8 0 0 0 0 0 0 0 0 23 0 0 0 0 0 0 0 0 0 0 0 0 0 3 0 0 0 0 0 0 0 0 
P3633 2058 9 0 0 7 0 0 0 0 0 0 31 21 0 0 0 0 0 0 0 0 0 0 0 0 0 0 0 0 0 0 0 -999 
P3633 2058 10 11 0 0 63 58 26 0 0 0 0 0 0 0 0 0 0 0 0 0 22 0 0 24 0 0 0 5 0 4 0 0 
P3633 2058 11 0 5 0 0 0 0 19 0 87 0 36 0 8 11 29 0 0 0 1 0 0 0 0 0 0 0 0 5 11 0 -999 
P3633 2058 12 17 22 13 16 13 0 0 0 2 0 0 0 7 4 0 0 0 0 0 0 0 0 2 0 0 7 0 16 0 0 0 
P3633 2059 1 0 0 0 0 0 41 0 87 30 0 0 0 0 0 0 0 28 0 0 0 0 0 0 0 0 0 0 0 0 0 0 
P3633 2059 2 1 0 0 2 0 0 0 0 0 9 22 46 54 32 23 0 0 0 0 0 0 0 0 0 0 0 0 0 -999 -999 -999 
P3633 2059 3 0 0 0 0 6 0 0 0 0 19 0 0 0 0 0 0 0 26 40 0 3 0 0 0 0 0 21 0 36 56 58 
P3633 2059 4 30 7 0 0 12 0 0 0 69 0 38 61 35 34 0 0 0 0 0 19 28 0 50 129 53 0 0 0 0 0 -999 
P3633 2059 5 0 1 0 0 0 0 0 0 0 0 0 0 0 0 0 35 49 71 58 0 0 0 23 32 0 0 23 13 0 9 0 
P3633 2059 6 0 0 0 23 0 0 0 0 0 0 16 0 0 0 0 0 0 0 0 0 0 0 0 0 0 0 26 0 0 0 -999 
P3633 2059 7 0 0 0 0 0 0 0 0 0 0 0 0 0 0 0 0 0 0 0 0 0 0 0 0 0 0 0 0 0 0 0 
P3633 2059 8 0 0 0 0 0 0 5 0 0 0 0 0 0 0 0 0 0 0 0 0 11 0 0 24 0 73 12 0 0 0 0 
P3633 2059 9 0 0 0 0 0 0 0 0 0 0 0 0 0 0 24 0 0 0 9 0 0 0 0 0 0 0 0 0 28 0 -999 
P3633 2059 10 0 41 0 0 0 0 67 0 0 0 0 0 0 0 0 0 0 21 0 0 17 0 0 0 0 15 48 59 0 0 0 
P3633 2059 11 0 28 60 57 47 0 0 0 0 0 0 0 0 0 0 0 17 0 0 0 7 0 16 0 0 0 0 0 0 0 -999 
P3633 2059 12 0 0 0 18 24 51 0 0 21 34 36 31 28 0 6 0 0 0 1 0 0 4 0 20 32 86 82 0 39 0 0 
P3633 2060 1 0 0 17 27 0 13 0 0 29 26 0 80 113 0 0 0 0 8 4 0 0 0 0 0 4 0 3 0 0 0 12 
P3633 2060 2 51 0 5 0 0 0 0 0 0 0 0 36 7 0 0 0 0 7 0 0 0 0 9 12 0 0 0 35 -999 -999 -999 
P3633 2060 3 38 37 17 11 0 0 0 0 0 20 19 8 0 0 0 3 0 0 0 18 0 0 0 0 17 19 0 52 67 43 9 
P3633 2060 4 41 0 22 19 13 11 20 30 64 69 28 0 19 21 0 58 20 0 0 0 0 0 0 0 0 34 0 10 11 0 -999 
P3633 2060 5 5 0 37 50 30 36 0 0 0 0 0 0 7 0 0 18 23 0 2 0 0 0 19 0 0 0 0 0 29 25 0 
P3633 2060 6 27 0 0 0 17 20 8 0 0 9 0 0 2 0 0 0 0 0 25 27 25 0 0 0 0 0 0 0 0 0 -999 
P3633 2060 7 0 0 0 0 0 0 0 0 0 0 0 0 0 0 0 0 0 0 0 14 0 0 0 0 0 0 0 0 0 0 0 
P3633 2060 8 0 0 0 0 0 0 0 0 0 0 0 0 0 0 0 0 0 0 0 0 0 0 0 0 9 0 0 0 0 0 0 
P3633 2060 9 0 0 0 0 0 0 0 0 6 0 5 0 0 20 18 19 22 0 0 0 0 0 0 0 0 0 33 0 23 20 -999 
P3633 2060 10 10 6 0 0 0 0 0 0 0 0 0 0 0 0 0 0 0 0 0 2 0 0 0 0 0 0 0 0 0 0 0 
P3633 2060 11 21 14 0 0 0 58 41 45 77 63 33 51 31 0 0 0 97 0 124 76 23 5 7 0 0 0 0 0 0 0 -999 
P3633 2060 12 0 0 15 19 28 66 73 0 0 0 4 7 0 0 0 8 0 10 8 0 0 0 22 35 0 21 0 44 65 49 17 
P3633 2061 1 17 24 0 0 0 0 47 41 0 7 11 18 0 2 0 0 0 0 0 9 25 0 0 14 0 6 3 0 0 1 6 
P3633 2061 2 0 16 13 0 0 0 0 18 29 33 46 0 0 19 23 0 0 0 0 0 14 0 0 0 0 11 0 34 -999 -999 -999 
P3633 2061 3 0 18 4 0 0 0 16 0 46 40 0 0 11 21 0 28 0 64 29 18 24 42 44 64 109 0 14 14 4 4 0 
P3633 2061 4 51 66 90 74 28 0 0 28 0 0 36 54 6 0 0 28 0 0 51 0 0 0 0 0 0 0 0 0 0 0 -999 
P3633 2061 5 17 0 0 0 13 0 17 0 0 0 7 0 0 0 18 24 27 8 9 0 0 0 0 0 0 0 0 0 0 24 0 
P3633 2061 6 0 0 0 0 0 0 0 0 0 0 0 0 17 0 25 7 3 0 0 0 0 0 0 0 0 0 0 25 0 0 -999 
P3633 2061 7 0 0 0 0 11 0 0 0 0 12 0 0 0 0 0 0 0 0 0 0 0 0 0 0 0 0 0 0 11 0 0 
P3633 2061 8 0 0 0 0 0 0 0 0 0 0 0 0 0 0 0 19 0 0 0 0 0 0 0 18 0 0 0 0 14 0 0 
P3633 2061 9 0 0 0 0 0 0 0 3 0 0 0 0 32 0 9 0 18 19 16 8 7 0 0 0 24 0 0 0 0 0 -999 
P3633 2061 10 0 10 9 0 0 0 0 0 0 0 0 0 0 0 30 73 58 37 59 102 48 0 0 137 0 7 11 0 88 0 0 
P3633 2061 11 0 0 0 0 21 0 19 0 65 102 0 21 0 0 0 43 76 0 10 6 0 0 0 0 0 0 0 37 22 0 -999 
P3633 2061 12 0 2 0 0 0 9 0 4 0 0 23 46 18 14 18 17 0 14 10 12 28 63 0 5 0 0 3 7 12 29 27 
P3633 2062 1 9 16 0 0 0 0 0 0 4 0 0 0 2 0 8 0 5 45 0 0 0 0 0 18 25 68 79 52 46 0 0 
P3633 2062 2 0 0 26 43 0 0 0 18 23 28 0 10 0 0 0 0 12 0 0 0 0 0 0 64 51 39 24 10 -999 -999 -999 
P3633 2062 3 0 0 19 0 55 0 5 0 11 24 76 113 162 260 104 0 0 0 64 0 0 0 53 16 0 10 0 0 0 0 0 
P3633 2062 4 0 0 0 0 0 0 0 0 0 0 0 8 4 0 0 0 0 0 0 0 0 0 0 4 0 0 32 43 46 76 -999 
P3633 2062 5 24 0 0 0 0 0 0 0 39 39 15 11 0 0 0 14 15 0 0 10 6 0 0 0 0 0 19 0 0 0 0 
P3633 2062 6 0 0 0 0 0 0 0 0 0 0 0 13 0 0 0 0 0 0 0 0 0 14 0 0 0 0 13 0 0 0 -999 
P3633 2062 7 0 0 0 0 0 0 0 0 0 0 0 18 0 0 0 0 0 0 0 0 0 0 0 0 0 0 0 0 0 0 0 
P3633 2062 8 0 0 0 0 0 0 0 0 0 0 0 0 0 0 0 0 0 0 0 0 0 0 0 0 0 0 0 0 0 0 4 
P3633 2062 9 0 0 0 0 0 0 0 0 0 0 0 0 0 11 0 0 0 0 0 0 0 0 0 0 10 0 15 0 0 0 -999 
P3633 2062 10 0 0 0 58 118 110 47 0 0 0 45 0 0 11 0 0 69 24 0 19 21 0 0 0 0 10 0 0 0 0 8 
P3633 2062 11 0 0 0 0 0 0 0 0 0 0 0 13 0 55 0 17 0 51 76 0 0 17 46 0 0 0 0 0 0 0 -999 
P3633 2062 12 0 26 0 1 0 0 23 11 0 35 40 45 0 0 0 0 46 120 28 6 2 0 0 0 0 0 0 0 0 11 24 
P3633 2063 1 45 47 84 0 23 0 93 172 173 45 21 0 59 80 73 99 120 94 127 51 69 118 61 0 0 69 0 0 0 78 62 
P3633 2063 2 146 57 52 52 11 0 22 9 0 0 0 56 44 78 97 133 55 0 3 0 0 2 2 0 0 9 0 0 -999 -999 -999 
P3633 2063 3 0 0 0 0 0 14 0 0 9 0 0 47 0 64 59 109 39 0 9 8 14 0 18 38 145 101 91 57 73 0 90 
P3633 2063 4 36 0 0 0 0 0 0 45 86 38 8 0 7 20 0 0 32 13 12 0 0 0 0 17 0 0 0 0 21 39 -999 
P3633 2063 5 41 0 0 11 0 0 0 0 0 0 0 0 0 31 0 0 0 13 0 0 0 0 0 29 22 0 0 0 0 0 0 
P3633 2063 6 0 15 0 0 0 0 0 0 0 0 0 0 0 0 0 0 0 0 0 0 0 0 0 0 0 0 0 0 0 0 -999 
P3633 2063 7 0 0 0 0 0 0 0 0 0 0 0 0 0 0 0 0 0 0 0 0 0 0 0 0 0 0 0 0 0 0 0 
P3633 2063 8 0 0 0 0 0 0 16 0 0 33 0 0 0 0 0 0 0 0 0 0 0 0 0 0 26 18 14 0 0 0 0 
P3633 2063 9 0 0 0 0 0 0 0 0 0 0 0 13 0 0 20 0 0 0 0 0 0 0 0 18 0 0 18 23 0 0 -999 
P3633 2063 10 0 0 0 0 0 0 0 0 0 0 0 0 0 106 0 0 0 18 0 0 0 0 0 6 0 30 8 0 0 0 0 
P3633 2063 11 0 4 0 0 0 0 0 0 0 0 0 9 0 41 0 0 0 0 0 13 32 0 9 0 0 0 0 0 0 0 -999 
P3633 2063 12 0 0 0 0 0 0 0 0 0 0 0 0 0 0 0 7 0 0 10 5 0 0 0 0 0 0 0 0 0 0 0 
P3633 2064 1 0 0 0 0 3 0 0 0 0 3 0 0 0 7 31 68 0 0 4 0 0 0 0 0 0 0 32 0 17 35 35 
P3633 2064 2 35 61 38 0 19 0 0 10 0 0 1 0 0 0 0 0 0 0 0 0 0 0 0 3 3 2 0 0 -999 -999 -999 
P3633 2064 3 18 11 0 0 0 0 0 42 54 66 31 0 19 39 67 0 51 52 31 0 26 21 18 0 0 0 39 15 19 0 0 
P3633 2064 4 0 0 38 69 0 29 45 39 0 0 0 0 0 0 0 35 0 0 0 0 0 0 0 53 0 38 19 0 0 0 -999 
P3633 2064 5 0 0 0 0 20 30 37 27 12 0 11 0 0 0 0 0 0 0 0 16 0 25 30 0 0 0 0 0 0 0 0 
P3633 2064 6 0 7 0 0 0 0 0 0 0 0 0 0 0 0 0 0 0 0 0 0 0 0 0 0 0 0 0 0 0 0 -999 
P3633 2064 7 0 0 0 0 0 0 0 0 0 0 0 0 0 0 0 0 0 0 0 0 0 0 0 0 0 0 0 0 0 0 0 
P3633 2064 8 0 0 0 0 0 0 0 0 0 0 0 0 0 0 0 0 0 0 0 0 0 0 0 0 0 0 0 0 0 0 0 
P3633 2064 9 40 0 0 0 0 0 0 0 0 0 0 0 8 0 0 0 14 0 0 0 0 32 33 0 5 2 0 0 0 6 -999 
P3633 2064 10 0 0 0 0 15 23 38 50 26 12 0 0 0 0 0 13 4 0 0 0 10 0 0 0 0 0 16 20 0 45 0 
P3633 2064 11 13 0 0 0 0 15 0 1 0 0 0 30 33 98 56 9 0 0 5 0 0 0 0 0 0 0 0 41 16 0 -999 
P3633 2064 12 0 0 26 36 65 78 60 135 205 0 29 0 0 31 0 0 0 0 0 5 7 0 0 0 0 0 0 0 0 0 0 
P3633 2065 1 0 0 0 8 0 13 0 0 19 0 26 29 25 74 20 19 8 0 0 0 5 0 0 0 0 0 0 0 21 20 26 
P3633 2065 2 30 0 0 0 0 6 12 20 8 0 0 0 62 80 61 76 94 95 83 0 24 0 4 0 0 15 0 0 -999 -999 -999 
P3633 2065 3 0 0 0 0 0 2 0 0 0 13 3 0 0 0 7 0 5 10 7 9 6 0 10 0 29 34 24 30 0 5 0 
P3633 2065 4 6 0 0 0 18 48 17 0 0 0 0 0 15 0 0 0 0 0 0 0 0 0 0 0 0 0 0 0 0 0 -999 
P3633 2065 5 0 0 0 0 0 0 0 0 0 0 0 0 5 0 0 0 13 0 0 35 42 0 15 0 0 0 0 0 0 0 0 
P3633 2065 6 0 0 0 8 0 0 15 0 0 17 0 9 11 0 0 0 0 0 4 0 0 16 0 0 0 0 0 21 0 0 -999 
P3633 2065 7 0 0 0 0 0 0 0 0 0 0 0 0 0 0 0 18 8 0 0 0 0 0 0 0 0 0 0 0 0 0 0 
P3633 2065 8 0 0 0 0 0 0 0 0 0 0 0 0 10 9 0 0 0 0 0 0 0 0 0 0 0 0 0 0 6 0 0 
P3633 2065 9 0 0 0 0 0 0 0 0 0 0 0 0 0 0 0 0 0 0 0 0 0 0 0 0 0 0 0 0 0 0 -999 
P3633 2065 10 0 0 0 0 0 0 0 0 32 0 0 0 23 14 50 0 13 0 0 60 37 0 54 119 42 45 93 0 0 79 27 
P3633 2065 11 29 0 0 0 0 0 0 0 0 0 0 2 0 0 0 0 0 0 11 0 71 86 23 9 24 0 42 41 14 0 -999 
P3633 2065 12 18 0 5 0 5 8 0 0 4 0 0 86 50 0 0 22 26 28 56 96 65 150 119 204 184 247 167 32 0 0 7 
P3633 2066 1 0 0 3 0 0 0 0 12 35 49 92 154 70 45 91 54 0 0 108 53 18 73 68 18 0 0 0 0 0 0 0 
P3633 2066 2 0 17 15 0 19 25 0 28 63 39 55 31 0 0 0 0 0 0 7 0 20 15 8 9 104 100 43 57 -999 -999 -999 
P3633 2066 3 31 0 5 0 0 0 68 0 0 0 0 0 0 0 0 0 0 0 0 0 0 0 0 0 0 38 3 0 0 0 0 
P3633 2066 4 0 0 9 6 0 20 26 0 0 0 6 6 20 0 26 25 0 22 0 26 5 0 0 0 21 0 0 0 0 67 -999 
P3633 2066 5 22 0 22 20 0 26 0 30 31 0 0 0 0 0 4 0 0 21 43 0 9 0 0 0 0 0 0 11 0 0 0 
P3633 2066 6 0 0 0 0 0 0 0 0 0 0 0 0 32 0 21 0 0 0 0 0 0 0 0 0 0 0 0 0 0 0 -999 
P3633 2066 7 0 0 0 0 0 0 0 0 0 0 0 0 0 0 0 0 0 21 12 0 0 0 0 0 0 0 0 0 7 0 0 
P3633 2066 8 0 0 0 0 0 0 0 0 0 0 0 0 10 0 14 0 0 0 14 0 0 0 0 0 0 32 32 8 0 0 0 
P3633 2066 9 0 0 0 0 0 0 0 0 0 0 0 0 0 0 0 0 0 3 0 0 0 0 0 31 37 40 0 0 19 0 -999 
P3633 2066 10 0 0 0 0 0 0 0 7 0 0 0 0 6 8 0 0 0 0 15 0 26 0 0 9 0 10 0 44 0 8 0 
P3633 2066 11 0 4 0 18 51 0 0 0 36 18 33 35 0 0 0 0 0 0 0 0 0 0 0 0 6 0 6 0 5 0 -999 
P3633 2066 12 0 0 14 24 24 0 0 0 0 0 0 17 0 81 137 146 213 238 131 72 50 29 13 10 9 14 0 0 0 61 0 
P3633 2067 1 0 118 58 19 0 28 24 0 0 0 0 39 40 0 68 63 64 43 49 167 114 118 89 95 168 114 207 52 27 0 84 
P3633 2067 2 87 48 122 53 0 0 0 73 26 0 98 0 0 130 94 12 0 56 138 96 121 66 0 0 32 112 116 0 -999 -999 -999 
P3633 2067 3 0 0 0 5 1 1 4 0 0 0 27 29 104 31 0 0 0 0 0 11 17 0 0 0 0 0 5 0 0 0 0 
P3633 2067 4 0 0 0 0 0 0 0 0 0 0 0 0 0 0 0 37 16 24 23 0 29 0 30 34 19 12 13 0 15 0 -999 
P3633 2067 5 0 32 28 0 25 0 0 6 18 0 35 18 0 3 5 0 0 0 39 39 25 19 0 12 17 24 18 0 0 0 18 
P3633 2067 6 17 12 33 0 11 0 13 0 0 0 0 0 19 0 17 0 0 0 0 0 0 0 0 0 0 0 0 0 0 0 -999 
P3633 2067 7 0 21 0 0 0 0 0 0 0 0 0 0 0 0 0 0 15 9 0 0 0 0 0 0 0 0 0 0 0 0 0 
P3633 2067 8 0 0 0 0 0 0 0 0 0 0 0 0 0 0 0 0 0 0 0 0 0 0 0 0 0 0 0 0 0 15 0 
P3633 2067 9 0 0 7 0 0 0 0 0 0 0 0 14 0 0 0 19 0 0 0 0 0 0 0 0 0 0 0 0 0 0 -999 
P3633 2067 10 0 0 0 0 0 0 0 0 0 0 0 0 7 0 0 0 0 0 0 2 0 0 12 0 0 0 0 0 0 19 0 
P3633 2067 11 0 31 0 11 0 26 37 0 1 0 0 0 0 0 0 0 16 9 3 0 0 0 0 35 49 0 0 2 0 34 -999 
P3633 2067 12 0 0 35 30 62 0 0 0 43 0 0 16 33 0 0 0 0 0 0 0 0 2 1 0 0 23 93 60 77 11 37 
P3633 2068 1 0 3 0 0 0 95 127 35 42 0 0 0 0 0 0 0 0 0 0 0 0 0 0 11 54 42 20 13 14 26 21 
P3633 2068 2 11 0 0 3 0 40 31 24 0 0 31 33 0 0 0 0 0 0 4 0 14 21 0 17 7 0 50 50 -999 -999 -999 
P3633 2068 3 0 0 45 36 134 143 48 0 84 48 15 15 0 0 0 0 0 127 54 18 14 62 103 12 0 26 0 0 0 0 0 
P3633 2068 4 0 58 22 0 0 0 0 62 77 49 28 13 24 14 8 0 4 0 5 4 0 0 29 26 12 9 0 10 10 0 -999 
P3633 2068 5 0 0 18 0 0 0 0 0 26 15 0 21 60 46 0 0 0 23 0 18 20 0 0 13 0 0 16 22 17 16 0 
P3633 2068 6 27 25 0 0 0 0 19 0 6 0 0 0 0 0 0 11 21 0 0 0 0 0 0 0 0 0 0 0 0 0 -999 
P3633 2068 7 0 0 0 0 0 0 0 0 0 0 0 0 0 0 0 0 0 0 0 0 0 0 0 0 0 0 0 0 0 0 0 
P3633 2068 8 0 0 0 0 0 0 0 0 0 0 0 0 0 0 0 0 0 0 0 0 0 0 0 0 0 33 0 0 0 0 0 
P3633 2068 9 0 0 0 0 0 0 0 0 0 0 47 0 0 10 17 0 0 0 0 0 0 0 0 0 0 0 0 0 0 0 -999 
P3633 2068 10 0 0 0 0 0 0 0 0 0 0 41 0 0 0 0 0 0 0 0 0 21 11 0 0 0 0 5 0 0 0 0 
P3633 2068 11 6 9 0 0 0 0 0 0 0 0 0 0 2 0 0 0 0 0 0 32 30 0 0 0 0 0 0 0 0 1 -999 
P3633 2068 12 0 0 4 0 0 16 40 80 62 51 27 8 0 125 65 36 0 0 0 0 0 15 23 20 0 69 8 9 18 19 0 
P3633 2069 1 28 66 32 0 4 0 0 0 0 2 0 11 0 0 0 3 0 0 0 0 0 0 0 0 0 0 0 0 52 7 12 
P3633 2069 2 0 0 0 74 135 29 0 69 106 15 0 0 0 0 0 0 13 0 27 0 0 28 10 0 0 0 34 37 -999 -999 -999 
P3633 2069 3 55 24 0 0 0 29 0 0 0 0 24 0 0 0 0 0 0 0 0 0 0 13 0 0 0 21 0 44 0 27 56 
P3633 2069 4 30 0 22 26 22 11 17 19 0 28 26 0 15 0 0 10 0 0 25 0 0 0 0 12 0 39 11 7 0 5 -999 
P3633 2069 5 0 0 0 0 0 0 0 0 0 0 19 0 0 0 14 21 38 0 30 31 42 0 0 0 0 0 8 0 7 0 0 
P3633 2069 6 0 0 0 0 0 0 0 0 0 0 0 0 0 0 23 0 0 0 0 0 0 0 0 0 0 0 0 0 0 0 -999 
P3633 2069 7 0 0 0 0 0 0 0 0 0 0 0 0 0 0 0 0 0 8 0 0 20 0 0 0 0 0 0 0 0 0 0 
P3633 2069 8 0 0 0 0 0 0 0 0 0 13 0 0 0 0 0 0 0 0 0 0 0 14 0 0 0 0 0 0 0 0 0 
P3633 2069 9 0 0 0 0 0 0 0 0 0 0 0 0 0 0 27 0 0 0 0 0 0 9 0 0 0 0 0 0 0 0 -999 
P3633 2069 10 11 0 0 0 0 19 0 19 8 0 0 18 12 0 0 42 29 37 0 0 0 32 0 0 0 0 62 103 99 79 0 
P3633 2069 11 0 0 21 56 33 0 63 97 90 22 0 0 35 0 0 0 0 0 0 0 0 67 12 0 0 0 0 0 0 0 -999 
P3633 2069 12 0 0 9 0 0 0 0 10 9 0 0 0 0 0 9 0 0 0 0 0 13 29 38 0 0 0 16 28 55 0 18 
P3633 2070 1 0 0 43 52 18 0 99 117 119 53 56 26 16 0 0 0 0 3 0 8 8 9 0 17 5 0 0 0 0 0 0 
P3633 2070 2 0 18 0 0 0 0 0 0 6 12 0 0 0 0 0 0 0 9 0 0 22 26 0 60 57 87 0 0 -999 -999 -999 
P3633 2070 3 37 0 0 0 4 3 0 0 0 0 0 23 0 24 83 56 35 0 99 105 137 74 33 24 26 21 17 21 0 0 16 
P3633 2070 4 0 0 0 26 0 0 0 0 89 50 34 0 0 0 0 36 38 51 0 0 0 0 0 0 0 19 31 32 0 14 -999 
P3633 2070 5 7 0 27 63 56 80 0 35 32 29 0 0 0 15 0 22 25 0 0 21 0 32 21 18 15 0 14 0 0 0 0 
P3633 2070 6 0 0 0 0 0 0 0 0 0 0 0 0 0 0 0 0 0 0 0 0 0 0 0 0 0 9 0 0 0 0 -999 
P3633 2070 7 0 0 0 0 0 0 0 11 0 0 0 0 0 0 0 0 0 0 0 0 0 0 0 0 0 0 0 0 0 0 0 
P3633 2070 8 0 0 0 0 24 0 0 0 0 0 0 10 0 0 0 0 0 0 8 0 0 0 0 0 0 0 0 0 0 0 0 
P3633 2070 9 0 20 0 0 8 0 0 0 0 0 0 8 0 0 0 0 0 0 0 14 0 0 0 0 0 0 0 0 0 19 -999 
P3633 2070 10 0 0 0 0 0 0 0 0 0 0 0 0 64 33 34 31 70 133 73 0 0 0 0 0 0 0 6 0 0 0 0 
P3633 2070 11 0 0 0 0 0 0 0 0 0 0 0 0 0 0 0 0 12 13 0 7 19 23 0 0 0 0 20 75 80 0 -999 
P3633 2070 12 26 71 33 0 0 10 0 0 41 0 0 0 44 37 0 0 30 0 32 69 0 70 85 0 0 46 0 17 0 102 0 
P3633 2071 1 7 0 0 15 0 0 0 12 0 65 59 0 0 35 0 0 0 0 22 0 0 8 0 14 19 35 63 35 18 0 11 
P3633 2071 2 0 0 9 11 33 79 43 17 0 59 66 75 57 17 26 0 39 32 32 0 15 7 0 0 11 9 0 0 -999 -999 -999 
P3633 2071 3 0 0 9 0 14 0 0 32 0 28 38 24 18 40 0 17 16 19 26 10 0 0 0 0 14 0 0 0 0 0 0 
P3633 2071 4 0 83 59 0 13 0 0 0 0 0 0 16 15 0 0 18 16 0 0 36 0 51 48 38 60 40 30 20 21 0 -999 
P3633 2071 5 21 22 0 30 0 51 0 44 45 37 19 0 13 0 14 0 0 10 17 0 0 0 0 0 25 0 0 12 0 0 19 
P3633 2071 6 24 19 0 25 18 0 0 0 0 29 0 28 0 48 52 12 0 31 0 0 0 14 0 0 0 0 0 0 0 0 -999 
P3633 2071 7 0 0 21 21 0 21 6 0 0 0 0 0 0 0 0 0 0 0 0 0 0 0 0 0 0 0 0 0 0 0 0 
P3633 2071 8 0 0 0 0 0 0 0 0 0 0 0 0 0 7 0 0 0 0 0 0 0 0 0 0 0 0 33 0 6 0 0 
P3633 2071 9 0 0 0 0 0 0 0 0 0 9 13 0 0 8 0 0 0 0 0 0 0 0 0 0 0 0 0 30 0 0 -999 
P3633 2071 10 0 0 0 20 7 0 0 0 0 0 19 0 0 0 28 0 68 0 20 0 10 0 44 13 0 0 0 0 38 31 64 
P3633 2071 11 46 0 106 106 47 0 20 0 0 0 0 0 0 0 0 26 16 8 5 40 47 0 20 0 39 0 0 5 0 0 -999 
P3633 2071 12 0 0 0 29 32 0 119 113 79 171 122 145 93 83 0 0 0 82 0 0 0 0 76 148 54 0 57 0 0 19 44 
P3633 2072 1 29 0 9 0 0 0 0 0 17 24 0 0 0 0 0 6 15 0 14 37 56 26 25 0 0 78 0 9 28 13 0 
P3633 2072 2 57 43 46 20 47 0 0 13 5 0 2 0 0 0 0 0 3 11 49 36 0 17 0 10 0 0 0 0 -999 -999 -999 
P3633 2072 3 0 0 0 0 0 6 0 0 0 0 0 0 0 0 0 9 0 15 0 0 0 7 0 30 19 20 25 38 35 38 0 
P3633 2072 4 0 0 11 0 19 0 0 0 12 34 8 5 0 0 0 0 0 0 0 0 35 0 40 0 5 0 0 0 0 0 -999 
P3633 2072 5 0 38 15 7 0 39 0 0 0 28 0 0 0 0 14 0 0 23 22 17 20 0 10 11 0 0 0 0 0 0 0 
P3633 2072 6 0 9 0 0 0 0 0 0 0 0 0 0 0 8 0 0 0 0 0 0 0 0 0 0 0 0 0 0 0 0 -999 
P3633 2072 7 12 0 14 0 0 0 0 0 0 0 0 0 0 0 0 0 0 0 0 0 0 0 0 0 0 0 0 0 0 0 0 
P3633 2072 8 0 0 0 0 0 0 0 0 0 0 0 0 17 0 0 0 17 0 0 0 0 0 0 0 0 0 0 0 0 0 0 
P3633 2072 9 0 0 0 0 0 0 14 0 0 0 0 0 0 0 0 0 23 0 10 0 0 0 10 0 0 57 0 0 13 16 -999 
P3633 2072 10 0 0 0 0 0 0 0 0 0 0 10 0 9 11 22 0 14 29 0 0 0 0 0 0 0 0 0 9 0 0 0 
P3633 2072 11 0 0 0 0 9 53 4 0 0 27 45 8 29 80 0 0 0 0 0 0 11 11 0 0 0 27 53 0 0 0 -999 
P3633 2072 12 3 0 0 13 0 0 0 0 0 0 0 0 0 0 0 0 36 0 0 41 161 53 0 0 59 86 27 5 0 35 48 
P3633 2073 1 0 0 0 0 1 1 0 0 0 0 0 0 0 6 10 20 9 0 32 0 48 31 10 0 0 7 0 6 0 0 0 
P3633 2073 2 36 94 94 77 0 30 9 0 0 0 0 0 0 0 0 0 0 0 0 3 4 0 0 0 0 40 0 33 -999 -999 -999 
P3633 2073 3 88 50 15 0 15 32 31 34 45 0 29 25 32 0 0 0 0 0 0 26 0 40 0 0 51 34 99 129 178 0 0 
P3633 2073 4 0 16 19 0 0 44 46 31 16 0 32 31 0 0 0 0 0 0 8 17 0 23 0 0 86 66 36 24 0 0 -999 
P3633 2073 5 0 19 0 0 13 0 0 0 0 0 0 0 0 81 57 82 55 0 9 0 0 0 10 8 0 0 16 0 0 0 0 
P3633 2073 6 5 0 0 0 0 0 0 0 0 0 0 0 0 0 0 0 0 0 0 0 0 0 22 0 0 0 0 0 20 23 -999 
P3633 2073 7 19 0 0 0 0 0 0 0 0 0 0 0 0 0 0 0 12 0 0 9 0 0 0 0 0 0 0 0 13 0 0 
P3633 2073 8 0 0 0 0 0 0 0 0 0 0 0 0 0 0 0 0 21 0 8 0 0 0 0 0 0 0 0 0 0 0 0 
P3633 2073 9 0 0 0 0 0 0 6 0 0 0 0 0 0 0 0 0 18 20 0 0 0 0 0 0 0 0 0 0 15 0 -999 
P3633 2073 10 0 0 0 0 0 0 0 36 43 0 9 0 0 0 0 0 0 0 0 0 10 0 0 0 0 0 0 5 11 0 0 
P3633 2073 11 22 0 0 0 0 0 0 0 10 0 0 0 0 0 0 55 21 0 66 97 108 123 30 19 25 30 36 0 0 1 -999 
P3633 2073 12 0 2 3 0 0 0 0 0 0 6 0 0 0 22 4 0 2 0 24 39 20 0 10 0 0 0 0 32 112 129 321 
P3633 2074 1 196 0 51 168 167 169 77 0 0 92 55 31 19 0 8 3 0 0 0 0 0 0 4 12 0 0 0 6 0 0 0 
P3633 2074 2 0 0 0 0 7 7 0 7 0 11 20 21 34 36 26 0 52 38 26 36 0 25 0 0 20 0 119 155 -999 -999 -999 
P3633 2074 3 141 0 14 0 15 49 0 50 0 15 13 20 44 0 0 0 0 0 0 0 0 84 0 59 39 14 1 0 10 0 0 
P3633 2074 4 0 0 0 0 0 5 9 0 0 0 0 0 0 0 32 73 25 28 0 74 0 0 0 0 0 15 0 20 0 0 -999 
P3633 2074 5 0 0 10 16 16 9 11 0 0 36 0 60 50 41 43 27 0 31 0 18 26 23 4 9 0 0 0 0 0 0 0 
P3633 2074 6 0 0 0 30 22 10 0 0 0 0 0 12 0 0 0 0 0 0 0 0 0 0 0 0 0 0 0 0 9 0 -999 
P3633 2074 7 0 0 0 9 0 0 0 0 0 0 0 0 0 0 0 0 0 0 0 0 0 0 0 0 0 0 0 0 0 0 0 
P3633 2074 8 0 0 0 0 0 0 0 18 0 0 0 0 0 0 0 0 0 0 0 0 0 0 0 0 0 0 0 0 0 0 9 
P3633 2074 9 0 0 0 0 0 0 0 0 0 0 0 0 0 0 0 0 0 0 0 0 0 0 0 0 0 0 0 0 0 0 -999 
P3633 2074 10 0 0 15 0 0 0 9 3 0 0 0 0 0 0 0 0 0 0 0 0 21 29 0 25 0 0 0 0 0 0 5 
P3633 2074 11 0 5 0 0 23 0 0 16 0 0 0 0 0 8 0 0 34 0 0 76 39 0 0 0 0 15 13 26 0 0 -999 
P3633 2074 12 0 2 0 0 0 0 0 0 0 15 59 70 53 0 0 0 0 0 0 9 11 0 0 8 0 0 2 0 17 59 15 
P3633 2075 1 0 2 0 0 1 0 1 0 0 20 23 0 22 17 48 44 14 12 0 0 15 15 20 20 13 0 0 0 5 0 2 
P3633 2075 2 3 0 0 36 44 74 74 90 149 65 102 156 167 27 10 6 0 8 0 39 0 0 0 35 75 20 12 0 -999 -999 -999 
P3633 2075 3 0 0 33 18 11 28 5 1 0 0 0 0 0 0 0 0 0 35 32 0 0 0 33 45 76 44 25 13 0 0 0 
P3633 2075 4 0 24 43 30 26 64 120 151 155 50 0 9 0 0 0 0 0 0 0 69 60 29 25 0 0 22 10 9 13 0 -999 
P3633 2075 5 0 0 38 39 23 10 0 0 0 0 0 26 0 2 0 0 0 0 0 0 0 0 0 16 0 0 0 0 0 0 0 
P3633 2075 6 0 27 33 29 14 11 0 0 0 22 0 0 0 12 0 0 0 0 10 8 0 0 6 0 0 0 0 0 0 0 -999 
P3633 2075 7 0 0 0 0 12 0 0 0 0 0 0 0 0 0 0 0 0 0 0 0 0 0 0 0 0 0 0 0 0 0 0 
P3633 2075 8 0 12 0 0 0 0 12 0 0 0 0 0 0 0 0 0 0 0 0 0 0 0 0 0 0 0 0 0 0 0 0 
P3633 2075 9 0 0 0 0 16 0 0 0 0 0 0 0 0 0 5 0 0 0 0 0 0 0 0 0 16 16 10 0 0 0 -999 
P3633 2075 10 0 28 33 51 0 16 0 83 105 44 0 0 0 19 0 0 6 0 0 0 0 0 0 0 0 0 0 40 0 53 0 
P3633 2075 11 0 0 0 0 0 0 0 39 15 0 0 0 0 0 110 92 19 0 34 8 0 57 47 35 0 0 0 0 0 6 -999 
P3633 2075 12 0 0 63 62 37 20 0 73 50 20 0 24 18 38 43 24 13 0 22 0 14 0 0 0 0 0 0 11 0 0 0 
P3633 2076 1 0 4 0 5 8 10 0 5 5 5 0 0 6 0 0 0 0 0 0 1 0 0 2 0 0 0 0 0 0 0 26 
P3633 2076 2 73 52 26 0 2 0 0 0 6 6 4 0 0 0 0 6 5 7 9 25 32 0 5 0 0 0 0 0 -999 -999 -999 
P3633 2076 3 0 17 11 0 0 25 37 44 40 53 45 0 3 0 5 0 0 0 8 0 0 21 26 0 18 0 0 9 0 0 0 
P3633 2076 4 0 0 0 0 0 0 0 0 0 15 0 25 0 0 55 55 32 30 0 0 0 7 0 20 17 40 32 19 11 12 -999 
P3633 2076 5 0 0 42 18 23 0 0 0 0 0 0 0 0 47 0 21 21 17 0 0 0 0 0 0 0 0 0 0 35 9 0 
P3633 2076 6 19 0 0 0 0 0 0 0 0 0 0 0 0 0 0 0 0 0 0 0 0 0 0 0 0 0 0 0 0 0 -999 
P3633 2076 7 0 0 0 0 0 0 0 10 0 0 0 0 0 0 0 0 0 0 0 0 0 0 0 0 0 0 0 0 0 0 0 
P3633 2076 8 0 0 0 0 0 4 0 0 0 0 13 0 11 0 0 17 0 0 0 0 0 0 0 0 0 0 0 10 0 0 24 
P3633 2076 9 31 0 0 0 0 0 0 0 0 0 0 0 0 0 0 0 7 0 8 0 0 0 0 0 0 13 0 0 0 0 -999 
P3633 2076 10 0 0 0 0 36 0 0 0 0 0 0 0 0 0 0 0 0 0 0 0 0 0 7 0 0 0 0 71 43 0 0 
P3633 2076 11 0 0 0 0 0 0 0 0 9 9 0 0 23 8 0 12 16 0 16 0 28 44 44 17 0 0 38 82 37 26 -999 
P3633 2076 12 0 0 1 0 0 0 0 0 62 57 65 74 31 10 0 0 0 5 0 0 0 0 0 0 0 8 20 0 22 0 0 
P3633 2077 1 0 0 0 0 0 0 0 0 31 0 0 0 13 8 0 31 0 0 0 5 0 6 0 0 0 0 0 0 0 0 0 
P3633 2077 2 0 0 34 49 29 0 48 46 31 57 24 0 0 0 0 0 60 84 143 63 0 0 0 0 35 26 0 0 -999 -999 -999 
P3633 2077 3 0 0 0 0 0 0 73 71 24 37 0 27 0 0 0 0 0 0 43 0 0 60 66 54 22 15 0 3 0 0 0 
P3633 2077 4 0 21 0 0 0 0 0 0 0 0 0 0 0 0 0 25 23 29 25 0 9 12 20 0 8 0 60 25 0 0 -999 
P3633 2077 5 0 0 0 15 0 0 0 31 34 46 30 8 0 0 0 0 0 0 11 0 0 0 0 0 0 0 0 0 30 0 0 
P3633 2077 6 21 0 0 0 28 32 25 0 0 0 0 11 0 0 0 14 0 0 0 0 0 0 0 0 18 24 0 0 0 0 -999 
P3633 2077 7 0 0 0 0 0 0 0 0 0 0 0 0 25 0 0 0 0 0 0 0 0 0 0 0 0 0 0 0 0 0 0 
P3633 2077 8 0 0 0 0 0 0 16 0 0 0 0 0 0 0 0 0 0 0 0 0 0 0 0 0 0 0 0 16 0 0 0 
P3633 2077 9 0 0 0 0 0 0 0 0 0 0 0 0 0 0 0 0 0 0 0 0 0 0 0 0 0 0 0 0 0 0 -999 
P3633 2077 10 0 0 0 14 0 0 0 0 0 0 0 0 0 3 0 0 0 0 35 15 0 37 58 49 24 0 0 0 42 22 27 
P3633 2077 11 38 0 0 10 0 0 0 0 85 78 61 22 0 0 61 34 40 19 10 0 0 0 42 56 0 0 0 0 0 0 -999 
P3633 2077 12 44 0 90 75 0 67 72 134 22 34 135 6 0 0 0 0 0 0 0 0 0 0 0 0 9 0 0 0 0 0 0 
P3633 2078 1 76 130 155 149 80 119 32 24 102 62 0 0 87 50 85 67 39 0 0 10 0 0 6 0 0 0 0 0 0 3 0 
P3633 2078 2 0 6 6 3 0 0 0 0 0 0 0 0 1 3 0 0 0 0 0 15 0 21 0 0 55 113 57 34 -999 -999 -999 
P3633 2078 3 7 0 19 29 0 0 0 67 58 20 0 0 0 0 78 67 96 124 100 117 95 61 40 65 36 0 23 18 0 10 17 
P3633 2078 4 48 52 18 0 21 0 0 19 18 24 37 28 0 81 26 23 0 18 20 0 0 0 0 0 0 0 0 0 0 0 -999 
P3633 2078 5 0 0 50 35 23 0 0 19 0 22 0 0 0 0 0 0 0 53 38 13 0 0 0 0 0 12 0 0 0 0 0 
P3633 2078 6 22 27 0 29 25 23 20 0 0 0 16 0 0 0 0 0 17 0 0 0 0 0 0 0 0 0 0 0 0 0 -999 
P3633 2078 7 0 0 0 0 0 7 0 0 0 16 0 0 0 0 0 0 0 0 0 0 0 0 0 0 0 0 0 0 0 0 0 
P3633 2078 8 0 0 0 0 0 0 0 0 0 0 0 0 0 0 0 0 0 0 0 0 0 0 0 0 0 0 0 0 0 0 0 
P3633 2078 9 0 0 0 0 0 0 0 0 6 0 0 0 0 0 14 0 0 22 0 0 0 0 0 1 0 0 0 0 0 0 -999 
P3633 2078 10 0 0 0 10 0 8 0 0 0 56 0 0 0 0 0 0 0 0 0 0 72 14 7 13 0 0 0 0 0 0 0 
P3633 2078 11 38 0 12 0 0 0 0 0 0 7 0 0 0 15 15 20 28 54 0 0 0 0 0 7 8 8 5 0 0 6 -999 
P3633 2078 12 0 0 0 0 0 0 8 7 6 0 0 40 21 18 0 0 0 0 0 0 0 35 0 37 21 74 159 116 45 244 231 
P3633 2079 1 0 10 38 53 31 0 0 0 4 0 0 0 0 0 0 0 0 0 0 0 10 15 0 0 1 0 0 4 0 0 0 
P3633 2079 2 0 0 0 0 0 4 3 4 0 0 0 3 0 0 0 0 0 2 0 0 3 0 0 0 37 0 0 0 -999 -999 -999 
P3633 2079 3 14 0 20 0 24 0 0 0 4 2 5 0 0 0 0 0 0 0 1 0 0 0 0 0 0 0 0 2 0 4 0 
P3633 2079 4 7 0 0 0 30 0 0 0 13 8 0 0 0 31 41 0 17 0 0 0 27 0 0 42 0 14 0 0 0 0 -999 
P3633 2079 5 0 0 0 0 0 0 6 0 12 0 20 18 0 0 0 0 0 0 0 0 0 0 0 0 0 0 0 0 0 0 0 
P3633 2079 6 0 0 0 0 0 0 0 0 0 0 0 0 0 0 14 0 0 0 0 0 0 0 0 0 0 17 0 0 0 0 -999 
P3633 2079 7 0 3 1 0 0 0 0 0 0 0 0 0 0 0 0 0 0 0 0 0 0 0 0 0 0 0 0 0 0 0 0 
P3633 2079 8 0 8 0 0 0 0 0 0 10 0 0 0 8 0 0 0 0 0 12 0 0 0 0 0 0 0 0 0 0 0 0 
P3633 2079 9 0 0 0 0 0 0 0 0 0 0 0 22 19 0 1 0 0 0 0 0 0 0 10 0 0 0 0 0 0 6 -999 
P3633 2079 10 0 0 0 0 0 0 0 0 0 0 0 0 0 0 0 0 10 0 0 0 0 0 0 20 0 26 0 0 0 0 0 
P3633 2079 11 30 0 22 0 0 75 79 0 0 0 0 0 0 0 48 60 69 74 45 0 0 17 33 0 0 42 0 0 1 0 -999 
P3633 2079 12 14 55 0 0 0 0 10 1 0 0 0 0 0 0 0 0 0 0 0 0 0 0 0 0 0 0 0 0 10 0 17 
P3633 2080 1 0 8 0 0 0 7 0 0 0 0 0 14 0 12 0 0 0 0 0 0 0 0 0 0 0 0 17 19 33 0 0 
P3633 2080 2 0 5 0 0 32 19 29 37 72 119 121 86 93 0 0 0 0 0 74 0 107 15 0 0 0 2 0 0 -999 -999 -999 
P3633 2080 3 36 0 0 31 34 43 0 65 151 159 123 99 47 6 0 0 0 4 0 0 0 0 0 0 0 0 8 11 15 28 38 
P3633 2080 4 0 0 3 0 0 12 0 24 0 27 0 55 14 0 7 2 0 0 0 0 0 35 53 0 24 27 23 12 13 0 -999 
P3633 2080 5 14 0 0 0 23 0 0 0 0 11 0 33 35 0 0 0 22 0 0 0 21 0 0 21 29 0 0 0 0 0 0 
P3633 2080 6 0 0 11 27 0 37 0 0 0 0 0 0 0 0 0 0 0 0 27 25 0 0 0 0 0 0 0 0 0 0 -999 
P3633 2080 7 0 12 0 6 0 0 0 0 0 0 0 0 0 0 0 0 0 0 0 0 0 0 0 0 0 0 0 0 0 0 0 
P3633 2080 8 0 0 0 0 0 0 0 0 0 0 0 0 0 0 0 0 0 0 0 0 0 0 0 0 0 0 0 0 0 15 0 
P3633 2080 9 0 0 0 0 0 0 0 0 0 0 0 18 0 0 0 4 0 0 5 0 0 0 0 0 0 0 0 0 0 0 -999 
P3633 2080 10 0 29 37 0 87 79 0 69 0 52 0 0 0 35 57 30 0 0 0 14 0 0 0 0 0 0 0 9 7 0 0 
P3633 2080 11 41 46 56 0 0 0 0 0 0 0 0 0 0 0 13 0 13 14 0 0 0 0 0 0 0 0 6 0 16 0 -999 
P3633 2080 12 27 34 84 0 106 87 123 90 0 0 0 0 0 30 0 0 0 0 2 0 6 0 0 0 0 78 29 0 0 38 47 
P3633 2081 1 104 107 231 107 79 0 1 0 11 0 0 0 22 28 40 17 0 0 0 107 132 70 58 0 0 0 78 0 48 0 0 
P3633 2081 2 0 0 0 0 0 0 85 0 31 14 0 0 0 0 0 0 0 0 23 30 22 0 0 89 54 12 11 19 -999 -999 -999 
P3633 2081 3 19 0 0 0 44 0 0 0 0 0 0 0 28 32 32 17 52 132 80 110 76 117 110 66 20 0 35 0 0 52 90 
P3633 2081 4 109 0 26 0 0 0 0 0 0 0 0 0 9 11 0 40 8 0 0 0 0 0 0 0 52 28 18 56 52 79 -999 
P3633 2081 5 74 64 42 0 52 20 15 31 56 85 42 0 37 52 43 25 0 6 8 0 0 0 0 16 0 0 6 0 0 0 28 
P3633 2081 6 23 14 0 0 0 0 0 0 0 0 0 15 0 14 0 0 0 0 0 0 0 0 0 0 0 0 0 0 0 0 -999 
P3633 2081 7 0 0 23 0 12 0 0 0 0 0 0 0 0 0 0 0 0 0 0 0 15 0 0 0 0 0 0 0 0 0 0 
P3633 2081 8 0 0 5 0 0 0 0 0 0 0 0 0 0 0 0 0 0 0 0 0 10 0 0 0 0 0 0 0 0 0 0 
P3633 2081 9 0 0 0 0 0 0 0 0 0 0 0 0 0 0 0 0 0 0 23 0 0 0 0 0 0 0 0 0 0 0 -999 
P3633 2081 10 0 0 0 40 0 0 16 0 0 27 0 0 24 19 0 0 3 0 11 0 0 0 5 0 0 0 0 0 0 0 0 
P3633 2081 11 21 23 41 107 52 0 0 0 0 0 0 0 0 0 0 68 188 163 118 14 5 3 5 0 34 0 0 0 0 0 -999 
P3633 2081 12 28 24 32 19 0 132 96 89 81 54 31 95 121 91 56 51 0 0 13 0 0 9 16 0 0 0 37 0 7 0 0 
P3633 2082 1 0 18 22 0 13 0 0 0 15 24 70 0 43 28 17 15 40 72 31 0 52 126 91 0 66 90 123 42 12 0 0 
P3633 2082 2 0 1 0 0 0 0 0 0 0 0 0 0 0 25 0 0 0 9 0 0 11 0 0 0 0 0 46 48 -999 -999 -999 
P3633 2082 3 34 0 30 34 38 0 13 0 14 10 0 0 0 0 10 0 0 0 0 0 0 9 0 0 44 37 16 0 58 48 13 
P3633 2082 4 15 13 0 0 0 0 0 0 0 0 0 0 0 0 0 0 22 12 14 8 0 11 0 0 0 0 0 0 0 0 -999 
P3633 2082 5 0 0 0 0 0 0 0 0 0 0 0 0 21 0 0 0 0 0 0 0 0 0 0 0 0 0 0 0 0 0 0 
P3633 2082 6 0 0 0 0 0 0 0 0 0 0 0 8 0 0 0 0 0 0 0 0 14 7 7 0 15 0 0 0 0 0 -999 
P3633 2082 7 0 0 0 0 11 0 0 0 0 0 0 0 0 0 0 0 0 0 0 0 0 0 0 0 0 0 0 0 0 0 0 
P3633 2082 8 0 0 0 0 0 0 0 0 0 0 0 0 0 0 0 0 23 0 0 0 0 0 0 0 0 0 24 0 0 0 0 
P3633 2082 9 10 0 0 0 0 0 0 0 0 0 0 0 0 0 0 0 0 0 0 0 4 0 0 0 21 0 0 16 0 0 -999 
P3633 2082 10 0 0 0 0 0 6 2 0 0 0 0 0 0 0 0 0 9 0 20 0 25 33 65 22 0 0 2 0 0 37 0 
P3633 2082 11 65 104 94 23 0 0 0 0 0 0 17 12 15 25 0 0 165 160 43 0 0 0 0 0 2 0 0 2 0 0 -999 
P3633 2082 12 0 0 0 0 0 0 0 0 0 0 0 21 12 0 0 0 0 39 0 0 0 0 0 0 0 10 0 0 0 0 0 
P3633 2083 1 24 38 47 48 38 14 0 0 18 23 0 6 0 0 0 34 36 53 0 28 0 30 0 10 0 0 0 0 0 0 0 
P3633 2083 2 15 58 56 19 9 13 42 48 33 74 114 82 35 33 0 0 67 170 144 0 88 72 41 0 0 197 109 59 -999 -999 -999 
P3633 2083 3 48 34 0 26 4 8 0 0 0 7 0 0 5 20 22 0 0 0 0 0 0 0 95 123 139 0 127 79 9 0 13 
P3633 2083 4 21 19 13 14 19 0 0 31 0 0 0 0 17 0 48 0 26 8 0 0 0 0 0 0 0 25 0 23 0 0 -999 
P3633 2083 5 0 7 0 16 0 0 28 38 37 0 0 0 0 0 0 39 46 43 0 44 16 5 0 53 39 62 112 32 25 0 0 
P3633 2083 6 40 39 24 0 0 0 12 22 0 0 23 0 0 0 0 0 0 0 0 0 0 0 0 0 0 0 0 0 0 26 -999 
P3633 2083 7 0 10 0 0 0 0 0 0 0 0 0 0 0 0 18 0 0 0 0 10 0 0 0 0 0 0 0 0 13 0 0 
P3633 2083 8 0 0 0 0 0 0 0 0 0 0 0 0 0 0 0 0 8 0 0 0 0 0 0 0 0 11 0 0 0 18 0 
P3633 2083 9 0 0 0 0 0 0 0 0 0 0 0 0 0 0 0 0 0 0 10 0 0 0 0 0 0 14 0 0 0 0 -999 
P3633 2083 10 0 0 0 0 0 0 0 15 0 22 0 0 0 0 9 0 0 5 0 0 0 36 35 0 25 7 0 0 0 10 0 
P3633 2083 11 15 11 0 61 68 25 0 0 0 0 0 44 85 52 15 0 0 53 0 0 0 0 0 0 13 19 0 8 0 0 -999 
P3633 2083 12 43 0 21 12 38 0 58 119 186 55 27 0 0 0 157 63 25 17 0 63 0 0 0 0 0 0 7 3 6 10 0 
P3633 2084 1 14 10 0 12 0 0 9 0 17 12 8 0 0 0 5 0 0 0 0 0 15 0 30 0 29 68 57 57 40 63 62 
P3633 2084 2 22 0 0 0 0 14 0 42 53 62 14 0 0 0 7 2 0 0 0 0 0 0 0 13 0 49 78 0 -999 -999 -999 
P3633 2084 3 0 0 40 53 71 13 0 0 0 0 24 0 0 0 0 45 137 107 32 17 0 0 0 0 0 0 0 6 0 0 0 
P3633 2084 4 0 0 0 0 0 0 0 0 3 11 0 0 0 27 0 0 10 0 0 0 0 0 0 0 0 0 0 0 0 0 -999 
P3633 2084 5 0 0 0 0 24 0 40 0 0 0 0 0 0 0 0 0 0 0 20 0 0 0 0 0 0 0 0 16 10 0 0 
P3633 2084 6 1 0 0 0 0 0 0 0 0 0 32 29 0 0 0 0 0 10 0 0 0 0 0 0 0 0 0 11 0 0 -999 
P3633 2084 7 20 0 0 0 10 0 0 0 0 20 17 0 0 0 0 0 0 0 0 0 0 0 0 0 0 0 0 0 0 0 0 
P3633 2084 8 0 0 0 0 0 0 0 0 0 0 0 0 0 0 0 0 0 0 0 0 0 0 0 0 0 0 0 0 0 0 0 
P3633 2084 9 0 0 0 0 0 13 15 0 0 0 0 0 0 0 0 41 0 0 0 0 0 0 4 5 0 0 0 0 0 0 -999 
P3633 2084 10 10 0 0 0 0 0 0 0 12 0 0 0 0 0 24 0 0 8 0 0 0 0 0 0 11 0 0 47 104 117 94 
P3633 2084 11 35 30 89 0 0 0 28 88 130 53 0 0 0 0 0 6 0 0 0 5 0 0 0 0 0 0 0 33 41 21 -999 
P3633 2084 12 0 0 20 0 40 16 0 68 63 70 71 86 142 117 54 0 0 0 0 0 0 0 0 0 0 0 0 45 38 0 0 
P3633 2085 1 0 0 0 5 0 0 1 0 0 0 0 0 1 4 0 46 36 14 12 6 0 0 110 145 0 0 5 24 7 0 0 
P3633 2085 2 0 0 9 0 0 43 32 38 0 31 68 96 51 22 16 0 0 0 0 0 0 0 0 7 0 0 0 0 -999 -999 -999 
P3633 2085 3 0 0 0 0 11 5 5 9 55 83 61 99 146 63 63 67 0 11 0 0 0 28 24 0 26 15 0 0 0 0 0 
P3633 2085 4 0 0 0 0 0 0 0 0 0 0 23 66 67 73 88 58 38 36 27 0 0 3 3 0 0 0 0 8 0 27 -999 
P3633 2085 5 35 44 20 0 0 0 0 53 0 0 0 19 0 0 0 0 0 0 0 0 0 0 12 18 25 19 22 0 0 0 0 
P3633 2085 6 0 0 0 0 0 0 0 0 0 0 25 0 0 0 0 10 0 0 0 0 0 0 0 9 0 0 0 0 0 0 -999 
P3633 2085 7 0 0 0 0 0 0 0 0 0 0 0 0 0 0 0 0 0 0 0 0 0 0 0 0 0 0 0 0 0 0 0 
P3633 2085 8 0 0 0 0 0 0 0 0 0 0 0 0 0 0 0 0 0 0 0 0 0 0 0 0 0 0 0 0 0 0 0 
P3633 2085 9 0 0 0 23 27 29 0 0 11 0 0 0 0 0 3 0 0 0 0 0 0 0 0 0 0 0 0 0 2 0 -999 
P3633 2085 10 0 0 0 0 0 0 0 0 16 24 0 25 20 0 0 0 0 0 0 0 0 18 0 0 26 0 65 50 26 0 33 
P3633 2085 11 0 0 18 21 18 14 0 0 0 0 0 0 0 0 11 38 110 0 27 82 60 70 24 4 0 0 0 0 0 34 -999 
P3633 2085 12 82 89 19 16 36 73 0 9 0 0 0 0 0 30 14 12 0 0 0 0 0 0 0 4 0 0 0 0 0 5 7 
P3633 2086 1 0 4 9 0 12 0 0 13 0 0 7 0 0 68 57 0 0 145 60 0 0 0 0 0 0 17 0 0 0 0 0 
P3633 2086 2 0 0 0 32 0 0 62 79 33 20 0 36 53 0 0 23 0 0 0 0 0 0 0 0 0 5 0 0 -999 -999 -999 
P3633 2086 3 3 0 1 0 0 0 0 4 0 0 7 0 31 0 0 0 0 0 0 0 0 0 0 6 0 0 0 0 0 0 25 
P3633 2086 4 10 0 0 0 16 39 45 29 0 0 0 0 0 43 0 40 19 0 0 0 0 3 0 0 0 0 40 53 0 0 -999 
P3633 2086 5 0 0 31 70 73 22 0 22 0 0 0 17 0 0 3 11 0 0 0 0 0 0 21 0 27 0 0 0 0 0 0 
P3633 2086 6 0 6 0 0 0 0 0 0 0 0 0 0 0 0 0 0 25 0 0 0 0 0 0 0 0 0 0 0 0 0 -999 
P3633 2086 7 0 0 0 0 0 0 10 0 0 0 9 0 0 0 0 0 0 0 0 0 0 0 0 0 0 0 20 0 0 0 0 
P3633 2086 8 0 0 0 0 0 0 0 0 0 0 0 0 0 0 0 0 0 0 0 0 0 0 0 0 0 0 0 0 0 0 0 
P3633 2086 9 0 0 0 0 0 0 0 0 0 0 0 0 0 0 20 14 0 0 0 0 0 0 0 0 0 12 0 0 0 0 -999 
P3633 2086 10 0 0 0 0 0 0 12 0 0 0 26 0 20 9 0 0 0 0 0 0 7 13 0 0 0 25 23 0 0 57 44 
P3633 2086 11 8 0 52 12 28 28 14 11 11 0 18 0 0 0 21 0 0 0 36 60 69 0 0 0 13 0 7 17 40 12 -999 
P3633 2086 12 17 10 14 0 0 0 0 0 0 0 0 0 0 0 12 0 0 0 0 76 0 89 167 113 0 24 0 4 0 0 1 
P3633 2087 1 0 0 7 14 12 12 0 70 70 0 20 0 0 1 0 0 0 0 0 0 10 12 0 0 0 0 0 0 1 0 0 
P3633 2087 2 54 51 0 0 0 0 0 0 0 0 0 10 0 20 24 12 0 0 0 0 0 0 0 0 0 0 28 47 -999 -999 -999 
P3633 2087 3 80 106 81 0 0 16 0 0 23 30 0 68 0 16 0 0 0 0 19 0 0 0 32 49 27 10 0 13 0 0 0 
P3633 2087 4 0 0 0 0 0 0 0 0 0 18 0 9 0 0 0 80 72 20 0 19 0 91 53 56 69 63 27 0 0 0 -999 
P3633 2087 5 0 0 0 0 22 0 25 26 0 19 34 29 13 16 0 0 0 0 0 13 0 0 0 0 0 0 29 0 14 0 0 
P3633 2087 6 0 0 0 0 0 0 0 0 0 0 0 0 0 0 0 0 0 0 0 0 0 0 0 0 0 0 16 8 0 0 -999 
P3633 2087 7 0 0 0 0 0 0 0 0 0 0 0 0 0 0 0 0 0 0 0 0 0 0 0 0 0 0 0 0 0 0 0 
P3633 2087 8 0 0 0 0 0 0 0 0 0 0 0 0 0 0 0 0 0 0 0 0 0 0 0 0 0 0 0 0 0 0 0 
P3633 2087 9 0 0 0 0 0 0 0 0 0 0 0 0 0 11 0 0 0 0 0 0 0 0 0 0 0 0 0 0 0 0 -999 
P3633 2087 10 8 0 32 0 44 31 0 0 0 9 0 0 17 10 4 0 6 0 0 0 0 0 0 0 0 0 0 0 0 0 0 
P3633 2087 11 0 0 0 2 0 0 0 3 0 0 0 0 0 0 0 0 0 0 0 0 7 0 0 0 0 5 0 0 0 0 -999 
P3633 2087 12 0 8 0 9 0 5 8 55 31 0 5 0 0 0 0 0 0 0 20 0 7 23 94 87 0 63 61 31 52 90 0 
P3633 2088 1 27 0 49 0 0 0 0 0 0 0 0 0 0 0 0 3 0 2 0 0 0 0 0 0 0 0 30 0 11 5 0 
P3633 2088 2 0 0 0 0 30 0 89 95 139 0 0 0 0 0 0 0 0 0 0 0 0 0 26 17 0 0 38 22 -999 -999 -999 
P3633 2088 3 0 43 88 72 35 0 0 0 0 0 0 0 0 0 0 5 0 0 17 8 0 11 0 36 37 0 53 30 0 0 0 
P3633 2088 4 0 0 0 0 0 0 61 71 0 21 0 0 33 47 0 22 25 15 6 8 28 35 38 24 0 0 7 0 0 0 -999 
P3633 2088 5 0 0 0 0 0 28 30 0 34 0 0 22 0 0 0 0 0 0 0 13 6 0 0 0 0 0 0 0 0 0 0 
P3633 2088 6 0 0 0 0 0 0 0 0 0 0 0 0 0 0 0 0 0 0 0 0 0 0 0 0 0 0 0 0 0 0 -999 
P3633 2088 7 0 0 0 0 0 0 0 0 0 0 0 0 0 0 7 0 0 0 0 0 0 0 0 0 0 0 0 0 0 0 0 
P3633 2088 8 0 0 0 0 0 0 0 0 0 0 0 0 0 0 0 0 0 20 0 0 0 0 0 0 0 0 0 0 0 0 0 
P3633 2088 9 0 34 0 8 0 0 0 0 0 0 0 0 0 0 0 0 0 0 0 0 2 0 0 0 0 0 0 0 0 0 -999 
P3633 2088 10 0 0 0 0 0 0 6 0 15 0 6 18 18 0 0 0 0 0 0 0 0 0 43 39 53 86 159 80 0 0 0 
P3633 2088 11 0 0 0 0 0 3 0 7 0 16 32 33 0 0 0 68 32 175 64 0 0 0 11 0 0 0 0 20 65 0 -999 
P3633 2088 12 0 0 0 27 45 59 65 71 0 0 0 0 0 0 0 0 9 5 0 0 0 10 9 0 0 0 10 0 0 0 0 
P3633 2089 1 0 0 0 0 48 33 0 46 91 122 160 169 196 0 8 0 0 0 0 0 0 7 0 0 0 0 0 0 14 0 20 
P3633 2089 2 30 0 0 29 69 116 80 103 200 0 33 57 128 80 20 7 0 0 0 0 0 0 7 7 0 0 0 0 -999 -999 -999 
P3633 2089 3 24 33 64 69 0 23 0 19 0 0 13 8 22 53 75 84 65 0 20 19 0 0 0 38 118 98 36 45 26 49 136 
P3633 2089 4 185 141 52 0 0 5 0 11 45 0 1 0 0 0 0 0 0 5 11 27 45 41 38 0 54 0 64 37 0 0 -999 
P3633 2089 5 28 24 0 0 0 19 0 0 0 0 0 0 0 9 0 0 36 0 14 0 21 0 0 0 0 0 0 0 0 0 0 
P3633 2089 6 0 10 0 0 0 0 0 0 0 0 0 0 0 0 0 0 0 0 0 0 0 0 0 0 0 0 0 10 0 0 -999 
P3633 2089 7 0 0 0 0 0 0 0 0 0 23 0 0 0 0 0 27 17 0 0 0 0 0 0 0 0 0 0 0 0 0 0 
P3633 2089 8 0 0 0 0 0 0 0 0 8 0 11 0 0 0 0 0 0 0 0 0 0 0 0 0 18 0 0 0 0 0 0 
P3633 2089 9 0 0 0 0 0 12 0 7 0 0 0 0 0 0 0 0 0 0 0 0 0 0 0 4 4 0 0 0 0 0 -999 
P3633 2089 10 0 0 0 0 0 0 0 0 0 0 0 0 0 0 6 0 0 0 0 0 0 0 0 0 0 0 0 0 0 0 0 
P3633 2089 11 0 0 15 21 0 0 0 0 0 0 0 0 0 0 4 6 0 6 15 0 0 0 0 36 92 74 0 0 0 96 -999 
P3633 2089 12 113 34 0 0 0 41 48 105 96 82 70 6 2 0 1 0 0 0 12 32 15 0 0 2 0 0 0 0 0 0 0 
P3633 2090 1 4 0 0 7 19 0 21 0 0 61 17 24 0 69 76 35 0 0 0 0 3 0 0 0 0 0 0 0 0 0 0 
P3633 2090 2 0 0 0 26 0 52 33 32 0 0 0 50 27 16 36 12 25 0 8 0 0 11 35 0 45 55 103 84 -999 -999 -999 
P3633 2090 3 180 100 33 11 0 0 0 0 0 0 0 45 75 92 83 44 0 0 0 54 29 34 27 0 0 0 0 0 0 25 27 
P3633 2090 4 34 0 44 64 0 0 43 34 40 27 26 0 20 31 79 81 53 13 0 0 0 0 0 0 0 31 0 0 0 0 -999 
P3633 2090 5 15 0 0 0 0 0 4 5 4 4 0 0 0 0 0 0 0 0 15 0 0 0 0 0 0 0 0 0 0 0 34 
P3633 2090 6 0 26 0 0 0 0 0 0 0 0 0 0 0 0 0 22 0 0 9 0 0 0 0 0 0 0 0 0 0 0 -999 
P3633 2090 7 0 0 0 0 0 0 0 0 0 0 0 0 0 35 32 0 0 0 0 0 0 0 0 0 0 0 0 0 0 0 0 
P3633 2090 8 0 0 0 0 0 0 0 0 0 0 9 0 0 0 0 0 0 0 0 0 17 0 0 0 0 0 0 0 0 0 0 
P3633 2090 9 9 0 0 0 0 0 0 0 0 6 0 0 0 0 0 0 0 0 0 0 0 20 0 0 0 5 4 0 0 0 -999 
P3633 2090 10 0 0 0 29 45 49 0 18 0 20 38 0 22 28 29 37 21 0 0 0 0 0 0 0 0 0 0 32 0 51 0 
P3633 2090 11 19 7 13 0 9 0 29 0 0 0 71 50 21 50 68 40 0 37 0 0 0 0 0 37 46 39 38 0 7 0 -999 
P3633 2090 12 0 59 118 38 43 43 0 0 13 0 0 0 12 0 32 0 0 0 12 0 0 0 0 0 19 30 0 0 0 0 0 
P3633 2091 1 3 0 0 0 0 0 0 9 0 0 8 10 0 24 6 0 0 13 44 0 3 0 0 0 0 0 0 0 6 0 0 
P3633 2091 2 12 21 0 0 0 0 0 0 5 0 0 0 0 0 3 0 0 0 167 141 77 79 86 43 37 38 45 39 -999 -999 -999 
P3633 2091 3 0 12 14 18 0 76 50 0 0 0 0 0 0 0 0 29 0 21 0 0 0 14 0 0 7 0 0 0 0 0 0 
P3633 2091 4 0 0 0 0 0 0 29 47 0 0 20 33 41 32 0 28 38 44 53 31 22 17 0 0 0 2 0 0 0 0 -999 
P3633 2091 5 0 49 56 35 42 0 0 8 8 0 0 0 0 0 0 13 0 0 0 0 0 0 0 0 21 0 0 0 0 0 21 
P3633 2091 6 0 0 40 0 17 0 0 0 0 0 0 0 18 0 40 0 0 0 0 0 0 0 0 0 0 0 0 12 0 0 -999 
P3633 2091 7 0 0 8 0 15 15 0 0 0 0 0 0 0 0 0 0 0 0 0 0 0 0 0 0 0 0 0 0 0 0 0 
P3633 2091 8 0 0 0 0 0 0 0 0 0 0 0 0 0 0 0 18 0 0 0 0 0 0 0 0 0 0 0 0 0 0 0 
P3633 2091 9 0 3 0 0 0 0 0 0 0 0 0 0 0 0 0 0 0 0 0 16 0 0 0 12 0 0 0 16 0 0 -999 
P3633 2091 10 0 0 9 0 6 0 0 0 0 0 0 39 47 16 15 23 29 0 0 0 0 0 0 0 0 19 42 56 99 84 72 
P3633 2091 11 89 38 12 0 0 14 0 0 0 0 0 0 25 0 36 0 0 33 27 22 0 13 48 52 0 0 67 34 0 0 -999 
P3633 2091 12 48 58 9 0 0 31 0 0 0 0 0 0 0 10 6 15 12 0 12 6 0 2 0 9 9 7 0 0 0 0 0 
P3633 2092 1 0 0 0 0 0 11 9 14 0 0 0 25 29 0 32 18 45 78 62 169 102 60 20 63 42 0 73 54 73 81 47 
P3633 2092 2 0 0 75 11 15 81 105 0 0 79 54 0 17 59 64 64 72 90 40 55 50 16 40 0 0 0 0 26 -999 -999 -999 
P3633 2092 3 0 50 3 0 0 0 0 0 0 14 18 0 21 22 63 122 87 49 35 69 73 82 85 238 128 82 33 0 0 0 27 
P3633 2092 4 27 34 57 41 32 0 0 11 0 0 0 0 31 15 0 0 0 0 0 0 0 0 0 0 0 0 0 0 61 42 -999 
P3633 2092 5 26 11 0 0 0 0 0 22 23 0 7 10 5 0 0 0 0 53 19 0 0 0 0 0 0 1 0 0 0 0 26 
P3633 2092 6 19 9 15 0 0 0 0 0 0 0 0 0 0 0 9 17 0 0 0 0 0 0 0 0 10 5 0 0 0 0 -999 
P3633 2092 7 0 0 0 0 0 0 0 0 0 0 0 0 0 0 0 0 24 0 0 0 0 0 0 0 0 0 0 27 0 0 0 
P3633 2092 8 0 0 0 0 0 0 0 0 14 0 0 0 0 0 0 0 0 0 0 0 0 0 0 0 0 0 0 0 0 0 15 
P3633 2092 9 0 0 0 0 0 0 0 0 0 0 24 0 0 0 0 6 0 0 0 0 11 0 0 0 0 11 0 0 0 0 -999 
P3633 2092 10 0 0 0 0 0 0 0 0 0 0 0 70 0 0 0 0 0 0 17 0 0 0 0 0 15 6 9 9 0 6 0 
P3633 2092 11 0 0 22 40 0 0 0 0 9 0 18 51 194 154 123 0 19 18 15 0 21 16 0 102 80 54 12 0 0 4 -999 
P3633 2092 12 0 0 47 0 0 23 22 0 35 60 0 0 0 0 0 0 20 29 15 50 137 122 71 75 28 52 20 32 97 67 28 
P3633 2093 1 89 78 62 32 0 0 25 0 0 30 71 74 0 35 0 116 35 50 63 0 11 0 0 0 18 0 0 26 93 0 113 
P3633 2093 2 109 63 0 0 0 4 0 0 0 0 0 0 0 0 26 22 0 44 35 69 47 49 0 0 6 16 44 0 -999 -999 -999 
P3633 2093 3 28 16 0 0 12 23 0 0 0 37 95 59 30 0 0 0 0 0 0 0 16 0 21 13 0 46 35 42 14 15 38 
P3633 2093 4 0 0 0 0 0 35 0 0 0 23 0 0 0 0 0 0 0 0 0 0 0 36 0 31 37 0 48 45 33 0 -999 
P3633 2093 5 26 0 77 63 0 5 0 0 0 0 0 10 0 0 0 5 0 0 0 0 0 0 0 0 20 24 0 0 0 0 0 
P3633 2093 6 0 0 0 0 0 0 0 0 0 0 0 0 0 0 0 0 0 0 0 0 0 0 0 0 0 0 0 0 0 0 -999 
P3633 2093 7 0 0 0 0 0 0 0 0 0 0 0 0 0 0 0 0 0 0 0 0 0 0 0 0 0 0 0 0 0 0 0 
P3633 2093 8 0 0 0 0 0 0 0 20 0 22 0 0 0 0 0 0 0 10 0 0 0 0 0 0 0 0 0 0 0 0 0 
P3633 2093 9 0 0 0 0 0 0 0 0 0 0 0 0 0 0 0 0 0 0 0 0 0 0 0 0 0 6 0 0 0 0 -999 
P3633 2093 10 0 0 0 0 0 0 0 18 0 0 0 0 0 0 39 94 108 63 0 0 4 0 0 6 0 14 0 0 0 12 0 
P3633 2093 11 43 45 0 0 2 3 0 0 0 0 0 0 0 0 0 0 0 0 0 0 0 0 30 0 0 0 0 5 0 0 -999 
P3633 2093 12 0 0 0 0 0 2 3 1 0 0 0 3 0 0 0 1 0 0 0 0 0 0 0 0 0 0 0 0 0 0 3 
P3633 2094 1 4 0 12 8 0 0 0 0 0 0 14 0 0 3 0 0 24 64 88 61 65 153 148 191 176 118 70 144 46 100 54 
P3633 2094 2 75 53 75 0 34 12 5 0 21 0 0 0 0 0 0 0 0 0 0 0 7 0 1 0 0 0 2 1 -999 -999 -999 
P3633 2094 3 0 0 0 0 0 0 1 0 0 0 0 0 0 0 0 0 0 0 10 28 36 24 21 0 0 0 27 0 61 100 110 
P3633 2094 4 160 165 117 22 15 37 57 67 0 0 0 0 0 0 0 0 0 0 4 0 8 33 17 9 0 32 27 0 0 24 -999 
P3633 2094 5 25 0 0 0 0 0 0 2 0 0 0 0 0 0 0 0 0 0 0 8 0 0 0 0 0 11 0 0 0 0 0 
P3633 2094 6 0 0 0 0 0 0 8 0 0 0 0 27 14 13 0 0 20 0 0 5 0 0 0 0 0 0 0 0 0 0 -999 
P3633 2094 7 0 0 0 0 0 0 0 0 0 0 0 0 0 0 0 0 0 0 0 0 0 0 14 0 0 0 0 0 0 0 0 
P3633 2094 8 0 0 0 0 0 0 0 0 0 0 0 0 0 0 0 0 0 9 0 7 0 0 0 0 0 0 0 0 0 0 0 
P3633 2094 9 0 0 0 0 6 0 8 0 0 0 0 0 0 0 15 0 0 0 0 0 0 0 27 10 0 0 0 11 7 0 -999 
P3633 2094 10 0 0 0 0 0 0 0 0 0 0 0 19 0 0 27 0 26 19 0 32 44 26 56 0 35 0 0 0 0 8 0 
P3633 2094 11 14 0 0 0 0 0 0 0 0 0 0 11 38 86 37 13 0 0 0 0 0 0 0 67 0 25 0 0 0 0 -999 
P3633 2094 12 11 0 0 5 2 0 0 0 0 0 0 7 0 6 0 4 7 0 0 26 12 0 5 4 0 0 0 1 0 19 0 
P3633 2095 1 46 53 61 108 78 0 0 78 112 32 27 17 18 0 0 0 0 0 0 0 0 10 20 33 0 45 0 42 18 0 21 
P3633 2095 2 0 0 19 13 5 7 11 11 11 0 0 0 0 0 0 0 16 31 18 10 0 0 0 0 0 0 0 0 -999 -999 -999 
P3633 2095 3 0 0 8 0 0 0 0 0 0 0 0 4 0 7 17 0 0 0 0 0 0 0 0 0 0 0 0 45 62 33 0 
P3633 2095 4 43 80 137 48 19 7 0 0 0 0 0 0 22 28 37 33 29 47 0 0 0 55 49 56 0 0 0 0 0 0 -999 
P3633 2095 5 0 0 5 0 0 0 0 0 0 0 0 0 0 0 0 0 0 0 23 0 0 0 17 0 0 0 0 0 0 0 0 
P3633 2095 6 12 0 0 0 0 0 40 0 35 0 0 25 0 0 0 0 16 0 0 37 45 24 0 17 22 13 0 0 0 0 -999 
P3633 2095 7 0 19 0 0 0 0 0 0 0 0 0 0 0 0 0 0 0 0 0 0 0 0 0 0 0 0 0 0 0 0 0 
P3633 2095 8 0 0 0 0 0 0 0 0 0 0 0 0 0 0 0 0 0 0 0 0 0 0 0 0 0 0 8 0 0 0 0 
P3633 2095 9 0 0 0 0 0 0 0 0 0 2 0 0 0 0 0 0 0 0 0 2 0 4 0 0 0 12 0 6 0 6 -999 
P3633 2095 10 0 0 0 18 0 0 17 0 17 0 0 0 0 0 25 0 57 0 0 0 9 0 0 0 0 0 5 0 0 0 0 
P3633 2095 11 0 0 0 0 0 0 16 0 0 13 0 32 31 17 15 40 61 0 0 0 0 110 96 113 68 0 0 0 0 0 -999 
P3633 2095 12 0 0 1 0 10 0 17 65 108 62 9 3 0 38 84 51 18 16 14 40 32 12 8 0 83 170 88 36 0 13 28 
P3633 2096 1 84 0 0 0 44 22 0 45 64 77 44 14 0 0 0 0 10 7 3 0 1 0 0 1 0 0 4 0 0 0 17 
P3633 2096 2 18 28 0 26 13 14 0 7 10 0 8 0 0 20 46 42 0 3 1 0 0 0 0 0 0 11 0 0 -999 -999 -999 
P3633 2096 3 0 0 13 6 0 0 5 0 0 0 0 0 0 0 0 4 0 0 0 15 36 119 162 35 0 0 35 65 0 0 0 
P3633 2096 4 0 0 5 0 0 0 0 11 0 0 0 5 0 0 0 0 34 0 0 29 25 6 0 0 15 0 9 0 0 0 -999 
P3633 2096 5 0 0 0 0 0 0 21 29 18 0 0 0 0 0 0 7 0 0 0 0 0 0 10 0 0 0 24 0 0 11 13 
P3633 2096 6 0 33 25 19 31 0 0 21 0 0 0 11 0 0 16 0 0 0 6 9 0 0 0 0 0 0 0 0 0 0 -999 
P3633 2096 7 0 0 26 0 0 0 0 0 0 0 0 4 0 0 0 0 0 0 0 0 0 11 0 0 0 0 0 0 0 0 0 
P3633 2096 8 0 0 0 10 0 0 0 0 0 0 12 0 0 0 0 0 0 0 0 0 0 0 0 0 0 0 0 0 0 0 0 
P3633 2096 9 0 0 0 0 0 0 0 0 0 0 0 0 9 0 0 0 0 0 0 24 0 0 22 15 0 0 0 1 0 0 -999 
P3633 2096 10 0 49 19 0 0 0 0 0 0 0 0 0 0 0 7 0 0 0 66 56 0 40 37 7 2 0 0 0 0 0 0 
P3633 2096 11 0 0 0 5 0 0 0 4 0 0 0 10 0 0 16 3 0 0 0 0 0 0 0 0 9 0 0 0 0 1 -999 
P3633 2096 12 0 0 0 0 0 0 0 0 0 0 19 0 19 30 47 15 35 70 0 0 0 13 24 35 0 0 0 0 0 8 0 
P3633 2097 1 15 20 0 3 1 0 0 0 5 0 0 7 0 0 0 0 0 0 0 0 11 11 4 0 79 63 51 0 0 0 0 
P3633 2097 2 17 22 24 31 0 0 0 0 0 0 0 0 0 0 0 0 2 0 0 9 0 0 0 0 0 0 35 28 -999 -999 -999 
P3633 2097 3 25 45 97 0 18 0 41 4 0 0 0 0 0 0 0 0 0 0 0 0 0 0 0 0 0 54 20 0 41 6 4 
P3633 2097 4 0 0 0 6 0 0 0 0 47 0 33 48 69 0 0 0 0 0 10 45 27 15 8 74 40 0 0 0 4 0 -999 
P3633 2097 5 0 6 0 0 0 29 0 0 0 0 0 0 0 0 0 0 32 26 25 0 0 0 42 37 7 0 0 0 0 0 0 
P3633 2097 6 0 0 0 0 0 0 0 0 0 0 8 0 0 9 0 0 0 0 21 0 0 0 0 0 0 10 10 9 0 0 -999 
P3633 2097 7 0 0 0 0 0 0 0 0 0 0 0 0 0 0 0 0 0 0 0 0 0 0 0 0 0 0 0 0 0 0 0 
P3633 2097 8 0 0 0 0 0 0 0 0 0 0 0 0 0 0 0 0 0 0 0 0 0 0 19 0 0 0 0 0 0 0 0 
P3633 2097 9 0 0 0 0 0 0 0 11 0 0 14 0 0 0 0 0 0 15 0 0 0 0 0 0 0 0 0 0 0 0 -999 
P3633 2097 10 0 0 0 0 0 0 16 0 20 0 0 0 0 0 0 0 54 90 35 18 9 0 26 0 0 0 0 0 0 0 0 
P3633 2097 11 0 0 0 9 0 0 0 0 0 0 0 5 6 0 5 16 0 0 2 0 0 0 0 0 8 0 0 0 15 0 -999 
P3633 2097 12 31 0 9 0 0 0 0 0 0 0 0 0 0 0 0 0 6 0 0 0 0 0 0 0 0 0 14 0 0 25 29 
P3633 2098 1 0 0 20 0 89 42 0 0 0 0 0 10 0 18 0 7 0 0 0 42 51 42 0 36 0 0 6 0 0 6 0 
P3633 2098 2 0 0 0 0 0 6 0 0 26 46 38 46 46 12 0 0 0 0 0 14 0 0 0 0 0 0 0 0 -999 -999 -999 
P3633 2098 3 0 0 0 0 0 36 30 6 0 0 0 0 0 0 14 0 0 0 0 0 0 0 0 0 0 0 0 0 6 0 0 
P3633 2098 4 0 28 0 36 0 0 41 22 0 0 0 0 0 0 0 0 0 0 0 0 0 0 69 28 0 0 0 0 0 0 -999 
P3633 2098 5 0 20 0 0 0 45 59 48 55 58 83 78 37 21 24 30 29 16 12 25 29 27 26 0 37 29 21 0 0 0 0 
P3633 2098 6 0 0 0 0 0 0 15 0 0 0 0 0 0 0 17 0 0 0 0 0 0 0 0 0 0 0 0 0 0 0 -999 
P3633 2098 7 0 0 0 0 0 0 0 0 0 0 0 0 0 0 0 0 0 0 0 0 0 0 0 0 0 0 0 0 0 0 0 
P3633 2098 8 0 0 0 0 0 0 0 0 0 0 0 0 0 0 0 0 0 0 0 0 0 0 0 0 0 0 0 0 0 0 0 
P3633 2098 9 24 0 0 0 0 0 0 0 0 0 7 0 0 7 0 0 0 0 0 0 0 0 0 0 0 0 0 0 0 0 -999 
P3633 2098 10 0 5 0 0 0 0 0 0 0 0 0 0 0 0 0 30 0 65 26 8 0 0 15 0 24 36 48 0 0 0 41 
P3633 2098 11 0 0 0 0 0 0 0 12 0 0 0 0 62 49 35 21 0 31 55 32 0 33 26 0 11 0 0 0 0 0 -999 
P3633 2098 12 0 0 0 0 0 0 0 0 0 0 0 0 0 5 0 0 0 0 0 31 32 25 0 0 38 0 0 11 0 0 0 
P3633 2099 1 0 6 0 0 0 0 0 0 8 0 38 0 61 7 0 11 0 35 9 17 31 0 69 0 0 21 0 0 0 0 0 
P3633 2099 2 5 0 0 22 20 0 0 37 0 0 0 0 0 0 0 0 0 0 0 11 0 0 0 101 123 0 23 28 -999 -999 -999 
P3633 2099 3 63 83 95 0 0 15 12 12 11 0 0 13 0 38 46 43 52 113 172 174 39 0 38 20 0 8 25 21 0 0 35 
P3633 2099 4 40 28 28 11 13 13 0 9 0 0 0 0 0 0 0 3 0 3 0 0 0 0 0 35 0 28 38 43 27 0 -999 
P3633 2099 5 49 0 0 7 0 0 0 7 13 0 0 0 0 0 0 0 30 0 0 0 0 0 0 47 18 12 19 0 0 27 0 
P3633 2099 6 0 0 0 0 0 5 0 0 0 0 0 0 0 0 0 0 0 0 0 0 0 0 0 0 0 0 0 0 0 0 -999 
P3633 2099 7 0 0 0 0 0 0 11 0 0 10 17 0 0 0 0 0 13 0 0 0 0 0 0 0 0 0 0 0 0 0 0 
P3633 2099 8 0 0 9 10 0 0 0 0 0 0 0 0 0 0 0 0 0 0 0 0 0 22 0 0 0 0 0 0 0 0 13 
P3633 2099 9 0 0 0 0 0 0 18 0 0 15 0 0 0 0 0 0 0 0 0 0 0 0 0 9 0 10 0 0 0 0 -999 
P3633 2099 10 0 6 0 0 0 0 0 0 0 35 0 47 0 0 9 0 0 0 0 0 0 0 0 0 18 43 35 21 0 0 0 
P3633 2099 11 7 0 0 16 0 0 4 10 0 0 0 0 0 0 0 0 0 8 0 7 10 18 14 0 33 32 0 68 57 0 -999 
P3633 2099 12 0 5 0 0 0 75 68 0 20 0 0 0 0 2 0 0 0 0 6 0 20 0 23 24 93 174 193 133 85 55 0 
P3633 2100 1 30 0 0 0 40 0 0 0 0 0 72 151 172 70 0 0 0 0 0 3 0 0 0 0 0 0 0 0 0 0 0 
P3633 2100 2 14 0 64 12 0 10 0 0 20 58 0 0 0 7 9 0 40 0 36 0 21 0 0 5 4 0 0 0 -999 -999 -999 
P3633 2100 3 0 0 0 35 22 23 30 29 0 46 0 0 110 49 21 12 0 9 0 0 24 0 37 0 0 58 65 44 66 88 68 
P3633 2100 4 64 53 50 34 20 16 0 0 10 26 46 86 46 0 0 31 21 33 0 0 12 0 0 0 0 0 0 0 9 0 -999 
P3633 2100 5 0 0 0 23 0 0 27 0 0 0 9 12 17 0 0 0 0 0 0 30 29 19 38 46 60 0 0 0 0 0 0 
P3633 2100 6 13 0 0 0 0 0 0 0 0 18 0 21 30 0 17 0 0 19 18 0 0 0 12 0 0 0 0 0 4 0 -999 
P3633 2100 7 0 0 0 0 0 0 0 0 0 0 0 0 0 0 0 0 0 0 0 0 0 0 0 0 0 18 0 0 0 0 0 
P3633 2100 8 0 0 0 0 0 0 0 0 0 0 0 0 0 0 0 0 0 0 0 0 0 0 0 0 0 0 0 0 0 0 0 
P3633 2100 9 0 0 0 0 7 0 0 0 0 0 0 0 9 0 0 0 0 0 0 0 0 0 0 0 0 0 0 0 0 0 -999 
P3633 2100 10 0 0 3 0 0 0 0 39 28 29 0 0 0 49 0 16 0 0 32 19 30 58 120 39 0 0 0 0 0 0 8 
P3633 2100 11 20 0 39 55 60 95 0 41 68 83 0 45 0 92 132 119 72 69 68 46 24 0 79 91 0 0 0 0 0 0 -999 
P3633 2100 12 0 0 0 0 20 10 0 4 1 0 0 0 0 0 1 0 0 0 0 0 0 3 0 12 0 4 0 0 9 0 0 
