precip	MIROC5	RCP60	REGRESION	decimas	1
P1516	37.445	-4.931	182	geo	2006	2100	-1
P1516 2006 1 0 9 0 6 7 15 0 12 0 0 0 118 161 0 49 121 93 90 84 0 0 10 0 0 16 0 0 0 0 36 0 
P1516 2006 2 0 71 0 0 0 0 0 0 0 0 0 24 47 61 46 0 0 0 0 38 0 12 11 8 0 0 0 0 -999 -999 -999 
P1516 2006 3 0 63 89 115 105 108 94 100 56 57 79 29 0 0 0 64 137 158 89 39 65 43 40 24 32 34 0 0 0 43 0 
P1516 2006 4 20 0 42 36 0 0 0 73 0 0 0 0 0 8 0 0 16 0 0 0 0 0 0 0 0 0 0 41 35 22 -999 
P1516 2006 5 0 0 0 35 32 0 18 0 0 0 5 0 0 0 0 0 17 11 0 21 6 0 10 0 0 0 0 0 21 17 0 
P1516 2006 6 0 0 0 0 0 0 0 0 0 13 0 0 0 11 0 0 0 0 0 0 0 7 0 0 0 0 0 0 0 0 -999 
P1516 2006 7 0 0 0 0 0 0 0 0 0 0 0 0 0 0 0 23 0 0 0 0 0 0 0 0 0 0 0 0 0 0 0 
P1516 2006 8 0 0 0 0 0 0 0 0 0 0 0 0 0 0 0 0 0 0 0 0 0 0 0 15 0 12 0 0 0 0 0 
P1516 2006 9 0 0 0 0 0 0 0 0 0 0 9 8 0 0 0 0 0 0 0 0 0 0 0 0 0 5 0 0 10 7 -999 
P1516 2006 10 2 0 0 0 0 0 0 0 0 38 0 29 0 24 0 17 0 0 0 0 0 0 0 0 16 0 0 0 14 0 0 
P1516 2006 11 17 0 0 0 0 0 0 32 0 0 0 0 0 0 0 0 4 0 4 0 0 0 29 0 19 0 0 0 0 0 -999 
P1516 2006 12 0 0 0 0 0 0 28 77 57 48 0 29 44 26 69 112 27 0 0 0 0 42 109 57 51 53 0 0 27 29 17 
P1516 2007 1 0 0 0 0 0 0 0 0 0 0 0 0 0 0 0 0 0 0 0 0 0 0 0 8 0 0 10 19 15 19 0 
P1516 2007 2 12 0 16 17 9 10 32 105 202 151 0 29 10 0 12 0 26 53 32 25 0 0 37 22 0 30 29 0 -999 -999 -999 
P1516 2007 3 0 40 20 57 62 37 0 0 0 0 0 51 49 61 32 11 0 15 12 31 0 0 0 0 0 0 11 0 0 0 0 
P1516 2007 4 0 0 0 11 0 15 0 0 0 0 15 0 49 16 0 0 19 0 47 0 0 0 27 0 0 11 0 0 0 0 -999 
P1516 2007 5 0 0 0 0 59 19 12 0 0 0 0 0 0 29 21 17 0 25 0 0 0 0 0 0 0 0 0 0 0 0 0 
P1516 2007 6 33 0 0 0 0 0 0 0 0 0 0 0 0 0 0 0 6 0 0 0 0 0 0 0 11 15 0 0 21 0 -999 
P1516 2007 7 0 0 0 0 0 0 0 0 0 0 27 25 0 0 0 0 0 0 0 0 0 0 0 0 0 0 0 0 0 0 0 
P1516 2007 8 0 0 0 0 0 0 0 0 0 0 0 0 0 0 0 0 0 0 0 0 0 0 0 0 0 0 0 0 16 0 0 
P1516 2007 9 0 0 0 0 0 0 0 0 0 0 0 0 0 0 0 0 0 0 0 0 0 0 0 0 0 0 0 0 0 0 -999 
P1516 2007 10 0 0 0 0 10 0 0 0 0 0 0 0 45 48 0 18 0 43 0 0 0 42 42 41 0 0 0 0 0 0 3 
P1516 2007 11 0 3 9 0 3 8 0 0 0 0 0 0 11 0 0 0 0 0 0 0 0 0 0 7 0 0 22 0 0 0 -999 
P1516 2007 12 0 8 0 0 17 0 22 15 0 0 0 0 0 0 0 6 38 0 0 9 11 0 14 13 0 0 0 16 2 0 0 
P1516 2008 1 0 0 0 39 16 2 0 0 0 0 0 0 14 31 0 0 0 0 0 0 87 91 0 0 44 0 139 76 49 65 87 
P1516 2008 2 171 42 86 40 31 44 45 84 0 0 82 0 15 0 0 0 0 0 41 91 13 15 17 0 31 0 0 23 -999 -999 -999 
P1516 2008 3 0 0 0 0 0 3 0 0 0 0 0 0 0 0 0 0 0 0 0 0 0 0 0 0 0 0 0 0 0 0 0 
P1516 2008 4 0 0 12 25 0 0 0 0 0 0 0 0 0 0 53 44 0 0 0 0 8 7 6 0 0 0 0 0 0 0 -999 
P1516 2008 5 0 0 0 9 17 0 4 0 0 30 42 23 0 0 0 0 0 12 0 39 37 34 0 17 0 0 0 0 0 0 0 
P1516 2008 6 0 9 0 0 15 0 11 9 0 0 0 17 15 0 0 0 0 0 0 0 0 0 0 0 0 0 0 0 0 0 -999 
P1516 2008 7 0 0 0 0 0 0 0 0 0 0 0 10 0 0 0 0 0 0 0 0 0 0 0 0 0 0 0 0 0 0 0 
P1516 2008 8 0 0 0 0 0 0 0 0 0 0 0 0 0 0 0 0 0 0 5 0 0 0 0 0 0 22 0 0 0 0 0 
P1516 2008 9 0 0 0 0 0 0 0 0 0 0 0 0 0 24 0 11 11 0 0 0 0 0 0 0 0 0 0 0 0 29 -999 
P1516 2008 10 0 16 0 0 0 0 0 11 0 0 25 31 0 0 0 0 0 0 0 0 0 0 0 25 18 0 38 23 20 0 10 
P1516 2008 11 17 3 25 0 0 0 0 4 0 0 0 0 0 0 0 0 13 0 0 0 0 0 0 0 0 0 0 0 0 0 -999 
P1516 2008 12 0 0 0 0 0 3 0 0 6 24 31 8 0 18 7 0 0 0 0 0 0 0 0 0 17 28 24 22 0 0 0 
P1516 2009 1 0 0 0 0 0 0 0 0 0 0 0 11 11 12 0 6 2 0 0 0 3 0 0 0 0 0 5 0 0 0 0 
P1516 2009 2 0 0 8 14 11 4 0 0 2 3 0 0 6 4 3 0 0 0 0 0 0 0 0 0 11 0 0 0 -999 -999 -999 
P1516 2009 3 44 58 61 31 0 0 0 51 65 0 0 16 13 16 28 0 59 50 0 0 0 0 0 0 0 68 64 84 90 57 26 
P1516 2009 4 0 88 0 18 33 58 0 11 0 0 0 23 0 0 0 0 0 10 0 0 0 0 7 0 5 0 9 0 0 58 -999 
P1516 2009 5 0 40 0 0 24 0 0 0 0 0 38 0 5 0 0 0 0 0 0 0 0 0 0 21 0 0 5 0 8 7 0 
P1516 2009 6 0 0 0 0 0 17 21 0 12 0 2 0 0 0 0 0 0 0 0 0 0 0 0 0 0 0 0 0 0 0 -999 
P1516 2009 7 0 14 0 0 0 0 0 0 0 0 21 24 21 0 9 9 0 0 0 0 9 0 0 0 0 0 0 0 0 0 0 
P1516 2009 8 0 0 0 0 0 0 0 0 0 0 0 0 0 0 0 0 0 0 0 0 0 0 0 0 0 0 6 0 21 0 0 
P1516 2009 9 23 0 0 0 0 3 0 0 0 0 20 0 0 0 0 0 0 0 0 0 0 0 0 0 0 0 0 0 0 5 -999 
P1516 2009 10 0 5 0 0 0 0 0 0 0 0 0 18 16 0 0 0 0 0 0 0 17 0 0 38 0 0 0 0 0 0 0 
P1516 2009 11 0 0 0 4 0 0 0 0 0 0 0 0 5 0 0 0 0 0 0 0 11 19 48 48 0 0 0 0 17 0 -999 
P1516 2009 12 14 0 0 20 40 51 88 0 26 67 54 12 0 0 9 0 8 0 21 0 9 10 0 0 0 35 0 56 20 0 11 
P1516 2010 1 0 0 35 95 0 0 0 0 0 17 0 0 0 9 13 14 0 13 0 0 24 7 0 0 0 0 0 7 0 0 0 
P1516 2010 2 0 14 9 0 0 0 11 0 0 0 0 0 2 0 0 0 2 0 0 2 0 0 2 0 0 3 0 0 -999 -999 -999 
P1516 2010 3 0 0 0 0 16 24 0 41 74 57 26 0 0 0 0 0 11 26 52 29 0 0 0 0 0 3 0 0 0 0 0 
P1516 2010 4 0 0 53 0 0 0 12 0 0 31 0 32 23 0 67 52 0 4 0 0 28 15 0 13 0 0 0 0 26 0 -999 
P1516 2010 5 15 8 24 36 31 12 6 0 0 0 0 0 16 17 0 32 15 14 10 0 0 0 0 0 26 0 40 0 16 0 11 
P1516 2010 6 0 29 24 0 0 0 0 0 0 0 0 0 0 0 0 0 0 0 0 9 0 0 0 0 9 0 13 0 0 15 -999 
P1516 2010 7 0 0 0 0 0 0 0 0 0 0 0 0 0 0 0 0 10 0 0 0 0 0 0 0 0 0 0 0 0 0 0 
P1516 2010 8 0 0 0 11 9 0 0 0 0 0 0 0 0 0 0 0 0 0 0 0 0 0 0 0 0 0 0 0 0 0 0 
P1516 2010 9 0 0 0 0 0 0 0 0 0 0 0 25 20 14 16 0 0 16 23 0 0 0 0 8 0 0 0 0 0 0 -999 
P1516 2010 10 0 0 0 0 0 0 0 23 0 0 48 23 0 0 16 0 0 0 19 17 25 0 28 0 0 0 0 6 0 12 0 
P1516 2010 11 0 0 7 0 0 0 0 0 0 0 0 0 0 0 0 0 0 0 0 0 0 0 0 0 0 0 0 0 0 0 -999 
P1516 2010 12 0 0 0 0 0 12 0 0 17 14 0 0 0 42 0 0 0 0 0 0 2 0 0 0 0 6 0 0 0 0 0 
P1516 2011 1 0 0 0 8 0 0 0 0 0 0 0 0 0 0 15 0 0 0 0 0 0 0 0 0 0 0 0 0 0 0 0 
P1516 2011 2 0 0 0 0 0 0 0 0 0 0 0 17 9 0 9 0 0 0 9 10 0 0 0 0 0 0 18 39 -999 -999 -999 
P1516 2011 3 65 37 0 0 0 0 0 0 0 0 0 30 0 0 46 106 163 36 23 32 0 36 60 165 0 15 0 74 0 0 0 
P1516 2011 4 0 0 0 0 0 0 0 0 0 0 0 0 0 0 0 0 39 0 0 0 26 0 6 6 0 0 0 0 0 0 -999 
P1516 2011 5 0 0 0 0 7 0 8 0 0 0 10 0 0 0 0 0 0 0 0 0 25 0 0 0 0 0 21 0 22 22 0 
P1516 2011 6 0 0 0 0 0 0 0 0 0 0 0 0 0 0 0 0 0 0 0 0 0 0 0 0 0 0 20 0 0 0 -999 
P1516 2011 7 0 0 0 0 0 0 8 0 0 0 0 0 0 0 0 0 0 0 0 0 0 0 0 0 0 0 0 0 0 0 0 
P1516 2011 8 0 0 0 0 0 0 0 0 0 0 0 0 0 0 0 0 0 0 0 0 0 0 0 0 0 0 0 0 0 0 0 
P1516 2011 9 12 0 0 10 0 0 0 0 0 40 12 4 0 0 0 0 1 0 0 0 0 0 0 0 0 0 0 0 9 0 -999 
P1516 2011 10 14 0 0 0 0 0 0 0 0 0 11 0 0 0 0 0 0 13 0 0 0 13 9 0 0 0 0 0 0 0 0 
P1516 2011 11 7 0 0 21 60 0 62 0 0 6 0 0 0 0 0 0 0 28 0 0 12 63 0 31 0 0 0 21 4 5 -999 
P1516 2011 12 0 18 32 0 5 0 0 0 0 0 0 23 0 0 0 37 44 0 47 58 79 29 47 0 0 27 19 0 0 21 0 
P1516 2012 1 95 0 0 0 0 0 0 6 0 0 0 0 0 0 0 0 0 1 0 11 11 0 0 3 0 0 8 15 22 0 0 
P1516 2012 2 0 27 47 23 0 0 0 0 0 0 0 0 0 0 0 0 3 12 38 43 25 14 0 0 0 2 0 0 -999 -999 -999 
P1516 2012 3 0 68 41 26 20 20 0 4 0 0 0 0 0 13 12 40 28 0 20 0 0 0 12 16 18 0 0 0 0 14 0 
P1516 2012 4 0 0 0 0 0 0 27 21 5 2 3 0 0 66 59 48 42 25 11 0 12 11 9 38 51 36 0 54 60 0 -999 
P1516 2012 5 22 0 0 0 0 0 0 14 0 18 0 26 0 0 27 0 17 0 0 0 0 15 0 16 0 22 0 0 0 0 0 
P1516 2012 6 0 1 0 0 0 0 0 0 31 28 17 0 0 24 0 0 0 0 0 0 0 0 0 0 0 0 0 0 0 0 -999 
P1516 2012 7 0 0 0 0 0 0 0 0 0 0 0 0 18 0 0 0 0 19 0 10 0 0 0 0 0 0 0 0 0 0 0 
P1516 2012 8 0 0 0 0 0 0 0 0 0 0 0 0 0 0 0 8 0 0 0 0 0 0 0 0 0 0 0 0 0 0 0 
P1516 2012 9 0 0 0 0 0 0 24 0 0 3 0 0 0 0 0 0 0 0 0 0 0 5 7 18 0 0 0 22 26 0 -999 
P1516 2012 10 0 0 0 0 0 0 0 0 0 32 0 0 0 0 0 26 0 25 0 0 0 0 29 0 0 10 0 15 0 30 22 
P1516 2012 11 0 52 43 0 0 15 0 0 0 0 38 0 0 1 0 0 10 0 69 0 14 0 0 0 0 0 14 24 0 0 -999 
P1516 2012 12 16 0 0 15 22 69 67 66 0 0 16 0 0 107 72 51 47 24 0 0 0 24 0 0 12 6 0 0 0 16 51 
P1516 2013 1 30 16 0 0 23 8 0 12 0 4 0 0 1 0 0 0 0 0 0 0 0 0 0 0 0 1 0 0 0 25 12 
P1516 2013 2 0 0 0 0 0 0 0 0 0 0 0 0 0 73 41 0 20 58 86 0 0 51 53 94 32 0 0 0 -999 -999 -999 
P1516 2013 3 0 0 0 0 0 7 0 0 31 57 119 124 80 0 0 0 35 35 0 27 20 43 54 22 0 17 0 32 0 0 80 
P1516 2013 4 37 0 0 0 26 16 25 7 0 0 0 0 0 0 0 26 3 7 0 0 0 17 12 0 55 0 2 0 2 0 -999 
P1516 2013 5 0 0 0 0 0 0 0 28 0 37 38 18 0 0 0 0 0 24 23 0 0 0 0 0 0 0 0 0 0 0 0 
P1516 2013 6 0 27 26 0 0 0 0 29 0 44 39 33 0 0 0 12 0 16 12 0 0 0 9 0 0 0 0 18 0 17 -999 
P1516 2013 7 0 0 0 0 0 0 0 0 0 0 0 0 0 0 0 0 0 0 0 0 0 0 0 0 0 0 0 0 0 0 0 
P1516 2013 8 0 0 0 0 0 19 0 0 0 0 0 0 0 0 0 0 0 0 0 0 0 0 0 0 0 0 0 0 25 0 33 
P1516 2013 9 0 0 0 0 0 0 0 0 0 0 0 0 0 0 0 0 0 0 0 0 0 13 0 0 0 0 0 4 0 0 -999 
P1516 2013 10 0 0 0 0 0 0 0 0 6 14 0 0 7 0 7 12 0 0 0 0 0 0 0 0 2 2 0 0 0 0 0 
P1516 2013 11 0 0 0 0 1 0 0 0 11 6 13 0 0 0 0 11 21 153 201 0 0 125 167 87 20 63 59 0 7 11 -999 
P1516 2013 12 16 46 21 17 0 0 0 14 0 0 0 0 12 0 0 11 0 0 0 0 0 9 11 30 0 0 0 22 51 28 17 
P1516 2014 1 0 0 0 14 26 0 0 23 0 0 0 12 0 15 39 0 1 0 0 0 0 0 0 0 16 24 47 60 113 112 41 
P1516 2014 2 0 0 18 30 37 64 35 83 35 57 0 11 0 0 0 0 0 0 16 0 0 0 0 0 0 0 0 34 -999 -999 -999 
P1516 2014 3 0 7 0 0 5 0 0 0 0 0 0 10 30 33 68 69 64 70 103 57 0 26 17 9 0 0 0 10 0 9 0 
P1516 2014 4 0 26 34 38 61 35 16 13 21 0 0 33 0 0 51 37 48 0 0 0 17 0 13 21 0 22 15 0 18 22 -999 
P1516 2014 5 43 0 0 36 0 0 0 0 0 0 0 0 0 10 0 0 0 0 0 42 37 56 39 0 17 0 23 0 22 35 36 
P1516 2014 6 15 0 0 56 47 24 0 0 0 0 0 0 0 0 0 0 0 0 0 0 0 0 0 21 0 0 0 0 9 0 -999 
P1516 2014 7 0 0 0 0 0 0 0 0 0 0 0 0 0 0 0 0 0 6 0 0 0 0 0 0 0 0 0 0 0 0 0 
P1516 2014 8 0 0 0 10 0 0 0 0 0 0 0 0 0 0 14 0 0 0 0 0 0 0 0 0 0 0 0 0 0 0 0 
P1516 2014 9 0 0 0 0 0 0 0 0 0 0 14 0 0 0 28 36 0 0 0 0 0 0 0 0 0 0 0 0 0 13 -999 
P1516 2014 10 0 15 0 0 0 0 6 0 0 0 9 17 13 0 8 0 0 0 0 46 17 0 0 0 37 44 0 0 12 0 7 
P1516 2014 11 0 0 0 0 0 0 0 0 0 0 0 0 0 0 0 0 0 0 0 0 98 150 58 49 32 16 0 0 0 0 -999 
P1516 2014 12 0 0 0 0 0 0 0 0 6 0 0 0 0 0 0 0 0 0 0 0 0 0 0 0 0 0 0 0 0 17 0 
P1516 2015 1 5 0 9 54 74 31 0 0 0 0 0 0 0 0 0 0 0 0 0 0 0 0 0 0 0 0 0 35 44 22 0 
P1516 2015 2 0 0 0 0 0 0 0 0 0 0 0 0 0 0 0 0 0 0 0 0 0 0 0 0 65 85 0 37 -999 -999 -999 
P1516 2015 3 0 36 43 54 30 0 20 26 39 0 0 0 0 0 0 6 7 0 0 0 0 0 31 0 0 0 0 0 0 0 0 
P1516 2015 4 0 15 9 0 0 0 0 0 0 3 0 0 0 0 0 0 0 7 0 0 0 0 0 0 17 39 28 30 75 69 -999 
P1516 2015 5 77 59 35 13 0 13 2 0 0 0 0 0 0 0 0 0 0 0 0 0 0 0 0 0 0 0 0 61 63 0 0 
P1516 2015 6 8 0 0 0 0 38 0 0 0 5 0 0 5 0 22 22 0 5 0 12 0 11 0 13 0 0 12 0 0 0 -999 
P1516 2015 7 0 0 12 0 0 0 0 0 0 0 0 0 0 0 0 0 0 0 0 0 0 0 0 0 0 0 0 11 0 0 0 
P1516 2015 8 0 0 0 0 0 0 0 0 0 0 0 0 11 0 0 0 0 0 0 0 0 0 0 0 0 0 21 0 0 0 0 
P1516 2015 9 0 0 10 0 0 0 13 0 6 0 0 0 0 0 0 0 0 0 11 0 0 0 0 0 0 41 47 42 37 0 -999 
P1516 2015 10 30 0 0 0 0 26 23 35 22 0 0 0 0 16 0 0 0 0 0 12 0 0 0 14 14 13 0 0 3 3 0 
P1516 2015 11 6 0 0 0 0 0 0 0 0 0 0 0 27 80 73 0 5 9 0 42 0 0 23 0 0 0 0 0 0 21 -999 
P1516 2015 12 0 53 28 31 0 25 132 120 68 84 33 59 75 0 0 33 0 0 3 5 0 3 0 0 0 0 0 0 0 0 0 
P1516 2016 1 0 0 9 0 7 0 31 16 11 0 40 74 60 87 0 0 30 31 0 0 0 0 0 0 15 0 34 26 0 26 15 
P1516 2016 2 0 0 17 0 11 8 0 0 11 12 15 0 0 16 0 0 0 18 0 0 7 0 0 0 0 0 0 0 -999 -999 -999 
P1516 2016 3 0 0 0 0 24 31 0 0 126 97 139 145 0 40 0 0 0 33 16 0 19 36 0 0 45 0 0 96 60 35 58 
P1516 2016 4 0 0 0 0 0 0 0 20 0 58 104 96 40 0 67 27 0 15 0 36 0 0 0 0 22 28 0 0 0 0 -999 
P1516 2016 5 0 17 0 0 0 0 0 0 0 0 21 26 19 0 21 0 26 15 6 0 7 5 0 0 0 0 14 21 36 26 0 
P1516 2016 6 0 0 0 0 0 0 0 0 0 0 0 0 24 0 0 0 0 0 12 0 0 0 0 19 0 0 0 0 0 0 -999 
P1516 2016 7 0 0 0 0 0 0 0 0 0 0 0 0 0 0 0 0 0 0 0 0 0 0 0 0 0 0 0 0 0 0 0 
P1516 2016 8 0 0 14 0 0 0 0 0 0 0 0 0 0 0 0 0 0 0 0 3 0 0 0 0 0 0 0 0 0 0 0 
P1516 2016 9 10 0 0 0 0 0 0 0 0 0 0 0 0 0 0 0 0 0 0 19 0 0 0 0 0 0 0 0 0 19 -999 
P1516 2016 10 12 0 0 0 0 0 0 0 0 0 0 0 0 0 0 49 85 58 60 66 0 64 18 0 0 0 0 0 0 0 0 
P1516 2016 11 0 0 0 0 0 0 0 40 0 0 0 0 0 0 0 0 0 73 56 63 60 22 31 43 78 15 0 0 0 32 -999 
P1516 2016 12 0 7 10 0 0 0 9 11 0 0 0 0 93 30 10 4 0 21 35 0 29 54 0 25 0 0 0 29 0 0 35 
P1516 2017 1 34 0 0 0 0 0 0 0 0 0 0 0 35 87 0 11 0 0 0 0 0 0 0 0 0 0 0 0 0 2 0 
P1516 2017 2 0 0 0 0 0 1 0 0 0 0 0 0 0 0 0 4 0 0 0 0 0 0 0 0 0 0 11 0 -999 -999 -999 
P1516 2017 3 8 7 0 0 0 9 0 19 0 38 24 0 44 40 23 0 0 0 0 0 0 10 0 0 76 0 68 0 0 16 0 
P1516 2017 4 0 0 0 9 0 0 14 0 23 50 0 0 11 9 7 0 9 0 8 0 0 0 0 0 22 20 29 0 54 31 -999 
P1516 2017 5 0 0 0 0 15 0 0 0 0 0 0 0 0 0 0 0 0 0 0 0 0 16 10 14 14 0 0 0 0 0 0 
P1516 2017 6 0 0 0 0 0 0 0 22 0 0 0 0 0 0 0 0 0 0 0 0 0 0 0 0 0 0 0 0 23 0 -999 
P1516 2017 7 16 0 0 0 0 0 0 0 0 0 0 16 12 0 0 4 6 0 0 0 0 0 0 0 0 0 0 0 0 0 0 
P1516 2017 8 0 0 0 0 0 0 0 0 0 0 0 0 0 0 0 0 0 0 0 0 0 0 0 0 0 0 0 0 0 0 0 
P1516 2017 9 0 0 8 0 0 0 0 0 0 0 0 0 0 0 0 0 0 7 0 0 0 0 10 0 24 0 0 20 0 0 -999 
P1516 2017 10 0 0 0 0 0 0 0 0 0 0 0 6 0 0 0 0 39 55 39 0 0 21 0 16 0 0 0 94 126 56 0 
P1516 2017 11 11 0 36 43 0 16 11 39 39 17 0 73 0 165 21 15 12 0 12 0 35 33 13 0 0 0 0 0 0 0 -999 
P1516 2017 12 0 0 0 0 16 0 23 47 0 0 80 27 35 58 0 13 0 0 8 0 0 0 0 19 21 0 0 0 0 73 45 
P1516 2018 1 0 19 0 0 0 5 0 16 51 28 6 8 0 0 0 0 0 0 0 0 0 8 44 0 9 41 46 0 0 0 0 
P1516 2018 2 41 0 60 21 27 0 16 0 0 10 0 0 0 0 0 0 0 0 0 14 11 0 0 0 0 0 0 0 -999 -999 -999 
P1516 2018 3 0 0 0 0 0 21 0 0 0 26 54 79 85 50 41 0 0 0 0 0 0 0 0 10 0 20 30 0 30 33 17 
P1516 2018 4 0 10 0 0 0 0 0 0 0 17 0 0 8 0 26 17 0 0 0 0 0 0 0 31 58 92 71 31 0 26 -999 
P1516 2018 5 0 0 0 0 0 0 19 10 25 34 37 33 40 0 0 28 0 0 0 44 0 0 0 0 0 0 37 0 0 0 0 
P1516 2018 6 0 11 0 0 0 0 0 0 0 0 0 0 0 0 20 0 10 0 0 0 0 0 0 0 0 0 0 0 0 9 -999 
P1516 2018 7 0 0 0 0 0 0 22 16 0 0 0 0 0 17 0 0 0 0 0 0 0 0 0 0 17 0 0 0 0 0 0 
P1516 2018 8 0 0 0 0 0 0 0 0 0 0 0 0 0 0 0 16 0 0 14 0 0 0 0 0 0 0 0 0 0 0 0 
P1516 2018 9 0 0 0 0 0 25 0 0 0 0 8 0 0 0 0 0 0 0 0 0 0 0 0 0 4 0 0 0 0 0 -999 
P1516 2018 10 0 0 0 0 0 7 0 0 19 38 37 15 0 0 0 0 0 0 0 0 0 18 0 0 0 16 8 0 0 0 0 
P1516 2018 11 0 0 0 4 0 14 28 94 77 67 0 0 5 7 6 0 0 0 0 33 0 0 0 0 4 8 0 0 0 0 -999 
P1516 2018 12 0 31 20 18 27 47 92 0 0 0 0 65 84 0 31 0 0 0 0 9 0 0 0 0 33 22 33 53 82 111 54 
P1516 2019 1 91 92 144 117 88 88 0 0 0 0 17 11 8 16 0 0 56 45 86 86 99 108 0 16 28 46 99 25 14 33 79 
P1516 2019 2 75 66 23 0 0 0 0 0 0 0 105 48 109 102 0 0 48 140 156 34 14 17 0 0 0 0 0 0 -999 -999 -999 
P1516 2019 3 0 0 0 0 0 0 12 0 14 0 0 0 0 0 0 0 0 0 0 0 0 0 0 0 0 0 0 0 55 0 22 
P1516 2019 4 0 0 0 14 21 35 32 0 44 20 40 43 33 47 43 42 47 22 15 19 0 13 0 0 35 29 36 28 0 37 -999 
P1516 2019 5 0 0 0 7 12 13 0 9 0 0 0 0 0 0 0 0 4 0 16 0 0 0 0 0 22 0 0 0 0 0 0 
P1516 2019 6 0 0 0 0 0 0 0 0 0 14 0 0 0 0 0 0 0 0 0 0 0 0 0 0 0 0 0 0 0 0 -999 
P1516 2019 7 13 0 0 0 0 0 0 0 0 0 0 0 0 0 0 0 0 0 0 0 0 0 0 0 0 0 0 0 0 0 0 
P1516 2019 8 0 0 0 0 0 0 0 0 0 0 0 0 0 0 0 0 0 0 0 0 16 0 0 0 0 0 0 0 0 0 0 
P1516 2019 9 0 0 13 12 0 0 0 0 0 2 0 0 0 11 0 17 0 21 23 0 0 13 27 0 0 0 29 0 0 0 -999 
P1516 2019 10 0 0 0 0 0 5 0 0 0 0 0 51 56 0 0 0 0 0 0 0 0 0 0 0 0 0 0 0 0 0 12 
P1516 2019 11 0 0 0 0 6 17 0 0 0 3 0 0 0 0 0 0 0 0 0 61 189 212 101 0 75 101 61 0 0 85 -999 
P1516 2019 12 80 0 0 0 0 0 0 0 0 0 0 0 2 0 0 0 0 0 0 0 0 0 0 0 0 0 0 4 7 10 0 
P1516 2020 1 15 14 0 6 0 0 0 0 0 0 0 0 23 43 18 0 0 7 0 6 0 0 0 19 0 37 61 66 43 55 35 
P1516 2020 2 32 0 22 0 0 0 0 35 10 11 0 0 0 0 0 0 0 0 0 0 0 0 0 4 0 0 0 0 -999 -999 -999 
P1516 2020 3 0 4 0 0 0 0 0 3 0 0 0 0 0 10 0 0 0 0 0 0 14 0 0 0 0 32 0 0 27 0 18 
P1516 2020 4 42 30 0 0 0 0 1 1 1 0 0 32 0 0 59 0 84 56 38 43 56 0 0 0 4 0 0 19 0 0 -999 
P1516 2020 5 8 11 0 0 0 0 0 0 0 0 43 0 37 22 32 26 0 9 0 11 0 0 0 18 7 0 0 0 8 0 0 
P1516 2020 6 0 0 0 0 10 0 0 0 0 0 0 0 0 0 0 0 0 0 0 0 0 0 0 0 0 0 0 0 0 0 -999 
P1516 2020 7 0 0 0 0 0 0 0 0 0 0 0 0 25 0 0 0 0 18 0 0 0 0 0 0 0 0 0 0 0 10 0 
P1516 2020 8 0 0 0 0 0 0 0 0 0 0 0 0 0 0 0 0 0 0 0 11 0 0 0 0 0 21 8 0 11 0 17 
P1516 2020 9 0 0 0 0 0 0 0 0 0 0 0 0 0 0 0 0 4 0 0 0 8 0 0 0 0 0 0 0 0 0 -999 
P1516 2020 10 0 0 0 23 0 0 35 35 58 0 23 38 13 0 76 45 16 58 19 0 0 0 0 0 0 23 0 18 0 0 0 
P1516 2020 11 70 76 91 0 51 19 7 0 0 0 0 0 0 0 0 0 10 0 35 102 66 69 50 0 73 58 57 87 0 0 -999 
P1516 2020 12 59 51 72 14 28 0 8 29 0 5 0 0 0 0 0 0 0 0 25 31 24 77 103 78 88 87 0 0 33 0 0 
P1516 2021 1 0 74 0 24 50 35 37 75 60 0 0 3 0 0 0 0 0 0 0 0 0 0 0 0 0 0 0 0 36 32 0 
P1516 2021 2 0 0 0 0 0 17 0 5 6 9 18 16 0 0 0 2 0 6 0 0 0 0 9 0 0 0 14 0 -999 -999 -999 
P1516 2021 3 16 13 9 5 0 13 0 0 0 37 0 0 52 1 0 0 25 0 0 0 41 0 0 0 0 0 15 22 51 0 0 
P1516 2021 4 0 0 0 16 9 0 0 0 0 0 0 0 31 0 28 0 0 0 0 11 16 0 33 28 0 0 0 18 0 42 -999 
P1516 2021 5 55 38 0 0 0 0 0 0 0 0 0 0 0 0 0 0 0 0 0 24 0 0 0 24 22 12 0 23 0 0 0 
P1516 2021 6 26 0 48 14 0 0 0 0 0 17 0 0 15 0 0 0 0 0 0 0 14 0 0 0 0 0 0 0 0 0 -999 
P1516 2021 7 0 0 0 0 0 0 16 0 0 0 0 0 0 0 0 0 0 0 0 0 0 0 0 0 0 0 0 19 0 0 0 
P1516 2021 8 0 0 0 0 0 0 0 0 0 0 0 15 0 0 0 0 0 0 0 0 0 0 0 0 0 0 18 0 12 0 0 
P1516 2021 9 0 0 0 0 0 16 0 0 0 12 0 2 0 3 0 0 0 0 0 0 0 0 0 24 0 0 0 0 0 0 -999 
P1516 2021 10 0 0 0 0 0 0 0 0 0 0 0 0 0 0 0 0 0 0 0 0 0 55 0 0 31 0 0 12 0 7 0 
P1516 2021 11 0 0 0 58 77 57 10 6 0 0 0 0 0 8 0 0 59 40 12 0 4 0 0 0 38 50 54 58 88 37 -999 
P1516 2021 12 46 75 38 38 0 0 0 16 8 0 0 0 0 0 0 0 90 90 22 0 28 0 0 21 0 6 0 14 27 18 0 
P1516 2022 1 0 0 11 0 0 12 0 0 48 44 58 26 27 0 0 0 40 0 0 0 59 46 133 61 0 0 33 44 62 49 42 
P1516 2022 2 105 41 15 37 63 0 128 158 52 71 161 107 153 55 99 0 0 77 27 32 91 36 57 0 58 122 89 0 -999 -999 -999 
P1516 2022 3 0 18 17 0 95 100 50 85 50 63 0 61 78 0 10 0 0 0 0 0 0 0 0 0 0 0 0 0 34 0 0 
P1516 2022 4 0 0 0 0 0 0 0 0 16 0 18 0 8 0 0 29 0 14 0 0 0 0 0 0 0 0 0 0 0 0 -999 
P1516 2022 5 0 0 0 0 0 0 0 0 0 0 0 40 56 64 35 0 0 21 25 0 20 0 0 19 0 42 0 0 6 0 0 
P1516 2022 6 2 0 0 0 14 24 35 0 0 0 0 0 0 0 0 13 0 0 0 0 0 0 0 0 0 0 0 0 6 0 -999 
P1516 2022 7 0 0 0 0 0 0 0 0 0 0 0 0 0 0 0 0 0 0 0 0 0 0 0 9 0 0 0 0 0 0 0 
P1516 2022 8 0 0 0 0 0 0 0 0 0 0 0 0 0 0 0 8 0 0 0 0 0 0 0 0 0 0 0 0 0 0 0 
P1516 2022 9 0 0 0 0 0 0 0 0 0 0 0 0 0 31 0 0 0 10 5 7 17 22 0 0 0 0 0 0 0 0 -999 
P1516 2022 10 0 0 0 0 0 0 0 0 20 0 69 29 16 31 0 33 19 9 0 0 0 0 0 0 0 0 0 8 0 57 31 
P1516 2022 11 0 0 0 0 0 0 0 0 6 0 0 17 0 0 0 0 0 0 0 0 0 0 0 0 0 0 0 16 0 7 -999 
P1516 2022 12 17 43 74 119 45 0 0 0 84 0 8 9 12 0 0 0 10 0 0 20 42 54 0 0 53 26 24 33 0 0 5 
P1516 2023 1 8 9 6 3 0 0 0 0 0 0 0 0 0 7 0 0 0 0 0 0 5 10 4 1 0 0 0 0 0 0 0 
P1516 2023 2 0 15 11 0 0 0 0 8 7 0 0 0 0 0 0 0 14 14 8 0 0 0 37 27 17 17 56 17 -999 -999 -999 
P1516 2023 3 22 20 9 0 3 0 0 2 0 0 0 48 49 0 0 0 0 0 0 0 0 0 6 0 0 0 0 0 0 0 0 
P1516 2023 4 25 11 24 56 53 0 0 0 10 0 5 25 92 0 54 0 44 0 0 0 0 0 12 0 84 53 46 0 0 0 -999 
P1516 2023 5 0 0 0 0 0 0 0 0 0 0 0 33 34 0 0 22 26 34 0 0 0 0 10 0 0 0 0 0 0 0 0 
P1516 2023 6 0 0 0 17 0 17 24 16 0 0 0 0 0 0 0 0 0 0 0 0 0 0 0 0 0 0 0 0 0 0 -999 
P1516 2023 7 0 0 3 0 0 0 0 0 0 0 0 0 0 0 0 0 0 0 0 0 0 0 0 0 0 0 0 0 0 7 0 
P1516 2023 8 0 0 0 0 0 0 0 0 0 0 0 0 0 0 0 0 0 0 0 0 0 0 0 0 0 0 0 0 0 0 0 
P1516 2023 9 0 0 0 0 0 0 0 0 0 0 0 0 0 0 0 17 0 0 14 0 8 0 0 9 0 0 0 0 15 0 -999 
P1516 2023 10 2 0 0 0 0 0 0 0 0 0 0 0 9 26 51 0 0 0 0 0 0 0 0 0 0 31 0 4 9 0 71 
P1516 2023 11 0 0 0 0 0 0 0 0 0 32 20 13 0 4 0 0 0 0 0 0 0 0 0 13 0 10 0 0 0 0 -999 
P1516 2023 12 0 0 0 0 0 0 0 0 0 0 0 0 0 0 0 0 0 0 12 0 2 0 0 0 0 0 0 3 0 0 0 
P1516 2024 1 6 9 0 0 0 0 77 0 52 24 0 16 20 0 47 0 35 0 0 0 0 0 0 0 0 0 0 0 8 0 38 
P1516 2024 2 86 74 133 33 0 0 0 0 0 0 0 0 0 0 0 13 0 0 0 0 0 0 0 105 63 44 15 0 -999 -999 -999 
P1516 2024 3 0 66 46 0 44 0 16 0 0 7 0 0 0 0 0 0 0 27 0 0 0 0 0 0 91 162 102 29 0 40 0 
P1516 2024 4 32 55 64 33 0 8 0 0 0 0 0 0 0 5 0 0 0 0 0 0 0 0 24 0 12 0 18 14 0 0 -999 
P1516 2024 5 0 0 0 0 0 0 10 0 0 0 16 0 0 0 0 0 0 0 0 0 0 0 0 0 0 0 0 0 0 0 0 
P1516 2024 6 0 0 0 0 0 0 0 0 0 0 0 0 0 0 0 0 0 0 0 0 0 0 0 0 22 24 0 0 0 0 -999 
P1516 2024 7 0 0 0 0 0 15 0 0 0 0 0 0 7 0 0 0 0 0 0 0 0 0 0 0 0 0 0 0 0 0 0 
P1516 2024 8 0 0 0 0 0 0 0 0 0 0 0 0 0 0 0 0 0 0 0 0 0 0 0 0 0 7 0 0 0 0 0 
P1516 2024 9 0 18 0 0 0 0 0 0 0 0 0 0 0 0 5 0 0 0 0 0 17 0 0 0 0 0 0 0 0 0 -999 
P1516 2024 10 0 0 5 0 0 0 0 0 0 0 0 0 0 0 72 71 0 0 0 0 0 0 0 0 0 0 3 0 0 0 0 
P1516 2024 11 13 21 0 15 0 0 0 0 0 0 0 24 40 0 0 0 0 0 14 16 0 0 0 0 3 0 0 0 5 0 -999 
P1516 2024 12 0 0 0 0 17 5 0 0 0 0 0 0 0 6 0 0 9 0 0 0 0 5 0 0 0 28 19 0 0 0 0 
P1516 2025 1 0 0 0 0 0 0 0 0 0 16 0 0 0 8 0 0 0 10 0 0 22 23 30 0 41 37 25 0 11 0 0 
P1516 2025 2 0 15 0 9 21 32 34 41 0 0 29 28 0 0 20 0 0 0 0 38 0 29 0 0 0 2 0 7 -999 -999 -999 
P1516 2025 3 6 29 0 25 40 61 129 26 0 0 0 0 0 7 0 0 0 0 0 0 66 102 53 156 69 0 47 0 0 0 0 
P1516 2025 4 0 8 0 0 0 0 3 0 0 0 0 0 11 0 0 30 0 4 0 0 14 8 7 0 0 0 9 0 0 0 -999 
P1516 2025 5 0 0 0 0 42 27 32 27 28 26 0 0 0 0 0 0 0 0 7 0 0 0 0 0 0 0 14 0 0 21 0 
P1516 2025 6 0 0 0 0 0 0 0 0 0 0 8 0 0 0 0 0 0 0 0 0 0 0 0 0 0 0 0 0 0 0 -999 
P1516 2025 7 0 13 0 0 0 3 0 0 0 0 0 0 0 0 0 0 0 0 0 0 0 0 0 0 0 0 0 0 0 0 0 
P1516 2025 8 0 14 0 0 0 0 0 0 0 0 0 0 0 0 0 10 0 0 0 0 0 0 0 0 0 0 0 0 0 0 0 
P1516 2025 9 0 0 12 10 0 0 0 0 0 0 0 0 0 0 0 0 0 0 0 0 0 0 0 0 0 0 0 0 0 8 -999 
P1516 2025 10 8 0 0 0 0 0 0 24 0 10 0 0 0 0 0 13 0 0 0 8 0 0 0 15 31 52 0 79 0 0 0 
P1516 2025 11 0 0 0 0 0 0 9 0 0 14 0 0 0 0 0 0 14 13 0 0 0 0 0 0 23 0 0 0 0 0 -999 
P1516 2025 12 0 50 0 0 0 0 48 43 0 1 0 0 0 8 0 0 0 0 14 15 18 13 0 0 0 21 0 0 0 26 32 
P1516 2026 1 16 0 0 10 4 21 3 0 0 17 0 103 140 15 0 0 114 92 29 0 12 0 0 0 15 0 25 0 0 0 0 
P1516 2026 2 0 0 29 0 0 20 0 0 0 11 0 0 0 0 0 0 0 27 69 156 45 49 32 29 0 24 5 4 -999 -999 -999 
P1516 2026 3 0 0 0 0 0 0 0 0 0 0 0 0 0 0 0 0 0 0 16 26 0 0 0 0 0 0 0 0 0 0 0 
P1516 2026 4 0 4 4 0 0 0 49 48 53 0 104 0 0 32 0 0 0 4 0 0 0 0 0 0 0 0 46 43 0 58 -999 
P1516 2026 5 43 0 0 5 0 0 0 0 0 0 0 0 0 0 0 0 0 26 0 0 0 0 10 21 0 0 37 0 0 0 12 
P1516 2026 6 0 0 0 0 0 0 0 0 0 0 0 0 0 0 0 0 0 0 0 0 0 0 0 0 0 0 0 0 0 0 -999 
P1516 2026 7 0 0 0 0 0 0 0 0 0 0 0 0 0 0 0 0 0 0 0 0 0 0 0 0 0 0 0 0 0 0 0 
P1516 2026 8 0 0 0 0 0 0 0 0 0 0 0 0 0 0 0 0 0 0 0 0 0 0 0 0 20 9 0 0 0 0 10 
P1516 2026 9 0 0 0 12 0 0 0 13 0 0 0 0 0 0 0 0 0 0 16 0 26 0 0 0 0 0 0 9 0 0 -999 
P1516 2026 10 0 0 0 0 0 0 30 0 0 0 0 35 20 24 0 55 17 0 0 0 0 0 51 23 28 23 8 0 0 0 70 
P1516 2026 11 34 14 12 0 9 11 16 0 0 60 0 17 0 15 21 0 0 12 0 21 0 7 8 0 0 0 0 0 0 0 -999 
P1516 2026 12 7 0 0 14 0 0 0 0 47 54 20 12 12 22 54 39 75 77 44 49 0 0 23 14 0 0 0 17 9 24 0 
P1516 2027 1 0 0 73 72 63 61 70 73 41 0 16 0 0 0 0 19 15 7 25 50 32 0 0 0 0 0 0 0 0 6 5 
P1516 2027 2 10 0 0 0 0 0 0 0 0 0 0 0 46 100 62 179 74 0 79 9 9 0 67 28 55 44 29 31 -999 -999 -999 
P1516 2027 3 72 0 19 39 36 44 0 28 0 0 0 0 0 0 24 36 31 23 35 22 0 0 0 18 0 34 52 86 0 0 23 
P1516 2027 4 22 39 34 73 33 0 30 0 0 0 0 0 0 45 39 74 69 75 41 40 91 33 29 0 0 0 9 0 0 12 -999 
P1516 2027 5 0 0 0 42 0 0 0 0 0 0 0 0 0 0 0 0 14 0 0 0 0 0 19 21 35 34 0 0 0 0 0 
P1516 2027 6 0 0 19 0 0 11 0 0 3 0 0 0 0 12 0 0 10 0 0 0 0 0 0 0 5 0 0 0 0 0 -999 
P1516 2027 7 0 0 0 0 0 18 0 5 0 0 0 0 0 0 0 0 0 0 0 0 0 0 0 0 0 0 0 0 0 0 0 
P1516 2027 8 0 0 0 0 0 0 0 0 12 0 0 0 14 0 0 0 0 0 0 8 0 0 0 0 0 0 0 0 0 0 0 
P1516 2027 9 0 0 0 0 0 0 0 0 0 0 6 0 0 14 10 14 0 7 0 0 0 0 0 0 0 0 0 0 0 0 -999 
P1516 2027 10 0 11 0 0 0 0 0 0 0 0 1 0 4 0 0 5 0 0 0 0 0 0 0 0 0 0 0 8 0 0 7 
P1516 2027 11 17 47 145 0 0 26 0 0 0 0 0 0 46 88 49 0 0 10 5 0 12 0 52 0 68 46 58 49 118 115 -999 
P1516 2027 12 39 103 103 12 0 85 140 87 39 48 0 35 0 22 23 19 0 0 0 0 0 0 0 0 0 0 0 0 0 8 8 
P1516 2028 1 17 36 0 0 7 0 0 0 57 78 0 0 67 83 90 15 0 6 0 0 0 0 0 2 0 7 8 0 0 0 0 
P1516 2028 2 0 0 0 0 13 4 0 0 0 0 0 0 0 0 0 0 0 7 5 0 0 0 0 10 0 41 0 40 -999 -999 -999 
P1516 2028 3 35 35 31 0 0 0 0 0 0 0 0 0 0 19 21 26 29 0 10 0 0 0 19 0 0 0 0 0 0 0 0 
P1516 2028 4 0 0 0 0 24 19 0 48 0 0 0 17 0 10 0 4 0 12 0 0 0 0 0 0 0 0 0 0 0 0 -999 
P1516 2028 5 0 0 0 0 0 0 0 0 0 0 0 0 0 0 0 0 0 0 0 0 0 0 0 0 30 0 0 0 8 0 0 
P1516 2028 6 0 0 0 0 0 0 0 0 0 0 0 0 0 0 0 0 0 0 0 0 0 0 0 0 0 0 0 0 0 0 -999 
P1516 2028 7 19 0 0 0 0 0 16 0 16 0 0 0 0 0 0 0 10 7 9 0 0 0 0 0 0 0 0 0 0 0 0 
P1516 2028 8 0 0 0 0 0 0 0 0 0 0 0 0 0 0 0 0 0 0 0 0 0 0 0 0 0 0 0 0 0 0 0 
P1516 2028 9 21 0 0 0 0 0 18 0 0 0 8 0 5 0 0 0 0 0 0 5 0 0 0 0 0 12 0 9 0 0 -999 
P1516 2028 10 0 4 0 0 0 6 0 0 11 0 0 0 0 5 0 0 0 0 0 0 30 12 0 0 10 0 0 0 0 0 26 
P1516 2028 11 34 20 0 0 0 0 45 0 30 39 0 8 0 17 40 35 0 8 0 0 0 0 0 0 0 0 0 0 0 0 -999 
P1516 2028 12 0 0 0 0 19 28 0 0 4 0 0 0 0 0 0 0 1 2 21 46 62 14 62 45 0 0 10 0 10 0 6 
P1516 2029 1 0 27 54 6 0 51 149 50 6 0 0 9 0 20 0 0 24 8 15 30 0 5 0 14 0 96 115 53 16 0 0 
P1516 2029 2 0 17 0 0 0 0 0 0 0 14 0 0 3 0 2 0 0 0 0 0 18 0 0 0 6 0 0 0 -999 -999 -999 
P1516 2029 3 0 0 0 0 0 0 0 0 5 0 0 0 21 20 0 0 0 0 0 24 29 25 40 37 0 3 0 0 4 3 4 
P1516 2029 4 0 0 0 0 0 0 15 0 0 0 0 0 0 0 13 8 0 0 0 15 0 6 0 0 0 0 0 3 0 0 -999 
P1516 2029 5 0 0 0 52 20 0 0 7 6 0 0 0 0 0 0 0 0 0 0 0 0 0 0 0 0 0 2 0 0 0 0 
P1516 2029 6 0 0 0 25 0 0 0 0 0 0 0 5 0 0 0 0 0 0 0 0 0 0 0 0 0 0 0 15 10 0 -999 
P1516 2029 7 14 21 19 15 0 0 0 0 0 0 0 0 0 0 0 0 0 0 0 0 0 0 0 0 0 0 0 0 0 0 0 
P1516 2029 8 0 0 0 0 0 0 0 0 0 0 0 0 0 0 0 0 0 0 0 0 0 0 0 0 0 0 0 0 0 0 0 
P1516 2029 9 0 0 0 0 0 0 8 0 0 0 0 0 0 0 13 0 0 0 21 0 0 0 0 0 0 27 0 0 60 0 -999 
P1516 2029 10 66 22 9 0 8 0 0 0 0 0 0 0 0 0 33 20 7 0 25 0 0 14 0 21 0 0 0 12 15 0 27 
P1516 2029 11 0 0 0 72 37 48 0 0 99 0 0 14 0 0 0 8 0 0 0 17 0 13 22 29 11 0 31 0 74 39 -999 
P1516 2029 12 7 0 25 7 0 0 0 0 0 0 0 0 0 0 0 0 0 11 0 0 0 0 0 0 0 0 0 0 8 18 81 
P1516 2030 1 80 0 0 0 38 0 62 18 0 16 17 36 23 12 2 0 0 0 0 0 12 7 6 9 0 0 15 25 88 104 97 
P1516 2030 2 150 97 0 0 11 0 0 55 50 0 74 41 0 0 0 42 0 0 0 0 0 0 0 13 0 0 0 0 -999 -999 -999 
P1516 2030 3 0 0 0 0 0 0 82 29 0 0 0 17 0 0 0 0 9 0 19 0 0 42 29 0 0 0 4 0 2 0 0 
P1516 2030 4 0 0 0 0 0 0 14 0 0 0 23 18 0 79 75 0 93 166 51 29 0 50 39 22 21 38 29 29 0 0 -999 
P1516 2030 5 0 5 0 0 0 0 11 0 16 14 0 0 0 0 37 0 27 18 22 0 0 0 0 0 0 0 0 0 0 16 0 
P1516 2030 6 27 22 19 17 0 0 28 18 17 26 24 28 23 25 18 0 0 0 0 0 0 16 8 0 0 0 0 0 0 0 -999 
P1516 2030 7 0 0 0 0 0 0 0 0 0 0 0 0 0 0 0 0 0 14 0 0 0 0 0 0 0 0 0 0 0 0 0 
P1516 2030 8 0 0 0 0 0 0 0 0 0 0 0 0 0 0 0 0 0 0 0 0 0 0 0 0 0 0 0 0 0 0 0 
P1516 2030 9 0 0 0 0 0 0 0 0 0 0 0 0 0 0 0 0 0 0 0 0 0 0 0 0 0 0 0 0 0 0 -999 
P1516 2030 10 0 0 0 0 0 0 0 0 0 0 51 33 19 10 0 0 0 0 0 0 0 0 0 0 0 0 0 13 0 24 0 
P1516 2030 11 26 0 0 59 116 93 35 0 0 0 0 0 0 0 0 0 0 0 0 0 0 0 13 0 2 0 13 16 0 71 -999 
P1516 2030 12 111 54 42 0 71 71 0 36 54 18 0 0 24 0 0 32 9 0 0 12 0 0 25 0 0 0 0 0 0 0 3 
P1516 2031 1 0 0 0 0 0 0 0 7 0 0 0 8 0 0 52 0 13 14 42 0 0 27 0 0 31 26 24 0 31 0 42 
P1516 2031 2 0 13 0 26 0 0 0 0 0 0 30 18 10 0 0 0 0 48 0 22 0 51 0 0 0 0 18 26 -999 -999 -999 
P1516 2031 3 0 33 21 17 0 0 0 19 24 33 43 34 37 70 49 0 36 39 38 0 0 0 0 0 22 0 48 0 24 0 0 
P1516 2031 4 27 33 0 36 58 0 28 0 0 0 0 0 0 0 0 0 0 0 0 11 0 0 0 0 26 0 0 27 0 0 -999 
P1516 2031 5 0 0 0 6 18 0 31 39 0 21 0 0 0 0 17 17 0 0 0 0 0 0 0 0 11 0 0 0 12 0 0 
P1516 2031 6 4 0 0 0 0 0 0 0 0 0 0 0 0 9 0 0 0 0 0 0 0 0 0 0 0 5 0 0 7 0 -999 
P1516 2031 7 0 7 7 0 0 12 10 0 0 0 0 0 0 0 0 0 0 0 0 0 0 0 0 0 0 0 0 0 0 0 0 
P1516 2031 8 0 0 0 0 0 0 0 0 0 0 0 0 7 0 0 0 0 0 0 0 0 0 0 0 0 0 0 0 0 0 0 
P1516 2031 9 0 0 0 0 0 0 0 12 0 16 0 0 0 0 0 0 0 0 0 0 0 0 0 10 19 0 0 22 33 0 -999 
P1516 2031 10 9 0 0 0 0 0 0 0 0 0 0 0 30 25 47 54 0 0 0 0 0 21 0 40 0 0 26 61 0 33 54 
P1516 2031 11 54 41 23 16 14 14 6 0 0 15 10 19 47 33 38 66 0 6 0 0 0 0 0 7 20 0 27 48 0 36 -999 
P1516 2031 12 39 92 133 73 0 0 22 12 0 0 0 0 6 0 10 0 0 0 0 0 3 0 0 21 20 0 0 0 10 26 49 
P1516 2032 1 79 128 0 10 0 117 43 94 187 14 5 0 0 0 0 0 0 0 72 13 0 0 0 0 5 0 20 0 0 55 0 
P1516 2032 2 76 82 24 0 0 18 10 14 0 0 0 0 0 0 0 0 8 0 0 0 0 0 0 7 17 34 0 0 -999 -999 -999 
P1516 2032 3 0 10 0 0 0 0 44 24 7 0 2 0 0 0 0 0 0 0 0 0 0 0 0 0 0 0 24 16 0 15 23 
P1516 2032 4 0 0 50 78 51 41 52 34 0 17 0 0 0 0 0 0 0 30 0 0 0 104 111 43 34 0 0 0 41 31 -999 
P1516 2032 5 22 0 12 0 30 35 0 32 31 20 19 0 0 0 15 17 36 38 0 17 24 0 0 0 0 0 0 0 0 0 0 
P1516 2032 6 0 0 0 0 18 27 0 14 0 0 0 0 21 0 0 0 0 0 0 0 0 0 0 0 0 0 31 0 0 0 -999 
P1516 2032 7 0 0 0 0 13 0 0 0 0 0 0 0 0 0 0 0 0 0 0 0 0 0 0 0 0 0 0 0 0 0 11 
P1516 2032 8 0 0 0 0 0 0 0 0 0 0 0 20 9 0 8 0 0 0 0 0 0 0 0 0 0 0 0 0 0 0 0 
P1516 2032 9 0 0 0 0 0 0 0 0 15 0 0 0 0 0 0 0 0 0 0 0 0 0 0 0 0 0 0 0 0 0 -999 
P1516 2032 10 0 0 0 0 5 0 0 0 0 19 0 0 0 0 0 0 21 0 0 0 76 86 0 0 0 0 0 0 0 0 0 
P1516 2032 11 0 0 0 0 65 56 50 0 19 0 6 17 56 0 4 0 26 31 65 83 54 22 35 59 25 42 35 55 0 12 -999 
P1516 2032 12 0 0 0 0 8 32 16 0 0 54 54 20 0 0 0 0 2 0 0 0 0 1 0 0 0 0 8 9 16 8 84 
P1516 2033 1 65 24 0 0 0 24 23 6 10 0 0 0 0 0 0 0 0 0 0 0 0 0 0 0 5 0 12 0 0 0 0 
P1516 2033 2 0 0 0 0 0 0 0 0 0 20 0 8 0 18 0 101 149 86 73 114 137 126 68 42 68 29 31 0 -999 -999 -999 
P1516 2033 3 0 0 0 0 0 0 0 0 0 0 13 0 28 42 44 12 22 0 64 85 66 36 0 48 58 0 0 10 0 0 0 
P1516 2033 4 92 0 0 0 0 32 0 0 18 14 7 0 0 0 0 0 0 0 46 59 38 23 20 30 54 0 0 0 2 0 -999 
P1516 2033 5 5 0 0 0 0 0 0 0 0 0 0 0 0 0 0 0 0 0 0 0 0 16 0 0 0 0 0 0 0 0 0 
P1516 2033 6 0 0 0 0 0 0 0 0 0 0 0 0 0 0 0 0 0 0 12 0 0 10 0 0 0 0 0 0 0 0 -999 
P1516 2033 7 0 0 0 0 0 0 0 0 0 0 0 0 0 0 0 0 0 0 0 20 18 14 0 0 0 0 0 17 0 0 0 
P1516 2033 8 0 0 0 0 0 0 0 0 0 0 12 0 0 0 0 0 0 0 0 0 0 0 0 0 11 15 0 0 0 0 0 
P1516 2033 9 0 0 6 0 0 0 0 22 0 0 0 0 6 0 0 0 0 0 0 0 0 0 0 0 6 0 0 0 0 0 -999 
P1516 2033 10 0 17 0 31 0 0 0 0 0 0 0 0 0 0 0 41 55 0 94 0 0 0 0 0 38 34 16 0 12 37 63 
P1516 2033 11 0 0 78 133 36 95 93 112 0 14 0 0 0 0 101 78 0 14 0 0 0 0 0 0 0 0 0 0 0 0 -999 
P1516 2033 12 19 37 70 57 19 28 61 30 38 21 0 0 9 0 0 2 0 0 0 0 0 0 0 0 11 5 9 11 0 7 9 
P1516 2034 1 4 3 0 1 0 0 0 0 0 0 0 0 0 0 0 0 0 0 0 0 17 18 20 48 69 83 68 0 0 0 0 
P1516 2034 2 0 0 0 0 0 16 0 44 37 30 0 26 0 10 0 0 0 37 113 39 0 0 0 0 10 0 0 0 -999 -999 -999 
P1516 2034 3 16 0 0 0 0 0 0 0 0 0 0 31 0 0 0 0 4 0 0 0 0 0 0 6 0 0 0 18 41 39 0 
P1516 2034 4 0 0 0 83 111 40 7 21 24 24 0 0 0 24 31 31 0 13 0 0 51 70 62 33 0 10 0 0 0 4 -999 
P1516 2034 5 1 0 0 0 0 0 0 0 0 0 11 7 0 0 0 0 0 11 11 13 0 0 20 21 0 0 0 0 30 0 0 
P1516 2034 6 29 42 0 18 14 15 0 0 0 0 0 0 0 0 0 6 0 0 0 0 0 0 0 0 0 0 0 0 0 0 -999 
P1516 2034 7 0 0 0 0 3 0 0 0 0 9 0 0 0 0 0 0 0 0 0 0 0 0 0 0 0 0 0 0 0 0 0 
P1516 2034 8 3 0 0 0 0 0 0 0 0 0 0 0 0 0 0 0 0 0 0 5 0 0 0 0 0 0 0 0 0 0 0 
P1516 2034 9 0 0 0 0 0 0 0 0 0 0 0 12 0 0 0 14 0 15 8 9 0 0 12 2 0 0 0 0 0 0 -999 
P1516 2034 10 0 0 0 0 0 0 0 0 0 1 0 0 10 0 20 0 9 0 0 0 0 0 27 0 0 0 0 0 0 13 0 
P1516 2034 11 6 0 16 0 30 0 0 0 0 0 0 0 0 0 0 0 0 0 0 0 0 0 9 10 0 0 30 0 0 25 -999 
P1516 2034 12 0 16 0 0 0 1 0 0 0 0 11 0 0 0 0 0 0 12 0 11 0 20 33 73 91 105 96 0 0 0 30 
P1516 2035 1 0 31 43 52 29 39 0 0 18 0 0 0 4 0 0 0 3 0 0 0 9 0 0 0 5 0 19 28 0 12 0 
P1516 2035 2 0 0 0 0 17 0 0 0 0 0 14 0 11 0 0 0 0 9 0 0 0 0 58 56 0 25 51 0 -999 -999 -999 
P1516 2035 3 0 43 0 1 0 0 0 0 30 0 0 0 16 0 0 0 0 0 11 0 0 0 0 0 0 0 0 0 63 0 0 
P1516 2035 4 0 0 27 0 36 56 29 48 0 0 0 0 0 0 30 0 0 0 0 0 52 0 0 0 21 0 0 22 0 38 -999 
P1516 2035 5 29 38 0 8 0 0 0 31 0 0 0 0 0 0 0 0 0 0 0 0 0 0 0 0 0 0 0 0 0 0 0 
P1516 2035 6 0 0 0 0 16 0 6 0 0 0 0 0 0 0 0 0 0 0 0 16 0 0 0 0 0 0 0 0 0 0 -999 
P1516 2035 7 0 0 0 0 0 0 0 0 0 0 0 0 0 0 0 0 0 0 0 0 0 0 0 0 0 0 0 0 0 0 0 
P1516 2035 8 0 0 0 0 0 0 0 0 0 0 0 0 0 0 0 0 0 0 0 0 0 0 0 0 10 0 0 0 0 31 0 
P1516 2035 9 0 5 0 5 0 0 0 0 0 0 0 0 8 0 0 0 0 0 0 0 0 0 0 0 0 0 16 0 23 24 -999 
P1516 2035 10 0 0 0 0 0 0 0 0 0 35 43 0 29 0 0 18 0 0 0 0 73 56 32 0 10 0 0 8 0 7 10 
P1516 2035 11 0 28 43 0 0 0 0 0 0 0 0 0 0 0 6 0 0 0 0 0 0 0 0 0 0 0 0 0 0 0 -999 
P1516 2035 12 0 0 0 0 1 0 0 0 14 0 0 0 11 0 0 51 25 39 28 17 14 0 0 0 19 26 25 0 10 31 0 
P1516 2036 1 66 66 0 0 0 73 57 48 43 103 52 0 48 0 0 0 0 0 37 49 22 13 0 0 0 0 0 0 0 0 0 
P1516 2036 2 0 20 41 0 0 0 0 0 0 0 0 8 0 0 0 0 0 13 0 0 19 0 0 0 0 0 0 24 -999 -999 -999 
P1516 2036 3 84 69 22 0 19 8 0 0 0 0 0 24 17 31 0 18 0 0 42 0 0 18 0 0 70 72 64 49 33 26 22 
P1516 2036 4 114 0 14 37 0 0 8 0 19 23 33 45 0 0 0 0 0 0 0 0 26 0 0 0 34 0 0 0 0 0 -999 
P1516 2036 5 0 0 0 0 0 0 0 0 19 0 0 16 20 16 16 0 43 35 50 25 62 58 36 0 4 0 0 0 0 0 0 
P1516 2036 6 0 0 0 0 0 0 0 0 0 0 0 0 0 0 0 0 0 0 0 0 0 0 0 0 0 0 0 0 0 0 -999 
P1516 2036 7 0 0 13 0 0 0 0 0 0 0 0 0 0 0 0 0 0 0 7 0 0 0 0 0 0 0 0 0 0 0 0 
P1516 2036 8 0 0 0 0 0 0 0 0 0 0 0 0 0 0 0 0 0 0 0 0 0 0 0 0 0 0 0 0 0 0 0 
P1516 2036 9 12 0 0 0 0 0 0 0 12 0 0 3 0 0 0 0 0 0 0 0 5 0 0 0 0 0 0 0 0 0 -999 
P1516 2036 10 0 27 0 15 21 0 35 0 0 46 0 0 0 49 50 0 12 18 0 7 0 0 0 0 0 0 0 0 0 0 0 
P1516 2036 11 0 4 0 0 19 0 69 38 26 0 14 0 6 0 0 0 0 0 4 0 0 0 0 18 20 18 0 0 7 0 -999 
P1516 2036 12 0 0 0 0 0 0 0 0 0 10 0 19 21 15 11 9 0 0 0 0 0 0 0 0 0 0 40 44 42 106 104 
P1516 2037 1 41 46 38 0 21 53 0 0 45 0 13 0 0 35 0 85 97 79 73 44 14 7 9 0 0 0 0 0 0 0 0 
P1516 2037 2 0 0 0 0 0 14 0 0 18 0 0 0 25 0 10 0 0 39 57 0 0 8 0 12 0 0 0 0 -999 -999 -999 
P1516 2037 3 0 14 0 85 62 34 55 66 42 0 0 12 10 4 0 0 0 0 15 25 23 78 72 98 52 121 71 0 44 0 20 
P1516 2037 4 3 3 0 0 0 22 0 0 0 0 6 0 54 50 0 0 0 0 11 0 0 0 44 46 51 42 37 28 21 10 -999 
P1516 2037 5 12 0 0 0 31 0 0 0 0 0 0 0 0 0 0 0 0 0 0 0 0 0 0 0 0 0 0 7 0 0 0 
P1516 2037 6 0 0 15 0 0 0 0 0 15 0 0 9 5 0 0 22 0 0 0 0 0 0 0 0 0 18 0 0 0 0 -999 
P1516 2037 7 0 0 0 0 11 0 0 0 0 0 0 0 0 0 0 0 0 0 0 0 0 0 0 0 0 0 0 0 0 0 0 
P1516 2037 8 0 0 0 0 0 0 0 0 0 0 0 0 0 0 0 0 0 0 0 0 0 0 0 0 0 0 0 0 15 0 0 
P1516 2037 9 8 5 0 0 0 0 0 0 0 0 0 0 14 0 0 0 0 0 0 0 0 0 0 0 0 0 0 0 0 0 -999 
P1516 2037 10 0 0 0 0 0 0 0 0 0 18 0 0 0 0 0 0 0 0 0 15 14 0 15 0 17 7 0 0 0 0 13 
P1516 2037 11 0 39 0 0 0 0 14 0 13 10 0 0 0 0 0 0 0 12 0 0 0 0 0 0 28 0 0 0 41 26 -999 
P1516 2037 12 0 21 0 99 110 151 88 0 16 11 0 0 0 0 0 0 0 0 0 35 8 0 15 0 0 0 0 0 0 0 0 
P1516 2038 1 0 0 0 0 0 0 0 0 0 0 0 101 55 0 0 0 15 0 8 17 0 14 0 6 0 0 0 0 0 0 44 
P1516 2038 2 0 13 0 0 27 34 20 0 10 0 1 0 0 0 0 0 0 0 0 0 8 0 0 11 41 36 0 5 -999 -999 -999 
P1516 2038 3 7 0 0 0 0 23 22 17 0 0 0 21 0 32 32 43 0 0 0 0 0 30 46 0 0 52 46 0 19 0 0 
P1516 2038 4 0 46 40 46 0 0 0 0 22 15 0 0 3 0 0 0 24 0 0 0 0 54 12 4 0 0 0 0 0 0 -999 
P1516 2038 5 0 0 0 0 0 0 0 0 0 0 0 13 0 0 0 0 0 0 0 0 0 0 0 0 0 0 9 0 0 0 0 
P1516 2038 6 0 0 0 0 0 0 0 0 0 0 0 0 0 0 0 0 0 0 0 0 14 0 0 0 0 0 0 0 0 0 -999 
P1516 2038 7 19 0 0 0 0 0 0 0 0 0 0 0 0 0 0 0 0 0 0 0 0 0 0 0 0 0 0 0 0 0 0 
P1516 2038 8 0 0 0 0 0 0 0 0 0 0 9 0 0 0 0 0 0 0 0 0 0 0 0 9 0 0 0 0 0 0 0 
P1516 2038 9 0 0 0 0 0 0 0 0 0 0 0 0 6 0 0 13 19 0 0 0 0 0 0 0 22 15 0 0 0 0 -999 
P1516 2038 10 0 0 0 0 7 0 0 0 0 0 0 0 0 0 0 0 10 0 0 0 22 0 0 0 0 0 0 30 21 16 0 
P1516 2038 11 0 0 0 28 63 74 40 21 0 0 41 88 35 14 29 41 20 27 43 17 3 0 0 0 0 0 43 63 79 35 -999 
P1516 2038 12 15 0 0 0 0 0 0 0 0 0 9 0 0 0 0 6 0 0 0 0 0 8 10 24 45 24 24 0 54 66 35 
P1516 2039 1 0 0 55 42 102 26 16 0 4 0 31 83 87 0 31 69 97 46 0 0 0 27 0 38 102 141 164 82 20 0 19 
P1516 2039 2 0 0 0 9 0 0 0 0 0 0 15 0 5 14 31 13 16 0 6 10 45 69 67 42 22 72 0 21 -999 -999 -999 
P1516 2039 3 0 8 0 0 26 23 0 0 0 0 0 29 47 9 0 26 0 0 47 67 56 28 0 6 9 0 11 0 3 0 0 
P1516 2039 4 0 0 5 0 0 0 0 0 7 0 0 0 0 0 0 0 0 0 0 0 0 0 0 0 0 0 0 0 0 0 -999 
P1516 2039 5 42 23 22 0 21 0 0 0 0 58 0 25 0 0 0 26 0 10 0 0 0 0 0 0 0 0 26 27 0 24 16 
P1516 2039 6 15 0 0 0 5 0 0 0 0 28 0 4 7 0 0 0 30 39 0 0 0 0 0 0 0 0 0 0 0 0 -999 
P1516 2039 7 0 0 0 0 0 0 10 0 0 0 0 0 0 0 0 0 0 0 0 0 0 0 0 0 0 0 0 0 0 0 0 
P1516 2039 8 0 0 0 0 0 0 0 10 0 0 0 0 0 19 0 0 15 0 0 0 0 4 0 0 0 0 0 0 0 0 0 
P1516 2039 9 0 0 10 0 0 0 0 0 0 0 0 0 0 0 0 0 0 0 24 0 0 6 0 0 0 0 0 0 0 0 -999 
P1516 2039 10 0 0 0 0 0 0 0 7 0 0 0 0 7 0 0 0 0 0 35 65 44 51 36 0 0 12 0 33 0 0 0 
P1516 2039 11 58 45 7 0 0 0 0 0 0 6 0 0 0 0 0 31 14 7 14 20 0 0 0 0 20 23 0 57 54 34 -999 
P1516 2039 12 38 0 0 0 0 0 0 0 0 0 0 0 18 29 0 31 83 185 0 0 0 0 0 0 0 0 0 22 0 0 0 
P1516 2040 1 0 0 0 2 0 0 0 0 0 0 0 0 0 0 6 15 21 11 0 56 11 0 0 0 0 0 0 4 18 0 92 
P1516 2040 2 39 0 63 62 71 0 7 7 0 0 34 0 0 80 136 88 0 114 113 90 31 0 58 68 41 0 24 0 -999 -999 -999 
P1516 2040 3 0 0 48 0 30 0 0 25 0 31 0 0 3 0 5 0 0 0 0 0 0 0 0 0 0 0 0 0 0 0 0 
P1516 2040 4 24 20 0 0 0 44 23 0 0 0 12 0 11 0 41 20 0 0 0 0 0 0 5 0 0 29 15 0 0 0 -999 
P1516 2040 5 0 0 0 0 0 0 0 0 0 0 0 0 0 0 0 0 0 0 0 0 0 0 0 21 0 0 0 0 0 0 0 
P1516 2040 6 0 0 0 0 22 3 0 0 15 24 21 19 0 18 0 0 0 0 0 24 0 0 6 0 0 0 10 0 0 0 -999 
P1516 2040 7 0 0 0 0 0 0 0 0 0 0 0 0 0 0 0 0 0 0 0 0 0 0 0 0 0 0 0 0 0 0 0 
P1516 2040 8 0 0 0 0 0 0 0 0 0 0 0 0 0 0 0 0 0 0 0 0 0 0 12 0 0 12 0 0 0 0 0 
P1516 2040 9 0 0 0 15 0 0 0 0 0 0 0 0 0 0 22 0 0 0 0 0 0 0 0 7 6 0 0 0 0 0 -999 
P1516 2040 10 0 0 0 0 0 0 0 47 39 41 0 19 0 0 0 0 69 133 28 0 8 0 0 0 0 0 0 0 0 0 0 
P1516 2040 11 0 0 0 4 0 0 0 0 0 0 0 0 32 0 0 97 60 18 23 4 0 0 0 22 0 14 0 22 24 23 -999 
P1516 2040 12 19 0 2 0 0 0 0 17 21 0 0 10 0 0 0 0 0 0 0 0 0 0 0 0 0 0 0 0 0 7 5 
P1516 2041 1 0 2 0 23 23 26 14 12 11 12 0 19 0 0 12 27 17 0 0 0 0 0 34 81 37 30 114 0 0 59 0 
P1516 2041 2 0 10 8 6 0 0 0 0 0 47 0 41 25 28 0 98 0 0 0 13 0 0 0 0 0 0 0 0 -999 -999 -999 
P1516 2041 3 0 0 0 0 14 0 0 22 36 0 17 0 0 0 0 0 0 0 0 0 0 0 0 0 0 0 0 0 0 14 0 
P1516 2041 4 0 0 0 0 0 0 0 0 0 13 0 0 0 0 0 0 0 0 0 0 0 0 0 0 0 0 0 0 0 0 -999 
P1516 2041 5 0 0 24 0 0 41 0 0 0 0 0 0 0 0 0 12 0 0 32 17 0 0 0 0 0 0 7 0 0 0 0 
P1516 2041 6 0 0 0 0 0 0 0 0 0 0 0 0 0 14 0 0 0 0 0 0 0 0 0 0 0 0 0 0 16 0 -999 
P1516 2041 7 0 10 0 0 0 0 0 0 0 0 0 0 28 0 0 0 0 0 0 0 0 0 0 0 0 0 0 0 0 0 0 
P1516 2041 8 0 0 0 0 0 0 0 0 0 0 0 0 0 0 0 0 0 0 0 0 0 0 0 0 0 0 0 0 0 0 0 
P1516 2041 9 0 0 20 0 0 9 0 0 0 0 0 0 0 0 0 0 0 0 0 24 0 0 0 0 0 0 0 0 0 0 -999 
P1516 2041 10 0 0 0 0 0 0 0 0 0 0 0 10 0 0 0 7 0 0 0 8 0 0 0 0 0 0 0 0 11 0 0 
P1516 2041 11 0 102 28 0 6 4 0 9 0 0 0 3 0 0 0 0 0 0 17 10 23 0 0 0 56 0 0 17 0 0 -999 
P1516 2041 12 42 0 131 46 20 0 0 0 0 0 0 0 0 0 0 0 4 0 0 0 22 0 0 0 0 0 14 40 49 39 34 
P1516 2042 1 28 49 67 76 33 0 7 0 17 36 0 0 0 0 0 18 28 0 57 0 0 1 7 0 35 0 49 51 0 0 0 
P1516 2042 2 0 0 0 0 0 0 2 0 0 0 0 0 0 0 0 0 0 0 0 0 0 0 0 0 0 0 0 0 -999 -999 -999 
P1516 2042 3 0 0 0 0 13 2 0 0 0 0 0 0 8 11 0 0 0 34 30 28 37 34 0 45 0 0 24 27 24 0 5 
P1516 2042 4 0 0 4 0 3 12 0 0 0 0 0 0 4 0 0 43 50 51 0 19 10 0 43 11 3 6 0 0 18 35 -999 
P1516 2042 5 34 0 69 55 0 42 31 29 21 0 37 0 0 30 0 0 0 11 0 0 0 0 0 15 1 0 0 8 0 19 0 
P1516 2042 6 0 0 0 24 35 0 0 0 13 0 8 11 9 0 0 22 0 0 18 22 0 0 0 0 0 0 0 0 0 0 -999 
P1516 2042 7 0 0 0 0 0 0 0 18 12 0 0 0 0 0 0 0 0 0 0 0 0 0 0 0 0 0 0 0 0 0 0 
P1516 2042 8 0 0 0 0 0 0 0 0 0 0 0 0 0 0 12 12 0 0 0 0 0 0 0 8 0 0 0 0 0 0 0 
P1516 2042 9 0 0 0 8 0 0 0 0 0 0 0 0 0 0 0 0 0 0 38 4 0 0 0 0 0 0 0 0 0 0 -999 
P1516 2042 10 4 0 0 0 0 0 0 0 0 0 5 0 0 0 0 0 0 0 0 0 0 0 0 0 0 0 0 0 0 0 0 
P1516 2042 11 0 0 0 0 24 20 14 13 19 0 0 0 55 0 0 0 11 9 0 0 0 32 22 9 0 34 28 21 0 16 -999 
P1516 2042 12 0 0 0 20 89 0 0 0 0 16 44 41 0 0 0 0 0 0 33 40 0 0 0 0 0 0 26 27 0 81 46 
P1516 2043 1 0 0 0 0 0 0 3 0 0 0 0 40 18 32 72 56 61 46 0 4 0 0 0 0 0 0 0 0 0 0 0 
P1516 2043 2 1 0 0 0 0 0 0 0 0 48 29 10 0 0 65 65 0 16 0 6 0 0 19 0 0 0 0 14 -999 -999 -999 
P1516 2043 3 23 0 5 0 4 0 8 7 0 15 42 41 45 68 0 52 61 49 42 40 16 0 66 63 41 57 18 0 61 92 41 
P1516 2043 4 90 84 58 0 0 0 24 0 36 32 20 18 43 16 0 0 4 0 0 0 0 0 34 6 0 0 0 0 71 0 -999 
P1516 2043 5 0 0 0 0 0 0 0 0 0 0 0 0 0 29 33 34 59 46 46 54 26 0 0 6 0 0 0 0 0 0 17 
P1516 2043 6 0 0 0 24 0 0 0 0 0 0 0 0 0 0 0 0 0 0 10 0 0 0 0 4 0 0 0 0 0 0 -999 
P1516 2043 7 0 0 0 0 0 0 0 0 0 0 0 0 0 0 0 0 0 0 0 0 0 0 0 12 0 0 0 0 0 0 0 
P1516 2043 8 12 0 0 0 0 0 0 0 0 0 0 0 0 0 0 0 0 0 0 0 0 0 0 0 0 0 0 16 0 0 0 
P1516 2043 9 0 0 11 0 0 0 0 6 0 0 0 0 0 0 0 0 0 0 0 0 0 0 0 0 0 0 0 0 0 0 -999 
P1516 2043 10 0 0 0 0 0 0 0 0 0 5 10 0 0 27 0 0 0 0 30 0 18 0 16 0 0 0 0 0 12 0 8 
P1516 2043 11 0 17 19 30 177 0 0 4 0 0 0 0 0 0 0 0 0 0 0 0 0 63 18 27 49 0 69 0 40 18 -999 
P1516 2043 12 10 0 25 63 56 44 0 0 0 0 0 0 1 0 0 0 0 12 0 0 0 0 0 0 0 0 0 0 0 0 0 
P1516 2044 1 0 0 0 0 2 0 11 14 0 0 0 35 23 22 0 0 0 81 0 33 38 17 0 0 64 66 0 0 0 0 0 
P1516 2044 2 0 0 0 52 17 0 1 0 12 26 0 0 0 0 0 12 0 4 0 0 0 0 0 0 0 0 0 0 -999 -999 -999 
P1516 2044 3 14 0 0 0 0 0 0 0 0 0 0 0 5 8 0 0 15 17 0 0 0 0 0 0 6 0 0 29 0 21 22 
P1516 2044 4 27 37 39 23 23 14 12 0 40 0 0 0 0 0 0 0 0 0 6 0 0 0 10 0 0 0 0 22 29 27 -999 
P1516 2044 5 23 8 0 0 0 28 49 46 42 0 0 53 0 0 26 13 15 11 9 0 0 0 22 0 9 0 0 8 0 0 0 
P1516 2044 6 0 0 11 11 6 0 0 0 0 0 0 0 0 0 25 0 0 0 0 22 29 0 0 0 0 0 0 0 0 0 -999 
P1516 2044 7 0 12 12 0 0 0 0 0 0 0 0 0 0 0 0 0 0 0 0 0 0 0 0 0 0 0 0 0 0 0 0 
P1516 2044 8 0 0 0 0 0 0 0 0 0 0 0 0 0 0 0 0 0 0 0 0 0 0 0 0 0 0 0 0 0 0 0 
P1516 2044 9 0 6 0 0 0 0 0 0 0 0 0 0 0 0 0 0 0 0 15 0 0 11 0 15 0 18 13 0 0 0 -999 
P1516 2044 10 11 0 0 0 0 0 0 0 0 0 15 23 0 0 0 0 0 0 0 0 0 0 23 86 67 34 0 0 0 6 0 
P1516 2044 11 0 0 0 0 0 0 0 0 0 27 43 0 68 58 27 0 30 0 0 0 85 0 0 10 0 0 0 0 0 0 -999 
P1516 2044 12 0 0 0 0 0 0 0 0 0 0 0 0 0 0 0 0 20 0 74 154 35 0 0 19 19 36 0 0 0 0 15 
P1516 2045 1 23 0 81 0 67 20 24 65 99 73 46 63 7 13 0 0 0 0 0 0 0 0 0 0 0 0 2 8 0 0 26 
P1516 2045 2 0 0 0 10 0 21 28 6 0 0 0 79 43 0 0 0 0 0 0 0 38 0 24 0 68 147 179 167 -999 -999 -999 
P1516 2045 3 25 0 27 35 20 0 22 42 65 69 57 44 51 61 47 18 29 0 0 0 0 0 0 0 0 0 0 0 0 0 0 
P1516 2045 4 0 0 0 0 0 0 0 13 9 8 0 0 0 35 60 0 16 7 16 0 0 0 0 8 0 0 0 0 0 0 -999 
P1516 2045 5 0 0 0 47 16 0 0 0 0 0 0 0 0 0 0 0 4 0 0 0 33 0 45 0 0 18 0 32 41 33 0 
P1516 2045 6 0 0 0 0 0 0 0 0 0 0 19 0 0 39 25 19 0 15 0 0 0 19 0 0 0 0 0 0 0 0 -999 
P1516 2045 7 0 0 0 0 0 0 0 0 0 0 0 0 0 0 0 0 0 0 0 0 0 0 0 0 0 0 0 0 0 0 0 
P1516 2045 8 7 0 0 0 0 0 0 0 0 0 0 0 0 0 0 0 0 0 0 0 0 13 0 0 0 0 0 0 0 0 0 
P1516 2045 9 0 0 0 0 23 0 0 0 0 0 0 20 0 0 0 0 0 0 0 0 0 0 0 0 0 0 0 0 6 0 -999 
P1516 2045 10 0 0 0 6 0 0 0 0 0 0 10 0 0 24 5 3 0 0 0 0 0 0 0 0 0 0 0 0 0 0 0 
P1516 2045 11 0 0 30 0 30 13 0 8 0 0 0 0 0 0 0 9 0 35 0 0 0 0 0 0 0 0 0 14 13 0 -999 
P1516 2045 12 0 0 0 0 0 0 0 0 0 24 50 0 0 0 0 0 1 0 0 0 4 0 13 65 58 12 0 0 8 0 0 
P1516 2046 1 11 13 0 0 0 0 11 0 0 0 0 0 0 7 8 0 0 64 89 67 64 66 0 68 46 72 64 46 76 55 53 
P1516 2046 2 42 0 0 0 0 0 0 0 0 0 0 24 43 0 39 97 136 97 0 0 0 0 0 16 0 0 0 39 -999 -999 -999 
P1516 2046 3 0 12 27 34 0 0 0 0 0 0 0 1 0 0 0 0 0 0 0 0 0 0 0 0 21 42 0 0 0 18 26 
P1516 2046 4 41 0 18 18 12 19 0 0 61 61 22 20 0 55 0 48 58 35 0 0 0 26 44 36 0 34 32 0 26 0 -999 
P1516 2046 5 0 0 0 0 0 0 0 0 0 0 0 0 0 15 0 0 16 11 0 23 23 0 0 43 83 35 18 9 0 0 0 
P1516 2046 6 24 0 0 31 0 29 0 0 0 0 0 10 0 0 0 0 0 0 8 0 0 0 0 0 0 0 0 0 0 0 -999 
P1516 2046 7 0 0 0 0 0 0 0 0 0 0 0 0 0 0 0 0 0 0 0 0 0 0 0 0 0 0 0 0 0 0 0 
P1516 2046 8 0 0 0 0 0 0 0 0 0 0 0 0 0 0 0 0 0 12 0 0 0 0 7 0 0 9 0 0 0 0 0 
P1516 2046 9 0 0 0 0 0 0 0 0 0 0 0 0 0 0 0 0 0 0 0 0 0 0 0 0 7 7 8 0 0 0 -999 
P1516 2046 10 0 0 0 12 0 9 0 17 0 0 0 0 0 0 0 0 27 0 14 0 0 0 0 7 0 0 0 0 0 0 10 
P1516 2046 11 0 36 72 65 16 12 0 4 0 0 0 0 0 0 0 0 0 0 0 11 0 0 0 0 8 0 0 0 0 0 -999 
P1516 2046 12 0 0 0 0 0 0 3 0 0 0 0 0 0 12 0 0 11 13 12 0 8 0 6 0 8 0 5 0 0 0 9 
P1516 2047 1 0 0 49 0 0 30 0 10 0 32 35 0 0 8 0 0 13 18 11 0 15 14 0 0 0 0 0 0 20 19 0 
P1516 2047 2 0 7 4 0 0 0 0 0 7 0 0 17 0 0 0 0 0 0 0 41 0 25 0 29 0 0 0 0 -999 -999 -999 
P1516 2047 3 9 0 0 0 20 27 21 0 0 26 0 0 29 0 0 0 16 22 0 0 0 0 0 0 6 0 0 0 0 0 0 
P1516 2047 4 0 0 0 0 0 11 0 2 0 9 0 0 0 0 0 0 0 40 0 27 0 0 25 0 23 0 0 25 29 24 -999 
P1516 2047 5 0 0 0 0 0 35 24 8 0 0 0 15 32 48 55 0 0 0 0 0 0 0 38 17 8 9 0 0 0 0 0 
P1516 2047 6 0 0 0 5 0 0 0 0 0 0 0 0 0 0 0 0 0 0 0 0 0 0 0 0 0 0 0 0 0 0 -999 
P1516 2047 7 0 0 0 0 0 0 0 0 0 0 0 0 0 0 0 0 0 0 0 0 0 0 0 0 0 16 14 0 0 0 0 
P1516 2047 8 0 0 0 0 0 0 0 0 0 0 0 0 0 0 0 0 0 0 0 0 0 0 0 0 0 0 0 20 0 21 0 
P1516 2047 9 0 7 0 0 0 0 0 0 0 0 0 6 0 0 0 0 0 0 0 0 14 0 0 0 23 34 0 0 11 0 -999 
P1516 2047 10 0 0 0 0 34 0 0 0 28 13 0 5 0 0 0 0 0 0 0 0 0 0 0 9 16 0 25 24 13 0 0 
P1516 2047 11 0 0 0 0 6 0 0 8 0 9 0 0 0 0 0 0 0 0 21 29 0 0 1 0 0 0 14 0 26 0 -999 
P1516 2047 12 37 60 0 56 169 168 175 94 8 0 0 0 0 20 78 45 15 31 90 84 0 42 33 0 41 0 14 0 0 0 0 
P1516 2048 1 0 0 0 0 0 0 0 0 0 0 0 0 0 0 0 0 0 0 0 0 15 0 0 0 0 57 90 0 0 0 34 
P1516 2048 2 0 21 0 0 0 0 0 80 14 24 0 0 0 0 0 0 17 33 13 0 13 12 0 0 0 10 0 0 -999 -999 -999 
P1516 2048 3 5 0 0 0 0 0 0 0 0 0 6 0 9 5 0 0 0 32 39 34 0 24 0 0 0 0 0 0 0 0 0 
P1516 2048 4 0 0 0 0 0 35 55 60 22 0 0 56 73 0 20 0 0 54 105 92 42 26 25 0 13 24 21 13 18 26 -999 
P1516 2048 5 0 13 23 21 0 0 0 8 0 0 0 30 0 0 0 0 0 0 0 0 0 0 28 21 26 24 22 42 0 9 0 
P1516 2048 6 0 0 0 0 0 0 0 0 13 0 0 0 0 0 0 0 0 0 0 0 0 0 0 0 0 0 0 0 0 0 -999 
P1516 2048 7 0 0 0 0 0 0 0 0 0 0 0 0 0 0 0 0 0 0 0 0 0 0 0 0 0 0 0 0 0 0 0 
P1516 2048 8 0 0 0 0 0 0 0 0 14 14 0 0 0 0 0 0 0 0 0 0 0 0 0 0 0 0 0 0 0 0 0 
P1516 2048 9 0 0 0 0 0 0 0 0 0 0 0 12 0 10 0 0 0 0 0 11 0 0 0 0 0 0 0 0 0 0 -999 
P1516 2048 10 0 0 0 0 5 0 0 0 0 0 0 0 0 27 22 45 30 0 11 9 3 11 19 27 12 11 12 0 0 22 25 
P1516 2048 11 20 0 15 9 0 0 41 27 6 0 18 19 0 0 0 0 45 16 0 0 0 0 0 0 0 0 0 35 130 109 -999 
P1516 2048 12 54 54 73 36 0 0 0 0 0 0 0 0 11 0 0 0 17 36 51 0 46 0 0 0 0 0 0 0 0 0 0 
P1516 2049 1 0 33 54 14 15 15 10 7 0 8 0 0 0 0 0 4 0 0 0 0 0 0 0 0 0 0 0 0 0 0 0 
P1516 2049 2 0 0 0 0 10 23 40 0 0 50 54 105 152 105 57 148 71 0 0 55 84 0 52 155 91 106 65 29 -999 -999 -999 
P1516 2049 3 43 74 87 92 78 0 30 0 43 55 33 16 0 45 22 0 0 29 0 0 0 10 0 0 0 0 0 7 0 0 0 
P1516 2049 4 0 0 0 8 27 23 0 0 5 0 0 0 9 8 0 0 4 0 0 0 0 0 0 0 0 5 0 8 0 0 -999 
P1516 2049 5 0 31 0 9 0 0 0 0 0 0 0 0 0 0 0 13 0 18 0 25 22 0 0 0 0 0 0 0 0 0 0 
P1516 2049 6 0 0 0 0 0 0 0 0 0 0 0 0 0 0 0 9 0 0 0 0 0 0 0 0 0 0 0 0 0 0 -999 
P1516 2049 7 0 0 12 0 0 27 35 0 0 0 0 0 0 0 13 0 0 0 0 0 0 7 0 0 0 0 0 0 0 0 0 
P1516 2049 8 0 0 8 0 0 0 0 0 16 0 0 0 0 0 0 0 0 0 0 0 0 0 0 0 0 0 0 0 6 0 0 
P1516 2049 9 0 0 0 0 0 0 0 0 0 0 0 0 0 0 0 0 0 0 0 0 0 0 4 0 0 0 0 0 0 0 -999 
P1516 2049 10 0 0 0 0 0 0 9 0 0 0 0 0 0 0 0 53 0 20 23 0 10 0 0 0 0 26 45 34 13 13 0 
P1516 2049 11 0 0 0 20 12 25 84 123 82 0 0 0 0 0 11 5 0 0 11 0 0 0 0 0 0 0 0 38 0 0 -999 
P1516 2049 12 0 0 0 0 0 14 0 0 0 0 0 0 0 0 65 67 0 0 0 0 0 0 20 21 0 0 9 0 0 0 0 
P1516 2050 1 5 4 0 3 6 7 0 0 0 0 89 77 109 82 43 124 84 104 24 0 1 0 16 0 0 0 0 0 0 0 12 
P1516 2050 2 0 0 0 0 0 0 0 0 41 0 7 0 0 0 0 0 2 3 4 0 0 0 0 0 0 7 0 0 -999 -999 -999 
P1516 2050 3 0 0 0 0 0 0 0 11 0 0 16 0 0 0 0 0 0 0 37 0 17 19 35 53 0 0 8 16 0 0 0 
P1516 2050 4 15 0 0 0 0 0 0 0 0 16 52 89 7 0 0 0 0 23 0 0 23 62 0 0 0 0 0 0 0 0 -999 
P1516 2050 5 0 51 0 0 0 19 26 0 14 36 0 16 0 0 0 0 0 0 0 0 0 19 0 0 0 0 0 22 0 16 0 
P1516 2050 6 0 0 12 0 0 0 6 0 0 12 0 0 0 0 22 0 0 0 0 0 0 0 0 0 0 0 0 0 0 0 -999 
P1516 2050 7 0 0 0 0 0 0 0 0 0 0 0 0 0 0 0 0 0 0 0 0 0 0 0 0 3 0 0 0 0 0 0 
P1516 2050 8 0 0 0 0 0 0 0 0 0 0 0 0 0 0 0 0 0 0 0 0 12 0 0 0 0 0 0 0 0 0 0 
P1516 2050 9 0 15 0 0 4 0 0 0 0 0 0 0 0 0 0 0 11 6 0 7 0 0 0 0 0 0 0 0 0 0 -999 
P1516 2050 10 0 0 0 0 8 0 0 0 0 0 7 0 12 0 30 42 31 0 22 0 0 16 15 0 10 0 25 35 36 0 0 
P1516 2050 11 35 0 15 0 0 0 0 0 7 6 6 11 16 19 35 10 7 10 0 0 13 0 31 55 0 5 0 0 11 0 -999 
P1516 2050 12 0 7 0 0 10 0 0 0 0 55 0 24 59 82 0 0 0 26 15 0 0 0 0 0 7 0 0 0 0 8 0 
P1516 2051 1 0 20 0 10 0 0 5 0 0 24 20 0 0 35 51 0 7 13 0 2 0 0 3 0 14 0 0 0 0 24 0 
P1516 2051 2 50 60 0 0 22 0 15 0 0 11 8 0 0 0 0 14 21 0 28 42 22 40 71 31 30 43 49 0 -999 -999 -999 
P1516 2051 3 0 13 40 41 41 0 21 27 0 34 0 34 0 0 20 0 0 21 0 0 0 26 26 0 0 0 0 0 0 0 21 
P1516 2051 4 0 0 0 0 0 0 0 19 57 35 4 8 0 26 67 0 0 0 0 0 5 5 0 0 0 13 0 44 12 0 -999 
P1516 2051 5 0 0 21 0 0 0 0 0 0 8 6 0 0 0 0 0 19 0 0 0 16 16 0 0 0 0 0 16 0 0 0 
P1516 2051 6 0 0 27 0 0 0 0 14 27 44 14 0 0 0 0 0 0 0 0 0 0 0 0 0 0 0 0 0 0 0 -999 
P1516 2051 7 0 0 0 0 8 0 0 0 0 0 0 0 0 0 0 0 0 0 0 0 0 0 0 0 0 0 0 0 0 0 0 
P1516 2051 8 0 0 0 0 0 0 0 0 0 0 0 0 0 0 0 0 0 0 0 0 0 7 0 0 0 0 0 0 0 0 0 
P1516 2051 9 0 0 0 0 0 0 0 0 0 0 0 0 0 0 0 0 0 0 0 16 0 0 0 0 0 0 0 0 0 0 -999 
P1516 2051 10 0 0 0 0 0 23 18 26 26 0 14 0 0 0 0 29 0 0 0 0 0 0 0 0 0 0 32 53 0 28 0 
P1516 2051 11 2 0 0 37 32 0 0 0 2 3 0 0 54 39 27 0 0 0 61 0 0 36 61 35 26 0 0 0 21 34 -999 
P1516 2051 12 0 0 0 0 0 86 81 58 0 0 13 0 0 0 31 0 27 0 49 0 0 30 0 0 0 0 0 0 0 0 0 
P1516 2052 1 0 0 0 0 6 3 2 0 0 4 3 0 0 0 0 4 0 0 0 0 2 0 4 0 0 0 0 0 0 0 0 
P1516 2052 2 0 0 0 0 0 0 0 0 0 0 13 0 0 0 24 0 0 37 20 21 19 0 0 0 26 29 8 0 -999 -999 -999 
P1516 2052 3 0 0 0 14 0 0 0 0 0 0 0 10 21 0 37 22 25 0 0 0 66 55 28 29 0 38 19 0 0 0 0 
P1516 2052 4 0 12 0 0 0 0 0 0 0 5 0 0 1 0 0 0 0 0 0 4 0 0 0 0 0 0 0 0 0 23 -999 
P1516 2052 5 0 0 0 0 0 28 34 25 0 0 0 0 0 0 0 0 0 0 0 0 0 0 0 0 0 0 0 33 0 25 0 
P1516 2052 6 11 11 0 0 20 0 0 0 0 0 0 35 0 0 17 32 17 0 0 0 0 0 0 0 0 0 0 9 0 0 -999 
P1516 2052 7 0 0 0 19 0 0 0 0 0 7 0 5 0 0 0 0 0 0 0 0 7 0 0 0 0 0 0 0 0 0 0 
P1516 2052 8 0 0 0 0 0 0 0 0 0 0 0 0 0 0 0 0 0 0 0 0 0 0 0 0 0 0 0 0 0 0 0 
P1516 2052 9 0 0 13 0 0 0 0 0 12 0 0 0 0 0 0 0 16 0 0 0 0 0 8 0 0 0 0 0 0 0 -999 
P1516 2052 10 0 0 0 0 0 0 15 0 0 0 9 0 0 0 0 0 10 7 0 0 0 0 0 0 0 0 0 0 0 0 0 
P1516 2052 11 0 0 0 0 0 0 0 0 0 5 0 0 0 0 0 0 0 7 0 0 0 14 11 0 0 0 90 0 21 33 -999 
P1516 2052 12 34 34 0 17 26 0 0 0 36 113 82 24 64 62 22 9 0 0 24 0 0 0 0 0 17 9 0 0 0 33 20 
P1516 2053 1 6 0 0 0 0 0 0 0 0 0 0 16 0 16 0 0 0 0 0 0 0 2 0 0 2 0 0 0 0 0 0 
P1516 2053 2 0 50 35 65 61 62 70 28 28 13 0 0 0 0 0 0 0 16 0 0 0 0 0 0 0 23 55 95 -999 -999 -999 
P1516 2053 3 0 27 13 0 33 27 0 0 0 23 21 0 0 18 23 21 48 55 39 0 0 17 11 0 0 0 0 0 25 28 28 
P1516 2053 4 31 0 0 20 38 39 61 0 0 0 32 45 9 0 0 0 0 0 0 0 0 0 0 0 0 0 0 9 0 0 -999 
P1516 2053 5 0 0 0 0 30 60 72 35 0 0 0 20 0 0 0 0 0 0 0 0 31 24 31 0 12 9 10 0 0 0 0 
P1516 2053 6 0 0 17 19 11 0 13 0 0 0 0 11 0 0 0 24 0 0 4 0 0 0 0 0 0 0 0 0 0 0 -999 
P1516 2053 7 0 0 0 0 0 17 0 0 0 0 0 0 0 0 0 0 0 0 0 0 0 0 0 0 0 0 0 0 0 0 0 
P1516 2053 8 0 0 0 0 0 0 0 0 0 0 0 0 0 0 0 0 0 0 0 0 0 0 0 0 0 0 0 0 0 0 0 
P1516 2053 9 0 0 0 14 0 0 0 0 0 0 0 0 0 0 0 0 0 0 0 19 0 12 0 0 0 0 0 0 0 0 -999 
P1516 2053 10 0 0 0 0 0 0 0 11 16 0 0 0 0 0 0 27 0 17 6 7 11 0 0 14 0 0 0 19 13 0 0 
P1516 2053 11 0 0 0 0 19 0 16 0 49 0 45 41 0 21 59 61 64 54 9 0 10 14 16 15 0 0 25 13 17 28 -999 
P1516 2053 12 0 0 16 0 0 0 0 0 0 0 0 0 0 0 0 18 12 3 4 0 0 0 15 18 50 61 0 34 64 50 0 
P1516 2054 1 0 39 96 0 64 73 36 0 55 44 0 52 67 96 41 0 0 0 0 0 0 5 0 3 0 0 24 133 98 23 0 
P1516 2054 2 0 90 77 29 5 5 24 33 12 7 10 0 26 24 12 13 5 0 9 0 0 0 0 0 0 0 0 0 -999 -999 -999 
P1516 2054 3 0 0 1 0 0 0 0 0 0 0 2 4 0 4 6 0 8 26 8 10 0 16 33 0 5 0 0 0 0 0 31 
P1516 2054 4 0 0 22 0 45 0 92 58 0 0 40 0 0 0 0 37 17 23 24 0 0 0 3 0 0 0 0 45 38 0 -999 
P1516 2054 5 30 19 19 0 0 0 0 0 0 0 0 0 0 0 0 32 0 0 0 20 25 42 0 69 60 24 0 17 0 0 0 
P1516 2054 6 0 0 0 0 0 0 0 0 0 0 0 0 0 0 0 0 0 0 0 0 0 0 0 0 0 0 0 7 0 0 -999 
P1516 2054 7 0 0 4 0 0 0 0 0 0 0 0 0 0 0 0 0 0 0 0 0 0 0 0 0 0 0 0 0 0 0 0 
P1516 2054 8 0 9 0 0 0 0 0 8 0 0 0 0 0 0 0 0 0 0 0 0 0 8 0 10 0 0 17 0 0 0 0 
P1516 2054 9 0 0 0 0 0 0 0 0 4 0 0 25 28 0 0 7 0 0 0 0 0 0 0 31 0 0 0 0 17 54 -999 
P1516 2054 10 29 0 0 0 0 5 0 0 0 0 0 0 0 0 0 0 0 0 0 0 0 0 0 30 57 34 0 0 0 0 0 
P1516 2054 11 49 15 0 0 0 0 0 0 70 85 57 0 19 0 83 55 0 23 36 81 28 0 0 0 0 0 27 0 0 0 -999 
P1516 2054 12 0 0 0 0 0 0 0 3 0 0 0 41 33 0 6 9 0 0 0 0 0 0 0 40 84 63 72 0 78 0 43 
P1516 2055 1 0 0 0 39 14 0 0 25 0 0 71 20 21 0 0 12 0 106 82 0 0 0 0 0 0 0 4 0 0 1 0 
P1516 2055 2 0 0 0 19 0 29 47 35 0 0 6 0 0 0 0 0 5 0 2 0 0 0 0 0 0 0 0 0 -999 -999 -999 
P1516 2055 3 25 25 34 48 0 0 0 0 0 0 0 0 0 0 0 0 0 0 8 0 0 0 0 0 27 17 9 0 8 1 0 
P1516 2055 4 0 0 0 0 0 0 0 0 0 0 0 17 6 0 0 0 0 0 0 26 26 36 12 0 0 13 0 12 0 0 -999 
P1516 2055 5 13 0 1 0 0 0 0 0 0 0 60 51 0 0 9 0 0 11 0 8 11 0 14 20 24 0 0 0 0 0 0 
P1516 2055 6 0 0 12 0 0 0 0 0 0 0 0 0 0 0 0 0 0 0 0 0 0 0 0 0 0 0 0 0 0 0 -999 
P1516 2055 7 0 0 0 0 0 0 0 0 0 0 0 0 0 0 0 0 0 0 0 0 0 0 0 0 0 0 0 0 0 0 0 
P1516 2055 8 0 0 0 0 0 0 0 0 0 0 0 0 0 0 0 0 0 0 0 0 0 0 0 0 0 0 0 0 0 0 0 
P1516 2055 9 0 0 0 0 0 0 0 0 0 0 0 0 0 0 0 0 0 13 0 0 29 0 0 0 0 0 0 0 0 46 -999 
P1516 2055 10 30 0 19 28 34 0 15 0 0 19 0 0 0 0 34 62 86 51 0 27 5 0 0 0 7 0 13 0 0 0 0 
P1516 2055 11 11 0 0 0 22 45 58 47 29 9 15 0 0 10 13 21 44 0 11 0 0 0 20 9 0 0 46 32 116 64 -999 
P1516 2055 12 0 6 22 0 30 23 0 0 0 0 0 18 0 0 7 0 0 0 0 0 0 9 0 0 0 0 10 25 0 49 0 
P1516 2056 1 0 31 17 0 53 52 72 70 42 71 44 0 0 0 0 0 0 0 0 7 0 0 0 0 28 36 77 0 0 0 0 
P1516 2056 2 0 0 39 11 54 57 0 0 0 0 94 0 32 0 112 0 0 44 56 96 75 84 0 0 0 0 0 23 -999 -999 -999 
P1516 2056 3 23 0 0 16 53 104 0 78 0 78 79 66 54 123 69 11 0 18 43 89 0 0 0 0 0 0 0 55 48 42 11 
P1516 2056 4 0 0 0 0 0 0 0 0 0 0 0 0 0 0 0 12 7 18 31 16 0 0 0 0 0 0 0 0 0 0 -999 
P1516 2056 5 0 0 0 0 0 0 24 0 35 26 0 29 15 0 0 0 0 0 0 12 0 0 0 0 0 0 0 11 0 0 43 
P1516 2056 6 0 0 0 0 0 0 0 0 20 10 0 0 0 0 0 0 0 0 17 0 0 10 17 0 0 0 0 0 0 0 -999 
P1516 2056 7 0 0 25 29 23 0 0 0 0 0 0 0 0 0 0 0 0 0 0 0 0 0 0 0 0 0 0 0 0 0 0 
P1516 2056 8 0 0 0 0 0 0 0 0 9 0 0 0 0 4 0 0 0 0 0 0 0 0 0 0 12 10 13 0 16 0 0 
P1516 2056 9 0 0 0 0 0 0 0 21 0 0 11 8 0 0 14 0 0 16 0 0 9 0 0 0 0 0 0 0 0 0 -999 
P1516 2056 10 0 0 0 0 0 0 22 27 0 0 0 0 0 0 14 11 0 0 0 0 0 11 0 0 79 114 0 0 0 0 0 
P1516 2056 11 0 33 0 0 16 25 0 0 64 43 34 56 0 0 60 0 0 0 0 0 0 0 0 0 0 0 0 0 0 0 -999 
P1516 2056 12 0 0 0 0 0 0 0 0 0 0 0 0 0 0 0 17 19 50 0 0 9 0 0 0 0 6 0 34 28 0 48 
P1516 2057 1 49 80 62 0 52 32 0 0 0 0 48 15 0 0 0 31 0 0 89 24 12 5 5 5 0 13 39 139 123 26 41 
P1516 2057 2 0 0 0 0 41 0 15 0 0 4 0 0 0 9 0 11 0 0 0 0 0 0 0 0 45 34 51 0 -999 -999 -999 
P1516 2057 3 20 34 27 0 4 0 0 0 0 0 0 6 0 0 38 42 46 89 81 50 18 0 0 0 0 0 12 56 36 0 0 
P1516 2057 4 41 34 33 13 0 0 9 0 0 0 0 0 40 35 53 46 48 0 0 0 0 0 0 18 0 0 0 0 0 0 -999 
P1516 2057 5 0 0 17 25 0 24 0 0 36 23 0 0 0 0 0 0 0 7 0 0 0 0 0 17 0 0 0 12 0 0 0 
P1516 2057 6 0 0 0 0 0 0 0 0 0 0 0 0 0 0 0 0 0 0 0 0 0 0 0 0 28 0 0 0 0 0 -999 
P1516 2057 7 0 0 0 0 0 0 0 0 0 0 0 0 0 0 0 0 0 11 0 0 0 0 0 0 0 0 0 0 0 0 0 
P1516 2057 8 0 0 0 0 0 0 0 10 0 0 0 0 0 0 0 0 0 0 0 0 0 21 0 0 0 0 0 0 0 0 6 
P1516 2057 9 12 0 0 0 0 7 0 0 0 12 0 0 0 0 0 0 0 0 0 0 0 0 0 0 0 0 0 0 0 0 -999 
P1516 2057 10 0 0 0 18 0 0 0 0 24 14 14 15 41 0 0 0 0 0 0 0 0 0 18 26 45 0 74 42 41 0 0 
P1516 2057 11 0 0 0 0 0 0 0 0 0 43 51 0 118 31 0 0 0 11 21 29 18 0 0 0 0 0 49 72 20 52 -999 
P1516 2057 12 59 32 67 9 0 0 0 0 0 0 0 0 0 9 0 0 0 19 40 31 0 32 61 96 0 16 20 0 0 0 2 
P1516 2058 1 15 18 0 0 0 8 13 7 24 0 21 62 95 55 117 156 55 61 27 0 0 0 0 0 0 0 31 81 85 88 50 
P1516 2058 2 19 0 0 27 57 38 24 0 23 0 0 56 12 0 0 0 0 0 0 0 0 0 0 0 0 0 0 0 -999 -999 -999 
P1516 2058 3 0 0 0 27 0 14 0 0 0 0 18 35 0 3 0 0 0 0 0 0 0 0 0 0 0 0 0 0 0 0 0 
P1516 2058 4 46 39 12 0 0 0 0 19 0 0 0 0 0 0 0 0 10 0 12 0 0 0 15 0 34 33 16 17 18 29 -999 
P1516 2058 5 15 16 0 0 0 0 22 9 0 0 6 0 17 0 0 0 0 0 0 0 0 0 0 0 0 0 0 0 0 0 0 
P1516 2058 6 0 0 0 0 7 0 13 0 0 0 0 0 0 0 0 0 0 0 0 0 0 0 0 0 0 0 0 0 2 0 -999 
P1516 2058 7 0 0 0 0 0 0 0 0 0 0 0 0 0 0 0 0 0 0 0 0 0 0 0 0 0 0 0 0 0 0 0 
P1516 2058 8 0 0 0 0 0 0 0 0 0 0 0 0 0 0 0 12 0 0 0 0 0 0 0 0 0 0 0 0 0 0 0 
P1516 2058 9 0 0 0 0 0 0 0 0 0 25 17 0 0 0 0 0 0 0 0 0 0 0 0 0 0 0 0 0 0 0 -999 
P1516 2058 10 0 0 0 64 59 23 0 0 0 0 0 0 0 0 0 7 0 0 0 21 35 0 0 21 0 0 0 0 4 0 0 
P1516 2058 11 0 0 0 0 0 0 15 39 66 0 0 0 7 0 0 0 0 0 0 0 0 0 0 4 0 0 4 4 9 0 -999 
P1516 2058 12 0 0 12 14 12 15 0 0 0 0 0 0 0 0 0 0 0 0 0 0 0 5 0 0 0 0 0 8 0 0 0 
P1516 2059 1 0 0 0 0 0 22 25 48 15 3 2 0 0 0 12 0 0 0 0 0 0 0 0 0 0 0 0 0 0 0 0 
P1516 2059 2 0 3 0 5 0 0 0 0 0 0 0 49 46 26 0 0 0 0 0 0 0 0 7 0 0 0 0 0 -999 -999 -999 
P1516 2059 3 0 0 0 0 0 8 0 0 0 16 0 0 0 0 0 0 0 0 0 7 0 0 0 0 9 19 0 0 33 53 0 
P1516 2059 4 0 5 0 0 0 0 0 68 0 53 33 45 26 0 0 22 27 0 0 0 0 42 36 91 29 0 0 0 0 0 -999 
P1516 2059 5 0 1 0 0 0 0 0 3 0 0 0 0 0 0 0 0 0 51 34 13 0 0 0 24 0 0 0 11 0 0 0 
P1516 2059 6 25 0 0 0 0 0 0 0 0 0 0 0 0 0 0 0 0 0 0 0 0 0 0 0 0 0 20 0 0 0 -999 
P1516 2059 7 17 0 0 0 0 0 0 0 0 0 0 0 6 0 0 0 0 0 0 0 0 0 0 0 0 0 0 0 0 0 0 
P1516 2059 8 0 0 0 0 0 0 0 0 0 0 0 0 0 0 0 0 0 0 0 0 0 0 0 0 0 0 9 0 0 0 0 
P1516 2059 9 0 0 0 0 0 0 0 0 0 0 0 0 6 0 0 0 0 0 0 0 7 0 0 0 0 0 0 0 0 0 -999 
P1516 2059 10 0 0 19 0 0 0 53 0 0 0 4 0 0 0 0 0 0 16 0 18 0 0 0 0 0 0 0 58 0 0 0 
P1516 2059 11 0 0 52 52 0 0 0 0 0 0 0 0 0 0 0 12 16 0 0 11 0 0 0 0 0 0 0 0 0 0 -999 
P1516 2059 12 0 0 0 0 23 41 0 0 0 38 30 29 0 0 0 0 1 1 0 0 0 0 0 18 32 83 79 40 38 29 0 
P1516 2060 1 0 12 0 30 15 0 0 18 31 0 83 77 87 0 0 0 0 9 0 0 0 0 2 0 0 0 0 0 0 0 0 
P1516 2060 2 0 4 0 0 0 0 0 0 7 0 0 23 6 0 0 0 0 8 0 0 0 0 0 8 0 0 0 26 -999 -999 -999 
P1516 2060 3 0 0 0 0 0 0 44 0 0 0 0 8 0 0 0 0 0 0 0 0 0 0 0 37 0 0 0 42 49 27 5 
P1516 2060 4 28 0 0 16 0 0 16 27 48 51 0 0 0 0 0 40 0 0 0 0 0 0 0 0 0 0 0 7 0 7 -999 
P1516 2060 5 0 0 0 0 0 0 9 0 0 0 0 0 5 0 0 0 0 0 0 0 0 0 0 0 0 0 0 0 0 0 15 
P1516 2060 6 0 0 0 0 0 19 7 0 0 0 0 0 0 0 0 0 0 0 0 23 20 16 19 0 0 0 0 0 18 0 -999 
P1516 2060 7 0 0 0 0 0 0 0 0 0 0 0 0 0 0 0 0 0 0 0 0 0 5 0 0 0 0 0 0 0 0 0 
P1516 2060 8 0 0 0 0 0 0 0 0 0 0 0 0 0 0 9 0 0 0 0 0 0 0 4 0 0 0 0 0 0 0 0 
P1516 2060 9 0 0 0 0 0 0 0 0 0 0 0 0 0 17 16 0 0 0 0 14 0 0 0 0 0 0 0 12 17 18 -999 
P1516 2060 10 11 0 0 0 0 0 0 0 0 0 0 0 0 0 0 0 0 0 0 0 0 0 0 0 0 0 0 0 0 0 0 
P1516 2060 11 0 17 0 23 0 41 35 34 63 44 24 43 0 0 0 0 84 92 105 67 0 0 0 0 0 22 0 24 0 11 -999 
P1516 2060 12 0 0 0 15 0 0 60 0 0 0 0 0 0 0 0 8 0 0 0 9 0 11 18 0 15 16 22 30 72 43 17 
P1516 2061 1 12 0 0 0 0 21 47 36 28 0 0 6 0 2 0 0 0 0 0 0 0 0 16 0 0 0 0 0 0 0 7 
P1516 2061 2 0 0 0 0 0 8 0 15 26 27 40 29 0 18 0 0 0 0 0 0 14 0 0 11 0 0 16 0 -999 -999 -999 
P1516 2061 3 28 16 0 0 0 0 0 11 38 0 0 0 0 0 0 32 44 62 0 0 0 0 36 56 99 0 11 0 0 0 17 
P1516 2061 4 32 0 66 54 0 0 0 0 0 0 25 30 0 0 7 0 0 0 31 0 6 3 0 0 0 0 0 0 0 0 -999 
P1516 2061 5 0 14 0 0 0 0 0 0 0 0 7 0 0 0 0 19 0 0 8 0 0 0 0 0 0 7 0 0 0 0 0 
P1516 2061 6 0 0 0 0 0 0 0 0 0 0 0 0 0 24 0 6 0 0 0 0 0 0 0 0 0 0 0 0 0 0 -999 
P1516 2061 7 0 0 0 0 9 0 0 0 0 0 0 0 0 0 0 0 0 0 0 0 0 0 0 0 0 0 0 0 0 0 0 
P1516 2061 8 0 0 0 0 0 0 0 0 0 0 0 0 0 0 0 0 0 0 0 0 0 0 0 0 0 0 0 10 0 0 0 
P1516 2061 9 0 0 0 0 0 0 0 0 0 0 0 0 0 29 0 0 0 0 0 6 0 17 0 0 0 35 0 0 0 0 -999 
P1516 2061 10 0 0 0 0 0 0 0 17 0 0 0 0 0 0 0 60 42 31 0 86 0 0 87 98 18 6 12 43 61 0 0 
P1516 2061 11 68 33 0 0 0 0 0 0 0 73 21 0 0 0 18 30 56 23 0 0 0 0 0 0 0 0 7 0 17 8 -999 
P1516 2061 12 6 0 2 0 0 10 0 0 0 7 0 28 9 8 13 0 0 14 12 12 28 56 8 0 4 0 0 0 12 0 20 
P1516 2062 1 0 0 10 0 0 0 0 5 0 0 2 0 0 5 5 0 0 30 0 0 0 0 0 10 0 54 53 36 0 0 0 
P1516 2062 2 0 0 27 0 0 0 0 0 19 16 23 0 3 0 0 0 0 6 8 0 0 0 0 0 42 43 27 0 -999 -999 -999 
P1516 2062 3 5 0 17 27 35 0 4 0 10 0 67 87 135 176 66 0 0 18 45 7 0 0 38 0 0 0 0 3 0 0 0 
P1516 2062 4 0 0 0 0 0 0 0 0 0 0 11 5 0 0 0 15 0 0 0 0 0 0 6 0 0 0 0 30 36 49 -999 
P1516 2062 5 16 0 0 0 0 0 0 0 30 0 0 8 0 0 0 0 0 0 0 0 0 0 0 0 0 0 14 0 0 0 0 
P1516 2062 6 0 0 20 0 19 0 0 10 0 0 9 0 9 0 0 0 0 0 0 0 14 0 0 0 14 0 0 0 0 0 -999 
P1516 2062 7 0 17 0 0 19 0 0 0 0 0 0 0 15 12 0 0 0 0 0 0 0 0 0 0 0 0 0 0 0 0 0 
P1516 2062 8 0 0 0 0 0 0 0 0 0 0 10 0 0 0 0 0 0 0 0 0 0 0 0 0 0 0 0 0 0 0 0 
P1516 2062 9 0 0 0 0 0 0 0 0 0 12 0 0 0 0 0 11 0 0 0 0 0 0 0 0 0 0 0 0 0 0 -999 
P1516 2062 10 0 0 16 58 107 91 0 0 0 16 30 0 0 0 0 0 36 12 0 0 0 0 0 0 4 0 0 0 16 15 10 
P1516 2062 11 0 0 0 0 0 0 17 0 0 0 0 12 0 47 0 11 15 37 0 2 0 12 30 15 0 25 0 0 0 0 -999 
P1516 2062 12 12 0 0 0 0 0 0 0 9 0 0 0 0 0 0 0 32 0 17 0 0 0 0 0 0 0 0 0 0 0 24 
P1516 2063 1 0 47 80 39 18 0 72 143 112 27 0 26 62 68 72 91 79 70 83 44 72 88 50 33 63 43 0 0 15 68 49 
P1516 2063 2 101 31 31 29 0 0 14 0 0 0 76 46 0 65 75 116 52 18 4 0 0 2 0 4 0 8 0 0 -999 -999 -999 
P1516 2063 3 0 0 0 0 0 18 0 22 0 0 0 0 38 49 46 90 31 0 9 0 0 0 0 31 110 59 57 37 46 0 63 
P1516 2063 4 0 8 0 24 67 0 0 0 80 26 0 0 8 0 0 0 0 8 0 10 0 0 0 12 8 16 0 0 0 0 -999 
P1516 2063 5 29 0 26 0 0 0 0 0 0 0 0 22 31 0 0 0 0 0 0 0 0 0 0 0 0 13 5 0 0 0 0 
P1516 2063 6 0 0 9 0 0 0 0 0 0 0 0 0 0 0 0 0 0 23 0 0 0 0 0 0 0 0 0 0 0 0 -999 
P1516 2063 7 0 0 0 0 0 0 0 0 0 0 0 0 0 0 0 0 0 0 0 0 0 0 0 0 0 0 0 0 0 0 0 
P1516 2063 8 0 0 0 0 0 0 0 17 0 26 0 0 0 0 0 0 0 0 0 0 0 0 0 0 19 0 0 11 0 0 0 
P1516 2063 9 0 0 0 0 0 0 0 0 0 0 0 0 0 0 0 0 0 15 23 0 0 0 0 0 0 16 0 0 0 0 -999 
P1516 2063 10 0 0 5 0 0 0 0 0 0 0 0 0 0 0 28 11 0 0 0 0 0 0 0 0 0 17 6 0 0 0 0 
P1516 2063 11 0 4 0 0 0 0 0 0 0 0 0 7 0 32 0 0 0 0 0 0 0 23 8 0 0 0 0 0 1 0 -999 
P1516 2063 12 0 0 0 0 0 0 0 0 0 0 0 0 6 0 16 3 0 0 0 3 0 0 0 0 0 0 0 0 0 0 0 
P1516 2064 1 0 0 0 0 0 0 2 0 0 0 0 0 0 0 24 55 0 0 0 0 1 0 0 0 12 28 23 0 0 24 18 
P1516 2064 2 17 38 28 23 19 0 10 9 0 1 0 0 0 4 0 1 0 0 0 0 0 0 0 0 0 2 0 0 -999 -999 -999 
P1516 2064 3 16 11 0 0 0 26 26 38 48 51 0 14 18 38 59 0 36 43 0 37 20 0 0 0 22 55 28 0 0 15 0 
P1516 2064 4 0 15 43 0 0 0 34 0 0 0 0 0 0 16 0 25 13 0 0 17 0 0 0 43 34 0 0 0 0 23 -999 
P1516 2064 5 0 0 0 0 13 19 26 0 0 0 9 12 0 0 0 0 4 0 13 0 0 0 0 17 0 0 0 0 0 0 0 
P1516 2064 6 0 0 0 0 0 0 0 0 0 0 0 0 0 0 0 22 0 0 0 0 0 0 0 0 0 0 0 0 0 0 -999 
P1516 2064 7 0 0 0 0 0 0 0 0 0 0 0 14 0 0 0 0 0 0 0 0 0 0 0 0 0 0 0 0 0 0 0 
P1516 2064 8 0 0 0 0 0 0 0 0 0 0 0 0 0 0 0 0 0 0 0 0 0 0 0 0 0 0 0 0 0 0 0 
P1516 2064 9 29 33 0 14 0 0 0 0 0 0 0 0 0 0 0 0 12 0 0 13 0 0 28 0 0 0 0 9 0 0 -999 
P1516 2064 10 0 0 4 0 15 0 33 38 0 0 0 0 0 0 0 0 0 0 0 0 0 6 0 23 16 0 14 15 0 0 0 
P1516 2064 11 0 0 0 16 43 0 0 0 0 0 0 0 25 81 0 0 0 1 0 0 0 0 0 0 0 0 15 24 0 11 -999 
P1516 2064 12 0 0 0 37 0 72 61 118 159 52 0 0 0 25 0 0 0 0 0 5 0 5 0 0 0 0 0 0 0 0 0 
P1516 2065 1 0 0 0 0 0 12 0 0 19 31 26 31 0 64 16 17 0 0 0 0 0 0 0 0 0 0 0 0 22 25 31 
P1516 2065 2 24 0 0 0 0 0 0 14 0 0 0 0 58 78 54 75 80 81 68 0 13 3 0 0 0 15 12 0 -999 -999 -999 
P1516 2065 3 0 0 0 0 0 0 0 0 0 0 0 4 0 2 3 0 0 0 0 9 0 0 0 0 29 0 19 0 0 0 0 
P1516 2065 4 0 0 0 0 0 0 0 0 0 0 0 0 0 0 0 0 0 0 0 0 0 0 0 0 0 0 0 0 0 0 -999 
P1516 2065 5 0 0 0 0 0 0 0 0 0 0 0 0 0 0 0 0 0 0 0 0 0 15 0 0 0 11 0 0 0 0 0 
P1516 2065 6 0 0 0 0 0 0 0 0 0 0 0 0 0 0 0 16 0 0 0 0 0 0 0 0 0 0 0 15 0 0 -999 
P1516 2065 7 0 0 16 0 0 0 0 0 0 0 0 0 0 0 0 0 0 0 0 0 0 0 0 0 0 0 0 0 0 0 0 
P1516 2065 8 0 0 0 0 0 0 0 0 0 0 0 0 0 0 0 0 6 0 0 0 0 0 0 0 0 0 0 0 0 0 0 
P1516 2065 9 0 0 0 0 0 0 0 0 0 0 0 0 0 0 0 0 0 0 0 0 0 0 0 0 0 0 7 0 0 0 -999 
P1516 2065 10 0 0 0 0 0 0 29 28 27 26 20 24 19 0 0 30 0 0 0 0 25 15 55 0 25 38 69 0 40 60 0 
P1516 2065 11 0 0 0 0 0 0 0 0 0 0 0 0 0 0 0 0 0 0 7 0 48 53 0 0 15 0 0 30 11 18 -999 
P1516 2065 12 15 0 0 0 3 0 0 0 5 16 30 0 38 0 0 0 20 0 43 78 48 114 97 163 172 210 140 22 0 0 0 
P1516 2066 1 0 0 0 5 0 0 0 0 24 33 59 0 37 0 64 0 0 0 85 36 13 0 52 0 0 0 0 0 0 0 0 
P1516 2066 2 0 0 0 0 0 20 0 16 36 22 26 15 13 0 0 0 0 6 0 0 0 0 5 6 84 61 0 40 -999 -999 -999 
P1516 2066 3 0 0 4 0 0 14 51 8 3 3 0 0 0 0 0 0 0 4 0 0 0 0 0 0 0 0 0 3 0 0 0 
P1516 2066 4 0 0 7 0 0 17 0 0 8 11 0 0 14 0 0 19 0 0 0 15 0 0 0 7 19 0 0 0 69 46 -999 
P1516 2066 5 14 6 0 0 0 0 0 20 0 0 0 0 0 0 0 0 0 0 0 0 0 0 0 0 0 0 0 0 0 0 0 
P1516 2066 6 0 0 0 0 0 0 0 0 0 0 0 0 0 0 0 0 0 0 0 0 0 0 0 0 0 0 0 0 0 0 -999 
P1516 2066 7 0 0 0 0 0 0 0 0 0 0 0 0 0 0 0 0 0 0 0 0 0 0 0 0 0 0 0 0 0 0 0 
P1516 2066 8 0 0 0 0 0 0 0 0 0 0 0 0 0 0 0 0 0 0 0 0 0 0 0 0 0 0 22 6 0 0 0 
P1516 2066 9 0 0 0 0 0 0 0 0 9 0 0 0 0 0 0 0 0 0 0 0 19 15 0 0 32 30 0 14 0 0 -999 
P1516 2066 10 17 0 0 0 6 0 0 0 0 0 0 0 0 8 0 0 0 0 0 0 23 21 0 0 0 0 0 0 13 0 0 
P1516 2066 11 0 0 0 0 52 0 0 27 26 0 22 0 43 0 0 0 0 0 0 0 0 0 0 0 0 0 0 0 0 0 -999 
P1516 2066 12 6 0 0 25 0 0 0 0 0 0 0 8 0 48 98 101 196 186 91 0 27 18 7 5 5 10 7 0 17 55 67 
P1516 2067 1 19 95 35 12 15 21 16 14 0 0 38 33 35 34 66 0 54 0 33 115 83 86 73 74 119 90 141 0 0 0 61 
P1516 2067 2 71 0 103 44 0 0 45 52 19 43 61 14 33 91 55 9 12 0 101 0 83 47 0 0 0 94 81 10 -999 -999 -999 
P1516 2067 3 0 0 0 3 0 0 0 0 0 10 0 0 61 19 0 0 0 0 6 0 10 0 0 13 0 5 0 0 9 0 0 
P1516 2067 4 0 0 0 0 0 0 0 0 12 0 0 0 10 0 37 0 10 0 14 14 20 14 27 0 16 11 0 0 0 0 -999 
P1516 2067 5 0 26 22 11 17 0 3 7 0 0 29 15 0 0 0 0 0 0 26 29 17 0 0 0 0 17 13 0 0 0 0 
P1516 2067 6 0 0 0 15 0 0 0 0 0 0 0 0 14 0 0 0 0 0 0 3 0 0 0 0 0 0 0 0 0 0 -999 
P1516 2067 7 0 0 0 0 0 0 0 0 4 0 0 0 0 0 0 0 0 0 0 0 0 0 0 0 0 0 0 0 0 0 0 
P1516 2067 8 0 0 0 0 0 0 0 0 0 0 0 0 0 0 0 0 0 0 0 0 0 0 0 0 0 0 0 0 0 0 0 
P1516 2067 9 0 0 0 0 0 0 0 0 0 0 0 0 0 0 0 0 0 0 0 0 0 0 0 0 0 0 0 0 0 0 -999 
P1516 2067 10 0 0 0 0 0 0 0 0 0 0 0 0 0 0 0 0 0 4 0 0 0 0 0 0 0 0 0 0 8 0 20 
P1516 2067 11 34 19 0 0 0 0 19 0 0 0 1 0 0 0 8 0 16 9 0 0 0 0 0 20 0 0 0 0 0 26 -999 
P1516 2067 12 0 14 25 0 40 13 0 0 30 0 0 0 0 0 0 0 0 5 0 0 0 0 0 0 0 0 60 36 35 5 0 
P1516 2068 1 0 0 4 0 33 83 85 0 0 0 0 0 0 0 1 0 0 0 0 0 0 0 0 0 0 28 11 0 13 0 11 
P1516 2068 2 0 0 0 0 0 0 24 0 0 12 0 0 12 0 0 0 0 0 0 0 0 18 0 8 0 0 42 0 -999 -999 -999 
P1516 2068 3 0 42 32 31 109 116 0 0 55 35 11 13 24 0 7 0 0 102 36 13 11 45 56 6 0 17 0 0 0 0 0 
P1516 2068 4 47 38 15 10 0 0 0 58 51 36 20 0 0 0 0 0 0 4 0 0 0 0 20 18 0 0 12 0 9 0 -999 
P1516 2068 5 0 13 0 0 0 0 0 0 16 0 0 0 46 0 0 0 0 0 18 15 0 12 0 0 10 13 0 0 0 0 18 
P1516 2068 6 0 19 0 0 0 0 0 12 6 0 0 0 0 0 0 0 0 0 0 0 0 0 0 0 0 0 0 0 0 0 -999 
P1516 2068 7 0 0 0 0 0 0 0 0 0 0 0 0 0 0 0 10 0 0 0 0 0 0 0 0 0 0 0 0 0 0 0 
P1516 2068 8 0 0 0 0 0 0 0 0 4 0 0 0 0 0 0 0 0 0 0 0 0 0 0 0 0 0 0 0 0 12 11 
P1516 2068 9 0 0 0 0 0 0 0 0 18 0 42 19 0 0 0 0 0 0 0 0 0 0 0 0 11 0 6 0 0 0 -999 
P1516 2068 10 0 0 0 0 0 0 0 0 0 0 0 0 0 0 13 0 0 0 0 0 0 11 0 0 0 0 0 0 0 0 0 
P1516 2068 11 0 0 0 14 6 0 4 2 1 0 0 5 0 0 0 0 0 0 0 32 31 0 0 0 0 0 0 0 0 0 -999 
P1516 2068 12 0 0 0 0 0 15 33 63 38 31 0 6 0 87 34 0 0 0 11 19 15 12 21 0 41 49 0 0 17 19 0 
P1516 2069 1 29 63 22 0 0 0 0 0 0 0 0 0 7 0 0 0 0 0 0 0 0 0 0 0 0 0 0 30 40 0 0 
P1516 2069 2 0 0 28 77 110 0 0 61 85 10 3 6 0 0 16 0 0 0 0 0 0 0 0 0 0 0 25 27 -999 -999 -999 
P1516 2069 3 37 0 0 0 0 22 0 0 0 0 0 0 7 0 0 0 0 0 0 0 0 0 0 0 0 0 25 32 39 26 0 
P1516 2069 4 26 0 0 0 23 0 17 17 22 26 0 0 0 8 0 0 0 0 0 0 0 19 0 10 29 24 0 0 6 5 -999 
P1516 2069 5 0 6 9 0 0 0 0 0 0 14 0 0 0 0 0 19 29 0 0 0 30 22 0 0 12 0 0 0 0 0 0 
P1516 2069 6 0 0 0 0 0 0 0 9 0 0 0 0 0 0 0 0 0 0 0 0 0 0 0 0 0 0 0 0 0 0 -999 
P1516 2069 7 0 0 0 5 0 0 0 0 0 0 0 0 0 0 0 0 0 0 0 0 0 0 0 0 0 0 0 0 0 0 0 
P1516 2069 8 0 0 0 0 0 0 0 0 0 11 0 0 0 0 0 0 0 0 0 0 0 0 0 0 0 0 0 0 0 0 0 
P1516 2069 9 0 0 0 0 0 0 0 0 0 0 0 0 0 0 0 0 0 0 0 0 0 0 0 0 0 0 0 0 23 0 -999 
P1516 2069 10 0 0 9 0 0 0 0 0 0 0 0 0 7 6 0 0 21 40 70 72 39 26 39 0 0 0 46 70 75 48 0 
P1516 2069 11 0 0 0 38 0 0 44 75 0 0 0 0 0 0 0 0 0 0 0 0 0 0 0 0 0 0 0 0 13 0 -999 
P1516 2069 12 0 0 0 13 0 0 0 0 7 0 0 0 0 0 0 0 7 0 0 0 10 26 30 11 8 7 0 0 59 36 16 
P1516 2070 1 0 0 41 37 0 27 86 113 103 40 52 0 0 0 0 0 0 0 0 0 0 0 0 0 0 3 0 2 5 0 0 
P1516 2070 2 14 16 0 0 0 0 0 0 0 0 19 0 0 0 0 0 0 10 9 0 19 0 0 52 36 86 82 23 -999 -999 -999 
P1516 2070 3 29 17 0 0 0 0 0 0 0 0 34 17 15 0 0 37 26 44 0 83 125 0 0 0 0 0 0 0 15 0 0 
P1516 2070 4 0 0 0 0 0 0 0 0 59 33 22 0 19 0 0 31 0 31 16 0 0 0 0 0 0 0 25 23 0 0 -999 
P1516 2070 5 0 9 0 58 56 0 0 26 0 0 0 11 0 0 0 0 18 0 0 0 27 25 16 0 0 0 0 0 0 0 0 
P1516 2070 6 0 0 0 0 0 0 0 0 0 0 0 15 4 4 0 0 0 0 0 0 0 0 0 0 0 7 0 0 0 0 -999 
P1516 2070 7 0 0 0 0 0 0 0 0 0 0 0 0 0 0 0 0 0 0 0 0 0 0 0 0 0 0 0 0 0 0 0 
P1516 2070 8 0 0 0 0 0 0 0 0 0 0 0 11 8 0 0 0 0 0 0 0 0 0 0 0 0 0 0 0 0 0 0 
P1516 2070 9 0 0 0 0 0 0 6 0 0 0 4 0 0 0 0 0 0 0 12 0 0 0 0 0 0 0 0 0 0 14 -999 
P1516 2070 10 0 0 8 12 0 15 10 0 0 0 0 30 53 24 25 28 53 107 0 6 0 0 8 9 0 0 6 7 6 0 0 
P1516 2070 11 18 0 0 0 0 0 0 0 0 0 0 0 0 0 0 0 9 7 5 6 0 0 12 0 0 0 0 64 57 19 -999 
P1516 2070 12 20 48 0 0 0 0 9 0 28 20 60 14 36 22 0 0 27 18 0 48 24 61 61 0 0 38 0 0 61 96 10 
P1516 2071 1 0 0 0 20 0 0 0 15 30 65 47 0 63 32 0 0 0 0 23 15 0 0 8 13 0 42 60 35 23 0 0 
P1516 2071 2 9 0 7 6 18 49 32 12 21 38 45 50 37 0 0 0 39 26 0 28 13 0 10 0 0 0 0 0 -999 -999 -999 
P1516 2071 3 0 0 0 0 0 0 22 0 25 28 32 0 15 41 0 0 17 0 23 0 0 0 0 0 0 0 0 0 0 6 0 
P1516 2071 4 0 58 47 0 0 0 0 0 0 0 0 0 0 16 18 0 12 12 0 23 0 0 29 22 34 26 0 0 0 17 -999 
P1516 2071 5 0 0 25 23 0 0 0 30 28 24 0 0 0 0 13 0 0 0 0 0 0 0 0 12 0 0 0 0 0 0 0 
P1516 2071 6 21 0 0 18 12 0 0 0 0 19 0 0 36 0 0 0 0 24 0 0 0 0 0 0 0 0 0 0 0 0 -999 
P1516 2071 7 0 0 19 0 0 0 0 0 4 0 0 0 0 0 0 0 0 0 0 0 0 0 0 0 0 0 0 0 0 0 0 
P1516 2071 8 0 0 0 0 0 0 0 0 0 0 0 0 0 0 0 0 0 0 0 0 0 0 0 0 0 0 0 0 4 0 0 
P1516 2071 9 0 0 0 0 0 0 0 0 0 0 11 0 0 0 0 0 0 0 0 0 0 0 0 0 0 0 0 0 0 0 -999 
P1516 2071 10 0 6 0 0 0 5 0 0 0 17 12 0 0 0 27 0 56 0 0 11 0 0 29 6 0 0 0 0 38 0 57 
P1516 2071 11 0 0 77 70 30 0 0 0 0 0 0 0 0 0 0 0 10 5 0 24 23 23 0 0 30 0 4 0 0 0 -999 
P1516 2071 12 0 0 0 0 30 95 95 71 70 138 103 117 80 73 30 0 0 69 30 0 0 0 70 115 39 117 46 0 0 22 50 
P1516 2072 1 39 26 0 0 0 16 12 0 10 0 0 0 0 0 0 0 0 0 15 27 35 16 22 0 0 51 47 0 0 0 18 
P1516 2072 2 64 0 0 0 37 14 0 0 3 0 0 2 0 0 0 0 3 9 48 36 17 0 0 0 10 0 0 0 -999 -999 -999 
P1516 2072 3 0 0 0 0 0 0 0 0 0 0 0 0 0 0 0 0 0 13 16 0 0 0 0 0 0 0 0 34 30 0 23 
P1516 2072 4 0 8 0 0 0 0 0 0 0 0 6 0 4 0 0 0 0 0 0 0 20 0 20 3 0 0 0 0 28 0 -999 
P1516 2072 5 0 0 10 0 0 29 14 0 0 0 0 19 0 0 0 0 14 19 17 0 0 0 0 10 0 0 0 0 0 9 7 
P1516 2072 6 7 0 0 0 0 0 0 0 0 0 13 20 0 0 0 0 4 0 11 0 0 0 0 0 0 0 0 0 0 0 -999 
P1516 2072 7 0 0 15 12 0 0 0 0 0 0 0 0 0 0 0 0 0 14 0 0 0 0 0 0 0 0 0 0 0 0 0 
P1516 2072 8 0 0 15 0 0 0 0 0 0 0 0 0 0 0 0 0 0 0 0 0 0 0 0 0 0 0 0 0 0 0 0 
P1516 2072 9 0 0 0 0 0 0 0 0 0 0 0 0 0 0 0 0 0 0 0 0 0 13 10 0 0 41 0 18 0 12 -999 
P1516 2072 10 0 0 0 0 0 0 0 0 0 0 0 0 7 0 19 22 12 21 2 0 0 11 0 4 0 0 0 0 0 0 0 
P1516 2072 11 0 0 0 0 5 26 1 2 0 17 24 0 16 41 0 2 0 0 0 0 0 0 0 0 0 0 42 0 0 1 -999 
P1516 2072 12 0 0 25 19 12 0 0 0 0 0 0 0 0 0 11 0 33 11 20 23 89 37 12 0 51 70 0 0 0 0 37 
P1516 2073 1 6 0 0 0 2 0 0 0 0 0 0 0 0 0 0 0 0 0 31 39 52 0 0 0 6 0 0 8 0 0 0 
P1516 2073 2 41 84 76 0 28 24 0 0 12 8 0 0 0 16 0 0 0 0 18 2 3 0 0 0 0 0 0 0 -999 -999 -999 
P1516 2073 3 0 27 7 0 0 0 28 39 0 37 0 0 33 19 0 16 0 10 0 0 0 0 0 17 0 0 76 118 148 19 0 
P1516 2073 4 0 0 16 13 0 42 34 22 0 0 0 28 33 27 0 0 0 0 0 0 0 0 24 0 0 52 0 21 0 0 -999 
P1516 2073 5 0 16 0 13 0 0 0 0 0 0 0 0 0 55 35 57 35 0 6 8 7 0 0 0 0 0 0 12 0 0 0 
P1516 2073 6 0 0 0 0 0 0 0 0 0 0 0 0 0 0 0 0 0 0 0 0 0 0 0 0 0 0 0 0 0 20 -999 
P1516 2073 7 0 0 0 12 0 0 0 0 0 0 0 0 0 0 0 0 0 0 0 0 0 0 0 14 0 13 0 0 0 0 0 
P1516 2073 8 0 0 0 0 0 0 0 0 0 0 0 0 0 0 0 0 0 0 0 0 0 0 0 0 0 0 0 0 0 0 0 
P1516 2073 9 0 0 0 0 0 0 0 0 0 15 0 0 0 0 0 0 0 0 0 0 0 0 0 27 17 0 0 0 0 0 -999 
P1516 2073 10 0 0 0 0 0 0 0 30 27 0 0 0 0 0 0 0 0 0 0 0 0 0 0 0 0 0 0 0 0 0 0 
P1516 2073 11 0 21 0 0 0 0 0 0 0 0 0 0 0 0 0 51 16 23 79 80 80 102 0 15 0 21 26 0 0 0 -999 
P1516 2073 12 0 0 0 0 0 0 0 0 10 0 0 0 22 0 0 0 0 0 23 0 0 18 8 0 0 0 5 0 94 133 321 
P1516 2074 1 138 30 39 122 154 113 57 0 64 82 53 0 21 6 9 0 0 0 0 0 0 0 0 12 0 0 0 0 15 0 0 
P1516 2074 2 0 0 0 0 0 0 0 0 0 0 18 19 30 29 20 25 43 27 18 36 0 20 0 0 17 105 88 121 -999 -999 -999 
P1516 2074 3 0 17 0 14 13 36 44 0 0 12 0 0 34 0 0 0 0 0 0 0 0 66 0 45 0 8 0 5 0 0 0 
P1516 2074 4 0 0 0 0 0 0 10 0 0 0 0 0 16 0 24 56 16 0 39 55 16 0 9 0 0 0 0 16 0 0 -999 
P1516 2074 5 0 0 0 0 0 9 0 0 0 0 0 38 30 28 32 23 23 0 0 16 0 14 0 9 8 0 0 0 0 0 0 
P1516 2074 6 0 0 0 0 0 9 0 8 0 23 16 10 7 0 0 0 0 0 0 0 0 0 0 0 0 0 0 0 0 0 -999 
P1516 2074 7 0 0 0 8 0 0 0 0 0 0 0 0 0 0 0 0 0 0 0 0 0 0 0 0 0 0 0 0 0 0 0 
P1516 2074 8 0 0 0 0 9 0 0 0 0 0 0 0 0 6 0 0 0 0 0 0 0 0 0 0 0 0 10 0 0 0 0 
P1516 2074 9 0 0 0 12 0 0 0 0 0 0 0 12 0 0 0 0 0 0 0 0 0 0 9 0 0 0 0 0 0 0 -999 
P1516 2074 10 6 0 0 0 0 0 0 0 0 0 0 0 0 0 0 0 0 0 0 0 0 0 47 0 0 0 0 0 0 0 0 
P1516 2074 11 0 0 0 18 17 0 0 14 0 0 0 0 9 9 22 0 22 0 16 44 22 8 0 0 0 0 7 14 0 0 -999 
P1516 2074 12 0 0 0 0 0 3 0 5 12 12 0 48 44 14 0 0 0 0 0 0 7 0 2 4 2 0 0 0 9 34 9 
P1516 2075 1 0 0 0 0 0 0 0 0 0 0 22 23 0 11 28 21 0 0 0 0 15 0 0 0 14 0 0 0 0 0 0 
P1516 2075 2 0 0 0 0 0 64 54 85 126 56 106 146 145 27 12 7 0 0 19 0 0 0 0 0 66 0 0 0 -999 -999 -999 
P1516 2075 3 0 28 15 7 0 0 0 0 0 0 0 0 0 0 0 0 27 37 30 0 22 39 0 34 43 23 15 10 0 0 0 
P1516 2075 4 0 0 0 23 22 56 91 104 95 28 12 0 0 0 0 0 0 14 0 56 47 25 0 0 9 0 7 0 0 0 -999 
P1516 2075 5 0 22 0 31 20 0 0 12 0 0 0 0 0 0 0 0 0 0 0 0 0 0 0 0 0 0 0 0 0 0 0 
P1516 2075 6 0 0 25 0 0 0 0 0 0 16 0 0 0 0 0 0 0 0 0 0 0 0 0 0 6 0 0 0 0 0 -999 
P1516 2075 7 0 0 0 0 0 0 0 0 0 0 0 0 0 0 0 0 0 0 0 0 0 0 0 0 16 0 0 0 0 0 0 
P1516 2075 8 0 0 0 0 0 0 0 0 0 0 0 0 0 0 0 0 0 0 0 0 0 0 0 0 0 10 0 0 0 0 0 
P1516 2075 9 0 0 0 0 11 0 0 0 0 0 0 0 0 0 0 0 0 0 0 0 0 0 0 0 0 0 0 0 0 0 -999 
P1516 2075 10 0 23 25 0 0 15 0 68 80 29 13 0 0 0 0 0 7 0 0 0 0 0 0 0 0 0 0 0 0 64 0 
P1516 2075 11 0 0 0 0 31 0 64 0 0 0 0 0 0 0 95 68 0 22 20 0 0 40 31 0 0 0 0 0 0 0 -999 
P1516 2075 12 0 0 0 44 0 0 31 74 41 17 0 22 22 50 45 23 13 0 0 0 11 0 0 0 0 0 0 0 0 0 0 
P1516 2076 1 0 0 0 0 0 0 0 0 7 6 0 0 7 0 0 0 0 0 0 0 0 0 0 0 0 0 0 0 0 0 0 
P1516 2076 2 61 35 15 0 0 0 0 0 4 3 0 0 0 0 4 6 6 7 0 0 0 6 0 0 0 0 0 0 -999 -999 -999 
P1516 2076 3 0 20 0 0 0 23 31 0 30 32 30 17 0 0 0 0 0 0 0 0 13 0 0 0 0 0 0 10 0 0 0 
P1516 2076 4 0 9 0 0 27 0 0 0 0 13 13 0 39 18 0 0 23 24 0 26 0 0 0 18 0 0 19 0 10 13 -999 
P1516 2076 5 0 49 36 11 0 12 12 7 5 5 0 0 0 0 16 0 0 0 13 0 0 3 5 0 0 0 0 0 0 0 0 
P1516 2076 6 13 0 0 0 0 0 0 0 0 0 0 0 0 0 0 0 0 0 0 0 0 0 0 0 0 0 0 4 0 0 -999 
P1516 2076 7 0 0 0 0 0 0 0 0 11 0 0 14 0 0 0 0 0 0 0 0 0 0 0 0 0 0 0 0 0 0 0 
P1516 2076 8 0 0 0 0 0 0 0 0 0 0 0 0 0 0 0 0 0 0 0 0 0 0 0 0 0 13 0 0 0 0 0 
P1516 2076 9 0 0 0 0 0 0 0 0 0 0 0 0 0 11 0 0 0 0 0 0 0 0 0 0 0 0 10 10 0 0 -999 
P1516 2076 10 0 0 0 0 0 0 0 0 0 0 0 0 0 0 0 0 0 0 0 0 0 0 0 0 0 0 0 68 0 0 0 
P1516 2076 11 0 0 0 0 0 0 0 0 0 0 0 0 20 0 0 13 17 0 0 0 0 0 0 10 2 0 0 52 0 0 -999 
P1516 2076 12 0 0 0 0 0 0 0 15 43 37 43 48 0 0 0 0 0 0 0 0 0 4 0 9 8 10 22 33 23 0 0 
P1516 2077 1 0 0 0 0 0 0 0 0 0 0 0 0 7 0 26 22 0 1 0 0 0 0 0 0 0 0 0 0 0 0 0 
P1516 2077 2 0 0 0 44 20 0 0 32 0 0 17 0 0 0 0 30 49 56 85 41 0 0 0 19 0 24 0 0 -999 -999 -999 
P1516 2077 3 0 0 0 0 24 0 0 60 0 0 18 22 14 0 0 0 0 0 40 0 0 0 0 32 14 10 5 0 0 0 0 
P1516 2077 4 0 0 0 0 0 0 3 0 0 5 0 0 0 0 0 22 21 0 24 0 0 0 0 0 0 0 49 17 0 0 -999 
P1516 2077 5 0 0 0 0 0 0 0 0 0 35 0 0 0 0 0 0 0 0 0 0 0 0 0 0 0 0 0 0 0 0 0 
P1516 2077 6 0 29 0 0 25 24 0 0 19 14 0 9 0 0 0 0 0 0 0 0 0 0 0 0 0 0 0 0 0 0 -999 
P1516 2077 7 0 0 0 0 0 0 0 0 0 14 0 0 17 0 0 0 0 0 0 0 0 0 0 0 0 0 0 0 0 0 0 
P1516 2077 8 0 0 0 0 0 0 0 0 0 0 0 0 0 0 0 0 0 0 0 0 0 0 0 0 0 0 0 0 0 0 0 
P1516 2077 9 0 0 0 0 0 0 0 0 0 19 0 0 0 0 0 0 0 0 0 0 0 0 20 0 0 0 0 0 0 24 -999 
P1516 2077 10 0 0 0 0 0 0 0 0 0 0 0 0 5 4 0 9 0 0 27 11 0 36 60 0 0 0 0 0 0 21 28 
P1516 2077 11 39 0 0 0 8 0 8 0 70 53 38 17 12 42 0 27 34 14 0 33 0 13 0 38 13 0 0 0 0 45 -999 
P1516 2077 12 48 65 77 51 0 48 63 0 0 35 97 0 0 0 0 0 0 0 0 0 0 0 0 0 0 0 19 0 0 0 0 
P1516 2078 1 79 143 126 114 0 85 0 0 79 0 32 14 0 33 72 53 34 26 0 11 0 14 0 0 0 0 2 0 0 4 2 
P1516 2078 2 0 0 5 0 0 0 0 0 0 0 0 0 0 4 0 0 6 0 0 11 0 16 23 13 49 0 38 0 -999 -999 -999 
P1516 2078 3 0 0 16 0 0 0 0 61 0 16 0 0 0 32 65 0 77 88 70 76 60 37 29 0 26 24 17 15 12 10 0 
P1516 2078 4 0 38 0 0 0 0 0 0 0 21 26 17 0 58 21 0 0 16 15 17 0 0 0 0 32 0 20 0 0 0 -999 
P1516 2078 5 0 0 38 0 0 0 0 0 21 21 0 0 0 0 0 0 0 0 25 0 0 0 0 0 0 0 0 0 0 0 0 
P1516 2078 6 0 0 0 23 0 19 0 0 0 0 0 8 0 10 0 0 0 0 0 0 0 0 0 0 0 0 0 0 0 0 -999 
P1516 2078 7 0 0 0 0 0 0 0 0 0 0 0 0 0 0 0 0 0 0 0 0 0 0 0 0 0 0 0 0 0 0 0 
P1516 2078 8 0 0 0 0 0 0 0 0 0 0 0 9 0 0 0 14 0 0 0 0 0 0 0 0 0 0 0 0 0 0 0 
P1516 2078 9 0 0 0 0 0 0 0 0 0 0 0 0 0 0 0 0 0 0 0 0 0 0 0 0 0 0 0 0 0 0 -999 
P1516 2078 10 0 0 0 10 0 0 0 6 19 0 0 0 0 32 0 0 0 46 0 0 46 10 0 11 0 0 0 0 0 20 0 
P1516 2078 11 0 25 7 0 0 0 0 0 0 0 0 0 0 8 8 16 0 0 32 0 0 0 0 0 9 0 0 0 0 0 -999 
P1516 2078 12 0 0 0 0 0 0 0 7 0 14 51 26 13 16 0 0 0 12 0 0 0 28 0 0 0 0 120 60 26 182 182 
P1516 2079 1 31 7 0 33 17 0 0 0 0 0 0 6 0 0 0 0 0 0 0 8 0 11 0 0 0 0 0 0 0 0 0 
P1516 2079 2 0 0 0 0 0 0 0 0 0 0 0 0 0 0 0 0 2 0 4 0 0 0 0 32 37 0 0 0 -999 -999 -999 
P1516 2079 3 0 0 20 15 19 16 0 0 0 0 0 0 0 0 0 0 0 0 0 0 0 6 0 0 0 0 8 0 0 0 0 
P1516 2079 4 0 0 20 0 29 0 0 10 0 0 0 0 0 31 0 0 17 0 0 0 0 11 0 28 21 13 0 5 0 0 -999 
P1516 2079 5 0 0 7 0 15 27 0 7 10 16 0 0 0 0 0 0 0 0 0 0 0 19 0 0 0 0 0 0 0 0 0 
P1516 2079 6 0 0 0 0 0 0 0 0 15 0 0 0 0 0 0 11 0 0 0 0 0 10 0 0 0 0 0 0 0 0 -999 
P1516 2079 7 0 0 0 0 0 0 0 0 0 0 0 0 0 0 0 0 0 0 0 0 0 0 0 17 0 0 0 0 0 0 0 
P1516 2079 8 0 0 6 0 0 0 0 0 0 0 10 0 0 0 0 0 0 0 0 0 0 0 0 0 0 0 0 0 0 0 0 
P1516 2079 9 0 0 0 0 0 0 0 0 0 0 0 18 0 0 0 0 0 0 0 0 0 0 0 0 0 0 0 0 0 0 -999 
P1516 2079 10 0 0 0 6 0 0 0 0 0 0 0 0 0 0 0 0 10 0 18 0 0 0 0 16 13 0 22 0 0 0 0 
P1516 2079 11 0 0 0 19 41 56 0 32 0 0 0 0 33 49 45 59 59 78 46 0 0 16 25 20 0 0 0 1 0 5 -999 
P1516 2079 12 0 33 37 25 11 22 0 0 0 0 0 0 2 0 0 0 0 0 0 0 0 0 0 0 8 0 7 0 0 14 0 
P1516 2080 1 0 0 0 0 0 0 0 0 0 0 6 0 0 0 0 0 0 0 0 0 0 0 0 8 0 8 16 0 0 0 0 
P1516 2080 2 0 4 0 6 15 9 13 0 64 101 108 83 86 0 8 0 0 0 55 82 79 0 0 0 0 0 0 25 -999 -999 -999 
P1516 2080 3 35 44 0 35 0 40 46 51 100 102 83 70 0 0 3 0 0 0 0 0 1 0 0 0 0 0 0 0 0 0 34 
P1516 2080 4 0 0 0 0 0 0 16 24 42 0 0 0 0 0 0 0 0 0 0 0 0 0 0 0 19 23 0 0 0 0 -999 
P1516 2080 5 0 0 0 0 0 0 0 0 0 0 0 0 0 0 0 0 0 0 0 0 0 0 0 0 0 12 0 0 0 0 0 
P1516 2080 6 0 0 0 0 0 31 13 0 0 0 0 9 0 0 0 0 0 0 0 20 0 0 0 0 0 0 0 0 0 0 -999 
P1516 2080 7 13 0 0 0 0 0 0 0 0 0 0 0 0 0 0 0 0 0 0 0 0 0 0 0 0 0 0 0 0 0 0 
P1516 2080 8 0 0 0 0 0 0 0 0 0 0 0 0 0 0 0 0 0 0 0 0 0 0 0 0 6 0 0 0 0 0 0 
P1516 2080 9 0 0 0 0 0 0 0 0 0 0 0 0 0 0 0 0 0 0 0 0 0 0 8 0 0 25 0 0 0 9 -999 
P1516 2080 10 0 0 0 48 62 54 0 58 43 39 0 0 45 0 38 0 0 0 0 0 0 0 0 0 0 0 0 5 0 0 0 
P1516 2080 11 26 29 31 21 0 35 0 0 0 20 0 0 0 0 21 0 12 0 0 0 0 0 0 0 7 10 0 0 0 0 -999 
P1516 2080 12 0 0 71 78 90 79 0 0 0 0 0 0 0 25 0 0 0 0 0 0 0 0 0 0 0 63 16 0 0 35 37 
P1516 2081 1 76 91 158 79 0 0 0 0 0 0 0 0 0 31 37 0 20 0 39 102 100 59 46 24 22 0 53 21 0 0 40 
P1516 2081 2 0 0 0 0 23 40 63 25 0 0 0 0 0 8 0 0 0 0 0 31 0 0 0 0 0 0 11 20 -999 -999 -999 
P1516 2081 3 16 16 27 72 30 0 0 0 0 0 0 0 24 33 0 0 0 100 61 76 60 0 83 44 13 11 0 24 44 39 60 
P1516 2081 4 66 22 21 10 0 0 0 0 18 23 36 0 0 0 0 0 0 0 0 0 14 0 0 0 40 22 0 47 38 71 -999 
P1516 2081 5 50 0 28 0 43 0 0 0 45 65 23 17 28 40 33 19 0 0 0 0 0 0 0 0 0 0 0 6 0 0 25 
P1516 2081 6 0 0 0 0 0 0 0 0 0 0 0 12 0 0 0 0 0 14 0 0 0 0 0 0 0 0 0 0 0 0 -999 
P1516 2081 7 0 0 0 17 8 0 0 0 0 0 0 0 0 0 0 0 0 0 0 0 0 0 0 0 0 0 0 0 0 0 0 
P1516 2081 8 0 0 0 0 0 0 0 0 0 0 0 0 0 0 0 0 0 0 0 0 0 0 0 0 0 0 0 0 0 0 0 
P1516 2081 9 0 0 0 0 0 0 0 0 0 0 0 0 0 0 0 0 0 0 0 10 0 0 0 0 0 0 0 0 0 0 -999 
P1516 2081 10 0 6 0 0 0 0 10 0 0 0 22 0 19 0 0 6 3 0 9 0 0 0 0 8 0 0 0 0 0 0 0 
P1516 2081 11 0 0 33 68 36 0 0 0 0 0 0 0 0 0 0 0 157 140 80 11 0 0 0 0 32 4 4 0 0 47 -999 
P1516 2081 12 19 18 24 0 15 92 0 0 0 0 0 93 113 82 48 39 0 0 15 0 5 0 0 0 0 0 32 14 0 0 0 
P1516 2082 1 0 0 17 25 0 0 0 0 0 20 53 0 0 17 0 0 43 50 0 0 55 115 62 39 49 70 104 0 0 0 0 
P1516 2082 2 0 0 0 1 0 0 0 0 0 0 0 0 0 0 1 0 0 0 0 0 0 10 0 15 0 35 26 0 -999 -999 -999 
P1516 2082 3 28 34 25 27 29 26 10 0 12 0 0 0 0 0 0 7 0 0 35 45 0 0 0 0 0 22 0 10 0 0 0 
P1516 2082 4 10 0 0 0 0 0 0 0 0 0 0 0 0 0 12 18 17 9 0 0 0 0 9 9 0 0 0 0 0 0 -999 
P1516 2082 5 0 0 0 0 0 0 0 0 0 13 0 0 0 0 0 0 0 0 0 0 0 0 0 0 0 0 0 0 0 0 0 
P1516 2082 6 0 0 0 0 0 0 0 0 0 0 0 0 0 0 0 0 0 0 0 0 0 7 7 0 0 0 0 0 0 0 -999 
P1516 2082 7 0 0 7 0 0 0 0 0 0 0 0 0 0 11 0 0 0 0 0 0 0 0 0 0 0 0 0 0 0 0 0 
P1516 2082 8 0 0 0 0 0 0 0 0 0 0 0 16 0 0 0 0 0 0 0 0 0 0 0 0 0 0 0 0 0 0 0 
P1516 2082 9 0 0 0 0 0 0 0 0 0 0 0 0 0 0 0 0 0 0 0 0 0 5 0 0 17 0 14 0 0 0 -999 
P1516 2082 10 0 13 8 0 0 0 0 0 0 0 0 0 0 0 0 19 0 0 0 0 17 0 49 14 0 3 0 0 0 25 12 
P1516 2082 11 41 67 62 16 0 0 0 0 0 0 0 12 0 0 0 0 114 113 28 0 0 0 7 0 0 3 0 0 0 0 -999 
P1516 2082 12 0 0 0 3 0 0 0 0 0 0 0 0 13 0 15 19 27 32 0 0 5 8 0 0 0 11 0 0 0 0 0 
P1516 2083 1 0 0 42 37 25 10 11 39 0 0 8 0 0 0 0 0 27 46 0 20 0 0 9 0 0 0 0 0 13 0 0 
P1516 2083 2 14 47 0 17 0 13 37 36 27 70 88 51 0 20 0 23 0 129 104 74 0 59 0 28 79 142 69 43 -999 -999 -999 
P1516 2083 3 0 0 0 0 0 0 0 0 0 0 0 9 5 18 0 0 0 0 0 0 0 51 91 0 103 0 109 63 4 0 0 
P1516 2083 4 14 13 0 0 0 0 0 20 0 0 0 0 12 0 40 24 20 0 0 0 0 0 0 0 0 0 0 14 5 0 -999 
P1516 2083 5 0 0 0 0 0 20 0 0 0 0 0 18 24 20 0 0 36 0 0 28 10 0 0 35 31 52 76 26 23 20 0 
P1516 2083 6 0 0 0 12 0 0 0 19 0 24 16 0 0 0 0 0 0 0 0 0 0 0 0 0 0 0 0 0 0 0 -999 
P1516 2083 7 0 0 0 0 0 0 0 0 0 12 0 0 0 0 0 0 0 0 0 0 0 0 15 0 0 0 0 0 0 0 0 
P1516 2083 8 0 0 0 0 0 0 0 0 0 0 0 0 0 15 0 0 0 0 0 0 0 0 0 0 0 0 0 0 0 0 0 
P1516 2083 9 0 0 0 16 0 0 0 5 0 0 0 0 0 0 0 0 0 0 0 0 0 0 0 0 0 0 0 0 0 0 -999 
P1516 2083 10 0 0 0 0 0 27 0 0 0 17 0 0 0 0 10 0 0 5 0 0 0 0 0 0 28 0 0 0 8 11 0 
P1516 2083 11 13 0 0 48 49 0 18 0 0 0 0 40 66 39 0 0 0 40 9 0 2 0 0 0 0 0 0 0 13 0 -999 
P1516 2083 12 51 33 14 0 20 0 0 72 113 35 21 0 0 0 134 40 0 0 0 0 0 0 4 0 17 3 0 0 0 0 0 
P1516 2084 1 0 0 15 13 0 0 13 0 0 0 0 0 0 0 0 16 27 30 14 0 16 0 26 15 0 0 38 0 29 46 42 
P1516 2084 2 13 7 0 0 0 0 35 44 42 61 0 0 36 0 8 0 0 0 0 0 0 0 0 0 0 36 40 14 -999 -999 -999 
P1516 2084 3 0 0 0 0 48 0 0 0 0 0 0 15 0 0 0 0 118 85 0 17 0 0 0 0 0 27 0 0 0 0 0 
P1516 2084 4 0 0 0 0 0 0 0 0 0 9 0 0 0 0 15 0 0 0 0 0 0 0 0 0 0 0 0 0 0 0 -999 
P1516 2084 5 0 0 10 18 0 0 26 0 0 0 0 0 0 0 0 11 0 0 15 0 0 0 0 0 19 0 0 0 0 0 0 
P1516 2084 6 0 0 0 0 0 0 0 0 0 0 0 18 0 0 0 0 0 10 0 0 0 0 0 0 0 0 0 0 0 0 -999 
P1516 2084 7 15 0 0 0 0 0 0 0 0 0 0 0 0 0 0 0 0 0 0 0 0 0 0 0 0 0 0 0 0 0 8 
P1516 2084 8 0 0 0 0 0 0 0 0 8 0 0 0 0 0 0 0 0 0 0 0 0 0 0 0 0 0 12 0 0 0 0 
P1516 2084 9 0 0 0 0 0 0 0 0 0 0 0 0 0 0 35 26 9 0 0 0 7 0 0 0 0 0 0 0 0 0 -999 
P1516 2084 10 0 0 0 28 0 0 0 0 0 0 0 0 0 0 21 0 0 0 0 0 8 0 0 0 0 0 0 0 78 94 69 
P1516 2084 11 24 0 73 12 14 28 19 74 103 35 0 0 0 0 0 0 0 0 0 0 0 0 0 0 0 0 12 0 0 0 -999 
P1516 2084 12 0 13 0 5 28 0 0 57 54 56 62 80 120 0 36 0 36 0 0 0 0 0 0 0 0 0 5 22 20 0 0 
P1516 2085 1 0 0 0 0 9 2 1 0 0 0 0 0 1 0 0 22 17 0 8 0 7 0 77 109 75 0 3 11 3 0 0 
P1516 2085 2 0 0 10 0 25 38 0 32 0 0 52 0 31 11 0 0 0 0 0 5 0 0 9 0 9 0 0 0 -999 -999 -999 
P1516 2085 3 0 0 0 0 0 0 0 7 41 66 0 0 101 36 49 55 0 0 0 0 9 16 16 0 0 12 8 0 0 0 0 
P1516 2085 4 0 0 0 0 0 0 0 0 0 0 0 58 60 0 80 49 0 38 0 0 3 0 0 0 12 0 0 7 0 0 -999 
P1516 2085 5 27 0 0 13 7 0 0 45 55 28 0 0 0 0 0 0 0 0 0 0 0 0 0 14 0 16 0 0 0 0 0 
P1516 2085 6 0 0 0 0 0 0 0 0 0 0 0 0 13 0 0 0 0 0 0 0 0 0 0 0 0 0 0 0 0 0 -999 
P1516 2085 7 0 0 0 0 0 0 0 0 0 8 0 0 0 0 0 14 0 0 0 0 0 0 0 0 0 0 0 0 0 0 0 
P1516 2085 8 0 0 0 0 0 0 0 0 0 0 6 0 0 0 0 0 0 0 0 0 0 0 0 0 17 0 0 0 0 0 0 
P1516 2085 9 0 0 0 17 0 0 0 0 0 19 0 17 0 0 0 0 0 0 0 0 0 0 7 0 0 0 0 15 0 0 -999 
P1516 2085 10 0 0 0 0 0 0 0 0 15 0 0 0 19 0 0 0 10 0 0 0 0 0 0 0 0 0 0 33 0 68 0 
P1516 2085 11 3 0 0 18 16 0 0 16 0 0 0 0 0 0 0 31 81 25 17 63 40 36 0 3 0 0 0 30 43 26 -999 
P1516 2085 12 57 59 0 14 0 74 0 6 0 0 0 15 0 24 14 0 0 0 0 0 10 0 0 0 0 0 0 0 0 6 0 
P1516 2086 1 5 4 9 15 11 10 0 0 0 0 7 0 23 55 38 0 46 109 41 71 12 0 0 0 0 0 10 0 0 0 0 
P1516 2086 2 0 23 54 26 0 26 64 0 26 14 11 26 46 32 18 19 0 0 0 0 0 0 0 8 7 0 0 8 -999 -999 -999 
P1516 2086 3 0 0 0 0 0 0 0 0 0 0 0 0 29 0 0 9 0 0 0 0 0 0 0 0 0 0 0 0 7 17 0 
P1516 2086 4 0 0 0 0 0 27 35 0 0 0 0 0 0 0 36 29 20 15 0 0 0 3 0 0 0 0 0 43 0 0 -999 
P1516 2086 5 35 0 19 44 42 0 29 14 0 0 0 0 0 0 0 0 0 0 0 0 0 7 0 0 0 0 0 0 0 0 0 
P1516 2086 6 0 0 0 0 0 0 0 0 0 0 0 0 0 0 0 0 0 23 0 18 0 0 0 0 0 0 0 0 0 0 -999 
P1516 2086 7 0 0 0 0 0 0 0 0 0 0 0 0 0 0 0 0 0 0 0 0 0 0 0 0 0 0 0 0 0 0 0 
P1516 2086 8 0 0 0 0 0 0 0 0 0 0 0 0 0 0 0 0 0 0 0 0 0 0 0 0 0 0 0 0 0 6 0 
P1516 2086 9 0 7 0 0 13 0 0 0 0 0 0 0 0 0 17 14 0 0 0 0 0 0 0 0 0 14 0 0 0 0 -999 
P1516 2086 10 0 0 0 0 14 0 0 0 0 0 0 25 12 6 0 0 0 0 0 0 0 0 0 0 22 0 0 0 0 48 31 
P1516 2086 11 0 0 35 9 0 22 13 0 0 11 0 23 0 0 15 0 0 11 28 38 45 0 0 0 0 15 0 13 24 0 -999 
P1516 2086 12 0 0 6 0 0 0 0 0 0 0 0 0 1 6 9 3 0 0 28 48 16 61 115 61 10 0 0 3 0 0 0 
P1516 2087 1 0 0 8 0 0 0 22 53 0 0 0 0 0 0 0 0 0 8 0 0 0 0 0 0 0 0 7 0 2 15 32 
P1516 2087 2 0 44 0 0 0 0 0 0 0 0 0 9 0 0 0 11 0 0 0 0 1 0 0 0 0 0 0 37 -999 -999 -999 
P1516 2087 3 57 74 51 0 17 0 0 0 0 34 37 65 0 0 0 0 0 0 0 0 0 0 0 35 0 0 0 13 16 0 0 
P1516 2087 4 0 0 0 0 0 0 0 0 0 0 0 0 0 0 28 44 43 0 0 0 0 57 37 42 52 40 18 11 6 0 -999 
P1516 2087 5 9 0 0 37 17 26 0 21 0 0 0 18 0 14 0 0 0 0 0 0 0 0 0 0 0 0 21 17 0 0 0 
P1516 2087 6 0 0 0 0 0 0 0 0 0 0 0 0 0 0 0 0 0 0 0 0 0 0 0 0 0 15 0 6 0 0 -999 
P1516 2087 7 0 0 0 0 0 0 0 0 0 0 0 0 0 0 0 0 0 0 0 0 0 0 0 0 0 0 0 0 0 0 0 
P1516 2087 8 0 0 0 0 0 0 0 0 0 0 0 0 0 0 0 0 0 0 0 0 0 0 0 0 0 0 0 6 0 0 0 
P1516 2087 9 0 0 9 0 0 0 0 0 0 3 0 8 0 0 12 0 11 0 0 17 0 0 16 0 0 0 0 0 0 0 -999 
P1516 2087 10 0 0 0 42 29 0 0 0 7 0 0 0 0 0 4 0 0 16 0 0 0 0 0 0 0 0 0 0 0 0 0 
P1516 2087 11 0 0 0 0 0 0 0 0 0 0 4 0 0 0 0 0 0 0 0 0 6 0 0 8 0 0 0 0 0 0 -999 
P1516 2087 12 12 10 0 0 0 3 0 32 27 0 3 0 0 0 4 0 0 0 12 0 6 0 86 58 0 60 42 0 55 62 0 
P1516 2088 1 0 0 0 8 0 0 0 0 0 0 0 0 0 0 0 0 0 3 0 0 0 0 0 0 0 0 0 18 0 0 0 
P1516 2088 2 0 0 0 0 0 47 85 0 116 35 0 0 0 0 16 18 0 0 0 0 0 0 0 0 0 0 0 25 -999 -999 -999 
P1516 2088 3 33 47 75 59 0 0 0 0 0 0 0 8 0 0 0 0 0 21 13 0 7 0 18 31 0 0 30 15 1 0 0 
P1516 2088 4 0 0 0 0 16 34 57 63 0 0 27 0 31 41 29 0 0 0 0 0 0 0 0 0 0 0 0 0 0 0 -999 
P1516 2088 5 0 0 0 0 0 0 0 28 0 19 0 15 9 15 24 22 0 16 0 9 0 0 0 0 0 0 0 0 0 0 6 
P1516 2088 6 0 0 0 0 0 0 0 0 0 0 0 0 0 0 0 0 0 0 0 0 0 0 0 6 0 0 0 0 0 0 -999 
P1516 2088 7 0 0 0 0 0 0 0 0 0 0 0 0 0 0 0 0 0 0 0 0 0 0 0 0 0 0 0 0 0 0 0 
P1516 2088 8 0 0 0 0 0 0 0 0 0 0 0 0 0 0 0 0 0 0 0 0 0 0 0 0 0 0 0 0 0 0 0 
P1516 2088 9 0 0 0 0 0 0 0 0 0 0 0 0 0 0 18 0 0 0 0 0 0 0 0 0 0 0 0 0 0 0 -999 
P1516 2088 10 0 0 0 0 0 0 0 0 0 22 0 0 0 0 15 0 0 0 0 0 0 0 32 33 0 0 129 54 0 0 0 
P1516 2088 11 0 0 0 0 0 4 0 0 0 16 0 27 0 0 42 42 21 123 37 10 0 12 9 0 0 0 12 0 57 0 -999 
P1516 2088 12 0 25 23 30 42 50 0 0 24 0 0 0 0 0 0 0 0 0 4 7 0 0 0 0 0 0 11 0 0 7 0 
P1516 2089 1 0 9 7 0 48 0 0 40 82 101 125 144 153 0 0 0 0 0 1 0 0 0 0 0 0 0 0 0 0 0 20 
P1516 2089 2 0 27 0 0 47 109 0 87 148 47 29 63 113 60 12 5 0 0 0 0 0 0 6 0 0 0 0 16 -999 -999 -999 
P1516 2089 3 24 0 55 64 0 0 17 18 0 18 9 0 16 38 57 66 0 0 0 13 0 6 10 37 114 52 0 32 21 44 115 
P1516 2089 4 148 99 33 0 0 5 12 0 28 2 0 0 0 0 0 0 0 0 8 21 31 0 26 28 47 56 48 28 14 21 -999 
P1516 2089 5 22 18 10 0 0 0 0 0 0 0 0 6 0 0 0 0 0 10 13 0 0 0 0 0 0 0 0 10 0 0 0 
P1516 2089 6 0 0 0 0 0 0 0 0 0 0 0 0 0 0 0 0 0 0 0 0 0 0 0 0 0 0 0 0 0 0 -999 
P1516 2089 7 0 0 0 0 0 0 0 0 0 0 0 0 0 0 0 0 12 1 0 0 0 0 0 0 0 0 0 25 0 0 0 
P1516 2089 8 0 0 0 0 0 0 0 0 0 0 0 7 0 0 8 0 0 0 0 16 0 0 0 0 0 0 14 0 0 0 0 
P1516 2089 9 0 0 0 0 0 0 0 0 0 0 5 0 0 0 0 0 7 7 0 0 0 0 0 0 0 0 0 0 0 0 -999 
P1516 2089 10 0 0 0 0 0 0 0 0 0 0 0 0 3 0 6 0 0 0 0 0 0 0 0 0 0 0 0 0 0 0 0 
P1516 2089 11 0 0 0 0 0 0 0 0 0 0 0 7 5 0 0 0 0 0 13 0 0 0 0 43 81 54 25 0 36 87 -999 
P1516 2089 12 107 0 0 0 24 27 0 63 55 66 50 0 0 1 0 0 0 0 9 18 12 0 0 0 0 0 0 0 12 0 0 
P1516 2090 1 0 0 0 3 9 0 12 0 34 42 0 0 0 55 56 19 0 0 0 13 0 2 0 0 0 0 0 0 0 0 3 
P1516 2090 2 0 0 0 25 0 53 31 0 22 0 0 36 18 0 32 0 0 0 0 0 0 0 40 0 31 37 69 0 -999 -999 -999 
P1516 2090 3 140 79 24 11 0 5 0 0 0 0 0 0 57 64 65 0 9 0 0 37 0 24 17 12 0 29 11 0 0 0 24 
P1516 2090 4 27 0 0 0 0 19 29 0 28 0 22 0 0 0 69 44 33 0 0 1 0 0 0 0 0 17 10 0 0 0 -999 
P1516 2090 5 0 0 0 0 0 0 4 0 0 0 0 0 0 0 0 0 0 0 0 0 0 0 0 0 0 0 27 0 32 40 29 
P1516 2090 6 0 21 0 0 0 0 0 15 17 0 0 0 0 0 23 0 0 7 0 0 0 0 0 0 0 0 0 0 0 0 -999 
P1516 2090 7 0 0 11 0 0 0 0 0 0 0 0 0 0 0 0 0 0 0 0 0 0 0 0 0 0 8 0 0 0 0 0 
P1516 2090 8 0 0 0 0 0 0 0 0 0 0 0 0 0 0 0 0 0 0 0 0 0 0 0 0 0 0 0 0 0 0 8 
P1516 2090 9 0 0 0 0 0 0 0 0 0 0 10 0 0 0 0 0 0 0 0 0 0 17 0 0 0 0 0 0 0 0 -999 
P1516 2090 10 0 0 0 24 33 0 22 0 0 16 28 0 0 0 0 0 20 0 0 0 8 0 0 0 0 0 0 0 0 32 36 
P1516 2090 11 0 0 9 0 0 7 0 0 9 0 0 0 0 35 44 26 0 32 0 0 0 0 0 32 0 0 25 0 0 0 -999 
P1516 2090 12 22 56 96 27 32 0 0 0 0 27 0 15 14 19 26 0 0 0 0 0 5 0 0 0 0 25 0 0 0 0 0 
P1516 2091 1 3 0 0 0 0 0 13 11 6 7 0 0 0 24 7 0 8 0 0 0 0 0 0 0 0 0 0 0 0 3 0 
P1516 2091 2 16 0 0 0 3 0 0 10 6 0 0 0 0 0 0 0 12 33 160 95 0 59 78 27 0 42 43 0 -999 -999 -999 
P1516 2091 3 25 0 0 14 0 65 0 7 0 0 0 0 0 0 11 25 0 0 0 10 0 0 0 0 0 0 0 1 0 0 0 
P1516 2091 4 0 0 0 0 0 0 0 0 0 0 0 0 34 0 0 24 32 0 35 18 15 15 12 5 0 0 0 0 0 0 -999 
P1516 2091 5 20 0 0 0 0 26 0 0 0 0 0 0 0 0 0 10 0 0 0 0 0 0 0 0 0 0 0 0 0 0 0 
P1516 2091 6 0 0 0 20 15 15 0 0 0 0 0 0 14 23 32 0 0 0 0 0 0 0 0 0 0 0 0 0 0 4 -999 
P1516 2091 7 0 0 0 0 0 0 0 0 0 0 0 0 0 0 0 0 13 0 0 0 0 0 0 0 0 0 0 0 0 0 0 
P1516 2091 8 0 0 0 0 0 0 0 0 0 0 0 0 0 0 0 0 0 0 0 0 0 0 0 0 0 0 0 0 0 0 9 
P1516 2091 9 0 0 0 0 0 0 0 9 0 0 0 0 0 0 0 0 0 0 0 0 0 0 0 0 0 0 21 0 0 0 -999 
P1516 2091 10 0 0 0 0 0 0 0 0 0 21 0 44 46 0 0 0 24 0 0 0 0 9 0 0 0 0 0 59 96 70 0 
P1516 2091 11 78 0 0 6 0 0 0 0 0 0 0 0 19 0 0 25 0 22 17 12 0 0 44 42 0 0 42 0 9 13 -999 
P1516 2091 12 43 44 0 0 0 0 0 0 0 0 0 0 0 8 0 16 0 0 0 7 0 0 0 0 0 0 0 0 0 0 0 
P1516 2092 1 0 0 0 0 0 0 0 0 0 0 0 0 18 18 0 0 51 0 68 147 79 0 14 51 0 0 74 44 66 57 0 
P1516 2092 2 36 41 49 0 0 80 85 0 42 89 36 15 18 56 36 36 43 68 25 0 34 9 27 21 0 0 0 23 -999 -999 -999 
P1516 2092 3 0 0 2 0 0 0 57 0 0 0 17 20 0 0 0 96 58 33 23 48 58 63 81 211 92 63 0 0 0 22 25 
P1516 2092 4 24 0 0 0 31 0 0 8 8 0 0 0 0 15 0 0 0 0 0 0 0 0 0 0 0 0 0 37 50 0 -999 
P1516 2092 5 21 0 0 0 0 0 0 0 0 0 0 0 0 0 0 0 0 34 0 0 0 0 7 0 0 0 0 0 0 0 0 
P1516 2092 6 0 0 11 10 0 0 0 0 0 0 0 0 0 15 8 0 0 0 0 0 0 0 0 0 0 0 0 0 0 0 -999 
P1516 2092 7 0 0 0 0 0 0 0 0 0 0 0 0 0 0 0 0 0 0 0 0 0 0 0 0 0 0 0 0 0 0 0 
P1516 2092 8 0 0 13 0 0 0 0 0 0 15 0 0 0 0 0 22 12 0 0 0 0 0 0 0 0 0 0 0 0 0 0 
P1516 2092 9 0 0 0 9 13 0 0 0 0 0 0 0 0 6 0 0 0 0 0 0 0 0 0 0 0 0 0 0 0 0 -999 
P1516 2092 10 0 0 0 0 0 0 0 0 0 0 41 0 0 0 0 0 0 0 0 0 0 0 0 0 0 0 0 0 0 0 0 
P1516 2092 11 0 0 0 0 0 0 11 0 8 0 12 42 159 118 92 32 0 16 0 0 0 14 23 93 58 34 0 0 0 0 -999 
P1516 2092 12 0 0 0 0 0 0 20 15 32 46 20 0 0 0 0 0 16 0 0 0 120 0 62 58 0 45 16 25 69 48 25 
P1516 2093 1 87 65 0 27 15 0 0 0 22 0 62 70 0 41 73 109 0 0 0 0 0 0 0 0 0 0 20 0 68 0 86 
P1516 2093 2 74 41 0 0 0 0 0 0 0 0 16 0 0 19 27 0 43 0 33 54 0 50 0 12 0 10 25 35 -999 -999 -999 
P1516 2093 3 15 0 0 0 9 0 5 0 28 0 92 48 26 0 0 0 0 9 13 0 12 0 13 9 0 41 0 31 0 0 0 
P1516 2093 4 14 0 0 0 0 0 0 0 0 17 12 0 0 0 0 0 0 0 0 0 0 20 0 24 28 0 40 39 0 0 -999 
P1516 2093 5 0 32 0 49 0 5 0 0 0 0 0 11 0 0 0 0 0 0 0 32 0 0 0 0 0 15 0 11 0 0 0 
P1516 2093 6 0 0 0 0 0 0 0 0 0 0 0 0 0 0 0 0 0 0 0 0 0 0 0 0 0 8 0 0 0 0 -999 
P1516 2093 7 0 0 0 0 0 0 0 0 0 0 0 0 0 0 0 0 0 0 0 0 0 0 0 0 0 0 0 0 0 0 0 
P1516 2093 8 0 0 0 0 0 0 0 0 0 0 0 0 0 0 0 0 0 0 0 0 0 0 0 0 0 0 0 0 0 0 0 
P1516 2093 9 0 0 0 0 0 0 0 0 0 0 0 0 0 0 14 0 0 11 0 0 0 0 0 0 0 0 10 0 0 0 -999 
P1516 2093 10 0 0 0 0 0 0 0 17 0 0 0 0 32 0 32 90 74 43 7 0 0 0 5 0 0 12 0 0 0 0 0 
P1516 2093 11 0 33 13 0 0 0 0 0 0 0 0 21 0 0 0 0 0 0 0 0 0 14 0 0 0 0 0 0 0 0 -999 
P1516 2093 12 0 0 0 0 0 0 0 0 0 0 0 0 0 0 0 0 0 0 0 0 0 0 0 0 0 0 0 0 0 0 0 
P1516 2094 1 0 0 0 0 0 0 9 0 18 0 0 0 0 0 0 0 25 60 72 48 47 116 115 145 143 74 47 115 31 67 48 
P1516 2094 2 67 53 66 90 0 8 4 0 9 0 0 0 0 0 0 0 0 0 0 0 0 0 0 0 0 0 2 1 -999 -999 -999 
P1516 2094 3 0 0 0 0 0 11 1 0 0 0 0 0 4 0 0 6 0 12 0 23 32 22 0 16 0 0 21 0 51 0 77 
P1516 2094 4 118 131 85 14 14 28 0 43 0 0 0 0 13 0 0 0 0 0 0 0 0 29 12 0 0 23 0 0 0 19 -999 
P1516 2094 5 0 0 0 9 0 0 0 0 0 0 0 0 0 8 0 0 0 0 0 0 0 0 0 0 0 0 0 0 0 0 0 
P1516 2094 6 0 0 0 0 0 0 0 0 0 0 8 19 9 0 0 0 0 0 0 0 0 0 0 0 0 0 0 0 0 0 -999 
P1516 2094 7 0 0 0 0 0 0 0 0 0 0 0 0 0 0 0 0 0 0 0 0 0 0 0 0 0 0 0 0 0 0 0 
P1516 2094 8 0 0 0 0 0 0 0 0 0 0 0 0 0 0 0 0 0 0 0 0 0 11 0 0 0 5 0 0 0 0 0 
P1516 2094 9 0 0 0 0 5 0 0 0 0 0 0 0 0 0 0 0 0 7 0 0 0 19 0 8 0 0 0 10 8 0 -999 
P1516 2094 10 0 0 0 0 0 0 0 0 0 0 0 0 0 0 16 0 19 0 0 0 47 21 55 47 0 0 78 21 0 0 0 
P1516 2094 11 0 0 0 0 0 0 0 0 12 21 0 0 0 0 24 11 19 0 0 0 0 0 0 51 23 20 0 26 0 0 -999 
P1516 2094 12 9 6 0 0 0 0 0 0 0 0 0 0 0 0 0 0 0 0 22 26 0 0 0 3 0 0 0 0 0 0 0 
P1516 2095 1 42 48 57 91 51 0 0 64 88 23 19 13 0 0 20 0 0 0 0 0 0 0 17 27 49 0 0 52 14 0 0 
P1516 2095 2 0 0 17 0 6 9 0 0 0 0 0 0 0 0 0 0 0 26 15 0 0 0 0 0 0 0 0 0 -999 -999 -999 
P1516 2095 3 0 0 0 0 2 0 0 0 0 0 0 0 0 0 0 0 0 0 0 0 8 0 0 0 0 0 0 0 0 0 26 
P1516 2095 4 37 75 98 32 13 0 0 0 0 0 0 0 0 0 27 21 0 0 0 0 0 0 0 53 20 5 0 0 2 3 -999 
P1516 2095 5 0 0 5 0 0 0 0 0 0 0 0 0 0 0 0 0 0 0 0 0 0 0 0 0 0 0 0 0 0 18 10 
P1516 2095 6 0 0 13 0 0 0 0 0 21 0 0 0 12 0 10 0 0 0 0 0 35 0 0 0 0 0 0 0 0 0 -999 
P1516 2095 7 20 0 0 0 0 0 0 0 0 0 17 0 0 0 0 0 0 0 0 0 0 0 0 0 0 0 0 0 0 0 0 
P1516 2095 8 0 0 0 0 0 0 0 0 0 0 0 0 0 0 0 0 0 0 0 0 0 0 0 0 0 0 0 0 0 0 0 
P1516 2095 9 0 0 0 0 0 0 3 0 0 0 0 0 21 0 0 0 12 9 0 0 0 3 0 0 21 0 0 0 0 0 -999 
P1516 2095 10 5 0 0 0 0 0 0 16 0 0 0 0 0 0 20 17 41 0 0 0 0 0 0 0 0 0 0 0 0 0 0 
P1516 2095 11 2 0 0 0 0 0 20 31 0 0 0 33 29 0 9 0 25 10 0 12 34 68 66 84 0 0 0 0 0 0 -999 
P1516 2095 12 0 0 0 0 0 0 0 44 74 41 0 0 0 42 86 47 14 14 0 46 0 12 8 11 81 126 55 24 9 0 0 
P1516 2096 1 56 3 0 0 40 0 0 0 57 62 30 0 10 0 61 22 8 5 0 0 0 0 0 0 1 0 7 6 0 0 11 
P1516 2096 2 13 26 35 34 0 14 9 0 0 0 7 0 9 26 55 0 0 0 0 0 0 0 0 0 0 0 0 0 -999 -999 -999 
P1516 2096 3 0 0 0 0 0 0 0 0 0 0 0 0 0 0 2 0 0 0 18 0 31 91 106 19 0 28 31 54 0 45 0 
P1516 2096 4 0 0 0 0 0 0 0 7 0 0 0 0 0 0 0 0 0 0 0 0 15 0 11 0 0 0 0 0 0 0 -999 
P1516 2096 5 22 25 0 0 0 0 0 0 14 0 0 0 0 0 0 0 0 0 0 0 0 0 0 0 0 0 0 0 0 0 0 
P1516 2096 6 0 0 0 0 0 0 0 0 0 0 0 0 5 0 0 0 0 0 6 0 0 0 0 0 0 0 0 0 0 0 -999 
P1516 2096 7 0 0 0 0 7 0 0 0 0 0 0 0 0 0 0 0 0 0 0 0 0 0 0 0 0 0 0 0 0 0 0 
P1516 2096 8 0 0 0 0 0 0 0 0 0 0 0 0 0 0 0 0 0 0 0 0 0 0 0 0 0 0 0 0 0 0 0 
P1516 2096 9 0 0 0 0 0 0 0 0 0 0 0 0 0 0 0 0 6 0 0 0 0 0 0 15 8 4 2 0 0 0 -999 
P1516 2096 10 0 39 16 0 0 0 0 0 0 0 19 0 0 0 0 0 0 0 42 0 0 0 24 4 0 0 0 0 0 0 0 
P1516 2096 11 5 0 0 0 0 0 0 0 0 0 0 0 0 0 8 0 0 0 0 0 0 0 0 0 11 0 0 0 0 0 -999 
P1516 2096 12 0 3 0 0 0 0 0 0 0 0 0 22 0 30 39 13 0 62 0 4 0 0 0 0 0 0 0 0 0 9 0 
P1516 2097 1 0 0 0 3 1 0 11 12 0 0 0 0 0 0 0 0 0 2 0 0 7 0 0 3 47 39 47 0 0 0 0 
P1516 2097 2 12 19 0 0 32 53 0 1 0 2 0 0 0 0 0 0 0 0 0 0 0 0 0 9 0 28 0 0 -999 -999 -999 
P1516 2097 3 0 0 71 32 10 31 23 0 0 9 0 0 0 0 0 0 0 0 0 0 0 0 0 0 0 42 0 5 26 3 3 
P1516 2097 4 0 0 0 0 0 0 29 0 36 25 30 43 0 40 0 0 0 0 0 29 0 10 0 58 0 7 0 0 0 0 -999 
P1516 2097 5 0 0 0 0 0 0 0 12 0 0 0 0 0 0 0 0 22 0 0 0 0 0 0 0 0 0 2 2 0 0 0 
P1516 2097 6 0 0 0 0 0 0 0 0 0 0 9 0 12 0 0 0 0 0 0 0 0 0 0 0 0 0 0 0 0 0 -999 
P1516 2097 7 0 0 0 0 0 0 0 0 0 0 0 0 0 0 0 0 0 0 0 0 0 0 0 0 0 0 0 0 0 0 0 
P1516 2097 8 0 0 0 0 0 0 0 0 0 0 0 0 0 0 0 0 0 0 0 0 0 0 0 27 0 0 0 0 8 10 0 
P1516 2097 9 0 0 0 0 0 17 0 10 0 0 0 0 0 0 12 0 0 0 9 0 0 0 0 0 0 0 4 0 0 0 -999 
P1516 2097 10 20 0 0 0 0 0 0 0 0 0 0 0 0 0 0 0 54 64 0 0 5 13 16 4 0 0 0 0 0 4 0 
P1516 2097 11 0 5 0 0 7 5 0 0 0 0 0 0 0 3 0 0 7 0 2 0 0 0 0 0 0 0 0 0 0 0 -999 
P1516 2097 12 25 0 0 3 0 0 0 0 0 0 0 0 0 0 0 0 0 0 0 0 0 0 0 0 0 0 0 0 0 30 28 
P1516 2098 1 51 15 0 0 69 31 0 0 0 0 0 0 14 0 13 0 0 0 0 48 45 35 0 0 0 0 0 0 0 0 0 
P1516 2098 2 10 11 10 9 0 7 0 23 30 50 0 0 30 0 0 0 0 0 0 0 0 0 0 0 0 0 0 0 -999 -999 -999 
P1516 2098 3 0 0 13 0 10 0 18 5 0 0 0 0 0 0 0 0 0 15 0 0 0 0 0 0 0 0 43 23 0 0 0 
P1516 2098 4 0 0 0 28 0 0 0 0 0 0 0 0 31 8 2 0 0 0 0 0 0 0 52 18 0 0 0 0 0 0 -999 
P1516 2098 5 0 0 0 0 31 29 44 36 43 51 73 71 28 0 0 22 0 0 0 18 25 21 0 0 31 24 0 0 0 0 0 
P1516 2098 6 0 0 0 0 0 0 0 23 0 0 11 17 0 0 0 0 0 0 0 0 0 0 0 0 0 0 0 0 0 0 -999 
P1516 2098 7 0 0 0 0 0 0 0 0 0 0 0 0 0 0 0 0 0 0 0 0 0 0 0 0 0 0 0 0 0 0 0 
P1516 2098 8 0 0 0 0 0 0 0 0 0 0 0 0 0 0 0 0 0 0 0 0 0 0 0 0 0 0 0 0 0 0 0 
P1516 2098 9 0 15 0 0 0 0 0 0 0 0 0 0 0 0 0 0 16 0 0 0 0 0 12 9 0 0 0 0 0 7 -999 
P1516 2098 10 0 0 8 0 0 5 0 0 0 0 0 0 0 0 0 0 35 44 15 0 8 0 0 0 15 26 34 25 0 12 26 
P1516 2098 11 0 0 0 7 0 0 0 10 0 11 0 0 55 37 25 0 0 0 51 26 23 34 0 0 0 0 1 0 0 0 -999 
P1516 2098 12 0 0 0 0 0 0 0 0 0 0 0 0 0 0 0 0 0 0 0 31 0 0 17 0 0 17 0 0 0 0 0 
P1516 2099 1 0 9 0 0 0 0 0 0 0 22 0 0 0 0 0 0 0 0 0 0 20 33 81 0 7 0 0 0 0 0 0 
P1516 2099 2 0 0 0 0 15 0 0 0 0 0 0 0 0 0 0 0 0 0 0 0 0 0 34 85 112 0 22 34 -999 -999 -999 
P1516 2099 3 60 70 82 88 0 0 0 0 9 0 0 0 0 31 31 0 32 93 134 133 21 0 31 17 5 0 18 13 0 19 0 
P1516 2099 4 27 21 20 0 11 0 0 0 5 0 0 0 0 0 0 0 0 0 0 0 0 0 0 29 32 22 33 0 0 0 -999 
P1516 2099 5 37 0 9 0 0 0 0 0 10 0 0 0 2 0 0 0 0 0 0 0 0 0 0 0 0 0 0 0 0 0 0 
P1516 2099 6 0 0 0 0 0 0 0 0 0 0 0 0 0 0 0 0 0 0 0 0 14 20 0 0 0 0 0 0 0 0 -999 
P1516 2099 7 0 0 0 0 0 0 0 0 0 0 15 0 0 0 0 0 0 0 12 0 0 0 0 0 0 0 10 0 0 0 0 
P1516 2099 8 0 0 0 0 0 0 0 0 0 0 0 0 0 0 0 0 0 0 0 0 0 0 0 0 0 0 0 0 0 0 0 
P1516 2099 9 0 7 0 0 0 0 0 0 0 0 0 0 0 0 0 0 0 3 0 0 0 0 0 0 0 0 0 0 0 0 -999 
P1516 2099 10 0 0 0 0 0 0 0 0 0 0 0 0 30 14 0 0 0 0 0 0 0 0 0 8 0 31 22 15 13 8 0 
P1516 2099 11 0 0 0 13 0 0 0 0 0 10 0 25 14 0 0 29 0 0 2 6 0 11 0 25 26 26 53 51 50 0 -999 
P1516 2099 12 6 0 0 0 0 52 47 27 0 31 0 0 0 0 0 0 0 0 6 0 21 0 0 0 86 167 171 120 69 48 0 
P1516 2100 1 0 12 0 0 35 0 0 0 0 0 66 134 142 53 9 0 0 0 0 0 0 0 0 6 0 0 0 0 0 0 0 
P1516 2100 2 0 46 54 10 0 0 0 0 0 0 34 0 0 0 0 0 0 0 0 39 0 0 0 0 0 0 0 0 -999 -999 -999 
P1516 2100 3 0 0 44 28 0 20 0 0 33 38 36 40 99 0 14 8 0 9 15 19 0 32 0 36 22 60 0 30 57 60 48 
P1516 2100 4 49 40 35 0 0 13 0 0 0 0 0 74 33 28 0 0 0 0 0 28 0 0 0 0 0 0 3 0 0 0 -999 
P1516 2100 5 15 17 0 17 0 0 19 0 14 0 0 12 0 0 0 0 0 0 0 29 0 15 0 0 43 23 0 11 15 0 0 
P1516 2100 6 0 0 0 0 0 0 0 7 0 0 0 0 0 17 0 0 9 0 13 0 0 0 0 0 0 0 0 0 0 0 -999 
P1516 2100 7 0 0 0 0 0 0 0 0 0 0 0 0 0 0 0 0 0 0 0 0 0 0 0 0 0 0 0 0 0 0 0 
P1516 2100 8 0 0 0 0 0 0 0 0 0 0 0 0 0 0 0 0 0 0 0 0 0 0 0 0 0 0 0 0 0 0 0 
P1516 2100 9 0 0 0 0 0 0 0 0 0 0 0 0 0 0 0 0 0 0 0 0 0 0 0 0 0 0 0 0 0 0 -999 
P1516 2100 10 0 0 0 9 0 0 0 0 24 0 0 40 25 32 0 0 0 0 0 0 20 46 76 24 0 0 2 6 19 0 0 
P1516 2100 11 15 0 0 43 50 80 0 28 56 51 0 41 50 75 110 98 62 0 0 38 0 45 50 67 40 0 0 0 0 0 -999 
P1516 2100 12 6 0 3 9 22 0 0 0 0 0 0 0 0 0 2 0 0 0 0 0 0 0 0 0 9 0 3 0 0 0 0 
