precip	MIROC5	RCP60	REGRESION	decimas	1
P2976	38.048	-5.429	182	geo	2006	2100	-1
P2976 2006 1 0 0 0 7 0 19 12 0 0 0 0 172 236 48 77 164 0 113 93 14 5 14 23 0 19 0 0 0 0 0 0 
P2976 2006 2 0 109 32 17 0 0 0 0 0 0 0 31 59 74 48 16 0 7 23 41 0 10 9 7 0 2 0 13 -999 -999 -999 
P2976 2006 3 59 82 130 165 133 147 130 136 68 87 109 32 30 0 0 97 220 215 119 52 78 57 53 33 42 44 39 64 95 57 94 
P2976 2006 4 22 0 0 43 26 14 0 72 3 0 0 0 9 0 0 0 19 14 0 0 0 0 0 0 0 0 0 0 36 0 -999 
P2976 2006 5 0 31 29 45 42 73 0 0 0 0 0 0 0 0 15 0 0 10 17 0 0 0 10 0 0 4 0 0 26 0 0 
P2976 2006 6 0 0 0 0 0 0 0 0 0 0 0 0 0 0 0 0 0 0 0 0 0 0 0 0 0 0 0 0 0 26 -999 
P2976 2006 7 0 0 0 0 0 0 0 0 0 0 0 0 0 0 0 0 0 0 0 0 0 0 0 0 0 0 0 0 0 0 0 
P2976 2006 8 0 0 0 0 0 0 0 0 0 0 0 0 0 0 17 0 0 0 16 0 0 0 0 0 0 0 0 0 0 0 19 
P2976 2006 9 0 0 0 0 0 0 0 0 0 0 0 0 0 0 0 0 0 0 7 0 0 15 0 0 0 4 4 7 0 5 -999 
P2976 2006 10 0 0 0 0 0 0 0 0 0 0 0 31 0 0 0 0 0 0 13 0 0 12 0 0 22 0 0 22 14 8 0 
P2976 2006 11 0 25 0 0 0 19 0 0 0 0 0 0 0 0 0 0 0 0 0 13 23 0 35 47 13 0 0 0 0 0 -999 
P2976 2006 12 0 0 0 0 0 0 29 127 103 72 42 40 50 34 107 167 0 0 0 0 0 62 160 65 68 66 52 46 44 0 0 
P2976 2007 1 0 0 0 0 0 0 0 0 0 2 0 0 0 8 0 0 0 0 7 0 0 0 7 0 0 11 8 17 14 0 0 
P2976 2007 2 0 0 0 14 0 9 38 150 287 195 26 0 0 8 12 0 33 69 38 34 0 58 0 30 39 45 44 0 -999 -999 -999 
P2976 2007 3 0 47 25 90 0 40 21 17 15 0 21 58 57 81 36 0 21 18 0 0 0 0 0 0 0 8 0 0 6 0 0 
P2976 2007 4 0 0 0 0 0 0 2 0 0 0 0 0 0 0 10 17 0 63 68 0 46 21 31 47 0 10 0 2 0 0 -999 
P2976 2007 5 0 0 14 30 0 0 0 0 0 0 0 0 0 0 24 0 16 34 32 19 0 0 0 0 0 0 0 0 0 0 0 
P2976 2007 6 0 15 0 0 0 0 0 0 0 0 0 0 0 0 0 0 0 4 0 0 0 0 0 14 0 0 0 0 0 0 -999 
P2976 2007 7 0 0 0 23 0 0 0 0 0 23 32 0 0 0 0 0 0 0 20 0 0 0 0 0 0 0 0 0 0 0 0 
P2976 2007 8 9 0 0 0 0 0 0 0 0 0 0 0 0 0 0 0 0 0 0 0 0 0 0 0 0 0 0 0 16 0 0 
P2976 2007 9 0 0 0 0 0 0 0 0 0 0 0 0 0 15 0 0 0 0 0 0 0 0 0 14 17 0 0 0 0 0 -999 
P2976 2007 10 0 0 0 0 8 0 0 0 0 22 16 0 61 62 0 24 0 71 0 0 0 0 58 0 17 0 0 0 0 0 0 
P2976 2007 11 0 0 0 2 0 0 0 0 0 32 0 45 0 0 0 0 3 0 0 0 0 5 0 5 0 7 0 0 0 0 -999 
P2976 2007 12 0 0 0 20 13 10 23 15 0 0 0 0 0 0 0 7 51 44 0 0 0 0 0 0 0 0 13 0 0 0 5 
P2976 2008 1 0 0 0 45 0 0 1 0 0 0 0 7 16 39 48 50 25 0 0 0 110 113 44 26 0 157 207 0 69 88 131 
P2976 2008 2 252 59 136 0 42 65 65 114 23 44 98 19 16 0 0 61 0 82 54 93 13 14 0 0 32 0 35 27 -999 -999 -999 
P2976 2008 3 0 0 0 0 0 0 0 0 0 5 0 14 0 0 0 0 0 0 0 0 7 0 0 0 0 0 0 0 0 0 0 
P2976 2008 4 0 0 14 0 10 3 0 0 0 0 0 0 0 0 80 56 41 0 9 0 8 7 6 0 0 0 0 0 0 0 -999 
P2976 2008 5 14 0 0 8 17 8 0 0 0 0 0 27 28 0 0 0 13 13 0 49 38 44 66 0 0 0 0 0 0 0 0 
P2976 2008 6 7 8 0 0 0 0 13 0 0 0 0 0 17 52 0 0 0 0 9 0 0 0 0 0 0 0 0 0 0 0 -999 
P2976 2008 7 0 0 0 0 0 0 0 0 0 0 0 0 0 0 0 0 0 0 0 0 0 0 0 0 0 0 0 0 0 0 0 
P2976 2008 8 25 0 0 0 15 0 0 0 0 0 0 0 0 0 0 6 0 11 0 0 0 0 0 0 0 0 12 0 8 0 0 
P2976 2008 9 0 0 0 0 0 0 0 0 0 0 25 0 17 0 0 0 0 0 16 0 0 16 0 0 24 0 0 0 0 31 -999 
P2976 2008 10 21 0 0 7 0 0 14 0 0 0 35 37 0 14 0 0 0 0 0 0 0 0 0 0 21 38 44 25 0 0 0 
P2976 2008 11 0 0 0 0 0 0 0 0 0 0 0 0 0 0 0 0 0 0 0 0 0 0 0 0 0 0 0 0 0 0 -999 
P2976 2008 12 0 0 0 0 0 0 0 0 0 26 0 6 6 16 5 0 0 5 0 2 0 0 7 0 24 33 27 24 0 0 0 
P2976 2009 1 0 0 0 0 0 0 0 0 0 0 0 10 9 13 0 0 0 0 0 0 0 0 3 0 0 0 0 0 5 0 0 
P2976 2009 2 7 0 7 13 0 2 0 0 0 0 0 0 0 3 0 0 0 0 0 0 0 0 0 0 0 0 0 17 -999 -999 -999 
P2976 2009 3 52 0 71 35 0 0 0 68 0 18 0 0 0 0 30 0 86 0 0 26 0 0 0 0 29 99 82 114 120 73 30 
P2976 2009 4 0 86 21 21 39 62 10 0 0 0 0 25 26 0 0 0 0 0 8 0 0 0 0 0 4 0 10 0 0 0 -999 
P2976 2009 5 39 46 0 0 30 0 0 0 33 42 0 0 0 0 0 3 0 0 27 0 0 0 29 23 0 0 0 0 9 0 0 
P2976 2009 6 0 9 0 0 0 18 0 0 14 11 0 0 0 0 0 0 7 0 0 0 0 0 0 0 0 0 0 0 0 0 -999 
P2976 2009 7 0 0 0 0 0 0 0 0 0 0 0 0 0 0 0 0 0 0 0 0 0 0 0 0 0 0 0 0 0 0 19 
P2976 2009 8 0 0 0 0 0 0 0 0 0 0 0 0 0 11 0 0 0 0 0 0 0 0 0 26 0 0 0 11 0 0 27 
P2976 2009 9 32 0 0 0 0 0 0 8 0 0 23 0 10 0 0 0 0 0 0 0 0 0 0 16 0 0 0 6 0 0 -999 
P2976 2009 10 0 0 0 0 0 0 0 0 0 0 0 18 0 18 0 0 31 22 0 13 18 6 0 51 17 0 0 0 0 0 0 
P2976 2009 11 0 0 0 0 0 0 0 10 0 0 0 0 5 0 0 0 0 0 0 19 0 25 0 58 0 0 5 8 21 33 -999 
P2976 2009 12 16 0 51 23 61 56 95 20 0 0 53 0 18 0 0 0 0 0 29 0 0 12 0 18 35 58 85 81 23 0 0 
P2976 2010 1 0 0 0 125 66 0 0 13 27 0 0 0 17 0 13 0 14 15 13 0 0 5 5 0 0 0 0 0 0 0 0 
P2976 2010 2 16 13 0 0 0 19 8 0 0 0 0 0 0 0 0 0 0 0 0 1 0 1 0 0 0 2 0 0 -999 -999 -999 
P2976 2010 3 0 0 0 0 0 25 35 42 104 82 0 18 0 8 10 0 12 34 75 29 3 0 0 0 0 0 0 0 0 0 0 
P2976 2010 4 0 0 0 0 0 0 0 0 0 0 0 31 0 0 92 58 5 0 0 36 27 0 4 13 31 9 5 0 26 20 -999 
P2976 2010 5 0 0 27 0 0 0 0 0 0 0 0 21 0 15 15 33 14 0 0 0 0 0 15 0 0 57 46 0 18 0 0 
P2976 2010 6 0 30 25 12 0 0 0 0 0 0 6 0 0 0 0 0 0 0 0 0 0 9 0 8 0 0 0 0 0 0 -999 
P2976 2010 7 0 0 0 0 7 0 0 0 0 0 0 0 0 0 0 0 8 0 0 0 0 0 0 0 0 0 12 0 0 0 0 
P2976 2010 8 0 0 10 0 0 0 0 0 0 0 0 0 0 0 0 0 0 0 0 0 0 0 0 0 0 0 0 0 0 0 16 
P2976 2010 9 11 0 0 0 0 0 0 18 0 0 0 26 0 0 0 0 0 21 0 0 0 0 0 0 0 0 0 0 0 0 -999 
P2976 2010 10 0 1 0 0 0 0 21 0 0 56 61 0 56 0 0 0 0 5 22 15 25 45 0 0 0 0 0 0 0 0 0 
P2976 2010 11 0 0 8 0 0 0 0 0 0 4 0 0 0 0 0 0 0 6 0 0 0 0 2 0 0 0 3 0 0 0 -999 
P2976 2010 12 0 0 0 0 0 0 15 0 17 12 0 0 47 40 4 0 0 0 6 0 0 1 0 0 0 0 0 0 0 0 0 
P2976 2011 1 0 0 0 10 19 0 0 0 0 0 8 0 0 8 24 12 0 0 0 0 0 0 41 13 14 0 0 0 0 0 0 
P2976 2011 2 10 0 0 0 0 0 0 0 0 0 5 0 0 5 0 0 0 0 10 10 0 47 27 0 0 11 24 58 -999 -999 -999 
P2976 2011 3 85 50 0 9 10 0 6 0 0 0 23 38 0 0 0 145 170 39 24 0 26 44 89 245 69 17 48 0 0 0 0 
P2976 2011 4 0 31 0 0 0 0 0 0 0 21 27 29 32 9 0 0 0 63 0 35 0 0 0 6 0 0 0 0 0 0 -999 
P2976 2011 5 0 0 0 0 5 0 0 12 0 0 0 0 0 14 0 0 0 0 8 0 0 0 0 0 0 0 0 0 0 18 13 
P2976 2011 6 0 0 0 0 0 0 0 0 0 0 0 0 0 0 0 0 0 0 0 2 0 0 0 0 0 15 0 0 11 0 -999 
P2976 2011 7 0 0 0 0 0 0 0 0 0 0 0 0 0 0 0 0 0 0 0 0 0 0 0 0 0 0 0 0 0 0 0 
P2976 2011 8 0 0 0 0 0 0 0 0 0 0 0 0 0 0 0 0 0 0 0 0 0 0 0 0 0 4 0 0 0 0 0 
P2976 2011 9 0 4 0 13 0 0 5 19 0 47 8 0 0 0 0 0 0 0 0 0 0 0 0 0 0 0 0 0 0 0 -999 
P2976 2011 10 0 22 0 0 0 0 0 0 0 0 0 20 0 22 0 0 0 0 0 0 0 20 0 18 0 0 0 0 0 0 0 
P2976 2011 11 0 0 6 23 0 0 58 0 5 0 0 9 0 5 6 0 57 32 0 0 0 77 0 25 0 11 0 21 0 4 -999 
P2976 2011 12 9 27 37 0 0 0 0 0 0 8 0 25 8 0 10 0 55 67 62 71 98 0 53 0 36 31 26 0 0 0 53 
P2976 2012 1 119 0 2 0 0 0 0 0 0 0 0 0 0 0 0 0 0 0 1 0 0 0 2 3 0 5 8 18 30 0 0 
P2976 2012 2 0 29 53 21 0 12 9 4 0 0 0 0 2 3 3 1 0 0 0 50 0 0 8 6 12 0 0 0 -999 -999 -999 
P2976 2012 3 29 76 49 0 0 0 0 0 0 0 0 4 0 12 0 0 32 23 0 0 0 16 17 0 21 0 0 0 0 0 5 
P2976 2012 4 0 0 0 0 0 20 0 22 3 1 0 8 0 84 76 0 0 0 0 10 9 0 10 55 61 42 100 81 69 42 -999 
P2976 2012 5 0 0 0 0 0 5 0 12 0 20 20 29 0 38 0 21 0 0 0 0 0 16 16 16 39 0 0 0 0 0 0 
P2976 2012 6 0 0 0 0 0 0 12 0 0 0 0 0 23 0 35 0 0 0 0 0 0 8 0 0 0 0 0 19 0 0 -999 
P2976 2012 7 0 0 0 0 0 0 0 0 0 0 0 0 0 0 0 0 22 19 0 0 0 14 12 0 0 0 0 0 0 0 0 
P2976 2012 8 13 0 0 0 0 0 0 0 0 0 0 0 0 0 0 0 0 0 0 0 0 0 0 0 0 17 0 8 0 7 6 
P2976 2012 9 0 0 0 0 0 0 0 0 0 0 0 0 0 0 0 0 0 0 0 0 0 0 10 0 0 0 0 0 0 0 -999 
P2976 2012 10 0 0 0 0 0 0 0 0 0 46 73 20 0 0 0 0 31 38 42 0 0 0 0 0 8 0 0 16 0 40 22 
P2976 2012 11 32 63 48 0 10 0 0 0 0 30 43 0 0 0 0 0 0 60 95 49 0 0 3 0 0 0 13 0 58 24 -999 
P2976 2012 12 15 0 0 15 28 0 96 89 0 0 20 0 32 134 87 0 60 0 14 0 0 32 0 0 12 0 0 0 0 17 61 
P2976 2013 1 0 17 28 75 25 0 20 13 0 6 0 0 0 0 0 0 0 0 1 0 0 0 0 0 0 0 3 10 0 0 0 
P2976 2013 2 0 0 0 0 0 0 2 3 0 0 0 0 0 94 0 0 0 87 120 89 0 67 70 121 33 0 0 5 -999 -999 -999 
P2976 2013 3 0 0 0 26 0 0 0 0 31 90 171 178 97 0 29 43 0 45 46 32 0 0 67 0 35 0 0 49 50 56 99 
P2976 2013 4 0 8 11 24 23 17 26 6 0 0 0 11 0 0 0 0 0 0 12 0 0 0 0 32 0 0 0 0 0 0 -999 
P2976 2013 5 0 0 0 17 13 0 0 40 28 44 43 17 0 0 0 0 0 28 24 0 0 0 0 0 0 0 0 0 0 0 0 
P2976 2013 6 0 0 31 0 15 0 0 0 0 58 0 40 23 0 0 0 0 0 13 0 0 0 0 0 0 0 0 0 0 0 -999 
P2976 2013 7 0 9 0 0 0 24 25 0 0 0 0 0 7 0 15 0 0 0 0 0 0 0 0 0 0 0 0 0 0 0 0 
P2976 2013 8 0 0 0 0 0 21 0 23 0 0 0 0 0 0 0 0 0 0 0 0 0 0 0 0 0 3 0 0 0 0 43 
P2976 2013 9 0 0 0 0 0 8 0 0 0 0 0 0 0 0 3 0 0 0 0 0 0 0 0 0 0 0 0 0 0 0 -999 
P2976 2013 10 0 0 0 0 0 0 0 0 0 20 0 0 0 0 6 13 0 0 0 0 0 0 0 0 0 0 0 6 6 0 0 
P2976 2013 11 0 0 0 0 0 0 0 0 0 0 0 0 0 4 3 11 25 222 281 86 120 183 231 108 22 115 61 0 6 11 -999 
P2976 2013 12 19 60 26 0 0 0 0 15 0 0 0 0 0 17 25 0 7 0 0 7 0 0 0 51 0 0 31 22 0 34 20 
P2976 2014 1 22 9 0 0 30 0 10 32 0 0 8 14 17 0 46 13 0 0 0 0 0 5 5 0 19 35 75 91 158 140 0 
P2976 2014 2 0 46 0 0 50 92 0 111 43 61 0 0 0 0 0 0 0 14 16 0 0 0 0 0 0 5 0 39 -999 -999 -999 
P2976 2014 3 31 0 3 0 0 0 0 0 0 0 0 0 0 40 91 92 89 99 152 73 0 0 0 8 0 0 0 9 4 10 0 
P2976 2014 4 0 31 40 41 70 32 15 11 0 38 34 0 0 38 53 41 56 20 42 0 0 25 12 0 0 25 0 29 22 0 -999 
P2976 2014 5 58 9 25 45 0 0 3 0 0 0 0 0 0 13 0 0 0 0 0 0 47 76 54 49 20 0 27 18 0 0 47 
P2976 2014 6 17 0 0 0 61 0 31 0 0 0 0 5 0 14 0 0 9 0 0 0 0 0 0 0 0 0 0 0 0 0 -999 
P2976 2014 7 0 0 0 0 0 0 0 0 0 0 0 0 0 0 0 0 0 0 0 0 0 0 0 0 0 0 0 0 0 0 0 
P2976 2014 8 0 0 0 0 0 0 0 0 0 0 0 0 8 0 0 0 0 0 0 0 0 0 0 0 0 0 0 0 0 0 0 
P2976 2014 9 0 0 0 0 0 0 0 17 0 0 0 0 0 0 0 49 65 0 0 9 0 0 0 0 0 0 0 9 12 0 -999 
P2976 2014 10 10 0 20 21 14 6 0 0 0 8 0 0 0 0 0 0 0 0 0 0 0 0 0 0 48 55 0 0 0 6 0 
P2976 2014 11 0 0 0 2 0 0 0 0 0 11 0 0 1 0 0 0 0 65 25 58 143 212 73 76 39 19 0 0 0 0 -999 
P2976 2014 12 0 0 0 0 2 0 9 0 7 0 8 0 0 0 0 0 0 0 0 0 0 0 0 0 5 0 0 4 14 20 33 
P2976 2015 1 0 0 0 73 0 0 0 0 0 0 0 0 0 0 0 0 0 0 0 4 0 0 0 0 6 0 11 56 60 0 0 
P2976 2015 2 0 0 4 0 0 0 0 0 0 0 0 0 0 0 0 0 0 0 0 0 0 0 0 0 85 106 92 41 -999 -999 -999 
P2976 2015 3 25 41 49 0 33 0 27 34 48 0 0 8 0 41 0 6 0 0 0 0 0 0 44 30 0 9 0 6 0 3 0 
P2976 2015 4 28 17 11 0 0 0 0 0 0 3 0 0 0 0 0 0 0 0 0 0 0 0 5 7 0 48 28 40 111 82 -999 
P2976 2015 5 98 68 38 11 11 12 0 1 0 0 0 0 0 0 0 0 0 0 0 0 0 0 0 0 0 0 0 79 80 24 9 
P2976 2015 6 0 0 0 0 39 0 0 0 6 0 0 0 0 0 0 0 0 3 0 0 15 0 0 15 0 0 0 0 0 16 -999 
P2976 2015 7 0 0 10 0 0 0 0 0 0 0 0 0 0 0 18 0 0 0 0 0 0 22 0 0 0 0 0 0 0 0 0 
P2976 2015 8 6 10 0 0 19 0 0 0 0 0 0 0 0 0 0 0 0 0 0 0 0 0 30 0 0 21 0 0 0 0 0 
P2976 2015 9 0 0 0 0 0 0 11 0 0 0 0 0 0 0 0 0 0 0 0 18 0 0 0 18 0 0 0 53 38 0 -999 
P2976 2015 10 35 18 0 0 0 0 26 46 22 0 0 0 0 0 0 0 4 6 0 0 14 0 0 13 0 0 0 0 0 2 0 
P2976 2015 11 0 0 0 0 0 0 15 0 0 0 0 0 30 91 65 0 0 0 0 56 48 36 0 7 10 0 0 0 0 20 -999 
P2976 2015 12 0 61 29 40 41 30 202 140 90 95 0 82 93 0 0 40 19 0 0 0 0 0 4 0 0 0 0 0 0 0 0 
P2976 2016 1 9 0 0 0 0 0 40 24 14 20 64 107 74 117 43 0 41 0 0 0 0 0 0 17 0 0 0 25 22 25 0 
P2976 2016 2 6 4 20 24 0 8 0 5 9 11 16 14 13 18 16 0 59 20 11 0 0 0 17 18 13 0 0 0 -999 -999 -999 
P2976 2016 3 12 28 29 25 26 0 0 57 181 130 188 201 104 0 59 0 31 0 21 0 0 48 0 31 55 33 0 142 80 0 75 
P2976 2016 4 0 0 0 0 0 0 0 24 26 82 137 121 41 0 97 0 40 19 59 51 10 0 0 0 25 0 0 48 0 16 -999 
P2976 2016 5 10 19 0 17 0 0 11 0 0 0 31 0 0 0 23 0 0 14 0 0 0 3 0 0 0 0 0 0 0 0 36 
P2976 2016 6 24 8 0 0 0 0 0 0 0 0 36 0 0 0 0 0 0 0 0 0 0 0 0 24 0 12 0 0 0 8 -999 
P2976 2016 7 0 0 0 0 0 0 0 0 0 0 0 0 0 0 0 0 0 0 0 0 0 0 0 0 0 0 0 0 0 0 0 
P2976 2016 8 0 0 15 0 12 0 0 0 0 0 0 0 0 0 0 0 6 0 0 0 0 0 0 0 0 13 0 0 0 0 0 
P2976 2016 9 0 0 0 14 0 0 13 0 0 0 0 0 0 0 0 0 0 0 20 0 8 0 10 0 0 0 0 0 21 17 -999 
P2976 2016 10 11 9 0 0 0 0 0 0 0 0 0 0 0 8 27 0 122 0 77 82 76 74 18 0 0 10 11 0 8 0 0 
P2976 2016 11 17 0 0 0 8 6 0 39 0 9 0 0 14 0 98 34 27 91 62 70 0 24 0 0 85 13 16 0 31 36 -999 
P2976 2016 12 0 0 0 0 0 2 9 11 13 0 0 74 122 32 0 0 0 28 55 56 54 83 40 33 29 22 30 28 18 27 42 
P2976 2017 1 34 0 0 0 7 0 0 0 0 0 0 0 56 131 71 0 10 0 0 0 0 0 2 0 0 0 0 0 0 0 0 
P2976 2017 2 3 0 0 0 0 0 0 0 10 0 0 0 0 0 0 0 0 6 0 0 0 0 0 0 0 0 0 4 -999 -999 -999 
P2976 2017 3 0 0 6 0 0 8 0 0 68 50 0 15 48 43 23 3 0 0 0 4 0 0 0 65 111 109 97 81 0 13 8 
P2976 2017 4 0 0 0 0 0 0 0 0 26 55 0 19 12 0 8 0 8 9 0 0 0 0 0 0 0 24 41 55 77 38 -999 
P2976 2017 5 0 0 10 20 0 0 0 0 0 0 0 11 4 0 0 0 8 8 10 0 0 0 9 15 0 0 10 0 0 0 0 
P2976 2017 6 0 0 0 0 0 0 0 0 0 0 14 0 0 0 0 0 0 0 0 0 0 0 0 0 3 6 0 0 30 24 -999 
P2976 2017 7 0 0 0 0 0 0 0 0 0 0 0 0 0 0 4 0 0 0 0 0 0 0 6 0 0 0 0 15 0 0 0 
P2976 2017 8 0 0 0 0 0 0 0 0 26 0 0 0 0 0 0 0 0 0 26 0 0 0 0 0 0 0 0 0 0 20 18 
P2976 2017 9 0 0 0 0 0 0 0 10 0 0 4 0 0 0 0 0 0 6 0 3 0 0 0 0 30 0 0 0 0 0 -999 
P2976 2017 10 0 0 0 0 0 0 0 0 0 0 0 0 0 0 0 55 0 0 0 29 0 23 30 15 5 0 72 140 198 77 0 
P2976 2017 11 11 0 41 44 26 0 12 49 44 19 78 0 232 177 19 0 0 0 14 21 42 0 12 0 11 0 0 13 0 0 -999 
P2976 2017 12 0 35 40 0 0 0 28 73 149 55 76 0 51 98 78 14 6 0 0 0 0 0 0 20 21 0 28 29 41 87 0 
P2976 2018 1 48 15 0 0 0 4 0 19 58 30 5 0 0 0 0 0 0 0 0 0 0 0 63 15 12 43 57 32 29 10 0 
P2976 2018 2 48 0 0 0 0 11 0 0 13 11 11 4 0 0 0 0 0 4 7 0 14 0 0 0 0 0 0 0 -999 -999 -999 
P2976 2018 3 0 8 8 0 29 27 0 10 16 29 62 95 90 61 44 9 29 0 19 0 3 0 7 9 0 29 39 28 0 38 15 
P2976 2018 4 10 0 0 0 0 15 0 0 0 0 8 26 8 0 38 17 0 7 0 0 0 0 0 42 0 115 91 36 26 31 -999 
P2976 2018 5 0 0 0 0 17 0 18 9 30 0 43 42 0 26 0 36 0 42 0 60 60 45 44 14 0 0 44 17 0 0 4 
P2976 2018 6 0 0 0 0 0 0 0 0 0 0 0 0 0 0 0 0 9 0 0 0 0 0 0 0 0 0 0 0 0 0 -999 
P2976 2018 7 0 0 0 0 13 14 26 0 15 0 0 0 0 0 0 0 0 0 0 0 0 0 0 0 0 0 0 0 0 0 0 
P2976 2018 8 0 0 0 0 0 0 0 0 0 0 0 0 0 0 0 0 0 0 0 0 4 3 0 7 0 0 0 0 0 0 0 
P2976 2018 9 0 0 0 0 0 0 0 0 0 0 0 0 0 0 0 0 0 0 0 0 9 0 0 7 4 0 0 0 0 0 -999 
P2976 2018 10 0 12 0 0 0 0 10 0 0 47 35 13 0 0 0 0 0 12 3 0 0 0 0 0 0 18 0 0 0 0 0 
P2976 2018 11 15 0 0 0 0 0 32 135 0 81 0 0 0 6 4 0 0 0 0 0 0 21 0 11 0 0 0 0 8 0 -999 
P2976 2018 12 22 33 0 23 34 59 104 13 9 0 0 108 114 51 40 25 0 0 0 0 0 0 0 0 42 29 44 76 112 128 67 
P2976 2019 1 121 120 165 160 123 126 154 0 1 0 18 0 0 0 0 0 76 56 103 113 141 152 0 18 0 64 139 22 0 0 0 
P2976 2019 2 98 92 23 0 34 25 0 0 0 83 140 63 151 135 0 0 60 209 208 34 16 18 0 10 0 0 0 0 -999 -999 -999 
P2976 2019 3 0 0 0 0 0 16 14 0 0 0 0 0 0 0 3 0 0 0 0 0 0 0 0 0 0 0 0 62 0 29 26 
P2976 2019 4 21 0 0 15 27 53 38 59 0 0 0 0 0 53 52 53 54 23 16 21 15 0 50 105 0 34 45 37 39 0 -999 
P2976 2019 5 0 16 0 0 0 0 0 12 0 0 18 0 0 33 0 0 3 0 0 4 0 0 0 0 35 27 0 0 0 0 0 
P2976 2019 6 0 0 4 0 0 0 0 29 0 0 24 21 0 0 18 0 11 0 10 0 0 0 0 0 0 0 0 0 0 0 -999 
P2976 2019 7 0 0 0 0 0 0 0 0 0 0 0 21 0 0 0 10 0 0 0 0 0 0 0 0 0 0 0 0 0 0 0 
P2976 2019 8 0 0 0 0 0 0 0 0 0 0 0 0 0 0 0 0 0 0 4 0 0 0 0 0 0 0 0 0 0 0 0 
P2976 2019 9 16 0 14 0 0 0 0 0 0 0 4 0 0 0 5 0 33 0 30 34 0 16 34 37 0 0 0 0 0 0 -999 
P2976 2019 10 0 0 0 0 0 0 11 0 0 0 0 72 68 0 0 0 0 0 0 0 0 0 0 0 12 0 0 0 0 0 14 
P2976 2019 11 0 0 0 0 0 22 17 0 0 0 0 0 0 0 0 0 0 0 0 0 265 291 113 68 104 127 0 0 56 131 -999 
P2976 2019 12 107 73 16 0 22 0 0 0 0 0 0 0 0 0 0 3 0 0 0 10 0 0 0 4 0 1 1 0 0 0 0 
P2976 2020 1 0 17 7 0 0 2 0 0 0 0 0 6 30 56 19 11 0 0 0 6 12 0 5 0 0 45 78 85 55 65 0 
P2976 2020 2 0 23 0 0 18 16 22 42 10 13 0 0 0 0 18 11 8 0 0 0 0 0 0 0 8 0 0 0 -999 -999 -999 
P2976 2020 3 0 0 0 0 31 0 6 0 0 0 0 0 0 0 0 0 0 0 2 0 0 0 0 0 29 38 24 28 28 0 24 
P2976 2020 4 45 0 0 13 0 3 0 1 0 0 0 40 0 0 76 109 117 74 48 56 77 0 9 11 0 2 0 0 12 0 -999 
P2976 2020 5 0 0 19 0 0 0 0 0 0 0 57 0 0 0 44 28 17 0 12 0 0 0 0 18 0 4 0 0 0 10 0 
P2976 2020 6 0 0 0 0 10 0 0 0 0 0 0 0 0 0 0 12 0 0 0 0 0 0 0 0 0 0 11 0 0 0 -999 
P2976 2020 7 0 0 0 0 0 0 0 0 0 0 0 0 33 0 0 0 0 0 0 0 0 0 0 0 0 0 0 0 0 0 0 
P2976 2020 8 0 0 0 0 0 0 0 0 0 0 0 0 0 0 0 0 0 0 0 0 0 0 0 0 0 0 0 0 0 0 0 
P2976 2020 9 0 0 0 6 0 7 0 0 0 0 0 0 0 0 0 0 0 0 0 0 0 0 20 0 0 0 0 0 0 0 -999 
P2976 2020 10 23 0 0 0 0 0 45 45 0 0 29 45 13 23 107 54 17 77 19 0 0 0 0 0 0 26 18 0 9 0 0 
P2976 2020 11 86 105 119 101 0 0 0 10 11 0 0 0 0 12 25 0 8 14 40 151 0 0 57 0 78 68 79 109 0 27 -999 
P2976 2020 12 74 0 79 15 37 9 8 35 28 0 0 0 0 0 0 0 0 0 29 0 29 133 138 104 103 111 156 0 41 0 0 
P2976 2021 1 67 110 46 25 65 49 49 112 79 0 0 0 0 0 0 0 0 0 0 9 0 0 8 0 0 0 26 26 0 0 29 
P2976 2021 2 0 53 0 0 80 0 0 0 0 0 0 0 12 0 2 1 0 0 7 0 12 0 7 0 6 9 0 8 -999 -999 -999 
P2976 2021 3 14 0 7 3 6 0 0 15 0 54 24 0 71 1 0 0 37 0 0 0 51 2 0 0 0 0 0 31 0 0 0 
P2976 2021 4 0 0 0 0 8 0 0 35 0 0 0 0 0 0 0 34 0 0 0 13 20 0 0 0 0 0 0 0 0 50 -999 
P2976 2021 5 74 48 38 0 0 0 0 0 0 0 0 0 0 0 0 0 0 0 43 0 0 0 0 0 0 9 0 27 16 0 0 
P2976 2021 6 0 0 58 12 0 0 0 0 0 0 0 9 15 0 0 0 0 0 0 0 16 0 0 0 0 0 0 0 0 0 -999 
P2976 2021 7 0 0 0 0 22 0 0 0 0 0 0 0 0 0 0 0 0 0 0 0 0 0 0 0 0 0 0 0 0 5 0 
P2976 2021 8 0 16 0 0 0 0 0 0 0 0 0 0 0 0 0 0 0 0 0 7 0 0 0 0 0 0 19 0 10 0 6 
P2976 2021 9 11 0 0 0 0 18 0 0 0 0 0 0 0 0 3 0 0 0 0 0 0 0 0 0 0 0 11 0 0 0 -999 
P2976 2021 10 0 0 0 0 0 0 0 10 23 0 0 5 0 1 0 0 0 0 0 0 0 95 119 87 38 26 20 0 0 0 14 
P2976 2021 11 0 0 44 84 0 63 8 4 0 0 17 0 11 0 0 35 0 0 0 0 0 0 0 0 46 59 0 0 112 41 -999 
P2976 2021 12 70 111 44 31 0 3 7 19 0 0 0 0 9 11 0 70 112 114 25 11 0 51 0 21 13 4 5 0 34 0 0 
P2976 2022 1 0 0 0 0 18 14 0 63 69 54 75 31 38 0 66 0 50 20 0 0 75 62 170 0 0 15 44 53 73 70 0 
P2976 2022 2 149 38 0 53 72 55 181 226 61 107 218 150 196 74 142 66 55 87 33 44 135 45 74 0 79 170 114 0 -999 -999 -999 
P2976 2022 3 11 20 0 0 131 130 66 112 64 87 74 74 90 0 0 7 0 0 6 9 0 0 0 0 0 0 0 0 0 15 0 
P2976 2022 4 0 9 0 0 5 0 0 0 15 0 0 14 8 18 39 32 0 0 22 0 0 0 0 0 0 0 0 0 0 0 -999 
P2976 2022 5 4 0 0 0 0 0 0 33 0 49 57 54 83 78 39 34 0 0 0 0 0 19 15 20 0 52 0 0 0 13 0 
P2976 2022 6 0 0 0 21 11 0 45 0 12 2 0 0 0 0 0 14 12 0 0 0 0 0 0 0 0 0 0 0 0 0 -999 
P2976 2022 7 0 0 0 0 0 0 0 0 0 0 0 0 0 0 0 0 0 0 0 0 0 0 0 0 10 0 0 0 0 0 18 
P2976 2022 8 7 12 0 0 0 0 0 0 0 0 0 0 0 0 0 8 0 0 0 0 7 0 22 11 0 0 0 0 0 6 0 
P2976 2022 9 0 13 0 2 0 0 0 0 0 0 0 0 0 39 0 15 0 0 6 0 0 0 0 0 0 0 0 0 0 0 -999 
P2976 2022 10 0 0 0 8 0 0 0 0 31 45 76 28 0 44 62 41 21 8 5 0 0 0 0 0 0 4 0 0 46 76 35 
P2976 2022 11 37 0 0 0 0 0 0 0 0 15 0 17 0 0 0 0 0 0 0 0 0 0 0 0 0 0 0 22 14 0 -999 
P2976 2022 12 22 0 116 181 0 0 0 0 120 25 0 10 15 0 0 0 0 6 0 20 61 89 122 70 63 31 30 32 0 9 4 
P2976 2023 1 6 7 4 0 9 0 0 0 0 0 0 0 0 7 0 0 0 0 0 0 0 11 2 0 0 0 0 0 0 0 0 
P2976 2023 2 0 18 9 0 2 0 0 0 8 6 0 5 0 0 0 0 0 0 10 0 9 0 50 28 14 17 0 17 -999 -999 -999 
P2976 2023 3 0 0 0 3 2 0 0 0 0 4 18 67 53 0 0 0 0 0 0 0 0 0 0 0 0 0 0 0 0 47 63 
P2976 2023 4 24 0 30 0 68 33 0 23 7 0 3 31 114 171 67 11 53 0 2 0 0 0 0 0 0 67 0 60 7 0 -999 
P2976 2023 5 0 0 0 0 0 0 0 0 0 0 0 0 39 0 0 34 34 0 0 42 0 0 0 0 0 0 0 0 0 0 0 
P2976 2023 6 0 0 30 19 29 0 0 0 0 0 0 0 0 0 0 0 0 0 0 0 0 0 0 0 0 0 0 0 0 0 -999 
P2976 2023 7 0 0 0 0 0 0 0 0 0 0 0 0 15 0 0 0 0 0 0 0 12 0 0 0 0 0 0 0 0 0 0 
P2976 2023 8 0 0 0 0 0 0 0 0 0 5 7 0 0 0 0 0 0 0 0 0 0 0 10 0 0 0 0 0 0 0 0 
P2976 2023 9 0 0 0 0 0 0 0 0 20 0 0 0 0 0 0 0 14 0 0 0 0 0 0 0 0 0 0 38 0 0 -999 
P2976 2023 10 0 0 0 0 0 0 10 13 0 0 0 0 13 38 73 0 12 0 0 0 0 0 0 0 17 0 18 0 10 17 99 
P2976 2023 11 88 35 15 0 0 0 0 22 24 43 0 0 0 0 0 0 0 0 0 0 0 0 0 0 16 0 3 0 0 0 -999 
P2976 2023 12 0 0 0 0 0 0 1 0 0 0 2 0 0 3 0 0 0 0 0 0 0 0 0 0 0 2 2 0 0 1 0 
P2976 2024 1 0 0 0 44 0 0 92 83 70 0 18 18 0 71 62 37 46 87 7 0 0 0 0 0 8 0 0 0 0 0 0 
P2976 2024 2 123 109 181 37 15 0 0 19 5 0 0 0 0 0 0 10 0 2 0 0 0 42 60 154 95 0 17 0 -999 -999 -999 
P2976 2024 3 0 86 60 81 0 65 19 0 0 6 0 0 12 0 0 0 0 0 0 8 0 0 0 0 0 192 0 31 39 54 0 
P2976 2024 4 48 0 83 39 14 7 0 0 0 0 0 0 0 0 3 0 0 0 0 0 0 0 0 0 0 0 0 0 2 2 -999 
P2976 2024 5 0 0 0 0 0 3 9 0 0 0 0 0 0 0 0 0 0 0 0 0 0 0 0 0 10 20 0 0 0 0 0 
P2976 2024 6 0 0 0 0 0 0 0 0 0 24 15 0 0 0 0 0 0 0 0 0 0 0 0 0 0 0 0 0 0 0 -999 
P2976 2024 7 0 0 0 0 0 0 0 0 0 0 0 0 0 0 0 0 0 0 0 0 0 0 0 0 0 0 0 0 13 0 0 
P2976 2024 8 0 0 0 0 0 0 0 0 0 0 0 0 0 0 0 0 0 0 0 0 0 0 0 0 0 0 0 0 0 0 0 
P2976 2024 9 0 0 17 0 0 0 0 0 0 0 0 0 0 0 0 0 0 0 0 0 0 0 0 0 0 0 0 0 0 0 -999 
P2976 2024 10 0 0 0 0 0 0 0 0 0 0 0 0 0 0 111 103 0 16 0 0 0 0 22 14 0 12 0 0 0 0 0 
P2976 2024 11 0 25 15 17 11 0 0 8 0 0 0 0 55 56 0 8 17 0 0 0 0 0 41 0 0 1 0 0 5 0 -999 
P2976 2024 12 0 0 9 25 0 4 0 0 0 0 0 0 0 0 6 0 0 7 0 0 0 0 0 0 0 0 19 0 1 0 0 
P2976 2025 1 0 0 0 0 0 0 0 0 0 16 12 17 0 6 0 7 0 0 0 0 29 29 35 40 47 43 0 0 13 18 0 
P2976 2025 2 0 14 0 0 0 0 0 0 61 32 0 0 20 28 0 24 49 0 0 57 35 36 0 0 0 1 2 0 -999 -999 -999 
P2976 2025 3 7 40 0 31 56 91 200 29 0 0 0 0 0 0 0 0 0 0 56 51 98 132 0 240 85 27 0 0 1 0 30 
P2976 2025 4 23 0 10 0 0 0 0 0 0 0 0 14 0 0 0 26 0 0 18 24 13 0 0 0 0 0 0 0 0 0 -999 
P2976 2025 5 0 0 49 53 55 33 0 0 30 0 0 0 0 0 0 0 0 0 0 0 0 0 0 17 0 0 0 0 0 21 15 
P2976 2025 6 0 0 0 0 0 19 0 0 0 0 0 0 0 0 0 0 4 3 6 0 0 0 0 0 19 0 0 0 0 0 -999 
P2976 2025 7 0 0 0 0 0 0 0 0 0 0 0 0 0 0 0 0 0 0 12 0 0 0 0 0 0 0 0 0 0 14 19 
P2976 2025 8 0 0 0 0 0 0 0 0 0 0 0 0 0 0 0 0 0 0 0 0 0 0 0 0 0 0 0 0 0 0 0 
P2976 2025 9 0 0 10 0 0 0 0 0 0 0 0 0 0 14 15 16 0 0 0 0 0 0 0 0 0 0 0 0 0 8 -999 
P2976 2025 10 9 0 0 9 0 0 30 32 28 8 2 0 0 0 0 10 0 7 8 0 0 0 0 19 0 61 56 104 36 0 0 
P2976 2025 11 0 0 0 0 0 0 0 0 0 0 0 2 0 0 0 0 0 0 15 12 0 0 0 0 0 0 0 0 3 0 -999 
P2976 2025 12 0 60 79 0 0 20 0 55 11 0 0 0 0 7 0 0 0 13 0 14 16 12 0 24 47 33 21 0 0 0 40 
P2976 2026 1 0 20 21 0 5 22 0 0 0 19 0 150 182 14 0 129 168 117 33 0 0 0 13 25 16 0 0 0 0 10 0 
P2976 2026 2 0 0 0 22 12 0 0 0 2 0 19 0 0 0 0 0 0 30 90 166 54 62 39 30 9 0 0 0 -999 -999 -999 
P2976 2026 3 0 0 0 0 1 0 0 0 2 0 0 0 0 0 0 0 7 0 0 27 0 117 65 0 0 0 0 0 0 0 0 
P2976 2026 4 0 0 4 0 0 0 65 62 0 89 135 0 66 36 0 0 0 4 0 0 0 0 0 0 8 0 60 0 64 0 -999 
P2976 2026 5 44 0 0 4 0 0 0 0 0 0 0 0 0 0 0 0 0 30 23 27 0 0 11 21 15 44 0 25 0 11 0 
P2976 2026 6 0 0 0 0 0 0 0 0 29 6 0 0 0 0 10 0 0 0 0 0 0 0 0 0 0 0 0 0 0 0 -999 
P2976 2026 7 0 0 0 0 0 0 0 0 0 0 0 0 0 0 0 0 0 0 0 0 0 0 0 0 0 0 0 0 0 0 0 
P2976 2026 8 0 0 0 0 0 0 0 0 0 0 0 0 0 0 0 0 0 0 0 0 0 0 0 30 0 0 0 0 11 0 0 
P2976 2026 9 0 0 0 0 0 0 8 15 0 0 0 0 0 31 0 3 0 0 0 0 29 0 0 0 0 0 0 0 21 9 -999 
P2976 2026 10 0 0 0 0 0 0 39 0 15 0 29 50 23 33 61 73 0 0 0 0 0 12 71 24 36 24 0 0 0 60 0 
P2976 2026 11 44 0 10 9 11 0 0 8 0 83 98 22 0 18 17 0 0 0 0 23 0 0 0 4 0 0 0 0 28 0 -999 
P2976 2026 12 7 0 0 16 31 25 13 17 65 67 0 13 13 30 66 54 98 101 57 53 0 0 0 0 0 0 0 0 0 31 17 
P2976 2027 1 0 45 103 97 90 79 97 90 0 0 0 0 0 0 0 21 0 7 34 72 0 13 0 0 0 0 0 0 12 0 0 
P2976 2027 2 9 11 0 0 0 0 0 0 8 8 0 0 60 143 83 261 99 123 87 0 8 30 72 38 69 56 33 41 -999 -999 -999 
P2976 2027 3 93 56 25 51 55 61 0 0 0 0 0 0 0 25 28 46 40 29 0 24 0 0 0 0 0 45 64 98 13 0 28 
P2976 2027 4 0 59 49 93 35 20 37 0 0 0 0 0 0 0 51 105 98 109 49 55 105 0 36 32 0 0 8 0 0 16 -999 
P2976 2027 5 0 26 0 0 42 0 0 0 0 0 3 0 0 0 0 0 19 0 23 0 0 25 20 28 49 47 0 12 0 0 26 
P2976 2027 6 19 12 22 22 19 0 0 5 0 0 8 0 0 0 0 0 0 0 0 0 0 0 0 0 0 0 0 0 6 0 -999 
P2976 2027 7 0 0 0 0 0 0 0 0 0 0 0 0 17 12 0 0 0 0 0 0 0 0 0 0 0 10 0 0 0 0 0 
P2976 2027 8 0 0 19 0 0 0 0 0 0 0 0 0 0 0 0 0 0 0 0 0 0 0 0 0 0 0 0 0 0 0 0 
P2976 2027 9 0 0 28 0 0 0 0 6 0 0 0 0 0 0 0 14 0 0 0 0 0 0 0 0 0 0 0 0 0 0 -999 
P2976 2027 10 0 0 0 0 0 0 0 0 0 0 0 0 4 0 7 0 0 0 0 0 0 40 0 0 0 0 14 0 0 0 0 
P2976 2027 11 19 69 205 109 15 0 0 0 0 0 0 22 61 106 64 0 10 0 0 0 0 27 85 94 86 48 77 64 152 139 -999 
P2976 2027 12 0 83 90 8 19 126 179 112 47 64 0 34 0 0 35 24 0 22 0 0 28 0 0 0 9 0 0 0 0 9 0 
P2976 2028 1 21 46 0 0 0 11 0 33 97 106 0 44 98 139 127 14 0 0 0 0 0 0 0 0 0 0 7 2 0 0 0 
P2976 2028 2 0 0 0 0 11 0 0 0 0 0 0 0 0 0 0 0 0 0 0 0 13 19 16 0 17 59 0 55 -999 -999 -999 
P2976 2028 3 0 0 41 15 15 0 0 0 0 20 21 18 0 0 20 0 31 15 7 0 1 16 22 0 0 0 0 0 0 0 0 
P2976 2028 4 10 17 0 0 28 21 0 0 0 0 0 0 0 0 4 3 0 0 0 0 0 0 13 6 0 0 11 0 0 30 -999 
P2976 2028 5 0 35 16 9 0 0 0 0 11 0 0 0 0 0 0 0 0 0 0 8 0 0 0 34 0 0 0 0 0 11 18 
P2976 2028 6 0 0 21 0 0 10 0 0 0 0 0 0 0 0 0 0 0 0 0 0 0 0 0 0 0 0 0 0 0 19 -999 
P2976 2028 7 0 0 0 0 0 0 0 0 0 0 0 0 0 0 0 0 8 0 10 9 0 0 0 0 0 22 7 0 0 0 0 
P2976 2028 8 0 0 0 0 0 0 0 0 0 0 0 0 0 0 0 0 0 0 0 0 0 0 9 0 0 0 0 0 0 0 0 
P2976 2028 9 0 25 0 0 0 0 18 0 0 0 0 0 0 0 0 29 0 0 0 0 0 0 18 0 13 10 9 8 0 12 -999 
P2976 2028 10 0 5 0 0 0 0 15 9 10 0 0 0 0 0 0 0 0 22 0 0 30 0 0 0 10 0 11 6 0 0 48 
P2976 2028 11 52 21 0 0 0 0 0 45 36 49 0 0 3 18 45 44 0 0 0 0 0 0 0 0 0 0 0 0 0 0 -999 
P2976 2028 12 8 0 0 0 0 40 0 0 0 2 0 0 0 0 0 0 0 1 0 51 70 16 77 54 0 19 10 11 12 0 0 
P2976 2029 1 0 0 69 0 0 81 209 59 6 0 0 0 24 0 50 80 25 0 0 0 0 0 0 0 0 129 150 59 11 0 1 
P2976 2029 2 0 0 0 0 0 0 0 9 7 15 17 0 2 0 0 0 0 0 0 0 0 0 0 16 0 0 52 0 -999 -999 -999 
P2976 2029 3 0 0 0 0 0 0 0 0 0 0 0 0 0 23 0 0 0 0 0 0 27 27 50 0 0 0 0 5 0 1 0 
P2976 2029 4 5 0 0 9 11 0 17 0 7 0 0 0 0 25 0 0 0 0 7 16 12 0 7 0 0 0 0 1 0 0 -999 
P2976 2029 5 0 0 70 50 21 0 0 0 0 0 0 0 0 0 0 0 13 0 0 7 20 0 0 18 12 0 0 0 0 0 0 
P2976 2029 6 10 0 0 0 0 21 0 13 5 0 0 0 0 0 0 0 0 0 0 20 28 26 0 0 0 0 0 0 0 0 -999 
P2976 2029 7 0 0 0 16 0 13 9 0 0 0 0 0 0 0 0 0 0 0 0 0 0 0 0 0 0 0 0 0 0 0 0 
P2976 2029 8 0 0 0 0 0 0 0 0 0 0 0 0 0 0 0 0 0 0 0 0 0 0 0 0 0 0 0 0 0 0 0 
P2976 2029 9 0 0 28 0 0 12 0 0 4 0 0 0 0 0 0 0 0 0 0 0 0 0 49 0 0 0 0 62 71 0 -999 
P2976 2029 10 82 0 0 0 4 0 0 0 0 0 0 0 0 0 41 22 0 0 0 0 0 13 0 24 14 0 0 13 0 14 33 
P2976 2029 11 0 0 51 104 46 70 38 35 150 52 27 13 0 0 0 0 0 0 11 16 4 14 23 0 10 0 0 42 113 0 -999 
P2976 2029 12 7 15 0 0 13 0 0 0 0 0 0 0 0 2 0 0 0 12 0 0 3 0 0 0 0 0 4 3 9 25 135 
P2976 2030 1 104 0 0 0 54 33 82 21 32 0 14 34 0 9 0 0 0 0 0 0 9 7 5 7 0 0 15 30 123 147 125 
P2976 2030 2 212 140 82 14 0 0 88 77 0 0 112 0 0 23 0 56 0 0 0 23 0 0 0 0 0 0 0 40 -999 -999 -999 
P2976 2030 3 0 0 0 0 0 0 118 0 0 0 58 17 0 0 0 0 0 6 25 0 14 55 0 8 0 0 0 0 1 0 0 
P2976 2030 4 0 0 0 0 0 0 0 0 0 18 0 0 17 101 91 97 134 242 60 34 46 73 42 25 27 49 33 0 0 6 -999 
P2976 2030 5 3 0 0 0 0 8 0 10 0 0 0 0 66 37 48 0 29 18 24 0 0 0 0 0 4 0 0 0 0 23 0 
P2976 2030 6 35 28 0 0 24 0 0 0 20 0 30 36 27 0 0 9 0 0 0 0 42 18 0 0 0 0 0 0 0 0 -999 
P2976 2030 7 0 9 0 0 0 0 0 0 0 0 0 0 0 0 0 0 0 0 0 0 0 0 0 0 0 0 0 0 0 0 0 
P2976 2030 8 0 0 0 0 0 0 0 0 0 0 0 0 0 0 0 0 0 0 0 0 0 0 0 0 0 0 0 0 0 0 0 
P2976 2030 9 0 0 4 0 0 0 0 0 10 0 0 0 0 0 5 0 0 18 10 0 0 18 12 0 0 0 8 0 0 0 -999 
P2976 2030 10 0 7 0 19 0 0 0 0 0 0 0 51 0 0 0 0 0 0 0 0 0 0 0 25 0 0 0 0 0 0 23 
P2976 2030 11 0 0 57 79 174 116 0 0 0 0 0 0 0 0 0 0 0 0 30 0 0 0 0 0 1 0 0 0 0 0 -999 
P2976 2030 12 147 57 59 44 0 95 0 44 0 19 0 70 0 22 0 0 0 0 0 0 0 0 29 12 0 0 0 0 0 0 0 
P2976 2031 1 3 0 0 0 0 0 17 0 0 0 0 0 47 125 65 22 12 0 41 12 0 34 35 42 38 33 0 20 40 54 51 
P2976 2031 2 0 14 0 0 17 49 0 0 30 56 39 22 0 1 0 1 0 62 31 0 16 63 0 1 0 0 0 0 -999 -999 -999 
P2976 2031 3 26 41 31 0 0 0 24 0 0 36 50 37 0 95 61 43 49 51 48 0 45 62 55 35 0 59 69 0 0 28 36 
P2976 2031 4 36 0 0 45 84 110 0 4 0 0 0 0 0 0 0 0 0 0 14 0 0 0 0 32 32 0 0 33 27 19 -999 
P2976 2031 5 28 0 0 0 17 0 0 45 11 23 16 11 0 32 20 0 0 0 0 0 0 0 0 11 0 0 0 0 0 0 3 
P2976 2031 6 0 0 0 0 0 0 0 0 0 0 0 0 6 0 0 0 0 0 0 0 0 0 0 0 0 0 0 0 0 0 -999 
P2976 2031 7 0 0 0 20 0 0 0 0 0 0 0 0 0 0 0 0 0 0 0 0 0 0 0 0 0 0 0 0 8 0 0 
P2976 2031 8 0 0 0 0 0 0 22 0 0 0 0 0 0 0 0 0 0 0 0 0 0 0 0 0 0 0 0 4 0 0 0 
P2976 2031 9 0 0 0 0 0 0 10 0 0 0 0 53 0 0 0 0 0 0 0 0 21 0 0 0 0 0 0 0 0 18 -999 
P2976 2031 10 0 6 0 0 0 0 0 0 0 0 28 0 0 26 63 62 0 12 0 0 32 26 36 0 47 0 35 83 33 37 89 
P2976 2031 11 66 45 30 20 14 12 5 0 9 0 8 19 64 41 51 96 26 0 16 10 4 0 0 0 18 14 36 59 29 39 -999 
P2976 2031 12 0 125 0 83 53 0 21 10 0 0 0 0 6 11 0 0 0 0 1 0 0 1 0 22 19 15 0 13 10 0 61 
P2976 2032 1 106 169 39 0 44 162 0 115 201 10 5 0 0 4 0 0 0 79 88 0 0 0 0 0 0 0 24 0 29 65 34 
P2976 2032 2 110 112 25 0 68 0 12 0 0 0 0 2 0 0 0 0 0 0 0 0 0 0 0 0 22 0 0 0 -999 -999 -999 
P2976 2032 3 0 0 0 1 0 29 53 31 0 0 0 0 0 0 0 0 0 0 0 14 0 0 0 0 0 31 28 0 10 19 0 
P2976 2032 4 7 0 72 121 79 0 61 36 30 18 0 0 0 0 0 0 0 0 31 23 110 149 0 50 39 0 0 0 0 36 -999 
P2976 2032 5 27 0 0 0 0 43 52 43 38 0 22 27 0 0 15 0 0 45 0 19 27 0 2 0 0 0 0 0 0 0 0 
P2976 2032 6 0 17 0 0 0 0 0 12 0 0 28 25 0 9 0 6 0 0 0 0 0 0 0 0 0 0 0 0 18 26 -999 
P2976 2032 7 0 0 0 0 0 0 8 0 0 0 0 0 0 0 0 0 0 0 0 0 0 0 0 0 0 0 0 0 0 0 0 
P2976 2032 8 0 0 0 0 0 11 0 0 0 0 0 22 0 0 0 0 28 0 0 0 0 0 0 19 0 0 0 0 0 0 3 
P2976 2032 9 0 0 0 0 0 0 0 0 0 0 0 0 0 0 0 21 0 0 0 0 0 0 0 0 0 0 0 0 18 0 -999 
P2976 2032 10 0 5 0 0 0 3 0 0 0 20 26 0 0 0 0 28 0 30 0 88 95 105 0 0 0 9 0 0 0 0 12 
P2976 2032 11 0 0 26 55 0 68 65 0 20 0 6 25 77 7 0 0 28 42 78 103 65 26 46 80 24 0 0 65 27 0 -999 
P2976 2032 12 0 0 0 0 8 38 0 33 52 87 79 23 0 0 0 0 0 0 0 0 0 0 0 0 0 4 0 8 0 7 127 
P2976 2033 1 69 30 6 0 0 0 23 0 0 0 2 0 0 0 0 0 0 0 0 0 0 0 0 0 3 6 13 0 6 0 0 
P2976 2033 2 0 0 0 0 0 2 0 0 0 19 7 9 0 23 65 149 208 109 94 157 183 162 81 56 88 35 0 19 -999 -999 -999 
P2976 2033 3 0 0 4 7 6 0 0 8 14 19 14 19 31 44 0 11 0 33 76 110 78 44 67 70 81 0 0 0 0 13 33 
P2976 2033 4 146 23 0 28 40 38 0 11 20 0 0 0 0 0 0 0 48 0 69 74 44 23 0 35 68 17 0 1 0 1 -999 
P2976 2033 5 0 0 0 0 0 0 0 0 0 0 0 0 0 0 0 0 0 0 0 21 23 0 0 0 0 0 0 0 0 0 0 
P2976 2033 6 15 0 21 24 0 0 0 0 0 0 16 0 0 0 0 0 0 0 0 0 0 0 0 0 0 0 0 0 0 0 -999 
P2976 2033 7 0 0 0 0 0 24 0 0 0 0 0 0 0 0 0 0 0 0 0 0 0 0 0 0 0 0 0 0 0 0 0 
P2976 2033 8 0 0 0 0 0 0 0 0 0 9 0 0 0 0 4 0 0 0 0 0 0 0 0 0 12 0 0 0 0 0 6 
P2976 2033 9 6 5 0 0 0 13 0 24 0 16 0 0 0 0 0 0 0 0 0 0 0 0 0 0 7 0 0 11 0 0 -999 
P2976 2033 10 0 0 33 38 0 7 0 0 0 0 0 0 0 0 20 55 77 50 123 17 0 0 0 0 46 35 15 6 0 49 78 
P2976 2033 11 59 28 111 168 0 130 124 119 0 0 0 0 0 25 141 89 5 15 9 2 0 0 0 0 0 7 0 0 0 0 -999 
P2976 2033 12 0 0 98 77 0 38 74 39 47 23 0 0 0 0 3 0 0 0 0 0 2 5 0 0 0 5 0 0 0 0 10 
P2976 2034 1 0 0 0 0 0 2 0 0 0 0 0 0 2 9 0 0 0 0 0 0 19 21 28 80 94 121 87 0 0 0 0 
P2976 2034 2 0 0 0 0 0 0 0 62 0 36 65 23 3 0 0 0 0 52 179 52 0 32 80 24 0 0 0 0 -999 -999 -999 
P2976 2034 3 0 0 0 0 0 0 12 0 0 19 29 33 0 0 6 0 0 6 0 0 0 0 0 0 0 20 34 21 52 47 18 
P2976 2034 4 0 0 36 113 154 0 7 25 0 0 44 0 0 38 49 38 36 16 16 28 68 97 86 37 0 9 0 0 0 0 -999 
P2976 2034 5 0 2 0 0 5 0 0 2 0 0 0 7 0 0 0 0 8 0 10 0 0 18 0 0 0 0 0 43 0 0 0 
P2976 2034 6 33 49 27 0 14 15 17 0 13 0 6 7 0 0 0 0 0 25 0 24 0 9 0 0 0 0 0 0 0 0 -999 
P2976 2034 7 0 0 0 3 0 4 0 0 0 0 0 0 0 0 0 0 0 0 0 0 0 0 0 0 0 0 8 0 0 0 0 
P2976 2034 8 0 0 13 9 0 0 0 0 0 0 0 0 0 0 0 0 18 0 0 0 0 0 0 0 0 0 0 0 0 0 0 
P2976 2034 9 0 0 0 0 0 0 0 0 0 0 19 0 0 0 0 16 0 0 6 0 0 0 0 0 0 0 0 0 0 0 -999 
P2976 2034 10 0 0 0 0 0 0 0 15 0 0 2 19 9 9 0 0 0 0 3 0 0 10 30 0 0 0 0 0 0 0 0 
P2976 2034 11 5 7 0 0 43 15 0 0 0 0 7 0 0 0 0 0 0 0 0 0 0 0 9 10 19 24 0 21 21 0 -999 
P2976 2034 12 14 0 0 0 0 1 4 0 0 0 0 0 0 0 13 0 0 11 0 0 0 24 0 113 137 143 115 11 30 69 39 
P2976 2035 1 0 44 63 68 43 66 0 0 0 0 0 0 0 0 1 0 0 0 0 11 7 0 0 0 5 15 0 0 0 0 0 
P2976 2035 2 0 0 0 0 0 0 0 0 0 0 0 0 0 0 0 0 0 0 0 0 0 14 72 72 0 0 76 26 -999 -999 -999 
P2976 2035 3 31 56 0 0 0 0 0 0 35 0 0 0 0 37 6 0 0 0 10 0 0 0 0 10 0 0 22 0 90 35 0 
P2976 2035 4 0 0 0 45 0 72 38 67 30 0 0 0 19 27 39 25 0 0 0 0 64 46 69 0 0 0 15 32 50 48 -999 
P2976 2035 5 34 37 9 0 0 0 50 34 0 0 15 0 0 0 0 8 0 7 19 0 0 0 0 0 0 2 0 0 0 0 5 
P2976 2035 6 0 0 0 33 0 0 0 0 0 11 0 0 0 0 0 0 0 0 0 0 0 0 0 0 0 0 0 0 0 0 -999 
P2976 2035 7 0 0 0 0 0 0 0 45 0 0 0 0 10 11 0 0 0 0 0 0 12 0 0 0 0 0 0 0 0 0 0 
P2976 2035 8 0 0 0 0 0 0 0 0 0 0 42 0 0 0 0 0 14 0 0 0 0 0 17 0 0 0 0 0 0 38 37 
P2976 2035 9 0 4 0 0 0 0 0 0 0 0 29 0 0 0 0 0 0 0 0 0 7 0 8 0 0 0 16 21 26 28 -999 
P2976 2035 10 0 0 0 0 0 0 0 0 0 0 54 48 33 0 81 0 0 0 0 69 108 73 39 0 0 0 0 0 6 7 11 
P2976 2035 11 9 0 52 15 0 0 0 0 0 0 0 0 0 0 0 0 0 0 0 0 0 0 0 0 2 0 0 2 0 0 -999 
P2976 2035 12 0 0 0 0 0 0 0 0 0 17 0 0 0 36 48 0 35 63 32 0 16 11 18 30 26 0 29 0 12 0 0 
P2976 2036 1 118 72 0 26 80 103 68 0 58 137 68 0 63 0 0 0 57 33 0 0 28 16 11 0 0 0 0 0 0 0 0 
P2976 2036 2 0 0 64 0 0 0 0 6 7 0 0 0 9 0 0 0 0 14 26 0 0 0 25 0 0 0 0 28 -999 -999 -999 
P2976 2036 3 107 78 23 32 20 6 0 1 0 21 9 0 16 38 51 0 21 27 53 20 20 0 0 54 0 103 85 58 38 29 28 
P2976 2036 4 166 0 0 45 0 0 0 0 0 29 0 56 17 0 0 0 0 0 0 47 0 0 0 0 47 0 4 0 0 3 -999 
P2976 2036 5 0 0 0 0 0 0 0 0 0 0 0 0 0 0 17 0 56 0 63 33 0 82 0 14 0 0 0 0 0 0 0 
P2976 2036 6 0 0 0 0 0 0 0 0 0 0 30 0 0 0 0 38 0 0 0 0 0 0 0 0 0 0 0 0 0 0 -999 
P2976 2036 7 0 0 0 19 6 0 9 0 0 0 0 0 0 0 0 0 0 0 4 0 0 0 0 0 0 0 0 0 0 0 11 
P2976 2036 8 0 0 0 0 0 0 0 0 0 0 0 34 0 0 0 0 0 0 0 11 0 5 0 0 0 0 0 0 0 0 0 
P2976 2036 9 0 0 0 0 5 0 0 0 0 28 0 0 0 5 0 0 0 5 0 0 0 0 0 0 0 0 0 0 0 0 -999 
P2976 2036 10 0 0 9 14 24 64 35 8 32 64 0 0 0 72 56 21 11 19 0 7 0 6 6 11 0 12 0 0 0 0 0 
P2976 2036 11 0 0 5 0 0 0 100 47 0 0 15 0 0 0 0 0 4 0 0 0 0 0 0 23 23 23 0 0 0 0 -999 
P2976 2036 12 0 6 0 0 0 0 0 0 0 0 11 26 26 0 11 0 0 0 0 0 10 12 0 8 0 20 53 55 57 162 0 
P2976 2037 1 57 59 47 24 0 63 0 0 42 0 14 0 30 0 54 130 119 89 86 43 12 0 12 0 0 0 0 7 0 4 2 
P2976 2037 2 0 0 0 0 0 0 14 0 0 0 0 35 28 0 0 0 0 49 0 45 0 0 0 0 0 13 0 0 -999 -999 -999 
P2976 2037 3 14 18 0 94 0 0 85 92 61 0 0 0 0 0 0 0 20 0 18 0 26 111 94 119 68 165 0 49 0 12 22 
P2976 2037 4 0 0 0 0 7 25 0 0 0 0 0 0 76 0 0 10 0 0 10 9 0 19 56 61 59 50 43 0 0 10 -999 
P2976 2037 5 0 0 0 0 38 91 83 0 0 9 0 0 0 0 0 0 0 0 0 0 0 0 0 0 0 0 0 8 0 0 0 
P2976 2037 6 0 0 0 0 0 0 0 23 0 0 0 0 0 5 0 0 20 0 0 0 0 0 0 0 0 0 0 0 0 0 -999 
P2976 2037 7 0 0 0 0 0 0 0 0 0 0 0 0 0 0 0 0 0 0 0 0 0 0 0 0 22 0 0 0 0 0 0 
P2976 2037 8 0 13 0 6 0 0 0 0 0 0 0 0 0 22 0 0 0 0 0 14 0 0 0 0 0 0 0 0 0 0 0 
P2976 2037 9 0 0 0 0 12 0 0 20 0 14 0 16 16 0 0 0 0 0 0 0 0 0 0 0 0 21 0 0 0 8 -999 
P2976 2037 10 0 0 0 9 29 32 16 0 0 0 0 0 0 0 0 0 0 0 0 15 0 0 14 21 0 4 0 0 0 3 13 
P2976 2037 11 48 47 12 0 0 15 14 0 16 0 0 0 0 34 15 56 43 0 0 1 0 0 16 0 37 30 34 0 44 34 -999 
P2976 2037 12 25 0 122 0 144 181 108 0 18 0 43 63 0 11 5 0 0 0 0 41 0 0 0 18 18 6 0 0 0 0 0 
P2976 2038 1 0 0 0 0 0 0 0 0 29 18 48 148 74 0 23 44 0 30 9 23 0 14 3 6 5 16 0 12 14 0 51 
P2976 2038 2 0 0 0 26 0 0 17 0 0 0 0 0 0 0 0 0 0 0 0 0 0 0 11 18 53 42 10 5 -999 -999 -999 
P2976 2038 3 7 0 19 62 0 29 0 0 11 0 15 32 29 34 31 62 79 41 10 0 0 0 62 0 17 0 62 0 0 0 0 
P2976 2038 4 0 66 50 54 0 0 0 46 25 0 0 0 0 0 0 0 0 0 0 0 0 70 12 0 0 0 0 0 0 0 -999 
P2976 2038 5 30 0 0 0 0 0 0 0 0 0 0 0 0 0 0 0 0 0 9 6 0 0 0 0 0 0 0 0 0 0 0 
P2976 2038 6 15 0 0 0 0 0 0 0 14 0 0 20 0 0 10 0 18 0 0 0 0 0 0 6 0 0 0 0 0 0 -999 
P2976 2038 7 0 0 0 0 0 0 8 5 0 0 0 0 0 0 0 0 0 0 0 0 0 0 0 0 0 0 0 0 0 0 10 
P2976 2038 8 0 0 0 0 0 0 0 0 0 0 0 0 0 0 0 0 0 0 0 0 0 0 0 0 0 0 0 15 0 0 10 
P2976 2038 9 0 0 0 0 0 0 0 0 0 0 0 0 5 0 0 0 18 0 0 0 0 0 0 0 0 0 0 0 0 0 -999 
P2976 2038 10 0 7 0 0 0 0 0 0 0 0 0 0 0 0 9 0 0 0 0 40 0 0 0 88 0 0 44 0 0 0 0 
P2976 2038 11 0 11 33 35 0 91 50 24 12 0 0 0 33 0 0 49 21 35 58 17 2 0 0 0 16 0 70 85 101 35 -999 
P2976 2038 12 17 10 0 0 11 0 0 19 0 0 8 0 0 1 0 0 0 0 0 0 0 6 9 25 55 27 30 47 56 52 0 
P2976 2039 1 24 0 70 56 143 0 0 0 4 0 0 113 113 0 42 96 126 58 152 132 67 30 24 0 133 199 247 87 20 10 22 
P2976 2039 2 0 0 0 7 0 0 0 0 0 0 11 0 0 13 30 11 16 0 4 11 57 88 91 50 0 91 61 0 -999 -999 -999 
P2976 2039 3 25 0 0 0 0 27 0 0 20 41 30 33 59 8 0 35 0 0 76 94 74 0 4 0 9 23 10 0 2 2 1 
P2976 2039 4 0 0 0 0 0 0 0 0 6 0 0 0 0 0 0 0 0 0 0 0 0 0 0 0 0 0 0 0 0 0 -999 
P2976 2039 5 48 29 31 0 0 0 0 0 25 76 64 0 0 15 0 26 0 0 0 0 0 0 12 19 0 0 0 33 39 27 0 
P2976 2039 6 0 0 20 13 0 10 0 0 60 0 0 0 0 0 9 0 38 46 0 0 0 0 0 0 0 0 0 0 0 0 -999 
P2976 2039 7 0 0 0 0 0 0 0 0 0 0 0 0 0 0 0 17 0 0 0 0 0 0 0 0 0 0 0 0 0 0 0 
P2976 2039 8 0 0 0 0 0 0 0 0 0 0 0 0 0 0 0 0 0 0 18 0 0 0 0 0 0 0 0 0 0 0 0 
P2976 2039 9 0 0 0 0 0 0 0 23 0 0 0 0 8 0 0 0 39 34 0 12 0 0 5 0 0 0 0 0 0 0 -999 
P2976 2039 10 0 0 0 0 0 0 0 0 0 0 17 0 0 0 0 0 0 0 45 87 0 59 45 78 73 12 12 45 43 0 0 
P2976 2039 11 79 42 5 1 0 0 0 0 0 0 0 0 0 0 0 39 14 8 0 0 34 0 0 0 0 0 0 71 71 48 -999 
P2976 2039 12 43 0 0 6 0 0 0 0 0 0 0 0 0 34 55 32 87 238 58 0 0 0 0 0 14 28 40 25 0 0 0 
P2976 2040 1 6 0 0 0 0 0 0 0 0 0 0 0 0 0 4 15 23 11 0 87 0 0 5 17 0 0 2 0 0 34 129 
P2976 2040 2 47 21 85 92 85 8 0 0 0 0 46 38 34 133 185 109 81 147 144 95 35 49 93 98 50 47 0 79 -999 -999 -999 
P2976 2040 3 0 0 0 65 35 6 26 30 34 30 0 2 0 0 0 15 0 0 15 0 2 0 0 5 0 0 0 0 0 0 0 
P2976 2040 4 37 26 31 0 59 0 0 22 0 11 12 0 13 0 0 0 0 0 0 0 0 0 4 0 27 31 17 0 0 0 -999 
P2976 2040 5 6 0 0 0 0 0 25 0 0 0 0 0 0 0 0 0 0 0 0 0 0 0 0 0 0 0 0 0 0 0 7 
P2976 2040 6 0 0 0 0 0 0 0 0 0 0 0 22 0 0 0 12 10 0 0 0 0 0 5 0 0 0 0 0 0 10 -999 
P2976 2040 7 0 0 7 0 0 0 0 0 0 10 0 0 0 0 0 0 0 0 0 0 0 0 0 0 0 0 0 0 0 0 0 
P2976 2040 8 0 0 0 0 8 0 0 0 0 0 0 0 0 0 0 0 0 7 0 0 0 0 18 22 0 0 0 0 0 0 0 
P2976 2040 9 0 0 0 0 0 0 0 0 0 14 19 0 0 0 0 55 0 0 0 26 0 0 0 7 0 0 0 0 0 0 -999 
P2976 2040 10 0 0 0 0 0 33 30 0 44 0 0 23 0 0 0 0 98 153 0 0 0 5 22 34 26 3 0 0 0 0 0 
P2976 2040 11 0 0 0 0 0 0 0 28 0 0 0 11 0 115 73 124 0 20 0 0 0 0 0 32 17 0 18 0 0 27 -999 
P2976 2040 12 17 7 0 0 1 0 0 0 0 13 0 0 0 1 0 0 1 0 0 0 6 0 0 0 0 0 0 0 0 0 0 
P2976 2041 1 0 0 5 29 31 30 14 11 9 14 0 0 0 1 17 40 0 7 4 0 0 0 42 79 0 0 170 0 0 0 0 
P2976 2041 2 0 0 0 0 0 0 11 25 51 65 57 0 28 31 83 0 30 13 15 16 27 0 0 0 0 0 0 0 -999 -999 -999 
P2976 2041 3 0 0 0 9 0 22 0 24 0 0 0 0 2 2 3 0 0 0 0 0 0 0 0 0 0 0 0 0 0 0 0 
P2976 2041 4 4 0 0 0 0 0 0 24 0 0 20 25 0 14 0 0 0 0 0 0 0 0 0 0 0 0 0 0 6 0 -999 
P2976 2041 5 6 10 0 36 0 47 38 0 0 25 33 0 15 0 0 0 32 0 37 18 0 0 0 8 0 15 0 0 0 0 0 
P2976 2041 6 23 0 0 0 0 0 11 0 0 22 28 0 0 0 0 0 3 0 0 25 0 0 0 0 0 0 0 22 0 0 -999 
P2976 2041 7 0 12 0 0 0 0 0 0 0 0 0 0 0 20 0 7 0 17 0 0 0 0 8 0 0 0 0 0 0 0 0 
P2976 2041 8 0 0 0 0 0 0 0 0 0 0 0 0 0 0 0 0 0 0 0 0 0 10 0 9 0 6 0 0 0 0 0 
P2976 2041 9 0 0 0 8 0 0 0 0 0 0 0 0 0 0 0 0 0 0 0 0 0 6 0 0 0 0 0 0 0 0 -999 
P2976 2041 10 0 0 7 0 0 0 0 0 0 0 0 0 0 7 0 0 0 8 15 10 0 15 39 49 0 9 0 0 13 0 0 
P2976 2041 11 0 115 0 0 0 0 0 0 0 0 0 3 5 0 10 0 0 0 18 10 0 9 0 0 59 0 22 18 0 21 -999 
P2976 2041 12 59 0 149 39 18 0 0 32 35 0 0 0 0 0 9 0 2 0 0 0 32 13 5 0 0 8 13 48 55 51 40 
P2976 2042 1 0 70 103 96 37 0 6 0 17 43 0 0 0 0 0 0 0 37 73 8 2 0 0 37 0 0 93 64 0 0 0 
P2976 2042 2 0 0 0 0 0 0 0 0 0 0 0 0 0 5 0 0 0 1 0 0 0 0 0 29 0 0 0 0 -999 -999 -999 
P2976 2042 3 0 0 0 6 12 0 0 0 0 0 0 0 10 0 0 0 0 36 35 31 53 48 60 60 57 40 0 0 0 0 0 
P2976 2042 4 0 0 0 0 4 13 17 15 16 0 0 0 0 0 0 0 60 48 15 20 12 30 0 9 2 0 0 0 0 44 -999 
P2976 2042 5 43 70 101 71 0 46 0 32 0 59 0 44 84 0 0 12 0 10 9 8 0 0 15 0 0 4 0 8 0 0 0 
P2976 2042 6 22 23 0 27 43 33 0 0 10 0 0 0 9 0 0 0 14 12 0 28 0 0 0 0 4 0 0 0 0 8 -999 
P2976 2042 7 0 0 0 0 0 0 0 0 0 0 0 0 0 0 0 0 0 0 0 0 0 0 0 0 0 0 0 0 0 0 0 
P2976 2042 8 0 0 0 0 0 0 0 0 0 0 0 0 7 0 0 0 0 0 0 0 0 0 0 7 0 0 0 0 0 0 0 
P2976 2042 9 0 0 0 0 0 0 0 0 0 0 0 0 0 0 0 0 0 0 0 0 0 0 0 0 0 0 13 0 0 0 -999 
P2976 2042 10 0 0 0 0 0 9 0 0 0 5 0 0 0 0 0 0 0 0 0 5 0 0 27 0 0 0 0 0 0 0 0 
P2976 2042 11 0 0 0 0 28 28 18 0 25 22 30 65 0 27 0 0 0 7 0 5 13 0 21 8 0 45 0 0 16 15 -999 
P2976 2042 12 20 15 8 0 128 0 25 23 0 0 64 63 0 0 0 0 0 11 47 47 14 27 17 0 0 0 29 35 0 121 50 
P2976 2043 1 0 1 0 0 0 0 0 0 6 0 27 56 18 43 83 64 82 44 7 0 0 0 0 0 0 0 0 0 0 0 0 
P2976 2043 2 0 0 0 0 0 0 0 0 0 0 0 11 9 0 73 63 0 0 0 0 0 0 0 0 0 16 0 0 -999 -999 -999 
P2976 2043 3 0 15 4 0 3 5 7 7 0 16 52 51 57 97 49 78 91 61 59 51 20 56 0 86 49 68 17 26 88 118 48 
P2976 2043 4 100 99 0 25 0 36 25 0 44 35 20 22 55 16 7 0 3 0 0 0 0 38 0 0 0 58 0 54 88 27 -999 
P2976 2043 5 0 0 6 4 0 0 0 8 0 0 0 25 31 33 39 43 83 61 60 73 31 0 0 0 0 0 0 0 0 0 0 
P2976 2043 6 9 0 29 0 15 0 0 0 0 0 0 0 0 6 0 0 0 0 8 0 0 0 0 0 0 0 0 0 0 0 -999 
P2976 2043 7 0 0 0 0 0 0 0 0 12 0 0 0 0 0 0 0 0 0 0 0 0 0 0 0 0 0 0 0 0 0 0 
P2976 2043 8 0 0 0 0 0 14 0 0 23 24 0 0 0 0 0 0 0 0 0 0 0 0 0 15 0 13 0 0 0 0 0 
P2976 2043 9 0 0 0 0 0 0 0 0 0 0 0 9 0 0 0 0 0 4 3 0 0 0 0 0 0 0 0 0 0 0 -999 
P2976 2043 10 0 7 0 5 0 0 0 0 0 0 0 0 0 30 0 0 0 0 0 0 17 11 0 0 3 0 0 0 0 17 7 
P2976 2043 11 0 17 19 34 246 84 11 0 0 1 0 0 0 6 4 6 9 0 43 0 90 85 0 0 66 89 86 32 47 0 -999 
P2976 2043 12 8 2 36 79 70 0 0 0 0 0 0 1 0 0 0 0 0 14 0 15 0 1 0 0 0 0 0 0 0 0 0 
P2976 2044 1 0 0 0 0 0 0 11 0 16 0 57 38 23 24 0 0 0 121 71 36 38 18 13 45 0 95 0 0 0 11 0 
P2976 2044 2 28 16 0 68 21 0 0 0 0 31 21 0 0 0 0 0 27 2 0 0 0 0 0 0 0 0 9 0 -999 -999 -999 
P2976 2044 3 0 0 0 0 0 8 0 0 0 0 0 0 0 0 0 0 16 0 3 0 0 0 0 0 0 0 30 0 28 24 24 
P2976 2044 4 34 53 0 33 33 17 0 0 50 19 0 0 0 0 0 0 0 0 0 0 0 1 9 0 0 21 0 0 33 0 -999 
P2976 2044 5 22 6 21 28 24 41 68 0 45 78 0 66 0 27 26 0 16 11 0 16 0 28 23 18 8 7 7 0 5 0 0 
P2976 2044 6 0 0 0 0 0 0 0 5 0 0 0 0 0 22 29 0 0 0 0 23 32 40 16 18 0 0 14 0 0 0 -999 
P2976 2044 7 0 0 0 0 0 0 0 0 0 0 20 19 0 0 12 17 0 0 0 0 0 0 0 0 0 0 0 0 0 0 0 
P2976 2044 8 0 0 0 0 0 0 0 0 0 0 0 8 0 0 0 0 0 0 0 7 0 0 0 0 0 0 0 0 0 0 0 
P2976 2044 9 0 0 0 0 0 0 0 0 0 0 0 0 0 0 0 0 0 0 0 19 14 10 0 18 0 0 0 0 0 0 -999 
P2976 2044 10 0 0 0 1 0 0 0 0 0 0 0 26 0 0 0 0 0 0 59 73 0 0 0 125 93 41 0 0 17 0 0 
P2976 2044 11 0 0 0 0 24 0 0 0 0 0 57 0 96 69 40 41 34 16 0 0 115 0 5 9 14 0 11 0 0 0 -999 
P2976 2044 12 0 0 0 0 0 12 0 0 0 1 0 0 0 0 0 0 0 0 89 155 34 39 0 21 26 55 27 0 0 0 23 
P2976 2045 1 35 43 101 0 88 21 35 90 158 93 60 81 0 15 8 0 0 0 6 0 0 2 0 0 0 0 0 7 0 0 0 
P2976 2045 2 34 23 11 0 13 0 31 5 5 0 69 103 46 8 5 0 0 0 0 24 47 0 25 0 100 209 295 232 -999 -999 -999 
P2976 2045 3 20 12 33 41 19 0 25 53 82 0 0 0 65 0 0 0 0 0 0 0 0 0 0 0 0 0 0 1 0 0 0 
P2976 2045 4 0 0 0 5 0 0 0 0 0 0 0 32 0 48 67 23 13 0 0 0 0 0 0 0 0 0 0 0 0 0 -999 
P2976 2045 5 0 0 0 56 18 0 0 0 0 0 0 0 0 0 0 0 0 0 0 62 40 51 58 51 31 0 22 43 63 42 19 
P2976 2045 6 0 0 0 0 0 0 0 0 0 0 0 0 29 0 0 24 0 0 0 0 0 0 0 0 0 0 0 0 0 0 -999 
P2976 2045 7 0 0 0 0 0 0 0 0 0 0 0 0 0 0 0 0 0 0 0 0 0 0 0 0 0 0 38 0 0 0 0 
P2976 2045 8 0 0 0 0 0 4 0 0 0 0 0 0 0 0 0 0 0 8 0 0 0 0 0 0 0 0 4 0 0 0 15 
P2976 2045 9 0 0 0 17 22 21 0 0 0 0 23 19 0 0 0 0 0 0 8 0 0 0 9 12 0 0 0 17 0 0 -999 
P2976 2045 10 0 0 0 0 20 0 0 19 0 0 10 9 10 23 0 0 0 0 21 0 0 0 0 0 0 0 0 0 0 0 0 
P2976 2045 11 0 21 39 0 32 12 0 0 0 0 3 0 8 0 0 0 15 57 38 10 1 0 0 9 10 15 19 14 13 5 -999 
P2976 2045 12 0 0 0 0 0 0 0 0 0 0 58 0 3 0 0 0 0 0 0 0 0 0 16 88 51 11 0 0 9 8 0 
P2976 2046 1 0 10 12 14 0 9 0 0 0 0 0 0 0 0 0 0 0 116 136 110 81 74 83 84 60 101 73 50 106 76 76 
P2976 2046 2 48 11 14 8 7 26 0 0 0 0 20 0 0 29 0 143 201 151 0 0 0 0 10 0 0 0 45 45 -999 -999 -999 
P2976 2046 3 0 0 36 39 0 0 3 0 0 0 0 0 1 0 0 0 0 0 0 0 0 0 0 0 18 52 35 0 0 0 32 
P2976 2046 4 59 16 19 19 9 20 0 0 83 73 21 0 0 73 70 73 78 0 14 0 25 34 53 0 69 0 39 27 29 30 -999 
P2976 2046 5 24 0 7 0 0 1 0 0 0 0 0 0 0 0 5 0 15 10 0 0 0 26 68 55 100 46 20 0 0 0 0 
P2976 2046 6 0 0 0 0 0 32 0 0 0 0 0 7 0 11 0 0 0 0 0 0 0 0 0 0 0 0 0 0 0 0 -999 
P2976 2046 7 0 0 0 0 0 0 0 19 0 0 0 0 0 0 0 0 0 0 0 0 0 0 0 0 0 0 0 0 0 0 0 
P2976 2046 8 0 0 0 0 0 0 0 0 0 0 0 0 0 0 0 0 0 0 0 0 12 11 0 0 0 0 0 0 0 0 0 
P2976 2046 9 0 5 0 0 0 0 0 0 0 0 0 0 0 0 0 0 0 0 8 0 24 0 0 0 0 0 0 0 0 0 -999 
P2976 2046 10 0 0 0 13 0 10 0 0 32 39 20 0 0 0 10 0 0 0 0 0 0 25 17 0 0 0 0 0 0 0 12 
P2976 2046 11 30 0 86 56 9 10 0 2 0 0 0 0 0 2 0 0 0 0 0 0 0 0 0 0 0 0 0 0 0 0 -999 
P2976 2046 12 10 0 3 0 0 2 0 0 0 0 0 0 0 17 0 0 15 18 15 12 0 0 0 0 9 23 0 0 8 0 9 
P2976 2047 1 22 30 80 77 47 34 14 9 27 38 35 0 0 0 8 39 0 0 0 0 16 0 0 0 1 9 0 31 0 0 29 
P2976 2047 2 47 5 4 0 13 0 0 0 0 0 0 19 43 0 0 0 0 0 23 56 37 33 40 45 61 7 7 0 -999 -999 -999 
P2976 2047 3 0 32 22 0 0 32 0 15 0 35 34 30 0 0 0 28 23 29 0 0 0 0 0 0 0 0 0 0 0 0 21 
P2976 2047 4 25 17 0 0 9 10 0 0 0 10 17 17 0 0 4 0 0 0 0 28 20 30 0 0 0 0 28 0 0 0 -999 
P2976 2047 5 0 0 0 0 18 49 24 5 0 0 0 0 0 67 77 0 0 0 0 0 0 0 41 16 6 0 7 0 0 0 0 
P2976 2047 6 0 0 0 0 0 0 0 0 0 0 0 0 0 0 0 0 0 0 0 0 0 0 0 0 0 0 0 0 0 0 -999 
P2976 2047 7 0 0 6 0 0 0 0 0 0 0 0 6 0 0 12 0 0 15 0 10 10 0 0 0 0 0 0 0 0 0 0 
P2976 2047 8 0 0 10 0 0 0 0 0 0 0 0 0 0 0 0 0 0 0 0 11 0 0 0 0 3 6 0 0 32 0 0 
P2976 2047 9 0 0 8 0 0 12 0 26 0 10 0 0 0 0 0 0 0 0 0 0 0 0 0 0 0 36 15 11 12 0 -999 
P2976 2047 10 0 51 34 74 38 0 0 0 31 0 5 0 15 0 0 0 0 0 0 0 0 0 0 0 0 27 0 28 12 0 13 
P2976 2047 11 0 0 0 0 0 0 3 0 0 0 4 0 0 0 0 0 16 0 37 33 0 0 0 0 2 0 15 37 26 0 -999 
P2976 2047 12 50 75 17 80 256 271 279 124 0 0 0 0 8 21 0 56 20 51 146 103 31 65 42 54 0 32 0 0 23 0 0 
P2976 2048 1 0 0 0 2 0 0 0 0 0 0 18 1 0 0 0 0 0 0 0 0 17 17 0 0 9 80 104 0 0 0 0 
P2976 2048 2 0 0 0 0 8 15 39 104 16 33 0 0 0 0 0 0 0 52 0 0 0 0 0 0 0 0 8 0 -999 -999 -999 
P2976 2048 3 4 0 0 0 0 0 0 0 0 0 0 0 10 5 0 0 0 40 52 0 0 0 0 0 0 0 0 0 28 0 0 
P2976 2048 4 8 0 0 0 47 42 0 70 21 0 18 73 99 0 0 34 82 66 147 132 50 28 27 20 13 26 21 0 0 0 -999 
P2976 2048 5 0 0 0 0 11 0 0 0 0 0 0 37 32 0 0 0 0 0 0 0 0 48 0 22 0 0 22 53 0 0 4 
P2976 2048 6 0 0 0 0 20 0 0 0 12 11 0 0 0 0 0 0 0 0 0 0 0 0 0 0 0 0 0 0 0 0 -999 
P2976 2048 7 0 0 9 0 0 0 0 0 0 0 0 0 0 0 0 0 0 0 0 0 18 0 0 0 0 11 0 0 0 0 0 
P2976 2048 8 0 0 0 0 0 0 0 0 0 14 26 0 0 0 0 0 0 0 0 0 0 0 0 0 0 0 0 0 0 0 0 
P2976 2048 9 0 0 0 0 0 0 0 0 0 0 0 0 0 0 0 0 10 0 0 0 0 0 0 0 0 0 11 0 0 0 -999 
P2976 2048 10 0 54 77 32 4 0 0 3 0 0 0 0 15 32 27 61 34 0 11 0 0 0 0 0 0 12 0 0 27 26 31 
P2976 2048 11 25 30 15 0 6 0 0 0 5 0 25 21 0 0 0 0 0 0 1 0 1 0 0 0 0 0 10 0 172 139 -999 
P2976 2048 12 0 81 116 27 0 0 0 0 0 0 0 0 0 37 0 0 0 54 63 191 46 0 25 0 0 0 3 0 0 0 0 
P2976 2049 1 0 35 38 0 15 15 0 0 0 0 0 0 0 0 0 0 0 0 0 0 0 0 0 0 0 0 0 0 0 0 0 
P2976 2049 2 0 0 0 0 0 26 51 83 32 61 73 165 205 150 75 192 99 0 0 77 120 72 0 224 0 152 84 37 -999 -999 -999 
P2976 2049 3 53 107 123 126 108 53 36 0 0 76 42 20 0 59 0 0 34 35 26 9 0 0 0 0 0 0 0 0 0 11 0 
P2976 2049 4 41 0 0 0 38 24 0 0 0 0 0 5 0 0 5 0 0 0 0 0 0 10 0 0 0 0 0 0 0 7 -999 
P2976 2049 5 0 34 21 0 0 14 20 0 24 0 0 0 0 0 0 18 0 25 0 0 23 0 8 0 0 0 0 34 22 0 0 
P2976 2049 6 0 0 0 0 4 0 0 0 0 0 0 0 0 0 0 0 0 0 0 0 0 0 0 0 0 0 0 12 0 0 -999 
P2976 2049 7 0 0 0 0 0 0 36 0 0 0 0 0 0 0 12 0 0 0 0 0 0 0 0 3 1 0 0 0 0 0 0 
P2976 2049 8 0 0 0 0 0 0 0 0 0 0 0 0 0 0 0 0 0 0 0 0 0 0 0 0 30 0 0 0 0 0 0 
P2976 2049 9 0 0 0 0 0 10 0 0 13 0 8 9 0 0 0 0 0 0 0 0 0 0 0 0 0 0 0 0 0 8 -999 
P2976 2049 10 0 0 0 0 0 0 0 0 0 0 17 0 18 0 45 65 21 25 0 0 10 0 0 0 32 34 64 40 0 0 3 
P2976 2049 11 0 0 0 20 0 34 110 163 98 10 0 0 0 0 0 0 4 0 10 0 0 0 0 0 0 7 14 43 58 0 -999 
P2976 2049 12 11 0 0 0 0 0 0 0 9 13 4 3 0 22 98 85 0 0 0 0 0 6 20 23 0 0 0 0 0 0 0 
P2976 2050 1 0 0 0 3 4 6 0 3 14 0 120 101 138 111 58 155 106 134 22 0 0 11 18 22 0 0 0 0 0 0 14 
P2976 2050 2 0 0 38 0 0 0 0 0 0 0 0 1 0 0 0 0 0 3 4 1 0 0 0 1 0 6 0 0 -999 -999 -999 
P2976 2050 3 0 0 0 0 0 0 0 0 0 0 18 0 0 20 12 0 0 19 39 0 20 0 53 0 0 33 0 0 31 0 0 
P2976 2050 4 0 0 0 0 19 17 0 0 0 0 71 116 4 0 0 0 51 0 33 0 29 85 0 0 0 0 0 0 0 0 -999 
P2976 2050 5 24 0 19 28 0 0 32 0 17 0 0 18 0 0 0 0 0 0 0 0 0 21 0 0 0 23 35 28 20 14 0 
P2976 2050 6 0 0 0 0 18 0 0 0 0 0 0 0 0 0 0 0 0 0 0 0 0 0 0 0 0 0 0 0 0 0 -999 
P2976 2050 7 0 0 0 0 0 0 0 0 0 0 0 0 0 0 0 11 0 0 0 0 0 11 0 0 0 0 0 0 0 0 0 
P2976 2050 8 0 0 0 0 0 0 0 0 0 0 0 0 0 0 0 0 0 0 0 13 0 0 0 0 0 0 0 0 0 0 0 
P2976 2050 9 0 0 0 0 0 0 0 0 0 0 0 0 0 4 0 0 0 0 0 0 0 0 17 0 0 0 0 0 0 0 -999 
P2976 2050 10 0 0 0 15 8 15 0 0 0 0 0 0 0 0 0 56 41 25 0 0 0 17 14 6 0 0 0 42 41 46 85 
P2976 2050 11 0 20 0 0 0 0 0 0 4 0 0 0 15 20 34 8 0 9 0 13 0 0 42 60 10 4 34 0 0 0 -999 
P2976 2050 12 0 0 39 0 13 14 0 0 0 74 15 31 97 112 65 0 0 30 15 9 0 0 0 0 0 0 0 0 0 9 9 
P2976 2051 1 15 21 0 0 7 9 0 0 8 25 18 45 122 47 54 10 7 0 0 1 5 4 3 0 15 0 7 9 0 29 45 
P2976 2051 2 62 92 50 0 0 18 18 0 8 0 0 5 0 0 0 0 22 0 37 53 0 55 99 0 0 62 0 0 -999 -999 -999 
P2976 2051 3 0 0 61 0 59 0 21 0 33 46 0 48 0 0 0 36 46 0 0 0 24 32 0 0 0 0 14 0 7 0 0 
P2976 2051 4 25 0 0 0 0 0 49 0 88 36 3 0 0 0 97 0 0 0 0 0 0 0 0 10 0 0 0 0 0 0 -999 
P2976 2051 5 0 0 26 0 0 0 0 4 27 7 0 0 0 0 26 0 21 0 0 0 19 0 0 0 15 7 8 21 0 0 8 
P2976 2051 6 13 0 30 0 0 0 0 18 0 0 0 10 0 0 0 0 0 18 15 0 0 0 0 0 0 0 0 0 0 17 -999 
P2976 2051 7 0 0 0 0 8 0 0 0 0 0 0 0 0 0 0 0 0 0 0 0 0 0 0 0 0 0 0 0 0 0 0 
P2976 2051 8 0 0 0 13 23 0 0 0 0 0 0 0 0 0 0 0 0 0 0 17 0 0 0 0 0 0 0 0 0 0 0 
P2976 2051 9 0 0 0 0 0 0 0 0 0 0 0 0 0 0 0 0 0 0 0 0 0 0 0 31 16 0 0 0 0 0 -999 
P2976 2051 10 23 0 0 0 0 23 0 31 29 26 0 0 29 18 45 0 0 0 0 6 0 0 0 0 0 0 50 74 0 0 0 
P2976 2051 11 0 0 0 46 0 0 0 0 0 0 0 0 69 43 32 0 16 39 84 0 0 49 83 43 35 43 0 0 33 50 -999 
P2976 2051 12 5 0 0 0 0 86 97 0 21 0 16 24 0 28 41 60 34 18 67 51 68 0 0 0 5 0 5 0 0 4 0 
P2976 2052 1 12 0 0 0 4 2 0 0 0 0 0 0 0 0 0 0 0 0 0 0 0 0 0 8 0 5 6 1 0 0 0 
P2976 2052 2 0 0 0 0 0 0 0 0 0 0 0 19 17 30 26 0 0 43 0 0 25 10 10 0 42 37 0 0 -999 -999 -999 
P2976 2052 3 0 0 0 0 0 0 75 0 6 0 6 0 26 0 49 0 30 18 21 0 91 66 32 36 0 50 25 17 0 17 0 
P2976 2052 4 0 16 25 0 0 0 0 0 0 0 0 0 0 0 0 0 0 0 0 0 0 0 0 0 0 0 0 0 0 0 -999 
P2976 2052 5 0 0 0 0 0 29 41 33 0 0 0 0 26 0 27 0 0 0 0 0 0 0 0 0 0 0 22 0 0 28 23 
P2976 2052 6 0 0 0 18 19 8 0 0 0 0 0 0 32 0 0 0 19 0 0 0 0 0 20 0 14 0 0 0 0 0 -999 
P2976 2052 7 0 0 0 0 0 0 0 0 0 0 0 0 0 0 0 0 0 0 0 0 0 0 0 0 14 0 0 0 0 15 0 
P2976 2052 8 0 0 0 8 0 0 0 0 0 0 0 0 0 0 0 0 0 0 0 0 17 11 0 0 0 0 0 0 0 0 0 
P2976 2052 9 0 15 0 0 5 0 0 0 0 0 0 0 0 0 0 0 0 0 0 0 8 0 0 0 0 0 0 0 0 0 -999 
P2976 2052 10 0 0 0 0 0 4 0 0 0 0 0 0 0 0 0 0 9 0 0 0 0 0 0 0 0 0 0 0 0 0 0 
P2976 2052 11 0 0 0 0 0 0 0 0 8 0 1 0 0 0 0 0 0 0 0 0 21 0 0 26 48 0 111 0 19 36 -999 
P2976 2052 12 42 41 19 18 28 6 4 0 45 140 84 0 88 73 24 9 26 0 30 0 0 0 0 20 22 8 0 0 0 43 22 
P2976 2053 1 5 2 0 0 0 0 0 0 0 0 0 17 0 0 0 0 0 0 0 0 0 0 0 0 0 0 0 0 0 0 0 
P2976 2053 2 0 59 0 85 64 69 86 32 29 11 0 6 1 1 0 0 0 17 0 0 9 0 0 0 26 24 0 97 -999 -999 -999 
P2976 2053 3 89 27 12 21 41 23 3 0 14 0 0 13 0 19 24 20 61 62 45 27 0 0 10 0 0 0 0 15 0 43 34 
P2976 2053 4 37 0 0 0 0 54 87 51 0 0 41 56 8 12 0 0 0 0 0 0 0 0 8 0 0 7 0 0 0 0 -999 
P2976 2053 5 0 26 0 69 42 81 95 42 0 0 21 22 0 0 0 0 18 0 26 0 38 0 36 36 10 8 0 12 0 0 14 
P2976 2053 6 0 0 18 19 0 0 0 0 0 0 15 0 0 0 0 28 14 3 0 0 0 0 0 0 0 0 0 0 0 0 -999 
P2976 2053 7 0 0 0 0 0 0 0 0 0 0 0 0 0 0 0 0 0 0 0 0 0 0 0 0 19 0 0 0 14 15 0 
P2976 2053 8 0 0 0 0 0 0 0 0 0 0 0 10 0 0 0 0 0 0 0 27 11 0 0 0 0 0 0 0 0 0 0 
P2976 2053 9 0 0 0 0 0 0 0 0 0 20 0 0 0 0 0 7 0 0 0 0 12 0 0 0 0 0 0 0 0 0 -999 
P2976 2053 10 0 0 0 0 0 0 0 0 0 0 0 5 7 8 24 0 0 0 0 8 0 8 0 15 0 37 19 0 0 0 0 
P2976 2053 11 0 22 0 0 0 0 16 0 72 122 0 51 20 24 79 80 85 66 0 13 9 0 18 17 6 0 30 14 0 0 -999 
P2976 2053 12 0 0 16 0 0 0 0 0 0 0 0 0 0 12 0 17 9 2 0 1 4 0 17 22 72 77 0 45 82 0 72 
P2976 2054 1 61 49 143 75 94 101 42 0 81 0 65 80 89 124 50 68 52 11 12 0 0 0 0 0 0 9 33 196 107 27 32 
P2976 2054 2 38 126 105 0 0 0 35 42 0 0 12 35 30 0 0 14 0 5 0 0 0 0 0 0 0 0 0 0 -999 -999 -999 
P2976 2054 3 0 0 0 0 0 0 0 0 0 0 0 3 0 0 0 0 0 0 0 9 0 0 41 0 0 9 0 0 0 38 0 
P2976 2054 4 0 27 24 0 64 96 135 0 33 41 62 67 12 0 16 46 18 22 0 0 0 0 2 0 0 0 29 57 0 50 -999 
P2976 2054 5 36 21 20 0 9 17 14 0 0 14 0 17 0 23 0 0 0 0 0 21 0 39 0 87 82 27 19 0 23 16 0 
P2976 2054 6 0 0 0 0 0 0 0 0 0 0 0 0 0 0 0 0 0 0 0 0 0 0 0 0 0 0 0 0 0 0 -999 
P2976 2054 7 0 0 0 0 0 0 0 0 0 0 0 0 5 0 0 0 0 0 0 0 0 0 0 0 0 0 0 0 0 0 0 
P2976 2054 8 0 0 0 0 0 0 13 0 0 0 0 0 0 0 0 0 0 0 0 24 0 0 3 11 0 29 17 0 6 0 0 
P2976 2054 9 0 0 0 0 0 0 0 0 0 0 0 34 0 0 0 0 0 0 0 0 7 20 0 39 0 5 0 0 20 68 -999 
P2976 2054 10 0 22 41 35 0 4 9 0 0 0 0 0 12 49 0 0 0 38 0 0 0 0 0 0 66 0 0 0 19 12 13 
P2976 2054 11 67 16 4 0 0 0 20 0 105 117 74 0 24 38 0 0 14 27 45 115 30 0 0 0 2 0 37 0 0 0 -999 
P2976 2054 12 0 0 0 0 0 0 0 0 0 0 0 56 41 0 0 8 0 0 0 0 0 0 24 58 106 81 92 103 109 78 0 
P2976 2055 1 0 0 0 48 0 7 12 21 7 47 90 0 22 12 0 0 0 156 102 0 0 0 0 0 0 0 0 0 0 0 0 
P2976 2055 2 0 0 0 26 23 44 70 38 0 0 7 2 0 0 0 0 0 0 0 0 0 0 0 0 12 0 23 0 -999 -999 -999 
P2976 2055 3 24 30 45 0 43 0 0 20 26 0 0 0 41 0 3 0 0 0 8 0 0 0 21 39 27 18 0 0 0 0 0 
P2976 2055 4 0 0 0 0 0 0 0 0 21 0 29 24 0 2 0 0 4 0 0 0 0 0 9 0 0 11 0 9 0 0 -999 
P2976 2055 5 10 2 0 0 0 0 4 0 0 30 83 54 24 0 0 1 0 10 0 0 0 0 0 20 29 52 0 0 0 0 7 
P2976 2055 6 0 11 0 0 0 0 0 0 0 0 0 0 0 0 0 0 0 0 0 0 0 0 0 0 0 0 0 0 0 0 -999 
P2976 2055 7 0 0 0 0 0 0 0 0 0 0 0 0 0 0 0 0 0 0 0 0 0 0 0 0 0 0 0 0 0 0 0 
P2976 2055 8 0 0 0 0 0 0 0 0 0 0 0 0 0 0 0 0 0 0 0 17 0 10 0 0 0 0 0 0 15 0 0 
P2976 2055 9 0 0 0 0 0 0 0 0 0 0 0 0 0 0 0 0 0 0 0 0 35 24 0 0 0 0 0 0 0 0 -999 
P2976 2055 10 38 18 24 39 48 0 0 0 0 22 52 32 0 0 47 86 127 49 0 28 0 0 0 0 0 18 0 0 0 0 0 
P2976 2055 11 12 0 9 24 0 53 71 0 0 8 20 23 0 11 13 26 47 0 11 5 0 0 17 8 0 16 57 42 158 0 -999 
P2976 2055 12 24 5 29 17 40 24 0 22 6 0 0 0 19 0 0 0 0 0 0 0 0 8 0 0 1 0 10 0 49 55 0 
P2976 2056 1 29 39 0 0 76 68 97 94 55 104 0 0 0 7 0 0 0 0 12 6 0 0 0 21 0 0 118 50 3 0 0 
P2976 2056 2 0 51 32 10 65 84 92 21 0 0 122 0 37 130 141 35 19 0 72 133 109 128 0 0 49 0 0 0 -999 -999 -999 
P2976 2056 3 0 41 15 19 74 145 108 90 0 128 120 93 76 159 72 0 22 0 63 115 23 0 0 19 7 0 0 82 63 0 0 
P2976 2056 4 0 47 37 9 0 0 0 0 0 0 0 0 0 33 0 0 0 0 0 0 3 0 8 0 0 0 0 0 0 0 -999 
P2976 2056 5 0 0 0 0 0 0 27 30 0 34 41 34 0 0 0 0 0 0 0 12 0 0 0 0 0 0 0 0 0 0 56 
P2976 2056 6 38 0 7 22 18 0 4 0 0 7 0 8 0 0 0 11 0 0 0 0 0 0 0 0 0 9 0 0 0 0 -999 
P2976 2056 7 11 0 0 0 0 16 0 0 6 0 4 0 0 8 0 0 0 0 0 0 0 0 0 0 0 0 0 0 0 0 0 
P2976 2056 8 0 0 0 0 0 0 0 0 0 0 0 0 0 0 0 0 0 0 0 0 0 0 0 0 0 0 13 0 0 0 5 
P2976 2056 9 0 0 0 0 0 0 0 23 13 0 12 8 0 0 0 0 0 0 0 18 0 0 0 0 0 0 0 0 3 0 -999 
P2976 2056 10 0 0 0 0 0 0 0 28 0 0 0 2 0 0 0 9 0 20 17 0 5 0 33 49 122 149 0 0 0 0 0 
P2976 2056 11 24 38 13 19 18 0 0 66 0 48 43 69 30 0 86 46 0 2 0 15 6 5 0 0 0 0 0 0 0 0 -999 
P2976 2056 12 0 0 0 0 0 0 5 0 0 0 0 0 0 4 14 0 0 65 0 12 9 0 0 0 0 0 0 0 28 23 0 
P2976 2057 1 70 114 76 0 79 0 0 0 0 26 65 0 9 10 11 0 40 67 88 24 0 0 0 0 0 0 59 218 149 29 49 
P2976 2057 2 0 0 3 0 43 20 0 0 28 0 0 0 0 0 0 0 0 0 0 0 0 0 0 20 66 47 75 39 -999 -999 -999 
P2976 2057 3 0 44 0 0 3 0 0 0 0 0 0 0 5 13 46 0 61 126 0 0 18 0 0 0 0 0 0 63 46 42 33 
P2976 2057 4 0 51 43 11 0 5 0 0 0 25 0 46 0 46 0 0 64 65 0 0 0 0 81 0 0 0 0 2 0 0 -999 
P2976 2057 5 0 0 0 30 30 25 0 32 44 23 0 0 0 0 6 0 8 0 9 21 0 0 0 0 0 18 0 0 0 0 0 
P2976 2057 6 0 0 0 0 0 0 0 0 0 0 0 0 0 12 0 0 0 0 0 0 0 0 0 0 0 0 0 0 0 0 -999 
P2976 2057 7 0 0 0 0 0 0 0 0 0 0 0 0 0 0 0 0 0 9 0 0 0 0 0 0 0 0 0 0 0 0 0 
P2976 2057 8 9 0 0 0 0 0 0 0 0 0 0 0 0 0 0 0 0 0 0 0 0 0 13 0 0 0 0 0 0 5 8 
P2976 2057 9 0 0 0 0 0 0 0 0 0 16 0 0 6 0 0 10 11 0 0 4 0 0 0 35 0 0 3 6 0 0 -999 
P2976 2057 10 14 0 0 27 26 0 0 0 30 0 0 0 51 24 7 4 0 0 11 18 0 0 23 0 58 0 0 59 48 0 0 
P2976 2057 11 0 0 0 0 7 0 16 0 56 0 0 85 168 40 15 0 9 0 0 32 24 0 0 8 10 0 64 87 0 88 -999 
P2976 2057 12 70 46 83 7 0 8 0 0 0 0 0 0 0 6 0 0 15 0 64 36 48 37 94 137 57 0 0 0 4 0 1 
P2976 2058 1 17 15 0 0 0 5 11 0 27 40 23 94 126 76 165 233 64 57 19 0 0 0 0 0 0 0 34 0 0 121 0 
P2976 2058 2 0 12 0 33 77 43 30 0 30 20 0 81 0 6 0 0 0 0 0 0 0 7 0 12 9 0 0 0 -999 -999 -999 
P2976 2058 3 0 0 15 0 0 0 0 0 0 0 0 0 0 0 0 0 0 0 0 0 0 0 0 0 2 3 0 0 0 0 19 
P2976 2058 4 69 43 0 0 0 0 58 0 0 0 24 34 0 0 0 0 0 16 13 0 0 0 17 0 41 36 18 16 17 0 -999 
P2976 2058 5 14 0 22 0 31 0 23 8 6 0 0 0 0 0 0 0 0 0 0 0 0 0 0 38 0 0 0 0 0 0 0 
P2976 2058 6 0 0 0 0 0 0 0 0 30 0 0 0 0 0 0 0 0 20 0 0 0 16 0 6 0 0 0 0 0 0 -999 
P2976 2058 7 0 0 0 0 0 0 0 0 0 0 0 0 0 0 0 0 0 0 0 0 0 0 0 0 0 0 0 0 0 0 0 
P2976 2058 8 0 0 20 0 0 0 0 0 0 0 0 0 0 0 0 0 0 0 0 0 0 4 0 2 0 0 0 0 0 0 0 
P2976 2058 9 0 0 0 0 0 0 0 0 0 0 0 0 0 0 0 0 0 0 0 0 0 0 0 0 0 0 0 0 0 23 -999 
P2976 2058 10 0 0 0 95 81 22 18 0 0 0 0 0 0 0 0 0 0 0 0 35 40 0 28 0 0 0 5 0 0 0 0 
P2976 2058 11 0 4 0 0 9 0 0 56 0 0 43 0 0 10 0 0 1 0 1 0 0 0 9 0 0 0 0 3 8 0 -999 
P2976 2058 12 0 23 14 16 12 14 0 0 3 0 0 0 0 0 0 0 0 0 2 0 0 0 0 0 0 3 5 0 0 0 0 
P2976 2059 1 0 0 0 0 0 0 0 55 14 0 0 0 0 0 13 19 37 6 0 0 0 0 0 0 0 0 0 0 0 1 0 
P2976 2059 2 1 0 0 3 0 0 0 0 0 0 20 40 48 27 0 1 0 0 0 0 0 0 0 0 0 0 0 0 -999 -999 -999 
P2976 2059 3 0 0 0 0 0 0 0 10 0 0 0 0 0 0 0 0 0 25 0 6 0 0 0 0 0 0 37 47 48 0 0 
P2976 2059 4 0 0 0 0 12 0 0 0 83 63 0 60 0 33 0 0 34 58 26 0 0 54 46 107 28 0 0 0 0 0 -999 
P2976 2059 5 0 1 0 7 17 0 0 0 0 0 0 0 0 0 0 0 48 60 37 0 12 0 0 0 0 32 19 0 0 0 0 
P2976 2059 6 0 0 0 0 0 0 0 0 0 0 0 0 0 0 0 0 0 0 0 0 0 0 19 0 0 0 0 0 0 0 -999 
P2976 2059 7 0 0 19 0 0 15 0 0 0 0 0 0 0 0 0 0 16 0 0 0 0 0 0 0 0 0 0 0 0 0 0 
P2976 2059 8 0 0 0 0 0 0 0 0 0 0 0 0 0 0 0 0 0 0 15 0 0 0 0 0 0 68 0 0 0 0 0 
P2976 2059 9 0 0 0 0 0 0 0 0 0 0 0 0 0 0 0 0 0 2 9 0 0 0 0 0 0 0 0 0 0 14 -999 
P2976 2059 10 0 0 18 19 0 27 0 0 0 0 0 0 0 0 0 0 0 15 0 0 0 0 0 0 10 0 84 84 0 0 31 
P2976 2059 11 21 44 63 62 45 0 0 0 0 5 0 0 0 0 0 0 17 0 10 0 0 0 0 18 0 0 0 0 0 4 -999 
P2976 2059 12 4 0 0 0 38 45 13 11 26 57 35 41 22 0 6 0 0 0 1 0 0 3 0 21 39 102 95 49 52 35 0 
P2976 2060 1 15 15 23 0 0 17 0 0 37 28 110 108 121 68 0 0 0 10 8 0 0 0 0 0 5 0 0 0 0 0 0 
P2976 2060 2 52 0 6 4 0 0 11 0 5 0 0 22 0 0 0 0 0 0 0 0 0 0 0 7 0 4 0 32 -999 -999 -999 
P2976 2060 3 0 25 0 10 1 0 48 0 13 29 23 0 0 0 0 0 6 0 5 0 0 0 71 49 12 22 41 0 59 0 3 
P2976 2060 4 28 0 21 0 0 0 0 0 55 0 0 18 18 0 0 56 0 10 0 0 0 5 0 0 0 38 0 0 0 0 -999 
P2976 2060 5 4 0 0 39 0 31 9 13 0 0 0 18 0 0 0 0 17 0 0 0 0 0 0 0 0 0 0 0 0 0 0 
P2976 2060 6 0 0 0 0 0 15 0 0 0 0 0 0 0 0 0 0 0 0 0 28 0 17 0 0 0 0 0 0 0 0 -999 
P2976 2060 7 0 0 0 0 0 0 0 0 0 0 0 0 0 0 0 0 0 0 0 9 0 0 0 0 0 0 0 0 0 0 0 
P2976 2060 8 0 0 0 0 0 0 0 0 0 0 0 0 0 0 0 0 0 0 0 0 0 0 0 0 0 0 0 0 0 0 0 
P2976 2060 9 0 0 0 0 0 0 0 0 0 0 0 0 17 0 0 0 0 0 0 0 0 2 0 0 0 0 0 0 0 19 -999 
P2976 2060 10 0 0 0 0 0 0 0 0 0 0 0 5 0 0 0 0 0 0 0 0 0 0 0 0 0 0 0 0 0 0 0 
P2976 2060 11 0 0 0 0 42 0 47 37 0 55 0 58 0 0 0 0 132 114 159 75 0 0 7 0 28 0 0 27 0 12 -999 
P2976 2060 12 0 0 0 18 0 100 75 0 0 0 0 0 0 0 0 0 23 14 0 9 8 0 0 23 0 20 24 35 75 0 14 
P2976 2061 1 9 20 21 12 0 0 57 0 28 3 7 0 0 0 0 0 0 0 0 0 0 20 0 12 11 6 0 0 0 0 8 
P2976 2061 2 13 0 0 0 10 0 0 15 28 36 61 0 0 22 0 0 0 0 0 0 0 16 0 0 17 0 0 0 -999 -999 -999 
P2976 2061 3 40 16 5 0 0 0 16 0 47 0 3 0 12 0 0 0 0 72 0 0 0 0 45 77 142 13 0 8 0 0 19 
P2976 2061 4 33 0 82 0 18 0 17 0 22 0 32 36 2 1 0 0 10 0 35 0 0 1 0 0 0 0 0 0 0 11 -999 
P2976 2061 5 0 19 0 0 0 0 12 0 0 0 7 0 0 0 18 24 0 0 0 0 2 0 0 0 0 0 0 0 0 0 0 
P2976 2061 6 0 0 0 0 0 0 0 0 0 0 0 0 0 0 0 0 0 0 0 0 0 0 0 0 0 0 0 17 0 11 -999 
P2976 2061 7 0 0 0 0 0 0 0 0 0 0 0 0 0 0 0 0 0 0 0 0 0 0 0 0 0 17 0 0 0 0 0 
P2976 2061 8 0 0 0 0 0 0 0 0 0 0 0 0 0 0 0 20 0 0 0 0 0 0 0 0 15 0 0 0 0 0 0 
P2976 2061 9 9 0 0 0 0 0 0 0 0 0 0 0 0 32 0 11 16 0 0 4 0 0 19 0 0 43 35 0 0 25 -999 
P2976 2061 10 12 0 0 0 0 0 0 0 18 0 0 0 9 11 0 75 54 39 0 114 28 0 124 126 0 0 0 0 90 0 0 
P2976 2061 11 92 36 4 13 0 10 0 26 42 94 25 0 0 0 18 0 70 0 0 0 0 2 0 0 0 0 0 50 18 0 -999 
P2976 2061 12 7 2 1 0 0 0 0 0 0 0 24 29 8 0 12 15 0 0 0 16 49 74 0 2 0 0 0 0 15 45 20 
P2976 2062 1 7 0 0 0 0 0 0 0 0 0 0 0 0 5 3 0 0 37 0 0 0 0 0 11 22 78 67 52 0 57 37 
P2976 2062 2 0 0 0 0 0 0 33 21 26 18 21 3 0 8 0 0 0 7 0 10 0 0 0 0 53 0 29 11 -999 -999 -999 
P2976 2062 3 6 9 0 29 35 0 3 6 0 23 81 113 195 233 0 0 0 21 51 0 0 24 0 0 0 6 1 0 0 0 0 
P2976 2062 4 0 0 0 0 0 0 0 0 0 0 10 0 0 0 0 0 0 0 0 0 0 6 0 0 0 0 0 34 49 63 -999 
P2976 2062 5 17 0 0 0 0 0 0 28 33 0 10 0 5 0 0 17 16 0 0 0 6 0 0 0 0 0 0 7 0 0 0 
P2976 2062 6 0 0 29 0 0 0 7 10 0 0 10 0 0 0 0 0 0 0 0 0 0 0 0 0 0 0 0 0 0 0 -999 
P2976 2062 7 0 0 0 0 0 0 0 0 0 0 0 0 0 0 0 0 0 0 0 0 0 0 0 0 0 0 0 0 0 0 0 
P2976 2062 8 0 0 0 0 0 0 0 0 0 0 0 0 18 0 0 0 0 0 15 0 0 0 0 0 0 0 0 0 0 0 0 
P2976 2062 9 0 0 0 0 0 0 0 0 0 0 0 0 0 0 0 8 0 0 0 0 0 0 0 0 0 0 0 0 8 0 -999 
P2976 2062 10 0 0 0 82 172 119 0 0 0 0 0 0 0 7 0 0 43 9 0 0 15 0 0 0 0 0 10 0 0 0 0 
P2976 2062 11 0 0 0 0 0 0 20 0 0 0 0 0 0 64 29 0 0 50 42 0 0 15 46 13 0 0 0 0 0 0 -999 
P2976 2062 12 0 0 0 0 0 0 0 0 10 25 0 0 0 0 0 0 43 0 18 3 2 8 0 0 0 0 0 0 0 0 28 
P2976 2063 1 70 0 111 0 20 78 0 197 155 30 17 0 79 80 94 117 0 86 0 53 100 119 55 0 97 50 0 0 0 85 61 
P2976 2063 2 128 36 38 32 0 0 13 0 0 0 0 0 44 89 98 131 42 0 0 0 0 0 0 0 0 0 4 0 -999 -999 -999 
P2976 2063 3 0 0 0 0 15 20 0 0 10 0 40 43 45 54 57 109 32 0 8 0 15 18 13 40 165 0 61 50 57 57 85 
P2976 2063 4 24 0 0 0 91 0 0 0 107 0 6 0 0 20 24 12 0 7 9 0 0 10 0 0 0 0 0 0 17 39 -999 
P2976 2063 5 40 0 26 7 0 0 0 0 0 0 0 0 0 0 0 0 14 0 0 0 23 0 0 0 13 9 2 0 0 0 0 
P2976 2063 6 0 0 0 0 17 0 0 0 0 0 0 0 0 0 0 0 0 30 0 0 0 0 0 0 0 0 0 0 0 0 -999 
P2976 2063 7 0 0 0 0 0 0 0 0 0 0 0 0 0 0 0 0 0 0 0 14 0 0 0 0 0 0 0 0 0 0 0 
P2976 2063 8 0 0 0 0 0 0 0 0 27 31 0 0 0 0 0 0 0 0 0 0 0 0 13 18 21 0 9 0 0 0 0 
P2976 2063 9 0 0 0 0 0 0 0 0 0 0 0 0 0 20 0 0 0 0 26 8 0 0 0 14 0 0 0 22 0 0 -999 
P2976 2063 10 0 0 0 0 3 3 0 0 0 0 0 0 0 132 0 0 0 0 0 0 0 0 8 0 0 14 0 3 0 0 0 
P2976 2063 11 0 4 0 5 3 0 0 0 0 0 6 0 24 34 0 0 0 0 0 0 41 24 0 0 0 0 0 0 0 0 -999 
P2976 2063 12 0 2 0 0 0 0 2 2 0 0 0 4 0 0 16 0 0 0 0 0 0 0 0 0 0 0 0 0 0 0 0 
P2976 2064 1 0 0 0 0 0 3 0 0 0 0 0 0 0 0 0 64 0 0 5 0 0 0 0 0 0 27 23 13 13 29 16 
P2976 2064 2 0 44 0 0 18 15 0 8 0 0 0 0 2 0 0 0 0 0 0 0 0 0 0 0 0 0 0 0 -999 -999 -999 
P2976 2064 3 0 9 0 0 0 0 34 0 65 68 24 17 0 48 67 40 49 51 0 54 28 19 18 16 30 0 36 0 0 0 0 
P2976 2064 4 0 0 0 89 0 29 37 0 21 0 0 0 0 0 0 30 11 0 12 0 28 0 0 0 0 37 0 0 14 0 -999 
P2976 2064 5 20 0 0 0 11 0 27 0 0 0 0 0 0 0 0 0 0 0 12 0 35 0 0 16 0 0 0 0 0 0 0 
P2976 2064 6 0 0 0 0 0 0 0 0 0 0 0 0 0 21 0 0 0 0 0 0 0 0 8 0 0 0 0 0 0 0 -999 
P2976 2064 7 0 0 0 11 0 0 0 0 0 0 0 17 0 0 9 0 0 0 0 0 0 0 0 0 0 0 0 0 0 0 0 
P2976 2064 8 0 0 0 0 0 0 0 28 0 0 0 0 8 0 0 0 0 0 0 0 0 0 0 0 0 4 0 0 0 0 23 
P2976 2064 9 0 30 0 0 0 0 0 0 0 0 0 0 12 0 0 0 0 0 0 0 0 38 0 0 3 0 0 0 0 0 -999 
P2976 2064 10 0 0 0 0 0 0 0 45 23 0 0 0 0 0 5 0 0 0 0 0 0 9 10 0 14 23 13 0 0 32 0 
P2976 2064 11 11 0 0 20 48 0 0 0 0 0 0 35 31 112 0 4 1 1 0 0 0 0 0 0 0 0 0 26 11 10 -999 
P2976 2064 12 25 32 35 56 0 90 98 192 209 60 19 0 0 0 0 21 0 0 0 0 0 0 0 2 0 0 2 0 3 0 0 
P2976 2065 1 0 0 0 13 14 0 0 12 28 40 0 45 0 88 20 22 9 0 4 0 0 0 5 0 2 0 0 0 32 35 53 
P2976 2065 2 24 0 0 0 0 0 0 0 0 0 0 43 85 106 0 113 111 115 91 87 14 0 2 0 0 0 11 0 -999 -999 -999 
P2976 2065 3 0 0 0 0 0 0 0 0 0 0 1 0 0 0 2 0 0 0 5 0 0 0 0 0 26 28 13 0 0 5 6 
P2976 2065 4 0 8 0 0 0 66 0 0 0 0 0 0 0 0 0 0 0 32 0 0 0 0 0 0 0 0 0 0 0 0 -999 
P2976 2065 5 0 0 0 0 0 0 0 0 0 0 0 0 0 0 0 0 0 0 0 36 0 0 0 0 0 15 0 0 0 0 0 
P2976 2065 6 0 0 0 0 0 11 0 0 0 0 0 0 0 0 0 16 0 0 0 4 0 0 5 0 0 0 0 0 0 0 -999 
P2976 2065 7 0 12 0 0 0 0 0 0 0 0 0 0 0 0 0 0 6 0 0 0 0 0 0 0 0 0 0 0 0 0 0 
P2976 2065 8 0 0 0 0 0 20 0 0 0 0 0 0 0 0 0 0 0 0 0 0 0 0 0 0 26 0 0 0 0 0 0 
P2976 2065 9 0 0 0 0 0 0 0 0 0 0 0 0 0 0 0 0 0 0 0 0 0 0 0 0 0 0 0 0 0 3 -999 
P2976 2065 10 0 3 4 0 0 45 0 0 0 0 0 34 0 13 0 33 10 0 0 72 27 0 0 107 29 50 85 23 62 80 30 
P2976 2065 11 26 2 0 0 0 0 0 0 0 0 0 0 0 0 0 0 0 0 0 17 71 61 15 0 19 0 60 0 11 0 -999 
P2976 2065 12 0 7 0 8 0 0 0 0 0 0 35 115 51 18 0 0 0 29 60 98 59 0 130 227 266 318 196 0 0 0 0 
P2976 2066 1 0 0 0 0 0 0 0 0 28 40 72 132 41 42 78 49 13 36 134 36 0 99 72 17 5 4 0 14 0 21 0 
P2976 2066 2 34 25 0 11 19 0 0 22 0 0 29 0 15 0 0 0 0 7 0 0 0 6 3 5 124 67 32 44 -999 -999 -999 
P2976 2066 3 20 6 0 0 0 0 71 0 0 0 0 0 0 0 0 0 0 0 0 0 0 0 0 0 0 0 0 0 0 0 0 
P2976 2066 4 0 0 0 0 0 0 22 26 0 0 6 0 0 0 0 0 16 0 5 0 0 0 0 0 22 29 0 0 92 58 -999 
P2976 2066 5 12 0 0 0 0 18 0 0 22 0 0 0 0 0 0 0 0 0 0 16 0 0 0 0 0 0 5 0 0 0 0 
P2976 2066 6 0 0 0 0 0 0 0 0 0 0 0 0 0 0 17 0 12 0 0 0 0 0 0 0 0 0 0 0 0 0 -999 
P2976 2066 7 0 0 0 0 0 0 0 0 0 0 0 0 0 0 0 19 0 0 0 0 0 0 0 0 0 0 0 0 0 0 0 
P2976 2066 8 0 0 0 0 30 0 0 0 0 0 0 0 0 0 0 0 0 0 8 0 0 0 0 0 0 0 26 3 0 5 0 
P2976 2066 9 0 0 0 0 0 0 0 0 0 0 0 0 0 0 0 0 0 0 0 0 0 0 0 0 43 0 0 15 0 0 -999 
P2976 2066 10 19 0 13 0 0 0 0 0 0 0 0 3 6 0 0 0 0 0 12 0 31 25 4 0 5 0 27 0 0 0 0 
P2976 2066 11 0 0 8 31 86 0 0 34 0 15 34 35 52 0 6 0 3 0 0 0 0 0 0 0 0 0 0 0 0 0 -999 
P2976 2066 12 0 0 0 0 0 0 6 0 0 0 0 7 0 57 125 145 239 243 0 56 0 17 5 0 5 0 0 22 0 92 90 
P2976 2067 1 0 133 38 13 0 29 19 0 0 0 43 39 44 37 77 63 0 0 55 156 121 119 0 101 143 120 172 0 19 39 84 
P2976 2067 2 99 53 152 52 0 0 64 65 26 65 81 0 50 115 64 10 13 72 135 0 116 59 35 0 0 131 103 7 -999 -999 -999 
P2976 2067 3 2 9 0 0 0 0 3 0 11 0 20 24 81 19 0 0 0 0 0 4 7 0 0 11 0 0 4 5 0 0 0 
P2976 2067 4 0 0 0 0 0 0 0 0 0 0 0 0 0 0 0 0 9 13 12 14 23 15 29 26 16 0 12 0 0 14 -999 
P2976 2067 5 0 27 19 10 14 7 0 0 16 23 27 0 0 0 4 0 0 0 0 0 0 0 16 8 12 15 13 11 22 0 14 
P2976 2067 6 14 9 0 16 0 0 0 0 0 0 12 0 0 0 0 0 0 0 0 0 0 0 0 0 0 0 11 0 0 0 -999 
P2976 2067 7 0 0 0 0 0 6 0 0 0 0 0 0 0 0 0 0 0 0 0 0 0 0 0 0 0 0 0 0 0 0 0 
P2976 2067 8 0 0 0 14 0 0 0 0 0 0 0 0 0 0 0 0 0 0 0 0 0 0 0 0 0 0 0 0 0 0 0 
P2976 2067 9 0 0 0 0 0 0 0 0 0 0 0 0 13 17 25 0 0 0 0 4 0 4 10 0 0 0 0 0 0 0 -999 
P2976 2067 10 0 0 0 0 0 0 0 0 8 0 0 0 0 21 0 0 0 0 2 0 0 0 0 14 0 0 0 0 0 0 0 
P2976 2067 11 39 20 0 0 0 19 17 0 0 0 0 0 1 0 0 0 13 0 0 0 0 0 0 27 34 0 0 0 0 0 -999 
P2976 2067 12 0 16 32 24 0 13 5 29 0 8 0 18 39 0 0 0 0 0 0 0 0 0 0 1 2 15 72 39 34 4 22 
P2976 2068 1 0 0 0 17 0 130 112 29 35 0 0 9 0 0 0 0 0 0 0 0 0 0 0 0 32 0 13 7 0 20 9 
P2976 2068 2 0 0 0 0 0 0 0 0 0 0 28 0 0 0 0 0 0 0 1 0 0 17 14 7 0 0 64 39 -999 -999 -999 
P2976 2068 3 0 56 40 0 163 150 28 21 76 0 11 0 30 0 0 0 88 125 47 0 13 61 71 5 0 20 0 0 0 0 0 
P2976 2068 4 59 0 14 7 0 3 0 80 0 44 20 0 0 0 0 0 2 0 3 0 0 0 19 16 6 4 0 8 0 0 -999 
P2976 2068 5 0 0 0 0 17 31 0 0 0 0 0 0 57 37 0 31 33 0 0 0 0 0 0 0 0 0 14 0 0 13 21 
P2976 2068 6 27 20 15 0 0 0 21 0 0 0 0 0 0 0 0 0 0 0 0 9 0 0 0 0 0 0 0 0 0 0 -999 
P2976 2068 7 0 0 0 0 0 0 0 4 0 0 0 0 0 0 0 0 0 0 0 0 0 0 0 0 0 0 0 0 0 0 0 
P2976 2068 8 0 0 0 0 0 0 0 0 0 0 0 0 0 0 0 0 0 0 0 0 0 0 0 0 0 34 0 0 0 0 0 
P2976 2068 9 0 0 0 0 0 0 0 0 23 0 41 0 0 0 0 24 0 29 7 0 0 0 0 0 0 0 0 0 0 0 -999 
P2976 2068 10 0 0 0 0 0 0 0 0 0 0 41 0 0 0 0 0 0 0 0 0 0 8 0 0 0 0 0 0 0 0 0 
P2976 2068 11 0 13 0 0 0 0 0 0 1 7 0 7 4 0 0 0 0 0 0 0 33 0 0 7 0 0 10 0 0 0 -999 
P2976 2068 12 0 0 0 0 0 0 0 0 0 33 13 0 35 94 0 0 0 0 0 0 0 0 30 29 85 49 0 7 0 0 0 
P2976 2069 1 0 76 0 0 0 0 0 0 0 0 0 13 0 0 0 0 0 0 0 0 13 0 0 0 0 0 0 0 59 0 0 
P2976 2069 2 0 0 0 0 162 0 39 93 111 0 2 0 0 0 0 12 0 0 0 0 56 24 11 0 0 0 29 33 -999 -999 -999 
P2976 2069 3 42 24 0 0 20 30 0 13 10 16 29 0 0 0 0 0 0 0 0 0 0 0 11 0 0 22 0 40 54 32 67 
P2976 2069 4 0 0 14 0 24 0 12 16 0 0 0 28 16 0 0 0 0 0 0 12 13 0 0 11 31 0 0 0 0 3 -999 
P2976 2069 5 0 0 0 0 0 0 0 0 0 12 13 15 0 18 0 0 0 20 0 30 32 0 0 0 0 0 0 0 0 12 0 
P2976 2069 6 0 11 8 0 0 0 0 0 12 0 0 0 0 0 0 0 0 0 0 0 0 0 0 0 0 0 0 0 0 0 -999 
P2976 2069 7 0 0 8 5 0 0 0 0 0 0 0 0 0 0 0 0 0 0 0 18 0 0 0 0 0 0 0 0 0 0 0 
P2976 2069 8 0 0 0 0 0 0 0 0 0 0 0 0 0 0 0 0 0 0 0 0 0 0 0 0 0 0 0 0 0 0 0 
P2976 2069 9 0 0 0 0 0 0 0 0 0 8 0 41 19 0 25 20 0 0 0 0 0 0 0 0 0 0 0 0 0 0 -999 
P2976 2069 10 0 0 0 0 0 0 0 15 0 0 0 11 0 7 24 0 0 56 0 107 45 35 0 7 0 0 64 97 104 61 0 
P2976 2069 11 16 11 0 56 23 0 65 94 80 0 0 0 31 19 0 0 0 0 0 0 49 61 7 0 0 0 0 12 14 0 -999 
P2976 2069 12 0 0 11 15 0 0 0 0 0 0 0 5 11 5 0 3 0 2 0 2 0 28 0 9 0 0 20 46 78 44 0 
P2976 2070 1 10 0 60 0 0 35 124 196 157 52 77 30 0 0 0 0 0 0 0 0 0 9 0 0 7 0 0 0 0 5 0 
P2976 2070 2 0 15 0 0 0 0 0 0 0 12 0 0 0 0 0 0 0 0 0 0 20 0 32 57 41 90 81 24 -999 -999 -999 
P2976 2070 3 38 25 0 0 0 0 0 0 5 0 50 19 0 32 84 47 33 65 101 119 194 56 0 0 0 19 0 0 0 0 0 
P2976 2070 4 0 0 0 0 0 11 0 0 79 39 22 14 21 0 0 31 0 32 17 0 0 35 0 20 0 0 31 0 0 0 -999 
P2976 2070 5 0 0 30 0 81 132 45 0 0 28 25 0 11 0 0 0 22 27 0 18 33 32 0 15 9 7 11 0 0 0 0 
P2976 2070 6 0 0 0 0 22 0 0 0 0 0 0 0 0 0 0 0 0 0 0 0 0 0 0 0 5 0 0 0 0 0 -999 
P2976 2070 7 0 0 0 0 0 0 0 0 0 0 0 0 0 0 0 0 0 0 0 0 0 0 0 0 0 0 0 0 0 0 0 
P2976 2070 8 0 0 0 0 0 0 0 0 13 0 0 0 0 0 0 0 0 0 0 0 13 0 0 0 0 0 0 0 0 0 0 
P2976 2070 9 0 0 0 0 0 3 0 0 0 0 0 0 0 0 0 0 0 0 0 0 0 0 0 0 0 0 8 0 0 16 -999 
P2976 2070 10 0 10 8 0 23 13 0 0 0 0 0 0 71 26 29 0 85 160 48 0 4 0 8 0 0 0 5 0 0 0 33 
P2976 2070 11 0 0 0 0 0 0 0 0 0 0 0 0 0 0 0 0 0 5 0 0 0 0 0 0 0 0 0 90 79 21 -999 
P2976 2070 12 25 65 0 10 0 0 0 27 41 25 0 0 44 25 0 0 34 0 44 64 31 96 68 10 0 45 0 0 116 144 0 
P2976 2071 1 7 0 15 28 42 0 0 0 45 97 61 58 82 38 15 0 44 0 25 16 28 0 8 14 22 62 87 0 26 0 0 
P2976 2071 2 0 0 4 4 22 55 0 12 25 51 66 64 0 17 38 58 63 0 0 36 0 0 0 0 13 0 0 0 -999 -999 -999 
P2976 2071 3 0 0 5 0 15 16 29 36 38 37 40 0 17 0 29 0 17 0 25 0 0 0 0 0 16 0 0 0 0 0 0 
P2976 2071 4 40 65 0 26 0 1 0 0 0 0 0 15 0 0 20 0 10 0 9 26 28 0 0 23 38 0 0 0 16 0 -999 
P2976 2071 5 18 0 32 26 0 0 44 33 29 23 15 0 9 0 0 0 0 8 0 0 9 0 12 13 22 25 0 0 16 0 19 
P2976 2071 6 23 0 0 0 11 0 0 0 0 21 0 0 0 56 42 0 20 0 0 0 0 0 0 0 0 0 7 0 0 0 -999 
P2976 2071 7 0 0 0 20 0 0 5 0 4 0 0 0 0 0 0 0 0 0 0 0 0 0 0 0 0 0 0 0 0 0 0 
P2976 2071 8 10 0 0 0 0 0 0 0 0 0 0 0 0 0 0 0 0 0 0 0 0 0 0 0 0 0 0 9 0 0 0 
P2976 2071 9 0 0 0 0 0 0 0 0 0 0 0 0 0 0 0 0 0 0 0 0 0 0 0 0 0 0 0 0 0 0 -999 
P2976 2071 10 0 0 0 0 0 0 0 11 0 0 13 0 0 0 0 66 72 18 0 0 0 0 33 0 0 0 0 47 51 35 77 
P2976 2071 11 0 77 104 81 0 18 20 10 0 0 0 0 0 0 0 15 0 4 0 28 26 22 13 35 0 21 3 0 0 0 -999 
P2976 2071 12 0 27 28 33 40 0 137 91 90 187 150 168 113 92 41 64 92 97 36 0 0 0 91 147 44 158 53 0 0 0 86 
P2976 2072 1 54 0 0 0 0 0 11 0 15 17 0 0 0 0 0 0 0 16 0 36 0 16 26 0 0 75 0 0 34 11 0 
P2976 2072 2 102 0 50 21 47 0 0 10 1 1 0 0 0 0 0 0 0 9 0 46 0 16 10 9 10 0 0 0 -999 -999 -999 
P2976 2072 3 0 0 0 0 0 0 0 0 0 0 4 0 9 0 7 0 0 0 0 20 0 0 0 0 0 0 0 0 0 36 0 
P2976 2072 4 0 0 8 0 9 0 0 0 12 0 0 3 0 7 0 0 0 0 0 0 0 10 20 0 0 0 0 0 0 0 -999 
P2976 2072 5 23 28 0 4 0 31 0 0 0 37 0 0 0 0 0 0 13 21 16 0 0 0 0 8 0 0 0 0 0 0 5 
P2976 2072 6 0 0 0 0 0 0 0 0 0 17 0 21 0 0 0 20 0 0 0 0 0 0 0 0 0 0 0 0 0 0 -999 
P2976 2072 7 0 39 0 0 0 0 0 0 0 0 0 0 0 0 0 0 0 0 0 0 0 0 0 0 0 0 0 0 0 0 0 
P2976 2072 8 0 0 0 0 0 0 0 0 0 0 0 0 0 17 0 13 14 0 0 0 0 0 0 0 0 0 0 0 0 0 0 
P2976 2072 9 0 0 0 0 0 0 0 0 0 0 0 0 0 0 0 0 0 0 0 0 0 13 0 0 0 54 0 0 0 0 -999 
P2976 2072 10 0 0 0 0 0 0 0 0 10 0 11 0 0 0 0 31 14 23 0 0 0 0 5 0 0 0 0 0 0 0 0 
P2976 2072 11 0 11 18 0 4 25 0 0 0 24 27 3 21 46 0 0 0 0 33 44 14 19 0 0 28 30 48 0 0 0 -999 
P2976 2072 12 0 25 34 0 11 0 0 0 0 6 0 0 10 0 0 16 0 7 19 23 107 0 0 22 76 86 0 0 0 41 42 
P2976 2073 1 0 0 0 0 0 0 0 0 0 0 2 0 0 0 0 22 0 10 0 39 0 0 0 0 0 0 0 0 0 0 17 
P2976 2073 2 50 118 98 90 33 0 0 0 0 0 8 0 0 0 0 0 0 0 0 1 0 0 0 0 0 0 56 0 -999 -999 -999 
P2976 2073 3 94 22 5 0 0 27 31 0 61 0 25 26 0 0 20 0 13 0 0 24 41 32 4 0 36 27 109 167 177 0 0 
P2976 2073 4 10 0 0 0 0 57 43 0 14 0 0 0 42 34 0 0 0 0 15 21 0 0 0 86 101 0 0 17 0 0 -999 
P2976 2073 5 0 18 10 0 0 0 0 0 0 0 0 0 0 0 37 78 45 12 0 0 0 0 0 0 0 0 11 0 0 0 0 
P2976 2073 6 0 0 0 0 0 0 0 0 0 0 0 0 0 0 0 0 0 0 0 0 0 0 0 0 0 0 0 0 0 0 -999 
P2976 2073 7 0 0 14 0 14 0 0 0 0 0 0 0 0 0 0 0 0 0 0 0 0 0 0 0 0 0 0 0 0 0 0 
P2976 2073 8 0 0 0 0 0 0 0 0 0 0 0 0 0 0 0 0 0 0 0 0 0 0 0 0 0 0 0 0 0 0 0 
P2976 2073 9 0 0 0 0 15 0 0 0 0 0 0 0 0 0 0 35 16 0 0 0 0 0 0 31 17 0 0 0 0 0 -999 
P2976 2073 10 0 0 0 0 0 0 0 0 32 0 0 15 3 0 6 0 0 2 0 0 0 0 0 0 0 0 0 0 0 0 11 
P2976 2073 11 19 28 12 0 0 0 0 7 0 0 0 0 0 0 37 74 20 33 121 95 108 132 0 14 21 22 29 0 2 0 -999 
P2976 2073 12 0 2 0 0 0 0 0 11 0 0 0 0 31 0 0 0 0 0 0 24 14 19 8 0 0 0 4 38 125 198 505 
P2976 2074 1 173 0 54 170 224 161 0 0 0 103 65 44 20 0 0 0 0 0 4 0 0 0 0 13 0 0 10 6 0 2 0 
P2976 2074 2 0 0 0 0 0 8 6 0 0 0 0 20 33 27 0 29 54 31 19 0 3 23 0 0 0 157 122 172 -999 -999 -999 
P2976 2074 3 126 0 0 14 14 43 56 26 0 0 0 0 44 8 0 0 0 0 0 0 0 82 0 63 35 0 0 0 0 0 0 
P2976 2074 4 0 0 0 0 0 0 10 0 0 0 0 0 0 0 0 75 19 28 56 72 16 0 8 0 0 0 0 0 0 5 -999 
P2976 2074 5 0 0 12 0 0 0 0 0 12 0 0 39 33 0 39 0 0 27 15 0 25 0 0 0 8 13 0 0 0 0 0 
P2976 2074 6 0 0 0 0 0 0 0 0 12 0 0 0 0 0 0 0 0 0 0 0 0 4 0 0 0 0 0 0 0 0 -999 
P2976 2074 7 0 7 0 0 0 0 5 10 0 0 0 0 0 0 0 0 0 0 0 0 0 0 0 0 0 0 0 0 0 0 0 
P2976 2074 8 0 0 0 0 0 0 0 0 0 0 0 0 0 0 0 13 0 0 0 0 0 0 0 0 0 10 0 0 0 0 0 
P2976 2074 9 0 0 0 0 0 0 0 0 0 8 0 0 0 0 0 0 0 0 0 0 0 0 0 10 0 0 0 0 0 0 -999 
P2976 2074 10 0 0 0 0 17 0 0 0 0 0 0 0 0 0 0 0 0 0 0 0 0 18 0 0 0 0 0 0 0 0 0 
P2976 2074 11 0 0 0 25 0 0 9 14 0 22 17 11 0 0 0 0 0 7 20 62 27 8 0 0 22 6 0 0 4 0 -999 
P2976 2074 12 0 0 0 0 0 0 0 0 0 0 49 58 65 0 8 0 0 0 3 4 0 1 1 3 0 0 0 7 12 42 8 
P2976 2075 1 0 0 0 0 0 0 0 0 12 0 23 23 19 0 40 0 9 0 0 0 0 18 27 24 13 0 0 0 0 0 2 
P2976 2075 2 0 19 0 55 49 91 67 111 139 67 159 216 0 0 13 0 0 9 27 39 0 0 0 57 75 0 0 9 -999 -999 -999 
P2976 2075 3 0 31 13 5 0 0 2 0 0 5 0 0 0 4 0 0 36 44 39 0 27 63 37 51 49 26 17 10 0 0 0 
P2976 2075 4 0 0 0 29 26 68 115 134 101 24 11 0 0 0 3 0 0 0 0 0 58 27 0 0 9 0 4 0 0 0 -999 
P2976 2075 5 0 0 0 0 18 8 0 0 0 22 0 0 0 0 0 0 5 0 0 0 0 0 20 0 0 3 4 0 15 0 0 
P2976 2075 6 19 0 0 19 0 0 0 0 0 14 0 16 0 0 0 0 0 8 8 0 0 0 0 0 0 0 0 0 0 0 -999 
P2976 2075 7 0 0 0 0 0 0 0 0 0 0 0 0 0 0 0 0 0 0 0 0 0 0 0 0 0 0 0 0 0 0 0 
P2976 2075 8 0 0 0 0 0 0 0 0 0 0 0 0 0 0 0 6 7 0 0 0 0 13 0 0 0 0 0 0 0 0 0 
P2976 2075 9 0 0 0 0 0 0 0 0 0 0 0 0 0 0 0 0 0 0 0 0 0 0 0 0 11 12 10 10 8 0 -999 
P2976 2075 10 0 27 31 52 0 0 0 96 104 32 0 0 0 0 0 0 0 0 0 0 0 0 3 0 12 0 0 45 0 106 42 
P2976 2075 11 0 12 0 16 0 83 85 0 0 0 0 0 0 0 142 74 0 0 21 0 0 56 42 0 8 0 0 0 0 0 -999 
P2976 2075 12 0 0 65 58 27 0 0 92 0 18 19 26 22 64 67 0 19 17 24 7 0 0 0 0 0 0 0 0 0 0 0 
P2976 2076 1 0 3 0 0 0 0 10 0 0 0 0 0 0 0 0 1 0 0 0 0 0 0 0 0 0 0 0 0 0 15 45 
P2976 2076 2 96 42 0 0 0 0 0 0 4 2 1 0 0 0 3 0 3 0 0 0 0 0 0 4 0 0 4 0 -999 -999 -999 
P2976 2076 3 27 0 0 0 0 0 38 41 29 36 32 15 2 0 0 0 9 0 12 0 0 0 29 0 0 0 0 0 0 0 0 
P2976 2076 4 0 0 0 0 0 0 0 0 0 16 12 0 37 19 47 49 26 0 0 27 0 0 0 0 15 26 0 0 9 0 -999 
P2976 2076 5 0 67 40 9 0 0 0 0 3 0 0 0 0 0 0 0 0 0 0 0 0 0 0 0 0 0 0 0 24 0 0 
P2976 2076 6 0 13 0 0 0 0 0 0 0 0 0 0 0 0 0 0 0 0 0 0 0 0 0 0 0 0 0 0 0 0 -999 
P2976 2076 7 0 0 0 0 0 7 0 0 0 0 0 0 0 0 0 0 0 0 0 0 0 0 0 0 0 0 0 0 0 0 0 
P2976 2076 8 0 0 0 0 0 0 0 0 0 0 0 0 0 0 0 0 0 0 0 0 0 0 0 0 0 0 0 0 0 0 0 
P2976 2076 9 0 0 0 0 0 8 0 0 0 0 0 0 0 0 0 0 0 7 0 0 0 0 0 0 0 0 0 0 0 0 -999 
P2976 2076 10 0 0 0 0 44 0 36 0 0 0 0 0 0 0 0 0 0 0 0 0 0 0 11 0 0 0 0 99 35 0 0 
P2976 2076 11 0 0 12 0 0 0 0 0 0 0 0 18 16 6 13 0 0 0 15 0 0 0 27 8 0 0 33 59 0 0 -999 
P2976 2076 12 11 0 0 1 0 0 0 0 0 48 52 60 21 6 0 0 0 0 0 0 0 0 0 0 10 0 25 35 0 15 15 
P2976 2077 1 0 0 0 0 0 0 0 0 20 0 0 0 0 0 35 19 0 0 0 0 0 0 0 0 0 6 0 13 0 0 0 
P2976 2077 2 27 34 43 49 0 0 76 38 28 56 0 7 0 0 0 38 54 70 115 45 26 6 8 0 44 28 0 0 -999 -999 -999 
P2976 2077 3 0 0 0 0 0 44 65 58 18 26 17 24 0 0 0 0 10 0 0 44 50 0 0 32 12 0 0 0 0 0 0 
P2976 2077 4 0 0 0 0 0 1 0 0 0 0 0 0 0 0 0 28 0 0 0 0 0 0 14 9 0 35 68 18 0 0 -999 
P2976 2077 5 0 0 28 0 0 0 0 28 35 0 0 0 0 0 0 0 0 0 0 24 16 0 0 0 0 0 13 0 0 0 0 
P2976 2077 6 0 41 51 35 0 29 0 16 23 0 0 0 0 29 0 0 0 0 0 0 0 0 0 0 0 0 0 0 0 0 -999 
P2976 2077 7 0 0 0 0 0 0 0 0 0 0 0 0 0 0 0 0 0 0 0 0 0 0 0 0 0 0 0 0 0 0 0 
P2976 2077 8 0 0 0 0 0 0 0 0 0 0 0 0 0 0 0 0 0 0 0 0 0 0 0 0 0 0 0 0 0 0 0 
P2976 2077 9 0 0 0 0 0 0 0 0 0 0 0 0 0 0 0 0 0 0 0 0 0 0 26 0 0 0 0 0 0 0 -999 
P2976 2077 10 0 0 29 0 0 0 0 0 0 0 8 8 0 0 0 0 0 0 0 11 0 0 72 0 19 0 0 0 55 25 0 
P2976 2077 11 53 0 0 0 0 0 0 27 101 74 50 17 15 52 0 37 0 0 0 40 27 0 46 48 12 0 13 0 19 0 -999 
P2976 2077 12 62 100 96 0 0 78 103 132 16 56 117 0 0 0 0 0 0 0 0 0 4 0 0 0 0 14 15 0 0 0 22 
P2976 2078 1 131 229 179 149 94 110 0 30 114 90 32 17 100 37 103 70 50 27 0 0 0 0 0 0 0 5 0 0 0 3 1 
P2976 2078 2 0 0 0 3 0 0 0 0 0 0 0 0 0 0 5 0 5 0 0 8 0 0 24 15 80 137 52 0 -999 -999 -999 
P2976 2078 3 0 0 0 22 0 0 0 91 42 0 0 0 21 0 0 72 110 119 89 95 70 41 34 66 26 25 16 15 11 0 0 
P2976 2078 4 0 0 0 17 29 0 21 18 0 0 25 16 0 74 0 0 0 0 19 0 0 0 0 0 0 38 19 2 10 0 -999 
P2976 2078 5 0 78 0 0 0 0 11 0 0 0 0 0 0 0 17 38 0 0 28 6 0 2 0 0 0 12 10 0 0 0 0 
P2976 2078 6 0 0 0 0 0 0 19 0 0 0 0 0 8 0 0 16 0 0 0 0 0 0 0 0 0 0 0 0 0 0 -999 
P2976 2078 7 0 0 0 0 0 0 0 0 0 0 0 0 0 0 0 0 0 0 0 0 0 0 0 0 0 0 0 0 0 0 0 
P2976 2078 8 0 0 0 0 0 0 0 0 0 0 0 0 0 0 0 0 0 0 0 0 0 0 0 0 5 0 0 0 0 0 0 
P2976 2078 9 0 0 0 0 0 9 0 0 0 0 0 0 0 0 0 0 20 0 0 11 0 0 0 0 0 0 0 0 0 0 -999 
P2976 2078 10 0 0 0 0 0 0 0 0 22 0 0 0 0 0 42 0 58 0 0 0 65 0 0 0 0 3 0 0 0 0 0 
P2976 2078 11 0 30 6 0 0 0 0 0 0 7 0 0 0 0 7 0 32 0 0 0 0 0 5 0 9 7 0 0 0 0 -999 
P2976 2078 12 0 0 0 5 6 0 0 6 0 17 61 24 14 20 20 0 0 0 2 6 0 31 0 31 0 89 153 0 29 252 233 
P2976 2079 1 25 7 40 40 0 0 0 0 0 0 0 4 0 0 0 1 1 0 0 11 16 17 4 0 0 0 0 6 0 0 0 
P2976 2079 2 0 0 0 0 0 0 5 5 0 0 0 0 0 0 0 3 0 0 0 0 0 0 0 45 0 11 0 0 -999 -999 -999 
P2976 2079 3 0 0 22 0 21 15 0 3 0 1 0 0 0 0 3 0 0 0 0 0 0 6 0 0 0 0 0 0 7 0 6 
P2976 2079 4 0 0 0 27 40 0 0 0 0 0 0 0 0 27 0 29 24 15 0 0 21 0 0 0 0 0 0 4 0 0 -999 
P2976 2079 5 0 9 0 0 0 0 0 0 0 0 0 0 16 0 0 0 0 0 0 0 0 0 18 0 0 0 0 0 0 0 0 
P2976 2079 6 0 0 0 0 0 0 0 0 0 0 0 0 0 0 0 0 0 0 0 0 0 11 0 0 0 0 0 0 0 0 -999 
P2976 2079 7 0 3 0 0 0 0 0 0 0 0 0 0 0 0 0 0 0 0 0 0 0 0 0 0 0 0 0 0 0 0 0 
P2976 2079 8 0 0 0 0 0 0 0 0 0 0 0 0 0 0 0 0 0 0 0 0 0 0 0 0 0 0 0 0 0 0 0 
P2976 2079 9 0 0 0 0 0 0 0 0 0 9 16 22 0 4 0 0 0 0 0 0 0 0 0 0 0 0 0 0 0 0 -999 
P2976 2079 10 0 9 4 0 0 0 0 0 0 0 0 0 0 0 0 0 0 0 0 0 0 31 33 17 0 0 27 0 0 0 7 
P2976 2079 11 20 11 18 26 0 79 72 38 0 0 0 0 48 63 55 67 77 125 68 0 0 0 0 20 0 24 0 0 0 4 -999 
P2976 2079 12 0 0 39 0 0 19 0 0 0 0 0 0 0 0 0 0 0 1 0 0 0 0 0 0 0 0 6 0 0 0 15 
P2976 2080 1 0 0 0 0 0 0 0 0 0 0 6 19 0 0 0 0 0 0 0 0 0 1 0 0 9 13 21 0 0 0 0 
P2976 2080 2 0 0 4 0 0 0 0 32 87 162 175 131 113 0 9 0 27 48 68 105 85 0 0 0 0 2 0 32 -999 -999 -999 
P2976 2080 3 0 56 0 0 38 47 60 62 124 0 107 0 0 0 0 0 0 0 3 0 0 0 1 0 6 0 0 12 0 0 0 
P2976 2080 4 0 0 2 0 0 0 17 0 0 0 0 45 0 0 0 0 9 0 0 0 24 39 50 33 20 25 0 0 11 17 -999 
P2976 2080 5 0 0 0 15 0 0 17 9 0 0 0 0 0 0 0 0 15 0 0 0 0 0 0 17 0 0 0 0 0 0 0 
P2976 2080 6 0 0 0 0 0 0 0 0 0 6 0 0 0 0 0 0 0 0 0 0 21 0 0 0 20 0 0 0 0 0 -999 
P2976 2080 7 0 0 0 0 0 0 0 0 0 0 0 0 0 0 15 0 0 0 0 0 0 0 0 0 0 0 0 0 0 0 0 
P2976 2080 8 0 0 0 0 0 0 0 0 0 0 0 0 0 0 0 0 0 0 0 0 0 0 0 0 0 0 0 0 0 0 0 
P2976 2080 9 0 0 0 0 0 0 0 0 0 0 0 0 0 0 0 0 0 0 0 0 0 0 0 0 0 0 0 0 0 0 -999 
P2976 2080 10 0 40 45 71 82 68 28 87 54 51 20 41 59 0 46 17 0 0 0 0 7 1 0 0 0 0 0 0 3 0 0 
P2976 2080 11 30 35 35 0 41 0 0 0 0 0 0 0 16 0 27 0 0 16 0 0 0 0 0 0 0 0 0 0 0 0 -999 
P2976 2080 12 0 0 96 0 125 114 172 128 66 0 5 0 0 0 8 0 1 0 0 0 0 15 0 0 0 86 18 0 0 0 53 
P2976 2081 1 106 113 201 112 71 0 0 2 0 0 0 0 36 0 51 20 23 0 0 156 136 70 0 30 23 44 56 0 0 13 0 
P2976 2081 2 6 0 23 0 0 55 71 30 25 0 0 0 0 7 0 0 10 0 23 31 14 7 0 78 52 8 0 0 -999 -999 -999 
P2976 2081 3 0 19 40 107 35 32 11 0 0 0 0 16 29 38 0 10 58 137 91 102 86 154 105 56 15 0 0 0 57 50 0 
P2976 2081 4 89 26 0 10 13 14 22 15 0 28 48 0 0 11 36 28 4 0 0 0 16 25 0 44 53 27 0 66 45 102 -999 
P2976 2081 5 69 67 33 38 49 0 10 33 59 81 21 18 33 44 38 0 0 0 5 0 0 0 0 0 0 0 0 0 0 0 0 
P2976 2081 6 0 12 4 0 0 0 0 0 0 0 0 16 0 0 0 0 0 0 0 16 0 0 0 0 0 0 0 0 0 0 -999 
P2976 2081 7 0 0 0 17 0 0 0 0 0 0 0 0 0 0 0 0 0 0 0 0 0 0 0 0 0 0 0 0 0 0 0 
P2976 2081 8 0 0 0 0 0 0 0 0 0 0 0 0 0 0 0 0 0 0 0 0 0 0 0 0 0 0 0 0 0 0 0 
P2976 2081 9 0 0 0 0 0 0 0 0 0 0 0 0 0 0 0 0 0 31 0 0 0 0 0 0 0 0 0 0 0 0 -999 
P2976 2081 10 0 0 0 41 0 0 10 0 0 0 0 0 17 12 7 0 0 5 10 0 0 0 0 0 6 0 0 0 0 0 0 
P2976 2081 11 0 21 49 94 42 0 0 0 0 0 0 0 0 0 0 0 210 199 106 8 0 0 0 0 0 0 0 5 28 52 -999 
P2976 2081 12 21 21 30 10 20 107 80 0 75 0 30 117 0 0 0 0 29 17 0 0 5 11 0 13 0 0 0 0 0 9 0 
P2976 2082 1 0 14 0 0 12 0 0 10 13 24 67 0 33 0 14 0 61 68 25 28 93 198 75 52 68 90 120 27 10 0 0 
P2976 2082 2 0 0 0 0 0 0 0 0 0 0 0 0 0 15 0 0 0 1 2 0 0 0 9 18 47 37 0 0 -999 -999 -999 
P2976 2082 3 36 0 33 35 0 0 9 0 0 0 0 0 0 0 0 0 2 10 54 54 0 0 0 42 39 25 10 0 58 35 0 
P2976 2082 4 0 0 1 0 0 0 0 0 0 0 0 0 0 0 12 0 0 0 0 0 0 13 0 0 2 0 0 0 0 0 -999 
P2976 2082 5 30 0 0 0 0 0 16 27 0 0 11 0 0 35 16 12 16 0 0 0 0 0 0 0 0 0 0 0 0 0 0 
P2976 2082 6 0 0 3 0 3 0 0 0 0 0 0 0 0 0 0 12 0 0 0 0 0 0 7 0 0 0 0 0 14 0 -999 
P2976 2082 7 0 0 0 9 0 0 0 0 0 0 0 0 0 0 0 0 0 0 0 0 0 0 0 0 0 0 0 0 0 0 0 
P2976 2082 8 0 0 0 0 0 0 0 0 0 0 14 0 0 0 0 0 0 0 0 6 0 0 0 0 0 0 0 0 0 0 0 
P2976 2082 9 0 0 0 0 0 0 0 0 0 0 0 0 0 0 0 0 0 0 0 0 2 0 0 0 0 0 0 0 0 0 -999 
P2976 2082 10 0 16 0 0 0 6 0 0 0 0 0 0 0 0 0 0 6 0 26 0 0 0 54 0 0 0 0 5 0 25 13 
P2976 2082 11 62 88 74 0 0 0 0 0 0 0 0 0 0 17 8 36 129 148 0 0 0 0 0 0 0 0 0 0 0 0 -999 
P2976 2082 12 2 0 0 0 6 0 0 0 10 0 14 27 0 0 15 0 33 36 0 0 0 0 0 0 0 0 0 0 0 0 5 
P2976 2083 1 0 37 56 52 25 9 0 38 23 23 0 0 0 0 0 37 31 49 34 22 0 29 0 0 0 0 0 0 0 23 0 
P2976 2083 2 15 54 0 19 0 12 0 44 34 0 123 59 22 18 0 30 0 197 128 105 93 73 37 33 0 217 91 56 -999 -999 -999 
P2976 2083 3 55 29 0 0 0 0 0 0 0 0 11 0 4 0 26 0 0 0 0 0 0 72 141 138 128 56 171 75 0 2 0 
P2976 2083 4 16 14 0 0 20 35 61 24 0 0 0 0 0 36 47 29 21 0 0 0 0 0 0 0 0 0 0 0 0 10 -999 
P2976 2083 5 0 0 0 0 0 0 0 0 0 33 0 23 25 0 30 43 49 34 18 0 8 3 0 36 38 71 102 28 0 0 0 
P2976 2083 6 39 36 0 11 24 10 0 23 0 0 0 0 0 0 0 0 0 0 0 0 0 3 0 0 0 0 0 0 0 0 -999 
P2976 2083 7 0 0 0 0 0 0 0 0 0 13 0 0 0 0 0 0 0 0 0 0 16 0 0 0 0 0 0 0 0 0 0 
P2976 2083 8 0 0 0 0 0 0 0 0 0 0 9 0 0 0 0 0 0 0 0 0 0 0 15 0 9 13 0 0 0 0 0 
P2976 2083 9 0 0 0 19 0 0 5 0 0 0 0 0 0 0 0 0 0 6 8 0 3 0 0 0 0 0 0 0 0 0 -999 
P2976 2083 10 0 0 0 0 48 0 0 8 0 0 17 0 0 0 11 10 0 0 0 0 0 0 38 0 31 0 0 0 10 13 9 
P2976 2083 11 0 0 27 67 62 0 21 33 5 0 14 59 99 43 0 27 39 52 0 0 1 0 0 0 0 0 11 0 0 0 -999 
P2976 2083 12 43 0 12 0 0 0 52 113 176 39 24 0 0 92 183 43 22 0 36 63 0 5 0 0 16 0 3 1 0 0 0 
P2976 2084 1 0 0 0 0 0 0 0 0 0 0 0 5 0 0 0 19 36 45 13 0 22 38 0 0 0 71 0 54 36 0 45 
P2976 2084 2 11 6 6 0 0 0 0 0 51 0 0 0 42 18 8 0 0 0 0 0 0 0 0 0 0 45 49 0 -999 -999 -999 
P2976 2084 3 0 0 0 0 61 7 0 0 0 0 0 0 0 0 0 60 174 114 29 21 0 0 0 0 0 31 0 0 0 0 0 
P2976 2084 4 0 0 26 0 0 0 0 0 3 0 22 18 18 24 0 0 0 0 0 0 0 0 0 5 0 0 0 0 17 0 -999 
P2976 2084 5 0 0 0 0 0 0 29 0 0 0 0 0 0 0 0 0 0 0 0 2 0 5 0 0 26 0 0 0 0 0 2 
P2976 2084 6 0 0 0 0 0 0 0 0 10 0 24 20 0 0 6 0 0 0 0 0 5 0 0 0 0 0 0 0 21 0 -999 
P2976 2084 7 0 0 0 0 0 0 0 0 0 0 18 0 0 0 0 0 0 0 0 0 0 0 0 0 0 0 0 0 0 0 0 
P2976 2084 8 0 0 0 0 0 0 0 0 0 0 0 0 0 0 0 0 0 0 8 0 0 0 0 0 0 0 0 0 0 0 4 
P2976 2084 9 2 0 0 0 0 14 0 0 0 0 0 0 0 24 44 0 0 3 0 0 0 0 0 0 0 0 0 0 0 0 -999 
P2976 2084 10 0 0 14 0 0 0 10 0 0 0 2 0 0 0 0 0 5 0 0 7 10 0 0 0 0 0 26 0 124 145 81 
P2976 2084 11 29 35 100 8 0 0 21 103 128 0 6 0 0 0 0 0 0 9 0 7 4 0 0 0 0 0 13 50 32 0 -999 
P2976 2084 12 12 13 13 0 36 0 19 85 70 80 103 120 174 116 0 0 41 0 0 0 0 0 0 0 0 0 0 22 0 0 3 
P2976 2085 1 0 2 3 0 0 0 0 0 1 0 0 1 0 0 0 26 16 5 8 3 0 0 99 127 86 0 0 9 0 0 1 
P2976 2085 2 0 0 0 15 30 0 28 0 24 34 60 72 34 0 7 5 0 2 0 3 1 0 0 0 8 0 0 0 -999 -999 -999 
P2976 2085 3 5 0 0 0 0 0 0 6 48 78 0 96 119 44 67 0 12 7 0 1 0 16 0 0 0 0 7 0 14 0 0 
P2976 2085 4 0 0 0 0 0 0 0 31 23 20 28 84 81 86 0 70 0 0 0 0 0 0 0 0 0 0 6 6 0 0 -999 
P2976 2085 5 0 47 0 0 0 0 42 67 79 33 0 0 0 0 0 0 0 0 0 0 0 0 6 15 0 0 17 0 3 0 0 
P2976 2085 6 0 0 0 0 0 0 0 30 0 0 0 23 0 0 0 0 0 0 0 0 0 0 0 0 0 0 0 0 0 0 -999 
P2976 2085 7 0 0 0 0 0 0 0 0 0 0 0 0 0 0 0 0 0 0 0 0 0 0 0 0 0 0 0 0 0 0 0 
P2976 2085 8 0 0 0 0 0 0 0 0 0 0 0 5 0 0 0 0 0 0 0 0 0 0 0 0 0 0 0 0 0 0 0 
P2976 2085 9 0 0 0 19 27 27 22 0 0 26 0 18 0 0 0 0 0 5 0 0 0 18 0 0 0 0 0 0 0 0 -999 
P2976 2085 10 0 29 0 6 7 0 0 10 0 0 0 0 23 0 20 0 0 18 0 0 0 6 0 0 0 0 0 0 0 94 0 
P2976 2085 11 0 10 0 0 0 8 0 0 0 0 0 0 0 0 0 38 98 27 17 87 42 37 9 0 0 0 6 0 58 24 -999 
P2976 2085 12 83 69 0 0 59 104 27 5 0 0 0 16 0 0 0 0 0 0 0 0 0 27 0 0 0 0 3 0 4 0 7 
P2976 2086 1 4 3 0 18 0 0 0 0 0 0 0 15 28 71 39 0 50 138 0 68 0 0 0 0 0 0 0 0 0 15 13 
P2976 2086 2 19 0 88 0 0 35 83 90 0 0 12 32 46 23 0 17 25 0 0 0 0 0 0 0 6 0 0 0 -999 -999 -999 
P2976 2086 3 4 0 0 0 0 0 0 0 0 0 0 0 41 0 0 0 0 0 0 0 4 0 0 0 0 0 0 8 9 0 24 
P2976 2086 4 0 0 0 0 0 0 0 0 0 0 6 0 0 37 38 33 18 0 0 0 0 0 0 0 0 0 0 53 31 0 -999 
P2976 2086 5 40 0 20 0 46 0 0 0 0 0 0 0 6 0 0 12 0 6 0 0 0 0 19 0 0 0 0 0 0 0 0 
P2976 2086 6 0 0 0 0 0 0 0 0 0 0 0 0 0 0 0 0 27 0 0 22 0 0 0 0 0 0 0 4 0 0 -999 
P2976 2086 7 0 0 0 0 0 0 0 0 0 0 0 0 0 0 0 0 0 0 0 0 0 0 0 0 0 0 0 0 0 0 0 
P2976 2086 8 0 0 0 0 0 0 0 0 0 7 0 0 0 0 0 0 0 0 0 0 0 0 0 0 0 0 0 0 0 0 0 
P2976 2086 9 0 0 0 0 0 0 0 0 0 0 0 0 0 0 0 0 0 0 0 0 0 0 0 0 14 13 4 0 0 0 -999 
P2976 2086 10 0 0 14 0 0 0 0 8 0 0 0 27 11 0 5 0 0 15 0 0 2 0 0 0 0 30 0 0 14 72 38 
P2976 2086 11 0 0 0 0 0 0 10 7 10 0 0 20 0 0 14 0 0 0 34 39 0 0 0 0 0 0 0 0 30 7 -999 
P2976 2086 12 0 0 0 0 0 0 0 0 0 0 0 0 0 0 7 2 0 0 40 50 20 79 155 71 0 22 0 0 0 0 0 
P2976 2087 1 0 0 0 0 0 0 0 72 58 0 0 0 0 0 1 0 0 7 0 9 13 0 17 3 0 0 4 0 0 15 0 
P2976 2087 2 56 0 0 0 0 0 0 0 0 0 0 11 0 21 19 9 0 0 0 0 0 0 0 0 0 0 0 43 -999 -999 -999 
P2976 2087 3 82 95 64 0 19 0 21 0 30 58 60 96 34 0 0 0 0 0 0 0 0 37 42 0 22 8 9 0 16 0 0 
P2976 2087 4 0 0 0 0 0 0 0 0 0 0 0 0 2 0 0 0 51 0 8 0 25 0 47 50 71 41 19 9 0 9 -999 
P2976 2087 5 0 0 0 0 19 0 0 22 0 17 0 19 0 0 0 0 0 0 0 0 0 0 0 0 0 0 0 17 0 0 0 
P2976 2087 6 0 0 0 0 0 18 0 7 0 0 0 0 0 0 0 0 0 17 0 0 0 0 0 0 0 18 0 0 0 0 -999 
P2976 2087 7 0 0 16 0 0 0 0 0 0 0 0 0 0 0 0 0 0 0 0 0 0 0 0 0 0 0 0 0 0 0 0 
P2976 2087 8 0 0 0 0 0 0 0 0 0 0 0 0 0 0 0 0 0 0 0 0 0 0 0 0 0 0 0 0 0 0 0 
P2976 2087 9 0 0 0 0 14 13 4 0 0 0 0 9 16 11 0 14 0 0 0 0 0 0 17 4 0 0 0 0 0 0 -999 
P2976 2087 10 0 0 0 0 0 0 0 4 0 10 20 0 0 7 0 2 0 0 0 0 1 0 0 2 0 0 0 0 0 0 0 
P2976 2087 11 0 0 0 0 0 0 0 0 0 0 0 0 0 0 0 0 0 2 0 0 4 0 0 0 0 0 0 0 0 0 -999 
P2976 2087 12 14 10 0 0 0 0 5 39 0 0 2 0 0 0 0 4 0 8 11 0 0 24 133 67 26 93 48 0 0 81 30 
P2976 2088 1 0 0 44 7 5 0 4 0 0 0 0 0 0 0 0 0 0 0 0 0 0 3 0 0 7 0 0 21 11 0 0 
P2976 2088 2 0 0 10 0 0 0 106 122 163 41 0 0 0 0 0 0 0 0 0 17 0 30 29 24 25 24 33 28 -999 -999 -999 
P2976 2088 3 43 69 109 70 28 0 10 0 0 0 7 0 0 2 0 0 0 27 0 0 0 0 19 0 26 5 33 13 1 0 0 
P2976 2088 4 0 1 0 0 0 48 0 88 39 0 0 0 36 0 30 21 0 0 0 0 0 25 34 0 0 0 0 0 0 0 -999 
P2976 2088 5 0 0 0 0 40 25 28 31 0 0 0 0 0 0 26 23 14 0 0 0 0 0 0 0 0 0 0 0 0 0 0 
P2976 2088 6 0 0 0 0 0 0 0 0 0 0 0 0 0 0 0 0 0 0 0 0 0 0 0 0 0 17 0 0 0 0 -999 
P2976 2088 7 0 0 0 0 0 0 0 0 0 0 0 0 0 0 0 0 0 0 0 0 0 0 0 15 0 0 0 0 0 0 0 
P2976 2088 8 0 0 0 0 0 0 0 0 0 0 0 0 0 0 0 0 20 0 0 0 0 0 0 0 0 0 0 0 0 0 0 
P2976 2088 9 0 0 0 0 0 0 0 0 0 0 0 10 0 0 0 25 0 0 0 0 0 0 0 0 0 0 0 0 0 0 -999 
P2976 2088 10 0 0 0 0 0 0 0 0 0 0 5 0 0 0 0 0 0 0 0 0 0 32 45 49 65 119 178 64 0 0 0 
P2976 2088 11 0 0 0 0 0 0 0 0 0 19 0 33 15 18 0 0 23 170 0 7 0 0 6 0 0 0 0 30 81 0 -999 
P2976 2088 12 0 35 0 44 64 62 80 81 25 0 0 0 0 0 0 0 0 0 0 0 0 0 0 0 0 0 15 13 0 7 0 
P2976 2089 1 0 0 0 0 42 24 23 0 111 129 161 200 178 0 0 0 0 0 0 0 0 0 0 1 0 0 0 9 0 11 0 
P2976 2089 2 0 32 12 31 68 139 65 117 218 59 41 96 169 0 13 0 0 0 0 0 0 0 0 0 7 0 17 21 -999 -999 -999 
P2976 2089 3 29 35 70 0 0 0 17 19 0 10 6 0 0 0 0 87 67 0 11 13 0 0 10 50 165 0 0 0 0 58 169 
P2976 2089 4 194 140 0 7 0 0 0 6 0 0 0 0 0 0 16 0 0 0 11 21 32 34 29 0 64 79 59 32 14 0 -999 
P2976 2089 5 0 17 0 0 3 0 0 0 0 0 0 0 0 0 0 0 0 0 13 24 18 0 0 0 0 0 10 0 0 0 0 
P2976 2089 6 0 0 0 0 0 0 0 3 0 0 0 0 0 0 0 0 0 0 0 0 0 0 0 0 0 0 0 0 0 0 -999 
P2976 2089 7 0 0 0 0 0 0 0 0 0 0 0 0 2 0 0 25 0 0 0 0 0 0 0 0 0 0 0 0 0 9 0 
P2976 2089 8 0 0 0 0 0 0 0 0 4 0 9 0 0 0 0 0 0 0 0 0 0 0 0 0 0 16 0 0 0 0 0 
P2976 2089 9 0 0 0 0 0 0 0 0 0 0 0 0 0 0 0 0 8 7 0 0 0 0 4 0 0 0 0 0 0 0 -999 
P2976 2089 10 0 0 0 0 0 0 0 0 0 0 0 0 0 0 6 0 0 0 0 0 0 0 0 0 15 0 0 4 0 0 11 
P2976 2089 11 0 0 0 35 10 0 0 0 0 0 0 0 0 0 0 0 0 0 17 0 0 0 0 69 117 0 30 0 0 131 -999 
P2976 2089 12 177 0 0 0 29 32 39 83 66 81 45 0 0 0 0 3 0 0 7 17 0 0 0 1 0 0 0 0 0 0 0 
P2976 2090 1 0 0 0 0 0 0 11 10 0 51 0 31 72 72 68 18 0 0 0 0 0 0 0 0 0 0 13 0 0 0 0 
P2976 2090 2 0 0 0 25 0 64 40 30 26 52 0 50 0 19 35 13 0 17 0 5 0 14 0 31 42 51 94 113 -999 -999 -999 
P2976 2090 3 194 84 23 9 4 4 0 0 0 0 0 53 78 84 79 30 0 15 53 46 0 31 0 11 20 0 0 0 0 25 30 
P2976 2090 4 31 29 45 0 29 21 31 25 32 24 0 0 0 39 92 51 37 8 2 0 0 0 0 0 0 17 9 0 0 0 -999 
P2976 2090 5 0 0 0 0 0 0 0 0 0 5 0 0 0 0 20 0 0 0 0 0 0 0 0 0 0 0 0 0 44 0 0 
P2976 2090 6 36 0 0 4 0 0 0 14 0 4 0 0 0 0 0 0 0 0 0 0 0 0 0 0 0 0 0 0 0 0 -999 
P2976 2090 7 0 0 0 0 0 0 0 0 0 0 0 0 0 0 0 0 0 0 0 0 0 0 0 0 0 0 0 0 0 0 0 
P2976 2090 8 0 0 0 0 0 0 0 0 0 0 0 0 0 0 0 0 0 0 0 0 0 0 0 0 0 0 0 0 0 0 0 
P2976 2090 9 0 0 0 0 0 0 0 0 0 0 0 0 0 0 0 0 0 0 0 0 0 17 11 0 0 0 5 0 0 0 -999 
P2976 2090 10 0 0 0 32 43 48 0 0 0 22 0 0 0 0 28 32 19 0 0 0 0 0 0 39 0 25 0 0 0 36 38 
P2976 2090 11 0 0 0 6 0 9 17 0 0 0 60 0 0 46 55 0 0 0 0 0 0 0 0 0 42 41 0 0 0 13 -999 
P2976 2090 12 0 89 136 38 48 43 0 10 15 28 0 0 17 25 35 0 9 0 0 31 0 0 0 0 27 0 16 6 0 0 0 
P2976 2091 1 0 0 0 0 0 0 0 18 0 0 10 12 0 25 5 0 0 15 37 0 0 0 0 0 0 0 0 0 0 0 10 
P2976 2091 2 21 0 0 0 0 4 11 8 5 0 0 0 0 6 0 0 0 40 189 124 0 75 79 31 32 47 0 30 -999 -999 -999 
P2976 2091 3 26 7 8 19 52 105 0 0 0 0 0 6 0 0 0 31 0 24 0 9 0 0 6 0 0 0 0 0 0 0 6 
P2976 2091 4 0 0 0 0 0 0 18 0 4 0 19 0 37 27 0 30 42 0 36 0 15 0 0 0 0 1 0 0 0 9 -999 
P2976 2091 5 0 0 43 0 41 23 0 0 0 0 0 0 0 0 0 0 0 0 0 0 0 0 0 0 0 0 0 10 9 0 0 
P2976 2091 6 0 0 0 18 16 0 8 0 0 0 0 0 0 0 0 0 0 0 0 0 0 0 0 0 0 0 0 0 8 0 -999 
P2976 2091 7 0 0 0 0 0 9 0 0 0 0 0 0 0 0 0 0 0 0 0 0 0 0 0 0 0 0 0 0 0 0 0 
P2976 2091 8 10 0 0 0 0 0 0 0 0 5 0 0 0 0 0 0 21 0 0 0 0 0 0 0 0 4 0 0 0 0 0 
P2976 2091 9 0 0 0 0 0 0 0 0 0 0 0 0 0 0 0 0 0 0 0 0 8 0 0 0 0 0 0 0 0 0 -999 
P2976 2091 10 0 0 0 0 0 0 0 0 0 0 0 0 0 0 0 0 33 0 6 0 0 0 0 0 0 0 62 90 137 94 71 
P2976 2091 11 82 28 0 0 0 0 0 0 0 0 0 7 0 0 35 29 23 0 18 0 0 14 55 0 0 0 60 20 0 0 -999 
P2976 2091 12 63 53 0 0 0 0 0 0 0 0 0 0 0 8 5 19 0 0 0 0 0 0 0 15 15 0 0 0 8 0 0 
P2976 2092 1 0 0 0 0 0 0 0 13 0 3 8 18 16 0 0 23 82 82 110 196 0 0 0 71 41 0 107 58 96 86 43 
P2976 2092 2 47 0 60 6 0 130 105 32 64 135 46 0 22 77 42 45 0 80 0 0 0 9 39 0 13 11 0 33 -999 -999 -999 
P2976 2092 3 0 40 0 0 0 0 84 47 0 14 17 0 0 0 84 129 0 37 26 74 83 0 128 317 111 0 24 0 0 0 0 
P2976 2092 4 0 0 71 41 41 0 0 0 6 0 0 21 30 16 0 0 0 0 0 0 0 0 0 0 19 0 35 51 58 0 -999 
P2976 2092 5 24 0 0 0 0 0 0 0 0 0 0 9 0 0 0 0 76 35 13 0 9 0 0 0 0 0 0 0 0 0 0 
P2976 2092 6 0 0 0 0 0 0 0 0 0 0 0 0 0 0 0 0 0 0 0 5 0 0 0 0 0 0 0 0 0 0 -999 
P2976 2092 7 0 0 0 0 0 0 0 0 0 0 0 0 0 11 0 0 17 0 0 0 0 0 0 0 0 0 0 0 0 0 0 
P2976 2092 8 9 0 0 0 0 0 0 0 0 0 0 0 0 0 10 31 0 0 0 0 0 0 0 0 0 0 0 0 0 0 0 
P2976 2092 9 0 0 12 0 0 0 0 0 0 0 0 0 0 0 0 0 0 0 0 9 13 0 0 0 0 0 0 0 0 0 -999 
P2976 2092 10 12 0 0 0 0 0 0 0 0 0 57 0 0 0 0 0 0 0 0 40 0 0 0 9 0 0 0 0 6 0 0 
P2976 2092 11 0 0 0 61 0 0 0 0 0 0 10 57 222 165 118 0 13 17 22 0 0 0 0 125 0 0 0 0 0 0 -999 
P2976 2092 12 0 0 33 0 0 25 21 0 0 64 23 8 0 0 0 0 0 21 0 77 191 119 92 69 0 69 19 40 100 0 28 
P2976 2093 1 96 95 82 36 18 27 31 14 0 0 89 106 47 55 114 127 0 51 45 0 0 0 0 7 0 0 0 0 103 95 121 
P2976 2093 2 101 50 0 0 0 0 0 0 0 0 0 0 0 0 0 0 0 38 45 76 61 0 9 12 5 13 28 36 -999 -999 -999 
P2976 2093 3 15 7 0 0 8 0 5 16 42 53 129 48 28 21 6 0 0 0 14 10 0 14 0 8 0 53 0 0 0 13 0 
P2976 2093 4 0 0 24 16 0 0 0 0 22 0 0 0 0 0 47 44 19 0 0 7 0 21 0 25 34 0 53 51 35 0 -999 
P2976 2093 5 0 0 0 61 0 0 4 0 0 0 0 0 0 0 0 0 0 0 0 36 18 0 11 0 16 13 0 0 2 0 25 
P2976 2093 6 0 4 6 6 0 0 0 0 0 0 0 0 0 0 0 0 10 0 0 0 0 0 0 0 0 0 0 0 0 0 -999 
P2976 2093 7 0 0 0 0 0 0 0 0 0 0 0 0 0 0 0 0 0 0 0 0 0 0 0 0 0 0 0 0 0 0 0 
P2976 2093 8 0 0 0 0 0 0 0 0 0 0 0 0 0 0 0 0 0 0 0 0 0 0 0 12 0 15 0 0 0 0 0 
P2976 2093 9 0 0 0 0 18 0 0 0 0 0 0 0 0 0 18 0 0 0 0 0 0 0 0 0 0 0 0 17 0 0 -999 
P2976 2093 10 0 0 0 0 0 0 0 0 0 0 0 0 46 34 40 128 0 0 0 0 3 0 0 0 9 0 0 0 14 0 0 
P2976 2093 11 0 36 0 1 0 0 0 0 0 0 0 0 15 0 0 0 0 0 0 0 0 0 0 0 0 0 0 0 0 0 -999 
P2976 2093 12 0 0 0 0 0 0 0 0 0 0 0 0 0 0 0 0 0 0 0 0 0 0 0 0 0 0 0 0 0 0 0 
P2976 2094 1 0 0 13 10 8 0 9 18 23 25 0 0 0 0 0 0 40 100 104 68 59 148 173 195 179 86 59 159 33 106 46 
P2976 2094 2 72 54 88 0 0 7 3 0 7 0 0 0 0 0 0 0 0 0 0 0 0 0 0 0 0 0 0 0 -999 -999 -999 
P2976 2094 3 0 0 0 0 0 0 0 0 0 0 0 0 3 0 0 0 0 0 0 0 0 26 0 24 0 0 0 0 0 123 89 
P2976 2094 4 173 177 0 0 0 0 0 57 0 0 0 0 0 0 0 0 0 0 0 0 0 0 0 0 0 24 16 0 31 0 -999 
P2976 2094 5 23 0 0 0 0 0 0 0 0 0 0 0 0 0 2 0 0 0 0 0 0 0 0 0 0 0 0 0 0 0 0 
P2976 2094 6 0 0 0 0 0 0 6 4 0 0 0 0 0 0 0 0 0 0 0 0 0 0 0 0 0 0 0 0 0 0 -999 
P2976 2094 7 0 0 0 0 0 0 0 0 0 0 0 0 0 0 0 0 0 0 0 0 0 0 0 0 0 0 0 0 0 0 0 
P2976 2094 8 0 0 0 0 0 0 0 0 0 0 0 0 0 0 0 0 0 0 0 0 0 0 18 0 0 0 0 0 0 0 0 
P2976 2094 9 0 0 0 0 0 0 0 0 0 0 0 0 0 0 0 0 0 0 0 7 0 0 0 0 0 0 0 0 8 0 -999 
P2976 2094 10 0 0 0 0 0 0 0 0 0 0 11 0 0 0 0 0 19 15 0 31 53 23 72 0 23 0 0 0 0 6 0 
P2976 2094 11 0 0 0 0 0 0 0 0 0 0 21 0 58 104 29 12 26 0 19 38 0 21 0 0 0 28 20 0 0 0 -999 
P2976 2094 12 8 0 0 0 0 0 0 0 0 0 0 0 0 0 0 0 8 0 33 0 0 0 0 0 0 0 0 0 0 0 0 
P2976 2095 1 64 58 89 125 65 22 27 95 112 26 27 17 0 0 0 0 0 0 0 0 0 0 20 34 76 0 0 83 18 16 0 
P2976 2095 2 0 24 0 0 0 9 0 0 9 0 10 0 0 0 0 0 0 0 0 0 0 0 0 0 1 0 0 0 -999 -999 -999 
P2976 2095 3 0 0 4 0 0 0 0 0 0 0 7 0 0 6 9 0 0 0 0 0 0 0 0 0 0 11 25 61 68 37 0 
P2976 2095 4 45 97 113 0 11 5 4 5 0 0 0 31 0 0 0 0 0 48 31 0 60 0 53 68 0 0 0 0 0 0 -999 
P2976 2095 5 0 0 0 0 7 0 0 0 0 0 0 0 0 0 0 0 0 0 0 0 0 0 0 0 0 0 0 0 0 0 9 
P2976 2095 6 0 0 0 0 0 0 0 35 0 0 0 24 0 0 0 0 0 0 0 0 44 0 0 0 0 0 0 0 0 0 -999 
P2976 2095 7 0 0 0 0 0 0 0 0 0 0 0 0 0 0 0 0 0 0 0 0 0 0 0 0 0 0 0 0 0 0 0 
P2976 2095 8 0 0 0 0 0 0 0 0 0 0 0 0 0 0 0 0 0 0 0 0 0 0 14 0 0 0 0 0 0 0 0 
P2976 2095 9 0 0 0 0 0 0 0 0 0 0 0 0 0 0 0 0 0 0 0 0 0 0 0 0 23 0 5 0 0 0 -999 
P2976 2095 10 0 0 0 0 0 0 0 0 0 0 0 0 0 0 17 21 61 0 3 0 8 0 0 0 0 0 0 0 0 0 0 
P2976 2095 11 0 0 23 52 0 0 0 0 0 0 0 39 30 0 0 0 30 0 0 13 48 0 0 92 0 0 2 0 4 0 -999 
P2976 2095 12 0 0 0 0 0 0 15 0 87 50 3 0 0 53 107 52 0 0 0 69 51 13 10 0 140 180 0 0 0 12 0 
P2976 2096 1 64 3 0 0 60 0 60 80 90 87 37 0 10 0 57 24 0 4 1 0 0 0 0 0 0 0 0 0 4 17 8 
P2976 2096 2 15 0 47 51 0 0 0 0 0 0 0 0 0 41 88 30 0 0 0 0 0 0 0 2 0 0 12 0 -999 -999 -999 
P2976 2096 3 0 0 0 0 0 0 0 0 0 0 0 0 0 0 0 4 0 0 23 0 43 119 134 18 0 0 35 70 0 45 0 
P2976 2096 4 0 0 0 0 0 5 10 0 0 0 0 0 0 0 61 0 35 0 0 24 0 0 0 0 0 0 0 0 0 0 -999 
P2976 2096 5 0 0 0 0 0 0 0 0 10 0 0 8 0 0 0 0 0 0 0 0 0 0 0 0 0 23 20 0 13 0 14 
P2976 2096 6 0 34 0 0 0 0 25 14 0 0 14 8 0 9 0 0 0 4 6 0 0 0 0 0 0 0 0 0 0 0 -999 
P2976 2096 7 0 0 0 0 0 0 0 0 0 0 15 0 0 0 0 0 0 0 0 0 0 0 0 0 0 0 0 0 0 0 0 
P2976 2096 8 0 0 0 0 0 0 0 0 0 0 5 0 0 0 0 0 0 0 0 0 0 0 0 0 0 0 0 0 0 0 0 
P2976 2096 9 0 0 0 0 0 0 0 0 0 0 0 0 0 0 0 0 7 0 0 0 0 0 0 0 0 0 0 0 0 0 -999 
P2976 2096 10 0 50 0 0 15 0 0 0 0 0 0 0 0 0 0 7 0 47 48 44 0 34 24 0 0 0 0 0 0 0 0 
P2976 2096 11 0 0 4 0 0 0 6 0 0 0 0 6 0 1 6 0 0 0 0 0 0 0 0 0 0 0 0 0 0 0 -999 
P2976 2096 12 0 1 0 0 0 0 0 2 2 8 0 27 0 0 41 12 0 69 0 0 0 15 0 0 12 0 0 0 0 11 0 
P2976 2097 1 17 12 0 0 0 0 12 15 0 0 5 0 0 0 0 0 0 0 0 0 0 0 0 2 59 49 0 0 0 21 0 
P2976 2097 2 14 0 0 29 0 62 0 0 0 0 0 0 0 0 23 0 0 0 0 4 0 0 0 0 0 41 0 27 -999 -999 -999 
P2976 2097 3 0 49 84 0 0 0 0 0 0 0 0 0 0 0 0 0 0 0 0 0 0 0 0 40 0 50 0 0 31 2 0 
P2976 2097 4 0 0 0 0 0 0 0 0 0 29 37 48 79 52 0 10 0 0 0 31 13 7 0 0 27 0 0 0 0 0 -999 
P2976 2097 5 0 6 0 0 0 20 29 0 0 13 0 0 0 0 0 15 0 0 23 0 0 0 0 24 0 2 0 0 0 0 0 
P2976 2097 6 0 0 0 18 0 0 0 0 0 0 0 0 0 0 0 0 0 0 0 0 19 0 0 0 16 0 0 0 0 0 -999 
P2976 2097 7 0 0 0 0 0 0 0 0 0 0 0 0 0 0 0 0 0 0 0 0 0 0 0 0 0 0 0 0 0 0 13 
P2976 2097 8 0 0 0 10 0 0 0 0 0 0 15 0 0 0 0 0 0 0 0 0 0 0 0 0 0 0 0 0 0 0 15 
P2976 2097 9 0 0 0 17 21 0 0 0 22 0 12 0 0 0 0 0 0 0 0 0 0 0 0 0 0 0 0 0 0 0 -999 
P2976 2097 10 0 0 0 0 0 0 0 0 0 0 0 4 0 0 47 43 71 76 0 9 0 0 14 0 0 0 1 0 0 0 0 
P2976 2097 11 0 0 5 8 0 0 0 0 0 0 4 0 0 0 0 0 0 0 0 0 0 0 0 0 0 0 0 14 0 0 -999 
P2976 2097 12 24 5 0 0 0 0 0 0 0 0 0 0 0 0 2 0 0 0 4 0 2 0 0 0 0 0 0 0 0 40 40 
P2976 2098 1 62 0 21 0 100 40 13 0 0 12 0 10 15 0 0 0 7 0 0 79 52 0 0 0 0 0 1 0 0 0 0 
P2976 2098 2 10 11 9 9 0 0 0 32 40 69 41 56 0 11 0 0 7 36 0 12 19 0 0 0 0 0 0 0 -999 -999 -999 
P2976 2098 3 0 0 0 0 9 38 0 5 0 0 0 0 0 0 0 0 0 13 0 0 0 0 0 0 0 0 56 0 0 0 0 
P2976 2098 4 24 0 0 0 19 0 44 0 5 0 0 0 0 0 0 0 0 0 0 0 0 0 71 18 0 0 0 0 0 0 -999 
P2976 2098 5 0 0 0 0 33 0 49 46 54 76 99 81 28 16 0 0 24 10 9 21 30 0 0 45 41 27 0 0 0 0 0 
P2976 2098 6 0 0 0 0 0 0 0 33 16 0 0 20 0 0 0 0 0 0 0 0 0 0 0 0 0 0 0 0 0 0 -999 
P2976 2098 7 0 0 0 0 0 0 0 0 0 0 0 0 0 0 0 0 0 0 0 0 0 0 0 0 0 0 0 0 0 0 0 
P2976 2098 8 0 0 0 0 0 0 0 0 0 0 0 0 0 0 0 0 0 0 0 0 0 0 7 2 0 0 0 0 0 0 0 
P2976 2098 9 0 0 4 0 0 0 0 0 0 0 0 0 0 0 0 0 0 0 0 14 0 9 0 0 12 11 0 0 0 0 -999 
P2976 2098 10 0 0 7 0 0 0 0 0 0 0 0 0 0 0 0 0 48 51 15 5 8 11 8 0 18 38 49 0 5 13 31 
P2976 2098 11 0 0 0 0 0 0 0 0 0 12 0 25 74 44 29 21 0 40 0 27 25 0 0 22 0 0 0 0 0 0 -999 
P2976 2098 12 0 0 0 0 0 0 0 0 0 0 0 0 0 0 0 0 0 11 18 44 37 32 0 29 46 0 0 0 26 0 0 
P2976 2099 1 0 12 6 0 0 0 0 4 0 34 60 25 36 0 0 0 44 0 0 0 28 50 139 0 0 19 0 0 0 0 0 
P2976 2099 2 5 0 0 31 14 0 21 41 4 0 0 0 0 0 0 0 0 0 0 0 0 16 0 122 163 42 25 42 -999 -999 -999 
P2976 2099 3 90 109 127 128 0 12 0 0 11 0 0 9 0 0 39 32 38 132 180 182 0 0 0 14 0 7 0 0 0 0 28 
P2976 2099 4 0 19 0 0 11 11 15 0 3 0 0 0 0 0 0 0 0 0 0 0 0 0 0 0 0 0 48 45 0 0 -999 
P2976 2099 5 0 0 9 0 0 14 0 0 0 0 0 0 0 0 0 0 0 0 0 17 0 0 0 40 13 0 0 0 0 0 0 
P2976 2099 6 0 0 0 0 0 0 0 0 3 0 0 0 0 0 0 0 0 0 0 15 0 0 0 0 0 0 0 0 0 0 -999 
P2976 2099 7 0 0 14 13 0 0 0 0 0 0 0 0 0 0 0 0 0 0 0 0 0 0 0 0 0 0 0 6 0 0 0 
P2976 2099 8 0 0 0 8 0 0 0 0 0 0 0 0 0 16 0 0 0 0 0 0 0 0 0 0 0 0 0 0 0 0 0 
P2976 2099 9 0 0 0 0 0 0 0 0 0 13 0 0 0 0 0 0 0 0 0 0 0 0 0 0 0 0 0 3 0 0 -999 
P2976 2099 10 0 0 12 0 0 0 0 0 32 41 0 61 0 0 9 0 0 0 0 7 0 0 0 8 0 39 24 17 15 0 0 
P2976 2099 11 7 0 24 12 0 0 3 9 0 0 0 0 15 0 11 37 0 0 0 0 6 11 0 33 0 0 56 63 61 0 -999 
P2976 2099 12 6 0 0 0 0 63 53 28 20 26 0 9 0 1 0 5 0 0 0 0 25 0 0 36 138 242 254 192 99 55 15 
P2976 2100 1 0 0 6 0 47 0 0 0 0 0 99 191 179 0 9 0 0 0 0 0 3 0 0 0 0 0 0 0 0 0 0 
P2976 2100 2 20 77 74 0 0 0 11 0 0 74 0 0 0 0 0 20 0 0 0 0 0 0 4 0 0 0 0 0 -999 -999 -999 
P2976 2100 3 0 40 66 0 0 21 26 27 33 0 0 45 100 0 12 6 0 0 19 24 34 48 0 0 21 57 0 29 60 64 53 
P2976 2100 4 58 0 40 22 0 11 15 0 0 21 0 111 43 41 34 32 0 25 20 27 0 0 0 0 0 1 0 0 0 0 -999 
P2976 2100 5 11 0 15 17 0 0 0 8 0 0 6 0 0 0 0 0 0 0 0 0 25 0 32 41 57 0 10 0 0 0 0 
P2976 2100 6 0 0 0 0 0 8 0 0 0 0 0 0 0 0 0 0 0 0 0 0 0 0 0 15 0 0 0 0 0 0 -999 
P2976 2100 7 0 0 0 0 0 0 0 0 0 0 0 0 0 0 8 0 0 0 0 0 0 0 0 0 0 0 0 0 0 0 0 
P2976 2100 8 0 0 0 0 0 0 0 0 0 0 0 0 0 0 0 0 0 0 0 0 0 0 0 0 0 0 0 8 0 0 0 
P2976 2100 9 0 0 0 0 0 0 0 0 0 0 8 0 0 0 0 0 0 0 0 0 0 0 0 0 0 0 17 0 0 0 -999 
P2976 2100 10 11 0 0 0 0 0 37 0 26 0 0 0 30 0 0 0 0 20 21 0 20 61 86 0 0 0 2 0 0 18 0 
P2976 2100 11 17 0 0 0 0 102 0 32 86 70 13 54 67 96 153 120 79 81 67 0 22 55 60 87 40 0 9 0 0 0 -999 
P2976 2100 12 0 0 0 0 0 0 0 1 0 0 0 2 1 1 0 0 0 0 0 0 1 0 0 0 9 4 0 6 0 0 0 
