precip	MIROC5	RCP60	REGRESION	decimas	1
P4293	38.533	-4.020	182	geo	2006	2100	-1
P4293 2006 1 0 7 9 0 0 0 0 8 9 0 0 75 148 63 36 91 69 71 62 16 0 8 0 0 0 0 10 0 21 0 0 
P4293 2006 2 0 43 24 0 0 0 0 0 0 0 0 22 36 0 0 0 0 0 17 37 0 14 14 10 0 4 0 0 -999 -999 -999 
P4293 2006 3 40 57 69 93 92 89 89 88 0 39 56 0 28 24 0 0 97 108 0 33 49 0 34 0 27 28 0 0 59 39 0 
P4293 2006 4 25 0 30 0 18 15 0 52 0 0 0 0 0 7 0 0 15 0 0 7 1 0 0 0 0 0 46 48 36 0 -999 
P4293 2006 5 26 0 23 0 0 49 0 0 0 0 0 12 0 28 0 10 0 0 15 20 8 0 0 0 0 5 0 0 20 0 0 
P4293 2006 6 0 0 0 0 0 0 0 0 0 0 0 14 15 12 0 0 0 0 0 0 0 0 0 0 0 0 0 0 0 21 -999 
P4293 2006 7 0 17 0 0 0 0 0 0 0 0 0 0 0 0 0 0 0 0 0 0 0 0 0 0 0 0 0 0 0 0 0 
P4293 2006 8 0 0 0 0 0 0 0 0 0 0 0 0 0 0 19 0 0 0 0 19 0 0 10 17 0 0 0 0 0 0 0 
P4293 2006 9 0 0 0 0 0 0 0 0 19 0 0 0 0 0 0 0 0 0 0 0 0 0 0 0 0 6 0 0 0 10 -999 
P4293 2006 10 3 0 0 0 0 3 0 0 0 0 0 0 0 0 21 0 0 0 10 0 0 0 0 0 15 0 0 16 0 9 0 
P4293 2006 11 0 0 0 0 0 0 0 0 9 5 0 0 0 0 0 0 0 0 0 10 22 19 25 46 20 7 0 0 0 0 -999 
P4293 2006 12 0 0 0 0 0 0 21 46 35 26 0 20 0 0 46 77 25 0 0 0 17 35 79 50 41 38 27 0 0 0 0 
P4293 2007 1 0 0 0 2 0 0 0 0 0 0 0 0 5 6 0 0 0 4 0 0 11 0 0 0 22 0 14 26 25 22 18 
P4293 2007 2 11 0 22 28 15 12 28 80 169 138 25 0 0 10 12 8 0 43 29 25 27 35 0 19 20 22 24 0 -999 -999 -999 
P4293 2007 3 0 0 22 38 47 33 18 0 0 0 21 55 59 64 38 0 16 0 0 0 14 20 0 0 0 9 11 0 0 0 0 
P4293 2007 4 2 0 0 0 0 0 7 0 3 0 0 0 45 19 0 0 0 37 0 30 34 0 31 39 0 14 0 0 0 0 -999 
P4293 2007 5 0 0 0 0 43 0 13 0 0 0 0 0 0 28 21 17 16 0 0 20 0 0 2 0 0 0 0 6 0 16 22 
P4293 2007 6 0 19 0 19 22 0 0 0 0 0 0 0 0 0 0 0 0 6 0 0 0 0 26 15 0 0 0 0 23 19 -999 
P4293 2007 7 15 16 17 21 0 0 0 0 0 0 0 0 0 0 0 0 0 0 0 17 0 0 0 0 0 0 0 0 0 0 0 
P4293 2007 8 0 0 0 0 0 0 0 0 0 0 0 0 0 0 0 0 0 0 0 0 0 0 0 0 0 0 23 0 0 0 5 
P4293 2007 9 0 0 0 0 0 0 0 0 0 0 0 0 0 0 0 18 0 0 6 0 0 0 0 0 0 8 6 0 0 0 -999 
P4293 2007 10 0 0 12 0 0 0 0 0 0 0 18 20 0 40 15 0 0 0 0 0 0 0 34 38 0 0 25 16 0 4 0 
P4293 2007 11 0 0 13 0 5 0 6 0 18 0 0 22 11 0 14 0 0 0 0 0 0 0 0 9 4 0 15 0 0 0 -999 
P4293 2007 12 0 0 0 18 18 16 20 14 0 0 0 0 0 0 0 0 0 29 18 0 10 0 10 0 0 0 10 0 3 0 0 
P4293 2008 1 16 23 26 40 19 0 0 0 3 5 0 0 0 21 32 0 0 9 16 0 0 0 34 19 0 0 88 56 35 48 62 
P4293 2008 2 115 0 63 0 0 38 35 0 0 0 57 26 0 0 0 40 0 48 0 51 0 12 0 0 25 27 22 19 -999 -999 -999 
P4293 2008 3 0 0 0 9 0 3 0 0 0 0 10 0 0 0 0 0 0 2 0 0 0 0 0 0 0 0 0 0 0 0 0 
P4293 2008 4 0 0 13 22 15 8 0 0 0 0 0 0 0 0 38 43 34 0 0 8 0 7 0 7 0 0 0 0 16 0 -999 
P4293 2008 5 16 0 0 0 19 16 8 8 13 28 40 0 0 30 0 0 0 0 0 37 0 27 40 0 0 11 10 0 10 18 0 
P4293 2008 6 10 10 0 0 14 19 0 0 0 0 0 17 0 0 0 0 0 0 0 0 0 0 0 0 0 0 0 0 0 9 -999 
P4293 2008 7 0 0 0 0 0 0 0 0 0 0 0 0 0 0 0 0 0 0 0 13 0 7 0 0 0 0 0 0 0 0 0 
P4293 2008 8 0 0 0 0 0 0 17 0 0 0 0 0 0 0 0 0 0 0 6 0 11 0 0 0 10 0 0 0 10 0 0 
P4293 2008 9 8 0 0 0 0 11 0 0 12 0 0 0 0 22 0 0 0 0 0 0 0 0 0 16 0 0 0 0 33 0 -999 
P4293 2008 10 0 0 11 0 0 0 16 0 0 0 0 0 0 0 0 0 8 12 11 0 0 10 0 0 0 29 38 25 0 0 0 
P4293 2008 11 18 5 30 12 6 2 0 0 0 8 26 0 5 0 0 0 0 0 0 0 0 0 0 4 0 0 0 3 0 0 -999 
P4293 2008 12 0 0 0 0 2 4 0 0 8 25 32 0 0 19 8 4 0 0 0 3 4 0 0 0 0 22 19 17 0 0 0 
P4293 2009 1 0 1 0 0 0 0 0 0 0 0 0 14 0 15 19 7 2 0 0 0 1 0 0 0 1 1 3 5 0 0 0 
P4293 2009 2 6 0 0 14 11 7 6 0 2 4 0 3 8 4 0 0 1 0 0 0 3 2 0 0 0 0 0 29 -999 -999 -999 
P4293 2009 3 57 59 57 27 0 0 0 41 64 28 20 16 12 0 35 26 55 44 27 21 0 6 0 23 23 57 49 73 70 0 0 
P4293 2009 4 0 0 31 17 27 51 19 0 0 8 14 0 30 27 26 0 0 8 10 0 20 15 8 0 7 0 0 0 0 0 -999 
P4293 2009 5 30 33 24 22 0 0 17 15 25 0 39 0 0 0 0 4 0 0 0 0 0 30 0 0 0 8 0 0 0 0 0 
P4293 2009 6 0 12 0 16 0 0 21 10 0 0 0 0 0 0 21 0 0 0 0 0 0 0 0 0 0 0 0 0 0 0 -999 
P4293 2009 7 0 0 15 0 0 0 0 0 0 0 0 0 0 0 0 0 0 0 0 0 0 0 0 0 10 0 0 0 8 10 0 
P4293 2009 8 0 0 0 0 0 0 0 0 0 0 0 0 11 12 0 0 0 0 0 0 0 0 0 0 10 15 0 14 21 0 0 
P4293 2009 9 0 0 0 0 0 4 0 0 0 0 0 0 12 0 0 10 11 0 0 0 0 0 0 16 0 0 0 0 0 0 -999 
P4293 2009 10 0 6 3 0 0 5 0 0 0 0 20 0 17 17 0 24 25 0 19 16 17 8 0 32 0 0 0 0 6 0 0 
P4293 2009 11 0 0 0 0 0 0 8 0 0 0 0 0 5 0 0 11 0 8 0 0 0 0 30 34 0 0 0 10 0 21 -999 
P4293 2009 12 0 0 33 18 38 0 75 0 23 0 47 13 14 0 0 0 0 0 0 16 0 10 0 0 0 22 0 0 0 6 8 
P4293 2010 1 0 0 23 67 58 26 12 10 17 0 0 7 0 0 11 15 11 0 0 0 14 0 0 3 0 0 7 0 0 0 16 
P4293 2010 2 12 10 0 0 0 24 0 0 0 3 0 0 0 2 3 0 0 0 0 0 0 0 5 0 0 0 0 0 -999 -999 -999 
P4293 2010 3 0 4 0 0 0 24 32 30 46 43 25 17 0 0 0 8 11 23 47 36 8 0 0 0 0 3 0 0 0 0 0 
P4293 2010 4 14 0 38 0 0 13 14 0 32 32 0 0 26 23 51 55 16 0 0 0 0 0 0 0 0 0 9 0 30 0 -999 
P4293 2010 5 0 10 0 33 29 14 0 0 0 0 0 0 0 17 0 0 0 16 12 4 8 10 0 14 25 38 0 18 17 0 0 
P4293 2010 6 0 26 23 0 0 11 0 0 0 0 0 0 0 14 0 0 0 0 8 0 0 0 0 0 0 0 0 0 0 0 -999 
P4293 2010 7 0 0 0 0 0 0 0 0 0 0 0 0 0 0 0 0 0 0 0 6 0 0 0 0 0 0 0 0 7 0 0 
P4293 2010 8 0 0 0 0 0 0 0 0 0 0 0 0 0 0 0 0 0 0 0 0 0 0 0 0 0 0 0 0 0 0 0 
P4293 2010 9 14 0 24 0 8 0 0 0 23 0 0 0 25 16 20 0 8 0 0 0 0 0 0 0 0 17 0 0 0 0 -999 
P4293 2010 10 0 0 0 0 0 0 0 0 0 0 40 0 35 0 17 0 0 8 0 0 23 30 0 0 11 8 0 0 11 14 8 
P4293 2010 11 0 6 0 0 0 0 0 0 0 0 0 0 0 0 0 0 10 0 0 7 0 0 0 3 4 4 0 0 0 0 -999 
P4293 2010 12 4 0 0 0 0 14 0 9 14 13 0 15 27 35 0 0 0 0 9 3 0 0 1 0 0 0 0 0 0 0 0 
P4293 2011 1 0 6 0 6 9 0 0 0 3 0 0 0 0 0 11 6 0 0 0 0 13 21 50 0 0 0 0 0 2 0 0 
P4293 2011 2 6 6 0 17 16 0 12 0 0 0 0 0 12 8 0 10 6 9 0 8 0 0 18 7 0 12 16 0 -999 -999 -999 
P4293 2011 3 51 27 10 7 10 0 0 6 0 0 0 30 0 19 40 95 145 43 27 32 28 36 54 122 58 15 0 0 0 0 0 
P4293 2011 4 12 0 0 14 12 0 0 18 0 21 22 24 0 15 0 0 0 0 30 29 0 0 0 0 0 0 0 0 0 0 -999 
P4293 2011 5 0 17 0 6 0 0 0 0 0 0 0 0 0 0 0 0 0 0 0 15 0 0 0 12 19 0 0 0 23 0 0 
P4293 2011 6 0 13 0 0 0 0 0 0 0 0 0 0 0 0 0 0 0 2 0 4 0 0 0 0 0 0 0 16 0 0 -999 
P4293 2011 7 7 0 0 0 0 13 0 7 0 0 0 0 0 0 0 0 0 0 0 0 0 0 0 0 0 12 0 0 0 0 0 
P4293 2011 8 0 0 17 0 0 0 0 0 0 0 0 0 0 0 0 0 0 0 0 0 0 0 0 0 0 5 0 0 16 0 0 
P4293 2011 9 0 6 7 0 0 0 0 0 31 41 0 0 0 0 5 0 0 0 0 0 0 0 0 8 0 0 7 0 0 0 -999 
P4293 2011 10 0 0 0 0 0 0 0 0 0 11 0 0 0 14 0 7 0 0 0 0 0 0 0 0 15 0 10 0 0 0 26 
P4293 2011 11 9 8 11 25 55 57 59 11 7 0 0 9 0 0 5 0 34 24 0 0 0 57 0 43 0 10 0 16 7 0 -999 
P4293 2011 12 0 13 27 0 0 0 0 5 9 8 0 0 0 6 0 30 42 44 47 47 68 28 0 0 0 29 0 0 0 20 30 
P4293 2012 1 0 0 0 0 0 0 0 0 0 0 0 3 0 0 0 0 4 4 4 9 10 0 2 3 0 0 5 9 15 0 0 
P4293 2012 2 0 0 44 25 9 0 6 0 2 0 2 0 0 0 0 1 0 9 28 33 24 13 7 7 15 4 2 0 -999 -999 -999 
P4293 2012 3 31 0 0 0 25 19 0 4 0 0 0 0 0 0 0 27 0 20 19 28 0 14 11 0 0 0 0 0 0 0 0 
P4293 2012 4 0 8 0 0 0 0 31 26 9 0 4 12 20 68 55 39 38 26 16 15 14 0 0 34 0 38 50 42 0 0 -999 
P4293 2012 5 0 0 25 18 0 0 8 14 25 18 0 0 0 0 28 0 17 17 0 0 0 17 17 14 36 26 24 0 0 0 0 
P4293 2012 6 4 3 0 0 0 0 0 0 0 28 0 20 20 0 26 0 0 0 0 0 0 0 0 0 7 0 13 20 0 0 -999 
P4293 2012 7 0 0 0 0 0 0 0 0 0 0 0 0 0 0 0 0 0 0 0 0 0 0 0 0 0 0 0 0 0 0 0 
P4293 2012 8 0 0 0 0 0 0 0 0 0 0 0 0 0 0 0 10 0 0 0 0 0 0 0 11 0 0 0 0 0 0 7 
P4293 2012 9 7 0 0 0 0 0 22 8 0 0 0 0 0 0 0 7 0 0 0 0 0 0 8 16 26 0 0 0 0 0 -999 
P4293 2012 10 6 0 0 0 0 0 0 0 20 0 40 0 0 0 0 0 0 0 0 12 0 29 0 0 10 11 22 16 0 32 28 
P4293 2012 11 0 54 45 0 10 0 0 0 0 24 40 0 0 0 0 0 0 31 50 0 15 0 0 0 0 0 0 0 0 25 -999 
P4293 2012 12 0 7 10 12 0 37 0 46 0 0 12 7 14 72 55 49 45 25 0 11 0 21 0 12 12 7 0 0 0 0 0 
P4293 2013 1 37 15 21 46 0 0 13 13 4 0 0 0 0 0 0 0 0 0 5 0 1 0 1 0 0 1 0 0 0 19 10 
P4293 2013 2 0 0 0 0 0 0 2 3 0 0 0 0 0 64 0 17 19 41 66 56 45 46 0 83 25 12 0 4 -999 -999 -999 
P4293 2013 3 0 8 9 15 0 0 16 0 31 44 86 85 65 0 0 0 32 28 0 0 17 33 43 0 19 0 19 29 0 0 73 
P4293 2013 4 0 11 0 16 24 20 28 11 0 0 0 0 20 22 15 0 0 8 12 0 35 0 13 25 0 0 0 0 0 0 -999 
P4293 2013 5 0 0 0 16 0 0 0 0 25 35 41 0 0 0 21 0 34 26 22 17 0 0 0 0 0 0 0 0 0 0 0 
P4293 2013 6 0 0 0 22 15 0 19 0 38 0 37 33 24 20 0 0 0 16 14 0 0 10 0 0 0 0 28 0 22 19 -999 
P4293 2013 7 0 14 0 0 0 25 0 0 0 0 0 0 0 0 0 0 0 0 0 0 0 0 0 0 0 0 0 0 0 0 0 
P4293 2013 8 0 0 0 0 24 20 0 21 0 18 0 0 0 0 0 20 0 0 0 0 10 0 14 17 0 0 0 0 28 0 0 
P4293 2013 9 22 16 0 0 0 0 0 0 0 0 0 0 9 5 0 0 0 0 0 16 0 0 0 5 0 2 0 0 5 0 -999 
P4293 2013 10 0 0 0 0 0 0 0 0 0 0 19 0 0 8 0 15 0 0 0 0 0 7 0 3 0 3 6 0 0 0 0 
P4293 2013 11 0 0 0 0 0 4 0 10 13 11 17 12 0 0 0 0 17 110 165 80 55 0 118 86 28 0 51 30 9 12 -999 
P4293 2013 12 16 41 0 26 0 0 9 0 11 0 6 0 0 0 0 7 0 2 3 0 0 7 0 0 13 17 20 18 34 28 14 
P4293 2014 1 16 0 0 9 0 0 0 17 0 0 0 12 15 13 0 0 0 0 0 0 4 0 4 0 12 0 32 46 84 93 0 
P4293 2014 2 24 0 19 0 27 40 0 64 32 51 9 0 19 0 0 0 0 0 0 0 12 0 0 6 3 0 0 25 -999 -999 -999 
P4293 2014 3 26 9 0 8 0 0 0 0 0 2 3 13 29 28 0 54 0 58 88 56 0 0 0 0 0 0 0 10 0 0 24 
P4293 2014 4 0 25 32 0 53 40 18 17 23 34 30 33 0 0 48 41 52 0 26 0 0 0 0 0 0 0 13 0 20 23 -999 
P4293 2014 5 0 9 16 33 0 5 0 0 7 0 0 0 0 12 0 0 0 0 0 0 0 45 30 30 0 21 0 0 0 0 0 
P4293 2014 6 14 15 31 47 44 0 24 21 0 0 4 0 0 0 0 0 0 0 0 0 0 0 0 0 0 18 0 0 0 0 -999 
P4293 2014 7 0 0 0 0 0 0 0 0 0 0 0 0 0 0 0 0 0 0 0 0 0 0 0 0 0 0 0 0 0 0 0 
P4293 2014 8 0 0 0 0 17 0 0 11 0 0 0 0 10 0 0 0 0 0 0 0 0 0 0 0 4 0 0 0 0 0 0 
P4293 2014 9 0 0 0 0 0 0 0 0 0 10 13 0 0 0 0 0 0 27 0 9 0 0 13 0 0 0 0 0 13 0 -999 
P4293 2014 10 0 0 0 0 0 0 0 0 11 7 9 0 0 0 9 0 0 0 0 37 0 15 0 0 34 0 18 11 10 0 6 
P4293 2014 11 0 0 0 0 0 3 0 6 0 10 0 0 0 8 0 0 0 42 22 42 73 112 50 38 26 16 0 0 0 0 -999 
P4293 2014 12 2 0 0 0 0 0 0 4 5 5 0 4 0 0 0 0 0 0 0 0 2 0 6 9 0 0 7 0 0 15 24 
P4293 2015 1 0 2 0 36 56 0 30 0 21 18 0 0 0 0 0 0 0 0 0 0 0 0 0 0 0 0 0 25 0 14 0 
P4293 2015 2 0 0 0 0 0 0 0 0 0 0 0 5 1 0 0 0 0 0 0 0 0 0 10 18 48 73 61 36 -999 -999 -999 
P4293 2015 3 23 32 33 44 0 0 0 0 39 0 4 9 0 29 14 0 6 0 0 15 19 0 0 0 14 9 0 0 0 0 0 
P4293 2015 4 27 0 9 7 0 0 0 15 0 0 0 0 0 0 0 13 0 11 0 0 0 0 6 0 17 39 0 0 60 57 -999 
P4293 2015 5 59 0 36 0 0 15 0 0 0 0 0 0 0 0 0 0 0 0 0 0 0 0 0 6 0 0 0 0 59 25 0 
P4293 2015 6 8 11 0 0 0 34 26 0 0 0 5 0 0 0 0 0 0 6 0 12 0 0 0 14 0 14 0 0 0 0 -999 
P4293 2015 7 0 0 0 0 20 0 0 0 13 0 0 0 0 0 0 0 0 0 6 0 0 0 0 0 0 0 0 0 0 0 0 
P4293 2015 8 0 0 0 0 0 0 0 0 0 0 22 0 0 0 0 0 0 0 22 0 0 0 0 24 0 24 0 0 0 0 0 
P4293 2015 9 9 10 13 20 0 0 0 0 0 0 0 0 0 0 0 0 0 0 0 0 21 0 7 13 24 35 43 36 30 27 -999 
P4293 2015 10 27 0 11 6 0 0 0 0 21 0 5 0 0 0 0 0 0 0 0 0 17 0 12 15 16 13 0 0 0 2 0 
P4293 2015 11 5 0 0 0 0 14 0 0 0 7 0 0 22 52 51 0 0 0 0 35 39 28 0 8 8 5 0 5 7 18 -999 
P4293 2015 12 35 49 33 26 36 31 87 93 57 76 38 47 69 0 0 0 0 7 0 5 0 0 0 0 2 0 0 0 0 0 2 
P4293 2016 1 0 6 0 0 0 0 0 13 0 0 0 49 44 62 26 0 0 19 7 8 0 0 0 13 14 0 32 27 25 32 0 
P4293 2016 2 13 8 0 22 0 6 0 6 9 15 0 13 12 12 0 0 0 15 0 9 9 9 0 0 0 0 0 14 -999 -999 -999 
P4293 2016 3 12 23 28 26 27 33 35 0 88 74 95 106 0 48 0 40 0 26 18 0 19 33 35 29 37 0 43 69 52 0 56 
P4293 2016 4 9 0 3 4 0 0 0 0 21 48 77 81 37 0 52 24 26 13 0 0 15 0 0 0 21 0 37 51 0 0 -999 
P4293 2016 5 11 17 0 15 0 0 0 10 12 0 0 0 0 0 21 31 29 0 9 0 6 5 9 12 8 10 13 21 39 31 0 
P4293 2016 6 21 0 5 0 4 0 0 0 0 0 21 0 0 0 0 16 0 13 0 15 10 6 0 0 0 0 0 0 0 0 -999 
P4293 2016 7 0 18 0 0 0 0 0 0 0 0 0 0 0 14 0 0 0 0 0 0 0 0 0 0 14 0 0 0 0 0 0 
P4293 2016 8 0 0 0 13 0 0 0 0 0 0 0 0 0 0 0 0 9 0 0 0 0 0 0 0 19 0 0 0 21 0 11 
P4293 2016 9 10 17 0 12 0 0 0 0 0 0 0 0 0 0 0 0 0 19 19 20 0 0 0 0 0 0 0 0 0 0 -999 
P4293 2016 10 0 0 0 0 0 0 0 12 0 8 0 0 15 0 0 31 63 56 53 56 43 48 0 0 0 0 11 0 0 0 0 
P4293 2016 11 18 15 13 12 9 6 11 32 11 10 6 10 0 17 0 34 22 65 47 55 52 20 20 34 57 14 15 0 0 34 -999 
P4293 2016 12 0 0 0 9 0 0 0 0 10 8 0 0 71 34 0 0 0 0 0 0 19 32 0 0 19 13 16 21 21 21 0 
P4293 2017 1 27 9 0 0 0 0 0 4 0 0 0 0 27 62 0 0 11 0 0 0 0 3 2 0 0 0 0 0 0 0 0 
P4293 2017 2 0 0 0 0 0 1 0 0 7 0 0 0 0 0 4 0 0 0 0 0 0 0 5 0 0 0 11 7 -999 -999 -999 
P4293 2017 3 7 8 7 0 0 0 0 0 32 41 31 16 0 47 31 8 8 0 10 7 0 0 21 0 58 57 50 48 0 18 12 
P4293 2017 4 12 0 0 16 16 11 0 0 22 38 0 0 13 12 11 11 0 8 10 0 0 0 13 17 23 20 26 32 43 27 -999 
P4293 2017 5 14 0 0 0 0 0 8 0 0 14 0 0 0 8 0 0 0 9 10 0 0 20 13 0 17 8 12 0 0 0 0 
P4293 2017 6 0 0 0 0 0 0 16 0 0 0 0 0 0 0 15 0 0 0 0 0 0 0 0 0 0 0 0 0 26 21 -999 
P4293 2017 7 0 0 0 0 0 0 0 0 0 0 0 0 0 22 11 0 7 0 0 0 0 0 11 0 0 0 0 0 14 0 0 
P4293 2017 8 0 0 0 0 0 0 0 0 20 0 0 0 0 0 9 0 13 0 0 0 0 0 0 0 0 0 0 6 0 0 0 
P4293 2017 9 0 0 0 0 0 0 0 0 8 14 8 0 0 0 0 0 0 0 6 0 0 0 0 0 0 0 0 16 12 0 -999 
P4293 2017 10 0 0 0 0 0 0 0 7 5 4 7 0 8 0 23 0 0 42 0 24 0 0 0 16 0 0 40 76 85 39 0 
P4293 2017 11 15 0 34 40 0 0 11 34 43 20 0 56 109 103 27 15 11 11 11 17 32 35 0 0 0 0 0 0 0 12 -999 
P4293 2017 12 0 0 23 0 16 0 21 35 84 46 50 28 29 33 35 13 0 0 0 9 0 17 0 16 17 0 19 22 37 62 44 
P4293 2018 1 40 0 0 0 0 7 8 0 45 0 11 9 0 0 0 0 11 0 0 0 0 0 31 19 11 0 41 27 0 0 0 
P4293 2018 2 0 0 59 30 0 0 0 8 0 0 0 0 0 0 3 0 0 0 0 0 8 0 3 2 2 0 0 0 -999 -999 -999 
P4293 2018 3 0 0 0 0 14 0 0 0 0 28 0 69 82 53 39 12 19 26 0 10 5 0 0 0 0 19 0 26 35 37 22 
P4293 2018 4 0 13 0 0 15 12 7 0 0 0 0 0 9 0 29 0 0 0 12 0 0 0 0 0 47 71 0 0 0 0 -999 
P4293 2018 5 36 0 0 0 0 0 0 13 26 35 37 0 0 25 0 0 27 0 28 0 36 0 27 15 0 24 29 0 0 0 5 
P4293 2018 6 0 0 0 0 0 0 0 0 0 0 0 0 12 0 0 17 0 0 0 0 0 19 0 0 0 0 0 0 8 0 -999 
P4293 2018 7 0 0 22 0 0 13 0 18 14 0 0 12 0 0 0 0 0 0 0 0 11 9 0 0 0 0 0 0 0 0 0 
P4293 2018 8 0 0 0 0 0 0 0 0 0 0 0 0 0 12 0 0 0 13 0 0 0 5 0 0 0 0 0 0 0 6 0 
P4293 2018 9 0 0 0 5 0 0 21 0 0 0 0 0 0 0 0 0 0 0 0 8 0 0 11 0 0 0 0 0 0 7 -999 
P4293 2018 10 0 0 6 0 0 0 0 0 16 0 28 0 0 0 0 0 0 0 0 0 0 23 10 7 13 15 0 0 0 0 0 
P4293 2018 11 0 0 8 6 6 0 30 80 62 61 32 0 7 0 10 0 0 0 11 0 0 0 0 0 0 12 0 0 10 0 -999 
P4293 2018 12 20 30 26 0 0 39 70 17 10 9 0 38 60 41 27 17 0 0 0 8 0 19 0 0 25 18 0 41 65 84 51 
P4293 2019 1 76 69 106 79 62 56 80 31 0 0 12 0 0 0 26 18 53 44 67 67 0 75 0 0 0 31 80 0 11 23 51 
P4293 2019 2 65 54 30 0 20 0 0 11 0 0 75 37 79 73 16 0 35 102 128 36 0 18 17 15 0 2 1 0 -999 -999 -999 
P4293 2019 3 0 0 0 0 0 11 8 10 0 0 0 0 0 0 0 0 0 0 0 0 0 3 0 0 0 0 0 46 61 32 0 
P4293 2019 4 0 0 12 0 19 32 32 37 41 23 35 0 32 42 44 0 0 21 0 0 16 0 0 0 39 28 32 27 0 39 -999 
P4293 2019 5 40 0 0 10 12 0 10 0 22 26 17 30 28 27 0 0 0 0 0 0 0 0 0 0 18 0 0 0 0 0 0 
P4293 2019 6 0 0 6 0 0 0 0 0 0 16 20 0 0 18 0 0 0 0 0 0 0 0 0 0 0 0 0 0 0 0 -999 
P4293 2019 7 0 0 0 0 0 0 0 0 0 0 0 0 0 0 0 12 0 0 0 0 0 0 0 13 0 0 0 0 0 0 0 
P4293 2019 8 0 0 0 0 0 0 0 0 0 0 0 0 0 0 0 0 0 0 0 0 0 0 0 0 0 0 0 0 5 0 16 
P4293 2019 9 0 0 13 0 0 0 0 0 0 0 0 0 0 0 7 0 0 20 0 0 9 0 22 24 0 0 23 0 14 11 -999 
P4293 2019 10 0 0 0 0 10 0 9 0 5 0 0 0 52 0 0 0 0 0 0 0 0 0 0 7 0 0 0 0 0 6 12 
P4293 2019 11 0 0 3 3 0 0 0 0 0 0 0 0 0 0 0 0 0 0 19 50 135 157 85 0 45 63 48 20 25 58 -999 
P4293 2019 12 56 40 0 0 10 0 0 0 0 0 0 0 0 0 0 0 0 0 0 0 0 0 0 0 2 2 0 0 0 0 0 
P4293 2020 1 0 10 0 0 0 0 1 0 0 0 3 0 0 34 17 0 0 0 0 0 0 0 0 0 0 26 36 50 42 47 33 
P4293 2020 2 28 17 19 0 0 13 0 0 12 12 8 0 0 0 0 10 0 0 0 0 0 0 3 0 0 0 11 6 -999 -999 -999 
P4293 2020 3 0 0 0 0 23 0 10 0 0 0 0 0 0 0 0 0 0 0 0 0 14 0 13 0 0 28 0 26 26 19 25 
P4293 2020 4 36 0 0 0 8 0 2 2 2 0 0 27 0 0 42 65 70 45 35 40 51 0 0 12 5 0 0 0 14 0 -999 
P4293 2020 5 0 0 0 17 0 0 0 0 0 0 0 43 35 22 0 0 0 0 0 11 0 8 0 20 11 8 0 0 0 0 0 
P4293 2020 6 0 12 0 0 0 0 0 0 0 0 0 11 0 0 18 0 0 6 0 0 13 12 0 0 0 13 0 0 0 0 -999 
P4293 2020 7 0 0 0 0 10 0 0 0 0 0 19 0 0 14 0 0 0 0 0 0 0 0 0 0 0 0 0 0 0 0 0 
P4293 2020 8 0 0 0 8 0 0 0 0 0 0 0 0 0 0 0 0 0 0 0 0 0 0 0 0 0 0 0 7 0 15 0 
P4293 2020 9 20 0 0 0 0 0 0 6 0 0 0 0 0 0 9 9 0 0 0 0 8 0 0 13 0 0 0 5 0 0 -999 
P4293 2020 10 20 0 0 0 0 0 33 30 45 17 21 35 18 16 64 45 0 0 23 0 0 3 0 5 12 18 0 0 8 8 19 
P4293 2020 11 48 56 58 0 0 0 0 0 0 0 0 0 4 0 30 0 0 12 0 66 0 55 51 35 61 58 42 80 0 17 -999 
P4293 2020 12 41 41 54 16 31 9 0 18 0 0 2 0 0 0 0 0 0 0 0 25 0 53 73 0 0 0 83 0 19 21 0 
P4293 2021 1 35 0 34 0 0 29 23 45 43 0 0 0 0 0 0 0 0 0 0 0 0 6 0 7 8 8 14 0 0 24 0 
P4293 2021 2 0 0 31 26 37 11 0 4 6 0 17 0 0 12 4 0 0 0 6 0 0 26 14 6 0 9 0 12 -999 -999 -999 
P4293 2021 3 19 16 11 5 0 11 0 0 19 35 25 0 0 5 0 0 16 0 0 0 35 5 0 0 0 0 12 0 46 20 0 
P4293 2021 4 0 0 0 18 0 0 0 0 0 0 0 0 0 0 18 0 0 12 0 0 17 25 0 0 21 0 0 0 0 0 -999 
P4293 2021 5 43 36 29 26 0 9 0 0 0 4 0 0 0 0 0 0 0 0 31 24 0 0 0 24 25 0 0 25 16 0 0 
P4293 2021 6 24 29 41 0 0 0 0 12 0 0 14 0 0 13 10 12 0 0 0 0 0 0 0 0 0 0 0 0 0 0 -999 
P4293 2021 7 0 15 0 0 17 0 0 17 0 0 0 9 0 10 0 0 0 0 0 0 18 15 0 0 0 0 0 0 13 0 8 
P4293 2021 8 0 0 0 0 0 0 0 0 0 0 0 0 0 10 0 0 0 0 0 0 0 0 0 0 15 0 18 0 0 0 0 
P4293 2021 9 0 7 0 0 0 0 0 0 0 0 0 3 0 0 0 0 0 0 0 13 0 0 0 13 0 0 0 0 19 0 -999 
P4293 2021 10 0 0 0 0 0 0 25 14 20 16 0 10 0 2 0 4 11 0 0 15 0 32 55 57 32 0 0 0 8 8 11 
P4293 2021 11 0 0 0 43 54 45 0 0 0 11 0 8 8 9 13 16 35 33 0 0 0 5 6 0 38 0 48 42 70 33 -999 
P4293 2021 12 0 60 0 30 6 4 6 0 0 0 0 0 0 0 10 29 58 65 0 0 0 0 14 14 0 5 0 0 0 0 7 
P4293 2022 1 0 6 0 0 9 0 0 20 0 0 33 19 21 24 0 29 32 15 0 26 0 36 97 55 0 0 0 0 44 0 34 
P4293 2022 2 70 42 18 28 55 38 98 118 54 0 112 82 111 39 75 48 0 57 26 25 75 38 47 26 39 89 78 0 -999 -999 -999 
P4293 2022 3 10 16 0 0 70 84 45 0 39 54 59 53 69 29 12 9 4 2 0 0 0 4 0 0 0 0 0 0 0 15 0 
P4293 2022 4 0 9 0 0 0 0 0 30 20 0 18 16 0 13 26 0 20 0 16 0 0 0 17 11 0 6 0 0 0 0 -999 
P4293 2022 5 0 0 0 8 0 0 0 0 0 0 35 31 41 52 35 33 0 22 0 0 0 0 0 0 0 34 0 0 7 0 0 
P4293 2022 6 4 0 0 0 17 25 32 0 12 0 0 0 0 0 0 15 0 8 0 0 0 0 0 0 0 0 0 0 0 0 -999 
P4293 2022 7 0 0 0 0 0 0 0 0 0 0 0 0 0 0 0 8 0 0 0 0 0 0 0 0 0 11 0 0 0 0 0 
P4293 2022 8 0 0 0 0 0 0 0 0 0 0 0 0 0 15 0 0 0 0 0 0 0 0 20 0 0 0 0 0 0 0 0 
P4293 2022 9 0 13 0 0 0 0 0 0 0 0 0 0 0 29 0 15 8 0 0 9 0 0 0 0 4 0 0 0 0 0 -999 
P4293 2022 10 0 0 0 0 7 0 0 0 15 31 55 30 14 26 0 30 19 0 0 0 0 0 0 0 0 7 0 0 30 52 0 
P4293 2022 11 24 14 0 0 0 0 0 0 6 0 0 14 4 0 0 0 0 0 12 0 2 0 0 2 0 0 0 12 0 6 -999 
P4293 2022 12 14 32 53 70 0 36 0 0 63 0 0 11 0 0 0 0 13 0 8 15 0 35 64 50 48 28 23 36 0 0 0 
P4293 2023 1 11 12 0 4 0 0 4 1 1 0 0 3 4 0 6 0 0 0 0 0 0 0 0 2 1 0 0 0 0 0 0 
P4293 2023 2 0 12 13 0 0 0 0 0 6 5 0 4 0 0 0 9 13 12 7 3 5 10 21 24 0 20 54 21 -999 -999 -999 
P4293 2023 3 19 19 0 0 0 4 2 0 3 0 0 0 44 0 0 0 0 0 3 0 0 0 0 0 0 0 0 10 0 0 47 
P4293 2023 4 0 15 25 49 0 0 26 27 15 0 0 23 71 107 52 0 0 0 0 0 0 0 0 0 63 49 40 53 11 0 -999 
P4293 2023 5 8 9 0 0 0 0 0 0 0 0 0 0 0 13 0 21 27 0 35 0 14 0 11 0 0 0 0 0 0 0 13 
P4293 2023 6 0 0 29 0 22 0 0 0 15 0 0 0 7 0 0 0 0 0 0 0 0 0 0 0 0 0 0 6 0 0 -999 
P4293 2023 7 0 0 6 0 0 0 0 0 0 0 0 0 0 0 0 0 0 0 0 0 0 0 0 0 0 0 0 0 0 0 0 
P4293 2023 8 0 0 7 0 0 16 0 0 0 0 0 0 0 0 0 0 0 0 0 0 0 0 0 0 0 0 0 0 15 0 0 
P4293 2023 9 0 0 0 0 0 0 15 0 0 0 0 0 0 0 0 0 0 0 0 0 0 0 8 0 0 0 24 37 17 0 -999 
P4293 2023 10 0 0 11 9 0 7 11 0 0 14 0 0 0 24 44 0 0 0 0 0 0 0 0 0 0 28 0 5 0 16 59 
P4293 2023 11 70 32 17 0 0 0 0 14 0 25 19 12 0 0 0 0 0 0 0 0 0 0 0 0 0 10 0 3 0 0 -999 
P4293 2023 12 0 0 0 0 0 0 0 0 10 0 3 0 0 7 4 0 0 0 9 0 0 0 0 8 0 0 0 3 0 0 0 
P4293 2024 1 4 0 18 0 0 33 54 45 49 26 0 0 0 29 36 0 18 32 0 0 2 0 5 0 0 8 0 0 0 12 28 
P4293 2024 2 59 57 89 0 0 11 0 0 0 0 0 0 0 0 0 19 0 0 0 7 0 0 36 74 48 35 0 0 -999 -999 -999 
P4293 2024 3 0 0 0 0 34 0 0 0 0 0 0 0 0 0 0 0 0 25 14 9 0 0 0 37 77 108 70 0 0 33 0 
P4293 2024 4 27 51 56 33 14 7 0 0 0 0 0 4 4 0 0 0 0 0 8 14 0 0 28 26 0 12 19 18 0 4 -999 
P4293 2024 5 0 0 0 0 0 0 0 0 19 0 21 0 0 0 0 14 0 0 11 0 0 0 0 0 0 0 23 0 0 0 0 
P4293 2024 6 0 0 0 0 0 0 0 14 0 23 14 0 0 0 0 0 0 0 25 26 0 0 0 0 0 0 0 12 0 0 -999 
P4293 2024 7 0 0 0 0 0 0 0 0 0 0 0 0 0 0 0 0 0 0 0 0 0 0 0 0 17 0 13 0 0 0 0 
P4293 2024 8 0 0 0 0 0 0 0 0 21 0 0 0 0 0 0 0 0 0 0 0 0 0 0 0 0 0 10 9 0 0 0 
P4293 2024 9 0 0 0 0 8 0 19 0 0 0 0 0 0 0 0 7 0 0 0 0 0 0 0 0 0 0 0 11 0 0 -999 
P4293 2024 10 0 0 8 9 0 0 0 8 11 0 16 0 0 19 58 0 23 18 0 10 0 0 17 14 0 0 0 0 0 3 8 
P4293 2024 11 14 0 17 0 0 0 16 0 0 0 0 0 31 0 0 0 0 0 0 12 0 0 0 0 0 0 0 4 0 0 -999 
P4293 2024 12 0 8 0 0 0 0 0 0 0 0 0 0 8 4 0 0 5 4 0 0 0 0 0 0 0 0 0 6 0 0 0 
P4293 2025 1 0 0 7 0 0 0 6 0 9 16 12 9 9 0 0 7 8 10 0 0 16 17 0 37 44 36 26 0 7 0 0 
P4293 2025 2 0 11 0 10 19 0 23 33 0 0 0 29 23 19 20 18 0 0 9 0 27 0 31 0 5 2 0 0 -999 -999 -999 
P4293 2025 3 0 26 0 28 0 50 94 34 0 0 0 0 0 0 0 0 20 33 43 48 0 87 0 111 72 25 41 0 0 0 0 
P4293 2025 4 25 10 10 8 4 0 0 0 7 0 0 0 0 0 0 39 11 0 19 29 0 0 9 0 0 0 0 0 23 43 -999 
P4293 2025 5 0 0 29 32 33 23 0 22 0 0 0 22 0 0 0 9 0 0 0 0 0 0 0 0 20 14 0 0 0 0 0 
P4293 2025 6 0 0 6 0 0 0 0 11 0 11 10 0 0 0 0 0 0 0 0 0 0 0 0 0 0 0 0 0 0 0 -999 
P4293 2025 7 0 14 14 17 0 0 0 0 0 0 0 0 0 0 0 0 0 0 0 0 0 0 0 0 13 0 0 0 0 0 0 
P4293 2025 8 0 0 0 0 12 0 0 0 0 0 0 0 0 0 0 0 0 0 0 0 0 0 0 0 0 0 0 0 0 0 0 
P4293 2025 9 0 0 13 0 0 0 0 0 0 0 0 0 0 0 0 0 0 0 0 0 8 0 0 0 0 0 0 0 0 0 -999 
P4293 2025 10 7 0 6 0 0 0 16 0 0 0 0 7 0 0 0 11 0 0 10 11 0 0 0 15 27 0 0 52 35 0 16 
P4293 2025 11 0 0 0 0 0 0 11 15 12 0 0 0 0 0 0 0 0 10 12 0 6 8 0 0 0 0 0 2 0 9 -999 
P4293 2025 12 0 0 44 0 13 0 0 29 0 0 0 0 0 0 0 0 8 0 0 13 17 15 13 0 20 17 0 0 0 19 26 
P4293 2026 1 0 15 0 0 7 24 7 3 0 0 23 67 117 0 0 50 78 83 29 0 0 0 6 0 0 9 13 0 0 0 0 
P4293 2026 2 0 0 31 30 15 23 0 0 4 0 0 0 0 1 0 0 0 0 62 117 49 47 32 28 10 21 5 0 -999 -999 -999 
P4293 2026 3 15 5 2 2 2 0 0 0 0 0 0 3 0 0 0 7 0 16 20 27 36 58 48 0 0 4 0 0 0 2 0 
P4293 2026 4 0 6 5 0 0 0 38 38 44 51 0 55 50 0 17 0 0 5 11 0 0 0 0 0 0 0 40 46 0 45 -999 
P4293 2026 5 0 0 0 7 0 0 0 0 0 9 0 0 0 0 0 0 0 0 19 0 0 0 0 0 0 0 34 22 0 0 13 
P4293 2026 6 12 0 0 6 0 6 0 0 0 0 0 0 0 0 13 0 0 0 0 0 4 0 0 0 0 0 0 0 0 0 -999 
P4293 2026 7 0 0 0 0 0 0 0 0 0 0 0 0 0 0 0 0 0 0 0 0 0 0 0 0 0 0 0 0 0 0 0 
P4293 2026 8 0 0 0 0 0 0 0 0 0 0 0 0 0 0 0 0 0 0 0 0 0 0 0 23 0 0 0 15 14 0 0 
P4293 2026 9 13 0 0 0 12 9 10 0 13 0 0 0 0 0 0 6 0 0 0 0 22 18 0 0 0 0 8 9 0 10 -999 
P4293 2026 10 6 0 0 0 0 17 0 0 13 13 20 0 0 0 0 0 16 0 0 0 2 0 52 27 26 21 10 0 0 33 49 
P4293 2026 11 0 14 0 10 0 0 0 9 20 0 62 17 0 0 0 0 0 12 0 16 8 0 0 0 0 0 0 19 28 0 -999 
P4293 2026 12 6 0 11 11 18 0 10 13 33 46 23 0 0 19 52 0 61 54 34 39 0 0 0 9 0 0 0 0 0 0 16 
P4293 2027 1 0 0 47 65 0 50 50 60 0 27 0 8 3 3 0 0 0 9 24 40 28 12 0 0 5 0 0 0 0 4 0 
P4293 2027 2 0 10 0 1 0 4 4 0 0 7 12 0 0 79 53 138 83 87 78 11 8 16 52 0 50 42 0 26 -999 -999 -999 
P4293 2027 3 56 49 0 29 27 0 35 24 0 0 0 0 0 19 26 0 30 0 0 0 16 0 0 20 21 31 0 68 0 11 0 
P4293 2027 4 0 36 36 61 37 16 26 0 14 16 0 0 0 0 0 62 54 56 34 35 71 36 0 0 0 18 10 0 9 0 -999 
P4293 2027 5 18 22 29 0 33 0 0 0 0 0 0 0 0 0 0 14 0 0 0 0 0 0 21 24 34 33 22 14 0 14 0 
P4293 2027 6 0 0 19 21 18 0 0 0 0 0 0 0 16 0 0 0 0 0 0 0 0 0 0 0 0 0 17 0 0 0 -999 
P4293 2027 7 0 0 0 19 0 0 0 7 8 0 15 0 0 0 0 0 4 0 0 0 0 0 0 0 0 11 18 0 0 0 0 
P4293 2027 8 0 0 0 0 0 0 0 0 0 0 0 21 18 0 0 0 9 0 0 0 0 0 0 0 0 0 0 0 0 0 0 
P4293 2027 9 0 0 0 0 0 0 0 0 0 8 0 0 0 0 0 0 8 0 0 0 0 0 0 5 0 0 0 0 0 0 -999 
P4293 2027 10 0 0 0 3 5 0 0 6 0 2 0 0 0 0 9 0 6 0 0 0 0 0 0 0 0 16 12 8 0 16 0 
P4293 2027 11 0 0 102 76 25 25 0 0 0 0 0 0 0 68 0 0 14 0 0 0 0 0 33 48 55 40 48 46 74 102 -999 
P4293 2027 12 28 50 90 12 0 55 88 73 40 32 0 0 10 16 0 0 0 0 0 0 0 0 0 0 0 0 0 0 0 0 0 
P4293 2028 1 0 22 0 8 0 8 0 0 42 65 17 0 43 52 61 13 0 0 0 0 0 0 0 0 0 0 6 0 0 0 0 
P4293 2028 2 0 0 0 0 11 7 0 0 0 0 0 1 0 0 0 0 0 3 0 0 10 15 15 0 14 37 39 0 -999 -999 -999 
P4293 2028 3 27 31 31 20 17 6 0 0 0 16 13 0 0 20 25 28 25 16 12 0 0 12 0 0 0 0 0 0 0 0 0 
P4293 2028 4 0 0 16 0 20 16 22 41 25 29 28 18 0 9 0 0 0 0 8 10 0 25 0 7 7 0 0 0 0 32 -999 
P4293 2028 5 0 28 17 0 9 0 10 13 0 0 0 0 11 0 4 0 0 6 0 14 11 0 18 0 0 0 0 0 0 13 0 
P4293 2028 6 18 0 0 0 15 0 0 0 0 0 0 0 0 0 0 0 0 0 0 0 0 0 0 0 0 0 0 0 0 0 -999 
P4293 2028 7 0 0 0 0 0 17 0 17 0 0 0 0 0 0 0 0 0 0 0 0 0 0 13 0 0 0 0 0 0 0 0 
P4293 2028 8 0 0 0 0 0 0 0 0 0 0 0 35 0 0 14 0 0 0 0 0 0 0 0 0 0 0 0 0 0 0 0 
P4293 2028 9 0 0 0 0 23 0 0 0 0 0 0 0 0 9 0 0 0 0 9 7 0 10 0 18 0 0 10 9 11 11 -999 
P4293 2028 10 8 0 0 11 16 7 18 0 11 0 19 0 0 0 7 0 0 30 42 45 0 13 0 0 0 0 0 0 0 10 18 
P4293 2028 11 26 19 0 0 0 0 33 45 28 36 21 0 0 13 35 36 0 11 0 8 2 2 5 0 0 0 0 0 0 3 -999 
P4293 2028 12 0 0 0 0 15 21 7 0 4 3 0 0 0 3 7 0 0 0 19 42 74 0 55 41 15 17 0 8 0 0 0 
P4293 2029 1 5 18 40 7 12 42 103 47 0 0 0 0 0 0 27 51 22 0 15 0 0 0 0 12 0 65 0 55 24 5 0 
P4293 2029 2 0 17 0 10 4 0 0 0 0 13 0 6 3 2 0 0 0 0 0 0 0 0 0 12 0 0 0 5 -999 -999 -999 
P4293 2029 3 1 0 0 7 0 0 0 0 0 0 0 0 0 17 0 0 0 19 21 31 34 31 43 45 0 0 0 0 5 0 0 
P4293 2029 4 7 0 0 11 14 16 17 0 7 11 15 0 26 0 0 13 0 0 0 15 12 7 0 0 0 15 0 0 0 0 -999 
P4293 2029 5 0 0 0 40 19 0 0 0 0 0 0 0 4 0 0 0 0 10 0 0 0 24 0 0 0 6 0 7 0 9 0 
P4293 2029 6 0 0 25 0 27 21 0 0 0 0 0 0 5 0 0 0 0 0 0 0 0 0 0 0 0 0 0 0 0 0 -999 
P4293 2029 7 0 22 0 15 0 0 0 0 0 0 0 0 0 0 0 0 0 0 0 0 0 0 0 0 0 0 0 0 0 0 0 
P4293 2029 8 0 0 0 0 0 0 0 0 0 0 0 0 0 0 0 0 0 0 0 0 0 0 0 0 0 0 0 0 0 0 9 
P4293 2029 9 0 22 0 13 0 0 0 0 0 0 10 20 0 0 0 0 0 19 20 16 0 0 0 0 16 0 0 39 54 0 -999 
P4293 2029 10 58 26 9 7 8 0 0 0 0 0 0 0 5 0 0 0 0 0 0 0 0 0 17 23 0 19 0 13 16 16 0 
P4293 2029 11 0 16 33 60 31 38 0 0 71 44 20 0 0 0 0 10 0 0 0 0 0 15 19 27 0 0 20 0 44 32 -999 
P4293 2029 12 0 0 29 14 13 8 0 0 0 0 0 0 0 0 0 0 7 10 0 0 3 0 4 0 0 0 0 0 0 0 53 
P4293 2030 1 0 0 0 0 26 0 54 20 21 0 14 24 17 0 1 0 0 0 5 0 9 0 0 8 0 24 17 21 63 73 70 
P4293 2030 2 97 60 48 0 0 0 0 45 36 0 51 0 0 14 36 36 0 0 0 0 0 11 12 0 0 0 0 0 -999 -999 -999 
P4293 2030 3 0 0 0 0 0 0 0 27 0 0 34 0 13 12 0 0 9 0 0 9 0 38 38 0 0 5 0 3 0 0 2 
P4293 2030 4 0 0 0 0 0 13 16 0 0 0 20 21 16 60 75 73 66 134 62 30 0 46 41 21 0 32 0 0 10 13 -999 
P4293 2030 5 9 0 0 0 0 9 0 0 15 0 13 16 33 28 29 0 26 19 0 0 0 0 0 0 0 0 0 0 0 0 24 
P4293 2030 6 0 21 0 0 0 0 0 17 0 24 23 0 0 0 0 0 9 0 0 0 0 0 0 0 0 0 0 0 0 0 -999 
P4293 2030 7 0 0 0 0 9 0 0 0 0 11 0 0 0 0 0 0 0 0 0 0 0 0 0 0 0 0 0 0 0 0 0 
P4293 2030 8 0 20 0 0 0 0 0 0 0 0 0 11 0 0 9 0 0 23 9 0 0 0 11 0 0 0 0 0 8 0 7 
P4293 2030 9 0 8 0 0 0 0 0 0 0 0 0 0 0 0 0 0 0 17 0 0 0 0 0 0 11 0 0 0 0 0 -999 
P4293 2030 10 0 7 0 0 0 0 0 10 23 42 35 24 14 0 0 0 0 0 0 0 0 0 0 0 19 0 0 0 0 0 18 
P4293 2030 11 0 0 31 44 80 70 0 12 0 21 0 0 0 0 0 0 0 0 29 0 0 0 17 6 0 0 10 17 0 50 -999 
P4293 2030 12 86 50 38 0 58 65 54 32 47 19 0 44 0 15 26 0 9 0 6 0 5 0 29 0 0 0 0 0 0 0 4 
P4293 2031 1 0 0 0 0 0 0 9 5 0 0 9 9 30 85 57 25 0 11 29 16 10 19 24 35 31 0 20 0 28 33 35 
P4293 2031 2 0 13 0 26 0 31 29 0 0 32 30 21 0 3 0 2 0 43 35 33 15 48 15 0 0 0 0 23 -999 -999 -999 
P4293 2031 3 23 26 17 12 0 0 23 0 20 30 35 31 31 56 49 34 29 32 0 0 24 34 0 0 24 35 42 0 26 23 24 
P4293 2031 4 24 0 21 28 43 0 27 7 7 0 0 0 0 0 0 0 17 0 0 13 0 0 0 0 0 26 0 0 25 20 -999 
P4293 2031 5 25 24 23 8 19 17 34 0 0 27 23 0 0 22 18 0 0 0 0 4 0 3 0 0 0 0 0 0 0 0 0 
P4293 2031 6 0 0 0 0 0 0 0 0 0 0 0 0 0 0 0 0 0 0 0 0 0 20 0 10 0 0 0 8 0 0 -999 
P4293 2031 7 13 0 9 0 0 0 0 14 0 0 0 0 0 0 0 0 0 0 0 0 0 0 0 0 0 0 0 0 0 6 8 
P4293 2031 8 0 13 0 0 0 0 0 0 0 0 0 0 0 0 0 0 10 0 0 27 0 12 0 0 0 0 0 0 0 0 0 
P4293 2031 9 0 0 0 0 0 0 0 0 0 0 37 41 0 0 0 0 0 0 0 20 19 12 7 0 0 0 0 0 28 16 -999 
P4293 2031 10 0 0 0 8 0 0 0 7 0 0 0 0 0 21 0 40 21 0 0 0 0 19 23 0 32 0 25 57 28 28 38 
P4293 2031 11 31 27 15 15 0 17 0 0 8 0 10 0 34 0 29 63 0 0 0 0 5 4 0 0 0 0 25 40 24 35 -999 
P4293 2031 12 0 78 89 77 39 0 0 13 4 0 0 0 0 12 0 0 2 4 5 0 0 0 5 15 15 0 0 0 8 0 36 
P4293 2032 1 53 82 37 7 0 0 47 45 129 0 7 3 0 0 0 0 0 0 54 13 0 0 0 0 0 0 0 0 0 50 0 
P4293 2032 2 60 0 21 0 0 17 0 0 5 0 0 0 0 0 0 7 7 3 0 0 0 0 0 0 0 0 11 9 -999 -999 -999 
P4293 2032 3 0 0 5 0 5 21 43 0 9 9 0 0 0 0 0 0 0 0 0 0 11 0 12 0 0 0 24 0 0 12 21 
P4293 2032 4 10 0 43 0 0 0 50 38 32 0 0 19 17 0 0 0 0 30 0 0 0 82 93 0 28 13 0 0 35 30 -999 
P4293 2032 5 22 19 0 0 30 35 36 0 28 21 22 30 16 0 13 19 0 39 0 0 0 6 0 0 0 0 0 0 0 0 0 
P4293 2032 6 0 0 0 0 0 0 27 0 9 15 0 0 0 12 0 0 0 0 0 0 6 0 9 0 0 0 26 24 0 21 -999 
P4293 2032 7 0 0 0 0 0 0 0 0 0 0 19 18 8 0 0 0 0 0 0 0 0 0 0 0 0 0 10 0 0 0 0 
P4293 2032 8 0 0 0 0 0 0 0 0 0 0 0 0 0 0 9 0 22 0 0 0 0 0 0 0 0 0 0 0 12 17 0 
P4293 2032 9 0 0 0 0 0 0 16 0 0 0 11 0 0 0 0 0 0 0 12 14 12 0 0 10 0 0 0 0 0 0 -999 
P4293 2032 10 0 0 10 0 0 0 0 0 0 0 0 0 0 0 0 0 19 0 42 52 54 75 27 0 0 11 0 0 0 0 0 
P4293 2032 11 0 0 0 0 0 44 40 0 0 12 0 15 48 11 0 23 24 24 53 73 0 0 26 0 0 0 32 40 28 14 -999 
P4293 2032 12 0 0 0 0 6 0 0 18 0 33 35 0 0 0 0 0 0 4 0 0 0 0 0 3 4 0 5 10 20 0 68 
P4293 2033 1 63 25 0 0 0 20 27 0 0 9 0 0 0 5 0 1 0 0 0 0 0 0 0 5 3 5 8 9 0 0 0 
P4293 2033 2 1 3 0 0 0 0 8 24 15 0 0 0 0 0 36 77 102 68 55 79 87 86 53 0 0 0 31 18 -999 -999 -999 
P4293 2033 3 9 0 0 8 0 0 0 0 12 15 12 0 25 35 39 16 21 0 47 70 55 0 0 0 50 0 0 0 0 14 21 
P4293 2033 4 59 24 12 22 31 0 0 12 17 0 0 7 0 0 0 0 29 43 40 0 44 27 22 0 0 22 0 0 0 0 -999 
P4293 2033 5 0 0 0 5 0 0 0 0 0 0 16 0 0 10 0 0 25 15 0 23 26 20 0 0 0 15 0 11 12 0 0 
P4293 2033 6 0 0 19 22 0 0 0 0 0 0 0 0 0 0 0 0 13 0 0 0 0 0 0 0 0 0 0 0 0 0 -999 
P4293 2033 7 7 0 0 0 0 0 0 0 0 0 0 0 0 0 0 0 0 0 11 0 0 0 0 0 0 0 0 0 0 0 0 
P4293 2033 8 0 0 0 0 0 0 0 0 0 14 0 0 7 0 0 0 6 7 8 0 0 0 0 0 0 0 0 0 0 17 0 
P4293 2033 9 7 0 0 0 0 0 0 0 0 13 0 5 7 0 5 0 0 0 0 10 9 0 0 0 0 0 0 9 0 0 -999 
P4293 2033 10 0 0 0 28 0 0 0 0 0 0 0 0 0 0 15 0 40 0 63 0 0 11 7 0 33 31 19 8 0 0 54 
P4293 2033 11 49 0 58 105 36 72 90 120 23 15 0 0 0 19 81 75 0 12 10 0 0 1 0 0 7 0 0 0 0 0 -999 
P4293 2033 12 0 0 45 43 0 20 0 26 35 16 0 0 0 0 0 0 3 0 0 0 0 0 9 10 8 0 8 11 10 7 7 
P4293 2034 1 4 2 0 0 0 0 0 0 0 0 0 0 4 0 6 0 0 0 5 0 11 12 15 30 42 0 52 0 5 0 1 
P4293 2034 2 0 0 0 0 0 0 19 0 33 29 56 0 0 0 0 0 0 0 71 36 13 0 41 18 0 9 0 0 -999 -999 -999 
P4293 2034 3 12 0 0 0 0 0 0 0 0 13 0 0 0 0 0 0 0 0 0 0 0 0 0 7 0 18 25 19 32 34 17 
P4293 2034 4 20 0 29 61 75 46 9 19 22 0 26 0 0 0 30 32 30 21 17 0 0 56 0 30 0 9 0 0 0 0 -999 
P4293 2034 5 2 0 4 0 0 0 0 0 6 0 0 0 0 0 0 0 11 14 0 0 20 18 0 0 0 0 15 31 28 27 26 
P4293 2034 6 25 37 0 0 0 15 16 0 0 0 7 0 10 0 0 0 0 0 0 22 0 0 0 0 0 0 9 0 6 0 -999 
P4293 2034 7 0 0 0 0 4 5 0 0 0 0 0 0 0 0 0 0 0 0 0 0 0 0 0 0 0 0 0 0 0 0 0 
P4293 2034 8 0 0 0 0 0 0 0 0 0 0 0 0 0 0 0 0 20 0 0 0 0 0 0 0 0 0 0 0 20 10 0 
P4293 2034 9 10 6 4 0 0 0 0 0 0 0 16 0 10 14 0 0 0 0 0 0 0 0 0 3 0 0 0 13 0 0 -999 
P4293 2034 10 0 0 0 0 0 0 0 0 0 0 0 0 0 0 18 0 0 0 0 0 0 0 26 0 5 0 0 0 0 16 8 
P4293 2034 11 0 0 15 20 27 17 5 0 0 0 0 9 0 0 0 0 0 0 0 0 0 8 9 0 0 22 26 20 0 24 -999 
P4293 2034 12 0 15 25 0 0 1 0 0 0 0 11 2 0 0 9 0 11 0 0 0 0 0 22 51 71 73 90 0 16 33 0 
P4293 2035 1 0 0 29 35 0 27 16 0 0 0 0 0 4 0 0 0 4 3 8 18 13 9 5 4 0 0 0 0 0 0 0 
P4293 2035 2 0 0 0 0 14 0 0 0 0 0 0 8 8 0 4 0 0 0 0 0 0 0 0 38 21 0 0 0 -999 -999 -999 
P4293 2035 3 18 37 0 0 0 5 0 0 26 0 0 0 0 36 0 0 0 16 0 0 0 4 0 0 0 0 15 33 0 24 0 
P4293 2035 4 0 0 27 32 0 42 24 38 22 16 16 0 0 20 0 29 0 0 22 0 0 34 38 36 0 12 16 23 36 36 -999 
P4293 2035 5 27 40 16 0 0 0 0 0 19 0 18 9 0 7 0 0 0 0 0 0 13 0 0 0 0 0 0 0 9 0 0 
P4293 2035 6 0 0 0 28 0 14 0 4 0 0 0 0 0 0 9 0 0 0 0 0 9 0 0 0 0 0 0 0 0 0 -999 
P4293 2035 7 0 0 0 0 0 0 0 0 0 15 12 11 0 0 0 8 0 0 0 0 0 0 0 0 0 0 0 0 0 0 0 
P4293 2035 8 0 0 0 0 0 0 0 0 0 0 0 0 17 0 0 0 0 0 0 0 0 25 0 0 0 0 0 0 35 0 0 
P4293 2035 9 11 0 6 0 0 0 0 0 9 12 0 0 10 6 0 6 0 0 0 0 0 11 0 0 0 0 17 0 0 0 -999 
P4293 2035 10 20 0 0 0 0 0 0 0 0 0 0 0 26 0 47 20 0 0 19 33 45 35 21 14 0 14 0 0 0 0 10 
P4293 2035 11 9 0 32 17 0 0 0 4 0 0 2 0 0 0 7 0 0 0 0 0 0 0 0 3 6 0 0 0 0 0 -999 
P4293 2035 12 0 0 0 0 0 2 7 12 12 0 7 6 10 24 48 48 20 26 20 12 0 7 0 14 0 24 0 12 0 0 0 
P4293 2036 1 41 51 0 0 33 50 47 0 50 87 48 23 0 0 0 0 0 22 26 39 20 0 0 11 0 0 0 0 0 0 0 
P4293 2036 2 0 15 30 14 0 1 3 6 0 0 0 0 6 0 0 0 7 0 0 23 0 0 18 27 10 11 11 21 -999 -999 -999 
P4293 2036 3 66 64 21 21 18 10 0 0 0 0 15 26 22 25 37 0 15 18 35 22 15 0 25 0 61 57 56 47 0 0 22 
P4293 2036 4 82 36 18 34 0 0 12 0 17 0 29 0 17 0 0 0 0 0 0 32 0 0 0 0 0 18 0 4 0 0 -999 
P4293 2036 5 0 9 0 0 0 0 11 0 0 0 0 0 25 0 0 0 0 0 39 23 0 0 0 16 7 0 0 0 0 0 0 
P4293 2036 6 0 0 0 0 0 0 0 0 0 0 30 23 0 0 0 0 13 9 0 0 0 0 12 0 0 0 0 0 0 0 -999 
P4293 2036 7 10 11 0 18 0 0 0 0 0 0 0 0 0 0 0 0 14 0 0 3 0 0 0 0 0 0 0 0 0 0 0 
P4293 2036 8 0 0 0 0 0 0 0 0 0 0 0 0 0 0 0 0 0 0 0 0 0 0 0 0 0 0 0 0 0 0 13 
P4293 2036 9 0 9 0 0 0 0 0 0 14 0 0 0 10 9 0 0 0 0 5 0 0 0 0 14 0 0 0 0 0 0 -999 
P4293 2036 10 0 0 11 15 21 37 40 0 0 42 0 0 18 37 45 22 14 17 17 0 0 0 7 0 23 0 5 1 0 0 0 
P4293 2036 11 6 0 6 8 0 22 0 0 0 0 0 8 6 0 0 0 4 0 5 0 0 0 0 20 22 20 6 4 0 5 -999 
P4293 2036 12 0 0 6 0 0 3 3 0 0 0 7 11 13 11 9 0 7 0 7 7 9 0 11 0 7 14 0 38 31 67 80 
P4293 2037 1 41 45 0 0 15 40 0 22 32 15 11 0 13 0 28 57 89 73 0 55 18 9 11 0 0 0 0 0 0 0 0 
P4293 2037 2 0 3 4 0 0 0 6 0 0 0 10 18 20 14 11 13 0 32 48 25 11 7 9 0 0 0 13 15 -999 -999 -999 
P4293 2037 3 14 14 27 54 56 0 0 52 37 20 0 0 0 0 0 6 17 21 20 22 20 58 61 87 44 100 60 44 46 14 0 
P4293 2037 4 0 0 0 0 0 0 0 0 0 0 6 0 41 42 28 0 18 17 11 12 9 0 41 45 44 42 38 0 18 10 -999 
P4293 2037 5 12 0 18 24 29 46 0 0 14 0 0 0 0 0 0 6 0 0 0 0 10 0 0 8 0 0 0 10 14 0 0 
P4293 2037 6 0 21 0 0 0 0 0 22 0 0 0 0 0 0 0 0 0 0 0 0 11 0 0 11 0 0 0 0 0 0 -999 
P4293 2037 7 0 0 0 0 0 0 11 0 0 0 0 0 15 0 0 0 0 0 0 0 0 0 0 0 0 0 0 0 0 0 0 
P4293 2037 8 0 0 0 0 0 0 0 0 0 0 0 0 0 0 0 11 0 0 15 0 0 0 0 0 0 0 5 0 0 0 0 
P4293 2037 9 0 0 0 0 0 0 0 0 0 0 0 0 0 0 0 0 0 0 0 0 0 0 0 0 0 19 0 0 10 0 -999 
P4293 2037 10 0 12 0 0 0 0 12 0 0 0 9 0 0 0 0 0 0 0 0 0 0 10 16 0 0 0 0 0 0 4 12 
P4293 2037 11 28 36 0 0 0 0 11 0 11 0 0 0 0 0 13 28 34 14 0 3 0 0 0 0 0 20 23 0 24 21 -999 
P4293 2037 12 14 15 56 72 86 120 71 0 0 0 0 39 13 0 0 0 0 0 0 32 12 8 12 12 0 0 0 0 0 0 0 
P4293 2038 1 0 0 0 0 0 0 2 0 0 0 0 64 49 0 0 28 0 19 8 0 0 0 7 9 7 0 19 12 0 0 0 
P4293 2038 2 0 0 0 0 23 33 17 14 11 8 3 0 3 0 3 0 0 0 0 0 0 0 0 10 34 32 0 7 -999 -999 -999 
P4293 2038 3 0 0 0 0 25 0 21 17 10 0 11 20 21 24 29 35 0 30 0 0 23 22 0 0 15 0 44 0 18 0 0 
P4293 2038 4 8 0 37 42 0 0 16 33 25 0 0 0 0 0 0 21 27 13 0 0 0 50 15 0 0 0 0 0 0 0 -999 
P4293 2038 5 30 9 0 0 0 0 0 9 11 18 0 0 0 0 21 0 20 13 10 0 0 7 0 0 0 0 12 0 0 0 0 
P4293 2038 6 0 0 9 0 0 0 0 0 0 0 0 21 10 0 0 0 0 0 0 0 0 0 0 0 0 0 0 0 0 0 -999 
P4293 2038 7 0 0 16 0 0 0 0 0 0 0 0 0 0 0 0 0 0 0 0 0 8 12 0 0 6 0 0 0 0 0 0 
P4293 2038 8 0 0 0 0 0 0 0 0 0 0 0 0 0 0 0 0 23 0 0 0 9 0 0 0 0 0 10 0 0 0 0 
P4293 2038 9 12 17 17 0 0 0 0 0 0 0 8 0 0 0 0 0 0 0 0 0 0 0 0 0 0 0 0 0 0 0 -999 
P4293 2038 10 0 0 0 8 8 0 0 0 0 10 11 0 0 9 0 0 0 0 0 0 0 0 0 0 30 0 0 25 18 14 16 
P4293 2038 11 0 13 0 0 50 0 42 20 0 14 0 70 0 0 0 34 19 23 34 18 0 0 0 16 12 0 35 50 65 34 -999 
P4293 2038 12 14 11 0 0 0 0 0 0 14 12 0 0 0 0 3 0 0 0 0 0 0 0 14 19 35 0 19 25 0 56 43 
P4293 2039 1 0 24 36 30 74 0 15 0 0 0 0 0 0 31 25 52 0 43 102 91 0 27 21 35 92 140 124 97 24 15 0 
P4293 2039 2 0 0 0 0 0 0 0 0 0 0 15 2 6 19 0 0 18 0 0 0 43 64 63 39 20 45 40 22 -999 -999 -999 
P4293 2039 3 0 0 6 0 32 26 0 0 12 0 21 23 38 0 0 23 28 0 0 0 50 28 0 0 8 16 11 0 4 0 0 
P4293 2039 4 3 0 0 0 0 0 12 0 0 0 0 8 0 0 0 0 0 0 0 0 0 0 0 0 0 0 0 0 0 0 -999 
P4293 2039 5 41 0 0 21 0 0 0 0 0 56 50 0 9 0 0 0 24 0 0 17 23 0 14 17 0 0 0 0 0 0 0 
P4293 2039 6 15 16 18 16 0 12 0 29 39 26 14 0 8 0 0 0 29 33 0 0 0 0 0 0 0 0 0 0 0 0 -999 
P4293 2039 7 0 0 0 0 0 0 0 0 0 0 0 0 0 0 0 19 12 0 0 0 0 0 0 0 0 0 0 0 0 0 0 
P4293 2039 8 0 0 0 0 0 0 0 0 0 0 0 0 0 0 0 0 0 0 0 0 0 0 0 0 0 0 0 0 0 0 0 
P4293 2039 9 0 0 0 0 0 13 15 0 0 18 0 0 0 0 0 0 0 0 22 13 0 0 0 12 0 0 0 17 0 0 -999 
P4293 2039 10 29 15 0 0 5 0 0 0 0 22 17 0 8 7 0 0 10 0 26 54 47 0 39 0 0 0 0 0 30 0 0 
P4293 2039 11 47 0 10 0 4 0 0 0 0 0 0 0 0 0 0 24 13 0 0 0 0 9 0 0 0 16 0 41 41 0 -999 
P4293 2039 12 33 0 5 0 0 0 0 0 0 0 5 0 0 22 34 26 53 135 51 0 0 0 0 0 0 0 0 0 10 0 0 
P4293 2040 1 0 0 0 0 0 0 0 0 0 0 0 11 0 0 10 0 21 0 13 41 12 0 6 14 3 0 6 6 15 21 60 
P4293 2040 2 38 13 40 50 58 0 0 0 0 0 21 27 22 0 96 80 46 0 92 99 37 28 45 0 32 30 0 0 -999 -999 -999 
P4293 2040 3 24 0 0 36 27 7 0 0 22 27 0 4 5 4 0 11 0 0 11 0 2 0 5 11 0 6 0 9 0 0 0 
P4293 2040 4 26 0 30 32 45 44 0 0 15 13 13 0 10 28 41 22 14 0 3 0 0 0 8 0 19 28 17 0 0 0 -999 
P4293 2040 5 8 0 0 0 0 38 24 0 0 0 14 0 0 0 0 0 11 0 0 0 0 0 0 0 0 15 0 0 5 0 0 
P4293 2040 6 0 0 0 0 19 0 0 0 0 29 23 17 24 18 0 13 0 0 0 0 20 0 7 0 0 0 0 0 0 0 -999 
P4293 2040 7 0 0 0 9 0 0 0 0 0 0 0 0 0 0 0 0 0 0 0 0 22 23 0 0 0 16 0 0 0 0 0 
P4293 2040 8 0 0 0 0 0 0 0 0 0 0 0 0 0 0 0 0 0 0 0 0 0 0 0 20 0 0 0 14 0 0 0 
P4293 2040 9 0 0 0 0 0 0 12 11 0 0 0 0 21 20 0 29 0 0 0 18 18 16 13 8 0 0 0 5 0 0 -999 
P4293 2040 10 0 0 0 0 0 0 0 0 34 29 0 19 0 13 0 25 50 94 35 0 10 0 0 22 0 0 0 0 0 0 0 
P4293 2040 11 0 0 0 0 7 10 14 0 23 0 14 12 26 71 53 90 53 18 0 5 3 0 0 20 0 0 18 26 20 0 -999 
P4293 2040 12 0 0 0 0 8 0 0 0 0 0 7 0 0 0 0 0 0 0 0 0 7 0 3 0 0 0 0 0 0 0 0 
P4293 2041 1 0 0 0 0 16 18 12 0 0 8 7 0 3 2 9 0 0 9 0 2 0 0 28 68 42 28 67 43 0 38 48 
P4293 2041 2 0 0 6 5 0 0 0 19 34 0 29 0 21 23 45 0 35 14 0 0 18 0 0 0 0 0 0 2 -999 -999 -999 
P4293 2041 3 0 5 8 0 0 0 0 0 25 20 0 9 0 0 0 0 0 0 0 0 0 0 0 5 0 0 0 0 0 0 0 
P4293 2041 4 0 0 0 0 0 0 0 0 0 0 19 23 0 0 17 0 0 0 0 0 0 0 0 3 0 2 0 0 0 0 -999 
P4293 2041 5 10 0 25 0 0 39 29 18 0 0 0 26 17 10 8 0 25 33 0 0 0 0 0 0 0 0 0 0 3 0 0 
P4293 2041 6 0 0 0 0 0 0 0 0 0 23 25 0 17 0 0 0 0 15 0 0 0 0 0 0 0 0 0 19 0 0 -999 
P4293 2041 7 0 0 0 0 12 12 0 0 0 0 0 0 0 0 0 0 0 0 0 7 8 0 0 0 0 0 0 0 0 0 0 
P4293 2041 8 0 0 0 0 0 0 18 0 0 15 0 0 0 0 0 0 0 0 0 0 0 0 0 0 0 0 4 0 0 0 0 
P4293 2041 9 0 0 0 0 16 11 10 17 14 0 0 0 0 0 0 0 0 0 0 0 0 0 0 0 0 0 0 0 0 0 -999 
P4293 2041 10 0 0 0 0 0 0 0 0 7 0 0 0 0 10 8 0 0 0 0 8 0 0 20 0 0 0 0 12 0 0 26 
P4293 2041 11 50 93 0 0 0 0 0 0 0 0 1 0 5 0 0 12 11 0 16 11 24 0 5 24 0 35 20 0 11 15 -999 
P4293 2041 12 29 48 76 44 18 0 0 21 0 0 0 0 0 0 6 0 0 0 0 8 14 0 0 0 0 0 17 36 0 27 0 
P4293 2042 1 22 34 47 48 22 0 0 0 14 20 21 0 0 0 0 0 0 25 45 0 4 0 0 0 24 0 0 42 10 5 0 
P4293 2042 2 0 4 0 0 0 0 2 0 0 9 0 10 0 5 0 0 0 4 0 0 0 0 0 33 12 0 0 13 -999 -999 -999 
P4293 2042 3 9 0 0 10 0 0 0 10 0 13 0 9 0 10 0 0 12 32 29 33 38 32 35 36 0 36 0 23 0 13 8 
P4293 2042 4 0 0 5 0 0 13 17 0 0 0 0 0 5 0 0 44 46 47 19 20 0 0 0 0 0 0 8 9 20 0 -999 
P4293 2042 5 36 44 50 45 26 0 0 0 0 33 34 31 57 0 0 0 13 0 0 0 0 0 0 0 0 6 9 9 0 0 0 
P4293 2042 6 0 0 0 24 32 25 20 24 0 0 10 12 0 0 0 23 0 0 0 0 0 0 0 0 0 0 0 0 6 0 -999 
P4293 2042 7 0 0 0 0 0 0 0 0 0 0 8 0 0 0 0 0 0 0 0 0 0 0 0 0 0 0 0 0 0 0 0 
P4293 2042 8 0 0 0 0 0 0 0 0 11 0 0 0 0 0 0 0 0 0 0 0 0 0 0 0 0 0 0 0 0 0 0 
P4293 2042 9 0 22 0 0 0 0 0 0 0 0 0 0 0 8 0 0 0 0 0 0 2 0 0 0 0 0 0 0 0 0 -999 
P4293 2042 10 0 0 0 0 0 0 0 0 0 10 0 0 0 0 0 0 0 0 10 0 0 12 20 0 0 0 0 0 5 5 0 
P4293 2042 11 9 0 0 0 21 22 0 12 15 17 19 34 0 0 0 0 0 9 0 0 0 0 0 13 12 0 29 0 23 0 -999 
P4293 2042 12 11 14 0 0 60 17 16 21 13 0 26 0 22 12 11 10 10 0 0 40 16 27 0 0 0 6 23 27 0 48 0 
P4293 2043 1 10 5 0 0 0 0 0 5 0 0 0 42 17 33 65 54 57 40 11 5 4 0 0 0 0 0 0 0 0 0 0 
P4293 2043 2 0 0 0 0 0 0 4 0 26 39 28 10 0 11 34 0 0 0 0 0 0 0 16 12 0 15 0 15 -999 -999 -999 
P4293 2043 3 23 18 6 0 0 10 10 9 9 18 37 34 36 52 30 40 51 40 30 33 14 0 0 56 39 49 26 24 49 85 40 
P4293 2043 4 65 63 43 0 0 24 26 0 35 0 0 17 32 17 0 0 0 0 0 0 0 21 0 0 0 0 0 34 0 0 -999 
P4293 2043 5 20 0 0 0 0 0 0 0 0 0 22 0 0 34 0 0 47 39 40 43 26 0 0 0 0 0 0 0 0 16 0 
P4293 2043 6 0 0 25 0 0 0 0 0 0 0 0 0 0 0 0 0 0 0 0 10 0 0 0 6 0 0 0 0 0 0 -999 
P4293 2043 7 0 0 0 5 0 0 0 0 0 0 0 0 0 0 0 0 0 0 0 0 0 0 0 0 17 19 16 0 0 0 9 
P4293 2043 8 0 16 0 0 0 0 0 0 0 0 0 14 0 0 0 0 0 0 0 0 6 0 0 0 0 17 0 0 0 10 11 
P4293 2043 9 0 0 0 0 0 0 0 0 0 0 12 9 0 0 0 0 0 0 0 0 8 0 0 0 0 4 0 10 0 0 -999 
P4293 2043 10 0 5 0 0 0 0 0 0 0 0 11 0 30 29 13 0 0 0 0 27 0 16 18 0 7 4 5 0 0 21 12 
P4293 2043 11 0 0 0 0 0 83 0 0 0 0 0 0 2 0 0 0 8 0 22 0 47 55 0 16 29 44 45 30 38 25 -999 
P4293 2043 12 14 5 0 55 48 0 0 2 0 0 0 0 0 0 0 0 0 0 10 7 3 0 0 0 2 0 0 0 3 0 0 
P4293 2044 1 0 0 2 0 4 0 0 13 15 15 25 0 20 19 16 13 0 50 48 32 24 15 0 0 42 48 0 0 0 0 15 
P4293 2044 2 0 13 14 40 16 10 0 5 0 19 0 0 0 0 0 10 0 7 4 0 0 0 0 0 0 4 0 0 -999 -999 -999 
P4293 2044 3 10 13 0 0 0 0 5 0 10 0 11 0 10 0 0 0 16 0 7 0 0 0 0 0 7 12 21 0 22 19 0 
P4293 2044 4 22 0 35 20 19 0 0 0 0 23 9 12 9 7 0 0 0 0 8 0 0 0 11 0 0 0 0 0 31 0 -999 
P4293 2044 5 0 0 18 21 19 24 0 43 45 54 0 51 0 23 0 13 15 0 0 0 20 0 20 15 0 11 11 0 0 0 0 
P4293 2044 6 0 0 11 12 8 0 11 0 0 10 0 14 0 0 26 0 16 0 0 0 28 30 19 0 0 0 15 13 0 19 -999 
P4293 2044 7 0 13 12 0 0 0 0 6 0 0 0 0 0 0 0 0 0 0 0 0 5 0 10 0 0 0 0 0 0 0 0 
P4293 2044 8 0 24 0 0 0 0 0 0 0 0 0 0 0 0 0 0 0 0 0 0 0 0 0 0 16 0 0 0 0 0 0 
P4293 2044 9 0 8 0 0 0 0 0 0 0 0 0 0 0 0 0 0 0 14 0 19 0 0 0 0 0 0 0 6 5 0 -999 
P4293 2044 10 0 14 0 3 0 0 0 6 0 0 0 22 0 0 0 13 0 14 32 0 23 0 19 0 50 0 0 0 0 0 0 
P4293 2044 11 0 0 0 0 17 9 0 0 0 0 0 0 49 52 22 0 0 0 0 0 59 36 0 10 0 0 0 9 6 0 -999 
P4293 2044 12 0 0 0 0 0 10 0 4 0 0 0 0 0 0 7 0 0 32 65 109 43 0 44 18 14 0 23 0 0 0 9 
P4293 2045 1 0 0 73 15 0 0 17 45 71 56 0 0 8 0 8 0 0 0 0 0 0 0 0 0 0 0 0 7 0 0 0 
P4293 2045 2 0 14 10 8 8 0 27 9 0 15 0 67 0 11 6 0 4 0 0 0 0 27 22 0 51 91 120 119 -999 -999 -999 
P4293 2045 3 25 0 20 30 25 0 20 34 61 61 48 0 0 0 0 22 23 0 0 0 4 4 9 0 3 0 0 0 0 0 0 
P4293 2045 4 0 0 0 0 8 12 0 0 0 11 0 21 0 0 51 0 17 9 0 0 11 0 0 0 0 0 0 0 0 0 -999 
P4293 2045 5 0 0 0 43 17 0 0 0 3 0 0 13 0 0 0 0 6 0 23 0 33 0 40 36 0 0 20 0 32 25 17 
P4293 2045 6 0 16 0 0 0 0 0 0 0 0 0 0 23 0 0 18 18 0 0 0 0 18 0 0 0 0 0 14 0 0 -999 
P4293 2045 7 0 0 0 0 0 0 0 0 0 0 0 0 0 0 0 0 0 0 0 0 0 0 0 0 13 0 0 0 0 0 0 
P4293 2045 8 0 0 0 0 0 0 0 0 0 0 0 0 0 0 0 0 9 0 0 0 0 0 0 0 0 8 0 0 0 0 0 
P4293 2045 9 0 0 0 0 24 0 17 0 0 0 0 22 0 0 0 0 0 0 9 0 0 0 0 0 16 0 0 0 0 0 -999 
P4293 2045 10 0 0 6 0 16 0 0 14 0 13 0 8 0 0 10 0 0 0 0 17 0 0 0 0 0 0 0 0 0 0 0 
P4293 2045 11 5 0 25 0 25 0 8 0 0 0 3 0 0 0 0 0 8 0 0 11 0 0 0 0 0 11 13 0 0 0 -999 
P4293 2045 12 0 0 0 0 0 0 0 0 0 0 42 0 0 0 0 0 3 0 0 1 0 0 0 46 0 11 0 0 0 0 0 
P4293 2046 1 0 0 10 11 0 0 7 0 0 0 0 0 0 7 0 0 13 39 57 40 49 49 50 59 41 58 50 46 60 40 34 
P4293 2046 2 36 7 0 0 6 0 0 0 0 0 0 0 36 0 0 73 86 67 0 0 0 0 0 0 0 18 34 34 -999 -999 -999 
P4293 2046 3 0 0 23 0 14 0 0 0 8 0 4 3 0 3 0 0 0 0 0 0 0 6 0 18 27 40 29 21 0 21 26 
P4293 2046 4 39 19 0 22 0 18 26 0 53 53 23 0 31 47 40 40 0 0 19 17 0 0 38 29 42 0 0 0 27 0 -999 
P4293 2046 5 24 16 0 0 0 0 0 0 0 0 22 0 0 0 0 0 19 13 0 23 0 0 40 40 0 38 0 0 0 27 26 
P4293 2046 6 0 0 15 29 55 32 13 0 0 0 18 0 0 12 0 0 0 0 0 0 0 0 0 0 0 0 0 0 0 0 -999 
P4293 2046 7 0 0 0 0 0 0 0 0 0 16 0 0 0 0 0 0 0 0 0 0 7 0 0 0 0 0 0 0 0 0 0 
P4293 2046 8 0 0 0 0 0 0 0 0 0 21 0 0 0 15 0 0 0 0 0 0 0 0 0 0 0 10 0 0 0 0 0 
P4293 2046 9 0 0 0 0 0 0 0 0 0 0 0 0 0 0 10 0 0 0 0 0 0 0 0 0 0 0 0 12 16 16 -999 
P4293 2046 10 0 0 0 0 0 13 20 0 0 0 0 0 0 0 0 15 0 23 0 0 0 20 0 7 0 9 0 7 0 0 11 
P4293 2046 11 0 28 49 53 16 13 5 0 2 0 0 0 0 0 0 0 5 9 0 0 0 0 0 0 0 0 0 0 0 0 -999 
P4293 2046 12 0 0 3 0 0 3 0 0 0 0 14 0 0 10 10 13 11 0 11 0 9 0 0 0 7 14 6 0 0 0 0 
P4293 2047 1 13 18 30 44 27 24 0 10 22 28 35 0 8 0 9 0 16 17 0 0 0 13 0 0 3 0 0 21 0 0 17 
P4293 2047 2 0 0 3 7 0 0 0 0 0 0 0 15 33 27 23 0 0 0 0 0 24 19 0 0 0 0 0 0 -999 -999 -999 
P4293 2047 3 0 19 15 17 0 23 0 13 13 24 22 19 0 0 0 17 0 20 0 0 0 9 5 0 0 8 8 7 0 0 0 
P4293 2047 4 19 17 14 12 0 10 0 0 0 8 13 14 0 13 0 0 35 47 37 0 20 25 22 27 0 0 23 0 0 31 -999 
P4293 2047 5 22 27 27 20 0 35 0 0 8 0 0 0 0 43 50 28 0 0 0 0 0 25 40 0 0 9 0 0 0 0 0 
P4293 2047 6 0 0 0 0 0 0 0 0 0 0 0 0 0 9 0 0 0 0 0 0 0 0 0 0 0 0 0 0 0 0 -999 
P4293 2047 7 0 0 0 0 0 0 0 0 0 14 0 0 0 0 0 0 0 0 0 0 0 0 0 0 0 0 0 0 0 0 0 
P4293 2047 8 17 0 0 0 0 0 0 0 0 0 0 0 0 0 0 0 0 0 0 0 0 0 0 0 7 7 0 0 0 0 0 
P4293 2047 9 18 9 12 0 10 0 20 0 0 0 0 9 0 0 8 0 0 5 0 0 0 0 0 0 0 0 0 11 0 0 -999 
P4293 2047 10 0 33 24 0 0 0 0 0 26 0 7 0 0 0 0 0 0 0 0 4 0 0 0 9 14 15 19 0 14 0 0 
P4293 2047 11 0 0 4 0 0 5 0 0 7 0 8 0 0 7 0 0 0 0 16 23 0 0 0 3 0 0 0 0 22 0 -999 
P4293 2047 12 0 47 0 39 110 101 102 68 0 0 0 8 9 15 45 36 0 25 71 82 27 38 0 0 0 0 0 0 15 0 0 
P4293 2048 1 0 0 1 2 0 0 0 2 0 0 16 0 0 0 0 0 0 0 0 0 15 12 0 7 0 35 68 0 4 9 24 
P4293 2048 2 30 0 5 0 5 11 23 61 0 0 13 0 0 0 0 0 0 0 12 0 12 0 0 0 10 8 0 0 -999 -999 -999 
P4293 2048 3 4 0 0 0 0 0 0 0 2 4 6 0 9 5 0 6 12 27 30 27 21 22 22 0 0 0 0 19 24 27 22 
P4293 2048 4 14 0 8 12 0 0 52 68 29 0 12 45 57 0 25 29 48 0 77 71 0 28 0 26 16 24 23 15 18 24 -999 
P4293 2048 5 0 12 20 22 0 0 0 0 0 0 0 29 27 25 12 8 0 0 0 0 33 41 28 0 0 26 20 0 0 0 5 
P4293 2048 6 0 0 11 0 15 17 0 0 15 17 0 0 0 0 0 0 8 0 8 0 0 0 0 0 22 0 0 0 0 0 -999 
P4293 2048 7 0 0 0 13 0 21 0 12 0 0 10 0 0 0 11 0 0 11 0 0 0 0 0 0 0 0 0 0 0 0 14 
P4293 2048 8 0 0 0 0 0 0 0 19 0 0 0 0 0 0 0 0 0 0 0 0 0 0 0 0 0 0 0 0 0 0 0 
P4293 2048 9 0 0 0 0 0 0 0 0 0 0 0 14 0 10 0 0 8 0 0 0 0 0 0 0 0 0 0 0 0 0 -999 
P4293 2048 10 0 0 0 0 0 0 0 8 0 5 0 0 12 25 0 41 30 16 12 11 5 0 16 0 0 13 0 0 0 22 25 
P4293 2048 11 21 25 19 10 0 12 29 25 6 7 16 20 0 0 0 0 32 16 0 1 0 0 0 0 0 0 0 34 104 96 -999 
P4293 2048 12 42 31 44 18 0 0 0 0 0 0 0 0 0 19 0 0 10 25 43 121 56 9 0 0 0 0 0 0 0 0 0 
P4293 2049 1 13 33 47 16 17 17 9 0 4 7 11 8 0 0 0 0 0 0 0 0 0 0 0 0 0 0 0 0 0 0 0 
P4293 2049 2 0 0 0 0 9 20 37 44 23 43 47 77 108 75 49 103 78 71 58 42 72 0 0 111 69 85 58 31 -999 -999 -999 
P4293 2049 3 35 54 67 59 64 32 25 20 33 40 31 0 0 36 25 8 0 26 19 0 0 9 0 0 0 0 0 0 7 10 0 
P4293 2049 4 32 26 9 0 0 27 14 0 0 0 0 0 0 0 0 0 7 0 0 0 0 11 16 0 0 6 0 0 0 0 -999 
P4293 2049 5 0 32 24 0 0 0 14 0 0 0 3 0 0 0 13 0 14 0 23 0 0 0 0 0 0 0 0 0 0 0 0 
P4293 2049 6 0 32 12 0 0 0 11 0 0 0 0 0 0 0 0 0 9 0 0 0 0 0 0 0 0 0 0 0 0 0 -999 
P4293 2049 7 0 0 0 0 0 0 0 0 0 0 0 0 0 0 0 0 0 0 0 0 0 0 0 0 0 0 0 0 0 0 0 
P4293 2049 8 0 0 0 0 0 0 0 0 0 0 0 0 0 0 0 0 0 0 0 0 0 0 0 0 0 0 0 0 0 6 0 
P4293 2049 9 0 0 13 19 0 0 0 0 0 0 0 0 9 6 0 4 0 0 0 0 0 6 5 0 0 0 0 10 0 0 -999 
P4293 2049 10 0 0 0 6 0 0 0 0 0 0 0 0 15 0 32 55 0 0 24 12 10 0 0 24 0 0 44 0 0 0 0 
P4293 2049 11 5 22 0 20 0 20 58 96 0 0 0 0 0 8 0 9 0 0 14 0 0 0 0 11 0 7 9 20 0 13 -999 
P4293 2049 12 0 0 28 0 8 17 11 7 12 17 8 6 0 13 37 0 0 0 1 0 2 7 15 17 19 0 8 0 6 0 4 
P4293 2050 1 0 4 3 0 5 5 5 0 0 0 75 59 83 0 37 92 57 88 0 11 0 7 15 17 13 17 0 0 0 0 13 
P4293 2050 2 14 7 19 9 0 0 6 19 29 26 11 0 0 1 1 1 2 0 3 0 0 1 0 2 7 0 7 0 -999 -999 -999 
P4293 2050 3 0 0 0 0 0 0 0 0 0 0 0 18 0 16 12 0 0 16 0 26 19 16 26 0 0 0 0 14 0 0 0 
P4293 2050 4 0 0 0 0 0 18 17 0 0 0 39 71 13 0 0 17 38 0 24 35 0 52 25 23 19 0 0 0 0 30 -999 
P4293 2050 5 0 40 24 22 20 18 25 24 15 35 19 0 21 0 21 20 0 0 0 0 13 23 0 0 0 0 26 24 0 18 0 
P4293 2050 6 0 0 0 0 0 12 8 6 0 0 0 0 0 0 0 11 0 0 0 0 0 0 0 0 0 0 0 0 0 0 -999 
P4293 2050 7 0 0 0 0 0 0 0 0 0 0 0 0 0 0 0 0 0 0 13 0 0 0 0 0 0 0 0 0 0 0 0 
P4293 2050 8 0 0 0 0 0 0 0 0 0 0 0 0 0 0 0 0 0 0 0 0 0 0 0 27 0 11 0 8 0 0 0 
P4293 2050 9 0 0 0 0 0 0 4 0 0 0 0 0 0 0 0 0 13 0 0 0 0 0 0 0 0 0 0 0 0 0 -999 
P4293 2050 10 0 0 0 9 0 0 0 0 0 0 0 0 11 10 0 35 29 0 21 0 0 0 15 9 10 0 21 33 33 0 41 
P4293 2050 11 0 14 19 0 0 10 0 0 0 0 9 11 14 0 31 0 0 0 11 0 18 10 0 0 0 7 23 21 0 9 -999 
P4293 2050 12 0 0 26 15 0 0 10 12 0 38 0 0 33 0 42 0 9 25 18 10 7 0 0 0 0 0 0 8 7 0 0 
P4293 2051 1 10 0 11 7 0 8 0 6 12 25 22 38 83 34 0 9 6 10 10 0 8 7 6 0 0 0 15 15 0 22 31 
P4293 2051 2 36 0 0 34 0 0 12 7 0 0 0 0 0 0 0 0 22 0 21 35 0 0 47 0 26 0 39 0 -999 -999 -999 
P4293 2051 3 0 0 0 34 0 23 14 22 0 0 26 0 39 0 0 0 0 19 0 0 0 23 26 0 0 16 13 0 0 0 0 
P4293 2051 4 21 0 0 0 12 0 0 21 46 44 0 0 0 0 52 23 0 0 0 0 0 6 0 0 0 0 0 0 0 7 -999 
P4293 2051 5 8 0 18 15 12 0 0 0 21 10 0 6 0 17 0 20 19 0 0 25 0 15 14 0 0 0 0 0 0 0 0 
P4293 2051 6 0 23 0 0 0 0 0 17 0 42 0 0 0 7 9 0 23 0 16 0 0 0 0 0 0 0 0 0 0 0 -999 
P4293 2051 7 0 0 0 0 0 0 0 0 0 0 0 0 0 0 0 0 0 0 0 0 0 0 0 0 0 0 0 0 0 0 0 
P4293 2051 8 0 0 0 0 0 0 0 0 7 0 0 0 0 0 0 0 14 0 0 0 0 0 13 0 0 0 0 0 0 0 0 
P4293 2051 9 0 0 0 0 0 0 0 0 16 0 0 19 0 0 0 0 0 0 0 0 0 0 0 0 18 6 0 0 0 0 -999 
P4293 2051 10 0 0 0 3 0 20 0 0 0 0 14 0 0 15 29 0 0 0 0 0 0 6 0 0 0 0 22 41 43 25 0 
P4293 2051 11 0 6 0 30 30 0 1 0 0 0 5 0 42 36 22 9 0 21 0 0 18 28 46 29 0 22 0 0 0 25 -999 
P4293 2051 12 6 0 0 0 14 45 61 38 19 0 11 17 14 17 22 26 22 0 29 0 0 20 0 8 5 5 0 0 0 0 0 
P4293 2052 1 0 0 11 11 10 4 0 0 0 0 0 0 0 4 0 3 0 0 0 0 0 0 7 10 8 0 0 5 0 0 0 
P4293 2052 2 0 0 0 0 0 0 0 0 0 0 0 8 7 11 18 0 0 26 0 0 0 0 8 13 0 23 0 4 -999 -999 -999 
P4293 2052 3 0 0 0 0 0 0 38 32 0 0 7 0 18 0 0 22 0 0 14 0 0 51 0 32 47 36 20 0 0 0 0 
P4293 2052 4 6 0 0 0 0 0 0 4 0 0 0 0 0 0 0 0 0 0 0 0 0 0 0 0 0 0 0 11 0 0 -999 
P4293 2052 5 0 0 0 9 17 35 35 27 23 0 0 0 24 0 0 14 12 0 17 0 12 0 0 0 22 0 0 0 0 23 20 
P4293 2052 6 0 0 15 19 0 12 0 0 0 15 0 36 0 0 17 29 18 0 0 0 0 0 0 23 0 11 0 0 0 13 -999 
P4293 2052 7 18 0 0 0 0 0 0 0 0 0 0 0 0 0 0 0 0 0 0 0 0 0 0 0 0 0 0 0 0 16 0 
P4293 2052 8 0 0 0 0 0 0 0 0 6 0 0 0 0 0 0 16 0 0 0 0 0 0 0 0 0 0 0 0 0 0 0 
P4293 2052 9 0 0 0 0 0 0 0 0 0 0 0 0 0 6 0 0 0 0 18 21 0 10 9 11 0 0 0 0 0 0 -999 
P4293 2052 10 0 0 0 0 0 0 17 0 12 0 0 0 17 0 0 0 0 0 0 0 0 0 0 0 0 0 0 0 0 3 0 
P4293 2052 11 0 0 0 0 0 0 0 0 0 7 0 0 0 13 0 0 10 8 0 11 16 0 10 0 28 41 73 30 26 35 -999 
P4293 2052 12 40 41 0 18 25 10 8 12 0 96 84 0 61 59 26 0 19 26 0 0 0 0 0 0 10 0 0 0 0 0 0 
P4293 2053 1 0 0 0 0 0 0 0 0 9 0 10 0 0 11 0 0 0 0 0 0 0 3 0 0 2 0 0 0 0 0 0 
P4293 2053 2 0 34 29 53 47 47 58 31 27 17 12 9 5 3 3 4 10 17 5 5 0 0 7 12 0 19 36 83 -999 -999 -999 
P4293 2053 3 0 29 16 21 32 27 6 0 0 27 28 0 16 0 25 26 42 54 37 27 23 0 11 6 0 0 4 0 20 0 29 
P4293 2053 4 30 0 11 0 0 32 47 35 0 0 0 0 12 0 0 0 8 0 0 0 18 0 0 0 8 0 0 0 12 20 -999 
P4293 2053 5 0 24 30 36 0 47 56 0 0 0 18 20 0 14 0 0 0 20 23 0 30 24 29 31 16 0 12 0 0 0 0 
P4293 2053 6 0 0 0 20 0 0 11 0 0 0 17 0 0 0 0 0 16 0 0 0 0 0 0 0 0 0 0 0 0 0 -999 
P4293 2053 7 0 0 0 0 0 19 0 0 0 0 0 0 0 0 0 0 0 0 0 0 0 0 20 0 0 0 0 0 17 16 0 
P4293 2053 8 0 0 0 0 9 0 0 24 0 0 20 0 0 0 0 0 7 0 0 0 0 0 6 0 0 0 0 0 0 0 0 
P4293 2053 9 0 0 0 0 0 0 0 0 0 0 0 0 0 0 0 0 13 0 0 0 0 0 0 17 0 0 0 0 0 0 -999 
P4293 2053 10 0 0 0 0 0 0 0 0 21 0 0 6 0 11 19 0 0 20 0 0 0 8 0 0 11 0 0 0 0 0 0 
P4293 2053 11 0 20 40 0 0 0 0 0 34 58 0 40 19 19 50 53 72 63 0 11 11 15 17 17 0 13 0 0 0 28 -999 
P4293 2053 12 0 0 0 0 0 0 0 0 0 0 0 0 0 0 14 0 10 7 5 2 4 11 0 14 35 50 29 27 43 42 39 
P4293 2054 1 0 32 67 0 43 53 0 24 48 37 0 41 53 67 0 0 0 0 0 0 0 7 0 0 0 0 17 79 66 21 21 
P4293 2054 2 0 53 58 22 5 0 0 0 0 7 0 17 0 21 12 13 0 0 0 0 0 0 3 0 0 0 0 0 -999 -999 -999 
P4293 2054 3 1 0 1 0 0 0 0 1 0 0 4 0 0 0 0 0 11 0 12 13 12 16 32 0 0 0 0 0 36 0 38 
P4293 2054 4 0 0 23 17 37 60 73 57 0 24 0 50 0 0 13 0 0 21 0 13 0 0 5 0 0 0 25 0 0 38 -999 
P4293 2054 5 28 19 18 21 13 16 0 0 0 0 0 21 0 0 0 0 0 15 0 18 0 31 0 56 57 23 14 0 18 15 0 
P4293 2054 6 0 0 0 0 0 0 15 0 0 0 0 0 11 9 0 0 0 0 0 0 0 0 0 0 0 0 0 0 0 0 -999 
P4293 2054 7 0 4 6 0 0 0 0 0 0 0 0 0 0 0 0 0 0 0 0 0 0 0 0 0 0 0 0 0 0 0 0 
P4293 2054 8 0 0 0 0 0 0 0 0 0 0 0 0 0 0 0 9 0 0 0 20 0 0 0 0 0 0 0 0 8 6 0 
P4293 2054 9 8 0 14 0 0 0 0 0 0 0 12 0 29 0 0 7 14 0 0 0 0 15 0 30 0 10 5 0 0 49 -999 
P4293 2054 10 32 18 0 28 0 0 0 0 0 0 0 0 0 23 39 0 0 0 0 0 0 0 0 29 50 0 25 0 15 0 10 
P4293 2054 11 40 0 0 0 0 9 0 0 49 68 50 0 16 0 52 43 16 22 0 64 0 0 7 0 3 4 0 10 0 0 -999 
P4293 2054 12 0 7 0 0 0 0 6 5 0 0 0 24 28 17 7 6 7 0 0 0 0 0 0 0 0 55 60 0 53 36 0 
P4293 2055 1 16 4 19 34 0 8 0 0 6 23 50 0 16 0 0 0 0 0 64 0 0 12 0 0 0 0 0 7 6 0 0 
P4293 2055 2 0 0 0 12 11 19 0 30 0 0 0 0 1 0 0 0 0 4 2 0 0 7 0 0 0 0 0 6 -999 -999 -999 
P4293 2055 3 0 0 28 40 37 31 21 0 14 0 0 17 32 0 0 0 0 0 0 8 0 0 14 26 0 22 0 20 12 0 0 
P4293 2055 4 4 0 0 9 13 0 6 0 0 0 0 15 0 3 0 0 7 0 0 0 26 33 16 11 0 0 17 0 8 0 -999 
P4293 2055 5 16 5 0 0 0 0 0 0 0 23 50 39 0 15 0 4 4 0 0 9 0 14 0 21 0 35 29 0 10 0 0 
P4293 2055 6 0 0 0 13 0 0 0 0 0 0 0 15 0 0 0 0 0 0 0 0 0 0 0 0 0 0 0 0 0 0 -999 
P4293 2055 7 0 0 0 0 0 0 0 0 0 0 0 0 0 9 0 0 0 0 0 0 0 0 0 0 0 0 0 0 0 0 0 
P4293 2055 8 0 0 0 0 0 0 0 15 0 0 0 0 0 0 0 0 0 0 0 0 0 0 9 0 0 0 0 0 0 0 0 
P4293 2055 9 0 0 0 0 0 0 0 0 0 0 0 0 0 0 0 0 0 0 0 14 0 0 0 0 9 0 0 14 0 0 -999 
P4293 2055 10 29 0 0 0 30 0 15 0 0 19 0 29 15 11 28 45 60 0 0 32 0 0 0 0 0 0 0 0 0 0 0 
P4293 2055 11 0 0 10 0 22 0 51 43 27 0 12 0 0 0 12 17 35 10 0 0 0 0 26 13 6 15 55 41 115 78 -999 
P4293 2055 12 0 0 0 0 27 19 11 18 0 0 0 0 0 0 0 0 0 0 0 0 12 12 0 3 0 0 0 0 36 35 20 
P4293 2056 1 0 0 18 35 41 47 59 0 0 58 0 0 5 0 0 0 9 11 0 0 0 0 0 0 19 26 56 0 6 0 13 
P4293 2056 2 23 41 36 0 31 41 37 0 0 34 70 63 32 66 82 0 14 32 0 0 0 63 0 28 39 0 0 0 -999 -999 -999 
P4293 2056 3 32 38 0 14 41 75 55 64 23 63 64 0 39 91 0 14 0 16 32 67 21 0 0 16 8 12 0 47 41 33 0 
P4293 2056 4 0 0 28 11 0 0 0 0 0 0 0 0 9 0 0 0 8 20 28 0 7 0 0 0 0 0 0 0 0 0 -999 
P4293 2056 5 0 0 0 0 0 0 0 0 32 26 33 27 15 0 0 0 0 9 0 0 0 0 23 0 0 0 0 0 13 0 36 
P4293 2056 6 0 0 0 16 20 0 0 0 22 0 0 0 0 0 0 0 0 0 0 0 0 0 17 0 0 10 11 0 0 0 -999 
P4293 2056 7 0 14 0 0 0 0 0 0 0 6 0 0 0 0 0 0 0 0 0 0 0 0 0 0 0 0 0 0 0 0 0 
P4293 2056 8 0 0 0 0 0 0 0 0 0 0 0 0 0 0 0 0 0 0 0 0 0 0 0 0 0 0 14 0 0 0 0 
P4293 2056 9 8 0 0 0 0 0 0 23 15 0 0 0 6 11 0 0 0 0 0 0 0 0 0 0 0 0 0 0 0 0 -999 
P4293 2056 10 0 0 0 9 0 0 0 27 0 0 0 7 0 4 16 13 0 16 0 12 0 12 23 35 61 77 32 0 10 0 0 
P4293 2056 11 19 34 0 15 0 0 0 0 0 0 29 52 21 21 52 42 0 0 0 15 0 0 2 2 0 0 0 0 0 0 -999 
P4293 2056 12 0 0 0 0 0 0 0 0 0 0 0 0 0 5 12 17 0 38 29 0 13 0 0 0 0 0 16 40 34 17 42 
P4293 2057 1 40 62 48 0 30 0 0 0 12 0 32 12 8 9 0 28 28 46 82 26 0 7 5 0 0 0 0 116 118 32 28 
P4293 2057 2 0 0 0 0 0 0 0 5 15 0 0 0 0 0 0 0 17 5 0 0 0 2 1 0 0 25 33 25 -999 -999 -999 
P4293 2057 3 19 34 30 0 0 0 0 0 0 0 0 0 0 14 39 36 36 58 57 49 26 8 0 0 0 0 14 57 0 0 22 
P4293 2057 4 30 0 30 15 12 8 0 0 0 21 24 27 0 0 39 41 38 39 0 0 0 0 0 0 0 0 0 0 0 17 -999 
P4293 2057 5 0 16 19 0 29 23 0 0 35 0 0 0 0 5 0 0 0 0 10 18 0 0 0 0 0 0 0 13 0 0 0 
P4293 2057 6 0 0 0 0 0 0 0 0 0 8 0 0 0 0 0 4 0 0 0 0 0 0 0 0 0 0 0 0 0 0 -999 
P4293 2057 7 0 0 0 0 0 0 8 0 0 0 0 0 0 0 0 0 0 0 0 0 0 0 0 0 0 15 0 0 0 0 0 
P4293 2057 8 0 12 0 17 0 0 0 0 0 12 0 0 0 0 0 0 0 0 0 0 0 16 13 0 6 0 0 0 0 0 0 
P4293 2057 9 0 0 0 0 0 0 0 0 0 0 0 0 0 0 0 9 0 0 5 0 0 0 0 20 0 24 7 0 14 15 -999 
P4293 2057 10 0 0 16 0 0 0 0 0 23 0 13 15 37 22 0 5 0 0 0 0 24 0 0 0 0 41 60 30 38 0 5 
P4293 2057 11 0 0 10 0 0 0 0 0 0 30 39 0 82 29 0 9 0 0 0 28 19 7 4 0 0 20 0 68 21 41 -999 
P4293 2057 12 49 29 64 12 0 0 0 0 0 0 0 0 0 0 1 0 8 0 26 0 27 0 0 71 40 0 0 0 0 2 0 
P4293 2058 1 0 0 8 5 0 12 19 0 24 34 14 35 72 44 83 100 43 34 19 0 0 0 0 0 0 3 44 91 71 59 37 
P4293 2058 2 0 11 0 31 57 42 23 29 24 0 12 41 0 0 0 0 5 0 0 0 0 0 0 0 11 4 0 0 -999 -999 -999 
P4293 2058 3 0 0 0 20 0 0 0 0 0 0 0 29 0 0 0 0 18 0 20 0 0 0 0 0 3 0 0 4 6 8 16 
P4293 2058 4 35 0 17 8 0 0 0 0 0 0 0 0 33 0 0 0 15 16 13 13 13 13 0 0 35 36 19 0 21 0 -999 
P4293 2058 5 20 17 0 35 0 31 25 10 7 0 0 0 0 0 0 0 0 0 0 12 0 0 0 0 0 0 0 0 0 4 0 
P4293 2058 6 0 0 9 0 8 0 0 0 0 0 0 0 0 0 0 0 0 0 0 0 18 0 0 0 0 0 0 5 0 0 -999 
P4293 2058 7 0 0 0 0 0 0 0 16 0 0 0 0 0 0 0 0 0 0 0 0 0 0 0 0 0 0 0 0 0 0 0 
P4293 2058 8 0 0 0 0 0 0 0 0 0 0 0 0 0 0 7 0 15 0 15 12 10 0 0 0 0 0 0 0 0 0 0 
P4293 2058 9 0 0 0 0 0 0 0 21 0 26 19 0 0 0 0 0 5 0 0 0 0 0 0 0 0 0 0 0 0 0 -999 
P4293 2058 10 9 0 0 45 0 21 0 0 0 0 0 0 0 0 0 10 0 0 14 22 35 0 18 18 0 8 6 6 6 0 0 
P4293 2058 11 0 0 0 0 9 0 0 0 57 0 0 0 8 0 0 0 0 0 0 0 0 0 0 4 0 0 0 0 8 0 -999 
P4293 2058 12 0 14 0 11 8 0 14 0 0 0 5 0 0 0 3 0 0 0 0 3 0 0 4 0 0 8 12 13 0 0 0 
P4293 2059 1 0 2 0 2 5 24 29 0 19 0 0 1 2 0 0 0 0 0 0 0 0 0 0 0 0 0 0 0 0 0 0 
P4293 2059 2 1 0 0 3 0 0 0 0 0 0 20 0 33 20 15 4 0 0 0 1 0 0 0 0 6 0 0 0 -999 -999 -999 
P4293 2059 3 0 0 0 0 0 0 0 0 18 0 0 0 0 0 0 0 10 22 29 0 0 0 0 0 10 20 26 30 31 41 42 
P4293 2059 4 26 0 6 0 11 0 25 50 0 50 27 41 0 23 0 22 0 0 27 0 22 0 32 75 34 0 0 0 0 0 -999 
P4293 2059 5 0 2 0 0 0 0 0 0 0 0 0 0 11 15 25 29 36 0 0 0 0 0 0 0 0 27 17 11 9 0 0 
P4293 2059 6 0 0 0 0 0 0 17 0 0 8 0 17 0 0 10 8 0 0 0 0 0 0 0 25 0 0 0 0 0 0 -999 
P4293 2059 7 0 0 0 0 13 0 0 0 0 0 0 0 0 0 10 0 0 0 0 0 0 0 0 0 0 0 0 0 9 0 0 
P4293 2059 8 0 0 0 0 0 0 0 0 0 0 0 0 0 0 0 10 0 25 0 0 0 0 0 0 29 53 10 0 19 0 0 
P4293 2059 9 0 0 0 0 0 0 0 0 0 0 9 0 6 14 0 0 0 0 0 0 0 0 12 0 0 0 0 0 0 16 -999 
P4293 2059 10 0 0 0 0 0 0 0 12 0 0 0 0 0 0 0 0 0 16 0 16 0 0 0 0 0 12 0 0 23 0 19 
P4293 2059 11 0 0 36 34 0 0 0 0 0 0 0 0 0 0 0 0 13 0 14 0 7 0 11 0 4 1 1 1 0 4 -999 
P4293 2059 12 3 0 0 15 18 35 0 13 0 0 26 21 0 0 6 0 0 1 0 3 4 5 0 15 0 47 46 0 0 0 10 
P4293 2060 1 12 0 12 18 13 0 0 0 0 0 52 56 76 47 29 25 11 7 4 0 0 0 0 0 0 0 3 0 0 0 0 
P4293 2060 2 32 0 6 0 0 0 7 10 0 2 8 23 6 9 0 0 0 0 0 0 0 0 0 0 0 0 0 23 -999 -999 -999 
P4293 2060 3 0 23 12 11 3 0 33 18 11 0 0 0 0 0 2 0 5 0 7 0 31 0 34 0 15 17 33 43 50 31 0 
P4293 2060 4 30 0 20 18 14 12 0 0 46 48 22 17 16 18 0 0 15 0 0 0 0 0 0 0 0 0 32 10 10 0 -999 
P4293 2060 5 0 0 0 35 0 24 11 0 0 0 20 0 7 0 0 0 0 0 4 0 0 0 0 0 0 0 0 0 24 22 0 
P4293 2060 6 0 0 0 0 0 0 0 0 0 0 0 0 4 0 0 0 0 0 0 24 0 0 0 0 0 0 0 0 0 0 -999 
P4293 2060 7 0 0 9 0 0 0 0 0 0 0 0 0 0 0 0 0 0 0 0 13 9 0 0 0 0 0 0 0 0 0 0 
P4293 2060 8 0 0 0 0 0 0 0 0 0 0 0 15 0 0 0 0 0 0 0 0 0 0 0 0 0 0 0 0 0 0 19 
P4293 2060 9 0 0 0 0 0 0 0 0 0 0 0 0 12 0 16 0 0 0 0 13 0 0 0 0 0 14 25 0 18 0 -999 
P4293 2060 10 10 0 0 0 0 0 5 0 0 0 4 0 0 0 0 0 5 0 0 0 0 0 0 0 0 0 0 0 0 0 0 
P4293 2060 11 0 0 0 0 25 37 26 31 0 36 0 35 22 0 0 0 57 66 79 0 16 0 0 0 16 0 0 0 0 0 -999 
P4293 2060 12 9 11 0 0 20 41 44 0 0 0 0 0 0 0 6 8 14 9 0 0 7 11 0 25 0 0 0 0 45 43 0 
P4293 2061 1 15 17 0 0 9 17 36 0 26 7 7 0 0 2 0 0 0 0 0 0 17 0 12 0 0 7 3 0 0 0 0 
P4293 2061 2 0 12 11 10 9 0 0 0 21 23 31 26 15 15 0 0 0 0 0 0 9 0 0 0 16 0 0 25 -999 -999 -999 
P4293 2061 3 0 0 0 0 0 0 0 0 0 31 0 0 0 0 22 24 33 42 0 17 0 31 30 44 70 0 0 0 4 0 19 
P4293 2061 4 0 0 59 0 19 0 16 24 0 28 24 0 0 0 8 0 14 0 0 0 0 0 0 0 0 0 0 0 0 0 -999 
P4293 2061 5 0 0 0 0 13 0 15 0 0 0 0 0 13 0 0 0 21 8 0 0 7 5 0 0 0 0 0 0 0 0 0 
P4293 2061 6 0 0 0 7 6 0 10 0 0 0 0 0 0 24 0 0 4 11 8 0 10 0 0 0 0 0 0 0 0 0 -999 
P4293 2061 7 0 0 0 0 0 6 0 0 0 0 0 0 0 0 0 7 0 0 0 0 0 0 0 0 0 0 0 0 11 0 0 
P4293 2061 8 0 0 0 0 0 0 0 0 17 0 0 0 0 0 0 0 15 0 0 0 0 0 0 0 0 0 0 0 13 0 10 
P4293 2061 9 0 0 0 0 0 0 0 0 0 0 0 0 0 0 0 0 15 18 14 0 0 0 0 0 0 0 26 9 0 18 -999 
P4293 2061 10 12 0 0 12 0 0 0 0 0 0 15 0 0 0 0 47 37 0 0 61 0 17 56 0 0 0 10 0 0 23 0 
P4293 2061 11 0 36 6 12 0 0 0 0 41 59 0 0 0 5 16 27 45 23 8 4 0 0 0 6 0 0 6 0 21 0 -999 
P4293 2061 12 4 0 0 0 0 0 0 0 0 0 0 27 11 11 15 16 18 12 0 10 21 41 0 0 0 2 0 5 8 16 0 
P4293 2062 1 0 0 0 0 0 0 0 0 3 0 3 0 0 0 6 0 4 0 7 0 0 0 4 11 16 41 45 0 0 0 0 
P4293 2062 2 0 0 0 0 0 0 0 15 17 18 26 7 0 8 0 0 0 0 0 0 0 0 25 0 34 28 0 9 -999 -999 -999 
P4293 2062 3 0 10 16 29 37 0 5 0 0 17 48 70 102 156 70 0 0 0 44 0 9 16 34 13 0 0 0 0 0 0 0 
P4293 2062 4 0 0 0 0 0 0 0 0 0 0 12 0 4 0 0 0 0 15 15 0 0 8 0 0 0 0 0 0 33 47 -999 
P4293 2062 5 17 0 0 0 0 0 0 0 0 0 15 0 0 0 0 0 13 12 0 0 0 0 7 10 0 0 15 9 9 0 0 
P4293 2062 6 0 0 20 0 21 0 10 0 0 0 0 0 0 0 0 0 0 0 0 0 0 0 0 0 0 15 0 0 0 0 -999 
P4293 2062 7 0 21 18 20 0 0 0 0 0 0 0 0 0 0 0 0 0 0 0 0 0 0 0 0 0 0 0 9 0 0 0 
P4293 2062 8 0 0 0 0 0 0 0 0 0 0 13 0 0 0 0 0 0 0 17 0 0 0 0 16 0 0 0 0 0 8 0 
P4293 2062 9 0 10 13 0 9 5 5 0 0 0 0 0 0 11 0 0 0 0 0 0 0 0 0 0 0 0 13 0 0 0 -999 
P4293 2062 10 0 11 16 42 71 66 32 0 0 15 0 13 0 9 0 0 41 0 0 0 15 0 0 0 0 9 0 0 0 0 8 
P4293 2062 11 0 0 0 0 9 0 0 0 0 0 7 0 0 0 0 0 0 29 0 0 0 12 0 0 0 21 0 0 0 5 -999 
P4293 2062 12 0 19 3 0 0 0 14 0 11 0 26 33 0 0 7 0 27 66 17 4 0 6 4 0 0 0 7 0 0 0 19 
P4293 2063 1 34 31 49 32 16 0 53 91 94 27 15 0 38 45 0 58 78 60 72 35 48 69 40 24 45 41 0 0 0 46 38 
P4293 2063 2 84 31 27 29 0 19 0 0 12 0 54 34 27 46 55 77 39 15 4 0 1 2 0 5 0 0 0 0 -999 -999 -999 
P4293 2063 3 0 0 0 0 0 0 21 17 9 11 0 40 38 44 35 0 0 0 8 7 11 16 0 27 93 0 56 0 43 0 52 
P4293 2063 4 22 8 0 21 45 0 0 0 53 26 0 7 7 17 0 0 21 11 11 12 11 0 0 0 9 16 0 0 0 30 -999 
P4293 2063 5 30 32 24 0 0 0 0 0 6 0 0 0 31 25 0 0 0 11 0 0 0 0 0 0 0 15 0 2 0 0 0 
P4293 2063 6 0 0 0 0 19 0 0 0 0 0 0 0 0 0 0 0 0 0 0 0 0 0 0 0 0 0 0 0 0 0 -999 
P4293 2063 7 0 0 0 0 0 0 0 0 0 0 0 0 0 0 0 0 0 0 0 0 0 0 0 0 0 0 0 0 0 0 0 
P4293 2063 8 0 12 0 0 0 0 0 0 24 0 0 0 0 0 0 0 0 12 0 0 0 0 0 0 0 0 0 12 0 0 0 
P4293 2063 9 0 0 0 0 0 0 0 0 0 0 0 0 0 0 17 16 12 16 24 0 0 0 0 15 0 0 16 18 0 0 -999 
P4293 2063 10 3 0 0 0 0 0 0 0 0 0 0 0 0 68 0 10 0 0 0 0 0 0 0 0 15 22 0 0 0 0 0 
P4293 2063 11 0 0 0 0 0 0 2 2 0 0 0 0 15 27 2 5 6 0 7 0 0 0 0 0 0 0 0 0 0 0 -999 
P4293 2063 12 0 2 0 0 0 0 0 0 0 0 0 10 8 0 0 7 0 0 0 5 0 0 0 0 0 0 0 0 0 0 0 
P4293 2064 1 0 0 0 4 0 0 0 0 3 3 3 3 0 5 18 36 0 0 0 0 0 0 0 0 0 0 20 14 11 21 22 
P4293 2064 2 22 33 23 0 18 0 0 9 0 3 2 0 0 0 3 2 0 1 2 0 0 0 0 4 0 0 0 7 -999 -999 -999 
P4293 2064 3 15 10 0 0 12 23 21 28 35 43 0 14 0 31 47 0 45 38 27 0 0 0 15 12 0 45 24 0 15 0 0 
P4293 2064 4 0 0 0 0 31 29 36 0 20 16 0 0 0 16 0 26 0 14 0 0 19 0 0 0 29 0 17 0 16 21 -999 
P4293 2064 5 19 0 0 0 0 0 26 21 0 11 10 11 0 0 0 0 7 0 12 15 0 0 0 18 0 0 0 0 0 0 0 
P4293 2064 6 0 0 0 0 0 0 0 0 0 0 0 0 0 0 28 0 0 0 0 0 0 0 0 0 0 0 0 0 0 0 -999 
P4293 2064 7 0 0 0 0 0 0 10 0 0 0 0 0 0 0 0 0 0 0 0 0 0 0 0 0 0 0 0 0 0 0 0 
P4293 2064 8 0 0 0 0 0 0 0 0 0 0 0 0 0 0 0 0 0 0 0 0 0 0 0 0 0 0 0 0 7 8 0 
P4293 2064 9 0 28 15 0 12 0 0 0 0 0 0 0 0 0 0 13 0 0 0 0 20 0 23 0 0 0 0 11 0 0 -999 
P4293 2064 10 0 0 0 0 0 0 0 34 0 0 7 5 0 0 0 0 0 0 0 0 0 0 0 15 0 0 0 0 5 26 12 
P4293 2064 11 0 0 0 16 0 0 0 0 2 0 0 0 0 58 37 0 0 2 5 0 9 0 0 0 0 0 0 0 0 10 -999 
P4293 2064 12 0 19 16 23 0 44 35 80 108 0 17 13 0 0 0 15 0 0 2 6 0 0 5 0 0 0 0 0 0 0 0 
P4293 2065 1 0 0 0 0 0 10 0 11 0 21 0 20 0 46 13 14 0 0 0 0 5 0 0 0 5 0 0 8 15 14 0 
P4293 2065 2 0 0 0 0 0 0 0 13 7 0 0 0 44 60 48 53 62 60 52 64 20 0 0 0 16 0 0 6 -999 -999 -999 
P4293 2065 3 0 0 0 2 0 0 0 0 0 0 4 0 0 5 6 0 0 13 9 9 7 8 11 13 27 31 24 0 0 0 7 
P4293 2065 4 8 6 0 0 0 34 0 0 0 0 0 0 0 0 0 0 0 17 0 0 0 0 0 0 0 0 0 12 0 0 -999 
P4293 2065 5 10 0 0 0 0 7 0 7 0 0 0 8 8 0 0 0 0 0 0 0 32 19 0 0 14 0 0 0 0 0 0 
P4293 2065 6 0 0 0 0 0 0 0 19 0 0 0 0 0 0 0 19 0 9 0 0 0 0 0 0 0 0 0 0 0 0 -999 
P4293 2065 7 17 0 0 0 0 9 0 0 0 0 0 0 0 0 22 0 0 0 0 0 0 0 0 0 0 0 0 0 0 0 0 
P4293 2065 8 0 0 0 0 0 0 0 0 0 0 0 0 0 0 0 0 0 0 0 0 0 0 0 0 0 0 0 0 7 10 0 
P4293 2065 9 0 0 0 0 0 8 0 0 0 0 0 0 3 0 0 0 0 0 0 6 0 0 13 0 0 19 0 9 0 0 -999 
P4293 2065 10 0 4 0 8 0 0 26 0 28 0 0 19 0 0 32 0 10 11 0 0 25 0 38 75 0 30 57 0 0 44 0 
P4293 2065 11 0 0 0 0 0 0 0 0 0 0 0 0 1 0 0 0 0 0 0 0 0 52 0 0 0 0 0 0 10 0 -999 
P4293 2065 12 13 0 0 0 5 7 0 0 0 14 25 64 29 9 7 0 18 18 34 60 43 88 70 112 101 133 91 0 0 0 0 
P4293 2066 1 0 0 0 0 0 0 0 0 23 31 55 94 0 0 0 33 0 20 62 34 0 43 0 15 0 0 6 0 0 0 12 
P4293 2066 2 17 0 0 0 14 17 0 0 36 23 31 19 13 0 0 0 6 8 0 0 0 13 8 8 64 64 0 39 -999 -999 -999 
P4293 2066 3 28 11 5 0 0 0 36 7 0 0 0 0 0 0 0 0 0 0 0 0 3 0 0 0 0 0 0 0 0 0 0 
P4293 2066 4 0 0 0 0 0 14 0 0 0 0 7 7 18 20 0 0 0 16 0 0 0 0 10 0 0 0 0 0 57 41 -999 
P4293 2066 5 0 0 0 16 0 0 0 22 24 0 10 7 0 0 5 0 3 0 0 0 9 0 0 0 0 0 7 0 0 0 0 
P4293 2066 6 6 0 0 0 0 0 0 0 0 0 0 0 0 0 19 0 0 0 0 0 0 12 0 0 0 0 0 0 0 0 -999 
P4293 2066 7 0 0 0 0 0 0 16 0 0 0 0 0 0 8 0 0 0 0 0 8 0 0 0 0 0 0 0 0 0 0 0 
P4293 2066 8 0 0 0 0 0 0 0 0 8 0 0 0 0 0 0 0 0 0 0 0 0 0 17 0 0 0 21 8 0 0 0 
P4293 2066 9 0 0 0 0 0 0 0 0 0 0 0 0 0 0 0 0 0 0 0 9 0 17 0 0 26 0 10 0 0 0 -999 
P4293 2066 10 0 18 0 8 7 0 0 0 0 0 0 5 7 8 0 0 0 0 13 0 0 0 7 0 0 0 0 0 0 0 7 
P4293 2066 11 0 0 0 15 34 0 0 23 25 13 22 24 0 0 0 0 0 0 0 0 0 0 0 0 6 0 0 6 4 0 -999 
P4293 2066 12 0 0 11 0 15 4 0 3 0 0 0 12 0 0 86 92 132 143 78 0 31 19 10 0 6 0 7 14 0 34 62 
P4293 2067 1 18 67 37 11 15 17 0 0 12 0 0 27 27 26 43 41 45 30 31 100 79 90 65 59 94 69 125 38 0 26 47 
P4293 2067 2 48 26 66 32 9 10 26 44 0 36 56 0 30 74 55 0 8 35 89 66 64 0 20 0 0 64 63 11 -999 -999 -999 
P4293 2067 3 0 0 0 0 1 0 4 6 8 13 20 20 56 19 4 0 2 3 0 10 16 0 0 16 8 0 0 0 0 0 0 
P4293 2067 4 0 9 0 0 0 0 0 0 0 0 0 0 0 22 35 27 0 19 0 17 0 0 24 28 17 12 13 0 15 0 -999 
P4293 2067 5 16 25 22 0 20 13 0 0 16 0 29 18 8 0 0 0 0 23 0 28 0 0 0 0 14 0 15 12 0 0 15 
P4293 2067 6 0 13 27 0 0 0 0 0 0 0 16 0 17 0 0 18 0 18 0 0 0 0 0 0 0 0 0 0 0 0 -999 
P4293 2067 7 0 0 0 0 0 0 0 0 0 0 0 0 0 0 0 0 0 0 0 0 0 0 0 0 0 0 0 0 0 0 0 
P4293 2067 8 0 0 0 0 0 0 0 0 0 0 0 0 0 0 0 11 0 0 0 0 0 0 0 0 0 0 0 0 10 0 0 
P4293 2067 9 0 0 9 0 0 0 0 0 0 9 0 0 12 15 0 0 0 0 0 0 0 0 0 0 0 0 0 0 0 0 -999 
P4293 2067 10 0 0 6 0 0 0 0 0 0 0 0 0 0 0 0 0 0 0 4 3 0 0 0 10 8 0 0 0 8 0 0 
P4293 2067 11 25 19 0 0 16 0 0 0 1 1 1 0 2 5 0 8 12 8 0 0 0 0 0 21 0 0 0 1 8 0 -999 
P4293 2067 12 14 14 0 0 34 0 0 0 0 0 0 0 19 0 0 4 0 0 0 0 2 0 1 0 4 0 58 41 46 9 21 
P4293 2068 1 6 3 4 10 0 57 74 0 0 0 0 6 0 0 1 2 0 0 0 0 0 0 0 0 0 30 18 11 10 0 13 
P4293 2068 2 9 0 0 3 0 31 26 0 0 0 20 0 10 0 0 0 0 0 0 0 12 17 20 0 6 11 0 0 -999 -999 -999 
P4293 2068 3 16 33 28 25 83 92 38 18 44 29 10 0 18 0 6 0 0 74 31 11 0 0 58 8 0 17 9 0 0 0 0 
P4293 2068 4 35 34 0 9 7 5 0 45 0 31 20 0 20 0 9 0 0 0 0 0 4 0 0 18 0 0 13 11 10 10 -999 
P4293 2068 5 0 15 0 0 0 23 0 0 19 0 0 0 42 33 19 21 0 19 19 0 0 13 0 0 0 0 15 19 0 0 0 
P4293 2068 6 0 0 0 0 0 0 0 0 7 4 0 0 0 0 0 0 0 0 0 0 9 0 0 0 0 0 0 0 0 0 -999 
P4293 2068 7 0 0 0 0 0 0 0 0 0 0 0 0 0 0 0 0 0 0 0 0 0 0 0 0 0 0 0 0 0 0 0 
P4293 2068 8 0 0 0 0 0 0 6 0 0 0 0 0 0 0 0 0 0 0 0 0 0 0 0 0 0 0 0 0 0 0 0 
P4293 2068 9 0 0 0 0 0 0 0 11 0 0 0 0 0 0 0 0 16 0 0 6 0 6 8 0 12 10 0 0 0 0 -999 
P4293 2068 10 0 0 0 0 0 0 0 0 10 16 0 16 8 0 13 0 0 0 0 0 16 0 0 0 0 0 0 0 0 0 10 
P4293 2068 11 8 0 0 0 0 6 0 2 1 4 0 0 0 0 0 0 0 0 0 22 22 0 0 9 0 0 0 0 0 0 -999 
P4293 2068 12 0 0 0 0 0 12 0 47 39 0 0 6 21 77 46 0 3 0 10 0 14 13 16 15 25 0 0 7 0 14 7 
P4293 2069 1 20 41 0 7 0 0 0 0 0 2 0 0 0 3 0 0 0 0 0 0 0 9 0 0 0 0 9 0 31 0 9 
P4293 2069 2 0 0 0 47 79 19 0 42 63 0 2 0 0 0 0 0 0 0 17 19 34 21 9 0 0 0 0 0 -999 -999 -999 
P4293 2069 3 32 0 24 19 0 0 0 0 8 10 18 0 9 0 1 0 3 0 2 0 0 0 0 0 0 22 28 31 31 25 44 
P4293 2069 4 0 0 21 20 18 0 0 17 19 22 0 19 13 10 8 0 20 0 20 0 13 0 12 11 29 0 0 0 5 5 -999 
P4293 2069 5 0 7 0 0 0 0 4 5 0 0 17 0 0 0 0 25 34 0 0 27 0 0 0 0 15 11 0 0 0 0 0 
P4293 2069 6 0 0 0 0 0 0 0 0 16 0 0 0 0 0 0 0 0 0 0 0 0 0 0 0 0 0 0 8 0 0 -999 
P4293 2069 7 0 21 11 7 0 0 0 0 0 11 0 0 0 0 0 0 0 0 0 0 0 0 0 7 0 0 0 16 0 0 0 
P4293 2069 8 0 0 0 0 0 0 0 0 0 0 0 0 0 0 0 0 0 0 0 0 0 0 0 0 0 0 0 0 0 0 0 
P4293 2069 9 0 0 0 0 0 0 0 0 0 0 0 0 16 0 22 17 5 0 0 0 0 0 0 0 0 0 0 0 20 0 -999 
P4293 2069 10 0 0 9 0 0 0 0 15 0 0 0 14 0 0 0 29 20 27 53 47 0 21 34 0 0 21 38 60 60 47 0 
P4293 2069 11 0 12 0 37 22 0 39 57 52 15 6 14 23 0 0 0 0 0 0 0 0 0 0 0 0 0 0 0 0 0 -999 
P4293 2069 12 0 0 0 8 0 0 10 0 0 0 0 0 0 7 8 0 9 0 0 5 0 18 24 8 0 0 0 20 36 29 0 
P4293 2070 1 0 0 25 0 12 23 56 69 73 34 37 0 0 0 0 0 0 0 0 0 0 0 10 0 4 0 0 0 0 6 0 
P4293 2070 2 15 0 0 0 0 0 0 2 7 12 0 0 9 0 7 0 0 0 9 0 18 22 0 46 0 49 63 28 -999 -999 -999 
P4293 2070 3 0 15 0 0 0 0 0 6 0 0 0 16 0 0 0 38 25 38 62 65 91 0 29 0 0 16 0 20 0 0 14 
P4293 2070 4 13 0 0 21 12 11 26 33 51 0 23 0 0 31 0 0 26 32 20 0 0 27 0 0 18 17 26 24 19 14 -999 
P4293 2070 5 0 12 26 50 41 50 28 23 22 0 0 0 0 0 0 0 0 22 0 0 0 0 0 0 0 0 0 0 0 0 0 
P4293 2070 6 0 0 0 0 0 0 0 0 0 0 0 0 5 5 0 0 0 0 0 0 0 0 0 0 7 10 0 0 0 0 -999 
P4293 2070 7 0 0 0 0 0 0 0 0 0 0 0 0 0 0 0 0 0 0 0 0 0 0 0 0 0 0 0 0 0 0 0 
P4293 2070 8 0 5 0 0 0 0 0 0 0 0 0 11 0 0 0 0 0 0 0 0 17 0 0 0 0 0 0 0 8 0 0 
P4293 2070 9 0 0 0 0 0 0 0 0 0 0 0 0 0 0 0 0 0 0 0 0 0 4 0 0 0 0 9 0 0 16 -999 
P4293 2070 10 24 0 10 0 23 0 0 0 19 0 24 23 41 23 24 22 45 78 44 0 0 0 8 0 8 0 6 0 0 0 0 
P4293 2070 11 0 0 0 0 0 0 0 0 0 0 7 0 0 0 4 0 10 10 6 7 0 19 0 0 0 2 18 46 47 17 -999 
P4293 2070 12 16 40 0 11 0 0 0 0 0 16 50 0 27 24 0 0 24 18 20 0 18 45 54 0 0 0 7 14 0 64 0 
P4293 2071 1 0 7 9 12 13 9 6 10 0 0 0 0 38 0 12 18 0 30 21 0 22 11 9 0 14 24 40 22 16 0 10 
P4293 2071 2 8 0 0 10 22 45 31 13 20 0 46 47 35 11 17 22 28 26 23 24 16 0 0 0 10 0 0 0 -999 -999 -999 
P4293 2071 3 0 9 0 0 16 16 25 23 17 21 27 19 14 26 0 16 15 19 21 0 6 0 6 0 0 0 8 0 7 0 0 
P4293 2071 4 0 58 49 33 13 0 0 1 0 0 0 14 0 0 0 0 13 13 11 0 0 40 0 28 40 30 0 0 18 0 -999 
P4293 2071 5 19 20 26 0 31 40 0 0 0 0 14 0 11 12 13 0 0 9 14 10 11 15 0 0 21 0 0 0 0 18 17 
P4293 2071 6 20 0 0 0 0 8 0 0 0 22 0 0 33 36 0 0 17 0 13 0 0 0 0 0 0 0 0 0 0 0 -999 
P4293 2071 7 0 0 0 0 0 0 0 7 0 0 0 0 0 0 0 0 11 0 0 0 0 0 0 0 0 0 0 0 0 0 0 
P4293 2071 8 0 0 0 0 0 0 0 0 0 0 0 0 0 0 0 0 0 0 0 0 0 0 0 0 0 0 0 0 0 7 9 
P4293 2071 9 0 0 0 0 0 0 0 0 0 10 12 0 0 0 0 0 0 0 0 0 0 0 0 0 0 0 18 24 21 0 -999 
P4293 2071 10 0 0 0 15 0 0 0 10 14 18 14 6 0 0 0 0 0 19 0 0 0 0 29 11 0 0 0 0 0 0 41 
P4293 2071 11 34 47 63 62 31 16 17 0 4 0 0 0 0 0 0 0 0 8 0 0 27 0 0 26 26 0 5 5 7 0 -999 
P4293 2071 12 0 14 14 20 24 71 76 72 52 99 0 83 58 47 20 27 0 44 0 16 0 0 41 79 35 78 35 0 0 0 30 
P4293 2072 1 24 0 7 0 0 15 0 0 11 0 0 0 0 0 0 0 0 0 0 20 30 0 16 0 0 44 42 0 19 10 14 
P4293 2072 2 38 30 35 18 31 0 0 0 5 3 2 0 0 0 0 0 3 9 36 29 18 0 0 0 9 0 6 2 -999 -999 -999 
P4293 2072 3 0 0 0 0 5 0 0 2 0 3 0 0 0 0 0 0 0 0 0 0 16 11 17 27 0 0 0 32 32 30 24 
P4293 2072 4 13 8 9 23 0 0 0 0 0 26 0 0 0 0 10 10 0 4 0 0 0 0 26 5 0 0 0 0 23 0 -999 
P4293 2072 5 22 0 11 7 0 0 16 0 0 0 0 0 0 0 0 15 15 20 0 0 0 0 0 11 0 0 0 0 0 0 0 
P4293 2072 6 0 10 0 0 0 28 0 0 0 0 0 23 0 0 0 0 0 0 0 0 0 0 0 0 0 0 0 0 0 0 -999 
P4293 2072 7 0 0 0 0 0 0 19 11 0 0 0 0 0 0 0 0 0 0 0 0 0 0 0 0 0 0 0 0 0 0 0 
P4293 2072 8 0 0 0 0 0 13 0 0 0 0 0 17 0 18 0 0 0 0 11 0 0 0 0 0 0 0 0 0 0 0 0 
P4293 2072 9 0 0 0 0 0 0 0 0 0 0 0 0 13 0 0 0 0 0 0 0 0 0 0 0 0 38 0 0 11 0 -999 
P4293 2072 10 0 0 0 0 0 0 0 0 0 0 0 0 0 0 0 21 0 20 0 6 0 11 0 0 0 3 0 8 3 0 0 
P4293 2072 11 0 0 0 0 8 33 0 0 0 0 0 0 19 50 0 0 0 0 14 19 10 0 0 0 13 0 31 0 0 1 -999 
P4293 2072 12 3 0 17 0 8 7 0 0 0 0 0 0 0 7 9 0 24 0 0 0 100 0 14 15 39 58 0 0 0 0 31 
P4293 2073 1 0 0 0 0 0 0 0 4 0 0 2 0 0 0 0 0 0 0 25 30 33 22 10 0 6 0 10 0 7 0 0 
P4293 2073 2 26 55 59 0 26 0 0 0 0 0 0 0 0 0 0 0 0 0 0 3 0 0 0 0 14 0 0 0 -999 -999 -999 
P4293 2073 3 65 37 0 8 12 21 0 25 35 31 0 20 26 16 17 17 0 11 14 23 36 36 11 14 30 23 63 0 115 29 12 
P4293 2073 4 0 14 0 0 18 0 0 22 13 19 25 27 34 0 0 0 7 0 0 16 0 0 22 0 63 52 30 21 9 7 -999 
P4293 2073 5 0 15 0 0 0 13 0 0 0 0 0 0 0 58 38 49 0 14 0 0 0 0 0 0 0 0 0 0 0 0 0 
P4293 2073 6 6 7 0 0 0 0 0 0 0 0 0 0 0 0 0 0 0 0 0 11 0 0 0 0 0 0 0 0 0 0 -999 
P4293 2073 7 0 0 0 14 0 0 8 0 0 0 0 0 0 0 0 13 0 0 0 10 0 0 0 0 16 15 0 0 0 0 0 
P4293 2073 8 0 0 0 0 0 0 13 0 0 0 0 0 0 0 0 35 0 0 0 15 0 0 0 0 0 0 0 0 0 0 0 
P4293 2073 9 0 0 0 0 12 0 0 11 0 0 0 0 0 0 0 0 0 0 0 0 0 0 0 25 18 0 0 0 0 0 -999 
P4293 2073 10 0 0 0 0 0 0 0 0 0 7 0 0 0 0 0 0 0 4 0 0 0 0 0 0 0 0 0 0 0 0 0 
P4293 2073 11 0 0 0 0 0 0 0 0 0 0 0 0 0 0 21 39 0 17 48 67 70 75 25 15 19 23 23 0 0 0 -999 
P4293 2073 12 0 0 0 0 0 6 0 0 0 0 5 0 14 16 0 0 0 7 0 30 16 16 0 0 23 0 0 26 74 85 190 
P4293 2074 1 125 33 32 99 116 114 0 0 40 59 38 28 21 0 7 0 0 0 0 0 0 0 0 0 4 0 7 0 0 0 0 
P4293 2074 2 0 5 0 0 0 0 0 7 0 0 18 0 24 29 0 21 39 27 16 24 8 14 15 0 15 57 73 95 -999 -999 -999 
P4293 2074 3 84 0 10 12 12 33 39 0 16 0 0 16 27 0 10 0 0 0 0 0 0 48 0 37 0 9 0 0 8 9 0 
P4293 2074 4 0 0 0 0 0 5 9 0 21 0 0 0 0 34 0 0 17 0 34 45 18 10 12 0 8 0 0 17 0 14 -999 
P4293 2074 5 0 0 0 0 0 0 0 0 14 29 36 42 33 0 31 21 0 24 18 0 0 0 0 0 0 0 0 0 0 0 0 
P4293 2074 6 0 0 0 0 0 0 0 0 13 0 19 0 8 0 6 0 0 0 0 0 0 0 0 0 9 0 0 0 9 8 -999 
P4293 2074 7 0 0 0 0 0 0 0 12 20 0 0 0 0 0 0 0 0 0 0 0 0 0 0 0 0 0 0 0 0 0 0 
P4293 2074 8 0 0 0 0 0 0 0 0 0 0 0 0 0 0 0 0 10 0 0 0 0 0 0 0 0 0 0 0 0 0 0 
P4293 2074 9 0 0 0 13 0 0 14 12 0 0 0 0 0 0 0 0 0 0 0 0 7 0 0 0 5 3 0 0 0 0 -999 
P4293 2074 10 0 0 0 0 0 12 0 0 0 0 0 0 0 6 0 0 0 0 0 19 0 25 38 0 0 0 0 0 0 16 0 
P4293 2074 11 0 0 0 0 0 0 0 12 0 0 0 0 0 0 18 11 0 0 0 44 25 0 9 0 0 11 0 0 9 0 -999 
P4293 2074 12 0 0 0 0 0 0 0 0 0 11 0 46 41 16 12 0 0 0 6 7 0 3 2 0 0 0 0 6 0 33 0 
P4293 2075 1 4 0 0 0 0 0 0 0 0 16 18 20 16 0 0 27 0 9 0 0 0 0 0 0 7 0 0 0 0 0 2 
P4293 2075 2 0 0 0 28 32 48 48 58 93 41 66 97 99 21 9 0 0 0 0 0 20 0 0 0 50 18 0 8 -999 -999 -999 
P4293 2075 3 11 29 25 13 0 18 0 2 3 7 11 6 0 0 0 7 14 23 0 0 17 30 27 39 50 28 15 0 0 0 0 
P4293 2075 4 0 0 30 22 22 47 79 104 98 36 14 8 11 8 6 5 10 0 0 48 0 25 0 6 0 17 0 0 0 0 -999 
P4293 2075 5 14 0 32 0 0 0 0 12 0 0 0 0 0 4 0 0 0 0 0 0 0 0 17 0 0 0 0 0 0 0 0 
P4293 2075 6 0 0 0 21 0 0 0 0 0 0 0 0 0 0 0 0 0 11 0 0 8 10 0 0 0 0 0 0 0 0 -999 
P4293 2075 7 0 0 0 0 0 0 0 0 0 0 0 0 0 0 0 0 0 0 0 0 0 0 0 0 0 0 0 0 4 0 0 
P4293 2075 8 0 0 0 0 0 0 0 10 0 0 0 0 11 0 0 9 9 0 0 0 0 0 0 0 10 0 0 0 0 0 0 
P4293 2075 9 0 0 0 0 0 0 0 0 9 0 0 0 15 0 0 0 0 0 0 0 0 0 0 0 14 0 0 10 0 0 -999 
P4293 2075 10 0 22 24 0 22 0 24 53 0 0 14 0 0 0 0 0 0 12 0 0 0 0 0 0 0 0 0 0 0 36 0 
P4293 2075 11 0 9 0 0 0 0 41 0 0 0 10 0 0 31 69 0 14 19 0 0 24 35 27 20 7 0 0 0 0 0 -999 
P4293 2075 12 7 0 37 36 25 0 0 0 33 13 13 0 0 0 29 17 0 0 0 0 0 0 0 0 0 0 0 0 0 0 0 
P4293 2076 1 0 0 0 4 0 7 0 0 5 5 3 4 0 0 0 0 0 0 0 1 0 3 0 0 0 0 0 0 0 0 17 
P4293 2076 2 42 0 0 0 2 0 0 0 4 0 0 0 0 0 5 0 0 0 8 0 22 0 4 5 0 4 0 0 -999 -999 -999 
P4293 2076 3 16 16 0 0 0 0 27 33 0 36 34 20 5 0 0 8 7 0 9 0 13 20 0 20 0 0 0 9 4 0 0 
P4293 2076 4 0 9 0 0 0 0 0 0 12 15 0 20 37 22 0 39 24 0 0 0 0 0 0 17 16 0 23 14 0 0 -999 
P4293 2076 5 0 0 0 17 0 0 13 0 0 5 0 0 15 35 0 19 19 0 0 0 0 0 7 21 0 0 0 0 0 0 0 
P4293 2076 6 0 15 0 0 0 0 0 0 0 0 0 0 0 0 0 0 0 0 0 0 0 0 0 12 0 0 0 5 0 0 -999 
P4293 2076 7 0 0 0 0 0 0 0 0 0 0 0 0 0 0 0 0 0 0 0 0 0 0 0 0 0 0 0 0 0 0 0 
P4293 2076 8 0 0 0 0 0 0 0 0 0 0 13 11 0 0 0 0 0 0 0 0 0 0 0 0 0 0 0 0 0 0 21 
P4293 2076 9 24 0 0 0 7 0 0 0 0 0 0 0 0 0 0 0 0 0 0 0 0 0 0 10 0 0 0 0 0 0 -999 
P4293 2076 10 0 9 0 0 0 0 0 0 0 0 0 0 0 0 0 0 0 0 0 0 0 0 0 12 0 0 0 43 0 0 5 
P4293 2076 11 0 0 0 0 0 0 0 0 0 0 0 21 20 0 11 12 15 15 17 0 23 33 32 0 0 0 24 51 0 19 -999 
P4293 2076 12 16 6 0 0 0 0 0 0 0 38 40 46 0 9 8 17 0 0 0 0 0 0 3 0 5 0 16 23 0 0 0 
P4293 2077 1 0 0 0 0 0 0 0 0 0 5 0 0 0 0 0 0 0 0 0 0 0 5 0 5 0 0 0 0 3 4 12 
P4293 2077 2 14 15 21 33 21 13 30 26 20 37 17 0 0 0 0 30 45 57 85 40 24 0 0 0 25 22 0 7 -999 -999 -999 
P4293 2077 3 0 8 11 14 0 41 56 53 20 26 21 24 14 9 9 10 0 14 33 24 30 0 44 39 19 13 8 0 0 0 0 
P4293 2077 4 0 18 0 0 0 3 0 0 8 0 8 0 0 13 0 0 20 23 21 18 11 0 0 0 0 0 40 17 0 0 -999 
P4293 2077 5 0 0 25 12 0 0 0 0 0 35 0 0 5 0 0 0 0 0 11 0 18 0 9 0 0 0 0 0 22 12 0 
P4293 2077 6 0 27 29 24 0 0 19 0 0 0 0 0 0 0 18 12 0 0 6 4 0 0 0 0 0 0 0 0 0 0 -999 
P4293 2077 7 0 0 0 0 0 0 0 0 0 0 0 0 0 0 0 0 0 0 0 0 0 0 0 0 0 0 0 0 0 0 0 
P4293 2077 8 0 0 0 0 0 0 0 0 0 0 0 0 0 0 0 0 0 0 0 0 0 0 0 0 0 0 0 0 0 0 0 
P4293 2077 9 16 0 0 0 0 0 0 0 0 0 0 0 0 0 0 0 0 0 0 0 0 0 18 0 0 0 0 0 0 0 -999 
P4293 2077 10 18 0 0 0 0 0 0 0 0 0 0 8 0 0 0 0 0 18 0 12 16 28 0 37 19 6 6 0 0 16 22 
P4293 2077 11 27 0 0 10 8 0 0 0 52 48 37 15 0 0 0 24 0 0 9 0 23 0 0 32 0 0 0 0 0 24 -999 
P4293 2077 12 0 44 55 0 0 41 45 81 0 22 78 0 0 0 0 0 4 6 5 0 0 0 0 0 0 0 0 17 3 0 0 
P4293 2078 1 51 89 97 88 48 69 0 0 58 0 28 0 53 0 0 40 27 0 0 0 11 0 0 7 0 6 3 0 4 4 0 
P4293 2078 2 4 6 6 3 0 0 0 0 0 0 0 0 0 3 0 0 0 7 9 0 0 0 0 14 40 70 35 23 -999 -999 -999 
P4293 2078 3 0 0 0 0 0 0 0 0 39 0 0 0 15 25 0 53 65 80 0 83 66 43 27 44 27 27 21 0 11 0 15 
P4293 2078 4 0 33 0 0 0 17 20 20 0 0 0 0 24 50 20 18 18 15 17 0 0 0 0 0 0 0 26 0 0 12 -999 
P4293 2078 5 31 0 0 26 18 0 0 16 0 0 0 0 0 0 15 0 27 0 25 10 0 0 0 0 0 0 0 0 22 5 0 
P4293 2078 6 0 0 0 22 0 0 16 0 0 0 0 0 0 0 0 0 15 0 0 0 0 0 12 9 14 0 0 0 0 0 -999 
P4293 2078 7 0 0 0 0 0 0 0 0 0 0 16 0 0 0 0 0 0 9 0 0 0 0 0 0 0 0 0 0 0 0 0 
P4293 2078 8 0 0 0 0 0 0 0 0 0 0 0 0 0 0 0 0 0 0 0 0 0 0 0 0 0 0 0 0 0 0 0 
P4293 2078 9 0 0 0 0 0 0 0 12 0 0 0 0 0 0 0 0 0 0 0 0 0 0 0 0 0 0 0 0 0 0 -999 
P4293 2078 10 4 0 0 0 0 0 0 5 0 0 0 0 0 0 0 0 0 0 0 0 0 0 0 10 0 0 3 0 12 0 0 
P4293 2078 11 0 0 0 0 0 0 0 0 0 0 0 2 0 12 13 16 0 36 25 0 9 0 0 0 0 0 5 0 0 0 -999 
P4293 2078 12 8 6 4 4 0 7 7 0 6 13 36 29 13 0 14 0 11 0 0 0 13 24 0 25 0 46 103 82 30 127 136 
P4293 2079 1 43 8 20 0 0 0 0 0 0 0 4 0 0 0 0 0 0 0 0 6 6 8 4 0 0 0 0 0 5 0 0 
P4293 2079 2 0 0 9 0 0 0 0 0 3 0 0 0 0 0 0 0 0 3 2 0 3 0 0 16 24 0 7 10 -999 -999 -999 
P4293 2079 3 0 17 0 0 18 0 6 5 0 4 0 0 0 0 0 3 0 0 0 0 0 6 0 0 7 10 0 4 0 0 0 
P4293 2079 4 0 0 19 20 24 0 0 0 15 9 0 0 13 0 0 20 15 10 0 0 0 11 0 29 0 12 0 6 0 0 -999 
P4293 2079 5 0 14 11 8 21 23 0 0 0 15 17 0 0 0 0 0 0 0 0 0 0 0 0 0 0 0 0 4 5 0 0 
P4293 2079 6 0 0 0 7 0 0 0 0 0 0 0 0 0 0 13 0 0 0 0 0 0 12 0 0 0 0 0 20 21 0 -999 
P4293 2079 7 0 5 0 0 0 0 0 0 0 0 0 0 0 0 0 0 0 0 0 0 0 0 0 0 0 0 0 0 0 0 0 
P4293 2079 8 0 0 0 0 0 0 0 0 0 0 0 0 0 0 0 0 0 0 0 0 0 0 0 0 0 0 0 0 0 0 0 
P4293 2079 9 0 0 0 0 0 0 0 0 0 0 14 18 0 0 0 0 0 0 0 0 0 0 9 12 0 0 0 0 5 0 -999 
P4293 2079 10 0 0 6 6 0 0 6 0 0 0 0 0 0 0 0 5 0 0 0 0 23 0 0 14 0 21 21 0 0 0 0 
P4293 2079 11 0 0 0 20 33 45 47 26 0 0 0 0 0 36 32 41 48 50 31 0 0 12 0 20 28 0 0 0 0 6 -999 
P4293 2079 12 10 35 50 0 0 23 10 0 0 0 1 0 0 0 0 0 0 0 0 1 0 0 0 0 0 0 6 0 0 10 0 
P4293 2080 1 0 0 5 0 0 0 0 0 0 0 0 0 0 0 0 0 0 0 0 0 0 0 0 0 0 7 11 12 26 10 0 
P4293 2080 2 0 4 6 0 21 15 20 27 50 72 77 60 63 0 8 0 14 0 49 68 72 16 0 0 0 0 8 19 -999 -999 -999 
P4293 2080 3 27 31 0 23 0 33 39 0 100 109 78 60 0 0 3 0 0 0 4 0 0 0 2 0 0 10 0 11 0 23 29 
P4293 2080 4 0 0 0 0 0 0 0 0 35 28 30 43 16 0 0 0 0 14 0 0 26 31 0 30 23 23 0 0 12 15 -999 
P4293 2080 5 0 0 0 17 0 0 18 13 0 12 0 0 0 0 0 0 17 7 18 0 0 0 0 18 0 0 0 0 0 0 0 
P4293 2080 6 20 0 12 0 38 30 0 0 0 0 0 0 0 0 0 0 16 18 0 0 21 0 0 12 0 0 0 0 0 0 -999 
P4293 2080 7 0 0 0 0 0 0 0 0 0 0 0 0 0 0 0 0 0 0 9 0 0 0 10 0 0 0 0 0 0 0 0 
P4293 2080 8 0 0 0 0 0 0 0 0 0 0 0 0 0 0 0 0 0 0 0 10 0 0 0 0 0 16 0 0 0 0 0 
P4293 2080 9 0 0 23 0 0 0 0 0 0 0 0 0 0 7 0 0 0 0 0 0 0 0 0 0 0 0 0 0 0 0 -999 
P4293 2080 10 10 23 26 35 0 47 0 0 0 0 0 0 38 0 0 19 0 0 0 0 0 0 0 0 0 0 0 0 0 3 0 
P4293 2080 11 28 28 32 22 0 31 0 0 0 0 0 0 0 0 0 0 0 14 0 9 6 0 0 6 0 0 0 0 13 21 -999 
P4293 2080 12 23 25 50 44 58 49 0 48 0 0 4 0 0 0 11 2 0 0 0 1 0 0 0 7 0 0 18 0 0 24 28 
P4293 2081 1 59 60 128 64 47 0 0 0 0 0 0 0 15 0 0 11 0 0 0 0 72 43 37 0 0 0 43 21 0 0 30 
P4293 2081 2 10 0 0 0 0 34 0 0 0 0 0 3 0 6 9 0 0 13 19 24 20 9 22 59 39 0 0 0 -999 -999 -999 
P4293 2081 3 17 15 21 47 28 21 0 0 0 0 0 0 24 26 27 15 34 80 0 62 47 74 0 39 13 0 25 0 0 36 56 
P4293 2081 4 67 0 18 0 15 0 23 18 19 0 0 0 0 0 0 28 0 0 0 0 0 0 0 33 33 0 0 36 35 50 -999 
P4293 2081 5 47 41 0 0 0 0 0 22 37 54 28 16 28 37 31 20 0 0 0 13 19 0 0 0 0 10 0 8 0 0 0 
P4293 2081 6 19 0 0 0 0 0 9 8 0 0 0 0 0 0 0 0 0 18 26 0 0 0 0 0 0 0 0 0 0 0 -999 
P4293 2081 7 0 0 0 0 0 0 0 0 0 0 0 0 0 0 7 0 0 13 0 0 0 0 8 0 0 0 0 0 0 0 0 
P4293 2081 8 0 0 7 0 0 0 0 0 0 0 0 0 0 0 0 0 0 10 0 0 11 0 0 0 0 0 0 0 0 0 0 
P4293 2081 9 0 0 0 0 0 0 0 0 0 0 0 0 5 0 0 0 0 0 18 10 0 0 9 0 0 0 0 0 0 11 -999 
P4293 2081 10 0 0 8 0 0 0 0 0 0 21 0 11 0 14 0 0 0 0 0 0 0 0 0 0 0 0 5 0 0 7 0 
P4293 2081 11 16 0 0 59 33 0 0 0 0 0 0 0 0 0 0 0 109 98 67 0 0 4 0 0 24 6 0 0 0 0 -999 
P4293 2081 12 20 17 22 16 0 74 60 56 52 36 21 63 84 0 0 31 22 19 12 0 0 8 12 0 8 15 0 9 0 0 5 
P4293 2082 1 14 0 17 0 10 10 0 0 0 15 41 24 0 0 0 12 28 45 20 0 33 75 48 32 0 47 70 0 0 0 0 
P4293 2082 2 0 0 0 0 3 1 1 1 0 1 0 0 0 17 3 0 0 0 9 0 10 7 0 0 0 33 27 29 -999 -999 -999 
P4293 2082 3 25 29 0 24 28 18 10 0 14 10 0 0 0 17 0 0 4 0 0 42 16 0 0 0 0 24 12 0 38 29 10 
P4293 2082 4 11 0 0 0 0 0 0 0 0 9 0 0 0 0 18 19 18 0 14 0 0 0 11 0 6 0 0 0 0 0 -999 
P4293 2082 5 0 0 9 0 0 0 0 0 0 0 0 0 18 0 0 0 0 0 13 0 0 0 0 0 0 0 0 0 0 0 0 
P4293 2082 6 0 0 0 0 0 0 0 0 0 0 0 0 0 0 0 0 19 0 0 0 0 0 0 0 0 0 0 0 0 12 -999 
P4293 2082 7 0 16 0 11 0 0 0 0 0 0 0 0 0 0 0 0 0 0 0 0 0 0 0 0 0 0 0 0 0 0 0 
P4293 2082 8 0 0 0 0 0 0 0 0 0 0 0 0 0 12 0 0 0 0 0 0 0 0 0 0 0 0 0 0 0 0 0 
P4293 2082 9 0 0 0 0 0 0 0 0 0 0 0 0 5 0 0 0 0 0 0 0 0 0 0 0 0 0 12 0 0 0 -999 
P4293 2082 10 0 0 0 0 0 6 0 0 0 0 0 0 0 4 0 0 0 0 0 15 0 0 40 0 0 4 0 0 0 23 14 
P4293 2082 11 39 58 55 0 0 0 0 8 8 0 0 11 13 0 0 0 107 98 0 4 0 0 0 4 2 0 0 2 0 0 -999 
P4293 2082 12 2 0 12 3 0 0 0 0 7 0 13 0 10 0 0 18 0 35 30 0 5 6 0 0 7 0 0 0 0 0 0 
P4293 2083 1 0 0 35 34 26 10 9 21 15 0 0 0 5 0 0 0 0 0 33 24 0 0 0 0 0 0 0 0 12 12 13 
P4293 2083 2 15 44 48 20 0 11 29 31 0 48 0 47 0 0 0 24 0 102 95 65 56 46 27 0 0 121 66 35 -999 -999 -999 
P4293 2083 3 29 22 17 0 0 0 0 0 0 0 0 0 0 16 18 15 0 0 0 12 0 40 67 86 83 0 78 0 0 0 9 
P4293 2083 4 0 14 12 0 0 0 36 21 0 0 0 0 0 0 0 24 22 9 0 0 0 4 0 0 0 21 0 17 0 0 -999 
P4293 2083 5 11 0 0 14 0 0 0 29 26 22 0 21 0 0 0 29 32 29 0 29 0 0 0 37 28 40 65 0 20 21 0 
P4293 2083 6 30 0 19 13 0 0 12 0 18 0 0 9 9 0 0 0 0 0 0 0 0 0 0 0 0 0 0 0 0 0 -999 
P4293 2083 7 0 0 0 0 0 0 0 0 0 0 0 0 0 0 0 0 0 0 10 0 0 0 0 0 0 8 0 0 0 0 5 
P4293 2083 8 0 0 0 0 0 0 0 0 0 0 0 0 0 0 0 0 0 0 0 0 0 0 0 0 0 11 0 0 0 0 0 
P4293 2083 9 0 0 0 0 0 5 0 0 0 0 0 0 0 0 0 0 0 0 10 0 0 0 0 0 0 0 0 0 0 0 -999 
P4293 2083 10 0 0 0 0 0 27 0 14 10 0 0 8 5 6 0 10 8 6 0 0 0 28 0 22 18 8 0 7 0 10 0 
P4293 2083 11 0 0 0 0 41 0 15 22 0 0 0 31 50 31 0 0 26 32 0 0 0 0 0 7 0 0 11 0 0 17 -999 
P4293 2083 12 38 0 17 0 22 14 34 66 101 31 17 0 0 38 0 40 16 0 0 0 0 0 4 0 22 0 5 2 4 0 9 
P4293 2084 1 11 0 0 11 0 5 9 9 0 0 7 0 0 0 0 0 16 16 12 7 0 0 0 0 21 45 0 35 0 40 38 
P4293 2084 2 15 7 6 0 0 0 21 0 38 47 0 10 0 0 0 0 0 0 0 0 3 0 0 0 0 0 46 0 -999 -999 -999 
P4293 2084 3 0 0 0 0 0 8 3 0 0 0 0 11 0 0 24 35 86 67 0 14 0 0 0 8 10 0 0 0 0 0 0 
P4293 2084 4 9 0 21 0 0 0 0 4 5 11 17 0 21 21 0 0 0 0 0 0 0 18 0 0 0 10 0 0 0 0 -999 
P4293 2084 5 12 0 0 20 20 16 29 0 0 0 0 0 0 0 0 0 0 0 0 0 0 7 0 0 0 20 0 0 0 8 0 
P4293 2084 6 0 0 0 7 0 0 0 0 10 0 0 20 0 4 0 0 0 0 0 0 0 0 0 0 0 0 0 0 0 0 -999 
P4293 2084 7 0 0 0 0 0 0 0 0 0 0 16 0 0 0 0 0 0 0 0 0 0 0 8 0 0 0 0 0 0 0 0 
P4293 2084 8 0 0 0 0 0 0 0 0 0 0 0 0 0 0 0 0 0 0 0 0 0 8 11 0 0 0 0 0 8 0 0 
P4293 2084 9 3 0 8 0 0 0 14 0 0 0 0 0 0 0 28 0 0 0 0 0 0 4 0 0 0 0 0 0 5 0 -999 
P4293 2084 10 0 0 0 0 0 0 0 0 0 0 0 0 0 0 0 0 6 0 0 0 0 0 0 0 11 0 0 0 64 70 56 
P4293 2084 11 23 23 0 0 0 0 0 55 78 0 0 0 0 0 0 9 0 9 0 5 3 0 0 1 0 3 0 21 0 0 -999 
P4293 2084 12 0 0 0 0 24 0 0 39 37 41 0 0 78 66 0 0 0 0 0 0 0 0 0 0 0 0 0 24 22 0 7 
P4293 2085 1 0 0 6 5 0 3 2 0 0 0 0 0 2 0 0 26 23 10 10 0 9 12 60 92 54 0 0 15 0 0 0 
P4293 2085 2 0 5 0 0 0 31 28 28 0 25 48 60 0 16 0 0 0 0 0 8 4 0 9 0 8 0 0 0 -999 -999 -999 
P4293 2085 3 4 4 0 0 0 6 0 0 0 54 43 62 87 40 41 47 16 0 0 0 0 0 0 0 0 0 8 8 0 0 0 
P4293 2085 4 0 0 4 0 0 0 0 0 0 0 22 47 0 49 0 41 0 0 0 0 0 0 0 0 0 9 0 8 15 23 -999 
P4293 2085 5 0 30 0 0 0 0 31 38 42 29 0 17 18 0 0 0 0 0 0 0 0 0 0 0 19 0 18 0 0 0 0 
P4293 2085 6 0 0 0 0 0 0 0 18 0 0 0 0 0 0 0 0 0 0 0 0 0 0 10 0 0 0 0 0 0 0 -999 
P4293 2085 7 0 0 0 0 0 0 0 0 0 0 0 0 0 0 0 0 12 0 0 0 0 0 0 4 0 0 4 0 0 13 0 
P4293 2085 8 0 0 0 0 0 0 0 0 0 0 7 0 0 0 0 0 0 0 0 0 0 0 0 0 0 0 0 0 0 0 0 
P4293 2085 9 0 0 0 0 23 24 19 0 12 0 0 17 0 0 0 0 6 0 0 0 0 0 0 0 0 0 0 0 0 0 -999 
P4293 2085 10 0 0 0 0 8 0 0 0 14 19 0 19 0 0 0 0 0 0 0 0 0 0 0 0 0 0 41 30 0 50 0 
P4293 2085 11 0 0 0 15 0 0 0 0 0 0 7 4 5 0 0 24 68 28 18 45 0 41 18 4 0 0 0 0 40 24 -999 
P4293 2085 12 48 53 0 12 0 48 26 0 0 0 0 13 0 0 0 11 0 0 0 0 0 14 0 0 0 0 0 0 3 0 0 
P4293 2086 1 0 0 0 10 9 8 8 0 0 0 7 0 14 42 0 0 31 85 39 38 14 0 0 0 0 11 0 0 0 0 0 
P4293 2086 2 0 17 0 0 0 18 0 56 25 0 0 24 0 0 0 18 0 0 0 0 0 0 0 6 0 0 0 6 -999 -999 -999 
P4293 2086 3 0 0 0 2 0 0 0 0 0 0 0 11 0 0 0 0 0 0 0 0 0 0 0 6 0 9 0 0 0 0 19 
P4293 2086 4 0 0 6 8 0 0 34 24 0 0 7 13 0 31 37 28 17 16 0 0 0 0 0 16 0 0 31 0 0 18 -999 
P4293 2086 5 30 0 0 43 45 0 0 19 0 5 0 14 0 0 0 12 0 0 0 7 0 0 0 0 0 0 0 0 0 0 0 
P4293 2086 6 0 0 0 0 0 0 0 0 0 0 0 0 0 0 0 0 0 23 23 0 0 0 0 0 0 14 0 0 0 0 -999 
P4293 2086 7 0 0 0 0 0 14 0 11 18 0 0 0 0 0 0 13 0 0 0 0 0 0 0 0 0 0 0 0 0 0 0 
P4293 2086 8 0 0 0 0 0 0 0 0 0 0 0 0 0 0 0 6 0 0 0 0 0 0 0 0 0 0 0 0 0 0 0 
P4293 2086 9 0 0 0 0 0 0 8 6 0 0 0 0 0 0 0 13 14 8 0 5 0 0 0 0 13 12 7 4 0 0 -999 
P4293 2086 10 0 4 0 0 0 0 0 0 0 10 0 0 16 0 6 0 0 0 0 0 6 0 0 0 0 0 0 11 9 38 0 
P4293 2086 11 0 0 35 10 0 0 13 0 10 0 20 27 0 13 16 8 0 0 25 41 46 19 0 0 11 15 7 0 0 8 -999 
P4293 2086 12 0 0 11 0 0 0 0 0 0 0 0 0 0 0 11 5 0 8 25 50 17 53 98 77 0 19 0 0 0 0 0 
P4293 2087 1 0 0 0 11 11 11 19 54 56 0 0 0 0 0 1 2 0 7 0 8 0 10 0 3 0 0 6 0 2 0 28 
P4293 2087 2 33 30 0 0 2 0 0 0 0 0 0 8 0 0 17 10 0 0 0 0 0 0 0 9 12 21 0 32 -999 -999 -999 
P4293 2087 3 53 69 51 0 15 15 0 25 20 23 30 42 0 0 11 9 0 0 0 0 0 32 0 35 0 11 0 0 14 7 9 
P4293 2087 4 0 0 10 0 0 15 7 0 0 0 15 0 5 0 0 57 0 19 0 15 0 55 35 36 41 39 17 12 7 0 -999 
P4293 2087 5 11 0 13 34 0 0 0 0 0 0 25 20 11 14 0 16 0 0 0 0 17 0 0 0 0 0 0 19 0 0 14 
P4293 2087 6 0 0 0 0 0 0 0 0 0 0 0 0 0 0 6 0 7 0 0 0 0 0 0 0 0 0 0 7 0 0 -999 
P4293 2087 7 0 0 0 0 0 0 0 0 0 0 0 0 4 0 0 0 0 0 0 0 0 0 0 0 0 0 0 0 0 0 0 
P4293 2087 8 0 0 0 0 0 0 0 0 0 0 0 0 0 0 0 0 0 0 0 0 0 8 0 0 0 0 0 0 0 0 0 
P4293 2087 9 0 0 0 0 0 0 0 0 0 0 0 0 0 0 0 0 0 0 0 0 0 0 0 0 0 0 0 0 0 0 -999 
P4293 2087 10 0 0 0 37 30 23 16 8 8 9 0 0 15 10 0 0 0 0 0 0 2 0 0 0 0 0 0 0 7 6 0 
P4293 2087 11 4 0 0 0 0 0 0 0 2 0 0 0 0 3 0 0 0 0 0 0 6 0 0 0 0 0 0 0 0 12 -999 
P4293 2087 12 11 0 14 0 0 0 0 29 21 15 5 0 0 0 0 0 0 9 14 5 0 0 53 50 17 39 37 21 0 0 19 
P4293 2088 1 0 0 0 0 0 14 6 0 0 0 0 0 0 0 0 0 3 0 0 0 0 0 0 4 8 13 19 0 0 0 0 
P4293 2088 2 0 6 0 11 0 0 58 0 80 0 8 4 0 0 0 0 0 0 26 12 15 19 0 15 19 22 28 19 -999 -999 -999 
P4293 2088 3 0 32 0 46 0 15 0 0 0 0 6 0 0 0 0 0 0 13 13 8 8 0 17 0 0 0 32 23 0 0 0 
P4293 2088 4 0 0 0 0 21 0 40 45 0 0 26 34 32 39 29 0 21 16 0 9 22 27 30 23 16 0 0 0 0 0 -999 
P4293 2088 5 0 0 17 0 28 0 24 0 0 21 0 0 0 0 26 23 0 17 0 0 7 0 0 5 0 0 0 0 0 0 0 
P4293 2088 6 0 9 0 0 0 0 5 0 0 0 0 0 0 0 0 0 0 0 0 0 0 0 0 0 0 0 0 0 0 0 -999 
P4293 2088 7 0 0 0 0 0 0 0 0 0 0 0 0 0 0 0 0 0 0 0 0 0 0 10 0 0 0 0 0 0 0 0 
P4293 2088 8 0 0 0 0 0 0 15 0 0 0 0 0 0 0 0 0 0 0 0 0 0 0 0 0 9 0 0 0 0 0 0 
P4293 2088 9 0 0 0 8 0 14 0 0 0 0 0 0 0 0 0 0 0 0 0 0 0 0 0 0 0 0 0 0 6 0 -999 
P4293 2088 10 0 0 0 11 0 0 0 0 0 0 0 0 14 0 0 0 0 0 0 0 0 20 28 26 0 54 91 48 13 0 0 
P4293 2088 11 0 0 0 0 0 0 5 0 0 13 0 23 15 0 32 0 0 99 43 13 0 11 11 0 0 0 0 0 37 14 -999 
P4293 2088 12 0 0 0 0 24 30 0 38 0 0 0 0 0 0 0 0 0 0 0 0 0 10 0 10 0 0 9 0 0 0 0 
P4293 2089 1 0 0 0 0 30 25 21 34 57 75 97 104 123 37 0 0 0 0 0 0 0 0 0 0 0 0 0 0 12 10 16 
P4293 2089 2 25 30 17 20 42 68 56 73 129 41 22 36 73 48 0 5 0 0 0 2 0 0 7 0 0 9 12 0 -999 -999 -999 
P4293 2089 3 17 24 44 49 0 20 15 16 0 18 14 8 0 35 50 0 48 35 19 15 18 0 10 0 80 67 0 29 0 37 81 
P4293 2089 4 106 82 0 0 0 0 13 0 30 4 0 2 0 0 0 0 0 7 0 20 33 0 27 0 41 47 0 25 14 0 -999 
P4293 2089 5 24 0 0 0 0 15 0 0 0 13 10 9 0 11 0 0 30 15 13 18 0 0 0 19 0 0 12 0 0 0 0 
P4293 2089 6 0 0 0 7 6 0 0 0 0 0 0 0 0 0 4 0 0 0 0 0 0 0 0 0 0 0 0 0 0 0 -999 
P4293 2089 7 0 11 0 0 0 0 0 0 0 0 15 6 0 0 0 22 0 0 0 0 0 0 0 0 0 0 0 0 20 0 0 
P4293 2089 8 5 0 0 0 16 0 0 0 0 12 0 0 0 0 0 12 11 0 0 0 0 0 0 0 0 0 0 0 0 0 0 
P4293 2089 9 0 0 0 0 0 0 0 0 0 0 0 0 0 0 0 0 0 0 0 0 0 0 0 0 0 0 0 0 0 0 -999 
P4293 2089 10 0 0 0 0 0 6 0 0 0 0 0 0 6 0 0 4 0 0 0 4 0 0 4 0 0 0 0 0 0 0 0 
P4293 2089 11 0 0 0 19 0 0 0 0 8 12 0 0 0 7 0 6 9 5 0 0 0 0 0 26 55 0 23 0 0 51 -999 
P4293 2089 12 69 0 0 0 24 28 34 62 55 48 0 0 0 0 1 0 0 4 10 23 0 0 0 0 0 0 0 0 0 0 0 
P4293 2090 1 0 2 0 6 15 3 14 13 38 37 0 15 30 37 43 20 0 4 0 0 0 0 0 0 0 0 0 0 0 0 0 
P4293 2090 2 0 2 0 19 19 39 28 0 20 35 0 0 17 12 21 10 18 0 8 0 0 9 23 0 0 34 61 58 -999 -999 -999 
P4293 2090 3 108 0 0 0 4 6 0 4 0 0 0 31 49 56 49 31 0 12 0 37 21 24 19 10 16 0 0 0 16 0 0 
P4293 2090 4 27 26 35 45 0 23 0 0 26 0 22 23 0 0 55 50 0 14 3 0 0 0 0 0 0 0 12 0 0 0 -999 
P4293 2090 5 14 0 0 0 0 0 6 0 0 0 0 0 0 0 21 0 20 0 0 0 0 0 0 0 0 0 0 0 0 0 0 
P4293 2090 6 0 0 0 6 0 0 0 16 0 0 0 5 0 0 0 0 0 0 0 0 0 0 0 0 0 0 0 0 0 0 -999 
P4293 2090 7 0 0 0 0 0 0 0 0 0 0 0 0 0 28 0 0 0 0 0 0 0 0 0 0 0 0 0 0 0 0 0 
P4293 2090 8 0 0 0 0 0 0 0 0 0 0 0 0 0 0 0 0 0 0 0 0 0 0 12 0 0 0 0 0 0 0 0 
P4293 2090 9 0 0 6 0 0 0 0 0 0 0 0 0 0 0 0 0 0 0 0 0 14 0 13 0 0 0 0 0 0 0 -999 
P4293 2090 10 0 0 11 0 0 0 0 0 0 16 26 0 16 19 20 0 19 0 0 0 0 0 0 0 0 19 0 0 42 0 32 
P4293 2090 11 19 0 0 0 0 0 19 0 0 0 47 34 0 29 0 33 0 24 0 0 3 0 16 24 0 0 28 0 0 0 -999 
P4293 2090 12 0 37 72 25 27 29 25 0 11 0 0 14 10 12 0 0 0 7 0 0 0 0 0 0 13 22 16 6 0 0 0 
P4293 2091 1 3 0 4 6 0 7 11 9 0 0 6 0 15 14 0 0 7 0 28 4 0 0 0 0 0 0 6 0 0 0 5 
P4293 2091 2 9 15 0 0 2 2 0 0 0 0 0 7 0 0 3 0 0 32 116 95 50 48 61 32 25 32 0 28 -999 -999 -999 
P4293 2091 3 26 0 0 11 0 46 30 7 0 0 0 0 0 0 7 0 0 0 0 12 5 11 0 0 0 8 17 0 0 0 0 
P4293 2091 4 0 0 0 0 0 12 0 39 0 0 0 27 33 27 18 22 30 33 40 25 19 17 0 7 0 0 0 0 0 0 -999 
P4293 2091 5 20 37 0 0 33 0 8 0 0 0 0 0 0 0 0 12 0 0 0 0 0 0 0 0 0 0 0 0 0 0 0 
P4293 2091 6 19 0 0 0 16 0 10 0 5 0 0 0 17 0 0 0 0 0 0 0 0 0 4 0 0 0 0 0 0 0 -999 
P4293 2091 7 0 0 0 0 0 0 0 0 0 0 4 0 0 0 0 0 0 0 0 0 0 5 0 0 0 0 0 0 0 0 0 
P4293 2091 8 0 0 0 0 0 0 0 0 0 7 0 0 0 0 0 0 0 0 0 0 0 0 0 25 0 0 0 0 0 0 0 
P4293 2091 9 0 0 0 0 0 0 0 0 0 5 0 16 0 0 6 0 10 13 0 0 0 0 0 0 0 0 0 0 0 12 -999 
P4293 2091 10 0 0 0 0 0 0 0 0 0 0 0 28 0 0 0 18 23 0 4 0 0 0 0 0 0 0 29 39 61 0 46 
P4293 2091 11 57 0 9 0 13 0 8 13 0 0 0 0 0 24 28 27 24 21 18 14 6 0 32 36 0 11 36 20 0 0 -999 
P4293 2091 12 0 36 0 0 10 0 0 0 0 0 0 0 0 0 0 0 0 0 0 0 0 2 6 7 7 4 0 0 0 0 0 
P4293 2092 1 0 0 0 0 0 0 8 10 0 0 0 21 24 17 23 13 30 48 0 101 62 43 0 39 31 18 44 34 48 49 32 
P4293 2092 2 0 0 47 9 0 49 67 0 0 54 36 0 14 41 46 41 0 53 28 33 33 0 0 0 0 0 0 0 -999 -999 -999 
P4293 2092 3 0 38 0 0 0 0 34 0 0 0 0 0 18 21 45 79 60 34 24 43 49 0 58 134 82 52 23 23 0 0 0 
P4293 2092 4 22 28 42 0 22 9 0 10 9 0 0 0 28 17 10 0 0 10 0 0 0 0 0 0 0 18 26 35 41 32 -999 
P4293 2092 5 0 10 0 0 9 11 16 20 20 0 0 0 7 0 0 0 58 36 15 6 0 11 0 0 0 0 0 0 0 15 23 
P4293 2092 6 0 0 13 0 0 0 0 0 0 0 0 0 0 18 0 17 0 15 0 0 0 0 0 0 0 0 0 0 0 0 -999 
P4293 2092 7 0 0 0 0 0 0 0 0 0 0 0 0 0 0 0 0 0 0 0 0 0 0 0 0 0 0 0 0 14 0 0 
P4293 2092 8 0 0 0 0 0 0 0 0 14 0 0 0 0 0 0 0 0 0 0 0 0 0 0 0 0 0 0 16 0 0 0 
P4293 2092 9 0 0 0 0 14 0 0 0 7 0 21 0 0 0 0 0 0 0 0 0 0 21 9 0 8 0 17 0 0 0 -999 
P4293 2092 10 0 0 0 0 0 11 0 11 0 0 0 45 15 0 0 0 0 0 0 0 0 0 0 0 12 0 8 0 7 0 0 
P4293 2092 11 0 0 18 33 21 0 0 12 9 0 0 36 118 90 72 0 13 15 0 18 0 12 0 0 0 37 11 0 8 0 -999 
P4293 2092 12 0 19 29 8 7 0 17 15 27 38 0 0 0 10 18 0 0 0 0 30 74 0 42 0 20 0 15 21 56 0 20 
P4293 2093 1 63 48 39 22 0 12 17 0 0 0 38 44 31 26 49 71 0 32 0 0 7 0 0 0 0 12 17 0 55 65 68 
P4293 2093 2 64 35 0 0 0 0 0 0 0 0 0 0 7 14 0 19 29 0 23 44 29 33 0 0 8 13 26 35 -999 -999 -999 
P4293 2093 3 19 0 8 0 11 17 6 10 20 30 63 42 24 18 8 0 0 9 15 0 14 15 15 9 16 33 0 0 0 12 0 
P4293 2093 4 0 0 0 0 0 0 0 0 16 0 13 5 0 0 0 0 18 17 0 9 0 0 0 24 30 0 36 32 0 0 -999 
P4293 2093 5 0 34 0 41 0 6 7 0 0 0 0 0 0 0 0 0 0 0 0 0 0 0 0 12 0 18 10 0 0 0 0 
P4293 2093 6 13 5 0 0 0 0 0 16 0 0 0 20 0 0 0 0 13 0 0 0 0 0 0 0 0 0 0 0 0 0 -999 
P4293 2093 7 0 0 9 0 0 0 0 0 0 0 0 0 0 13 0 0 0 0 0 0 0 0 0 0 0 0 0 0 0 0 0 
P4293 2093 8 0 0 0 0 0 0 0 19 0 19 0 0 0 0 0 0 0 0 0 0 0 0 0 16 12 0 0 0 0 0 0 
P4293 2093 9 0 0 0 0 0 0 0 20 0 0 0 0 0 0 17 0 0 0 0 0 0 0 0 0 0 0 10 0 0 0 -999 
P4293 2093 10 0 0 6 0 0 0 13 0 19 0 0 0 33 0 0 0 68 0 0 0 4 5 0 6 0 0 0 3 0 0 0 
P4293 2093 11 0 0 13 0 0 0 0 0 12 0 0 0 0 0 0 0 0 0 0 0 0 17 21 0 1 0 4 0 0 0 -999 
P4293 2093 12 0 0 0 0 0 0 0 0 0 0 0 4 0 0 0 1 0 0 0 6 0 0 0 0 0 2 0 0 3 0 0 
P4293 2094 1 0 0 10 7 5 5 0 9 11 0 0 0 0 0 0 0 17 38 53 42 43 92 92 116 0 0 43 88 32 52 0 
P4293 2094 2 43 34 45 72 24 9 4 0 0 0 0 0 0 0 0 0 0 0 0 0 7 0 1 1 0 0 2 0 -999 -999 -999 
P4293 2094 3 0 0 0 0 0 0 0 0 0 0 0 0 0 0 4 6 0 0 9 22 28 0 19 0 0 0 0 18 0 64 0 
P4293 2094 4 94 98 71 16 11 0 39 39 0 0 0 0 0 7 14 15 0 0 0 0 0 26 14 0 0 0 0 0 0 0 -999 
P4293 2094 5 0 0 0 0 0 0 0 0 0 0 0 0 0 0 0 0 0 0 0 0 0 0 13 0 0 0 0 0 0 0 0 
P4293 2094 6 0 0 0 0 0 0 0 0 0 0 0 23 13 0 0 0 0 0 0 0 0 0 0 0 0 0 0 0 0 0 -999 
P4293 2094 7 0 0 0 0 0 0 0 0 0 0 0 0 0 0 0 0 0 0 0 0 0 0 0 0 0 0 0 0 0 0 0 
P4293 2094 8 0 0 0 0 0 0 0 0 20 0 0 0 0 15 0 0 0 0 0 0 9 14 0 0 0 0 0 0 0 0 0 
P4293 2094 9 0 0 0 0 0 0 0 0 0 0 0 0 0 0 0 0 0 0 0 10 0 17 0 0 0 0 0 10 7 0 -999 
P4293 2094 10 0 0 0 0 0 0 0 0 0 0 10 0 18 0 0 16 20 0 25 25 34 0 40 45 28 0 0 0 0 0 0 
P4293 2094 11 10 0 2 7 0 0 0 0 0 0 19 0 0 0 23 0 0 0 0 0 0 0 31 42 21 0 0 0 0 19 -999 
P4293 2094 12 9 0 5 0 0 0 0 0 2 0 0 0 0 0 6 0 6 0 0 17 8 0 4 0 2 0 0 0 0 16 17 
P4293 2095 1 30 0 35 60 44 0 0 44 61 0 15 0 0 0 0 0 0 0 0 0 8 0 0 26 0 33 28 29 0 11 18 
P4293 2095 2 21 23 16 11 5 6 8 0 8 0 0 4 0 0 0 0 0 0 0 0 0 0 0 0 0 0 0 0 -999 -999 -999 
P4293 2095 3 0 0 0 0 0 0 0 0 0 0 8 5 0 0 0 0 0 0 0 0 0 0 0 0 0 0 20 35 42 25 24 
P4293 2095 4 34 0 87 0 15 7 5 0 0 0 24 0 0 0 29 0 0 32 0 18 0 39 34 0 0 6 5 0 0 0 -999 
P4293 2095 5 0 0 6 7 0 0 0 0 0 16 0 0 8 6 0 0 0 0 0 0 0 0 0 0 0 0 0 0 14 22 0 
P4293 2095 6 11 14 0 0 0 0 31 29 25 0 0 0 0 0 0 0 16 0 0 0 31 18 0 0 0 0 0 0 0 0 -999 
P4293 2095 7 0 0 0 0 0 0 0 0 0 0 0 0 10 0 0 0 0 0 0 0 0 0 0 0 0 0 0 0 0 0 0 
P4293 2095 8 0 0 0 0 0 0 0 0 0 0 0 0 0 0 0 0 0 0 0 0 0 0 0 0 0 10 0 0 0 0 0 
P4293 2095 9 0 9 0 0 0 0 0 0 0 0 0 0 0 0 15 0 0 0 7 0 4 0 0 0 0 0 0 0 0 0 -999 
P4293 2095 10 0 7 0 0 0 0 14 16 0 0 0 0 0 0 0 18 37 18 0 0 0 8 0 3 0 5 0 0 0 0 0 
P4293 2095 11 0 0 0 0 0 10 14 20 24 0 12 0 20 0 0 25 36 17 0 0 0 70 60 81 0 0 0 0 0 0 -999 
P4293 2095 12 0 1 0 0 0 5 0 0 62 40 0 0 12 28 59 43 0 12 11 27 26 0 7 0 50 103 0 23 0 7 0 
P4293 2096 1 49 5 0 0 0 0 0 0 0 44 28 0 9 0 43 23 10 6 3 0 0 0 1 2 0 0 0 0 0 0 0 
P4293 2096 2 13 24 27 22 12 0 0 0 0 0 7 0 8 16 34 37 9 3 0 0 0 0 0 0 0 0 0 0 -999 -999 -999 
P4293 2096 3 0 0 0 0 0 0 0 0 0 0 6 0 0 0 0 0 0 0 17 13 28 72 94 23 0 18 0 44 45 36 0 
P4293 2096 4 0 0 0 5 0 0 0 0 0 0 5 6 15 0 0 0 0 0 0 25 21 0 11 0 13 12 0 10 0 0 -999 
P4293 2096 5 0 0 0 0 0 15 0 0 0 0 0 0 0 10 0 0 0 0 0 0 0 0 0 0 0 22 0 0 0 0 12 
P4293 2096 6 0 0 19 17 0 0 24 0 0 0 0 10 0 9 0 0 0 0 8 0 0 0 0 4 0 0 0 0 0 0 -999 
P4293 2096 7 0 0 0 0 0 0 0 0 0 0 0 0 0 0 0 0 0 0 0 0 0 0 0 0 0 0 0 0 0 0 0 
P4293 2096 8 0 0 0 0 0 0 0 0 0 0 0 0 0 0 0 0 0 0 0 0 0 0 0 0 0 14 0 0 0 0 0 
P4293 2096 9 0 0 6 0 0 0 0 0 0 0 0 9 0 0 9 12 0 13 0 0 0 0 18 0 8 0 0 0 0 0 -999 
P4293 2096 10 0 0 0 10 0 0 10 0 0 0 0 0 0 6 0 0 0 0 44 38 0 27 25 0 2 0 0 0 0 0 0 
P4293 2096 11 0 0 0 5 0 0 0 0 0 0 0 0 0 0 0 0 0 0 3 4 0 0 0 10 0 0 0 0 0 3 -999 
P4293 2096 12 0 0 0 4 6 2 0 0 0 0 0 0 0 19 29 0 0 43 0 0 0 0 16 22 8 0 0 0 0 0 0 
P4293 2097 1 11 15 0 3 0 0 8 0 0 0 0 0 0 1 0 0 0 0 0 0 9 9 0 4 46 43 37 0 15 0 0 
P4293 2097 2 0 15 18 23 26 28 17 0 1 3 0 0 0 0 0 0 0 0 0 8 0 0 0 0 0 0 0 22 -999 -999 -999 
P4293 2097 3 18 0 61 0 0 26 0 0 12 0 0 1 0 0 0 0 0 0 0 0 5 0 0 0 32 0 0 8 29 6 0 
P4293 2097 4 0 0 0 6 0 0 0 0 36 24 0 34 44 0 19 0 0 14 0 30 20 0 0 51 35 0 0 0 0 0 -999 
P4293 2097 5 0 0 0 0 0 22 25 15 0 0 0 0 0 0 0 0 24 0 18 30 21 0 31 0 0 0 0 0 0 0 0 
P4293 2097 6 7 0 0 0 0 0 0 0 0 0 0 0 0 0 0 0 0 0 18 0 0 0 19 16 0 0 0 0 0 0 -999 
P4293 2097 7 0 0 0 0 0 0 0 0 0 0 0 0 0 0 9 0 0 0 0 0 0 0 0 0 0 0 0 0 0 0 0 
P4293 2097 8 0 0 0 0 0 0 0 0 0 0 0 0 0 0 0 0 0 0 0 0 0 0 0 29 0 0 0 0 11 0 0 
P4293 2097 9 0 0 0 0 0 0 11 0 0 0 0 6 0 0 14 0 0 0 0 0 0 9 0 0 0 0 0 0 0 0 -999 
P4293 2097 10 22 0 0 5 0 0 14 0 0 0 0 0 0 0 0 0 0 54 0 13 0 0 20 7 0 1 0 0 3 0 0 
P4293 2097 11 0 5 6 0 7 0 0 2 0 0 5 0 0 4 0 0 8 5 2 0 0 0 8 7 6 0 11 0 0 15 -999 
P4293 2097 12 20 0 6 0 0 0 0 0 3 0 0 0 0 0 0 0 0 0 0 0 0 0 2 3 0 0 0 0 0 19 21 
P4293 2098 1 34 0 0 22 55 26 16 0 0 0 0 0 14 0 11 0 6 0 0 27 31 24 14 22 0 0 6 0 0 0 0 
P4293 2098 2 8 0 8 0 0 0 0 0 0 33 27 30 29 10 18 9 0 0 19 11 0 0 0 0 0 0 0 0 -999 -999 -999 
P4293 2098 3 0 0 0 9 10 26 25 8 0 0 0 0 0 0 0 21 0 14 8 0 0 0 0 0 0 0 0 22 0 0 0 
P4293 2098 4 0 0 0 0 17 22 27 0 0 0 6 9 0 0 0 0 0 0 0 0 0 0 0 19 2 5 0 0 0 0 -999 
P4293 2098 5 0 0 0 0 0 0 40 31 36 40 58 55 0 17 20 0 0 0 9 19 22 21 0 0 28 22 0 3 0 7 0 
P4293 2098 6 1 0 0 0 0 0 0 0 0 14 12 0 16 0 0 0 0 0 0 0 0 0 0 0 0 0 0 0 0 0 -999 
P4293 2098 7 0 0 0 0 0 0 0 0 0 0 0 0 0 0 0 0 0 0 0 0 0 0 0 0 0 0 0 0 0 0 0 
P4293 2098 8 0 0 0 0 0 0 0 0 0 9 0 0 0 0 0 0 0 0 0 0 0 0 0 0 0 0 0 0 0 0 0 
P4293 2098 9 0 0 0 3 0 0 0 0 0 0 7 0 0 9 0 0 0 20 0 0 0 0 0 10 0 0 9 0 9 0 -999 
P4293 2098 10 0 6 0 0 0 5 0 0 0 0 0 0 0 0 0 24 34 41 0 0 0 11 12 0 0 24 0 0 6 0 27 
P4293 2098 11 7 0 0 0 0 0 7 11 10 10 10 14 0 0 23 0 13 0 35 0 0 0 17 13 0 0 1 0 0 0 -999 
P4293 2098 12 0 0 0 0 0 0 0 0 2 0 0 0 3 5 0 0 8 9 10 0 18 14 0 17 0 0 0 0 0 0 0 
P4293 2099 1 0 0 0 0 0 0 0 0 0 15 0 0 46 7 3 7 28 0 0 11 0 22 47 28 9 0 0 0 0 0 0 
P4293 2099 2 0 0 0 14 0 5 10 0 0 0 0 0 0 0 0 0 0 9 0 10 9 15 35 63 76 28 0 0 -999 -999 -999 
P4293 2099 3 44 54 59 62 0 14 13 12 12 0 0 0 12 30 33 31 0 68 103 103 32 0 27 19 10 0 20 16 0 20 0 
P4293 2099 4 31 0 0 0 10 12 14 8 0 0 0 0 0 0 0 0 0 4 0 0 0 0 23 27 34 22 0 30 20 28 -999 
P4293 2099 5 36 19 10 7 10 0 0 0 0 0 8 0 0 0 0 0 0 0 0 0 21 0 27 33 12 10 15 0 0 0 8 
P4293 2099 6 0 0 0 0 0 0 0 0 0 0 0 0 0 0 0 0 0 0 18 0 17 0 0 12 0 0 0 0 0 6 -999 
P4293 2099 7 0 0 0 0 0 0 0 0 0 0 17 0 0 0 0 0 0 0 0 0 0 0 0 0 0 0 0 0 0 0 0 
P4293 2099 8 0 0 0 11 0 0 0 0 0 0 15 0 0 0 0 0 0 0 0 0 0 0 0 0 0 0 0 0 0 0 0 
P4293 2099 9 0 0 0 0 0 0 0 0 0 0 17 16 0 8 0 0 0 0 0 8 0 0 0 0 7 0 7 0 0 0 -999 
P4293 2099 10 0 0 0 0 0 0 0 0 23 28 26 31 24 0 0 8 0 0 0 0 0 6 5 0 0 30 24 15 13 0 0 
P4293 2099 11 8 0 0 0 0 6 4 8 0 0 0 24 13 0 0 0 0 0 0 0 8 13 0 26 23 0 48 52 0 20 -999 
P4293 2099 12 6 0 6 0 0 50 0 27 16 17 0 0 0 2 3 0 6 0 6 0 15 0 0 0 58 101 112 0 50 38 10 
P4293 2100 1 0 7 0 0 0 0 0 0 0 15 43 84 96 41 0 0 0 0 0 0 0 0 0 7 5 0 0 0 0 6 8 
P4293 2100 2 11 0 37 8 0 0 0 8 15 0 23 0 0 0 0 13 0 0 29 35 0 0 0 0 0 0 0 0 -999 -999 -999 
P4293 2100 3 0 0 29 30 0 0 22 24 27 37 37 38 79 36 0 9 0 9 0 0 0 30 34 30 20 43 49 33 49 62 47 
P4293 2100 4 43 36 36 25 16 12 14 0 9 17 30 0 29 23 25 0 0 25 23 26 11 0 0 0 0 3 0 0 0 0 -999 
P4293 2100 5 0 0 0 0 0 16 0 9 0 20 9 10 15 11 7 0 0 0 0 24 0 16 27 31 0 0 0 0 0 0 0 
P4293 2100 6 0 0 0 0 12 0 0 8 0 16 0 0 0 0 0 0 10 0 15 0 0 0 0 17 0 0 0 0 0 0 -999 
P4293 2100 7 0 0 0 0 0 0 0 0 0 0 0 0 0 0 0 0 0 0 0 0 0 0 0 0 0 17 0 0 0 0 0 
P4293 2100 8 0 0 0 0 0 0 0 0 0 0 0 0 0 0 0 0 0 0 0 0 0 0 0 0 0 0 0 0 0 0 0 
P4293 2100 9 0 0 0 0 0 0 0 0 0 0 0 0 0 0 0 0 0 0 0 0 0 0 0 0 0 0 0 0 10 10 -999 
P4293 2100 10 0 0 0 0 0 0 30 29 22 22 0 35 24 0 0 0 12 0 0 0 22 41 80 0 0 0 0 6 18 0 0 
P4293 2100 11 0 0 28 0 37 60 36 23 0 47 11 30 38 55 76 68 43 0 41 29 18 32 49 52 39 14 10 0 0 0 -999 
P4293 2100 12 0 0 3 6 13 8 0 4 1 0 0 0 2 2 0 0 0 0 0 0 0 0 0 0 0 4 3 0 0 0 0 
