precip	MIROC5	RCP60	REGRESION	decimas	1
P367	36.846	-5.065	182	geo	2006	2100	-1
P367 2006 1 0 0 14 0 0 0 13 15 0 0 0 203 281 77 85 219 173 155 153 21 11 16 30 0 24 25 0 0 0 57 0 
P367 2006 2 0 115 36 0 0 0 0 0 0 0 0 34 62 87 83 33 0 0 0 65 22 21 19 13 0 5 0 0 -999 -999 -999 
P367 2006 3 78 99 136 210 201 199 171 190 103 85 146 46 0 0 0 96 0 274 157 63 97 0 41 23 45 56 47 0 81 65 143 
P367 2006 4 36 0 0 0 17 12 28 135 12 0 0 0 10 0 0 0 0 14 0 0 0 0 0 0 0 0 69 0 60 38 -999 
P367 2006 5 0 40 0 51 42 69 0 0 0 0 0 0 0 0 0 0 0 10 18 24 6 6 0 0 0 0 0 0 0 0 0 
P367 2006 6 0 0 0 0 0 0 0 0 0 12 0 0 0 0 0 0 0 0 12 0 0 0 0 0 0 0 0 0 0 0 -999 
P367 2006 7 0 0 0 0 0 0 0 0 0 0 0 0 0 0 0 0 0 0 0 0 0 0 0 0 0 0 0 0 0 0 0 
P367 2006 8 0 0 0 0 0 0 0 0 0 0 0 0 0 0 17 0 0 0 0 0 0 0 0 0 0 10 0 0 0 0 0 
P367 2006 9 0 0 20 33 0 0 0 0 0 0 0 0 0 0 0 0 0 0 0 0 0 0 0 0 0 5 0 0 0 0 -999 
P367 2006 10 0 0 0 0 0 0 0 5 0 0 50 0 24 17 0 24 14 0 0 0 0 0 0 0 0 0 0 0 16 8 0 
P367 2006 11 0 29 0 0 0 0 0 0 0 0 0 0 0 0 0 0 0 0 0 0 32 22 52 84 31 6 0 0 0 0 -999 
P367 2006 12 0 0 0 0 0 0 47 142 105 78 46 53 80 42 113 177 36 1 0 0 0 63 177 105 83 85 58 38 33 36 0 
P367 2007 1 0 30 0 0 0 0 0 0 0 0 4 0 0 10 0 0 0 6 20 0 0 0 13 15 0 27 23 0 31 36 0 
P367 2007 2 23 16 0 34 15 20 57 197 360 286 43 47 17 13 18 0 41 82 0 36 79 0 50 26 0 48 0 47 -999 -999 -999 
P367 2007 3 26 62 0 85 0 64 29 24 17 13 0 87 86 100 47 0 0 0 0 44 0 26 5 0 9 17 20 11 0 0 0 
P367 2007 4 0 0 0 0 0 26 0 4 0 0 0 0 0 22 0 11 0 0 43 0 0 39 41 71 33 22 0 0 0 0 -999 
P367 2007 5 0 0 0 36 81 12 0 0 0 0 0 0 16 40 22 0 0 0 0 31 0 0 2 0 0 7 0 0 0 19 0 
P367 2007 6 0 0 0 0 0 0 0 0 0 0 0 0 24 23 0 0 7 0 0 0 0 0 0 0 10 0 0 15 0 0 -999 
P367 2007 7 11 10 0 0 0 0 0 0 17 0 0 0 0 0 0 0 0 0 0 0 0 0 0 0 0 0 0 0 0 0 0 
P367 2007 8 0 0 0 0 0 0 0 0 0 0 0 0 0 0 0 0 4 0 0 0 0 0 0 2 0 0 0 15 0 0 0 
P367 2007 9 0 0 0 0 0 6 0 0 0 0 0 0 0 0 0 0 0 0 0 0 0 0 0 12 0 0 0 0 0 0 -999 
P367 2007 10 0 0 0 0 0 0 0 0 0 0 0 0 57 64 0 22 0 59 0 0 0 41 53 58 20 12 0 22 7 0 0 
P367 2007 11 0 0 0 0 0 0 0 7 0 37 0 38 7 16 16 4 6 0 0 0 1 0 0 9 4 0 39 28 0 0 -999 
P367 2007 12 11 0 0 30 30 0 35 26 0 0 0 0 0 0 0 9 71 54 24 15 0 0 21 0 16 0 0 23 0 0 0 
P367 2008 1 0 27 0 64 27 4 0 0 0 11 0 11 22 47 78 94 41 13 40 0 141 160 69 33 0 147 204 131 74 98 124 
P367 2008 2 257 66 122 0 47 0 66 117 14 37 136 0 19 21 0 64 66 70 67 182 19 23 24 30 37 26 25 43 -999 -999 -999 
P367 2008 3 11 5 10 0 0 0 0 0 0 0 0 0 8 0 0 0 0 0 0 0 0 10 0 0 0 0 0 0 2 0 0 
P367 2008 4 0 0 19 37 10 0 0 0 0 0 0 0 0 29 69 63 45 0 0 9 11 0 0 0 0 0 0 0 0 0 -999 
P367 2008 5 0 0 0 12 0 0 0 0 21 39 0 0 25 34 19 31 0 15 29 52 61 48 73 24 11 16 13 0 0 0 0 
P367 2008 6 0 0 19 0 19 22 0 0 0 0 0 0 0 39 0 0 0 0 0 0 0 0 0 0 0 0 0 0 0 4 -999 
P367 2008 7 0 0 0 0 0 0 0 0 0 0 0 0 0 0 0 0 0 0 0 0 0 0 0 0 0 0 0 0 0 0 0 
P367 2008 8 0 0 0 0 0 0 0 0 0 0 0 0 0 0 0 0 0 0 0 0 0 0 0 0 0 0 0 0 0 0 0 
P367 2008 9 0 0 0 0 0 0 0 0 7 0 0 25 0 0 0 0 0 6 0 0 0 0 0 0 0 0 0 17 0 27 -999 
P367 2008 10 0 0 0 0 5 0 0 12 0 0 0 33 36 0 0 0 0 0 9 0 0 0 0 0 18 31 49 36 34 0 16 
P367 2008 11 0 5 49 0 0 0 2 0 11 0 36 0 0 0 0 0 11 33 0 2 0 0 0 0 0 0 0 0 0 2 -999 
P367 2008 12 0 0 0 0 5 6 0 0 0 43 58 0 12 37 0 0 0 0 10 0 0 0 0 0 18 38 38 36 0 0 0 
P367 2009 1 0 0 0 0 0 0 4 0 5 0 0 25 23 24 35 13 0 0 1 0 4 3 0 0 0 1 0 0 9 0 0 
P367 2009 2 0 0 13 0 21 8 7 4 0 2 7 0 13 9 5 0 0 0 0 0 0 0 5 4 0 7 0 0 -999 -999 -999 
P367 2009 3 83 111 121 60 54 0 0 0 0 0 31 0 22 0 0 0 98 70 0 26 0 0 0 0 28 105 99 139 164 102 42 
P367 2009 4 0 144 49 29 59 109 0 20 0 0 0 0 0 53 0 0 0 0 0 0 0 0 0 6 0 5 13 0 55 0 -999 
P367 2009 5 27 59 0 22 0 41 28 0 0 56 60 32 8 0 0 0 0 0 0 0 0 0 0 28 0 0 0 0 0 0 8 
P367 2009 6 0 7 0 0 0 0 0 0 14 0 0 0 0 0 0 14 0 5 0 0 0 0 0 0 0 0 0 0 0 0 -999 
P367 2009 7 0 0 0 0 0 0 0 0 0 0 17 0 0 0 0 5 0 0 0 0 5 0 0 0 0 0 0 0 0 0 0 
P367 2009 8 11 0 0 0 0 0 0 0 0 0 0 0 0 0 0 0 0 0 0 0 0 0 20 21 0 0 0 12 18 0 12 
P367 2009 9 12 0 0 0 0 0 0 0 0 0 0 0 14 0 0 0 0 0 0 0 0 0 0 0 0 0 0 0 0 4 -999 
P367 2009 10 0 8 0 0 0 0 0 0 0 0 26 29 0 0 24 0 31 29 27 0 26 10 18 51 0 11 0 0 0 0 0 
P367 2009 11 0 0 0 0 0 0 0 0 0 0 0 0 6 0 0 0 0 10 0 19 0 0 68 62 0 0 0 8 17 0 -999 
P367 2009 12 0 19 0 27 55 83 168 37 54 117 79 18 17 0 0 0 7 44 28 27 0 0 0 0 0 44 90 79 34 0 0 
P367 2010 1 0 0 55 160 92 50 0 21 33 25 0 0 0 12 19 23 0 0 0 0 34 0 5 0 0 0 0 0 11 18 0 
P367 2010 2 0 0 0 0 24 34 0 0 0 0 0 0 0 0 0 0 0 0 0 0 0 7 0 16 0 0 0 0 -999 -999 -999 
P367 2010 3 0 0 0 0 0 42 63 68 122 80 30 32 0 16 0 0 22 40 62 39 0 5 0 0 0 5 0 0 0 0 0 
P367 2010 4 0 0 0 0 0 0 0 0 42 0 0 45 39 34 108 91 0 0 15 38 51 24 0 0 47 25 10 0 37 41 -999 
P367 2010 5 28 0 37 51 0 20 0 8 0 0 0 33 0 24 0 49 22 0 0 0 0 0 0 0 0 39 0 21 16 15 0 
P367 2010 6 0 0 31 0 0 11 0 0 0 0 0 0 0 0 13 0 0 0 0 8 0 4 0 0 8 0 0 0 0 11 -999 
P367 2010 7 18 0 0 0 0 0 0 0 0 0 0 0 5 0 0 0 0 0 0 0 0 0 0 0 0 0 0 0 0 0 0 
P367 2010 8 0 0 0 0 0 0 0 0 0 0 0 0 0 0 0 0 0 0 0 4 4 0 0 0 0 0 0 0 7 0 0 
P367 2010 9 0 0 0 0 0 0 0 0 0 0 12 23 0 0 21 0 0 0 20 0 0 0 0 0 0 0 0 0 0 0 -999 
P367 2010 10 0 0 0 0 0 0 0 27 0 59 52 27 42 42 0 14 0 0 19 18 0 0 0 9 0 0 0 0 10 14 0 
P367 2010 11 0 0 0 0 0 0 0 0 0 0 0 0 0 0 0 0 0 0 0 0 0 0 0 4 3 0 4 0 0 0 -999 
P367 2010 12 6 0 0 0 0 21 0 22 0 23 14 0 53 75 0 5 4 0 0 0 4 0 0 0 0 0 0 0 0 0 0 
P367 2011 1 0 0 0 0 0 11 0 0 4 0 0 0 0 0 0 15 0 0 0 0 14 26 53 0 18 0 0 0 0 0 0 
P367 2011 2 0 0 2 0 0 30 20 11 2 0 0 17 0 0 0 0 0 0 11 13 0 0 0 0 0 18 0 45 -999 -999 -999 
P367 2011 3 104 0 8 7 11 0 0 0 0 0 0 43 0 0 79 181 305 68 42 54 37 64 93 267 95 0 39 99 0 0 0 
P367 2011 4 0 0 0 18 0 0 0 0 0 0 34 0 36 20 0 0 50 94 0 0 0 0 0 0 6 0 0 0 0 3 -999 
P367 2011 5 0 24 7 6 0 5 0 0 0 0 0 0 0 0 0 0 0 5 0 0 13 0 0 0 0 0 0 0 17 30 0 
P367 2011 6 16 12 0 0 0 0 0 0 0 0 0 0 0 0 0 0 0 0 0 0 3 0 0 0 0 11 18 0 0 6 -999 
P367 2011 7 0 6 0 0 0 0 0 0 0 2 0 0 0 0 0 0 0 0 0 7 0 0 0 0 0 0 0 0 0 0 0 
P367 2011 8 0 0 0 0 0 0 0 0 0 0 0 0 0 0 0 0 0 0 0 0 0 0 0 3 0 0 0 0 0 6 0 
P367 2011 9 0 0 0 0 0 0 5 0 0 40 0 4 0 0 0 1 0 0 0 0 0 0 0 0 0 0 0 0 0 0 -999 
P367 2011 10 0 0 9 0 0 0 0 7 0 0 0 0 29 0 0 0 11 0 0 0 0 0 0 0 20 0 0 0 0 52 36 
P367 2011 11 0 0 15 0 102 100 0 0 0 0 18 10 6 0 0 16 0 0 27 9 13 0 93 59 0 19 0 37 6 6 -999 
P367 2011 12 0 0 44 0 7 11 8 0 0 0 0 0 0 8 15 57 65 68 72 94 133 49 77 0 0 0 32 0 0 0 45 
P367 2012 1 146 53 4 0 0 0 0 7 0 0 0 0 2 0 0 0 0 4 7 26 0 0 0 3 0 5 11 27 32 71 14 
P367 2012 2 0 50 0 37 0 16 13 8 0 3 0 0 0 0 0 0 0 0 59 76 46 0 9 0 0 0 0 0 -999 -999 -999 
P367 2012 3 39 140 70 0 33 0 0 0 0 0 0 0 0 20 22 50 30 0 0 37 0 12 0 0 0 0 0 0 0 0 0 
P367 2012 4 0 0 0 0 0 0 0 30 7 5 0 0 0 112 100 81 67 0 22 22 0 20 0 58 81 0 127 84 98 56 -999 
P367 2012 5 25 0 32 0 0 0 6 22 27 0 22 0 32 0 34 21 0 0 13 0 13 0 20 18 42 27 0 0 0 0 0 
P367 2012 6 0 0 0 0 0 0 9 0 36 0 22 0 0 0 49 0 0 0 0 0 14 8 6 0 0 0 0 17 0 0 -999 
P367 2012 7 0 0 0 0 0 0 0 0 0 0 0 0 0 0 0 0 0 0 9 8 0 0 0 0 11 0 0 0 0 0 0 
P367 2012 8 0 0 0 0 0 0 0 0 0 0 0 5 0 0 0 0 0 0 0 0 0 0 6 0 0 0 0 0 10 0 5 
P367 2012 9 0 0 0 0 0 0 0 0 0 0 0 0 0 0 0 0 0 0 0 0 4 0 0 0 0 0 0 19 24 0 -999 
P367 2012 10 0 0 1 0 0 0 0 0 0 0 57 23 0 0 0 24 20 0 0 0 0 0 38 0 0 0 0 13 10 32 34 
P367 2012 11 30 68 0 0 13 18 5 0 0 0 0 3 0 0 0 0 7 0 85 0 0 0 0 0 0 0 0 33 59 0 -999 
P367 2012 12 21 0 0 20 31 99 108 111 0 16 22 0 0 182 129 83 73 40 23 14 0 30 6 16 15 0 0 0 0 0 0 
P367 2013 1 52 27 58 112 0 0 21 18 0 0 0 0 0 2 0 0 6 0 0 5 1 0 0 4 0 1 0 0 0 38 0 
P367 2013 2 0 0 0 0 0 0 0 0 0 0 0 0 0 103 0 19 30 87 126 120 83 85 90 159 0 19 4 7 -999 -999 -999 
P367 2013 3 0 14 0 0 23 0 20 31 52 92 188 224 145 32 0 40 38 48 44 0 23 0 86 22 20 0 0 30 0 77 137 
P367 2013 4 71 0 0 27 31 22 41 0 0 0 0 0 0 0 0 0 0 0 0 0 44 0 0 31 0 12 3 0 0 0 -999 
P367 2013 5 0 0 0 16 0 0 0 26 0 48 57 27 0 0 0 0 31 29 27 21 18 0 0 0 11 0 0 0 0 0 0 
P367 2013 6 0 0 30 0 8 0 0 0 40 55 0 46 0 21 0 17 0 0 0 0 0 0 0 0 0 0 0 11 21 0 -999 
P367 2013 7 0 9 0 0 0 0 0 0 0 0 0 0 0 5 0 0 0 0 0 0 0 0 0 0 0 0 0 0 0 0 0 
P367 2013 8 0 0 0 16 0 0 10 0 0 0 0 0 0 0 0 0 0 0 0 0 0 0 0 0 0 3 0 0 0 0 31 
P367 2013 9 0 0 0 6 0 0 0 10 0 0 0 0 0 2 0 0 0 0 0 0 0 18 0 5 0 0 0 0 0 0 -999 
P367 2013 10 0 0 0 0 0 0 0 0 9 18 38 0 0 0 0 17 0 35 15 0 0 0 0 0 3 0 3 0 5 0 0 
P367 2013 11 0 0 0 0 2 0 6 0 19 9 22 21 3 13 7 22 34 281 362 133 140 190 297 138 0 99 102 46 13 20 -999 
P367 2013 12 0 61 27 26 0 0 0 0 19 0 0 0 0 24 28 17 13 4 0 0 0 0 14 42 21 0 47 0 81 41 0 
P367 2014 1 0 12 6 0 0 39 0 26 0 0 0 0 0 0 58 15 0 0 0 0 0 0 0 0 23 40 0 90 209 219 0 
P367 2014 2 0 61 33 52 56 92 0 140 67 110 12 15 0 6 0 0 8 13 0 8 0 0 13 0 0 7 0 56 -999 -999 -999 
P367 2014 3 42 9 0 0 0 0 0 0 0 0 0 0 0 55 104 123 108 0 169 102 0 45 29 0 0 0 11 0 6 0 0 
P367 2014 4 40 39 52 0 94 53 28 24 38 55 41 45 0 38 0 62 89 28 40 0 0 0 0 0 0 17 0 0 17 25 -999 
P367 2014 5 54 8 0 29 12 4 0 0 0 0 0 0 0 0 0 23 0 0 0 42 41 57 47 44 13 0 17 0 0 32 47 
P367 2014 6 0 0 32 62 67 0 0 0 0 0 3 5 0 0 0 0 0 0 0 0 0 0 0 0 9 0 0 0 8 0 -999 
P367 2014 7 0 0 0 0 0 0 0 0 0 0 0 0 0 0 0 0 0 0 0 0 0 0 0 0 0 0 0 0 0 0 0 
P367 2014 8 0 10 0 0 0 0 0 0 0 0 0 0 0 10 0 0 0 0 0 0 0 0 0 0 0 0 0 0 0 9 0 
P367 2014 9 0 0 0 0 0 0 0 0 0 0 0 0 0 0 0 0 50 28 0 0 10 0 0 0 5 0 0 0 0 0 -999 
P367 2014 10 0 0 16 0 18 12 0 0 0 0 0 22 15 9 0 0 0 0 0 50 12 0 0 0 0 69 0 0 0 0 0 
P367 2014 11 5 0 0 0 0 0 9 0 0 0 0 0 0 0 18 0 10 72 32 82 151 224 91 67 0 13 0 0 0 10 -999 
P367 2014 12 0 0 1 0 0 6 12 0 0 8 0 0 1 0 0 0 0 0 0 0 0 0 0 15 0 3 6 7 17 26 61 
P367 2015 1 7 0 0 93 0 54 62 60 29 0 0 0 0 0 0 0 0 0 0 7 0 0 0 0 0 0 17 58 71 34 0 
P367 2015 2 0 0 6 0 0 0 0 0 0 0 0 10 0 0 0 0 0 0 0 0 0 0 0 33 88 144 126 57 -999 -999 -999 
P367 2015 3 39 62 80 81 53 0 0 0 51 0 0 0 33 51 0 9 0 0 0 0 27 0 0 0 17 0 0 0 0 0 0 
P367 2015 4 0 19 12 0 2 0 0 21 0 2 0 0 0 0 0 0 0 10 0 9 12 0 10 0 25 0 43 43 96 103 -999 
P367 2015 5 133 103 61 0 0 20 0 0 0 0 0 0 0 0 0 0 0 0 0 0 0 0 0 0 0 33 0 80 80 0 15 
P367 2015 6 11 0 0 0 0 0 38 0 0 7 0 0 0 0 0 18 5 0 7 0 0 0 0 0 8 0 0 0 0 0 -999 
P367 2015 7 0 0 10 0 0 0 8 0 0 0 0 0 0 0 0 0 0 0 0 0 0 0 0 4 0 0 0 0 0 0 0 
P367 2015 8 0 0 15 0 0 0 0 0 0 0 0 0 0 13 0 0 0 0 17 0 0 0 15 14 10 0 0 0 0 0 0 
P367 2015 9 0 0 0 0 0 0 11 0 0 0 0 0 0 0 0 0 0 0 0 0 19 0 0 0 0 41 62 66 49 0 -999 
P367 2015 10 0 0 0 0 0 29 0 44 25 5 0 0 0 16 0 0 9 7 0 0 15 9 11 0 23 21 0 0 0 4 0 
P367 2015 11 0 10 0 0 0 22 17 0 0 0 0 28 42 123 134 19 0 0 32 0 0 45 31 11 0 6 0 0 0 28 -999 
P367 2015 12 57 85 49 61 64 40 247 219 115 156 59 111 146 0 0 0 0 0 0 0 0 0 0 0 2 0 0 0 0 0 3 
P367 2016 1 0 0 0 0 7 0 0 20 0 0 61 112 96 137 54 0 0 0 6 0 0 0 0 0 24 32 63 46 40 0 0 
P367 2016 2 21 0 29 43 0 13 0 0 20 24 28 23 0 0 0 16 59 20 0 0 0 0 24 23 0 0 21 19 -999 -999 -999 
P367 2016 3 0 36 52 0 41 49 51 56 222 160 238 253 108 61 82 59 42 49 24 17 29 57 45 0 72 43 76 159 90 0 99 
P367 2016 4 0 0 4 0 14 0 0 20 35 80 167 151 62 32 95 38 39 17 0 24 0 0 0 0 32 38 51 86 93 0 -999 
P367 2016 5 15 24 0 0 0 0 0 0 0 0 22 21 14 0 25 26 32 23 0 7 0 7 10 0 0 0 0 0 0 0 26 
P367 2016 6 0 11 5 0 0 0 0 0 0 21 0 0 0 13 0 0 6 0 11 11 0 0 7 16 0 0 0 0 0 0 -999 
P367 2016 7 0 0 0 0 0 0 0 0 0 0 0 0 0 0 0 0 0 0 0 0 0 0 0 0 0 0 0 0 0 0 0 
P367 2016 8 0 0 13 0 5 0 0 0 0 0 0 0 0 0 0 0 0 0 0 0 0 0 0 0 0 0 0 0 0 0 0 
P367 2016 9 11 0 0 12 0 0 0 0 0 0 0 0 0 0 0 0 29 0 0 0 7 0 0 0 0 0 0 12 0 0 -999 
P367 2016 10 0 0 0 0 0 0 0 17 0 0 0 0 0 0 0 67 108 89 101 0 88 0 0 20 0 0 14 8 0 0 17 
P367 2016 11 0 0 0 0 11 9 18 67 0 10 0 0 0 0 78 59 0 116 0 99 98 34 55 66 134 18 0 0 29 47 -999 
P367 2016 12 11 10 0 14 8 0 14 14 0 0 43 85 143 42 0 0 0 0 38 40 0 0 45 40 42 27 0 0 34 0 59 
P367 2017 1 57 10 13 0 0 0 0 0 0 0 0 0 0 138 123 0 17 0 0 0 5 3 0 0 0 0 0 0 0 0 0 
P367 2017 2 0 0 0 0 0 0 0 0 15 0 0 0 0 0 0 0 7 0 0 0 0 0 0 0 0 0 0 11 -999 -999 -999 
P367 2017 3 0 0 0 0 0 11 0 0 0 45 0 26 75 76 43 0 10 0 0 7 4 0 0 57 0 123 93 97 71 0 18 
P367 2017 4 0 18 0 0 22 0 0 23 0 73 0 25 0 9 9 11 15 0 0 0 0 7 0 0 30 29 0 34 52 31 -999 
P367 2017 5 20 0 0 0 0 0 0 0 0 0 0 0 7 7 0 0 0 0 0 0 0 0 9 0 14 0 11 0 0 0 0 
P367 2017 6 0 0 0 0 0 0 0 0 0 0 0 11 0 0 0 0 0 0 0 0 0 0 0 0 0 0 0 0 0 0 -999 
P367 2017 7 0 0 0 0 0 0 0 0 0 0 0 0 0 0 0 0 0 0 0 0 5 0 0 0 0 0 0 0 0 0 0 
P367 2017 8 6 0 0 5 0 0 10 0 0 0 0 8 0 0 0 0 9 0 13 0 0 16 0 0 5 0 0 3 0 0 0 
P367 2017 9 0 0 0 0 3 0 0 0 0 15 0 0 0 0 0 0 0 0 0 0 0 0 0 0 0 0 0 22 0 0 -999 
P367 2017 10 4 4 0 0 0 0 0 0 0 0 0 0 0 0 0 44 42 60 0 27 0 21 26 0 0 0 0 140 201 82 15 
P367 2017 11 0 0 57 0 40 24 15 66 62 28 72 98 240 309 37 22 0 0 0 0 54 0 0 6 0 13 0 0 0 0 -999 
P367 2017 12 0 0 0 0 25 34 38 76 191 71 154 41 0 85 81 18 11 8 0 0 0 0 32 0 0 23 0 0 0 121 0 
P367 2018 1 66 38 2 0 0 0 10 28 87 49 12 0 0 0 0 0 26 0 49 0 7 12 59 32 18 0 84 55 63 0 34 
P367 2018 2 63 0 99 44 0 13 0 0 0 0 12 0 0 10 0 0 0 0 0 23 12 0 0 0 0 0 0 0 -999 -999 -999 
P367 2018 3 0 0 0 0 0 34 0 14 0 43 83 134 138 78 75 19 0 56 0 0 0 0 0 0 0 26 38 38 48 62 30 
P367 2018 4 0 0 0 0 21 19 0 0 0 0 8 0 5 0 0 20 4 0 0 0 0 0 0 29 76 132 115 0 0 30 -999 
P367 2018 5 47 15 3 0 20 0 0 0 31 0 33 50 67 40 22 0 0 0 0 0 48 27 0 0 15 0 48 0 22 0 0 
P367 2018 6 9 0 0 0 0 0 0 0 0 0 0 0 0 0 16 0 9 0 4 0 0 8 0 0 0 0 0 0 0 0 -999 
P367 2018 7 0 0 0 0 0 0 0 0 9 0 0 0 0 0 8 0 0 0 0 0 0 0 0 0 0 17 0 0 0 0 0 
P367 2018 8 0 0 0 0 0 0 0 0 0 0 0 0 6 0 0 0 8 6 0 10 0 0 0 0 0 0 0 0 0 0 0 
P367 2018 9 0 0 0 0 0 0 0 0 0 0 6 0 0 0 0 0 0 0 7 0 10 0 0 0 0 0 0 0 0 0 -999 
P367 2018 10 0 15 0 0 0 0 0 0 0 47 55 23 0 0 0 0 0 15 6 0 0 0 16 0 0 0 0 0 0 0 0 
P367 2018 11 0 0 0 7 6 0 48 161 124 0 0 13 0 11 0 0 0 0 0 0 17 0 0 8 3 10 19 0 0 25 -999 
P367 2018 12 27 45 0 36 41 70 139 22 13 0 0 111 143 67 49 27 17 20 13 0 25 0 0 0 47 32 52 76 119 195 94 
P367 2019 1 152 157 258 203 146 128 179 0 2 0 27 0 0 0 40 0 97 87 157 140 186 204 64 0 45 77 165 43 0 50 143 
P367 2019 2 129 104 0 0 0 0 0 0 0 0 171 0 173 189 34 0 0 219 262 65 25 25 19 0 12 0 0 0 -999 -999 -999 
P367 2019 3 1 0 0 0 0 19 0 0 0 0 0 0 0 0 0 13 0 0 0 0 0 0 0 0 0 0 0 80 98 44 0 
P367 2019 4 0 0 0 0 29 0 39 50 67 30 0 70 55 77 0 63 86 0 0 26 22 18 0 142 57 39 0 29 0 53 -999 
P367 2019 5 0 0 0 0 22 19 0 0 0 0 15 47 33 44 0 0 5 0 0 0 0 0 0 0 19 0 9 0 0 0 0 
P367 2019 6 0 0 0 0 10 0 15 0 0 0 26 0 0 0 0 0 0 8 8 0 0 0 0 0 0 0 0 0 0 0 -999 
P367 2019 7 0 0 0 0 7 0 0 0 0 0 0 0 5 0 0 6 0 0 0 0 0 0 0 0 9 0 0 0 0 0 0 
P367 2019 8 0 0 0 0 0 0 0 0 0 0 0 0 0 0 0 0 0 0 0 0 0 0 0 0 0 0 0 0 0 0 12 
P367 2019 9 14 18 16 0 0 0 0 0 0 3 0 0 20 0 6 0 0 0 19 22 0 12 30 37 0 0 0 0 0 0 -999 
P367 2019 10 0 20 0 30 13 0 7 0 0 0 0 66 84 17 0 0 0 0 0 0 0 0 0 0 0 0 0 0 4 0 0 
P367 2019 11 7 0 0 2 0 21 0 0 13 0 0 0 0 0 0 0 0 0 0 118 347 357 153 86 0 179 108 32 61 127 -999 
P367 2019 12 97 66 0 0 25 22 8 1 1 0 0 0 1 2 4 0 0 0 0 8 0 0 0 5 0 3 0 0 0 11 0 
P367 2020 1 0 0 5 0 0 0 0 0 0 0 0 10 0 57 28 12 0 8 0 0 0 0 8 0 0 56 112 120 68 99 56 
P367 2020 2 54 28 28 37 0 0 25 57 13 0 8 0 0 0 22 0 0 0 0 0 0 0 0 0 0 20 13 0 -999 -999 -999 
P367 2020 3 0 0 0 0 35 0 0 0 0 0 0 0 0 12 0 9 0 0 0 0 0 0 21 0 0 40 0 0 44 22 28 
P367 2020 4 68 50 0 25 0 0 4 3 3 4 0 46 0 0 0 99 130 76 45 51 66 37 13 17 0 0 0 26 0 0 -999 
P367 2020 5 0 0 0 0 0 0 0 0 0 0 0 56 40 27 0 38 0 0 0 0 8 0 8 0 0 6 0 0 0 0 0 
P367 2020 6 0 0 0 11 0 0 0 0 0 7 0 0 0 0 0 0 4 0 0 0 0 0 0 0 0 0 11 0 0 0 -999 
P367 2020 7 0 0 0 0 0 0 0 0 0 0 0 0 0 0 0 0 0 7 0 0 0 0 0 6 0 0 0 0 0 0 0 
P367 2020 8 0 0 0 0 0 0 0 0 0 0 0 0 0 0 0 0 0 0 0 0 0 0 0 0 0 0 0 0 0 0 0 
P367 2020 9 15 0 0 0 0 6 0 0 0 0 0 0 0 0 0 0 0 0 0 2 11 0 23 0 0 0 0 0 0 0 -999 
P367 2020 10 0 0 0 0 0 0 43 44 75 0 32 54 18 30 114 61 0 76 24 0 0 0 0 0 0 0 0 0 11 0 28 
P367 2020 11 116 108 155 141 0 0 0 0 0 7 4 0 0 20 47 0 20 17 55 180 0 128 84 66 0 107 95 156 0 28 -999 
P367 2020 12 94 76 123 18 38 0 0 0 28 6 0 0 0 0 0 0 0 0 0 0 36 125 187 125 155 146 176 0 0 0 74 
P367 2021 1 71 105 57 33 79 47 50 102 77 13 0 2 0 3 0 0 25 0 0 9 0 12 14 12 0 18 35 43 59 54 0 
P367 2021 2 0 57 0 0 0 0 0 0 9 12 0 0 23 14 0 0 0 0 0 0 0 44 14 0 11 13 0 13 -999 -999 -999 
P367 2021 3 32 23 19 0 10 0 0 0 29 57 37 13 0 0 0 0 32 0 0 0 48 4 0 0 0 0 20 32 0 0 0 
P367 2021 4 0 0 0 0 0 0 0 0 0 0 10 0 0 0 32 0 0 0 0 11 16 29 0 0 26 0 21 21 0 44 -999 
P367 2021 5 0 52 54 31 0 10 0 0 0 0 0 0 0 0 0 0 0 17 31 17 0 0 9 25 23 13 17 0 11 0 0 
P367 2021 6 0 0 56 23 0 0 0 0 0 0 0 10 0 0 11 0 0 0 0 0 13 4 0 0 0 0 0 0 0 0 -999 
P367 2021 7 0 0 0 0 0 0 0 11 0 0 0 0 0 0 0 7 0 6 0 0 0 0 0 0 6 0 0 0 0 0 0 
P367 2021 8 0 0 0 0 0 0 0 0 0 0 0 0 0 4 0 0 0 0 0 0 0 0 0 0 11 21 14 10 0 0 0 
P367 2021 9 0 3 0 0 0 0 0 7 0 16 0 0 0 0 0 0 0 0 0 0 22 0 0 0 0 35 0 0 0 7 -999 
P367 2021 10 0 0 0 0 0 23 30 11 20 10 14 13 0 0 0 4 0 14 0 0 39 73 108 95 43 0 15 0 0 9 14 
P367 2021 11 0 15 0 72 97 70 0 0 0 12 19 0 0 0 0 0 0 46 0 0 5 6 8 0 56 86 75 83 142 62 -999 
P367 2021 12 69 96 48 0 6 5 10 24 0 10 0 0 0 11 0 66 160 149 0 0 0 57 0 27 24 7 0 0 48 0 0 
P367 2022 1 0 0 0 15 14 0 26 60 60 65 93 0 38 58 92 66 63 24 17 40 86 74 229 110 64 21 56 72 103 70 55 
P367 2022 2 146 55 0 68 116 0 204 257 89 0 255 185 265 80 164 116 85 143 45 0 126 49 94 38 100 187 142 14 -999 -999 -999 
P367 2022 3 14 24 26 0 158 170 89 141 68 68 121 106 146 0 17 15 7 5 0 0 0 0 0 0 0 0 0 0 0 0 0 
P367 2022 4 0 0 0 0 0 0 0 0 0 0 0 0 9 0 0 38 24 0 9 22 0 11 0 0 0 0 9 0 15 0 -999 
P367 2022 5 0 0 0 0 0 0 0 0 0 0 40 50 82 99 47 46 29 26 0 0 23 0 0 20 0 61 0 0 0 18 11 
P367 2022 6 0 0 0 0 11 18 42 0 15 0 0 0 0 13 0 0 0 5 0 0 0 0 0 0 0 0 0 0 0 0 -999 
P367 2022 7 0 0 0 0 0 0 0 0 0 0 0 0 0 0 0 0 0 0 0 0 0 0 0 0 0 0 0 0 0 0 11 
P367 2022 8 5 0 12 0 0 0 0 0 0 0 0 0 0 0 0 0 0 0 0 0 0 0 0 0 0 0 0 0 0 0 0 
P367 2022 9 0 0 0 0 4 0 0 0 0 0 0 0 18 0 34 24 0 10 0 0 0 0 0 0 0 0 0 3 0 0 -999 
P367 2022 10 0 0 0 0 0 0 0 0 0 43 0 0 23 0 48 32 18 11 7 0 0 2 0 0 0 0 0 0 0 70 47 
P367 2022 11 0 0 0 8 0 0 0 0 0 16 0 23 5 3 0 0 0 0 14 0 0 0 0 0 0 0 9 19 8 0 -999 
P367 2022 12 23 70 0 206 63 85 16 0 125 0 14 11 0 0 0 0 13 0 11 0 66 79 128 100 89 41 35 61 25 19 10 
P367 2023 1 15 16 0 5 18 14 3 1 0 0 0 0 0 0 0 0 0 0 0 0 0 0 9 0 0 0 0 0 0 0 0 
P367 2023 2 0 25 20 0 0 9 13 11 0 7 0 0 0 0 0 18 20 20 14 0 0 0 53 0 28 38 102 0 -999 -999 -999 
P367 2023 3 32 27 0 0 0 6 5 3 5 5 0 68 0 0 0 0 0 0 0 0 0 0 0 16 0 0 0 0 31 0 0 
P367 2023 4 29 13 0 88 87 61 42 39 20 0 12 46 157 238 79 20 80 18 0 0 0 0 0 0 0 74 45 100 12 0 -999 
P367 2023 5 0 11 0 0 0 0 0 0 0 0 0 0 31 8 0 0 21 31 0 0 0 0 0 9 0 0 0 0 0 0 0 
P367 2023 6 0 0 0 17 0 0 19 0 0 0 0 5 0 0 0 0 0 0 0 0 7 0 0 0 0 6 0 0 0 0 -999 
P367 2023 7 0 0 0 0 0 0 0 0 0 0 0 0 0 0 0 0 9 0 0 0 0 0 0 0 0 0 0 0 0 0 0 
P367 2023 8 0 0 0 0 0 0 0 0 0 0 0 0 12 0 0 0 0 0 0 0 0 0 0 5 0 0 0 0 0 0 0 
P367 2023 9 0 0 0 0 11 0 0 0 0 0 0 0 0 0 0 0 0 0 11 0 0 0 0 0 14 0 0 0 0 0 -999 
P367 2023 10 0 5 0 8 0 0 0 0 0 17 0 0 0 29 68 31 0 0 2 0 0 6 12 0 0 0 19 6 15 19 91 
P367 2023 11 132 0 0 0 0 8 0 29 29 52 29 14 0 6 3 0 1 0 0 0 2 0 0 20 21 0 0 0 0 0 -999 
P367 2023 12 0 0 0 0 0 0 1 0 6 3 0 0 0 8 6 0 0 0 0 2 4 0 6 0 0 0 5 0 0 0 4 
P367 2024 1 11 16 31 55 0 66 116 0 90 35 0 27 32 73 70 36 50 75 11 0 0 0 0 11 10 0 0 0 0 0 67 
P367 2024 2 136 126 249 0 15 18 0 0 8 0 0 0 0 0 15 23 0 6 0 0 29 0 0 158 93 0 0 10 -999 -999 -999 
P367 2024 3 0 89 47 74 0 55 0 0 16 5 0 13 0 13 9 0 0 0 0 0 0 0 0 43 126 279 185 42 37 0 0 
P367 2024 4 42 69 112 0 18 0 0 0 0 0 0 0 0 0 0 0 0 0 0 0 0 60 0 0 0 0 0 17 0 0 -999 
P367 2024 5 0 0 0 0 0 0 0 0 0 0 0 0 0 0 0 0 12 0 0 0 0 0 0 0 0 0 0 0 0 0 0 
P367 2024 6 0 0 0 0 0 0 0 0 16 0 17 0 5 0 0 0 0 0 0 0 0 0 0 0 0 18 13 0 0 0 -999 
P367 2024 7 0 0 0 0 0 0 0 0 0 0 0 0 0 0 0 0 0 0 0 0 0 0 0 0 0 0 0 0 0 0 0 
P367 2024 8 0 0 0 0 0 0 0 0 0 0 0 0 0 0 0 0 0 0 0 0 0 0 0 0 0 0 0 0 0 14 0 
P367 2024 9 26 0 0 0 7 0 0 0 0 0 0 0 11 0 0 0 6 0 0 0 0 13 0 0 0 9 0 0 0 5 -999 
P367 2024 10 3 0 0 0 0 0 0 0 0 0 0 22 5 24 77 81 21 19 25 0 0 28 0 0 0 0 0 0 0 0 0 
P367 2024 11 0 27 17 20 18 0 0 10 0 0 0 0 0 59 0 0 19 0 0 0 0 40 52 23 0 0 7 6 0 0 -999 
P367 2024 12 0 0 11 0 20 0 0 0 1 0 0 0 0 9 0 0 0 0 0 0 0 0 0 0 0 43 0 0 0 0 0 
P367 2025 1 0 0 0 0 0 0 5 0 0 27 18 24 0 0 16 0 9 0 0 0 36 38 0 56 76 0 0 0 14 0 0 
P367 2025 2 20 21 0 0 0 48 41 53 85 0 43 43 31 30 0 0 59 11 0 51 40 45 46 0 0 0 0 0 -999 -999 -999 
P367 2025 3 9 37 0 43 58 84 211 0 0 0 0 0 0 0 0 0 23 0 0 75 0 180 88 277 0 33 0 0 0 0 22 
P367 2025 4 0 0 15 7 2 0 0 2 0 0 0 19 0 0 0 0 9 0 0 35 19 11 0 0 0 6 0 0 0 56 -999 
P367 2025 5 0 19 35 53 58 0 0 0 0 0 34 0 0 0 0 0 31 0 8 13 0 0 0 23 0 0 0 13 0 0 17 
P367 2025 6 0 0 0 11 39 0 0 0 0 0 0 0 0 0 0 0 0 0 0 0 0 0 0 0 0 0 0 0 0 0 -999 
P367 2025 7 0 0 0 0 0 0 0 0 0 0 0 0 0 0 0 0 15 0 9 6 0 0 0 0 0 0 0 0 0 0 0 
P367 2025 8 0 7 0 0 0 0 0 0 0 0 0 0 0 0 0 0 0 0 17 0 0 0 0 0 0 0 0 0 0 0 0 
P367 2025 9 0 8 11 9 0 0 0 0 0 0 0 0 0 0 0 0 0 0 0 0 0 0 0 0 4 3 3 0 0 11 -999 
P367 2025 10 0 0 5 8 0 0 0 0 0 0 0 0 0 0 11 0 0 6 0 0 0 0 0 0 36 76 89 142 58 10 0 
P367 2025 11 22 0 0 2 0 0 0 17 0 21 0 0 0 2 0 0 21 0 0 0 0 0 0 0 0 0 0 0 0 0 -999 
P367 2025 12 20 0 112 0 0 26 0 0 12 0 0 0 0 8 0 0 0 0 0 33 0 0 18 0 54 24 16 0 0 26 50 
P367 2026 1 0 22 0 14 0 0 5 3 0 0 33 169 249 0 0 124 191 162 50 17 0 0 0 0 23 0 33 15 0 16 0 
P367 2026 2 0 0 0 0 0 31 0 2 3 15 0 0 0 0 0 0 16 0 107 270 60 69 0 48 14 37 9 0 -999 -999 -999 
P367 2026 3 23 6 3 0 3 0 0 0 0 1 0 0 0 0 0 0 0 0 28 45 62 100 113 37 8 0 0 0 4 0 0 
P367 2026 4 0 0 0 0 0 0 56 52 0 83 170 106 105 0 0 0 0 0 0 0 0 0 0 0 6 0 73 54 67 92 -999 
P367 2026 5 80 29 0 0 0 0 0 17 0 0 0 0 0 0 0 0 0 21 0 0 0 0 0 18 0 50 46 21 0 15 0 
P367 2026 6 0 0 0 0 0 0 0 0 15 0 0 0 0 0 0 0 0 0 0 0 0 0 0 0 0 0 0 0 0 0 -999 
P367 2026 7 0 0 0 0 0 0 0 0 0 0 0 0 0 0 0 0 0 0 0 0 0 0 0 0 0 0 0 0 0 0 0 
P367 2026 8 0 0 0 0 0 0 0 0 0 0 0 0 0 0 0 0 0 0 0 0 0 0 0 0 0 0 0 0 0 0 9 
P367 2026 9 12 0 0 8 6 0 0 0 0 2 0 0 0 0 18 0 0 0 0 0 33 27 0 6 0 0 9 0 0 10 -999 
P367 2026 10 4 0 0 0 0 21 0 0 0 17 23 40 27 0 0 61 0 0 0 0 0 0 65 29 38 26 8 0 35 62 0 
P367 2026 11 28 0 0 9 0 0 0 7 0 0 84 11 11 0 31 0 14 20 21 28 8 0 0 0 0 0 0 19 31 7 -999 
P367 2026 12 0 15 21 19 35 0 0 0 77 82 32 17 0 27 85 64 120 0 67 75 0 0 0 0 0 0 0 22 0 39 0 
P367 2027 1 0 56 112 107 98 95 115 110 66 60 0 0 0 0 0 20 0 13 38 76 39 13 5 0 0 0 0 0 0 9 0 
P367 2027 2 12 15 0 0 5 0 4 0 12 0 18 37 0 163 111 342 134 153 0 15 14 34 117 42 84 71 46 44 -999 -999 -999 
P367 2027 3 120 81 26 63 0 52 0 29 0 0 0 0 6 0 21 0 34 32 55 34 0 0 0 0 24 56 89 149 23 0 0 
P367 2027 4 0 0 34 110 53 16 0 0 0 20 6 20 0 55 0 91 98 103 57 51 145 60 0 41 60 0 11 0 0 0 -999 
P367 2027 5 0 19 31 48 45 0 0 0 0 0 0 0 0 0 0 0 0 0 0 0 0 0 0 17 33 31 0 0 13 11 0 
P367 2027 6 16 12 20 0 0 0 0 0 0 0 0 0 11 0 0 0 0 0 0 0 0 0 0 0 0 0 16 7 0 5 -999 
P367 2027 7 0 0 0 0 0 0 15 6 0 11 0 0 0 0 0 0 0 0 0 0 0 0 0 0 0 0 0 0 1 0 0 
P367 2027 8 0 0 0 0 13 0 0 0 9 0 0 12 0 0 0 0 0 0 0 0 0 0 0 0 0 0 0 0 0 0 0 
P367 2027 9 0 0 0 20 0 0 0 0 0 0 0 0 0 0 9 0 6 0 0 3 0 0 0 0 0 0 0 0 0 0 -999 
P367 2027 10 0 0 0 0 0 0 0 0 0 0 0 0 3 0 0 4 0 0 0 11 0 0 0 0 0 0 0 0 0 17 6 
P367 2027 11 19 0 217 145 0 0 0 4 0 0 0 0 0 139 80 0 0 16 0 0 0 0 70 94 121 84 94 82 222 197 -999 
P367 2027 12 69 205 151 21 0 120 236 147 61 80 0 62 0 0 0 0 0 18 0 14 20 0 0 0 0 7 5 0 0 11 0 
P367 2028 1 21 56 0 0 12 15 0 30 67 117 26 47 96 128 118 19 0 7 0 0 0 0 0 0 0 0 10 0 0 0 0 
P367 2028 2 0 0 0 24 16 0 0 0 0 0 0 0 0 0 2 0 0 10 7 0 16 29 26 13 20 56 51 0 -999 -999 -999 
P367 2028 3 50 47 47 24 20 10 0 9 16 18 22 0 23 0 32 0 52 28 19 1 0 0 26 0 0 1 0 3 5 0 0 
P367 2028 4 15 0 0 0 36 26 28 61 43 0 31 0 0 14 4 0 0 0 0 0 0 0 0 0 0 0 0 0 48 0 -999 
P367 2028 5 25 0 12 0 10 0 0 0 0 0 0 0 0 0 0 0 0 0 0 0 8 10 20 43 45 0 0 13 13 15 25 
P367 2028 6 0 0 14 21 0 9 0 0 0 0 0 6 0 0 0 0 10 0 0 0 0 12 0 0 0 0 0 0 0 0 -999 
P367 2028 7 0 0 0 0 0 10 0 0 9 4 0 0 0 0 5 0 0 0 0 0 5 0 13 0 0 0 0 0 0 0 0 
P367 2028 8 0 0 0 0 0 0 0 0 0 0 0 22 0 0 0 0 0 0 0 0 0 0 0 0 0 0 0 0 0 0 11 
P367 2028 9 0 12 13 16 16 0 22 0 8 5 0 0 0 0 0 0 0 0 0 0 8 0 0 0 0 0 0 12 0 0 -999 
P367 2028 10 0 0 0 0 0 0 0 10 14 0 19 5 0 0 0 0 28 0 0 79 49 17 0 0 11 0 0 0 0 18 33 
P367 2028 11 44 24 0 0 0 0 0 60 52 65 0 13 0 0 53 51 0 16 0 7 0 1 0 0 0 0 0 2 0 1 -999 
P367 2028 12 0 9 0 21 0 40 9 1 0 0 0 0 0 0 10 6 3 2 0 91 117 24 103 70 0 0 16 16 0 0 0 
P367 2029 1 6 0 68 9 0 63 238 74 0 5 0 0 0 0 45 91 42 13 20 0 0 0 0 0 42 156 196 0 26 0 0 
P367 2029 2 0 0 0 0 0 0 0 0 0 0 0 8 0 0 0 0 0 1 0 0 29 0 0 18 0 0 41 0 -999 -999 -999 
P367 2029 3 0 0 0 0 0 0 0 0 0 0 0 0 30 24 0 0 19 22 0 0 50 42 0 52 35 6 5 0 0 0 0 
P367 2029 4 0 0 0 0 0 0 24 0 9 9 13 21 40 0 21 0 0 0 0 22 0 8 0 0 0 15 5 0 5 0 -999 
P367 2029 5 0 0 54 101 0 24 7 0 0 0 0 0 0 0 0 0 0 0 0 0 0 0 0 17 17 0 0 0 0 7 4 
P367 2029 6 0 0 0 20 0 0 0 0 0 0 0 0 0 0 0 0 0 0 0 0 0 0 0 0 0 15 0 0 9 0 -999 
P367 2029 7 0 0 11 0 6 0 0 0 0 0 0 0 0 0 0 0 0 0 0 0 0 0 0 0 0 0 0 0 0 0 0 
P367 2029 8 0 0 0 0 0 0 0 0 0 0 0 0 0 0 13 0 0 0 0 0 0 0 0 0 0 0 0 0 0 0 0 
P367 2029 9 0 0 25 0 0 17 0 0 4 0 9 0 0 0 0 0 0 20 0 0 0 0 0 0 0 22 19 62 89 106 -999 
P367 2029 10 100 31 0 9 0 0 0 0 0 0 0 0 3 0 0 27 0 0 0 0 0 16 12 22 0 21 18 0 0 0 40 
P367 2029 11 12 0 42 98 47 62 45 0 139 70 29 20 0 0 0 0 0 0 0 0 0 21 35 42 16 0 51 52 117 67 -999 
P367 2029 12 8 0 36 0 0 0 0 0 0 0 0 0 0 0 0 0 12 0 0 15 0 0 0 0 0 0 0 0 0 25 133 
P367 2030 1 142 31 0 11 50 30 97 0 32 25 0 63 40 0 3 0 0 0 0 4 0 12 0 0 17 41 30 47 166 189 154 
P367 2030 2 249 145 94 18 0 0 79 74 65 0 79 65 0 31 88 0 0 0 0 0 17 0 0 0 0 27 0 0 -999 -999 -999 
P367 2030 3 0 0 0 0 0 58 0 44 0 0 64 0 0 14 17 0 0 0 0 0 0 76 55 19 0 0 0 0 0 0 0 
P367 2030 4 0 0 0 0 32 0 0 0 6 0 33 0 20 0 139 144 0 274 83 43 44 63 55 37 0 46 37 0 0 14 -999 
P367 2030 5 10 0 0 3 0 0 0 0 0 0 0 0 62 0 45 72 41 25 0 0 0 0 0 0 0 0 0 0 0 12 0 
P367 2030 6 16 14 0 0 18 23 34 0 17 27 25 29 0 29 0 0 0 0 0 8 0 0 0 0 0 0 0 0 0 0 -999 
P367 2030 7 0 0 0 0 0 0 0 0 0 0 0 0 0 0 2 0 0 0 0 0 0 0 0 0 7 0 0 0 0 0 0 
P367 2030 8 0 18 0 0 0 0 0 0 0 0 0 0 0 0 0 0 0 0 0 0 0 5 0 0 0 0 0 0 0 4 0 
P367 2030 9 0 0 0 0 0 0 0 0 0 0 0 0 0 0 0 16 0 12 11 0 0 0 10 0 0 0 0 0 0 0 -999 
P367 2030 10 0 0 0 0 0 0 0 0 0 43 62 0 0 0 0 0 0 23 0 0 0 0 0 0 23 0 0 18 0 0 0 
P367 2030 11 38 0 0 81 172 160 47 18 46 0 0 0 0 0 0 0 0 0 40 11 0 0 0 0 3 0 0 19 0 104 -999 
P367 2030 12 206 107 69 63 134 126 82 0 106 28 54 72 30 0 0 41 0 0 9 0 0 0 0 0 22 0 4 0 0 0 0 
P367 2031 1 0 0 0 0 0 0 0 0 0 0 0 13 52 161 92 35 20 17 79 31 0 36 0 55 48 45 39 0 0 75 0 
P367 2031 2 0 24 0 0 22 53 0 17 31 47 0 26 0 0 4 0 0 78 47 0 19 83 0 0 0 0 0 0 -999 -999 -999 
P367 2031 3 40 46 0 26 0 0 23 0 36 47 64 57 57 108 75 49 54 61 53 0 0 0 0 22 0 59 72 0 0 21 33 
P367 2031 4 0 54 0 0 73 0 39 0 0 3 3 0 0 0 0 0 0 0 0 0 0 0 0 0 0 0 0 0 0 0 -999 
P367 2031 5 0 34 0 9 34 0 40 64 22 0 24 13 0 20 13 15 0 0 0 0 0 0 0 0 14 11 9 0 0 0 0 
P367 2031 6 0 0 0 0 0 0 0 0 0 0 0 0 0 0 8 0 0 0 0 0 0 19 15 0 0 5 0 0 0 0 -999 
P367 2031 7 0 0 0 10 0 0 8 0 0 0 5 0 0 0 0 0 0 0 0 0 0 0 0 0 0 0 0 0 13 0 0 
P367 2031 8 0 0 0 0 0 0 0 0 0 0 0 0 0 0 0 0 0 0 27 28 28 0 2 0 6 0 0 2 0 0 0 
P367 2031 9 0 0 0 0 0 0 7 0 0 0 0 43 0 0 0 0 0 16 0 0 26 14 0 0 0 0 0 0 32 0 -999 
P367 2031 10 6 0 0 5 4 0 0 0 0 0 0 0 0 0 0 75 30 0 0 18 29 29 0 0 44 33 0 76 28 39 73 
P367 2031 11 81 0 27 0 21 18 0 5 14 0 0 28 68 48 59 102 47 0 27 19 8 0 6 8 30 0 0 71 45 51 -999 
P367 2031 12 54 146 239 129 70 51 0 21 4 0 0 0 0 18 15 7 0 0 0 0 0 0 0 37 36 0 24 20 0 44 90 
P367 2032 1 149 241 78 0 0 192 69 173 350 26 7 3 0 0 0 0 0 68 111 22 0 0 0 0 0 0 0 23 38 95 49 
P367 2032 2 106 121 36 0 70 0 0 0 4 0 0 0 0 2 0 0 0 0 0 0 0 0 0 0 0 0 26 14 -999 -999 -999 
P367 2032 3 0 15 5 0 0 28 0 34 0 0 0 1 0 0 3 0 0 0 0 0 16 0 0 0 0 0 0 0 18 21 29 
P367 2032 4 10 17 57 0 60 66 88 61 49 28 0 30 0 17 0 0 0 28 31 0 116 162 191 69 47 16 14 25 46 44 -999 
P367 2032 5 30 0 0 0 33 48 43 39 34 19 0 37 0 0 0 0 38 46 17 19 24 3 3 0 0 13 0 0 0 0 0 
P367 2032 6 0 0 0 0 0 0 39 0 8 0 0 0 0 15 0 0 0 0 0 0 0 0 0 0 0 0 26 31 0 16 -999 
P367 2032 7 0 0 0 0 0 0 0 0 0 0 0 0 0 0 0 0 0 0 0 0 0 0 0 0 0 0 0 0 0 0 0 
P367 2032 8 5 6 0 0 0 0 0 0 0 0 0 14 0 0 0 0 0 0 9 0 0 0 0 0 0 0 0 0 0 0 0 
P367 2032 9 0 0 0 0 0 0 0 17 0 0 0 0 0 0 0 0 0 8 0 0 0 0 0 0 23 0 0 14 0 0 -999 
P367 2032 10 0 0 0 6 0 0 0 0 0 0 0 28 0 0 0 27 23 28 67 74 108 146 0 0 8 0 0 0 0 2 0 
P367 2032 11 14 9 25 0 81 63 54 62 0 26 0 25 76 13 7 30 33 39 108 139 93 37 0 85 35 74 50 85 33 17 -999 
P367 2032 12 2 0 6 0 0 48 0 29 45 64 74 0 0 0 0 0 0 0 0 0 0 0 0 0 0 0 0 16 29 0 134 
P367 2033 1 0 55 9 0 0 30 27 0 15 0 5 0 0 0 0 0 0 0 0 0 0 0 5 0 0 0 0 17 0 0 0 
P367 2033 2 0 4 0 0 0 2 0 50 0 35 13 0 0 30 0 0 252 154 126 180 212 186 115 70 107 0 0 25 -999 -999 -999 
P367 2033 3 0 0 5 12 8 0 0 0 0 15 0 25 0 73 0 20 0 0 90 115 118 64 75 63 80 0 0 0 28 0 0 
P367 2033 4 104 30 0 24 35 0 0 15 26 19 0 0 0 0 0 0 41 39 55 84 57 0 0 50 77 26 0 0 0 3 -999 
P367 2033 5 0 0 0 0 0 0 0 0 16 0 0 0 0 0 0 0 0 0 14 28 24 13 0 11 12 9 10 0 9 0 0 
P367 2033 6 0 0 15 0 0 0 0 0 0 0 0 0 0 0 0 0 0 0 0 0 0 0 4 0 0 0 0 0 0 0 -999 
P367 2033 7 0 0 0 0 0 0 0 0 0 0 0 0 0 0 0 10 0 0 0 0 0 0 0 0 0 0 0 0 0 0 0 
P367 2033 8 0 0 0 0 0 0 0 0 0 0 0 0 0 0 0 0 2 0 0 0 0 0 0 0 12 0 0 0 9 14 0 
P367 2033 9 0 9 0 0 0 0 22 0 20 22 0 0 0 4 0 0 0 0 0 9 0 0 6 0 7 6 0 0 0 0 -999 
P367 2033 10 0 0 0 0 0 0 0 0 0 0 0 0 0 0 0 45 71 0 134 24 0 0 0 0 53 57 22 10 0 47 97 
P367 2033 11 76 0 117 222 0 169 164 221 28 31 0 0 0 0 164 140 0 0 0 3 0 0 1 1 0 0 0 0 0 16 -999 
P367 2033 12 22 0 93 79 21 37 93 48 59 28 21 0 12 0 0 0 0 0 0 0 0 0 22 0 0 0 0 9 0 9 13 
P367 2034 1 0 0 0 0 4 0 0 0 0 2 0 4 0 0 4 0 0 2 0 0 17 18 30 61 98 113 90 0 0 0 0 
P367 2034 2 0 0 0 0 0 20 48 70 52 55 0 51 10 17 12 0 0 52 164 56 14 31 85 27 11 0 0 0 -999 -999 -999 
P367 2034 3 0 0 0 0 0 0 11 0 0 0 0 0 0 0 9 0 4 0 0 0 29 0 0 6 0 0 0 0 0 52 21 
P367 2034 4 0 0 26 98 165 63 10 27 26 27 32 0 12 0 0 30 32 0 18 27 66 91 0 55 14 0 0 0 1 0 -999 
P367 2034 5 1 6 0 0 0 5 4 0 5 16 0 9 11 0 0 0 0 13 0 0 13 0 18 0 20 11 0 29 38 0 0 
P367 2034 6 50 76 36 0 0 15 16 15 0 10 0 0 0 0 0 0 0 0 0 0 0 0 0 7 0 9 0 0 0 0 -999 
P367 2034 7 0 0 0 0 3 0 0 0 0 0 0 0 0 0 0 0 0 0 0 0 0 0 0 0 0 0 0 0 0 0 12 
P367 2034 8 1 0 0 0 0 0 0 0 0 0 0 0 0 0 0 0 0 0 0 0 0 0 0 0 0 0 0 0 0 6 0 
P367 2034 9 0 0 0 2 0 0 0 0 0 0 16 0 0 0 9 0 0 14 0 0 0 0 0 0 0 0 0 12 0 0 -999 
P367 2034 10 0 0 0 0 0 0 0 0 15 0 4 0 7 7 21 0 9 0 0 20 0 0 44 0 8 0 0 0 0 17 0 
P367 2034 11 8 11 25 33 35 13 0 0 0 0 0 0 0 0 10 0 6 0 0 0 16 14 0 13 0 0 0 34 0 39 -999 
P367 2034 12 0 29 32 0 0 0 0 0 0 0 0 0 0 0 0 17 16 0 0 12 23 32 0 109 141 169 157 0 0 72 0 
P367 2035 1 0 50 59 81 0 62 0 27 22 0 0 6 5 0 0 0 0 0 0 27 17 0 4 0 0 18 0 0 0 0 4 
P367 2035 2 0 0 0 0 19 0 0 0 0 0 0 0 0 0 0 0 0 0 24 21 4 0 86 83 37 0 60 30 -999 -999 -999 
P367 2035 3 0 0 0 0 0 0 0 0 0 0 0 0 0 39 0 0 0 0 14 4 10 0 0 0 0 0 0 0 58 0 0 
P367 2035 4 0 0 0 46 0 85 0 0 0 18 19 16 0 19 32 40 42 16 27 34 76 63 68 53 0 0 0 26 36 39 -999 
P367 2035 5 0 47 14 10 0 0 44 49 0 0 23 0 17 0 0 10 0 0 0 0 0 0 0 0 0 0 4 0 0 0 0 
P367 2035 6 0 0 0 22 10 0 0 0 0 0 0 0 0 0 0 0 0 0 0 0 0 0 0 0 0 0 0 0 0 0 -999 
P367 2035 7 0 0 0 0 0 0 16 36 0 15 0 11 0 0 0 0 0 0 0 0 5 0 0 0 0 0 0 0 0 0 0 
P367 2035 8 0 0 0 0 0 0 19 0 0 0 25 0 0 0 0 0 0 0 0 0 0 0 0 0 0 0 0 15 19 19 25 
P367 2035 9 0 0 0 0 0 0 0 0 0 0 0 22 7 5 0 0 0 0 0 0 0 10 0 9 0 0 0 27 0 0 -999 
P367 2035 10 0 0 7 0 0 0 0 10 0 0 42 0 33 23 58 17 8 0 0 45 87 76 39 0 0 0 0 10 8 7 10 
P367 2035 11 0 0 54 25 0 0 0 5 0 0 0 0 0 0 8 0 0 0 0 11 0 0 10 0 0 0 0 0 1 2 -999 
P367 2035 12 0 0 1 0 0 0 0 0 19 15 10 7 0 0 77 88 36 46 0 0 0 0 15 21 0 35 0 0 0 0 0 
P367 2036 1 87 112 0 28 84 105 91 82 59 185 86 0 70 17 0 0 59 32 51 63 0 16 0 0 0 0 13 0 0 0 0 
P367 2036 2 0 0 61 0 0 0 0 0 0 6 0 0 0 24 8 0 8 0 0 44 30 0 0 48 0 0 12 36 -999 -999 -999 
P367 2036 3 128 121 40 45 0 13 0 0 10 0 17 38 0 46 61 28 24 28 0 0 0 0 0 0 0 0 90 83 57 46 33 
P367 2036 4 183 45 24 0 23 0 0 0 30 32 51 52 0 0 0 7 0 0 0 0 0 0 0 0 0 0 0 4 0 0 -999 
P367 2036 5 0 0 0 0 0 0 14 0 0 0 0 12 15 17 0 0 64 0 63 28 83 96 60 16 0 0 7 0 0 0 0 
P367 2036 6 0 0 0 0 0 0 0 0 0 0 19 13 0 0 18 20 0 0 0 0 0 0 0 0 0 0 0 0 0 11 -999 
P367 2036 7 0 0 0 0 0 0 0 0 0 0 0 0 0 0 0 0 8 0 0 0 0 0 0 0 0 0 0 0 0 0 0 
P367 2036 8 10 0 0 0 0 0 0 0 0 0 0 0 0 0 18 9 0 0 0 11 5 0 0 0 0 0 0 5 0 0 9 
P367 2036 9 0 0 0 0 0 0 0 0 0 0 0 0 0 7 0 0 0 0 0 0 0 0 0 0 0 0 0 0 0 0 -999 
P367 2036 10 0 0 0 16 26 76 47 11 0 55 0 0 0 52 69 34 19 32 20 11 0 0 0 0 30 0 0 0 0 0 0 
P367 2036 11 0 0 0 9 0 49 95 52 44 54 25 0 10 0 14 22 0 0 0 0 0 0 0 28 29 26 0 0 0 0 -999 
P367 2036 12 0 0 9 0 0 6 0 0 0 0 0 25 33 25 18 0 0 0 0 0 0 18 16 12 0 0 61 74 64 192 183 
P367 2037 1 72 77 0 30 32 92 0 40 89 0 0 15 29 53 64 157 0 159 131 70 23 11 13 2 4 1 0 0 0 0 2 
P367 2037 2 0 0 0 0 0 23 0 0 0 0 0 0 39 19 10 0 20 55 81 44 0 0 16 21 18 22 0 0 -999 -999 -999 
P367 2037 3 0 16 42 167 87 42 0 110 0 22 0 0 0 8 0 0 27 0 0 40 0 121 123 170 84 209 108 59 0 0 28 
P367 2037 4 4 0 0 7 0 22 0 0 0 0 0 0 0 62 40 23 0 0 18 18 0 30 56 68 83 66 60 0 21 11 -999 
P367 2037 5 0 0 15 0 26 65 85 34 0 0 0 0 0 5 0 0 0 0 0 0 0 0 0 4 0 0 4 0 0 0 0 
P367 2037 6 0 0 0 0 0 0 29 0 0 0 0 0 0 0 12 0 0 0 0 0 10 7 0 0 0 0 0 0 0 0 -999 
P367 2037 7 0 0 8 0 0 0 0 0 0 13 0 0 0 0 0 0 0 0 0 0 0 0 0 0 0 0 11 0 0 0 0 
P367 2037 8 0 0 0 0 0 0 0 0 0 0 0 0 0 0 0 9 0 0 0 0 0 0 0 0 0 0 0 0 0 0 0 
P367 2037 9 0 0 0 0 8 0 0 0 0 0 0 0 14 0 0 0 0 0 0 0 0 0 0 0 0 27 0 9 0 0 -999 
P367 2037 10 0 0 0 0 0 0 11 0 12 0 0 0 0 0 0 0 0 0 0 16 0 0 0 23 0 0 0 0 0 0 0 
P367 2037 11 0 0 0 10 0 0 0 0 0 0 3 2 0 38 20 62 51 15 0 0 0 0 0 0 0 43 42 32 0 0 -999 
P367 2037 12 21 0 133 174 186 280 161 0 23 0 0 61 16 12 0 0 0 0 0 47 12 8 0 0 0 0 3 1 0 0 0 
P367 2038 1 0 0 0 0 0 0 0 0 0 0 45 170 94 32 26 52 0 29 0 22 38 0 4 0 0 21 0 0 0 33 67 
P367 2038 2 27 0 0 32 42 54 31 0 0 0 0 0 0 0 0 0 0 0 0 0 0 0 0 15 49 0 19 9 -999 -999 -999 
P367 2038 3 11 0 20 0 0 0 0 0 8 0 0 0 33 0 53 69 105 59 0 0 0 0 0 42 19 0 52 0 0 0 0 
P367 2038 4 0 0 56 0 12 0 0 49 29 24 0 0 0 0 0 22 0 0 7 0 0 0 7 3 0 0 0 9 0 0 -999 
P367 2038 5 0 0 0 0 0 0 0 0 0 0 0 0 0 0 0 0 20 14 0 0 0 0 0 0 0 0 0 0 9 0 0 
P367 2038 6 0 0 0 8 8 0 0 15 0 0 0 19 7 0 0 6 0 0 0 0 0 0 0 0 0 0 8 0 0 0 -999 
P367 2038 7 0 15 0 0 0 0 0 0 0 0 0 0 0 0 0 0 0 0 0 6 0 0 0 0 0 0 0 0 0 0 0 
P367 2038 8 0 0 0 0 0 0 0 0 0 0 0 0 0 0 16 0 0 0 0 0 6 0 0 0 0 0 8 0 18 0 0 
P367 2038 9 0 0 0 0 0 0 0 0 0 0 0 0 0 0 5 15 0 0 0 0 0 0 22 0 0 0 0 0 0 0 -999 
P367 2038 10 0 0 0 0 0 0 0 0 0 0 0 0 0 0 0 0 0 0 0 0 20 31 0 0 0 0 0 0 32 16 16 
P367 2038 11 35 0 0 28 79 117 52 29 13 23 49 0 60 0 0 0 25 0 69 21 0 0 0 26 0 18 0 92 117 47 -999 
P367 2038 12 20 5 0 0 11 0 0 0 24 17 0 0 2 0 0 0 0 0 0 0 0 10 0 43 68 0 32 0 95 0 57 
P367 2039 1 37 0 91 62 185 40 24 10 5 0 0 127 138 46 45 117 173 0 197 184 108 49 35 75 0 266 294 0 41 18 24 
P367 2039 2 0 0 9 13 5 0 0 0 0 14 24 0 0 21 59 0 34 17 0 0 64 102 96 59 30 107 81 0 -999 -999 -999 
P367 2039 3 0 9 0 25 38 41 21 7 21 0 36 36 61 13 9 0 53 0 0 63 64 0 10 8 0 0 18 0 5 0 1 
P367 2039 4 2 3 5 0 0 0 14 9 7 0 0 0 0 0 0 0 0 0 0 3 0 0 6 0 0 0 0 0 0 0 -999 
P367 2039 5 63 0 0 0 0 19 12 9 0 66 67 29 0 0 0 36 0 19 20 24 0 0 0 0 0 0 27 31 0 0 17 
P367 2039 6 0 0 0 18 0 0 24 31 56 42 0 0 0 0 0 0 0 52 0 0 0 0 0 0 0 0 0 0 0 0 -999 
P367 2039 7 0 0 0 0 0 0 8 0 0 0 0 0 0 0 0 0 5 0 0 0 0 0 0 0 0 0 0 0 0 0 0 
P367 2039 8 0 0 0 0 0 0 0 0 0 0 0 0 0 0 0 0 0 0 0 0 0 0 0 0 0 0 0 0 0 0 11 
P367 2039 9 0 0 0 0 0 0 0 0 0 0 0 0 0 0 0 0 0 0 0 6 0 0 0 0 0 0 0 0 0 0 -999 
P367 2039 10 0 11 3 2 3 0 0 7 0 29 28 21 0 7 7 0 0 14 38 92 74 87 58 102 94 17 13 0 38 0 29 
P367 2039 11 70 78 0 0 0 0 0 0 0 0 0 0 0 0 0 31 0 0 0 0 0 0 0 0 0 25 0 78 77 50 -999 
P367 2039 12 50 14 0 0 0 0 0 0 0 0 0 16 30 45 67 51 150 342 98 0 0 11 0 0 0 0 36 0 0 0 0 
P367 2040 1 0 0 0 0 0 0 1 0 0 0 9 17 0 0 12 0 40 18 0 0 0 0 8 20 2 0 0 0 0 41 147 
P367 2040 2 59 24 97 83 113 0 0 0 0 0 54 56 38 125 211 155 109 209 202 159 54 54 85 98 56 0 0 0 -999 -999 -999 
P367 2040 3 0 20 0 56 0 0 27 0 0 39 0 0 0 0 0 14 0 0 0 1 4 0 0 0 0 6 0 0 0 0 30 
P367 2040 4 0 20 0 36 0 69 0 0 0 0 22 10 0 0 57 0 22 0 0 0 0 0 7 0 0 32 0 13 0 0 -999 
P367 2040 5 0 0 0 0 0 0 18 0 0 0 0 0 0 0 0 8 0 0 0 0 0 4 0 0 0 0 0 0 4 0 0 
P367 2040 6 0 0 21 0 0 0 6 0 20 31 30 20 0 18 0 12 10 0 0 20 0 0 0 0 0 0 0 0 0 0 -999 
P367 2040 7 0 0 0 4 0 0 0 0 0 0 0 0 0 0 0 0 0 0 0 0 0 0 0 0 0 9 12 0 0 0 0 
P367 2040 8 0 0 0 0 0 0 0 0 0 0 0 0 0 0 12 0 10 4 0 0 0 0 0 0 0 0 0 0 0 0 0 
P367 2040 9 0 0 0 0 0 0 0 0 0 0 0 0 0 0 0 38 8 0 0 0 0 20 16 0 0 0 0 3 0 0 -999 
P367 2040 10 0 0 0 0 0 0 0 53 0 73 21 21 0 19 0 0 105 244 51 14 12 0 20 0 28 0 0 5 0 0 0 
P367 2040 11 7 0 0 5 0 11 0 26 0 10 0 0 37 122 98 171 0 0 0 7 0 0 0 24 0 0 27 33 33 0 -999 
P367 2040 12 0 18 0 0 5 0 0 0 36 17 0 0 10 0 0 0 1 0 0 0 6 0 2 0 0 0 0 0 6 0 0 
P367 2041 1 0 0 0 0 0 44 20 20 0 0 25 28 4 3 0 45 0 0 0 0 5 0 45 132 71 59 214 65 0 76 0 
P367 2041 2 9 0 0 0 0 0 0 0 64 61 52 73 42 46 87 176 55 23 0 0 0 0 0 0 3 0 0 0 -999 -999 -999 
P367 2041 3 0 4 0 0 21 0 0 33 66 55 0 0 0 2 3 0 0 0 0 0 0 0 0 0 0 0 0 0 0 0 3 
P367 2041 4 0 0 0 0 0 0 23 0 0 0 22 0 0 18 23 0 0 0 0 0 7 0 0 3 0 0 0 0 0 0 -999 
P367 2041 5 0 0 29 0 50 0 33 0 24 0 0 33 0 0 0 17 30 32 0 0 0 0 0 0 0 0 8 0 0 0 0 
P367 2041 6 0 0 0 0 0 0 0 0 0 0 21 0 11 9 0 0 0 0 0 0 0 0 0 0 7 0 0 0 17 0 -999 
P367 2041 7 0 0 17 0 0 0 0 0 0 0 0 13 17 0 0 0 0 0 0 0 0 0 0 0 0 0 0 0 0 0 0 
P367 2041 8 0 0 0 0 0 0 0 10 0 0 0 0 0 0 0 0 0 0 8 0 5 0 0 0 0 8 0 0 0 0 0 
P367 2041 9 0 0 0 0 16 0 0 0 12 0 0 0 0 0 0 0 0 15 0 0 0 0 0 0 0 0 0 0 0 0 -999 
P367 2041 10 0 0 0 0 0 0 0 0 0 0 0 0 25 8 0 0 0 0 0 0 0 0 33 0 0 7 0 16 12 0 0 
P367 2041 11 62 147 0 0 12 0 0 0 0 3 0 0 0 0 0 12 0 14 0 16 35 0 0 30 113 69 0 31 26 28 -999 
P367 2041 12 70 115 250 81 31 22 0 20 0 0 0 0 0 7 0 0 0 0 0 0 26 15 7 0 0 0 0 69 89 64 52 
P367 2042 1 0 71 98 106 0 0 0 0 29 66 41 18 8 0 0 0 0 0 82 0 5 1 0 27 0 0 59 64 0 0 4 
P367 2042 2 0 0 0 0 0 0 3 2 9 19 0 15 10 5 0 10 0 3 0 0 0 0 0 45 8 0 0 0 -999 -999 -999 
P367 2042 3 0 7 1 9 21 0 0 0 0 0 0 0 0 0 4 7 17 40 34 46 0 29 48 57 62 60 48 46 0 19 12 
P367 2042 4 0 10 0 0 0 16 27 0 0 10 0 0 6 0 23 0 64 0 0 30 0 0 0 15 4 0 0 0 21 45 -999 
P367 2042 5 36 50 92 85 0 65 50 43 26 44 0 54 107 52 24 23 0 13 7 0 0 6 0 14 2 10 13 0 0 0 15 
P367 2042 6 0 0 21 0 45 0 0 29 0 0 9 0 0 0 0 0 0 0 0 17 7 0 0 0 0 0 0 0 0 0 -999 
P367 2042 7 0 0 0 0 0 0 0 0 0 0 0 0 0 0 0 0 0 0 0 0 0 0 0 0 0 0 0 0 0 0 0 
P367 2042 8 0 0 0 0 0 0 0 0 0 0 0 0 0 4 0 0 0 0 0 0 0 0 0 0 0 0 0 0 0 0 0 
P367 2042 9 0 0 0 5 0 0 0 0 0 0 0 0 0 0 0 0 0 0 50 6 0 0 0 0 21 0 0 0 0 0 -999 
P367 2042 10 0 0 0 0 0 0 7 0 0 5 0 0 0 0 0 0 0 0 9 0 0 0 23 0 0 0 0 0 0 4 0 
P367 2042 11 7 0 0 0 0 0 16 17 26 31 35 60 0 0 0 0 0 0 9 0 0 34 0 0 10 46 44 0 0 31 -999 
P367 2042 12 27 0 0 28 132 0 26 26 0 21 0 63 47 0 9 11 14 0 45 59 0 41 0 0 0 15 39 40 66 147 94 
P367 2043 1 16 0 1 0 0 1 1 0 0 0 0 52 30 52 120 108 114 86 0 10 6 0 0 0 0 0 0 0 0 0 0 
P367 2043 2 0 0 0 0 0 11 0 0 0 0 41 0 0 17 119 127 0 28 0 0 0 0 0 14 0 13 21 0 -999 -999 -999 
P367 2043 3 36 28 9 6 0 0 17 11 8 23 66 67 66 95 0 67 79 0 72 0 22 66 105 93 60 0 0 34 97 142 62 
P367 2043 4 155 146 90 32 0 29 31 59 0 55 34 25 72 30 14 6 0 0 2 0 0 0 0 7 0 41 0 45 105 33 -999 
P367 2043 5 23 0 0 0 0 0 0 0 15 0 0 0 0 45 45 44 0 36 50 74 36 0 7 0 0 0 0 0 0 0 0 
P367 2043 6 0 15 19 13 8 0 0 0 0 0 0 0 0 0 0 7 0 0 0 0 0 0 0 3 0 9 0 0 0 5 -999 
P367 2043 7 0 0 0 0 0 0 0 0 0 9 0 0 0 0 0 0 0 0 0 0 0 0 0 12 0 0 0 0 0 4 0 
P367 2043 8 0 0 0 0 0 0 10 0 0 11 0 0 0 0 0 0 0 0 0 0 0 0 0 0 0 0 0 13 0 0 0 
P367 2043 9 0 0 0 0 0 0 0 6 0 0 0 0 0 0 0 0 0 0 0 0 0 0 0 0 0 0 0 0 0 0 -999 
P367 2043 10 0 0 0 0 0 0 0 0 0 0 0 0 0 0 10 0 0 0 0 25 30 0 0 0 0 3 6 7 16 25 13 
P367 2043 11 0 20 26 48 332 180 0 8 0 0 2 0 0 0 0 0 0 0 0 0 99 100 0 35 0 85 104 0 62 34 -999 
P367 2043 12 19 5 28 85 84 81 19 0 0 0 1 2 1 0 0 0 0 0 0 0 5 0 0 0 0 0 0 0 0 0 0 
P367 2044 1 0 0 2 3 4 0 0 0 20 0 56 62 39 34 25 19 24 128 104 61 0 28 0 50 103 103 0 14 12 0 0 
P367 2044 2 0 0 16 68 23 11 2 0 0 45 32 0 0 13 0 0 0 0 0 0 0 0 0 2 0 0 0 0 -999 -999 -999 
P367 2044 3 0 0 0 0 0 0 0 0 0 0 0 17 10 11 0 0 22 26 7 0 0 0 0 0 0 0 0 0 36 32 0 
P367 2044 4 0 54 47 0 21 0 0 0 64 39 0 0 0 0 0 0 45 35 0 9 0 5 0 0 0 34 0 35 45 0 -999 
P367 2044 5 34 0 0 31 27 0 51 63 65 84 0 70 0 0 39 0 0 0 0 0 0 0 11 8 6 8 8 0 0 0 0 
P367 2044 6 0 0 0 0 0 0 11 0 0 0 0 0 16 0 0 12 0 0 0 23 38 60 0 16 0 0 10 10 12 12 -999 
P367 2044 7 0 0 0 0 0 0 0 0 0 0 0 0 0 0 0 6 0 0 0 0 0 0 0 10 0 0 0 0 0 0 0 
P367 2044 8 0 0 0 0 0 0 0 0 0 0 0 0 0 0 0 0 0 0 0 0 0 0 0 0 0 7 0 0 0 6 0 
P367 2044 9 0 0 0 0 0 0 0 0 0 0 0 0 0 0 0 0 0 0 0 0 0 0 15 15 0 0 15 0 0 0 -999 
P367 2044 10 0 0 0 0 0 2 0 0 11 0 16 0 0 0 0 0 0 0 0 0 0 8 27 117 97 37 0 0 14 0 0 
P367 2044 11 0 0 0 0 0 15 13 0 0 0 59 0 85 81 0 0 35 20 18 0 118 58 0 0 0 22 14 0 0 7 -999 
P367 2044 12 3 0 0 0 0 0 0 0 0 0 0 0 0 0 0 11 26 65 149 323 56 0 83 0 0 49 0 0 0 0 17 
P367 2045 1 32 49 126 0 101 36 37 102 151 114 0 91 0 17 12 8 12 23 0 0 0 0 0 0 0 0 2 11 0 10 0 
P367 2045 2 0 19 0 11 0 0 0 9 0 0 71 136 80 14 10 0 0 0 0 30 54 49 39 32 102 241 287 279 -999 -999 -999 
P367 2045 3 43 11 28 48 27 18 0 68 108 126 103 0 64 99 77 29 0 53 0 0 0 0 0 0 0 0 0 0 2 0 0 
P367 2045 4 0 7 0 7 0 0 0 0 0 0 23 32 0 44 87 54 0 0 27 6 0 20 0 0 0 0 0 0 0 0 -999 
P367 2045 5 0 0 0 44 17 0 0 0 0 0 0 0 0 0 0 0 0 0 0 49 30 38 0 0 46 27 0 0 0 0 0 
P367 2045 6 0 0 0 0 0 0 0 0 0 0 0 13 21 30 14 13 14 12 0 0 15 15 0 0 0 0 0 0 0 0 -999 
P367 2045 7 0 0 0 0 0 0 0 0 0 0 0 0 0 0 0 0 0 0 0 0 0 0 0 0 0 0 0 0 0 0 0 
P367 2045 8 0 0 4 0 0 0 0 0 0 0 0 0 0 0 0 0 0 0 0 0 0 0 0 0 0 0 0 0 7 0 0 
P367 2045 9 18 0 14 15 21 13 0 29 0 0 0 0 9 0 0 0 0 0 0 0 0 3 0 7 0 0 0 0 7 0 -999 
P367 2045 10 0 0 0 0 0 0 21 0 18 0 14 9 0 35 7 0 0 0 0 0 26 0 0 0 11 0 0 0 0 0 0 
P367 2045 11 0 0 41 59 32 0 0 0 0 0 0 0 0 0 0 14 0 0 50 15 0 0 0 9 0 20 0 16 16 0 -999 
P367 2045 12 15 0 0 0 0 0 0 0 16 0 83 0 0 0 0 0 0 0 0 0 0 5 15 107 0 17 8 0 0 0 13 
P367 2046 1 0 20 17 20 8 0 0 0 0 0 0 0 0 0 0 0 0 104 138 122 115 125 102 136 71 114 97 75 119 68 72 
P367 2046 2 65 0 0 0 0 33 0 0 0 0 0 38 61 48 58 133 211 136 0 0 16 0 0 25 22 0 48 61 -999 -999 -999 
P367 2046 3 0 0 40 54 18 13 0 0 0 0 0 0 0 0 0 0 10 0 0 6 0 0 0 0 32 78 0 0 0 29 36 
P367 2046 4 0 0 0 0 17 0 0 63 85 88 28 23 0 65 0 0 84 53 0 0 0 35 0 35 63 45 48 34 0 0 -999 
P367 2046 5 0 27 0 0 0 0 0 0 0 13 0 0 0 0 8 13 21 13 18 24 26 23 0 59 109 45 0 0 0 21 23 
P367 2046 6 0 14 19 31 64 36 0 0 0 0 0 0 0 0 0 0 0 10 8 0 0 0 2 0 0 0 0 0 0 0 -999 
P367 2046 7 0 0 0 0 0 0 0 0 0 0 0 0 0 0 0 0 0 0 0 0 0 0 0 0 0 0 0 0 0 0 0 
P367 2046 8 0 0 0 0 0 0 0 0 0 0 0 0 0 0 0 0 13 0 0 0 0 0 0 0 0 0 0 0 0 0 0 
P367 2046 9 0 0 0 0 0 0 0 0 0 0 0 0 0 0 0 0 10 0 0 0 19 0 0 0 0 10 0 0 0 0 -999 
P367 2046 10 0 18 29 0 0 10 0 16 0 0 12 0 0 0 0 0 0 21 21 0 0 0 21 0 9 0 6 0 0 3 0 
P367 2046 11 38 45 103 95 23 22 0 0 4 0 0 0 0 0 0 0 7 0 0 0 0 0 0 18 11 0 0 0 2 0 -999 
P367 2046 12 8 12 0 4 0 0 3 0 0 0 19 0 20 0 0 0 0 13 15 0 0 0 0 0 0 20 7 0 10 7 0 
P367 2047 1 24 35 90 95 0 49 18 14 33 51 56 12 0 10 16 68 22 0 19 0 23 20 0 0 0 15 0 36 29 0 0 
P367 2047 2 46 7 0 7 0 0 11 0 8 0 0 24 64 42 32 0 13 17 25 0 34 36 44 0 51 0 0 0 -999 -999 -999 
P367 2047 3 0 0 0 22 29 0 26 0 0 0 0 28 0 45 15 24 0 21 0 0 0 0 0 0 8 0 10 0 0 0 0 
P367 2047 4 22 33 0 0 19 16 0 0 0 10 0 0 0 0 0 20 52 68 66 47 0 33 0 0 15 0 0 0 42 37 -999 
P367 2047 5 24 31 35 0 17 39 0 0 0 0 0 0 0 61 75 51 0 0 0 17 24 0 48 24 0 0 0 6 0 0 0 
P367 2047 6 0 0 0 0 0 0 0 0 0 0 0 0 0 0 0 0 0 0 0 0 0 0 0 0 0 0 0 0 0 0 -999 
P367 2047 7 0 0 0 0 0 0 0 0 0 0 10 0 0 0 0 0 0 0 14 0 0 0 0 0 0 0 0 0 0 0 0 
P367 2047 8 0 0 0 0 0 0 0 0 0 0 0 0 0 0 0 0 0 0 0 0 0 0 10 0 4 6 0 0 15 11 0 
P367 2047 9 16 0 0 9 0 0 20 0 14 11 0 0 0 0 0 0 0 2 0 0 0 0 0 0 0 36 0 0 0 0 -999 
P367 2047 10 0 0 0 73 48 0 0 8 0 15 0 0 0 0 0 0 1 0 0 0 0 0 0 0 0 22 0 32 20 21 0 
P367 2047 11 0 7 0 3 0 8 0 13 14 14 8 3 0 0 6 0 13 0 29 44 0 0 0 0 0 0 22 31 33 16 -999 
P367 2047 12 0 95 26 88 278 264 280 134 6 0 0 0 0 33 134 0 0 52 140 148 0 61 54 63 59 41 0 10 0 0 0 
P367 2048 1 0 0 0 0 0 0 3 0 0 0 30 0 4 0 0 4 0 0 0 0 0 19 0 0 14 0 163 14 6 11 45 
P367 2048 2 43 0 0 9 11 0 45 128 22 0 0 0 0 7 0 0 0 47 12 0 0 16 0 0 0 0 0 0 -999 -999 -999 
P367 2048 3 0 0 0 0 0 0 0 0 0 0 0 0 0 0 3 0 0 0 56 0 30 31 21 9 0 0 0 0 26 29 0 
P367 2048 4 14 8 12 0 0 33 0 89 0 18 26 98 116 87 0 38 75 75 156 144 59 33 39 0 21 31 0 20 28 41 -999 
P367 2048 5 0 22 34 29 0 0 0 10 7 0 0 20 0 20 0 0 0 0 10 0 49 58 29 20 0 22 0 43 60 12 0 
P367 2048 6 0 0 0 0 0 0 0 0 0 0 0 7 0 0 0 0 0 0 0 0 5 0 0 0 10 0 0 0 0 0 -999 
P367 2048 7 0 0 0 0 0 0 0 7 0 0 0 0 0 0 0 0 0 0 0 0 0 0 0 0 0 0 5 0 0 0 0 
P367 2048 8 0 0 0 0 0 19 0 0 0 0 0 0 0 0 0 4 5 0 0 0 0 0 0 0 0 0 0 0 0 0 0 
P367 2048 9 0 0 0 0 0 0 0 0 0 0 0 15 14 14 14 0 0 0 13 0 0 0 0 0 0 0 0 0 0 0 -999 
P367 2048 10 0 0 0 10 0 0 0 0 0 0 0 8 0 0 0 56 36 0 0 7 3 0 0 38 0 0 0 0 0 21 0 
P367 2048 11 22 0 17 11 0 17 65 0 0 9 0 20 0 0 1 0 54 16 2 0 0 0 0 0 3 18 18 61 0 209 -999 
P367 2048 12 94 78 98 52 4 0 0 0 0 0 0 0 11 0 37 0 0 51 79 276 83 17 30 0 0 0 0 2 0 1 0 
P367 2049 1 0 61 0 29 29 27 14 0 0 0 23 0 0 0 0 5 0 0 0 0 0 0 0 11 12 6 0 0 0 0 0 
P367 2049 2 0 0 0 0 0 36 58 0 52 93 93 170 289 191 96 284 115 146 0 100 139 108 0 278 165 176 117 0 -999 -999 -999 
P367 2049 3 0 103 105 145 129 54 0 0 0 89 41 0 0 59 26 0 0 46 0 10 23 0 0 0 0 0 0 0 0 0 0 
P367 2049 4 50 0 0 10 38 36 0 0 0 0 0 0 0 0 0 0 0 0 0 3 0 0 0 0 0 0 0 0 14 0 -999 
P367 2049 5 0 0 26 0 9 0 0 0 0 0 0 6 0 0 0 0 0 0 0 0 29 0 0 0 0 0 0 0 0 0 0 
P367 2049 6 0 24 7 0 0 0 0 0 0 0 0 0 0 0 0 10 0 0 10 0 0 6 0 0 0 0 0 0 0 0 -999 
P367 2049 7 0 0 0 0 12 0 54 16 6 0 0 6 0 9 9 0 0 0 0 0 0 5 0 0 1 0 0 0 0 0 0 
P367 2049 8 0 0 0 0 0 0 0 0 0 0 0 0 0 0 0 0 0 0 0 0 0 0 0 0 0 0 0 0 6 5 0 
P367 2049 9 0 0 0 0 0 12 0 0 0 0 0 9 0 0 3 0 0 0 0 0 0 0 0 0 0 0 0 0 7 0 -999 
P367 2049 10 0 0 0 0 6 0 0 0 0 21 0 0 0 0 0 71 22 26 22 7 0 9 0 0 38 35 51 43 19 20 0 
P367 2049 11 0 0 19 25 21 40 135 205 0 16 0 4 6 0 0 8 7 0 12 0 0 0 0 0 14 9 0 67 0 0 -999 
P367 2049 12 0 40 39 0 8 26 16 0 0 32 0 10 0 30 107 110 10 0 1 0 2 0 0 0 38 31 14 0 0 0 0 
P367 2050 1 0 5 0 0 8 9 0 7 24 49 0 122 199 137 67 221 144 0 0 0 3 0 28 24 0 0 0 10 5 13 16 
P367 2050 2 23 0 24 0 0 0 0 47 68 43 0 4 0 0 0 0 2 0 0 1 0 0 0 0 0 10 0 0 -999 -999 -999 
P367 2050 3 0 0 0 0 0 0 5 0 0 0 18 18 0 28 0 20 0 27 62 34 26 0 46 75 88 38 11 20 32 0 0 
P367 2050 4 0 0 0 0 0 0 17 0 21 25 0 128 11 0 0 29 49 0 25 0 0 76 30 0 0 0 0 0 0 37 -999 
P367 2050 5 0 0 30 28 0 0 0 25 0 34 14 13 16 0 0 0 0 0 0 0 0 0 0 0 0 0 0 18 0 19 17 
P367 2050 6 0 11 0 16 21 0 0 0 0 0 0 0 0 0 20 0 0 2 0 0 0 0 0 0 0 0 0 0 0 0 -999 
P367 2050 7 0 0 0 0 0 0 0 0 9 0 0 0 0 0 0 0 0 0 0 0 0 0 0 0 0 0 0 0 0 0 0 
P367 2050 8 0 0 0 0 0 0 0 0 0 0 0 0 0 0 0 0 0 0 0 0 0 0 0 0 0 0 0 0 0 0 0 
P367 2050 9 0 0 0 0 0 0 0 0 0 0 0 7 0 0 0 0 0 0 0 0 0 0 0 0 0 0 0 13 0 0 -999 
P367 2050 10 0 0 0 15 0 17 16 0 18 0 0 0 16 14 51 57 35 31 0 0 0 0 0 10 0 0 29 40 46 38 0 
P367 2050 11 0 0 0 0 0 12 0 0 13 10 11 0 0 0 0 15 0 12 0 0 22 0 47 99 22 0 0 36 0 0 -999 
P367 2050 12 0 0 0 8 14 11 13 0 37 81 0 35 91 122 85 0 0 36 16 0 0 0 0 0 0 0 0 0 11 0 0 
P367 2051 1 0 27 0 0 0 0 7 0 14 38 28 57 156 62 93 0 0 0 14 3 0 0 0 0 0 0 18 0 0 31 0 
P367 2051 2 79 98 59 82 42 23 23 11 15 16 11 0 0 0 15 0 0 0 41 59 0 65 104 0 0 0 0 0 -999 -999 -999 
P367 2051 3 0 0 55 0 0 32 0 0 0 0 45 0 0 74 0 37 0 33 0 0 34 34 0 21 0 27 0 0 0 12 0 
P367 2051 4 0 0 0 19 0 0 0 27 73 0 0 13 0 0 0 0 0 0 0 0 0 0 0 0 0 18 0 62 21 0 -999 
P367 2051 5 8 15 22 15 0 0 0 0 34 9 0 0 0 0 0 0 0 0 11 0 0 0 0 8 16 0 0 16 0 0 0 
P367 2051 6 0 0 0 0 0 16 0 14 0 0 0 13 7 0 0 0 17 0 0 0 0 7 0 0 0 0 0 0 9 0 -999 
P367 2051 7 0 0 0 9 0 0 0 0 0 0 0 0 0 0 0 0 0 0 0 0 0 0 0 0 0 0 0 0 0 0 0 
P367 2051 8 0 0 0 0 0 0 0 0 0 0 0 0 0 0 0 0 0 0 0 0 0 0 0 0 0 0 0 0 0 0 0 
P367 2051 9 0 0 33 0 0 0 8 0 12 9 0 0 0 0 0 0 0 0 0 0 0 0 0 0 0 0 0 0 0 0 -999 
P367 2051 10 0 0 2 0 12 26 0 0 0 15 0 0 0 13 30 28 0 0 0 0 0 0 0 0 0 0 39 0 93 0 15 
P367 2051 11 0 6 0 0 0 0 0 0 0 0 0 0 0 58 0 0 0 0 99 0 45 0 91 52 32 0 0 0 0 46 -999 
P367 2051 12 7 7 0 0 0 160 129 0 38 0 18 28 19 0 48 72 36 0 74 51 64 39 15 0 0 0 0 0 0 0 0 
P367 2052 1 0 0 0 0 11 5 3 0 0 0 2 0 0 0 0 0 0 0 4 0 0 0 0 16 10 0 16 5 2 0 0 
P367 2052 2 0 0 0 0 0 0 0 0 0 0 0 23 18 0 0 0 31 53 0 25 28 0 0 18 0 46 0 0 -999 -999 -999 
P367 2052 3 0 0 0 0 0 18 0 0 10 0 0 0 0 35 45 25 38 0 0 0 83 82 0 37 0 59 30 17 0 0 0 
P367 2052 4 0 0 20 0 0 0 5 0 0 0 0 0 1 3 2 0 0 0 0 0 0 0 0 0 0 0 0 0 0 0 -999 
P367 2052 5 11 0 0 10 0 0 42 0 26 0 0 17 19 0 0 0 0 0 0 0 0 0 0 0 0 20 0 0 0 18 0 
P367 2052 6 0 8 0 0 18 10 0 0 0 14 0 0 38 15 16 29 13 0 0 0 0 0 0 0 0 0 0 7 0 0 -999 
P367 2052 7 0 0 0 0 0 0 0 0 0 0 0 0 0 0 0 10 0 0 0 0 0 0 0 0 0 0 0 0 0 0 0 
P367 2052 8 0 0 0 0 0 9 0 0 0 0 0 0 0 0 0 0 0 0 0 0 0 0 0 0 0 0 0 0 0 0 0 
P367 2052 9 0 0 11 0 3 0 0 0 0 0 0 0 0 0 0 0 0 0 0 0 0 0 0 0 0 0 0 0 0 0 -999 
P367 2052 10 0 0 0 0 0 0 17 12 0 0 0 14 0 0 0 0 0 0 0 0 0 0 0 0 0 0 0 0 0 0 0 
P367 2052 11 15 22 0 0 0 0 0 0 0 5 0 0 0 0 0 16 0 0 0 0 29 0 19 36 61 91 143 41 34 0 -999 
P367 2052 12 44 51 36 30 47 11 7 18 60 199 148 0 122 99 32 13 26 49 29 0 0 0 0 20 23 9 0 0 0 0 0 
P367 2053 1 0 0 0 0 0 0 0 0 0 0 19 0 0 20 19 0 0 0 0 0 0 3 0 0 0 0 0 0 0 0 11 
P367 2053 2 19 77 57 102 98 101 97 27 45 26 21 13 6 5 0 0 18 26 0 0 0 0 11 24 0 36 102 174 -999 -999 -999 
P367 2053 3 169 52 27 33 51 0 5 0 0 35 35 29 0 37 43 44 85 98 72 47 40 32 21 0 0 0 0 0 39 43 0 
P367 2053 4 40 20 0 25 0 0 62 51 0 0 30 0 0 0 0 5 0 0 0 0 0 8 0 0 7 0 0 0 0 0 -999 
P367 2053 5 0 0 0 43 0 78 112 0 37 24 0 0 14 0 0 0 0 0 0 0 0 0 36 47 16 8 0 0 0 0 16 
P367 2053 6 0 0 0 18 15 14 0 0 12 0 0 0 8 0 0 0 0 0 0 0 0 0 0 0 0 0 0 0 0 0 -999 
P367 2053 7 0 0 0 0 0 0 0 0 0 0 0 0 0 0 0 0 0 0 0 0 0 0 0 13 0 0 10 0 14 0 0 
P367 2053 8 0 0 0 0 0 0 0 0 0 0 0 8 10 0 0 0 0 0 0 0 0 4 0 0 0 0 0 0 0 0 0 
P367 2053 9 0 0 0 0 0 0 0 0 6 0 0 0 0 0 5 0 0 0 0 13 7 8 8 0 0 0 0 0 0 0 -999 
P367 2053 10 0 0 0 13 0 0 0 14 18 0 2 0 0 10 0 0 0 29 10 0 0 0 0 0 0 30 0 0 0 18 0 
P367 2053 11 0 29 75 24 0 0 0 0 62 126 64 54 20 32 84 96 101 0 0 14 12 0 0 0 0 18 0 13 19 43 -999 
P367 2053 12 0 14 19 0 0 0 0 0 0 2 0 0 18 0 32 34 17 4 0 0 0 0 19 24 69 95 45 51 102 78 82 
P367 2054 1 87 60 155 93 96 125 59 43 83 67 64 73 112 175 0 71 0 0 0 0 0 0 0 6 0 16 32 230 157 26 0 
P367 2054 2 0 128 87 44 7 0 0 48 22 0 0 22 30 0 19 14 0 0 0 0 0 0 0 1 0 0 0 0 -999 -999 -999 
P367 2054 3 0 0 0 0 0 0 0 0 0 0 0 0 0 0 0 12 0 47 14 17 16 20 42 18 9 9 0 0 55 49 52 
P367 2054 4 18 33 27 22 0 108 127 0 0 0 38 0 0 0 21 44 23 34 42 0 0 0 5 0 0 0 0 56 48 76 -999 
P367 2054 5 41 0 26 26 12 0 0 0 7 0 34 24 0 0 30 34 0 0 21 31 0 63 37 109 80 33 0 15 14 8 0 
P367 2054 6 0 0 0 0 0 0 0 0 0 0 0 0 0 0 0 0 0 0 0 0 0 0 0 0 0 0 0 0 0 0 -999 
P367 2054 7 0 0 0 0 0 0 0 0 0 0 0 0 0 0 0 0 0 0 0 0 0 0 0 0 0 0 0 0 0 0 0 
P367 2054 8 0 0 0 0 0 0 0 0 0 0 0 0 0 0 0 6 0 0 0 0 0 4 3 0 0 14 0 0 0 0 0 
P367 2054 9 9 0 0 13 0 0 0 0 0 0 10 23 28 0 0 8 0 0 10 6 0 0 0 29 20 0 0 10 21 67 -999 
P367 2054 10 0 24 0 27 0 0 0 0 0 0 0 0 0 0 0 0 0 33 13 0 0 0 0 0 73 53 0 16 0 0 0 
P367 2054 11 70 23 9 5 0 0 0 26 88 113 80 53 23 0 126 0 21 28 53 0 0 14 0 4 0 3 35 16 8 0 -999 
P367 2054 12 0 10 0 0 0 12 6 6 0 0 15 66 0 24 8 14 0 11 0 0 0 0 23 55 149 115 123 118 112 81 61 
P367 2055 1 0 0 0 51 19 10 17 33 11 50 94 23 0 0 0 0 41 138 0 0 26 0 0 0 0 0 0 0 6 2 0 
P367 2055 2 0 0 13 0 0 38 69 47 4 4 8 0 0 0 0 0 8 5 3 0 0 0 0 0 0 0 25 0 -999 -999 -999 
P367 2055 3 44 35 49 80 45 35 17 0 27 15 0 25 45 6 0 0 14 0 10 16 0 0 22 45 27 22 0 0 0 0 2 
P367 2055 4 0 0 7 0 17 0 0 0 0 0 23 0 0 0 0 0 0 0 0 28 42 51 17 13 0 21 0 20 8 0 -999 
P367 2055 5 0 3 1 4 0 0 0 0 0 26 66 82 0 18 12 0 0 0 0 12 13 14 0 0 24 49 0 0 0 0 0 
P367 2055 6 0 0 0 0 8 0 0 0 0 0 0 0 0 0 0 0 0 0 0 0 0 0 0 0 0 0 0 0 0 0 -999 
P367 2055 7 0 0 0 0 0 0 0 0 0 0 0 0 0 0 0 0 0 0 0 0 0 0 0 0 0 0 0 0 0 0 0 
P367 2055 8 0 0 0 0 0 0 0 0 0 0 0 2 0 0 0 0 0 0 0 0 0 0 0 0 0 3 0 0 0 0 0 
P367 2055 9 0 0 0 0 0 0 0 0 0 0 0 0 0 0 0 0 0 0 7 0 0 0 0 0 0 0 0 0 0 0 -999 
P367 2055 10 20 0 0 0 0 0 0 7 11 19 41 28 15 0 42 70 110 85 0 42 8 0 0 0 6 0 0 0 0 0 0 
P367 2055 11 0 13 15 27 0 60 89 0 50 0 25 33 0 0 18 28 57 0 0 0 0 0 37 13 0 16 62 0 217 112 -999 
P367 2055 12 41 12 34 21 43 35 15 0 0 3 0 0 0 14 0 0 0 0 0 0 11 14 0 0 0 0 16 37 61 89 49 
P367 2056 1 36 48 0 61 83 84 121 0 54 91 73 0 16 12 0 0 0 10 0 8 0 0 0 26 0 0 113 84 0 0 0 
P367 2056 2 32 65 69 18 86 84 99 0 28 72 144 118 45 140 161 45 20 58 81 0 106 84 0 0 50 0 0 41 -999 -999 -999 
P367 2056 3 0 57 22 24 81 171 111 0 0 94 88 80 77 195 0 0 22 0 0 136 0 0 0 27 0 0 43 64 74 0 18 
P367 2056 4 0 0 36 12 0 0 5 6 0 0 0 6 0 0 0 0 0 0 50 0 0 0 0 0 0 0 0 0 0 0 -999 
P367 2056 5 0 0 0 0 0 0 0 21 0 0 0 36 0 9 7 0 0 0 0 0 14 0 0 0 0 0 0 0 0 0 46 
P367 2056 6 0 0 9 0 0 0 5 13 0 0 0 8 0 0 0 0 0 0 0 0 0 0 0 0 0 0 8 0 0 0 -999 
P367 2056 7 0 0 0 0 0 0 4 7 0 0 0 0 0 0 0 0 0 0 0 0 0 0 0 0 0 0 0 0 0 0 0 
P367 2056 8 0 0 0 0 0 0 0 0 0 0 0 0 0 0 0 0 0 0 0 0 0 0 0 0 0 6 0 0 14 0 0 
P367 2056 9 0 0 0 0 0 0 0 19 8 0 0 0 0 0 16 10 0 0 0 8 0 0 0 0 0 0 0 0 0 14 -999 
P367 2056 10 0 0 0 0 0 0 0 0 0 0 0 0 0 0 0 0 6 14 0 0 0 16 0 46 102 195 54 6 0 8 0 
P367 2056 11 24 46 16 22 0 0 44 63 75 55 33 78 32 0 0 55 0 5 0 0 0 0 1 0 0 0 0 0 0 0 -999 
P367 2056 12 0 0 0 0 0 0 0 9 0 0 0 0 0 6 0 28 0 0 59 19 14 19 0 0 0 7 0 58 51 34 70 
P367 2057 1 67 130 101 0 0 0 37 0 0 0 72 0 12 14 17 0 41 94 149 0 18 8 6 8 5 0 56 230 204 47 78 
P367 2057 2 27 0 8 14 83 34 0 0 0 0 0 2 0 0 0 0 21 4 2 0 0 0 0 22 52 31 71 0 -999 -999 -999 
P367 2057 3 0 41 42 14 0 0 0 0 9 15 6 11 0 0 54 59 60 134 126 95 30 0 0 0 0 0 0 67 42 0 31 
P367 2057 4 0 29 37 0 14 13 0 0 10 27 0 36 0 0 50 56 69 78 0 0 0 29 0 31 3 0 1 0 0 0 -999 
P367 2057 5 29 0 0 0 0 0 0 0 39 29 18 7 0 0 0 9 0 0 0 0 0 0 0 0 15 0 17 18 0 0 0 
P367 2057 6 0 0 0 8 0 0 0 0 0 0 0 0 0 0 0 0 0 0 0 0 0 0 0 0 0 0 2 0 0 0 -999 
P367 2057 7 0 0 0 0 0 0 0 0 3 0 0 6 0 0 0 0 0 0 0 0 0 0 0 0 0 0 0 0 0 0 0 
P367 2057 8 7 0 7 0 0 0 0 0 0 0 0 0 0 0 0 0 0 0 0 0 0 26 0 0 0 0 0 0 0 4 5 
P367 2057 9 0 0 0 4 0 0 0 0 0 0 0 0 0 0 0 0 0 2 0 0 0 0 0 0 0 0 0 0 0 0 -999 
P367 2057 10 14 0 12 0 0 0 0 0 29 0 16 0 0 30 0 5 0 0 0 15 31 19 0 31 52 0 99 42 0 4 0 
P367 2057 11 0 0 0 0 0 0 0 0 0 0 0 59 0 30 0 0 13 0 25 36 29 12 0 0 11 0 72 124 25 65 -999 
P367 2057 12 86 0 112 15 0 0 0 0 0 0 0 0 0 0 0 0 0 0 50 48 54 44 92 129 75 0 0 21 0 2 3 
P367 2058 1 21 30 0 0 0 18 24 14 44 69 33 97 167 87 202 268 89 100 39 0 0 0 0 0 0 0 55 154 158 155 80 
P367 2058 2 29 17 20 0 85 56 37 0 38 0 0 93 0 0 0 0 0 12 0 0 0 0 0 15 0 0 0 0 -999 -999 -999 
P367 2058 3 0 0 0 0 0 0 0 0 0 0 0 0 0 0 0 0 0 13 14 0 0 0 0 0 0 3 0 5 0 9 18 
P367 2058 4 62 68 16 11 0 17 62 0 18 21 11 0 45 0 0 0 0 18 0 0 0 0 0 42 41 54 22 24 23 47 -999 
P367 2058 5 25 0 0 0 0 44 34 13 0 8 0 0 0 0 0 0 12 0 0 0 0 0 0 26 0 0 0 0 0 0 0 
P367 2058 6 0 5 0 0 9 0 0 10 25 0 16 0 0 0 17 19 0 0 0 0 0 0 0 0 0 0 0 0 0 0 -999 
P367 2058 7 0 0 0 0 0 0 0 0 0 0 0 0 0 0 0 0 0 0 0 0 0 0 0 0 0 0 0 0 0 0 0 
P367 2058 8 0 0 0 0 0 0 0 0 0 0 0 0 0 0 0 0 0 0 0 12 0 0 0 0 0 0 0 0 19 0 0 
P367 2058 9 0 0 0 6 0 0 0 0 12 22 19 0 0 0 0 0 0 0 0 0 0 0 0 0 0 0 0 0 0 0 -999 
P367 2058 10 0 0 0 70 75 32 0 0 0 0 4 0 0 0 0 7 0 0 13 19 39 0 0 26 0 0 4 6 6 6 0 
P367 2058 11 0 0 0 0 0 0 0 0 0 16 0 0 0 0 21 2 0 0 1 0 0 0 0 8 7 0 0 0 9 0 -999 
P367 2058 12 0 0 0 18 17 0 20 0 0 0 0 0 10 0 0 0 0 0 0 0 0 0 0 0 0 10 0 17 2 0 0 
P367 2059 1 0 0 0 0 3 31 40 73 0 0 0 0 0 6 16 23 47 0 0 0 0 0 0 0 0 0 0 0 0 2 0 
P367 2059 2 0 0 0 0 0 0 0 0 0 0 40 78 88 47 22 3 0 0 0 0 0 0 0 0 0 0 0 0 -999 -999 -999 
P367 2059 3 0 0 0 0 0 0 0 0 0 21 0 0 0 0 0 0 12 31 43 0 0 0 0 0 15 0 0 47 0 0 0 
P367 2059 4 32 0 13 9 0 26 0 80 66 73 47 59 35 35 14 27 34 0 0 0 0 0 55 142 0 0 0 12 0 0 -999 
P367 2059 5 2 0 0 0 0 0 0 3 8 18 0 0 0 0 0 0 31 75 52 15 0 0 0 0 38 0 24 0 0 0 0 
P367 2059 6 0 0 0 0 0 0 0 0 0 0 0 13 0 0 5 0 0 0 0 0 0 0 0 20 0 0 16 0 0 0 -999 
P367 2059 7 0 0 0 0 0 0 0 0 0 0 0 0 0 0 0 0 9 0 0 0 0 0 3 0 0 0 0 0 0 0 0 
P367 2059 8 0 0 0 0 0 0 0 0 0 0 0 3 0 0 0 0 0 17 0 0 0 0 0 0 0 0 0 5 0 0 0 
P367 2059 9 0 0 0 0 0 0 0 0 0 0 0 0 0 0 0 0 0 0 0 0 0 0 0 0 0 0 0 0 0 19 -999 
P367 2059 10 0 29 20 0 0 16 0 8 0 5 3 0 0 0 0 20 0 14 0 18 0 0 0 0 0 0 0 81 0 0 0 
P367 2059 11 0 0 68 74 0 9 0 0 0 0 0 0 0 0 0 17 0 26 0 0 8 0 15 0 12 0 0 0 0 0 -999 
P367 2059 12 0 0 0 0 0 0 21 22 0 58 36 48 36 0 11 9 3 0 0 0 9 6 12 0 54 139 123 63 53 44 0 
P367 2060 1 17 15 22 46 0 0 0 0 0 48 0 134 141 85 65 0 17 13 0 0 0 0 0 0 0 0 0 0 0 0 0 
P367 2060 2 65 5 0 3 0 0 0 0 0 0 9 34 9 0 0 0 0 0 16 0 0 13 12 10 0 0 0 36 -999 -999 -999 
P367 2060 3 0 0 11 14 0 0 66 21 11 25 0 8 0 1 0 7 0 6 0 0 0 50 55 0 0 22 0 0 76 48 10 
P367 2060 4 52 31 36 0 0 0 30 49 76 85 0 30 0 32 0 39 0 13 10 0 4 0 0 0 0 0 38 11 15 9 -999 
P367 2060 5 0 17 0 23 16 0 7 0 0 0 0 0 0 0 0 0 0 0 0 0 0 0 0 0 0 0 0 0 0 0 10 
P367 2060 6 0 0 0 0 0 22 9 0 0 0 0 0 0 0 0 0 0 10 16 0 0 0 0 0 0 0 0 0 0 0 -999 
P367 2060 7 0 0 0 0 0 0 0 0 0 0 0 0 0 0 0 0 0 0 2 0 0 0 0 0 0 0 0 0 0 0 0 
P367 2060 8 0 0 0 0 0 0 0 0 0 0 0 0 0 0 0 0 0 0 0 0 0 8 3 0 0 0 0 0 0 0 0 
P367 2060 9 3 0 0 0 17 0 0 0 0 0 0 0 13 0 0 0 15 0 12 0 0 0 5 0 0 17 0 0 0 23 -999 
P367 2060 10 0 0 0 0 0 0 5 0 7 0 0 3 0 0 0 0 0 4 10 0 0 0 0 0 0 0 0 0 0 0 32 
P367 2060 11 0 19 0 0 0 62 48 45 88 64 30 64 26 0 0 0 112 118 130 102 40 0 0 0 0 31 20 39 25 0 -999 
P367 2060 12 12 0 0 0 35 81 104 0 0 0 0 0 0 0 0 0 25 17 13 14 0 0 0 38 26 21 31 44 137 0 0 
P367 2061 1 23 35 34 0 14 31 83 69 0 0 0 8 0 0 0 0 0 0 0 0 31 29 27 0 0 10 0 4 0 1 8 
P367 2061 2 0 0 0 11 0 0 0 0 44 38 0 40 24 0 0 0 0 0 0 0 17 0 0 0 21 0 20 29 -999 -999 -999 
P367 2061 3 0 23 0 3 0 15 15 0 47 50 0 4 0 0 0 47 0 108 0 0 0 0 52 75 163 20 0 0 0 0 0 
P367 2061 4 52 87 123 92 28 0 0 0 0 42 36 46 0 2 0 31 10 0 33 0 0 4 0 0 0 0 0 0 0 0 -999 
P367 2061 5 11 0 0 0 0 16 0 0 0 0 7 0 0 0 0 0 22 0 0 0 0 0 0 0 0 0 0 0 0 0 0 
P367 2061 6 0 0 0 0 0 0 0 0 0 0 0 0 15 0 0 0 0 0 0 0 0 0 0 0 0 0 0 8 0 0 -999 
P367 2061 7 0 0 0 7 0 0 0 0 0 0 0 0 0 0 0 0 0 0 0 0 0 0 0 0 0 0 7 0 6 5 0 
P367 2061 8 0 0 0 0 0 0 0 0 0 0 0 0 0 0 0 0 0 0 0 0 0 0 0 12 0 0 0 0 0 0 0 
P367 2061 9 0 0 0 0 0 0 0 0 0 0 0 0 0 0 0 0 0 18 15 8 0 0 0 0 0 0 26 0 0 0 -999 
P367 2061 10 0 8 9 10 0 0 0 0 0 0 0 0 0 0 0 96 60 36 0 124 33 0 124 125 18 5 0 0 68 0 0 
P367 2061 11 0 37 0 0 0 0 0 25 63 113 0 21 0 8 0 34 75 37 0 0 0 0 0 0 0 0 0 49 24 0 -999 
P367 2061 12 0 3 0 1 0 0 5 0 0 0 30 40 15 11 0 30 0 0 0 0 44 95 12 0 0 0 0 8 14 28 28 
P367 2062 1 6 0 9 0 0 0 0 0 0 1 0 0 0 0 8 0 0 35 0 0 0 0 0 11 0 75 79 56 0 51 0 
P367 2062 2 32 0 0 45 0 0 0 0 0 23 33 5 0 0 8 16 0 0 0 0 0 0 0 74 57 72 40 14 -999 -999 -999 
P367 2062 3 0 0 0 35 48 0 7 9 13 27 92 151 255 316 123 0 12 25 65 7 0 30 50 14 6 7 0 0 14 15 0 
P367 2062 4 0 0 0 0 0 0 0 0 0 0 14 7 0 0 0 19 0 0 0 0 0 0 0 0 0 0 0 31 31 54 -999 
P367 2062 5 18 5 0 0 0 0 0 0 0 38 13 0 0 0 0 0 10 0 0 0 0 0 0 0 0 0 0 0 0 0 0 
P367 2062 6 0 0 0 0 28 17 0 0 5 0 0 0 0 0 0 0 0 0 0 0 0 0 0 0 0 0 0 0 0 0 -999 
P367 2062 7 0 0 0 0 13 8 0 0 0 0 0 10 0 0 0 0 0 0 0 0 0 0 0 0 0 0 0 0 0 0 0 
P367 2062 8 0 0 0 0 0 0 0 0 7 0 8 0 8 0 0 0 0 0 0 0 0 0 0 0 0 0 0 0 9 6 0 
P367 2062 9 0 0 9 0 0 0 0 0 0 14 13 0 0 0 0 0 0 0 0 0 0 0 0 0 0 0 0 0 0 0 -999 
P367 2062 10 0 0 24 83 159 149 58 20 0 21 0 15 0 0 0 16 49 15 0 0 0 0 0 0 0 0 11 14 0 0 0 
P367 2062 11 0 5 0 0 0 16 0 0 0 0 0 0 35 69 28 0 0 0 46 0 0 22 47 0 8 45 0 0 0 5 -999 
P367 2062 12 0 31 3 0 0 0 23 12 0 0 43 48 1 0 5 0 38 103 22 5 0 0 0 6 0 0 0 0 0 19 42 
P367 2063 1 0 69 144 64 28 88 115 219 165 34 14 0 96 118 107 163 136 121 127 0 101 140 80 41 71 70 0 0 0 100 84 
P367 2063 2 186 60 0 47 10 21 17 11 0 0 0 0 0 81 107 159 73 29 7 0 2 0 0 6 0 12 0 0 -999 -999 -999 
P367 2063 3 0 0 0 0 0 0 0 0 0 0 0 64 62 80 78 129 0 0 17 0 0 0 22 42 166 112 108 63 76 0 84 
P367 2063 4 32 0 0 32 90 0 0 0 113 38 0 7 0 18 0 13 20 7 0 0 0 17 25 0 10 0 0 0 0 0 -999 
P367 2063 5 21 34 31 7 0 0 0 0 0 0 0 0 0 29 0 27 0 13 0 0 0 0 0 12 0 15 0 0 0 0 0 
P367 2063 6 0 0 0 0 0 0 0 0 0 0 0 0 0 0 0 0 0 0 0 0 0 0 0 0 0 0 0 0 0 0 -999 
P367 2063 7 0 0 0 0 0 0 0 0 0 0 0 0 0 0 0 0 0 0 0 0 0 0 0 0 0 0 0 0 0 0 0 
P367 2063 8 0 0 0 0 0 0 0 0 21 0 0 0 0 0 0 0 0 0 0 0 0 0 0 0 16 0 0 0 0 0 0 
P367 2063 9 0 0 0 0 0 0 0 0 0 0 0 0 0 0 15 0 0 0 14 0 12 0 0 0 0 19 0 0 0 0 -999 
P367 2063 10 0 2 0 0 0 0 0 0 0 0 15 0 0 0 36 0 0 0 8 9 0 0 0 0 18 28 9 5 0 0 0 
P367 2063 11 0 0 0 0 0 0 0 0 0 0 0 0 19 43 1 0 0 4 0 0 0 0 9 0 0 0 0 0 0 0 -999 
P367 2063 12 0 0 0 0 0 0 0 3 0 0 2 10 12 7 26 0 0 0 15 0 0 1 0 0 0 0 0 0 0 0 0 
P367 2064 1 0 0 0 0 0 5 0 0 0 0 0 0 0 0 37 92 16 0 8 0 0 0 0 0 0 46 34 23 22 0 33 
P367 2064 2 32 69 0 0 0 0 19 16 0 0 0 0 5 0 5 0 0 1 0 3 0 0 0 0 0 0 0 0 -999 -999 -999 
P367 2064 3 30 21 0 0 16 0 42 52 73 0 0 18 0 0 97 66 49 56 39 46 0 22 0 0 0 66 41 0 0 17 0 
P367 2064 4 27 0 0 61 0 0 0 51 0 0 19 0 19 0 0 0 17 0 0 0 0 0 0 0 42 44 0 0 0 28 -999 
P367 2064 5 0 0 0 0 21 28 40 35 0 0 11 12 0 0 0 0 6 0 18 20 0 0 19 10 11 0 0 0 0 0 0 
P367 2064 6 0 0 8 0 0 0 0 0 0 0 0 0 0 0 0 0 0 0 0 0 0 0 0 0 0 0 0 0 0 0 -999 
P367 2064 7 0 0 0 0 0 0 0 0 0 0 0 8 0 0 0 0 0 0 0 0 0 0 0 0 0 0 0 0 0 0 0 
P367 2064 8 0 0 0 0 0 0 0 0 0 0 0 0 0 0 0 0 0 0 0 0 0 0 0 0 0 0 0 0 0 0 0 
P367 2064 9 0 0 0 0 0 0 0 0 0 0 0 0 0 0 0 0 0 0 11 0 0 23 34 19 6 3 0 0 0 0 -999 
P367 2064 10 0 2 3 0 0 0 0 0 0 15 0 8 0 0 0 0 0 0 0 0 12 0 0 30 17 0 0 0 0 31 0 
P367 2064 11 0 0 10 17 56 8 0 0 1 0 0 0 31 108 58 8 0 0 2 0 0 0 0 0 0 0 20 32 18 16 -999 
P367 2064 12 27 37 0 0 0 108 79 147 260 84 28 0 31 0 0 0 0 2 4 0 13 0 0 0 0 0 0 0 0 0 0 
P367 2065 1 0 0 0 0 21 0 0 17 28 0 0 48 0 99 0 22 0 0 0 0 7 0 0 0 0 0 8 0 34 36 43 
P367 2065 2 32 0 0 0 0 0 17 17 7 0 0 0 77 0 83 123 137 135 103 104 20 0 0 6 28 0 0 0 -999 -999 -999 
P367 2065 3 0 1 0 0 0 0 0 0 0 0 4 6 13 4 6 0 0 12 0 0 0 0 21 23 53 0 32 0 0 0 0 
P367 2065 4 0 0 0 0 28 62 10 0 2 0 0 0 0 0 0 0 12 0 8 0 0 0 0 0 0 0 0 0 0 0 -999 
P367 2065 5 0 0 0 0 0 0 0 0 0 0 0 0 0 0 0 18 0 0 0 0 32 0 8 7 6 0 0 0 0 0 0 
P367 2065 6 0 0 0 0 0 0 0 0 0 10 5 8 0 0 0 0 0 0 0 0 0 0 0 0 0 0 0 0 0 0 -999 
P367 2065 7 0 0 0 0 0 0 0 0 0 0 0 0 0 0 0 10 0 0 0 0 0 0 0 0 0 0 0 0 0 0 0 
P367 2065 8 0 0 0 0 0 0 0 0 0 0 0 0 0 0 0 0 0 0 0 0 0 0 0 0 0 0 0 0 0 0 0 
P367 2065 9 0 0 0 0 0 0 0 0 0 0 0 0 0 0 0 0 0 0 0 0 0 0 0 0 20 0 0 4 0 0 -999 
P367 2065 10 0 0 0 0 0 0 0 0 0 19 0 0 20 11 36 37 13 0 0 52 31 0 68 124 35 0 104 0 49 77 19 
P367 2065 11 0 0 0 0 0 8 0 0 0 0 0 0 0 0 0 0 0 0 0 0 65 0 23 0 0 14 54 0 16 22 -999 
P367 2065 12 0 0 6 0 4 0 0 0 0 22 40 127 57 19 12 35 28 43 62 124 86 204 0 282 302 346 220 0 0 0 0 
P367 2066 1 0 0 0 0 7 0 0 0 40 59 118 213 74 0 111 68 10 34 130 66 0 0 78 0 0 0 0 0 0 0 0 
P367 2066 2 33 27 0 0 25 30 13 0 45 32 41 23 15 0 0 0 0 7 0 0 0 0 10 11 139 98 60 76 -999 -999 -999 
P367 2066 3 45 17 7 0 0 0 60 7 0 0 9 0 1 0 0 0 0 0 0 4 0 0 0 0 25 36 0 0 8 0 0 
P367 2066 4 0 13 0 0 0 0 30 23 0 0 0 6 0 22 21 14 18 0 9 0 2 9 9 0 25 0 0 0 78 70 -999 
P367 2066 5 19 0 23 0 0 23 0 25 40 25 0 12 0 0 0 0 0 0 0 0 0 0 0 0 1 0 0 0 0 0 0 
P367 2066 6 0 0 0 0 0 0 0 0 0 0 0 9 0 0 0 0 0 0 0 0 0 0 0 0 0 0 0 0 0 0 -999 
P367 2066 7 0 0 0 0 0 0 0 0 0 0 0 0 0 0 0 0 23 0 0 0 0 0 0 0 0 0 0 0 5 0 0 
P367 2066 8 0 0 0 0 0 0 0 0 0 0 0 0 0 0 0 0 0 0 10 0 0 0 0 0 0 0 0 0 0 0 0 
P367 2066 9 0 0 2 0 0 3 0 0 0 0 0 0 0 0 0 0 0 0 0 0 19 0 0 0 31 0 0 0 0 0 -999 
P367 2066 10 0 0 0 0 0 0 0 0 0 0 0 4 6 11 0 0 0 0 16 14 22 20 0 7 4 11 0 44 12 0 0 
P367 2066 11 0 0 0 0 63 30 32 34 34 19 24 28 58 0 0 0 0 0 1 0 0 0 0 8 0 0 9 6 0 0 -999 
P367 2066 12 3 5 16 45 23 0 8 2 0 0 0 0 0 81 190 170 377 345 150 86 45 33 13 9 7 10 0 15 23 100 95 
P367 2067 1 28 130 56 18 0 28 21 18 0 28 0 52 51 50 110 88 92 0 52 184 136 140 126 135 219 168 247 52 29 0 93 
P367 2067 2 111 55 137 59 0 0 0 72 29 60 81 18 45 141 98 12 16 78 163 112 161 73 37 0 0 104 123 12 -999 -999 -999 
P367 2067 3 2 0 0 7 1 0 0 0 0 0 28 33 97 26 4 1 1 0 0 0 20 0 22 22 7 5 7 0 0 0 0 
P367 2067 4 0 0 0 0 0 0 0 0 0 0 0 0 0 0 0 23 0 25 24 21 28 0 30 0 0 15 0 11 0 21 -999 
P367 2067 5 24 0 0 17 25 18 0 0 0 0 35 23 0 0 0 10 0 0 18 0 26 0 0 11 16 18 14 0 17 0 0 
P367 2067 6 0 0 18 0 0 0 0 0 0 0 0 0 6 0 0 11 0 13 10 1 0 0 0 0 0 2 0 0 0 0 -999 
P367 2067 7 0 0 0 0 0 0 0 0 0 0 0 0 0 0 0 0 0 0 0 0 0 0 0 9 0 0 0 11 6 0 0 
P367 2067 8 0 0 0 0 0 0 0 0 0 0 0 0 0 0 0 0 0 0 0 0 0 0 0 0 0 0 0 0 0 0 0 
P367 2067 9 0 0 0 0 0 0 0 0 0 0 9 0 7 0 20 0 0 0 0 0 0 3 0 0 4 0 0 0 0 0 -999 
P367 2067 10 0 0 2 0 0 6 0 0 0 8 0 0 6 0 0 0 0 0 0 0 0 0 14 13 0 0 0 0 0 0 0 
P367 2067 11 0 0 0 0 0 17 20 0 1 0 0 0 0 0 0 0 20 0 0 0 0 0 0 24 0 0 0 0 0 40 -999 
P367 2067 12 15 23 0 0 53 17 0 26 39 9 17 20 38 7 0 7 0 0 1 0 0 6 0 0 0 19 108 64 74 7 37 
P367 2068 1 8 0 0 24 0 139 150 33 0 0 0 0 0 0 0 0 0 0 0 0 0 0 0 0 47 0 19 13 0 21 15 
P367 2068 2 7 0 0 0 0 40 40 30 0 0 0 40 23 0 0 0 0 0 0 9 19 0 0 10 7 0 0 52 -999 -999 -999 
P367 2068 3 0 56 40 0 166 192 50 29 76 47 12 0 32 8 0 0 91 145 50 0 13 69 84 0 0 20 0 0 0 0 0 
P367 2068 4 52 62 25 0 0 0 17 75 79 50 28 0 0 23 0 0 4 7 0 0 0 0 0 26 0 9 0 0 0 0 -999 
P367 2068 5 0 0 0 24 19 0 26 17 0 18 0 0 47 46 20 0 0 0 0 0 24 0 0 14 0 0 21 25 0 0 0 
P367 2068 6 14 23 0 21 16 0 0 0 0 0 0 0 0 0 0 0 7 0 0 0 0 0 0 0 0 0 0 0 0 0 -999 
P367 2068 7 0 0 0 0 0 0 0 0 0 0 0 0 0 0 0 0 5 0 0 0 0 0 0 0 0 0 0 0 0 0 0 
P367 2068 8 0 0 0 0 0 0 0 0 0 0 0 0 0 12 0 0 0 0 0 0 0 0 0 0 0 0 14 0 0 0 0 
P367 2068 9 0 0 0 0 0 0 0 0 0 43 43 21 0 0 14 0 0 0 4 0 0 0 0 0 0 0 0 0 4 0 -999 
P367 2068 10 0 0 0 0 0 0 0 0 0 0 0 0 0 0 0 4 0 0 0 0 0 14 0 0 0 0 0 0 0 0 17 
P367 2068 11 0 20 22 19 7 0 0 0 1 5 6 0 0 0 0 0 0 19 27 48 54 40 0 0 0 0 0 0 0 0 -999 
P367 2068 12 0 0 0 0 0 0 44 84 58 53 0 0 32 168 60 0 0 0 0 28 19 0 34 32 49 78 10 11 0 32 10 
P367 2069 1 43 0 34 0 5 0 0 0 2 0 6 0 0 2 0 2 0 0 0 0 16 0 0 1 0 4 0 0 56 0 0 
P367 2069 2 0 0 0 122 163 0 35 80 113 17 3 0 0 0 0 0 0 0 33 32 81 0 0 0 0 0 28 35 -999 -999 -999 
P367 2069 3 56 0 38 16 0 0 0 0 0 0 22 14 0 0 0 0 0 0 0 0 0 0 0 0 0 0 35 51 44 23 43 
P367 2069 4 0 0 0 0 31 10 30 23 0 0 0 0 0 0 0 0 0 0 14 12 0 0 0 14 36 35 11 9 7 0 -999 
P367 2069 5 0 0 0 0 0 0 0 3 0 0 0 0 0 0 0 0 48 32 0 32 46 28 14 7 0 13 0 0 0 0 0 
P367 2069 6 10 0 0 0 0 0 0 10 17 10 0 0 0 0 8 0 0 0 0 0 0 0 0 0 0 0 0 0 0 0 -999 
P367 2069 7 0 0 6 0 0 0 0 0 0 0 0 0 0 0 0 0 0 0 0 0 0 0 5 0 0 0 0 0 0 0 0 
P367 2069 8 0 0 0 0 0 0 0 0 0 0 0 0 0 0 0 0 0 0 0 0 0 0 6 0 0 0 0 7 0 0 0 
P367 2069 9 0 0 0 0 4 0 0 0 0 0 0 0 0 0 0 0 4 0 0 0 0 0 0 0 0 0 0 0 20 0 -999 
P367 2069 10 8 0 0 6 0 0 16 0 0 0 0 13 0 0 21 30 31 47 79 88 44 28 0 0 0 0 0 101 108 64 9 
P367 2069 11 0 0 23 48 24 0 0 103 83 22 5 0 36 18 8 0 0 10 0 14 0 0 0 0 0 0 0 12 0 0 -999 
P367 2069 12 0 0 15 0 0 0 0 0 0 14 0 7 0 7 0 14 0 6 4 9 0 45 47 17 12 0 0 46 100 54 0 
P367 2070 1 0 17 65 0 0 0 144 178 145 54 73 31 0 0 0 0 0 0 0 10 0 14 22 21 7 4 0 0 0 0 17 
P367 2070 2 33 28 0 0 0 0 0 0 9 0 31 28 13 0 0 0 18 0 0 22 27 0 47 89 63 171 147 0 -999 -999 -999 
P367 2070 3 49 20 0 0 0 0 0 0 0 0 50 20 0 0 134 45 0 57 106 0 187 0 46 0 0 0 21 0 0 0 0 
P367 2070 4 0 0 0 22 16 0 0 0 88 50 38 18 0 0 0 28 29 0 25 0 0 0 20 0 7 0 16 0 0 0 -999 
P367 2070 5 0 0 0 64 61 116 41 0 26 0 24 13 0 15 0 0 19 0 0 0 16 16 10 0 0 10 13 0 0 0 0 
P367 2070 6 0 0 0 0 0 0 0 0 0 0 0 10 0 0 0 0 0 0 0 0 0 0 0 0 0 0 0 0 0 0 -999 
P367 2070 7 0 0 0 0 0 0 0 0 0 0 0 0 0 0 0 0 0 0 0 0 0 0 0 0 0 0 0 0 0 0 0 
P367 2070 8 0 0 0 0 0 0 0 0 0 8 0 0 0 0 0 0 0 0 0 0 0 0 0 0 0 0 0 0 0 0 0 
P367 2070 9 0 0 0 12 0 0 6 0 0 0 0 0 0 0 6 0 0 0 0 0 0 0 6 0 0 0 0 0 0 16 -999 
P367 2070 10 0 0 6 0 0 0 0 0 0 0 0 0 67 29 32 0 62 140 66 6 0 0 0 0 6 0 0 0 5 0 28 
P367 2070 11 20 0 0 0 0 0 0 0 0 0 0 0 0 0 5 0 10 10 7 8 17 0 0 0 0 0 0 94 90 27 -999 
P367 2070 12 29 68 39 0 0 0 0 0 26 0 0 0 56 30 22 0 0 0 0 70 32 80 107 14 16 60 0 20 78 144 0 
P367 2071 1 7 10 0 0 41 0 0 0 48 96 0 62 94 48 17 24 41 63 38 0 37 0 0 16 0 75 102 61 38 0 17 
P367 2071 2 0 21 0 12 33 95 63 23 35 50 56 78 66 0 0 0 54 0 35 35 0 17 19 15 0 8 0 0 -999 -999 -999 
P367 2071 3 17 0 16 9 0 25 34 44 37 0 41 24 21 67 45 29 0 0 0 15 5 0 0 17 0 0 0 0 0 0 0 
P367 2071 4 36 91 94 43 0 0 0 0 0 0 0 23 0 0 0 0 0 0 0 36 0 49 50 40 55 42 34 25 22 26 -999 
P367 2071 5 0 0 30 0 0 60 53 0 44 40 0 18 0 0 0 0 0 14 0 0 13 0 13 13 30 0 7 0 0 14 15 
P367 2071 6 18 10 14 15 0 0 0 0 0 15 0 0 0 0 40 7 0 0 0 9 0 0 0 0 0 0 0 0 0 0 -999 
P367 2071 7 0 0 0 0 22 0 0 0 0 0 0 0 0 0 0 0 8 0 0 0 0 0 0 0 0 0 0 0 0 0 0 
P367 2071 8 0 0 0 0 0 0 0 0 0 0 0 0 0 0 0 0 0 0 0 0 0 0 0 0 0 0 0 0 0 0 0 
P367 2071 9 14 0 0 0 0 0 0 0 0 0 0 0 0 0 3 0 0 0 0 0 0 0 0 0 0 0 0 0 16 0 -999 
P367 2071 10 0 0 0 0 6 0 0 0 0 0 0 0 0 0 0 0 68 0 22 0 0 0 0 6 0 0 0 41 34 0 78 
P367 2071 11 36 89 128 110 33 0 16 0 0 0 7 1 0 0 0 20 0 9 0 0 34 40 0 35 40 37 4 6 0 0 -999 
P367 2071 12 0 19 20 39 42 156 159 115 120 234 173 177 117 116 45 69 105 81 0 0 0 0 110 202 62 169 55 0 0 28 72 
P367 2072 1 65 0 0 0 0 20 0 0 11 0 0 0 0 0 0 0 12 0 22 39 50 22 34 0 0 73 0 8 0 0 20 
P367 2072 2 86 48 57 21 54 14 0 0 4 0 0 0 0 0 0 2 0 14 70 42 0 26 0 13 13 0 0 0 -999 -999 -999 
P367 2072 3 0 0 0 0 0 0 0 0 0 0 0 0 0 0 0 0 0 0 0 0 14 0 0 33 17 0 0 50 41 0 0 
P367 2072 4 15 0 9 26 14 0 0 0 0 34 0 0 0 0 8 0 0 0 0 0 21 10 28 4 0 0 0 0 0 36 -999 
P367 2072 5 19 0 10 0 0 27 14 0 0 0 0 21 28 0 11 15 0 0 0 0 0 0 12 13 0 0 0 0 0 0 0 
P367 2072 6 0 4 0 0 0 18 3 0 0 12 0 0 6 0 0 0 0 0 0 0 0 0 0 0 0 0 3 0 0 0 -999 
P367 2072 7 0 0 0 0 0 0 16 0 0 0 0 0 0 0 0 0 0 0 0 0 0 0 0 0 0 0 0 0 0 0 0 
P367 2072 8 0 0 0 0 0 0 0 0 0 0 8 0 0 0 0 0 0 0 0 0 0 0 0 0 0 0 0 0 0 0 0 
P367 2072 9 0 0 0 0 0 33 6 0 0 0 0 0 0 0 0 0 0 0 0 16 0 12 10 0 0 39 0 0 0 9 -999 
P367 2072 10 7 0 0 0 0 0 0 0 0 0 0 7 0 0 26 25 17 0 2 0 0 10 0 0 0 3 0 0 0 1 0 
P367 2072 11 0 0 0 0 0 53 1 0 0 21 34 0 19 63 0 0 0 0 0 0 13 0 27 0 0 0 57 0 10 2 -999 
P367 2072 12 0 0 0 27 0 17 14 18 0 0 4 5 0 0 0 24 0 0 0 44 179 63 19 21 75 122 35 0 0 0 57 
P367 2073 1 0 0 0 0 0 1 0 0 0 0 0 0 0 0 0 25 0 17 48 61 94 40 0 9 0 0 17 0 0 15 0 
P367 2073 2 0 129 120 145 42 33 14 0 0 0 6 0 0 0 18 2 0 10 20 3 2 0 0 0 0 0 0 0 -999 -999 -999 
P367 2073 3 104 44 0 0 15 32 35 0 55 60 36 0 0 28 0 22 15 14 19 36 64 46 0 27 50 37 110 188 285 27 0 
P367 2073 4 15 0 20 0 0 0 40 31 0 0 0 25 0 0 28 0 0 0 0 0 0 19 32 0 0 100 56 36 0 9 -999 
P367 2073 5 0 0 9 0 0 0 0 9 0 0 0 0 0 68 57 76 42 15 9 0 0 0 0 0 0 0 12 11 0 0 2 
P367 2073 6 0 0 0 0 0 0 0 0 0 0 0 0 0 0 0 0 0 0 0 0 0 0 0 0 0 0 0 8 0 0 -999 
P367 2073 7 0 0 9 0 0 6 0 0 0 0 0 0 0 0 0 0 0 0 0 0 0 0 0 0 5 0 0 0 0 0 0 
P367 2073 8 0 0 0 0 0 0 0 0 0 0 0 0 0 0 0 0 8 0 0 0 0 0 0 0 0 0 0 0 0 0 0 
P367 2073 9 0 0 0 0 0 0 0 0 0 0 0 0 0 0 0 0 0 0 0 0 7 0 0 0 12 0 2 2 0 0 -999 
P367 2073 10 0 0 0 0 0 0 0 0 0 3 0 10 0 0 0 0 0 0 0 0 0 0 0 0 0 0 0 0 0 4 12 
P367 2073 11 26 0 12 0 0 0 0 0 11 0 0 0 0 0 0 64 17 24 112 138 0 188 39 0 0 0 40 18 4 0 -999 
P367 2073 12 0 3 4 0 0 0 0 10 15 0 0 0 0 24 0 0 0 0 0 33 0 37 0 0 56 0 0 48 165 255 600 
P367 2074 1 246 43 61 205 263 189 96 0 104 145 94 0 35 9 0 0 0 0 0 0 0 0 0 0 0 0 7 0 0 3 0 
P367 2074 2 0 6 0 0 9 0 10 0 0 0 34 37 54 47 38 0 69 0 27 0 0 35 27 12 0 184 150 191 -999 -999 -999 
P367 2074 3 150 30 17 23 19 54 80 47 0 21 0 21 38 0 0 0 0 0 19 0 44 0 0 0 19 11 0 0 8 15 33 
P367 2074 4 0 0 0 0 10 0 0 0 0 0 0 0 0 28 23 75 0 25 0 42 9 5 0 0 0 0 20 21 0 0 -999 
P367 2074 5 0 15 15 0 23 12 12 0 0 0 36 49 38 28 0 0 26 33 0 16 18 0 2 7 0 0 0 0 0 0 0 
P367 2074 6 0 0 0 26 0 0 0 11 0 22 0 8 0 0 0 0 0 0 0 11 0 0 0 0 0 0 0 0 0 0 -999 
P367 2074 7 0 0 0 0 0 0 0 0 0 0 0 0 0 0 0 0 0 0 0 0 2 0 0 0 0 0 0 0 0 0 0 
P367 2074 8 0 0 13 0 0 0 0 0 0 0 0 0 0 0 0 0 3 0 0 0 4 0 9 0 0 0 0 0 9 0 0 
P367 2074 9 0 0 0 0 0 0 0 9 5 0 0 0 0 0 0 0 0 0 0 0 0 8 9 0 0 0 0 0 0 0 -999 
P367 2074 10 0 0 0 0 0 0 12 0 0 0 2 1 0 0 0 0 0 0 0 0 0 0 78 0 0 0 0 0 0 0 0 
P367 2074 11 0 0 0 0 0 0 0 0 0 0 0 0 0 10 28 0 0 11 0 0 19 8 0 24 24 11 0 0 7 0 -999 
P367 2074 12 0 0 0 0 0 0 0 0 0 0 55 80 66 26 0 7 0 0 5 0 13 0 0 0 3 0 2 0 0 41 11 
P367 2075 1 0 2 0 0 0 0 0 0 0 30 36 34 0 0 39 0 0 0 17 0 0 0 0 28 24 0 0 0 0 4 0 
P367 2075 2 0 0 0 57 55 98 80 126 223 88 148 221 292 0 15 6 10 0 31 46 29 16 0 0 95 18 0 16 -999 -999 -999 
P367 2075 3 0 36 28 17 9 23 6 5 0 0 0 0 0 5 0 0 42 0 41 30 0 45 0 43 62 42 24 12 0 0 0 
P367 2075 4 0 0 36 26 28 0 139 155 176 53 18 14 0 9 0 0 0 0 0 82 65 34 0 5 0 17 0 0 0 0 -999 
P367 2075 5 0 0 27 47 38 16 0 0 13 0 0 0 0 0 0 0 0 0 0 0 0 0 20 16 0 0 3 0 0 0 0 
P367 2075 6 0 0 0 15 8 0 0 0 19 0 0 10 0 0 0 0 0 0 0 0 0 0 0 0 5 0 0 0 0 0 -999 
P367 2075 7 0 0 0 0 0 0 0 0 0 0 0 0 0 0 5 5 0 0 0 0 0 0 0 0 0 0 0 0 0 0 0 
P367 2075 8 0 0 0 0 0 0 0 0 0 0 0 0 0 0 0 0 0 0 0 0 0 0 0 0 0 0 0 0 0 0 0 
P367 2075 9 0 0 0 0 0 0 0 0 0 0 0 0 0 0 0 0 0 6 0 0 0 0 0 5 0 0 0 0 0 0 -999 
P367 2075 10 0 20 31 65 0 16 0 80 118 42 0 9 0 0 0 0 0 0 0 0 0 0 0 0 9 0 0 42 0 95 0 
P367 2075 11 0 0 0 0 0 0 99 56 0 11 0 0 21 44 146 118 0 32 36 0 21 0 37 0 0 0 0 0 0 0 -999 
P367 2075 12 0 0 59 60 32 18 43 115 49 17 12 22 0 69 58 33 0 19 0 0 13 0 0 0 0 0 0 14 6 0 0 
P367 2076 1 0 0 0 9 11 0 0 0 0 8 0 9 12 0 0 0 0 0 0 2 5 6 3 0 0 0 0 0 0 0 40 
P367 2076 2 0 38 25 0 0 0 0 0 0 0 0 0 0 2 0 0 13 11 9 26 35 0 0 0 0 0 0 0 -999 -999 -999 
P367 2076 3 0 29 15 0 0 29 0 53 50 51 49 31 0 5 0 0 12 0 0 0 0 32 30 0 0 0 0 0 0 0 0 
P367 2076 4 0 0 0 0 0 23 11 0 0 0 18 28 50 23 54 46 26 32 0 45 0 0 22 0 27 44 37 22 14 0 -999 
P367 2076 5 0 66 58 18 25 12 0 0 0 6 0 0 0 0 19 21 0 0 0 0 0 0 3 0 0 0 0 0 0 6 0 
P367 2076 6 0 0 0 8 0 0 0 0 0 0 0 0 0 0 0 0 0 0 0 0 0 0 0 0 0 0 0 0 0 0 -999 
P367 2076 7 0 0 0 0 0 0 0 0 0 0 0 0 0 0 0 0 0 0 0 0 0 0 0 0 0 0 0 0 0 0 0 
P367 2076 8 0 0 0 0 0 0 0 0 0 4 0 0 0 0 0 0 0 0 0 0 0 0 0 0 0 0 0 0 0 0 0 
P367 2076 9 13 6 0 2 0 0 0 0 0 0 0 0 0 0 3 0 0 0 7 0 0 0 0 0 0 9 0 8 0 0 -999 
P367 2076 10 0 0 0 0 31 0 0 0 0 0 0 0 0 0 0 0 0 0 0 0 0 0 0 20 25 0 0 0 40 5 0 
P367 2076 11 0 0 0 0 0 0 0 0 0 0 0 0 0 0 15 18 24 0 14 40 0 0 0 17 0 0 31 81 28 29 -999 
P367 2076 12 0 0 0 5 4 0 0 17 60 53 73 78 24 0 0 0 12 0 0 0 0 4 0 0 11 0 32 56 37 22 0 
P367 2077 1 1 0 0 0 0 0 0 0 33 0 0 0 0 9 0 32 0 0 0 0 9 0 0 0 9 0 0 0 0 0 0 
P367 2077 2 30 36 60 68 26 21 0 40 0 70 27 0 0 0 17 42 82 87 133 63 32 0 0 0 39 0 0 0 -999 -999 -999 
P367 2077 3 4 0 0 0 0 82 112 112 0 36 27 35 22 0 0 0 0 0 0 44 0 64 75 50 0 20 11 4 0 0 0 
P367 2077 4 0 0 0 0 1 0 0 0 0 0 0 6 0 0 0 32 27 38 0 0 0 0 17 0 0 29 53 0 0 0 -999 
P367 2077 5 0 0 0 9 6 0 15 0 19 0 0 8 0 0 0 0 0 0 0 0 0 0 0 0 0 0 0 0 0 0 0 
P367 2077 6 0 0 0 0 21 0 16 9 13 0 0 0 0 14 0 6 0 0 0 0 0 0 0 0 0 0 0 0 0 0 -999 
P367 2077 7 0 0 0 0 0 0 0 0 0 0 0 8 8 0 0 0 0 0 0 0 0 0 0 11 0 0 0 0 0 0 0 
P367 2077 8 0 0 0 0 0 0 0 0 0 0 0 0 0 0 0 0 0 0 0 0 0 0 0 0 0 0 0 0 0 0 0 
P367 2077 9 0 0 0 0 0 0 0 0 12 0 0 0 0 0 0 0 0 0 0 0 0 18 0 0 0 0 0 0 0 0 -999 
P367 2077 10 11 0 0 0 0 0 0 0 0 11 0 8 6 0 0 0 15 40 34 13 0 0 0 0 0 0 0 0 46 0 0 
P367 2077 11 0 35 0 12 0 0 9 0 98 67 58 27 13 0 0 27 0 18 0 43 32 0 43 52 0 0 13 0 0 66 -999 
P367 2077 12 0 90 130 74 0 70 0 153 0 57 160 0 0 3 0 0 0 0 0 0 0 0 0 0 10 0 29 13 3 0 0 
P367 2078 1 133 281 205 194 120 143 0 33 124 106 64 0 115 51 109 73 46 35 0 0 20 22 0 0 0 0 3 0 0 6 0 
P367 2078 2 4 0 0 6 0 0 0 0 0 0 0 0 0 4 0 0 0 0 0 0 0 0 33 18 61 135 54 34 -999 -999 -999 
P367 2078 3 0 0 0 32 0 20 0 85 52 21 0 0 0 50 89 0 133 151 121 126 110 68 50 123 34 34 0 26 20 17 26 
P367 2078 4 0 56 15 0 0 12 0 0 0 36 41 27 30 98 33 28 28 0 17 0 0 0 0 0 0 0 33 0 0 0 -999 
P367 2078 5 50 0 0 35 20 0 10 0 0 0 0 0 0 0 0 0 0 27 0 0 0 0 0 0 0 0 0 0 0 0 5 
P367 2078 6 0 0 0 22 0 0 0 0 5 0 0 0 0 0 15 11 13 6 0 0 0 0 0 0 0 0 0 0 0 0 -999 
P367 2078 7 0 0 0 0 0 0 0 0 0 0 8 0 0 0 0 0 0 0 0 0 0 0 0 0 0 0 0 0 0 0 0 
P367 2078 8 0 0 0 0 0 0 0 0 0 0 0 0 0 0 0 0 0 0 0 0 0 0 0 0 0 0 0 0 0 0 0 
P367 2078 9 0 0 0 0 0 0 0 0 0 0 0 0 0 0 0 0 0 0 15 0 0 0 0 0 0 0 0 0 0 0 -999 
P367 2078 10 0 0 0 0 0 0 0 5 0 45 5 0 0 0 0 0 0 42 0 0 51 10 0 0 12 0 0 8 0 21 11 
P367 2078 11 0 0 0 0 0 0 0 0 0 0 0 3 0 10 0 0 0 56 43 0 0 0 0 11 13 0 8 5 0 0 -999 
P367 2078 12 0 0 0 0 0 10 10 0 8 0 79 0 19 0 20 0 15 0 0 0 0 0 0 46 19 80 208 101 55 345 321 
P367 2079 1 49 11 41 50 26 0 0 0 0 0 10 9 8 0 0 0 0 4 0 0 16 14 0 0 0 0 5 0 0 14 0 
P367 2079 2 8 9 0 8 7 8 6 0 0 0 0 0 0 0 0 0 0 0 6 0 0 0 0 57 61 0 0 0 -999 -999 -999 
P367 2079 3 0 0 36 24 26 25 6 7 6 5 0 0 0 0 0 0 0 0 0 0 0 8 10 0 0 0 0 0 6 0 8 
P367 2079 4 0 0 0 0 0 16 0 0 0 0 0 0 0 43 0 25 18 0 0 0 14 0 0 29 0 0 9 6 0 0 -999 
P367 2079 5 0 0 7 4 0 34 0 0 15 18 14 0 0 0 0 0 0 0 0 0 0 0 11 0 0 0 0 0 0 1 0 
P367 2079 6 0 0 0 0 0 0 0 0 0 0 0 0 0 0 0 0 0 0 0 0 0 0 0 0 0 0 0 0 0 0 -999 
P367 2079 7 6 0 0 0 0 0 0 0 0 0 0 0 0 0 0 0 0 0 0 0 0 0 0 0 0 0 0 0 0 0 0 
P367 2079 8 0 0 0 0 0 0 0 0 0 0 0 0 0 0 0 0 0 0 0 0 0 0 0 0 0 0 4 0 0 0 0 
P367 2079 9 0 0 0 0 0 0 0 0 0 0 14 17 10 7 0 0 0 0 0 0 0 7 11 0 0 0 0 0 0 0 -999 
P367 2079 10 0 0 0 7 5 0 0 0 0 0 5 0 0 0 0 0 11 19 0 40 0 0 0 13 0 22 0 0 0 0 0 
P367 2079 11 0 15 19 21 0 76 68 41 12 0 0 0 43 0 48 85 85 107 55 0 0 20 37 28 36 36 9 2 0 6 -999 
P367 2079 12 15 58 65 43 0 44 12 0 0 1 1 0 1 0 2 0 0 0 0 0 1 0 0 0 0 11 0 0 10 0 14 
P367 2080 1 0 0 0 0 0 0 0 5 0 0 0 15 0 0 16 0 0 0 0 0 0 0 0 0 0 11 24 30 0 0 0 
P367 2080 2 0 6 9 0 24 17 0 0 0 154 152 125 146 57 0 0 28 46 66 129 130 0 0 0 0 6 15 0 -999 -999 -999 
P367 2080 3 52 63 0 49 0 56 59 81 167 185 153 117 65 0 0 0 0 3 0 0 0 0 0 0 0 0 0 13 0 39 0 
P367 2080 4 0 0 2 0 0 0 23 0 73 44 40 71 0 13 11 0 8 0 0 23 33 0 64 0 32 35 0 23 0 0 -999 
P367 2080 5 8 12 0 18 0 0 0 0 0 17 14 0 0 0 0 0 0 0 0 0 0 0 0 0 0 3 0 0 0 0 0 
P367 2080 6 24 9 0 0 51 46 0 0 0 0 0 0 10 0 0 0 0 0 0 0 15 0 0 0 0 0 0 0 0 0 -999 
P367 2080 7 0 0 0 4 0 0 0 0 0 0 0 0 0 0 0 0 0 0 0 0 0 0 0 0 0 0 0 0 0 0 0 
P367 2080 8 0 0 0 0 0 0 0 0 0 0 0 0 0 0 0 0 0 0 0 0 0 0 0 0 0 0 0 0 0 0 0 
P367 2080 9 0 0 0 0 0 0 0 0 0 0 0 0 0 0 0 0 0 0 0 0 0 0 9 0 0 0 0 0 0 8 -999 
P367 2080 10 0 0 29 46 85 74 0 63 45 39 0 0 46 19 45 24 0 1 0 0 7 1 0 0 0 0 1 0 5 0 10 
P367 2080 11 0 40 43 0 31 0 6 4 0 23 0 7 0 14 0 0 0 0 0 0 3 0 0 7 9 0 0 0 0 26 -999 
P367 2080 12 22 59 117 116 102 0 163 113 55 0 0 0 0 0 13 0 0 0 0 0 0 0 0 0 21 84 21 0 0 51 55 
P367 2081 1 98 156 280 128 90 0 0 0 0 0 0 0 30 0 47 0 0 0 0 139 141 97 80 0 0 47 89 34 39 0 0 
P367 2081 2 0 7 27 0 0 49 90 37 34 0 0 0 0 0 0 0 10 25 0 45 23 13 33 114 0 14 0 27 -999 -999 -999 
P367 2081 3 25 26 0 0 46 42 0 0 47 30 26 0 37 46 45 0 54 163 93 127 79 108 0 75 19 16 0 0 48 0 99 
P367 2081 4 107 32 28 10 0 0 27 0 0 0 37 0 0 0 0 0 3 0 0 0 0 0 16 0 33 22 20 59 51 104 -999 
P367 2081 5 64 69 39 29 60 0 12 32 44 65 31 18 0 52 41 24 15 0 9 0 0 0 0 0 0 0 0 0 2 0 0 
P367 2081 6 0 0 0 0 0 0 0 0 0 0 0 0 0 0 0 0 0 6 0 0 0 0 1 0 0 0 0 0 0 8 -999 
P367 2081 7 8 11 13 12 0 0 0 0 0 0 0 0 0 0 0 0 0 0 0 0 0 3 0 0 0 0 0 0 0 0 0 
P367 2081 8 0 3 0 0 0 0 0 0 0 0 0 0 0 0 0 0 0 0 0 0 0 0 0 0 0 0 0 0 0 0 0 
P367 2081 9 0 0 0 0 0 0 0 0 0 0 0 0 0 0 0 0 0 16 0 0 0 0 0 14 0 0 0 0 0 5 -999 
P367 2081 10 0 0 0 34 22 7 0 0 9 0 0 0 21 16 9 7 0 0 9 0 0 0 0 0 0 2 0 0 0 12 0 
P367 2081 11 0 0 39 81 51 0 0 0 0 0 0 0 0 0 0 0 223 198 119 13 0 3 0 0 52 0 0 0 0 71 -999 
P367 2081 12 25 23 35 0 0 176 117 86 102 77 46 170 187 139 87 63 43 0 0 0 0 0 17 0 0 0 0 0 8 0 7 
P367 2082 1 0 24 22 0 0 0 0 18 18 35 82 32 47 31 0 25 73 72 0 21 83 171 110 59 0 0 161 46 18 0 0 
P367 2082 2 0 0 0 0 0 0 0 0 0 0 0 0 0 0 0 0 0 0 6 13 14 0 0 0 0 49 40 0 -999 -999 -999 
P367 2082 3 0 0 37 30 34 52 13 0 0 9 0 0 0 0 0 0 0 13 51 0 15 10 0 0 35 33 16 0 56 39 0 
P367 2082 4 13 0 2 0 0 21 0 0 0 8 0 0 0 12 0 0 27 12 0 11 13 0 0 0 0 0 0 0 0 0 -999 
P367 2082 5 0 12 0 0 0 0 0 0 0 0 0 0 15 0 0 0 0 0 0 0 0 0 3 11 0 0 0 0 0 0 0 
P367 2082 6 0 0 0 0 0 3 0 0 0 0 10 0 0 4 0 11 0 0 0 0 10 0 0 7 0 0 0 0 0 0 -999 
P367 2082 7 0 12 0 0 0 0 0 0 0 0 0 0 0 0 0 0 0 0 0 0 0 0 0 0 0 0 0 0 0 0 0 
P367 2082 8 0 0 0 0 0 0 0 0 0 0 0 0 0 0 0 0 0 0 0 0 0 0 0 0 0 0 19 0 0 0 0 
P367 2082 9 0 0 0 0 0 0 0 0 0 0 0 0 0 0 0 0 0 0 0 0 0 5 0 0 0 0 0 0 0 0 -999 
P367 2082 10 0 11 0 13 0 0 0 0 0 0 0 0 0 0 0 0 0 0 23 0 0 0 66 0 3 0 0 7 0 0 9 
P367 2082 11 55 85 84 19 0 8 0 0 9 0 0 16 14 0 0 0 196 200 50 0 0 9 0 0 2 6 3 1 0 0 -999 
P367 2082 12 0 40 0 3 0 2 0 0 12 0 0 0 18 0 24 0 38 61 36 0 8 0 8 0 0 11 0 9 0 0 0 
P367 2083 1 29 43 60 45 38 20 0 70 38 35 10 0 6 0 0 0 0 85 61 0 8 27 0 0 0 0 0 0 0 0 0 
P367 2083 2 0 83 117 0 13 0 56 51 32 0 138 87 37 41 0 0 64 216 187 128 115 101 51 43 132 233 117 68 -999 -999 -999 
P367 2083 3 47 36 0 0 0 0 0 0 0 0 0 9 0 0 25 0 0 0 0 8 37 70 142 140 0 64 156 95 6 4 14 
P367 2083 4 0 0 0 0 0 25 0 0 0 0 0 0 0 35 47 35 0 0 0 0 0 0 0 0 0 0 28 0 0 0 -999 
P367 2083 5 16 0 0 0 0 0 0 0 37 0 0 0 0 0 0 0 0 47 21 31 0 0 0 37 38 70 110 0 21 0 0 
P367 2083 6 34 37 27 15 22 0 0 0 0 0 0 0 0 0 0 0 0 0 0 0 0 0 0 0 0 0 0 0 0 0 -999 
P367 2083 7 0 0 0 0 0 0 0 0 8 0 0 0 0 0 0 0 0 0 0 0 0 0 0 0 0 0 0 0 0 0 0 
P367 2083 8 0 0 0 0 0 0 9 0 0 0 0 3 8 0 0 0 0 0 0 0 0 0 0 0 0 0 0 0 0 0 0 
P367 2083 9 0 0 0 0 0 0 0 0 0 0 0 0 0 0 0 0 0 0 8 0 0 0 0 0 0 0 0 0 0 0 -999 
P367 2083 10 0 0 9 0 50 28 0 18 12 24 0 6 4 0 10 8 0 5 0 0 0 55 40 31 38 0 0 8 0 0 0 
P367 2083 11 0 0 0 0 52 11 0 31 0 7 14 50 80 0 0 0 0 39 12 0 2 2 4 0 0 0 0 0 15 28 -999 
P367 2083 12 0 58 25 10 32 0 45 104 170 52 28 0 21 0 196 65 25 0 33 56 25 0 0 0 23 5 7 0 0 10 11 
P367 2084 1 0 14 25 0 0 0 0 18 0 19 12 0 0 0 0 21 0 44 15 0 0 0 40 0 38 0 0 67 46 69 0 
P367 2084 2 20 11 10 0 0 0 66 70 0 114 32 0 0 29 10 3 0 0 0 0 3 0 0 0 0 0 53 0 -999 -999 -999 
P367 2084 3 0 0 0 0 50 7 0 0 0 0 0 0 0 15 0 0 193 144 0 0 0 16 0 0 0 0 0 0 11 0 0 
P367 2084 4 0 0 0 0 0 0 0 3 4 9 0 0 0 25 0 0 10 0 0 0 3 0 0 5 0 0 3 0 0 23 -999 
P367 2084 5 15 0 9 0 0 0 0 4 0 0 0 0 0 0 0 0 0 0 0 0 0 0 0 0 0 0 26 0 10 5 0 
P367 2084 6 0 0 0 0 0 0 18 0 0 0 0 17 5 0 0 0 0 0 0 0 0 0 0 0 0 0 0 0 0 0 -999 
P367 2084 7 0 0 0 0 0 0 0 0 0 0 0 0 0 0 0 0 0 0 0 0 0 5 0 0 0 0 0 0 0 0 0 
P367 2084 8 0 0 0 0 0 0 0 0 0 0 0 6 0 0 0 0 0 0 0 0 0 0 0 0 0 0 0 0 0 0 6 
P367 2084 9 0 0 0 0 0 0 0 0 0 0 0 0 0 0 0 0 0 0 0 0 11 0 6 0 0 0 0 0 0 0 -999 
P367 2084 10 0 0 0 30 0 0 0 0 11 0 0 0 0 0 0 6 0 6 0 0 0 0 8 0 0 0 0 42 79 99 101 
P367 2084 11 0 27 100 0 0 43 28 96 169 53 0 7 0 0 0 0 0 0 0 0 0 0 0 0 0 0 0 0 0 0 -999 
P367 2084 12 0 0 27 9 0 15 28 79 84 82 86 110 173 155 44 0 41 15 0 0 1 0 0 0 0 0 4 31 0 18 0 
P367 2085 1 0 0 5 0 0 0 0 0 0 0 0 0 2 0 0 29 27 11 17 6 11 0 126 208 0 0 0 19 4 7 0 
P367 2085 2 0 0 0 0 46 59 0 54 0 37 78 113 52 17 0 8 0 2 0 8 4 0 0 7 0 0 0 0 -999 -999 -999 
P367 2085 3 7 0 0 9 0 6 5 10 54 107 0 126 186 60 77 78 0 0 0 0 0 23 0 0 23 13 0 0 0 0 0 
P367 2085 4 0 2 1 0 0 0 0 0 0 9 0 83 88 0 122 57 56 0 38 0 0 0 0 7 0 0 11 0 0 0 -999 
P367 2085 5 0 46 0 0 0 0 0 42 66 0 18 0 0 0 0 0 0 0 0 0 0 0 0 0 18 0 0 0 0 1 0 
P367 2085 6 0 0 0 0 0 0 0 0 0 0 0 0 0 9 0 0 0 0 0 0 0 0 0 0 0 0 0 0 0 0 -999 
P367 2085 7 0 0 0 0 0 0 18 0 5 0 0 0 0 0 0 0 0 0 0 0 0 6 0 0 0 0 0 0 0 0 0 
P367 2085 8 0 0 0 0 0 0 0 0 0 0 0 0 0 0 0 9 8 0 0 0 0 0 6 0 0 0 0 0 0 0 0 
P367 2085 9 0 0 0 0 0 31 21 0 0 0 0 8 0 0 0 0 0 0 0 0 0 0 4 0 0 0 0 0 0 0 -999 
P367 2085 10 0 0 0 6 0 4 0 13 20 0 18 25 20 17 0 0 0 0 0 0 4 7 3 0 0 0 75 0 0 0 26 
P367 2085 11 0 0 0 0 0 0 6 0 0 0 0 0 0 0 0 39 110 43 28 108 62 64 15 0 0 2 0 0 56 39 -999 
P367 2085 12 80 84 15 0 0 94 46 8 2 0 0 0 0 28 0 0 0 0 5 0 0 0 33 0 2 0 0 0 4 0 10 
P367 2086 1 0 0 13 22 18 0 0 0 0 0 0 0 0 83 0 0 82 190 57 149 15 0 0 0 23 0 12 0 0 0 0 
P367 2086 2 0 30 74 23 0 33 89 0 46 0 0 0 0 49 32 30 0 0 0 0 0 0 0 10 0 0 8 12 -999 -999 -999 
P367 2086 3 0 0 0 0 0 0 0 0 6 0 0 0 0 0 0 0 0 0 5 0 8 4 0 0 14 0 0 0 0 0 0 
P367 2086 4 11 0 0 0 0 0 0 36 0 0 10 0 29 34 55 44 0 0 0 0 0 0 0 22 0 0 0 61 34 21 -999 
P367 2086 5 37 47 27 61 70 0 45 0 0 0 0 15 10 0 0 0 12 0 0 0 0 0 17 0 0 0 0 2 0 0 0 
P367 2086 6 0 0 0 0 0 0 0 0 0 0 0 0 0 0 0 0 0 0 13 0 0 0 0 0 0 0 0 0 0 0 -999 
P367 2086 7 0 7 0 0 0 0 0 0 0 0 0 0 0 0 0 0 0 0 0 0 0 0 9 0 0 0 0 0 0 0 0 
P367 2086 8 0 0 0 0 0 0 0 0 0 0 0 0 0 0 0 0 0 0 0 0 0 0 0 0 0 0 0 0 0 0 0 
P367 2086 9 0 0 11 0 0 0 0 0 0 0 0 0 0 0 19 13 13 0 0 0 0 0 0 0 0 14 0 0 0 0 -999 
P367 2086 10 0 0 11 0 0 0 0 0 17 0 0 19 17 9 0 0 0 0 13 0 4 6 0 0 0 0 0 0 11 51 38 
P367 2086 11 0 0 41 11 21 23 14 14 18 13 28 42 18 17 15 0 0 14 0 53 76 27 0 0 0 23 0 19 27 0 -999 
P367 2086 12 0 8 11 0 0 0 0 0 0 0 0 2 0 7 0 6 0 13 41 93 30 95 205 124 21 33 10 0 0 0 0 
P367 2087 1 0 0 0 0 0 14 0 82 84 0 20 0 0 0 0 0 0 0 0 0 0 0 0 4 0 0 0 0 0 0 0 
P367 2087 2 73 76 0 0 1 0 0 0 0 0 10 13 11 0 21 12 0 0 0 0 0 0 0 0 21 0 0 57 -999 -999 -999 
P367 2087 3 88 121 86 0 25 19 0 0 25 35 33 90 0 20 0 0 0 18 0 0 37 37 47 49 30 0 0 19 0 7 0 
P367 2087 4 0 0 9 0 11 0 0 0 0 0 0 7 0 0 0 58 70 29 0 0 21 61 43 56 71 59 29 0 9 12 -999 
P367 2087 5 0 6 19 56 0 0 0 0 0 0 36 0 12 0 0 0 0 0 0 0 0 0 0 0 0 0 0 0 0 0 0 
P367 2087 6 0 0 0 0 0 0 0 0 0 0 0 0 0 0 0 0 0 5 0 0 0 0 0 0 0 0 0 0 0 0 -999 
P367 2087 7 0 0 0 0 0 0 0 0 0 0 0 0 0 0 0 0 0 0 0 0 0 0 0 0 0 0 0 0 0 0 5 
P367 2087 8 0 0 0 0 0 0 0 0 0 0 0 0 0 0 0 0 0 0 0 0 0 0 0 0 0 0 0 0 0 0 0 
P367 2087 9 0 0 0 0 0 0 0 0 0 0 2 0 0 0 0 0 0 0 0 0 0 0 0 0 0 0 0 0 0 0 -999 
P367 2087 10 0 0 0 39 0 24 17 0 0 0 0 0 0 15 0 0 0 18 0 0 0 0 0 0 0 0 0 0 0 7 0 
P367 2087 11 0 0 0 0 0 5 0 0 0 0 0 5 0 0 0 0 0 0 0 6 8 5 0 0 0 0 0 0 0 17 -999 
P367 2087 12 0 0 0 9 0 3 7 44 45 0 0 0 0 5 0 0 5 0 17 5 7 0 131 94 36 90 69 0 91 95 30 
P367 2088 1 0 10 0 8 0 0 6 0 0 0 0 0 0 0 0 0 0 0 0 0 0 0 0 0 0 0 0 0 0 0 0 
P367 2088 2 0 0 0 20 0 80 137 157 206 0 11 0 0 0 0 0 0 0 64 0 23 0 0 25 23 0 46 41 -999 -999 -999 
P367 2088 3 0 0 106 90 0 22 15 0 14 6 0 0 0 0 6 0 0 25 0 0 0 0 0 44 0 9 49 0 0 0 0 
P367 2088 4 0 0 7 11 0 0 84 76 20 15 0 0 0 75 45 0 33 0 0 0 0 29 45 31 0 0 0 0 0 0 -999 
P367 2088 5 0 0 13 20 0 0 0 0 0 0 0 18 12 18 22 0 0 0 0 0 0 0 0 0 0 7 0 0 0 0 0 
P367 2088 6 0 0 0 0 0 0 0 0 0 0 0 0 0 0 0 0 0 0 0 0 0 0 0 0 0 0 0 0 0 0 -999 
P367 2088 7 0 0 0 0 0 0 0 0 0 0 0 0 0 0 0 0 0 0 0 0 0 0 0 0 0 0 0 0 0 0 0 
P367 2088 8 0 0 0 0 0 0 0 0 0 0 0 0 0 0 0 0 0 0 0 0 0 0 0 0 0 0 0 0 0 16 0 
P367 2088 9 40 26 0 0 0 0 0 0 0 0 0 0 10 0 0 0 0 0 0 0 0 0 0 0 0 0 0 0 0 0 -999 
P367 2088 10 0 0 0 11 0 0 0 0 0 0 0 0 20 0 0 5 0 0 0 0 0 26 0 38 49 96 193 85 0 0 0 
P367 2088 11 0 0 0 0 0 0 0 0 0 22 29 38 17 21 58 0 36 209 58 15 6 16 0 0 0 0 14 25 0 0 -999 
P367 2088 12 0 35 0 44 66 72 0 0 0 0 0 14 0 0 0 0 0 0 0 10 14 16 0 0 17 28 10 12 0 9 0 
P367 2089 1 21 15 0 19 0 43 30 52 136 172 214 260 273 0 17 0 0 1 0 0 0 5 0 0 0 0 0 0 0 0 31 
P367 2089 2 36 0 0 40 75 188 105 147 215 74 43 102 152 89 21 7 0 0 0 0 5 0 0 0 9 12 19 0 -999 -999 -999 
P367 2089 3 31 44 67 0 31 0 27 0 0 27 15 0 23 53 92 116 84 0 0 22 25 9 0 55 167 87 0 55 0 0 194 
P367 2089 4 228 145 52 9 0 0 0 0 44 0 0 0 5 0 0 0 0 0 0 0 27 56 41 30 0 56 73 40 0 0 -999 
P367 2089 5 28 29 17 0 0 0 0 0 0 0 0 0 0 0 0 0 0 10 0 0 14 0 0 0 0 0 0 10 0 0 0 
P367 2089 6 0 0 0 0 0 0 0 0 0 0 0 0 0 3 0 0 0 0 0 0 0 0 0 0 0 0 0 0 0 0 -999 
P367 2089 7 0 0 0 5 3 5 0 0 0 0 0 4 0 0 0 13 0 0 0 0 0 0 0 0 0 0 0 23 0 0 5 
P367 2089 8 0 0 0 0 0 0 0 0 0 0 8 0 0 0 0 0 0 0 0 0 0 0 0 0 0 0 0 0 0 0 0 
P367 2089 9 0 0 6 0 0 0 0 0 0 0 0 0 0 0 0 0 0 0 0 0 0 0 0 0 0 0 0 0 0 0 -999 
P367 2089 10 0 0 0 0 0 0 0 0 0 0 0 0 0 0 0 0 0 0 0 0 0 0 0 0 14 0 0 0 0 0 0 
P367 2089 11 0 0 23 40 0 3 0 0 0 0 15 0 0 0 0 0 0 10 0 0 0 0 0 0 108 72 30 0 57 129 -999 
P367 2089 12 158 0 0 16 25 35 51 110 93 107 73 4 0 0 0 0 0 0 15 31 0 9 0 4 0 0 0 0 0 0 0 
P367 2090 1 0 0 0 3 0 2 24 18 56 63 0 29 63 73 79 27 7 0 0 0 3 0 0 0 8 0 17 0 0 0 0 
P367 2090 2 0 0 12 44 47 91 0 43 36 69 41 51 0 19 42 17 0 0 0 0 0 20 0 50 41 0 90 103 -999 -999 -999 
P367 2090 3 239 143 0 0 0 0 3 0 0 0 0 0 77 97 101 47 0 0 0 37 0 36 24 16 0 40 18 0 30 0 0 
P367 2090 4 30 35 0 95 0 0 37 0 0 28 26 0 21 0 105 80 55 0 5 1 0 0 0 0 0 14 10 0 0 0 -999 
P367 2090 5 0 0 0 0 0 0 0 0 0 0 0 0 0 0 0 0 0 0 0 0 0 0 0 0 0 0 0 0 29 0 0 
P367 2090 6 20 0 0 0 5 0 11 18 22 0 0 0 0 0 0 12 0 0 0 0 0 0 0 0 0 0 0 0 0 0 -999 
P367 2090 7 0 0 0 0 0 0 2 0 0 0 0 0 0 0 0 0 0 0 0 0 0 0 0 0 0 0 0 0 0 0 0 
P367 2090 8 0 0 0 0 0 0 0 0 0 0 0 0 0 0 0 0 0 0 0 0 0 0 0 0 0 0 0 0 0 0 0 
P367 2090 9 0 0 0 0 0 0 0 0 0 0 0 0 0 0 0 0 1 0 0 0 0 19 0 0 0 0 0 0 0 16 -999 
P367 2090 10 0 0 0 0 31 0 0 15 0 0 27 0 0 0 0 22 0 0 0 0 0 0 18 0 0 0 30 0 0 0 50 
P367 2090 11 0 0 10 8 0 0 0 0 0 35 77 62 0 61 67 0 0 58 0 0 0 13 39 0 0 49 0 0 9 0 -999 
P367 2090 12 31 0 141 0 0 46 0 0 22 46 0 0 21 0 37 0 0 0 0 0 0 0 0 0 28 29 18 0 0 0 0 
P367 2091 1 2 4 0 0 0 10 0 11 0 7 6 0 26 0 0 0 0 0 45 3 0 0 0 0 4 0 0 0 0 0 0 
P367 2091 2 24 23 7 0 4 0 0 18 0 0 0 0 0 0 0 0 0 54 293 138 81 90 153 37 39 71 0 43 -999 -999 -999 
P367 2091 3 0 13 18 19 0 82 36 0 0 0 0 0 0 0 0 31 15 0 0 0 0 19 0 3 0 0 20 0 0 0 0 
P367 2091 4 0 10 0 0 0 0 0 0 0 3 27 45 53 38 22 0 33 36 0 27 24 0 0 0 0 0 0 0 0 7 -999 
P367 2091 5 22 35 0 40 58 0 0 0 0 9 0 0 0 0 0 0 0 0 0 0 0 0 0 0 0 0 0 0 0 0 0 
P367 2091 6 0 21 0 22 13 0 0 0 0 0 0 0 0 0 25 0 13 0 0 0 0 0 0 0 0 0 0 0 0 0 -999 
P367 2091 7 0 10 0 0 0 5 0 11 0 0 0 0 0 0 0 0 0 0 0 0 0 0 0 0 0 0 0 0 0 0 0 
P367 2091 8 0 0 0 0 0 0 0 0 0 0 0 0 0 0 0 0 0 0 0 0 0 0 0 0 0 0 0 0 0 0 0 
P367 2091 9 0 0 0 0 0 0 0 0 0 0 0 0 0 0 0 0 0 0 0 0 0 0 0 0 0 0 0 0 0 7 -999 
P367 2091 10 0 0 8 0 0 0 0 0 0 0 0 49 70 0 0 0 19 13 0 0 0 6 0 0 0 0 62 0 132 0 83 
P367 2091 11 131 34 0 0 0 0 6 18 0 0 0 0 0 24 45 33 28 31 23 18 0 0 58 67 0 0 62 26 0 0 -999 
P367 2091 12 0 51 6 5 0 0 0 0 0 0 0 0 0 0 0 17 0 0 0 0 0 0 0 14 9 0 0 0 0 0 0 
P367 2092 1 0 0 0 0 0 0 0 0 4 0 14 29 37 0 50 0 73 102 98 248 141 0 23 93 56 29 111 61 100 88 55 
P367 2092 2 59 0 77 11 17 0 135 38 0 131 47 17 26 85 0 0 75 126 40 81 58 14 0 0 0 14 0 0 -999 -999 -999 
P367 2092 3 42 38 2 3 0 0 81 27 0 0 0 26 0 0 80 150 97 49 38 70 72 84 114 317 135 105 36 0 0 0 0 
P367 2092 4 0 0 57 0 40 0 12 0 12 14 0 0 0 24 16 0 0 0 15 0 0 0 0 11 0 0 19 41 68 38 -999 
P367 2092 5 0 0 0 0 0 0 0 19 0 0 9 14 0 0 0 0 70 45 19 0 0 0 0 0 0 0 0 0 0 0 20 
P367 2092 6 0 0 0 8 0 0 0 0 0 0 0 0 0 0 7 0 0 0 0 0 0 0 0 0 0 0 0 0 0 0 -999 
P367 2092 7 0 5 0 0 0 0 0 0 0 0 0 0 0 0 0 0 12 0 0 0 0 0 0 0 0 0 0 12 0 0 0 
P367 2092 8 0 0 0 0 0 0 0 0 0 0 0 0 0 0 0 0 0 0 0 0 0 0 0 0 0 0 0 0 0 0 0 
P367 2092 9 0 0 0 0 0 0 0 0 0 0 0 0 0 0 0 0 0 0 0 10 0 0 0 0 6 0 0 0 0 0 -999 
P367 2092 10 0 5 0 0 0 0 0 0 0 0 0 70 0 0 0 3 0 0 0 0 9 0 0 0 0 0 10 0 0 6 0 
P367 2092 11 7 0 31 69 41 0 14 13 0 0 0 0 276 190 151 46 16 21 26 36 34 0 0 140 90 52 0 7 0 0 -999 
P367 2092 12 0 26 34 0 0 27 30 0 44 65 26 0 0 0 0 0 0 0 0 65 193 153 0 90 0 60 0 36 108 0 35 
P367 2093 1 138 0 0 39 20 28 38 0 0 0 91 0 64 0 105 211 0 62 73 0 0 0 0 0 0 0 0 24 110 126 154 
P367 2093 2 0 69 0 0 0 4 0 0 0 0 0 0 0 0 45 0 0 53 43 65 78 100 17 18 0 0 0 54 -999 -999 -999 
P367 2093 3 25 0 0 0 0 27 7 0 0 38 134 85 0 36 12 16 0 0 15 0 20 23 21 14 0 0 0 35 12 0 33 
P367 2093 4 0 0 0 0 0 0 0 0 0 12 0 0 0 0 40 0 0 0 0 5 0 0 21 38 0 0 0 39 0 0 -999 
P367 2093 5 0 0 0 72 25 0 0 5 0 0 0 0 0 0 0 0 0 0 22 0 0 0 13 16 0 0 0 8 0 0 0 
P367 2093 6 15 5 0 0 0 0 0 0 0 0 0 0 0 0 0 0 0 0 0 0 0 5 0 4 0 0 0 0 0 0 -999 
P367 2093 7 0 0 0 0 0 0 0 0 4 0 0 0 0 0 0 0 0 0 0 0 0 4 0 0 0 0 0 0 0 0 0 
P367 2093 8 0 0 0 0 0 0 0 0 0 0 0 0 0 0 0 0 0 0 0 0 0 0 0 0 0 0 0 0 0 0 0 
P367 2093 9 0 0 0 0 0 0 0 0 0 0 0 0 0 0 10 0 0 0 0 0 0 0 0 0 0 0 0 0 0 0 -999 
P367 2093 10 0 0 0 0 0 0 0 16 0 0 0 17 33 0 35 131 115 0 0 0 0 0 5 7 5 15 0 0 0 0 17 
P367 2093 11 0 37 15 0 0 0 0 0 0 0 0 0 0 0 0 6 0 0 0 8 24 0 28 0 0 3 0 0 0 0 -999 
P367 2093 12 0 0 0 0 0 0 0 0 0 0 0 0 21 10 0 0 0 0 3 0 0 0 0 0 0 0 0 0 4 4 4 
P367 2094 1 0 0 20 0 0 0 0 0 0 35 24 0 0 0 0 0 0 103 96 60 78 208 200 264 288 139 74 199 50 100 75 
P367 2094 2 100 80 103 129 26 0 7 3 13 0 0 0 0 0 0 0 0 0 0 0 0 0 2 3 0 0 4 0 -999 -999 -999 
P367 2094 3 0 0 0 0 0 15 0 0 0 0 0 0 5 0 0 12 0 0 11 31 0 0 23 0 0 0 22 20 0 121 132 
P367 2094 4 180 209 144 0 21 37 0 43 0 0 0 0 20 0 0 0 0 5 0 0 0 29 8 0 0 0 0 0 0 0 -999 
P367 2094 5 0 0 3 0 0 0 0 0 0 0 0 0 0 0 0 0 0 0 0 0 0 0 0 0 15 0 0 0 0 0 0 
P367 2094 6 0 0 0 0 0 0 0 0 0 0 0 0 0 7 0 0 0 0 0 0 2 0 0 0 0 0 0 0 0 0 -999 
P367 2094 7 0 0 0 0 0 0 0 0 0 0 0 0 0 0 0 0 0 0 12 0 0 0 0 0 0 0 0 0 0 0 0 
P367 2094 8 0 0 0 0 0 0 0 0 0 0 0 0 0 0 0 0 0 0 0 0 0 0 0 0 0 0 0 0 0 0 0 
P367 2094 9 0 0 0 0 0 0 0 0 0 0 0 0 0 0 0 0 0 4 0 0 0 0 0 6 0 0 0 0 0 0 -999 
P367 2094 10 0 0 0 0 15 0 0 0 0 0 0 0 0 0 0 15 0 23 52 30 86 31 71 72 35 0 128 28 0 0 0 
P367 2094 11 11 0 0 0 0 0 0 0 0 0 18 0 51 0 22 0 18 12 0 26 0 20 0 62 24 21 16 24 0 24 -999 
P367 2094 12 13 5 5 0 0 0 0 0 0 0 0 0 0 8 0 0 10 0 30 0 0 0 0 0 0 0 0 0 0 0 0 
P367 2095 1 70 77 98 138 69 23 0 89 123 34 23 15 0 0 24 0 0 0 0 0 0 0 0 0 73 0 0 77 14 0 39 
P367 2095 2 0 41 27 15 0 11 17 0 13 0 0 0 0 0 0 0 0 0 0 0 0 0 0 0 0 0 0 0 -999 -999 -999 
P367 2095 3 0 7 0 0 0 0 0 0 0 0 0 0 0 0 12 0 0 0 0 0 0 0 0 0 4 0 0 74 71 31 31 
P367 2095 4 49 107 159 0 14 11 7 8 10 0 30 0 0 0 0 29 0 42 18 0 37 0 34 75 20 0 0 0 0 0 -999 
P367 2095 5 0 0 7 0 7 0 0 0 0 0 0 0 4 0 0 0 0 0 0 0 0 0 0 0 0 0 0 0 0 0 9 
P367 2095 6 0 0 0 0 0 0 0 34 22 0 0 17 0 16 0 0 0 0 0 27 43 0 0 0 0 0 0 0 0 0 -999 
P367 2095 7 0 0 1 0 0 0 0 0 0 0 0 0 0 0 0 0 0 0 0 0 0 0 0 0 0 0 0 0 0 0 0 
P367 2095 8 0 0 0 0 0 0 0 0 0 0 0 0 0 0 0 0 0 0 0 0 0 0 0 0 0 0 0 0 0 0 0 
P367 2095 9 0 0 0 0 5 0 1 0 1 0 0 0 0 0 0 10 0 0 6 0 2 2 0 15 0 23 13 0 8 6 -999 
P367 2095 10 0 0 0 0 0 9 0 0 0 0 0 0 0 27 21 0 0 0 0 0 0 0 5 2 3 0 0 0 0 0 0 
P367 2095 11 0 0 0 37 0 0 21 36 0 9 0 45 40 0 11 0 32 15 0 13 49 111 114 134 89 0 6 0 0 0 -999 
P367 2095 12 0 0 0 0 9 0 14 55 108 0 10 4 0 83 155 89 0 0 20 0 69 18 8 0 111 218 88 37 0 0 0 
P367 2096 1 79 5 0 0 41 24 0 0 59 91 0 0 0 55 90 0 12 8 3 0 0 1 0 0 0 0 0 0 0 0 18 
P367 2096 2 17 35 46 0 20 0 0 13 15 0 0 0 14 39 73 0 7 5 0 0 0 0 0 0 0 13 0 20 -999 -999 -999 
P367 2096 3 0 0 0 6 0 0 0 0 0 0 0 0 0 0 0 3 0 17 0 0 0 124 184 26 0 39 33 65 106 84 0 
P367 2096 4 20 11 0 0 0 0 0 0 0 0 5 0 0 44 0 56 0 0 0 38 22 0 0 0 0 0 0 0 0 0 -999 
P367 2096 5 20 0 0 0 0 0 0 0 0 0 0 0 0 0 0 0 0 0 0 0 0 0 0 0 0 0 0 0 0 0 0 
P367 2096 6 0 25 22 15 0 30 30 18 11 0 14 0 0 0 0 0 0 0 0 0 0 0 0 0 0 0 0 0 0 0 -999 
P367 2096 7 0 0 0 0 3 0 0 0 1 0 0 0 0 0 0 0 0 0 0 0 0 0 0 0 0 0 5 0 0 0 0 
P367 2096 8 0 0 0 0 0 0 0 0 0 0 0 0 0 0 0 0 0 0 0 0 0 0 0 0 0 0 0 0 0 0 5 
P367 2096 9 0 0 0 2 0 0 0 0 0 0 0 0 0 0 0 0 0 12 0 16 15 0 0 0 0 0 1 0 0 0 -999 
P367 2096 10 0 0 15 9 0 0 0 0 0 0 0 0 0 0 0 0 0 0 50 63 0 26 25 0 0 0 0 0 0 0 0 
P367 2096 11 0 6 0 0 0 0 8 0 5 0 0 0 0 2 15 2 2 3 0 0 0 0 0 0 0 0 0 0 0 0 -999 
P367 2096 12 10 0 0 0 0 0 0 3 0 9 19 24 0 47 72 0 0 85 0 0 15 0 34 0 0 11 0 0 0 0 0 
P367 2097 1 0 25 0 0 2 0 0 18 0 0 0 10 0 0 0 0 3 0 0 0 8 0 0 6 82 66 89 0 26 0 0 
P367 2097 2 15 25 20 0 52 0 33 0 0 4 0 0 0 0 0 8 0 0 18 0 0 0 0 10 0 40 0 0 -999 -999 -999 
P367 2097 3 0 0 111 57 22 46 0 0 16 0 0 0 0 0 0 0 0 0 0 0 0 0 0 29 46 66 33 0 33 6 0 
P367 2097 4 0 0 0 0 0 0 0 0 29 23 29 0 82 54 27 14 0 0 7 48 27 0 0 85 53 12 7 0 0 0 -999 
P367 2097 5 0 7 0 0 0 0 15 12 0 15 0 0 0 0 7 0 15 10 0 0 0 19 24 32 0 0 0 0 0 0 0 
P367 2097 6 0 0 0 0 10 0 0 0 0 0 0 0 0 0 0 0 0 0 0 0 0 0 0 0 0 0 5 0 0 0 -999 
P367 2097 7 0 0 0 0 0 0 0 0 0 0 0 0 0 0 0 0 0 0 0 0 0 0 0 0 0 0 0 0 0 0 0 
P367 2097 8 0 0 0 0 0 0 0 0 0 0 0 0 0 0 0 0 0 0 0 0 0 0 0 0 0 0 0 0 7 0 0 
P367 2097 9 0 0 0 0 0 0 0 0 0 0 0 0 0 0 0 0 0 0 0 7 0 0 0 0 0 0 0 0 0 0 -999 
P367 2097 10 0 0 0 0 0 0 0 0 0 0 0 0 6 0 41 31 61 75 33 16 0 20 28 5 0 0 0 1 0 0 6 
P367 2097 11 0 0 7 0 0 9 0 0 0 4 4 0 0 0 0 0 9 6 2 0 0 3 0 0 8 14 0 15 0 0 -999 
P367 2097 12 27 0 8 0 0 0 0 0 0 0 0 0 0 0 1 0 0 0 0 0 0 0 0 0 0 0 24 28 0 52 41 
P367 2098 1 90 0 0 36 96 43 25 3 0 0 0 10 0 0 22 0 9 0 0 0 68 53 25 46 0 2 5 0 0 0 8 
P367 2098 2 9 0 0 12 0 0 0 33 44 74 0 0 47 0 0 0 0 36 0 0 0 0 0 0 0 7 12 0 -999 -999 -999 
P367 2098 3 0 0 0 0 15 38 28 0 0 0 0 0 0 0 0 0 0 19 11 9 0 0 0 0 0 26 52 32 0 0 0 
P367 2098 4 0 0 19 0 0 0 0 0 0 0 0 0 0 0 0 0 0 0 0 0 0 0 0 12 1 4 0 0 0 0 -999 
P367 2098 5 0 0 0 0 25 41 71 49 48 63 112 119 48 21 0 27 23 16 12 22 29 0 26 0 0 0 0 0 3 0 0 
P367 2098 6 0 0 0 0 0 0 0 16 10 13 0 0 0 6 0 0 0 0 0 0 0 0 0 0 0 0 0 0 0 0 -999 
P367 2098 7 0 0 0 0 0 0 0 0 0 0 0 0 0 0 0 0 0 0 0 0 0 0 0 0 0 0 0 0 0 0 0 
P367 2098 8 0 0 0 0 0 0 0 0 0 0 0 0 0 0 0 0 0 0 0 0 0 0 0 0 0 1 0 4 0 0 0 
P367 2098 9 19 13 0 0 0 0 0 0 0 0 0 0 0 0 0 0 0 0 0 0 0 8 0 0 0 0 0 0 0 0 -999 
P367 2098 10 0 0 0 0 0 0 0 9 0 0 0 0 0 0 0 0 37 63 24 0 0 0 10 0 0 0 39 0 3 0 29 
P367 2098 11 0 5 0 7 0 0 4 0 0 0 13 18 72 51 0 19 21 43 65 0 0 0 26 0 0 0 0 0 0 0 -999 
P367 2098 12 0 0 0 0 0 0 0 0 0 0 0 0 0 0 0 0 0 11 17 50 51 0 22 0 42 0 0 0 22 0 0 
P367 2099 1 0 10 0 0 0 0 0 0 10 0 66 27 61 0 0 5 38 32 10 17 0 43 129 34 11 19 0 0 0 10 0 
P367 2099 2 6 0 0 0 0 0 0 0 4 0 0 0 0 0 0 0 0 12 0 0 11 0 38 119 164 62 38 0 -999 -999 -999 
P367 2099 3 95 107 112 113 0 0 0 12 0 0 18 13 0 0 41 37 53 157 231 232 37 0 51 0 0 0 0 23 0 0 0 
P367 2099 4 40 41 38 15 0 0 24 0 0 0 0 2 0 4 0 3 0 0 0 0 25 0 0 0 0 22 33 0 0 33 -999 
P367 2099 5 0 0 12 0 0 17 0 8 11 0 0 0 0 0 0 0 0 0 0 0 0 0 0 21 0 0 0 0 0 13 0 
P367 2099 6 0 0 0 0 0 0 0 0 0 0 0 0 0 0 0 0 0 0 12 0 14 0 0 0 0 0 0 0 0 0 -999 
P367 2099 7 0 0 0 0 0 6 0 0 0 0 0 0 0 0 0 0 0 0 0 0 9 0 0 0 0 0 0 0 0 0 0 
P367 2099 8 0 0 0 0 0 0 0 0 0 0 0 0 0 0 0 0 0 0 0 0 0 0 0 0 0 0 0 0 0 0 0 
P367 2099 9 0 0 0 0 0 0 0 0 0 0 0 0 8 0 0 0 0 0 0 0 0 0 0 0 0 0 0 0 0 0 -999 
P367 2099 10 0 0 0 15 0 0 0 0 25 0 0 53 43 19 0 0 0 0 0 0 13 0 2 0 12 34 25 0 13 0 0 
P367 2099 11 0 0 0 0 0 5 5 12 0 0 0 25 0 0 12 42 0 5 0 0 10 15 0 0 33 30 74 65 74 0 -999 
P367 2099 12 6 0 0 0 0 84 85 46 26 57 37 9 0 0 0 0 0 0 0 23 30 0 0 35 139 302 288 185 94 68 15 
P367 2100 1 49 16 0 15 51 0 10 22 0 0 110 210 233 78 0 49 20 0 0 0 0 0 0 0 0 0 0 0 0 0 0 
P367 2100 2 0 59 76 8 0 0 0 14 34 68 0 0 8 0 0 0 0 0 36 60 27 0 0 0 0 0 0 0 -999 -999 -999 
P367 2100 3 0 41 65 34 0 0 42 0 64 0 54 65 194 43 0 0 8 10 0 0 33 42 52 59 37 94 0 51 96 116 91 
P367 2100 4 87 69 58 38 0 23 25 23 13 25 0 93 0 0 24 28 0 0 30 34 16 0 2 0 0 0 4 0 0 0 -999 
P367 2100 5 0 0 0 0 0 0 0 9 0 0 12 16 21 10 0 0 0 0 20 0 27 15 24 28 0 0 15 15 0 0 13 
P367 2100 6 0 0 0 0 12 0 0 0 9 13 0 0 19 0 0 8 0 0 7 0 0 0 0 0 0 0 0 0 0 0 -999 
P367 2100 7 0 0 0 0 0 0 0 0 0 0 0 0 0 0 0 0 0 0 0 0 4 0 0 0 6 5 0 0 0 0 0 
P367 2100 8 0 0 0 0 0 0 0 0 0 0 0 0 0 0 0 0 0 0 0 0 0 0 0 0 0 0 0 0 0 2 0 
P367 2100 9 0 0 0 0 0 0 0 0 0 0 0 0 0 0 0 0 0 0 0 0 0 0 0 0 26 0 0 0 0 0 -999 
P367 2100 10 0 0 0 7 0 11 28 50 34 0 31 42 26 32 0 11 15 0 22 0 27 70 120 0 0 0 0 0 27 24 0 
P367 2100 11 0 0 38 0 78 133 53 0 67 62 12 52 64 117 177 169 91 78 84 52 19 56 75 98 65 0 0 0 2 0 -999 
P367 2100 12 0 0 3 0 31 0 0 0 3 0 0 0 0 0 0 0 0 0 0 0 0 0 0 0 0 0 0 6 8 0 0 
