precip	MIROC5	RCP60	REGRESION	decimas	1
P8583	40.048	-5.412	182	geo	2006	2100	-1
P8583 2006 1 0 12 13 0 0 0 21 0 0 0 41 171 271 42 118 0 135 116 57 20 8 30 0 14 31 38 34 26 45 55 0 
P8583 2006 2 39 115 0 43 17 0 0 0 0 0 0 38 51 0 0 0 25 0 53 0 0 0 11 0 0 0 10 20 -999 -999 -999 
P8583 2006 3 64 98 145 173 129 152 0 122 0 72 68 0 29 37 50 114 208 186 135 74 84 75 73 0 57 70 0 79 100 75 70 
P8583 2006 4 0 80 46 0 31 15 0 25 0 0 0 0 0 0 8 15 0 0 0 0 0 0 9 18 0 0 55 40 17 0 -999 
P8583 2006 5 0 0 35 59 51 86 0 13 0 0 0 0 0 30 24 19 23 0 33 29 8 0 0 0 0 0 0 0 0 0 0 
P8583 2006 6 0 0 0 0 0 0 0 0 0 0 0 0 0 9 0 0 0 0 0 0 0 0 0 10 0 0 0 0 0 0 -999 
P8583 2006 7 0 0 8 0 9 0 0 0 0 0 0 8 0 0 0 0 0 0 0 0 0 0 0 0 0 0 0 4 6 0 0 
P8583 2006 8 0 0 0 0 0 0 0 0 0 0 0 4 0 0 0 0 0 0 0 0 0 0 0 11 0 0 7 0 0 0 17 
P8583 2006 9 0 0 0 26 0 0 0 8 20 0 0 9 0 0 0 25 0 0 0 0 0 0 16 0 0 0 8 14 15 0 -999 
P8583 2006 10 0 0 0 0 0 0 0 0 0 0 0 0 0 28 22 0 0 9 0 0 30 16 0 16 0 30 14 0 20 18 0 
P8583 2006 11 0 0 0 0 0 0 0 53 0 0 0 0 0 0 0 0 0 0 0 23 0 0 34 32 0 0 0 10 0 0 -999 
P8583 2006 12 0 0 0 0 0 4 26 127 113 59 0 0 37 0 126 163 0 0 5 0 33 99 185 64 81 74 0 0 82 60 0 
P8583 2007 1 31 0 0 0 0 0 0 0 0 0 0 1 0 0 0 0 3 0 0 0 0 0 0 7 12 12 0 22 0 0 23 
P8583 2007 2 14 23 26 16 0 10 41 127 0 150 0 28 0 15 18 0 30 61 30 0 34 37 65 43 67 0 66 0 -999 -999 -999 
P8583 2007 3 0 37 29 0 104 0 0 0 0 0 0 37 43 0 43 0 46 31 23 0 0 30 0 5 0 0 0 0 5 0 0 
P8583 2007 4 0 0 0 0 7 26 2 0 0 0 0 0 77 16 0 0 38 67 85 55 0 0 0 43 0 10 0 0 0 0 -999 
P8583 2007 5 0 0 0 0 0 21 0 0 0 0 0 0 0 0 0 0 0 0 38 0 3 0 0 0 4 2 0 0 0 0 0 
P8583 2007 6 0 0 0 0 0 0 0 0 0 0 0 0 0 13 0 3 0 0 0 0 0 0 0 0 8 0 0 0 0 0 -999 
P8583 2007 7 18 19 0 0 0 0 0 0 19 23 0 0 0 0 0 0 25 0 0 0 0 0 0 0 0 20 0 0 0 0 0 
P8583 2007 8 0 0 0 11 0 0 0 0 0 0 0 0 0 6 0 0 0 0 17 0 19 0 0 0 0 16 0 0 0 0 0 
P8583 2007 9 0 0 0 0 0 0 0 0 0 0 0 0 8 0 0 0 0 0 0 0 0 5 0 0 19 0 11 0 0 0 -999 
P8583 2007 10 6 0 0 0 0 0 0 0 15 0 0 0 68 0 0 32 45 105 21 7 0 69 87 67 0 23 59 0 0 6 7 
P8583 2007 11 0 0 0 0 0 0 0 0 0 0 73 0 33 0 17 0 8 0 0 0 0 0 0 0 2 0 0 0 0 0 -999 
P8583 2007 12 0 0 0 18 0 0 0 15 0 0 0 0 0 0 0 14 35 34 0 0 0 0 0 26 37 19 0 0 0 0 0 
P8583 2008 1 0 25 0 55 0 4 0 0 0 0 0 10 18 31 0 0 0 0 33 0 0 119 0 32 57 162 168 88 81 98 147 
P8583 2008 2 229 0 181 80 71 110 75 0 43 0 0 0 0 30 86 77 0 100 0 34 18 0 16 0 24 0 49 22 -999 -999 -999 
P8583 2008 3 0 0 0 0 6 0 0 6 5 0 0 0 0 0 0 0 0 4 6 0 0 19 0 0 0 0 4 0 0 0 0 
P8583 2008 4 0 0 0 20 0 0 0 0 0 0 0 0 0 28 78 0 0 0 0 0 7 0 0 6 0 0 0 0 0 0 -999 
P8583 2008 5 0 0 0 0 0 0 0 0 0 33 0 38 33 45 0 0 0 0 0 0 0 46 71 0 0 0 6 0 0 17 9 
P8583 2008 6 0 8 11 0 0 26 0 0 30 0 19 0 20 65 0 8 0 18 0 0 0 0 0 0 0 0 0 0 0 0 -999 
P8583 2008 7 0 0 0 4 0 0 0 0 24 9 0 0 0 0 0 0 0 0 0 0 0 3 0 0 0 0 0 0 0 0 0 
P8583 2008 8 0 0 5 0 0 0 0 0 0 0 12 0 0 0 0 0 0 0 0 0 0 0 0 0 8 0 0 0 0 0 0 
P8583 2008 9 0 0 0 0 0 0 0 0 10 0 0 0 0 0 16 0 0 0 16 10 0 0 22 0 28 19 0 32 59 0 -999 
P8583 2008 10 42 32 0 0 0 0 0 0 0 0 0 51 51 11 0 2 0 0 0 0 0 21 0 0 0 60 0 0 0 0 26 
P8583 2008 11 0 0 31 0 0 0 0 3 0 0 0 0 0 0 6 15 34 70 0 12 0 0 0 3 6 0 0 0 0 0 -999 
P8583 2008 12 0 0 0 0 1 0 0 0 15 38 0 0 0 0 0 0 12 10 0 6 14 19 16 0 58 0 36 25 0 0 0 
P8583 2009 1 0 0 0 0 0 0 0 0 0 0 0 15 0 0 0 6 1 0 3 0 0 0 0 0 0 0 0 0 0 0 0 
P8583 2009 2 0 0 9 14 0 0 0 0 2 4 3 0 0 4 0 0 0 0 0 0 0 0 0 0 0 0 0 22 -999 -999 -999 
P8583 2009 3 0 0 0 34 25 0 21 86 43 0 0 0 8 21 0 42 130 106 74 46 6 0 52 43 47 115 80 127 122 86 36 
P8583 2009 4 27 0 9 19 0 37 0 0 9 0 18 0 0 0 0 0 0 0 0 20 0 0 0 0 0 0 0 0 49 0 -999 
P8583 2009 5 0 53 0 36 0 34 23 0 0 22 0 0 0 0 0 0 0 0 17 0 0 0 0 0 0 0 0 0 0 0 0 
P8583 2009 6 0 0 0 0 0 0 0 0 0 0 0 0 6 0 0 16 0 0 0 0 0 0 0 0 0 0 0 0 0 0 -999 
P8583 2009 7 0 0 0 0 0 0 0 0 0 0 0 0 0 0 0 0 0 5 0 0 0 0 0 0 0 0 0 0 0 0 0 
P8583 2009 8 0 0 0 0 0 0 0 0 0 0 4 0 0 0 0 0 0 0 0 0 0 0 0 0 8 0 0 0 0 0 25 
P8583 2009 9 0 0 0 0 0 0 0 0 0 0 0 17 0 0 0 0 0 0 0 0 0 0 0 0 0 0 0 0 0 0 -999 
P8583 2009 10 0 0 1 0 0 0 0 0 0 10 11 0 0 0 17 24 0 0 0 13 0 10 37 77 0 0 8 0 10 0 0 
P8583 2009 11 0 0 9 0 0 0 17 0 0 5 0 0 0 0 0 20 23 0 0 41 13 0 97 0 9 0 0 0 32 51 -999 
P8583 2009 12 35 59 89 37 114 65 0 0 30 84 0 23 42 23 0 0 0 90 60 0 0 27 0 0 65 80 0 90 41 22 0 
P8583 2010 1 0 34 65 128 77 0 0 0 32 16 0 0 31 12 21 0 0 21 26 0 22 0 5 8 0 0 0 0 0 0 23 
P8583 2010 2 16 0 0 0 0 0 0 3 0 0 0 0 0 0 0 0 0 2 0 0 0 0 0 0 0 0 0 0 -999 -999 -999 
P8583 2010 3 0 0 10 0 0 0 16 23 83 72 33 0 10 0 11 11 15 44 99 0 0 0 0 0 0 2 0 0 0 0 0 
P8583 2010 4 0 0 0 0 0 0 0 0 59 0 0 20 15 0 87 35 0 0 0 0 20 0 5 0 0 0 0 0 30 0 -999 
P8583 2010 5 0 0 26 0 0 0 0 0 0 0 0 0 0 0 0 27 0 33 11 2 0 0 9 0 0 53 42 17 0 0 0 
P8583 2010 6 0 22 23 0 13 0 10 5 0 0 0 0 0 0 0 0 11 0 0 0 0 0 0 0 5 0 0 0 0 0 -999 
P8583 2010 7 25 0 0 0 0 0 0 0 0 0 10 0 0 0 6 0 6 0 0 0 0 0 0 0 0 0 0 0 0 0 0 
P8583 2010 8 0 0 0 0 0 0 0 0 0 0 0 0 0 8 0 0 0 0 0 0 0 0 0 0 0 0 0 0 0 0 0 
P8583 2010 9 0 10 32 0 0 0 0 0 0 0 0 0 16 0 18 0 0 0 0 0 0 0 0 11 27 16 0 0 0 0 -999 
P8583 2010 10 0 0 0 0 0 0 0 0 0 56 82 0 89 46 31 0 0 0 35 0 0 0 0 0 24 0 0 12 27 13 0 
P8583 2010 11 0 0 15 0 15 8 0 0 0 0 0 0 0 0 0 7 0 12 0 0 0 0 6 8 12 0 4 0 0 0 -999 
P8583 2010 12 0 0 0 0 0 0 18 10 16 12 10 42 59 27 0 7 16 10 0 2 0 0 0 0 0 0 6 0 0 0 0 
P8583 2011 1 0 0 17 25 44 0 0 5 0 0 0 16 0 0 0 0 4 0 0 0 0 35 0 0 36 15 20 0 2 3 0 
P8583 2011 2 0 12 0 57 0 73 59 0 9 0 0 33 20 0 23 0 7 0 0 18 0 51 0 0 13 0 0 56 -999 -999 -999 
P8583 2011 3 59 38 17 0 0 0 0 6 0 14 23 35 0 0 0 116 69 0 28 45 34 55 124 269 75 27 0 112 0 0 0 
P8583 2011 4 19 0 26 19 0 0 0 0 0 0 19 0 0 0 0 0 0 0 0 0 0 0 0 0 0 0 0 0 0 0 -999 
P8583 2011 5 0 17 0 0 0 0 0 0 0 39 0 0 0 0 0 0 0 0 0 0 0 0 0 0 0 0 20 17 0 0 0 
P8583 2011 6 14 0 0 0 4 0 6 0 0 0 0 0 0 0 0 0 0 0 0 2 0 0 0 0 0 0 0 0 0 6 -999 
P8583 2011 7 0 0 0 0 0 0 0 0 0 0 0 0 0 0 0 0 0 0 0 0 0 0 0 0 0 0 0 0 0 0 0 
P8583 2011 8 0 0 0 0 0 0 6 0 0 0 0 0 0 0 0 0 8 0 0 0 0 0 0 0 0 0 0 0 0 16 0 
P8583 2011 9 0 0 0 12 0 0 0 16 0 49 0 0 0 0 0 0 0 0 0 0 0 0 6 0 7 7 0 0 0 0 -999 
P8583 2011 10 0 0 0 0 3 0 0 0 0 0 0 18 0 28 0 12 0 16 0 0 19 0 0 0 0 0 0 14 0 0 0 
P8583 2011 11 0 0 0 34 76 96 0 0 0 0 0 0 0 10 0 0 72 0 0 9 0 88 0 0 0 11 13 0 0 0 -999 
P8583 2011 12 12 49 51 0 0 0 0 0 0 0 19 25 0 0 22 94 86 104 89 84 100 46 0 0 56 0 50 41 52 0 108 
P8583 2012 1 107 0 6 0 0 0 0 0 0 0 0 0 0 1 0 0 0 1 0 0 0 0 0 0 0 0 0 28 41 33 0 
P8583 2012 2 0 0 39 15 12 20 17 12 0 0 0 4 0 0 0 0 5 24 0 0 15 0 0 11 15 0 0 17 -999 -999 -999 
P8583 2012 3 53 0 0 0 0 0 0 0 0 0 0 0 0 0 0 0 29 19 30 61 56 0 23 0 28 0 0 0 0 16 0 
P8583 2012 4 0 0 0 0 4 0 35 34 0 0 0 0 0 0 80 0 0 0 0 11 0 0 0 67 0 50 70 85 0 54 -999 
P8583 2012 5 0 0 0 0 0 0 7 8 24 0 17 20 27 50 43 31 26 0 0 0 0 0 0 12 0 30 0 0 7 0 0 
P8583 2012 6 0 0 0 0 0 0 0 0 0 0 0 0 0 0 24 0 0 0 0 0 0 0 0 0 0 0 0 0 0 5 -999 
P8583 2012 7 0 0 0 0 0 0 0 0 0 0 0 0 0 0 0 0 0 0 0 0 0 0 0 0 0 0 0 0 0 0 0 
P8583 2012 8 0 0 0 10 0 0 0 0 0 0 0 7 0 7 0 0 0 0 0 0 0 0 0 4 0 9 0 0 0 0 0 
P8583 2012 9 0 0 0 0 0 23 12 0 0 0 0 0 4 0 0 0 0 0 0 0 0 0 0 0 0 0 0 13 0 0 -999 
P8583 2012 10 0 0 0 0 0 0 0 0 23 54 94 0 0 0 42 43 43 0 56 0 0 0 0 8 0 17 0 27 30 77 24 
P8583 2012 11 63 66 47 0 22 43 10 19 0 63 46 0 0 0 0 0 0 79 116 73 0 0 0 0 15 0 17 0 66 0 -999 
P8583 2012 12 14 0 0 0 30 112 111 104 20 38 34 20 40 104 67 0 59 0 19 17 36 58 16 56 27 0 0 7 24 19 64 
P8583 2013 1 0 0 32 76 37 0 46 0 9 0 0 8 0 0 4 5 0 0 0 0 0 0 0 0 1 3 0 25 33 61 12 
P8583 2013 2 1 0 0 0 0 11 8 0 20 0 0 0 47 122 40 0 29 118 150 104 73 88 0 129 0 0 0 0 -999 -999 -999 
P8583 2013 3 23 35 28 41 23 0 0 0 0 96 183 160 93 35 49 0 61 54 64 40 0 0 64 50 54 0 27 52 0 52 94 
P8583 2013 4 0 7 10 26 0 0 32 11 4 0 0 0 0 0 0 39 0 0 18 17 59 28 0 46 77 0 0 0 0 7 -999 
P8583 2013 5 0 0 0 0 0 0 16 0 30 0 49 0 0 11 0 0 33 0 26 0 10 0 1 0 0 0 0 0 0 0 0 
P8583 2013 6 0 19 0 0 14 0 0 49 63 0 55 46 0 0 0 0 0 13 0 0 0 0 0 0 0 0 46 42 42 18 -999 
P8583 2013 7 0 8 0 0 0 28 25 0 0 0 0 0 0 0 0 0 0 0 0 0 15 0 0 0 0 0 0 0 0 0 0 
P8583 2013 8 0 0 0 13 0 0 18 0 0 0 0 10 0 0 0 0 0 0 0 0 0 0 8 0 0 0 0 0 0 19 49 
P8583 2013 9 0 18 0 0 0 0 8 0 0 0 0 0 0 3 0 0 0 0 0 18 12 0 0 1 0 0 0 0 0 5 -999 
P8583 2013 10 0 0 0 0 0 0 0 0 0 31 25 0 8 0 0 0 25 0 0 0 0 0 0 0 1 0 0 0 0 0 0 
P8583 2013 11 0 0 0 0 0 0 0 0 0 0 9 9 4 6 0 14 0 0 0 59 111 181 205 91 0 207 0 0 0 0 -999 
P8583 2013 12 28 80 50 32 4 0 0 0 0 19 22 24 14 18 33 19 10 4 0 0 21 32 35 72 49 73 0 0 81 48 25 
P8583 2014 1 38 15 0 0 0 51 0 0 20 10 34 34 0 53 53 27 0 0 0 0 0 0 0 28 0 41 81 0 103 0 43 
P8583 2014 2 41 0 38 67 76 0 95 123 60 63 0 32 0 0 6 14 0 21 25 0 16 12 24 0 6 10 16 31 -999 -999 -999 
P8583 2014 3 21 6 0 0 0 0 0 0 5 0 0 0 28 41 85 109 116 83 192 0 37 26 0 0 0 0 8 9 0 0 0 
P8583 2014 4 0 27 0 0 0 0 0 0 25 48 46 52 61 0 0 33 0 32 67 0 33 0 15 33 77 34 0 33 0 53 -999 
P8583 2014 5 91 0 0 50 0 0 0 0 0 0 0 0 0 0 0 0 0 0 0 0 0 87 73 68 33 0 0 23 32 48 57 
P8583 2014 6 24 23 0 88 73 38 35 26 0 8 0 0 0 0 0 6 0 0 0 0 0 0 0 0 0 0 0 0 0 0 -999 
P8583 2014 7 7 0 0 0 0 0 0 0 0 0 17 0 0 0 0 0 0 0 0 0 0 0 0 0 0 0 0 0 0 0 0 
P8583 2014 8 0 0 0 0 0 0 0 6 0 0 0 0 0 0 0 0 0 0 0 0 0 0 0 0 0 0 0 0 0 0 0 
P8583 2014 9 0 0 0 0 0 0 0 0 0 0 0 0 0 0 0 0 0 43 0 0 9 0 12 0 0 0 0 0 12 0 -999 
P8583 2014 10 0 0 0 24 0 0 0 0 0 9 0 17 0 0 13 0 12 0 0 79 0 0 0 0 69 55 8 0 0 0 7 
P8583 2014 11 4 0 0 0 0 0 12 0 0 0 0 0 0 21 16 0 0 93 40 76 178 242 96 154 52 41 0 0 14 12 -999 
P8583 2014 12 1 0 0 0 0 0 0 10 15 11 17 0 0 0 0 0 2 2 0 0 0 0 13 18 11 5 0 11 32 34 26 
P8583 2015 1 12 0 18 102 112 50 0 32 0 22 0 0 0 3 0 0 0 3 0 0 0 0 0 6 11 16 16 98 102 0 19 
P8583 2015 2 17 0 7 0 0 0 0 1 4 5 0 7 4 0 0 0 0 0 7 5 0 0 0 0 90 84 71 40 -999 -999 -999 
P8583 2015 3 25 42 52 98 36 0 56 0 58 0 0 0 32 51 0 0 0 0 0 0 0 43 55 29 18 13 0 8 0 0 27 
P8583 2015 4 0 25 19 0 0 7 19 14 8 6 0 0 0 0 0 0 0 7 0 0 0 0 8 11 0 55 0 48 113 53 -999 
P8583 2015 5 75 0 36 10 0 0 2 0 0 0 0 0 12 0 0 0 0 0 0 0 0 0 0 0 0 0 0 73 79 27 0 
P8583 2015 6 0 0 0 0 0 0 0 0 0 0 0 0 0 0 0 0 0 0 0 0 0 0 0 0 11 0 0 0 0 0 -999 
P8583 2015 7 0 0 0 0 0 21 0 0 9 0 0 0 0 0 0 0 0 0 0 0 0 0 0 0 0 0 0 0 0 0 0 
P8583 2015 8 0 0 0 0 0 0 0 0 0 0 0 0 0 0 0 0 0 0 0 0 0 0 36 50 21 0 0 0 0 0 0 
P8583 2015 9 0 0 0 23 0 0 9 0 0 0 0 0 11 0 0 7 0 0 0 20 0 0 0 23 48 77 0 51 32 0 -999 
P8583 2015 10 39 0 0 7 21 0 31 74 21 4 0 0 0 0 11 0 0 0 0 10 16 0 0 0 0 0 0 0 0 0 10 
P8583 2015 11 0 0 4 0 10 0 0 0 11 0 0 0 22 0 0 10 0 13 37 77 64 43 0 0 0 0 0 0 5 0 -999 
P8583 2015 12 34 51 31 0 0 0 182 131 95 0 46 105 112 17 0 0 33 0 0 0 0 5 11 8 0 0 0 0 0 0 0 
P8583 2016 1 0 19 0 0 0 0 44 0 22 16 60 117 70 129 0 42 54 39 0 0 0 0 17 0 0 0 29 0 0 0 0 
P8583 2016 2 0 0 37 25 0 16 0 6 0 0 0 0 20 0 27 26 72 34 0 0 21 0 0 0 0 0 22 0 -999 -999 -999 
P8583 2016 3 0 21 14 0 0 33 51 59 168 122 153 185 100 0 0 0 0 0 0 19 31 46 0 0 37 0 82 144 116 64 86 
P8583 2016 4 0 0 0 3 0 0 0 0 27 0 0 97 0 0 141 46 63 0 73 80 0 6 15 0 21 0 0 0 0 0 -999 
P8583 2016 5 0 18 0 21 15 0 0 0 0 0 27 0 20 14 0 32 0 0 0 0 0 0 0 0 5 0 0 0 0 0 0 
P8583 2016 6 30 0 0 0 0 0 0 0 0 0 23 0 0 0 0 21 7 0 0 18 0 0 0 0 0 0 0 0 0 0 -999 
P8583 2016 7 0 0 0 0 0 0 0 0 0 0 0 0 0 0 16 0 0 0 0 0 0 0 0 0 0 0 16 0 0 0 0 
P8583 2016 8 0 8 0 0 0 0 0 0 8 0 19 0 3 0 0 0 0 0 0 0 0 0 0 0 0 0 0 0 0 0 0 
P8583 2016 9 0 0 0 0 0 17 0 0 0 0 0 2 0 0 0 0 0 0 0 23 10 0 0 0 0 0 5 0 15 0 -999 
P8583 2016 10 0 0 0 0 0 0 0 17 0 0 0 0 0 7 28 86 112 0 0 0 0 0 0 0 12 0 0 7 0 0 6 
P8583 2016 11 0 0 0 0 11 0 0 23 5 15 0 29 24 38 144 26 0 113 0 0 69 0 0 53 62 14 17 0 50 54 -999 
P8583 2016 12 0 0 0 0 0 0 0 21 0 20 46 94 99 39 0 7 0 49 0 90 84 113 62 57 28 14 40 23 17 32 50 
P8583 2017 1 30 0 24 0 13 21 0 0 0 0 21 0 82 123 0 0 0 0 8 6 7 8 3 0 0 0 0 0 0 0 0 
P8583 2017 2 5 0 0 0 0 0 0 0 16 0 5 0 6 0 0 0 0 11 0 0 0 0 0 0 0 0 13 0 -999 -999 -999 
P8583 2017 3 0 0 0 0 0 0 0 0 0 0 0 0 0 40 25 7 0 0 12 0 0 0 0 63 92 92 69 62 0 0 9 
P8583 2017 4 9 13 0 0 12 12 0 0 34 31 0 0 0 12 10 0 0 9 9 0 0 0 0 25 0 26 44 64 80 45 -999 
P8583 2017 5 0 0 0 27 10 0 0 8 0 0 0 0 4 0 0 0 0 0 8 0 0 0 0 0 0 14 0 0 0 0 0 
P8583 2017 6 0 0 0 0 0 0 0 0 0 0 0 0 0 0 0 6 0 0 0 0 0 0 0 0 0 0 0 0 33 0 -999 
P8583 2017 7 18 8 0 0 0 0 0 0 0 0 0 9 11 0 0 0 0 0 0 0 0 0 4 0 3 0 0 0 0 0 0 
P8583 2017 8 0 0 0 0 0 6 0 19 21 0 7 10 0 0 0 0 0 0 0 0 0 16 0 0 0 0 4 0 0 0 0 
P8583 2017 9 0 0 0 4 0 0 8 0 0 12 0 0 0 0 0 0 4 0 0 3 0 0 0 0 34 21 0 19 0 18 -999 
P8583 2017 10 8 0 0 0 0 9 0 6 0 0 0 0 13 0 26 81 84 127 64 0 0 31 47 18 0 0 116 157 183 66 13 
P8583 2017 11 0 0 0 0 0 21 21 69 55 26 79 0 210 81 0 14 0 0 0 0 43 0 21 0 0 28 15 21 22 41 -999 
P8583 2017 12 0 52 0 26 0 0 27 0 0 60 0 0 78 128 120 17 4 0 0 0 0 0 0 21 0 0 0 0 0 64 0 
P8583 2018 1 23 8 1 0 0 9 0 41 76 47 0 14 0 1 0 0 25 0 0 0 0 20 103 0 30 34 0 50 35 0 0 
P8583 2018 2 58 16 117 0 44 25 27 0 26 18 0 0 0 10 0 3 0 6 0 36 22 13 0 0 0 0 0 0 -999 -999 -999 
P8583 2018 3 15 0 8 16 27 0 16 0 0 0 41 64 0 0 36 7 26 22 15 9 6 5 0 0 0 28 46 38 59 44 0 
P8583 2018 4 0 10 0 0 23 17 10 19 25 0 0 40 21 13 0 0 8 10 0 0 0 0 23 43 0 92 90 42 28 0 -999 
P8583 2018 5 0 0 1 0 17 0 24 0 45 52 0 57 60 0 21 53 65 58 49 59 57 0 0 0 17 24 0 0 0 0 0 
P8583 2018 6 8 0 0 0 0 0 3 0 0 0 0 0 10 0 17 0 0 0 0 0 20 0 0 0 0 0 0 0 0 0 -999 
P8583 2018 7 0 12 0 0 0 0 26 22 0 0 0 0 0 0 0 0 7 0 0 0 0 0 0 0 0 0 0 0 0 0 0 
P8583 2018 8 0 0 0 0 5 0 0 0 0 34 0 0 0 0 0 0 0 0 0 0 1 0 0 0 0 0 0 0 0 0 0 
P8583 2018 9 0 0 0 0 0 20 0 0 0 0 0 0 0 0 0 0 0 0 0 0 0 0 0 7 0 5 0 2 6 0 -999 
P8583 2018 10 9 0 0 0 0 0 0 0 0 0 0 0 0 0 22 4 0 0 0 3 0 0 0 0 22 0 0 0 0 0 0 
P8583 2018 11 0 0 0 0 0 0 43 0 55 65 0 3 0 0 6 2 4 14 20 63 40 56 29 18 0 0 12 0 0 13 -999 
P8583 2018 12 35 42 31 44 0 63 70 0 18 0 33 97 84 41 33 0 15 0 0 12 0 59 40 34 58 46 71 117 116 92 77 
P8583 2019 1 166 123 0 121 140 112 136 10 0 7 25 0 0 0 0 0 89 55 88 82 92 111 39 19 0 64 158 0 11 33 0 
P8583 2019 2 120 132 28 0 34 0 0 0 21 84 123 61 130 123 0 0 0 215 229 0 33 33 0 0 3 0 0 0 -999 -999 -999 
P8583 2019 3 0 0 0 0 0 21 15 0 0 20 0 0 6 0 0 0 0 0 0 5 0 0 0 5 0 0 0 0 0 0 36 
P8583 2019 4 0 0 0 0 0 0 0 73 0 0 30 29 0 42 55 55 41 0 16 0 0 11 0 52 0 48 58 52 45 43 -999 
P8583 2019 5 0 0 0 0 11 9 0 0 0 0 0 0 33 0 0 0 0 0 0 0 3 0 0 0 0 0 0 0 0 0 0 
P8583 2019 6 6 0 0 0 8 0 0 0 20 18 20 0 18 0 23 32 12 0 0 10 0 11 0 0 0 0 0 0 0 0 -999 
P8583 2019 7 0 0 0 0 0 0 0 0 0 0 11 0 0 0 0 0 8 0 0 0 0 0 0 0 22 0 0 0 0 0 0 
P8583 2019 8 0 0 7 0 0 0 0 0 0 4 0 0 0 0 0 0 0 0 0 7 0 0 0 0 0 0 0 3 0 0 12 
P8583 2019 9 0 0 10 0 14 0 0 0 0 0 0 0 0 0 0 0 0 29 0 40 11 14 30 35 0 0 0 0 0 10 -999 
P8583 2019 10 0 0 0 0 0 0 15 0 0 0 0 93 78 0 0 0 0 0 0 0 0 0 0 0 9 9 0 0 8 0 0 
P8583 2019 11 12 7 0 7 0 35 20 26 18 0 0 0 0 0 0 0 0 0 0 51 183 203 76 0 65 90 54 0 73 162 -999 
P8583 2019 12 106 63 22 0 18 13 0 0 0 0 0 0 0 4 0 0 4 7 0 0 0 18 18 0 0 3 0 0 0 0 42 
P8583 2020 1 43 0 0 13 0 4 0 0 0 0 0 0 49 93 32 23 0 0 0 0 0 0 10 0 18 0 0 76 0 45 0 
P8583 2020 2 26 15 0 0 22 24 34 62 0 26 0 26 0 0 0 16 0 0 0 0 0 0 0 0 0 0 0 0 -999 -999 -999 
P8583 2020 3 0 0 10 14 58 60 0 0 0 0 0 40 33 23 0 0 0 0 0 0 26 0 0 19 0 31 0 0 19 0 28 
P8583 2020 4 0 0 0 10 0 2 0 1 0 0 14 68 0 0 0 125 129 79 60 71 84 20 0 8 0 0 0 21 0 0 -999 
P8583 2020 5 0 0 20 0 0 0 0 0 0 0 0 54 47 42 64 28 0 0 0 0 0 0 0 0 0 5 0 0 0 0 0 
P8583 2020 6 8 0 0 0 0 11 0 0 0 0 0 0 0 0 0 0 5 0 0 0 0 0 0 0 0 0 0 26 0 0 -999 
P8583 2020 7 0 10 0 0 0 0 0 0 0 0 0 0 47 0 0 6 0 0 0 0 0 0 0 0 0 0 8 0 0 0 0 
P8583 2020 8 0 0 0 0 0 0 0 0 0 0 0 0 0 0 0 0 0 0 0 0 0 0 0 0 0 23 0 0 0 0 0 
P8583 2020 9 0 0 0 0 0 0 0 3 0 0 0 0 0 0 0 0 0 0 0 0 0 0 0 0 0 6 0 0 0 0 -999 
P8583 2020 10 18 13 0 0 0 0 0 42 92 0 40 55 22 26 118 84 26 96 24 0 0 1 0 0 13 0 0 11 0 0 0 
P8583 2020 11 52 0 65 0 0 0 4 0 14 0 0 0 0 17 26 0 12 0 39 129 0 75 43 40 64 73 94 142 0 41 -999 
P8583 2020 12 0 98 57 36 62 19 0 0 0 10 0 0 0 0 0 3 0 0 29 33 38 172 131 93 83 92 140 19 41 0 90 
P8583 2021 1 0 150 0 24 52 78 43 114 100 21 0 0 0 0 0 0 0 18 0 16 0 10 10 11 0 27 40 35 66 0 0 
P8583 2021 2 59 75 89 59 0 0 0 0 0 0 27 32 16 7 0 1 0 0 0 0 0 0 0 0 12 14 0 0 -999 -999 -999 
P8583 2021 3 16 0 0 0 0 17 0 0 37 84 28 0 94 3 6 18 54 0 0 0 71 0 0 0 0 18 0 37 0 0 13 
P8583 2021 4 0 0 0 0 20 4 0 32 0 0 0 0 30 0 0 40 0 0 0 0 0 29 0 37 0 0 0 19 30 46 -999 
P8583 2021 5 80 63 0 15 0 0 0 0 0 0 0 12 0 0 9 0 0 0 54 33 0 0 0 0 0 0 0 42 25 0 38 
P8583 2021 6 50 0 0 0 0 0 0 0 0 0 0 0 0 0 0 0 14 0 0 0 0 6 0 0 0 0 0 0 0 0 -999 
P8583 2021 7 0 0 0 0 0 0 0 0 0 0 0 0 0 0 0 0 0 0 0 0 0 0 0 0 0 0 0 0 0 6 0 
P8583 2021 8 0 0 0 0 0 0 0 0 14 0 0 0 0 0 5 0 0 8 0 0 0 0 0 16 15 49 0 0 0 9 14 
P8583 2021 9 15 0 12 0 0 0 0 7 0 0 0 0 0 0 0 5 0 0 0 35 0 21 0 0 0 0 0 0 24 8 -999 
P8583 2021 10 0 0 0 0 0 0 0 0 22 0 0 0 0 0 0 0 0 0 21 0 55 111 129 0 55 49 37 0 0 15 32 
P8583 2021 11 0 43 0 119 109 49 0 0 0 24 17 10 11 15 32 38 0 66 22 0 0 11 0 0 61 58 71 69 96 44 -999 
P8583 2021 12 101 153 0 0 0 7 13 31 0 0 30 0 0 0 26 101 128 139 43 27 69 66 37 20 0 6 0 23 32 0 0 
P8583 2022 1 0 0 25 0 23 19 24 61 90 55 78 0 0 0 0 49 69 0 33 80 98 87 112 0 55 0 58 69 0 107 107 
P8583 2022 2 173 0 23 84 67 0 173 240 75 133 179 0 161 85 141 0 37 60 42 66 161 0 83 0 0 164 120 0 -999 -999 -999 
P8583 2022 3 15 0 14 55 119 109 78 130 67 83 0 0 0 0 7 0 0 0 0 0 0 0 0 0 0 0 0 0 57 0 0 
P8583 2022 4 0 12 0 0 0 0 0 51 0 8 0 11 0 22 0 0 0 0 26 23 0 12 0 0 2 0 0 0 0 0 -999 
P8583 2022 5 0 0 0 0 9 24 28 0 0 54 57 44 71 0 0 19 0 26 0 24 0 19 0 0 0 52 0 0 0 0 0 
P8583 2022 6 0 0 0 0 0 31 50 7 8 0 0 0 0 0 28 22 18 8 0 9 0 0 0 0 0 7 0 0 0 0 -999 
P8583 2022 7 0 0 0 0 0 0 0 0 24 35 0 0 0 0 0 0 5 0 0 0 0 0 0 0 0 0 0 0 0 0 0 
P8583 2022 8 0 0 0 0 0 0 0 0 0 0 0 0 0 0 0 0 9 0 0 0 0 0 0 0 0 0 0 0 7 0 6 
P8583 2022 9 0 0 0 0 0 0 0 0 0 0 0 7 15 0 0 0 0 0 8 12 0 0 4 0 0 0 0 0 0 0 -999 
P8583 2022 10 0 0 0 5 0 0 0 20 37 35 0 0 0 72 87 60 30 0 0 0 0 0 20 0 0 9 0 0 86 104 0 
P8583 2022 11 30 0 15 16 0 0 0 0 7 19 0 19 3 1 0 0 0 0 0 0 0 0 0 0 0 0 17 48 32 12 -999 
P8583 2022 12 34 85 127 174 66 95 25 0 114 0 0 0 0 11 0 20 0 0 0 22 53 116 159 77 0 47 48 0 19 14 0 
P8583 2023 1 0 6 0 0 0 0 0 0 0 0 0 8 12 15 17 0 7 0 0 11 10 22 0 1 0 0 0 0 0 0 0 
P8583 2023 2 13 39 0 0 0 0 14 0 0 16 0 0 5 0 15 22 32 39 0 9 19 0 58 0 15 22 43 20 -999 -999 -999 
P8583 2023 3 34 37 0 6 7 6 1 1 6 0 0 62 54 0 0 8 0 0 0 0 0 4 0 10 0 0 0 0 0 49 0 
P8583 2023 4 0 18 42 87 66 27 26 0 7 0 5 42 105 144 72 0 64 0 0 0 0 0 0 0 90 67 0 0 12 0 -999 
P8583 2023 5 12 10 16 0 0 0 0 0 0 0 0 0 0 0 0 35 0 0 0 0 0 0 10 0 0 0 3 0 0 0 0 
P8583 2023 6 0 0 37 34 0 0 32 14 0 6 0 0 5 0 0 0 7 0 0 0 6 0 0 0 0 0 0 0 0 0 -999 
P8583 2023 7 0 0 0 0 0 0 0 0 0 0 0 0 10 0 0 0 0 0 0 0 0 0 0 0 0 0 0 0 0 0 0 
P8583 2023 8 0 0 0 9 0 0 0 0 0 0 7 0 0 0 0 0 0 0 0 0 0 7 0 0 5 6 0 6 0 0 16 
P8583 2023 9 0 0 0 0 0 0 0 0 0 0 0 0 0 0 0 0 0 0 10 0 0 0 0 0 0 0 27 33 0 0 -999 
P8583 2023 10 0 0 0 0 0 0 0 0 0 10 7 0 0 44 102 40 0 0 0 0 0 0 0 0 30 58 21 8 15 0 114 
P8583 2023 11 0 0 13 0 0 5 0 22 0 51 33 0 0 0 12 0 0 0 0 0 0 0 0 0 0 11 0 5 0 0 -999 
P8583 2023 12 0 0 0 0 0 0 0 0 0 0 9 10 10 0 0 0 0 26 0 0 0 0 0 0 15 5 0 5 0 0 0 
P8583 2024 1 6 11 72 56 23 101 0 72 67 0 0 0 41 119 90 65 62 120 13 0 0 12 0 0 0 0 0 13 18 0 0 
P8583 2024 2 81 0 119 40 0 0 18 46 0 0 0 0 0 7 0 0 0 2 0 0 0 68 89 151 141 110 25 17 -999 -999 -999 
P8583 2024 3 0 83 79 105 83 95 0 0 50 0 0 0 14 0 0 13 0 19 0 0 0 0 0 43 92 107 48 36 65 88 37 
P8583 2024 4 79 74 99 50 19 11 0 5 0 0 0 0 0 0 0 0 0 0 0 0 0 40 0 35 0 12 0 13 2 0 -999 
P8583 2024 5 0 0 0 0 0 0 12 0 16 0 0 0 0 0 0 0 0 0 0 27 0 0 0 11 9 0 19 0 0 0 0 
P8583 2024 6 0 0 0 0 0 0 0 0 0 15 0 0 0 0 0 3 0 0 0 0 0 0 0 0 0 0 0 0 0 0 -999 
P8583 2024 7 0 5 0 0 0 0 0 0 0 0 0 0 0 0 0 0 0 0 0 0 0 0 0 0 0 0 0 0 0 0 0 
P8583 2024 8 0 24 0 0 0 0 0 0 0 0 0 0 0 0 0 0 0 0 0 0 0 0 0 0 0 0 0 0 0 0 42 
P8583 2024 9 0 0 18 0 0 0 17 0 4 0 0 0 0 0 0 0 16 0 0 0 0 0 0 0 0 0 0 0 0 0 -999 
P8583 2024 10 0 0 6 0 0 0 0 0 0 0 0 0 0 0 143 90 0 0 20 0 0 30 0 0 0 0 0 0 0 0 11 
P8583 2024 11 19 45 0 18 0 0 43 0 0 0 23 47 65 0 11 0 0 0 0 0 0 0 33 0 0 0 0 2 0 0 -999 
P8583 2024 12 0 24 17 58 35 0 0 0 0 0 0 0 0 6 8 7 9 8 0 0 0 0 8 0 0 60 29 0 0 0 0 
P8583 2025 1 0 15 0 0 0 10 0 0 0 22 14 19 0 0 0 0 10 15 22 35 32 32 31 0 40 0 0 7 21 29 31 
P8583 2025 2 0 0 0 13 33 0 45 49 0 28 0 0 0 0 0 38 80 21 23 82 54 40 40 8 0 0 5 0 -999 -999 -999 
P8583 2025 3 0 0 0 46 87 107 222 0 0 0 2 0 0 0 5 0 19 35 0 0 120 0 89 249 0 45 88 0 0 12 0 
P8583 2025 4 24 8 22 0 3 0 0 0 0 0 0 0 0 12 0 0 6 7 0 0 0 0 0 0 0 0 0 0 0 0 -999 
P8583 2025 5 38 0 53 0 0 0 41 0 0 0 0 0 0 8 0 0 0 0 0 0 0 0 0 0 0 0 0 0 0 0 0 
P8583 2025 6 0 0 4 0 0 0 0 0 0 0 0 0 0 0 0 0 0 3 0 5 0 0 0 0 0 0 0 0 0 0 -999 
P8583 2025 7 0 0 0 0 0 0 1 0 0 0 0 0 0 0 0 13 0 0 0 0 0 0 0 0 0 0 0 0 0 0 0 
P8583 2025 8 8 24 0 8 0 0 0 0 0 0 0 0 0 0 0 0 0 0 0 0 0 0 0 0 0 0 0 0 0 0 0 
P8583 2025 9 21 12 11 0 11 0 0 0 0 0 0 0 0 0 16 12 0 20 13 6 3 0 0 0 0 0 0 10 0 6 -999 
P8583 2025 10 0 8 0 0 0 0 32 30 21 0 0 0 13 17 38 0 6 16 10 0 0 0 0 27 47 50 44 0 27 0 0 
P8583 2025 11 0 0 0 0 3 0 13 0 0 22 0 5 0 0 19 52 0 0 20 24 0 17 0 50 0 0 0 0 0 0 -999 
P8583 2025 12 13 0 54 0 0 32 78 83 17 0 0 0 0 0 0 0 0 15 17 0 15 16 0 34 55 56 31 0 20 0 0 
P8583 2026 1 24 37 0 0 0 33 0 0 7 28 56 162 179 17 0 177 186 127 50 38 22 10 22 33 0 37 51 19 0 0 0 
P8583 2026 2 0 0 61 0 15 0 0 0 0 19 28 0 0 0 6 9 14 28 78 0 67 83 72 31 23 26 2 0 -999 -999 -999 
P8583 2026 3 0 0 0 0 3 0 1 0 0 0 0 4 0 0 0 0 0 0 15 27 62 107 0 0 6 3 4 0 0 0 0 
P8583 2026 4 0 0 0 0 0 0 0 57 65 90 118 58 56 0 19 0 0 0 0 0 0 0 0 0 6 0 42 0 0 0 -999 
P8583 2026 5 27 0 0 4 0 5 14 0 0 0 0 0 0 0 0 26 26 0 20 0 0 0 0 0 0 38 0 26 0 0 0 
P8583 2026 6 0 0 0 0 0 0 0 0 0 0 0 0 18 0 0 0 0 0 0 0 0 0 0 0 0 0 0 0 0 0 -999 
P8583 2026 7 0 0 0 0 0 0 0 0 17 0 0 0 0 0 0 0 0 0 0 0 0 0 0 0 0 0 0 0 0 0 0 
P8583 2026 8 0 0 0 0 0 0 0 0 0 0 0 0 0 0 0 0 0 0 0 0 0 0 30 0 28 0 0 0 0 0 0 
P8583 2026 9 0 0 0 0 0 0 0 0 6 0 0 0 0 0 0 0 0 0 0 0 0 11 0 0 0 0 0 0 17 8 -999 
P8583 2026 10 0 13 0 12 0 26 44 0 0 0 43 0 24 53 77 74 0 0 0 0 0 17 105 34 52 30 14 0 74 73 113 
P8583 2026 11 0 0 11 14 29 0 27 0 36 121 95 0 14 27 0 0 0 0 29 27 0 0 0 0 11 0 0 43 0 10 -999 
P8583 2026 12 0 0 20 0 33 0 0 0 55 0 0 21 30 60 0 79 120 116 79 49 20 0 0 0 25 0 19 28 20 57 19 
P8583 2027 1 0 59 94 0 0 71 117 0 62 28 0 0 0 6 0 26 13 13 59 97 29 0 0 0 0 0 11 31 0 10 0 
P8583 2027 2 15 0 0 2 0 0 13 0 0 0 18 25 59 137 82 224 0 0 0 12 14 0 0 65 91 86 43 65 -999 -999 -999 
P8583 2027 3 104 66 38 65 83 78 93 0 0 0 0 0 9 0 47 83 65 0 56 0 0 0 0 22 23 50 0 62 0 26 43 
P8583 2027 4 0 93 0 86 0 28 42 0 0 32 0 0 0 0 63 122 117 132 62 74 59 0 45 43 37 0 0 0 0 0 -999 
P8583 2027 5 27 0 0 62 62 20 10 7 0 0 0 0 7 0 0 15 0 0 0 0 20 24 20 30 57 0 46 18 0 0 0 
P8583 2027 6 27 15 0 27 0 14 0 0 0 0 0 0 14 0 0 0 0 0 0 0 0 0 0 0 0 0 0 0 0 0 -999 
P8583 2027 7 0 0 0 0 0 0 0 0 0 0 9 0 0 0 0 0 0 0 0 0 0 0 0 0 0 0 17 0 0 0 0 
P8583 2027 8 0 0 0 0 0 11 0 0 0 0 0 0 0 0 0 0 0 0 0 0 0 0 0 0 0 0 0 0 0 0 0 
P8583 2027 9 0 0 0 0 8 0 0 0 4 0 0 0 0 0 0 0 0 6 0 0 0 0 0 0 0 0 0 4 0 0 -999 
P8583 2027 10 0 0 0 0 0 0 0 0 0 1 0 0 0 0 0 0 0 0 0 0 0 0 0 0 0 0 15 11 36 0 17 
P8583 2027 11 27 100 183 120 20 0 0 0 0 3 0 41 96 108 0 0 13 19 5 0 19 34 109 111 100 47 79 0 0 112 -999 
P8583 2027 12 26 0 29 6 0 0 153 130 65 62 0 25 0 53 79 50 0 30 21 0 52 13 0 0 14 7 0 0 0 13 0 
P8583 2028 1 0 46 15 0 0 17 0 48 151 139 0 87 134 182 156 20 0 0 0 7 0 0 0 0 0 0 13 3 0 1 0 
P8583 2028 2 0 0 0 0 13 5 0 0 0 0 0 0 1 0 0 5 0 0 0 0 14 19 15 0 16 55 77 0 -999 -999 -999 
P8583 2028 3 0 64 38 0 14 0 0 0 0 22 0 0 0 17 0 0 22 20 10 0 1 21 0 0 0 0 0 4 0 4 0 
P8583 2028 4 0 0 0 0 0 0 39 0 28 32 24 0 0 0 0 0 0 0 11 0 0 0 5 5 0 0 11 0 0 0 -999 
P8583 2028 5 0 0 0 9 0 0 7 0 0 0 0 0 0 0 0 0 0 0 9 0 0 0 0 0 0 3 1 0 0 6 0 
P8583 2028 6 0 0 0 0 0 0 0 0 0 0 7 0 0 0 0 0 0 0 0 0 0 29 0 0 0 0 0 0 0 0 -999 
P8583 2028 7 0 0 0 0 37 0 20 0 27 9 0 0 31 0 0 8 0 0 0 0 4 0 0 0 0 0 0 0 0 0 0 
P8583 2028 8 0 0 0 0 0 0 0 0 0 0 0 40 16 0 0 0 13 0 0 0 0 0 0 0 0 0 0 0 0 0 0 
P8583 2028 9 24 0 31 0 34 24 12 0 5 0 14 0 0 0 0 0 0 0 0 0 0 0 12 0 16 11 0 0 0 9 -999 
P8583 2028 10 0 0 0 0 0 0 18 19 13 19 0 0 0 10 0 0 0 0 30 60 0 0 0 0 22 0 20 0 0 0 87 
P8583 2028 11 77 31 0 0 53 0 0 57 48 74 0 0 0 0 48 0 0 12 0 4 0 0 0 0 0 0 0 0 0 0 -999 
P8583 2028 12 22 36 38 0 67 57 0 0 4 0 0 0 0 0 0 0 1 2 62 58 0 33 110 73 34 27 0 0 0 26 0 
P8583 2029 1 12 53 84 0 47 133 194 63 0 0 15 0 55 62 82 92 38 17 49 76 0 0 11 0 42 98 0 42 0 0 2 
P8583 2029 2 0 0 19 10 6 0 0 0 10 0 0 0 0 2 0 0 1 1 0 0 0 37 0 35 18 0 88 14 -999 -999 -999 
P8583 2029 3 0 0 0 0 0 0 0 0 0 0 0 0 13 0 19 24 40 0 27 31 18 29 42 0 0 3 0 4 0 0 0 
P8583 2029 4 7 7 0 0 0 0 21 0 0 0 0 0 0 0 0 0 0 0 0 11 8 0 9 0 0 0 0 0 0 0 -999 
P8583 2029 5 0 0 0 0 0 0 0 0 0 0 0 0 0 3 0 0 0 0 11 0 0 0 0 0 0 0 0 0 0 0 0 
P8583 2029 6 0 0 0 0 0 0 0 0 0 0 0 0 0 0 0 0 0 0 0 0 0 0 0 0 0 0 0 0 0 7 -999 
P8583 2029 7 18 0 20 19 0 0 0 0 0 0 6 0 0 0 0 0 0 0 0 0 0 0 0 0 0 0 0 0 0 0 0 
P8583 2029 8 0 0 0 0 0 0 0 0 0 0 0 0 0 0 0 0 9 0 0 0 0 0 0 0 0 0 0 0 0 0 0 
P8583 2029 9 0 25 0 0 0 0 0 0 4 4 0 14 0 0 0 0 14 21 0 0 21 45 64 0 20 38 0 68 56 41 -999 
P8583 2029 10 88 25 0 0 0 0 0 0 0 0 0 0 0 0 35 27 14 0 0 0 0 22 27 34 0 0 0 0 31 16 56 
P8583 2029 11 0 37 86 139 63 94 48 0 156 0 0 0 0 0 0 0 0 0 0 25 0 0 28 31 0 0 26 36 109 0 -999 
P8583 2029 12 14 18 0 0 0 0 0 0 0 0 0 0 0 0 0 0 13 0 0 0 0 15 0 0 0 0 0 0 0 0 186 
P8583 2030 1 133 0 23 18 82 60 117 38 60 14 0 18 4 0 0 1 0 0 0 0 8 9 0 0 14 22 17 0 0 159 136 
P8583 2030 2 191 151 0 31 14 61 85 101 85 94 0 0 51 36 97 96 0 0 67 50 0 12 0 33 0 0 41 0 -999 -999 -999 
P8583 2030 3 0 21 0 71 29 0 124 52 23 52 53 0 0 0 14 20 11 0 13 5 0 67 0 10 0 0 0 0 0 0 0 
P8583 2030 4 0 11 0 0 16 13 23 0 0 0 23 0 0 72 82 91 114 218 58 48 75 0 53 36 42 0 0 0 0 0 -999 
P8583 2030 5 0 2 0 0 0 0 7 0 0 0 12 0 50 57 44 41 0 0 0 0 0 0 0 0 5 0 0 14 0 29 0 
P8583 2030 6 0 38 0 0 0 0 0 25 18 35 0 43 30 33 20 0 0 0 22 0 0 0 0 0 0 0 0 0 0 0 -999 
P8583 2030 7 0 0 0 0 10 0 0 0 0 0 0 0 0 0 0 0 0 0 0 0 0 0 0 0 0 0 0 0 0 4 0 
P8583 2030 8 0 11 0 0 0 0 0 0 0 0 0 0 0 0 0 3 0 0 0 0 0 0 0 0 0 0 0 0 2 0 0 
P8583 2030 9 0 0 0 0 0 0 0 0 0 0 0 0 0 0 0 0 0 0 0 16 16 10 0 0 12 0 0 0 0 0 -999 
P8583 2030 10 0 9 0 0 0 0 0 0 0 49 53 45 13 0 0 0 0 0 0 0 0 0 0 26 0 13 0 14 0 32 0 
P8583 2030 11 43 34 81 79 176 121 58 0 32 31 0 0 0 0 0 0 0 60 34 0 0 0 23 0 3 0 41 0 32 0 -999 
P8583 2030 12 143 0 71 57 102 109 65 47 42 0 67 98 38 29 0 28 0 0 13 0 8 22 44 16 25 28 6 0 0 0 0 
P8583 2031 1 0 0 0 0 0 0 34 13 0 9 0 13 88 127 72 30 15 18 26 0 16 32 0 0 43 34 24 0 46 0 0 
P8583 2031 2 39 21 0 34 34 79 27 20 0 108 74 49 0 0 0 0 22 90 43 29 35 77 18 0 0 0 0 0 -999 -999 -999 
P8583 2031 3 27 40 43 0 0 0 0 0 26 35 37 0 0 0 0 45 58 56 59 33 55 0 69 0 0 49 64 48 37 0 0 
P8583 2031 4 38 42 34 53 100 105 0 7 0 0 0 8 0 20 0 0 0 32 0 19 0 0 0 44 41 33 32 35 0 0 -999 
P8583 2031 5 21 15 0 0 23 0 52 0 0 34 24 18 0 45 28 0 0 13 0 0 0 0 0 0 0 0 7 0 0 0 0 
P8583 2031 6 0 0 0 0 15 0 3 0 0 0 0 0 0 0 0 0 0 23 0 0 25 27 16 0 5 0 0 0 4 4 -999 
P8583 2031 7 0 0 0 0 0 0 0 0 0 0 19 0 0 0 0 0 0 0 0 5 0 0 0 0 0 0 10 0 3 0 0 
P8583 2031 8 0 0 0 0 0 0 0 0 0 0 0 0 0 0 0 0 0 0 0 28 0 0 0 0 0 9 0 0 0 0 0 
P8583 2031 9 0 6 4 0 0 0 0 0 13 0 0 63 0 5 0 0 0 0 0 14 0 0 6 0 0 0 0 38 33 0 -999 
P8583 2031 10 0 0 0 0 0 0 0 0 0 0 0 26 27 20 53 50 21 0 0 0 48 0 0 79 58 0 58 107 57 46 122 
P8583 2031 11 39 0 0 22 0 0 0 0 0 0 0 0 81 53 64 0 0 0 0 0 0 0 8 0 0 25 57 62 0 36 -999 
P8583 2031 12 63 0 97 90 81 0 0 12 0 0 0 0 13 17 0 0 0 0 0 0 3 2 0 22 23 0 0 12 0 0 53 
P8583 2032 1 75 0 26 0 30 133 51 0 0 0 10 0 0 0 0 0 23 0 0 17 8 4 5 12 0 0 34 24 45 76 55 
P8583 2032 2 146 159 28 0 116 46 29 50 0 0 0 0 0 0 0 0 0 0 0 0 0 0 0 0 0 35 10 14 -999 -999 -999 
P8583 2032 3 0 0 0 0 0 54 66 49 0 0 2 0 0 0 0 0 0 0 0 0 0 18 14 0 40 42 0 16 11 29 32 
P8583 2032 4 11 20 98 130 0 33 0 0 27 0 0 0 0 27 29 0 39 54 34 0 110 154 173 51 33 7 7 0 73 52 -999 
P8583 2032 5 39 0 0 41 48 57 0 60 50 40 0 0 7 0 13 0 74 61 28 26 37 4 3 4 0 0 0 0 0 0 0 
P8583 2032 6 0 0 0 0 0 0 0 0 0 0 0 0 0 5 0 0 0 6 2 0 0 0 0 0 0 0 42 0 0 22 -999 
P8583 2032 7 0 0 0 0 0 17 9 0 0 0 0 0 0 0 0 0 0 0 0 0 0 0 0 0 0 0 4 0 0 0 0 
P8583 2032 8 0 0 0 0 0 0 4 0 1 0 0 0 0 0 0 0 27 40 0 0 0 0 0 0 0 0 0 4 0 0 0 
P8583 2032 9 0 0 0 0 0 9 15 0 0 0 0 0 0 0 0 0 4 4 0 0 9 0 0 0 0 0 0 12 0 0 -999 
P8583 2032 10 0 0 0 0 0 7 0 0 0 0 0 0 24 0 45 28 28 0 108 102 97 0 0 0 0 0 0 0 0 4 18 
P8583 2032 11 0 0 0 0 0 78 80 76 21 11 0 41 108 0 0 52 37 74 81 102 71 0 59 108 0 53 67 52 38 22 -999 
P8583 2032 12 0 0 0 14 17 51 23 60 94 144 130 41 24 0 0 0 2 0 0 0 0 0 0 5 0 0 0 0 0 14 168 
P8583 2033 1 71 0 19 0 10 44 36 0 20 0 5 0 9 18 0 8 0 0 0 0 0 0 0 0 0 0 0 19 13 2 0 
P8583 2033 2 0 0 15 13 0 0 20 9 0 0 8 0 19 26 64 158 188 100 97 139 0 0 0 73 104 0 46 29 -999 -999 -999 
P8583 2033 3 19 0 0 0 0 0 0 0 22 28 0 16 0 26 18 17 29 59 70 114 68 50 97 104 109 0 5 0 0 0 34 
P8583 2033 4 158 36 0 24 33 0 0 14 23 18 0 7 0 0 0 0 0 0 94 96 54 26 27 37 82 21 0 0 0 0 -999 
P8583 2033 5 3 0 0 0 0 0 0 0 0 0 0 0 0 0 0 0 0 0 0 0 0 0 0 0 0 0 0 0 0 0 6 
P8583 2033 6 0 0 0 33 14 0 27 0 0 0 0 0 0 0 0 0 0 0 0 0 0 12 10 0 0 0 0 0 0 0 -999 
P8583 2033 7 0 0 0 0 0 0 0 0 0 0 0 0 0 0 0 0 0 0 0 0 0 0 0 0 0 0 0 14 0 0 0 
P8583 2033 8 0 0 0 0 0 0 0 0 0 0 14 0 0 0 0 0 0 0 0 0 0 0 0 0 0 0 0 0 0 10 3 
P8583 2033 9 0 5 1 0 0 0 0 0 0 0 0 0 0 0 0 0 0 0 0 0 6 0 7 0 0 6 0 0 0 0 -999 
P8583 2033 10 0 0 33 43 6 0 0 0 3 0 0 0 0 0 0 0 88 62 123 0 16 0 5 0 39 25 0 0 0 59 81 
P8583 2033 11 70 25 106 142 0 135 112 0 0 20 0 0 26 51 158 78 6 26 15 0 0 0 0 0 0 15 0 0 0 0 -999 
P8583 2033 12 49 0 136 113 30 68 90 60 0 23 13 19 0 2 0 0 0 0 0 4 0 0 0 0 0 0 17 31 31 24 29 
P8583 2034 1 0 0 0 0 0 7 0 0 0 0 0 0 0 0 0 0 0 0 0 15 29 0 43 138 0 130 115 0 0 9 0 
P8583 2034 2 0 0 0 0 0 23 0 59 56 0 0 0 0 24 7 5 0 63 221 85 28 42 96 0 20 21 0 23 -999 -999 -999 
P8583 2034 3 0 0 0 0 0 0 0 0 18 0 39 0 0 0 10 0 0 0 8 0 0 23 0 0 0 26 0 0 64 67 28 
P8583 2034 4 31 49 0 0 0 0 14 32 54 56 0 0 0 51 56 0 0 0 16 29 0 119 100 40 0 10 0 1 0 4 -999 
P8583 2034 5 0 0 0 0 0 0 0 0 0 0 0 6 0 0 36 0 0 15 0 0 0 0 17 19 0 0 0 0 0 0 0 
P8583 2034 6 14 0 0 0 0 0 13 0 14 0 0 0 0 0 0 0 0 34 29 33 0 0 13 0 0 0 0 0 0 0 -999 
P8583 2034 7 0 7 0 0 0 3 0 0 0 0 0 0 0 0 0 8 0 19 0 7 0 0 0 0 0 0 7 0 0 0 0 
P8583 2034 8 0 0 0 0 0 0 0 0 0 0 0 0 0 0 0 0 20 8 0 3 0 0 0 0 0 0 0 0 10 0 0 
P8583 2034 9 5 0 0 0 0 0 0 0 0 0 0 0 0 11 9 0 25 0 0 0 0 11 0 0 0 0 0 0 0 0 -999 
P8583 2034 10 0 0 0 0 0 0 0 19 0 2 0 35 17 13 34 41 0 0 0 0 0 10 32 0 0 0 0 0 10 22 11 
P8583 2034 11 9 12 25 0 65 24 0 7 0 0 0 0 0 0 12 0 0 0 0 0 14 12 13 16 0 0 0 0 0 33 -999 
P8583 2034 12 20 0 0 0 0 0 0 6 2 0 23 1 0 0 18 31 0 0 0 0 0 24 63 167 188 137 125 0 49 91 0 
P8583 2035 1 57 64 77 77 0 113 68 34 45 0 8 0 0 0 2 0 0 0 0 0 9 0 0 0 0 32 32 60 48 30 0 
P8583 2035 2 0 0 21 40 43 0 0 0 0 0 26 0 0 9 0 0 0 0 0 0 30 18 54 74 0 0 103 0 -999 -999 -999 
P8583 2035 3 36 64 0 0 0 0 17 0 41 2 0 20 0 54 0 0 0 0 18 5 0 0 0 0 0 0 0 82 127 41 54 
P8583 2035 4 0 0 0 51 0 83 50 75 47 0 0 0 21 0 0 0 0 18 0 0 0 0 62 0 0 8 16 58 88 66 -999 
P8583 2035 5 42 0 17 0 0 0 0 26 0 0 0 0 0 0 0 0 0 0 0 0 0 0 0 0 0 0 5 0 0 0 0 
P8583 2035 6 3 0 0 0 24 0 0 0 0 0 0 0 0 0 0 0 0 0 0 0 0 0 0 0 0 0 0 4 0 5 -999 
P8583 2035 7 0 0 0 0 0 0 0 0 19 8 0 6 0 0 0 0 0 0 17 17 0 0 0 0 0 0 0 0 0 0 0 
P8583 2035 8 0 0 0 0 0 0 0 0 0 0 0 26 0 4 0 0 0 0 0 0 0 0 0 0 0 0 0 19 42 41 40 
P8583 2035 9 0 3 0 0 0 0 0 4 0 0 0 8 4 6 0 0 0 0 0 0 5 12 0 0 0 0 0 30 38 44 -999 
P8583 2035 10 32 0 0 0 0 0 20 0 0 0 71 88 44 62 126 31 0 18 41 75 97 62 36 0 0 15 0 7 0 11 16 
P8583 2035 11 0 42 0 15 0 19 0 0 6 0 0 0 0 0 0 0 16 0 0 0 0 0 2 0 0 0 0 0 3 0 -999 
P8583 2035 12 0 0 0 0 0 0 14 25 27 0 28 0 21 52 0 0 60 122 38 0 0 24 0 50 47 41 32 14 18 71 160 
P8583 2036 1 176 72 0 65 0 136 72 96 100 137 91 68 99 30 42 44 89 54 78 101 52 35 0 0 0 15 0 0 0 6 0 
P8583 2036 2 11 0 80 20 0 3 0 0 13 0 16 12 11 19 0 8 12 17 19 0 14 0 31 19 0 0 0 36 -999 -999 -999 
P8583 2036 3 95 74 27 0 21 9 0 0 0 25 13 28 0 27 0 0 23 0 39 0 24 0 43 62 126 120 96 60 0 0 36 
P8583 2036 4 171 0 27 0 0 0 0 0 0 0 68 76 43 13 0 0 0 0 0 0 28 0 0 0 0 0 0 3 0 0 -999 
P8583 2036 5 0 0 0 0 33 0 0 0 0 0 29 0 0 0 18 0 69 55 0 50 92 92 0 0 4 0 0 0 0 0 0 
P8583 2036 6 28 0 0 0 0 0 0 0 0 30 0 0 36 0 0 0 10 0 0 0 0 0 0 0 0 0 0 0 0 0 -999 
P8583 2036 7 0 0 0 0 0 0 0 0 0 0 0 0 0 0 0 0 0 8 0 0 0 0 0 0 0 0 0 4 0 0 0 
P8583 2036 8 0 0 0 0 0 0 0 0 0 0 0 0 0 0 0 0 0 0 0 0 0 0 0 11 13 9 0 4 0 0 0 
P8583 2036 9 0 0 0 0 0 0 6 0 0 0 0 2 0 0 0 4 5 0 0 0 0 0 0 27 27 0 0 0 0 0 -999 
P8583 2036 10 0 24 0 22 32 52 0 0 58 111 24 0 36 0 0 25 0 0 0 0 0 0 0 17 0 0 0 0 0 0 0 
P8583 2036 11 0 0 0 0 0 57 0 43 30 0 16 0 10 0 0 17 0 0 8 0 2 0 0 0 0 27 18 0 0 0 -999 
P8583 2036 12 0 0 0 0 0 0 0 0 0 8 0 0 24 18 0 0 0 0 10 0 16 0 0 0 0 30 56 67 0 177 137 
P8583 2037 1 84 76 69 42 27 0 0 0 25 15 17 0 0 63 73 132 79 0 62 29 14 19 0 0 0 1 0 0 17 9 6 
P8583 2037 2 0 0 0 0 0 18 20 0 0 0 0 25 0 0 12 10 0 44 61 51 35 19 0 21 17 0 19 0 -999 -999 -999 
P8583 2037 3 25 28 0 49 0 0 0 108 90 0 0 0 0 1 0 0 13 0 28 0 31 138 105 97 65 160 103 0 57 21 36 
P8583 2037 4 0 0 8 0 0 35 0 0 0 9 0 0 69 65 0 0 0 13 7 5 0 21 71 81 0 47 0 42 0 12 -999 
P8583 2037 5 0 0 24 0 0 89 75 0 12 0 0 0 0 0 7 0 0 0 23 0 0 0 7 0 0 0 0 0 0 0 0 
P8583 2037 6 0 0 0 0 0 0 0 0 0 0 0 0 0 0 0 0 0 0 14 0 0 0 0 8 0 0 0 0 0 0 -999 
P8583 2037 7 0 0 0 0 0 0 0 0 0 0 0 0 0 0 0 0 0 0 0 0 0 0 0 13 0 0 0 0 0 0 0 
P8583 2037 8 10 0 0 0 0 0 0 0 0 0 8 0 0 0 0 11 0 0 0 0 0 0 0 6 6 0 0 0 0 0 0 
P8583 2037 9 11 0 0 0 0 0 0 0 0 0 0 0 0 0 0 0 0 0 0 3 0 0 0 7 0 0 0 0 0 0 -999 
P8583 2037 10 0 0 0 0 29 28 16 0 0 0 6 0 0 0 5 0 0 0 0 0 0 0 17 0 0 0 0 0 0 5 14 
P8583 2037 11 56 64 0 23 0 26 19 12 0 0 5 5 20 0 0 72 58 16 0 0 0 0 0 0 0 24 0 0 0 40 -999 
P8583 2037 12 41 0 83 98 116 116 82 0 0 18 64 106 26 30 0 15 0 0 0 53 9 15 35 0 23 0 0 0 0 0 0 
P8583 2038 1 0 0 0 0 0 0 0 21 0 27 63 184 101 0 40 62 30 52 18 56 0 26 0 0 10 13 17 0 17 29 44 
P8583 2038 2 0 0 0 28 47 38 0 0 17 0 0 3 0 0 0 17 0 0 3 16 16 0 0 45 0 51 0 11 -999 -999 -999 
P8583 2038 3 15 0 0 38 0 0 22 0 23 0 0 52 0 18 0 67 0 52 0 41 56 75 91 54 20 111 99 36 0 0 0 
P8583 2038 4 0 0 66 41 8 9 33 68 38 16 0 19 0 0 0 0 18 0 8 7 24 84 25 0 0 0 0 21 0 33 -999 
P8583 2038 5 0 0 0 0 0 0 0 0 0 0 0 0 0 0 0 0 0 10 0 0 8 8 0 0 0 0 0 0 0 5 0 
P8583 2038 6 0 0 0 0 0 0 0 0 0 25 32 0 0 0 0 0 0 0 0 23 14 0 0 0 0 0 6 0 9 17 -999 
P8583 2038 7 0 0 13 0 0 6 0 0 0 0 0 0 11 0 0 2 0 0 0 9 0 0 0 5 0 0 0 0 0 0 0 
P8583 2038 8 0 0 0 0 0 0 0 3 0 0 0 0 8 0 0 0 0 0 0 0 0 0 0 0 0 0 0 0 0 0 0 
P8583 2038 9 0 0 0 8 0 0 0 0 0 0 0 0 0 0 0 0 0 0 0 13 0 0 0 42 30 16 17 0 9 0 -999 
P8583 2038 10 0 0 0 0 10 0 0 0 0 0 0 0 21 0 10 2 0 41 0 0 0 78 0 89 0 0 44 0 20 24 31 
P8583 2038 11 47 0 55 50 129 0 0 28 14 0 46 115 0 0 0 48 0 48 86 27 0 0 0 39 16 0 107 106 0 38 -999 
P8583 2038 12 30 25 0 0 30 22 0 45 51 0 17 2 0 3 0 8 0 0 0 0 0 8 0 0 53 27 31 0 33 0 0 
P8583 2039 1 0 0 0 54 151 0 0 0 0 21 50 111 108 54 67 126 139 77 185 152 62 34 32 0 145 189 201 0 29 16 37 
P8583 2039 2 0 0 14 0 0 0 0 0 0 0 0 1 0 0 0 0 24 14 0 23 82 108 122 68 28 58 48 0 -999 -999 -999 
P8583 2039 3 40 12 0 37 0 42 0 0 31 48 33 35 68 14 0 57 0 51 100 132 122 27 5 8 13 0 0 0 0 4 3 
P8583 2039 4 0 0 0 0 7 0 0 0 0 0 17 0 0 7 11 0 0 0 0 0 0 0 0 0 0 0 0 0 0 0 -999 
P8583 2039 5 38 31 0 0 0 14 0 0 25 0 56 27 0 20 20 19 0 0 14 24 21 0 10 0 0 27 25 0 33 0 19 
P8583 2039 6 15 0 0 9 0 0 0 0 57 28 0 0 0 0 0 0 0 39 0 0 0 0 0 0 0 0 0 0 0 0 -999 
P8583 2039 7 0 0 0 0 0 0 0 0 0 0 0 0 0 0 0 0 8 0 0 0 0 0 0 0 4 0 0 0 0 0 0 
P8583 2039 8 0 0 0 0 0 0 0 0 0 0 0 0 0 0 0 0 0 0 0 0 0 0 0 0 0 0 0 0 0 0 0 
P8583 2039 9 14 0 0 0 0 0 0 0 20 0 12 0 0 0 0 0 0 0 0 0 0 0 0 0 0 0 0 0 0 0 -999 
P8583 2039 10 0 0 1 0 1 0 0 0 0 0 0 0 5 0 4 0 0 0 34 0 0 0 50 83 89 15 19 69 68 21 45 
P8583 2039 11 88 0 0 0 3 0 0 0 9 0 0 0 5 0 0 63 29 26 0 49 73 41 0 0 42 0 0 96 97 86 -999 
P8583 2039 12 0 0 0 23 41 14 3 0 8 0 8 18 25 47 66 0 0 164 62 40 43 31 0 0 0 0 46 0 0 12 0 
P8583 2040 1 0 0 0 0 0 1 0 0 0 0 0 0 0 0 4 0 27 0 44 0 0 0 13 26 0 0 0 0 30 37 133 
P8583 2040 2 77 33 96 129 77 0 0 0 0 0 0 39 53 183 172 107 77 134 132 57 0 59 123 110 61 83 60 83 -999 -999 -999 
P8583 2040 3 0 29 123 102 57 0 40 49 68 0 0 0 0 0 8 21 27 0 26 0 0 0 7 0 5 0 0 0 0 0 0 
P8583 2040 4 0 34 32 36 0 0 0 0 18 0 19 6 21 0 0 12 0 0 0 16 0 26 0 8 46 42 31 0 10 0 -999 
P8583 2040 5 8 0 7 0 0 48 36 0 0 23 0 0 0 0 0 0 0 0 0 0 0 0 0 0 0 0 0 0 0 0 0 
P8583 2040 6 0 0 0 16 0 0 0 0 0 0 0 21 0 0 14 0 9 0 0 0 0 0 4 0 0 0 0 0 0 0 -999 
P8583 2040 7 0 0 0 0 0 0 0 0 0 0 10 0 0 12 0 0 0 0 0 0 0 0 0 0 0 0 0 0 0 0 0 
P8583 2040 8 0 0 0 0 0 0 0 0 0 0 0 0 0 0 17 13 0 0 0 0 0 0 0 24 0 0 0 0 0 0 0 
P8583 2040 9 0 0 0 0 0 0 0 0 0 0 0 19 0 0 0 0 0 0 0 0 17 0 0 0 0 0 0 0 0 5 -999 
P8583 2040 10 0 0 11 0 0 0 0 64 35 0 0 0 0 0 0 0 78 71 0 0 0 0 0 63 43 10 0 0 0 4 3 
P8583 2040 11 0 0 0 0 0 0 0 0 0 0 0 0 54 139 90 115 66 0 24 0 0 0 0 49 17 18 0 0 0 0 -999 
P8583 2040 12 0 0 0 0 0 0 24 0 27 28 14 31 0 3 0 2 3 0 0 0 0 0 1 0 0 5 19 18 0 13 0 
P8583 2041 1 9 0 0 0 36 24 0 0 7 20 43 27 0 6 36 42 17 0 7 4 8 31 55 47 33 38 132 0 0 132 71 
P8583 2041 2 17 23 17 0 5 0 0 0 50 83 57 0 28 0 0 0 0 17 33 38 55 9 0 0 0 4 3 0 -999 -999 -999 
P8583 2041 3 0 0 0 0 11 19 0 24 0 0 0 0 6 5 0 0 0 3 0 0 0 6 0 0 7 0 0 0 0 0 0 
P8583 2041 4 0 0 0 0 0 0 0 0 0 0 17 0 0 0 0 0 3 0 0 0 7 14 0 2 0 0 0 0 0 0 -999 
P8583 2041 5 0 0 0 0 0 0 34 0 22 0 0 0 13 0 0 12 28 58 56 32 0 0 0 0 0 12 0 0 0 0 0 
P8583 2041 6 0 0 0 10 18 0 0 0 0 19 0 41 0 0 0 0 0 0 0 0 0 3 0 0 0 0 0 0 0 0 -999 
P8583 2041 7 0 0 0 0 7 0 0 0 0 0 0 0 0 0 0 0 0 0 0 0 4 0 0 0 0 0 0 0 0 0 5 
P8583 2041 8 0 0 0 0 0 9 0 0 0 0 0 0 0 0 0 0 0 11 0 0 0 0 0 0 0 0 0 0 0 0 0 
P8583 2041 9 0 0 0 0 0 0 0 0 18 0 8 0 0 0 0 0 0 0 0 0 0 0 0 0 0 0 0 0 0 0 -999 
P8583 2041 10 0 0 0 0 0 0 0 0 0 0 0 0 19 14 0 0 3 0 23 0 0 0 0 48 45 0 0 25 0 25 31 
P8583 2041 11 74 71 0 0 7 0 0 0 0 0 0 0 0 0 0 0 0 0 26 0 28 8 0 0 0 0 0 0 18 20 -999 
P8583 2041 12 46 71 85 0 0 14 33 86 0 17 0 0 0 0 0 0 0 0 0 0 53 26 0 0 11 0 0 54 49 59 0 
P8583 2042 1 0 0 136 82 0 20 0 0 17 0 22 0 0 0 0 32 0 68 108 15 7 0 0 75 96 112 164 80 0 0 0 
P8583 2042 2 0 0 0 0 0 0 0 0 0 0 0 0 0 7 7 0 0 3 0 0 0 0 18 0 0 0 15 0 -999 -999 -999 
P8583 2042 3 0 0 1 20 22 0 0 0 0 0 0 8 0 13 0 7 24 48 50 38 0 0 59 59 46 0 0 18 0 5 0 
P8583 2042 4 0 0 0 0 0 8 0 0 0 0 0 0 0 0 0 0 44 0 0 35 0 0 63 0 0 0 0 8 29 0 -999 
P8583 2042 5 46 80 96 0 41 0 0 32 0 84 57 32 0 0 0 0 0 0 0 0 0 0 12 0 0 0 0 0 0 0 0 
P8583 2042 6 21 24 0 0 0 34 34 36 0 0 0 0 0 0 0 26 21 21 29 0 0 0 0 0 0 0 0 0 0 5 -999 
P8583 2042 7 0 0 0 0 0 0 0 19 0 0 0 0 0 0 0 0 0 10 0 0 0 0 0 0 0 0 0 0 0 0 0 
P8583 2042 8 0 0 0 0 0 0 0 0 0 0 0 0 0 0 0 0 0 0 0 0 0 0 0 0 0 0 0 0 0 0 0 
P8583 2042 9 0 41 34 14 14 0 0 0 0 0 0 0 0 0 0 0 0 0 0 0 0 0 0 0 17 0 17 0 0 0 -999 
P8583 2042 10 0 0 0 0 10 0 0 0 0 7 4 5 0 7 0 0 0 0 0 0 0 0 40 8 0 0 0 0 0 0 0 
P8583 2042 11 0 0 0 18 21 0 23 19 27 23 35 0 90 0 0 0 0 0 0 0 0 45 0 0 26 56 0 0 0 0 -999 
P8583 2042 12 27 0 0 50 143 0 44 36 24 0 57 0 0 0 0 17 0 0 87 62 28 35 23 0 1 4 27 34 43 77 20 
P8583 2043 1 0 0 0 0 0 0 7 16 17 35 51 81 32 81 79 80 103 0 0 0 0 0 0 0 0 0 0 0 0 0 0 
P8583 2043 2 0 0 0 0 0 0 2 0 54 124 50 29 21 19 44 0 10 0 0 0 11 0 22 17 9 31 38 18 -999 -999 -999 
P8583 2043 3 19 17 0 0 3 8 9 9 6 0 47 48 55 96 51 86 100 0 63 67 32 57 71 0 46 52 0 30 104 138 47 
P8583 2043 4 56 65 89 33 0 44 27 0 45 0 0 24 39 14 0 0 0 0 0 0 0 0 51 0 0 0 57 49 0 0 -999 
P8583 2043 5 0 0 0 0 0 5 0 0 0 0 0 0 0 0 0 46 99 73 0 0 40 0 0 5 0 0 0 0 0 0 0 
P8583 2043 6 0 0 27 35 0 0 0 0 0 0 0 0 0 0 0 0 0 14 0 0 0 0 0 0 0 0 0 0 0 0 -999 
P8583 2043 7 0 0 0 0 0 0 19 0 0 0 0 0 0 7 0 0 0 0 0 0 0 0 0 0 0 0 25 17 0 0 0 
P8583 2043 8 0 0 0 0 0 0 0 0 0 0 18 0 0 0 0 0 0 0 0 0 0 0 0 0 13 0 0 0 0 0 0 
P8583 2043 9 0 0 13 0 0 0 0 4 8 0 9 6 0 0 0 0 0 0 7 0 0 0 0 0 0 0 6 0 10 0 -999 
P8583 2043 10 0 8 9 0 0 0 0 0 0 8 0 0 79 40 24 0 0 16 0 0 15 0 22 0 0 0 5 0 15 21 0 
P8583 2043 11 0 0 0 0 0 0 0 0 0 0 0 0 0 13 11 8 0 25 45 34 126 120 0 41 69 98 52 0 47 25 -999 
P8583 2043 12 0 7 66 0 0 0 10 0 0 0 0 0 5 0 0 0 0 26 38 26 5 2 0 0 0 0 5 7 0 3 0 
P8583 2044 1 0 0 0 0 0 0 0 34 0 0 51 0 0 26 0 0 39 111 63 0 19 0 0 47 86 115 0 0 0 0 0 
P8583 2044 2 0 22 39 94 42 10 0 0 21 41 34 26 19 0 0 0 29 0 11 0 0 0 0 0 7 11 11 0 -999 -999 -999 
P8583 2044 3 13 0 0 2 0 0 0 0 0 0 0 0 0 0 0 0 14 18 4 0 0 0 0 0 0 0 0 0 25 23 0 
P8583 2044 4 27 58 0 45 0 20 21 0 34 0 0 0 0 0 0 0 0 0 0 0 0 0 0 0 0 0 0 0 0 0 -999 
P8583 2044 5 24 7 26 35 0 57 0 41 35 86 0 65 49 31 0 0 0 0 11 0 37 0 0 27 0 0 0 7 0 0 0 
P8583 2044 6 0 0 0 7 0 0 0 0 0 9 0 9 0 0 35 19 0 0 0 0 33 0 0 18 0 0 0 0 0 0 -999 
P8583 2044 7 0 15 0 0 0 0 0 0 0 0 0 0 0 8 0 0 0 8 0 0 0 0 0 0 0 0 0 0 0 0 0 
P8583 2044 8 0 0 15 0 0 0 0 6 0 0 0 11 0 0 0 0 0 8 0 0 0 8 0 0 0 0 0 16 0 0 0 
P8583 2044 9 0 0 0 0 0 0 0 0 0 0 3 0 0 0 0 0 0 0 0 0 0 0 7 0 22 0 0 0 0 9 -999 
P8583 2044 10 0 10 0 0 0 0 0 6 0 0 21 26 0 0 0 0 0 24 71 82 0 0 29 141 110 69 0 0 0 0 0 
P8583 2044 11 8 0 0 0 23 0 16 16 24 0 72 44 130 79 85 0 57 26 30 32 117 0 7 0 24 19 12 15 8 0 -999 
P8583 2044 12 5 1 0 0 0 15 0 3 0 0 0 0 0 0 0 13 40 64 104 58 0 41 87 35 0 102 46 0 23 57 48 
P8583 2045 1 73 63 110 23 96 27 55 0 191 100 0 78 13 0 0 16 0 37 0 10 0 0 0 0 0 0 0 7 9 0 0 
P8583 2045 2 32 23 0 0 0 23 49 13 12 33 81 107 0 0 0 0 0 0 0 19 0 0 24 29 85 127 285 188 -999 -999 -999 
P8583 2045 3 15 0 45 48 0 11 36 58 0 77 68 70 62 0 0 0 0 0 0 0 0 5 6 0 2 0 0 0 3 0 0 
P8583 2045 4 7 13 4 0 0 14 0 0 0 0 0 0 0 55 50 10 11 0 19 0 0 0 0 0 0 0 0 0 0 0 -999 
P8583 2045 5 0 0 0 0 34 0 0 0 0 0 0 0 0 0 0 0 0 0 21 48 47 60 0 0 26 0 0 29 0 41 0 
P8583 2045 6 0 12 0 0 0 0 0 0 0 0 0 0 0 0 0 43 0 0 0 0 0 0 0 5 0 7 0 0 0 0 -999 
P8583 2045 7 0 11 0 0 8 0 0 0 0 0 0 0 0 0 0 0 0 0 0 0 0 10 0 0 0 0 0 0 0 0 0 
P8583 2045 8 0 0 0 0 0 0 0 0 0 0 0 0 0 11 0 0 0 0 0 17 0 0 0 0 0 6 0 0 0 0 0 
P8583 2045 9 0 0 0 0 0 0 0 0 0 0 0 0 17 26 0 0 0 0 0 0 0 6 0 0 0 0 0 0 0 0 -999 
P8583 2045 10 0 0 0 0 0 0 0 11 0 0 7 0 0 0 0 0 0 0 49 45 0 10 0 0 0 8 0 0 0 0 0 
P8583 2045 11 0 0 47 87 0 14 0 0 0 0 0 0 0 24 15 0 27 92 0 13 2 0 0 0 0 26 32 0 23 0 -999 
P8583 2045 12 28 12 0 0 0 0 0 5 0 66 60 0 0 0 0 1 7 0 2 0 6 9 0 121 23 0 13 14 0 11 0 
P8583 2046 1 0 0 19 23 0 0 0 9 22 0 0 0 14 0 0 17 51 176 165 124 81 68 104 109 84 122 0 59 145 88 0 
P8583 2046 2 74 22 24 0 0 43 22 0 19 28 37 0 66 0 62 145 0 157 0 14 5 8 10 0 18 22 0 42 -999 -999 -999 
P8583 2046 3 0 0 40 40 0 0 6 0 0 0 0 0 0 0 0 0 0 0 7 0 0 0 0 0 0 55 24 0 0 21 54 
P8583 2046 4 76 20 0 0 0 18 28 44 65 59 22 26 48 0 0 75 60 0 0 0 0 41 63 56 89 0 46 0 0 21 -999 
P8583 2046 5 0 16 7 0 0 1 0 0 0 12 0 0 0 0 0 0 0 13 25 0 31 0 78 71 90 0 32 0 0 0 0 
P8583 2046 6 29 15 37 0 89 40 0 10 0 0 0 0 0 0 0 0 35 0 0 2 0 0 5 0 0 0 0 0 0 0 -999 
P8583 2046 7 0 0 0 0 9 0 0 0 0 0 0 5 0 0 0 0 0 0 0 0 0 0 0 0 2 0 0 0 0 0 0 
P8583 2046 8 0 0 0 0 0 0 0 0 0 0 0 6 0 0 0 0 0 6 0 0 5 0 0 0 0 0 0 0 0 6 14 
P8583 2046 9 0 0 0 0 0 0 0 0 0 0 0 0 0 0 8 9 0 0 8 19 29 0 0 0 0 0 0 0 0 0 -999 
P8583 2046 10 0 0 0 0 0 19 0 20 0 63 25 0 0 0 19 0 0 0 0 0 0 0 11 0 0 0 7 0 0 0 0 
P8583 2046 11 19 27 49 15 0 0 3 0 0 0 0 4 0 0 0 6 4 15 0 0 0 0 0 0 0 3 0 15 7 0 -999 
P8583 2046 12 0 24 3 1 1 0 0 0 0 0 0 0 0 33 28 0 28 31 0 16 16 0 0 0 16 45 9 0 0 11 0 
P8583 2047 1 0 0 102 0 72 43 17 0 38 0 28 0 0 8 21 39 15 23 0 0 23 0 0 0 0 21 61 53 32 48 71 
P8583 2047 2 0 0 8 0 0 0 0 11 13 0 5 0 0 0 25 13 16 0 28 50 0 56 53 67 93 0 0 0 -999 -999 -999 
P8583 2047 3 0 30 29 0 32 0 0 0 0 46 37 38 0 77 0 49 0 56 12 0 0 7 0 0 0 9 8 0 0 10 0 
P8583 2047 4 0 0 5 0 0 11 0 0 0 0 23 20 0 0 0 0 0 40 0 0 0 0 35 65 0 0 20 0 0 0 -999 
P8583 2047 5 17 0 0 0 21 69 0 0 0 0 0 0 0 0 88 34 0 0 0 20 25 0 0 0 0 0 10 0 0 0 0 
P8583 2047 6 0 0 0 0 0 0 0 0 0 0 0 0 0 0 0 0 0 0 0 0 0 0 0 0 0 0 0 0 0 0 -999 
P8583 2047 7 0 0 0 0 2 0 0 0 0 0 0 0 6 0 0 0 0 0 16 0 0 0 0 0 0 0 0 0 0 0 0 
P8583 2047 8 0 0 0 0 0 0 0 0 0 0 0 0 0 16 0 0 0 0 0 0 0 0 0 11 0 5 0 0 35 0 32 
P8583 2047 9 20 0 0 0 0 0 14 0 0 0 7 0 5 0 0 0 0 0 0 0 0 0 0 0 0 39 23 14 0 16 -999 
P8583 2047 10 47 50 0 0 50 0 0 14 40 24 0 9 0 0 0 0 0 6 0 1 0 0 8 0 27 0 0 0 0 0 0 
P8583 2047 11 0 0 0 2 0 4 0 0 7 16 0 0 0 0 0 0 22 0 76 0 16 0 0 0 0 8 26 73 33 27 -999 
P8583 2047 12 75 89 22 92 270 277 294 144 0 24 11 0 0 20 86 0 33 107 170 88 43 129 71 86 0 41 0 0 46 33 0 
P8583 2048 1 0 0 0 0 0 0 0 2 0 32 22 5 0 0 0 5 0 0 0 0 24 29 0 0 13 88 67 0 0 20 56 
P8583 2048 2 46 29 15 23 15 0 65 131 0 62 18 1 0 14 32 28 0 83 28 10 0 19 7 16 35 23 20 0 -999 -999 -999 
P8583 2048 3 8 0 0 0 0 0 0 0 0 0 12 15 13 8 5 6 0 37 55 0 29 0 0 0 0 18 0 0 25 0 21 
P8583 2048 4 10 5 0 0 33 0 50 56 0 0 0 0 83 0 0 30 82 0 0 139 0 29 0 0 12 24 0 5 0 17 -999 
P8583 2048 5 7 0 0 17 7 0 8 0 7 0 0 0 0 0 0 0 0 0 0 0 20 38 0 21 28 0 0 0 0 0 0 
P8583 2048 6 0 0 19 30 0 0 0 0 0 0 0 0 0 0 0 0 0 0 0 0 0 0 0 0 26 4 0 0 7 0 -999 
P8583 2048 7 0 0 0 0 0 0 7 0 0 5 5 7 0 0 0 0 0 0 0 0 0 0 0 0 0 0 0 0 0 0 0 
P8583 2048 8 0 0 0 0 0 0 0 0 18 0 32 21 0 0 13 0 0 0 0 0 0 0 0 0 0 0 0 0 0 0 0 
P8583 2048 9 0 0 0 0 0 0 0 0 13 0 18 0 0 0 0 0 7 0 0 0 0 0 0 0 0 0 0 0 0 0 -999 
P8583 2048 10 0 0 98 0 0 0 0 0 2 0 0 0 0 0 39 83 46 0 12 0 3 0 0 0 14 18 22 29 42 42 51 
P8583 2048 11 41 37 0 0 0 12 50 36 0 26 54 34 0 5 0 0 78 0 4 0 0 0 0 0 0 0 0 50 0 120 -999 
P8583 2048 12 90 116 143 14 0 0 0 0 0 0 0 0 19 59 0 27 0 76 77 0 0 18 0 17 0 0 0 6 0 0 0 
P8583 2049 1 7 0 0 0 0 0 13 0 0 0 0 0 0 12 0 0 0 0 0 0 0 0 0 12 0 0 0 0 4 0 0 
P8583 2049 2 0 0 0 0 8 26 40 0 0 43 64 137 156 140 71 114 124 95 91 71 121 0 75 256 130 179 100 0 -999 -999 -999 
P8583 2049 3 53 106 124 88 126 66 49 33 37 51 0 22 0 65 0 0 57 42 0 0 0 0 0 0 0 0 0 0 0 18 26 
P8583 2049 4 0 0 0 0 69 30 12 0 0 0 0 0 0 0 0 0 9 0 0 0 10 0 0 0 4 0 10 7 26 0 -999 
P8583 2049 5 37 42 0 0 0 11 0 0 0 0 0 0 0 0 0 0 0 19 0 23 0 0 0 0 9 0 0 0 0 0 0 
P8583 2049 6 0 0 0 5 0 0 16 0 0 4 6 12 14 0 0 0 0 0 0 0 0 0 0 0 5 0 0 0 0 0 -999 
P8583 2049 7 0 0 0 16 0 0 21 0 0 0 0 0 0 0 9 0 0 0 0 0 0 0 0 0 0 0 0 0 0 0 0 
P8583 2049 8 0 0 0 0 0 0 0 0 0 0 0 0 0 5 0 0 0 0 0 0 0 0 0 0 0 0 0 0 0 0 0 
P8583 2049 9 0 0 0 0 9 0 0 0 13 0 0 12 0 4 0 5 0 8 0 0 0 0 0 0 0 0 0 0 11 9 -999 
P8583 2049 10 0 0 0 0 0 0 0 0 0 0 12 6 0 0 0 85 33 41 31 0 22 15 8 0 0 54 94 55 22 0 0 
P8583 2049 11 0 54 31 0 0 52 0 123 95 0 0 3 0 9 12 4 0 0 0 0 9 5 0 17 0 0 0 44 61 20 -999 
P8583 2049 12 0 12 0 0 0 0 9 0 0 0 0 0 0 40 116 100 0 0 0 0 0 12 16 0 45 52 0 7 10 0 0 
P8583 2050 1 0 0 10 0 0 0 7 0 0 55 162 114 119 140 71 0 0 127 20 0 3 18 27 31 32 60 44 0 0 18 28 
P8583 2050 2 0 0 0 20 0 0 0 26 0 0 0 0 0 0 0 1 0 8 7 0 0 0 1 0 0 0 0 0 -999 -999 -999 
P8583 2050 3 8 0 0 0 0 0 0 0 15 0 0 7 0 18 0 0 13 0 0 0 0 28 81 89 69 0 9 31 0 0 0 
P8583 2050 4 0 0 19 0 0 0 0 21 0 0 88 89 0 0 0 0 0 39 36 66 0 86 45 47 0 36 0 0 0 0 -999 
P8583 2050 5 0 0 0 34 42 0 0 0 22 74 0 0 0 0 0 0 0 0 0 6 12 0 27 0 0 0 41 51 0 14 0 
P8583 2050 6 0 0 0 0 0 8 0 0 0 0 0 0 0 0 0 0 0 0 3 0 0 0 0 4 0 0 0 0 0 0 -999 
P8583 2050 7 0 0 0 0 0 0 0 0 0 0 0 0 0 0 0 0 0 0 0 0 0 0 0 0 0 0 0 0 0 0 0 
P8583 2050 8 17 0 0 0 0 0 12 0 0 0 0 0 0 0 0 0 0 0 0 0 0 11 0 0 0 0 0 0 0 0 0 
P8583 2050 9 0 0 0 17 0 0 0 0 0 0 0 0 0 0 0 0 0 0 0 0 0 0 0 0 0 0 0 0 0 0 -999 
P8583 2050 10 0 0 0 0 0 0 0 0 0 0 0 0 0 2 0 70 56 21 0 0 0 0 0 0 0 0 52 59 50 0 95 
P8583 2050 11 0 0 12 0 0 0 0 0 0 0 0 7 14 26 24 0 0 0 11 22 15 30 84 0 0 0 0 32 0 0 -999 
P8583 2050 12 12 0 57 0 27 34 0 40 0 106 0 34 113 120 83 0 8 0 0 0 17 21 18 0 0 0 22 0 0 0 0 
P8583 2051 1 16 0 23 13 10 0 0 8 0 27 17 94 0 62 0 9 0 34 0 5 0 0 7 0 0 6 0 0 0 35 50 
P8583 2051 2 57 84 0 0 0 0 21 19 0 0 0 0 0 0 22 27 32 0 32 48 28 55 118 0 0 87 69 60 -999 -999 -999 
P8583 2051 3 19 21 73 99 79 52 0 33 49 74 90 0 88 45 0 0 0 0 0 12 0 0 0 0 0 0 0 0 11 0 0 
P8583 2051 4 27 22 9 10 0 27 0 36 95 0 0 0 14 37 118 32 0 0 6 0 0 0 0 0 0 0 0 0 0 0 -999 
P8583 2051 5 0 0 0 0 0 0 0 8 35 0 6 0 0 0 32 0 20 0 0 0 0 17 8 0 15 8 0 21 0 0 0 
P8583 2051 6 0 0 0 0 0 14 0 25 65 65 0 0 0 0 0 20 48 0 0 0 0 0 0 4 0 0 0 0 0 0 -999 
P8583 2051 7 0 0 0 0 0 0 9 0 0 0 0 0 0 0 0 0 0 0 0 0 0 0 0 0 10 0 0 0 5 0 0 
P8583 2051 8 4 0 0 0 0 0 0 0 0 0 0 0 0 0 0 0 0 0 0 0 0 0 0 12 0 0 0 0 0 0 0 
P8583 2051 9 0 0 0 0 0 0 6 0 0 0 0 0 0 0 0 0 0 0 0 0 0 0 0 0 17 4 0 0 0 13 -999 
P8583 2051 10 0 0 0 0 0 0 22 0 34 0 0 22 49 33 73 37 0 0 0 0 0 9 0 0 11 0 0 74 0 0 0 
P8583 2051 11 0 0 0 51 0 0 0 0 3 0 0 0 0 38 0 0 0 0 67 0 0 57 94 59 0 73 0 0 50 81 -999 
P8583 2051 12 0 21 5 0 0 0 65 0 0 18 0 0 31 46 45 45 0 0 54 49 75 83 0 0 0 0 6 0 0 0 0 
P8583 2052 1 0 19 15 0 6 0 0 0 0 0 5 0 0 0 0 0 0 0 0 0 0 0 0 9 10 6 0 0 0 0 0 
P8583 2052 2 0 2 6 0 2 0 0 0 0 0 0 0 26 35 39 18 21 25 0 0 0 0 16 49 72 47 14 0 -999 -999 -999 
P8583 2052 3 0 0 0 24 0 0 83 0 0 6 10 14 0 0 0 33 21 0 28 0 90 52 28 0 83 73 46 31 0 0 4 
P8583 2052 4 0 0 0 0 0 4 0 4 0 8 0 0 0 0 0 0 0 3 0 0 0 0 6 0 0 0 0 0 0 0 -999 
P8583 2052 5 0 0 0 0 0 35 0 54 0 0 28 0 0 0 0 14 9 0 26 0 11 0 0 0 0 24 0 0 25 28 21 
P8583 2052 6 0 0 0 0 0 0 0 0 0 0 0 0 21 0 0 0 0 13 8 6 0 0 20 21 13 8 0 0 0 8 -999 
P8583 2052 7 0 0 0 0 0 0 0 0 7 0 0 6 0 0 0 0 0 0 0 0 0 0 0 0 0 0 0 0 0 0 0 
P8583 2052 8 0 0 0 0 0 12 0 0 0 0 0 0 0 0 0 0 0 0 0 0 0 0 0 0 0 0 0 0 8 0 0 
P8583 2052 9 0 0 0 0 0 0 0 0 0 0 0 0 0 0 0 10 11 0 30 0 0 0 0 0 0 0 0 0 0 25 -999 
P8583 2052 10 0 0 0 13 11 7 33 18 0 0 13 0 0 23 0 0 0 6 0 5 0 0 0 0 0 0 0 0 0 0 0 
P8583 2052 11 0 11 0 0 0 0 0 0 11 8 0 0 0 0 10 2 0 0 0 0 22 0 0 21 34 64 73 10 16 33 -999 
P8583 2052 12 0 0 0 28 38 11 8 0 53 107 0 0 104 83 0 0 69 66 43 26 0 0 0 0 37 21 0 0 0 74 41 
P8583 2053 1 17 5 0 5 0 0 0 0 0 15 0 0 0 21 17 0 0 0 0 2 0 0 0 0 0 0 0 0 0 0 0 
P8583 2053 2 0 0 0 79 0 0 77 34 34 0 15 8 2 0 5 0 0 0 0 0 17 0 0 0 0 0 0 69 -999 -999 -999 
P8583 2053 3 60 0 16 39 0 21 11 9 29 0 0 0 0 0 0 0 60 50 40 0 0 17 12 0 0 0 0 0 47 0 33 
P8583 2053 4 0 0 0 0 0 75 100 69 35 0 59 0 16 16 0 0 10 0 0 0 0 0 0 0 7 0 0 0 0 0 -999 
P8583 2053 5 0 30 47 64 42 0 84 0 0 0 0 0 0 0 0 0 0 0 0 36 0 31 36 0 13 13 11 0 0 0 0 
P8583 2053 6 0 0 21 0 8 0 0 0 13 15 0 12 7 0 0 0 0 0 0 0 0 0 0 11 0 0 0 0 0 0 -999 
P8583 2053 7 0 0 0 0 0 0 0 0 0 0 0 6 0 0 0 0 0 0 0 0 0 0 0 0 0 14 0 0 0 0 0 
P8583 2053 8 0 0 0 3 0 0 15 0 0 0 0 0 0 0 0 0 0 0 0 0 0 0 0 0 0 0 2 0 0 0 0 
P8583 2053 9 0 0 0 0 0 0 0 0 0 0 0 0 0 0 0 0 0 19 0 0 0 0 0 21 3 0 0 0 0 0 -999 
P8583 2053 10 0 0 0 0 0 0 0 0 0 0 0 0 0 10 30 27 16 0 0 0 0 0 13 19 15 0 27 0 0 36 0 
P8583 2053 11 0 0 53 0 19 33 21 0 92 101 0 75 40 41 105 108 119 0 0 24 15 0 0 32 0 0 60 33 66 41 -999 
P8583 2053 12 13 25 0 0 0 5 0 0 6 0 0 0 0 0 0 0 0 8 6 4 10 0 25 32 93 83 0 0 69 0 71 
P8583 2054 1 0 51 147 86 95 0 0 42 100 0 87 112 100 112 64 70 79 0 0 0 0 0 2 0 15 13 56 220 94 52 75 
P8583 2054 2 64 129 111 31 0 0 0 70 25 24 23 61 33 0 0 29 8 12 0 0 0 15 0 0 0 0 0 0 -999 -999 -999 
P8583 2054 3 0 0 0 0 5 0 0 0 0 0 0 3 0 0 0 0 13 0 0 0 14 26 54 0 0 0 0 0 49 0 0 
P8583 2054 4 0 36 0 0 78 115 158 102 43 42 70 58 0 0 0 46 23 15 0 0 0 0 0 0 0 0 0 0 0 0 -999 
P8583 2054 5 38 0 0 0 13 28 16 0 0 13 0 0 10 0 0 38 0 0 0 15 16 0 0 92 114 0 27 0 29 0 0 
P8583 2054 6 0 0 0 0 0 0 0 0 0 0 12 0 7 5 0 0 0 2 0 0 0 0 0 0 0 0 0 0 0 0 -999 
P8583 2054 7 0 0 0 0 0 0 9 0 0 0 0 0 0 0 8 0 0 2 0 0 0 0 0 0 0 0 0 0 0 0 0 
P8583 2054 8 0 0 0 0 0 0 0 0 0 0 0 7 0 0 0 0 0 0 0 0 0 0 0 0 24 0 17 0 0 0 0 
P8583 2054 9 0 0 0 0 0 0 0 0 0 0 0 0 0 0 0 7 16 0 0 0 0 22 0 0 0 5 0 0 0 66 -999 
P8583 2054 10 0 36 90 35 0 9 0 0 0 5 4 5 16 0 0 0 0 0 36 0 0 0 12 0 0 0 25 0 26 0 0 
P8583 2054 11 92 19 6 0 0 0 0 39 144 141 96 50 36 44 0 0 22 0 48 121 0 15 0 9 0 14 57 12 6 0 -999 
P8583 2054 12 0 0 0 0 0 6 3 3 0 0 0 55 40 0 10 13 16 0 0 0 0 0 48 87 103 0 121 128 134 85 101 
P8583 2055 1 33 0 63 60 22 12 16 22 14 91 127 0 15 10 0 29 55 180 75 0 0 0 0 0 0 0 0 0 0 0 0 
P8583 2055 2 0 0 0 46 42 53 78 48 0 0 21 0 0 10 18 8 0 0 0 0 0 8 0 10 0 0 0 0 -999 -999 -999 
P8583 2055 3 0 24 41 0 0 34 39 0 26 0 19 0 0 0 0 12 24 21 0 0 0 5 29 50 46 38 18 42 12 0 0 
P8583 2055 4 0 0 7 0 0 4 0 0 23 29 0 40 0 4 2 0 0 0 0 0 0 0 0 0 0 7 0 0 8 0 -999 
P8583 2055 5 13 0 1 0 0 5 0 3 0 24 0 0 0 0 4 0 0 5 0 0 0 0 0 0 37 0 16 0 0 0 0 
P8583 2055 6 0 0 0 8 0 14 0 0 0 0 0 0 0 0 0 0 0 0 0 0 0 0 0 0 0 0 0 0 0 0 -999 
P8583 2055 7 0 0 0 0 0 0 0 0 0 0 0 0 0 0 0 0 0 0 0 0 0 0 0 0 0 0 0 0 0 0 0 
P8583 2055 8 0 0 0 0 0 0 0 0 0 0 0 0 4 0 2 0 0 0 0 0 0 0 0 0 0 0 0 0 0 0 0 
P8583 2055 9 0 0 0 0 0 11 0 0 0 0 0 0 0 0 10 0 0 0 0 0 34 0 22 0 12 0 0 0 0 0 -999 
P8583 2055 10 60 25 29 53 68 41 0 0 0 35 73 48 13 0 53 82 109 0 0 35 0 0 21 12 0 29 29 0 0 0 23 
P8583 2055 11 0 0 0 43 44 68 70 44 33 0 40 28 0 0 0 34 43 0 0 0 0 26 20 11 0 0 66 61 187 0 -999 
P8583 2055 12 0 0 57 0 49 19 0 0 0 0 0 0 0 0 5 0 0 0 0 0 0 8 0 3 3 13 0 49 59 45 0 
P8583 2056 1 32 37 0 110 120 104 123 106 81 142 51 7 0 13 10 0 0 22 16 0 0 0 0 0 31 56 152 46 0 0 0 
P8583 2056 2 0 32 0 0 53 84 119 0 39 0 0 84 55 177 108 38 31 79 88 165 134 164 61 82 0 0 0 0 -999 -999 -999 
P8583 2056 3 0 0 0 0 101 163 130 0 36 176 136 0 83 125 0 0 34 0 75 116 0 0 0 0 0 15 0 92 64 50 0 
P8583 2056 4 0 65 0 14 9 0 3 0 0 0 24 7 0 0 0 0 6 0 21 0 3 0 0 19 0 0 0 0 0 5 -999 
P8583 2056 5 0 0 0 0 0 26 0 37 63 48 52 43 31 16 9 15 0 0 0 0 0 0 0 0 0 0 0 0 0 0 0 
P8583 2056 6 29 0 0 0 0 0 0 12 0 0 0 0 0 0 0 0 21 20 0 0 0 0 8 0 6 0 0 0 0 0 -999 
P8583 2056 7 0 0 0 0 0 0 10 0 0 0 0 0 0 0 0 0 0 0 0 0 0 0 0 0 0 0 0 0 0 0 0 
P8583 2056 8 0 0 0 0 0 0 0 0 0 0 0 0 0 0 0 0 0 0 0 0 0 0 0 0 0 0 0 0 17 0 0 
P8583 2056 9 0 0 0 0 0 0 63 0 25 0 0 0 6 0 0 0 0 0 21 0 8 0 0 3 0 0 0 0 0 0 -999 
P8583 2056 10 0 0 8 0 0 0 0 33 25 0 0 4 0 0 0 0 0 29 0 0 9 24 0 59 157 0 22 0 0 0 10 
P8583 2056 11 0 0 0 0 20 55 0 76 0 45 51 80 53 53 126 75 0 7 0 35 16 15 0 0 12 0 0 0 0 0 -999 
P8583 2056 12 0 0 0 0 0 0 0 0 0 0 0 0 0 0 22 24 36 91 33 12 19 0 0 3 0 0 28 48 0 45 129 
P8583 2057 1 112 125 0 63 112 70 67 44 0 68 95 22 12 0 0 0 33 0 0 0 0 0 5 0 0 0 81 234 0 0 39 
P8583 2057 2 8 0 8 0 35 32 0 0 0 8 0 0 0 0 11 0 27 10 0 4 0 0 0 0 0 0 88 0 -999 -999 -999 
P8583 2057 3 0 83 43 14 0 1 0 6 0 0 0 0 0 0 61 43 0 101 100 41 26 0 0 0 0 0 0 45 0 0 52 
P8583 2057 4 69 0 53 13 0 0 0 11 7 0 32 53 56 62 0 59 80 60 0 0 0 41 0 0 0 0 0 0 0 0 -999 
P8583 2057 5 0 0 0 0 35 0 25 0 34 18 7 0 0 0 0 0 6 5 0 18 0 0 18 21 23 17 0 0 0 0 0 
P8583 2057 6 0 0 0 0 0 0 0 0 0 0 0 0 0 0 8 0 0 0 0 0 0 22 0 0 0 0 0 0 0 0 -999 
P8583 2057 7 0 0 0 0 0 0 0 8 0 0 0 4 0 10 0 0 0 0 0 0 0 0 0 0 0 0 0 0 0 0 0 
P8583 2057 8 0 0 0 15 0 8 0 0 0 0 0 0 14 0 0 0 0 0 0 0 0 0 5 0 0 0 0 0 0 5 0 
P8583 2057 9 12 17 0 0 0 0 0 0 0 0 0 0 0 0 7 11 0 0 0 0 0 0 0 48 31 0 0 16 0 17 -999 
P8583 2057 10 0 0 26 40 30 0 0 0 30 13 0 30 66 34 0 0 0 0 0 20 43 0 42 43 76 0 133 79 0 0 0 
P8583 2057 11 0 0 0 20 23 0 0 0 56 44 93 125 178 59 19 0 13 0 70 0 44 0 0 16 15 0 0 77 40 173 -999 
P8583 2057 12 75 83 94 0 31 14 0 0 0 0 0 0 30 0 0 0 17 40 106 0 72 30 82 154 0 0 0 0 0 0 3 
P8583 2058 1 22 0 3 0 0 0 17 0 43 44 25 102 0 88 160 229 79 0 12 0 0 0 0 0 5 6 0 0 0 105 90 
P8583 2058 2 33 0 0 0 103 61 50 58 56 36 23 83 19 0 9 0 0 0 19 0 0 0 0 0 0 0 3 0 -999 -999 -999 
P8583 2058 3 0 19 0 30 0 0 0 14 0 18 11 29 0 0 0 0 0 0 37 26 4 0 0 0 0 8 0 0 0 8 24 
P8583 2058 4 66 36 0 0 9 15 52 0 0 0 0 0 0 0 0 0 0 15 0 0 0 9 0 0 50 47 0 0 0 0 -999 
P8583 2058 5 0 0 28 66 47 53 0 0 9 10 8 0 0 0 0 0 0 0 0 0 0 0 0 0 0 13 0 0 0 0 0 
P8583 2058 6 0 0 0 0 0 6 0 0 26 24 0 0 7 0 0 0 0 0 14 15 0 0 0 0 0 0 3 0 0 0 -999 
P8583 2058 7 0 0 0 0 0 0 0 0 0 0 0 0 0 0 0 0 0 0 0 0 0 0 0 0 0 0 0 0 0 0 0 
P8583 2058 8 0 0 0 0 19 0 0 0 0 0 0 0 0 0 0 0 5 0 0 0 0 0 0 0 0 0 0 0 0 13 0 
P8583 2058 9 0 0 0 11 0 0 0 26 21 22 0 0 24 0 0 0 0 0 0 0 0 0 0 0 0 0 0 0 0 0 -999 
P8583 2058 10 13 0 0 83 0 15 0 0 0 0 0 0 0 0 8 0 0 11 30 47 0 0 0 21 0 0 6 0 0 4 0 
P8583 2058 11 0 0 8 0 12 0 28 0 80 0 49 10 0 20 20 0 3 3 0 13 9 0 0 0 0 0 0 0 13 0 -999 
P8583 2058 12 36 0 18 21 0 0 0 0 0 0 0 0 0 0 0 9 0 7 0 0 0 3 0 0 0 0 0 13 0 0 0 
P8583 2059 1 0 0 0 0 8 34 61 72 23 5 0 0 0 0 0 34 70 11 0 0 0 0 0 0 0 0 0 0 1 0 0 
P8583 2059 2 0 0 3 2 0 0 0 0 0 0 0 0 42 32 0 0 2 0 0 0 0 0 0 0 0 0 4 0 -999 -999 -999 
P8583 2059 3 0 0 0 0 0 10 0 12 36 0 0 0 4 0 0 0 0 23 36 0 0 0 0 0 4 23 0 0 0 0 33 
P8583 2059 4 0 0 0 0 0 37 36 0 94 59 0 0 47 44 0 59 42 0 26 0 0 77 60 103 0 0 0 0 0 0 -999 
P8583 2059 5 0 2 0 0 11 0 0 0 0 0 0 0 9 0 0 24 36 60 0 0 14 0 0 0 32 0 0 0 14 0 0 
P8583 2059 6 42 0 0 16 0 0 0 0 0 0 0 0 0 0 8 0 0 0 0 0 0 0 0 0 0 0 0 0 0 0 -999 
P8583 2059 7 0 0 0 0 0 0 0 14 9 0 0 0 0 0 0 0 0 0 0 0 0 0 0 0 0 0 0 0 0 0 0 
P8583 2059 8 0 0 0 0 0 0 0 0 0 0 0 0 0 0 0 0 9 0 0 0 0 0 0 0 0 0 0 0 0 0 0 
P8583 2059 9 0 0 0 0 2 0 5 11 0 0 0 0 0 0 0 0 0 0 0 0 0 0 0 0 0 0 0 0 0 0 -999 
P8583 2059 10 22 43 0 0 31 0 64 12 0 0 0 0 0 0 0 0 37 17 0 0 27 7 0 0 0 52 122 90 52 56 0 
P8583 2059 11 24 0 57 68 54 0 0 0 0 6 0 0 0 0 0 13 0 15 0 11 6 0 28 0 3 0 0 0 0 6 -999 
P8583 2059 12 0 0 0 46 74 0 13 0 31 74 53 62 25 0 0 0 0 0 2 0 0 0 15 33 40 62 0 48 0 54 0 
P8583 2060 1 0 24 40 0 0 0 30 0 0 26 90 102 0 67 0 0 0 17 16 0 0 0 0 0 9 7 7 0 0 0 27 
P8583 2060 2 87 0 14 0 0 0 0 21 8 0 31 28 6 21 0 3 0 0 27 21 0 0 12 0 0 0 0 48 -999 -999 -999 
P8583 2060 3 35 0 0 0 0 0 0 0 0 35 0 0 0 4 0 0 0 8 0 0 31 44 81 61 18 0 0 25 0 19 4 
P8583 2060 4 0 0 0 0 0 0 15 21 0 0 17 0 16 30 67 84 23 11 0 0 0 0 0 0 0 0 0 0 0 0 -999 
P8583 2060 5 5 0 32 0 42 50 0 0 0 0 26 19 6 0 0 0 0 0 0 5 0 0 0 0 6 0 0 0 19 0 0 
P8583 2060 6 25 21 0 13 0 0 0 0 0 0 0 0 0 0 0 0 0 28 0 0 0 0 15 0 0 0 0 0 0 0 -999 
P8583 2060 7 0 0 0 0 0 0 0 0 0 0 0 0 0 0 0 0 0 17 0 0 0 0 0 0 0 0 0 0 0 0 0 
P8583 2060 8 0 0 0 0 0 0 0 0 0 0 0 0 0 0 0 0 0 8 0 0 10 0 0 0 0 0 0 0 0 0 0 
P8583 2060 9 6 0 0 0 14 0 0 0 0 0 0 0 16 0 0 0 0 0 0 0 0 3 0 0 0 0 28 12 0 0 -999 
P8583 2060 10 5 0 0 14 0 0 0 0 0 0 5 0 0 2 0 0 0 7 13 0 0 0 0 0 11 0 0 16 14 22 0 
P8583 2060 11 0 0 0 0 0 56 61 50 99 75 0 75 0 0 0 25 150 104 167 59 17 0 0 19 29 0 0 23 17 0 -999 
P8583 2060 12 9 0 0 0 48 162 101 0 0 0 0 0 0 0 5 12 37 18 0 0 13 18 24 25 21 0 38 53 41 20 0 
P8583 2061 1 0 22 0 19 16 0 0 0 26 0 25 0 0 0 2 0 0 0 0 12 0 0 14 0 12 7 6 0 0 6 19 
P8583 2061 2 22 0 29 9 0 0 0 15 0 46 89 70 0 34 39 0 10 0 12 0 22 9 10 0 23 16 17 0 -999 -999 -999 
P8583 2061 3 0 0 12 13 19 0 21 15 0 0 0 0 0 0 28 0 60 42 0 0 0 0 51 77 0 0 0 0 0 0 0 
P8583 2061 4 34 0 0 50 22 0 0 23 20 32 43 56 0 0 10 0 12 0 0 0 0 0 0 0 0 0 0 0 0 0 -999 
P8583 2061 5 21 0 0 0 0 0 0 0 0 0 0 6 0 0 0 22 0 0 10 0 0 0 0 0 0 0 0 0 0 21 0 
P8583 2061 6 0 0 0 0 0 0 0 0 0 0 0 0 0 0 0 0 0 7 0 0 0 0 0 0 0 8 11 0 10 11 -999 
P8583 2061 7 0 0 0 0 0 0 0 0 0 0 0 0 0 0 0 0 0 0 0 0 0 0 0 0 0 0 0 0 0 0 0 
P8583 2061 8 0 0 0 0 0 0 0 0 0 0 0 0 0 0 0 0 0 0 0 0 0 0 0 11 17 0 0 11 0 0 0 
P8583 2061 9 0 0 0 0 0 0 0 0 0 0 0 0 33 22 0 0 0 0 0 0 0 0 0 0 0 0 45 0 22 0 -999 
P8583 2061 10 0 0 0 0 13 15 21 0 0 0 0 0 9 0 0 55 62 44 65 100 22 17 85 107 0 0 0 0 126 52 16 
P8583 2061 11 0 0 0 22 0 14 24 33 58 110 52 18 3 0 30 72 0 0 0 0 24 0 0 6 0 0 0 61 0 19 -999 
P8583 2061 12 11 0 0 0 0 0 0 6 0 9 34 0 17 14 0 0 0 0 21 36 89 94 0 0 0 0 6 0 0 90 30 
P8583 2062 1 35 46 22 0 0 0 0 0 0 4 0 0 0 0 0 0 0 64 0 0 0 0 0 0 43 129 88 0 85 83 35 
P8583 2062 2 0 63 45 59 0 0 0 28 43 34 34 10 0 0 30 49 19 0 0 0 27 0 43 0 53 33 17 0 -999 -999 -999 
P8583 2062 3 0 8 21 45 31 0 5 0 10 30 75 93 177 170 0 0 0 27 0 0 0 29 71 0 6 0 0 0 16 0 0 
P8583 2062 4 0 0 0 0 0 0 0 0 63 0 17 8 0 2 0 0 0 0 0 0 0 4 0 0 0 0 25 43 63 83 -999 
P8583 2062 5 25 0 0 0 0 0 12 0 26 0 0 0 0 0 12 0 0 9 0 0 0 0 0 8 0 0 0 0 7 0 0 
P8583 2062 6 0 8 0 0 0 4 0 0 0 5 0 0 5 6 0 0 0 0 0 0 0 0 0 0 0 0 0 0 0 0 -999 
P8583 2062 7 0 0 0 16 0 0 0 0 0 0 0 0 0 0 0 0 6 0 18 0 0 0 0 0 0 0 0 0 0 0 0 
P8583 2062 8 0 0 0 0 0 0 0 0 0 0 0 0 0 0 0 0 0 0 0 0 0 0 0 0 0 0 0 0 0 0 3 
P8583 2062 9 0 0 0 0 0 0 0 0 0 0 0 0 0 0 0 0 0 0 3 0 0 0 0 0 16 10 0 5 0 0 -999 
P8583 2062 10 0 0 0 0 151 101 0 0 0 25 32 0 0 13 0 40 57 13 0 41 23 0 52 19 8 0 14 19 0 17 9 
P8583 2062 11 5 8 0 0 0 0 15 16 0 10 0 18 67 86 47 26 44 0 60 0 3 0 69 15 10 19 0 0 0 0 -999 
P8583 2062 12 0 0 0 5 0 27 30 7 30 34 44 0 0 0 20 57 57 152 33 9 0 0 6 0 0 5 0 10 0 0 0 
P8583 2063 1 79 63 83 0 25 79 113 169 199 49 31 0 42 49 73 99 62 77 139 53 74 111 47 29 0 63 21 0 25 0 0 
P8583 2063 2 129 55 55 48 0 62 23 12 0 0 89 0 0 104 111 59 12 0 0 0 0 0 0 0 0 9 0 1 -999 -999 -999 
P8583 2063 3 0 0 7 0 0 0 0 0 0 0 0 0 0 44 50 0 0 0 0 0 0 0 0 44 185 0 45 75 76 109 115 
P8583 2063 4 0 0 29 30 0 104 0 0 78 30 0 7 7 19 0 0 29 0 0 0 0 0 0 0 0 24 9 0 0 0 -999 
P8583 2063 5 56 58 34 16 0 12 0 0 0 8 0 0 32 18 0 0 0 0 0 0 0 0 0 0 12 8 0 0 0 0 0 
P8583 2063 6 0 0 0 0 0 0 0 0 0 0 0 0 0 0 0 0 0 0 0 0 0 0 0 0 0 0 0 0 0 0 -999 
P8583 2063 7 0 0 0 0 0 0 0 0 0 0 0 0 0 0 0 0 0 0 0 0 0 0 0 0 9 0 0 0 0 0 0 
P8583 2063 8 0 0 0 0 0 0 0 0 19 0 0 0 0 0 0 0 0 0 0 0 0 0 0 0 0 13 0 0 0 0 0 
P8583 2063 9 0 0 0 0 0 0 22 0 5 3 0 0 0 0 0 0 0 23 31 0 0 0 14 14 12 7 0 15 0 0 -999 
P8583 2063 10 0 0 5 0 4 0 0 1 0 0 13 0 0 124 38 14 0 23 16 15 0 0 0 0 0 13 0 2 0 0 0 
P8583 2063 11 0 0 0 0 8 0 0 4 0 0 0 24 36 28 0 0 0 0 0 0 27 24 0 0 8 0 0 0 0 0 -999 
P8583 2063 12 4 0 0 0 0 0 0 3 0 0 0 0 0 0 30 0 6 0 0 0 2 0 5 0 5 0 0 0 0 0 0 
P8583 2064 1 0 0 0 4 0 5 0 0 0 0 0 8 0 18 86 52 0 0 9 2 0 0 0 0 16 28 30 0 0 51 26 
P8583 2064 2 31 47 25 12 13 15 0 0 0 1 0 0 5 0 0 0 0 2 0 0 0 0 4 0 0 0 0 0 -999 -999 -999 
P8583 2064 3 0 0 0 0 0 0 0 63 0 76 0 26 0 0 36 25 0 48 34 56 35 0 0 16 35 78 50 28 36 37 31 
P8583 2064 4 0 0 0 102 55 0 0 19 0 0 0 0 0 0 0 0 0 0 0 18 0 35 30 60 38 0 0 0 11 0 -999 
P8583 2064 5 20 0 3 0 0 0 0 0 0 0 0 0 0 0 0 0 7 0 8 0 0 25 35 14 0 0 0 0 0 0 0 
P8583 2064 6 7 0 0 0 0 0 0 0 0 0 0 0 0 0 0 0 0 0 8 0 0 0 0 0 0 0 0 0 0 0 -999 
P8583 2064 7 0 0 0 0 0 0 0 0 0 0 0 0 0 0 0 0 0 0 0 0 0 0 0 0 0 0 0 0 0 0 0 
P8583 2064 8 0 0 0 0 0 0 0 0 0 0 0 0 0 0 0 0 0 0 0 0 0 0 3 0 0 0 0 0 0 0 0 
P8583 2064 9 0 0 0 15 0 0 0 0 0 0 0 0 9 0 0 0 11 0 0 0 0 0 0 3 0 0 7 10 0 0 -999 
P8583 2064 10 0 0 8 0 0 0 31 29 13 7 0 0 3 0 11 0 0 0 14 0 0 17 21 49 0 0 20 23 11 70 0 
P8583 2064 11 23 0 24 44 41 0 0 0 0 0 0 51 0 136 0 7 0 0 9 0 12 0 0 0 0 0 31 0 0 15 -999 
P8583 2064 12 0 38 37 0 109 91 136 228 196 73 31 46 66 0 0 0 8 0 0 0 11 0 1 0 0 0 0 0 0 0 0 
P8583 2065 1 0 11 0 0 0 0 0 21 50 0 46 51 59 104 28 37 0 0 0 0 14 0 16 0 9 0 0 20 0 46 81 
P8583 2065 2 33 0 0 0 0 0 0 28 0 0 0 75 105 103 80 108 121 123 88 84 0 0 6 0 26 8 0 0 -999 -999 -999 
P8583 2065 3 0 1 0 0 0 0 0 0 0 0 0 0 11 3 0 0 0 12 6 8 0 0 0 0 0 0 7 0 0 0 0 
P8583 2065 4 10 0 0 0 34 0 0 0 0 0 0 0 0 22 0 0 0 40 0 0 0 0 0 0 0 0 0 0 0 0 -999 
P8583 2065 5 0 0 3 0 0 0 0 2 0 0 0 0 0 6 8 0 0 0 0 0 0 22 13 0 0 0 0 0 0 22 0 
P8583 2065 6 0 0 0 0 0 0 14 0 0 0 0 0 0 0 0 0 12 0 0 0 0 0 0 0 0 0 0 0 0 0 -999 
P8583 2065 7 0 0 16 16 0 0 0 0 0 0 0 0 0 0 16 0 0 0 0 0 0 0 0 0 0 0 0 0 0 0 0 
P8583 2065 8 0 0 0 0 0 0 0 0 0 0 0 0 0 0 0 0 0 0 0 0 0 0 0 0 19 0 0 0 0 0 0 
P8583 2065 9 0 0 18 0 0 0 0 0 0 0 0 0 8 0 0 0 0 0 0 0 0 0 0 0 0 0 0 0 0 0 -999 
P8583 2065 10 1 0 0 0 0 0 0 0 0 0 0 43 31 0 85 0 12 0 0 84 32 0 89 117 38 49 0 0 0 110 56 
P8583 2065 11 42 0 0 0 0 0 0 0 0 0 0 0 0 0 0 0 0 0 13 0 99 75 18 0 54 0 88 35 13 34 -999 
P8583 2065 12 29 9 5 14 4 0 0 0 0 0 39 112 0 31 17 0 32 0 69 0 55 150 116 209 242 307 187 26 0 0 0 
P8583 2066 1 12 0 0 0 11 0 0 0 32 54 71 77 0 58 72 71 0 83 158 0 46 155 110 0 14 0 0 22 0 0 0 
P8583 2066 2 46 32 14 13 0 28 0 55 71 51 47 34 31 39 0 0 0 16 0 9 0 0 6 11 120 0 33 42 -999 -999 -999 
P8583 2066 3 0 0 0 0 19 26 103 9 0 0 0 0 0 0 0 0 0 0 10 0 0 0 0 0 0 48 0 0 5 0 0 
P8583 2066 4 0 0 7 0 8 32 0 0 0 0 0 13 35 16 0 23 0 16 9 0 5 0 10 0 23 0 0 0 89 64 -999 
P8583 2066 5 0 0 0 0 0 26 0 0 0 0 8 0 0 5 0 0 0 0 0 0 0 0 0 0 5 0 0 0 0 0 4 
P8583 2066 6 0 0 0 0 0 0 0 0 0 0 0 0 0 0 0 7 0 0 0 0 0 0 0 0 0 0 0 0 0 0 -999 
P8583 2066 7 0 0 0 0 0 0 0 0 2 0 0 0 0 0 0 0 0 14 0 0 5 0 0 0 0 0 0 0 0 0 0 
P8583 2066 8 6 0 0 0 0 0 0 0 0 0 0 0 0 0 0 22 16 0 0 0 0 0 0 0 0 31 33 0 0 0 0 
P8583 2066 9 0 0 0 0 4 0 0 0 0 0 0 0 0 0 0 0 0 0 0 0 0 0 0 0 0 0 9 0 0 0 -999 
P8583 2066 10 0 10 0 0 0 0 0 0 4 0 0 0 7 0 0 0 0 17 0 0 35 0 7 0 0 0 34 81 9 0 0 
P8583 2066 11 10 8 0 0 114 0 52 42 26 25 73 55 0 0 0 22 0 0 0 0 0 0 0 0 4 0 0 0 0 0 -999 
P8583 2066 12 0 11 22 38 17 0 10 0 0 0 0 14 0 70 143 177 153 176 109 50 42 24 0 15 9 17 0 58 73 180 112 
P8583 2067 1 41 152 56 26 56 56 0 0 0 0 30 0 59 34 51 49 66 32 104 167 0 144 60 109 128 122 133 58 0 73 104 
P8583 2067 2 113 70 181 0 11 0 0 75 54 106 110 0 97 122 0 17 25 91 143 0 135 73 45 0 0 155 90 9 -999 -999 -999 
P8583 2067 3 0 0 20 3 0 0 0 5 12 0 30 46 98 29 0 0 3 0 0 6 0 2 0 11 0 0 8 0 11 0 0 
P8583 2067 4 0 0 0 33 0 0 0 0 0 0 0 0 0 0 41 21 11 0 0 0 0 0 25 0 0 11 0 0 0 0 -999 
P8583 2067 5 13 0 0 11 0 0 0 5 0 0 0 0 0 0 0 0 0 0 53 39 12 0 0 0 11 0 0 0 0 37 0 
P8583 2067 6 0 0 0 19 0 0 0 11 8 0 0 18 11 9 12 0 0 0 0 0 0 0 0 0 0 0 0 0 0 0 -999 
P8583 2067 7 0 0 6 0 0 0 0 0 0 0 0 0 0 0 0 0 0 0 0 0 0 0 0 0 0 0 0 0 0 0 0 
P8583 2067 8 0 5 8 0 0 0 0 0 0 0 0 0 0 0 0 0 0 0 0 0 0 0 0 0 0 0 0 0 0 0 0 
P8583 2067 9 0 0 0 0 0 0 0 0 0 0 0 9 0 0 0 13 0 0 0 0 0 0 0 0 0 0 0 0 0 8 -999 
P8583 2067 10 9 0 9 0 4 0 0 0 0 0 0 0 0 0 0 0 3 0 0 0 0 0 0 12 11 0 0 0 18 28 36 
P8583 2067 11 56 31 0 25 36 27 21 0 0 0 0 0 6 9 16 15 0 0 0 0 0 9 35 50 65 0 0 6 0 0 -999 
P8583 2067 12 14 25 0 0 65 24 15 0 54 0 0 24 65 0 4 0 0 0 1 0 0 0 0 0 0 0 92 0 41 8 34 
P8583 2068 1 3 0 0 0 45 145 120 47 65 9 12 21 0 1 3 0 3 0 0 0 0 0 3 0 53 31 33 0 20 35 17 
P8583 2068 2 0 0 0 0 0 24 0 0 0 0 0 39 0 0 0 0 0 0 0 0 17 17 18 14 9 20 104 0 -999 -999 -999 
P8583 2068 3 0 75 58 73 180 130 0 39 117 50 21 37 54 0 0 20 0 123 74 0 0 79 106 8 0 0 17 15 18 0 0 
P8583 2068 4 72 0 0 6 5 3 19 0 67 56 0 0 0 0 0 0 0 0 0 0 0 0 23 20 0 0 0 0 0 0 -999 
P8583 2068 5 0 0 0 22 0 0 15 18 17 0 0 0 0 41 0 0 39 19 0 0 0 0 0 7 0 0 10 0 10 0 0 
P8583 2068 6 0 0 0 33 29 0 0 0 6 0 0 0 0 0 0 0 0 0 0 0 0 0 0 0 0 0 0 0 0 0 -999 
P8583 2068 7 0 0 0 0 0 0 0 0 0 0 0 0 0 0 0 0 0 0 0 0 0 0 0 0 0 0 0 0 0 0 0 
P8583 2068 8 0 0 0 0 0 0 0 4 0 0 0 0 0 0 14 0 0 0 0 0 0 0 0 0 0 21 0 0 0 0 0 
P8583 2068 9 0 0 0 0 9 0 8 0 0 43 0 0 0 0 0 0 0 0 0 0 0 6 0 0 0 0 0 0 0 0 -999 
P8583 2068 10 0 0 0 0 0 7 0 9 0 0 43 0 0 0 38 0 0 0 0 13 40 0 0 3 0 0 0 0 1 0 6 
P8583 2068 11 0 13 0 11 0 0 0 0 0 0 0 22 0 0 5 0 0 0 0 0 0 0 0 0 11 7 0 7 0 0 -999 
P8583 2068 12 0 0 7 0 0 0 60 94 0 43 0 9 67 87 48 0 0 0 23 0 0 20 50 50 134 50 0 0 35 0 0 
P8583 2069 1 73 0 0 0 0 0 0 0 0 0 0 16 0 0 14 2 0 0 0 0 0 0 0 0 0 0 24 67 102 17 25 
P8583 2069 2 0 0 61 162 191 0 72 132 110 0 0 0 0 0 0 0 24 0 27 24 42 34 0 0 0 0 0 0 -999 -999 -999 
P8583 2069 3 0 51 0 44 0 51 0 0 0 0 0 14 0 0 0 0 0 0 0 0 0 0 0 0 0 24 39 45 63 0 82 
P8583 2069 4 25 18 22 23 0 0 0 16 32 38 31 0 0 12 0 13 22 28 27 17 0 10 0 0 0 0 0 0 6 4 -999 
P8583 2069 5 0 8 0 10 0 0 0 0 0 0 11 0 26 0 0 0 15 0 0 0 0 13 0 0 0 0 0 0 0 0 0 
P8583 2069 6 0 0 0 0 4 0 0 0 0 0 0 0 0 0 0 23 0 0 0 0 6 0 0 0 0 0 0 0 0 0 -999 
P8583 2069 7 0 0 0 0 0 0 0 0 0 0 0 0 0 0 0 0 0 0 0 0 10 0 0 3 0 0 0 0 0 0 0 
P8583 2069 8 0 0 0 0 9 0 0 0 0 0 0 0 0 0 0 0 0 0 0 0 0 0 5 0 0 0 0 0 0 0 0 
P8583 2069 9 0 0 0 0 0 0 0 0 0 0 0 0 0 0 0 17 0 0 0 0 14 6 0 0 0 0 0 0 0 0 -999 
P8583 2069 10 18 0 8 0 0 0 0 0 6 0 0 15 12 0 0 0 22 55 103 87 0 47 73 0 0 0 90 119 0 89 15 
P8583 2069 11 0 0 30 86 33 0 107 0 80 14 8 39 65 44 0 0 0 24 0 0 80 79 15 0 5 10 0 19 16 0 -999 
P8583 2069 12 10 0 16 0 21 0 0 0 0 0 0 12 15 0 0 0 0 0 0 3 18 29 31 0 12 0 0 47 59 0 0 
P8583 2070 1 0 0 85 61 24 54 156 218 180 74 121 46 23 0 0 13 0 6 0 14 14 0 38 42 19 0 0 0 0 3 0 
P8583 2070 2 0 13 0 0 0 0 4 0 0 0 23 0 0 8 0 0 17 0 0 15 0 0 27 0 50 51 46 30 -999 -999 -999 
P8583 2070 3 0 0 0 18 0 0 0 0 0 0 62 34 0 42 70 67 48 86 115 126 171 0 0 0 0 19 0 0 0 39 18 
P8583 2070 4 0 0 0 19 0 20 55 61 96 45 18 19 0 57 43 0 0 0 28 16 43 0 48 26 17 0 0 28 0 0 -999 
P8583 2070 5 0 0 0 0 73 126 51 44 39 50 0 0 0 0 0 18 0 43 38 0 35 47 28 18 10 7 15 8 0 0 0 
P8583 2070 6 0 0 0 0 0 0 0 0 0 0 25 0 5 0 0 7 0 0 0 0 0 0 0 0 0 0 0 0 0 0 -999 
P8583 2070 7 0 8 0 0 0 0 0 0 0 0 0 0 23 0 0 0 0 0 0 0 0 0 0 0 0 0 0 0 0 0 0 
P8583 2070 8 0 3 0 0 0 0 0 0 0 0 0 0 0 0 2 0 0 0 0 0 15 9 0 0 0 0 0 0 4 0 0 
P8583 2070 9 0 26 0 0 0 0 0 0 2 0 0 0 0 0 0 8 0 0 0 0 0 0 0 0 0 9 0 0 0 0 -999 
P8583 2070 10 0 0 0 0 27 0 13 0 0 40 0 0 75 28 32 0 116 167 0 9 7 0 0 0 0 0 0 0 9 0 44 
P8583 2070 11 23 9 0 0 0 0 12 0 8 9 0 6 0 0 0 0 0 0 0 10 36 0 11 0 0 0 24 115 110 31 -999 
P8583 2070 12 39 89 22 0 0 19 0 79 0 39 0 0 47 0 0 0 36 0 66 0 0 116 60 0 33 61 0 49 152 153 0 
P8583 2071 1 18 24 31 38 43 22 0 0 53 101 0 62 80 0 21 0 42 0 0 0 0 0 0 29 44 74 0 0 20 0 0 
P8583 2071 2 0 0 0 0 41 0 0 16 41 75 101 0 45 28 65 96 89 0 38 42 0 0 0 9 0 21 0 0 -999 -999 -999 
P8583 2071 3 12 0 0 0 0 13 40 53 0 51 54 28 0 48 0 0 0 0 22 0 9 0 22 0 0 0 0 0 10 10 0 
P8583 2071 4 0 58 0 27 6 0 0 0 0 0 6 0 0 0 16 0 0 13 0 0 0 0 0 34 42 0 0 0 0 15 -999 
P8583 2071 5 0 17 0 26 0 0 37 0 0 0 17 0 10 0 0 0 0 0 14 0 0 13 0 0 0 19 0 0 0 0 16 
P8583 2071 6 0 0 0 24 0 0 0 12 0 0 0 0 0 45 32 0 19 0 17 12 0 0 0 4 0 0 0 0 0 0 -999 
P8583 2071 7 0 0 0 0 0 0 0 0 0 0 0 0 0 0 0 0 0 14 14 0 0 0 0 0 0 16 0 0 0 4 0 
P8583 2071 8 0 0 0 0 0 0 0 0 0 0 0 0 0 0 0 0 0 0 0 0 0 6 0 0 0 0 0 0 0 0 0 
P8583 2071 9 0 0 0 0 0 0 0 0 0 8 0 0 0 0 0 0 0 0 0 0 0 0 0 0 0 0 22 0 0 0 -999 
P8583 2071 10 0 0 0 0 5 0 0 0 0 24 21 0 0 15 0 0 62 18 0 0 0 68 0 8 0 0 16 0 49 30 69 
P8583 2071 11 0 0 111 86 0 30 25 0 0 8 0 2 0 1 0 26 9 8 0 46 47 28 0 44 33 0 0 11 22 0 -999 
P8583 2071 12 0 34 40 0 0 163 148 100 0 171 167 207 121 93 62 0 100 131 54 0 5 0 102 128 53 132 61 20 18 38 105 
P8583 2072 1 58 0 23 0 19 30 14 0 44 47 0 0 0 0 15 0 30 27 29 75 47 26 37 0 26 120 60 0 0 21 49 
P8583 2072 2 121 68 0 43 0 0 0 0 4 7 0 8 0 0 0 0 0 8 13 37 0 0 12 0 13 11 0 0 -999 -999 -999 
P8583 2072 3 0 0 6 5 0 15 10 0 0 0 0 7 19 0 0 0 17 0 0 19 17 0 21 0 37 29 0 0 51 0 35 
P8583 2072 4 20 0 0 0 0 0 0 2 0 24 0 0 0 0 0 0 0 0 4 0 0 21 26 7 6 0 0 0 27 0 -999 
P8583 2072 5 0 0 0 8 19 0 0 0 0 0 11 0 16 0 0 0 0 19 0 14 11 0 8 0 0 0 0 0 0 0 0 
P8583 2072 6 0 0 0 0 0 17 0 0 0 19 0 0 0 0 0 0 0 0 0 7 0 0 0 0 0 0 0 0 0 0 -999 
P8583 2072 7 0 0 0 0 7 0 0 0 0 0 0 0 0 0 0 0 0 0 0 0 0 0 0 0 0 0 0 0 0 0 0 
P8583 2072 8 0 0 0 0 0 0 0 0 0 0 0 0 0 0 0 0 0 0 0 0 0 0 0 0 23 0 0 0 0 0 0 
P8583 2072 9 0 0 0 0 0 0 0 16 0 30 0 0 0 0 0 0 0 0 9 21 0 13 0 0 0 60 33 0 0 13 -999 
P8583 2072 10 7 0 0 0 0 0 9 0 0 0 10 0 0 10 22 0 0 0 0 6 9 0 0 0 0 0 0 6 0 0 0 
P8583 2072 11 0 15 0 0 0 31 0 0 14 56 43 6 48 61 0 0 0 0 49 59 0 0 0 32 39 40 51 10 0 0 -999 
P8583 2072 12 0 0 31 0 12 0 0 0 0 0 0 0 0 0 0 0 0 6 0 31 0 31 0 43 140 91 0 0 26 67 57 
P8583 2073 1 8 0 0 0 0 0 0 0 13 1 8 0 8 0 22 38 0 0 28 22 0 38 14 11 0 0 0 0 11 15 0 
P8583 2073 2 36 102 80 0 0 0 0 0 23 0 0 24 0 35 44 0 0 0 0 5 7 0 0 0 32 96 56 0 -999 -999 -999 
P8583 2073 3 62 17 6 0 16 37 0 0 0 49 25 0 0 0 0 20 17 0 15 0 0 0 0 38 0 35 121 134 115 0 0 
P8583 2073 4 0 0 0 0 0 47 52 29 18 28 42 0 49 49 0 0 0 0 0 22 33 0 0 55 54 0 0 8 5 0 -999 
P8583 2073 5 0 0 0 0 0 0 0 0 0 0 0 0 40 0 0 88 68 16 0 0 0 3 0 0 0 0 17 0 0 0 0 
P8583 2073 6 5 8 0 0 0 0 0 0 0 0 0 0 0 0 0 0 0 0 0 0 0 0 0 0 0 0 0 0 12 0 -999 
P8583 2073 7 0 0 9 0 0 0 0 0 0 0 0 0 5 0 0 0 0 0 5 0 0 3 0 0 0 0 0 0 0 0 0 
P8583 2073 8 0 0 0 0 0 0 0 0 0 0 0 0 0 0 0 0 14 0 0 0 0 0 0 2 0 0 0 0 0 0 0 
P8583 2073 9 0 0 0 0 0 0 0 0 0 14 0 0 0 0 0 40 0 0 0 0 0 0 0 0 21 0 5 0 0 0 -999 
P8583 2073 10 5 10 0 0 0 0 47 0 0 10 18 26 0 0 0 0 0 0 0 0 0 0 0 0 0 0 0 0 0 0 23 
P8583 2073 11 0 52 0 7 0 0 0 9 0 0 0 0 0 0 40 96 35 0 0 0 0 0 0 16 22 25 38 10 0 2 -999 
P8583 2073 12 0 6 11 18 0 0 0 0 10 12 0 32 45 31 0 0 0 10 0 0 0 19 0 0 0 0 0 0 89 120 343 
P8583 2074 1 156 0 57 171 165 155 0 23 0 73 46 34 0 0 0 7 0 0 11 0 10 0 15 0 0 27 43 0 0 12 0 
P8583 2074 2 0 3 0 0 8 11 11 0 0 0 0 25 38 30 0 31 68 0 0 0 5 36 0 0 28 125 143 187 -999 -999 -999 
P8583 2074 3 154 0 17 17 22 51 0 0 0 13 17 46 74 17 19 0 0 0 0 0 0 91 44 83 48 0 0 0 12 0 0 
P8583 2074 4 0 0 0 0 18 4 0 23 26 0 0 0 0 0 33 87 0 54 76 72 28 13 0 0 0 0 0 0 0 0 -999 
P8583 2074 5 0 0 0 7 0 0 0 0 0 0 0 39 41 41 43 21 0 19 0 0 0 14 0 10 0 0 0 0 0 0 0 
P8583 2074 6 0 0 0 0 0 0 0 0 0 0 0 9 0 0 0 0 0 0 0 0 0 0 0 6 0 0 0 0 0 0 -999 
P8583 2074 7 0 0 0 0 0 0 0 0 0 0 0 0 0 0 0 0 0 0 0 0 0 0 0 0 0 0 0 0 0 0 0 
P8583 2074 8 0 0 0 0 0 0 0 0 0 0 0 0 0 0 20 0 0 6 6 6 0 0 0 0 0 0 0 0 0 0 0 
P8583 2074 9 0 0 0 0 0 0 0 0 0 0 10 0 0 0 0 0 0 0 0 0 0 10 0 0 0 0 0 0 0 0 -999 
P8583 2074 10 0 0 0 0 0 0 0 0 0 0 0 0 0 0 0 0 11 0 0 0 12 0 32 0 0 0 2 0 0 0 0 
P8583 2074 11 0 0 0 39 14 5 19 0 0 0 0 0 0 16 43 0 39 14 44 107 49 0 0 47 41 12 17 20 5 0 -999 
P8583 2074 12 0 0 0 0 5 0 0 6 0 0 70 78 68 0 7 0 0 0 8 7 0 4 5 9 0 0 4 0 36 59 0 
P8583 2075 1 4 0 1 0 0 0 0 0 16 0 21 25 37 26 78 28 0 20 20 29 0 0 51 25 16 8 0 9 0 0 4 
P8583 2075 2 0 0 30 0 54 107 74 63 0 44 140 168 117 0 0 0 0 16 28 52 0 0 0 75 53 0 0 0 -999 -999 -999 
P8583 2075 3 0 30 20 10 11 21 0 0 0 0 10 0 2 6 14 15 34 46 46 0 24 77 0 66 61 45 36 16 0 20 0 
P8583 2075 4 0 0 0 33 23 0 65 97 0 0 0 0 0 0 0 6 0 0 32 54 0 19 0 0 17 0 0 0 0 0 -999 
P8583 2075 5 11 0 0 0 0 0 11 0 0 0 0 0 0 0 0 0 0 0 0 0 0 0 0 0 3 4 0 0 0 0 0 
P8583 2075 6 0 0 0 0 15 0 0 0 0 0 11 17 12 0 4 0 0 0 0 0 0 0 0 0 4 0 0 0 0 0 -999 
P8583 2075 7 0 0 0 0 0 0 0 0 0 0 0 0 0 0 0 0 0 0 0 0 0 0 0 0 0 0 0 0 0 0 0 
P8583 2075 8 0 0 0 0 0 0 0 6 0 0 0 0 0 0 0 0 0 8 0 0 0 0 0 0 0 0 0 0 2 0 6 
P8583 2075 9 0 0 0 0 0 0 0 0 10 0 0 0 0 0 0 0 0 0 0 0 0 0 0 0 0 0 7 9 9 0 -999 
P8583 2075 10 19 24 28 40 20 0 0 116 106 0 15 19 0 40 0 0 0 0 0 4 4 3 0 0 0 0 0 53 0 103 51 
P8583 2075 11 0 0 0 0 28 0 60 33 0 0 0 0 0 0 132 59 19 0 29 17 71 88 72 42 20 0 0 0 0 11 -999 
P8583 2075 12 0 0 88 86 35 27 0 70 0 25 31 0 0 42 78 40 36 0 0 0 27 0 0 0 0 0 0 0 0 0 0 
P8583 2076 1 0 0 0 10 0 27 0 0 13 14 12 10 13 10 0 0 0 4 0 0 10 0 2 0 0 0 0 12 0 32 86 
P8583 2076 2 145 68 0 0 1 0 0 0 0 10 4 0 0 0 0 0 4 7 0 0 26 0 0 5 0 0 0 0 -999 -999 -999 
P8583 2076 3 25 0 15 0 0 0 33 0 0 40 39 0 0 0 0 10 8 0 0 22 0 20 32 27 27 26 0 0 0 0 0 
P8583 2076 4 0 0 0 0 22 0 0 0 0 21 0 18 20 19 49 59 36 27 0 20 0 0 0 12 10 0 0 13 8 0 -999 
P8583 2076 5 33 0 0 6 0 0 0 0 0 0 0 0 0 0 0 0 18 0 0 0 0 0 9 0 14 0 0 0 0 0 0 
P8583 2076 6 0 13 0 0 0 0 0 0 0 0 0 0 0 0 0 0 3 0 0 0 23 0 0 0 0 0 0 0 0 0 -999 
P8583 2076 7 0 0 15 0 0 0 6 0 0 0 0 0 0 0 0 0 0 0 0 0 0 0 0 0 0 0 0 0 0 0 0 
P8583 2076 8 0 0 0 0 0 0 0 0 0 0 0 0 0 0 0 0 0 0 0 0 0 0 0 0 0 0 0 0 0 0 0 
P8583 2076 9 0 0 0 0 4 0 0 0 0 0 0 0 0 0 0 0 0 5 0 0 0 14 0 7 0 0 0 0 7 0 -999 
P8583 2076 10 0 10 0 49 0 0 31 0 0 0 0 24 0 0 0 0 0 0 0 0 0 6 13 0 0 0 0 103 0 0 8 
P8583 2076 11 0 14 20 0 0 0 0 0 0 0 0 0 0 0 13 0 18 20 0 0 16 0 0 0 2 8 53 68 0 0 -999 
P8583 2076 12 0 3 0 0 0 0 0 0 55 74 60 80 28 0 0 0 0 0 0 0 0 0 0 0 16 0 22 27 21 0 0 
P8583 2077 1 0 0 0 0 0 0 0 0 0 0 0 0 0 0 64 0 1 0 2 14 21 11 0 7 0 0 0 11 0 0 37 
P8583 2077 2 0 44 50 48 0 45 97 64 46 58 0 0 0 0 20 34 45 94 135 49 0 0 0 29 0 29 0 0 -999 -999 -999 
P8583 2077 3 0 0 0 0 17 20 0 29 0 27 17 22 14 16 0 0 0 0 0 0 0 73 43 28 0 0 0 0 0 0 0 
P8583 2077 4 10 14 0 0 0 0 4 0 4 0 0 0 0 0 0 26 0 0 22 0 0 0 0 0 0 0 77 29 0 0 -999 
P8583 2077 5 0 0 46 16 6 0 0 0 38 0 0 0 0 0 0 0 0 0 9 0 0 0 0 17 0 0 23 0 30 12 0 
P8583 2077 6 0 0 50 42 0 0 26 0 0 0 0 0 17 0 0 6 0 0 0 0 0 0 0 0 0 0 0 0 0 0 -999 
P8583 2077 7 0 0 0 0 0 0 0 0 0 0 0 8 0 0 0 0 0 0 0 0 0 0 0 0 0 0 0 0 0 0 0 
P8583 2077 8 0 0 0 0 0 0 0 0 0 0 0 0 0 0 0 0 0 0 0 0 4 0 0 0 0 0 0 0 0 0 0 
P8583 2077 9 0 0 0 0 0 0 0 0 0 0 0 0 10 0 8 4 4 0 0 0 0 0 0 13 0 0 0 0 0 0 -999 
P8583 2077 10 0 0 0 0 0 0 12 13 0 0 0 0 0 0 10 0 15 0 35 14 23 37 44 23 0 0 0 0 0 24 41 
P8583 2077 11 55 0 0 19 0 0 0 35 129 119 79 20 0 42 0 0 0 19 0 54 0 0 0 0 0 0 0 0 0 56 -999 
P8583 2077 12 0 113 87 60 0 115 126 142 23 80 117 0 0 0 0 0 3 9 12 0 9 0 0 0 0 0 0 15 1 0 0 
P8583 2078 1 185 216 181 132 94 119 24 57 149 70 0 22 101 44 107 90 69 29 0 0 0 14 0 0 0 6 0 0 7 0 3 
P8583 2078 2 8 14 10 6 6 0 0 0 0 0 0 0 0 0 0 9 7 0 9 0 0 24 25 0 117 182 78 57 -999 -999 -999 
P8583 2078 3 0 10 34 0 0 23 0 80 48 0 22 0 0 0 0 52 0 110 75 80 0 0 36 0 0 0 0 0 0 0 22 
P8583 2078 4 80 53 0 12 0 0 0 0 0 0 23 0 0 63 0 29 0 16 0 0 0 0 0 0 0 46 0 0 0 0 -999 
P8583 2078 5 56 90 0 0 0 0 0 0 31 27 0 0 0 0 14 0 0 49 36 0 0 0 0 0 0 9 10 0 0 0 0 
P8583 2078 6 0 23 24 0 0 21 0 18 0 0 0 0 0 7 19 0 0 0 0 0 0 0 0 0 0 0 0 0 0 0 -999 
P8583 2078 7 0 0 0 0 0 0 0 0 0 0 0 0 0 0 0 0 0 0 0 0 13 0 0 0 0 0 0 0 0 0 0 
P8583 2078 8 0 0 0 0 0 0 0 0 0 0 0 0 0 7 10 0 0 11 0 7 0 0 0 0 0 0 0 0 0 0 0 
P8583 2078 9 0 0 0 0 0 7 0 0 0 0 0 0 0 0 0 0 0 0 0 0 0 0 0 0 0 0 2 0 0 0 -999 
P8583 2078 10 3 0 0 0 0 0 14 0 0 55 0 0 17 45 61 0 73 72 20 44 103 12 0 0 27 0 0 0 0 22 19 
P8583 2078 11 0 54 13 0 30 0 0 0 0 0 0 1 0 0 0 0 43 82 0 0 0 0 0 0 0 0 0 0 0 0 -999 
P8583 2078 12 15 0 0 0 13 0 0 7 12 30 67 0 23 38 33 0 47 0 0 0 0 34 13 35 0 104 0 0 33 179 142 
P8583 2079 1 0 17 69 0 35 0 0 0 6 2 0 0 0 0 4 0 0 0 16 0 38 40 5 0 0 0 0 10 9 0 7 
P8583 2079 2 0 10 0 0 0 0 12 0 0 0 0 0 0 0 0 0 6 0 0 0 10 0 0 46 0 0 0 0 -999 -999 -999 
P8583 2079 3 0 0 0 0 31 0 0 0 1 0 2 0 0 0 0 0 0 0 0 0 4 0 0 0 13 0 0 4 0 0 0 
P8583 2079 4 0 17 21 0 55 24 0 0 0 11 7 0 0 0 35 0 26 0 0 26 0 0 0 50 0 0 0 0 0 0 -999 
P8583 2079 5 0 15 11 0 0 0 0 0 0 0 16 0 0 0 0 0 0 0 0 10 0 0 12 0 0 0 0 4 0 0 0 
P8583 2079 6 0 0 0 6 0 0 0 0 0 0 0 0 0 9 0 0 0 0 0 0 0 0 0 0 0 0 0 0 0 0 -999 
P8583 2079 7 0 0 0 0 0 0 0 0 0 0 0 0 0 0 0 0 0 0 0 0 0 0 0 0 0 0 0 0 0 0 0 
P8583 2079 8 0 0 0 0 0 0 0 0 0 0 0 0 0 0 0 0 0 0 0 10 0 0 0 0 0 0 0 0 0 0 0 
P8583 2079 9 0 0 0 0 0 0 0 0 0 0 0 18 0 0 0 0 0 2 0 0 5 6 6 0 0 0 0 0 0 0 -999 
P8583 2079 10 0 0 5 0 0 0 0 0 0 0 0 0 0 0 0 0 0 0 0 62 33 0 48 23 16 0 36 13 12 0 18 
P8583 2079 11 0 22 46 57 111 93 105 45 0 0 0 0 0 76 46 34 0 117 73 23 20 24 49 0 41 0 0 0 0 7 -999 
P8583 2079 12 11 45 0 0 0 18 0 0 0 0 0 1 4 0 0 0 0 0 0 0 2 0 0 0 9 0 9 25 40 33 16 
P8583 2080 1 0 0 0 0 21 12 0 9 6 0 8 0 22 0 0 0 8 0 0 0 1 0 0 0 18 29 35 18 0 0 0 
P8583 2080 2 0 5 0 0 0 0 0 0 90 165 193 119 95 32 16 18 37 63 67 96 53 0 0 0 0 0 13 35 -999 -999 -999 
P8583 2080 3 78 75 0 0 52 40 61 59 112 131 110 0 0 0 0 0 7 0 5 0 0 0 2 0 11 0 0 0 15 0 0 
P8583 2080 4 0 0 0 0 8 0 0 0 0 0 0 0 0 0 0 0 0 12 11 0 16 34 39 21 0 0 11 0 0 0 -999 
P8583 2080 5 0 0 0 0 0 0 11 0 0 3 0 43 0 45 0 39 0 0 31 0 0 0 0 0 29 16 0 0 0 0 0 
P8583 2080 6 20 0 0 0 0 0 0 0 0 0 0 6 12 4 0 0 0 0 0 0 17 0 0 0 0 15 0 0 0 11 -999 
P8583 2080 7 0 0 0 0 0 0 0 0 0 0 0 0 0 0 0 0 0 0 0 0 0 0 0 0 0 0 0 0 0 0 0 
P8583 2080 8 0 0 0 0 0 0 0 0 0 0 0 0 0 0 0 0 0 0 0 0 0 0 0 3 6 0 0 0 0 0 5 
P8583 2080 9 0 0 0 0 0 0 0 0 0 0 0 0 0 0 0 0 0 0 0 0 0 0 0 0 0 0 0 0 0 0 -999 
P8583 2080 10 0 0 60 89 99 81 45 115 70 72 36 95 85 51 0 0 0 0 0 0 0 0 0 0 0 0 0 0 4 4 27 
P8583 2080 11 43 44 43 30 67 29 0 5 0 18 0 0 0 0 29 0 0 0 14 0 7 4 0 0 10 0 0 4 16 21 -999 
P8583 2080 12 0 43 113 122 138 138 171 151 89 25 6 0 0 0 0 0 0 0 5 0 0 18 0 21 37 108 35 0 28 0 85 
P8583 2081 1 114 100 168 136 88 10 4 9 27 0 0 24 0 46 71 27 36 17 0 167 153 67 56 45 24 86 43 39 61 26 67 
P8583 2081 2 15 0 0 0 68 101 59 0 41 12 0 2 0 13 0 0 18 12 0 0 0 12 55 0 0 0 14 0 -999 -999 -999 
P8583 2081 3 0 23 0 120 0 0 0 17 69 0 0 0 0 0 0 18 86 156 128 127 115 181 122 85 0 24 70 42 73 57 115 
P8583 2081 4 118 0 42 19 0 0 17 15 0 49 77 0 10 0 57 40 10 23 0 0 0 22 34 41 74 35 0 82 0 104 -999 
P8583 2081 5 97 77 39 38 0 0 14 45 69 74 22 25 35 40 42 22 0 0 0 0 0 0 0 0 0 8 0 0 8 20 0 
P8583 2081 6 0 0 0 0 0 0 0 8 0 0 0 0 0 0 0 0 20 0 0 0 0 0 0 0 0 0 0 0 0 0 -999 
P8583 2081 7 0 0 0 0 0 0 0 0 0 0 0 0 9 0 4 0 0 0 0 0 0 0 0 0 0 0 0 0 0 0 0 
P8583 2081 8 0 0 3 0 0 0 0 0 0 0 0 2 0 3 0 0 0 0 0 10 0 0 0 0 0 0 0 0 0 35 0 
P8583 2081 9 0 0 0 0 0 0 0 0 0 0 0 0 0 0 0 0 0 0 0 0 0 0 0 0 0 4 0 0 0 0 -999 
P8583 2081 10 0 0 15 0 0 0 0 0 0 28 0 0 0 0 8 3 0 0 0 0 0 0 0 0 0 0 0 0 0 0 0 
P8583 2081 11 36 33 97 125 0 0 4 0 0 0 0 2 0 0 0 72 112 171 125 0 0 0 0 0 23 0 0 0 66 57 -999 
P8583 2081 12 33 28 44 0 0 102 100 122 83 0 34 0 0 0 0 52 32 0 0 0 0 0 34 21 0 0 77 17 0 0 11 
P8583 2082 1 61 0 0 24 0 0 0 0 25 31 59 0 51 0 0 16 59 86 43 0 129 248 95 76 105 0 79 24 10 3 4 
P8583 2082 2 0 0 0 0 1 0 0 0 0 1 0 0 0 21 0 0 0 0 0 0 12 11 11 0 50 46 43 48 -999 -999 -999 
P8583 2082 3 48 60 0 0 0 26 0 15 0 10 0 0 0 0 0 12 0 0 0 83 27 0 0 0 0 34 16 0 87 53 0 
P8583 2082 4 24 14 0 0 0 0 0 0 0 0 0 0 0 0 0 19 0 0 0 3 0 8 0 0 0 0 0 0 0 0 -999 
P8583 2082 5 0 18 0 0 0 0 0 0 0 0 11 0 27 0 0 0 0 0 0 0 0 0 0 0 0 0 0 0 0 0 0 
P8583 2082 6 0 0 0 0 0 0 0 0 0 0 0 0 0 0 0 0 12 0 0 13 0 0 0 0 0 0 0 0 0 0 -999 
P8583 2082 7 0 0 9 0 0 0 0 0 0 0 4 0 0 0 0 0 0 0 0 0 0 0 0 0 0 0 0 0 0 0 0 
P8583 2082 8 0 0 0 0 0 0 0 0 0 0 0 0 0 0 0 0 0 0 0 0 0 0 0 11 0 0 0 0 0 0 0 
P8583 2082 9 0 0 0 0 0 8 0 0 0 9 14 0 0 0 0 0 5 0 7 0 2 0 0 0 15 0 9 0 22 0 -999 
P8583 2082 10 0 0 0 0 0 0 0 0 4 0 0 0 0 5 0 20 0 0 0 18 27 60 0 13 0 0 0 9 20 0 28 
P8583 2082 11 109 113 88 33 0 0 0 0 0 0 0 0 0 0 0 56 0 144 0 0 0 2 0 1 0 0 0 0 0 0 -999 
P8583 2082 12 0 41 0 0 14 0 0 0 0 0 0 0 20 8 0 0 0 0 0 14 10 20 16 15 13 0 0 0 0 0 0 
P8583 2083 1 0 41 61 68 27 0 0 0 0 0 0 0 11 30 0 39 30 0 0 0 0 75 34 0 0 0 0 0 20 0 0 
P8583 2083 2 0 0 0 0 0 0 63 52 47 101 126 56 0 0 0 0 75 244 138 140 120 71 0 0 0 231 117 81 -999 -999 -999 
P8583 2083 3 104 0 56 29 5 12 19 40 29 0 16 0 0 19 29 25 10 4 0 0 31 64 112 147 110 60 192 74 0 3 15 
P8583 2083 4 25 23 18 17 23 40 75 43 0 0 0 0 10 33 0 35 19 0 0 0 7 0 0 0 0 0 0 0 0 0 -999 
P8583 2083 5 0 0 0 0 0 0 0 29 0 41 0 0 0 0 31 40 58 31 0 44 8 0 0 0 44 81 121 0 0 0 0 
P8583 2083 6 35 0 17 0 23 8 0 0 0 32 30 14 18 24 0 0 0 0 0 0 0 0 0 0 0 0 0 0 0 0 -999 
P8583 2083 7 0 0 0 0 8 0 0 0 0 0 0 0 0 0 0 8 0 0 0 0 0 0 0 0 0 4 0 11 0 2 0 
P8583 2083 8 0 0 0 0 0 0 0 0 0 0 0 0 0 16 0 0 0 0 0 0 0 0 0 0 0 0 0 0 8 0 0 
P8583 2083 9 0 0 0 16 0 2 4 0 0 0 0 0 0 0 0 0 0 0 0 0 0 0 0 0 0 0 0 0 0 0 -999 
P8583 2083 10 0 16 0 0 52 0 0 0 5 14 15 0 0 0 0 10 7 0 9 0 0 0 28 0 20 0 0 0 14 0 8 
P8583 2083 11 12 10 48 106 72 0 31 33 0 0 0 89 138 0 25 0 72 56 0 0 0 0 0 0 21 0 9 9 14 18 -999 
P8583 2083 12 17 0 0 13 36 0 99 0 237 36 26 36 0 123 174 0 36 37 58 91 47 9 0 0 25 5 0 4 13 0 12 
P8583 2084 1 0 0 0 14 0 0 0 9 18 0 0 8 0 3 0 18 41 57 18 0 38 56 38 0 64 0 79 73 0 67 45 
P8583 2084 2 16 11 10 0 0 0 0 0 40 0 0 0 0 0 12 0 0 0 0 0 0 0 0 17 27 62 73 40 -999 -999 -999 
P8583 2084 3 44 63 0 0 86 15 0 0 0 0 18 0 0 0 36 0 155 114 0 23 0 0 18 11 0 0 0 0 0 0 10 
P8583 2084 4 0 0 29 33 0 0 0 0 0 25 25 0 19 22 0 0 8 0 0 0 0 0 0 0 0 8 0 0 0 0 -999 
P8583 2084 5 0 0 11 0 0 0 44 0 0 0 0 0 0 0 0 9 0 0 0 0 2 0 0 0 0 31 0 0 0 0 0 
P8583 2084 6 0 0 0 0 0 0 21 0 0 0 0 31 0 0 0 0 0 0 0 0 0 0 0 0 0 0 0 0 0 0 -999 
P8583 2084 7 0 7 0 0 0 0 0 0 0 0 0 0 0 0 2 0 0 0 0 0 0 4 0 0 0 0 0 0 0 0 3 
P8583 2084 8 0 0 0 0 0 0 0 0 0 0 0 0 0 11 0 0 0 0 0 0 0 0 0 0 0 0 0 0 0 0 0 
P8583 2084 9 0 0 0 0 0 0 0 0 0 0 0 6 14 0 0 52 0 0 0 0 0 0 0 0 0 4 0 0 0 0 -999 
P8583 2084 10 0 0 0 37 22 0 0 0 0 0 0 0 0 0 42 7 10 12 0 0 15 14 5 0 0 0 0 0 169 160 85 
P8583 2084 11 44 35 106 7 36 0 0 89 93 0 0 0 0 0 18 0 25 23 0 15 14 2 0 1 1 0 0 68 36 23 -999 
P8583 2084 12 0 0 0 0 53 19 0 110 0 114 151 146 189 117 53 19 53 0 0 0 0 0 0 1 0 0 12 34 43 15 8 
P8583 2085 1 0 0 0 5 0 0 0 0 0 0 0 0 0 0 0 53 27 11 0 0 19 0 107 110 0 0 0 0 0 0 0 
P8583 2085 2 0 0 0 0 0 24 0 0 21 0 0 72 39 0 0 0 0 0 8 4 3 0 23 0 17 0 0 3 -999 -999 -999 
P8583 2085 3 0 0 0 0 0 0 0 0 53 65 0 109 109 60 0 0 0 0 0 0 16 0 0 0 0 0 0 0 26 0 0 
P8583 2085 4 0 0 0 0 0 0 0 39 32 26 0 0 69 0 94 69 35 29 0 0 0 0 0 0 11 9 0 0 0 34 -999 
P8583 2085 5 50 0 22 0 0 0 0 0 76 0 0 18 0 0 0 0 0 0 0 0 0 0 0 0 15 0 0 0 0 0 0 
P8583 2085 6 0 0 0 0 0 0 0 0 0 0 0 0 9 0 0 6 0 0 0 0 0 0 7 5 0 0 0 0 5 0 -999 
P8583 2085 7 0 0 0 0 0 0 0 0 0 0 0 0 0 0 0 0 0 0 0 0 13 0 0 0 0 0 0 0 0 0 0 
P8583 2085 8 0 0 0 0 0 0 0 0 0 0 0 0 3 0 0 0 0 0 0 0 0 0 0 0 0 0 0 0 0 0 0 
P8583 2085 9 0 0 0 15 19 0 18 0 0 22 23 0 0 0 0 0 0 0 0 0 0 23 0 0 0 0 0 0 0 0 -999 
P8583 2085 10 0 39 31 0 0 0 0 0 0 23 0 17 0 0 0 0 25 0 0 19 0 0 0 0 0 0 70 54 0 119 0 
P8583 2085 11 0 0 31 20 19 0 12 0 4 0 0 0 0 0 0 0 0 35 25 98 49 45 0 0 0 0 0 51 85 0 -999 
P8583 2085 12 140 91 18 0 77 113 0 0 0 4 0 17 40 61 20 19 0 0 18 0 0 0 24 0 2 0 0 0 8 0 18 
P8583 2086 1 0 0 0 26 19 22 0 24 0 0 0 20 30 63 0 0 0 103 55 38 0 0 19 0 67 0 0 0 12 0 26 
P8583 2086 2 34 0 0 0 0 46 0 48 0 0 19 45 0 0 10 21 25 0 0 0 0 0 0 14 8 0 0 6 -999 -999 -999 
P8583 2086 3 0 3 0 0 0 0 0 0 8 0 0 0 62 14 0 0 0 0 0 0 0 0 0 0 0 0 0 0 17 0 29 
P8583 2086 4 0 0 0 0 0 36 32 0 0 0 0 0 0 0 39 0 0 0 0 5 0 2 0 13 0 0 0 40 0 0 -999 
P8583 2086 5 0 0 29 0 44 0 35 12 0 0 0 0 4 0 0 0 6 5 5 6 0 0 0 11 0 0 11 0 0 0 0 
P8583 2086 6 0 0 0 11 0 0 0 0 0 0 0 0 0 0 0 14 0 0 0 0 11 0 0 0 0 0 0 0 0 0 -999 
P8583 2086 7 0 0 0 0 0 8 0 0 0 0 0 0 0 0 0 0 0 0 0 0 0 0 0 0 0 0 0 0 0 0 0 
P8583 2086 8 0 0 0 0 0 0 0 0 0 0 0 0 0 0 0 0 0 6 0 0 0 11 0 0 0 0 0 6 0 0 0 
P8583 2086 9 0 0 0 0 0 0 0 0 0 0 0 0 0 0 0 0 12 0 0 0 0 0 0 0 0 6 0 0 0 0 -999 
P8583 2086 10 0 4 17 0 0 0 0 11 24 0 25 35 17 0 0 0 0 0 0 14 5 12 0 23 45 0 0 30 0 97 48 
P8583 2086 11 0 38 52 17 61 0 9 0 0 0 0 0 12 0 0 0 0 0 0 35 48 0 0 0 0 12 6 0 53 19 -999 
P8583 2086 12 0 0 0 0 0 0 0 0 0 0 0 0 0 0 0 0 0 0 70 0 33 110 170 63 0 0 0 5 0 0 0 
P8583 2087 1 0 9 0 17 0 23 41 87 0 0 27 0 5 3 0 3 6 0 6 12 23 0 39 0 0 0 0 0 0 18 48 
P8583 2087 2 52 0 0 0 0 0 0 7 0 0 20 16 0 0 0 7 0 0 0 0 0 2 0 0 14 31 0 0 -999 -999 -999 
P8583 2087 3 0 105 89 30 17 0 19 0 51 78 78 84 0 0 0 0 20 0 0 27 0 0 0 0 0 0 0 15 19 0 0 
P8583 2087 4 0 14 0 0 0 0 0 0 13 16 0 0 0 0 0 61 0 0 0 14 52 88 68 57 90 46 0 10 5 11 -999 
P8583 2087 5 0 0 0 0 20 22 0 19 0 19 37 0 0 0 0 15 0 0 0 17 13 0 0 0 0 0 0 0 12 0 0 
P8583 2087 6 0 0 0 0 0 0 0 0 0 0 0 0 0 0 0 0 0 0 0 0 0 0 0 0 0 0 0 6 0 0 -999 
P8583 2087 7 0 0 0 0 0 0 0 0 0 0 0 0 0 0 0 0 0 0 0 0 0 0 0 0 0 0 0 0 0 0 0 
P8583 2087 8 0 0 0 0 0 0 0 0 0 0 0 0 0 0 0 0 0 0 0 0 0 0 0 0 0 0 0 0 0 0 0 
P8583 2087 9 0 7 0 0 0 0 0 0 0 0 5 0 0 0 0 0 0 0 0 14 0 0 0 0 0 0 0 0 0 0 -999 
P8583 2087 10 0 0 0 0 40 22 0 0 0 12 0 0 0 0 0 2 7 27 0 0 0 0 0 0 0 0 5 0 8 0 0 
P8583 2087 11 4 0 2 0 19 5 0 2 2 0 0 0 0 4 0 0 0 0 0 0 0 0 0 10 0 0 0 0 1 16 -999 
P8583 2087 12 0 0 0 0 1 4 12 51 19 0 7 0 19 0 13 7 0 14 13 4 0 30 155 87 38 132 60 0 78 109 0 
P8583 2088 1 0 32 89 16 13 43 10 0 0 0 0 0 0 0 0 0 0 2 0 13 0 5 8 0 0 0 33 25 13 0 0 
P8583 2088 2 0 9 0 0 0 0 0 70 166 50 0 0 0 0 23 0 0 0 17 10 22 0 0 18 26 0 0 21 -999 -999 -999 
P8583 2088 3 37 56 0 63 0 0 14 0 11 6 0 0 0 0 0 0 21 29 11 0 0 0 13 0 14 9 44 0 0 2 0 
P8583 2088 4 0 0 0 0 0 0 66 83 0 0 0 33 0 0 0 14 0 0 0 0 0 23 30 0 0 0 0 0 0 0 -999 
P8583 2088 5 0 0 0 43 47 29 0 26 0 0 15 0 0 20 30 29 0 0 39 0 0 0 0 0 0 0 2 0 0 0 7 
P8583 2088 6 0 8 0 0 0 0 6 0 0 0 0 0 0 0 0 0 0 0 0 0 11 29 9 0 0 0 0 0 0 0 -999 
P8583 2088 7 0 8 0 0 0 0 0 0 0 0 0 0 0 0 0 0 0 0 0 0 0 0 11 0 0 0 0 0 0 0 0 
P8583 2088 8 0 0 0 0 0 0 0 0 6 0 0 0 0 0 0 0 0 0 12 0 0 0 0 0 0 0 0 0 0 0 0 
P8583 2088 9 0 0 6 0 0 0 0 0 0 0 0 0 0 0 0 0 0 0 0 0 0 0 0 0 0 0 0 0 0 0 -999 
P8583 2088 10 4 0 0 13 7 0 5 15 0 9 0 0 0 15 13 0 0 0 0 0 0 37 63 70 93 132 152 59 0 12 0 
P8583 2088 11 0 0 15 0 3 0 0 0 0 26 0 35 0 0 43 0 0 149 0 8 0 0 7 0 0 0 0 0 118 41 -999 
P8583 2088 12 0 50 0 50 97 54 99 98 33 0 0 0 0 0 0 20 0 0 0 0 0 7 0 0 28 42 23 15 0 0 0 
P8583 2089 1 0 0 0 0 0 20 0 61 111 132 138 159 90 0 0 0 0 0 0 0 4 0 0 0 0 0 0 0 7 11 0 
P8583 2089 2 0 32 0 41 82 65 0 0 194 73 65 122 179 0 24 0 0 0 0 0 0 0 0 10 0 0 0 27 -999 -999 -999 
P8583 2089 3 30 0 0 0 0 20 15 18 0 4 0 0 0 45 73 80 56 0 0 16 17 0 0 44 0 0 36 36 26 56 159 
P8583 2089 4 156 170 52 0 0 0 0 9 0 0 0 0 6 0 17 14 10 14 20 0 0 34 0 42 0 64 60 36 15 0 -999 
P8583 2089 5 22 0 10 0 0 21 0 14 8 0 0 0 5 0 0 0 0 0 11 23 18 0 0 0 0 0 0 0 0 0 0 
P8583 2089 6 0 0 0 0 0 0 0 0 0 0 0 0 0 0 0 0 0 0 0 0 0 0 0 0 0 0 0 0 4 0 -999 
P8583 2089 7 0 0 4 0 0 0 0 0 0 0 0 0 0 0 0 0 0 0 0 0 0 0 0 0 0 0 0 0 20 0 3 
P8583 2089 8 0 4 0 0 0 0 0 0 0 0 0 5 0 8 0 0 0 0 0 0 0 0 0 0 0 0 8 0 0 2 0 
P8583 2089 9 0 0 0 0 0 0 8 0 0 0 0 0 0 0 0 0 0 0 0 0 0 0 0 0 0 0 0 2 0 0 -999 
P8583 2089 10 0 3 3 0 0 7 0 0 0 0 0 0 0 11 0 0 3 0 0 0 0 0 0 0 0 0 0 0 10 0 0 
P8583 2089 11 28 30 23 0 0 0 0 0 0 0 0 0 3 0 0 15 32 0 0 0 0 0 0 0 139 0 0 17 49 0 -999 
P8583 2089 12 221 0 0 47 48 48 0 0 78 74 31 0 0 0 3 0 0 6 0 20 0 0 0 3 0 0 0 0 21 7 0 
P8583 2090 1 0 0 15 0 0 0 19 0 49 0 0 58 106 98 88 32 16 18 0 0 6 0 0 0 0 0 17 0 8 0 7 
P8583 2090 2 0 0 0 23 0 51 35 0 21 0 58 78 62 41 44 0 40 0 14 10 10 15 0 0 65 70 114 83 -999 -999 -999 
P8583 2090 3 175 0 0 0 7 0 6 0 0 0 0 48 90 85 54 19 12 29 71 64 21 45 18 10 0 0 0 0 0 0 33 
P8583 2090 4 32 20 0 0 0 0 36 37 0 0 0 0 0 33 72 0 26 0 0 1 0 0 0 15 0 0 15 0 0 0 -999 
P8583 2090 5 30 38 33 0 0 0 0 0 4 0 0 0 0 0 0 0 0 15 0 0 0 0 0 0 0 0 0 32 63 70 43 
P8583 2090 6 0 28 0 0 0 0 7 0 0 0 0 0 0 0 0 0 0 0 0 0 0 0 0 0 0 0 0 0 0 0 -999 
P8583 2090 7 0 0 0 0 0 0 0 4 0 0 0 0 0 0 37 0 0 0 0 0 0 0 0 0 0 0 0 0 0 0 0 
P8583 2090 8 0 0 0 0 0 0 0 0 0 0 0 0 0 0 0 0 0 0 0 0 0 0 0 0 0 0 0 0 0 0 0 
P8583 2090 9 0 0 0 0 0 0 0 0 0 0 8 0 14 0 0 0 0 0 0 0 0 0 0 0 0 0 0 0 0 0 -999 
P8583 2090 10 0 14 18 50 54 59 0 20 0 37 44 0 38 0 50 37 0 0 25 14 0 12 0 36 0 0 0 35 93 40 0 
P8583 2090 11 0 0 24 0 16 24 30 0 0 41 57 38 0 61 0 0 0 33 0 0 0 0 21 33 45 0 0 0 0 0 -999 
P8583 2090 12 38 97 144 61 69 0 0 15 0 15 0 0 21 37 49 0 0 0 0 0 0 2 0 33 40 25 0 0 4 1 0 
P8583 2091 1 0 6 9 0 0 0 0 39 0 11 0 26 90 21 0 20 17 33 55 0 9 0 0 0 0 0 10 0 15 0 16 
P8583 2091 2 0 19 0 3 0 12 0 0 8 11 0 0 0 8 4 0 0 0 0 148 99 79 50 0 0 31 0 38 -999 -999 -999 
P8583 2091 3 36 0 0 0 86 0 58 13 0 0 0 0 0 11 0 0 11 0 0 19 6 19 0 2 10 0 0 0 0 0 0 
P8583 2091 4 0 0 0 0 0 0 0 0 0 0 0 0 23 16 17 0 38 36 0 0 0 0 0 0 0 0 0 0 0 0 -999 
P8583 2091 5 17 0 24 25 0 9 1 0 0 0 10 0 0 0 0 0 0 0 3 0 0 0 0 0 0 0 0 0 0 0 0 
P8583 2091 6 0 0 0 0 12 0 0 0 0 8 0 0 0 23 0 0 0 26 0 0 0 0 0 0 0 0 0 0 0 0 -999 
P8583 2091 7 0 0 0 0 10 13 0 35 0 0 0 0 0 0 0 0 0 0 0 0 0 0 0 0 0 0 0 0 0 0 0 
P8583 2091 8 0 0 0 0 0 0 0 0 0 0 0 0 0 0 9 0 0 16 0 0 0 0 0 0 0 0 0 0 0 0 0 
P8583 2091 9 0 3 0 0 0 0 0 0 0 0 4 0 0 0 0 0 0 0 0 0 0 0 0 0 6 0 0 0 0 0 -999 
P8583 2091 10 0 0 0 0 0 0 15 0 0 0 0 44 0 0 0 0 44 0 0 0 0 0 0 0 23 50 65 101 124 103 88 
P8583 2091 11 0 0 15 0 0 0 0 0 0 0 0 0 17 0 38 32 31 0 0 18 10 24 74 0 14 0 92 35 21 24 -999 
P8583 2091 12 107 73 11 0 0 0 28 37 0 0 0 0 0 0 0 28 0 12 0 0 3 0 30 0 44 12 11 0 0 0 0 
P8583 2092 1 0 0 0 0 0 15 0 16 0 5 0 0 0 25 0 45 100 94 126 182 103 0 0 98 49 36 119 78 107 118 62 
P8583 2092 2 75 111 70 0 44 170 88 36 91 129 75 47 32 75 0 0 0 80 31 62 37 18 86 29 20 19 0 0 -999 -999 -999 
P8583 2092 3 0 40 1 0 0 0 0 89 29 16 0 0 28 0 65 0 0 0 39 130 89 100 133 251 0 0 30 68 0 0 0 
P8583 2092 4 0 54 73 46 46 7 0 5 7 11 0 0 0 0 8 0 0 0 0 0 0 0 0 0 28 0 34 46 0 42 -999 
P8583 2092 5 0 7 0 0 0 0 0 0 0 0 0 0 0 0 0 0 0 29 0 0 0 0 0 2 0 0 0 4 0 0 0 
P8583 2092 6 0 0 13 22 0 0 3 0 0 0 4 0 0 0 0 0 0 0 0 0 0 0 0 0 0 3 0 0 0 0 -999 
P8583 2092 7 0 0 0 0 0 0 0 0 0 0 0 0 0 0 0 0 0 0 0 0 0 0 0 0 0 0 0 12 0 0 0 
P8583 2092 8 0 0 0 0 11 0 0 0 7 0 0 0 0 0 0 0 13 0 0 0 0 2 0 0 0 0 0 0 0 0 0 
P8583 2092 9 0 0 9 0 0 0 0 0 0 0 0 0 0 0 0 0 0 9 0 0 0 0 0 0 5 0 0 0 0 0 -999 
P8583 2092 10 16 0 0 0 21 10 0 0 31 0 66 0 0 0 12 0 0 0 0 0 0 0 0 13 0 0 0 0 0 0 0 
P8583 2092 11 0 0 35 0 0 0 0 0 0 0 10 62 200 164 110 48 16 15 17 0 36 22 0 111 0 0 8 0 0 0 -999 
P8583 2092 12 0 32 40 0 14 0 0 24 82 95 0 0 0 0 0 14 0 32 0 105 216 132 116 76 0 106 33 89 152 85 31 
P8583 2093 1 56 110 106 53 26 31 40 0 0 0 75 102 39 0 114 73 26 50 34 0 22 11 0 0 0 25 0 38 154 124 134 
P8583 2093 2 126 68 0 0 0 0 0 0 0 0 28 0 13 29 46 39 0 0 56 99 70 0 0 11 0 30 47 0 -999 -999 -999 
P8583 2093 3 0 0 0 2 0 0 0 22 46 59 87 0 0 0 0 0 0 0 0 8 15 22 23 11 0 51 50 0 0 24 68 
P8583 2093 4 0 0 0 31 41 51 9 10 28 41 0 0 0 0 0 0 0 34 0 0 54 27 0 22 0 0 44 0 34 0 -999 
P8583 2093 5 0 0 0 47 0 0 2 0 17 23 0 7 0 0 0 0 0 0 0 0 0 0 0 0 20 0 14 0 0 0 0 
P8583 2093 6 0 0 0 0 0 0 0 0 0 0 0 0 0 0 0 0 9 0 0 0 0 0 0 0 0 0 0 0 0 0 -999 
P8583 2093 7 0 0 0 0 0 0 0 0 0 0 0 0 0 0 0 0 0 0 0 0 0 0 0 0 0 0 0 0 0 0 0 
P8583 2093 8 0 0 0 0 0 0 0 0 0 0 0 0 0 0 0 0 0 0 0 0 0 0 0 0 0 0 0 0 0 0 0 
P8583 2093 9 0 0 0 0 0 0 0 11 0 0 0 0 0 0 0 0 0 0 10 0 0 0 0 0 0 0 0 0 20 0 -999 
P8583 2093 10 9 0 0 0 0 0 18 34 0 0 0 27 69 0 50 108 106 57 0 0 0 0 0 8 18 0 0 0 0 8 0 
P8583 2093 11 61 41 0 0 4 0 0 0 0 0 0 0 0 7 0 0 0 10 0 13 0 0 0 0 0 0 6 0 0 0 -999 
P8583 2093 12 0 14 0 0 0 0 0 0 0 0 0 0 17 6 0 6 8 0 0 0 0 0 0 0 0 0 0 0 0 5 0 
P8583 2094 1 5 10 0 0 0 0 0 18 20 23 0 0 3 0 0 33 61 154 135 0 79 144 0 169 134 0 73 141 0 149 0 
P8583 2094 2 0 28 64 116 25 13 6 13 17 0 0 0 0 0 0 0 0 6 0 0 0 0 0 0 0 0 0 0 -999 -999 -999 
P8583 2094 3 0 0 3 0 0 0 0 0 0 0 0 0 3 0 0 6 17 0 13 31 35 0 0 30 0 0 24 0 77 89 63 
P8583 2094 4 157 151 94 0 21 42 96 98 0 0 0 0 0 5 13 0 0 0 0 0 0 0 0 0 0 30 34 0 0 25 -999 
P8583 2094 5 19 0 0 0 0 0 0 0 0 0 0 9 0 0 0 0 0 9 0 4 0 4 0 0 0 0 0 0 0 0 3 
P8583 2094 6 0 0 0 0 0 0 0 0 0 0 0 17 0 0 0 0 0 0 0 0 0 0 0 0 0 0 0 0 0 0 -999 
P8583 2094 7 0 0 0 0 0 0 0 0 0 0 0 0 0 0 0 0 0 0 0 0 0 0 0 0 0 0 0 0 0 0 0 
P8583 2094 8 0 0 0 0 0 0 0 0 0 0 0 0 7 0 0 0 0 0 0 0 0 0 0 0 0 0 0 0 0 0 0 
P8583 2094 9 0 0 0 8 3 0 0 0 0 0 0 0 0 0 0 0 0 0 0 6 0 0 0 0 0 10 21 11 7 0 -999 
P8583 2094 10 0 0 0 0 0 0 0 0 0 0 13 0 0 23 0 19 0 16 39 33 0 0 52 0 14 0 0 0 0 0 0 
P8583 2094 11 16 0 2 0 0 3 5 14 0 40 38 0 64 133 52 18 40 60 43 69 47 0 54 69 45 0 28 0 0 0 -999 
P8583 2094 12 0 0 0 7 0 2 0 3 0 0 0 0 0 0 14 8 11 29 52 28 0 0 8 0 3 0 0 0 0 30 35 
P8583 2095 1 97 53 126 149 102 39 31 126 89 41 79 34 38 15 51 0 0 0 0 0 0 0 0 46 119 135 93 91 34 19 24 
P8583 2095 2 0 17 0 0 18 0 23 0 13 8 22 0 0 0 3 0 27 0 0 20 0 0 7 4 0 0 0 0 -999 -999 -999 
P8583 2095 3 0 5 0 0 0 0 0 0 0 0 0 0 0 0 0 2 0 0 0 0 0 0 0 0 0 0 24 41 66 41 0 
P8583 2095 4 0 57 75 38 0 0 5 0 8 0 0 0 0 19 28 32 0 0 0 28 0 64 50 47 0 0 0 0 0 0 -999 
P8583 2095 5 0 0 0 0 8 0 0 0 13 20 0 0 6 7 0 0 0 0 0 0 0 0 0 0 0 0 0 0 0 15 13 
P8583 2095 6 0 0 0 0 0 0 0 0 31 0 0 0 0 0 0 0 0 0 0 30 0 0 0 0 0 0 0 0 0 0 -999 
P8583 2095 7 31 23 0 0 0 0 0 0 0 0 11 0 0 0 0 0 0 0 6 0 0 0 0 0 0 0 0 0 0 0 0 
P8583 2095 8 0 0 0 0 0 0 0 0 0 0 0 0 0 0 0 3 0 0 0 0 0 0 0 0 0 0 0 0 0 5 0 
P8583 2095 9 0 0 0 0 0 1 0 1 0 0 0 0 0 15 11 0 0 0 0 2 0 0 0 0 0 2 0 0 0 0 -999 
P8583 2095 10 0 0 9 0 0 0 21 20 0 0 18 0 0 0 0 0 83 25 0 0 14 0 0 0 0 0 0 0 0 0 0 
P8583 2095 11 0 0 0 44 20 22 44 0 0 0 0 29 22 0 18 27 55 12 0 34 74 104 77 59 0 0 0 0 0 0 -999 
P8583 2095 12 0 1 4 0 0 0 42 147 91 69 0 0 0 44 0 22 0 0 0 84 44 0 18 66 200 248 129 42 0 27 50 
P8583 2096 1 77 8 16 29 0 0 0 90 135 103 52 12 11 0 0 0 5 10 7 0 0 0 0 0 2 3 0 0 0 0 10 
P8583 2096 2 28 37 0 56 0 0 0 4 0 6 0 0 18 55 117 0 0 0 0 0 0 0 0 2 0 0 0 12 -999 -999 -999 
P8583 2096 3 13 0 18 9 0 0 10 0 0 6 0 0 0 0 4 0 0 0 21 23 48 112 147 28 14 0 0 70 51 0 0 
P8583 2096 4 0 0 0 0 0 0 0 0 0 1 0 0 22 0 44 26 0 0 0 0 11 0 0 0 0 0 0 0 0 0 -999 
P8583 2096 5 0 0 28 0 0 0 0 0 0 0 0 0 15 0 0 0 0 0 0 0 0 0 0 0 0 0 0 12 0 0 0 
P8583 2096 6 0 0 0 0 0 29 0 0 0 0 0 0 0 0 0 0 0 0 0 0 0 0 0 0 0 0 0 0 0 0 -999 
P8583 2096 7 0 0 0 12 0 0 0 0 12 0 14 0 0 0 6 0 0 0 0 0 0 0 0 0 0 0 0 0 0 0 0 
P8583 2096 8 0 0 0 0 0 0 3 0 0 0 0 0 0 0 0 0 0 0 0 0 0 0 0 0 0 0 0 0 0 0 0 
P8583 2096 9 0 3 0 0 0 0 0 0 0 0 0 0 0 0 0 0 0 0 0 0 0 0 0 0 0 0 0 0 3 0 -999 
P8583 2096 10 0 63 0 0 0 0 0 0 0 0 18 0 0 0 7 8 20 61 0 0 14 62 0 13 3 0 0 0 0 0 0 
P8583 2096 11 7 0 0 0 0 0 7 0 0 0 0 8 0 0 0 0 0 0 0 7 4 0 0 0 0 0 0 0 0 0 -999 
P8583 2096 12 0 0 0 0 3 0 0 4 0 0 39 47 0 42 41 0 0 0 0 0 0 0 41 63 14 0 0 15 0 15 0 
P8583 2097 1 23 0 0 0 0 6 0 0 13 0 14 15 0 0 0 2 4 0 0 0 0 0 0 0 78 69 43 0 0 0 0 
P8583 2097 2 24 0 0 30 37 40 0 0 0 0 3 0 3 0 37 12 0 15 0 7 9 0 0 0 0 51 0 23 -999 -999 -999 
P8583 2097 3 0 88 0 20 0 39 17 0 39 0 2 0 0 0 0 0 0 3 0 0 0 0 0 32 0 36 13 12 38 4 6 
P8583 2097 4 0 0 0 13 19 0 56 0 0 34 32 0 62 0 0 0 0 0 0 36 12 0 9 0 15 0 0 0 0 0 -999 
P8583 2097 5 0 0 0 0 0 0 48 0 26 18 0 0 0 9 0 0 0 36 48 73 0 0 0 20 0 0 0 0 0 0 0 
P8583 2097 6 0 0 0 0 0 0 0 0 0 0 0 0 0 0 0 0 0 0 0 0 0 0 9 0 0 4 0 0 0 0 -999 
P8583 2097 7 0 0 0 0 0 0 0 0 0 0 0 0 0 0 0 0 0 0 0 0 0 0 0 0 0 0 0 0 0 0 0 
P8583 2097 8 0 0 0 0 0 0 0 0 0 0 0 0 0 0 0 0 0 0 0 0 0 0 0 0 0 0 0 0 0 0 9 
P8583 2097 9 0 0 0 0 0 0 0 0 0 0 0 0 0 0 0 0 0 0 0 0 0 0 0 0 0 0 0 0 0 10 -999 
P8583 2097 10 0 0 0 0 0 9 0 0 16 0 0 0 0 0 0 0 68 71 0 12 0 17 14 0 0 0 0 0 0 7 0 
P8583 2097 11 8 5 0 0 0 0 0 1 3 6 0 0 8 0 0 15 7 0 0 0 0 0 0 0 16 0 29 0 36 67 -999 
P8583 2097 12 24 0 0 0 1 0 0 0 0 0 0 5 0 6 0 0 0 0 0 0 0 0 0 0 0 0 0 35 32 0 62 
P8583 2098 1 0 11 0 55 147 53 0 10 0 0 11 19 26 19 11 0 16 17 0 0 65 65 0 50 0 0 0 0 0 0 0 
P8583 2098 2 0 11 9 11 8 0 0 31 44 60 0 73 47 0 0 17 0 0 35 18 0 0 0 0 14 0 0 0 -999 -999 -999 
P8583 2098 3 0 34 0 0 16 50 15 0 9 0 23 0 0 0 0 0 0 10 0 0 0 0 0 0 0 0 63 34 0 0 0 
P8583 2098 4 0 33 0 43 25 0 66 0 0 0 0 12 42 0 0 0 0 0 0 0 0 0 97 25 0 0 0 0 0 0 -999 
P8583 2098 5 0 14 0 0 0 36 47 63 60 84 0 0 0 0 0 0 25 0 11 0 0 0 32 40 0 0 0 0 0 0 0 
P8583 2098 6 0 0 0 0 0 0 0 0 0 0 11 23 0 12 9 0 3 0 0 0 0 0 0 0 0 0 0 0 0 0 -999 
P8583 2098 7 0 0 0 6 0 0 0 0 0 0 0 0 0 0 0 0 0 0 0 0 0 0 0 0 0 0 0 0 0 0 0 
P8583 2098 8 0 0 0 0 0 0 0 0 0 0 0 0 0 0 0 0 0 0 0 0 0 0 0 0 0 0 0 0 0 0 0 
P8583 2098 9 0 0 0 0 0 0 0 0 0 0 0 0 0 0 10 0 0 0 0 0 0 0 0 0 0 9 0 0 9 0 -999 
P8583 2098 10 5 0 0 0 0 0 0 0 0 0 0 6 0 0 0 0 63 65 0 0 17 0 13 19 33 75 84 31 0 23 40 
P8583 2098 11 7 0 10 0 0 0 8 0 0 0 0 0 84 47 0 42 35 0 104 35 37 48 34 0 0 0 0 0 0 0 -999 
P8583 2098 12 0 0 0 0 0 0 0 0 0 0 0 0 0 0 0 0 0 19 0 79 0 0 0 35 54 20 0 0 50 17 0 
P8583 2099 1 7 0 0 0 0 0 0 0 0 53 63 0 0 0 6 29 0 28 8 45 63 79 146 0 0 0 18 0 6 17 0 
P8583 2099 2 0 0 0 60 24 18 43 66 0 3 0 0 0 0 0 0 0 0 0 5 0 0 49 123 147 0 0 0 -999 -999 -999 
P8583 2099 3 0 128 138 142 0 17 0 0 25 21 22 0 0 50 0 0 0 121 0 133 0 0 29 0 0 0 0 0 0 0 28 
P8583 2099 4 0 0 0 0 0 12 0 0 0 0 0 0 0 0 0 0 0 4 4 0 0 0 0 0 0 0 52 63 42 0 -999 
P8583 2099 5 0 0 0 0 0 0 0 0 10 0 0 0 0 7 0 0 20 0 0 0 18 10 0 0 32 21 35 0 24 0 0 
P8583 2099 6 0 0 0 0 0 0 0 0 4 0 0 0 0 0 0 0 0 0 0 0 0 0 0 0 0 0 0 0 0 0 -999 
P8583 2099 7 0 0 0 0 0 0 0 0 0 7 0 0 0 0 0 0 0 0 0 7 0 0 0 0 0 0 0 3 0 0 0 
P8583 2099 8 0 0 0 0 0 8 0 0 0 0 0 0 0 0 0 0 0 0 0 0 0 0 0 0 0 0 0 0 0 0 0 
P8583 2099 9 0 0 0 0 0 0 0 0 0 6 0 0 0 0 0 0 0 0 0 0 0 0 0 0 9 0 0 0 0 0 -999 
P8583 2099 10 0 0 0 0 0 0 0 8 33 0 0 73 36 0 0 0 0 0 0 0 0 0 5 12 28 52 39 26 18 0 6 
P8583 2099 11 0 0 0 0 0 0 5 12 0 0 22 0 26 29 16 52 0 0 0 0 10 15 12 37 17 26 40 57 0 14 -999 
P8583 2099 12 12 0 10 0 0 64 0 32 19 11 0 11 0 2 0 0 0 0 0 0 34 25 0 51 159 223 260 218 135 57 0 
P8583 2100 1 52 0 0 21 66 0 13 0 0 0 120 206 0 56 18 29 0 24 14 0 2 0 18 0 4 0 0 0 0 0 0 
P8583 2100 2 0 104 116 21 12 0 0 0 46 104 56 0 9 0 13 0 73 58 0 24 0 0 0 0 0 0 0 0 -999 -999 -999 
P8583 2100 3 0 0 62 47 0 0 17 16 0 37 0 34 49 0 16 0 7 14 0 29 35 53 42 0 0 0 0 26 44 44 37 
P8583 2100 4 0 43 39 18 14 0 19 0 0 48 84 132 62 50 0 38 18 0 0 24 0 0 0 0 0 0 0 0 21 30 -999 
P8583 2100 5 0 0 0 17 0 0 0 6 10 0 0 0 0 0 0 0 0 38 23 0 0 0 38 0 80 0 0 0 0 14 0 
P8583 2100 6 0 0 0 0 0 0 0 0 0 0 0 12 0 13 0 0 0 0 0 0 0 0 11 0 0 0 0 0 0 0 -999 
P8583 2100 7 0 0 0 0 0 0 0 0 0 0 0 0 0 0 0 0 0 0 0 0 0 0 0 0 0 0 0 0 0 0 0 
P8583 2100 8 0 0 0 0 0 0 0 0 0 0 0 0 0 0 0 0 0 0 4 0 0 0 0 0 0 8 0 0 0 0 6 
P8583 2100 9 0 0 0 0 0 0 0 0 2 0 0 0 0 0 0 0 0 0 0 0 0 0 0 0 0 0 0 0 0 0 -999 
P8583 2100 10 0 0 0 0 0 0 0 0 0 0 0 0 48 54 0 0 0 22 0 0 28 71 0 0 0 0 0 15 52 0 0 
P8583 2100 11 28 0 45 42 0 87 0 35 118 103 0 71 78 100 141 0 69 78 72 63 33 43 71 105 0 0 0 0 4 0 -999 
P8583 2100 12 0 0 0 17 0 0 0 0 0 0 0 2 0 0 2 0 1 0 0 0 0 0 0 0 14 0 0 12 0 0 0 
