precip	MIROC5	RCP60	REGRESION	decimas	1
P6886	39.447	-5.158	182	geo	2006	2100	-1
P6886 2006 1 0 11 12 11 12 26 17 0 0 6 31 152 237 42 88 158 119 106 0 15 6 21 29 0 26 32 25 0 0 0 0 
P6886 2006 2 29 101 40 0 12 0 0 0 0 0 0 36 54 0 34 0 0 11 0 36 0 9 10 0 4 0 8 15 -999 -999 -999 
P6886 2006 3 58 83 124 154 0 135 121 112 61 67 69 24 27 32 43 99 197 175 119 58 74 61 0 41 46 54 50 0 91 62 76 
P6886 2006 4 25 63 42 0 26 0 0 34 0 0 0 0 0 8 0 0 0 0 0 0 0 0 0 0 0 0 56 0 0 0 -999 
P6886 2006 5 0 0 0 50 46 0 25 0 9 0 0 0 23 28 19 0 0 11 24 25 6 0 0 0 0 0 0 21 28 0 0 
P6886 2006 6 0 0 0 0 0 0 0 0 0 7 0 0 0 0 0 0 0 0 8 0 0 0 0 0 0 0 0 0 0 0 -999 
P6886 2006 7 16 15 0 0 0 0 22 0 0 0 0 0 20 0 0 0 0 0 0 0 0 0 11 0 0 0 0 0 0 0 0 
P6886 2006 8 0 0 0 0 0 0 0 0 0 0 0 0 0 0 14 0 6 0 0 0 0 0 0 0 0 0 0 0 0 0 0 
P6886 2006 9 0 0 19 0 0 0 0 0 23 0 0 9 0 0 0 0 0 25 0 0 0 0 0 0 7 5 6 0 0 6 -999 
P6886 2006 10 1 0 0 14 0 0 0 0 0 0 0 22 0 0 0 0 9 0 0 0 0 0 0 0 30 23 0 0 17 0 0 
P6886 2006 11 0 0 9 19 0 0 52 0 0 0 0 0 0 0 6 0 5 0 0 18 25 15 30 33 0 5 0 0 0 0 -999 
P6886 2006 12 0 0 0 3 0 5 24 113 96 54 37 0 0 35 107 159 16 0 0 0 0 77 165 56 70 64 53 53 61 48 21 
P6886 2007 1 27 31 0 0 0 0 0 0 0 0 0 0 7 0 0 0 3 0 0 0 0 5 0 0 0 10 8 19 16 0 18 
P6886 2007 2 11 17 0 0 0 0 35 119 235 161 0 0 9 0 14 0 28 62 0 32 0 0 60 0 50 53 0 0 -999 -999 -999 
P6886 2007 3 0 37 0 78 92 0 17 0 15 0 24 38 41 86 36 0 32 25 0 49 0 0 0 0 6 0 0 3 0 0 0 
P6886 2007 4 0 0 0 0 0 21 0 0 0 0 0 0 72 0 0 25 0 64 73 0 37 0 0 0 0 0 1 0 0 0 -999 
P6886 2007 5 0 0 17 29 0 22 13 0 21 26 0 27 26 35 28 22 0 34 34 0 2 0 0 0 0 0 0 0 8 0 0 
P6886 2007 6 0 0 0 0 20 21 0 0 0 9 10 0 0 0 0 0 0 0 0 0 0 0 0 0 10 0 0 19 0 0 -999 
P6886 2007 7 0 0 0 23 0 0 0 5 0 0 0 32 0 0 0 0 0 0 0 19 0 0 0 0 0 0 0 0 0 0 0 
P6886 2007 8 7 0 0 0 0 0 0 0 0 0 0 0 0 0 0 0 0 0 0 0 18 0 0 0 0 0 26 0 0 0 2 
P6886 2007 9 0 0 0 0 0 5 0 0 0 10 0 0 0 16 0 16 0 0 0 0 0 6 0 0 0 16 11 0 0 0 -999 
P6886 2007 10 0 0 0 0 0 0 0 0 0 23 0 23 64 64 0 0 38 88 17 0 0 62 68 62 0 0 48 0 0 0 0 
P6886 2007 11 0 0 0 0 0 0 4 0 0 0 55 54 0 0 18 0 0 0 0 0 0 8 0 7 0 0 19 8 0 0 -999 
P6886 2007 12 7 0 0 0 0 0 0 14 0 0 0 0 0 0 0 10 34 34 0 0 0 0 0 0 26 0 0 12 1 0 0 
P6886 2008 1 0 19 23 47 15 0 3 0 2 0 8 8 16 0 29 25 0 0 0 35 99 105 38 26 0 150 171 85 69 85 130 
P6886 2008 2 221 0 155 60 57 88 68 115 31 0 78 16 19 0 66 66 48 88 43 43 15 0 14 15 26 38 39 19 -999 -999 -999 
P6886 2008 3 0 0 11 0 0 0 0 0 0 0 0 15 0 0 0 0 0 0 0 0 12 0 0 14 0 0 0 0 0 0 0 
P6886 2008 4 3 0 0 22 12 5 3 0 0 0 0 10 16 0 75 68 46 0 0 8 7 5 0 0 0 0 0 0 0 17 -999 
P6886 2008 5 0 9 0 6 0 0 0 0 0 30 0 0 0 41 0 0 0 10 0 44 30 40 64 16 0 8 0 0 11 0 0 
P6886 2008 6 7 0 0 9 15 27 14 0 30 26 0 0 0 0 17 0 13 0 9 0 0 0 0 0 0 0 0 0 0 0 -999 
P6886 2008 7 0 0 0 0 0 0 0 0 0 0 0 0 0 0 0 0 0 0 0 0 13 0 0 16 0 0 0 0 0 0 0 
P6886 2008 8 0 0 0 0 0 0 0 0 13 0 0 0 0 0 0 0 0 0 0 0 0 0 0 0 0 22 0 0 0 0 0 
P6886 2008 9 0 0 0 0 0 0 0 0 0 13 0 0 0 34 0 0 0 0 0 0 0 0 23 0 0 0 0 0 53 29 -999 
P6886 2008 10 31 0 0 10 0 0 0 8 0 0 43 43 43 0 0 2 0 0 0 0 0 0 0 0 0 0 48 28 19 0 17 
P6886 2008 11 17 0 28 4 2 0 0 0 0 0 24 0 0 0 0 0 25 55 0 8 0 0 0 0 0 0 0 0 0 0 -999 
P6886 2008 12 0 0 0 0 1 2 5 0 0 31 27 7 0 14 0 4 0 0 0 0 0 15 11 14 41 39 0 0 7 0 0 
P6886 2009 1 0 0 0 0 0 0 0 0 0 0 0 13 8 16 17 4 0 0 0 0 0 0 0 0 0 0 0 0 4 3 0 
P6886 2009 2 0 0 7 12 0 0 0 1 0 3 0 0 0 0 2 0 1 0 0 0 1 0 0 0 0 0 0 18 -999 -999 -999 
P6886 2009 3 50 0 62 30 23 11 0 73 51 0 9 0 8 0 0 30 108 86 57 0 4 0 0 0 0 104 72 114 109 75 0 
P6886 2009 4 0 41 12 17 31 39 0 10 7 7 0 23 26 0 22 0 0 0 12 0 0 0 0 6 5 0 11 27 53 0 -999 
P6886 2009 5 0 47 0 31 28 0 21 0 0 26 22 0 0 0 3 0 0 0 0 0 0 23 22 0 0 0 0 0 0 0 0 
P6886 2009 6 0 0 7 11 0 0 21 0 0 0 0 1 6 0 0 21 6 0 0 0 0 0 0 0 0 0 0 0 0 0 -999 
P6886 2009 7 0 0 0 0 0 0 0 0 0 0 0 0 0 0 0 9 7 0 0 0 0 0 0 0 7 0 0 0 0 0 0 
P6886 2009 8 0 0 0 0 0 0 0 0 0 0 0 0 0 0 0 0 0 0 0 0 0 0 0 0 0 0 0 0 0 32 0 
P6886 2009 9 36 23 0 0 0 0 6 11 0 0 0 0 0 0 0 0 12 0 0 0 0 0 23 0 0 0 0 0 0 6 -999 
P6886 2009 10 0 0 0 2 0 0 0 0 0 0 14 13 16 16 18 0 0 0 14 12 17 0 0 66 12 0 0 0 0 0 0 
P6886 2009 11 0 0 0 0 0 0 0 0 0 0 5 0 0 0 0 18 0 10 20 0 0 29 78 56 0 5 0 14 28 43 -999 
P6886 2009 12 26 42 75 30 90 57 62 21 25 80 0 0 31 15 11 0 0 71 0 0 0 19 0 29 48 64 83 81 33 0 0 
P6886 2010 1 35 0 0 115 75 0 12 14 0 0 0 11 25 0 16 17 0 18 0 0 0 0 0 0 0 0 0 0 0 25 21 
P6886 2010 2 14 8 0 0 0 0 0 0 3 0 0 0 0 0 0 0 1 0 0 0 0 0 3 0 0 0 0 0 -999 -999 -999 
P6886 2010 3 0 0 0 0 0 19 19 0 79 70 33 0 8 0 9 9 12 38 84 26 0 0 0 0 0 0 0 0 0 0 0 
P6886 2010 4 20 30 53 0 0 0 0 0 52 42 21 0 16 20 81 44 0 0 5 31 22 0 0 18 28 0 5 9 0 18 -999 
P6886 2010 5 0 0 24 32 0 0 0 4 0 0 0 0 0 10 14 0 0 0 10 2 0 0 0 0 0 55 42 16 19 14 0 
P6886 2010 6 0 24 0 13 13 0 0 0 0 0 0 0 0 0 0 0 0 0 0 0 0 0 0 0 0 0 0 0 0 0 -999 
P6886 2010 7 0 0 0 0 4 14 0 17 0 0 0 0 0 0 0 0 0 0 0 0 0 0 0 0 0 0 0 0 0 0 0 
P6886 2010 8 0 0 0 0 0 0 0 0 0 0 0 0 0 0 0 0 0 0 5 0 0 0 7 0 30 0 0 0 5 0 0 
P6886 2010 9 0 0 0 0 0 0 0 19 0 0 0 0 0 0 18 0 6 0 27 0 0 0 0 0 0 0 0 0 0 0 -999 
P6886 2010 10 0 0 0 0 0 0 0 0 0 0 0 44 73 43 24 0 5 0 30 0 23 0 0 0 19 9 0 0 20 0 0 
P6886 2010 11 0 5 0 0 13 0 0 0 0 0 0 0 0 0 4 0 12 0 0 0 17 0 0 0 0 0 0 0 0 0 -999 
P6886 2010 12 1 0 0 0 0 0 15 0 0 0 0 34 49 27 0 0 0 0 7 0 0 0 0 0 0 0 0 0 0 0 0 
P6886 2011 1 0 0 0 17 0 0 2 0 0 0 13 0 0 0 0 0 0 0 0 0 0 0 50 15 26 0 0 0 0 1 0 
P6886 2011 2 0 10 0 42 49 53 41 0 0 0 0 26 14 9 16 0 0 0 14 0 19 45 28 0 0 0 22 54 -999 -999 -999 
P6886 2011 3 0 40 14 0 0 0 6 0 0 12 0 35 19 17 44 120 92 39 24 39 27 44 100 240 68 20 50 100 0 0 0 
P6886 2011 4 0 0 0 0 12 0 11 0 0 0 20 0 25 6 6 0 0 35 0 0 27 13 0 7 6 0 0 0 0 0 -999 
P6886 2011 5 3 14 0 3 0 0 0 0 0 39 0 0 0 0 0 0 0 0 0 0 0 0 6 0 0 0 22 0 0 0 12 
P6886 2011 6 12 0 0 0 0 0 0 0 0 0 0 0 0 0 0 0 0 0 0 0 0 0 0 0 0 0 0 0 0 6 -999 
P6886 2011 7 0 0 0 0 0 0 0 3 0 0 0 0 0 0 0 0 0 0 0 0 0 21 3 0 0 0 0 9 0 0 0 
P6886 2011 8 0 0 0 0 0 0 0 0 0 0 0 0 0 0 0 0 0 0 0 0 0 0 0 0 0 0 0 0 0 16 0 
P6886 2011 9 0 0 6 14 0 0 0 17 0 49 6 0 0 0 0 0 0 0 0 0 0 4 0 0 0 0 0 0 0 21 -999 
P6886 2011 10 0 0 0 0 0 0 0 0 0 0 0 19 28 26 0 0 0 0 0 0 0 0 20 19 12 0 15 14 0 0 14 
P6886 2011 11 4 0 9 28 67 0 33 0 0 0 7 10 0 0 6 13 62 29 15 0 0 84 0 22 0 0 0 20 0 0 -999 
P6886 2011 12 0 39 46 0 0 0 0 0 0 0 15 23 0 0 0 69 0 88 74 69 0 37 0 0 44 0 40 31 37 36 0 
P6886 2012 1 107 18 0 3 0 2 0 0 0 0 0 0 0 0 0 0 0 0 0 5 7 0 0 0 0 0 12 0 34 35 5 
P6886 2012 2 13 26 40 14 0 0 13 0 0 0 0 0 0 0 0 0 0 0 55 39 16 11 0 9 0 0 0 0 -999 -999 -999 
P6886 2012 3 0 63 0 0 17 18 9 0 0 0 1 6 0 0 0 46 0 21 28 52 0 0 20 0 0 0 0 0 0 0 0 
P6886 2012 4 0 0 0 0 0 0 31 27 0 0 0 0 0 0 72 0 35 14 6 0 0 0 0 0 67 0 75 0 61 0 -999 
P6886 2012 5 0 0 0 0 0 0 0 0 0 0 0 0 0 43 36 0 21 0 0 0 8 0 14 13 37 26 20 0 0 0 0 
P6886 2012 6 1 0 0 0 3 0 0 0 0 0 0 0 20 0 25 9 0 0 0 0 0 0 0 0 0 0 0 0 0 0 -999 
P6886 2012 7 0 0 0 0 0 0 0 0 17 0 0 24 0 0 0 0 0 0 0 0 0 0 0 13 0 0 0 0 0 8 0 
P6886 2012 8 0 0 0 0 0 0 0 0 0 0 12 0 0 0 0 0 7 6 0 0 0 0 0 0 0 0 0 6 0 0 6 
P6886 2012 9 0 0 0 0 0 0 0 0 0 0 0 0 0 0 6 8 0 0 0 0 0 0 0 0 0 0 0 0 21 0 -999 
P6886 2012 10 0 0 0 0 0 0 0 0 0 0 84 0 8 0 38 36 0 0 50 0 0 34 0 0 10 15 45 22 21 61 0 
P6886 2012 11 47 62 42 0 0 0 8 0 0 0 44 0 0 0 0 0 18 0 102 57 26 4 0 0 13 17 0 0 58 0 -999 
P6886 2012 12 0 0 14 16 26 97 99 92 0 27 25 0 32 107 65 65 59 22 16 0 23 0 10 38 21 11 0 0 0 17 64 
P6886 2013 1 25 0 24 70 31 0 0 19 0 0 0 0 0 0 0 4 6 0 0 0 0 0 0 0 0 0 6 0 24 47 10 
P6886 2013 2 0 0 0 0 0 0 0 0 0 0 0 0 0 103 40 0 24 97 129 88 64 72 71 122 0 0 3 0 -999 -999 -999 
P6886 2013 3 16 0 0 36 20 0 0 0 0 87 164 149 84 27 36 51 55 46 52 0 25 62 60 39 0 21 0 0 0 47 89 
P6886 2013 4 29 0 10 24 18 26 0 8 0 0 0 0 0 0 0 38 0 11 15 0 49 22 0 36 74 0 0 7 0 0 -999 
P6886 2013 5 0 0 0 22 0 0 16 0 0 0 44 0 0 0 0 38 0 32 0 15 9 0 0 0 0 0 0 0 0 0 0 
P6886 2013 6 0 0 29 29 0 0 0 0 0 63 50 41 0 0 0 0 0 0 14 0 0 0 0 0 0 0 0 32 35 17 -999 
P6886 2013 7 0 0 0 7 0 27 26 0 0 0 0 0 0 0 0 0 0 0 0 10 0 0 0 0 0 0 0 0 0 0 0 
P6886 2013 8 0 0 17 0 19 0 18 0 25 19 14 0 6 0 14 0 0 0 0 0 0 0 0 0 0 0 0 0 0 0 45 
P6886 2013 9 30 17 0 0 0 0 0 0 0 15 22 0 6 0 0 0 0 0 0 21 0 0 0 1 0 1 0 0 0 0 -999 
P6886 2013 10 0 0 0 0 0 0 0 0 0 26 0 0 0 6 7 0 0 0 0 0 0 0 0 0 0 0 0 0 0 0 0 
P6886 2013 11 0 0 3 0 2 2 0 0 0 7 0 0 0 5 0 0 0 180 219 0 104 163 0 99 25 156 51 0 0 0 -999 
P6886 2013 12 25 69 36 0 0 0 0 0 19 0 0 0 0 17 28 0 8 0 0 0 0 22 24 0 35 51 0 21 70 40 21 
P6886 2014 1 0 0 0 0 38 39 15 0 17 0 0 0 0 0 48 20 0 0 0 0 0 0 0 0 0 0 68 78 101 94 38 
P6886 2014 2 31 56 28 54 0 105 0 112 48 58 0 23 37 0 0 11 9 0 22 0 14 0 0 8 0 0 0 0 -999 -999 -999 
P6886 2014 3 24 0 0 0 0 1 1 0 0 0 1 0 24 38 80 92 96 81 158 0 0 0 0 9 0 0 0 9 5 0 19 
P6886 2014 4 0 0 36 0 49 0 13 9 22 0 38 44 47 0 39 0 55 0 54 25 28 32 0 0 0 28 0 31 26 0 -999 
P6886 2014 5 74 0 0 47 0 3 0 0 0 12 0 0 0 0 0 0 0 0 34 61 0 79 0 56 0 0 0 0 29 45 50 
P6886 2014 6 0 22 0 79 67 32 32 24 0 0 3 0 0 0 0 0 0 0 0 0 0 0 0 0 0 0 10 0 0 0 -999 
P6886 2014 7 0 0 13 0 0 0 0 0 0 0 0 11 0 0 0 0 0 4 1 0 0 0 0 0 0 0 0 0 0 0 0 
P6886 2014 8 0 0 0 0 0 0 0 7 0 0 0 0 0 0 0 0 0 6 0 0 0 0 0 0 0 0 0 0 0 0 0 
P6886 2014 9 0 3 0 0 0 0 9 17 0 0 0 0 0 0 0 40 61 0 0 0 0 0 11 0 4 0 0 0 0 0 -999 
P6886 2014 10 0 0 17 0 0 0 0 0 0 0 0 0 0 0 0 0 0 24 41 73 0 0 0 0 59 53 10 0 7 0 0 
P6886 2014 11 0 0 0 0 0 5 0 0 0 0 0 0 0 14 13 0 0 76 0 65 155 214 82 114 46 0 0 0 0 0 -999 
P6886 2014 12 0 0 0 0 0 0 15 8 11 9 0 6 0 0 0 0 0 0 2 0 0 0 0 14 0 0 4 0 22 25 26 
P6886 2015 1 8 1 13 81 97 0 40 27 0 0 0 0 0 0 1 0 0 0 0 5 0 0 3 0 9 0 0 75 78 42 0 
P6886 2015 2 0 0 6 0 0 0 0 0 0 0 4 0 0 0 0 0 0 0 0 0 0 0 0 23 80 87 74 37 -999 -999 -999 
P6886 2015 3 0 38 0 0 0 0 41 42 53 0 0 0 26 45 0 0 0 0 0 0 0 38 49 0 13 0 0 0 0 0 25 
P6886 2015 4 0 22 16 10 0 0 17 0 8 0 0 0 0 0 0 0 20 5 0 2 0 0 0 0 0 50 27 40 104 56 -999 
P6886 2015 5 0 54 33 9 0 0 0 0 0 0 0 9 0 0 0 0 11 0 0 0 0 0 0 0 0 0 35 0 73 25 10 
P6886 2015 6 5 0 12 0 0 0 27 0 0 0 0 0 0 0 0 13 0 2 0 7 0 0 10 0 13 0 0 0 0 0 -999 
P6886 2015 7 0 0 0 0 0 0 0 0 0 0 0 8 0 0 0 0 0 0 0 0 12 0 0 0 0 0 0 0 0 0 0 
P6886 2015 8 0 0 0 0 0 0 0 0 0 0 0 0 0 0 0 0 0 0 28 0 0 0 33 0 21 19 0 0 0 0 3 
P6886 2015 9 0 8 14 0 32 0 0 0 0 0 0 0 0 11 0 0 0 0 0 0 0 0 7 0 45 65 73 47 32 0 -999 
P6886 2015 10 0 0 9 0 0 0 27 0 0 0 5 0 0 17 0 9 0 0 0 0 15 8 0 0 0 0 0 0 0 0 8 
P6886 2015 11 4 6 0 9 0 0 0 0 0 0 0 0 0 0 28 8 5 0 0 66 52 0 22 0 0 0 0 0 0 15 -999 
P6886 2015 12 0 53 28 38 37 31 176 118 79 82 37 84 98 0 26 0 26 7 6 0 0 0 0 0 0 0 0 0 0 0 0 
P6886 2016 1 12 0 17 0 0 19 37 0 18 15 57 104 65 115 47 0 46 0 0 0 0 0 0 0 19 24 28 19 25 0 6 
P6886 2016 2 0 0 0 0 0 0 0 0 7 15 0 13 0 0 22 0 61 0 0 0 0 0 0 0 0 0 0 21 -999 -999 -999 
P6886 2016 3 0 0 0 0 27 31 41 52 154 115 149 0 97 40 39 0 0 0 21 0 30 44 46 28 0 29 77 132 0 0 0 
P6886 2016 4 0 0 0 3 0 0 0 0 25 73 107 99 0 34 114 38 51 0 63 0 17 0 0 17 22 0 0 41 32 0 -999 
P6886 2016 5 9 18 0 0 0 0 12 0 0 0 29 0 0 0 19 34 0 0 0 0 0 4 11 0 0 0 0 15 24 23 0 
P6886 2016 6 27 0 0 0 0 0 0 0 0 15 28 0 0 0 0 0 0 0 0 0 0 0 0 0 0 10 0 0 0 0 -999 
P6886 2016 7 16 24 0 0 0 0 0 0 0 0 0 0 0 0 0 0 0 0 0 0 0 0 0 0 0 18 19 0 0 0 0 
P6886 2016 8 0 0 0 10 15 0 0 0 11 0 0 0 0 0 0 0 0 8 0 0 0 0 7 0 0 0 0 0 23 12 0 
P6886 2016 9 6 0 12 0 20 0 0 0 0 0 0 0 0 0 0 0 0 0 0 0 0 0 0 0 0 0 0 0 0 0 -999 
P6886 2016 10 10 0 0 6 0 0 0 0 0 0 0 36 0 0 27 76 109 67 67 68 51 49 16 0 11 0 0 0 0 0 7 
P6886 2016 11 15 14 0 0 10 0 24 28 6 12 0 0 0 30 120 0 28 100 57 54 66 22 0 49 64 0 0 0 41 45 -999 
P6886 2016 12 0 11 0 0 0 5 0 0 0 0 43 78 108 35 0 0 0 0 0 67 0 95 0 44 26 14 34 22 0 0 0 
P6886 2017 1 29 0 0 0 0 0 0 0 1 0 0 21 69 114 55 13 0 0 0 0 0 5 0 0 0 0 0 0 0 0 0 
P6886 2017 2 5 0 0 0 0 0 0 14 0 0 0 0 0 0 0 0 15 10 0 0 0 0 0 0 4 0 0 0 -999 -999 -999 
P6886 2017 3 6 0 0 0 0 0 7 0 59 0 0 0 39 36 22 5 8 6 9 0 0 0 0 63 89 89 73 62 30 10 8 
P6886 2017 4 9 13 0 12 10 0 0 16 28 36 9 16 11 12 9 0 0 8 0 0 0 0 18 0 26 0 0 57 73 0 -999 
P6886 2017 5 0 0 0 23 0 0 0 0 11 0 0 0 0 0 0 0 0 0 0 0 0 0 12 0 0 11 17 0 0 0 0 
P6886 2017 6 0 0 0 0 0 0 0 0 0 0 0 14 11 0 18 0 0 0 0 0 8 0 0 0 0 0 0 0 34 0 -999 
P6886 2017 7 0 0 0 0 0 0 0 0 0 0 0 0 0 0 0 0 0 0 0 0 8 0 0 0 0 0 0 0 0 0 0 
P6886 2017 8 10 0 0 3 0 0 0 23 0 15 0 0 0 0 0 0 0 0 0 0 0 0 0 0 0 0 0 5 9 15 0 
P6886 2017 9 0 0 0 5 5 7 0 8 9 16 0 0 0 0 10 0 0 0 2 0 0 0 0 0 33 0 0 0 0 18 -999 
P6886 2017 10 6 0 0 0 0 0 0 0 0 4 0 0 0 0 29 66 66 103 55 34 0 26 38 0 4 0 95 135 175 65 14 
P6886 2017 11 11 0 36 34 24 17 15 59 47 21 83 89 201 103 0 0 0 0 16 24 0 26 0 6 0 17 0 17 0 0 -999 
P6886 2017 12 26 43 0 24 20 0 0 70 141 51 33 0 62 104 0 0 0 0 0 0 0 22 14 0 16 15 0 0 41 68 43 
P6886 2018 1 0 7 0 0 0 0 0 32 0 36 7 11 0 0 0 0 0 0 31 8 0 14 83 0 0 37 0 39 30 15 41 
P6886 2018 2 53 0 98 17 0 0 0 0 0 0 14 0 11 0 0 0 0 0 10 27 0 0 0 0 3 0 0 0 -999 -999 -999 
P6886 2018 3 0 0 0 0 0 0 0 10 15 0 0 69 63 55 35 0 0 24 16 0 0 0 0 0 19 0 40 0 0 38 0 
P6886 2018 4 12 0 2 0 22 0 0 0 22 0 0 0 0 0 63 19 0 9 0 10 0 14 0 43 64 91 0 38 0 28 -999 
P6886 2018 5 0 5 0 0 0 17 0 0 36 0 42 46 51 30 0 0 50 0 0 0 54 0 0 14 16 27 33 0 6 4 0 
P6886 2018 6 0 11 0 0 0 0 0 0 0 0 0 0 0 0 21 0 0 0 0 0 0 0 0 0 0 0 0 0 0 0 -999 
P6886 2018 7 15 0 0 0 0 0 0 21 0 0 0 0 0 0 0 0 0 0 0 0 0 0 0 13 0 0 13 0 0 0 0 
P6886 2018 8 0 0 0 0 0 0 0 0 0 40 0 0 0 8 0 0 0 0 0 0 0 0 0 0 0 0 0 0 0 0 4 
P6886 2018 9 0 0 0 0 0 0 0 0 0 0 0 0 8 0 0 0 0 0 7 0 0 0 0 0 0 0 0 0 0 0 -999 
P6886 2018 10 0 0 0 0 0 0 0 0 0 0 0 0 0 0 0 0 0 15 4 2 0 26 0 7 0 0 0 0 0 0 23 
P6886 2018 11 0 3 0 0 0 0 36 144 59 67 0 0 0 0 0 0 2 0 0 0 28 40 25 0 0 0 0 0 9 0 -999 
P6886 2018 12 29 33 25 31 46 58 78 17 13 0 0 88 85 0 33 23 14 0 0 0 0 0 0 0 45 36 57 94 113 97 65 
P6886 2019 1 138 111 101 125 121 105 131 0 0 0 21 0 9 0 23 0 76 48 84 85 93 115 39 0 40 59 148 17 0 29 77 
P6886 2019 2 106 107 0 0 0 30 0 0 0 79 121 54 121 115 0 0 60 196 202 29 0 25 0 0 3 0 0 0 -999 -999 -999 
P6886 2019 3 0 0 0 11 0 19 0 0 0 0 0 3 0 0 0 0 0 0 0 5 0 0 0 0 0 0 0 37 0 0 29 
P6886 2019 4 0 8 20 0 25 62 41 0 0 0 32 32 31 42 50 48 42 0 0 0 0 11 0 64 0 38 0 42 40 0 -999 
P6886 2019 5 25 0 0 5 0 0 9 0 0 28 0 38 0 25 0 3 0 0 7 0 3 0 0 0 0 0 0 0 0 0 0 
P6886 2019 6 0 0 0 0 0 0 33 31 0 0 0 24 16 20 20 0 0 0 13 0 0 0 0 0 0 0 13 0 0 0 -999 
P6886 2019 7 0 0 0 0 21 0 0 0 0 0 0 0 0 9 0 0 0 0 13 0 0 0 8 0 0 0 0 0 0 0 0 
P6886 2019 8 0 0 0 0 17 0 0 0 0 0 0 0 0 6 0 0 0 0 0 0 0 0 3 0 0 0 0 3 0 8 0 
P6886 2019 9 0 0 0 0 16 0 0 0 0 0 0 8 0 0 0 0 31 26 30 0 0 0 0 35 0 0 31 0 0 0 -999 
P6886 2019 10 11 0 0 26 0 0 0 0 0 0 0 81 72 11 0 0 0 0 0 0 0 0 0 0 0 0 0 0 7 0 15 
P6886 2019 11 0 0 0 0 12 0 0 0 16 3 0 0 0 0 0 0 0 0 0 49 193 222 83 49 0 95 0 27 0 144 -999 
P6886 2019 12 103 0 0 0 0 12 5 0 0 0 0 0 0 0 0 0 0 0 0 0 0 0 0 0 0 0 0 0 0 0 30 
P6886 2020 1 32 0 12 0 0 0 0 0 0 0 0 0 39 73 24 16 0 7 0 0 0 0 0 0 0 31 0 73 51 46 0 
P6886 2020 2 25 0 21 0 0 0 27 51 15 19 0 19 13 30 0 0 0 0 8 0 0 0 0 0 0 8 0 0 -999 -999 -999 
P6886 2020 3 0 0 0 0 0 49 7 4 0 0 0 33 23 16 0 10 0 0 0 0 0 0 0 0 31 0 19 21 0 15 26 
P6886 2020 4 34 0 0 0 0 0 0 1 0 0 0 52 0 0 67 108 116 72 51 58 0 0 0 9 0 5 0 0 0 0 -999 
P6886 2020 5 0 16 0 0 0 0 0 0 0 0 57 52 0 32 53 28 0 0 8 0 0 0 12 18 5 0 7 0 6 0 0 
P6886 2020 6 8 0 0 0 13 0 0 0 0 0 0 0 0 0 13 0 0 0 0 9 0 0 0 0 0 0 0 0 0 0 -999 
P6886 2020 7 0 0 0 0 0 0 0 0 0 0 18 0 0 0 0 7 0 0 0 0 0 0 0 0 0 0 11 0 0 0 0 
P6886 2020 8 0 0 0 0 0 0 0 0 0 0 0 0 4 0 0 0 0 0 0 0 0 0 0 0 0 23 0 0 0 11 0 
P6886 2020 9 0 0 0 0 0 0 0 0 0 0 0 0 0 0 0 0 0 0 0 0 7 0 0 0 0 0 0 0 0 0 -999 
P6886 2020 10 20 0 0 0 22 33 0 41 82 0 0 49 17 22 113 66 21 86 20 0 0 0 0 4 0 0 13 0 0 0 0 
P6886 2020 11 0 89 0 0 46 0 0 0 12 0 0 0 0 0 24 4 9 0 34 121 91 70 0 0 61 63 78 119 0 0 -999 
P6886 2020 12 72 80 61 0 54 15 0 0 0 0 0 0 0 0 0 0 0 0 26 0 31 143 128 92 83 87 140 17 34 40 75 
P6886 2021 1 73 124 0 22 52 62 42 106 89 15 5 0 0 0 0 0 0 0 0 13 0 0 9 0 0 0 31 29 51 0 0 
P6886 2021 2 0 59 81 59 0 0 4 0 0 0 21 24 14 0 0 1 0 0 0 9 13 0 8 0 8 11 0 0 -999 -999 -999 
P6886 2021 3 14 0 0 0 0 14 0 0 31 66 25 0 78 2 0 0 45 0 0 8 63 0 0 0 15 0 24 0 61 0 0 
P6886 2021 4 0 0 0 0 0 0 0 0 0 0 0 0 34 37 0 39 0 0 0 14 19 0 0 0 25 0 0 0 0 45 -999 
P6886 2021 5 72 53 22 17 0 0 0 0 0 0 0 0 0 0 0 0 0 29 46 0 0 7 0 22 0 0 19 35 20 17 0 
P6886 2021 6 0 0 0 10 0 4 0 8 0 0 12 9 0 9 0 12 0 21 0 0 21 0 0 0 0 0 0 0 0 0 -999 
P6886 2021 7 0 0 0 0 21 0 0 0 0 0 0 0 0 0 0 9 9 10 0 0 17 0 0 0 0 0 0 29 14 5 0 
P6886 2021 8 0 0 0 0 8 0 13 0 0 0 0 0 0 0 0 0 0 0 0 0 0 10 0 14 0 40 0 0 9 0 0 
P6886 2021 9 13 5 0 0 0 0 0 0 7 0 0 0 0 0 0 0 0 0 0 34 0 0 0 0 39 29 13 18 0 0 -999 
P6886 2021 10 0 0 0 0 0 0 28 12 21 10 0 4 0 0 0 0 17 0 0 0 49 94 119 87 45 0 29 0 5 0 23 
P6886 2021 11 0 0 54 99 104 56 0 0 0 0 0 0 0 14 27 0 0 57 17 0 0 9 0 0 53 57 70 65 101 40 -999 
P6886 2021 12 82 129 43 0 0 5 0 0 0 13 0 4 15 0 0 84 110 117 33 0 49 0 28 18 0 5 0 0 0 24 0 
P6886 2022 1 6 0 0 22 0 15 21 53 77 51 70 35 51 62 0 45 57 25 0 63 0 70 130 0 0 0 46 0 61 89 84 
P6886 2022 2 155 0 18 0 63 0 165 213 64 116 180 143 163 72 139 0 0 0 36 52 144 50 69 21 71 155 109 0 -999 -999 -999 
P6886 2022 3 12 21 0 0 110 110 66 0 59 77 64 63 60 0 0 5 0 0 0 0 0 0 0 0 0 0 10 0 0 0 0 
P6886 2022 4 0 0 0 0 0 0 0 44 0 0 15 0 8 0 47 33 0 0 0 23 0 10 13 0 0 0 0 0 0 0 -999 
P6886 2022 5 3 0 0 0 0 0 0 0 0 52 53 45 70 60 0 24 19 24 28 22 22 18 14 18 0 0 0 0 4 0 0 
P6886 2022 6 0 0 0 0 0 28 0 0 0 1 0 0 0 27 23 0 0 0 0 0 9 0 0 0 9 0 0 0 0 4 -999 
P6886 2022 7 0 0 0 0 0 0 0 0 0 0 0 0 0 0 0 0 0 0 0 0 0 0 0 0 0 0 0 0 0 0 0 
P6886 2022 8 7 0 0 0 0 0 0 0 0 0 0 0 0 0 0 0 0 0 0 0 0 29 0 0 6 0 0 0 0 0 0 
P6886 2022 9 8 14 0 0 0 0 0 0 0 5 7 8 0 28 0 0 0 7 7 12 24 22 0 0 0 0 0 0 0 0 -999 
P6886 2022 10 0 0 0 0 0 0 0 0 0 0 0 22 0 58 75 50 26 10 0 7 0 0 18 0 0 0 0 0 66 87 39 
P6886 2022 11 29 0 14 0 0 0 0 0 0 0 14 18 3 0 0 0 0 0 3 3 0 0 0 0 0 0 0 0 23 10 -999 
P6886 2022 12 27 71 0 156 60 85 0 0 106 21 11 0 0 0 0 0 0 0 0 0 51 94 136 70 58 37 37 31 15 11 0 
P6886 2023 1 0 0 3 0 0 0 0 0 0 0 0 0 10 0 0 12 0 0 0 9 6 17 0 0 0 0 0 0 0 0 0 
P6886 2023 2 11 29 10 10 0 0 11 0 12 11 0 0 4 0 11 0 27 0 13 6 15 29 0 30 0 17 45 0 -999 -999 -999 
P6886 2023 3 0 31 0 0 5 0 0 0 0 0 0 60 52 0 0 0 0 0 0 0 0 0 7 11 0 0 0 0 0 0 0 
P6886 2023 4 28 13 0 74 61 0 26 17 0 0 0 33 96 131 62 0 55 0 0 0 0 0 0 0 88 65 51 0 8 0 -999 
P6886 2023 5 0 0 0 0 0 0 0 0 0 0 0 0 0 14 0 0 42 47 55 37 0 0 10 0 0 0 0 0 0 0 0 
P6886 2023 6 0 0 36 25 36 20 31 15 0 7 0 3 0 0 0 0 0 0 0 0 8 0 0 0 0 0 0 0 3 3 -999 
P6886 2023 7 0 3 0 0 0 0 0 0 0 0 0 0 0 0 0 0 0 0 0 0 0 0 0 0 0 0 0 0 0 0 0 
P6886 2023 8 0 0 0 0 0 13 0 0 0 0 0 0 0 0 0 0 0 0 0 0 0 0 0 0 0 0 0 0 0 0 0 
P6886 2023 9 0 0 0 0 0 0 0 0 0 0 0 0 0 0 5 0 0 0 0 0 0 12 0 0 0 0 0 0 0 0 -999 
P6886 2023 10 0 0 7 0 0 0 0 0 0 0 0 7 18 0 84 32 0 0 0 0 0 0 0 0 0 0 0 5 0 0 104 
P6886 2023 11 62 22 0 4 1 0 0 20 0 0 29 23 14 0 8 0 0 0 0 0 0 0 0 14 0 10 5 0 0 0 -999 
P6886 2023 12 0 0 0 0 0 0 0 0 0 0 5 0 7 0 0 0 0 19 0 0 0 0 0 19 0 0 0 0 0 2 0 
P6886 2024 1 0 0 48 48 0 85 75 68 0 32 19 19 0 0 75 0 46 101 0 0 0 0 0 0 0 0 0 10 0 0 37 
P6886 2024 2 86 0 126 38 0 20 0 35 7 0 0 0 0 6 0 0 0 0 0 0 0 51 70 0 112 87 21 13 -999 -999 -999 
P6886 2024 3 0 80 0 92 70 77 23 41 42 0 0 0 0 0 2 12 0 0 0 0 0 0 0 0 100 123 52 30 48 69 0 
P6886 2024 4 61 69 85 43 15 8 0 4 0 0 0 3 1 0 2 0 0 4 0 0 0 42 0 28 0 0 20 12 0 0 -999 
P6886 2024 5 0 0 0 0 0 0 0 0 0 0 11 0 0 0 0 0 0 0 0 28 0 0 0 12 0 0 0 7 0 0 0 
P6886 2024 6 0 0 0 0 0 7 0 0 0 0 0 0 0 0 0 0 0 0 0 19 0 0 0 0 0 0 0 0 0 0 -999 
P6886 2024 7 0 0 0 0 0 0 18 8 0 0 0 0 0 0 0 0 0 0 0 0 0 0 0 0 0 0 0 0 0 0 0 
P6886 2024 8 0 0 0 0 0 0 0 0 0 0 0 0 0 0 0 0 0 0 0 0 0 0 0 0 0 0 0 0 0 0 40 
P6886 2024 9 0 22 0 0 0 15 0 0 0 0 0 16 0 0 0 0 0 0 0 0 0 0 0 13 0 0 0 0 0 0 -999 
P6886 2024 10 0 0 0 0 0 12 0 0 0 0 20 0 0 0 124 89 0 15 19 0 0 29 0 18 0 13 0 0 0 0 8 
P6886 2024 11 13 35 0 0 0 0 33 13 0 0 0 0 58 57 0 0 21 0 0 22 0 23 35 0 0 0 1 0 6 0 -999 
P6886 2024 12 0 0 12 0 0 0 0 0 0 0 0 0 8 0 0 0 0 0 0 0 0 0 0 0 0 49 24 0 0 12 0 
P6886 2025 1 0 10 0 0 8 0 7 0 12 0 0 0 0 0 5 0 8 0 17 29 29 0 0 32 37 36 23 0 17 0 0 
P6886 2025 2 0 0 0 0 29 42 41 0 47 27 33 18 0 31 0 30 61 0 19 0 44 34 43 0 0 0 3 0 -999 -999 -999 
P6886 2025 3 0 53 0 0 68 93 185 0 0 0 0 0 0 0 0 0 0 0 0 41 95 119 75 216 83 0 71 0 4 0 0 
P6886 2025 4 0 0 15 0 2 0 0 0 0 0 0 0 0 0 0 0 5 4 0 25 0 7 0 0 0 0 11 0 0 48 -999 
P6886 2025 5 0 0 0 50 52 31 38 0 0 22 0 0 0 9 0 0 17 0 0 7 0 0 0 0 17 14 0 22 0 0 15 
P6886 2025 6 0 0 0 0 0 14 0 0 11 8 0 0 0 0 0 0 0 0 7 0 0 0 0 0 0 0 0 0 0 0 -999 
P6886 2025 7 0 0 0 0 0 0 0 0 10 0 0 0 0 0 17 0 0 0 0 0 0 0 0 0 0 0 0 0 0 0 0 
P6886 2025 8 0 0 0 0 0 0 0 0 0 0 0 0 0 0 0 0 0 0 0 0 0 0 0 0 0 0 0 0 0 0 0 
P6886 2025 9 0 11 11 10 0 0 5 0 0 0 0 0 0 0 0 0 0 0 0 0 3 0 0 0 0 0 0 0 12 7 -999 
P6886 2025 10 8 0 8 0 0 0 32 0 0 9 4 0 0 14 0 8 0 0 0 0 0 0 0 0 44 51 44 68 0 0 25 
P6886 2025 11 0 0 0 0 0 0 0 10 0 19 0 0 0 0 14 43 0 0 18 18 0 0 31 39 38 4 0 0 6 0 -999 
P6886 2025 12 0 0 58 0 0 25 66 0 0 0 0 0 10 0 0 0 0 0 0 0 14 0 0 0 47 0 27 0 19 41 0 
P6886 2026 1 19 28 22 15 0 28 0 1 0 0 44 143 168 14 0 145 166 117 0 29 0 0 0 0 0 0 44 0 0 0 0 
P6886 2026 2 0 8 53 18 12 25 0 0 0 16 0 0 0 0 0 0 13 27 77 89 56 69 55 30 15 25 2 5 -999 -999 -999 
P6886 2026 3 0 3 0 0 0 0 0 0 0 0 0 0 0 0 0 0 0 6 14 0 51 99 0 0 0 3 0 0 0 0 0 
P6886 2026 4 0 0 5 0 17 0 0 54 64 83 0 57 53 30 18 0 0 0 0 0 0 0 0 0 0 19 47 57 0 47 -999 
P6886 2026 5 29 0 0 4 0 0 0 0 0 8 3 0 0 0 0 27 0 28 20 0 0 0 0 24 0 38 0 25 0 0 0 
P6886 2026 6 0 5 0 0 0 0 0 0 0 0 0 9 0 0 0 0 0 0 0 0 0 0 0 0 5 0 0 0 0 0 -999 
P6886 2026 7 0 0 0 0 0 22 0 0 0 0 0 0 0 0 0 0 0 0 0 0 0 0 0 0 0 0 0 0 0 0 0 
P6886 2026 8 0 7 0 0 0 0 0 0 0 0 0 0 0 0 0 0 0 0 0 0 0 0 0 0 0 0 0 0 9 0 0 
P6886 2026 9 0 0 0 0 0 6 0 0 0 0 0 0 0 0 0 0 0 0 0 0 0 0 8 7 10 0 0 0 19 0 -999 
P6886 2026 10 0 11 0 0 0 27 41 0 0 0 36 60 0 46 71 71 0 0 0 0 0 0 91 27 44 0 0 0 54 65 109 
P6886 2026 11 0 0 0 12 0 0 23 12 0 0 93 28 12 21 13 0 0 9 0 0 0 0 0 0 8 0 0 33 33 6 -999 
P6886 2026 12 0 14 0 0 0 0 0 0 0 0 0 15 0 46 69 61 103 100 64 0 0 25 31 23 0 19 0 23 14 44 16 
P6886 2027 1 0 51 92 110 95 73 101 94 52 27 26 0 0 0 0 0 0 0 46 0 29 0 0 0 9 0 0 0 16 6 0 
P6886 2027 2 12 15 0 0 0 0 0 0 0 0 0 25 57 127 0 215 92 115 0 8 10 29 50 48 76 68 36 48 -999 -999 -999 
P6886 2027 3 88 58 28 53 0 70 75 0 0 0 0 0 0 28 36 62 50 37 48 0 17 0 0 0 22 45 68 68 0 0 34 
P6886 2027 4 36 75 0 81 35 23 0 12 0 0 0 0 33 0 53 106 99 114 50 61 72 0 37 36 34 0 0 4 0 0 -999 
P6886 2027 5 27 28 0 58 49 17 0 0 0 0 0 0 0 0 0 15 19 22 0 15 0 24 20 0 0 56 34 15 14 0 28 
P6886 2027 6 0 0 0 0 23 0 0 6 0 0 0 13 14 0 0 0 0 0 0 0 0 0 0 0 0 0 0 5 0 5 -999 
P6886 2027 7 0 0 0 0 0 0 8 0 0 0 12 0 0 0 0 0 0 0 0 0 0 0 0 0 0 0 0 0 0 0 0 
P6886 2027 8 0 0 0 0 0 0 0 0 0 0 0 21 0 0 0 8 0 0 0 0 0 0 0 0 0 0 0 0 0 0 0 
P6886 2027 9 9 0 0 0 0 0 6 0 0 0 0 0 31 0 0 0 0 0 0 0 0 0 0 0 0 0 0 0 0 0 -999 
P6886 2027 10 0 0 0 2 0 0 0 0 0 0 0 0 0 0 0 0 0 0 0 0 0 32 0 0 0 18 0 0 0 14 11 
P6886 2027 11 0 83 183 107 0 32 0 0 0 0 0 0 79 98 76 0 0 15 0 7 0 29 91 100 88 40 70 68 105 117 -999 
P6886 2027 12 0 22 50 0 22 118 144 114 54 56 36 0 0 41 56 38 0 0 0 0 41 0 0 18 0 6 3 0 0 0 11 
P6886 2028 1 0 42 0 0 0 0 0 39 125 120 29 62 111 155 138 16 8 0 0 0 0 0 0 0 0 0 0 0 0 0 0 
P6886 2028 2 0 0 0 19 0 0 0 0 0 0 5 0 0 0 0 0 7 8 4 0 14 0 14 11 15 0 71 49 -999 -999 -999 
P6886 2028 3 0 0 0 0 0 0 0 0 0 0 0 16 0 14 17 22 0 16 0 0 0 19 0 15 8 0 0 0 0 0 4 
P6886 2028 4 0 10 18 0 0 0 37 0 26 0 25 18 0 0 0 3 3 8 0 0 0 0 0 0 0 0 12 0 32 0 -999 
P6886 2028 5 15 0 0 0 0 0 0 0 0 0 0 0 0 0 0 1 0 0 0 11 0 0 0 0 0 0 0 0 0 0 11 
P6886 2028 6 19 22 0 0 0 0 0 0 0 0 0 8 0 0 0 0 12 0 0 0 0 0 0 0 0 0 0 0 0 0 -999 
P6886 2028 7 0 0 12 0 0 23 19 0 0 0 0 27 29 20 0 10 0 0 0 0 0 0 0 0 0 0 0 0 0 0 0 
P6886 2028 8 0 0 0 0 0 0 0 0 0 0 0 0 0 0 0 0 0 0 23 16 10 0 0 0 0 0 0 0 0 0 0 
P6886 2028 9 0 26 29 32 0 0 0 0 0 0 0 0 0 13 0 0 0 0 0 0 0 0 13 19 0 10 0 0 14 0 -999 
P6886 2028 10 0 0 0 0 0 0 17 0 11 17 0 0 0 0 0 0 0 13 0 58 0 0 0 0 16 0 0 0 0 0 68 
P6886 2028 11 65 27 11 0 0 0 73 0 38 60 21 0 0 17 44 52 0 0 0 0 0 0 2 3 0 0 0 0 0 0 -999 
P6886 2028 12 0 0 0 0 47 51 0 0 0 0 0 0 0 0 8 0 0 0 45 50 73 24 88 0 0 0 13 0 19 21 7 
P6886 2029 1 8 39 0 0 30 109 194 58 0 0 0 20 0 45 0 82 30 0 0 57 0 0 10 0 36 99 114 48 0 1 0 
P6886 2029 2 0 0 0 0 0 0 0 0 8 16 15 0 0 1 0 0 0 0 0 0 0 0 0 25 0 14 71 9 -999 -999 -999 
P6886 2029 3 0 0 0 0 0 0 0 0 0 0 0 0 0 0 19 22 0 33 28 0 18 25 39 31 0 0 2 0 0 0 2 
P6886 2029 4 0 0 0 11 16 0 20 0 0 0 0 27 27 0 0 0 0 0 5 0 0 7 8 6 0 0 0 0 0 0 -999 
P6886 2029 5 0 0 54 28 16 8 0 0 0 0 0 0 0 0 0 0 0 0 0 0 16 0 0 0 9 0 0 0 0 0 0 
P6886 2029 6 11 0 0 0 0 22 0 0 0 0 0 0 0 0 0 0 18 0 0 0 0 0 0 0 0 0 0 0 0 0 -999 
P6886 2029 7 0 24 0 16 0 0 0 0 0 0 0 0 0 0 0 0 17 0 0 0 0 0 0 0 0 0 0 0 0 0 0 
P6886 2029 8 0 0 0 0 0 0 0 0 0 0 0 0 0 0 0 0 0 0 0 0 0 8 0 0 0 0 0 3 0 0 6 
P6886 2029 9 0 27 0 0 17 8 6 0 0 0 10 0 0 0 0 0 17 0 19 12 17 0 57 0 21 36 22 61 57 48 -999 
P6886 2029 10 84 26 0 0 0 4 0 0 0 0 0 0 0 0 36 0 0 0 35 0 31 0 0 30 15 0 14 14 25 14 43 
P6886 2029 11 0 29 68 120 52 81 0 31 143 55 31 13 0 0 0 0 5 0 17 22 0 0 23 0 10 12 0 0 100 47 -999 
P6886 2029 12 0 16 0 0 18 0 0 8 0 16 0 11 0 0 0 14 0 0 0 11 6 12 6 0 0 0 0 0 11 29 151 
P6886 2030 1 114 43 0 0 0 45 98 0 46 12 9 19 5 0 0 0 0 0 0 0 8 0 0 6 11 19 14 31 122 140 119 
P6886 2030 2 181 133 97 22 0 53 84 84 0 86 0 57 36 0 0 77 0 0 59 36 20 0 0 0 0 0 0 42 -999 -999 -999 
P6886 2030 3 0 0 0 0 0 43 117 42 18 0 53 0 0 0 0 19 11 0 16 4 0 58 0 0 0 0 0 0 0 0 0 
P6886 2030 4 0 0 0 15 0 0 0 0 0 15 0 0 16 0 0 0 107 213 58 37 60 90 44 0 33 50 32 21 0 6 -999 
P6886 2030 5 0 2 0 0 0 0 0 0 0 10 12 0 53 0 0 0 0 16 21 11 0 1 0 0 5 7 13 0 0 0 39 
P6886 2030 6 0 0 0 22 0 0 0 22 19 35 0 38 28 0 0 0 8 0 24 0 0 0 0 0 0 0 0 17 0 0 -999 
P6886 2030 7 0 9 0 8 0 0 0 0 0 0 0 0 0 0 0 0 0 0 0 0 0 0 0 0 13 19 0 0 0 6 0 
P6886 2030 8 0 0 0 0 0 0 0 0 0 0 0 8 14 0 0 0 0 0 0 0 7 0 0 0 0 0 0 0 0 0 0 
P6886 2030 9 0 0 0 0 0 0 0 0 0 0 0 0 0 0 0 0 0 25 0 0 0 0 0 11 0 0 0 0 0 0 -999 
P6886 2030 10 4 0 0 0 0 0 6 0 37 52 52 45 0 11 0 6 13 0 0 0 0 0 0 0 0 12 0 0 21 0 0 
P6886 2030 11 37 0 68 75 164 110 47 0 33 33 42 33 0 0 0 0 0 51 31 0 0 0 0 0 2 0 0 0 27 115 -999 
P6886 2030 12 131 0 63 47 88 94 0 42 43 0 58 82 33 0 0 0 0 0 0 0 0 0 38 0 19 0 0 0 0 0 0 
P6886 2031 1 0 0 0 0 0 0 0 0 0 7 0 0 64 119 0 0 0 0 27 0 12 0 33 0 39 0 22 22 0 0 52 
P6886 2031 2 34 16 21 0 24 62 0 16 41 82 57 37 0 0 0 0 15 77 0 25 24 0 13 0 0 0 0 31 -999 -999 -999 
P6886 2031 3 25 39 37 21 0 0 27 15 24 32 37 0 0 70 50 42 48 50 52 0 48 0 60 37 27 49 0 43 0 0 39 
P6886 2031 4 0 41 0 46 86 99 0 0 0 0 1 0 0 0 0 0 0 29 0 0 0 0 0 36 35 0 34 31 20 0 -999 
P6886 2031 5 21 15 12 5 20 0 42 47 0 27 20 13 26 0 23 18 19 11 0 2 0 0 0 0 0 0 9 0 0 0 0 
P6886 2031 6 0 0 0 0 15 0 0 0 0 0 0 0 0 0 0 0 0 0 0 0 0 0 0 9 5 0 0 0 0 0 -999 
P6886 2031 7 0 0 0 0 0 12 7 0 0 0 0 0 14 0 0 0 0 0 0 0 0 0 0 0 0 0 0 0 0 0 0 
P6886 2031 8 0 0 0 0 0 0 0 0 0 0 0 0 7 0 0 0 0 0 24 0 0 0 0 0 0 11 0 0 0 0 0 
P6886 2031 9 4 0 0 0 3 0 0 0 0 0 59 57 0 3 0 0 0 0 15 0 14 10 0 0 0 0 0 36 35 0 -999 
P6886 2031 10 0 0 0 7 0 0 0 0 23 0 0 0 0 0 0 51 21 11 7 0 38 0 44 69 51 0 48 97 42 42 104 
P6886 2031 11 43 0 26 0 13 0 6 3 0 17 0 19 68 46 55 119 28 0 13 0 0 0 0 0 15 0 44 59 24 34 -999 
P6886 2031 12 50 127 112 86 66 31 21 10 0 0 0 0 0 0 0 0 0 0 0 1 0 0 0 19 19 0 0 0 0 0 0 
P6886 2032 1 78 120 28 6 0 135 0 50 95 0 0 0 0 7 0 0 0 96 0 0 0 3 0 0 0 0 28 19 36 66 43 
P6886 2032 2 123 0 0 0 91 34 0 0 0 0 0 0 0 0 4 0 5 3 0 0 0 0 0 0 0 0 0 0 -999 -999 -999 
P6886 2032 3 0 6 1 0 6 41 58 34 0 0 0 1 0 0 0 0 0 0 0 0 0 0 0 20 0 35 0 0 9 23 27 
P6886 2032 4 0 0 80 117 68 34 0 0 0 16 0 21 0 24 0 0 0 0 0 0 99 139 157 49 0 6 6 0 63 0 -999 
P6886 2032 5 32 0 0 41 41 49 0 0 41 30 26 24 0 0 13 0 0 51 23 0 33 0 2 4 0 8 0 0 0 0 0 
P6886 2032 6 15 0 0 0 0 27 0 11 5 0 23 20 16 0 0 0 0 0 0 0 0 0 0 0 0 0 43 36 0 25 -999 
P6886 2032 7 0 0 0 0 0 0 0 7 0 0 0 0 0 0 0 0 0 4 0 0 0 0 0 0 0 0 0 0 0 0 0 
P6886 2032 8 0 0 0 0 0 0 0 0 0 0 0 18 0 0 0 0 30 39 0 0 0 0 0 0 0 0 0 0 0 0 0 
P6886 2032 9 0 0 0 0 6 0 0 0 0 0 0 0 0 7 0 0 0 0 0 15 0 0 0 0 0 0 0 0 0 0 -999 
P6886 2032 10 0 0 0 0 0 6 0 0 0 15 0 21 21 0 44 0 0 0 91 92 86 97 17 0 0 0 0 0 0 0 0 
P6886 2032 11 0 0 0 0 106 71 69 0 18 0 0 33 94 0 0 40 30 0 73 93 63 0 51 0 0 49 0 51 0 0 -999 
P6886 2032 12 0 0 0 0 0 45 0 0 69 113 103 0 0 0 0 0 0 0 0 0 0 0 0 5 0 5 0 11 0 0 147 
P6886 2033 1 0 39 13 0 0 33 30 8 15 10 4 0 0 14 0 0 0 0 0 0 0 0 0 0 0 0 14 16 10 0 0 
P6886 2033 2 0 0 0 0 0 0 15 12 0 0 0 0 0 23 60 0 178 92 85 135 146 128 0 0 91 40 37 0 -999 -999 -999 
P6886 2033 3 0 17 0 13 9 0 0 0 0 24 15 17 24 0 21 12 24 0 63 102 66 0 0 84 94 0 0 0 34 0 0 
P6886 2033 4 138 0 0 24 35 0 13 0 20 0 9 7 0 0 0 0 0 0 77 83 47 0 23 32 0 19 0 0 0 0 -999 
P6886 2033 5 0 0 0 0 0 0 0 0 0 0 0 0 0 0 0 0 0 0 10 17 0 0 0 18 0 0 0 0 0 0 0 
P6886 2033 6 14 0 0 30 0 12 0 0 0 0 0 0 0 0 0 0 0 14 0 0 0 10 0 0 0 0 0 0 0 0 -999 
P6886 2033 7 0 0 0 0 10 0 0 0 0 0 0 10 0 0 0 0 0 0 0 0 0 0 8 0 0 0 0 0 14 13 0 
P6886 2033 8 0 0 0 0 0 0 0 0 0 0 0 0 0 0 0 0 4 0 6 0 0 0 0 0 0 0 19 0 0 0 0 
P6886 2033 9 5 0 0 0 0 0 0 0 21 9 0 0 4 0 0 0 0 0 11 0 0 0 0 0 0 0 0 0 0 0 -999 
P6886 2033 10 0 0 0 42 0 0 14 0 0 0 0 0 0 0 0 45 79 0 115 0 13 0 0 0 0 26 0 5 0 0 0 
P6886 2033 11 0 24 100 142 40 123 108 76 0 16 0 43 0 37 142 79 0 0 11 0 0 0 0 0 0 0 0 0 0 0 -999 
P6886 2033 12 0 57 115 93 23 0 78 0 48 22 0 0 0 0 0 0 4 0 0 0 0 6 0 0 0 0 0 23 23 17 19 
P6886 2034 1 0 0 0 0 7 4 0 0 0 0 0 0 0 0 0 0 0 0 0 12 0 22 35 108 94 120 98 10 0 0 1 
P6886 2034 2 0 0 0 3 0 0 31 56 53 0 0 0 0 17 0 3 0 53 187 0 0 0 83 0 0 0 0 22 -999 -999 -999 
P6886 2034 3 0 0 0 0 0 0 14 0 0 22 0 0 0 0 0 0 0 0 0 0 16 0 14 5 0 25 0 0 56 0 23 
P6886 2034 4 29 0 37 94 130 27 9 27 0 46 49 0 0 0 52 34 29 0 0 0 0 100 92 37 6 0 0 0 0 4 -999 
P6886 2034 5 0 1 0 0 0 3 0 0 0 0 0 6 0 0 0 10 9 0 8 0 29 20 0 0 0 0 0 41 30 19 15 
P6886 2034 6 0 0 24 0 13 0 0 0 0 0 0 0 0 0 0 0 0 32 23 0 0 0 0 0 0 0 0 3 0 6 -999 
P6886 2034 7 0 0 0 0 0 0 8 0 0 0 0 0 0 0 0 0 0 20 0 0 0 0 0 0 0 4 9 0 0 0 0 
P6886 2034 8 0 0 10 0 0 0 0 0 0 0 0 0 0 0 0 0 0 0 0 0 0 0 0 0 0 0 0 0 0 0 9 
P6886 2034 9 0 0 0 0 0 0 0 0 0 0 17 7 0 11 0 0 27 0 0 0 0 0 0 0 0 0 0 0 0 0 -999 
P6886 2034 10 2 0 0 0 0 0 0 0 0 0 0 0 0 0 0 36 13 0 0 15 0 10 31 5 3 0 0 0 9 17 8 
P6886 2034 11 0 9 0 30 57 20 0 0 0 0 0 0 14 0 0 0 0 0 0 10 0 0 0 0 20 0 20 0 23 30 -999 
P6886 2034 12 17 21 0 0 0 0 0 0 0 0 18 0 0 0 0 26 0 12 10 0 20 0 53 137 0 129 117 0 36 77 51 
P6886 2035 1 0 52 69 69 55 90 51 29 38 8 0 0 0 3 0 0 0 0 0 9 7 0 0 3 0 24 24 46 34 0 0 
P6886 2035 2 0 0 0 30 32 0 0 0 0 0 0 0 0 9 0 0 0 0 0 0 0 15 52 70 0 34 86 0 -999 -999 -999 
P6886 2035 3 31 59 0 0 0 0 0 17 0 0 1 17 26 45 8 0 28 16 15 0 0 0 0 0 17 0 0 0 106 36 53 
P6886 2035 4 0 0 0 44 0 71 41 68 0 0 22 26 0 25 36 0 20 0 32 57 0 0 60 0 13 0 0 0 68 57 -999 
P6886 2035 5 37 30 13 0 0 0 0 0 0 0 0 0 0 0 0 8 0 0 0 4 0 0 0 0 0 0 0 6 0 0 0 
P6886 2035 6 0 0 0 36 0 0 0 0 0 0 0 0 0 0 0 0 0 10 0 20 0 0 0 0 0 0 0 0 0 0 -999 
P6886 2035 7 0 0 0 0 0 0 0 35 0 0 0 0 0 0 0 0 0 9 0 0 13 0 0 0 0 0 0 0 0 0 0 
P6886 2035 8 0 0 0 0 0 0 0 0 0 0 0 0 0 0 0 0 11 0 0 0 0 0 0 0 0 0 0 0 42 38 0 
P6886 2035 9 9 0 0 0 0 0 0 0 0 0 0 0 0 5 0 0 0 9 0 0 0 0 0 0 0 0 0 25 0 35 -999 
P6886 2035 10 25 18 5 0 0 0 17 0 0 0 59 66 37 0 105 24 0 15 0 71 93 62 35 0 0 15 0 7 7 9 15 
P6886 2035 11 9 40 0 14 0 0 0 0 5 0 0 0 0 0 0 0 0 0 0 0 5 0 0 0 0 0 0 2 0 0 -999 
P6886 2035 12 0 0 0 0 0 0 11 0 0 0 0 0 17 44 43 59 44 88 35 21 0 18 23 0 35 0 30 10 14 55 120 
P6886 2036 1 138 68 20 0 86 114 68 75 0 127 0 0 82 22 0 0 70 41 60 80 41 27 0 0 0 0 0 0 0 0 2 
P6886 2036 2 0 37 70 0 0 0 0 0 10 0 0 0 0 17 0 0 10 0 0 0 0 11 0 20 0 7 0 29 -999 -999 -999 
P6886 2036 3 95 72 0 28 0 0 0 1 14 23 10 25 15 0 0 0 22 0 40 24 20 0 39 53 110 103 84 53 40 29 0 
P6886 2036 4 152 18 20 0 0 0 6 0 0 0 52 64 0 0 0 8 12 0 28 43 0 10 0 0 43 0 0 2 0 4 -999 
P6886 2036 5 6 0 10 0 0 0 0 0 0 21 28 0 0 0 0 0 62 47 65 43 84 83 0 0 0 0 0 0 0 0 0 
P6886 2036 6 0 0 0 0 0 0 0 0 17 0 34 30 33 26 26 0 10 0 0 0 0 0 0 0 0 0 0 0 0 0 -999 
P6886 2036 7 0 0 0 0 0 0 0 0 0 0 0 0 0 0 0 13 0 0 0 0 0 0 0 0 0 0 0 0 0 0 0 
P6886 2036 8 0 0 0 0 0 0 0 0 0 6 0 0 0 0 0 0 0 0 0 0 0 0 0 0 0 0 0 0 0 0 9 
P6886 2036 9 0 0 0 0 7 0 0 0 0 30 0 0 8 0 0 0 0 0 0 0 6 0 0 0 0 0 0 0 0 0 -999 
P6886 2036 10 0 0 9 16 26 51 0 0 43 84 17 0 0 0 52 0 0 18 0 0 0 0 0 14 21 0 4 0 0 0 0 
P6886 2036 11 0 0 4 11 0 0 77 43 27 0 12 0 0 0 0 16 0 3 0 0 0 6 0 0 25 0 13 0 0 0 -999 
P6886 2036 12 0 0 0 0 0 0 3 0 0 0 0 0 0 0 13 0 0 0 0 0 0 15 17 0 0 0 0 58 0 152 128 
P6886 2037 1 67 0 56 32 22 52 0 0 26 0 0 27 0 53 0 117 80 51 59 29 10 12 22 2 1 1 0 8 0 0 0 
P6886 2037 2 0 5 0 7 6 16 16 0 14 0 0 0 25 0 12 0 0 0 62 45 0 15 0 0 15 12 18 19 -999 -999 -999 
P6886 2037 3 0 24 33 0 70 0 62 94 74 0 0 14 0 0 0 2 0 0 23 0 26 114 0 99 59 153 92 48 49 15 29 
P6886 2037 4 0 0 0 13 12 0 0 0 0 0 0 0 0 62 17 0 12 0 0 6 0 17 60 68 50 0 43 37 21 10 -999 
P6886 2037 5 0 0 22 0 33 84 71 0 0 0 0 0 0 0 0 0 0 0 0 0 0 0 0 0 0 0 0 0 0 0 0 
P6886 2037 6 0 0 0 7 0 9 0 23 0 0 0 0 0 0 10 20 0 0 0 0 0 0 0 0 0 0 0 0 0 8 -999 
P6886 2037 7 0 0 0 0 0 0 0 0 0 0 0 0 0 0 0 0 0 0 0 0 0 0 0 0 0 13 0 0 0 0 0 
P6886 2037 8 0 0 0 0 0 0 0 0 0 0 10 0 0 0 0 0 0 0 0 14 0 13 0 8 0 0 0 0 0 0 0 
P6886 2037 9 9 0 0 0 0 16 0 0 0 0 0 0 0 0 0 0 0 0 3 0 0 0 0 0 0 0 16 0 0 0 -999 
P6886 2037 10 9 0 0 10 0 0 16 0 0 0 0 0 0 0 0 0 4 1 7 12 0 0 15 0 0 0 0 0 0 0 0 
P6886 2037 11 52 56 0 0 0 0 0 0 0 0 0 4 16 0 0 62 49 0 0 0 3 0 0 0 0 24 0 24 0 39 -999 
P6886 2037 12 34 0 90 97 115 129 83 0 27 0 0 84 20 21 0 0 7 7 36 45 0 12 26 0 0 9 0 0 0 0 0 
P6886 2038 1 0 0 0 0 0 0 0 0 40 22 0 150 85 31 28 52 23 42 13 40 33 0 6 0 0 0 0 15 15 0 44 
P6886 2038 2 13 0 0 25 39 36 0 13 0 9 1 0 0 2 0 13 0 0 3 0 13 0 19 33 66 0 10 7 -999 -999 -999 
P6886 2038 3 10 0 0 43 20 28 21 27 0 0 24 42 0 19 23 0 0 0 0 0 47 0 75 49 17 91 77 0 0 0 0 
P6886 2038 4 0 68 54 45 0 0 27 53 0 0 0 17 0 0 0 0 0 0 0 0 0 78 18 0 0 0 0 0 0 0 -999 
P6886 2038 5 35 0 0 0 0 0 0 0 0 0 14 15 13 0 22 0 0 0 0 0 0 0 0 0 0 0 0 0 0 0 0 
P6886 2038 6 0 0 0 7 0 0 0 0 0 0 0 0 0 13 0 0 0 0 0 0 0 0 0 0 10 0 0 0 0 16 -999 
P6886 2038 7 0 19 0 20 0 0 0 0 0 0 0 0 9 0 0 0 5 0 0 0 0 13 0 0 0 0 0 0 0 0 0 
P6886 2038 8 4 0 0 0 0 0 0 0 0 0 4 0 0 0 0 0 0 0 0 0 0 0 0 0 0 0 0 12 0 7 0 
P6886 2038 9 0 0 0 0 0 0 0 0 8 6 0 0 0 0 7 10 0 0 0 0 0 0 0 0 30 0 18 0 0 0 -999 
P6886 2038 10 0 0 0 0 10 0 4 0 0 0 0 22 0 0 0 0 0 0 58 44 0 66 81 80 0 0 0 0 0 0 26 
P6886 2038 11 0 0 0 42 108 90 57 24 0 0 45 113 22 0 0 45 0 40 70 22 0 0 11 0 14 0 92 93 98 34 -999 
P6886 2038 12 23 18 0 0 0 0 0 32 41 0 13 0 0 2 0 0 0 0 0 0 0 0 9 20 51 24 28 0 0 20 11 
P6886 2039 1 0 0 0 48 136 28 19 9 0 0 0 101 100 42 53 107 122 64 163 129 0 0 27 0 122 183 192 80 22 12 30 
P6886 2039 2 0 0 0 5 0 0 0 0 0 0 0 0 0 0 28 12 19 0 0 16 68 92 102 54 0 62 47 28 -999 -999 -999 
P6886 2039 3 31 9 0 28 38 33 0 0 0 44 31 32 61 0 0 45 0 41 0 0 94 27 0 0 10 0 0 0 0 0 0 
P6886 2039 4 0 0 0 0 0 0 0 0 0 0 0 0 0 6 0 0 0 0 0 0 0 0 2 0 0 0 0 0 0 0 -999 
P6886 2039 5 41 0 0 0 24 0 0 0 26 73 56 27 0 18 0 21 11 5 0 22 0 13 0 0 0 0 27 0 0 27 0 
P6886 2039 6 0 19 19 0 3 0 0 0 55 0 0 0 0 6 0 0 37 40 0 16 0 0 0 0 0 0 0 0 0 0 -999 
P6886 2039 7 0 0 0 0 0 0 8 0 0 0 6 0 0 0 30 0 0 0 0 0 0 0 0 13 0 0 0 0 0 0 0 
P6886 2039 8 0 0 0 0 21 0 0 0 0 0 0 0 0 0 0 0 0 0 0 0 0 0 0 0 0 0 0 0 12 0 0 
P6886 2039 9 0 0 0 0 0 11 0 0 0 0 0 0 0 0 0 16 0 39 29 12 0 0 0 0 0 0 0 0 0 0 -999 
P6886 2039 10 0 0 0 0 0 0 0 0 0 0 0 9 0 0 0 7 0 0 37 67 38 49 44 0 0 13 15 53 57 0 36 
P6886 2039 11 76 23 3 0 0 3 0 0 0 0 7 0 0 0 0 53 21 0 16 39 58 31 0 0 36 24 0 78 81 67 -999 
P6886 2039 12 44 0 0 14 28 0 0 0 0 0 0 0 0 40 0 28 0 171 0 0 28 0 12 0 17 27 41 0 0 0 0 
P6886 2040 1 5 0 0 0 0 0 0 0 0 0 0 0 0 0 0 13 0 13 30 103 8 0 0 21 0 0 0 7 0 0 124 
P6886 2040 2 61 24 79 104 78 0 0 0 9 0 0 0 42 148 164 100 0 125 119 66 30 48 102 100 52 64 0 80 -999 -999 -999 
P6886 2040 3 0 0 0 82 46 0 0 39 49 26 0 0 0 0 0 0 21 0 21 0 0 0 0 0 0 0 13 0 0 0 0 
P6886 2040 4 39 31 31 35 49 45 23 27 14 0 0 0 0 0 42 13 7 0 0 0 0 21 5 5 37 35 24 10 7 0 -999 
P6886 2040 5 0 0 0 0 23 0 31 0 0 0 0 0 0 0 0 0 0 0 0 0 0 0 0 0 0 0 0 0 0 0 0 
P6886 2040 6 0 0 13 0 0 0 0 0 0 0 0 19 0 22 14 13 0 0 20 31 25 0 0 0 0 0 0 0 0 0 -999 
P6886 2040 7 0 0 0 0 0 0 0 0 0 0 0 0 0 0 0 0 0 0 0 0 0 0 0 0 14 0 17 0 0 0 0 
P6886 2040 8 0 0 0 0 0 0 0 0 0 0 0 0 0 0 0 14 0 0 0 11 14 0 0 0 0 0 5 0 0 0 0 
P6886 2040 9 0 0 0 0 0 0 0 0 0 14 19 0 0 0 0 51 0 0 0 0 0 16 13 0 0 4 0 0 0 0 -999 
P6886 2040 10 0 0 0 8 0 0 0 60 35 27 0 23 0 0 0 0 75 91 12 0 0 0 28 47 0 0 0 0 0 0 0 
P6886 2040 11 0 0 0 0 0 0 20 33 0 0 0 0 0 120 77 117 70 0 0 0 4 0 0 0 16 0 0 0 0 0 -999 
P6886 2040 12 0 0 0 2 0 0 0 26 22 0 10 0 9 2 1 0 0 0 0 0 0 0 0 0 0 0 14 0 8 0 0 
P6886 2041 1 0 0 8 29 0 24 0 0 7 17 0 0 0 0 25 0 0 10 6 0 0 0 47 52 31 32 136 0 25 100 66 
P6886 2041 2 11 17 13 10 4 0 10 0 46 69 0 43 25 28 65 77 0 14 23 25 0 0 0 0 0 0 0 0 -999 -999 -999 
P6886 2041 3 0 0 0 0 0 0 0 0 21 0 0 0 4 0 0 0 0 0 0 2 0 0 0 0 0 0 0 0 26 0 0 
P6886 2041 4 0 0 0 0 0 0 0 0 0 0 0 24 0 10 0 0 0 2 0 0 0 0 0 0 0 0 0 0 4 0 -999 
P6886 2041 5 0 0 0 31 35 38 34 17 23 0 0 26 13 0 0 12 0 52 47 26 0 0 0 0 0 0 0 0 0 0 0 
P6886 2041 6 15 0 0 0 19 0 0 0 14 21 29 38 0 0 0 0 0 0 0 19 0 0 0 0 0 0 0 23 0 0 -999 
P6886 2041 7 0 0 0 0 0 0 0 0 0 0 0 0 0 0 0 0 0 0 0 0 0 0 0 0 0 0 0 0 0 0 0 
P6886 2041 8 0 0 0 0 0 0 0 0 10 0 0 0 0 0 0 12 0 0 11 0 0 0 0 0 0 0 0 0 0 0 0 
P6886 2041 9 0 0 0 0 0 7 0 0 0 0 0 0 0 0 0 0 0 21 0 0 0 5 0 12 0 0 0 0 0 0 -999 
P6886 2041 10 0 0 9 0 0 0 0 0 0 0 0 0 0 0 0 0 0 11 20 0 11 0 0 0 0 12 0 20 23 0 30 
P6886 2041 11 68 88 0 17 5 0 0 0 0 0 0 0 0 0 0 12 0 0 0 12 26 0 0 22 39 0 21 15 0 19 -999 
P6886 2041 12 48 70 0 27 0 0 0 0 0 0 0 0 0 0 0 0 0 0 0 0 0 0 8 0 0 0 0 47 0 0 0 
P6886 2042 1 47 0 118 86 31 0 0 0 16 27 24 0 4 0 9 27 40 0 87 0 4 0 0 54 71 83 123 0 0 0 0 
P6886 2042 2 0 0 0 0 0 0 0 0 0 0 0 0 0 0 0 0 0 2 0 0 0 0 0 0 10 0 0 0 -999 -999 -999 
P6886 2042 3 0 0 0 0 16 0 0 12 23 12 0 0 0 0 0 0 19 41 40 34 61 47 54 0 0 0 0 0 0 4 2 
P6886 2042 4 0 2 0 0 6 0 0 0 14 0 0 0 0 0 13 42 0 32 18 28 19 32 57 10 0 5 0 0 25 56 -999 
P6886 2042 5 42 70 89 75 34 34 0 0 0 69 47 31 70 0 6 0 11 8 0 0 0 0 0 0 0 0 0 0 0 0 24 
P6886 2042 6 0 0 0 24 0 32 35 35 0 0 7 0 0 0 0 0 0 16 0 33 0 0 0 0 0 0 0 0 5 0 -999 
P6886 2042 7 0 0 0 0 0 0 0 0 0 0 0 0 0 0 0 0 0 0 0 0 0 0 0 0 0 0 0 0 0 0 0 
P6886 2042 8 0 0 0 0 0 0 7 0 0 0 0 0 7 0 0 0 0 0 0 33 0 0 0 0 0 0 0 0 0 0 0 
P6886 2042 9 12 0 0 11 13 0 15 0 0 0 0 0 0 0 0 0 0 25 0 0 0 0 0 0 0 0 0 0 0 0 -999 
P6886 2042 10 0 0 0 0 12 0 8 0 0 6 4 0 0 0 5 0 0 0 0 5 0 0 0 6 0 0 0 0 6 0 5 
P6886 2042 11 0 0 0 18 0 32 21 17 26 0 31 0 0 0 0 0 0 7 0 0 15 39 20 0 18 53 27 20 0 0 -999 
P6886 2042 12 22 16 0 0 127 0 0 28 17 0 53 0 0 0 0 0 0 12 65 54 20 30 19 4 0 0 25 31 42 84 0 
P6886 2043 1 0 1 0 0 0 0 0 10 11 23 42 73 22 65 76 65 81 0 0 3 2 0 0 0 0 0 0 0 0 0 0 
P6886 2043 2 0 0 0 0 0 0 0 11 39 91 40 19 0 0 44 31 0 21 0 0 11 12 0 13 6 0 0 0 -999 -999 -999 
P6886 2043 3 17 13 0 3 3 6 7 0 0 17 46 45 51 91 0 78 86 57 55 59 25 51 70 83 44 52 17 0 90 122 43 
P6886 2043 4 60 69 77 28 0 0 24 0 40 0 0 0 0 0 0 0 0 0 2 0 0 0 0 0 0 0 46 48 82 32 -999 
P6886 2043 5 33 0 0 7 0 0 0 0 0 0 0 0 0 0 38 40 87 63 0 75 35 0 0 0 0 0 0 0 0 16 0 
P6886 2043 6 0 0 0 0 15 0 0 9 0 0 0 0 0 0 0 0 9 17 0 0 0 0 0 0 0 7 0 0 0 0 -999 
P6886 2043 7 0 0 0 0 0 0 0 0 0 0 0 0 0 0 0 0 0 0 0 0 0 0 0 0 0 0 0 0 0 9 0 
P6886 2043 8 0 0 0 0 13 0 0 0 0 0 0 0 0 0 0 0 14 0 0 0 0 0 0 0 0 0 0 0 0 7 9 
P6886 2043 9 0 14 0 0 0 0 6 0 0 0 0 8 0 0 0 0 0 0 0 0 0 0 0 0 0 0 0 9 11 0 -999 
P6886 2043 10 5 0 0 0 0 0 0 0 0 8 0 0 60 35 0 0 0 14 0 0 14 0 0 0 0 2 0 0 13 18 0 
P6886 2043 11 0 20 18 31 150 0 0 4 0 0 0 0 0 0 0 0 0 24 0 0 105 101 0 0 63 0 57 24 45 20 -999 
P6886 2043 12 9 0 49 0 69 43 0 0 0 0 0 0 0 0 0 0 0 21 29 23 5 0 0 0 0 0 0 0 0 0 0 
P6886 2044 1 0 0 1 0 0 14 0 24 17 22 45 33 0 23 0 0 0 101 57 0 0 18 0 41 77 98 0 0 0 12 0 
P6886 2044 2 0 0 31 78 31 8 0 0 0 36 0 0 0 7 0 0 26 3 8 0 0 0 0 0 0 0 0 0 -999 -999 -999 
P6886 2044 3 0 0 0 0 0 0 0 0 0 0 0 3 3 0 0 0 14 16 0 0 0 0 3 0 6 0 27 0 0 23 22 
P6886 2044 4 0 56 64 0 40 0 20 0 39 0 0 0 7 0 0 0 0 0 3 0 0 0 0 11 10 11 0 16 0 25 -999 
P6886 2044 5 22 6 22 0 25 0 70 0 0 79 66 61 43 0 23 14 0 0 0 0 36 0 25 22 0 0 0 7 0 0 0 
P6886 2044 6 0 6 0 0 0 0 0 0 0 0 0 0 14 0 32 0 0 21 0 0 0 34 0 0 0 0 0 0 16 0 -999 
P6886 2044 7 0 0 14 0 0 0 0 0 0 0 0 0 0 0 0 0 0 0 0 0 0 0 0 0 0 0 0 0 0 0 0 
P6886 2044 8 0 0 0 0 0 0 0 0 0 0 0 10 0 0 0 0 0 0 0 0 0 0 0 0 0 5 0 0 0 0 3 
P6886 2044 9 0 6 0 0 0 0 0 0 0 0 0 0 0 12 0 0 0 0 11 0 0 0 0 17 23 0 11 4 0 0 -999 
P6886 2044 10 0 0 0 0 0 0 2 0 0 0 20 25 0 0 0 0 0 20 64 75 28 0 0 129 96 55 0 0 0 0 0 
P6886 2044 11 0 0 0 0 0 0 13 0 19 0 65 0 106 75 61 62 0 19 23 0 115 0 0 11 20 18 0 14 0 7 -999 
P6886 2044 12 0 0 0 0 0 0 7 0 0 0 0 0 0 5 0 10 0 53 88 73 23 34 70 0 38 75 36 0 0 39 37 
P6886 2045 1 55 52 106 17 0 22 39 0 165 90 59 79 9 0 0 12 25 0 0 0 0 4 0 0 0 0 0 0 0 9 0 
P6886 2045 2 0 0 0 0 0 20 39 9 8 0 71 0 0 0 0 0 0 0 0 0 41 40 0 0 79 142 264 192 -999 -999 -999 
P6886 2045 3 14 0 38 41 14 0 0 51 78 0 63 63 58 44 0 20 21 0 0 3 0 4 0 0 1 0 0 0 0 1 0 
P6886 2045 4 0 0 0 0 0 13 0 0 0 0 0 0 0 52 51 12 11 7 0 0 11 0 7 7 8 0 0 0 0 0 -999 
P6886 2045 5 0 0 0 65 25 0 0 0 0 0 0 0 22 0 0 0 0 0 0 0 43 0 59 48 0 0 0 32 55 0 0 
P6886 2045 6 15 13 0 2 0 0 0 0 12 0 0 0 0 0 47 0 0 15 0 0 22 0 0 0 7 0 11 0 0 0 -999 
P6886 2045 7 0 0 0 10 0 0 0 0 0 0 0 0 0 0 0 0 0 0 0 0 0 0 0 0 0 0 0 0 0 0 0 
P6886 2045 8 0 7 0 0 4 0 0 0 0 0 0 0 0 0 0 0 0 0 10 0 36 0 0 0 0 0 0 0 9 0 12 
P6886 2045 9 0 0 0 0 0 0 0 0 0 0 0 0 0 21 0 0 0 0 0 0 0 0 0 0 0 0 0 14 0 0 -999 
P6886 2045 10 0 0 0 0 0 0 0 0 0 0 7 0 0 23 5 0 0 0 36 36 0 0 0 0 0 7 0 0 0 0 0 
P6886 2045 11 0 0 42 77 32 13 0 0 0 0 0 0 0 20 0 0 20 74 44 0 0 0 0 0 13 20 26 18 18 8 -999 
P6886 2045 12 20 0 0 0 0 0 0 0 0 47 60 0 0 0 0 0 0 7 0 0 5 0 23 101 0 9 0 0 0 0 0 
P6886 2046 1 17 10 14 18 7 0 11 0 17 0 0 4 9 8 0 12 0 137 144 102 74 0 88 84 66 109 0 48 125 84 73 
P6886 2046 2 60 0 0 0 0 0 18 0 0 0 31 40 64 0 53 137 153 143 0 0 0 7 0 0 15 21 44 39 -999 -999 -999 
P6886 2046 3 0 14 0 38 7 0 0 0 0 0 1 1 0 0 0 0 8 0 0 0 0 0 0 0 0 0 0 0 0 0 41 
P6886 2046 4 70 0 0 0 0 18 29 49 69 0 20 0 45 65 63 68 60 0 0 0 0 37 55 47 76 0 41 27 0 23 -999 
P6886 2046 5 0 0 6 0 0 0 0 0 0 0 0 30 33 0 0 14 17 11 24 34 0 28 69 61 89 58 0 0 0 0 30 
P6886 2046 6 28 0 0 42 82 35 10 0 11 0 0 0 0 0 0 0 29 0 0 0 0 0 0 0 0 0 0 7 11 0 -999 
P6886 2046 7 0 0 0 0 0 0 0 0 0 0 22 0 0 0 0 0 0 0 0 0 0 0 0 0 0 0 0 0 0 0 0 
P6886 2046 8 0 0 0 0 0 0 0 0 0 14 0 0 0 0 0 0 14 0 0 11 0 11 0 0 0 0 11 4 0 0 16 
P6886 2046 9 13 0 0 0 0 0 0 0 0 0 0 0 0 0 0 0 6 0 0 0 0 0 0 0 5 0 0 0 0 0 -999 
P6886 2046 10 11 0 26 0 0 0 26 19 42 0 24 0 0 12 0 0 0 0 0 0 0 23 0 0 0 0 0 7 0 3 0 
P6886 2046 11 0 28 57 26 0 0 0 0 0 0 0 0 3 0 0 0 4 13 0 0 0 0 0 29 0 0 0 0 0 0 -999 
P6886 2046 12 0 19 0 0 0 0 0 0 0 0 17 0 26 24 0 0 0 27 0 0 0 0 8 0 13 0 6 0 0 0 11 
P6886 2047 1 0 33 82 0 58 36 0 10 31 0 29 0 0 0 0 37 0 18 12 0 20 16 0 0 0 0 0 40 26 35 50 
P6886 2047 2 61 6 5 0 0 0 0 0 12 11 5 0 0 23 21 0 13 22 24 0 0 0 44 0 0 9 0 0 -999 -999 -999 
P6886 2047 3 0 0 0 24 0 42 0 18 19 41 0 33 0 66 0 38 31 44 9 6 0 0 0 0 8 0 0 0 0 11 0 
P6886 2047 4 22 0 0 0 0 0 0 4 0 0 0 0 21 0 0 0 22 0 27 24 19 0 33 56 34 0 0 26 27 0 -999 
P6886 2047 5 0 0 22 16 0 60 24 0 0 0 0 0 0 63 82 36 0 0 0 0 0 24 34 15 7 8 9 0 0 0 0 
P6886 2047 6 0 0 0 0 0 0 0 0 0 0 0 8 0 9 0 0 0 0 0 0 0 0 0 0 0 0 0 6 0 0 -999 
P6886 2047 7 0 0 7 0 0 0 0 0 0 0 0 0 0 0 0 0 0 0 0 0 7 0 0 0 0 0 0 7 0 0 0 
P6886 2047 8 0 0 0 0 0 0 0 0 0 0 0 0 0 0 0 0 0 0 0 0 10 0 13 0 0 5 0 0 0 0 0 
P6886 2047 9 19 0 0 0 0 0 0 0 6 0 8 0 6 0 0 0 0 0 0 0 0 0 0 0 0 37 0 12 0 0 -999 
P6886 2047 10 38 0 35 70 44 13 0 11 35 18 7 0 0 0 0 0 0 0 0 0 0 0 0 0 27 24 0 23 7 0 0 
P6886 2047 11 0 0 0 2 0 4 0 7 0 13 0 0 0 11 0 0 20 31 54 0 12 0 0 0 0 0 20 57 29 0 -999 
P6886 2047 12 61 79 17 82 246 254 266 132 15 0 0 9 8 16 79 62 27 78 161 92 35 99 53 69 67 0 27 0 33 0 0 
P6886 2048 1 0 0 0 0 0 0 0 0 0 25 18 0 4 0 0 0 0 0 0 0 21 0 0 0 0 79 83 0 1 0 47 
P6886 2048 2 0 26 12 0 11 22 51 113 0 46 0 0 0 0 0 20 34 67 21 8 0 0 0 13 0 0 15 0 -999 -999 -999 
P6886 2048 3 7 0 0 0 0 0 1 0 3 0 9 0 0 7 0 7 14 0 49 48 0 0 0 10 0 0 0 26 25 21 19 
P6886 2048 4 9 0 0 0 36 0 0 58 0 7 15 0 83 59 0 32 78 49 118 127 48 26 25 17 0 24 0 5 0 18 -999 
P6886 2048 5 0 0 0 17 0 0 0 0 0 0 50 36 0 0 0 0 0 0 0 13 26 0 0 0 0 0 0 0 40 0 3 
P6886 2048 6 0 0 19 0 0 0 0 0 0 10 0 0 0 0 0 8 0 0 0 0 0 0 0 0 24 0 0 0 0 0 -999 
P6886 2048 7 0 0 0 0 0 0 0 0 12 0 0 0 0 0 0 0 0 0 0 0 0 0 0 0 0 0 11 0 0 0 11 
P6886 2048 8 0 9 19 0 0 0 0 0 0 0 30 0 0 0 10 0 13 15 0 4 8 0 0 0 0 0 0 0 0 0 0 
P6886 2048 9 0 0 0 0 0 0 0 0 0 0 0 0 0 0 0 6 0 7 0 8 0 0 7 0 0 0 0 0 13 0 -999 
P6886 2048 10 0 55 90 42 0 0 0 0 0 0 0 0 0 34 32 74 37 16 11 10 3 0 20 30 12 0 0 0 0 34 41 
P6886 2048 11 33 0 15 0 0 0 43 31 8 17 40 29 4 0 0 0 71 0 2 0 0 0 0 0 0 0 0 40 123 112 -999 
P6886 2048 12 75 93 131 15 0 0 0 0 0 1 5 0 0 47 24 22 0 0 67 149 0 13 0 0 0 13 0 5 0 0 0 
P6886 2049 1 0 0 14 5 0 16 11 0 0 11 0 0 10 0 0 0 0 0 0 0 0 0 0 0 0 8 0 5 0 0 0 
P6886 2049 2 0 0 0 0 0 24 40 0 23 42 61 130 154 128 65 0 106 91 79 65 0 61 0 218 115 156 86 39 -999 -999 -999 
P6886 2049 3 48 99 116 87 111 0 0 0 0 0 0 20 29 61 25 11 45 0 0 0 0 0 0 0 0 0 0 0 0 16 23 
P6886 2049 4 0 0 0 0 55 26 9 0 0 0 0 6 0 0 0 0 0 0 0 9 11 0 0 4 0 0 0 0 20 10 -999 
P6886 2049 5 27 0 0 0 0 0 0 0 0 0 0 0 2 3 0 14 0 21 23 0 0 0 0 0 10 0 0 0 0 21 0 
P6886 2049 6 0 35 0 0 0 0 0 0 10 0 0 0 0 0 0 0 0 0 0 0 0 0 0 0 0 0 0 0 0 0 -999 
P6886 2049 7 0 0 13 0 0 24 29 0 0 0 0 0 0 0 0 0 0 0 0 0 0 0 0 0 0 0 0 0 0 0 0 
P6886 2049 8 0 0 0 0 0 0 0 0 0 13 8 0 0 0 0 0 0 0 0 0 0 0 0 0 0 0 0 0 0 0 0 
P6886 2049 9 0 0 0 13 12 0 0 0 0 0 9 11 0 0 0 0 0 0 0 0 0 0 0 0 19 0 0 0 0 0 -999 
P6886 2049 10 0 0 0 0 0 0 0 0 0 0 0 0 0 0 49 74 0 33 28 14 16 11 6 45 38 43 79 0 18 11 0 
P6886 2049 11 0 0 27 23 0 0 94 0 88 0 0 0 0 0 11 3 4 0 0 0 0 4 6 0 18 0 0 0 0 0 -999 
P6886 2049 12 0 12 7 0 0 13 0 0 9 10 0 0 0 29 93 89 0 0 0 0 2 9 16 25 36 39 9 0 0 0 0 
P6886 2050 1 0 8 6 0 4 0 0 5 19 44 133 99 113 118 58 109 74 123 19 13 0 0 22 0 0 45 32 10 0 0 0 
P6886 2050 2 0 0 60 15 0 0 0 0 34 0 0 1 0 0 0 0 0 0 0 0 0 0 0 0 0 0 0 0 -999 -999 -999 
P6886 2050 3 0 0 6 0 0 0 0 0 0 0 0 0 6 16 0 0 0 17 0 0 20 25 66 78 67 28 8 27 32 0 0 
P6886 2050 4 0 0 0 14 0 0 0 23 0 17 74 96 3 0 0 0 51 31 34 55 36 83 37 41 32 0 0 10 0 0 -999 
P6886 2050 5 0 0 0 0 33 19 35 23 0 59 29 23 0 0 0 0 0 0 0 6 10 0 22 0 0 0 36 0 31 15 0 
P6886 2050 6 0 0 0 0 0 0 4 0 0 0 10 0 0 0 15 0 0 0 0 0 0 0 0 0 0 0 0 0 0 0 -999 
P6886 2050 7 0 0 0 0 0 0 0 0 0 0 0 0 0 0 0 0 0 0 0 0 0 0 0 0 0 0 0 0 0 33 0 
P6886 2050 8 0 0 0 0 0 0 0 0 0 0 0 0 0 0 10 0 0 0 0 0 0 13 0 0 0 12 0 5 0 0 0 
P6886 2050 9 0 0 0 0 0 0 0 0 0 0 0 5 0 0 0 0 0 0 0 0 0 0 0 0 0 0 0 0 8 0 -999 
P6886 2050 10 0 0 0 0 10 0 28 25 0 5 0 7 6 2 12 60 52 0 22 0 0 0 0 0 0 0 43 49 0 49 86 
P6886 2050 11 0 0 0 0 0 0 0 0 5 0 0 6 0 23 27 0 0 10 9 0 12 19 63 55 9 7 42 26 0 7 -999 
P6886 2050 12 0 18 0 10 0 0 0 0 0 85 16 32 95 111 70 0 0 0 0 0 13 17 0 0 0 0 0 0 0 0 0 
P6886 2051 1 0 27 21 12 0 0 0 6 10 23 14 67 118 51 41 0 0 25 0 0 0 0 5 0 21 5 0 0 0 33 0 
P6886 2051 2 54 76 0 0 19 0 0 16 0 0 8 0 0 9 0 0 0 18 32 48 26 49 102 54 53 74 64 49 -999 -999 -999 
P6886 2051 3 0 18 63 79 67 0 0 0 0 57 65 59 79 44 0 30 0 17 6 10 18 0 36 19 10 0 0 15 0 0 24 
P6886 2051 4 27 20 9 0 0 0 49 31 87 34 0 0 11 35 103 28 0 0 0 20 0 0 0 0 8 0 0 0 0 1 -999 
P6886 2051 5 0 20 0 0 0 0 0 6 0 8 0 5 0 0 31 0 0 0 0 0 24 16 0 7 0 0 0 0 0 0 0 
P6886 2051 6 0 31 0 0 0 0 0 23 0 61 18 0 0 0 0 0 0 0 0 0 0 0 0 0 0 0 0 0 22 0 -999 
P6886 2051 7 0 0 0 0 9 0 0 0 0 0 0 0 0 0 0 0 0 0 0 0 37 0 0 0 0 0 0 0 0 0 0 
P6886 2051 8 0 0 0 0 0 0 0 0 0 0 0 0 0 0 0 0 0 0 0 0 0 5 0 0 0 0 0 0 0 0 3 
P6886 2051 9 5 0 0 20 0 0 0 0 0 0 14 12 0 0 0 0 0 0 0 0 0 0 0 0 0 0 0 0 0 0 -999 
P6886 2051 10 0 0 0 0 6 20 0 30 0 33 0 0 39 26 62 37 0 22 0 5 0 8 0 0 0 0 46 70 0 0 0 
P6886 2051 11 0 0 0 47 0 0 0 0 0 0 0 31 63 0 27 0 0 0 65 38 0 0 86 48 0 56 0 0 41 69 -999 
P6886 2051 12 0 0 0 0 13 39 72 0 19 0 0 27 26 37 41 0 32 0 53 0 65 63 19 11 0 6 0 0 0 0 0 
P6886 2052 1 0 0 13 0 0 3 0 0 0 0 3 0 3 4 0 0 0 0 0 0 0 0 0 0 8 5 6 1 0 0 0 
P6886 2052 2 0 0 0 8 0 0 0 0 0 0 24 23 20 0 32 14 20 0 14 0 0 13 0 38 53 0 0 0 -999 -999 -999 
P6886 2052 3 0 0 0 0 0 0 74 35 0 5 0 0 0 46 44 0 23 0 0 0 85 52 0 39 74 58 33 24 0 21 0 
P6886 2052 4 0 20 28 0 0 0 0 0 0 0 0 0 0 0 0 0 0 0 0 5 0 0 7 0 4 0 0 0 0 0 -999 
P6886 2052 5 0 0 0 0 0 29 0 0 25 0 28 41 29 0 0 0 0 0 27 0 0 0 0 0 12 19 0 46 0 27 22 
P6886 2052 6 15 0 0 16 18 9 0 5 0 15 38 0 0 0 18 0 23 0 0 0 17 16 0 22 0 0 0 0 0 0 -999 
P6886 2052 7 0 0 0 0 0 0 0 19 0 0 7 0 0 0 0 0 0 0 0 0 0 0 0 0 0 0 0 0 0 13 0 
P6886 2052 8 0 0 0 7 0 0 7 0 0 0 0 0 0 0 0 0 0 0 0 0 0 0 0 18 0 21 0 0 0 0 0 
P6886 2052 9 0 0 0 0 0 0 0 0 0 0 0 0 0 0 0 0 0 0 30 32 0 0 11 0 0 0 0 0 0 0 -999 
P6886 2052 10 0 0 9 0 0 6 28 0 16 0 0 0 27 0 0 0 0 0 0 0 3 0 0 0 0 0 0 0 0 0 0 
P6886 2052 11 0 0 0 0 0 0 0 0 9 6 0 0 0 0 11 0 0 0 0 0 0 0 0 0 35 67 89 0 15 31 -999 
P6886 2052 12 41 0 19 23 33 8 0 0 47 113 55 0 90 71 33 0 46 50 0 22 0 14 0 21 29 0 0 0 0 59 32 
P6886 2053 1 0 0 7 0 1 0 0 0 0 0 0 0 0 19 0 0 0 0 0 0 0 3 1 0 0 0 0 0 0 0 0 
P6886 2053 2 13 48 31 78 48 46 74 32 0 12 12 6 2 0 0 0 0 24 0 0 0 0 0 0 21 0 0 68 -999 -999 -999 
P6886 2053 3 62 0 13 30 50 0 6 0 21 21 0 0 12 18 0 0 54 51 0 25 24 0 0 0 0 0 0 0 42 51 0 
P6886 2053 4 33 0 0 33 61 63 0 57 27 0 49 67 12 0 0 0 10 0 0 0 0 0 5 6 0 0 9 0 0 0 -999 
P6886 2053 5 0 0 0 62 41 59 82 0 0 0 0 0 10 19 0 0 0 0 25 37 0 28 34 33 12 10 0 11 12 10 0 
P6886 2053 6 0 0 21 17 0 0 0 0 16 0 14 0 0 0 0 29 0 0 0 0 0 0 0 0 0 0 24 0 0 0 -999 
P6886 2053 7 0 0 0 0 0 0 0 0 0 0 0 0 0 0 0 0 0 0 0 0 0 0 0 0 0 19 0 14 0 0 0 
P6886 2053 8 0 0 0 0 0 0 0 0 0 0 0 0 0 0 0 0 0 0 0 0 0 0 0 0 0 0 0 0 0 0 0 
P6886 2053 9 0 10 0 0 0 0 0 0 0 0 24 0 12 0 0 0 0 22 0 0 0 10 0 0 0 0 0 0 0 0 -999 
P6886 2053 10 0 0 0 0 0 0 0 0 0 0 0 0 0 0 0 0 0 14 0 0 0 0 0 19 13 46 0 14 0 30 0 
P6886 2053 11 0 21 54 0 16 28 0 20 77 102 0 62 29 31 95 85 96 70 0 0 0 27 23 25 0 0 0 23 0 0 -999 
P6886 2053 12 0 20 22 0 0 0 1 0 0 0 0 8 16 11 0 14 7 5 0 0 7 0 21 26 77 76 39 0 0 0 65 
P6886 2054 1 56 46 134 78 87 95 45 0 94 57 73 88 88 0 0 64 63 0 10 0 0 0 1 3 11 0 0 192 86 37 0 
P6886 2054 2 0 117 103 28 0 9 49 56 0 0 0 51 30 0 8 21 0 8 0 6 0 13 0 0 0 0 0 0 -999 -999 -999 
P6886 2054 3 0 0 0 0 5 0 0 0 0 0 0 0 0 0 0 0 9 26 7 10 11 0 47 0 0 10 16 14 0 40 38 
P6886 2054 4 0 32 29 20 64 98 137 89 0 39 63 0 9 0 13 45 20 0 0 0 0 0 0 0 0 10 0 0 0 38 -999 
P6886 2054 5 34 19 0 0 10 0 0 0 0 0 21 0 0 0 42 36 0 0 11 0 18 0 0 83 95 28 0 29 0 0 0 
P6886 2054 6 0 0 0 0 11 25 0 0 0 0 0 0 0 0 0 0 0 0 0 0 0 0 0 0 0 0 0 0 0 0 -999 
P6886 2054 7 0 0 0 9 0 0 0 0 0 0 0 22 0 0 0 0 0 0 0 0 0 0 0 0 0 0 0 0 0 0 0 
P6886 2054 8 0 0 0 0 0 0 0 0 0 0 0 0 6 0 0 0 0 0 0 0 0 6 0 0 0 0 17 0 0 0 0 
P6886 2054 9 0 0 0 0 6 0 0 2 5 0 0 32 33 0 0 0 0 0 0 2 0 0 45 46 19 0 0 0 0 65 -999 
P6886 2054 10 0 0 66 34 0 0 0 0 0 0 0 0 0 48 81 0 0 37 0 0 0 16 0 47 56 0 23 11 0 0 16 
P6886 2054 11 77 0 0 4 0 14 0 31 120 123 84 45 29 38 102 0 18 33 44 114 0 0 7 0 0 0 47 10 0 12 -999 
P6886 2054 12 0 0 0 0 0 5 2 2 0 0 0 50 0 21 0 0 13 0 0 0 0 0 36 76 105 83 97 109 116 79 84 
P6886 2055 1 0 0 44 52 0 9 0 20 9 66 0 26 17 0 0 23 44 157 0 0 0 0 0 0 0 3 0 9 0 0 0 
P6886 2055 2 0 0 0 35 0 49 68 0 0 4 0 0 2 5 0 5 6 0 0 0 4 0 0 0 0 0 0 12 -999 -999 -999 
P6886 2055 3 0 0 40 0 32 0 33 25 24 21 15 35 45 0 0 0 20 0 0 13 0 0 0 44 35 31 13 32 9 0 0 
P6886 2055 4 0 3 0 0 11 0 0 0 0 27 34 34 0 0 0 0 5 0 0 0 22 0 7 0 0 0 18 9 6 0 -999 
P6886 2055 5 11 0 0 0 0 0 0 0 0 26 73 0 14 0 0 1 1 0 0 7 0 0 0 0 32 0 0 0 5 0 0 
P6886 2055 6 0 0 0 10 0 11 0 0 0 0 0 0 0 0 0 0 0 0 0 0 0 0 0 0 0 0 0 0 0 0 -999 
P6886 2055 7 0 0 0 0 0 0 0 0 0 0 0 19 0 0 0 0 0 0 0 0 0 0 0 0 0 0 0 0 0 0 0 
P6886 2055 8 0 0 0 0 0 0 0 14 0 0 0 0 0 0 0 0 0 0 0 14 0 0 0 0 5 0 0 0 0 0 0 
P6886 2055 9 0 0 0 0 0 0 0 0 0 0 0 0 0 0 0 0 0 11 0 0 0 0 17 0 13 0 21 0 0 46 -999 
P6886 2055 10 0 0 0 48 59 36 0 11 0 28 63 40 13 0 48 81 114 0 0 31 0 0 15 0 0 25 25 0 0 18 0 
P6886 2055 11 15 10 0 35 0 57 66 0 0 0 0 23 0 0 13 28 41 11 0 0 2 0 17 9 0 0 62 49 167 78 -999 
P6886 2055 12 24 8 0 19 47 20 0 25 5 0 0 0 0 0 0 2 0 0 0 0 0 0 0 2 0 0 13 39 51 44 0 
P6886 2056 1 0 37 0 91 93 82 107 100 67 126 47 5 0 0 0 0 0 20 0 8 8 0 0 26 28 49 132 0 0 0 0 
P6886 2056 2 0 38 0 0 47 79 98 29 0 0 108 81 42 145 117 0 0 0 0 137 111 0 0 64 44 0 0 0 -999 -999 -999 
P6886 2056 3 0 36 15 0 84 143 110 72 0 149 118 100 70 0 54 0 25 24 64 104 27 0 29 0 0 0 0 0 59 46 0 
P6886 2056 4 0 55 0 11 0 0 0 0 0 0 20 5 0 39 0 0 0 20 24 0 0 5 9 0 0 0 0 0 0 0 -999 
P6886 2056 5 0 0 11 0 0 0 0 0 50 40 46 38 24 0 0 0 0 0 0 0 0 0 0 0 0 0 0 0 0 0 48 
P6886 2056 6 31 18 0 0 0 0 0 0 0 0 0 0 0 0 0 0 22 22 0 0 0 0 0 0 7 0 0 0 0 0 -999 
P6886 2056 7 0 0 0 0 0 0 0 0 0 0 0 0 0 0 0 0 19 0 0 0 0 0 0 0 0 0 0 0 0 0 0 
P6886 2056 8 0 0 0 0 0 0 0 0 0 0 0 0 0 0 0 0 0 0 0 0 0 0 0 0 0 0 0 0 0 0 5 
P6886 2056 9 0 0 0 0 0 0 0 27 19 0 0 0 0 0 0 0 0 0 0 0 8 16 0 0 0 0 0 0 3 0 -999 
P6886 2056 10 19 14 8 0 0 0 0 31 18 0 0 0 0 0 0 0 0 0 0 0 0 19 0 52 132 121 24 0 0 0 0 
P6886 2056 11 0 38 11 21 0 0 55 68 75 0 45 74 39 0 109 61 0 0 6 26 0 10 0 0 0 0 0 0 0 0 -999 
P6886 2056 12 0 0 0 0 0 0 0 8 0 0 0 0 0 0 18 21 28 0 28 0 0 0 0 0 0 0 21 41 31 32 106 
P6886 2057 1 89 119 0 50 0 57 0 0 0 0 76 0 10 10 9 0 33 47 0 16 0 4 4 5 0 24 66 212 127 30 36 
P6886 2057 2 0 0 0 11 34 25 0 0 36 5 0 0 0 0 0 0 22 6 0 0 0 0 0 0 54 55 77 34 -999 -999 -999 
P6886 2057 3 32 65 36 10 0 0 0 0 0 0 0 0 5 16 52 0 48 103 93 0 20 0 0 0 0 0 0 53 56 0 41 
P6886 2057 4 60 62 46 0 0 4 9 0 0 0 0 0 0 51 0 0 67 0 0 0 0 0 83 10 0 0 0 0 0 23 -999 
P6886 2057 5 0 0 9 27 0 0 0 27 0 0 7 0 0 0 0 0 0 0 0 0 0 0 17 20 22 18 0 8 0 0 6 
P6886 2057 6 0 0 0 0 0 0 0 0 0 0 0 0 0 0 0 0 0 0 0 0 12 0 0 0 0 0 0 0 0 0 -999 
P6886 2057 7 0 0 0 0 0 0 6 0 0 0 0 0 0 0 14 0 0 0 0 2 0 0 0 0 0 0 0 0 0 0 0 
P6886 2057 8 0 0 0 0 0 0 0 14 0 0 17 0 0 0 0 0 0 0 0 0 0 0 0 0 0 0 0 0 0 0 8 
P6886 2057 9 0 0 0 0 0 0 7 0 11 0 14 13 0 0 0 0 0 0 0 0 0 0 0 0 27 32 4 0 25 15 -999 
P6886 2057 10 15 0 0 0 29 0 0 17 29 13 0 0 58 28 0 0 0 0 0 0 38 37 0 0 0 0 109 65 0 0 0 
P6886 2057 11 0 0 0 0 0 0 20 0 0 43 79 102 162 48 16 0 0 0 53 37 35 0 0 0 0 0 0 75 29 130 -999 
P6886 2057 12 69 62 89 9 0 0 0 0 7 0 0 0 23 0 0 0 0 32 83 41 59 29 0 137 47 0 24 10 0 0 0 
P6886 2058 1 0 0 2 3 5 8 0 0 34 39 20 85 121 0 152 210 65 33 0 0 0 0 0 0 0 0 0 64 83 104 75 
P6886 2058 2 0 15 16 41 88 49 39 45 0 0 18 0 0 0 0 0 0 0 0 0 0 0 0 0 9 3 0 0 -999 -999 -999 
P6886 2058 3 0 0 0 0 0 0 0 14 0 0 0 0 0 0 0 0 25 32 0 0 0 0 0 0 2 5 12 0 0 0 22 
P6886 2058 4 62 36 0 0 0 0 0 30 21 23 0 0 0 0 0 0 10 0 11 0 0 0 15 0 43 0 0 15 0 0 -999 
P6886 2058 5 18 20 0 56 0 45 0 9 0 0 8 0 0 0 0 0 0 0 14 0 0 0 0 35 34 0 0 0 0 0 4 
P6886 2058 6 0 0 0 0 0 0 0 0 0 23 0 0 0 0 0 11 0 0 0 19 0 0 0 0 0 0 0 0 0 0 -999 
P6886 2058 7 0 0 0 0 0 0 0 0 15 0 0 0 0 0 21 0 0 0 0 0 0 0 0 0 0 0 0 0 0 0 0 
P6886 2058 8 0 0 0 0 0 0 0 0 0 0 34 0 0 0 0 0 0 0 0 0 7 0 0 0 0 0 0 9 20 0 0 
P6886 2058 9 0 0 8 0 0 0 0 0 0 25 14 17 0 0 0 0 0 0 10 0 0 0 0 0 0 0 0 0 0 22 -999 
P6886 2058 10 0 0 0 80 0 0 0 0 0 0 0 0 0 0 0 0 0 0 26 41 39 15 35 0 11 0 6 5 0 0 0 
P6886 2058 11 0 0 0 8 0 0 0 69 78 0 0 0 0 0 0 2 0 0 0 0 0 0 0 0 0 0 0 3 10 0 -999 
P6886 2058 12 0 26 0 19 0 14 11 0 0 0 0 0 0 0 0 0 0 6 0 0 0 0 0 0 0 0 0 0 0 0 3 
P6886 2059 1 0 0 0 0 5 29 46 61 18 0 1 0 0 12 17 0 51 8 0 0 0 0 0 0 0 0 0 0 0 0 0 
P6886 2059 2 0 0 0 0 0 0 0 0 0 5 10 23 41 26 15 0 0 1 0 0 0 0 0 0 0 0 0 0 -999 -999 -999 
P6886 2059 3 0 4 0 0 0 0 7 0 30 21 0 0 0 0 0 0 0 0 0 6 0 0 0 0 0 22 33 34 0 44 0 
P6886 2059 4 0 0 0 0 0 33 0 0 83 56 43 66 38 0 0 48 37 56 24 0 0 64 49 97 29 0 0 0 0 0 -999 
P6886 2059 5 0 0 0 0 0 0 1 0 0 0 0 0 0 17 0 27 0 0 43 0 0 11 22 0 33 27 0 12 0 0 0 
P6886 2059 6 0 0 0 0 0 0 0 0 0 0 15 17 0 0 0 0 0 0 0 0 0 0 0 24 0 0 0 0 0 0 -999 
P6886 2059 7 0 0 0 0 0 0 0 0 0 0 0 0 0 0 0 0 0 0 0 0 0 0 0 0 0 0 0 0 0 0 3 
P6886 2059 8 0 0 0 13 0 0 0 0 0 0 0 0 0 0 0 0 0 0 0 0 0 0 13 21 0 52 0 0 0 0 0 
P6886 2059 9 0 0 0 0 0 0 0 0 0 19 0 0 0 0 0 0 0 0 0 0 0 0 0 0 0 0 0 0 0 0 -999 
P6886 2059 10 0 0 0 0 0 0 64 9 0 0 0 0 0 0 0 27 32 15 6 0 0 0 0 0 0 0 0 84 45 46 38 
P6886 2059 11 0 43 0 59 0 8 0 0 5 0 0 0 0 0 0 12 0 0 8 10 6 0 0 0 0 0 0 0 0 0 -999 
P6886 2059 12 0 0 16 37 0 0 0 10 0 60 0 48 22 0 0 0 0 0 0 0 0 0 0 26 36 72 69 44 55 45 0 
P6886 2060 1 0 0 32 0 0 0 0 0 35 23 88 89 110 60 24 0 9 0 12 0 0 0 0 0 8 0 6 0 0 0 0 
P6886 2060 2 69 0 0 0 0 0 0 18 0 0 20 25 4 0 1 0 0 0 0 17 0 0 11 13 0 8 22 0 -999 -999 -999 
P6886 2060 3 32 35 19 8 0 0 0 0 17 0 0 0 0 3 0 0 0 0 0 0 33 44 70 53 0 23 0 0 0 0 3 
P6886 2060 4 0 0 0 0 0 0 0 0 0 45 0 0 0 27 60 70 0 0 0 0 0 0 0 0 0 42 0 0 6 0 -999 
P6886 2060 5 0 14 0 42 31 0 16 0 0 0 25 18 5 0 0 0 0 0 0 7 0 0 0 0 0 0 0 0 0 0 0 
P6886 2060 6 0 0 0 0 0 0 0 0 0 0 0 0 0 0 0 0 0 0 27 0 19 0 0 0 0 0 0 0 26 0 -999 
P6886 2060 7 0 0 0 0 0 0 0 0 0 0 0 0 0 0 0 0 0 15 0 10 6 7 0 0 22 0 10 0 0 0 0 
P6886 2060 8 0 0 0 0 0 0 0 14 0 0 0 0 0 0 0 0 0 0 0 0 0 12 0 0 0 0 0 0 0 0 0 
P6886 2060 9 0 0 0 0 0 0 0 0 0 0 0 0 17 23 0 0 19 0 0 0 0 0 0 0 0 21 0 0 15 0 -999 
P6886 2060 10 0 0 0 0 0 3 0 0 0 8 0 0 0 0 0 0 0 0 0 0 0 0 0 0 0 0 0 0 0 0 31 
P6886 2060 11 0 15 0 23 0 51 0 43 84 64 31 65 20 9 12 0 136 0 157 62 16 0 7 0 0 0 0 23 17 0 -999 
P6886 2060 12 0 10 0 20 0 130 83 0 0 0 0 0 0 0 0 0 30 15 0 0 0 16 22 0 17 26 0 42 0 0 0 
P6886 2061 1 7 18 20 14 11 19 0 0 0 5 15 17 0 0 0 1 0 0 3 0 26 17 0 0 0 0 0 0 1 0 12 
P6886 2061 2 0 35 22 0 0 0 0 14 0 40 74 52 0 26 30 0 0 0 0 0 0 0 0 0 21 13 0 32 -999 -999 -999 
P6886 2061 3 44 0 0 0 0 0 0 13 50 0 0 0 11 20 0 27 57 46 20 0 19 36 44 71 119 0 18 10 0 0 26 
P6886 2061 4 30 52 69 49 18 0 16 0 19 0 37 47 0 0 0 0 0 0 0 0 0 0 0 0 0 0 26 0 10 0 -999 
P6886 2061 5 20 20 0 0 0 0 0 0 0 0 0 7 0 20 17 0 18 0 0 0 0 1 0 0 0 0 0 9 0 0 0 
P6886 2061 6 0 0 0 0 0 5 0 0 0 17 0 0 0 0 0 0 0 0 0 0 0 0 0 15 0 0 0 0 0 0 -999 
P6886 2061 7 0 0 0 0 0 4 0 0 0 0 0 0 0 0 0 0 0 0 0 0 0 0 0 0 0 0 9 0 0 11 0 
P6886 2061 8 0 0 0 0 0 0 0 0 0 0 0 0 0 0 0 0 0 0 0 0 0 0 0 0 0 0 0 0 0 0 0 
P6886 2061 9 0 5 0 0 0 0 0 0 8 0 0 0 0 25 0 0 9 0 0 0 0 25 0 0 0 42 39 0 0 33 -999 
P6886 2061 10 0 0 7 11 0 15 21 0 0 0 0 0 0 0 0 58 55 40 63 99 25 18 91 115 14 0 0 69 110 40 13 
P6886 2061 11 78 45 0 0 0 0 19 29 48 94 39 16 0 0 25 55 69 0 5 0 15 0 12 4 0 0 0 53 22 0 -999 
P6886 2061 12 0 4 0 0 0 0 0 0 7 0 29 37 12 10 10 10 17 0 17 26 66 82 0 2 0 0 4 0 21 65 25 
P6886 2062 1 19 31 0 0 0 0 0 0 0 0 2 4 4 0 5 0 0 0 0 0 0 0 0 0 32 99 76 77 64 0 0 
P6886 2062 2 48 0 0 47 0 34 0 0 34 0 28 7 6 0 0 32 0 0 10 0 0 0 42 0 48 0 0 11 -999 -999 -999 
P6886 2062 3 0 0 18 0 30 0 3 0 8 25 69 91 167 184 0 0 0 21 44 0 5 24 60 0 0 0 0 0 0 0 0 
P6886 2062 4 0 0 0 0 12 0 0 0 0 13 0 0 0 0 13 0 6 0 0 0 0 4 0 0 0 0 0 37 52 74 -999 
P6886 2062 5 0 0 0 0 8 0 0 0 0 30 10 0 0 5 12 0 0 12 0 7 0 0 0 0 0 15 0 0 0 0 0 
P6886 2062 6 0 0 0 27 16 0 0 0 0 0 0 0 0 0 0 16 0 0 0 10 0 0 0 0 0 0 0 0 0 0 -999 
P6886 2062 7 0 17 0 19 0 0 0 0 0 0 0 0 0 0 0 0 0 17 0 0 0 0 0 0 19 0 0 0 0 0 0 
P6886 2062 8 0 0 0 9 0 0 0 0 0 0 0 0 0 0 0 0 0 0 0 0 0 0 0 0 1 0 0 0 0 5 0 
P6886 2062 9 0 0 0 0 0 0 0 0 0 0 0 0 9 0 15 0 0 0 3 0 0 0 0 11 0 0 0 0 0 0 -999 
P6886 2062 10 0 0 0 64 0 102 33 0 0 20 0 0 0 0 0 0 51 0 5 31 20 0 42 16 0 0 0 0 0 16 0 
P6886 2062 11 0 7 0 0 0 0 0 0 0 0 9 0 54 74 38 21 0 61 54 0 0 0 61 0 0 0 0 0 0 0 -999 
P6886 2062 12 0 23 0 0 0 0 0 0 20 0 35 20 2 0 0 41 51 129 24 6 0 0 0 0 0 0 0 0 0 0 28 
P6886 2063 1 0 56 87 32 21 0 99 0 169 38 24 25 50 57 74 0 0 70 127 47 0 111 0 0 95 55 0 10 0 74 59 
P6886 2063 2 119 44 0 0 10 45 17 0 17 0 0 47 36 89 101 0 19 0 0 0 0 0 0 0 10 0 0 0 -999 -999 -999 
P6886 2063 3 0 0 0 0 0 0 0 31 12 0 0 0 0 44 47 81 0 0 0 0 0 0 12 41 167 93 48 59 64 82 96 
P6886 2063 4 0 0 24 29 0 93 0 0 84 0 0 0 6 0 0 0 23 11 0 0 7 0 13 0 0 0 6 0 24 50 -999 
P6886 2063 5 47 50 0 11 0 0 0 0 0 0 0 0 34 0 15 17 0 0 9 0 25 0 21 0 13 0 0 0 0 0 0 
P6886 2063 6 0 0 9 0 0 0 0 0 0 0 0 0 0 0 0 0 0 0 0 0 0 0 0 0 0 0 0 0 0 0 -999 
P6886 2063 7 0 0 15 0 0 0 0 0 0 0 0 0 0 0 0 0 0 0 0 0 0 0 0 0 0 0 0 0 0 0 0 
P6886 2063 8 0 0 0 0 0 0 0 0 0 0 0 16 0 0 0 0 0 0 0 0 0 0 0 0 0 0 0 0 0 0 0 
P6886 2063 9 0 0 0 0 0 12 0 0 0 0 0 0 0 0 0 13 0 0 29 0 19 0 15 0 0 0 0 17 11 0 -999 
P6886 2063 10 0 0 0 0 0 0 0 0 0 0 0 0 0 123 33 0 24 0 12 0 13 0 0 0 0 0 0 0 0 0 0 
P6886 2063 11 0 8 0 0 0 0 2 0 0 0 0 0 0 30 0 7 7 0 11 0 0 24 9 0 0 0 11 0 0 0 -999 
P6886 2063 12 4 0 0 0 0 0 0 3 0 0 0 5 0 0 0 3 0 0 0 0 0 0 3 0 0 0 0 0 0 0 0 
P6886 2064 1 0 3 2 4 0 0 0 0 0 0 0 0 0 0 61 55 0 0 0 0 0 0 0 0 0 25 24 0 0 39 21 
P6886 2064 2 24 44 23 13 0 14 10 8 0 1 0 0 0 0 0 0 0 0 0 0 0 0 0 0 0 1 0 0 -999 -999 -999 
P6886 2064 3 12 0 0 0 0 22 36 56 60 70 0 20 0 36 43 0 49 0 35 0 32 0 18 16 0 73 0 0 29 0 27 
P6886 2064 4 0 0 0 90 49 26 0 0 0 0 0 17 0 0 0 0 12 7 0 20 32 0 33 0 0 0 0 0 0 0 -999 
P6886 2064 5 0 0 0 0 0 0 27 21 7 0 0 0 0 0 0 0 0 0 0 20 0 0 0 0 0 0 0 0 0 0 9 
P6886 2064 6 0 0 16 0 0 0 0 0 0 0 0 0 0 0 0 0 0 0 0 0 0 0 0 0 0 0 0 0 0 0 -999 
P6886 2064 7 8 0 0 0 0 0 0 0 0 0 0 0 0 0 0 0 0 0 0 0 0 0 0 0 0 0 0 0 0 0 0 
P6886 2064 8 0 0 0 0 0 0 0 0 0 0 0 0 0 0 0 0 0 0 0 0 0 0 0 0 0 0 0 0 0 0 0 
P6886 2064 9 0 0 0 0 10 0 0 0 0 0 0 7 11 0 0 0 13 0 0 0 29 0 0 0 0 0 0 11 0 7 -999 
P6886 2064 10 0 0 0 0 0 23 0 0 0 0 5 0 0 0 9 15 0 0 13 0 15 14 0 41 0 0 0 19 0 55 0 
P6886 2064 11 17 21 0 32 43 0 0 1 0 0 0 0 42 121 38 5 0 0 0 0 11 0 0 0 0 0 23 27 10 0 -999 
P6886 2064 12 23 0 0 58 96 85 0 205 189 64 25 0 0 25 13 33 0 0 0 2 0 0 0 0 0 5 0 0 0 0 0 
P6886 2065 1 0 0 0 0 0 0 11 0 38 50 37 47 48 92 0 28 0 15 0 0 0 0 10 0 0 0 7 17 43 40 63 
P6886 2065 2 29 0 0 0 0 0 0 0 0 0 0 57 90 0 74 99 107 110 83 79 15 0 0 0 24 0 0 0 -999 -999 -999 
P6886 2065 3 0 0 0 0 0 0 0 0 0 0 0 3 9 2 3 0 0 0 0 8 0 0 0 0 0 0 0 0 0 0 0 
P6886 2065 4 9 0 0 0 32 66 0 0 0 0 0 0 18 22 0 0 16 0 25 0 0 0 0 0 0 0 0 10 14 0 -999 
P6886 2065 5 0 0 0 0 0 0 0 0 0 0 0 0 7 0 0 0 0 0 0 0 0 0 0 9 0 0 0 0 0 0 0 
P6886 2065 6 0 0 0 0 0 0 0 0 12 0 0 0 0 0 0 0 0 8 0 0 0 8 0 0 0 9 0 0 0 20 -999 
P6886 2065 7 0 0 0 0 7 0 0 0 0 0 0 0 0 0 0 0 0 0 0 0 0 0 0 0 0 0 0 0 0 0 0 
P6886 2065 8 0 0 0 0 0 0 0 18 0 0 0 0 0 0 0 0 0 0 0 0 0 0 0 0 0 0 0 5 0 0 0 
P6886 2065 9 0 0 0 0 0 0 0 0 0 0 0 0 0 0 0 0 0 0 0 0 0 0 0 0 0 0 8 0 0 0 -999 
P6886 2065 10 0 3 0 0 0 45 0 0 0 0 0 39 24 0 67 0 11 19 45 74 0 19 0 110 32 44 73 19 0 92 42 
P6886 2065 11 33 0 7 0 0 0 0 0 0 0 0 0 0 0 0 0 0 0 0 0 85 66 15 9 37 0 69 31 0 28 -999 
P6886 2065 12 0 8 0 10 3 7 0 0 0 0 0 105 62 0 0 0 26 27 62 84 50 141 108 0 226 287 177 0 0 0 0 
P6886 2066 1 0 0 0 0 0 0 0 0 28 42 65 86 0 46 69 0 0 58 144 30 31 123 87 20 0 0 0 0 0 21 26 
P6886 2066 2 39 27 0 0 20 23 0 0 58 38 40 27 23 0 0 0 11 0 0 0 0 0 4 7 120 57 28 0 -999 -999 -999 
P6886 2066 3 0 0 2 0 0 0 87 0 0 0 0 0 0 0 0 0 0 0 0 0 0 0 0 6 0 0 0 0 0 0 0 
P6886 2066 4 0 0 0 0 0 29 0 28 5 0 0 10 0 16 17 20 18 14 0 21 0 0 8 10 21 0 27 0 83 60 -999 
P6886 2066 5 0 7 21 0 0 22 0 0 17 0 0 0 5 0 0 0 0 0 0 12 8 0 0 0 0 0 0 0 0 0 0 
P6886 2066 6 0 0 0 0 0 0 0 0 0 0 0 0 21 0 14 0 0 0 0 0 0 0 0 0 0 0 0 0 0 0 -999 
P6886 2066 7 0 0 0 0 0 0 0 0 0 0 0 0 0 0 0 0 0 0 0 0 0 0 0 0 20 0 0 6 0 0 0 
P6886 2066 8 0 0 0 0 0 0 0 0 0 0 0 0 0 11 0 0 0 0 0 0 0 0 0 0 0 0 0 0 0 0 0 
P6886 2066 9 0 0 0 0 0 0 3 0 0 0 0 0 0 0 0 0 0 4 0 0 19 0 0 0 0 0 0 15 22 0 -999 
P6886 2066 10 17 0 0 0 0 0 0 0 0 0 0 0 0 0 14 0 0 16 0 9 0 0 0 0 0 0 30 73 0 7 0 
P6886 2066 11 0 0 12 0 98 49 40 0 24 19 56 0 53 0 0 0 0 0 0 0 10 0 0 0 4 0 0 0 0 0 -999 
P6886 2066 12 0 0 19 31 0 0 9 2 0 0 0 11 0 60 118 151 165 182 106 48 34 0 7 10 0 0 12 42 0 132 104 
P6886 2067 1 28 135 44 19 0 41 0 0 0 24 33 0 50 0 54 0 61 29 78 154 122 0 61 93 124 107 139 44 21 56 91 
P6886 2067 2 101 60 160 47 8 0 0 68 0 87 95 22 75 0 0 12 19 77 125 0 117 63 40 0 44 130 93 7 -999 -999 -999 
P6886 2067 3 0 0 17 0 0 0 0 5 0 16 25 32 94 23 0 0 0 2 5 0 6 0 0 10 0 0 6 6 0 0 0 
P6886 2067 4 0 0 0 0 55 0 0 0 15 0 0 0 0 33 0 0 9 13 12 16 27 0 0 0 0 0 0 0 15 11 -999 
P6886 2067 5 0 0 15 10 12 0 2 0 13 16 16 0 0 0 0 0 0 0 44 38 0 13 0 9 11 14 0 14 29 0 0 
P6886 2067 6 0 0 42 18 0 0 0 0 0 0 0 0 12 0 0 0 0 19 0 0 0 0 0 3 4 0 0 0 0 0 -999 
P6886 2067 7 24 0 0 0 0 0 0 0 0 0 0 0 0 0 0 0 0 0 7 0 7 24 0 0 0 0 0 0 0 0 0 
P6886 2067 8 4 0 0 11 0 0 0 0 0 0 0 7 0 0 0 0 0 0 0 0 0 0 0 0 0 16 0 0 0 0 0 
P6886 2067 9 16 0 0 0 0 0 0 0 0 0 0 0 12 16 0 11 0 0 0 4 0 5 0 0 3 5 4 0 0 8 -999 
P6886 2067 10 10 10 0 0 0 2 0 0 0 0 0 0 0 0 0 9 0 0 2 0 0 0 10 0 12 0 4 0 0 0 29 
P6886 2067 11 0 26 12 0 31 24 20 0 0 0 0 0 0 8 13 0 10 0 0 0 0 0 24 40 54 0 0 0 0 0 -999 
P6886 2067 12 11 0 0 34 56 18 10 42 0 0 0 0 51 6 0 0 0 5 0 0 0 0 0 0 0 21 76 37 0 0 0 
P6886 2068 1 0 2 0 17 0 131 115 36 0 0 0 0 10 0 0 0 2 0 0 0 0 0 0 0 41 26 22 8 16 28 13 
P6886 2068 2 0 0 0 0 26 24 15 0 0 0 0 0 0 0 0 0 0 0 0 0 0 15 0 0 0 15 82 43 -999 -999 -999 
P6886 2068 3 0 63 0 53 162 124 0 28 0 0 15 26 0 10 7 0 82 107 60 0 18 66 89 0 16 30 0 0 0 0 0 
P6886 2068 4 58 43 13 0 4 3 0 0 61 47 0 0 17 0 0 0 3 4 0 2 0 0 0 18 0 0 0 0 0 0 -999 
P6886 2068 5 0 19 24 0 16 26 0 0 16 5 0 0 0 38 21 0 35 0 15 0 11 0 0 0 0 10 11 0 0 0 0 
P6886 2068 6 28 19 0 29 0 13 0 0 0 0 0 0 0 0 0 14 0 12 0 0 0 0 9 0 0 0 0 0 0 0 -999 
P6886 2068 7 0 0 0 0 0 0 0 5 0 0 0 0 0 0 0 0 0 0 0 0 0 12 0 0 0 0 0 7 0 0 0 
P6886 2068 8 0 0 0 0 0 0 0 0 0 0 0 0 0 0 0 0 0 7 0 0 0 0 0 0 0 0 0 0 0 0 0 
P6886 2068 9 0 0 9 0 11 0 0 0 0 48 0 0 0 0 21 0 0 29 0 5 0 6 0 0 0 0 0 0 7 0 -999 
P6886 2068 10 0 0 0 5 0 0 0 0 0 27 42 14 0 0 0 0 0 4 0 12 35 0 0 0 0 8 0 0 0 0 0 
P6886 2068 11 0 0 0 11 0 0 0 0 0 11 0 15 0 0 0 0 0 0 0 28 23 18 4 0 0 0 10 0 0 0 -999 
P6886 2068 12 0 4 0 0 0 23 0 86 45 0 0 0 51 81 41 16 0 0 0 0 0 18 38 0 106 53 0 0 28 23 0 
P6886 2069 1 55 0 15 0 0 0 0 0 0 5 0 0 0 0 8 1 0 0 0 0 22 0 0 0 0 0 0 0 79 12 21 
P6886 2069 2 0 9 48 132 172 38 51 0 109 0 2 0 16 0 0 0 0 24 29 24 44 29 0 0 0 25 0 0 -999 -999 -999 
P6886 2069 3 47 37 0 33 24 41 0 0 14 25 0 0 4 0 0 0 3 0 2 0 0 10 0 0 0 23 37 41 57 33 75 
P6886 2069 4 26 0 0 22 21 0 6 0 0 37 0 34 19 12 0 13 0 27 0 0 0 0 0 11 26 0 0 0 0 0 -999 
P6886 2069 5 0 8 0 0 0 0 0 0 0 0 12 0 28 0 0 0 0 17 0 0 0 0 9 0 0 0 0 0 7 0 0 
P6886 2069 6 0 0 0 0 0 0 0 0 0 0 0 0 0 0 0 20 0 0 0 0 0 0 0 0 0 0 0 0 0 0 -999 
P6886 2069 7 0 0 0 0 0 0 0 0 0 0 0 0 12 0 0 0 0 0 0 0 0 8 0 0 0 0 0 0 0 0 0 
P6886 2069 8 0 0 0 11 0 0 0 9 0 0 0 0 0 0 0 0 0 0 0 0 0 0 0 0 0 0 0 0 0 0 0 
P6886 2069 9 0 0 0 0 0 7 0 0 0 0 0 0 0 0 21 0 0 0 0 13 0 0 0 0 0 0 0 0 32 0 -999 
P6886 2069 10 0 0 8 0 0 0 0 0 5 0 0 12 9 0 0 30 19 49 107 90 53 41 68 8 0 0 76 109 103 73 0 
P6886 2069 11 0 13 0 73 27 23 86 88 77 12 5 27 0 0 0 0 0 17 0 0 66 68 0 0 4 0 9 0 0 0 -999 
P6886 2069 12 0 11 0 0 0 0 0 0 0 0 0 9 0 0 0 0 5 0 0 0 0 0 31 0 0 10 0 41 61 0 17 
P6886 2070 1 0 0 71 0 19 43 130 189 159 60 95 0 21 0 50 0 0 0 0 0 10 0 28 32 13 0 0 0 0 0 0 
P6886 2070 2 0 13 0 0 0 0 0 0 0 0 21 0 0 0 0 0 15 13 0 0 17 21 26 47 0 52 50 25 -999 -999 -999 
P6886 2070 3 45 40 21 15 0 0 7 6 0 0 52 25 0 0 66 53 0 72 107 115 163 0 22 14 0 17 0 33 0 33 18 
P6886 2070 4 0 26 32 0 0 16 0 52 84 40 0 0 21 51 36 0 29 33 22 11 33 37 41 0 0 0 0 27 0 0 -999 
P6886 2070 5 0 0 0 73 67 114 44 35 31 37 28 0 12 0 0 21 0 0 31 0 33 38 0 0 0 0 0 0 0 2 0 
P6886 2070 6 0 0 0 39 0 0 0 0 0 0 23 22 5 0 0 0 0 0 1 0 0 0 0 0 0 0 0 0 0 0 -999 
P6886 2070 7 0 0 0 2 0 0 0 12 0 0 0 0 0 0 0 0 0 0 0 0 0 7 0 0 0 0 0 0 0 0 0 
P6886 2070 8 0 0 0 0 0 0 0 0 0 0 0 0 8 0 0 0 0 0 0 0 0 0 0 0 0 0 0 3 0 0 9 
P6886 2070 9 0 0 0 0 0 0 0 0 0 0 0 6 0 0 0 10 0 0 12 0 0 0 0 0 0 0 0 0 0 0 -999 
P6886 2070 10 0 13 0 16 26 0 0 0 0 0 0 46 0 25 0 0 101 155 46 7 0 0 0 7 0 0 0 0 0 0 38 
P6886 2070 11 0 0 0 0 0 0 0 0 0 7 0 6 0 0 0 0 0 0 4 0 0 0 0 0 0 0 0 98 95 26 -999 
P6886 2070 12 32 79 0 0 12 0 0 52 0 0 83 0 42 31 0 0 0 0 51 70 31 105 59 0 0 50 0 0 121 143 0 
P6886 2071 1 0 0 24 31 38 18 13 22 43 93 61 55 73 35 18 0 0 0 21 0 0 14 0 0 31 62 96 38 20 0 0 
P6886 2071 2 0 0 0 0 31 52 0 0 31 63 84 0 39 20 49 0 75 0 34 37 17 0 0 0 16 0 14 0 -999 -999 -999 
P6886 2071 3 0 0 0 0 17 13 37 45 41 0 0 24 18 45 20 13 0 25 21 0 6 0 17 0 0 0 0 0 0 0 0 
P6886 2071 4 41 56 0 0 0 0 0 0 0 0 0 12 0 0 0 0 0 11 13 25 0 22 0 28 41 0 0 0 14 0 -999 
P6886 2071 5 17 18 0 0 27 0 38 28 27 20 15 0 9 10 0 0 0 0 0 0 0 0 11 0 0 0 0 0 0 0 19 
P6886 2071 6 23 0 0 23 0 0 0 0 23 0 0 0 41 48 37 0 0 0 0 0 0 9 6 0 0 0 7 0 0 0 -999 
P6886 2071 7 0 0 0 0 0 0 0 0 0 0 0 0 0 0 0 11 0 0 0 0 0 0 0 0 0 0 0 0 0 0 0 
P6886 2071 8 10 0 0 0 0 0 0 0 0 0 0 0 0 0 0 0 0 0 0 0 0 0 0 0 0 0 0 0 0 0 0 
P6886 2071 9 0 0 6 0 0 0 0 0 0 10 14 0 0 8 0 0 8 0 0 0 0 0 0 0 0 0 0 0 0 0 -999 
P6886 2071 10 0 0 11 0 0 0 0 0 0 19 0 0 0 0 0 0 65 18 16 0 0 59 0 7 0 0 16 0 0 31 0 
P6886 2071 11 32 77 98 78 48 25 22 8 5 0 9 0 0 0 0 0 0 6 0 36 38 0 0 40 29 19 4 8 17 0 -999 
P6886 2071 12 0 0 32 0 0 141 131 93 76 162 146 177 108 85 48 66 87 113 0 27 0 0 90 125 0 135 53 14 0 30 89 
P6886 2072 1 51 36 16 0 0 0 11 0 0 33 0 0 0 0 0 0 0 21 0 58 0 19 28 11 19 97 51 0 49 15 37 
P6886 2072 2 0 54 65 0 0 0 11 0 3 4 0 0 0 0 0 0 4 9 0 39 0 0 0 0 0 10 7 0 -999 -999 -999 
P6886 2072 3 0 8 5 0 0 0 0 0 0 0 0 7 16 11 0 0 0 0 17 0 0 0 0 43 0 0 33 0 0 39 29 
P6886 2072 4 15 0 10 28 0 0 0 0 0 27 0 3 0 0 0 0 0 0 0 0 0 15 23 4 0 0 0 0 0 0 -999 
P6886 2072 5 28 30 0 6 0 30 12 0 0 33 13 0 0 0 0 0 0 0 0 0 0 3 7 0 0 0 0 0 0 0 0 
P6886 2072 6 0 0 0 0 12 0 0 0 0 0 0 23 0 8 0 0 0 0 0 0 0 8 0 0 0 14 0 0 0 0 -999 
P6886 2072 7 0 0 0 12 0 0 0 0 0 0 0 0 0 0 0 0 0 0 0 0 0 0 0 7 0 0 0 0 0 20 0 
P6886 2072 8 0 0 0 0 0 0 0 0 0 0 0 0 0 0 0 0 0 0 0 0 0 2 0 14 0 0 0 0 0 0 0 
P6886 2072 9 0 0 0 0 0 0 0 0 0 29 0 0 0 0 0 0 0 0 10 0 33 0 10 0 0 56 0 0 0 0 -999 
P6886 2072 10 6 0 0 0 0 0 0 0 0 0 0 0 0 10 23 0 13 23 0 0 0 0 6 0 0 0 15 0 0 0 0 
P6886 2072 11 0 14 0 0 5 28 0 0 0 41 37 0 0 53 0 0 0 0 0 49 0 0 25 29 33 0 0 8 0 0 -999 
P6886 2072 12 0 0 30 0 0 0 0 12 15 0 0 0 13 15 0 0 0 0 0 24 102 0 14 31 100 81 17 0 0 52 47 
P6886 2073 1 0 0 0 0 0 0 0 0 0 0 6 0 0 0 18 31 8 0 27 24 29 36 0 0 5 9 0 8 0 0 16 
P6886 2073 2 36 98 80 55 35 23 5 0 0 0 0 0 35 27 0 0 0 0 17 0 0 0 0 0 0 0 55 0 -999 -999 -999 
P6886 2073 3 0 18 5 0 0 0 0 27 47 45 0 21 38 0 0 19 0 0 14 19 0 0 3 29 47 29 108 128 124 7 3 
P6886 2073 4 7 11 0 14 20 50 0 25 0 0 40 37 46 0 0 0 0 0 0 0 0 20 0 0 62 41 0 9 0 0 -999 
P6886 2073 5 0 0 0 0 0 0 20 0 0 0 0 0 0 56 33 82 56 14 0 9 0 0 0 7 0 0 0 9 6 0 2 
P6886 2073 6 0 0 0 0 0 0 0 0 0 0 0 0 0 0 0 0 0 0 0 0 0 0 0 0 0 12 0 0 0 0 -999 
P6886 2073 7 0 0 0 0 0 0 0 0 0 0 0 0 0 0 0 0 0 0 0 7 0 0 0 0 0 21 0 0 0 0 0 
P6886 2073 8 0 0 0 0 0 0 0 0 0 0 0 13 0 0 0 0 0 7 8 18 0 0 0 0 0 0 0 0 0 0 0 
P6886 2073 9 11 0 7 0 0 0 0 0 0 0 9 0 0 0 0 39 0 23 0 0 0 0 0 33 0 6 0 6 15 5 -999 
P6886 2073 10 0 0 0 0 0 0 0 0 43 7 0 21 0 0 0 0 0 0 0 0 0 0 0 0 0 0 7 0 8 0 0 
P6886 2073 11 0 41 0 0 0 0 0 0 0 0 0 0 13 0 0 81 25 0 87 71 88 101 20 15 22 23 32 0 0 0 -999 
P6886 2073 12 0 0 9 0 0 0 0 15 0 11 0 0 36 25 0 0 0 0 27 29 0 0 9 10 0 0 3 31 92 128 350 
P6886 2074 1 154 0 51 160 163 147 53 19 49 0 0 34 17 0 9 0 0 0 0 0 0 0 0 0 0 19 28 0 38 7 0 
P6886 2074 2 0 4 0 0 0 9 8 0 13 0 0 20 32 0 0 26 0 0 23 24 0 28 15 0 24 116 123 166 -999 -999 -999 
P6886 2074 3 141 0 13 0 0 46 53 0 14 0 13 0 59 0 0 0 18 0 0 0 0 82 0 70 40 0 1 0 0 11 0 
P6886 2074 4 0 25 0 0 17 3 0 22 26 0 0 0 0 0 29 78 0 40 69 72 21 9 13 3 0 0 0 13 0 0 -999 
P6886 2074 5 0 0 10 0 0 0 0 0 0 0 0 37 37 35 39 21 19 0 0 0 25 13 0 10 0 0 0 0 0 0 0 
P6886 2074 6 0 0 0 0 0 0 0 0 9 0 0 0 0 0 0 0 0 0 14 0 0 0 0 8 0 0 0 0 0 0 -999 
P6886 2074 7 7 6 0 0 0 5 0 0 0 0 0 0 0 12 0 0 0 0 0 0 0 0 0 0 0 13 0 0 0 0 3 
P6886 2074 8 0 0 0 0 0 0 0 0 0 0 0 0 0 0 0 0 0 0 0 0 0 10 0 0 0 0 10 0 0 0 0 
P6886 2074 9 11 0 0 0 0 0 0 0 5 0 0 0 3 0 9 0 0 0 0 0 0 0 0 0 0 0 0 0 0 0 -999 
P6886 2074 10 0 0 0 0 0 0 0 0 0 0 0 0 0 0 0 0 0 0 0 0 0 0 34 0 0 0 0 0 7 16 0 
P6886 2074 11 0 0 0 0 14 3 0 0 0 0 17 0 0 0 37 0 31 10 0 86 0 11 19 0 31 10 0 17 4 0 -999 
P6886 2074 12 0 0 0 0 0 0 0 0 0 0 0 61 61 0 0 0 0 0 6 5 0 0 3 0 3 0 0 0 0 53 0 
P6886 2075 1 0 0 0 0 0 0 0 0 15 0 0 23 27 0 62 0 15 15 0 0 0 0 40 23 0 0 0 7 7 0 0 
P6886 2075 2 0 0 0 0 48 93 66 73 75 46 131 169 124 17 11 0 0 13 25 45 30 0 33 0 61 11 8 6 -999 -999 -999 
P6886 2075 3 0 0 15 7 7 17 0 0 0 0 9 0 0 5 14 0 0 0 41 31 24 67 42 0 53 0 26 0 0 0 21 
P6886 2075 4 0 0 43 29 23 46 79 108 79 0 0 0 13 7 0 5 0 17 0 56 0 19 0 0 12 14 0 0 0 7 -999 
P6886 2075 5 0 0 33 0 0 0 12 0 0 0 30 26 0 0 0 0 0 0 0 0 0 0 16 0 0 0 0 10 0 0 13 
P6886 2075 6 0 0 31 0 13 0 0 0 0 0 13 0 14 0 0 0 0 0 0 0 0 0 0 0 0 0 0 0 0 0 -999 
P6886 2075 7 0 0 0 0 0 0 0 0 0 0 0 0 0 0 0 0 0 0 0 0 0 0 0 0 0 0 0 0 0 0 0 
P6886 2075 8 0 0 0 0 0 7 0 0 0 0 0 8 0 0 6 0 0 10 0 0 0 0 0 0 0 0 0 0 0 0 0 
P6886 2075 9 0 0 0 0 0 0 0 0 0 0 25 0 0 0 0 0 5 0 0 0 0 0 0 0 0 0 0 0 0 0 -999 
P6886 2075 10 0 0 28 0 0 0 0 102 97 0 14 0 0 33 0 0 0 17 0 0 0 0 0 0 15 23 0 0 0 96 0 
P6886 2075 11 15 0 0 0 0 63 62 0 0 0 0 0 0 0 126 0 0 21 25 0 54 72 56 35 0 7 0 0 3 0 -999 
P6886 2075 12 0 32 77 71 29 0 0 77 0 21 24 25 19 45 72 35 28 27 0 0 0 3 0 2 1 0 0 0 0 0 0 
P6886 2076 1 0 0 0 0 14 20 0 0 10 0 0 8 0 0 0 0 0 0 0 0 0 6 2 0 0 1 5 0 0 0 62 
P6886 2076 2 122 54 17 0 0 0 0 0 9 6 0 0 0 0 0 0 3 6 0 37 23 0 0 0 0 0 0 0 -999 -999 -999 
P6886 2076 3 0 0 14 20 0 25 33 26 23 35 0 0 0 0 0 9 0 0 0 0 0 21 31 0 24 0 13 8 0 2 0 
P6886 2076 4 0 0 0 0 0 0 0 0 18 20 10 0 23 16 0 51 29 24 24 0 0 2 0 0 11 19 0 0 7 0 -999 
P6886 2076 5 35 61 28 0 0 11 0 6 0 0 0 0 0 0 15 0 0 0 17 0 0 0 0 0 0 8 0 0 0 5 0 
P6886 2076 6 0 0 0 0 0 0 0 0 0 0 0 0 0 0 0 0 0 0 0 0 0 0 0 0 0 0 0 0 0 0 -999 
P6886 2076 7 0 0 0 0 6 0 0 8 0 0 0 0 0 0 0 0 0 0 0 0 0 0 0 0 0 0 0 0 0 0 0 
P6886 2076 8 0 0 0 0 0 0 0 0 0 0 0 0 15 0 0 0 0 0 0 0 0 0 0 0 0 0 0 0 0 0 26 
P6886 2076 9 37 18 11 0 0 0 0 0 0 0 0 0 0 0 0 0 0 0 0 20 0 0 0 0 0 0 0 0 0 0 -999 
P6886 2076 10 0 0 0 0 47 0 36 0 0 0 0 0 0 0 0 0 0 0 5 0 0 0 0 0 0 17 52 99 31 0 0 
P6886 2076 11 0 0 17 0 0 0 0 0 0 0 0 16 0 7 0 0 18 0 17 0 16 29 24 8 0 0 43 59 0 0 -999 
P6886 2076 12 8 0 0 0 0 0 4 24 48 0 54 66 22 0 0 0 0 0 0 0 0 0 0 0 13 13 0 27 21 0 0 
P6886 2077 1 0 0 0 0 0 0 0 0 22 2 0 0 0 7 0 18 0 0 1 0 0 0 0 0 0 0 0 0 0 0 28 
P6886 2077 2 34 36 44 48 22 33 81 50 36 53 18 0 0 0 18 0 0 73 121 42 31 11 12 0 47 0 0 0 -999 -999 -999 
P6886 2077 3 0 0 0 0 0 23 0 0 0 0 14 0 13 0 11 0 0 0 51 0 0 0 43 27 0 8 0 0 0 2 0 
P6886 2077 4 0 0 0 0 0 0 4 0 0 0 0 0 0 6 0 26 22 22 24 17 0 11 0 0 0 38 71 0 0 0 -999 
P6886 2077 5 0 0 40 0 5 0 23 0 36 32 0 0 0 0 0 0 0 31 0 28 0 10 0 0 3 0 0 0 0 0 0 
P6886 2077 6 0 0 49 36 0 0 23 0 0 0 0 0 0 26 0 0 0 0 0 0 0 3 0 0 0 0 22 15 0 0 -999 
P6886 2077 7 0 0 0 0 0 0 0 0 0 0 0 0 0 7 0 0 0 0 0 0 0 0 0 0 0 0 0 0 0 0 0 
P6886 2077 8 0 0 0 0 0 0 0 0 0 0 0 0 0 0 0 0 0 0 0 0 0 0 0 0 0 0 0 0 0 0 0 
P6886 2077 9 12 0 16 0 0 0 0 0 0 0 0 0 0 0 0 0 0 0 0 0 0 22 0 0 0 0 0 0 0 0 -999 
P6886 2077 10 0 32 0 15 0 0 0 0 0 0 6 0 0 0 0 0 15 33 34 13 0 39 49 26 0 0 0 0 0 23 0 
P6886 2077 11 50 35 27 0 0 0 12 31 109 92 65 0 0 0 0 0 0 16 0 45 0 0 56 62 0 0 17 0 0 53 -999 
P6886 2077 12 50 105 84 56 31 99 110 133 18 0 0 0 0 0 0 0 0 0 0 0 0 0 0 0 0 0 10 0 0 0 38 
P6886 2078 1 141 198 168 134 0 0 20 39 125 69 0 18 0 0 100 76 59 27 0 12 23 12 3 0 0 0 0 0 5 0 2 
P6886 2078 2 0 0 0 0 4 4 0 0 0 0 0 0 0 4 0 7 0 7 0 0 0 0 22 18 96 149 66 47 -999 -999 -999 
P6886 2078 3 0 0 0 0 0 20 0 77 0 0 0 0 0 31 0 55 95 105 72 79 60 0 0 0 23 19 10 0 0 0 0 
P6886 2078 4 0 0 0 13 27 24 0 0 0 0 22 15 23 65 16 27 0 0 23 0 0 7 0 40 0 0 0 0 0 18 -999 
P6886 2078 5 53 82 42 0 0 0 0 20 31 0 0 0 0 0 0 0 0 49 0 8 0 0 1 0 0 0 0 0 0 0 0 
P6886 2078 6 0 0 24 0 0 0 0 0 0 0 0 0 7 0 0 0 0 0 0 0 0 0 5 0 0 0 0 0 0 0 -999 
P6886 2078 7 0 0 0 0 0 0 0 0 0 0 0 0 0 0 0 0 0 0 0 0 0 0 0 0 0 0 0 7 0 0 0 
P6886 2078 8 0 0 0 0 0 0 0 0 0 0 0 0 0 0 0 0 0 12 0 0 0 0 0 0 0 0 0 0 0 0 0 
P6886 2078 9 0 0 7 0 0 0 0 0 0 0 0 0 0 0 0 10 18 0 0 0 0 0 0 0 0 0 0 0 0 0 -999 
P6886 2078 10 0 0 0 0 0 0 0 0 26 54 0 0 15 45 0 0 0 63 19 0 85 0 0 22 0 4 0 0 0 0 0 
P6886 2078 11 0 43 9 0 0 0 0 0 0 0 0 0 5 7 8 17 36 71 32 8 12 0 0 0 0 0 0 0 0 0 -999 
P6886 2078 12 0 6 4 0 11 0 0 6 8 25 60 23 18 27 27 0 34 18 0 0 19 30 12 32 14 93 122 54 27 197 168 
P6886 2079 1 16 11 0 49 0 0 0 0 0 0 0 0 0 0 0 1 0 0 0 23 26 0 4 0 0 0 6 9 8 0 0 
P6886 2079 2 0 0 0 0 0 0 0 0 0 0 6 6 0 0 0 0 5 0 0 0 0 13 19 40 33 0 12 0 -999 -999 -999 
P6886 2079 3 0 0 0 9 26 12 0 0 0 1 0 0 0 0 4 0 0 0 0 0 0 7 10 0 0 0 9 0 0 5 0 
P6886 2079 4 0 0 23 0 0 0 0 0 0 0 7 0 14 24 0 0 25 19 0 25 0 0 0 44 0 0 0 0 0 0 -999 
P6886 2079 5 0 11 9 7 24 0 0 0 7 0 0 0 0 0 0 0 0 0 14 0 0 0 0 0 0 8 0 0 3 0 0 
P6886 2079 6 0 0 0 0 0 0 0 0 0 0 0 0 0 0 0 0 0 0 0 0 0 0 0 0 0 0 0 0 28 0 -999 
P6886 2079 7 4 0 0 0 0 0 0 0 0 0 0 0 0 0 0 0 0 0 9 0 0 0 0 0 0 0 0 0 0 0 0 
P6886 2079 8 0 0 0 0 0 0 0 0 0 0 0 0 0 0 0 0 0 0 0 0 0 13 0 0 0 0 4 0 34 21 0 
P6886 2079 9 0 0 0 0 0 0 0 0 0 0 0 0 0 0 0 0 0 0 0 0 0 0 0 0 0 0 2 0 0 0 -999 
P6886 2079 10 0 0 5 0 0 0 0 6 0 0 0 0 0 0 0 0 0 0 0 53 32 0 0 19 14 0 0 0 0 0 0 
P6886 2079 11 25 0 32 45 81 88 92 0 0 0 0 0 47 68 45 43 68 111 0 0 0 20 40 20 33 0 0 0 1 0 -999 
P6886 2079 12 0 39 0 0 0 17 0 0 0 0 0 0 0 1 1 0 0 0 0 0 0 0 0 0 0 0 0 0 0 24 15 
P6886 2080 1 0 0 0 0 0 0 0 8 0 0 0 27 19 0 10 0 0 0 0 0 0 0 0 0 14 23 29 0 0 0 0 
P6886 2080 2 0 5 5 7 16 11 16 0 80 153 172 111 92 33 0 16 0 0 65 92 60 0 0 0 0 3 0 31 -999 -999 -999 
P6886 2080 3 63 61 0 37 44 39 56 52 105 117 98 94 24 0 0 0 0 3 0 0 0 0 0 0 0 11 0 13 0 26 16 
P6886 2080 4 0 0 0 0 8 10 0 0 0 24 35 40 0 0 0 0 0 0 0 0 0 35 43 24 0 21 0 0 0 0 -999 
P6886 2080 5 0 0 0 0 0 14 0 0 0 0 0 0 37 37 0 0 0 0 0 27 0 0 0 0 0 0 0 25 0 0 0 
P6886 2080 6 0 0 0 0 0 0 0 0 0 0 0 0 0 0 0 0 0 0 0 0 0 0 0 0 0 0 12 0 20 0 -999 
P6886 2080 7 0 0 0 0 0 6 0 12 0 0 0 0 0 0 0 0 0 0 0 10 0 9 0 0 0 0 0 0 0 0 0 
P6886 2080 8 0 0 0 0 0 0 0 0 0 0 0 0 0 0 0 0 0 0 0 0 0 0 0 0 0 0 0 0 0 0 0 
P6886 2080 9 0 0 0 0 0 0 0 0 0 0 0 0 0 4 0 0 0 0 0 0 5 0 0 0 0 0 0 0 0 0 -999 
P6886 2080 10 0 0 53 78 0 73 0 98 57 60 28 67 73 39 54 24 0 0 0 0 10 2 0 0 0 0 0 0 3 0 21 
P6886 2080 11 37 39 40 0 57 0 0 0 0 0 0 0 0 22 0 0 0 0 0 0 0 3 0 0 0 0 0 0 0 0 -999 
P6886 2080 12 20 37 98 108 129 121 161 0 78 0 0 0 0 37 11 0 3 0 0 0 0 0 0 0 29 98 27 0 24 33 0 
P6886 2081 1 109 93 174 115 0 0 0 0 0 16 0 0 0 43 0 0 0 0 0 150 136 60 50 36 0 69 0 0 50 21 58 
P6886 2081 2 10 10 25 21 0 78 56 35 32 10 0 0 0 11 0 0 14 0 17 22 0 9 46 0 0 8 0 0 -999 -999 -999 
P6886 2081 3 18 20 0 103 41 0 0 16 59 40 0 0 0 23 19 13 67 136 104 0 94 159 102 0 21 0 59 33 0 0 97 
P6886 2081 4 100 0 0 0 15 14 18 14 23 36 61 0 0 0 0 34 0 20 0 0 19 0 0 0 60 30 18 71 49 95 -999 
P6886 2081 5 81 67 0 35 38 0 11 37 61 74 0 0 34 39 0 19 0 0 0 0 0 0 0 0 0 0 0 0 0 21 0 
P6886 2081 6 0 0 0 0 0 0 0 8 0 0 0 0 17 0 0 0 0 0 0 15 0 0 0 0 0 0 0 0 0 0 -999 
P6886 2081 7 0 0 0 0 0 0 0 0 0 0 0 0 0 0 0 0 0 12 0 0 0 0 0 0 0 0 0 0 0 0 0 
P6886 2081 8 0 0 0 0 0 0 0 0 0 0 0 0 0 0 0 0 0 0 10 0 0 9 0 0 0 0 0 0 0 0 0 
P6886 2081 9 0 0 0 0 8 0 0 0 0 0 0 0 0 0 0 0 0 0 0 0 0 0 0 0 0 0 0 0 0 0 -999 
P6886 2081 10 0 0 15 41 0 0 0 0 12 30 0 0 16 0 0 0 2 7 0 0 0 0 0 0 0 0 0 0 0 0 0 
P6886 2081 11 34 27 0 110 42 0 0 0 0 0 0 0 0 0 0 0 0 176 117 9 0 0 0 0 25 0 0 0 0 51 -999 
P6886 2081 12 25 24 37 0 0 98 84 97 74 42 29 92 0 0 55 49 0 14 0 11 0 18 28 18 17 0 60 0 0 13 0 
P6886 2082 1 44 14 20 0 15 0 0 0 19 27 62 0 41 15 15 0 53 0 0 39 101 212 80 63 83 0 0 23 0 0 0 
P6886 2082 2 0 0 0 0 1 0 0 0 0 0 0 0 0 0 0 0 0 0 2 4 9 9 10 0 0 38 36 42 -999 -999 -999 
P6886 2082 3 39 0 0 38 36 0 10 0 0 0 0 0 0 27 0 0 0 0 0 0 20 0 0 46 40 29 0 14 0 0 0 
P6886 2082 4 17 0 0 0 0 0 0 0 0 0 0 0 0 0 0 17 0 9 0 0 0 10 0 9 0 0 0 6 0 0 -999 
P6886 2082 5 28 0 0 2 0 8 0 0 0 0 0 0 0 0 0 0 16 0 0 0 0 7 0 0 0 0 0 0 0 0 0 
P6886 2082 6 0 0 0 0 0 0 0 0 0 0 0 5 0 0 0 0 0 0 0 0 0 4 0 8 0 0 0 0 0 13 -999 
P6886 2082 7 0 0 0 0 0 0 0 0 0 0 0 0 0 0 0 0 0 0 0 0 0 0 0 0 0 0 0 0 9 0 0 
P6886 2082 8 0 0 0 0 0 0 0 0 0 4 0 0 0 0 0 0 0 0 0 0 0 0 0 0 0 0 0 0 0 0 0 
P6886 2082 9 0 0 0 0 0 8 0 0 0 0 0 0 0 0 0 0 0 0 0 0 0 0 0 0 0 0 0 0 0 0 -999 
P6886 2082 10 0 0 0 0 4 0 0 0 0 0 0 0 0 0 0 0 0 0 0 0 22 0 41 0 0 0 0 0 0 22 19 
P6886 2082 11 88 102 81 0 0 0 0 0 10 0 0 13 18 0 0 45 102 138 0 0 0 0 0 0 0 0 0 0 0 0 -999 
P6886 2082 12 0 35 0 0 11 0 0 0 0 0 15 0 18 7 0 0 32 28 0 9 7 13 0 0 0 0 18 0 7 3 0 
P6886 2083 1 0 36 55 59 24 0 0 21 15 18 0 0 0 0 0 0 0 35 0 0 14 52 0 0 0 0 0 0 17 0 0 
P6886 2083 2 0 0 29 14 4 0 57 47 0 91 118 58 0 0 7 0 62 204 116 0 99 66 36 33 94 214 101 65 -999 -999 -999 
P6886 2083 3 79 0 39 23 3 0 0 0 25 4 0 9 0 19 29 23 0 0 0 0 0 62 113 133 106 51 0 67 0 0 12 
P6886 2083 4 20 17 0 0 22 0 0 33 0 3 0 0 0 0 0 0 0 0 0 0 0 0 5 0 0 0 40 13 0 0 -999 
P6886 2083 5 0 0 0 0 0 27 36 0 39 37 0 0 0 0 30 41 0 0 0 38 0 0 0 0 0 70 112 0 0 0 0 
P6886 2083 6 36 31 18 0 23 0 0 21 0 31 24 0 0 0 0 0 0 0 0 0 0 0 0 0 0 0 0 0 0 0 -999 
P6886 2083 7 0 0 10 0 0 0 0 0 0 0 0 0 0 17 0 0 0 15 0 0 0 21 15 0 0 0 0 0 0 0 0 
P6886 2083 8 0 0 0 0 0 0 0 0 0 0 0 0 0 0 0 0 0 0 0 0 6 0 0 0 0 0 0 0 0 0 0 
P6886 2083 9 0 0 0 0 0 0 0 0 0 0 0 0 0 0 0 0 0 7 0 0 0 0 0 0 0 0 0 0 0 0 -999 
P6886 2083 10 0 0 0 0 47 0 10 0 0 14 0 0 0 0 0 10 7 6 0 0 0 45 0 26 22 0 0 0 0 0 0 
P6886 2083 11 13 9 37 85 66 31 25 32 0 0 0 71 119 48 19 0 56 54 5 0 0 0 0 0 17 0 0 8 0 0 -999 
P6886 2083 12 0 0 8 0 30 0 76 138 212 36 0 29 0 103 167 0 29 27 0 78 0 7 0 0 21 3 4 0 0 11 0 
P6886 2084 1 17 0 0 0 0 3 8 0 18 10 0 6 0 0 0 16 35 46 17 0 30 42 33 0 0 87 0 59 38 0 0 
P6886 2084 2 0 0 8 0 6 0 0 40 41 35 0 21 28 16 10 0 0 0 0 0 0 0 0 0 0 50 62 0 -999 -999 -999 
P6886 2084 3 0 0 0 63 72 0 0 0 0 29 0 0 0 0 32 0 149 103 0 0 0 18 15 0 17 32 0 0 0 0 0 
P6886 2084 4 16 30 0 35 0 0 0 0 0 20 0 0 0 25 0 0 0 0 0 0 0 0 0 0 0 0 8 0 0 19 -999 
P6886 2084 5 9 8 0 0 0 0 0 7 0 0 0 0 0 0 0 0 0 0 0 0 0 0 0 0 0 0 29 0 0 0 0 
P6886 2084 6 0 0 0 9 0 0 0 0 0 0 27 0 0 0 0 0 0 0 0 0 0 0 0 0 0 0 0 0 0 0 -999 
P6886 2084 7 0 0 0 0 0 0 0 0 0 0 0 0 0 0 0 0 0 0 0 0 0 6 0 0 0 0 0 0 0 0 0 
P6886 2084 8 0 0 8 0 4 0 0 0 0 0 0 0 0 0 16 0 0 0 0 0 0 0 8 0 0 19 0 0 0 0 3 
P6886 2084 9 0 0 0 0 0 0 13 0 0 0 0 0 0 0 0 0 0 0 2 5 0 0 0 0 0 0 0 0 5 0 -999 
P6886 2084 10 0 0 0 34 0 0 0 0 0 0 0 0 0 0 0 0 0 0 0 0 0 0 0 0 0 0 27 65 143 147 78 
P6886 2084 11 36 0 0 7 28 0 0 89 97 24 0 3 2 0 0 15 0 18 0 12 0 0 0 0 0 0 18 58 36 0 -999 
P6886 2084 12 0 0 0 0 43 0 0 96 0 97 0 126 171 104 44 0 0 0 0 0 0 0 0 0 0 0 8 0 0 0 0 
P6886 2085 1 0 0 0 3 5 0 0 0 0 0 0 0 1 0 0 41 21 8 8 0 0 15 98 102 0 0 5 0 5 6 0 
P6886 2085 2 0 0 0 18 23 0 0 25 20 34 54 66 34 0 0 0 0 0 6 3 2 0 0 0 0 0 0 0 -999 -999 -999 
P6886 2085 3 0 0 0 0 0 0 3 7 50 62 0 93 99 49 70 53 10 0 0 0 0 18 21 30 25 17 9 0 0 0 0 
P6886 2085 4 0 0 0 0 0 16 0 36 0 0 26 0 66 0 91 0 34 30 0 0 0 0 0 0 9 6 6 0 19 0 -999 
P6886 2085 5 0 0 0 19 0 15 0 0 71 32 14 0 0 0 14 0 0 0 0 0 0 0 0 0 0 0 14 0 0 0 0 
P6886 2085 6 0 0 0 0 0 0 0 0 0 0 0 0 0 7 0 0 0 0 0 0 0 0 0 0 0 0 0 0 0 0 -999 
P6886 2085 7 0 0 0 0 0 0 0 0 0 0 11 0 0 0 0 0 0 0 0 0 0 0 0 0 0 0 0 0 0 0 0 
P6886 2085 8 0 0 0 0 0 0 0 0 0 0 0 0 0 0 0 0 0 0 0 10 0 0 0 0 0 0 0 0 0 0 0 
P6886 2085 9 0 0 17 0 0 0 0 0 0 0 0 0 10 0 0 0 4 0 0 0 0 0 0 0 0 0 0 0 0 10 -999 
P6886 2085 10 0 35 0 0 0 0 6 8 0 24 0 0 19 18 0 7 20 0 0 0 0 9 0 0 0 0 0 45 0 0 0 
P6886 2085 11 0 0 25 19 0 14 9 0 3 2 3 0 0 0 0 43 87 29 20 88 44 39 0 3 5 0 11 0 71 20 -999 
P6886 2085 12 110 76 15 20 0 105 22 6 0 0 0 16 0 0 19 0 0 0 14 0 24 33 21 0 0 0 0 0 0 0 0 
P6886 2086 1 0 5 17 0 0 0 0 0 0 0 0 0 27 65 32 5 0 110 46 38 0 0 0 26 54 25 0 0 0 23 20 
P6886 2086 2 27 36 83 0 0 40 65 0 0 16 0 38 0 0 10 0 22 0 0 0 0 0 0 0 8 0 7 0 -999 -999 -999 
P6886 2086 3 0 0 0 0 0 0 11 0 0 0 0 21 0 0 0 0 0 0 0 0 0 0 0 5 9 0 8 11 0 0 0 
P6886 2086 4 7 0 0 0 13 0 31 14 0 0 7 13 29 32 37 0 0 0 0 0 0 0 0 0 31 0 0 41 26 0 -999 
P6886 2086 5 0 29 23 63 45 0 0 0 0 0 0 10 0 0 0 10 0 6 6 0 0 0 0 0 25 0 9 0 5 0 0 
P6886 2086 6 10 0 0 0 0 0 0 0 0 0 0 0 0 0 0 0 0 0 0 0 0 0 0 0 0 0 8 0 0 0 -999 
P6886 2086 7 0 0 0 0 0 0 0 0 0 0 0 0 0 0 0 0 0 0 0 0 0 0 0 11 0 0 0 0 0 0 0 
P6886 2086 8 0 0 0 0 0 0 0 0 0 0 0 0 0 0 0 0 0 0 0 0 0 0 0 0 0 0 0 0 0 0 0 
P6886 2086 9 0 0 0 9 0 0 0 0 0 0 0 0 0 23 0 0 0 0 0 0 0 0 0 0 0 8 0 0 0 0 -999 
P6886 2086 10 3 0 0 28 0 0 0 9 23 0 0 31 0 9 0 0 0 0 0 10 0 9 0 0 0 0 31 26 0 83 0 
P6886 2086 11 5 0 49 12 44 22 9 0 0 0 16 0 0 0 0 0 0 0 0 35 48 0 0 0 0 0 0 25 43 13 -999 
P6886 2086 12 16 0 0 4 0 0 0 0 0 0 0 0 0 0 6 0 0 0 51 44 0 89 154 62 0 0 0 0 0 0 0 
P6886 2087 1 0 7 0 16 0 19 33 76 49 11 22 0 2 2 0 0 0 8 0 10 19 21 29 0 16 0 4 0 0 16 42 
P6886 2087 2 0 32 6 3 0 0 0 0 0 0 0 13 15 0 18 0 0 0 0 0 0 0 0 0 0 0 0 37 -999 -999 -999 
P6886 2087 3 88 91 71 27 0 0 0 38 38 64 67 82 0 0 0 17 17 0 0 0 33 0 40 46 22 0 0 14 18 0 0 
P6886 2087 4 0 12 11 8 0 0 0 2 12 17 11 0 0 0 0 57 44 8 0 14 0 79 54 50 0 43 20 8 5 9 -999 
P6886 2087 5 7 0 11 0 0 0 0 19 18 18 0 0 0 0 27 16 4 0 0 0 0 0 0 0 0 0 0 0 0 7 0 
P6886 2087 6 0 0 0 0 0 21 0 0 0 0 0 0 0 0 0 0 0 0 0 0 0 0 0 0 0 0 0 0 0 0 -999 
P6886 2087 7 0 0 0 0 0 0 0 0 0 0 0 0 0 0 0 0 0 0 0 0 0 0 0 0 0 0 0 0 0 0 0 
P6886 2087 8 0 0 0 0 19 0 0 0 0 0 0 0 0 0 0 0 0 0 0 0 0 0 0 0 0 0 0 0 0 0 0 
P6886 2087 9 0 0 5 0 0 0 0 0 0 0 0 0 0 0 0 0 0 0 19 0 0 0 15 0 0 0 0 0 0 0 -999 
P6886 2087 10 0 0 0 53 36 20 0 0 0 11 0 0 0 4 0 2 0 24 0 0 1 0 0 0 0 0 0 0 0 6 0 
P6886 2087 11 0 0 0 0 0 0 0 0 0 0 0 0 0 0 0 0 0 0 0 0 0 0 0 0 0 0 0 0 0 15 -999 
P6886 2087 12 0 11 0 0 0 0 0 0 0 0 5 0 0 0 0 5 4 0 11 3 0 25 135 73 31 107 0 0 69 93 0 
P6886 2088 1 0 23 65 11 0 32 7 0 0 0 0 0 0 0 0 0 4 0 8 11 0 0 0 0 0 0 32 0 11 0 0 
P6886 2088 2 0 0 0 0 19 30 68 0 153 0 0 0 0 0 20 0 0 19 20 0 0 23 18 0 0 0 28 19 -999 -999 -999 
P6886 2088 3 0 55 106 62 22 0 11 11 0 0 0 0 0 0 0 10 0 29 13 0 4 0 0 22 0 7 37 13 0 0 0 
P6886 2088 4 0 0 0 11 23 46 0 83 41 25 0 0 23 0 0 0 0 0 0 0 12 23 0 16 0 2 0 0 0 0 -999 
P6886 2088 5 0 18 0 43 43 0 25 27 0 17 0 14 0 17 0 25 17 0 0 0 0 0 0 0 0 0 0 0 0 0 0 
P6886 2088 6 0 8 11 0 0 0 0 0 18 21 0 0 0 0 0 0 0 0 0 0 0 0 0 0 0 0 0 0 0 0 -999 
P6886 2088 7 0 0 0 0 0 0 0 0 0 0 0 0 0 0 0 0 0 0 0 0 0 0 0 0 0 0 0 0 0 0 0 
P6886 2088 8 0 0 0 0 0 0 0 0 0 0 4 0 0 0 0 0 0 0 0 0 0 0 0 0 0 0 0 0 0 0 0 
P6886 2088 9 28 0 0 0 0 0 0 0 0 0 0 0 0 0 0 0 0 7 0 0 0 0 0 0 0 0 0 0 0 0 -999 
P6886 2088 10 0 0 0 0 0 0 0 14 0 14 0 0 0 0 0 0 0 0 0 0 0 0 55 58 77 118 153 59 0 0 0 
P6886 2088 11 0 0 0 0 0 0 0 8 0 22 51 35 16 19 42 0 21 153 31 7 0 0 0 0 0 0 0 34 96 30 -999 
P6886 2088 12 0 42 0 0 79 56 89 88 0 0 0 0 0 0 0 0 0 0 0 0 0 8 0 14 0 36 0 0 0 0 0 
P6886 2089 1 0 0 0 0 25 0 23 52 100 115 132 157 111 0 2 0 0 0 0 0 0 0 6 0 0 0 0 0 0 0 0 
P6886 2089 2 32 31 12 34 76 82 46 96 195 59 50 98 166 71 0 0 0 0 0 0 0 0 0 0 9 0 23 24 -999 -999 -999 
P6886 2089 3 29 0 0 0 18 18 14 17 18 4 8 0 21 39 64 76 55 18 8 13 14 0 0 43 129 56 27 0 0 52 149 
P6886 2089 4 155 145 45 0 0 0 14 7 24 0 0 0 0 0 17 0 0 11 17 0 32 0 30 36 0 65 0 32 14 23 -999 
P6886 2089 5 25 0 9 0 0 0 25 0 0 0 0 0 0 5 0 12 15 5 0 0 20 0 0 20 0 0 0 0 0 0 0 
P6886 2089 6 0 0 0 0 0 0 2 0 12 0 0 0 0 0 0 0 0 0 0 0 0 0 0 0 0 0 0 0 0 0 -999 
P6886 2089 7 0 0 0 0 0 0 0 0 0 0 0 0 0 0 23 0 0 0 0 4 0 4 0 0 0 0 0 0 0 0 0 
P6886 2089 8 0 0 0 17 0 0 10 0 0 0 0 0 0 0 0 13 0 0 0 0 0 0 0 0 0 0 0 0 0 0 0 
P6886 2089 9 0 0 0 0 0 0 0 0 0 0 0 0 0 0 0 0 0 0 0 0 0 0 0 0 0 0 0 0 0 0 -999 
P6886 2089 10 0 0 0 0 0 0 0 0 0 0 0 0 5 0 0 0 0 0 0 0 0 0 0 0 0 0 0 0 0 0 0 
P6886 2089 11 0 0 0 0 0 0 0 0 0 0 13 0 0 7 0 0 0 0 0 14 0 0 0 67 122 79 34 0 43 124 -999 
P6886 2089 12 190 0 0 0 38 0 40 0 69 69 33 5 0 0 0 0 0 0 9 18 0 0 0 0 0 1 0 0 15 0 0 
P6886 2090 1 0 0 10 7 0 1 14 12 44 54 18 43 87 82 75 24 0 0 0 0 0 0 0 0 0 13 0 18 0 0 0 
P6886 2090 2 0 0 0 22 0 0 0 24 20 45 0 66 45 30 38 16 38 0 0 0 0 0 32 0 0 0 101 84 -999 -999 -999 
P6886 2090 3 170 63 18 8 0 0 0 6 0 0 0 0 77 81 60 21 0 22 0 52 18 0 16 0 0 17 7 0 16 0 31 
P6886 2090 4 30 21 31 27 30 26 31 28 35 0 28 34 0 34 75 0 0 0 2 0 4 0 14 0 0 23 12 0 15 0 -999 
P6886 2090 5 0 0 32 0 0 2 0 5 0 0 0 0 0 0 0 0 0 0 0 0 0 0 0 0 17 0 0 0 0 60 0 
P6886 2090 6 37 0 0 0 0 0 0 0 0 0 0 0 8 0 0 0 0 0 0 9 0 12 0 0 0 0 0 0 0 0 -999 
P6886 2090 7 0 0 0 0 0 0 0 0 0 0 0 0 0 0 0 0 0 9 0 0 0 0 0 0 0 0 0 0 0 0 0 
P6886 2090 8 0 0 0 0 0 0 0 0 0 0 0 0 0 0 0 0 0 9 0 9 15 0 0 0 4 0 0 18 0 0 0 
P6886 2090 9 0 0 0 0 0 0 0 0 0 0 0 0 0 0 0 0 0 0 0 9 0 0 0 0 0 0 0 0 0 0 -999 
P6886 2090 10 0 14 14 0 50 53 0 16 0 0 40 29 29 39 40 0 0 0 20 0 0 0 0 36 0 0 0 0 0 36 0 
P6886 2090 11 8 6 0 8 12 0 24 0 0 34 55 36 16 52 55 0 0 32 0 0 3 0 0 33 42 0 0 0 0 0 -999 
P6886 2090 12 0 88 135 0 0 40 0 0 11 15 0 0 18 0 42 13 0 0 0 0 5 0 0 24 0 0 0 0 0 0 0 
P6886 2091 1 0 0 0 0 0 7 0 30 8 0 17 20 62 22 0 0 13 0 47 0 6 0 0 0 0 0 8 0 0 7 13 
P6886 2091 2 23 0 0 2 0 0 15 8 6 0 12 0 0 7 0 10 0 32 109 125 81 71 49 30 33 30 22 31 -999 -999 -999 
P6886 2091 3 0 12 0 0 69 116 47 9 0 0 0 0 0 0 0 0 0 0 0 0 4 15 0 0 0 0 0 0 0 0 0 
P6886 2091 4 0 0 0 0 0 0 0 23 0 0 15 0 27 19 0 29 41 0 29 0 15 0 0 0 0 0 0 0 0 0 -999 
P6886 2091 5 0 0 0 0 0 0 0 0 0 0 0 0 0 0 0 0 0 0 3 0 0 0 0 0 18 0 0 8 0 0 0 
P6886 2091 6 0 0 0 15 14 0 0 0 4 0 0 0 0 26 0 0 0 0 0 0 0 0 0 0 0 0 0 0 0 0 -999 
P6886 2091 7 0 0 0 0 0 0 29 34 0 0 0 0 0 0 0 0 0 0 0 0 0 0 0 0 0 0 0 0 0 0 0 
P6886 2091 8 0 0 4 0 0 0 0 0 7 0 0 7 0 0 0 0 0 0 0 0 0 0 0 0 0 4 0 0 0 0 0 
P6886 2091 9 0 0 0 0 0 0 0 0 0 0 0 0 15 0 0 0 0 0 0 0 0 0 0 0 0 0 0 0 5 0 -999 
P6886 2091 10 0 0 8 0 0 0 0 7 10 0 44 0 31 0 0 0 0 14 0 0 0 18 0 0 0 43 61 89 121 93 75 
P6886 2091 11 58 29 12 0 0 11 0 0 5 0 0 0 0 24 0 0 0 25 20 14 7 0 61 35 13 17 0 27 0 19 -999 
P6886 2091 12 83 63 8 0 16 34 0 24 0 0 0 0 0 0 0 0 14 0 0 0 0 0 0 19 31 0 0 0 0 0 0 
P6886 2092 1 0 0 0 0 9 0 13 0 0 0 0 17 12 19 37 0 0 85 105 169 92 39 16 77 0 0 102 63 93 99 50 
P6886 2092 2 0 88 64 0 0 138 90 31 72 0 0 0 24 70 48 0 0 72 26 54 32 0 63 25 0 0 38 41 -999 -999 -999 
P6886 2092 3 0 0 0 0 0 0 71 67 22 15 16 0 26 0 68 0 39 35 30 100 83 86 118 245 94 75 24 54 69 27 0 
P6886 2092 4 25 0 68 41 0 0 7 0 6 11 0 0 0 12 10 0 0 0 0 0 0 0 0 0 0 27 34 47 46 0 -999 
P6886 2092 5 0 7 3 4 0 0 0 0 0 0 0 6 0 0 0 0 69 0 11 5 0 0 0 0 0 2 0 0 0 19 0 
P6886 2092 6 0 0 0 17 0 0 0 0 0 0 0 0 0 0 0 0 0 0 0 0 0 0 0 0 0 0 0 0 0 0 -999 
P6886 2092 7 0 12 0 0 0 0 0 0 0 0 0 0 0 0 0 20 0 0 0 0 0 5 0 0 0 0 0 0 0 0 0 
P6886 2092 8 8 0 0 0 0 6 0 0 0 0 0 0 0 0 0 0 0 0 0 0 0 0 0 0 0 0 0 0 0 0 0 
P6886 2092 9 0 21 0 0 0 0 0 0 0 0 0 0 0 0 0 0 0 0 13 0 0 27 0 6 5 0 0 0 0 0 -999 
P6886 2092 10 0 0 0 0 0 0 0 0 29 0 0 0 0 0 10 0 0 0 25 0 0 3 0 0 0 0 10 0 0 0 0 
P6886 2092 11 0 0 31 43 15 0 8 10 9 0 10 53 192 150 105 0 13 15 0 31 0 20 0 108 61 41 0 0 0 0 -999 
P6886 2092 12 0 0 38 0 0 24 0 0 65 78 0 0 0 0 21 11 32 0 16 87 196 0 0 69 0 85 0 63 127 69 26 
P6886 2093 1 69 100 90 43 20 0 34 0 0 30 0 0 39 38 0 0 0 0 36 0 17 0 0 9 31 23 0 0 123 103 118 
P6886 2093 2 0 0 0 0 0 0 0 0 0 8 0 0 0 0 41 0 37 36 0 0 58 37 0 10 0 23 37 0 -999 -999 -999 
P6886 2093 3 0 0 0 1 8 19 0 17 0 52 96 0 19 0 0 0 0 0 0 7 11 17 0 9 0 0 0 51 0 18 53 
P6886 2093 4 0 0 30 0 32 41 6 0 0 34 13 0 0 0 46 0 0 25 0 0 45 24 0 0 37 0 0 47 0 0 -999 
P6886 2093 5 0 32 57 0 11 0 3 0 16 0 0 0 0 0 0 0 10 0 0 0 16 23 0 0 0 15 11 0 0 11 0 
P6886 2093 6 0 0 6 0 0 0 0 0 0 0 0 19 0 0 0 0 0 0 0 0 0 0 0 0 0 0 5 0 0 0 -999 
P6886 2093 7 0 0 0 0 0 0 0 0 0 0 13 0 0 0 0 0 0 0 14 0 0 0 0 0 0 0 0 0 0 0 0 
P6886 2093 8 0 0 0 0 0 0 0 0 0 0 0 0 0 0 0 0 0 0 0 0 0 0 0 0 0 0 0 0 0 0 0 
P6886 2093 9 0 0 0 0 0 0 0 0 0 0 0 0 0 0 0 0 0 0 0 0 0 0 0 0 0 0 0 19 22 0 -999 
P6886 2093 10 0 0 0 0 0 0 0 0 0 0 0 0 60 0 0 107 97 53 0 0 0 0 0 0 0 17 0 0 0 0 25 
P6886 2093 11 53 0 15 0 0 0 0 0 0 0 0 0 17 0 0 0 0 0 5 0 0 0 0 0 0 0 6 0 0 0 -999 
P6886 2093 12 0 0 0 1 0 0 0 0 0 0 0 4 16 0 0 0 0 0 12 0 0 0 0 0 0 0 0 0 0 0 0 
P6886 2094 1 0 9 18 0 11 0 13 18 20 0 6 0 3 0 0 26 47 120 0 80 64 133 162 168 131 79 61 142 33 130 28 
P6886 2094 2 46 31 70 119 22 0 4 0 13 0 0 0 0 0 0 0 0 0 6 0 0 0 0 0 0 0 0 0 -999 -999 -999 
P6886 2094 3 0 0 0 0 0 0 0 0 0 0 0 0 0 0 0 5 0 15 0 32 0 0 0 0 0 0 25 16 75 90 67 
P6886 2094 4 155 147 91 0 0 38 77 75 19 20 27 0 0 0 14 0 7 0 0 0 0 0 0 8 0 28 24 0 40 0 -999 
P6886 2094 5 0 0 0 11 7 0 0 2 0 0 0 0 0 0 0 0 0 0 0 0 0 0 8 0 0 0 0 0 0 0 0 
P6886 2094 6 0 0 0 0 0 0 0 0 0 0 0 17 0 0 0 0 0 7 0 0 0 0 0 0 0 0 0 0 0 0 -999 
P6886 2094 7 0 0 0 0 0 0 0 0 0 0 0 0 0 0 0 0 0 0 0 0 0 0 0 0 0 0 0 0 0 10 0 
P6886 2094 8 0 0 0 0 0 0 0 0 0 0 0 0 0 0 0 0 0 0 0 0 0 8 0 0 0 6 0 0 0 0 0 
P6886 2094 9 0 0 0 0 0 7 0 0 0 0 0 0 7 0 0 0 0 0 0 0 0 0 22 0 6 0 21 0 9 0 -999 
P6886 2094 10 0 7 0 0 11 0 0 0 0 0 0 0 0 0 0 16 0 0 0 0 33 0 56 37 15 0 60 0 0 5 4 
P6886 2094 11 0 0 0 0 0 0 0 0 0 0 0 0 60 115 40 0 34 44 30 53 35 0 0 0 37 33 0 26 0 0 -999 
P6886 2094 12 0 0 6 0 0 0 0 0 3 0 0 0 0 0 12 0 0 23 42 29 10 0 0 0 0 0 0 0 8 0 0 
P6886 2095 1 79 53 105 0 82 30 26 0 96 32 51 27 0 0 0 0 0 0 0 0 0 13 0 41 96 109 76 82 27 0 0 
P6886 2095 2 22 18 18 15 13 13 20 19 0 0 0 0 0 1 0 0 24 24 17 0 0 0 0 0 0 0 0 0 -999 -999 -999 
P6886 2095 3 0 0 0 0 0 0 0 0 0 0 0 0 0 10 0 0 0 0 0 0 0 0 14 0 0 0 0 44 67 38 0 
P6886 2095 4 38 64 88 34 12 4 4 0 8 0 0 0 0 0 28 28 24 0 35 25 0 0 46 49 16 0 0 0 0 0 -999 
P6886 2095 5 5 0 0 6 0 0 0 0 10 0 0 0 0 0 0 0 0 0 0 0 0 0 0 0 0 0 0 0 0 0 11 
P6886 2095 6 0 16 0 0 0 37 0 39 0 12 0 0 0 0 0 0 0 0 0 32 0 0 0 0 17 0 0 0 0 0 -999 
P6886 2095 7 26 0 0 0 0 0 0 0 0 0 0 0 0 10 0 0 0 0 0 0 0 0 0 0 0 0 0 0 0 0 0 
P6886 2095 8 0 0 0 0 0 0 0 0 0 0 0 0 0 0 0 0 0 0 0 0 0 0 10 0 0 0 0 0 0 0 0 
P6886 2095 9 0 0 0 0 0 0 0 0 0 0 0 0 0 0 0 0 0 0 0 0 0 0 0 0 0 0 0 3 0 0 -999 
P6886 2095 10 0 0 0 0 0 7 19 19 0 0 0 0 0 0 0 0 75 21 0 0 0 9 0 0 0 0 0 0 0 0 0 
P6886 2095 11 0 0 0 0 21 0 37 0 0 0 0 31 24 11 0 0 46 0 0 0 0 94 72 64 36 0 0 0 0 0 -999 
P6886 2095 12 0 0 0 0 0 0 0 104 85 58 4 0 23 42 68 27 0 16 0 72 42 13 0 42 162 203 101 0 0 0 0 
P6886 2096 1 68 0 10 0 0 0 0 80 110 94 0 0 0 0 0 0 0 7 4 0 0 0 0 0 0 0 0 0 5 16 8 
P6886 2096 2 20 31 40 0 0 0 6 4 0 6 0 6 0 43 95 0 0 0 0 0 0 0 0 0 0 0 0 0 -999 -999 -999 
P6886 2096 3 0 0 18 8 5 7 9 0 0 0 0 0 0 0 3 0 0 0 22 0 44 0 0 22 9 23 0 0 51 0 10 
P6886 2096 4 6 0 3 0 0 0 12 0 0 0 0 0 23 0 50 0 0 0 11 19 0 4 0 0 0 0 0 12 0 0 -999 
P6886 2096 5 0 0 0 0 0 0 0 0 0 0 0 8 0 0 0 0 0 0 0 0 0 0 0 0 0 19 0 0 9 7 0 
P6886 2096 6 0 0 0 0 0 0 22 0 0 0 0 0 0 0 0 0 0 0 0 0 0 0 0 0 0 4 5 0 0 0 -999 
P6886 2096 7 0 0 0 0 0 3 0 0 0 0 0 0 0 0 0 0 0 0 0 0 0 0 0 0 0 0 13 0 0 0 0 
P6886 2096 8 0 0 0 8 0 0 0 0 0 0 0 0 0 0 4 0 0 0 0 0 0 0 0 0 0 15 0 0 0 0 0 
P6886 2096 9 0 0 0 0 0 0 12 0 0 0 0 0 0 0 0 0 0 0 0 0 0 17 0 10 0 0 0 0 0 0 -999 
P6886 2096 10 0 55 18 0 0 0 0 0 0 0 0 0 0 0 0 0 0 55 52 44 0 0 24 8 0 0 0 0 0 0 0 
P6886 2096 11 0 0 0 6 0 0 0 0 0 0 14 0 0 0 0 0 0 4 4 0 0 0 0 16 0 0 1 0 0 0 -999 
P6886 2096 12 0 0 0 0 0 1 0 0 0 0 0 38 15 37 39 0 0 44 0 0 0 0 36 0 0 16 0 0 0 0 0 
P6886 2097 1 0 0 12 0 0 0 0 0 0 0 10 0 0 0 0 0 0 0 0 2 0 5 0 0 68 55 0 0 0 27 0 
P6886 2097 2 20 23 0 0 33 39 0 0 0 0 0 0 0 0 31 9 0 11 0 0 6 0 0 0 0 46 0 25 -999 -999 -999 
P6886 2097 3 0 65 75 21 9 40 0 2 28 7 2 0 0 0 0 0 0 0 0 0 0 0 0 0 0 0 0 0 36 0 0 
P6886 2097 4 0 0 8 0 0 33 0 0 39 30 31 0 66 52 28 0 0 0 0 32 0 0 0 54 0 0 0 0 0 0 -999 
P6886 2097 5 0 0 0 0 0 0 40 20 20 0 0 0 0 0 0 18 27 27 35 0 0 0 34 0 0 1 0 0 0 0 0 
P6886 2097 6 0 0 0 0 0 0 0 0 0 0 0 0 0 0 0 0 0 0 0 0 0 0 0 0 0 0 0 0 0 0 -999 
P6886 2097 7 0 0 0 0 0 0 0 0 0 0 0 0 0 0 0 0 0 0 0 0 4 0 0 0 0 0 0 0 0 7 0 
P6886 2097 8 0 0 0 0 0 0 0 0 0 13 0 10 0 0 0 0 0 0 0 0 0 0 0 25 0 0 0 0 0 15 0 
P6886 2097 9 14 0 0 0 16 0 12 0 19 0 0 0 0 0 9 0 0 0 0 0 0 0 0 0 0 0 0 0 0 0 -999 
P6886 2097 10 0 0 2 0 0 0 0 0 18 0 0 0 0 0 49 44 63 76 15 10 0 0 13 0 0 0 0 0 0 0 0 
P6886 2097 11 0 5 6 8 7 0 1 0 0 0 0 0 7 0 0 12 6 0 0 0 0 3 0 0 0 0 0 0 0 48 -999 
P6886 2097 12 24 8 7 4 0 0 0 0 0 0 0 0 0 0 0 0 0 0 0 0 0 0 0 0 0 0 0 0 27 37 51 
P6886 2098 1 68 0 0 0 121 45 0 6 11 0 0 0 21 0 10 0 0 0 0 80 57 51 0 41 0 0 1 0 0 0 0 
P6886 2098 2 0 0 0 10 0 0 0 0 38 60 42 62 38 0 0 0 0 0 0 0 0 0 0 14 11 0 0 0 -999 -999 -999 
P6886 2098 3 0 0 0 6 0 42 0 0 0 0 0 0 0 0 0 0 0 10 0 4 0 0 0 0 0 0 0 30 0 0 0 
P6886 2098 4 0 33 0 0 0 0 0 0 0 0 0 11 0 0 0 0 0 0 0 0 14 41 84 22 2 0 0 0 0 0 -999 
P6886 2098 5 6 0 0 25 0 34 0 52 0 0 76 0 0 0 0 0 25 10 10 24 0 0 0 0 37 23 0 0 0 0 0 
P6886 2098 6 0 0 0 0 0 10 21 0 16 0 0 24 0 11 0 0 0 0 0 0 0 0 0 0 0 0 0 0 0 0 -999 
P6886 2098 7 0 0 12 0 0 0 0 0 0 0 0 0 0 0 0 0 0 0 0 0 0 0 0 0 0 0 0 0 0 0 0 
P6886 2098 8 0 0 14 0 0 0 0 0 0 0 0 0 0 0 0 0 0 0 0 0 0 0 0 0 0 0 0 0 0 0 0 
P6886 2098 9 0 0 3 1 0 0 0 0 0 0 0 10 0 0 0 14 0 24 0 0 0 0 0 0 0 0 0 7 10 0 -999 
P6886 2098 10 5 0 0 0 1 2 0 0 0 0 0 0 18 0 0 0 55 57 0 7 13 12 11 13 25 0 67 30 8 18 37 
P6886 2098 11 0 0 0 0 5 0 0 11 0 0 0 28 73 0 34 0 0 43 91 30 0 42 30 20 0 0 0 0 0 0 -999 
P6886 2098 12 0 0 0 0 0 3 0 0 4 0 0 0 0 0 10 0 0 16 0 58 37 39 21 0 47 0 0 0 37 0 0 
P6886 2099 1 0 0 0 0 0 0 0 0 0 44 0 34 32 0 0 19 56 0 6 29 0 62 126 0 0 28 0 0 0 14 0 
P6886 2099 2 0 0 0 0 19 0 0 54 5 0 0 0 0 0 0 0 0 0 0 5 10 0 45 110 144 0 0 0 -999 -999 -999 
P6886 2099 3 83 114 128 129 0 0 14 0 20 17 0 10 0 47 40 0 0 116 148 140 0 0 29 9 0 0 0 9 7 19 25 
P6886 2099 4 22 0 0 0 0 0 0 0 3 0 0 0 0 0 0 0 0 0 0 0 0 0 25 39 37 0 48 53 0 0 -999 
P6886 2099 5 53 0 8 0 0 0 0 0 0 19 0 9 0 0 0 0 18 0 10 19 0 9 38 52 23 0 0 0 21 0 0 
P6886 2099 6 0 0 0 0 0 4 0 0 0 0 0 0 0 0 0 0 0 0 0 0 0 0 0 0 0 0 0 0 0 0 -999 
P6886 2099 7 0 0 0 0 0 0 0 0 0 0 0 0 0 16 0 0 0 0 0 0 0 0 0 0 0 0 0 0 0 0 0 
P6886 2099 8 0 0 0 6 0 0 0 0 0 0 0 0 0 0 0 0 10 0 0 0 0 0 0 0 0 0 0 0 0 0 0 
P6886 2099 9 0 0 0 0 0 0 0 0 0 0 19 0 0 0 0 0 0 0 0 0 0 0 0 0 0 0 0 0 0 0 -999 
P6886 2099 10 5 0 0 16 0 0 0 0 0 0 0 64 0 0 0 0 0 0 0 0 0 5 0 11 25 46 0 0 16 0 0 
P6886 2099 11 0 0 29 0 0 3 4 0 0 0 20 37 20 25 0 0 0 0 0 0 7 13 0 0 0 26 41 52 40 0 -999 
P6886 2099 12 8 6 9 10 0 59 44 27 17 12 0 0 0 0 0 0 10 0 0 0 0 0 31 42 140 211 242 193 114 55 0 
P6886 2100 1 42 0 0 0 0 0 0 32 21 0 103 182 146 51 12 31 0 0 0 0 0 0 0 0 4 0 0 0 0 0 0 
P6886 2100 2 21 85 93 0 0 0 0 0 39 90 47 0 0 0 0 0 0 54 0 27 0 0 0 0 0 0 0 0 -999 -999 -999 
P6886 2100 3 0 0 57 42 22 0 18 17 18 35 33 33 57 24 13 0 6 11 0 26 0 46 0 22 0 32 0 0 44 0 38 
P6886 2100 4 47 0 38 18 12 0 0 0 10 35 67 117 0 0 37 34 17 27 18 0 5 0 0 0 0 0 3 6 0 0 -999 
P6886 2100 5 0 0 0 0 7 18 0 0 0 14 0 0 0 0 0 0 0 0 0 0 22 17 35 46 68 28 0 0 14 0 0 
P6886 2100 6 0 0 0 14 0 0 0 0 0 18 0 0 0 0 0 0 0 22 0 0 0 0 0 0 0 0 0 0 0 0 -999 
P6886 2100 7 0 0 0 0 0 0 0 0 0 0 0 0 0 0 0 0 0 0 0 0 0 0 12 0 0 0 0 0 0 10 0 
P6886 2100 8 0 0 0 0 0 0 0 0 0 0 0 0 0 0 0 0 0 0 0 0 0 0 0 0 0 0 0 0 5 0 0 
P6886 2100 9 0 0 0 0 0 0 0 0 0 0 0 0 0 0 0 0 0 0 0 0 14 16 0 0 0 0 15 17 0 0 -999 
P6886 2100 10 0 0 0 0 0 16 0 0 20 0 0 49 37 47 20 0 13 0 22 11 24 62 0 0 0 0 3 0 0 20 0 
P6886 2100 11 23 0 0 41 38 85 0 32 99 88 15 0 67 89 137 97 0 76 66 0 27 0 64 90 35 0 0 0 0 0 -999 
P6886 2100 12 0 11 0 14 25 0 0 2 0 0 0 0 3 0 0 0 0 0 0 0 0 0 11 0 0 0 0 0 6 0 0 
