precip	MIROC5	RCP60	REGRESION	decimas	1
P12386	41.220	-0.480	182	geo	2006	2100	-1
P12386 2006 1 0 0 0 0 7 9 0 0 0 0 0 14 29 28 0 12 11 9 20 0 0 5 0 0 0 0 0 10 15 15 9 
P12386 2006 2 0 0 0 0 0 0 0 0 0 0 0 0 13 17 0 0 9 0 3 10 21 0 12 0 0 0 0 4 -999 -999 -999 
P12386 2006 3 9 12 18 17 0 0 26 35 26 18 36 36 0 17 15 19 25 0 0 9 10 0 12 0 0 9 0 11 16 9 25 
P12386 2006 4 0 0 0 11 0 9 12 34 0 0 0 0 0 0 0 0 0 0 12 0 0 0 0 0 14 0 36 42 38 26 -999 
P12386 2006 5 0 17 0 0 0 18 16 11 8 0 0 0 0 0 0 10 0 13 9 0 0 0 0 0 0 7 10 0 0 0 0 
P12386 2006 6 0 0 0 0 0 0 0 0 0 0 0 22 0 0 0 0 18 0 15 12 0 0 0 15 0 0 0 0 0 22 -999 
P12386 2006 7 25 0 17 13 0 23 23 23 0 0 0 10 0 20 0 0 0 0 0 0 0 0 0 0 0 15 0 0 0 0 17 
P12386 2006 8 0 0 0 0 0 17 0 0 15 0 0 0 0 19 0 0 0 0 10 0 0 0 9 0 0 12 0 10 0 0 0 
P12386 2006 9 0 0 0 0 12 0 0 10 0 18 20 5 0 0 0 0 0 0 0 0 0 12 0 0 20 13 0 5 0 0 -999 
P12386 2006 10 0 0 0 0 10 0 0 0 0 0 14 16 0 0 0 0 0 6 7 0 9 0 0 6 0 0 0 0 0 0 0 
P12386 2006 11 0 0 8 0 0 0 0 0 0 0 0 0 0 0 0 0 0 0 0 5 0 17 0 0 0 10 0 0 0 0 -999 
P12386 2006 12 0 0 0 0 0 0 0 14 0 18 20 25 27 0 13 14 14 0 0 0 0 14 22 24 0 12 0 0 0 0 0 
P12386 2007 1 0 0 0 0 0 0 0 0 0 0 0 0 5 0 0 0 0 3 0 22 0 0 0 0 17 0 22 12 0 11 0 
P12386 2007 2 0 0 0 13 0 0 0 30 51 31 23 0 17 9 0 0 9 14 19 17 24 0 23 33 25 0 0 0 -999 -999 -999 
P12386 2007 3 0 0 0 0 0 18 0 12 0 8 9 21 36 21 14 13 0 0 0 0 0 0 19 0 0 10 0 0 0 0 11 
P12386 2007 4 0 0 5 0 0 10 0 0 0 0 0 16 0 0 0 0 15 22 18 13 18 0 0 15 0 18 23 0 0 0 -999 
P12386 2007 5 0 0 0 15 0 14 0 0 0 14 15 0 31 0 15 11 0 0 19 0 0 0 0 0 0 0 0 0 0 0 0 
P12386 2007 6 0 25 19 0 0 0 0 0 0 0 10 16 0 26 0 25 0 12 0 17 16 0 22 15 0 0 18 20 0 0 -999 
P12386 2007 7 0 18 20 30 0 0 0 0 0 0 0 0 0 0 0 0 26 0 0 0 13 18 0 0 0 0 0 0 17 0 0 
P12386 2007 8 0 0 0 0 0 0 9 0 0 0 0 0 0 0 0 0 0 0 0 0 0 0 0 0 0 23 0 0 0 0 0 
P12386 2007 9 0 0 0 0 0 0 0 0 0 13 0 0 0 0 0 0 0 0 0 0 0 11 0 12 0 0 0 0 0 0 -999 
P12386 2007 10 0 0 0 0 0 0 0 0 0 0 23 0 21 13 6 0 0 0 0 0 0 21 12 0 0 0 0 0 0 0 4 
P12386 2007 11 0 0 8 0 0 0 0 0 0 8 11 0 0 0 0 9 0 0 0 0 0 0 0 0 6 4 10 16 0 22 -999 
P12386 2007 12 0 0 0 0 28 0 23 10 0 0 0 0 0 0 0 0 0 0 0 0 7 0 0 0 0 4 0 5 0 0 3 
P12386 2008 1 0 6 17 0 11 0 0 0 0 0 14 0 11 0 0 0 0 3 0 0 8 8 0 6 0 9 9 10 8 9 11 
P12386 2008 2 16 0 0 12 0 0 9 11 0 21 17 15 4 4 0 7 0 0 0 9 0 0 9 25 29 27 28 38 -999 -999 -999 
P12386 2008 3 54 0 0 0 0 0 0 0 0 0 0 0 12 0 0 0 0 0 0 0 6 0 0 0 0 0 0 0 0 6 0 
P12386 2008 4 5 0 0 17 26 17 0 0 0 0 0 0 16 0 23 0 19 19 0 0 0 0 0 0 0 0 0 0 17 0 -999 
P12386 2008 5 0 14 0 0 15 0 23 12 0 15 23 8 0 17 0 0 0 0 0 0 26 19 17 0 0 16 15 0 8 0 0 
P12386 2008 6 0 0 0 14 13 0 0 0 0 0 0 17 0 18 0 0 0 0 0 0 12 0 0 15 0 0 0 20 0 0 -999 
P12386 2008 7 9 0 0 0 0 0 0 0 0 20 0 0 0 0 0 0 0 0 0 11 0 0 0 0 0 0 17 0 0 0 0 
P12386 2008 8 0 26 0 0 0 0 0 0 0 0 0 0 0 11 0 0 0 0 0 0 0 0 0 0 0 19 0 10 0 0 0 
P12386 2008 9 0 0 0 16 0 0 0 0 0 15 0 0 11 0 0 0 0 0 0 0 12 0 0 14 0 14 0 0 13 0 -999 
P12386 2008 10 10 0 0 0 11 0 13 0 6 0 0 17 15 16 0 0 0 12 0 0 0 0 0 0 0 9 14 9 18 15 0 
P12386 2008 11 12 18 0 21 0 0 0 0 13 11 12 0 0 0 0 0 0 3 0 0 0 0 0 4 0 0 0 0 0 5 -999 
P12386 2008 12 4 0 0 0 0 10 0 12 10 8 0 0 0 0 0 8 0 4 0 0 0 0 0 0 0 0 0 0 7 0 0 
P12386 2009 1 7 0 0 0 0 0 0 0 0 5 0 0 20 0 0 0 0 3 0 0 0 0 0 0 0 0 0 0 0 0 0 
P12386 2009 2 0 8 0 10 0 0 0 5 0 0 0 0 0 0 0 0 0 0 0 0 0 0 6 12 9 0 5 0 -999 -999 -999 
P12386 2009 3 23 0 25 0 6 5 0 10 0 0 0 0 0 10 23 13 0 5 0 0 0 0 0 0 10 22 0 0 0 18 13 
P12386 2009 4 0 35 45 17 0 27 28 0 0 0 0 17 25 0 15 0 0 12 0 16 0 26 14 0 0 6 6 0 0 0 -999 
P12386 2009 5 30 23 12 14 0 0 0 0 0 25 27 11 0 0 0 0 0 0 0 0 36 37 0 24 0 0 0 0 0 0 14 
P12386 2009 6 0 0 0 0 0 0 0 0 0 0 0 0 10 0 0 28 26 0 0 0 0 0 0 0 0 0 0 0 0 0 -999 
P12386 2009 7 0 20 17 0 0 0 0 0 0 0 0 22 0 16 0 0 10 11 0 16 18 15 0 0 0 0 0 0 0 14 0 
P12386 2009 8 0 0 0 0 0 0 0 0 0 0 20 0 0 0 6 0 0 0 0 0 0 0 0 24 0 0 0 0 0 22 0 
P12386 2009 9 0 0 0 0 0 0 0 0 0 0 25 19 0 0 16 20 0 0 0 17 0 25 15 0 0 0 9 0 8 0 -999 
P12386 2009 10 0 0 0 0 0 9 0 0 7 0 13 14 0 0 0 15 18 0 24 0 0 0 0 6 0 0 6 0 0 7 0 
P12386 2009 11 0 0 0 0 0 0 10 0 0 0 0 3 3 0 0 0 0 0 4 0 0 7 0 0 0 20 13 8 7 0 -999 
P12386 2009 12 5 0 2 0 3 0 27 20 13 0 18 0 2 2 0 0 0 0 15 15 0 0 0 0 6 13 14 11 0 0 0 
P12386 2010 1 0 0 0 0 0 0 12 7 6 11 0 10 0 8 0 0 0 0 0 0 0 0 0 0 0 0 8 0 0 0 13 
P12386 2010 2 0 0 0 0 0 17 19 0 0 0 0 0 0 0 0 0 0 0 0 0 0 0 0 14 0 0 0 0 -999 -999 -999 
P12386 2010 3 0 0 0 0 6 0 26 0 23 19 18 13 0 0 0 6 0 0 0 40 29 0 0 0 6 7 0 0 0 0 0 
P12386 2010 4 0 0 0 12 0 0 16 26 0 18 0 27 0 26 0 35 0 0 0 0 20 0 0 5 0 0 0 9 22 24 -999 
P12386 2010 5 0 0 0 23 0 0 0 0 0 0 22 31 0 16 0 22 0 0 0 10 0 0 15 12 0 29 23 0 0 14 16 
P12386 2010 6 21 0 18 0 11 0 0 0 0 0 0 25 35 0 0 22 0 0 11 0 18 13 0 0 0 0 0 21 0 0 -999 
P12386 2010 7 0 0 0 0 0 0 0 0 0 18 0 16 0 0 0 14 0 0 0 0 0 0 17 0 0 0 0 14 0 0 15 
P12386 2010 8 0 21 0 0 0 0 0 18 0 22 0 0 0 0 0 0 18 0 0 0 0 0 0 0 0 0 0 7 0 0 15 
P12386 2010 9 12 0 0 0 9 0 0 0 18 31 0 0 28 20 12 0 0 0 0 0 0 0 15 0 0 0 0 7 0 0 -999 
P12386 2010 10 0 0 0 0 0 0 0 0 0 0 12 6 10 12 0 0 0 0 0 0 18 0 0 0 5 0 0 0 4 0 0 
P12386 2010 11 0 0 6 6 3 0 0 0 0 0 0 4 0 0 0 7 0 0 0 0 3 0 0 0 0 0 4 0 0 0 -999 
P12386 2010 12 0 0 0 7 0 8 0 5 0 0 0 0 0 22 0 0 0 0 0 0 0 0 0 4 0 0 0 4 0 0 0 
P12386 2011 1 3 0 0 0 5 0 0 0 0 0 0 0 6 0 6 0 4 0 0 0 0 8 17 14 0 0 0 1 0 2 0 
P12386 2011 2 4 3 0 0 0 7 0 0 0 0 0 0 0 0 0 0 0 0 0 0 0 0 0 0 0 0 0 23 -999 -999 -999 
P12386 2011 3 0 0 0 0 0 0 8 0 0 8 0 15 0 14 18 32 46 16 0 0 13 16 12 16 14 8 0 26 0 0 12 
P12386 2011 4 0 21 0 0 13 0 10 0 0 0 0 0 0 0 0 0 0 0 0 20 20 0 6 0 0 0 0 5 0 0 -999 
P12386 2011 5 0 12 0 0 0 0 12 14 0 27 0 0 0 0 0 0 0 0 0 0 22 0 0 0 0 0 22 0 0 26 18 
P12386 2011 6 0 0 0 0 0 0 0 11 17 24 0 21 0 0 21 0 0 0 9 0 15 19 21 0 23 19 23 0 0 0 -999 
P12386 2011 7 0 0 0 0 0 0 0 0 5 0 9 14 0 20 0 0 0 0 12 14 0 0 0 0 0 13 0 0 0 0 0 
P12386 2011 8 0 0 0 0 0 0 0 0 0 0 15 0 0 12 0 0 0 0 0 0 22 0 0 0 0 0 0 0 0 0 23 
P12386 2011 9 0 0 8 0 0 0 0 0 0 0 0 0 0 0 0 0 0 0 0 0 0 0 0 12 0 0 0 0 0 0 -999 
P12386 2011 10 15 0 0 0 0 0 0 0 13 0 0 0 0 0 0 8 0 0 0 0 0 0 18 14 0 0 5 0 0 0 0 
P12386 2011 11 0 0 7 5 12 15 47 36 0 0 0 0 0 0 0 0 15 13 5 0 0 21 28 28 0 0 0 0 0 0 -999 
P12386 2011 12 0 8 0 0 0 7 0 0 0 0 0 0 0 0 0 7 0 7 10 12 15 0 0 0 0 0 0 0 0 0 0 
P12386 2012 1 0 21 0 0 0 0 0 0 0 0 0 0 0 0 0 0 0 0 0 0 16 11 0 0 0 0 0 7 2 0 6 
P12386 2012 2 0 6 24 0 0 3 0 0 0 0 0 0 0 0 0 0 0 0 9 10 0 12 5 0 0 18 0 0 -999 -999 -999 
P12386 2012 3 10 21 29 36 22 0 0 0 0 0 0 0 0 0 0 0 0 19 16 19 22 17 12 13 0 0 0 0 0 0 0 
P12386 2012 4 0 0 0 0 0 7 11 0 9 0 0 0 25 0 20 0 0 18 20 16 13 0 12 19 22 25 30 23 13 16 -999 
P12386 2012 5 18 0 0 18 0 0 0 35 0 0 14 17 0 18 0 13 11 0 11 14 0 12 0 0 22 0 0 0 8 0 0 
P12386 2012 6 0 0 0 0 6 0 0 0 27 0 0 0 21 0 0 15 0 0 0 0 0 0 0 0 0 0 13 0 0 20 -999 
P12386 2012 7 9 0 0 0 0 0 0 0 0 0 0 0 19 0 0 0 0 0 22 18 0 0 0 0 0 0 12 0 0 0 19 
P12386 2012 8 0 0 0 0 0 0 0 0 0 16 0 0 0 0 0 0 0 0 0 0 0 13 12 0 0 0 11 0 0 0 0 
P12386 2012 9 0 0 0 0 0 14 19 13 10 0 0 0 0 0 8 0 0 0 0 0 0 0 0 9 0 0 0 0 0 21 -999 
P12386 2012 10 13 11 0 0 8 0 0 11 0 14 25 11 0 0 0 0 0 0 0 0 0 0 18 0 0 12 13 0 5 0 0 
P12386 2012 11 4 0 18 0 0 0 0 0 0 0 11 0 0 0 4 0 0 0 14 16 0 0 0 0 0 0 0 0 0 17 -999 
P12386 2012 12 16 11 0 0 0 24 32 0 0 0 0 0 0 0 14 0 17 19 0 0 0 6 0 0 0 1 0 0 0 0 21 
P12386 2013 1 21 12 0 9 5 0 0 0 0 0 0 0 0 0 0 0 0 0 0 0 0 0 0 0 0 0 0 0 0 0 0 
P12386 2013 2 2 0 0 0 0 0 0 0 0 0 0 0 12 22 0 0 0 11 14 10 13 12 9 14 0 0 0 3 -999 -999 -999 
P12386 2013 3 0 0 6 0 8 0 0 0 24 17 23 18 19 15 0 0 15 13 10 0 0 23 26 0 0 0 17 26 34 33 33 
P12386 2013 4 0 30 0 0 0 10 11 0 0 0 0 0 12 0 14 0 13 10 0 0 0 13 12 0 31 21 8 0 8 0 -999 
P12386 2013 5 0 0 0 0 0 0 0 0 22 0 0 0 0 12 0 0 25 14 0 0 10 4 0 0 0 6 0 0 0 0 0 
P12386 2013 6 0 0 18 14 0 17 0 0 0 25 0 0 22 0 0 13 12 0 0 0 8 0 0 0 0 0 0 0 20 0 -999 
P12386 2013 7 0 14 0 0 0 17 0 0 0 0 0 0 0 15 0 0 15 0 0 12 17 0 0 0 18 0 0 0 0 0 0 
P12386 2013 8 0 0 0 0 0 0 0 0 0 16 16 0 0 0 0 24 0 0 0 0 8 0 17 0 0 0 0 0 21 0 20 
P12386 2013 9 11 0 0 0 0 0 0 0 0 0 0 0 0 0 0 0 11 12 16 0 0 0 0 0 0 0 0 0 0 0 -999 
P12386 2013 10 0 0 0 0 0 0 0 11 9 0 20 16 0 0 0 0 17 0 0 0 0 0 0 0 0 0 0 0 0 0 0 
P12386 2013 11 0 0 0 0 0 0 0 0 8 0 15 12 8 0 0 7 0 28 46 0 11 0 0 0 21 11 0 21 0 0 -999 
P12386 2013 12 0 8 0 0 0 0 11 8 0 8 9 0 0 0 0 0 0 0 0 0 0 0 0 9 0 0 0 12 14 17 0 
P12386 2014 1 0 5 0 0 0 7 0 6 10 0 0 0 0 0 4 0 0 0 0 0 0 0 0 0 0 13 15 21 54 39 20 
P12386 2014 2 12 11 0 5 0 7 0 17 10 8 0 0 0 0 0 0 0 0 0 0 0 0 0 0 6 0 0 0 -999 -999 -999 
P12386 2014 3 22 0 25 15 0 0 0 0 0 0 0 19 19 0 15 0 11 18 24 0 0 0 0 11 0 0 12 0 0 0 14 
P12386 2014 4 14 0 0 22 0 32 0 0 17 20 0 13 12 14 34 31 23 10 6 7 9 10 0 15 28 15 16 20 14 0 -999 
P12386 2014 5 17 0 8 21 20 0 0 0 0 0 12 0 12 14 0 0 23 0 0 0 0 0 19 14 0 0 21 15 16 23 0 
P12386 2014 6 0 8 0 25 17 13 0 16 0 0 0 0 0 0 0 0 0 18 0 0 21 18 19 0 21 0 0 0 15 0 -999 
P12386 2014 7 0 0 16 0 0 0 12 0 0 0 0 0 0 0 0 14 15 0 0 18 20 0 0 0 22 0 0 0 0 0 0 
P12386 2014 8 0 0 0 0 14 0 0 12 0 0 0 0 11 0 0 0 0 12 0 0 0 0 0 0 0 10 0 0 0 0 0 
P12386 2014 9 0 0 0 0 0 0 0 0 0 0 12 0 0 0 27 0 0 0 0 0 13 0 9 0 0 0 0 0 20 28 -999 
P12386 2014 10 15 0 0 0 0 0 0 0 0 0 0 0 0 0 0 0 0 0 0 0 0 9 0 0 12 0 0 0 9 7 0 
P12386 2014 11 0 0 0 0 0 0 0 7 0 0 0 0 7 0 0 5 0 13 8 0 8 13 0 5 0 5 0 0 0 0 -999 
P12386 2014 12 0 0 0 0 3 0 0 0 0 4 0 0 0 0 0 0 0 0 0 0 0 0 0 9 0 0 0 0 0 0 0 
P12386 2015 1 0 0 0 9 11 14 0 15 0 22 12 0 0 0 0 0 0 0 0 0 0 3 0 3 0 0 5 6 0 0 0 
P12386 2015 2 0 0 0 0 0 0 0 0 0 0 0 3 0 0 0 0 0 0 0 0 0 0 0 0 14 18 17 18 -999 -999 -999 
P12386 2015 3 14 14 12 14 18 0 8 9 21 32 26 0 9 0 0 0 5 0 0 0 0 0 10 21 16 0 0 0 0 0 16 
P12386 2015 4 0 36 0 0 0 0 7 10 10 0 0 0 0 0 0 5 0 0 0 11 0 0 0 0 10 20 21 0 23 0 -999 
P12386 2015 5 16 0 17 10 6 0 0 0 6 0 0 0 0 0 0 0 0 0 0 0 0 0 0 0 14 0 24 30 27 14 0 
P12386 2015 6 0 12 0 0 0 0 17 0 11 0 0 0 0 0 0 0 0 0 8 0 0 0 13 0 16 0 15 17 0 0 -999 
P12386 2015 7 0 0 15 16 0 0 0 18 0 0 0 15 0 20 0 0 0 0 0 0 0 23 25 0 0 0 0 0 15 0 0 
P12386 2015 8 0 12 0 0 0 0 0 0 0 0 0 21 0 0 0 0 19 0 0 0 0 0 27 0 0 20 0 23 0 0 0 
P12386 2015 9 12 13 0 29 0 21 0 0 0 0 0 0 0 13 11 0 0 0 0 0 15 14 0 0 0 23 18 0 0 0 -999 
P12386 2015 10 0 11 6 0 0 17 13 10 0 0 0 0 12 0 17 0 17 0 13 0 15 0 11 15 0 0 0 0 0 0 0 
P12386 2015 11 0 0 0 4 0 9 0 0 12 0 0 0 9 21 27 0 0 4 6 0 7 10 17 0 0 0 4 0 0 0 -999 
P12386 2015 12 21 32 29 0 15 0 13 18 0 18 0 9 16 8 0 0 0 0 0 0 0 0 0 0 0 0 0 0 0 0 0 
P12386 2016 1 6 0 0 0 0 0 14 9 0 7 0 0 8 7 0 0 3 0 0 0 0 7 0 8 0 0 25 28 0 21 25 
P12386 2016 2 16 10 5 6 0 3 0 0 0 8 8 0 0 0 0 0 0 0 7 0 0 0 8 10 0 10 0 0 -999 -999 -999 
P12386 2016 3 15 0 23 17 0 15 14 13 31 15 19 24 24 41 40 23 0 0 0 0 0 20 0 23 19 19 0 21 0 11 0 
P12386 2016 4 0 9 11 0 0 0 0 0 16 14 0 17 0 0 18 0 10 7 0 0 8 0 0 22 0 23 36 32 28 0 -999 
P12386 2016 5 11 0 0 0 8 0 0 19 0 0 0 0 0 20 0 0 0 0 0 0 0 0 0 11 0 0 0 0 32 33 0 
P12386 2016 6 19 0 8 0 0 11 0 0 0 17 0 0 0 0 18 14 0 0 12 0 0 0 10 0 0 0 0 0 0 0 -999 
P12386 2016 7 0 19 0 0 0 21 0 0 0 0 0 0 0 0 17 0 0 0 0 0 0 16 0 0 0 18 18 15 13 19 0 
P12386 2016 8 0 0 21 0 0 0 0 0 0 0 22 0 0 0 0 0 0 0 0 0 0 0 0 0 0 27 0 0 0 14 0 
P12386 2016 9 16 20 0 15 0 0 0 0 0 0 7 0 5 0 0 0 0 0 0 16 0 0 12 0 0 0 0 0 0 18 -999 
P12386 2016 10 0 0 0 0 0 0 0 0 0 0 0 0 0 0 11 0 0 35 26 21 0 26 23 17 0 0 0 16 19 19 18 
P12386 2016 11 0 23 15 0 0 0 0 13 0 0 0 0 0 0 9 14 22 22 0 30 15 0 0 14 16 0 0 0 12 19 -999 
P12386 2016 12 0 0 0 0 0 4 0 0 0 5 0 12 19 22 14 0 0 0 0 0 0 0 0 6 0 0 8 0 0 8 0 
P12386 2017 1 0 0 0 0 0 0 0 0 0 0 0 10 14 36 43 0 0 0 0 0 0 0 0 0 0 0 0 0 0 0 0 
P12386 2017 2 0 0 0 0 0 0 0 6 0 0 0 0 0 0 6 0 0 0 0 4 0 0 0 0 0 0 0 0 -999 -999 -999 
P12386 2017 3 0 0 0 0 0 0 0 0 17 31 0 14 17 21 0 0 3 0 4 0 0 6 9 20 28 19 19 31 0 0 0 
P12386 2017 4 0 0 0 0 0 0 0 9 9 16 12 11 0 16 0 14 0 0 7 0 0 0 0 20 20 0 0 27 0 0 -999 
P12386 2017 5 0 0 0 0 0 12 0 0 0 14 0 28 0 0 0 0 13 10 0 17 0 24 0 0 18 0 6 0 0 0 0 
P12386 2017 6 0 13 0 0 0 14 12 15 0 0 0 0 14 0 19 23 0 0 0 0 20 0 17 19 0 8 0 0 23 26 -999 
P12386 2017 7 0 0 0 19 0 0 0 0 0 0 0 0 0 15 0 0 0 0 0 0 0 15 14 0 0 13 0 0 18 0 0 
P12386 2017 8 0 0 0 0 0 0 21 17 0 0 16 0 0 18 12 0 0 0 0 0 0 19 0 0 0 0 0 0 0 0 0 
P12386 2017 9 0 0 0 0 8 0 0 0 0 0 0 0 0 9 13 0 0 6 0 0 0 0 0 0 10 0 0 0 0 0 -999 
P12386 2017 10 9 0 0 6 6 0 0 0 0 0 0 0 0 10 0 15 8 0 0 0 0 0 9 7 0 0 13 34 0 0 0 
P12386 2017 11 16 20 14 0 0 7 0 7 13 12 10 18 32 0 27 0 0 0 11 14 17 25 0 0 2 0 0 0 0 0 -999 
P12386 2017 12 0 7 0 0 12 0 17 0 27 0 27 19 0 0 0 10 0 0 8 12 10 0 0 0 7 8 8 11 22 0 16 
P12386 2018 1 25 0 0 0 5 7 0 3 0 10 0 0 0 3 0 0 0 0 0 0 6 0 0 17 13 21 15 11 10 0 0 
P12386 2018 2 0 0 14 0 0 0 0 6 5 0 6 0 0 0 0 0 0 7 0 0 0 0 0 0 0 0 2 0 -999 -999 -999 
P12386 2018 3 0 0 0 0 8 0 8 0 15 21 27 30 36 0 25 22 0 18 0 0 0 0 0 0 13 0 13 14 0 9 0 
P12386 2018 4 0 0 6 8 10 0 0 0 0 0 0 0 0 0 6 15 0 6 8 0 0 0 19 0 0 27 19 0 0 18 -999 
P12386 2018 5 25 24 0 0 0 0 0 0 12 19 0 16 0 13 9 0 0 0 18 25 22 0 27 0 0 0 28 32 0 0 0 
P12386 2018 6 0 11 0 13 0 0 0 0 0 13 0 0 0 0 0 0 0 10 0 0 0 0 12 0 0 0 0 0 0 13 -999 
P12386 2018 7 0 0 0 19 12 0 0 16 12 0 0 14 0 0 0 21 0 20 0 0 15 0 0 0 0 0 21 0 0 0 0 
P12386 2018 8 13 0 21 0 0 0 0 0 0 0 0 0 10 12 0 0 0 0 0 0 9 0 0 0 0 0 17 18 0 17 0 
P12386 2018 9 0 0 0 0 15 0 0 0 14 0 0 0 0 0 0 0 0 0 0 0 9 0 13 0 0 0 9 0 0 12 -999 
P12386 2018 10 0 0 0 0 0 13 0 0 16 20 20 19 0 0 0 22 21 12 0 0 14 17 0 13 9 0 0 0 0 10 14 
P12386 2018 11 17 0 12 17 0 12 0 14 0 27 0 0 15 8 0 0 0 0 0 0 0 0 0 0 0 6 8 0 0 5 -999 
P12386 2018 12 0 0 0 8 0 8 16 0 0 0 0 11 30 37 24 11 9 0 0 2 0 0 0 0 10 0 0 5 6 16 10 
P12386 2019 1 8 0 26 16 0 13 20 21 0 0 0 0 9 0 0 11 14 22 0 0 0 28 0 0 7 0 16 14 0 0 0 
P12386 2019 2 20 0 16 0 0 15 9 0 0 0 0 13 26 14 0 0 8 16 16 13 0 2 0 0 0 0 0 0 -999 -999 -999 
P12386 2019 3 0 0 0 6 0 7 0 0 0 0 0 0 0 0 0 0 0 0 0 0 0 0 0 8 8 0 14 26 0 0 7 
P12386 2019 4 0 0 8 11 13 18 0 14 0 24 21 24 0 0 31 28 28 0 7 0 0 0 17 37 0 18 15 15 24 35 -999 
P12386 2019 5 41 0 0 0 0 13 0 0 0 21 0 17 0 0 0 0 0 0 0 0 0 0 0 0 0 0 0 0 0 0 0 
P12386 2019 6 14 0 12 0 0 0 0 0 0 0 18 20 0 13 12 0 10 0 0 0 0 0 17 0 14 0 0 0 0 25 -999 
P12386 2019 7 21 16 0 0 0 0 0 0 0 20 0 0 0 0 18 0 0 0 0 0 0 0 0 15 19 0 0 0 0 0 11 
P12386 2019 8 0 14 0 0 21 26 0 0 0 0 0 0 0 0 0 0 0 0 0 0 0 0 0 0 0 0 0 0 9 10 16 
P12386 2019 9 0 29 13 12 0 0 0 0 32 0 15 0 0 17 0 0 0 0 15 14 7 0 17 0 0 0 0 15 0 0 -999 
P12386 2019 10 0 0 0 0 0 15 11 0 0 0 0 23 22 13 0 0 0 0 0 8 0 0 0 0 0 0 0 5 0 8 11 
P12386 2019 11 0 0 5 0 6 0 8 0 4 0 0 0 0 0 0 0 0 7 0 0 35 22 25 0 28 22 0 9 0 0 -999 
P12386 2019 12 9 8 0 0 0 0 0 0 0 0 0 0 0 0 0 0 0 0 0 0 0 0 0 0 0 4 0 5 0 0 1 
P12386 2020 1 0 0 0 5 0 0 0 0 0 0 0 0 6 0 0 0 0 0 2 0 0 0 0 0 0 0 0 0 21 18 15 
P12386 2020 2 0 0 0 0 6 9 13 0 4 0 0 5 0 5 0 0 0 0 0 0 0 0 3 0 0 9 6 0 -999 -999 -999 
P12386 2020 3 0 3 0 0 0 0 0 0 0 2 0 7 5 0 0 0 0 0 0 0 0 0 10 0 16 0 0 15 17 13 18 
P12386 2020 4 19 25 0 13 0 7 8 8 7 0 0 0 0 0 11 15 19 15 0 18 18 19 0 0 0 0 0 11 8 0 -999 
P12386 2020 5 10 0 0 0 0 6 0 0 0 0 0 26 20 20 0 18 0 0 0 0 0 0 12 11 0 0 0 0 0 11 16 
P12386 2020 6 0 0 13 0 14 0 17 0 0 18 14 0 0 0 23 0 0 0 0 0 13 0 0 24 15 0 0 14 10 0 -999 
P12386 2020 7 17 0 0 12 0 0 0 0 0 22 0 0 0 0 17 0 19 27 27 0 0 0 0 0 0 0 15 0 15 0 0 
P12386 2020 8 18 0 0 0 0 0 0 0 0 0 0 0 0 9 0 0 0 12 0 0 0 17 0 0 23 0 11 0 14 0 0 
P12386 2020 9 19 0 0 0 10 0 0 0 0 11 0 0 0 0 0 0 0 0 0 0 14 0 14 9 0 0 0 0 0 10 -999 
P12386 2020 10 0 13 10 0 0 0 0 20 0 14 14 11 7 0 13 0 0 9 12 14 11 0 0 0 8 0 0 12 0 0 0 
P12386 2020 11 40 22 24 18 18 0 12 7 0 0 0 0 0 0 16 16 0 0 14 0 26 0 24 0 28 21 0 19 0 0 -999 
P12386 2020 12 0 9 10 7 2 0 0 0 8 0 0 0 0 0 0 0 0 0 0 11 10 14 12 0 0 0 14 0 0 10 11 
P12386 2021 1 14 12 0 0 15 0 9 8 6 0 0 0 3 0 0 0 0 0 11 0 0 0 0 0 7 5 0 6 10 12 0 
P12386 2021 2 0 9 5 0 9 0 0 0 0 0 6 6 0 8 4 0 0 4 0 0 6 9 12 6 0 0 7 0 -999 -999 -999 
P12386 2021 3 0 22 15 0 0 0 0 19 13 15 10 0 17 0 0 0 7 0 0 0 17 0 0 0 0 0 0 0 13 15 12 
P12386 2021 4 0 0 0 19 7 0 0 10 0 0 0 0 14 13 12 0 0 0 0 0 23 28 22 21 0 0 0 0 0 23 -999 
P12386 2021 5 0 0 0 28 23 0 0 0 0 11 12 0 0 0 0 0 0 0 0 0 0 0 0 17 23 20 0 13 9 0 0 
P12386 2021 6 0 32 45 0 0 0 10 0 15 14 0 0 0 0 0 6 13 0 30 0 0 0 0 0 0 0 0 0 0 19 -999 
P12386 2021 7 0 19 0 0 0 0 0 25 18 0 11 0 0 0 15 14 0 0 0 0 0 0 0 13 0 0 0 0 0 8 0 
P12386 2021 8 0 0 0 0 0 16 0 13 0 0 0 0 0 11 0 0 18 0 0 0 0 14 0 10 0 11 11 13 0 0 0 
P12386 2021 9 0 8 0 0 13 0 0 0 0 0 0 9 0 0 0 0 0 0 0 0 0 0 0 0 16 21 14 16 0 0 -999 
P12386 2021 10 0 8 0 0 0 0 14 0 12 0 0 0 0 0 0 0 0 0 0 0 0 13 21 26 10 0 0 0 13 0 0 
P12386 2021 11 5 7 0 0 20 26 23 0 0 0 0 0 0 0 0 0 14 16 0 0 0 0 0 0 0 0 0 13 18 9 -999 
P12386 2021 12 8 8 6 0 0 0 0 0 5 0 0 0 0 0 0 6 7 8 0 0 0 0 0 0 0 0 0 0 0 0 0 
P12386 2022 1 4 0 0 0 0 0 0 0 0 6 0 0 0 0 6 0 0 0 2 0 0 5 13 17 17 0 0 13 0 3 4 
P12386 2022 2 0 17 0 0 11 0 15 15 9 6 14 0 15 0 11 0 21 28 13 0 29 14 16 0 10 13 18 0 -999 -999 -999 
P12386 2022 3 0 9 0 21 62 25 20 11 9 25 17 0 37 33 0 10 0 0 0 0 0 0 0 0 0 0 0 0 0 14 0 
P12386 2022 4 0 9 12 0 0 0 0 19 19 15 0 0 0 0 24 0 0 11 0 0 0 0 17 0 0 0 0 0 0 0 -999 
P12386 2022 5 0 0 7 0 11 0 15 0 0 37 43 27 17 22 27 29 0 24 16 14 16 0 0 17 0 0 0 0 0 14 16 
P12386 2022 6 11 0 14 16 20 0 20 13 9 0 0 0 9 0 0 0 0 0 11 9 0 0 0 0 0 0 0 0 17 0 -999 
P12386 2022 7 0 0 0 0 0 0 0 0 0 0 17 0 0 0 0 0 0 17 0 0 0 0 0 0 0 0 16 0 0 0 18 
P12386 2022 8 0 0 0 0 0 0 0 18 0 0 0 19 22 17 0 12 13 16 17 0 0 19 24 0 0 0 0 0 0 0 0 
P12386 2022 9 0 0 9 0 0 8 12 0 0 0 10 11 0 0 26 15 0 0 0 0 0 17 0 0 0 0 0 0 0 0 -999 
P12386 2022 10 0 0 10 0 0 0 0 0 11 0 23 0 11 6 8 0 0 0 0 4 0 0 0 0 0 0 4 0 0 11 7 
P12386 2022 11 0 0 0 0 0 0 0 6 0 9 12 0 0 0 0 0 25 0 0 0 0 0 0 0 0 0 0 5 0 0 -999 
P12386 2022 12 11 15 19 15 0 0 11 7 21 0 0 0 0 0 2 5 0 0 0 7 0 0 0 10 19 9 4 20 28 0 8 
P12386 2023 1 11 18 0 7 4 0 0 9 0 0 2 0 0 0 0 0 0 0 0 0 0 0 15 0 5 0 0 4 0 0 0 
P12386 2023 2 0 6 0 0 0 0 0 0 0 0 0 0 6 0 0 7 7 6 0 5 5 0 0 0 17 22 27 30 -999 -999 -999 
P12386 2023 3 0 17 13 0 0 0 0 0 0 0 7 0 13 0 0 0 0 0 0 0 0 0 0 0 0 0 0 0 0 12 0 
P12386 2023 4 0 0 16 20 15 19 0 0 0 0 15 13 13 20 27 0 0 0 0 0 0 0 0 0 0 19 0 34 0 5 -999 
P12386 2023 5 0 0 8 0 0 7 0 0 0 0 0 22 22 0 14 24 19 0 0 0 12 0 0 8 0 0 0 8 0 0 0 
P12386 2023 6 0 0 0 13 0 12 0 0 20 0 0 0 0 0 10 0 0 17 22 0 0 0 0 0 0 0 0 0 0 0 -999 
P12386 2023 7 9 0 0 0 0 11 0 0 0 20 0 0 20 0 16 0 0 17 0 20 0 0 24 0 0 20 0 0 0 0 0 
P12386 2023 8 0 12 0 0 0 0 0 0 0 0 0 0 18 0 0 19 0 0 0 0 14 0 0 13 0 0 0 0 0 0 0 
P12386 2023 9 0 0 0 0 0 0 0 0 0 0 0 0 0 0 0 0 0 0 0 0 8 0 7 0 0 14 14 25 23 26 -999 
P12386 2023 10 32 38 40 0 0 0 0 0 14 0 0 0 0 0 19 12 0 0 0 0 0 0 12 0 9 0 15 0 0 0 17 
P12386 2023 11 27 26 13 0 7 0 12 14 0 19 0 0 0 0 0 0 0 0 0 0 0 4 0 6 0 7 0 0 0 0 -999 
P12386 2023 12 0 0 0 0 0 0 0 0 0 0 0 0 0 9 0 0 0 0 8 0 0 0 0 0 5 0 0 7 0 0 0 
P12386 2024 1 0 0 0 4 2 6 8 17 0 19 10 0 0 0 9 0 7 10 0 0 0 0 0 0 8 8 0 0 0 0 12 
P12386 2024 2 33 70 0 0 0 0 3 0 0 0 0 0 0 0 0 21 0 6 0 0 0 0 12 30 8 5 5 0 -999 -999 -999 
P12386 2024 3 10 0 0 11 8 0 7 0 0 0 7 0 0 11 0 8 11 0 11 0 0 4 7 15 37 23 21 17 0 0 0 
P12386 2024 4 12 23 15 12 17 0 0 7 0 0 0 0 0 0 15 0 0 0 0 0 0 20 0 18 0 0 0 8 0 0 -999 
P12386 2024 5 0 0 0 8 0 8 0 7 0 22 0 0 0 0 14 0 0 15 0 0 0 0 0 0 0 0 0 0 0 0 12 
P12386 2024 6 0 0 0 0 19 18 17 0 0 22 0 10 0 0 0 0 9 0 0 25 17 0 17 0 25 0 0 0 0 17 -999 
P12386 2024 7 0 0 0 0 0 0 0 0 0 0 0 0 0 14 0 0 0 0 0 0 0 0 0 0 0 0 16 0 22 0 11 
P12386 2024 8 0 0 0 0 0 0 0 0 22 0 0 0 11 0 0 0 0 16 0 0 0 0 0 0 0 0 16 17 15 0 0 
P12386 2024 9 14 14 0 0 0 10 11 11 9 0 14 0 0 19 0 0 0 17 13 0 12 0 0 0 0 0 11 0 6 6 -999 
P12386 2024 10 0 0 7 0 10 10 0 0 0 0 0 9 0 0 0 19 23 0 0 9 0 14 0 21 0 0 16 0 16 0 0 
P12386 2024 11 0 0 15 14 11 0 0 0 0 5 8 0 0 0 0 0 0 0 0 0 8 0 13 0 0 0 7 0 0 0 -999 
P12386 2024 12 0 6 8 7 0 0 0 2 0 0 7 0 0 0 0 0 0 0 0 0 0 0 0 0 0 0 0 0 0 0 0 
P12386 2025 1 0 0 1 0 0 0 0 0 0 0 0 0 0 0 0 0 0 0 0 0 0 0 0 0 28 21 20 0 4 4 0 
P12386 2025 2 0 0 0 0 0 0 0 0 24 19 0 18 17 9 0 13 0 6 0 0 0 0 0 0 0 0 0 0 -999 -999 -999 
P12386 2025 3 0 13 0 16 15 0 30 44 0 0 0 0 0 0 0 0 13 19 0 0 30 31 0 27 28 0 0 16 0 6 0 
P12386 2025 4 17 0 0 3 0 0 0 7 0 0 0 0 0 6 0 30 0 0 0 19 14 11 11 0 0 9 0 11 17 27 -999 
P12386 2025 5 17 0 0 0 0 0 15 0 0 17 17 20 17 0 0 9 0 31 0 0 13 0 0 27 27 0 0 0 0 17 22 
P12386 2025 6 16 9 0 0 22 0 0 23 0 0 0 0 0 0 0 0 0 0 0 0 0 0 0 25 0 20 19 0 0 21 -999 
P12386 2025 7 16 0 0 19 0 0 0 0 0 0 0 0 0 24 27 25 19 0 21 16 0 0 25 0 14 0 0 0 0 18 27 
P12386 2025 8 0 0 0 0 0 0 0 0 0 0 0 0 0 0 0 0 0 0 17 0 0 0 0 0 0 0 0 12 0 0 0 
P12386 2025 9 22 18 0 0 12 0 0 0 0 0 13 0 0 0 0 0 0 0 15 0 8 0 0 0 0 11 0 0 0 0 -999 
P12386 2025 10 0 9 0 10 0 9 9 0 0 0 7 0 0 0 12 10 0 0 11 0 11 0 0 9 0 24 25 0 34 18 0 
P12386 2025 11 0 0 0 0 0 0 5 0 6 0 0 0 0 0 0 6 11 0 0 0 0 0 0 0 12 0 0 0 3 0 -999 
P12386 2025 12 0 0 0 0 0 0 6 0 3 0 0 0 0 0 0 0 0 6 0 0 0 0 5 0 0 0 0 0 6 0 0 
P12386 2026 1 0 5 0 0 5 0 0 0 0 0 6 0 16 0 0 8 0 14 0 0 0 3 0 0 0 0 0 0 0 9 0 
P12386 2026 2 0 0 0 41 0 0 0 0 0 0 14 0 0 0 0 0 7 10 0 36 21 0 0 0 6 9 9 0 -999 -999 -999 
P12386 2026 3 0 7 0 0 0 3 0 0 0 8 0 0 0 0 0 8 13 0 17 15 18 36 31 0 10 6 6 5 4 0 0 
P12386 2026 4 0 0 0 0 10 0 0 0 20 22 41 23 20 22 13 0 0 0 13 0 0 12 0 0 0 18 20 0 32 26 -999 
P12386 2026 5 24 0 12 0 0 0 0 0 0 0 0 0 0 0 0 0 0 0 0 0 28 0 16 17 0 0 0 0 0 16 0 
P12386 2026 6 16 0 0 0 10 9 0 0 26 0 0 0 0 0 13 0 0 0 0 0 0 0 0 11 0 13 0 0 0 0 -999 
P12386 2026 7 0 0 16 0 0 0 0 0 0 0 0 17 0 0 0 18 0 0 0 0 0 0 0 0 0 0 0 0 0 0 12 
P12386 2026 8 0 0 0 0 0 0 0 0 15 16 21 0 0 0 0 0 14 0 0 0 0 0 20 25 22 14 0 16 0 0 0 
P12386 2026 9 0 0 0 16 0 11 0 10 0 0 0 14 26 0 0 0 0 13 0 17 0 18 13 0 8 0 0 0 0 10 -999 
P12386 2026 10 0 0 0 0 0 0 0 21 15 0 11 12 0 0 9 0 0 0 0 0 0 0 12 10 6 0 0 0 0 9 25 
P12386 2026 11 0 21 0 11 0 0 0 0 0 14 14 12 0 13 0 0 8 0 0 0 5 0 0 0 0 0 0 0 0 0 -999 
P12386 2026 12 0 0 0 8 13 0 0 0 13 16 19 0 0 0 10 0 8 9 0 15 0 0 0 0 0 4 0 0 0 5 0 
P12386 2027 1 0 0 0 6 0 9 0 0 6 13 10 5 0 0 0 0 0 0 6 16 0 0 0 0 0 0 0 0 0 0 0 
P12386 2027 2 0 0 0 0 0 0 0 0 0 0 8 0 20 27 16 34 26 26 31 10 0 7 37 15 9 8 9 11 -999 -999 -999 
P12386 2027 3 26 0 7 0 0 10 8 0 0 8 0 0 8 11 12 9 10 0 0 18 0 18 21 0 20 0 0 0 0 0 0 
P12386 2027 4 14 0 20 0 0 6 13 0 0 0 0 8 15 0 20 19 15 13 17 0 0 30 17 14 0 0 0 0 0 0 -999 
P12386 2027 5 0 12 22 0 19 0 0 0 0 16 0 0 11 0 0 0 0 0 27 23 0 0 15 21 27 19 0 12 0 0 18 
P12386 2027 6 0 0 14 17 15 0 0 0 11 0 0 20 14 0 0 12 0 0 0 25 14 0 0 0 0 0 0 0 0 0 -999 
P12386 2027 7 12 0 0 0 20 0 0 15 0 11 0 0 0 0 13 0 0 0 0 0 0 0 0 0 0 20 20 0 0 0 0 
P12386 2027 8 0 0 13 0 0 17 0 0 0 0 0 0 0 9 0 0 0 0 0 0 0 0 15 0 0 0 0 0 0 0 0 
P12386 2027 9 0 0 15 19 17 16 16 0 0 9 0 0 0 0 0 12 8 0 0 0 0 11 0 12 0 0 0 0 0 6 -999 
P12386 2027 10 0 0 0 4 3 4 0 0 0 0 0 0 0 9 0 7 0 0 0 0 0 17 0 10 13 0 10 9 0 0 0 
P12386 2027 11 0 14 22 28 22 17 0 0 0 0 0 0 6 13 0 0 10 0 0 0 0 0 16 0 0 0 20 0 14 0 -999 
P12386 2027 12 16 36 41 11 6 13 17 0 6 8 13 0 7 0 7 5 0 0 0 0 0 0 0 0 0 0 0 0 0 5 0 
P12386 2028 1 10 12 0 13 0 0 5 0 4 0 3 0 0 0 0 3 0 0 4 0 0 0 0 0 0 5 4 0 0 0 0 
P12386 2028 2 0 4 0 0 0 5 0 0 0 0 0 0 0 0 0 0 0 0 0 0 0 0 0 0 0 0 21 21 -999 -999 -999 
P12386 2028 3 20 0 0 49 0 0 0 0 0 0 0 0 0 0 0 0 0 0 0 0 0 0 14 0 12 0 0 0 0 11 0 
P12386 2028 4 13 12 0 0 0 14 0 28 24 23 25 0 16 0 0 4 0 10 0 0 0 22 0 0 0 10 0 0 0 0 -999 
P12386 2028 5 0 0 0 6 0 10 10 13 0 0 0 0 0 0 0 7 0 0 0 11 8 0 13 33 26 0 0 0 0 15 20 
P12386 2028 6 0 0 0 21 18 0 15 18 18 19 0 0 20 20 27 0 26 0 0 0 0 0 0 0 0 0 0 0 0 0 -999 
P12386 2028 7 18 0 0 0 28 21 0 0 0 13 0 0 0 0 0 14 0 0 12 0 0 0 14 0 0 0 12 0 0 0 0 
P12386 2028 8 21 0 0 0 0 0 0 0 0 12 22 0 0 0 0 0 0 0 25 0 23 0 0 0 0 0 0 0 0 0 0 
P12386 2028 9 0 0 22 18 0 16 0 14 0 0 15 13 0 12 0 0 0 0 0 17 0 6 0 0 0 0 0 9 0 0 -999 
P12386 2028 10 0 0 11 0 0 0 0 0 0 0 0 20 0 9 0 0 0 0 26 21 0 0 0 0 0 0 0 0 3 6 9 
P12386 2028 11 13 0 0 0 14 0 0 31 0 14 13 0 0 0 14 0 0 0 0 0 0 0 0 20 0 0 0 0 0 0 -999 
P12386 2028 12 0 0 6 9 8 0 0 0 0 0 0 0 0 7 0 4 0 0 5 7 13 0 0 6 0 0 0 0 0 0 0 
P12386 2029 1 4 0 11 0 0 0 17 21 10 0 0 0 0 5 0 0 0 0 0 0 0 0 0 0 0 21 24 26 26 13 0 
P12386 2029 2 0 8 0 0 5 0 5 0 0 6 12 0 0 0 0 0 7 0 0 8 9 0 0 0 0 0 0 0 -999 -999 -999 
P12386 2029 3 1 0 0 0 0 0 0 0 0 0 0 0 0 0 13 0 0 13 14 20 21 0 28 0 32 11 0 8 0 0 0 
P12386 2029 4 8 0 0 0 0 0 0 0 5 0 13 0 23 22 0 0 6 0 0 13 0 10 8 0 7 12 0 0 0 0 -999 
P12386 2029 5 0 11 32 0 19 0 0 15 12 0 0 8 0 0 0 16 0 14 0 0 0 0 0 0 16 0 0 0 0 0 14 
P12386 2029 6 11 0 21 0 39 23 0 34 0 0 0 0 0 0 17 0 0 26 0 0 0 24 21 0 0 14 0 0 0 10 -999 
P12386 2029 7 0 24 0 0 0 0 0 18 19 0 0 0 0 0 0 17 0 0 0 0 0 0 0 0 0 0 0 0 0 0 0 
P12386 2029 8 0 0 0 0 0 0 0 14 0 0 18 0 22 0 0 24 0 0 0 0 0 0 0 0 0 20 0 0 0 0 0 
P12386 2029 9 0 0 0 0 11 0 8 8 0 0 0 0 16 0 15 0 0 14 17 18 11 0 0 21 0 0 20 22 0 33 -999 
P12386 2029 10 0 0 0 0 14 0 0 0 0 0 0 0 0 0 0 0 0 0 14 0 0 11 0 0 0 0 0 0 7 0 11 
P12386 2029 11 0 0 0 13 6 0 6 7 0 15 0 11 0 0 0 6 4 0 0 0 8 0 0 18 0 4 0 14 15 15 -999 
P12386 2029 12 0 0 17 0 5 0 0 0 0 8 0 0 0 0 0 7 0 0 0 0 0 0 0 0 0 0 0 0 0 8 0 
P12386 2030 1 7 0 0 0 7 0 8 0 3 0 0 13 0 0 4 0 2 0 0 0 6 0 8 0 0 15 15 0 0 0 0 
P12386 2030 2 18 6 8 0 0 0 12 0 0 9 12 6 0 0 6 4 0 1 0 0 10 0 5 0 5 4 9 7 -999 -999 -999 
P12386 2030 3 0 0 0 0 0 0 18 0 0 0 11 0 0 0 6 0 8 0 23 0 0 0 23 0 0 0 7 0 6 0 0 
P12386 2030 4 0 0 12 16 0 0 0 16 11 0 0 0 0 31 32 20 25 32 0 0 9 11 17 0 0 0 23 0 0 0 -999 
P12386 2030 5 0 0 0 0 0 5 0 0 0 0 0 0 0 16 0 21 0 16 16 24 0 0 0 0 0 0 0 0 15 0 29 
P12386 2030 6 0 27 26 27 0 23 26 13 0 0 0 19 14 15 0 0 11 0 0 0 0 0 0 0 0 0 0 0 0 16 -999 
P12386 2030 7 20 0 0 0 0 0 0 0 0 0 0 0 0 0 0 0 0 0 0 22 0 17 0 0 25 0 0 0 0 0 15 
P12386 2030 8 0 0 0 0 17 0 0 0 0 0 17 0 0 0 0 0 0 18 0 0 0 0 0 0 0 0 0 0 0 0 0 
P12386 2030 9 14 0 12 0 0 0 20 0 16 0 12 0 11 14 0 0 0 0 19 0 0 0 18 0 0 0 0 0 0 0 -999 
P12386 2030 10 0 0 0 0 0 0 0 0 18 42 0 16 11 0 0 0 0 14 0 0 0 9 11 0 0 0 0 0 0 0 11 
P12386 2030 11 11 0 12 13 0 14 0 0 0 0 0 0 0 0 0 0 11 0 14 16 0 0 11 28 18 0 0 11 0 0 -999 
P12386 2030 12 21 0 0 0 0 14 0 5 20 13 0 0 0 0 0 0 0 0 0 0 0 0 0 0 0 5 8 0 0 0 0 
P12386 2031 1 0 0 0 0 0 0 0 0 0 0 10 0 0 19 25 0 0 6 19 34 23 0 16 36 28 0 11 0 0 20 0 
P12386 2031 2 0 0 0 4 8 6 13 0 0 8 0 2 4 0 0 0 0 0 0 0 7 7 0 5 0 0 0 0 -999 -999 -999 
P12386 2031 3 12 13 0 0 0 15 24 0 8 0 16 0 0 27 0 0 25 21 18 0 16 17 21 26 29 0 42 43 30 22 0 
P12386 2031 4 16 14 0 0 0 15 15 0 0 0 0 4 0 0 14 0 0 19 0 14 0 0 0 23 0 21 25 18 0 21 -999 
P12386 2031 5 18 0 22 12 9 0 10 0 0 0 14 0 0 0 0 0 15 0 0 8 0 7 10 0 12 0 0 0 14 15 0 
P12386 2031 6 0 0 0 0 0 16 10 0 0 0 0 0 0 0 0 0 22 0 0 0 17 0 0 0 10 0 0 0 13 0 -999 
P12386 2031 7 21 0 0 0 0 0 0 17 22 0 0 0 14 0 15 0 0 23 0 10 0 17 0 0 0 0 0 19 27 0 11 
P12386 2031 8 0 11 13 0 0 0 0 0 13 11 0 0 0 0 0 0 0 0 23 0 19 0 12 0 0 15 0 11 0 10 0 
P12386 2031 9 13 0 9 0 5 0 0 0 0 18 25 26 8 0 0 4 0 0 16 23 19 12 0 0 0 0 0 0 20 18 -999 
P12386 2031 10 14 0 0 0 0 0 0 0 0 0 0 12 0 0 16 0 14 0 0 0 13 4 0 7 0 15 0 7 10 11 0 
P12386 2031 11 32 20 10 0 24 9 6 8 0 0 0 7 0 11 0 14 7 8 0 0 0 0 0 0 0 9 0 5 15 21 -999 
P12386 2031 12 19 21 34 28 8 0 0 9 0 0 0 0 0 4 0 0 5 0 0 10 0 0 0 8 9 6 0 0 0 0 13 
P12386 2032 1 14 18 0 0 9 0 15 15 43 20 0 0 1 0 0 0 0 8 9 0 0 0 0 0 0 0 8 21 7 0 7 
P12386 2032 2 6 6 0 0 9 0 3 0 0 0 0 0 0 0 0 0 5 0 0 0 0 0 0 0 0 8 0 0 -999 -999 -999 
P12386 2032 3 8 16 0 0 0 0 22 32 36 0 0 0 1 0 0 0 0 0 0 0 0 0 0 0 16 18 16 0 0 7 0 
P12386 2032 4 0 0 15 41 53 57 25 0 0 0 8 11 0 0 0 0 0 14 0 15 21 19 17 11 0 0 0 0 0 13 -999 
P12386 2032 5 0 0 0 15 18 13 18 11 0 12 0 31 27 0 10 0 21 20 12 12 0 0 0 0 0 0 0 0 0 0 0 
P12386 2032 6 0 0 0 0 0 40 0 0 13 13 21 24 17 12 0 0 0 13 0 0 11 0 0 0 17 28 0 17 0 0 -999 
P12386 2032 7 0 16 0 0 0 0 0 0 14 17 0 0 0 0 0 0 0 0 0 12 0 0 0 18 0 0 0 0 17 0 0 
P12386 2032 8 16 0 0 0 0 0 0 0 11 0 0 23 0 0 0 16 19 29 25 0 0 0 0 0 19 0 0 0 0 0 0 
P12386 2032 9 0 0 0 0 0 13 0 0 0 15 0 0 0 0 12 0 0 0 9 0 0 0 0 9 11 0 0 6 0 0 -999 
P12386 2032 10 0 0 0 0 0 0 0 0 0 0 15 16 0 12 21 19 15 0 0 23 18 22 0 0 0 5 0 0 0 0 5 
P12386 2032 11 0 0 10 0 0 11 19 0 0 0 0 0 10 0 0 9 0 0 0 0 14 0 0 0 4 0 0 10 11 0 -999 
P12386 2032 12 0 0 0 0 0 13 0 0 0 9 0 0 0 0 0 0 0 0 10 3 0 0 0 0 0 0 0 10 13 0 6 
P12386 2033 1 17 0 0 0 2 0 11 0 10 5 0 0 0 0 0 0 0 0 0 0 2 0 0 0 0 0 6 0 0 4 0 
P12386 2033 2 0 0 0 0 0 0 0 0 0 0 14 0 0 0 0 18 12 0 0 11 13 13 17 0 0 0 0 9 -999 -999 -999 
P12386 2033 3 0 10 0 0 0 0 0 12 0 0 0 0 16 0 23 0 8 0 0 0 16 15 0 0 13 0 0 0 19 0 0 
P12386 2033 4 32 0 8 18 23 0 0 0 0 13 0 0 0 0 0 0 0 24 0 15 0 0 16 8 14 10 0 0 6 0 -999 
P12386 2033 5 0 0 0 0 0 0 8 0 0 23 0 0 0 0 0 0 25 0 27 0 0 0 0 0 0 25 19 0 0 0 0 
P12386 2033 6 0 0 15 16 20 15 0 0 0 0 0 0 17 0 0 0 0 0 0 20 0 0 0 0 0 0 0 0 0 0 -999 
P12386 2033 7 0 0 0 0 0 0 17 0 0 0 39 0 0 0 0 26 0 0 10 15 27 0 18 0 0 17 0 0 18 19 0 
P12386 2033 8 14 0 0 0 0 0 11 0 35 21 10 0 0 0 0 0 0 0 0 0 0 0 15 0 0 0 20 0 0 0 0 
P12386 2033 9 0 7 0 0 0 15 20 21 10 0 11 0 0 0 0 0 0 0 0 0 0 0 0 0 0 0 0 0 0 0 -999 
P12386 2033 10 15 19 20 0 0 0 0 7 0 0 0 0 0 0 27 23 0 10 14 0 0 0 0 7 17 23 21 0 0 0 16 
P12386 2033 11 18 16 17 22 0 15 0 60 0 0 0 0 0 0 21 20 11 5 0 0 0 0 0 0 0 0 0 0 0 0 -999 
P12386 2033 12 0 0 6 7 0 0 18 9 0 8 0 0 0 0 0 0 5 0 0 0 0 0 0 0 0 5 0 0 13 6 6 
P12386 2034 1 0 3 0 2 0 0 0 0 0 0 0 0 0 0 13 0 0 0 0 0 5 0 0 3 0 0 7 0 0 0 0 
P12386 2034 2 0 0 0 0 0 0 0 18 19 0 29 0 0 0 0 0 0 7 11 0 0 0 0 0 0 0 0 8 -999 -999 -999 
P12386 2034 3 0 0 0 0 0 0 0 5 0 0 0 0 0 0 2 0 0 0 0 0 0 0 0 7 6 14 17 0 10 13 0 
P12386 2034 4 8 13 14 24 16 0 0 9 13 0 0 10 0 19 0 28 30 0 22 17 0 15 14 0 0 8 0 0 0 0 -999 
P12386 2034 5 0 0 0 10 0 14 0 0 0 0 0 11 0 21 0 0 0 14 0 0 17 17 17 0 14 0 0 24 24 0 29 
P12386 2034 6 21 19 16 19 14 0 18 0 0 0 0 0 0 0 0 0 0 0 16 19 12 0 0 18 0 14 0 0 0 0 -999 
P12386 2034 7 16 0 0 0 0 0 0 0 23 0 0 0 0 0 0 0 0 0 0 0 0 0 0 21 15 0 14 18 0 0 0 
P12386 2034 8 0 9 15 15 0 0 0 0 0 0 0 0 0 0 14 0 0 0 13 0 8 0 17 23 0 23 0 14 20 24 0 
P12386 2034 9 0 0 0 0 0 0 15 0 14 0 0 0 0 0 7 0 0 0 0 0 0 0 0 0 0 0 0 11 6 0 -999 
P12386 2034 10 0 4 0 0 9 0 0 0 0 0 0 0 5 0 0 15 11 12 0 0 0 20 20 0 0 0 0 0 15 6 4 
P12386 2034 11 0 5 7 0 7 7 0 0 0 7 0 0 9 0 0 9 0 5 0 0 0 0 0 0 16 0 40 28 15 13 -999 
P12386 2034 12 0 0 14 19 5 0 2 0 0 0 5 0 0 5 6 0 0 0 0 0 0 8 0 9 0 8 11 3 7 0 0 
P12386 2035 1 0 0 8 22 0 10 0 0 0 7 0 0 0 0 0 0 0 0 0 0 14 0 4 3 0 0 0 5 0 0 1 
P12386 2035 2 0 0 0 0 0 0 0 0 0 0 0 0 0 0 0 0 0 0 0 0 0 0 0 13 10 13 0 12 -999 -999 -999 
P12386 2035 3 0 0 12 0 0 0 4 0 0 0 0 0 9 6 0 0 15 0 5 0 0 0 0 0 0 9 8 17 17 0 0 
P12386 2035 4 0 0 0 0 16 0 0 18 0 16 0 0 0 20 23 27 29 0 0 0 24 20 0 18 0 0 11 12 11 0 -999 
P12386 2035 5 0 0 0 8 7 0 0 25 0 0 0 0 0 0 11 0 10 0 0 0 0 18 0 0 20 0 0 0 0 0 0 
P12386 2035 6 0 0 0 22 0 0 16 0 0 0 14 19 15 0 0 0 0 0 0 0 19 11 0 0 0 0 0 0 0 0 -999 
P12386 2035 7 0 0 0 15 0 0 0 24 0 23 17 0 12 0 0 0 0 0 0 21 0 0 0 0 0 0 0 0 0 12 0 
P12386 2035 8 0 0 19 0 0 0 21 0 0 0 21 0 0 0 0 0 0 0 0 8 13 0 0 0 13 0 0 13 0 34 0 
P12386 2035 9 13 0 0 5 0 0 0 0 10 11 18 27 17 6 0 0 0 0 0 0 0 0 0 0 11 0 11 0 8 0 -999 
P12386 2035 10 0 0 0 0 0 0 0 0 0 0 0 0 0 7 10 8 0 0 0 22 0 0 10 11 0 14 0 0 0 0 0 
P12386 2035 11 0 0 27 0 0 0 0 0 0 0 0 0 0 0 0 0 5 0 0 0 0 0 0 0 9 0 0 0 0 11 -999 
P12386 2035 12 17 0 0 0 0 0 0 5 0 0 4 0 0 10 0 32 0 0 0 5 5 0 0 9 0 0 13 7 0 0 0 
P12386 2036 1 0 13 0 0 9 12 0 10 15 16 12 0 6 0 0 5 7 0 0 8 0 0 0 0 0 0 0 0 0 4 0 
P12386 2036 2 0 0 0 0 0 0 0 0 0 0 6 0 0 0 9 4 0 0 0 0 15 0 0 22 0 10 8 8 -999 -999 -999 
P12386 2036 3 17 28 10 0 0 8 0 0 8 0 0 10 22 18 0 17 0 0 25 15 8 0 0 0 19 17 18 25 15 0 12 
P12386 2036 4 22 25 0 10 0 34 45 0 0 14 10 13 7 0 0 0 0 15 23 27 0 21 0 0 20 0 0 0 6 0 -999 
P12386 2036 5 0 0 15 0 24 0 0 15 0 12 0 0 33 21 0 26 23 0 0 8 26 19 14 0 0 0 0 0 0 0 0 
P12386 2036 6 20 0 0 0 0 0 0 17 18 21 30 0 23 0 20 0 0 0 15 0 0 0 0 0 0 0 0 0 0 12 -999 
P12386 2036 7 0 19 0 0 0 0 0 0 0 19 0 0 0 0 22 0 0 0 0 0 0 0 0 0 0 0 10 13 17 0 0 
P12386 2036 8 0 0 22 0 0 22 17 0 0 10 0 0 16 17 0 0 0 14 0 0 0 0 0 14 0 19 16 0 0 9 0 
P12386 2036 9 0 15 0 0 0 0 0 0 0 0 15 0 0 0 0 0 9 0 0 7 8 0 10 0 15 0 6 0 0 0 -999 
P12386 2036 10 7 0 9 12 12 17 21 0 0 15 6 0 0 27 29 13 13 0 16 0 0 0 0 8 0 0 0 0 0 0 0 
P12386 2036 11 0 0 0 0 0 0 0 22 0 22 0 0 7 0 0 7 0 0 0 0 0 0 0 13 31 32 0 0 0 5 -999 
P12386 2036 12 4 0 0 0 0 0 0 0 0 7 0 0 0 8 6 0 0 4 0 0 0 0 0 0 0 0 0 10 8 0 17 
P12386 2037 1 0 13 0 0 3 0 8 0 16 0 0 0 0 12 0 17 50 35 0 36 0 0 0 0 2 0 0 0 0 4 0 
P12386 2037 2 0 0 0 0 0 0 0 5 0 0 0 0 13 11 0 0 0 0 26 25 15 0 0 0 0 8 0 0 -999 -999 -999 
P12386 2037 3 0 0 25 33 0 14 0 24 10 0 0 0 0 0 0 7 0 0 27 16 12 0 17 23 12 23 0 22 27 0 5 
P12386 2037 4 0 0 0 0 0 7 0 0 7 0 0 0 0 29 31 0 19 12 0 13 13 0 16 15 0 26 15 0 0 11 -999 
P12386 2037 5 0 0 9 18 0 0 17 0 0 0 0 0 0 0 0 0 0 0 16 0 0 0 0 0 0 0 0 0 16 17 17 
P12386 2037 6 0 26 0 0 22 33 28 0 19 0 16 15 0 0 0 18 0 0 0 21 18 0 0 0 17 0 0 0 0 0 -999 
P12386 2037 7 0 0 0 0 19 20 13 0 12 0 24 0 0 0 0 0 0 0 0 0 11 0 11 0 0 18 0 0 14 0 0 
P12386 2037 8 0 0 0 0 0 0 0 0 0 0 0 0 0 0 0 9 0 0 14 0 13 16 0 0 0 0 0 0 0 0 17 
P12386 2037 9 0 8 12 14 0 0 0 0 0 0 0 12 0 0 0 0 0 0 0 0 0 0 0 0 0 0 0 0 18 0 -999 
P12386 2037 10 0 0 8 10 9 0 0 9 0 11 0 0 0 0 0 0 0 0 0 0 11 0 7 9 11 0 0 0 0 0 0 
P12386 2037 11 12 10 0 5 0 0 8 0 0 0 0 0 0 0 9 0 0 0 0 0 0 42 0 0 0 0 0 0 10 0 -999 
P12386 2037 12 0 0 0 15 22 40 16 15 0 0 0 4 0 2 0 0 0 0 0 10 0 0 0 0 8 0 0 0 0 7 0 
P12386 2038 1 0 0 0 0 0 0 0 0 0 0 0 16 11 0 0 0 4 0 0 0 6 0 9 0 33 0 0 10 0 0 13 
P12386 2038 2 12 0 6 0 0 13 12 0 6 0 0 0 2 0 0 0 2 0 0 0 0 0 0 0 0 18 19 0 -999 -999 -999 
P12386 2038 3 0 0 0 0 0 0 14 13 0 0 0 14 0 25 0 21 18 0 0 0 0 0 6 0 0 10 11 6 8 4 0 
P12386 2038 4 0 19 12 17 0 10 0 13 8 9 0 0 0 0 0 14 21 0 0 0 7 0 0 0 4 0 0 12 12 16 -999 
P12386 2038 5 0 0 0 0 10 0 12 15 0 16 11 0 0 14 0 0 0 0 0 18 0 16 0 0 0 13 0 10 0 0 0 
P12386 2038 6 0 0 0 0 0 0 0 0 17 23 24 0 0 0 12 0 0 0 0 14 0 0 10 0 0 0 0 0 17 17 -999 
P12386 2038 7 23 24 0 0 0 0 12 0 0 0 25 0 0 0 0 0 11 0 0 0 0 0 18 0 0 0 0 0 0 0 21 
P12386 2038 8 0 11 0 0 0 0 0 0 0 0 0 0 12 0 0 0 0 0 0 0 11 0 0 0 13 0 14 0 0 12 0 
P12386 2038 9 13 17 0 0 12 0 0 0 0 0 0 0 0 0 0 15 0 13 0 0 0 0 0 0 0 0 0 0 0 0 -999 
P12386 2038 10 0 0 0 0 0 5 0 0 0 0 12 0 9 0 0 0 6 0 0 21 15 0 23 14 7 0 19 0 15 0 0 
P12386 2038 11 0 0 0 10 11 13 0 7 0 0 0 0 22 0 11 0 14 0 13 6 0 0 0 0 0 0 0 0 10 14 -999 
P12386 2038 12 0 5 5 0 0 0 0 5 0 0 0 0 0 0 0 0 0 0 0 0 0 0 9 12 0 0 12 16 0 0 0 
P12386 2039 1 22 0 15 13 30 0 0 0 0 0 0 0 9 0 0 0 10 7 11 17 25 13 0 9 24 23 27 33 0 0 0 
P12386 2039 2 2 0 0 0 0 0 0 0 0 0 17 0 0 0 15 12 0 5 5 0 0 11 10 0 0 0 19 0 -999 -999 -999 
P12386 2039 3 0 0 2 0 0 0 0 0 0 0 0 11 13 0 0 9 12 0 7 0 8 13 0 0 0 0 0 0 0 0 0 
P12386 2039 4 0 0 0 0 5 0 0 0 0 0 0 9 0 0 0 20 10 0 9 0 0 0 0 0 0 0 0 18 0 0 -999 
P12386 2039 5 25 18 20 0 28 21 0 0 18 29 23 23 0 0 0 21 25 0 9 0 17 0 0 17 0 20 0 18 0 16 0 
P12386 2039 6 12 13 16 0 18 0 0 19 27 29 0 21 0 0 0 0 27 18 0 0 0 0 0 15 17 0 0 0 0 0 -999 
P12386 2039 7 0 0 0 0 23 0 0 0 0 5 0 0 0 0 0 0 0 12 0 0 0 0 0 0 0 0 0 0 0 0 0 
P12386 2039 8 0 0 0 0 0 19 0 0 0 0 0 0 0 0 0 0 0 0 0 0 0 0 0 12 0 0 12 0 16 15 0 
P12386 2039 9 0 24 0 0 0 0 15 20 0 0 0 0 0 0 0 14 0 0 0 0 0 16 0 0 0 0 6 0 0 14 -999 
P12386 2039 10 0 0 0 0 0 0 0 0 11 0 0 0 20 0 13 0 0 0 0 34 28 18 16 25 0 0 0 11 0 0 0 
P12386 2039 11 0 29 15 0 0 0 0 0 0 0 0 0 0 0 0 0 0 0 0 0 0 0 0 0 6 0 10 13 7 0 -999 
P12386 2039 12 0 0 0 0 0 0 0 0 0 0 0 0 0 9 9 0 0 36 13 0 0 4 0 0 0 0 0 0 9 0 5 
P12386 2040 1 0 0 0 0 0 0 0 0 0 4 0 0 0 17 16 13 0 0 0 0 0 0 4 7 5 0 0 0 0 0 11 
P12386 2040 2 9 5 0 17 14 13 0 0 5 0 0 0 10 13 17 21 0 0 21 55 31 0 13 0 0 0 6 0 -999 -999 -999 
P12386 2040 3 11 8 10 0 6 0 0 0 5 9 0 0 10 0 0 0 19 0 9 5 0 0 0 0 0 0 0 0 15 18 18 
P12386 2040 4 19 26 31 33 28 0 18 13 9 0 0 0 9 0 30 23 20 0 6 0 0 5 10 0 7 12 0 0 0 0 -999 
P12386 2040 5 0 0 8 8 14 0 19 0 0 25 16 13 13 0 0 20 0 0 0 0 0 0 0 25 27 0 0 0 0 11 0 
P12386 2040 6 0 16 0 18 18 0 0 0 0 29 19 0 19 0 0 0 0 0 0 26 15 12 0 0 0 11 0 0 0 0 -999 
P12386 2040 7 0 23 12 0 0 0 0 0 0 0 25 0 0 0 0 0 0 0 21 0 0 0 20 0 25 0 21 0 0 0 0 
P12386 2040 8 0 0 0 16 0 0 0 0 0 0 0 8 0 17 0 0 14 0 0 0 19 0 0 0 0 0 0 0 0 0 22 
P12386 2040 9 0 0 27 18 15 0 0 15 0 0 0 0 0 0 45 0 0 0 45 0 17 17 0 0 0 0 9 0 0 0 -999 
P12386 2040 10 0 0 0 0 0 0 0 23 33 17 0 16 0 0 0 0 26 40 35 28 20 0 0 0 0 0 0 0 0 0 0 
P12386 2040 11 0 0 0 0 5 0 0 9 18 0 0 0 0 33 0 27 0 0 0 0 0 0 0 6 0 0 13 0 10 0 -999 
P12386 2040 12 12 13 0 0 16 0 0 0 0 4 0 0 0 0 0 0 6 0 0 0 0 0 0 0 0 5 0 0 0 0 0 
P12386 2041 1 0 0 4 0 10 0 0 12 0 7 0 0 7 0 0 10 12 8 4 0 0 0 0 22 27 0 12 26 0 13 0 
P12386 2041 2 16 5 0 0 0 0 0 11 17 0 0 46 26 9 0 22 0 0 4 0 0 0 0 0 0 0 0 0 -999 -999 -999 
P12386 2041 3 0 0 4 0 0 8 0 18 15 24 0 0 3 0 0 0 0 0 0 2 0 0 6 9 0 0 0 8 0 15 0 
P12386 2041 4 10 0 0 0 0 0 15 0 18 0 20 0 0 0 6 0 0 0 0 0 9 0 8 3 0 0 0 0 0 0 -999 
P12386 2041 5 0 18 32 51 43 33 0 25 22 20 0 25 0 0 0 0 0 15 18 0 16 0 0 0 0 15 0 0 0 0 17 
P12386 2041 6 0 0 0 11 0 9 0 0 0 0 17 22 20 0 0 7 0 0 0 29 0 20 12 14 16 0 20 31 21 15 -999 
P12386 2041 7 0 0 0 0 0 0 18 19 14 0 0 0 0 26 0 0 21 0 0 0 0 0 16 0 22 18 0 0 0 14 0 
P12386 2041 8 15 0 16 0 14 0 18 21 0 16 0 0 0 0 0 16 17 0 17 0 19 0 0 0 19 20 0 5 0 0 0 
P12386 2041 9 0 0 0 0 10 8 9 12 0 0 0 0 0 0 0 14 0 0 14 17 18 0 0 0 0 0 0 0 0 0 -999 
P12386 2041 10 0 0 0 11 0 0 0 9 0 0 13 14 0 0 7 0 0 0 0 0 0 0 0 0 0 8 10 0 0 0 13 
P12386 2041 11 25 31 31 0 0 0 0 0 5 6 0 0 0 0 0 0 0 9 0 8 12 23 0 16 35 0 0 0 0 0 -999 
P12386 2041 12 23 41 21 21 0 0 0 0 0 0 0 0 0 0 0 0 0 0 0 6 0 5 0 0 4 0 0 0 11 0 0 
P12386 2042 1 0 9 0 9 0 0 0 0 0 11 10 0 0 4 0 0 0 0 13 17 7 0 0 0 0 0 12 11 0 0 0 
P12386 2042 2 0 0 0 0 0 0 0 7 0 0 6 0 0 0 5 5 6 0 0 0 0 0 0 0 10 0 0 0 -999 -999 -999 
P12386 2042 3 5 3 0 0 9 0 0 0 0 0 0 0 9 0 0 0 0 10 17 20 0 37 25 24 0 27 25 0 18 0 0 
P12386 2042 4 16 19 19 0 0 0 0 0 0 0 0 0 3 0 0 19 28 32 14 5 0 8 0 24 16 0 0 10 17 24 -999 
P12386 2042 5 0 33 0 15 16 29 25 19 11 0 16 26 25 32 0 0 0 0 11 0 0 0 15 27 0 0 0 0 0 16 0 
P12386 2042 6 0 0 18 15 15 16 0 0 7 0 8 10 0 7 10 0 0 0 0 0 15 0 0 0 0 0 0 0 0 0 -999 
P12386 2042 7 18 0 0 0 0 15 27 0 15 0 0 0 18 0 0 0 0 0 0 0 0 0 0 0 0 11 12 0 0 0 19 
P12386 2042 8 0 0 0 0 0 0 0 0 0 0 0 0 0 0 0 0 0 0 0 0 0 0 0 0 0 14 0 0 0 0 0 
P12386 2042 9 0 0 24 0 0 0 15 0 0 0 0 10 0 12 12 0 0 0 0 0 0 0 0 0 0 0 12 0 0 4 -999 
P12386 2042 10 0 0 0 0 0 8 0 14 16 0 0 0 0 7 0 0 0 0 0 0 0 0 0 0 0 0 0 0 0 0 0 
P12386 2042 11 0 0 0 0 15 15 14 0 0 0 10 0 10 0 8 0 0 0 0 0 0 14 0 0 4 0 16 0 22 0 -999 
P12386 2042 12 4 0 4 7 14 16 14 0 6 0 14 17 0 0 11 0 7 0 8 0 0 0 0 0 0 7 12 11 0 9 0 
P12386 2043 1 6 0 0 0 0 0 0 3 6 0 7 6 0 4 0 13 26 40 14 10 0 0 0 0 0 0 0 0 0 0 0 
P12386 2043 2 0 0 0 2 0 0 0 5 0 15 8 6 0 0 20 28 6 0 0 0 0 0 0 0 0 0 0 11 -999 -999 -999 
P12386 2043 3 0 15 0 0 8 13 11 0 0 13 0 17 0 24 16 16 49 38 14 12 10 19 30 18 0 26 18 8 14 19 14 
P12386 2043 4 30 29 0 0 12 13 18 27 24 0 20 14 19 0 0 0 7 0 0 0 0 0 0 0 0 23 19 22 28 0 -999 
P12386 2043 5 11 0 0 0 0 16 15 0 0 0 0 0 26 34 0 22 18 21 23 16 12 0 0 0 0 0 0 0 0 0 0 
P12386 2043 6 0 16 0 0 15 0 0 0 0 0 0 0 0 10 0 0 0 16 0 0 0 0 0 0 10 0 0 17 0 20 -999 
P12386 2043 7 0 0 0 0 12 14 0 0 0 0 0 0 0 0 0 0 0 0 0 0 0 0 0 0 14 17 0 18 0 17 0 
P12386 2043 8 0 16 0 0 21 0 0 0 17 0 20 0 0 0 0 0 0 0 0 0 0 16 0 0 17 0 18 15 8 0 0 
P12386 2043 9 0 0 0 0 0 0 9 0 0 0 0 15 11 0 0 12 13 0 0 12 0 0 0 0 0 12 0 7 7 0 -999 
P12386 2043 10 0 0 12 0 0 0 0 12 0 0 0 14 0 0 5 0 0 0 16 31 34 0 13 0 9 0 0 0 0 0 0 
P12386 2043 11 0 0 0 0 40 37 14 0 0 0 0 0 3 0 0 0 0 0 0 14 11 9 0 0 10 0 18 0 20 16 -999 
P12386 2043 12 6 0 0 15 14 14 13 0 0 0 2 0 0 0 0 0 0 0 6 0 0 0 0 0 0 0 0 0 0 0 0 
P12386 2044 1 0 0 0 0 0 0 0 6 0 0 16 20 0 0 0 0 0 20 45 21 12 0 0 0 14 0 11 0 0 0 0 
P12386 2044 2 0 0 0 15 0 0 0 0 0 8 6 2 0 0 7 5 0 0 0 0 0 0 1 0 0 0 5 0 -999 -999 -999 
P12386 2044 3 0 0 0 0 0 0 0 0 9 8 0 18 20 4 0 10 0 0 8 0 0 0 0 0 0 9 16 0 19 0 11 
P12386 2044 4 0 0 17 0 15 0 0 0 0 0 0 0 0 6 0 0 0 23 9 0 9 10 14 0 0 57 0 0 23 0 -999 
P12386 2044 5 0 0 12 0 0 16 26 41 36 19 18 22 19 25 18 0 0 0 0 7 11 0 0 0 0 0 16 10 8 0 0 
P12386 2044 6 0 0 0 0 0 15 0 0 0 0 0 0 0 0 20 0 18 24 0 25 23 0 0 0 0 0 0 0 18 0 -999 
P12386 2044 7 27 0 0 0 0 0 0 0 0 0 0 0 0 0 0 0 21 23 20 0 0 0 0 0 17 0 16 0 0 0 23 
P12386 2044 8 29 34 0 0 0 0 0 0 0 0 0 0 9 0 0 0 0 0 0 0 0 0 0 13 15 0 0 0 0 20 0 
P12386 2044 9 0 7 0 0 0 15 0 0 0 0 13 18 18 0 0 0 0 0 0 0 24 0 0 0 0 0 15 0 0 8 -999 
P12386 2044 10 11 0 0 0 0 0 0 0 0 0 0 10 0 0 0 0 5 7 0 21 43 36 36 0 11 0 0 0 0 0 0 
P12386 2044 11 0 0 0 0 0 0 0 3 0 0 6 7 13 19 4 3 0 0 0 0 11 9 4 5 0 0 0 6 0 0 -999 
P12386 2044 12 0 0 0 0 0 0 0 4 0 0 0 0 0 0 5 0 4 6 12 38 49 0 0 0 3 3 0 0 4 0 0 
P12386 2045 1 5 0 16 3 20 20 12 12 0 0 0 10 0 0 0 0 0 4 0 0 0 4 0 0 0 0 0 0 0 0 0 
P12386 2045 2 0 0 0 0 0 10 10 0 0 0 17 0 17 0 0 0 0 0 0 0 0 0 15 0 32 26 20 14 -999 -999 -999 
P12386 2045 3 10 0 0 0 34 0 0 11 0 19 0 12 15 26 0 18 0 21 0 0 0 0 0 0 0 0 0 0 0 0 0 
P12386 2045 4 0 0 0 0 0 12 13 15 16 24 17 13 15 0 21 27 0 10 13 0 0 0 0 0 0 0 0 0 0 13 -999 
P12386 2045 5 0 0 14 19 11 0 0 0 0 0 0 9 10 15 0 0 0 0 0 0 30 21 0 21 0 16 20 21 0 0 0 
P12386 2045 6 0 14 0 0 0 0 0 0 18 0 0 0 0 28 0 0 0 16 0 0 0 0 15 0 0 15 0 0 0 0 -999 
P12386 2045 7 0 0 0 0 0 0 14 0 0 0 0 0 15 24 0 0 15 0 0 0 0 0 0 0 0 0 21 0 16 0 0 
P12386 2045 8 0 0 0 0 15 0 0 0 0 0 0 0 0 0 0 0 14 0 0 0 0 27 17 16 17 0 0 0 0 0 0 
P12386 2045 9 0 0 0 32 27 22 0 0 0 15 0 21 0 0 0 0 0 0 16 0 18 0 17 0 14 0 12 0 0 0 -999 
P12386 2045 10 0 8 0 0 15 22 0 0 0 0 0 0 0 0 0 0 0 7 9 0 0 0 0 0 0 0 0 0 0 0 0 
P12386 2045 11 8 7 14 0 18 0 10 6 0 0 0 0 0 0 0 0 0 7 0 0 0 0 6 0 8 8 0 7 6 0 -999 
P12386 2045 12 0 0 0 0 0 0 0 0 6 0 15 20 0 0 0 0 3 0 0 0 0 0 4 0 12 10 0 0 8 5 0 
P12386 2046 1 7 0 7 0 0 0 7 0 0 0 0 5 0 0 0 5 0 15 20 22 37 0 14 0 5 7 14 20 0 4 10 
P12386 2046 2 0 0 5 4 0 0 0 0 0 0 0 0 0 0 0 16 0 26 35 38 0 14 0 16 14 0 0 0 -999 -999 -999 
P12386 2046 3 0 0 0 0 0 0 0 0 0 6 0 0 7 0 0 10 8 0 0 6 0 0 7 11 27 24 0 15 22 19 0 
P12386 2046 4 0 11 9 20 0 11 0 0 20 23 0 0 14 26 21 20 24 28 0 0 0 0 18 0 0 15 20 20 0 27 -999 
P12386 2046 5 27 0 10 0 9 0 0 0 0 0 0 0 26 21 0 0 0 0 0 0 13 0 17 15 0 0 8 0 0 26 24 
P12386 2046 6 25 0 0 9 21 0 0 8 7 14 18 20 0 0 0 0 0 19 0 0 0 0 0 0 12 0 0 0 0 14 -999 
P12386 2046 7 0 0 0 0 0 22 0 28 0 0 0 0 0 0 0 0 0 0 0 0 0 0 10 0 0 0 0 0 0 0 0 
P12386 2046 8 0 0 0 0 0 0 0 0 0 22 0 13 15 0 0 0 0 15 0 0 0 0 14 12 11 0 13 0 0 9 11 
P12386 2046 9 0 0 0 0 0 0 0 0 0 11 0 8 0 0 0 0 0 0 0 14 17 17 13 0 0 11 0 0 0 0 -999 
P12386 2046 10 0 0 11 6 7 7 0 0 0 0 14 0 0 7 0 8 0 24 26 26 32 20 0 0 0 9 0 0 6 0 0 
P12386 2046 11 13 19 0 25 23 0 0 0 0 0 0 0 0 0 4 0 0 0 0 0 6 0 0 0 3 0 0 0 0 0 -999 
P12386 2046 12 3 0 0 0 0 0 0 0 0 0 11 18 15 13 0 17 12 0 0 10 0 10 0 0 0 0 0 3 0 4 0 
P12386 2047 1 7 10 13 18 0 14 0 10 12 23 27 12 0 0 0 0 13 0 0 0 0 4 0 0 0 3 0 0 0 0 0 
P12386 2047 2 6 0 0 0 0 0 8 0 5 0 0 0 12 0 0 0 0 0 0 0 0 0 0 0 8 10 0 0 -999 -999 -999 
P12386 2047 3 0 0 13 13 0 0 0 0 8 0 13 13 0 19 9 10 0 0 4 0 0 0 0 0 0 9 0 9 5 0 0 
P12386 2047 4 14 0 0 0 0 0 8 0 0 0 0 0 0 0 10 9 0 32 19 14 0 17 14 0 0 22 0 0 39 34 -999 
P12386 2047 5 22 0 27 0 0 18 0 42 56 0 15 0 20 28 17 0 12 0 0 0 16 20 0 0 0 0 0 9 0 0 0 
P12386 2047 6 0 0 0 0 0 15 0 13 0 0 0 0 0 26 0 0 0 0 0 0 0 0 12 11 12 0 0 9 0 19 -999 
P12386 2047 7 0 0 0 0 19 0 0 0 0 0 0 0 0 0 0 0 0 23 0 0 0 0 0 0 0 0 0 0 0 0 0 
P12386 2047 8 0 0 0 0 0 0 0 0 0 0 0 0 0 0 0 0 0 0 0 15 0 28 0 17 0 0 0 0 21 22 0 
P12386 2047 9 14 8 0 0 0 14 0 0 0 0 0 0 0 0 0 0 0 0 0 0 0 0 0 0 0 19 0 0 6 0 -999 
P12386 2047 10 0 19 26 0 12 0 0 4 8 0 0 0 0 0 0 0 0 3 7 0 0 0 0 0 0 0 0 0 0 0 15 
P12386 2047 11 20 0 0 0 0 0 0 0 0 0 0 5 0 0 0 0 0 0 0 8 14 16 0 0 4 0 0 4 0 0 -999 
P12386 2047 12 0 0 0 0 11 0 14 14 0 0 0 0 0 10 26 21 0 8 16 22 0 7 3 0 0 0 0 0 0 0 0 
P12386 2048 1 0 0 0 0 4 0 0 0 0 0 11 11 0 0 0 0 0 0 2 0 5 8 0 5 0 9 17 0 0 0 19 
P12386 2048 2 0 0 11 0 0 9 0 0 7 6 0 0 0 0 0 0 0 0 0 0 8 11 0 0 0 0 4 0 -999 -999 -999 
P12386 2048 3 0 0 0 0 0 0 0 0 0 0 13 0 0 0 9 0 26 42 39 0 0 0 16 0 0 0 0 0 0 26 21 
P12386 2048 4 0 7 0 0 0 20 0 0 31 0 0 18 23 32 24 22 24 23 27 17 0 27 30 30 24 0 0 0 0 0 -999 
P12386 2048 5 0 0 0 18 0 0 0 0 0 0 0 0 31 0 0 0 0 0 6 0 0 0 17 0 21 0 0 30 18 0 0 
P12386 2048 6 0 0 0 0 0 0 0 0 16 19 18 0 0 0 8 0 0 0 0 0 0 0 0 19 0 0 0 0 0 0 -999 
P12386 2048 7 17 17 19 16 0 0 0 0 0 0 13 0 15 0 0 0 0 17 0 0 0 0 0 0 0 0 16 18 0 21 21 
P12386 2048 8 0 0 0 0 0 17 0 0 0 0 16 0 0 17 0 0 15 22 0 0 0 0 0 0 0 0 0 0 12 0 0 
P12386 2048 9 0 0 0 0 0 0 0 0 0 17 21 0 15 0 16 0 10 7 10 0 0 0 0 0 0 17 14 0 10 0 -999 
P12386 2048 10 0 12 0 0 0 0 6 0 0 0 0 0 0 11 9 0 0 12 0 18 32 0 0 16 0 9 0 0 6 0 0 
P12386 2048 11 0 0 0 19 0 20 0 11 0 0 8 0 0 0 0 6 0 8 0 0 0 6 0 0 13 0 0 22 47 62 -999 
P12386 2048 12 0 0 3 8 0 0 0 0 0 0 0 0 5 0 0 0 7 9 7 19 20 6 0 0 0 0 0 0 0 0 0 
P12386 2049 1 12 16 45 27 0 10 0 0 0 0 0 0 0 0 0 0 0 0 0 3 0 3 0 0 0 0 0 0 0 0 0 
P12386 2049 2 0 0 0 0 0 14 61 0 0 24 21 37 42 30 27 60 39 37 32 20 31 24 0 25 11 15 11 13 -999 -999 -999 
P12386 2049 3 12 14 13 19 15 0 0 0 0 0 0 0 18 21 0 14 15 21 0 0 26 16 0 0 7 0 0 0 0 0 0 
P12386 2049 4 20 0 15 0 8 0 15 0 0 0 0 7 0 0 0 0 6 0 0 0 0 0 0 0 0 0 12 0 10 0 -999 
P12386 2049 5 0 13 20 0 0 0 0 0 0 0 0 0 0 0 0 0 0 22 0 22 0 19 0 0 0 0 0 0 0 0 0 
P12386 2049 6 0 23 0 0 6 0 0 0 0 0 0 0 13 0 16 0 9 0 0 0 0 0 0 0 0 0 0 0 0 0 -999 
P12386 2049 7 0 0 15 0 0 0 0 0 0 11 0 11 0 23 0 18 15 0 0 8 14 0 0 0 0 0 0 0 14 0 0 
P12386 2049 8 22 22 16 0 0 19 0 0 0 0 12 0 0 0 13 10 0 0 0 0 0 0 0 0 0 0 0 0 0 0 0 
P12386 2049 9 0 0 0 0 0 13 0 0 0 0 18 13 0 0 7 0 0 0 0 10 11 0 0 0 0 0 0 0 0 0 -999 
P12386 2049 10 0 0 10 0 11 0 0 0 0 0 0 0 0 0 0 21 9 0 0 6 0 0 5 7 10 0 8 9 6 0 0 
P12386 2049 11 0 0 0 0 0 0 0 24 20 0 0 0 0 6 0 0 0 7 0 5 0 0 5 0 0 3 0 0 0 0 -999 
P12386 2049 12 8 0 41 21 0 0 0 0 13 14 0 7 0 7 15 17 0 0 0 7 0 0 0 7 0 3 0 0 0 5 0 
P12386 2050 1 0 0 0 11 0 0 0 0 0 0 11 12 27 16 0 33 0 28 12 0 7 0 8 0 0 10 0 0 3 0 0 
P12386 2050 2 0 0 9 0 3 0 4 0 0 0 22 14 0 0 0 0 4 0 0 0 0 0 5 0 0 0 0 0 -999 -999 -999 
P12386 2050 3 0 0 0 0 0 0 0 8 0 0 10 14 13 9 0 0 0 0 10 17 0 5 0 9 0 21 0 0 17 0 0 
P12386 2050 4 0 9 14 0 0 10 0 0 17 12 14 24 23 14 0 0 20 20 0 28 0 19 0 14 0 14 0 19 0 0 -999 
P12386 2050 5 18 32 25 0 0 0 0 0 0 0 0 10 0 0 0 0 0 0 0 14 0 14 0 16 0 0 0 15 0 0 0 
P12386 2050 6 0 13 0 0 21 0 0 0 0 16 0 0 0 0 0 0 0 0 0 11 0 0 0 0 0 0 0 16 0 18 -999 
P12386 2050 7 0 0 0 0 0 0 12 0 0 0 18 0 13 17 0 0 0 19 0 16 0 14 0 12 0 0 0 0 0 0 0 
P12386 2050 8 0 0 15 24 32 20 27 0 0 19 34 0 0 0 0 0 19 0 0 0 0 0 0 25 0 0 13 0 0 10 16 
P12386 2050 9 0 0 12 0 13 0 0 0 0 0 8 0 0 0 0 19 0 0 0 0 0 0 0 0 0 0 0 0 0 0 -999 
P12386 2050 10 0 0 0 13 0 0 0 0 0 0 0 0 9 0 58 22 14 0 21 0 0 0 0 0 0 7 0 12 12 0 16 
P12386 2050 11 0 0 0 22 0 0 0 0 0 0 19 14 12 0 14 0 0 0 0 4 0 0 0 13 0 11 0 14 18 0 -999 
P12386 2050 12 7 0 10 17 0 0 0 0 0 9 0 10 0 11 15 22 19 0 25 12 0 0 0 7 7 0 5 6 0 0 0 
P12386 2051 1 0 0 0 0 0 0 0 0 5 0 0 12 12 9 0 0 0 4 10 0 0 4 0 0 0 0 22 23 0 0 16 
P12386 2051 2 16 20 0 20 0 0 0 0 5 6 0 0 0 0 0 0 15 0 0 19 15 0 0 0 10 15 14 0 -999 -999 -999 
P12386 2051 3 9 0 0 0 10 0 0 0 14 16 13 0 9 17 0 0 20 17 17 0 0 0 0 35 0 0 23 15 0 0 11 
P12386 2051 4 0 16 0 19 14 0 26 0 18 0 28 12 0 0 13 0 0 0 0 15 14 0 0 0 0 0 0 40 35 19 -999 
P12386 2051 5 0 14 0 0 19 0 0 0 0 0 0 0 0 0 0 0 17 13 0 19 0 0 0 0 15 0 9 0 0 0 0 
P12386 2051 6 0 0 24 11 21 0 15 0 12 0 22 0 0 0 0 16 0 0 0 0 0 0 0 0 7 0 0 0 0 0 -999 
P12386 2051 7 0 23 0 21 0 0 15 0 0 0 0 0 0 0 0 0 0 0 0 0 0 17 0 0 0 0 17 15 0 0 0 
P12386 2051 8 18 0 19 0 0 0 0 0 12 0 0 0 0 0 16 0 0 0 0 0 0 0 0 0 0 12 0 0 0 0 0 
P12386 2051 9 0 17 0 0 0 0 0 0 21 0 14 19 0 0 11 0 12 0 0 11 0 0 0 0 13 7 0 0 0 0 -999 
P12386 2051 10 17 0 9 8 0 11 0 0 0 0 9 0 0 0 0 7 0 0 0 0 0 0 6 0 0 0 0 0 0 0 0 
P12386 2051 11 14 11 12 0 21 0 0 0 0 0 0 0 0 20 17 0 0 0 18 20 0 11 10 7 0 0 0 0 0 0 -999 
P12386 2051 12 0 0 0 0 8 20 28 20 0 0 7 0 14 0 14 13 11 0 0 0 13 0 21 0 0 0 0 0 0 0 0 
P12386 2052 1 0 0 0 0 0 0 0 0 0 0 0 0 0 0 0 0 0 0 0 5 0 0 0 0 0 0 0 0 0 0 0 
P12386 2052 2 0 0 0 0 0 0 0 0 5 0 15 8 0 0 0 0 0 0 0 0 11 10 0 0 0 16 0 0 -999 -999 -999 
P12386 2052 3 0 0 0 0 0 0 0 0 0 0 9 10 0 0 21 0 0 0 0 0 20 0 12 18 18 0 8 0 0 7 5 
P12386 2052 4 2 0 0 0 0 0 0 0 0 0 0 0 0 0 0 0 0 0 0 0 0 0 0 0 0 0 0 0 0 18 -999 
P12386 2052 5 16 13 0 0 10 23 24 14 15 0 0 24 0 0 0 0 0 0 0 0 13 5 0 20 26 0 10 0 0 18 16 
P12386 2052 6 0 0 0 19 0 10 0 0 0 12 0 29 0 0 0 20 16 8 0 0 0 0 0 20 17 0 0 9 0 0 -999 
P12386 2052 7 0 28 0 0 0 0 0 0 0 0 0 0 0 0 0 0 0 0 0 0 0 0 0 0 0 0 0 11 0 0 25 
P12386 2052 8 19 0 0 0 0 18 0 0 0 0 0 0 0 14 0 0 0 0 0 21 0 0 10 0 0 18 20 11 0 0 0 
P12386 2052 9 0 0 0 0 0 0 0 0 15 0 0 9 0 0 0 12 13 13 14 0 0 27 20 0 0 0 13 0 0 0 -999 
P12386 2052 10 0 0 0 0 10 0 0 0 0 0 7 0 0 8 0 0 0 0 0 0 0 0 0 0 10 0 0 0 0 0 0 
P12386 2052 11 0 0 0 0 0 15 0 0 0 3 0 3 0 10 0 0 0 0 25 0 0 0 10 7 0 13 24 35 0 0 -999 
P12386 2052 12 20 0 0 4 4 0 0 8 10 37 36 33 25 11 0 0 2 4 0 0 0 0 0 7 0 0 5 0 0 0 0 
P12386 2053 1 0 0 0 0 0 0 4 0 6 7 7 0 6 0 0 5 0 0 0 0 0 3 4 0 0 0 0 0 0 0 0 
P12386 2053 2 0 0 0 12 18 0 0 20 13 0 4 0 0 5 0 0 0 6 0 0 0 0 0 0 0 0 0 40 -999 -999 -999 
P12386 2053 3 29 0 0 0 4 0 0 0 0 0 16 21 16 11 14 24 22 35 24 22 21 21 19 0 0 0 0 0 11 13 22 
P12386 2053 4 24 0 0 0 13 13 0 11 0 0 0 15 3 0 0 0 0 0 0 17 0 11 11 0 0 19 0 0 0 25 -999 
P12386 2053 5 25 22 0 34 0 44 22 21 19 17 0 18 0 0 0 15 17 0 19 22 0 14 17 0 0 8 8 9 11 10 0 
P12386 2053 6 0 17 0 20 0 0 11 12 0 0 0 0 12 0 13 0 0 0 0 7 0 0 0 0 0 0 0 0 0 0 -999 
P12386 2053 7 0 0 0 0 0 25 0 0 16 0 12 16 17 0 0 0 0 0 0 0 23 0 0 0 20 0 0 0 23 24 0 
P12386 2053 8 0 0 20 22 0 0 0 0 0 0 23 0 13 18 18 0 0 0 20 27 0 0 0 0 0 0 0 0 0 0 0 
P12386 2053 9 0 0 15 0 0 0 0 0 0 15 0 18 0 0 11 0 17 0 0 0 0 14 11 0 10 0 0 0 0 0 -999 
P12386 2053 10 8 0 0 0 0 0 0 0 0 0 20 0 0 0 13 0 0 0 26 0 0 0 0 0 0 0 7 15 0 8 9 
P12386 2053 11 0 12 0 33 0 0 0 0 0 21 0 0 0 0 7 21 33 27 0 0 0 0 0 2 0 0 0 0 0 0 -999 
P12386 2053 12 0 3 0 0 0 0 0 0 4 0 0 0 0 0 0 5 6 0 3 0 0 4 0 0 4 0 9 0 14 10 0 
P12386 2054 1 0 0 20 10 0 23 0 0 0 0 23 16 0 0 12 16 0 0 0 0 5 10 11 5 2 0 5 10 15 6 0 
P12386 2054 2 0 9 13 0 0 0 0 9 0 0 0 0 7 18 21 0 0 0 0 0 0 0 0 0 0 0 0 0 -999 -999 -999 
P12386 2054 3 0 0 0 0 0 0 0 3 0 0 0 0 0 0 6 0 5 16 0 0 0 0 13 18 0 0 0 0 22 20 24 
P12386 2054 4 0 0 13 0 0 0 21 13 0 15 30 27 28 0 12 0 0 0 23 0 0 0 0 9 12 0 23 27 30 24 -999 
P12386 2054 5 0 11 0 0 0 0 0 16 0 0 0 0 14 0 0 21 25 0 0 0 16 20 0 25 20 0 14 15 0 0 0 
P12386 2054 6 0 0 0 8 0 0 13 12 13 0 0 0 0 0 0 0 0 0 12 12 0 0 0 0 0 0 0 18 0 0 -999 
P12386 2054 7 0 0 13 0 0 0 0 16 19 0 0 0 12 14 14 0 0 0 0 0 0 0 17 17 0 0 0 0 0 0 0 
P12386 2054 8 0 0 0 0 0 17 0 19 0 0 0 0 0 0 0 0 0 0 0 0 0 0 0 13 22 0 17 17 0 7 0 
P12386 2054 9 0 0 0 0 0 0 0 0 12 0 0 0 26 0 15 0 0 0 0 12 0 0 0 24 15 0 0 0 0 19 -999 
P12386 2054 10 18 10 0 0 10 0 0 0 0 0 0 0 0 11 0 0 0 0 0 0 7 0 0 19 23 15 13 8 9 0 0 
P12386 2054 11 0 26 17 8 0 0 0 10 0 26 9 10 0 11 0 0 0 0 0 24 0 0 0 0 0 0 10 7 0 0 -999 
P12386 2054 12 6 0 0 13 0 0 0 0 0 0 0 0 17 21 0 0 0 0 0 0 0 0 0 0 9 0 9 5 0 0 0 
P12386 2055 1 0 0 0 5 0 0 0 19 0 0 4 0 0 0 0 0 8 0 0 0 0 29 0 0 0 0 0 0 0 0 0 
P12386 2055 2 0 0 0 0 0 7 0 11 0 0 3 0 0 0 0 2 0 0 0 0 0 0 0 0 0 0 21 9 -999 -999 -999 
P12386 2055 3 0 13 21 26 27 0 0 14 0 0 0 0 29 0 0 0 0 0 0 0 0 9 0 9 9 3 0 0 0 0 0 
P12386 2055 4 0 0 0 0 0 6 0 4 0 0 0 11 0 0 5 0 0 16 0 0 0 0 15 0 0 0 0 0 0 0 -999 
P12386 2055 5 11 0 0 0 14 0 0 11 0 16 39 33 0 0 0 0 0 0 0 0 0 0 0 0 16 28 32 23 0 0 0 
P12386 2055 6 0 13 0 0 0 0 0 0 0 17 0 0 14 0 14 0 0 0 22 0 0 0 0 0 0 0 0 0 0 0 -999 
P12386 2055 7 0 0 0 8 0 0 0 0 0 0 0 0 0 0 0 12 0 0 0 0 0 0 0 20 0 0 0 0 0 0 0 
P12386 2055 8 10 0 0 0 0 0 0 24 0 0 0 0 0 0 0 0 0 0 0 0 18 15 0 10 0 0 0 0 0 0 0 
P12386 2055 9 18 17 0 0 0 0 0 0 13 0 0 0 12 0 0 0 0 0 0 11 0 0 0 9 0 0 0 0 0 0 -999 
P12386 2055 10 0 0 0 10 0 0 14 0 0 12 13 11 10 0 16 14 15 0 0 0 0 0 0 0 0 0 7 0 0 4 0 
P12386 2055 11 0 0 0 8 7 9 0 25 22 0 0 0 0 0 0 0 26 0 12 0 0 0 0 0 0 0 0 23 24 0 -999 
P12386 2055 12 0 0 0 0 0 0 0 0 0 0 0 0 0 7 0 0 0 0 0 0 7 0 0 0 0 0 0 0 9 0 15 
P12386 2056 1 7 0 0 0 0 7 0 0 0 0 0 0 0 0 0 0 0 0 0 6 0 0 0 7 10 9 11 14 4 0 0 
P12386 2056 2 0 0 29 12 14 17 13 0 0 0 23 12 0 7 0 0 4 10 0 9 6 11 0 0 19 0 0 0 -999 -999 -999 
P12386 2056 3 28 0 22 0 8 14 12 14 0 13 21 0 18 22 29 0 0 0 0 26 0 0 0 19 9 8 14 31 43 0 20 
P12386 2056 4 0 14 17 16 0 9 4 0 0 10 16 0 0 0 0 13 0 0 25 22 10 0 0 10 0 0 9 0 7 0 -999 
P12386 2056 5 0 0 0 0 0 17 0 16 0 0 28 13 0 0 9 0 0 27 0 0 0 0 0 0 0 0 14 0 18 0 0 
P12386 2056 6 19 12 0 0 25 0 0 0 20 0 0 0 14 0 0 17 17 0 0 0 25 27 0 0 0 0 0 0 0 0 -999 
P12386 2056 7 0 0 0 0 0 15 0 0 0 0 0 0 21 20 0 19 22 19 0 0 11 0 0 0 0 0 0 0 0 0 0 
P12386 2056 8 0 0 0 0 16 0 0 0 10 0 0 0 0 0 8 10 12 17 0 0 0 0 14 0 0 0 0 0 0 7 0 
P12386 2056 9 0 0 0 0 0 0 18 11 9 0 0 0 0 8 0 0 0 11 0 15 0 0 17 0 0 0 0 0 0 0 -999 
P12386 2056 10 0 12 0 5 0 0 11 15 7 0 0 0 0 0 0 0 10 11 0 19 0 0 15 17 20 18 14 0 0 4 0 
P12386 2056 11 0 0 0 0 7 0 0 0 11 9 14 20 0 0 0 10 0 9 0 0 0 0 0 0 0 0 0 0 0 0 -999 
P12386 2056 12 0 0 0 0 0 0 5 0 0 0 0 4 0 0 6 10 8 0 18 15 11 0 5 2 0 0 0 13 13 0 0 
P12386 2057 1 0 5 11 6 0 0 0 0 3 0 8 0 6 0 0 26 0 20 36 0 9 0 0 0 0 7 13 0 24 0 11 
P12386 2057 2 0 0 0 0 0 7 0 0 0 0 0 0 0 0 3 5 0 0 0 0 0 0 0 10 19 0 18 0 -999 -999 -999 
P12386 2057 3 0 13 0 5 0 0 0 0 0 0 0 0 0 0 13 24 0 21 20 22 0 0 0 0 0 0 0 41 0 0 0 
P12386 2057 4 0 22 15 0 9 0 4 0 14 10 0 14 17 16 18 15 11 0 22 0 0 0 0 36 0 0 0 0 0 15 -999 
P12386 2057 5 0 0 28 18 0 21 0 24 32 0 0 0 0 0 0 0 0 0 0 14 21 0 0 17 0 20 33 0 0 0 9 
P12386 2057 6 0 10 0 0 0 12 0 0 0 0 0 20 0 0 0 7 0 0 0 0 0 0 0 0 0 0 10 0 0 0 -999 
P12386 2057 7 0 0 0 0 0 0 0 14 0 0 18 0 0 0 18 0 0 0 0 0 0 0 0 17 0 15 0 0 0 0 0 
P12386 2057 8 16 0 0 16 19 0 0 0 16 0 19 0 0 0 0 0 0 0 0 0 0 27 0 0 0 0 11 0 0 0 0 
P12386 2057 9 12 0 0 0 0 0 0 0 0 0 0 0 0 0 0 0 0 19 14 0 0 0 0 0 0 18 0 0 0 0 -999 
P12386 2057 10 11 12 0 0 16 0 0 0 0 0 11 11 17 14 0 0 0 7 0 0 0 0 0 0 7 0 16 0 12 4 0 
P12386 2057 11 0 0 0 0 3 0 0 0 0 0 0 0 19 0 0 0 0 9 0 0 9 0 0 0 0 0 0 31 0 0 -999 
P12386 2057 12 9 0 10 0 0 0 0 0 0 0 0 0 8 15 0 0 4 0 0 0 6 0 0 12 10 6 0 0 0 0 0 
P12386 2058 1 0 0 0 0 6 0 11 12 0 0 6 0 16 0 8 12 8 15 14 0 0 0 0 0 0 0 20 48 41 22 17 
P12386 2058 2 0 0 0 11 12 15 4 7 0 0 0 14 16 0 0 0 0 0 0 0 0 0 0 0 14 0 4 0 -999 -999 -999 
P12386 2058 3 0 0 0 0 0 0 0 0 7 0 0 0 0 6 0 0 0 0 0 0 0 0 0 0 0 0 0 0 0 0 0 
P12386 2058 4 0 27 18 0 8 0 24 20 16 25 0 0 0 46 0 0 23 0 0 0 0 15 0 19 23 19 0 0 22 22 -999 
P12386 2058 5 0 0 0 0 0 20 12 0 0 7 0 14 0 27 0 0 0 0 0 29 0 0 0 0 0 15 0 0 0 0 0 
P12386 2058 6 0 0 13 0 0 0 13 0 29 19 0 0 0 18 0 21 0 20 0 0 14 0 15 0 13 11 0 9 0 0 -999 
P12386 2058 7 0 0 16 0 0 0 18 0 0 18 0 17 0 24 23 0 0 0 0 0 0 0 0 0 0 0 0 0 0 0 0 
P12386 2058 8 0 0 0 21 0 0 0 0 20 33 0 0 0 0 0 0 0 0 0 0 11 11 0 8 0 0 0 0 0 16 13 
P12386 2058 9 0 0 0 0 0 0 0 21 21 35 26 0 0 15 13 0 0 0 0 0 0 0 0 0 0 0 0 0 0 0 -999 
P12386 2058 10 0 0 20 0 0 16 0 0 0 0 0 0 0 10 8 10 0 0 0 21 0 0 0 0 0 0 0 0 0 0 0 
P12386 2058 11 0 0 0 0 0 0 0 16 0 22 0 0 0 0 11 0 0 0 0 0 3 6 10 0 0 0 0 0 0 0 -999 
P12386 2058 12 0 0 0 0 0 0 0 0 0 0 0 0 0 0 0 0 0 0 0 0 0 27 0 0 0 0 0 0 0 0 0 
P12386 2059 1 0 0 0 0 0 5 5 7 0 0 0 0 0 0 0 0 0 0 0 0 0 0 0 0 0 0 0 0 0 0 0 
P12386 2059 2 0 0 0 0 0 0 0 0 0 0 18 36 23 0 0 0 0 0 0 0 0 0 4 2 0 0 0 0 -999 -999 -999 
P12386 2059 3 0 0 0 0 0 0 0 0 7 7 0 0 0 0 0 0 0 11 16 8 0 0 0 0 0 25 37 26 0 29 25 
P12386 2059 4 26 17 11 0 12 0 12 0 0 25 16 0 0 0 12 10 0 12 20 0 19 17 0 19 10 0 0 0 0 0 -999 
P12386 2059 5 0 0 0 0 15 16 0 0 0 0 13 0 0 0 0 21 39 33 17 0 0 0 15 0 27 0 0 0 0 0 21 
P12386 2059 6 0 18 22 0 22 0 0 0 28 20 0 0 0 18 13 0 0 0 0 0 0 0 0 0 0 25 24 0 0 0 -999 
P12386 2059 7 19 0 0 22 0 19 19 25 24 0 0 0 0 0 0 0 14 0 0 0 0 0 0 0 0 0 0 0 0 0 0 
P12386 2059 8 0 0 0 0 20 0 0 13 15 0 0 0 0 7 0 0 0 0 15 0 0 0 19 0 21 37 14 0 0 0 0 
P12386 2059 9 0 0 9 11 9 0 0 0 0 0 0 0 0 0 0 17 0 0 0 0 0 0 9 0 0 0 0 0 0 0 -999 
P12386 2059 10 0 15 0 0 0 0 18 10 9 0 0 0 0 12 11 15 0 0 0 11 0 0 0 0 0 0 0 13 11 0 14 
P12386 2059 11 0 0 0 0 0 0 0 0 0 0 0 0 0 0 0 0 0 0 0 11 0 0 0 0 0 0 0 0 0 0 -999 
P12386 2059 12 3 4 0 14 12 18 26 32 0 16 0 18 0 0 0 0 4 3 0 0 0 0 0 0 0 10 11 0 11 0 0 
P12386 2060 1 14 0 7 10 0 8 0 0 8 0 0 42 48 26 0 20 0 0 0 0 0 0 0 0 0 4 0 0 0 4 7 
P12386 2060 2 12 17 0 0 0 0 0 0 0 0 0 8 0 0 0 0 0 4 0 0 0 9 0 4 0 0 0 9 -999 -999 -999 
P12386 2060 3 11 0 0 15 0 42 62 45 0 17 15 0 0 6 0 0 0 0 0 9 0 16 0 0 0 0 20 24 23 0 0 
P12386 2060 4 15 23 18 23 18 15 12 0 30 29 23 0 0 0 0 0 0 0 15 16 13 0 13 0 0 19 40 19 0 10 -999 
P12386 2060 5 0 0 13 20 0 0 8 0 0 0 19 0 0 0 0 0 0 0 0 0 0 0 17 0 0 0 0 0 18 29 26 
P12386 2060 6 20 15 17 0 17 0 0 0 0 16 13 14 0 0 0 0 0 24 0 23 0 0 20 16 0 11 0 19 25 0 -999 
P12386 2060 7 0 16 0 12 0 0 0 0 0 21 0 0 0 0 21 16 0 0 0 0 0 12 0 0 0 0 20 17 0 0 0 
P12386 2060 8 0 0 0 0 17 0 0 0 0 0 0 0 0 0 0 0 0 0 0 16 22 0 0 0 11 0 0 0 0 0 0 
P12386 2060 9 0 0 0 0 0 0 0 0 0 16 0 0 0 0 14 0 18 0 0 12 0 13 0 0 0 0 19 0 0 21 -999 
P12386 2060 10 0 0 0 0 0 0 0 8 0 0 0 0 0 0 3 0 0 0 5 0 0 0 0 0 0 0 0 0 0 0 0 
P12386 2060 11 15 0 0 17 19 0 12 11 17 8 0 0 9 0 0 6 0 0 30 0 13 12 0 0 0 0 0 6 9 0 -999 
P12386 2060 12 0 7 0 8 0 11 11 0 0 0 0 0 0 0 0 6 0 10 0 0 0 0 0 17 0 0 7 0 0 32 0 
P12386 2061 1 0 0 13 0 0 10 15 14 17 0 0 0 0 0 0 0 0 0 0 0 0 0 0 0 0 0 0 0 0 0 0 
P12386 2061 2 0 0 5 4 0 0 6 0 0 8 0 17 0 0 0 0 0 0 0 0 0 0 0 14 0 0 0 0 -999 -999 -999 
P12386 2061 3 23 0 0 0 0 0 0 0 18 27 0 13 0 0 14 0 0 25 22 18 0 23 18 19 26 30 0 0 0 0 0 
P12386 2061 4 24 24 0 18 0 0 14 0 0 23 0 13 0 0 0 0 0 0 0 12 0 0 0 0 0 0 0 0 0 0 -999 
P12386 2061 5 25 0 13 0 0 18 0 0 0 0 6 8 0 0 29 20 0 16 0 14 9 0 0 0 0 0 0 0 11 0 15 
P12386 2061 6 0 17 0 0 8 0 0 0 0 21 0 16 0 24 0 0 0 0 0 0 0 0 20 0 0 0 0 0 0 0 -999 
P12386 2061 7 0 11 0 0 0 0 0 0 0 0 0 0 0 0 0 14 0 0 0 0 15 0 0 0 0 0 0 0 0 0 0 
P12386 2061 8 0 0 0 0 0 19 0 0 0 0 0 0 0 0 0 17 0 0 0 0 0 0 16 0 0 0 19 0 0 12 0 
P12386 2061 9 0 12 0 10 0 0 0 0 0 0 0 0 0 22 0 0 0 16 0 0 10 11 16 9 0 16 0 0 0 15 -999 
P12386 2061 10 0 0 0 0 0 0 0 0 0 0 0 0 7 0 0 20 10 0 0 0 12 0 23 16 13 0 0 0 12 0 0 
P12386 2061 11 0 0 4 6 0 0 8 7 13 0 0 8 0 4 0 0 11 0 0 0 0 1 0 2 0 3 0 0 0 0 -999 
P12386 2061 12 5 0 0 0 5 0 0 0 0 0 0 0 4 0 0 0 12 10 0 0 13 16 19 0 12 0 0 0 0 7 5 
P12386 2062 1 0 0 0 1 0 0 0 0 0 0 0 0 0 0 0 5 0 0 0 0 0 0 0 0 0 9 10 0 2 0 0 
P12386 2062 2 5 0 0 0 0 0 0 0 0 0 5 0 0 0 0 1 0 0 0 0 0 0 0 18 0 19 0 8 -999 -999 -999 
P12386 2062 3 0 0 9 0 0 0 6 3 0 5 15 20 24 43 29 0 0 0 27 0 14 11 12 14 11 0 0 2 0 0 0 
P12386 2062 4 0 0 0 0 0 9 0 10 0 12 0 0 7 0 7 0 4 0 0 0 0 0 0 0 0 0 0 19 18 21 -999 
P12386 2062 5 8 6 0 0 0 0 0 19 24 24 0 11 0 0 9 0 0 0 19 0 0 0 0 0 0 0 14 0 0 0 0 
P12386 2062 6 0 0 0 37 36 21 0 18 0 0 18 0 0 14 0 0 0 0 17 0 22 0 0 0 20 0 0 0 0 0 -999 
P12386 2062 7 0 0 20 0 0 0 0 13 0 0 0 0 0 0 0 0 0 0 0 20 0 0 0 18 0 0 0 0 11 0 0 
P12386 2062 8 0 0 0 18 0 0 0 0 0 0 14 16 20 0 17 0 0 0 0 0 0 17 0 0 0 6 0 0 22 0 0 
P12386 2062 9 8 0 0 0 0 0 0 0 0 0 0 0 0 0 0 0 0 0 0 0 0 12 0 0 0 0 16 16 0 0 -999 
P12386 2062 10 0 16 0 0 22 14 18 15 0 0 0 21 0 0 0 0 7 0 0 7 5 0 12 15 0 0 0 0 12 0 11 
P12386 2062 11 0 5 6 0 0 0 0 0 0 0 5 0 0 0 7 0 4 7 0 13 10 0 5 0 0 0 0 14 0 0 -999 
P12386 2062 12 0 13 0 0 0 0 0 0 6 9 0 29 0 0 2 0 0 11 0 0 0 0 0 0 0 0 0 0 0 0 0 
P12386 2063 1 0 23 14 0 0 0 8 0 0 0 0 0 0 0 13 12 28 18 12 0 19 0 10 11 24 18 5 0 0 0 9 
P12386 2063 2 18 0 4 8 0 0 0 0 0 9 0 0 0 0 0 14 0 0 0 0 7 0 0 0 0 0 0 0 -999 -999 -999 
P12386 2063 3 0 0 0 0 0 0 0 14 0 10 19 0 0 20 0 21 36 18 10 6 0 13 13 11 31 23 20 8 0 0 9 
P12386 2063 4 0 4 0 0 21 0 25 0 26 14 0 0 0 14 21 17 10 8 0 0 0 0 12 0 7 11 10 0 0 0 -999 
P12386 2063 5 0 16 0 0 0 0 0 0 0 0 0 22 0 23 0 19 0 0 0 0 0 0 0 0 0 0 0 0 6 0 10 
P12386 2063 6 13 0 14 0 15 0 0 0 0 0 0 0 0 0 0 29 30 0 0 25 0 0 0 0 0 0 0 15 0 0 -999 
P12386 2063 7 17 0 0 0 0 25 0 0 0 0 0 0 0 13 0 0 0 0 0 14 15 0 0 14 0 16 0 0 0 0 0 
P12386 2063 8 0 0 0 0 0 0 15 0 15 27 28 0 0 14 0 0 13 0 0 0 0 0 11 0 15 0 11 0 0 0 0 
P12386 2063 9 0 0 0 0 10 0 18 0 7 0 0 0 24 0 20 20 14 12 17 0 0 20 22 0 0 28 0 18 0 0 -999 
P12386 2063 10 0 0 0 0 0 0 0 0 0 0 0 0 0 22 9 0 0 0 9 0 0 0 0 0 0 13 12 0 0 0 8 
P12386 2063 11 0 0 0 0 0 0 0 0 0 0 0 0 0 10 0 4 0 0 0 0 0 0 0 0 0 0 0 0 0 0 -999 
P12386 2063 12 0 0 0 0 0 0 0 0 0 0 0 0 14 0 8 0 0 0 0 0 0 4 0 0 0 0 0 0 0 4 0 
P12386 2064 1 0 0 0 0 0 0 0 0 0 0 4 0 0 0 0 0 0 0 0 0 0 0 3 0 0 0 0 9 0 0 0 
P12386 2064 2 0 5 0 0 13 0 7 5 0 5 0 0 0 0 0 0 0 0 0 0 0 0 0 0 0 0 0 9 -999 -999 -999 
P12386 2064 3 0 6 0 0 0 28 0 13 0 0 0 0 0 20 30 43 53 0 21 0 23 0 14 0 0 22 0 0 9 0 0 
P12386 2064 4 0 0 0 28 20 52 40 23 18 18 0 36 0 0 0 0 15 20 0 13 0 0 0 0 0 17 0 18 15 0 -999 
P12386 2064 5 21 0 18 0 18 0 15 15 0 10 0 0 0 0 0 0 0 0 16 17 0 15 0 17 20 0 0 0 0 0 0 
P12386 2064 6 0 18 0 0 0 0 0 20 25 0 0 0 0 28 0 0 14 0 12 0 0 9 0 0 0 0 0 0 0 0 -999 
P12386 2064 7 25 22 0 26 0 21 0 0 0 0 0 0 0 0 0 9 0 0 0 0 17 0 0 0 0 0 17 0 18 15 0 
P12386 2064 8 0 0 16 0 0 0 0 0 13 0 0 0 0 0 0 0 0 0 11 0 0 0 0 0 0 0 0 0 0 0 0 
P12386 2064 9 26 40 0 0 9 0 0 0 0 0 0 12 0 0 0 28 12 0 0 0 20 33 0 0 0 0 0 9 0 0 -999 
P12386 2064 10 0 0 0 0 0 0 18 0 0 0 0 0 0 0 0 0 0 0 0 10 8 0 0 0 0 0 0 7 0 4 3 
P12386 2064 11 0 0 0 5 9 0 0 0 3 0 0 0 0 12 17 10 0 0 2 0 0 0 0 0 0 3 0 0 5 0 -999 
P12386 2064 12 0 8 0 0 0 6 0 13 13 12 0 0 7 8 0 0 0 0 0 0 0 0 30 16 0 0 0 2 0 0 0 
P12386 2065 1 0 0 0 0 0 8 0 7 8 10 0 7 8 0 0 0 6 0 0 0 0 0 0 0 0 5 0 0 0 0 8 
P12386 2065 2 9 0 0 0 0 0 0 0 0 0 0 0 22 0 82 35 32 22 0 21 20 0 0 0 0 11 0 0 -999 -999 -999 
P12386 2065 3 0 0 0 0 0 0 0 0 0 0 0 0 8 0 6 0 0 0 12 14 0 21 0 50 40 0 0 32 16 18 17 
P12386 2065 4 0 0 9 8 0 0 0 0 0 0 0 0 0 0 0 0 0 0 13 0 0 0 0 0 0 9 0 0 0 0 -999 
P12386 2065 5 0 6 0 0 0 0 0 8 0 0 0 0 0 0 0 0 0 0 0 0 27 18 0 12 0 0 0 0 0 17 0 
P12386 2065 6 0 14 0 0 14 0 0 0 0 0 0 0 0 0 0 0 16 0 0 11 18 0 13 0 0 16 0 0 0 0 -999 
P12386 2065 7 0 0 23 20 0 0 0 16 0 0 0 0 0 0 27 21 10 0 0 0 0 0 0 0 16 0 0 0 0 0 0 
P12386 2065 8 0 0 0 0 14 0 0 0 0 0 0 0 0 0 0 0 0 0 0 0 18 0 0 0 15 0 0 0 16 0 0 
P12386 2065 9 0 16 0 0 0 0 0 0 0 0 0 0 0 0 0 0 11 0 0 9 0 0 0 0 0 0 0 0 0 0 -999 
P12386 2065 10 0 0 7 0 0 0 27 0 39 0 0 0 0 0 10 10 0 0 0 0 14 0 18 28 16 10 15 0 0 0 0 
P12386 2065 11 0 0 0 0 5 0 0 6 0 0 0 0 0 0 0 0 0 0 4 0 0 12 0 3 0 4 0 20 0 0 -999 
P12386 2065 12 0 0 0 0 0 0 0 0 0 0 20 55 17 6 0 0 0 0 0 13 0 18 11 14 10 12 10 8 0 0 0 
P12386 2066 1 0 0 0 0 0 0 0 0 13 18 18 0 0 0 10 10 0 0 13 0 5 11 0 0 9 0 0 0 0 0 11 
P12386 2066 2 0 0 15 0 0 0 0 0 0 0 0 3 0 0 0 0 0 0 0 5 8 12 8 5 0 27 16 16 -999 -999 -999 
P12386 2066 3 22 16 0 0 0 2 0 0 0 0 0 0 0 0 0 0 0 0 0 0 0 0 0 0 0 14 0 0 0 0 11 
P12386 2066 4 0 0 15 0 0 5 0 0 0 0 0 0 15 15 18 21 0 12 0 8 0 9 0 0 0 0 0 0 27 0 -999 
P12386 2066 5 0 0 0 0 0 0 0 19 16 0 0 0 0 0 8 0 0 0 26 0 0 7 0 0 0 10 0 10 0 0 13 
P12386 2066 6 0 0 0 17 17 0 0 0 0 0 0 22 0 0 0 0 14 0 0 0 0 0 20 0 0 0 0 0 0 0 -999 
P12386 2066 7 0 15 0 9 0 0 0 0 0 0 0 0 0 0 0 23 0 0 0 0 0 0 0 0 0 0 0 0 16 0 0 
P12386 2066 8 0 0 0 23 0 0 0 0 0 0 0 0 0 0 0 28 0 0 0 0 13 14 0 0 0 0 0 0 9 0 14 
P12386 2066 9 0 0 0 0 29 16 0 0 14 0 18 0 11 0 0 0 0 0 0 0 0 0 17 18 16 0 15 11 0 0 -999 
P12386 2066 10 0 25 20 0 0 0 10 0 0 0 13 0 0 0 0 0 16 13 16 0 0 0 0 0 6 0 0 0 27 0 12 
P12386 2066 11 10 0 0 13 20 0 9 0 16 5 4 0 13 0 0 0 0 0 0 0 0 0 0 0 0 0 0 0 0 0 -999 
P12386 2066 12 0 5 0 0 0 0 0 0 0 0 8 0 0 10 22 18 22 24 15 14 0 0 6 0 0 0 0 0 0 0 9 
P12386 2067 1 0 0 0 0 0 0 0 0 0 0 16 0 0 14 0 20 23 0 19 23 29 49 34 26 12 13 27 24 9 0 7 
P12386 2067 2 8 0 10 0 9 0 9 0 6 6 0 0 0 13 10 0 3 10 24 27 8 0 3 0 5 0 9 10 -999 -999 -999 
P12386 2067 3 2 0 0 0 0 0 0 10 0 23 15 16 10 0 0 0 0 0 0 12 15 0 0 16 0 0 0 0 7 0 0 
P12386 2067 4 0 0 11 0 0 0 0 0 0 0 17 13 0 17 20 0 0 0 26 0 0 11 15 27 0 0 0 15 0 0 -999 
P12386 2067 5 16 0 0 0 0 32 13 0 0 0 0 27 0 0 0 0 0 21 0 0 22 0 0 0 0 15 0 0 0 0 0 
P12386 2067 6 16 0 0 0 0 0 0 0 0 0 19 24 23 0 19 0 24 0 21 0 0 0 0 0 0 0 0 0 0 21 -999 
P12386 2067 7 0 0 0 0 0 0 0 0 0 0 0 0 0 20 0 0 0 0 0 15 11 0 0 0 0 0 0 0 0 0 0 
P12386 2067 8 0 14 17 0 0 0 0 0 0 0 0 18 0 0 17 0 0 0 0 0 0 0 0 0 0 17 0 0 0 0 0 
P12386 2067 9 0 0 14 0 0 0 0 10 0 0 0 15 0 0 0 12 0 0 0 0 0 0 0 0 12 0 0 0 18 18 -999 
P12386 2067 10 0 15 0 0 0 0 0 0 12 13 0 4 0 0 0 0 0 0 0 0 0 0 0 0 0 0 0 0 0 8 7 
P12386 2067 11 8 5 0 0 0 0 0 0 0 7 0 0 0 0 0 5 0 12 0 0 0 0 4 3 2 0 0 0 0 0 -999 
P12386 2067 12 6 7 0 13 8 0 0 0 0 0 0 0 0 0 0 3 0 0 3 0 0 0 3 0 0 0 0 12 10 0 6 
P12386 2068 1 10 0 0 0 8 14 18 0 0 0 0 0 0 1 0 0 0 0 0 0 0 0 0 0 0 10 0 9 0 0 0 
P12386 2068 2 0 0 0 0 0 20 38 0 0 0 0 0 9 0 0 0 0 0 4 0 0 0 25 27 0 0 11 9 -999 -999 -999 
P12386 2068 3 7 11 0 0 23 0 29 0 0 10 4 0 0 0 0 5 0 0 0 0 0 0 0 0 0 0 0 0 0 0 0 
P12386 2068 4 16 11 0 0 0 0 8 0 0 0 9 10 0 0 16 0 0 0 0 0 0 0 17 18 0 0 0 0 0 0 -999 
P12386 2068 5 0 19 26 0 0 0 26 0 18 26 0 16 25 29 17 0 0 27 26 23 0 0 12 0 16 0 17 21 21 0 17 
P12386 2068 6 27 0 0 0 0 9 0 0 0 8 0 0 0 0 0 0 0 0 0 0 30 0 0 0 0 0 27 0 16 0 -999 
P12386 2068 7 0 0 0 0 0 0 0 0 0 0 0 0 20 0 0 15 0 14 0 0 17 0 0 0 0 0 0 0 0 0 0 
P12386 2068 8 14 0 0 0 0 0 14 0 0 0 0 18 0 0 15 0 0 0 0 0 0 0 0 0 0 0 0 0 0 0 0 
P12386 2068 9 0 10 0 14 0 0 0 0 20 0 0 0 0 0 0 0 0 20 11 0 0 0 0 17 0 0 0 0 0 0 -999 
P12386 2068 10 0 0 0 0 0 0 0 0 0 9 0 13 0 0 8 0 0 0 0 0 11 0 0 4 4 0 0 0 0 0 0 
P12386 2068 11 0 0 0 0 0 0 0 0 0 4 0 0 0 0 0 0 10 0 0 0 0 14 0 0 0 0 0 0 0 0 -999 
P12386 2068 12 3 0 0 4 5 0 0 0 12 0 0 0 0 21 26 0 0 7 0 12 0 0 0 0 0 26 0 0 15 19 0 
P12386 2069 1 11 11 0 15 0 0 0 0 0 0 0 0 0 0 0 0 5 0 0 0 0 0 0 0 0 0 0 0 15 0 0 
P12386 2069 2 0 0 11 15 19 0 0 0 18 0 0 0 11 0 8 0 0 0 0 0 15 20 12 0 0 0 20 0 -999 -999 -999 
P12386 2069 3 0 0 0 7 10 0 0 0 0 12 16 15 0 0 0 5 0 0 3 0 0 7 6 0 18 19 18 0 0 0 0 
P12386 2069 4 38 42 21 0 0 13 22 17 15 20 17 17 12 0 11 0 0 15 0 0 0 0 0 0 0 0 0 0 0 0 -999 
P12386 2069 5 0 0 9 0 0 0 0 0 8 0 16 15 19 24 0 0 44 0 24 0 37 22 0 0 0 0 0 0 13 10 0 
P12386 2069 6 17 0 16 0 0 0 20 0 0 0 0 0 0 0 19 0 0 0 0 0 0 0 21 0 14 0 0 0 0 12 -999 
P12386 2069 7 21 0 21 0 0 12 0 0 0 0 0 0 17 0 18 17 0 0 0 0 17 15 0 0 9 0 0 0 0 0 0 
P12386 2069 8 0 14 0 0 0 16 0 0 18 0 0 16 0 0 0 16 0 0 8 0 0 12 0 16 0 0 0 0 0 0 0 
P12386 2069 9 0 13 0 0 0 0 0 12 13 0 0 14 0 16 0 0 0 0 0 0 14 0 0 0 0 0 0 0 17 11 -999 
P12386 2069 10 0 0 0 0 15 0 12 0 0 0 0 0 0 5 7 0 0 0 0 25 19 10 0 0 0 0 0 0 13 0 0 
P12386 2069 11 4 4 0 8 8 3 7 0 10 0 0 0 0 0 3 0 8 0 0 4 0 0 0 0 0 4 0 0 0 0 -999 
P12386 2069 12 0 0 0 0 10 0 10 0 0 0 0 0 0 8 7 28 0 0 0 22 17 0 11 7 0 0 0 0 0 0 0 
P12386 2070 1 0 0 9 6 0 7 8 0 22 10 11 5 0 0 0 0 0 0 0 0 0 0 0 0 0 0 0 0 9 18 0 
P12386 2070 2 40 0 0 10 0 0 6 0 0 0 0 0 5 3 0 0 0 0 0 11 0 13 19 29 26 12 0 0 -999 -999 -999 
P12386 2070 3 0 0 0 0 0 0 0 0 0 0 15 0 6 0 28 0 0 0 18 18 28 37 0 36 0 0 0 20 23 0 0 
P12386 2070 4 0 0 0 0 0 0 0 0 13 8 0 0 0 17 0 0 18 0 7 4 7 0 15 0 0 0 34 30 0 26 -999 
P12386 2070 5 21 0 20 40 0 22 0 0 12 12 14 13 12 0 16 0 0 13 0 0 27 16 0 0 17 0 0 6 0 0 0 
P12386 2070 6 0 0 0 16 14 0 0 0 20 0 25 0 0 0 0 0 0 0 0 0 0 0 0 0 0 14 0 0 17 18 -999 
P12386 2070 7 0 17 16 0 0 0 0 0 0 22 0 0 0 15 0 0 0 0 16 13 13 16 0 0 16 0 28 0 0 0 0 
P12386 2070 8 16 0 20 21 17 17 10 0 14 0 0 0 0 0 0 14 0 0 0 0 18 0 0 0 0 15 16 0 0 0 17 
P12386 2070 9 19 23 26 25 18 15 15 0 0 0 12 0 0 0 0 0 0 13 0 0 0 0 0 0 0 11 0 0 0 0 -999 
P12386 2070 10 0 0 0 0 11 0 0 0 0 0 0 21 0 16 0 0 11 12 10 0 0 0 0 0 6 0 0 0 0 0 0 
P12386 2070 11 0 0 0 0 7 0 0 0 6 0 0 0 0 0 0 0 6 0 0 6 0 0 0 0 0 0 18 0 11 0 -999 
P12386 2070 12 4 5 0 0 0 0 0 0 0 0 8 0 0 9 0 0 0 14 0 7 7 13 18 0 0 14 0 7 0 41 37 
P12386 2071 1 0 6 0 9 0 9 0 0 0 0 0 0 0 0 10 0 0 38 0 0 14 15 0 0 9 12 17 0 13 0 0 
P12386 2071 2 0 8 0 0 7 0 19 0 0 7 16 15 9 0 0 9 11 0 21 18 32 46 35 0 26 17 0 0 -999 -999 -999 
P12386 2071 3 0 0 22 0 0 17 25 0 0 0 16 19 16 13 21 15 0 0 34 14 0 0 0 0 0 0 0 0 5 0 13 
P12386 2071 4 25 29 41 21 0 0 0 0 0 0 0 0 0 0 0 0 0 0 0 12 16 44 28 17 20 26 20 0 0 23 -999 
P12386 2071 5 20 17 0 17 0 0 26 21 0 0 12 0 0 9 0 0 0 9 11 13 13 0 0 0 17 0 0 0 0 0 0 
P12386 2071 6 0 16 17 0 13 0 7 0 0 0 13 0 0 0 23 0 0 27 0 13 13 0 0 0 0 0 0 0 0 0 -999 
P12386 2071 7 0 0 0 0 25 24 0 12 12 0 0 11 0 16 22 0 12 0 0 0 0 0 20 0 0 0 0 0 0 0 0 
P12386 2071 8 0 11 0 0 0 0 0 0 0 0 0 0 0 0 0 0 0 0 0 0 0 0 0 13 0 0 0 27 0 12 0 
P12386 2071 9 0 0 0 0 14 0 0 19 14 0 0 0 0 9 0 0 0 0 0 0 0 0 11 0 0 0 0 0 19 24 -999 
P12386 2071 10 0 0 8 12 0 0 0 0 0 15 0 0 0 0 0 0 0 13 10 0 0 0 13 0 0 0 0 0 0 0 15 
P12386 2071 11 21 19 11 13 8 0 16 0 0 0 4 0 2 0 4 0 14 0 0 0 5 4 0 0 16 0 0 0 0 0 -999 
P12386 2071 12 8 10 12 11 0 33 0 0 12 17 0 14 18 0 0 0 0 0 0 0 0 0 8 16 10 17 12 0 3 0 13 
P12386 2072 1 0 16 5 0 0 8 10 0 0 0 0 2 0 0 0 0 0 5 0 0 0 2 0 0 0 7 16 0 5 0 0 
P12386 2072 2 0 0 32 21 14 0 15 0 0 0 0 0 0 0 0 5 0 6 31 0 0 18 9 0 0 0 0 7 -999 -999 -999 
P12386 2072 3 0 0 0 0 0 0 0 0 0 0 0 5 0 0 0 12 0 0 0 0 16 19 26 22 18 24 30 0 24 17 12 
P12386 2072 4 0 0 0 16 0 16 5 0 0 0 0 0 7 0 0 0 6 0 2 0 0 0 11 0 0 4 0 0 0 0 -999 
P12386 2072 5 0 14 0 0 0 24 0 11 0 0 12 0 0 0 0 0 0 23 0 12 0 0 13 9 0 0 4 10 0 0 18 
P12386 2072 6 10 9 0 13 0 23 0 0 0 23 17 0 14 0 17 0 0 17 15 0 0 0 0 14 0 0 0 0 7 9 -999 
P12386 2072 7 0 0 0 0 0 0 0 0 0 0 0 0 18 0 0 0 0 0 0 0 14 0 0 0 0 0 11 0 0 0 0 
P12386 2072 8 0 18 0 0 0 0 0 16 0 0 0 17 0 0 24 0 0 0 0 0 0 0 8 0 0 19 0 0 0 0 0 
P12386 2072 9 0 0 0 0 0 0 0 0 0 24 10 0 0 0 0 0 20 0 14 0 26 18 0 0 18 0 0 0 0 0 -999 
P12386 2072 10 0 5 0 0 0 0 0 11 0 0 0 0 0 0 11 0 0 0 12 4 0 7 0 0 0 0 0 0 0 0 9 
P12386 2072 11 0 0 0 17 0 0 13 0 0 0 0 0 0 13 0 0 0 0 0 0 12 10 0 0 6 4 7 0 0 0 -999 
P12386 2072 12 0 0 0 0 0 0 0 0 0 0 0 0 0 6 0 0 15 0 14 17 26 20 0 6 11 33 19 0 5 0 9 
P12386 2073 1 0 0 0 0 0 0 2 0 0 0 0 0 0 0 0 0 0 0 10 20 20 0 0 0 0 0 0 0 0 0 0 
P12386 2073 2 0 0 15 17 17 16 0 5 0 3 0 0 0 0 0 0 0 0 0 0 2 0 0 0 0 0 0 16 -999 -999 -999 
P12386 2073 3 41 47 0 0 12 0 10 15 22 26 13 0 0 0 0 0 16 0 0 11 21 29 0 8 7 7 17 28 31 36 0 
P12386 2073 4 0 0 0 0 0 20 26 18 13 0 0 0 0 0 0 0 0 0 0 16 16 0 17 0 53 30 0 21 13 9 -999 
P12386 2073 5 0 10 10 0 12 0 17 0 10 0 0 0 0 51 26 14 0 0 0 0 10 0 0 0 0 0 0 0 0 0 0 
P12386 2073 6 0 0 0 0 17 0 0 0 14 0 0 0 0 0 0 0 0 0 0 0 33 30 38 0 0 0 0 0 23 0 -999 
P12386 2073 7 0 16 0 19 0 0 11 0 0 0 16 12 0 0 0 0 17 17 0 0 0 0 19 0 0 17 0 0 25 0 0 
P12386 2073 8 0 0 0 0 0 0 0 0 0 0 0 0 0 17 0 30 0 0 10 0 0 0 0 0 0 0 0 12 0 0 0 
P12386 2073 9 15 12 0 0 13 0 0 0 15 0 0 0 0 0 0 0 0 11 6 4 4 0 0 16 0 0 0 0 0 0 -999 
P12386 2073 10 5 0 0 0 0 0 0 0 11 0 0 0 0 0 0 0 0 0 0 0 0 0 0 0 0 0 0 0 0 0 8 
P12386 2073 11 10 0 0 0 0 0 0 0 0 0 7 0 0 7 0 0 0 0 0 31 18 17 17 0 12 17 0 0 0 0 -999 
P12386 2073 12 3 0 0 4 0 0 0 7 0 7 0 0 0 0 0 0 0 0 9 17 0 0 0 6 0 0 0 11 0 22 42 
P12386 2074 1 27 16 14 20 32 79 48 0 22 23 26 24 0 15 0 0 3 0 0 0 0 0 0 0 0 0 0 0 0 4 2 
P12386 2074 2 10 0 0 9 0 0 6 7 5 15 0 10 0 29 36 16 19 0 12 14 0 0 14 0 0 0 30 29 -999 -999 -999 
P12386 2074 3 20 12 0 9 0 13 0 38 21 0 0 7 0 0 0 0 0 0 0 0 0 9 0 0 0 8 0 0 5 7 0 
P12386 2074 4 0 0 0 0 0 0 5 11 0 0 0 0 0 26 23 30 12 0 0 15 0 8 9 7 0 0 15 14 25 0 -999 
P12386 2074 5 30 0 31 27 0 13 0 0 0 22 22 31 15 12 22 0 0 20 0 0 0 16 0 0 0 0 0 0 0 0 20 
P12386 2074 6 0 0 0 0 0 0 0 0 0 0 0 0 10 0 0 0 10 0 23 16 11 0 0 13 13 18 0 19 0 0 -999 
P12386 2074 7 0 0 0 0 0 0 0 0 0 0 25 0 0 0 0 0 0 0 0 0 0 0 12 0 0 0 0 0 0 0 0 
P12386 2074 8 0 18 0 19 0 0 14 0 0 0 0 0 0 0 0 0 0 0 0 0 0 0 13 0 0 0 0 0 11 12 12 
P12386 2074 9 0 15 0 16 0 0 0 0 0 10 0 0 0 0 0 0 0 0 8 0 0 0 0 9 0 0 0 0 0 0 -999 
P12386 2074 10 0 11 0 0 0 0 0 0 0 0 0 0 0 11 12 0 0 0 0 18 16 25 36 19 11 0 3 0 0 0 0 
P12386 2074 11 0 0 0 0 0 5 0 0 0 0 0 0 10 0 0 0 7 4 4 6 0 0 0 8 6 0 0 0 7 0 -999 
P12386 2074 12 0 0 0 6 5 0 0 0 0 0 10 20 19 0 13 0 0 0 2 0 11 0 0 0 0 0 0 0 0 5 0 
P12386 2075 1 0 0 0 0 0 5 5 0 0 7 0 0 7 0 4 5 0 0 5 0 0 0 0 0 0 4 0 5 0 0 4 
P12386 2075 2 0 8 0 0 0 15 11 14 0 15 17 22 19 0 6 0 0 0 0 15 0 0 0 9 12 17 0 0 -999 -999 -999 
P12386 2075 3 0 16 0 0 4 0 0 0 7 0 11 0 0 6 0 0 0 12 22 19 0 22 21 33 0 0 0 0 0 0 8 
P12386 2075 4 0 0 19 0 0 22 29 42 32 0 0 0 0 0 0 6 6 11 27 29 21 22 24 0 9 17 0 18 0 15 -999 
P12386 2075 5 0 0 0 38 0 19 13 0 0 0 0 0 0 20 0 0 0 0 0 11 0 0 0 13 0 12 0 0 13 10 0 
P12386 2075 6 0 23 0 28 15 0 0 0 0 0 0 0 0 23 0 0 18 19 0 0 0 0 0 0 0 0 0 0 0 0 -999 
P12386 2075 7 0 14 0 15 0 0 0 12 0 0 0 0 0 0 0 0 0 22 17 9 9 0 0 0 23 0 0 0 0 11 0 
P12386 2075 8 0 0 0 15 16 0 0 0 17 15 20 0 0 20 0 0 0 14 17 0 0 0 0 0 0 16 0 0 0 0 0 
P12386 2075 9 0 0 0 0 0 0 0 0 0 0 0 0 0 0 0 0 0 0 0 0 0 0 0 0 0 0 10 0 12 0 -999 
P12386 2075 10 0 0 19 19 19 0 15 0 17 0 0 0 0 12 0 0 0 0 0 0 0 0 0 0 0 0 0 0 0 14 0 
P12386 2075 11 0 15 10 0 0 27 0 0 0 0 0 0 0 0 24 0 0 0 12 0 0 0 6 0 0 0 0 0 0 0 -999 
P12386 2075 12 0 5 0 0 9 7 9 15 20 0 0 0 11 0 15 0 15 8 7 7 0 0 0 0 0 0 0 0 0 0 0 
P12386 2076 1 0 0 3 0 0 0 0 0 0 8 0 0 0 0 0 0 0 4 0 0 0 4 0 4 0 0 0 0 0 0 0 
P12386 2076 2 8 10 5 0 0 8 0 0 2 0 0 0 0 0 0 0 0 0 0 0 0 0 0 5 10 16 28 0 -999 -999 -999 
P12386 2076 3 0 0 0 0 0 17 0 18 0 14 16 0 8 0 0 0 0 0 0 0 11 14 17 14 12 0 13 0 0 0 0 
P12386 2076 4 0 0 0 0 0 0 0 0 0 0 0 12 29 0 19 21 16 0 27 0 0 0 20 0 17 0 27 16 0 0 -999 
P12386 2076 5 17 37 21 0 14 0 0 0 0 0 10 0 15 0 0 0 13 0 0 23 0 0 0 18 15 0 0 0 0 0 0 
P12386 2076 6 0 0 0 19 0 0 0 0 0 0 0 0 0 15 0 0 0 13 0 20 30 14 0 0 0 0 0 0 0 0 -999 
P12386 2076 7 0 0 0 0 0 12 17 0 0 0 0 0 0 16 0 0 0 0 0 0 0 0 0 0 0 12 0 0 0 0 0 
P12386 2076 8 0 0 0 0 0 0 0 0 0 0 0 0 14 0 26 21 0 12 0 0 0 0 10 13 0 0 0 0 22 18 25 
P12386 2076 9 0 0 0 0 0 0 0 7 0 0 0 0 0 0 0 7 7 0 0 0 0 0 12 0 0 0 0 0 0 0 -999 
P12386 2076 10 10 0 14 0 14 0 0 0 0 0 0 8 0 0 0 0 0 0 9 0 0 0 0 0 0 0 10 0 0 0 6 
P12386 2076 11 7 0 0 0 0 0 0 0 9 10 0 0 0 10 0 7 0 0 20 48 0 42 23 0 0 0 0 17 0 0 -999 
P12386 2076 12 19 0 0 0 8 0 0 6 11 16 0 10 0 9 7 0 0 7 0 0 0 0 0 0 0 0 8 0 7 0 0 
P12386 2077 1 0 0 0 0 0 0 0 0 0 7 0 0 0 0 4 0 0 0 0 0 0 5 0 0 0 0 7 0 0 0 13 
P12386 2077 2 12 0 0 15 14 0 0 8 0 0 18 11 6 6 0 17 0 19 11 0 0 0 0 0 15 0 0 0 -999 -999 -999 
P12386 2077 3 0 0 0 0 16 33 0 30 14 14 17 13 0 0 0 0 11 0 21 0 24 0 22 26 0 0 0 0 0 0 0 
P12386 2077 4 0 15 14 0 0 0 0 0 0 9 9 0 0 15 0 19 0 18 15 0 20 11 6 7 7 0 18 12 6 0 -999 
P12386 2077 5 15 0 0 17 0 0 0 0 0 40 0 0 0 0 0 14 0 14 15 0 12 0 0 0 0 0 0 0 0 0 0 
P12386 2077 6 0 0 0 0 0 18 18 0 25 0 0 0 15 23 0 0 0 0 0 0 0 0 0 0 0 0 20 0 0 0 -999 
P12386 2077 7 0 0 0 20 0 0 29 0 0 21 0 0 20 0 0 0 0 0 0 0 11 16 0 25 0 16 0 0 0 19 0 
P12386 2077 8 0 19 0 0 0 0 30 0 17 0 28 0 0 0 0 0 0 0 17 19 17 15 0 16 0 0 18 0 0 0 16 
P12386 2077 9 18 0 23 18 0 0 0 0 15 0 11 0 0 17 0 9 0 0 0 0 0 0 15 0 0 10 0 0 0 0 -999 
P12386 2077 10 0 0 0 0 0 0 0 0 0 0 14 11 0 0 0 0 0 13 0 0 0 21 22 0 16 0 0 0 13 0 0 
P12386 2077 11 19 22 0 19 13 0 0 0 18 16 0 10 0 0 0 0 0 0 0 13 12 8 0 9 3 0 0 6 0 0 -999 
P12386 2077 12 0 0 11 0 11 0 0 22 0 0 21 0 0 0 0 0 10 0 0 0 0 0 0 0 0 0 0 11 0 0 10 
P12386 2078 1 0 37 33 18 9 14 0 0 12 19 0 0 0 11 8 0 10 20 0 9 0 0 0 0 7 0 0 0 8 0 4 
P12386 2078 2 0 0 0 7 0 3 0 0 0 0 0 0 0 0 0 0 0 0 5 0 0 4 8 8 14 30 0 0 -999 -999 -999 
P12386 2078 3 0 5 0 0 0 0 0 0 0 11 0 9 10 0 0 32 25 26 33 43 31 0 15 23 0 33 47 0 14 0 0 
P12386 2078 4 0 19 0 9 0 0 22 0 0 0 18 21 16 16 19 13 0 0 0 10 10 0 0 17 0 22 0 10 0 0 -999 
P12386 2078 5 0 34 37 19 18 0 10 0 0 15 18 22 0 22 15 19 0 0 12 0 7 0 0 0 11 0 0 16 19 0 0 
P12386 2078 6 0 18 0 16 0 36 0 0 14 0 0 0 13 0 16 0 0 0 12 15 0 0 0 0 0 19 0 0 0 0 -999 
P12386 2078 7 0 0 0 0 0 14 16 0 0 0 0 0 0 13 0 15 0 0 0 27 23 0 0 0 0 12 0 0 0 21 0 
P12386 2078 8 0 0 14 0 0 0 0 19 19 0 0 0 0 0 19 0 0 19 0 0 0 0 0 18 0 0 0 0 0 0 0 
P12386 2078 9 0 9 0 15 0 15 0 0 0 0 0 0 0 0 17 0 0 16 0 0 0 0 0 0 0 0 0 0 0 0 -999 
P12386 2078 10 0 0 0 7 0 0 0 0 0 0 0 0 8 12 0 0 15 0 0 15 11 9 5 6 8 0 0 0 8 0 0 
P12386 2078 11 0 0 0 3 0 0 0 0 0 0 0 0 0 9 0 0 12 13 0 0 0 0 0 0 0 0 6 4 0 0 -999 
P12386 2078 12 0 0 0 0 0 0 0 0 0 0 0 17 0 0 0 0 0 0 0 0 0 0 0 0 0 0 0 39 0 15 20 
P12386 2079 1 0 0 0 0 0 0 0 0 0 0 4 0 0 0 0 0 5 0 0 0 0 2 0 0 0 0 0 0 8 0 0 
P12386 2079 2 0 0 0 4 0 5 0 0 0 0 0 0 0 8 0 0 0 0 0 0 6 0 0 0 0 0 0 9 -999 -999 -999 
P12386 2079 3 0 16 0 7 7 0 0 0 0 0 0 0 0 0 0 0 0 0 0 0 13 0 0 15 16 24 0 0 0 0 12 
P12386 2079 4 14 0 0 36 0 13 14 22 0 0 14 0 31 0 0 15 0 0 0 0 26 14 14 0 0 17 10 5 0 0 -999 
P12386 2079 5 0 17 0 0 28 0 0 15 13 12 15 12 0 0 0 0 8 0 0 0 17 0 24 0 0 0 0 0 13 0 0 
P12386 2079 6 0 0 0 13 0 0 0 0 15 0 0 0 0 0 0 0 14 0 11 0 0 0 0 0 0 0 0 0 16 0 -999 
P12386 2079 7 0 0 7 0 0 14 0 0 0 0 0 0 0 0 21 23 0 0 0 0 23 0 0 0 0 0 0 0 0 0 0 
P12386 2079 8 15 0 0 0 0 0 0 0 0 0 0 11 0 14 0 0 0 0 0 0 0 0 0 0 0 0 0 0 0 0 0 
P12386 2079 9 0 0 0 0 0 0 0 0 0 0 11 0 0 0 0 0 0 9 8 10 0 0 9 11 0 0 0 0 0 0 -999 
P12386 2079 10 0 0 8 7 0 0 0 0 0 0 0 0 0 11 0 0 9 0 0 0 0 7 0 10 0 14 0 0 0 0 0 
P12386 2079 11 9 0 0 0 0 0 8 0 0 0 0 0 0 10 0 19 23 0 0 0 10 0 0 9 0 0 0 5 2 0 -999 
P12386 2079 12 0 11 15 0 0 12 0 14 0 0 0 6 0 0 0 0 0 0 0 0 0 0 0 0 0 0 0 0 0 2 0 
P12386 2080 1 0 0 0 0 0 0 0 0 0 0 0 7 5 0 0 0 4 0 0 0 0 0 0 6 0 4 3 0 18 0 0 
P12386 2080 2 13 0 0 0 0 0 0 7 0 0 0 23 26 16 0 7 9 0 14 16 30 0 10 0 0 0 0 0 -999 -999 -999 
P12386 2080 3 14 0 0 0 16 0 0 22 0 39 25 18 0 0 0 0 0 0 0 0 4 0 7 0 0 11 0 0 13 0 18 
P12386 2080 4 7 0 0 0 0 0 9 0 34 31 22 30 0 18 0 11 0 13 16 0 20 22 24 29 31 0 19 18 0 0 -999 
P12386 2080 5 0 0 0 0 0 15 0 20 0 22 18 0 0 0 0 27 0 18 0 0 24 28 27 0 21 0 19 22 0 0 0 
P12386 2080 6 39 19 0 0 0 29 0 0 0 13 0 0 15 13 0 0 0 0 0 25 0 0 0 12 9 14 0 26 0 0 -999 
P12386 2080 7 0 0 0 0 0 11 0 0 0 21 0 0 0 0 0 0 17 0 0 22 0 17 13 0 9 0 0 0 0 0 0 
P12386 2080 8 0 0 0 0 0 0 0 0 0 0 17 0 0 0 12 0 0 0 0 0 0 0 0 0 0 12 0 0 18 0 0 
P12386 2080 9 0 0 0 0 0 0 0 0 0 0 22 21 19 0 0 15 0 0 13 0 10 0 0 0 0 0 0 0 0 0 -999 
P12386 2080 10 0 15 0 14 12 10 0 16 0 10 5 9 9 6 0 7 0 0 5 6 8 0 0 0 0 0 3 0 9 0 0 
P12386 2080 11 0 7 8 5 0 0 0 0 0 14 0 0 0 0 12 0 0 0 10 0 16 0 0 0 0 0 0 0 4 0 -999 
P12386 2080 12 11 10 16 0 0 5 0 0 0 0 0 0 0 0 0 0 0 0 0 0 0 0 0 0 0 0 0 0 8 9 7 
P12386 2081 1 0 0 17 0 0 0 0 0 0 0 0 0 0 0 0 0 0 0 0 0 8 10 18 0 0 7 0 0 2 0 0 
P12386 2081 2 0 0 6 0 6 0 12 0 0 0 0 0 4 3 0 0 0 6 9 0 0 5 6 27 22 0 0 0 -999 -999 -999 
P12386 2081 3 13 0 12 0 0 0 11 8 0 21 0 19 15 0 16 0 0 20 0 9 9 22 19 10 0 0 0 0 0 25 0 
P12386 2081 4 0 6 0 5 8 10 0 0 0 0 12 0 0 10 16 14 0 0 0 0 18 20 0 0 15 12 0 14 0 20 -999 
P12386 2081 5 0 21 0 0 24 0 0 0 0 0 21 0 19 36 0 21 0 0 0 0 17 16 0 0 0 10 0 0 0 26 0 
P12386 2081 6 22 0 0 0 0 0 0 13 0 0 0 21 0 0 19 0 0 17 0 19 0 0 0 0 0 0 20 0 0 24 -999 
P12386 2081 7 23 23 0 0 15 13 0 0 0 0 0 0 0 24 12 0 0 0 0 0 0 0 13 0 0 0 0 0 21 0 0 
P12386 2081 8 0 0 0 0 18 0 0 0 0 0 0 16 0 0 0 0 0 14 16 0 13 0 0 0 0 0 0 0 0 0 0 
P12386 2081 9 0 0 0 12 0 0 0 0 0 0 0 0 0 0 0 0 0 0 0 0 0 0 12 13 0 6 0 0 0 0 -999 
P12386 2081 10 0 11 13 17 0 0 0 0 0 0 16 0 0 0 7 0 0 0 0 0 0 0 0 0 0 0 9 0 10 12 0 
P12386 2081 11 0 0 0 8 0 0 0 3 0 0 0 0 0 0 0 0 20 27 0 0 0 6 3 4 13 0 0 0 0 10 -999 
P12386 2081 12 15 7 12 13 0 13 17 13 15 13 16 22 37 38 0 8 9 13 0 0 0 0 0 0 0 0 0 0 0 0 0 
P12386 2082 1 7 13 0 0 16 0 0 13 0 0 0 0 12 0 0 0 0 18 0 6 0 0 0 0 0 3 12 14 0 0 0 
P12386 2082 2 0 0 0 0 0 0 0 0 0 0 6 0 0 5 0 0 0 0 0 12 0 4 0 0 0 17 0 10 -999 -999 -999 
P12386 2082 3 0 0 36 23 0 19 0 12 0 0 0 0 0 11 22 0 7 0 0 0 0 0 0 12 17 0 0 0 12 0 0 
P12386 2082 4 8 0 0 0 0 0 0 12 0 0 0 5 0 0 13 16 21 0 12 12 0 0 0 0 0 0 0 0 0 0 -999 
P12386 2082 5 0 0 17 0 0 12 0 17 23 0 0 0 0 18 17 0 19 23 0 25 0 0 0 0 0 0 0 0 0 0 0 
P12386 2082 6 0 18 0 19 0 12 0 0 17 0 0 0 25 0 21 0 0 0 0 0 22 0 15 0 17 0 0 0 16 13 -999 
P12386 2082 7 0 0 0 0 0 0 0 0 0 0 0 0 0 0 0 0 0 18 0 0 0 0 0 0 0 0 0 10 15 0 0 
P12386 2082 8 0 0 0 0 0 0 0 0 0 0 0 17 0 18 0 0 0 0 0 0 0 0 15 0 14 14 0 0 9 0 0 
P12386 2082 9 11 0 8 0 0 0 0 0 0 0 0 16 0 0 0 0 0 0 0 0 14 10 0 0 0 13 0 0 15 0 -999 
P12386 2082 10 0 0 20 18 0 0 0 0 0 0 0 0 0 0 0 0 0 5 8 0 0 9 13 0 0 0 0 0 5 11 0 
P12386 2082 11 0 11 11 0 0 20 16 0 0 0 9 0 0 0 12 12 35 33 0 0 0 0 0 0 5 0 0 0 0 1 -999 
P12386 2082 12 0 9 7 0 0 0 0 0 0 0 0 0 5 0 9 0 11 0 17 0 0 0 0 0 0 0 0 0 0 0 0 
P12386 2083 1 10 16 0 16 0 0 0 0 0 0 9 0 0 0 5 9 0 12 17 0 0 0 0 0 0 0 0 8 20 0 0 
P12386 2083 2 0 0 26 20 0 6 0 13 9 0 0 13 16 18 0 9 13 21 35 16 15 0 15 0 35 36 13 0 -999 -999 -999 
P12386 2083 3 0 0 0 10 0 0 0 0 8 0 0 8 0 0 0 25 24 17 13 16 17 0 29 38 22 0 21 0 0 0 0 
P12386 2083 4 9 0 0 0 0 0 23 0 0 0 7 0 0 0 0 0 20 0 0 0 0 15 16 0 0 0 18 16 0 0 -999 
P12386 2083 5 16 0 0 15 0 0 33 32 20 0 0 38 0 13 0 23 16 16 14 13 17 0 15 24 24 23 12 0 0 19 31 
P12386 2083 6 28 0 0 0 13 18 0 0 0 25 19 0 0 0 0 0 17 0 0 0 0 0 0 0 0 0 0 0 0 27 -999 
P12386 2083 7 0 0 0 0 0 0 0 0 0 0 0 0 0 0 19 0 0 0 0 0 0 24 0 16 0 10 0 0 20 0 0 
P12386 2083 8 0 0 11 0 0 13 0 0 0 0 0 0 19 0 20 0 0 0 0 15 0 0 0 0 0 0 15 0 0 0 0 
P12386 2083 9 0 0 9 15 0 0 8 0 0 9 11 0 14 0 0 21 0 0 0 0 12 0 0 0 10 0 7 7 0 0 -999 
P12386 2083 10 0 0 0 0 0 21 23 0 0 13 0 14 0 21 0 0 13 10 0 15 0 0 21 19 0 0 0 0 0 0 15 
P12386 2083 11 0 6 0 12 13 0 10 0 6 0 0 14 11 0 6 0 0 14 0 0 0 0 0 0 0 7 0 0 0 0 -999 
P12386 2083 12 35 0 10 0 0 0 3 5 8 5 0 0 0 0 15 0 0 0 0 3 0 0 0 0 0 0 0 0 2 6 0 
P12386 2084 1 0 0 9 0 4 0 0 0 0 0 0 0 3 0 0 0 9 0 0 9 0 15 14 11 0 18 15 0 6 12 11 
P12386 2084 2 0 3 0 0 0 4 12 7 11 0 0 0 0 0 0 0 0 0 0 0 0 0 0 0 6 0 0 0 -999 -999 -999 
P12386 2084 3 0 6 0 0 0 0 0 0 0 0 0 0 0 0 12 18 39 22 0 10 0 0 8 0 0 0 11 12 0 0 17 
P12386 2084 4 15 13 0 0 0 28 0 0 13 13 18 24 0 0 13 0 0 0 10 0 0 17 0 0 0 8 0 0 28 0 -999 
P12386 2084 5 15 0 0 0 0 0 17 0 0 0 0 0 0 21 0 0 15 0 19 0 0 0 0 17 0 0 23 31 29 0 0 
P12386 2084 6 0 0 12 0 17 15 0 12 13 18 0 0 6 0 0 0 0 0 0 0 0 0 0 0 0 11 12 0 16 0 -999 
P12386 2084 7 0 0 0 18 0 0 0 21 0 0 0 0 0 0 0 0 0 0 0 17 20 0 0 0 0 0 0 0 0 13 12 
P12386 2084 8 0 17 0 19 0 0 0 0 23 14 17 0 0 0 0 0 0 0 0 0 0 0 0 0 0 0 0 0 0 0 0 
P12386 2084 9 0 0 11 0 0 0 16 0 0 0 0 0 0 0 20 18 0 11 0 0 17 0 0 0 0 0 7 7 7 0 -999 
P12386 2084 10 0 0 0 13 7 0 0 8 11 7 0 0 0 8 0 0 0 0 0 0 8 0 0 0 0 0 0 0 14 0 0 
P12386 2084 11 5 0 18 0 13 0 0 18 15 24 11 0 0 10 0 19 0 11 0 0 0 0 0 0 0 0 0 11 14 0 -999 
P12386 2084 12 0 0 0 0 0 0 4 0 0 5 0 12 11 11 4 0 0 0 0 0 0 0 0 0 0 0 0 3 0 2 2 
P12386 2085 1 0 0 0 0 0 7 0 0 0 0 2 0 0 0 0 3 6 0 0 0 3 0 8 28 0 0 0 5 4 0 0 
P12386 2085 2 0 0 0 0 10 23 0 16 11 13 25 16 10 0 4 0 0 0 0 0 0 0 0 0 0 0 0 0 -999 -999 -999 
P12386 2085 3 0 0 0 0 0 0 0 0 13 0 20 19 23 0 12 16 0 0 0 0 0 7 0 0 0 0 5 5 0 0 3 
P12386 2085 4 0 0 0 0 0 0 0 14 0 0 20 29 0 0 19 19 26 21 17 0 0 5 0 3 10 0 0 0 0 18 -999 
P12386 2085 5 0 0 12 0 19 0 0 0 21 18 0 16 15 0 0 10 8 0 0 0 0 0 0 0 0 0 22 12 0 0 0 
P12386 2085 6 0 0 0 0 0 0 0 0 0 0 0 22 0 11 0 11 14 0 0 16 17 18 14 0 18 0 0 0 0 0 -999 
P12386 2085 7 0 0 0 0 0 0 0 0 17 0 0 0 0 0 0 0 0 0 0 0 21 0 12 0 0 11 0 0 0 0 0 
P12386 2085 8 0 0 0 0 0 0 0 0 0 0 14 0 0 15 0 0 0 0 0 0 0 0 0 0 0 0 0 0 0 0 0 
P12386 2085 9 0 0 0 19 23 0 16 0 0 0 16 18 0 0 0 0 0 7 0 0 0 0 0 0 0 0 0 0 0 0 -999 
P12386 2085 10 0 0 13 14 0 0 0 18 0 10 14 0 0 0 21 0 10 9 4 0 0 0 0 0 0 0 15 0 0 0 0 
P12386 2085 11 0 9 0 0 0 0 0 10 0 0 0 0 0 10 0 9 14 13 6 8 0 0 0 0 0 3 0 12 9 0 -999 
P12386 2085 12 10 12 6 0 0 22 37 0 0 0 0 0 0 0 0 0 11 0 0 0 0 0 17 0 0 0 0 0 0 0 4 
P12386 2086 1 0 0 4 0 8 0 0 0 0 0 5 5 8 11 0 0 6 23 14 0 0 0 0 0 0 0 0 0 0 0 8 
P12386 2086 2 11 12 15 13 10 0 0 36 25 0 0 0 21 23 0 0 16 0 0 0 0 0 0 0 0 3 0 0 -999 -999 -999 
P12386 2086 3 0 0 0 0 0 4 0 0 0 0 0 0 0 10 0 0 0 0 0 0 0 7 9 5 4 0 0 10 10 12 0 
P12386 2086 4 0 0 0 7 9 0 25 33 0 0 0 0 13 0 27 15 0 0 11 8 0 0 9 11 0 0 30 27 18 0 -999 
P12386 2086 5 0 18 0 16 0 21 0 24 14 0 0 12 0 0 0 0 0 0 0 0 15 10 0 9 0 0 0 0 0 0 14 
P12386 2086 6 0 0 11 14 0 0 0 0 0 0 0 0 14 0 0 0 0 0 0 0 0 0 0 13 15 0 0 0 0 0 -999 
P12386 2086 7 0 0 0 19 0 0 0 0 0 23 0 0 17 0 0 0 0 0 13 0 0 0 0 0 0 0 0 26 0 0 25 
P12386 2086 8 0 0 0 0 0 16 0 0 0 0 0 0 0 18 0 0 20 0 0 0 0 0 0 0 0 0 0 0 0 0 0 
P12386 2086 9 12 0 0 0 0 0 0 8 0 0 0 0 23 20 15 0 16 0 0 0 0 0 0 0 0 13 0 0 0 0 -999 
P12386 2086 10 0 0 0 0 0 0 6 0 8 0 0 19 11 7 6 0 0 0 0 9 0 0 7 0 0 0 6 5 0 0 10 
P12386 2086 11 0 8 13 0 13 16 18 0 0 16 20 63 0 21 0 0 0 0 0 27 19 26 0 0 0 0 0 0 0 0 -999 
P12386 2086 12 2 0 7 0 0 0 0 0 0 0 0 0 0 0 0 0 0 0 0 27 28 14 17 0 0 0 20 5 0 0 0 
P12386 2087 1 0 0 0 6 7 0 13 0 48 37 15 0 0 0 0 5 5 8 0 0 0 0 0 0 0 0 0 0 10 0 13 
P12386 2087 2 12 15 0 0 0 0 0 0 0 0 0 5 0 0 0 14 12 0 0 0 0 0 0 0 0 10 0 22 -999 -999 -999 
P12386 2087 3 0 24 0 8 0 0 14 24 19 0 26 24 0 0 0 17 0 0 0 15 0 31 52 0 22 21 16 0 0 0 0 
P12386 2087 4 12 0 7 7 0 0 0 0 0 8 13 0 0 0 0 0 0 26 0 0 0 13 0 0 13 15 0 0 0 0 -999 
P12386 2087 5 0 0 20 0 0 16 19 0 15 0 0 0 0 0 0 0 0 0 0 0 0 0 0 0 22 26 0 23 0 0 0 
P12386 2087 6 13 0 0 0 0 0 0 0 0 0 0 0 0 0 0 11 0 0 24 0 0 0 0 0 0 0 25 0 0 0 -999 
P12386 2087 7 14 19 21 0 0 0 0 0 0 0 8 0 0 0 0 0 0 0 0 0 0 0 0 0 13 0 0 16 18 18 0 
P12386 2087 8 0 0 0 0 0 0 0 0 0 0 0 0 0 0 0 0 0 0 0 0 0 13 0 0 0 0 0 0 0 0 0 
P12386 2087 9 0 0 0 0 0 0 6 0 0 11 14 0 0 0 0 0 13 0 18 0 0 0 0 0 0 0 0 0 9 0 -999 
P12386 2087 10 0 10 0 22 16 13 0 0 4 0 0 16 0 0 0 4 0 0 9 0 0 0 0 0 0 0 0 0 0 0 0 
P12386 2087 11 0 0 0 0 0 0 0 0 0 0 0 0 0 0 0 0 0 0 0 5 0 4 0 0 0 0 0 0 0 0 -999 
P12386 2087 12 0 0 14 18 0 0 3 0 0 0 0 0 0 0 0 0 0 0 5 4 0 0 0 11 0 0 19 18 0 0 0 
P12386 2088 1 2 0 0 0 0 0 0 0 0 0 0 0 0 0 0 0 0 0 0 0 0 0 0 4 0 0 0 0 0 0 0 
P12386 2088 2 0 7 0 0 0 0 23 0 24 12 0 0 3 0 0 0 7 8 11 0 0 0 0 11 0 0 16 12 -999 -999 -999 
P12386 2088 3 0 0 0 13 20 16 9 0 0 0 0 7 0 0 0 0 0 0 11 17 17 0 0 0 0 16 0 17 5 0 0 
P12386 2088 4 0 0 10 14 20 0 20 14 18 20 24 0 39 0 30 20 18 0 13 0 22 0 0 41 0 0 0 0 0 0 -999 
P12386 2088 5 0 23 0 0 18 0 18 0 0 0 0 18 0 15 18 18 0 17 29 0 0 0 0 0 0 0 8 8 15 19 0 
P12386 2088 6 0 0 0 0 0 0 0 14 14 15 0 0 0 0 0 0 0 0 0 0 0 17 0 0 0 0 17 0 0 0 -999 
P12386 2088 7 0 0 0 0 0 15 0 21 23 0 0 0 0 22 0 0 0 0 0 0 0 18 0 20 0 0 0 0 0 0 0 
P12386 2088 8 0 0 20 0 22 0 0 17 15 0 0 0 0 0 23 0 24 0 0 20 22 0 0 0 0 0 0 0 0 12 0 
P12386 2088 9 28 0 14 0 0 0 16 0 0 0 18 0 0 14 0 0 0 0 8 0 0 0 0 0 0 0 0 0 0 0 -999 
P12386 2088 10 0 0 0 0 0 14 13 0 0 17 16 0 13 0 14 0 0 0 0 0 15 0 12 0 0 15 17 0 7 0 0 
P12386 2088 11 0 0 6 6 0 0 0 0 0 0 0 13 0 0 15 22 0 18 19 0 5 7 9 0 0 0 0 0 9 0 -999 
P12386 2088 12 0 0 0 0 0 0 4 0 5 0 0 0 0 0 6 6 0 0 0 0 8 0 7 0 0 0 0 10 0 0 0 
P12386 2089 1 0 0 0 0 0 0 13 17 20 0 22 20 31 0 11 0 2 0 0 0 0 0 0 0 0 0 0 5 7 6 8 
P12386 2089 2 11 17 23 12 0 15 28 31 42 14 5 0 17 20 0 0 0 0 5 0 0 0 0 0 0 10 8 0 -999 -999 -999 
P12386 2089 3 0 0 21 38 0 12 0 0 16 0 0 7 0 16 24 0 23 53 23 0 9 0 4 11 31 50 0 0 10 19 23 
P12386 2089 4 19 16 0 0 0 0 0 0 0 0 0 0 0 5 0 0 0 10 0 15 28 25 16 11 0 0 17 0 0 0 -999 
P12386 2089 5 27 0 0 0 0 0 0 19 20 0 0 8 0 0 0 0 29 25 11 0 0 0 0 16 19 0 0 0 0 0 15 
P12386 2089 6 0 0 0 0 0 0 0 0 0 0 0 0 0 0 0 0 0 0 0 0 0 0 0 0 13 19 0 0 0 0 -999 
P12386 2089 7 24 0 0 0 0 0 12 0 0 0 0 0 11 16 0 31 0 0 0 0 0 17 0 0 0 0 0 0 0 0 0 
P12386 2089 8 0 0 20 0 15 0 0 22 20 19 0 0 13 15 0 0 0 0 0 0 0 0 0 0 0 0 0 17 0 0 0 
P12386 2089 9 0 0 6 0 0 0 0 0 0 0 0 0 0 11 0 0 0 20 0 0 11 0 0 0 9 0 0 7 0 0 -999 
P12386 2089 10 0 0 0 0 0 0 0 0 9 0 14 0 0 14 0 10 0 0 0 0 10 0 0 0 12 0 0 0 0 0 0 
P12386 2089 11 0 0 13 0 0 0 8 0 0 0 0 0 0 0 13 7 0 6 7 6 0 8 10 16 19 8 4 0 0 0 -999 
P12386 2089 12 10 0 0 0 0 0 13 12 7 0 16 6 0 0 0 0 0 0 5 20 0 0 7 0 0 0 0 0 0 0 0 
P12386 2090 1 0 0 4 0 10 0 7 5 0 0 0 0 0 3 7 0 0 0 0 0 5 5 0 0 0 0 6 0 0 0 0 
P12386 2090 2 0 0 0 0 0 21 23 0 9 14 11 8 4 0 0 9 0 0 0 0 0 0 0 0 0 5 8 0 -999 -999 -999 
P12386 2090 3 0 20 19 0 0 0 0 0 0 0 0 0 0 15 16 18 0 6 13 0 19 0 0 11 0 27 19 0 17 21 0 
P12386 2090 4 0 16 21 29 0 9 19 0 0 9 16 0 9 0 27 31 33 20 0 0 0 4 0 0 0 0 0 0 0 0 -999 
P12386 2090 5 14 0 0 0 0 0 0 0 0 14 0 0 0 0 37 16 18 22 0 22 0 29 32 0 0 0 0 19 0 17 19 
P12386 2090 6 0 0 0 0 0 0 0 0 0 0 0 0 0 0 0 16 0 0 0 0 0 15 0 0 0 0 0 0 0 0 -999 
P12386 2090 7 0 11 0 30 0 0 0 0 15 0 0 0 0 38 0 13 0 20 0 0 0 0 0 0 14 14 18 18 0 0 19 
P12386 2090 8 0 19 0 0 11 0 0 0 0 0 13 0 0 0 0 0 0 0 0 11 16 0 0 14 0 0 8 0 0 0 0 
P12386 2090 9 0 0 8 10 0 0 0 0 0 0 0 0 0 17 0 0 0 0 0 0 0 0 11 11 0 0 0 0 0 13 -999 
P12386 2090 10 0 0 0 0 12 0 18 11 0 0 0 0 0 7 0 0 0 14 0 0 5 8 0 0 0 9 10 9 9 10 15 
P12386 2090 11 0 0 9 0 0 0 8 0 5 13 21 0 7 0 0 30 0 12 0 0 0 0 11 9 13 0 0 16 0 0 -999 
P12386 2090 12 0 8 14 0 0 12 18 0 0 0 0 0 0 0 0 0 0 0 0 0 0 5 5 0 11 17 23 16 0 0 0 
P12386 2091 1 0 0 0 0 0 0 0 0 0 0 0 4 0 5 0 0 0 0 11 0 0 0 0 0 0 0 0 0 0 0 0 
P12386 2091 2 0 12 11 5 0 0 0 6 0 0 0 5 0 4 0 0 5 13 64 28 18 12 29 20 0 0 31 16 -999 -999 -999 
P12386 2091 3 10 0 5 3 0 0 0 0 0 0 0 0 0 0 0 0 0 0 11 6 5 0 0 0 0 5 12 0 10 0 10 
P12386 2091 4 0 0 0 0 0 8 18 42 56 62 35 0 0 21 20 18 19 32 43 31 0 0 20 15 0 0 8 0 0 0 -999 
P12386 2091 5 15 0 38 46 31 18 0 0 0 0 0 0 0 0 14 0 10 0 0 0 0 0 0 15 0 16 0 0 0 0 0 
P12386 2091 6 0 23 26 22 19 0 0 11 8 11 0 0 15 22 24 0 0 0 0 0 0 11 0 0 0 0 17 0 0 0 -999 
P12386 2091 7 0 0 0 14 17 0 0 0 0 0 0 0 0 0 0 0 0 26 0 0 0 0 0 0 22 0 0 0 0 0 13 
P12386 2091 8 13 0 0 14 0 0 0 0 16 0 14 15 0 0 0 0 0 0 17 0 0 0 0 19 20 0 0 0 0 0 0 
P12386 2091 9 0 0 11 11 0 0 0 0 0 0 0 0 0 0 0 0 0 0 0 0 25 0 0 0 0 0 12 0 10 0 -999 
P12386 2091 10 0 0 0 0 0 0 0 0 0 0 0 28 18 13 0 0 0 0 0 12 0 0 0 0 0 0 13 20 39 0 16 
P12386 2091 11 24 9 0 0 13 0 13 0 0 8 0 0 0 19 0 14 5 0 0 0 0 0 10 23 0 0 6 0 0 0 -999 
P12386 2091 12 9 0 0 0 0 0 0 0 0 0 0 0 0 0 0 0 0 0 7 0 0 0 0 0 0 0 0 0 0 0 0 
P12386 2092 1 0 0 0 0 0 0 9 7 0 0 0 13 29 0 8 0 10 0 0 32 20 28 0 0 17 0 16 11 0 13 11 
P12386 2092 2 0 7 0 0 0 13 26 0 0 26 0 0 0 17 21 14 15 10 16 0 0 0 0 0 0 0 9 0 -999 -999 -999 
P12386 2092 3 15 28 0 0 2 0 21 18 13 0 0 0 0 0 27 24 26 17 11 6 14 0 0 23 19 25 0 0 0 0 0 
P12386 2092 4 0 21 0 0 0 0 0 0 0 0 17 0 0 0 0 0 0 0 0 19 18 0 0 22 0 21 0 0 21 20 -999 
P12386 2092 5 25 0 0 0 0 0 19 0 0 0 13 0 0 0 0 12 25 0 0 0 0 13 0 0 0 0 9 0 0 0 0 
P12386 2092 6 0 0 12 0 0 0 0 0 0 0 0 0 0 0 0 0 0 26 0 0 0 18 20 0 0 0 0 0 0 0 -999 
P12386 2092 7 0 0 0 0 0 0 0 0 0 0 0 0 0 0 17 0 0 21 0 0 0 0 0 0 0 17 0 27 0 0 0 
P12386 2092 8 0 16 0 0 19 0 0 0 0 0 0 0 0 0 0 22 0 0 9 0 0 0 0 0 0 0 0 36 0 0 0 
P12386 2092 9 0 0 15 17 0 0 0 0 0 16 20 14 0 9 0 0 0 0 0 0 0 0 10 0 0 0 0 0 13 0 -999 
P12386 2092 10 0 0 0 0 0 0 0 0 13 0 19 0 18 0 0 0 0 0 11 0 0 0 4 6 0 0 0 0 0 0 0 
P12386 2092 11 8 0 0 26 0 0 0 0 0 0 15 0 0 0 14 8 0 8 0 0 0 0 0 13 16 0 0 0 0 0 -999 
P12386 2092 12 0 0 0 0 0 0 11 11 12 13 0 0 0 0 0 9 4 0 7 0 7 8 0 12 0 0 0 8 0 18 12 
P12386 2093 1 32 23 0 0 0 0 7 0 0 0 6 9 8 11 0 0 0 10 23 0 0 0 0 0 0 0 0 12 0 11 13 
P12386 2093 2 13 0 2 0 5 0 6 0 0 0 0 5 0 8 0 0 0 0 15 27 14 0 0 11 7 0 0 0 -999 -999 -999 
P12386 2093 3 0 11 0 49 26 18 0 0 19 22 36 0 21 17 0 0 0 0 0 0 9 0 5 3 6 15 13 16 11 0 11 
P12386 2093 4 0 7 9 0 0 0 6 0 0 0 0 0 0 0 0 0 10 0 7 0 14 23 26 0 18 38 0 19 23 0 -999 
P12386 2093 5 0 0 25 16 0 14 0 0 0 0 0 0 0 0 0 0 13 0 0 13 0 0 21 0 15 15 0 13 8 12 29 
P12386 2093 6 0 18 0 14 0 0 0 0 38 0 0 29 0 0 0 15 14 0 0 0 0 18 0 0 0 0 0 0 0 21 -999 
P12386 2093 7 0 0 0 0 0 0 0 0 0 0 0 0 0 0 0 0 13 0 0 0 19 0 0 0 0 0 0 0 0 0 0 
P12386 2093 8 0 0 0 17 0 0 0 0 28 0 0 0 0 0 0 0 13 0 0 0 12 10 0 0 0 0 0 14 0 19 0 
P12386 2093 9 0 0 0 0 15 0 0 18 0 0 0 0 0 0 18 0 0 0 19 0 0 0 0 0 8 0 0 11 0 0 -999 
P12386 2093 10 0 8 5 0 0 0 16 0 0 0 0 0 0 0 0 21 0 10 6 0 0 0 0 0 0 8 0 0 11 0 7 
P12386 2093 11 0 0 0 0 0 0 0 0 0 0 0 0 0 0 0 0 0 0 0 0 0 0 12 0 0 0 4 0 0 0 -999 
P12386 2093 12 0 0 0 0 0 0 4 0 0 0 0 0 0 4 2 0 0 4 0 0 0 0 0 0 0 0 0 0 0 0 3 
P12386 2094 1 0 8 0 0 0 0 0 0 6 0 0 6 0 0 0 0 8 12 17 21 20 19 0 21 28 21 7 16 18 4 7 
P12386 2094 2 13 13 19 14 0 0 3 3 0 0 0 0 0 0 0 0 0 7 0 0 0 0 4 0 0 0 0 0 -999 -999 -999 
P12386 2094 3 0 0 0 0 0 0 0 0 0 0 0 0 0 0 0 9 14 0 9 12 0 0 16 0 13 0 0 0 0 0 23 
P12386 2094 4 0 18 16 0 0 0 15 0 0 11 18 28 27 0 0 0 0 13 17 0 0 17 0 0 15 0 12 0 0 21 -999 
P12386 2094 5 0 19 0 0 0 0 0 0 0 0 0 15 17 0 0 0 0 12 0 0 0 0 0 0 0 0 0 0 0 0 0 
P12386 2094 6 0 0 11 0 0 0 0 0 0 10 9 0 0 0 0 26 0 0 0 10 9 0 0 0 0 0 0 13 18 0 -999 
P12386 2094 7 0 0 15 0 0 0 0 0 0 0 0 0 0 0 0 0 17 0 0 0 0 0 18 0 0 0 0 0 19 0 0 
P12386 2094 8 0 0 18 0 0 0 0 0 0 0 0 0 0 0 0 0 0 0 0 0 0 0 0 0 0 0 15 0 15 0 0 
P12386 2094 9 0 21 0 0 13 0 12 0 0 0 0 0 0 12 0 0 0 0 0 0 0 0 0 0 8 0 0 13 0 0 -999 
P12386 2094 10 10 0 0 0 12 0 0 0 0 0 0 0 0 0 9 0 15 18 0 24 31 0 21 42 37 18 19 0 0 9 0 
P12386 2094 11 0 0 0 0 0 0 0 0 0 0 0 0 0 14 5 0 0 10 0 0 5 0 0 19 0 12 0 0 22 0 -999 
P12386 2094 12 0 0 0 0 0 0 0 0 0 0 8 0 0 7 0 0 6 6 0 0 7 0 0 0 0 0 0 0 0 9 0 
P12386 2095 1 0 7 7 9 8 5 0 0 10 0 0 0 0 0 0 0 1 0 0 0 0 0 8 13 19 17 0 0 0 0 0 
P12386 2095 2 0 0 12 0 0 0 0 0 4 5 5 0 0 0 0 0 0 7 0 0 0 0 0 0 0 0 0 0 -999 -999 -999 
P12386 2095 3 0 0 0 0 0 0 0 0 0 0 10 0 0 0 0 0 0 0 0 0 0 0 0 0 0 0 32 23 19 0 0 
P12386 2095 4 0 21 25 22 18 12 0 0 7 12 0 0 0 16 20 18 0 15 11 0 22 0 0 20 0 0 0 0 0 0 -999 
P12386 2095 5 0 0 0 0 0 0 0 0 0 9 0 0 0 10 0 0 0 0 0 12 0 0 14 0 0 0 0 0 11 0 13 
P12386 2095 6 0 10 0 9 0 0 0 0 15 14 24 0 0 20 17 0 0 24 0 31 0 0 13 0 0 0 0 0 0 13 -999 
P12386 2095 7 0 0 0 0 0 0 0 0 17 0 19 0 0 0 0 0 0 0 21 0 0 0 0 0 0 0 0 0 0 0 0 
P12386 2095 8 0 0 0 0 0 0 0 0 0 0 0 0 0 0 0 0 0 0 0 0 0 0 13 16 0 0 0 0 0 0 0 
P12386 2095 9 0 8 8 0 0 0 0 0 0 0 0 0 0 0 0 0 0 0 0 0 0 8 0 0 20 0 0 0 13 0 -999 
P12386 2095 10 0 0 7 0 0 0 0 0 8 8 0 12 0 0 0 0 0 0 0 0 0 0 0 16 11 6 0 0 0 0 0 
P12386 2095 11 0 0 0 14 0 0 0 0 0 26 0 0 0 0 0 11 6 0 0 4 0 17 14 33 26 0 0 6 0 0 -999 
P12386 2095 12 0 0 0 0 0 0 0 0 14 17 0 0 0 14 0 36 0 8 5 0 0 0 0 5 0 34 19 0 0 0 0 
P12386 2096 1 0 0 0 7 11 0 0 9 0 0 0 0 0 0 0 0 13 0 1 0 0 0 0 3 2 0 0 0 0 0 0 
P12386 2096 2 0 0 0 0 0 0 0 0 0 0 0 0 0 0 15 0 0 4 0 0 0 0 0 0 0 0 0 0 -999 -999 -999 
P12386 2096 3 12 0 0 0 0 0 0 11 0 0 0 0 0 6 4 0 0 0 0 0 0 18 16 0 0 0 16 0 0 24 22 
P12386 2096 4 0 0 7 7 0 0 0 5 0 0 0 0 0 0 18 29 30 0 41 0 22 0 0 0 0 0 0 0 0 15 -999 
P12386 2096 5 0 18 0 0 17 16 0 0 0 0 0 0 10 9 10 0 0 0 0 0 15 17 0 18 22 21 0 18 0 19 15 
P12386 2096 6 0 0 29 0 0 21 0 12 0 0 14 0 0 0 0 0 0 0 11 12 0 0 20 0 0 0 0 16 0 0 -999 
P12386 2096 7 0 0 0 0 0 0 0 0 24 0 0 0 0 0 0 0 0 0 19 0 0 14 0 0 0 0 21 20 21 0 0 
P12386 2096 8 0 0 0 0 0 0 0 0 0 0 0 0 0 0 0 0 0 0 16 0 0 0 0 0 0 0 0 0 0 19 0 
P12386 2096 9 0 0 0 0 0 0 0 0 0 0 0 16 0 11 0 0 18 12 15 0 0 14 0 13 0 0 0 5 0 0 -999 
P12386 2096 10 18 0 0 0 0 0 0 6 0 0 0 0 0 0 0 0 9 0 25 19 0 0 0 0 0 0 0 0 0 0 0 
P12386 2096 11 0 0 0 0 0 0 0 0 0 0 0 0 5 0 0 0 0 0 5 0 0 0 5 0 6 0 7 0 0 11 -999 
P12386 2096 12 0 0 0 0 8 0 0 0 0 0 0 0 0 6 9 0 0 0 0 0 4 0 5 0 0 0 0 0 0 0 0 
P12386 2097 1 0 14 11 0 0 0 0 0 0 5 0 0 0 0 0 0 0 0 0 0 0 0 0 0 12 17 16 13 8 0 16 
P12386 2097 2 0 0 21 21 0 0 0 0 15 0 0 0 0 0 7 4 2 0 0 0 0 0 0 0 0 0 0 15 -999 -999 -999 
P12386 2097 3 0 14 23 42 0 0 24 21 0 0 0 0 0 0 0 4 0 0 0 0 0 8 10 0 0 0 0 10 14 30 0 
P12386 2097 4 0 0 6 0 0 8 0 16 28 20 35 32 19 0 14 0 9 0 25 22 20 0 0 25 39 22 13 11 0 0 -999 
P12386 2097 5 0 0 11 0 15 0 17 0 9 0 0 0 0 0 0 21 20 18 0 13 0 0 25 24 0 0 0 0 0 0 0 
P12386 2097 6 0 0 0 0 0 0 0 0 0 0 0 0 19 0 0 15 0 0 24 0 24 0 0 0 0 0 0 0 0 0 -999 
P12386 2097 7 0 0 0 0 0 0 0 0 0 0 0 0 23 0 13 14 19 0 0 0 12 0 0 0 0 0 0 0 0 0 0 
P12386 2097 8 0 0 14 0 0 0 0 0 0 0 17 0 0 0 13 0 0 0 0 0 0 15 0 0 0 0 17 20 14 0 14 
P12386 2097 9 0 0 0 0 0 0 17 0 0 27 0 0 0 0 0 0 0 0 0 0 0 0 0 11 14 0 0 0 0 0 -999 
P12386 2097 10 18 0 0 0 0 0 0 0 0 12 0 0 3 0 13 11 0 18 0 0 8 0 13 13 0 0 0 0 0 0 0 
P12386 2097 11 0 0 0 7 0 0 0 0 0 0 0 5 5 0 0 0 0 0 0 0 0 0 0 0 0 0 0 5 5 0 -999 
P12386 2097 12 9 10 0 0 0 0 0 0 0 0 0 0 0 0 0 0 0 0 0 0 0 0 0 4 0 0 0 0 11 0 9 
P12386 2098 1 0 8 0 8 20 0 0 0 0 0 0 0 0 0 0 14 0 4 0 9 0 0 0 8 0 0 6 0 0 0 0 
P12386 2098 2 7 7 0 0 0 0 0 0 0 0 0 9 7 8 8 8 0 7 9 0 9 10 13 0 0 0 0 0 -999 -999 -999 
P12386 2098 3 0 0 0 0 0 0 0 19 0 7 0 6 0 0 0 0 17 0 0 0 6 0 0 0 0 10 18 13 0 0 0 
P12386 2098 4 0 15 0 0 14 0 11 8 0 8 0 0 0 0 0 0 0 0 0 0 0 0 0 0 0 0 3 0 0 0 -999 
P12386 2098 5 0 0 19 0 40 36 20 0 16 24 30 0 28 0 22 0 16 0 0 0 14 0 17 0 0 16 16 0 0 0 0 
P12386 2098 6 0 0 0 0 0 0 0 0 0 0 14 0 15 0 0 0 0 0 0 0 0 12 13 21 25 0 0 0 0 0 -999 
P12386 2098 7 0 0 17 0 0 0 22 0 0 0 0 0 20 0 0 0 0 0 0 0 0 0 0 0 0 0 0 0 0 0 0 
P12386 2098 8 0 23 19 0 0 0 0 21 0 0 0 0 0 0 0 0 16 0 0 0 19 0 0 0 0 0 0 0 20 0 0 
P12386 2098 9 0 17 0 0 0 0 0 0 10 0 0 0 0 0 11 0 0 0 0 0 0 0 10 0 12 0 0 0 0 0 -999 
P12386 2098 10 0 0 0 0 0 0 9 11 10 0 0 8 0 0 0 0 19 0 0 0 0 0 0 0 0 0 0 7 0 0 9 
P12386 2098 11 0 0 0 7 0 0 6 0 0 0 0 0 17 0 0 5 0 0 0 10 0 0 0 0 0 0 0 0 0 0 -999 
P12386 2098 12 0 0 4 0 0 6 0 0 0 0 0 0 0 0 0 0 0 0 6 0 8 0 0 0 0 7 7 0 0 0 0 
P12386 2099 1 0 0 0 0 0 0 2 0 0 0 0 16 28 41 0 0 4 12 0 0 0 5 0 0 0 0 0 1 0 0 0 
P12386 2099 2 0 0 0 0 0 0 0 0 4 2 0 0 0 0 0 6 6 6 7 0 0 11 0 25 26 17 0 10 -999 -999 -999 
P12386 2099 3 0 0 16 21 12 0 0 0 0 0 0 8 0 0 0 19 21 18 0 19 28 0 0 21 27 0 19 0 0 0 21 
P12386 2099 4 33 0 21 0 0 0 6 0 0 0 0 0 5 0 0 0 0 6 0 0 11 0 20 21 0 0 22 0 12 0 -999 
P12386 2099 5 36 0 0 0 0 11 0 0 0 12 0 0 0 0 0 0 19 0 0 21 0 10 0 26 8 0 0 0 0 0 0 
P12386 2099 6 0 0 0 0 0 0 10 0 0 23 23 0 0 17 0 0 0 0 27 22 0 22 19 0 20 0 0 24 0 0 -999 
P12386 2099 7 0 0 0 0 22 0 0 17 0 0 26 0 31 0 0 0 0 18 0 0 0 0 0 0 0 0 0 0 14 0 0 
P12386 2099 8 0 17 0 0 0 0 0 0 0 20 0 0 0 0 0 0 0 14 0 0 17 0 18 16 0 0 0 0 0 0 0 
P12386 2099 9 0 0 18 0 14 0 12 17 0 0 0 0 0 9 0 18 0 11 0 0 0 14 0 14 0 0 0 4 0 0 -999 
P12386 2099 10 0 0 13 0 0 15 0 0 23 0 26 0 0 0 0 0 0 0 0 0 0 0 8 0 0 14 10 0 9 0 0 
P12386 2099 11 0 8 10 0 0 0 0 0 0 0 0 0 0 0 0 9 0 5 7 8 8 0 4 9 0 12 30 29 47 21 -999 
P12386 2099 12 0 0 0 2 0 20 25 0 8 15 17 0 0 0 3 0 0 5 0 0 6 5 0 6 13 16 20 21 10 0 0 
P12386 2100 1 0 0 3 0 0 6 0 0 0 6 0 8 11 11 0 9 0 0 8 0 6 0 0 0 0 0 0 0 0 4 0 
P12386 2100 2 7 0 8 0 3 0 0 0 0 0 0 0 0 0 0 0 8 0 0 30 26 25 0 0 0 0 0 0 -999 -999 -999 
P12386 2100 3 0 13 0 21 0 0 0 0 16 15 0 21 53 32 0 6 0 0 0 0 17 26 35 34 0 25 35 28 0 46 25 
P12386 2100 4 0 19 0 21 0 0 8 10 0 5 0 20 0 0 0 0 0 0 0 19 22 0 0 0 0 0 0 0 16 0 -999 
P12386 2100 5 9 10 16 0 0 0 23 14 0 0 0 9 0 0 0 12 0 27 0 0 0 0 0 19 0 0 0 17 14 17 0 
P12386 2100 6 13 0 0 18 19 14 0 0 0 0 14 18 24 0 0 12 0 0 14 13 12 0 14 0 17 0 0 0 0 0 -999 
P12386 2100 7 0 11 0 13 0 0 0 0 0 0 0 0 0 0 0 15 0 0 0 0 0 0 0 0 22 0 0 0 0 20 0 
P12386 2100 8 0 0 0 0 0 16 14 0 17 0 0 0 0 0 0 0 13 0 0 13 0 0 0 0 0 0 0 0 0 15 0 
P12386 2100 9 0 0 0 0 0 0 0 0 0 13 14 0 0 12 0 0 9 0 14 15 0 0 0 0 12 0 0 14 0 0 -999 
P12386 2100 10 0 0 25 0 0 0 27 0 17 0 19 0 10 9 0 0 8 0 0 0 0 19 36 0 11 0 0 0 5 0 0 
P12386 2100 11 0 8 0 0 0 18 12 0 10 0 0 0 0 14 15 13 10 0 0 9 0 28 0 0 0 0 13 0 0 0 -999 
P12386 2100 12 0 0 0 6 0 0 2 0 3 0 0 0 0 0 3 0 0 0 0 0 0 0 0 10 0 0 0 0 1 0 0 
