precip	MIROC5	RCP60	REGRESION	decimas	1
P5593	38.986	-4.199	182	geo	2006	2100	-1
P5593 2006 1 0 0 0 9 9 0 9 0 0 0 0 77 134 48 35 82 56 55 0 12 0 9 0 0 16 15 0 0 23 30 0 
P5593 2006 2 0 51 27 0 0 0 4 0 0 0 0 25 40 0 35 0 0 6 0 0 15 0 12 9 0 4 7 0 -999 -999 -999 
P5593 2006 3 33 48 66 78 74 79 0 76 44 40 61 0 27 0 0 54 105 94 61 0 39 31 31 22 26 25 0 35 50 33 58 
P5593 2006 4 17 0 0 0 0 0 0 52 9 0 0 0 11 9 10 14 0 0 0 0 0 0 0 16 0 0 49 39 27 0 -999 
P5593 2006 5 23 24 0 0 26 46 17 0 9 0 0 0 0 0 15 0 18 0 0 15 0 0 10 11 0 0 0 0 23 0 0 
P5593 2006 6 0 0 0 0 0 0 0 0 22 0 0 19 18 0 0 0 0 0 12 0 0 0 0 0 0 0 0 0 0 0 -999 
P5593 2006 7 19 18 0 0 0 24 0 23 0 4 0 0 0 0 0 0 0 0 0 0 0 0 0 0 0 0 0 0 0 0 0 
P5593 2006 8 0 0 0 0 0 0 0 13 0 0 0 0 0 0 0 0 0 0 0 0 21 0 0 17 0 0 0 0 0 21 21 
P5593 2006 9 0 0 0 0 0 0 0 0 22 0 0 0 0 0 0 0 0 0 0 0 0 0 0 0 12 0 0 0 0 0 -999 
P5593 2006 10 0 0 0 0 0 0 0 0 0 24 0 0 0 26 24 0 10 0 12 13 0 0 0 11 18 13 0 0 11 0 0 
P5593 2006 11 16 0 0 15 0 0 29 30 0 0 0 0 0 0 0 0 0 0 0 12 21 0 22 0 18 8 5 0 0 0 -999 
P5593 2006 12 0 0 0 0 0 0 20 58 50 0 0 25 0 23 53 76 20 0 0 0 0 40 85 41 37 33 0 0 0 22 0 
P5593 2007 1 0 0 0 2 0 0 0 0 0 0 0 0 0 0 0 0 0 0 0 0 0 0 9 0 16 0 0 0 17 0 0 
P5593 2007 2 10 11 0 17 0 0 26 86 162 123 19 0 0 0 10 8 0 43 27 34 35 42 43 23 0 27 0 27 -999 -999 -999 
P5593 2007 3 18 33 22 49 52 0 0 18 18 0 0 46 52 56 31 0 16 0 0 26 14 0 6 0 8 0 0 0 7 0 0 
P5593 2007 4 0 0 4 14 0 14 0 0 0 0 17 0 0 0 0 17 23 0 38 27 29 24 0 31 0 0 0 0 0 0 -999 
P5593 2007 5 0 0 0 0 48 0 0 0 0 0 0 0 27 0 0 0 0 0 0 0 0 0 0 0 0 0 0 0 12 16 24 
P5593 2007 6 0 0 0 18 0 26 0 7 0 0 0 0 0 23 13 0 0 0 0 12 0 17 28 15 0 0 0 0 0 0 -999 
P5593 2007 7 15 0 21 0 0 0 15 0 0 0 0 0 0 0 14 0 28 0 0 0 0 19 0 0 0 0 0 0 0 0 0 
P5593 2007 8 0 0 0 0 0 0 0 0 0 0 0 0 0 0 0 0 0 0 0 0 0 0 0 0 16 20 25 0 0 0 0 
P5593 2007 9 0 0 0 0 0 0 0 0 0 13 0 0 0 15 0 0 0 8 0 0 0 0 0 0 0 12 9 8 6 0 -999 
P5593 2007 10 0 0 12 0 0 0 0 0 0 0 19 0 0 35 13 0 0 0 0 0 20 36 0 0 14 0 0 0 0 0 0 
P5593 2007 11 0 0 0 0 5 8 4 0 0 0 0 0 0 0 0 0 0 0 0 0 0 0 3 0 0 6 16 0 0 0 -999 
P5593 2007 12 0 0 0 0 0 14 20 15 0 2 0 0 0 0 0 0 0 34 0 0 14 10 13 11 0 7 0 10 0 7 0 
P5593 2008 1 0 0 23 32 15 2 1 0 5 0 10 11 0 25 27 25 23 9 0 20 48 53 26 17 0 0 82 47 33 45 61 
P5593 2008 2 113 36 67 0 27 0 34 0 0 30 54 0 0 0 29 34 28 0 30 0 17 0 15 0 0 27 0 0 -999 -999 -999 
P5593 2008 3 0 0 0 0 0 0 0 0 0 0 0 0 20 0 7 0 5 3 0 0 0 0 0 0 0 10 0 0 0 0 0 
P5593 2008 4 0 7 14 27 0 0 0 0 0 0 0 14 0 0 0 0 32 0 0 0 0 0 0 0 9 0 0 0 0 0 -999 
P5593 2008 5 19 14 5 0 0 0 7 0 0 0 0 18 0 27 0 0 0 0 26 38 0 0 0 0 0 0 0 0 0 0 13 
P5593 2008 6 0 0 0 0 0 24 0 13 0 0 0 0 0 0 0 0 0 16 0 0 11 0 0 0 0 0 0 0 0 0 -999 
P5593 2008 7 8 0 0 0 0 0 0 0 0 16 0 0 0 0 0 0 0 0 0 0 18 0 0 19 0 0 0 0 0 0 24 
P5593 2008 8 0 0 9 0 0 0 0 0 0 0 0 0 0 0 6 0 0 0 0 11 15 0 0 0 0 0 0 0 0 0 0 
P5593 2008 9 0 0 0 0 0 0 0 0 15 0 21 0 0 22 11 0 0 0 16 16 14 0 19 0 22 16 0 0 0 0 -999 
P5593 2008 10 0 0 0 11 0 0 17 13 0 0 0 0 0 0 0 0 0 0 15 0 0 13 0 0 0 0 30 19 0 0 0 
P5593 2008 11 0 0 26 0 0 2 0 0 0 0 0 0 5 3 0 0 0 0 0 0 0 0 0 0 0 0 0 4 0 0 -999 
P5593 2008 12 0 0 0 1 0 0 0 0 0 19 0 0 0 0 0 0 7 5 0 3 0 9 0 0 0 0 16 15 0 2 0 
P5593 2009 1 1 0 0 0 0 0 0 0 6 0 0 11 0 0 18 0 2 1 0 0 0 5 0 0 0 1 0 6 0 0 5 
P5593 2009 2 0 8 8 11 10 0 4 0 0 0 0 3 7 0 0 0 2 0 0 0 0 0 0 0 10 0 4 0 -999 -999 -999 
P5593 2009 3 0 49 48 0 0 13 9 37 54 0 0 15 0 19 31 20 47 0 21 0 0 0 25 0 21 56 45 66 60 44 20 
P5593 2009 4 20 52 22 16 27 43 0 12 0 6 14 25 26 0 23 0 0 0 0 0 0 0 0 10 0 0 0 0 0 53 -999 
P5593 2009 5 0 29 0 0 0 0 0 0 23 0 30 13 3 0 0 0 0 12 0 0 0 0 0 20 0 0 0 0 0 0 0 
P5593 2009 6 14 0 10 0 0 0 21 11 0 0 0 0 0 0 0 0 0 0 0 0 0 0 0 0 0 0 0 0 0 0 -999 
P5593 2009 7 21 0 0 0 0 0 0 0 0 0 0 0 0 0 0 0 0 0 0 0 0 0 0 0 0 0 0 0 0 0 0 
P5593 2009 8 22 0 0 0 0 0 0 0 0 0 0 0 0 0 0 0 0 0 0 0 0 0 0 25 0 0 0 0 0 27 0 
P5593 2009 9 27 0 0 0 0 0 0 0 0 0 0 0 11 0 0 12 0 0 0 0 0 22 0 14 0 0 0 0 0 0 -999 
P5593 2009 10 0 0 0 0 9 0 0 0 0 0 0 0 17 18 20 0 0 0 0 13 15 0 0 0 0 0 7 0 0 0 0 
P5593 2009 11 0 0 8 0 0 0 0 0 0 0 4 0 5 6 0 0 20 0 0 0 0 17 32 33 0 0 11 9 0 22 -999 
P5593 2009 12 0 15 0 0 33 35 55 0 0 47 0 11 13 8 0 0 0 0 0 17 0 0 10 0 0 28 40 38 0 0 0 
P5593 2010 1 17 0 29 67 49 0 14 11 19 16 10 9 0 10 0 13 0 0 0 0 0 0 7 0 0 0 0 12 0 20 19 
P5593 2010 2 13 0 0 10 0 19 0 6 6 0 2 2 0 0 3 2 0 0 0 0 0 0 0 0 0 3 0 0 -999 -999 -999 
P5593 2010 3 6 0 7 11 17 22 29 34 60 47 28 17 10 7 10 9 11 24 48 35 0 0 0 0 0 4 0 0 0 0 10 
P5593 2010 4 16 20 38 0 0 0 0 0 33 33 0 0 21 17 49 0 0 7 8 0 25 0 7 0 29 14 0 0 22 0 -999 
P5593 2010 5 0 0 22 34 30 0 0 0 13 0 20 0 0 16 18 0 0 0 0 0 9 13 0 0 29 0 34 15 16 14 0 
P5593 2010 6 0 0 21 0 13 0 11 9 0 0 12 23 0 0 0 0 0 0 0 0 0 0 9 0 0 0 0 0 0 0 -999 
P5593 2010 7 24 0 0 0 0 0 0 0 0 17 0 14 0 0 0 0 0 0 0 9 0 0 0 0 0 0 0 8 9 0 17 
P5593 2010 8 0 0 0 0 0 0 0 0 0 0 0 0 0 0 0 0 0 18 0 0 0 0 0 0 0 0 0 0 0 0 0 
P5593 2010 9 0 0 0 0 0 0 0 0 0 0 0 0 21 0 0 0 0 18 25 0 0 0 0 0 0 0 0 7 0 0 -999 
P5593 2010 10 0 0 0 0 0 0 0 0 0 0 35 21 34 0 15 0 0 0 17 0 22 31 0 0 0 0 7 0 0 0 0 
P5593 2010 11 0 0 0 9 0 0 0 0 0 0 0 0 0 6 0 0 8 0 0 0 0 0 5 6 9 0 0 0 0 0 -999 
P5593 2010 12 0 0 5 0 0 14 0 10 17 0 0 17 25 30 0 0 4 0 0 0 2 0 0 0 0 0 5 0 0 0 0 
P5593 2011 1 0 0 0 0 10 0 0 0 0 0 9 0 0 0 14 0 0 0 0 0 0 19 40 0 0 0 0 0 1 0 0 
P5593 2011 2 0 0 4 0 18 0 0 9 0 0 0 0 0 0 0 0 0 11 11 11 0 0 0 0 0 12 21 43 -999 -999 -999 
P5593 2011 3 52 31 17 13 15 0 8 0 0 16 0 33 0 18 35 82 107 31 20 26 21 0 50 113 45 13 0 58 0 0 0 
P5593 2011 4 0 0 0 0 0 0 0 21 0 20 0 0 27 0 0 0 0 40 0 0 27 13 8 7 0 0 0 0 0 0 -999 
P5593 2011 5 7 0 0 5 0 6 0 0 0 0 11 0 0 0 0 0 0 0 0 0 0 0 0 0 0 0 0 0 0 0 0 
P5593 2011 6 0 0 9 0 0 0 0 0 0 0 0 0 0 0 0 0 0 0 0 0 0 0 0 0 0 16 0 0 0 0 -999 
P5593 2011 7 0 0 0 16 0 0 0 0 0 0 0 0 0 0 12 0 0 0 0 0 0 0 0 0 0 0 0 0 0 0 0 
P5593 2011 8 0 0 0 0 0 0 0 0 0 0 0 0 0 0 0 13 0 0 0 0 0 0 4 9 0 0 0 13 15 0 0 
P5593 2011 9 0 0 0 0 0 0 0 0 0 36 0 4 0 0 0 0 0 0 0 0 0 0 0 0 0 0 0 0 0 0 -999 
P5593 2011 10 0 0 0 0 0 0 9 0 0 0 13 0 20 0 11 0 0 0 0 11 20 0 0 0 0 0 0 0 21 0 23 
P5593 2011 11 0 7 8 17 40 52 49 0 0 6 0 12 12 7 0 0 43 29 0 0 0 56 44 35 0 9 8 14 0 0 -999 
P5593 2011 12 0 19 27 0 5 7 0 0 10 0 0 0 0 0 10 28 34 41 38 40 0 0 31 0 20 26 18 0 13 0 0 
P5593 2012 1 59 0 0 0 0 0 0 0 0 0 3 5 0 0 0 0 0 3 3 0 10 6 0 6 0 0 8 11 0 0 7 
P5593 2012 2 11 22 41 20 9 0 9 6 0 4 0 0 0 0 0 0 0 12 27 29 26 15 9 9 15 0 0 11 -999 -999 -999 
P5593 2012 3 0 51 43 26 24 0 9 0 0 0 0 6 0 10 13 0 0 0 24 0 33 0 0 0 0 0 0 0 0 0 0 
P5593 2012 4 0 10 0 0 4 0 0 0 0 4 4 0 0 60 46 34 31 0 0 0 0 11 12 37 0 0 56 43 38 30 -999 
P5593 2012 5 0 0 25 0 0 0 0 15 0 0 18 0 0 29 23 0 0 0 0 0 0 16 15 14 33 21 0 0 0 0 0 
P5593 2012 6 0 0 0 0 0 0 0 0 31 26 18 0 0 0 0 16 0 0 0 0 0 0 9 0 9 0 0 19 0 8 -999 
P5593 2012 7 0 0 0 0 0 0 0 0 0 0 0 0 0 0 0 0 0 0 0 0 0 0 0 18 0 18 0 0 0 0 0 
P5593 2012 8 0 0 0 0 0 0 0 0 0 0 0 0 0 0 0 0 0 0 0 0 0 0 0 0 0 0 0 10 0 9 0 
P5593 2012 9 0 0 0 0 0 0 0 0 0 0 0 0 0 0 0 0 0 0 0 0 0 0 0 0 26 0 23 0 0 12 -999 
P5593 2012 10 0 0 0 0 0 0 0 0 0 32 45 0 0 7 0 20 19 0 0 15 0 0 21 13 0 0 0 14 0 0 0 
P5593 2012 11 0 40 38 0 0 12 0 0 0 0 30 0 0 0 0 0 0 0 52 31 15 4 0 11 0 13 0 0 33 0 -999 
P5593 2012 12 0 0 0 0 0 48 47 42 0 0 14 0 0 68 0 40 0 0 0 8 7 0 0 11 9 0 0 0 0 0 49 
P5593 2013 1 0 0 0 36 0 0 0 10 0 0 0 0 0 0 0 0 0 1 0 1 1 1 0 2 1 0 0 0 9 18 0 
P5593 2013 2 0 0 0 0 0 0 0 0 0 0 0 0 0 56 0 0 18 48 0 48 0 0 37 0 0 0 0 0 -999 -999 -999 
P5593 2013 3 12 15 14 0 11 0 0 0 0 53 85 80 55 16 0 0 32 0 26 22 21 40 41 20 23 0 0 0 0 0 66 
P5593 2013 4 29 0 11 17 21 0 19 0 0 0 0 0 0 0 0 30 0 0 0 0 0 0 0 24 52 0 4 0 0 0 -999 
P5593 2013 5 0 0 0 0 0 0 17 0 25 0 32 0 0 0 0 32 0 0 21 15 10 0 0 0 10 0 0 0 0 0 0 
P5593 2013 6 0 26 0 0 0 0 21 30 39 38 0 29 0 0 12 10 0 0 14 10 0 0 0 0 0 0 30 0 23 17 -999 
P5593 2013 7 0 13 0 0 17 0 25 0 11 0 0 0 0 0 0 0 0 0 0 0 0 0 0 0 0 0 0 0 0 0 0 
P5593 2013 8 0 0 22 28 0 0 0 0 22 0 0 0 0 0 0 0 0 0 0 0 13 0 0 0 0 0 0 0 0 16 30 
P5593 2013 9 0 0 0 0 0 0 0 0 0 0 0 0 10 0 8 0 0 0 0 0 0 14 0 4 0 0 0 0 0 0 -999 
P5593 2013 10 0 0 0 0 0 0 0 0 0 17 0 19 11 0 11 16 0 0 0 0 9 8 0 0 0 0 0 0 0 0 0 
P5593 2013 11 0 0 0 0 3 5 0 11 12 8 14 10 0 0 5 0 17 108 152 59 49 74 107 77 0 55 0 0 7 0 -999 
P5593 2013 12 0 31 17 17 0 0 11 0 0 12 0 0 0 11 0 7 5 0 0 0 0 0 10 23 16 21 21 0 0 26 16 
P5593 2014 1 20 8 0 10 0 19 0 19 0 0 0 0 0 0 20 0 0 0 0 0 0 0 0 0 0 0 38 51 87 70 36 
P5593 2014 2 0 0 0 22 25 0 0 61 25 35 0 11 0 0 0 0 0 0 0 0 14 0 0 0 6 0 0 29 -999 -999 -999 
P5593 2014 3 30 12 0 9 0 0 0 0 3 0 0 0 24 28 54 47 48 57 81 44 0 0 0 0 8 8 0 13 0 12 24 
P5593 2014 4 25 25 0 29 48 30 14 14 0 31 26 29 28 0 43 0 41 0 22 0 0 0 11 0 50 0 0 25 18 25 -999 
P5593 2014 5 39 0 0 31 0 0 0 0 10 0 0 0 0 17 0 0 30 0 38 41 32 46 30 28 16 22 25 0 0 34 0 
P5593 2014 6 0 16 37 0 40 21 0 0 0 0 4 0 12 0 0 0 0 18 0 0 0 0 0 0 0 0 0 0 0 0 -999 
P5593 2014 7 0 0 0 0 0 0 0 0 0 0 0 0 0 0 0 0 0 0 0 0 0 0 0 0 0 0 0 0 0 0 0 
P5593 2014 8 0 0 15 12 0 0 0 0 0 0 0 0 0 0 16 0 0 0 0 0 0 0 0 0 0 0 0 0 0 0 0 
P5593 2014 9 0 0 0 0 0 8 0 0 0 0 0 0 0 0 0 0 0 24 0 0 0 16 0 0 0 0 0 0 0 0 -999 
P5593 2014 10 0 0 0 18 0 0 0 0 12 0 0 0 12 0 10 0 10 0 0 0 0 0 0 0 36 37 18 0 0 0 0 
P5593 2014 11 0 0 0 0 0 5 0 0 0 0 0 5 4 0 10 6 0 0 17 0 61 94 40 0 23 13 0 0 0 5 -999 
P5593 2014 12 1 0 0 0 0 6 0 6 0 6 0 0 0 0 0 0 0 0 0 0 0 5 0 0 0 0 6 8 11 12 0 
P5593 2015 1 5 0 0 0 50 27 24 0 0 0 0 0 0 0 0 0 0 0 0 6 0 0 0 0 0 0 0 29 28 14 0 
P5593 2015 2 6 6 0 5 0 0 0 0 6 0 0 0 2 1 0 0 0 0 0 0 0 0 0 0 46 0 51 30 -999 -999 -999 
P5593 2015 3 19 29 0 38 28 0 0 0 39 0 0 10 0 30 16 0 0 0 0 0 24 0 30 0 11 0 0 0 0 6 25 
P5593 2015 4 0 21 13 0 0 0 0 0 0 0 0 0 0 0 0 12 22 0 10 0 0 0 0 0 18 36 24 25 65 49 -999 
P5593 2015 5 0 0 26 11 11 0 0 0 0 0 0 0 0 0 0 0 0 0 7 9 0 0 0 0 0 0 0 48 52 20 0 
P5593 2015 6 8 0 0 0 0 34 24 0 0 0 5 9 9 0 26 19 0 0 0 0 0 0 13 0 0 0 0 0 0 18 -999 
P5593 2015 7 0 0 0 0 0 0 0 13 0 0 0 0 0 11 21 0 0 0 0 0 0 0 0 0 0 0 0 0 0 0 0 
P5593 2015 8 0 0 0 0 0 0 0 0 0 0 0 0 0 0 0 0 21 26 0 19 0 0 0 0 0 22 0 0 0 11 0 
P5593 2015 9 10 13 18 0 29 0 0 0 0 0 0 0 0 0 0 0 0 0 0 0 0 0 0 0 0 37 39 0 27 24 -999 
P5593 2015 10 0 16 0 0 14 0 19 0 0 0 6 0 0 17 0 14 0 0 0 10 16 0 0 0 15 0 0 0 0 0 0 
P5593 2015 11 0 0 0 0 0 17 0 0 0 0 0 0 20 44 39 0 0 0 21 0 0 25 19 8 0 0 4 0 0 0 -999 
P5593 2015 12 0 49 29 0 36 29 88 81 48 62 27 42 58 0 0 0 0 8 0 0 0 0 0 0 0 0 0 0 0 0 0 
P5593 2016 1 0 0 0 0 9 0 24 0 0 0 29 51 38 52 0 0 0 16 0 0 10 17 0 19 19 26 30 25 0 0 0 
P5593 2016 2 0 8 13 0 7 6 0 0 10 16 13 0 0 15 0 0 32 0 11 0 17 0 0 0 14 0 0 0 -999 -999 -999 
P5593 2016 3 0 23 28 32 0 29 29 37 88 67 86 96 68 48 53 37 21 28 0 18 0 40 0 31 0 0 50 66 43 31 48 
P5593 2016 4 0 0 0 0 8 18 0 0 0 47 68 68 0 23 53 0 24 0 0 0 0 0 0 22 21 0 0 0 39 19 -999 
P5593 2016 5 0 16 0 14 0 0 0 14 0 0 0 0 19 13 22 0 0 0 6 0 0 5 0 0 0 0 0 23 37 0 30 
P5593 2016 6 20 8 0 0 0 6 0 0 0 0 26 0 0 0 0 0 0 0 0 19 0 0 0 0 0 0 0 0 0 0 -999 
P5593 2016 7 0 0 0 0 0 0 0 0 0 0 0 0 0 0 0 0 0 0 0 0 0 0 0 12 0 0 0 0 0 0 0 
P5593 2016 8 11 17 17 14 15 0 0 0 0 0 0 0 0 0 0 0 12 0 0 0 0 0 0 16 0 0 0 0 24 0 0 
P5593 2016 9 0 0 0 0 0 0 15 0 6 6 0 0 0 0 0 0 17 0 21 19 0 0 0 0 0 0 7 12 0 0 -999 
P5593 2016 10 0 0 0 0 0 0 0 13 0 0 0 0 0 0 0 39 71 0 0 51 40 51 21 0 11 0 0 0 11 0 0 
P5593 2016 11 0 17 17 0 11 7 13 31 0 11 0 0 0 16 53 29 0 60 44 0 42 15 0 33 47 12 15 0 26 29 -999 
P5593 2016 12 0 0 0 10 6 0 0 0 9 0 23 0 0 35 0 0 0 14 0 22 26 40 0 0 19 15 25 22 0 0 28 
P5593 2017 1 0 0 0 0 0 0 0 0 0 0 0 0 37 74 50 0 0 0 0 0 0 0 0 0 0 0 0 0 0 0 0 
P5593 2017 2 0 0 0 1 0 0 0 0 0 0 0 0 0 0 0 0 8 0 0 0 0 0 0 0 0 0 12 0 -999 -999 -999 
P5593 2017 3 0 0 0 0 0 0 8 0 0 0 0 0 0 35 23 7 6 0 0 0 0 9 23 0 58 55 52 47 0 14 11 
P5593 2017 4 12 16 0 17 0 10 0 0 20 33 11 18 17 17 14 14 0 9 12 0 0 13 0 0 0 19 30 0 45 0 -999 
P5593 2017 5 0 0 0 16 0 0 9 12 14 19 0 0 0 0 13 0 12 0 12 21 25 0 10 0 15 8 11 0 0 0 0 
P5593 2017 6 0 0 0 0 0 0 0 0 0 0 0 0 0 0 0 0 0 0 0 0 0 0 0 0 0 0 0 0 29 0 -999 
P5593 2017 7 0 0 0 0 0 0 0 0 0 0 0 0 0 18 9 0 0 0 0 0 0 0 0 0 0 0 0 0 0 0 13 
P5593 2017 8 0 0 0 0 0 0 0 0 0 0 0 0 0 0 9 0 0 0 0 0 0 0 0 0 7 0 9 8 0 20 0 
P5593 2017 9 0 0 0 0 7 0 0 0 0 0 0 0 0 0 0 0 0 0 0 0 6 0 0 0 0 0 0 18 0 15 -999 
P5593 2017 10 0 0 0 0 9 0 10 0 0 0 0 11 10 0 0 0 32 0 30 0 0 19 0 13 0 0 46 74 94 42 18 
P5593 2017 11 15 18 29 34 0 0 9 28 30 14 42 0 114 96 0 14 0 0 14 20 32 0 0 0 0 0 0 0 0 0 -999 
P5593 2017 12 0 0 0 0 18 24 22 41 83 37 45 0 34 41 0 14 0 0 11 0 13 0 16 16 0 15 23 27 0 0 44 
P5593 2018 1 40 14 0 0 0 0 0 0 0 0 7 7 1 0 0 0 0 0 23 12 0 8 29 14 0 0 0 21 19 0 18 
P5593 2018 2 34 9 51 0 22 0 0 0 8 0 0 0 0 0 0 0 0 0 0 17 0 10 4 0 4 0 0 0 -999 -999 -999 
P5593 2018 3 0 0 0 0 0 0 0 0 0 30 48 57 69 45 39 10 0 0 0 13 0 7 10 0 23 27 26 0 24 27 17 
P5593 2018 4 11 0 0 0 18 0 8 0 0 0 0 0 0 5 29 0 0 0 0 0 0 0 0 0 43 65 56 0 0 23 -999 
P5593 2018 5 0 0 0 0 14 0 14 0 25 33 0 0 0 0 0 0 27 0 30 0 35 30 26 0 0 0 0 0 0 0 5 
P5593 2018 6 10 0 0 0 0 0 0 0 0 0 0 0 0 0 0 18 0 0 0 0 0 0 0 0 0 0 0 0 0 0 -999 
P5593 2018 7 0 21 23 0 0 0 0 0 13 10 0 0 0 0 18 0 0 0 0 0 0 0 0 0 20 0 0 0 12 0 0 
P5593 2018 8 0 0 0 0 0 0 0 0 0 0 0 0 0 0 0 0 0 16 19 0 0 0 0 0 0 0 0 0 0 9 0 
P5593 2018 9 0 0 0 0 19 0 0 0 0 0 17 0 0 0 0 0 0 0 0 8 0 0 0 0 8 0 7 0 0 9 -999 
P5593 2018 10 0 11 0 0 0 0 13 0 20 29 0 15 0 0 0 10 0 13 6 0 0 0 9 8 0 15 0 0 0 0 0 
P5593 2018 11 0 7 7 5 0 0 24 75 0 54 26 0 0 0 0 0 0 0 0 0 0 0 0 10 0 0 9 0 0 0 -999 
P5593 2018 12 0 22 23 0 29 0 55 0 0 0 0 46 63 0 0 21 18 12 0 0 11 0 13 0 0 0 0 38 0 0 40 
P5593 2019 1 62 59 83 0 56 59 78 22 0 0 0 0 0 0 0 18 57 40 58 0 61 84 31 0 23 33 75 0 10 0 52 
P5593 2019 2 58 47 0 11 24 26 0 0 0 47 72 0 74 64 0 0 37 94 106 28 12 0 0 0 0 0 0 0 -999 -999 -999 
P5593 2019 3 0 0 0 0 0 0 0 0 0 0 0 3 0 0 0 0 0 0 0 0 0 0 0 0 0 0 20 43 48 23 0 
P5593 2019 4 14 0 14 0 22 41 0 35 38 0 34 34 33 0 38 36 0 0 0 0 15 13 36 59 0 24 30 0 32 38 -999 
P5593 2019 5 0 18 0 9 0 0 0 18 0 26 18 0 0 0 0 0 0 0 15 0 0 0 0 0 0 0 0 3 0 0 0 
P5593 2019 6 0 0 0 0 0 0 0 29 21 0 0 0 12 0 0 0 0 0 0 0 11 0 0 0 0 0 0 0 0 0 -999 
P5593 2019 7 0 0 0 0 25 0 0 0 0 0 0 0 0 0 0 14 0 0 0 0 0 0 0 17 0 0 0 0 0 0 0 
P5593 2019 8 0 0 0 0 0 0 14 0 0 0 0 8 0 0 0 0 0 0 0 0 0 0 0 0 0 0 0 0 0 0 0 
P5593 2019 9 0 0 13 12 0 0 0 0 0 0 0 0 15 0 8 16 26 0 21 0 0 0 0 24 0 0 0 0 16 13 -999 
P5593 2019 10 0 0 0 24 0 8 11 0 5 0 17 44 45 0 0 0 0 0 0 0 0 0 0 0 0 0 0 0 7 0 0 
P5593 2019 11 13 0 0 0 9 18 0 0 0 0 0 0 0 0 0 0 0 12 0 43 124 142 75 0 51 64 43 0 26 62 -999 
P5593 2019 12 56 0 0 0 12 0 0 0 1 0 0 0 0 0 0 0 0 0 0 0 0 0 8 0 0 0 2 0 0 0 10 
P5593 2020 1 0 0 5 0 0 0 0 0 2 1 0 0 0 30 13 0 0 0 5 0 12 6 0 18 0 29 40 50 36 40 0 
P5593 2020 2 0 18 0 0 0 0 21 30 9 0 0 0 0 0 0 0 0 0 0 0 0 0 0 0 0 0 13 0 -999 -999 -999 
P5593 2020 3 4 0 0 0 0 25 0 0 0 0 6 22 0 0 0 0 0 0 0 0 0 0 0 0 0 26 0 25 25 21 28 
P5593 2020 4 0 23 19 0 0 0 0 0 0 4 0 0 0 0 0 57 64 43 31 37 48 0 0 0 0 0 0 18 0 0 -999 
P5593 2020 5 0 0 0 0 0 0 0 0 0 21 46 0 33 0 30 0 0 10 0 12 0 0 0 0 0 8 8 0 0 0 0 
P5593 2020 6 0 0 15 0 14 0 0 0 0 0 6 0 0 13 0 0 0 0 0 0 0 0 0 0 0 0 0 18 0 0 -999 
P5593 2020 7 0 0 0 0 0 0 0 0 0 0 0 30 24 0 0 0 0 0 0 0 0 0 0 0 0 0 0 12 0 0 0 
P5593 2020 8 0 0 0 0 0 0 0 0 0 0 0 0 0 0 0 0 0 0 0 0 0 20 0 0 0 0 0 0 0 17 0 
P5593 2020 9 21 0 0 0 0 0 0 0 0 0 0 0 0 9 0 12 0 0 0 0 0 0 0 13 9 0 0 0 0 0 -999 
P5593 2020 10 20 0 0 0 0 0 0 0 45 0 20 0 0 0 0 0 0 43 0 0 7 0 0 6 14 22 0 18 10 10 25 
P5593 2020 11 46 58 58 56 0 17 0 0 9 5 0 0 0 0 22 7 0 0 29 73 58 46 42 31 57 0 40 65 0 20 -999 
P5593 2020 12 41 37 38 13 22 7 8 22 0 0 0 0 0 0 0 0 0 0 15 22 21 61 69 0 49 0 76 14 22 0 36 
P5593 2021 1 0 0 0 0 0 30 25 48 39 0 0 0 0 0 0 0 0 0 18 0 8 0 10 0 12 11 0 0 26 0 0 
P5593 2021 2 18 0 0 32 0 0 0 0 6 0 0 0 13 0 0 2 0 0 0 0 0 20 11 5 0 0 0 9 -999 -999 -999 
P5593 2021 3 13 0 0 0 7 0 0 0 0 0 0 11 0 0 0 0 0 4 0 0 0 0 0 0 0 9 0 0 0 0 0 
P5593 2021 4 0 0 0 20 0 0 0 0 0 0 0 0 33 0 0 0 0 0 0 0 0 0 0 0 23 0 0 0 0 34 -999 
P5593 2021 5 40 32 0 26 11 0 0 0 0 0 0 14 0 0 0 0 0 0 0 0 18 0 10 26 24 12 0 0 13 18 0 
P5593 2021 6 31 35 40 0 0 0 0 0 0 18 16 12 0 0 9 0 0 0 0 0 13 0 0 0 7 0 0 0 0 0 -999 
P5593 2021 7 0 0 0 18 0 0 0 17 0 0 0 0 0 0 0 0 0 0 0 0 17 0 0 9 0 0 0 0 0 7 0 
P5593 2021 8 0 0 0 0 0 0 0 0 0 0 0 0 0 0 0 0 0 0 0 0 0 0 0 0 0 0 15 0 0 0 0 
P5593 2021 9 0 6 0 0 0 0 0 0 0 13 0 3 0 0 0 0 0 0 0 17 0 0 0 0 0 0 14 0 0 0 -999 
P5593 2021 10 0 0 0 0 0 0 0 0 0 0 13 8 5 0 0 0 0 0 9 0 0 42 0 56 26 0 16 10 0 8 0 
P5593 2021 11 0 0 0 47 60 47 0 0 0 16 0 0 0 14 22 0 41 33 0 0 0 0 0 10 0 33 41 40 65 0 -999 
P5593 2021 12 36 53 25 0 0 0 8 14 0 0 0 0 0 0 0 0 51 53 0 0 0 23 0 13 0 0 0 0 0 17 0 
P5593 2022 1 0 0 0 0 0 11 0 0 28 25 32 18 0 25 30 26 0 0 0 25 36 31 76 44 37 0 0 32 38 0 31 
P5593 2022 2 65 32 0 28 44 33 84 99 38 49 98 71 93 35 70 40 40 52 0 26 80 30 48 21 36 77 0 0 -999 -999 -999 
P5593 2022 3 0 14 14 0 79 76 39 53 36 0 0 45 0 0 0 7 4 4 0 0 0 6 0 0 0 0 0 20 30 0 0 
P5593 2022 4 0 0 12 0 0 0 0 0 18 11 0 0 0 18 34 25 0 16 0 0 0 0 18 0 0 0 0 0 0 8 -999 
P5593 2022 5 0 6 7 0 14 0 19 0 0 55 0 0 40 48 0 29 0 0 23 0 19 0 0 18 0 0 0 12 0 0 9 
P5593 2022 6 0 0 0 21 13 25 0 0 0 0 0 0 0 0 0 0 0 0 0 0 0 0 0 0 0 0 0 0 9 0 -999 
P5593 2022 7 0 0 0 0 0 0 0 0 0 0 0 0 0 0 0 0 0 0 0 0 0 0 0 0 0 0 0 0 0 12 0 
P5593 2022 8 10 15 0 0 0 0 0 16 0 0 0 0 0 0 0 0 0 0 0 0 0 0 0 0 0 6 0 0 0 0 0 
P5593 2022 9 0 0 0 0 0 0 0 0 0 0 0 0 0 0 35 0 10 0 0 0 0 19 0 0 0 0 0 0 0 14 -999 
P5593 2022 10 0 0 11 0 0 0 0 0 0 32 43 0 0 0 34 25 16 0 0 6 0 0 0 9 0 0 0 0 29 43 25 
P5593 2022 11 0 0 0 0 0 0 0 0 0 0 14 15 0 0 0 0 0 0 0 0 2 0 0 0 0 0 0 0 0 6 -999 
P5593 2022 12 16 36 59 72 0 40 13 0 0 27 11 0 0 0 0 8 0 0 0 0 31 40 62 43 41 21 21 35 20 0 6 
P5593 2023 1 0 0 0 0 0 0 0 0 0 0 0 0 5 0 7 0 0 0 0 0 0 9 0 2 0 0 0 0 0 1 0 
P5593 2023 2 7 14 10 8 0 5 0 9 0 0 0 7 0 8 8 11 0 15 0 0 8 0 26 21 0 16 47 0 -999 -999 -999 
P5593 2023 3 0 24 0 0 4 0 0 3 6 7 0 37 38 0 0 0 0 5 0 0 0 0 0 0 0 0 0 16 0 0 48 
P5593 2023 4 0 0 26 44 40 27 0 22 0 7 6 0 55 82 46 0 32 11 0 0 0 0 0 0 0 0 0 44 0 0 -999 
P5593 2023 5 0 0 0 0 0 0 0 0 0 0 35 36 0 0 0 26 28 0 35 28 0 0 0 0 0 0 0 0 0 0 12 
P5593 2023 6 10 0 29 15 20 0 24 18 0 10 0 0 10 0 0 0 0 0 0 0 0 0 0 0 0 0 0 0 0 0 -999 
P5593 2023 7 0 0 0 0 0 0 0 0 0 0 0 0 0 0 0 0 0 0 0 0 0 0 20 0 0 14 0 0 0 0 0 
P5593 2023 8 0 0 0 0 21 0 0 12 0 0 0 0 0 0 0 0 0 0 0 0 0 0 0 0 0 0 0 0 0 0 0 
P5593 2023 9 0 0 0 14 0 0 0 0 0 0 14 0 0 0 0 0 0 0 12 9 0 0 0 0 0 0 27 0 0 0 -999 
P5593 2023 10 0 10 0 0 12 0 16 0 0 17 0 0 0 26 0 0 0 0 0 0 0 0 11 0 16 0 15 4 9 14 59 
P5593 2023 11 0 26 15 0 3 0 11 0 0 29 23 0 0 5 0 7 0 0 0 0 0 0 0 0 15 10 0 0 0 0 -999 
P5593 2023 12 0 0 0 0 0 0 0 7 0 0 0 0 5 0 4 2 0 0 0 0 0 0 0 11 0 0 0 5 0 0 3 
P5593 2024 1 0 0 0 24 0 33 50 0 51 23 0 0 0 33 34 0 0 39 6 0 3 0 10 0 11 0 0 7 9 0 0 
P5593 2024 2 73 62 87 26 0 14 0 13 0 0 0 0 0 0 9 0 0 0 0 8 0 0 38 77 43 33 0 0 -999 -999 -999 
P5593 2024 3 0 0 29 42 34 38 0 0 0 0 0 0 0 0 0 0 0 26 0 0 0 0 0 40 77 94 55 0 21 33 0 
P5593 2024 4 0 46 48 28 12 7 0 0 0 0 0 0 4 0 0 4 5 8 0 0 22 42 0 22 0 0 0 0 4 0 -999 
P5593 2024 5 0 1 0 0 0 0 11 0 20 0 0 0 0 0 0 0 0 0 0 0 0 0 9 0 0 0 0 0 0 0 0 
P5593 2024 6 0 0 0 0 0 0 12 0 0 0 0 0 0 0 0 0 0 0 0 0 0 0 0 21 25 26 0 0 0 0 -999 
P5593 2024 7 0 0 0 0 0 0 0 8 0 0 0 0 0 0 0 0 0 0 0 0 0 0 0 0 0 0 0 0 0 0 0 
P5593 2024 8 0 0 0 0 0 0 0 0 0 0 0 0 0 0 0 0 0 0 0 0 10 0 0 7 0 0 0 13 0 0 0 
P5593 2024 9 0 17 0 0 10 0 20 0 0 0 0 0 0 0 0 0 0 21 0 0 0 0 0 13 0 0 0 0 0 0 -999 
P5593 2024 10 0 0 0 0 0 0 0 0 16 0 16 0 0 23 64 53 0 20 0 0 0 0 0 20 0 0 0 0 0 0 0 
P5593 2024 11 0 22 0 0 0 13 0 0 7 0 0 0 31 0 9 0 0 0 0 17 0 0 0 0 0 0 4 3 6 0 -999 
P5593 2024 12 0 0 0 0 0 0 0 0 0 0 0 0 10 0 0 0 8 0 0 0 0 0 0 0 0 24 18 0 0 0 0 
P5593 2025 1 0 0 0 0 0 0 0 0 9 0 12 15 0 0 8 8 11 13 13 19 18 19 26 0 40 0 24 0 11 11 0 
P5593 2025 2 0 13 0 0 25 28 25 37 40 0 24 0 24 23 0 25 32 0 11 32 26 24 37 0 0 0 0 8 -999 -999 -999 
P5593 2025 3 8 30 0 29 36 53 101 31 0 0 0 0 5 0 0 11 22 0 41 0 0 76 40 111 0 20 36 0 0 0 0 
P5593 2025 4 0 0 9 6 0 0 0 0 0 9 0 0 0 0 35 30 7 0 15 0 14 0 9 0 5 0 0 0 0 45 -999 
P5593 2025 5 0 0 33 0 30 0 24 20 0 0 22 19 0 14 0 0 0 0 0 0 0 7 0 0 22 0 19 0 0 0 15 
P5593 2025 6 0 0 0 0 0 15 0 0 0 0 0 0 0 0 0 0 0 0 0 0 0 0 0 0 0 0 0 0 0 0 -999 
P5593 2025 7 19 0 0 0 0 0 6 0 0 16 0 0 0 0 0 0 0 0 15 0 0 0 20 0 0 0 0 0 0 0 0 
P5593 2025 8 0 0 0 0 0 12 0 0 0 0 0 0 0 0 0 0 0 0 0 0 0 0 0 0 0 0 0 0 0 0 0 
P5593 2025 9 0 0 0 0 14 0 9 0 0 0 0 0 0 10 0 0 32 23 0 0 0 0 0 5 0 0 0 0 0 0 -999 
P5593 2025 10 0 9 0 0 0 16 0 0 0 9 0 0 0 12 20 0 0 0 0 0 0 8 0 0 29 39 40 51 33 0 13 
P5593 2025 11 16 0 0 0 0 4 0 0 0 14 0 0 0 0 0 0 0 11 0 10 6 0 0 0 0 0 0 0 0 0 -999 
P5593 2025 12 0 31 40 0 0 0 0 27 0 0 0 0 0 9 7 0 0 0 0 0 15 13 0 0 23 19 0 0 0 0 0 
P5593 2026 1 13 0 0 10 0 0 0 0 0 0 0 64 95 11 10 53 73 65 19 0 0 0 0 12 0 11 0 0 8 0 0 
P5593 2026 2 0 0 0 22 15 0 0 0 0 9 15 0 0 0 0 0 0 23 56 92 39 38 25 20 0 18 5 7 -999 -999 -999 
P5593 2026 3 0 6 1 0 3 0 0 0 0 0 5 0 6 0 0 0 10 15 19 25 36 69 47 0 0 0 5 6 5 0 0 
P5593 2026 4 0 0 0 8 0 0 40 0 42 50 83 44 0 27 18 0 0 0 14 15 0 0 0 0 0 26 0 48 47 0 -999 
P5593 2026 5 0 0 10 0 0 0 0 0 0 8 0 0 0 0 0 0 0 21 0 0 13 0 0 0 16 31 31 0 0 12 0 
P5593 2026 6 0 0 10 0 0 0 0 0 0 0 0 0 22 14 0 0 0 21 7 6 0 0 0 0 0 0 0 0 0 0 -999 
P5593 2026 7 0 0 0 0 0 0 0 0 0 0 0 0 0 0 0 0 0 0 0 0 0 0 0 0 0 0 0 0 0 0 0 
P5593 2026 8 0 0 0 0 0 0 0 0 17 0 0 0 0 0 0 0 0 0 0 0 0 0 0 24 0 0 15 0 0 0 0 
P5593 2026 9 0 0 0 0 11 0 0 17 0 0 0 0 0 0 0 0 0 0 18 0 23 18 12 0 11 21 0 0 20 0 -999 
P5593 2026 10 9 0 0 0 0 0 0 14 0 15 0 33 0 22 0 38 0 0 0 3 0 0 0 20 22 0 8 0 0 35 0 
P5593 2026 11 31 14 0 12 12 0 0 8 21 0 58 17 0 0 0 0 0 0 0 14 0 0 9 0 0 0 0 0 20 0 -999 
P5593 2026 12 0 0 12 0 22 0 12 17 37 0 0 0 0 0 0 30 52 49 0 34 0 0 0 0 0 0 8 12 0 0 0 
P5593 2027 1 0 0 40 51 41 0 0 0 27 24 19 0 4 0 0 0 12 9 28 0 26 13 0 0 0 0 0 0 7 0 0 
P5593 2027 2 0 0 0 0 0 0 0 0 0 0 0 25 46 83 42 130 66 73 59 10 0 23 53 22 41 35 24 0 -999 -999 -999 
P5593 2027 3 55 0 15 29 32 0 0 21 0 0 0 0 0 0 0 28 27 22 31 0 18 27 0 26 24 0 0 55 0 0 22 
P5593 2027 4 24 42 0 59 27 14 26 0 0 16 0 0 29 32 34 57 50 53 30 33 66 0 23 21 0 0 0 0 0 0 -999 
P5593 2027 5 22 24 0 0 28 0 10 0 0 0 0 0 0 0 0 21 0 0 0 0 0 24 22 27 36 32 0 0 15 0 0 
P5593 2027 6 0 10 20 0 18 0 0 0 8 0 0 0 14 12 0 0 0 0 0 0 0 0 4 0 12 0 0 0 0 0 -999 
P5593 2027 7 0 0 0 0 0 0 0 0 0 0 0 0 0 0 0 8 0 0 0 0 0 0 0 0 0 0 0 0 0 0 0 
P5593 2027 8 0 0 0 0 0 0 0 0 0 0 0 0 0 0 0 11 0 0 0 0 0 0 0 0 0 0 0 0 0 0 0 
P5593 2027 9 0 0 0 0 0 0 12 0 0 0 0 0 0 0 0 14 0 0 0 0 0 0 0 0 7 10 0 0 0 0 -999 
P5593 2027 10 0 0 0 0 0 0 0 0 0 0 0 0 0 0 0 0 0 0 0 0 0 0 0 0 0 0 0 0 16 0 0 
P5593 2027 11 16 42 101 68 0 21 0 0 0 0 0 0 31 53 48 0 0 0 5 5 0 0 42 53 49 35 46 38 65 77 -999 
P5593 2027 12 24 0 74 0 15 61 84 59 28 30 0 22 12 19 0 15 0 0 0 14 0 0 0 0 0 7 0 5 0 7 0 
P5593 2028 1 16 24 0 0 7 8 0 16 43 56 13 0 36 50 55 0 0 5 0 0 0 0 0 0 0 0 6 0 0 0 0 
P5593 2028 2 0 0 0 0 0 4 0 0 0 0 0 0 0 0 0 0 0 0 0 0 13 18 18 12 15 46 46 42 -999 -999 -999 
P5593 2028 3 34 0 34 21 0 0 0 8 15 23 0 18 0 0 24 30 26 14 8 0 0 0 19 0 0 4 0 0 8 0 0 
P5593 2028 4 11 0 0 0 25 20 28 43 22 30 27 0 12 0 0 5 0 11 0 0 0 28 17 0 0 14 0 19 34 0 -999 
P5593 2028 5 0 28 0 0 0 0 13 18 0 0 0 0 0 0 4 0 0 0 0 11 8 0 17 0 26 0 0 0 0 0 16 
P5593 2028 6 21 0 0 18 0 12 0 0 0 0 0 0 0 0 0 0 0 0 0 0 21 0 0 0 0 0 0 0 0 0 -999 
P5593 2028 7 0 0 15 0 0 16 15 0 0 0 0 0 0 0 14 0 11 8 0 0 0 0 17 0 0 0 0 0 0 0 0 
P5593 2028 8 0 0 0 0 7 0 0 0 0 0 0 0 0 0 13 0 20 0 27 0 0 0 13 0 0 11 0 0 0 15 21 
P5593 2028 9 0 0 23 0 22 18 16 0 0 0 0 0 0 0 0 0 0 14 0 9 0 0 0 18 0 0 0 0 12 12 -999 
P5593 2028 10 10 0 0 0 18 6 0 0 0 15 23 0 6 0 0 0 0 25 38 0 22 0 0 2 0 0 0 0 0 0 0 
P5593 2028 11 30 0 10 0 25 0 0 39 25 34 17 0 0 0 31 31 13 0 0 0 1 0 0 0 0 0 0 0 0 0 -999 
P5593 2028 12 0 0 16 22 20 25 0 2 0 0 1 0 0 0 0 0 2 0 0 29 48 0 0 0 0 0 0 0 0 0 0 
P5593 2029 1 0 18 37 0 0 41 98 0 0 0 0 0 0 18 0 0 0 6 11 22 0 0 0 0 0 68 79 53 19 0 3 
P5593 2029 2 0 0 15 8 0 0 0 10 0 0 0 8 0 0 0 0 0 2 0 0 0 21 0 10 0 0 29 0 -999 -999 -999 
P5593 2029 3 0 0 0 8 0 0 0 6 0 0 0 0 0 18 19 0 0 0 25 0 24 27 39 0 0 0 0 0 0 0 0 
P5593 2029 4 9 0 0 0 22 0 18 0 8 0 0 24 30 25 14 11 0 0 7 15 13 0 10 0 0 0 4 0 3 0 -999 
P5593 2029 5 0 0 44 33 17 13 0 0 0 0 0 0 0 0 0 0 0 0 14 0 0 0 0 16 0 0 0 0 0 0 10 
P5593 2029 6 13 0 29 0 27 0 0 17 0 0 0 0 0 0 0 0 0 0 0 23 0 0 21 0 0 0 0 14 0 0 -999 
P5593 2029 7 0 23 0 0 0 0 0 0 13 0 0 0 0 0 0 0 0 0 0 0 0 0 0 0 0 14 0 0 0 0 0 
P5593 2029 8 0 0 0 0 0 0 0 0 0 0 0 0 0 0 0 0 0 0 0 0 0 0 14 0 0 0 0 10 0 0 0 
P5593 2029 9 0 0 25 10 16 15 10 0 0 0 0 0 0 0 0 12 18 22 0 15 0 0 0 0 0 27 19 0 52 46 -999 
P5593 2029 10 53 20 0 0 8 0 5 0 0 0 0 0 0 0 25 17 0 0 0 0 0 0 0 0 0 0 0 0 0 12 0 
P5593 2029 11 6 16 34 56 0 40 0 0 76 34 17 0 0 0 0 0 0 0 12 17 0 0 16 26 12 0 19 25 52 32 -999 
P5593 2029 12 0 0 24 13 0 0 0 8 0 12 0 0 0 0 0 0 9 0 17 0 0 7 0 0 0 0 0 0 0 0 61 
P5593 2030 1 54 0 0 0 27 0 0 0 0 11 0 23 18 0 0 0 0 0 4 3 11 0 0 0 0 0 13 0 57 62 60 
P5593 2030 2 95 57 40 0 0 0 48 43 39 0 50 0 0 0 36 0 0 0 27 16 0 0 0 13 0 0 0 0 -999 -999 -999 
P5593 2030 3 0 0 0 0 0 32 62 22 0 27 34 0 16 0 0 15 12 10 0 13 0 36 28 0 0 0 0 0 0 0 0 
P5593 2030 4 0 0 17 0 0 0 24 0 0 0 19 0 0 0 0 56 63 124 46 0 29 43 32 17 0 0 27 29 0 0 -999 
P5593 2030 5 0 0 0 0 0 0 0 10 0 13 13 0 0 0 0 33 21 18 18 0 6 0 0 0 0 0 0 0 0 23 0 
P5593 2030 6 0 0 0 23 22 0 25 0 17 27 23 0 19 22 0 0 0 17 0 0 0 0 0 0 0 0 0 0 0 0 -999 
P5593 2030 7 0 0 0 0 0 0 0 0 0 0 0 0 0 0 0 0 0 0 22 0 0 0 0 0 0 0 0 0 0 0 0 
P5593 2030 8 0 0 0 0 0 0 0 0 0 0 0 0 0 0 0 0 0 0 0 0 0 0 0 0 0 0 0 0 0 0 9 
P5593 2030 9 0 0 11 0 0 17 0 0 13 0 0 0 0 0 0 0 22 0 15 0 0 0 0 0 12 0 0 0 0 0 -999 
P5593 2030 10 0 8 12 0 0 0 0 0 29 0 36 0 17 13 0 0 0 0 0 0 0 0 0 0 0 11 0 13 0 0 20 
P5593 2030 11 0 0 0 0 80 60 25 11 0 24 0 0 0 0 0 0 23 27 0 9 5 0 0 0 0 7 0 15 0 54 -999 
P5593 2030 12 79 42 37 0 51 53 40 25 36 16 27 36 0 0 0 0 0 0 0 0 0 0 0 0 11 0 0 0 0 0 0 
P5593 2031 1 0 0 0 0 0 0 0 7 0 0 0 0 27 77 0 0 0 0 35 21 0 24 30 46 34 21 19 0 39 0 37 
P5593 2031 2 0 14 0 0 0 0 0 0 0 0 25 0 0 0 0 2 0 40 26 0 13 0 10 0 0 0 0 25 -999 -999 -999 
P5593 2031 3 23 30 22 0 0 0 26 0 0 26 31 27 33 62 55 37 30 35 34 18 33 41 36 31 26 40 50 0 34 0 28 
P5593 2031 4 25 29 20 0 44 0 0 0 0 4 3 0 0 0 21 0 0 24 16 0 0 0 0 27 27 30 29 22 0 17 -999 
P5593 2031 5 23 23 0 6 13 14 27 0 0 19 16 0 18 0 16 17 15 0 0 0 0 0 0 13 0 0 0 0 0 0 0 
P5593 2031 6 0 9 0 0 0 0 0 0 0 0 0 0 0 0 0 0 0 0 0 21 0 19 0 0 0 0 0 0 0 0 -999 
P5593 2031 7 0 0 0 0 0 0 0 0 21 0 20 0 0 0 0 0 0 0 0 0 0 0 0 0 0 0 0 0 0 0 0 
P5593 2031 8 0 0 0 0 0 0 0 0 0 0 0 16 0 0 0 0 10 0 0 0 0 0 0 0 0 0 0 0 0 9 0 
P5593 2031 9 0 0 0 6 0 0 11 0 0 0 0 0 13 3 0 0 0 0 0 0 0 0 0 0 0 0 16 0 29 0 -999 
P5593 2031 10 10 0 12 0 0 7 0 0 0 0 0 0 0 0 0 0 0 0 9 21 0 0 21 0 29 16 21 46 23 27 45 
P5593 2031 11 38 0 19 0 0 12 0 0 0 0 10 16 36 26 28 59 0 0 10 10 5 0 6 0 0 15 21 32 0 31 -999 
P5593 2031 12 0 78 88 66 34 22 0 10 0 0 0 0 6 9 9 5 0 3 5 4 0 0 5 0 17 16 0 0 0 20 0 
P5593 2032 1 54 72 0 0 24 91 0 42 108 13 0 3 4 0 0 0 0 0 47 0 0 0 0 0 0 0 0 0 19 37 22 
P5593 2032 2 50 50 0 0 0 14 10 0 0 0 0 0 0 0 0 0 7 0 0 0 0 0 0 0 0 0 0 0 -999 -999 -999 
P5593 2032 3 0 0 0 0 0 22 44 23 8 9 4 2 0 0 0 0 0 0 0 13 0 0 0 0 28 25 0 0 10 14 0 
P5593 2032 4 8 11 0 68 53 36 40 0 29 19 19 0 0 18 15 0 0 0 0 19 58 74 78 0 0 0 7 0 35 24 -999 
P5593 2032 5 18 15 0 0 0 29 0 27 25 19 22 0 14 8 0 18 36 34 15 15 21 4 3 0 0 0 0 10 0 0 0 
P5593 2032 6 0 0 0 0 0 33 20 0 0 0 0 22 18 11 0 0 0 0 0 0 0 0 0 0 14 0 0 24 0 0 -999 
P5593 2032 7 0 0 0 0 0 0 0 0 0 0 0 0 0 0 0 0 0 0 0 0 9 0 14 0 0 0 11 16 17 0 0 
P5593 2032 8 0 0 0 0 0 0 11 0 0 0 0 0 0 8 12 0 27 0 0 0 0 0 0 0 0 0 0 0 15 0 0 
P5593 2032 9 0 10 0 0 0 0 0 0 0 0 0 0 0 0 12 0 0 0 0 16 0 0 0 0 0 0 12 0 0 0 -999 
P5593 2032 10 0 0 0 12 0 7 0 0 0 0 26 21 17 0 34 0 0 18 46 52 48 64 0 0 0 8 5 0 0 0 0 
P5593 2032 11 0 0 0 31 47 41 40 38 0 0 0 14 44 0 4 0 0 0 44 61 41 0 22 39 0 28 29 32 0 10 -999 
P5593 2032 12 0 0 5 6 0 26 0 0 0 0 35 0 0 0 0 0 3 0 0 0 0 0 0 0 8 0 7 9 0 9 58 
P5593 2033 1 48 20 0 0 0 0 0 0 0 0 0 0 0 0 0 0 0 0 0 0 0 0 0 0 0 0 0 12 0 0 0 
P5593 2033 2 0 0 0 0 0 0 8 0 0 18 9 10 11 17 40 74 92 59 47 70 77 75 44 30 39 20 27 0 -999 -999 -999 
P5593 2033 3 0 0 0 8 0 0 0 11 0 0 0 16 0 36 0 13 16 20 0 59 46 0 0 37 47 0 0 0 26 13 26 
P5593 2033 4 0 0 0 0 0 0 0 0 18 0 0 9 0 0 0 0 0 39 37 48 35 0 0 18 0 16 0 0 0 3 -999 
P5593 2033 5 0 0 0 0 0 0 0 0 31 0 0 0 13 0 0 24 0 0 0 0 0 0 0 0 0 0 0 0 0 14 0 
P5593 2033 6 0 0 0 0 12 0 0 0 0 0 0 0 0 0 0 0 15 0 0 14 0 0 0 0 0 0 0 0 0 0 -999 
P5593 2033 7 0 0 0 0 0 0 15 0 0 0 0 0 12 0 20 0 0 0 0 0 0 18 0 0 0 0 0 0 0 18 0 
P5593 2033 8 3 0 0 0 0 0 0 0 0 0 0 0 0 0 0 0 9 10 0 0 0 0 0 0 0 0 0 19 0 0 0 
P5593 2033 9 0 0 5 0 0 0 24 22 0 0 8 5 0 0 0 0 0 11 11 0 0 0 0 0 0 0 0 0 0 0 -999 
P5593 2033 10 21 0 26 30 0 7 0 0 0 0 0 0 0 21 18 0 38 0 61 0 0 0 0 0 33 27 0 0 11 0 0 
P5593 2033 11 40 0 58 92 25 66 72 85 15 11 0 18 0 0 0 63 0 0 10 0 0 0 0 0 0 0 0 0 0 0 -999 
P5593 2033 12 0 0 45 39 0 21 43 22 28 17 0 0 0 0 0 0 0 0 5 0 0 7 17 16 0 6 0 21 0 0 11 
P5593 2034 1 0 0 0 0 0 0 0 0 0 0 0 0 0 0 0 0 0 0 0 0 0 0 16 0 37 0 44 0 0 0 0 
P5593 2034 2 0 0 0 0 0 0 0 0 38 30 47 0 6 0 0 0 0 0 71 0 0 0 0 0 0 0 0 0 -999 -999 -999 
P5593 2034 3 0 0 0 0 0 0 0 11 0 0 18 28 0 0 0 0 0 9 0 0 0 0 15 9 0 0 0 18 30 0 0 
P5593 2034 4 0 0 27 60 71 34 7 20 28 26 28 13 0 0 35 31 0 0 22 24 0 50 47 0 0 9 0 0 0 0 -999 
P5593 2034 5 0 0 0 0 0 0 0 0 0 0 10 0 0 31 0 0 9 13 12 15 0 0 0 20 0 0 0 34 0 0 24 
P5593 2034 6 0 0 21 0 0 0 16 0 0 0 0 0 0 0 0 0 22 0 0 0 0 0 0 0 11 0 0 0 0 0 -999 
P5593 2034 7 0 0 0 0 6 0 0 0 0 0 0 0 0 0 0 0 0 0 0 0 0 0 0 0 0 0 0 0 0 0 0 
P5593 2034 8 0 0 0 0 0 8 0 0 0 0 0 0 0 0 0 0 0 15 0 0 0 0 0 0 0 14 0 0 0 0 0 
P5593 2034 9 0 0 0 0 0 0 20 0 0 0 0 10 0 11 9 0 0 0 7 0 0 0 0 0 0 0 12 0 0 0 -999 
P5593 2034 10 0 0 0 0 0 0 0 0 0 2 5 0 10 8 22 0 11 0 0 0 0 0 27 0 5 0 0 13 12 0 0 
P5593 2034 11 6 0 13 0 0 0 4 0 0 9 0 0 0 0 0 0 0 0 0 0 0 0 0 13 24 0 28 22 21 25 -999 
P5593 2034 12 15 16 0 5 4 0 0 0 0 5 0 0 0 0 14 19 16 12 0 0 0 17 25 52 61 0 66 0 0 0 20 
P5593 2035 1 0 0 34 39 25 32 0 0 0 7 0 4 0 0 0 5 0 0 0 0 13 0 0 0 0 0 0 0 0 9 0 
P5593 2035 2 7 0 0 0 0 0 0 0 0 0 0 0 10 7 0 0 0 0 0 22 0 12 0 0 0 0 45 18 -999 -999 -999 
P5593 2035 3 21 0 8 0 0 0 0 0 26 0 0 0 16 26 8 0 0 0 0 0 0 4 0 0 0 0 0 0 0 24 0 
P5593 2035 4 0 0 0 28 34 38 0 41 21 17 0 0 21 25 0 0 0 0 0 0 38 28 0 35 0 0 14 24 33 29 -999 
P5593 2035 5 24 30 0 8 16 0 39 27 0 0 16 0 0 0 0 0 0 0 19 0 0 0 0 0 20 0 0 0 0 0 7 
P5593 2035 6 0 0 0 0 15 0 0 0 0 13 0 0 0 0 0 0 0 0 0 0 0 8 0 0 0 0 0 0 0 0 -999 
P5593 2035 7 0 27 0 0 0 14 0 0 0 0 11 0 11 0 0 0 0 0 0 0 0 10 0 0 0 0 0 0 0 0 0 
P5593 2035 8 0 0 0 0 0 0 0 0 0 0 33 31 0 10 0 14 0 0 0 0 0 0 24 0 0 0 0 0 38 31 0 
P5593 2035 9 10 0 0 0 0 0 0 0 0 14 0 23 0 7 0 0 0 0 0 0 0 11 11 0 0 0 15 0 0 19 -999 
P5593 2035 10 0 0 0 5 0 0 0 0 0 0 34 30 22 18 0 16 0 0 0 0 0 35 0 0 0 0 16 0 0 0 11 
P5593 2035 11 9 0 0 15 0 0 0 0 0 0 0 0 0 0 7 0 7 0 0 0 9 0 0 0 0 0 0 0 0 0 -999 
P5593 2035 12 0 0 0 0 0 2 0 0 0 10 0 0 12 25 46 0 0 31 21 0 12 0 0 19 0 23 23 0 8 20 34 
P5593 2036 1 48 44 0 16 0 0 43 34 41 74 42 22 33 0 0 0 30 20 0 36 0 0 8 0 0 0 0 0 0 0 0 
P5593 2036 2 9 21 0 19 0 3 0 7 0 0 11 0 0 13 0 0 0 14 0 0 22 0 0 23 9 11 9 19 -999 -999 -999 
P5593 2036 3 62 0 15 0 18 0 0 0 0 19 0 21 18 25 0 0 16 22 40 23 0 18 25 32 0 53 51 37 27 0 18 
P5593 2036 4 80 24 0 27 0 17 14 0 0 0 0 36 0 0 0 0 11 0 0 0 0 16 0 0 0 0 7 0 0 0 -999 
P5593 2036 5 10 0 16 25 29 0 0 0 0 0 23 0 23 0 0 0 40 27 34 0 52 44 0 14 0 5 0 0 0 0 0 
P5593 2036 6 0 0 0 0 0 0 0 0 0 31 31 26 0 0 0 0 0 11 0 0 0 0 0 0 0 0 0 0 0 0 -999 
P5593 2036 7 0 0 0 0 0 8 0 0 0 0 0 0 0 0 16 0 0 13 0 0 0 0 0 0 0 0 0 0 0 0 0 
P5593 2036 8 0 0 0 0 0 15 0 0 0 0 0 0 0 0 0 0 0 0 24 0 0 0 0 0 0 0 0 0 0 0 0 
P5593 2036 9 0 0 0 0 0 0 0 13 0 0 0 0 0 0 0 0 0 0 0 0 0 0 0 0 22 0 0 0 0 25 -999 
P5593 2036 10 23 0 0 0 18 37 0 0 22 41 0 0 0 0 0 17 0 14 18 10 0 0 0 12 21 12 5 0 0 0 0 
P5593 2036 11 0 0 0 0 18 28 49 34 22 23 13 0 0 0 0 0 6 5 0 5 0 7 16 26 31 27 0 0 0 0 -999 
P5593 2036 12 0 7 0 0 0 0 0 0 0 0 10 0 14 12 0 0 9 0 0 0 0 0 0 0 0 0 30 33 32 69 76 
P5593 2037 1 35 37 0 16 13 42 14 0 0 0 13 15 0 27 34 68 87 61 69 49 15 8 10 2 0 1 2 0 0 5 3 
P5593 2037 2 0 0 4 6 0 16 0 0 12 0 0 22 21 0 18 22 15 0 49 34 0 9 11 10 0 0 17 0 -999 -999 -999 
P5593 2037 3 19 21 36 57 54 28 0 50 34 0 13 14 0 4 0 0 0 28 0 22 18 56 48 69 0 89 0 39 36 0 0 
P5593 2037 4 4 3 0 0 0 0 0 0 0 0 0 0 47 0 0 0 18 16 10 0 0 0 36 38 38 36 32 0 0 10 -999 
P5593 2037 5 0 0 21 28 0 46 42 0 0 0 0 3 0 0 0 8 10 0 0 20 0 0 0 0 0 0 10 0 0 0 0 
P5593 2037 6 0 0 0 0 0 0 20 22 0 0 0 0 0 0 0 22 0 27 0 0 0 0 0 0 0 0 0 6 0 0 -999 
P5593 2037 7 0 0 0 0 0 18 0 0 0 0 0 0 0 0 0 0 0 0 8 0 0 0 0 0 0 0 0 0 0 0 0 
P5593 2037 8 0 0 10 0 0 0 0 0 0 0 0 0 0 0 5 0 8 0 0 0 14 0 0 0 0 0 0 0 0 0 0 
P5593 2037 9 0 7 0 0 0 0 0 0 0 0 0 0 0 0 0 0 0 0 0 0 0 0 10 0 11 20 20 0 14 0 -999 
P5593 2037 10 0 0 0 0 21 23 0 0 0 0 0 0 0 0 0 0 0 0 0 0 0 0 0 20 13 7 0 0 0 5 14 
P5593 2037 11 33 32 0 0 0 0 0 0 0 0 0 0 0 0 0 29 28 10 0 0 0 0 0 15 23 0 0 0 27 26 -999 
P5593 2037 12 0 18 58 60 78 114 61 0 0 0 0 32 9 8 0 0 0 3 0 26 11 9 0 0 14 0 0 0 0 0 0 
P5593 2038 1 0 0 1 0 0 0 0 10 16 11 25 66 0 0 0 25 0 17 0 0 17 0 0 14 12 0 20 13 0 0 30 
P5593 2038 2 12 0 17 0 26 0 14 0 14 0 0 0 0 0 0 0 7 0 0 0 0 0 0 0 35 0 12 0 -999 -999 -999 
P5593 2038 3 0 0 0 38 0 22 22 24 0 0 15 0 26 28 30 0 49 0 8 0 27 0 0 26 13 45 36 0 0 0 0 
P5593 2038 4 0 0 30 39 0 0 0 29 0 12 0 0 0 0 0 0 27 0 5 0 0 47 11 4 0 0 0 0 0 0 -999 
P5593 2038 5 0 0 0 0 0 0 8 12 14 20 17 0 0 0 0 0 0 0 0 0 0 11 10 0 0 0 0 0 0 0 0 
P5593 2038 6 0 0 0 0 0 0 0 0 0 0 0 18 0 0 0 0 0 0 0 0 14 10 0 0 15 15 0 0 0 16 -999 
P5593 2038 7 0 20 0 0 9 10 0 0 0 0 0 9 0 0 0 0 0 0 0 12 0 0 21 0 0 0 0 0 0 0 0 
P5593 2038 8 0 0 0 0 0 6 0 0 0 0 0 0 0 0 0 0 0 0 0 0 12 0 0 0 0 0 0 0 0 0 0 
P5593 2038 9 0 0 0 0 0 0 0 0 0 0 9 6 0 0 0 0 0 0 7 0 0 0 0 0 0 0 0 0 0 0 -999 
P5593 2038 10 0 0 0 0 0 0 0 0 0 0 0 16 0 0 9 0 0 0 0 0 20 0 0 0 0 0 0 24 0 0 0 
P5593 2038 11 28 0 25 22 49 51 33 16 13 16 33 75 29 0 0 36 0 26 33 13 0 4 0 16 9 0 39 46 56 0 -999 
P5593 2038 12 13 11 6 0 0 8 0 0 16 12 0 0 2 0 0 0 0 0 0 2 0 0 12 18 0 0 0 0 0 48 33 
P5593 2039 1 0 0 33 37 72 19 0 0 0 0 18 51 55 0 0 46 59 31 74 77 50 23 0 33 0 117 117 74 16 10 15 
P5593 2039 2 0 0 0 0 0 0 0 0 0 0 13 2 0 0 27 0 0 11 0 9 0 50 51 30 0 46 0 23 -999 -999 -999 
P5593 2039 3 0 0 0 0 25 19 12 6 0 0 20 0 35 0 6 23 0 0 37 0 40 22 6 5 9 20 0 5 0 4 3 
P5593 2039 4 3 0 0 0 0 0 0 0 9 0 16 0 10 0 0 0 0 0 0 10 0 0 0 0 0 0 0 0 0 0 -999 
P5593 2039 5 40 22 25 0 0 17 13 0 0 0 0 24 0 0 0 24 0 0 12 17 0 0 14 18 25 0 26 0 0 0 0 
P5593 2039 6 0 17 0 15 0 13 0 29 0 26 12 0 0 0 0 0 0 0 0 0 0 0 0 0 0 0 0 0 0 0 -999 
P5593 2039 7 0 0 0 0 0 0 0 0 5 0 0 0 0 0 0 17 0 0 0 0 0 0 0 0 0 0 0 0 0 0 0 
P5593 2039 8 0 0 0 0 0 0 0 0 0 0 0 0 0 0 0 0 0 0 0 0 0 0 0 0 0 0 0 0 0 0 0 
P5593 2039 9 17 0 0 0 0 0 0 0 0 0 0 0 0 0 0 0 0 0 0 0 0 0 0 0 0 0 0 0 0 0 -999 
P5593 2039 10 29 0 4 0 0 2 0 0 0 0 22 0 0 0 8 0 0 11 28 53 0 37 33 53 49 0 0 0 29 0 0 
P5593 2039 11 47 0 0 0 0 0 0 0 0 6 0 0 0 0 0 0 0 0 9 0 0 0 0 0 0 14 0 41 34 23 -999 
P5593 2039 12 24 9 0 0 0 0 0 0 0 0 0 12 15 0 30 20 0 117 37 0 9 8 0 0 0 15 23 0 0 0 0 
P5593 2040 1 7 0 0 0 3 0 0 0 1 1 0 13 0 0 9 0 19 10 13 46 0 0 0 0 0 0 0 5 12 19 61 
P5593 2040 2 31 13 43 51 53 0 0 0 0 0 0 26 23 62 88 62 40 76 81 77 0 0 48 55 29 27 0 48 -999 -999 -999 
P5593 2040 3 20 0 42 35 0 0 0 0 20 0 0 0 0 9 0 18 0 11 13 0 2 0 0 0 10 0 16 0 0 0 21 
P5593 2040 4 0 39 38 36 43 37 0 20 12 12 11 0 0 28 39 0 12 3 0 0 0 0 5 0 0 22 14 0 0 0 -999 
P5593 2040 5 7 13 6 0 0 0 20 0 0 0 0 0 0 0 0 0 0 0 0 0 0 0 0 0 0 0 0 0 0 0 11 
P5593 2040 6 0 23 0 0 0 0 0 6 15 25 19 0 0 0 0 0 0 0 0 30 0 0 7 8 0 0 0 0 0 0 -999 
P5593 2040 7 0 0 0 0 0 0 0 0 0 0 0 0 0 0 0 0 0 0 0 21 0 0 0 0 23 0 0 0 0 0 0 
P5593 2040 8 0 0 0 0 0 0 0 0 0 0 0 0 0 0 0 0 0 0 0 0 0 15 0 0 19 0 0 0 0 0 0 
P5593 2040 9 0 0 0 17 16 0 0 0 0 0 0 0 0 16 0 36 0 0 17 0 0 0 13 0 0 0 0 0 0 0 -999 
P5593 2040 10 11 0 0 0 0 0 0 0 0 25 15 19 23 0 0 0 53 88 30 0 0 0 16 20 0 0 0 0 0 0 0 
P5593 2040 11 0 0 0 0 0 0 0 23 0 0 14 13 30 72 45 82 45 15 18 0 0 0 0 0 0 0 20 26 0 0 -999 
P5593 2040 12 19 0 0 0 0 0 7 0 14 11 0 0 7 0 0 1 0 0 0 0 6 0 0 1 0 0 0 0 0 0 6 
P5593 2041 1 0 0 0 17 21 19 12 0 8 13 0 0 0 0 0 25 0 0 5 0 0 0 24 55 32 0 75 38 0 0 0 
P5593 2041 2 0 0 8 7 0 0 11 21 36 39 36 32 22 23 49 64 25 12 0 10 0 0 0 0 0 0 3 0 -999 -999 -999 
P5593 2041 3 0 0 0 0 0 0 25 27 26 0 0 12 0 0 0 0 0 0 0 0 0 5 6 0 8 0 0 17 0 0 0 
P5593 2041 4 0 0 0 0 0 11 0 22 0 0 24 27 23 13 18 13 4 0 0 0 0 0 7 3 0 0 0 11 0 0 -999 
P5593 2041 5 0 0 26 0 36 37 0 0 0 0 0 24 0 0 0 0 0 0 29 18 0 0 0 0 0 16 0 0 0 0 0 
P5593 2041 6 0 0 0 0 16 0 0 0 0 23 24 0 17 0 10 0 0 0 29 0 0 0 0 0 0 0 0 0 0 0 -999 
P5593 2041 7 0 0 0 0 0 0 0 0 0 0 0 0 0 0 0 0 0 19 15 0 0 0 13 0 0 0 0 0 0 0 0 
P5593 2041 8 0 0 0 0 0 0 0 0 0 16 0 0 0 0 11 0 0 0 0 0 0 0 0 0 0 0 4 0 0 0 0 
P5593 2041 9 0 0 0 0 14 0 0 0 0 0 15 0 9 0 0 0 0 0 22 22 0 0 0 0 0 0 0 0 0 0 -999 
P5593 2041 10 0 11 0 0 0 0 0 0 11 0 0 0 21 0 0 0 0 0 14 0 9 0 0 0 0 0 0 12 0 0 0 
P5593 2041 11 47 84 0 21 0 0 0 0 0 0 0 0 9 0 13 15 12 0 14 9 19 0 0 0 43 38 0 0 12 19 -999 
P5593 2041 12 39 58 72 37 15 11 0 0 21 0 0 0 0 0 0 0 0 0 0 0 0 9 0 4 0 0 0 0 29 25 0 
P5593 2042 1 0 34 52 50 24 0 0 0 15 0 25 0 0 0 0 0 25 26 43 0 0 0 0 0 0 30 42 40 0 0 7 
P5593 2042 2 0 9 9 0 0 0 3 0 6 0 13 12 9 0 0 0 0 0 1 1 0 0 0 0 0 0 0 0 -999 -999 -999 
P5593 2042 3 0 0 0 9 13 0 0 13 21 16 0 0 11 10 0 5 13 27 0 28 0 37 0 37 0 34 0 22 0 11 0 
P5593 2042 4 10 8 6 5 8 15 16 0 0 0 0 0 0 0 17 41 38 37 16 0 9 0 0 12 0 9 0 0 0 0 -999 
P5593 2042 5 32 45 50 41 0 0 27 22 0 0 31 29 53 29 0 0 13 0 0 0 0 0 0 15 0 0 9 0 0 24 22 
P5593 2042 6 0 0 18 20 29 24 0 0 0 0 0 0 11 0 0 0 0 0 0 0 0 0 0 0 0 0 0 0 7 11 -999 
P5593 2042 7 0 0 0 0 0 0 0 0 0 0 0 0 0 0 0 0 0 0 0 0 0 0 0 0 0 0 0 0 0 0 0 
P5593 2042 8 0 0 0 0 0 9 0 0 0 0 0 0 0 0 0 0 0 0 36 0 0 0 0 0 0 0 0 0 0 0 0 
P5593 2042 9 0 0 0 8 0 0 0 0 0 0 0 0 14 0 9 11 0 0 0 0 0 0 0 0 0 0 0 0 0 0 -999 
P5593 2042 10 0 0 0 0 15 12 0 0 0 8 7 0 0 0 0 0 7 0 0 0 0 0 0 0 0 0 0 0 7 0 0 
P5593 2042 11 12 0 0 17 25 29 0 15 17 18 0 0 0 20 0 0 0 0 0 8 0 0 24 0 0 0 22 0 0 0 -999 
P5593 2042 12 10 11 0 0 61 13 0 18 0 0 32 36 30 0 0 0 0 11 28 30 11 0 0 0 0 7 29 36 0 46 0 
P5593 2043 1 11 5 0 0 0 0 0 0 0 10 18 36 0 26 47 41 54 32 0 4 0 0 0 0 0 0 0 0 0 0 0 
P5593 2043 2 0 0 0 0 0 0 0 0 26 40 0 0 0 0 34 38 0 0 0 0 0 0 15 0 5 0 0 0 -999 -999 -999 
P5593 2043 3 0 0 0 0 0 10 0 10 10 18 37 32 0 56 30 48 56 0 30 33 16 38 52 49 32 47 0 19 0 69 32 
P5593 2043 4 57 56 40 18 0 26 0 28 29 0 0 18 38 19 10 0 0 0 0 0 0 0 28 0 0 40 26 35 52 21 -999 
P5593 2043 5 19 0 0 0 12 0 0 0 0 0 24 0 30 31 0 27 46 37 37 40 22 0 0 9 0 0 0 0 0 0 0 
P5593 2043 6 0 0 0 0 14 0 0 0 0 6 0 0 10 0 8 0 0 0 0 0 0 0 0 0 0 0 0 0 0 0 -999 
P5593 2043 7 9 9 0 0 0 0 22 0 15 0 0 0 0 0 0 0 0 0 0 0 0 0 0 0 0 0 0 0 0 0 0 
P5593 2043 8 0 0 0 0 0 0 0 0 0 0 0 0 8 0 0 0 0 0 0 0 0 0 0 0 0 0 0 0 0 0 0 
P5593 2043 9 16 0 0 14 0 0 0 9 0 0 0 0 7 0 0 0 0 10 0 9 0 0 0 11 0 0 0 11 11 0 -999 
P5593 2043 10 0 0 0 6 0 0 0 0 0 0 0 0 29 0 0 8 0 0 0 0 0 0 0 0 5 0 0 0 12 14 0 
P5593 2043 11 0 0 18 30 113 68 0 0 0 0 0 0 0 0 0 0 9 18 0 0 44 47 0 18 0 0 43 0 0 17 -999 
P5593 2043 12 9 0 0 49 42 0 13 0 0 0 0 0 0 0 0 0 0 0 0 10 3 3 0 0 0 0 0 0 2 0 0 
P5593 2044 1 0 0 0 3 4 8 0 0 0 17 32 31 0 17 0 16 0 59 46 30 0 17 0 25 43 50 26 18 10 0 0 
P5593 2044 2 19 0 18 39 12 6 0 0 12 0 0 0 0 7 0 0 23 8 7 4 0 0 0 0 0 6 0 5 -999 -999 -999 
P5593 2044 3 0 14 0 0 0 0 0 0 14 0 0 0 10 0 0 20 0 0 0 0 0 0 0 0 0 0 31 34 27 0 19 
P5593 2044 4 23 0 39 24 0 0 20 0 34 0 0 0 0 0 0 0 26 0 0 4 0 5 12 16 0 0 21 22 0 23 -999 
P5593 2044 5 19 0 17 0 0 28 49 43 0 0 0 45 32 0 19 0 0 14 11 13 0 0 0 13 0 11 11 0 0 0 0 
P5593 2044 6 0 0 13 0 0 0 0 0 0 0 0 0 0 0 24 0 0 0 0 0 25 27 0 0 0 0 0 0 0 0 -999 
P5593 2044 7 0 0 13 0 0 0 0 0 0 0 21 0 0 0 0 0 0 0 0 0 0 0 0 0 15 0 0 0 0 0 0 
P5593 2044 8 0 0 19 0 0 0 14 0 0 0 0 0 0 0 0 0 0 0 11 0 0 0 0 0 0 0 0 0 0 0 6 
P5593 2044 9 0 7 0 0 0 0 0 0 0 0 0 0 0 0 0 0 0 0 0 0 15 0 12 0 20 0 13 0 0 0 -999 
P5593 2044 10 0 0 0 0 0 0 0 0 0 0 0 0 0 0 16 0 0 0 0 47 0 0 0 65 48 27 0 0 0 9 0 
P5593 2044 11 0 7 0 10 20 0 8 0 0 0 0 19 51 45 22 24 0 10 0 0 60 0 0 10 0 0 0 15 0 0 -999 
P5593 2044 12 0 0 6 0 0 0 0 4 0 0 0 0 0 0 0 0 17 26 50 87 34 0 0 0 0 0 17 0 0 11 11 
P5593 2045 1 0 24 63 0 56 0 16 41 71 48 31 45 0 0 0 0 0 0 0 0 2 0 0 0 1 0 0 8 0 0 0 
P5593 2045 2 0 0 0 0 11 0 22 0 5 0 41 59 0 0 6 8 0 0 8 0 0 26 19 0 60 91 121 107 -999 -999 -999 
P5593 2045 3 17 10 0 27 24 12 17 0 49 49 38 31 43 41 0 0 17 20 0 0 0 0 0 0 2 0 0 4 0 0 0 
P5593 2045 4 0 9 0 0 10 14 0 0 13 0 18 0 18 0 44 0 15 8 0 6 0 0 0 0 10 0 0 0 0 0 -999 
P5593 2045 5 19 0 0 38 14 0 0 0 0 5 0 0 19 0 0 0 0 0 0 50 0 32 0 35 0 15 0 30 38 26 0 
P5593 2045 6 0 0 12 0 0 9 0 0 0 0 0 0 0 41 0 0 0 0 16 0 0 0 0 0 12 0 15 0 0 0 -999 
P5593 2045 7 0 0 0 0 0 0 0 0 0 0 0 0 0 0 0 0 0 0 0 0 0 0 0 0 0 0 0 0 0 0 0 
P5593 2045 8 0 0 0 0 0 0 0 0 0 23 0 0 0 0 0 0 0 0 0 0 0 0 0 0 0 0 0 0 0 0 0 
P5593 2045 9 0 0 0 0 25 0 0 0 24 0 0 0 12 0 4 5 0 0 12 0 0 0 0 15 17 0 0 0 0 0 -999 
P5593 2045 10 0 0 0 0 18 19 0 14 0 0 0 8 0 0 7 0 0 0 0 0 0 0 0 0 0 0 0 0 0 0 0 
P5593 2045 11 0 19 28 0 25 13 10 0 0 0 0 9 0 0 0 0 0 0 22 8 0 0 9 0 10 0 14 11 11 0 -999 
P5593 2045 12 0 0 0 0 0 0 2 6 12 0 39 10 0 0 0 1 0 5 1 0 3 4 0 44 0 0 10 10 0 0 0 
P5593 2046 1 11 0 10 13 0 0 0 0 14 0 0 3 0 0 7 0 0 51 69 0 59 0 45 48 33 53 45 0 46 34 0 
P5593 2046 2 30 7 13 0 0 0 0 0 0 0 10 0 29 0 28 72 89 75 0 22 0 0 12 17 14 0 35 33 -999 -999 -999 
P5593 2046 3 0 11 26 26 13 0 0 8 0 0 0 3 0 0 0 0 10 0 0 0 0 7 0 0 0 37 0 24 26 0 23 
P5593 2046 4 39 0 0 22 0 0 30 0 51 48 18 0 35 49 39 42 44 33 0 0 21 26 35 28 41 30 28 0 0 26 -999 
P5593 2046 5 0 0 0 0 3 0 0 0 0 0 0 33 30 0 0 10 0 11 23 27 0 0 40 34 57 0 0 0 25 26 0 
P5593 2046 6 22 0 0 0 48 27 0 0 12 0 0 0 0 0 0 0 0 0 0 0 0 0 0 0 0 0 0 0 0 0 -999 
P5593 2046 7 0 0 0 0 0 0 0 0 0 21 0 0 0 0 0 0 0 0 0 0 0 0 0 0 0 0 0 0 0 0 0 
P5593 2046 8 0 0 0 0 0 0 0 0 0 0 0 0 0 0 0 0 0 0 0 16 0 0 0 0 0 13 0 0 0 0 16 
P5593 2046 9 0 0 0 0 21 0 0 0 0 0 0 6 0 0 0 0 0 8 0 0 0 0 11 0 0 8 0 0 0 20 -999 
P5593 2046 10 0 0 0 0 0 0 17 15 0 0 0 6 0 11 0 15 0 22 0 0 0 0 15 6 9 0 0 10 0 0 13 
P5593 2046 11 0 0 46 42 14 14 0 0 0 0 1 0 0 0 0 5 6 11 0 0 0 0 0 0 0 0 0 0 0 5 -999 
P5593 2046 12 0 0 0 0 0 0 0 4 0 0 17 0 18 16 18 23 18 19 15 0 0 0 0 0 0 18 6 0 0 0 0 
P5593 2047 1 0 20 39 53 34 0 13 10 20 0 28 7 0 10 9 22 0 16 13 7 0 0 0 0 4 0 0 0 0 14 0 
P5593 2047 2 27 6 3 10 14 0 0 0 0 0 8 0 32 0 22 12 13 0 17 32 28 23 21 0 0 0 9 0 -999 -999 -999 
P5593 2047 3 0 0 18 0 0 20 16 0 14 27 27 0 0 0 13 20 18 0 0 0 0 0 0 0 0 0 0 11 0 0 18 
P5593 2047 4 0 15 0 0 0 11 8 0 0 11 0 0 0 15 0 0 0 38 28 23 0 0 27 36 0 0 0 30 30 0 -999 
P5593 2047 5 0 28 26 0 0 37 0 12 0 0 0 16 0 43 44 24 0 0 14 0 0 0 0 14 0 0 0 0 0 0 0 
P5593 2047 6 0 0 0 0 0 0 0 0 0 0 0 0 0 0 0 0 0 0 0 0 0 0 0 0 0 0 0 0 0 0 -999 
P5593 2047 7 0 0 0 0 0 0 0 0 11 0 0 0 0 0 16 0 0 0 0 14 0 0 0 0 0 0 0 0 0 0 0 
P5593 2047 8 0 0 0 0 0 0 0 0 0 0 0 0 0 0 0 0 0 0 0 0 0 0 18 0 0 0 0 0 0 0 0 
P5593 2047 9 0 0 0 0 13 15 0 0 0 0 13 0 0 0 0 0 0 0 0 0 0 0 0 0 0 29 15 10 0 11 -999 
P5593 2047 10 0 0 0 40 0 0 0 0 0 15 0 7 15 0 0 0 0 0 0 0 0 7 0 0 18 19 0 0 13 12 0 
P5593 2047 11 19 0 0 0 0 0 5 0 0 0 0 0 0 0 0 0 0 18 21 22 10 0 0 3 3 0 10 0 0 0 -999 
P5593 2047 12 28 39 0 41 106 102 112 65 0 7 0 0 0 15 56 42 0 31 73 66 0 35 0 25 24 15 10 0 0 0 0 
P5593 2048 1 0 0 0 0 0 0 0 3 0 0 0 2 0 0 0 0 0 0 0 7 16 15 7 0 8 38 68 9 0 0 0 
P5593 2048 2 41 24 8 9 0 13 25 57 0 0 0 0 0 0 10 0 17 28 10 0 15 0 0 10 0 11 0 0 -999 -999 -999 
P5593 2048 3 0 0 0 0 0 0 0 0 0 0 11 14 0 0 0 13 0 41 39 33 23 24 26 0 12 20 0 23 28 0 0 
P5593 2048 4 10 0 0 0 29 0 0 55 0 11 0 0 55 42 0 31 52 40 73 65 35 0 0 0 13 22 19 12 17 22 -999 
P5593 2048 5 11 0 19 0 0 0 0 0 0 0 0 33 0 27 0 0 0 0 0 0 0 39 24 17 0 0 21 0 0 8 0 
P5593 2048 6 0 10 0 21 0 0 0 0 0 15 0 0 0 0 0 0 0 0 0 0 0 0 0 0 0 0 0 0 0 0 -999 
P5593 2048 7 0 0 0 0 0 0 0 15 0 13 0 0 15 0 0 0 0 0 0 0 0 0 0 0 0 0 15 0 0 0 0 
P5593 2048 8 0 0 0 0 0 0 0 0 0 0 0 0 0 0 0 0 0 19 0 0 0 0 0 0 0 0 5 0 0 0 0 
P5593 2048 9 0 0 0 0 0 0 0 0 0 0 0 11 9 10 0 8 0 0 0 0 0 0 0 0 0 0 0 0 0 0 -999 
P5593 2048 10 0 0 0 22 0 0 0 0 0 0 0 0 0 24 18 37 23 0 0 16 0 0 0 22 0 0 0 12 19 0 21 
P5593 2048 11 18 23 18 0 11 12 0 21 0 0 17 0 2 0 0 0 0 12 2 0 0 0 0 0 0 11 0 33 112 0 -999 
P5593 2048 12 37 0 46 14 4 0 0 0 0 0 0 0 0 0 15 0 11 0 0 93 37 0 0 0 0 0 4 0 0 0 0 
P5593 2049 1 0 28 39 14 15 0 10 0 0 11 0 0 10 0 0 4 0 0 0 0 0 0 0 0 0 0 0 0 0 0 0 
P5593 2049 2 0 0 0 0 0 26 50 47 19 44 52 97 105 75 0 111 0 66 52 0 77 0 37 100 54 74 0 27 -999 -999 -999 
P5593 2049 3 31 52 63 0 55 31 24 24 37 42 33 0 0 39 22 8 0 26 0 0 19 0 0 0 0 0 0 10 0 13 0 
P5593 2049 4 0 24 0 0 26 21 11 0 0 0 0 7 0 0 0 0 0 0 0 0 0 12 0 0 4 0 0 0 0 0 -999 
P5593 2049 5 16 0 0 9 10 15 0 0 0 0 0 0 0 0 16 0 0 0 0 25 0 0 9 10 0 0 0 0 0 0 0 
P5593 2049 6 22 0 0 0 8 0 0 0 12 0 0 0 0 0 0 0 0 0 0 0 0 0 0 0 0 0 0 0 0 0 -999 
P5593 2049 7 0 14 0 0 0 27 0 12 0 0 0 0 0 18 14 0 0 0 0 0 0 0 0 0 0 0 0 0 0 0 0 
P5593 2049 8 0 0 0 0 16 0 0 0 0 0 0 0 0 0 0 0 0 0 0 0 0 0 0 0 0 0 0 0 0 0 0 
P5593 2049 9 12 0 0 0 0 0 0 0 14 0 0 12 0 0 0 0 0 0 0 0 0 0 0 9 0 0 0 0 12 0 -999 
P5593 2049 10 0 0 0 0 0 11 0 0 0 0 0 0 15 0 0 48 0 0 19 9 9 0 0 24 0 23 37 27 0 0 0 
P5593 2049 11 0 30 21 0 0 21 55 0 0 8 0 0 0 10 11 7 7 13 0 5 0 6 0 0 11 0 0 0 0 17 -999 
P5593 2049 12 0 0 23 5 0 13 0 7 12 16 8 0 0 20 46 53 0 0 0 0 0 0 15 20 0 0 0 0 0 0 0 
P5593 2050 1 6 0 6 0 0 0 0 5 14 24 62 55 77 63 33 85 55 75 16 8 2 0 17 0 0 0 13 0 0 8 0 
P5593 2050 2 0 0 0 0 0 0 0 0 31 23 0 0 0 0 0 0 0 4 5 3 0 0 2 0 0 8 9 0 -999 -999 -999 
P5593 2050 3 0 0 0 0 0 0 0 0 0 18 0 17 12 0 12 14 0 16 0 0 21 16 29 37 0 0 0 19 27 0 7 
P5593 2050 4 0 0 0 0 0 16 18 0 13 0 40 65 9 0 0 0 40 22 26 37 0 49 0 27 0 22 0 0 0 0 -999 
P5593 2050 5 23 39 0 0 0 0 25 0 15 34 17 0 20 0 0 0 0 0 0 0 0 0 0 0 0 0 0 0 0 0 12 
P5593 2050 6 0 0 0 0 16 0 0 0 0 0 0 0 0 0 0 11 0 0 0 0 0 0 0 0 0 0 0 0 0 0 -999 
P5593 2050 7 0 0 0 0 0 0 0 0 0 0 0 0 0 0 0 0 0 0 0 0 0 0 0 0 0 0 0 0 0 26 0 
P5593 2050 8 0 0 0 0 0 17 0 0 0 0 0 0 0 0 0 0 0 0 19 0 0 0 0 0 0 0 0 0 0 0 0 
P5593 2050 9 0 17 0 0 0 0 0 0 4 0 0 0 0 0 0 0 0 0 0 0 0 0 0 0 0 0 0 0 0 0 -999 
P5593 2050 10 0 0 0 14 0 0 0 18 0 0 0 0 0 0 31 36 29 20 21 0 0 18 0 0 0 0 0 0 28 0 0 
P5593 2050 11 0 0 0 0 0 0 0 3 0 0 0 9 12 16 25 0 0 10 0 0 12 0 0 0 0 6 20 18 17 0 -999 
P5593 2050 12 0 0 26 14 0 0 0 14 0 35 0 21 38 56 0 0 0 0 23 12 0 0 11 0 0 11 0 0 0 0 0 
P5593 2051 1 13 0 0 9 7 0 0 0 8 21 21 39 76 27 31 10 7 12 0 0 6 5 4 0 0 0 13 0 0 26 33 
P5593 2051 2 43 0 0 36 28 0 14 13 0 0 8 0 0 8 15 0 0 0 0 0 0 31 48 0 0 42 0 28 -999 -999 -999 
P5593 2051 3 0 0 35 0 34 24 16 25 0 0 0 0 0 0 0 0 33 0 0 10 19 26 33 0 18 0 0 0 10 12 0 
P5593 2051 4 23 0 12 0 15 27 36 0 53 39 0 0 0 23 50 17 0 0 0 0 0 0 0 0 0 0 24 40 0 0 -999 
P5593 2051 5 0 21 23 0 0 0 0 0 0 0 0 0 0 0 0 21 20 0 15 0 0 15 0 0 0 0 0 0 0 0 0 
P5593 2051 6 0 0 0 0 0 0 0 0 0 40 18 0 10 0 14 0 0 0 17 8 0 0 0 8 9 0 0 0 0 0 -999 
P5593 2051 7 0 0 0 0 0 0 14 17 0 0 0 0 0 0 0 0 0 0 0 0 0 0 0 0 0 0 0 0 0 0 0 
P5593 2051 8 0 0 16 18 0 0 16 0 0 0 0 0 0 0 0 0 0 0 0 19 0 10 0 0 0 0 0 0 0 0 0 
P5593 2051 9 0 0 0 0 0 0 0 0 0 0 0 0 0 0 0 12 9 0 0 0 0 0 0 0 0 0 0 0 0 0 -999 
P5593 2051 10 0 0 0 0 9 22 0 0 0 21 0 0 0 15 0 0 0 0 0 0 0 0 0 0 11 0 0 46 44 0 8 
P5593 2051 11 0 0 0 32 0 0 0 0 0 0 0 0 43 33 0 0 0 28 44 0 16 30 45 24 0 25 0 0 0 28 -999 
P5593 2051 12 0 7 0 0 0 45 63 41 24 15 18 27 24 24 28 0 22 0 35 0 0 27 13 0 0 0 0 0 0 0 8 
P5593 2052 1 0 0 0 0 0 0 0 0 0 0 0 0 0 0 0 0 0 0 0 0 3 0 0 9 10 6 0 0 0 0 0 
P5593 2052 2 0 0 0 0 0 0 0 0 0 0 18 13 0 0 18 0 0 26 23 27 0 0 0 0 26 0 12 0 -999 -999 -999 
P5593 2052 3 4 0 0 0 0 0 0 32 0 8 11 16 21 38 0 0 0 0 20 30 57 41 27 34 0 0 0 0 0 0 0 
P5593 2052 4 0 0 0 0 0 0 0 0 0 0 0 0 0 0 0 0 0 0 0 0 0 12 0 0 7 0 0 14 0 0 -999 
P5593 2052 5 0 0 5 8 13 28 31 24 0 0 0 0 22 17 23 0 0 0 22 0 0 5 0 0 18 17 19 33 23 22 18 
P5593 2052 6 0 10 15 18 0 10 0 7 0 0 36 37 25 0 16 0 0 0 0 0 0 0 0 0 0 0 0 0 0 0 -999 
P5593 2052 7 0 0 0 0 0 0 0 0 0 0 0 0 0 0 0 0 0 0 0 0 10 0 0 0 0 0 0 0 0 0 0 
P5593 2052 8 0 0 0 0 0 16 0 0 0 0 0 0 0 0 0 0 0 0 0 0 0 0 0 0 0 0 16 0 0 11 0 
P5593 2052 9 0 0 0 0 0 0 0 0 0 0 11 0 0 0 0 0 0 0 22 0 0 0 0 17 0 0 17 11 9 0 -999 
P5593 2052 10 0 0 0 0 10 0 0 11 0 0 0 0 0 0 0 14 0 0 0 0 0 0 0 0 0 0 0 0 0 4 0 
P5593 2052 11 13 13 0 0 0 0 0 0 7 0 0 0 0 13 14 0 0 0 0 0 0 0 0 17 0 44 67 0 18 28 -999 
P5593 2052 12 0 0 15 13 18 6 0 9 33 87 71 28 0 41 18 7 17 0 0 0 0 10 0 0 13 9 0 0 0 23 14 
P5593 2053 1 0 0 0 0 0 0 0 0 0 0 0 0 0 15 0 6 5 0 0 0 0 0 0 0 0 1 0 0 5 7 0 
P5593 2053 2 9 31 23 46 38 0 52 27 23 0 8 0 5 0 0 4 13 0 0 0 0 0 7 0 22 19 0 68 -999 -999 -999 
P5593 2053 3 63 0 0 0 0 19 0 0 0 19 0 15 0 17 22 19 42 47 32 0 0 0 0 0 0 0 0 13 24 30 31 
P5593 2053 4 0 0 0 0 36 34 49 29 15 24 0 0 0 0 0 0 0 0 0 0 0 7 0 11 12 0 0 0 0 0 -999 
P5593 2053 5 31 25 37 0 0 45 0 29 21 15 18 0 0 17 0 16 0 0 0 0 0 0 27 27 12 8 9 0 0 10 0 
P5593 2053 6 18 0 18 17 0 0 0 0 17 18 0 0 0 0 0 25 0 0 0 0 0 0 0 0 0 0 0 0 0 0 -999 
P5593 2053 7 0 0 0 0 0 0 0 0 11 0 0 0 0 0 0 0 0 18 0 0 0 0 0 23 0 0 0 17 18 0 0 
P5593 2053 8 0 0 0 0 0 0 0 0 0 15 0 0 0 0 0 0 0 0 0 0 12 0 0 0 0 0 0 0 0 0 0 
P5593 2053 9 0 0 0 0 10 0 0 0 0 0 0 0 0 0 0 0 16 0 0 0 12 0 0 0 0 0 0 0 0 0 -999 
P5593 2053 10 0 0 0 0 0 0 0 0 0 0 0 0 0 0 22 26 0 19 0 0 9 0 0 16 0 0 0 0 0 0 0 
P5593 2053 11 0 0 45 0 0 23 0 0 0 62 34 37 0 16 45 48 66 57 0 0 9 15 14 12 0 0 0 10 0 0 -999 
P5593 2053 12 0 0 12 0 0 0 0 0 0 0 0 6 10 0 15 0 0 6 0 0 5 0 0 0 29 39 0 0 0 32 0 
P5593 2054 1 34 29 74 0 0 57 28 0 46 0 0 41 51 63 0 44 29 0 0 0 0 0 0 0 0 0 21 75 52 17 20 
P5593 2054 2 0 56 55 0 0 0 0 27 0 0 0 0 20 0 9 10 0 0 0 0 0 0 2 0 0 0 0 0 -999 -999 -999 
P5593 2054 3 0 0 0 0 0 0 0 0 0 0 4 6 3 0 10 9 9 22 0 10 10 0 0 0 5 0 0 14 0 0 30 
P5593 2054 4 0 21 0 0 0 55 68 47 25 0 38 45 14 0 13 31 14 0 23 13 0 0 0 0 0 0 29 0 38 0 -999 
P5593 2054 5 23 0 18 19 0 0 0 0 0 0 0 0 0 0 35 29 24 0 13 0 0 31 21 50 51 0 16 0 0 16 0 
P5593 2054 6 0 0 0 0 0 20 0 0 0 19 0 0 0 0 10 0 0 0 0 8 0 0 0 0 0 0 0 0 0 0 -999 
P5593 2054 7 0 0 0 13 0 0 0 0 0 0 17 0 0 0 0 0 0 0 0 0 0 0 0 0 0 0 0 0 0 0 0 
P5593 2054 8 0 13 0 0 0 0 0 0 0 0 0 0 0 0 0 0 0 0 20 0 28 0 5 13 25 26 0 12 9 0 0 
P5593 2054 9 0 0 0 0 0 0 0 0 9 0 0 0 0 15 0 0 0 0 0 0 8 0 31 0 0 0 0 0 17 0 -999 
P5593 2054 10 0 16 28 0 0 5 0 0 0 0 0 0 0 28 0 17 15 0 0 0 0 0 0 0 0 0 0 0 0 0 0 
P5593 2054 11 45 0 0 0 0 11 0 0 0 66 44 30 15 0 61 0 14 17 26 68 0 0 0 0 0 0 24 9 6 11 -999 
P5593 2054 12 0 0 8 3 0 0 5 5 0 0 0 26 0 20 0 8 0 0 0 0 2 0 0 0 55 41 0 46 46 31 28 
P5593 2055 1 0 0 0 26 0 0 0 19 0 23 0 0 0 11 0 0 23 74 56 14 0 9 0 0 0 0 0 8 0 0 0 
P5593 2055 2 0 0 0 0 15 23 32 28 0 0 0 0 0 0 0 0 0 0 0 0 0 0 0 0 0 29 22 10 -999 -999 -999 
P5593 2055 3 0 20 35 41 41 42 34 24 0 14 0 24 34 9 0 7 0 0 0 9 0 0 16 26 20 16 0 0 0 0 0 
P5593 2055 4 4 9 0 0 13 0 0 0 0 0 0 19 0 0 0 0 10 16 0 0 0 27 0 0 15 0 17 11 0 0 -999 
P5593 2055 5 0 4 1 0 0 0 0 0 0 28 0 35 21 15 0 0 4 11 0 0 0 0 0 0 24 35 22 0 0 0 0 
P5593 2055 6 0 0 0 0 0 0 0 7 0 0 0 18 0 0 0 0 0 0 0 0 0 0 0 0 0 0 0 0 0 0 -999 
P5593 2055 7 0 0 0 0 0 0 0 0 0 0 0 0 0 0 0 0 0 0 0 0 0 0 0 0 0 0 0 0 0 0 0 
P5593 2055 8 0 0 0 0 0 0 0 0 0 0 0 0 0 0 0 0 0 0 0 0 0 0 0 10 0 0 0 0 0 0 0 
P5593 2055 9 0 17 0 0 0 0 0 0 0 0 0 0 0 0 0 0 0 0 0 0 0 0 13 0 0 0 0 0 0 0 -999 
P5593 2055 10 26 16 19 25 0 0 0 10 13 20 33 24 13 10 33 46 61 34 0 0 0 0 0 0 0 13 13 0 0 0 0 
P5593 2055 11 10 0 0 20 0 0 0 38 28 0 13 0 0 13 11 19 35 0 0 0 0 13 16 9 0 0 47 34 96 59 -999 
P5593 2055 12 21 6 18 0 24 16 0 0 0 0 0 0 0 0 0 0 0 0 0 0 0 10 0 0 0 0 0 19 0 0 0 
P5593 2056 1 19 26 23 45 0 37 47 0 0 0 27 0 0 0 9 0 0 16 0 9 9 0 0 0 20 29 63 0 0 0 0 
P5593 2056 2 0 42 0 0 34 0 43 0 21 41 65 51 25 60 71 22 0 0 0 60 0 0 0 0 39 0 0 0 -999 -999 -999 
P5593 2056 3 0 37 15 13 38 69 50 51 20 65 63 61 39 0 60 10 13 0 37 0 17 0 26 0 0 0 34 61 0 28 10 
P5593 2056 4 0 0 0 0 8 0 0 0 0 0 0 0 0 0 0 0 0 23 30 0 6 0 0 17 18 0 0 0 0 0 -999 
P5593 2056 5 0 0 0 0 0 0 0 22 28 25 32 23 0 0 0 0 0 12 0 0 0 0 0 0 0 0 0 0 0 31 34 
P5593 2056 6 0 19 9 0 0 0 7 0 21 0 11 0 0 0 0 0 0 0 0 0 0 0 17 0 0 0 0 0 0 0 -999 
P5593 2056 7 0 0 29 0 23 0 0 0 9 0 0 0 0 0 0 0 0 0 0 0 0 0 0 19 0 0 0 0 0 0 0 
P5593 2056 8 0 0 0 0 0 0 0 0 0 0 0 0 0 0 0 0 0 0 0 0 0 0 0 0 0 0 16 0 0 0 0 
P5593 2056 9 0 0 0 0 0 0 0 0 0 0 0 10 9 0 0 0 0 0 0 18 0 16 13 0 0 0 0 0 0 0 -999 
P5593 2056 10 0 0 0 0 0 0 0 0 0 0 0 0 0 0 19 0 0 17 0 0 0 0 0 33 0 70 0 0 0 0 0 
P5593 2056 11 18 28 0 18 16 0 0 0 42 28 29 48 18 0 48 34 0 5 0 0 0 0 0 0 0 0 0 0 0 0 -999 
P5593 2056 12 0 0 0 0 0 0 0 0 0 0 0 0 0 6 14 17 17 37 0 0 12 12 0 0 0 0 15 0 0 0 38 
P5593 2057 1 34 54 38 22 33 0 0 0 15 0 31 0 8 10 12 29 32 43 69 0 9 5 4 0 0 0 40 120 98 0 23 
P5593 2057 2 0 0 0 5 22 13 10 0 0 0 0 0 0 0 0 0 0 0 0 3 0 0 0 0 39 39 44 27 -999 -999 -999 
P5593 2057 3 0 33 21 0 0 1 0 0 0 0 0 0 0 12 0 35 0 0 55 39 0 0 0 0 0 0 13 63 35 0 0 
P5593 2057 4 35 36 29 0 0 8 10 15 0 23 25 33 35 30 0 0 34 0 0 0 0 0 0 0 0 0 0 0 0 0 -999 
P5593 2057 5 0 0 0 0 0 20 0 0 34 0 0 0 0 5 0 0 10 0 0 0 0 0 0 0 0 0 25 10 0 0 0 
P5593 2057 6 0 8 0 0 0 0 0 0 0 0 0 0 0 15 0 0 0 0 0 0 0 0 0 0 0 0 0 0 0 0 -999 
P5593 2057 7 0 0 0 0 0 0 0 12 0 0 0 0 0 0 0 0 19 0 7 0 0 0 0 0 0 0 0 0 0 0 0 
P5593 2057 8 0 0 0 20 0 0 0 0 0 0 0 0 0 0 0 0 0 0 0 0 0 0 0 0 9 0 0 13 0 0 0 
P5593 2057 9 0 0 0 0 0 0 0 0 0 0 15 13 0 0 10 0 0 0 0 0 0 0 0 0 21 0 0 0 0 0 -999 
P5593 2057 10 0 0 0 22 0 0 0 19 0 0 0 0 34 18 0 0 0 0 0 14 24 17 16 0 0 43 51 30 34 0 0 
P5593 2057 11 9 0 12 0 0 0 0 0 26 0 39 46 82 28 0 0 0 11 0 28 18 0 0 0 0 0 43 65 0 42 -999 
P5593 2057 12 38 26 51 0 0 0 0 0 0 0 0 0 0 0 0 0 9 0 30 0 0 19 46 68 33 0 0 12 0 0 3 
P5593 2058 1 0 14 6 5 0 8 14 0 0 25 14 42 66 0 73 90 36 29 0 0 0 0 0 0 0 3 32 85 75 70 38 
P5593 2058 2 0 0 13 30 48 33 19 25 0 0 12 47 0 0 0 0 0 15 12 0 0 0 0 0 0 0 0 0 -999 -999 -999 
P5593 2058 3 0 9 0 0 0 0 0 0 0 0 0 0 0 0 0 0 21 26 22 0 0 0 0 0 0 0 0 4 0 10 19 
P5593 2058 4 0 35 15 6 0 14 0 22 0 0 0 36 51 0 0 0 21 0 16 14 15 0 0 30 0 29 15 0 0 25 -999 
P5593 2058 5 0 13 0 0 22 29 0 0 0 0 10 16 0 0 0 0 0 0 0 0 0 0 0 23 0 14 0 0 0 0 0 
P5593 2058 6 0 0 0 8 0 11 0 0 0 0 0 0 0 10 18 0 0 19 0 0 0 0 0 0 0 0 0 0 0 0 -999 
P5593 2058 7 10 0 0 0 0 0 0 0 0 0 0 0 0 0 0 0 0 0 0 0 0 0 0 0 0 0 0 0 0 0 0 
P5593 2058 8 0 0 0 0 0 0 0 9 0 0 0 0 0 0 0 0 0 0 0 0 12 0 0 6 0 0 0 0 0 0 0 
P5593 2058 9 0 0 0 16 0 0 26 0 17 27 17 16 19 18 0 0 0 0 0 0 0 0 0 0 0 0 0 0 0 21 -999 
P5593 2058 10 0 0 0 0 40 19 0 0 0 0 0 0 0 0 0 0 0 0 20 31 34 0 19 18 13 0 7 0 0 0 0 
P5593 2058 11 0 0 0 0 0 0 0 0 0 0 0 0 0 0 0 3 0 0 0 0 0 0 11 4 0 0 0 4 0 0 -999 
P5593 2058 12 18 15 9 10 7 0 0 0 0 0 0 10 7 0 0 6 0 0 0 0 0 0 0 0 0 6 0 10 0 0 0 
P5593 2059 1 0 0 2 0 0 17 0 33 12 0 0 0 0 0 0 0 0 0 0 0 0 0 0 0 0 0 0 0 3 2 0 
P5593 2059 2 0 4 5 0 0 0 0 0 0 0 20 38 30 17 0 0 0 0 0 0 0 0 0 0 0 0 0 0 -999 -999 -999 
P5593 2059 3 0 0 0 0 0 0 7 0 0 15 0 0 0 0 0 6 0 0 27 0 0 0 0 0 14 33 42 35 35 41 38 
P5593 2059 4 22 6 0 0 11 21 28 0 0 44 26 0 0 0 0 24 0 0 0 0 20 0 27 60 23 0 0 0 0 0 -999 
P5593 2059 5 0 0 0 0 0 0 0 0 0 0 19 0 0 18 0 0 38 43 28 11 0 0 0 0 30 23 0 0 0 0 0 
P5593 2059 6 0 0 22 0 0 0 17 0 10 8 0 0 0 0 0 0 0 0 0 0 12 0 0 0 0 35 0 0 10 0 -999 
P5593 2059 7 0 0 0 0 0 17 0 0 0 0 0 0 0 0 0 0 19 0 0 0 0 0 0 0 0 0 0 0 0 0 0 
P5593 2059 8 0 0 0 0 0 5 0 0 0 0 0 0 0 0 0 0 0 0 0 0 0 0 0 0 35 0 0 0 0 0 0 
P5593 2059 9 0 0 0 0 0 0 0 0 0 0 0 0 0 0 0 2 0 0 0 0 0 0 0 0 0 0 0 0 0 0 -999 
P5593 2059 10 0 25 0 0 0 22 0 0 9 0 0 0 0 0 0 0 21 0 0 20 0 0 4 0 0 0 38 45 26 0 0 
P5593 2059 11 0 0 0 0 0 7 0 0 0 0 0 0 0 0 0 12 0 16 0 0 0 0 12 10 4 0 0 0 0 0 -999 
P5593 2059 12 0 5 0 23 23 36 14 0 18 31 0 24 0 0 0 0 0 2 0 0 5 0 0 17 23 42 44 0 30 25 10 
P5593 2060 1 0 0 16 0 0 0 0 0 20 0 57 60 74 47 0 0 0 0 7 0 0 0 0 6 5 0 4 0 0 0 12 
P5593 2060 2 34 0 0 0 0 0 0 11 6 2 0 18 0 0 0 0 0 0 11 13 0 11 9 7 0 0 0 23 -999 -999 -999 
P5593 2060 3 0 19 0 0 0 0 0 23 0 0 0 0 4 0 0 0 0 0 0 0 32 0 46 34 15 21 38 37 0 23 0 
P5593 2060 4 0 0 0 0 0 16 0 0 42 44 20 0 0 21 39 0 0 12 17 0 0 0 0 0 0 0 0 8 0 0 -999 
P5593 2060 5 0 0 0 32 0 21 10 0 0 0 24 17 0 0 0 0 0 0 0 0 0 0 0 0 9 0 0 0 0 0 0 
P5593 2060 6 0 19 0 0 0 0 10 0 0 0 0 0 6 11 0 0 0 23 0 0 0 0 20 0 0 0 0 0 0 9 -999 
P5593 2060 7 0 0 0 11 0 0 0 0 0 0 0 0 0 0 0 0 25 0 0 0 0 0 0 0 0 0 0 0 0 0 0 
P5593 2060 8 0 0 0 0 0 0 0 0 0 0 0 0 19 0 0 0 0 0 0 0 0 0 6 0 0 0 0 0 0 0 0 
P5593 2060 9 0 0 0 0 0 0 0 0 0 0 0 9 0 22 0 0 0 12 0 0 0 5 0 0 12 0 24 11 0 0 -999 
P5593 2060 10 0 0 0 0 0 0 0 0 0 0 0 0 7 0 0 0 0 0 0 0 0 0 0 0 0 0 0 0 0 0 0 
P5593 2060 11 0 15 0 0 25 33 25 30 0 31 0 38 0 0 0 11 61 61 85 46 0 5 6 0 0 14 0 16 0 12 -999 
P5593 2060 12 0 0 14 16 22 0 42 0 0 0 0 0 0 0 8 0 0 13 11 0 0 0 19 21 13 0 0 24 44 43 0 
P5593 2061 1 11 15 17 12 10 0 40 28 0 0 5 0 0 0 0 0 0 0 3 0 16 13 14 0 0 0 5 3 0 3 0 
P5593 2061 2 9 15 13 0 0 8 0 0 20 24 35 25 0 16 16 0 0 0 0 0 0 11 0 14 22 0 18 27 -999 -999 -999 
P5593 2061 3 25 13 7 8 0 0 14 0 31 27 0 0 0 19 0 29 0 39 0 18 0 0 28 45 74 16 0 0 4 0 19 
P5593 2061 4 0 43 51 38 0 0 14 0 0 30 23 0 0 5 0 0 0 0 28 0 7 0 0 0 0 20 0 0 16 22 -999 
P5593 2061 5 0 17 14 12 0 0 0 0 8 0 9 11 17 0 0 0 0 0 9 0 6 4 0 0 0 0 9 0 0 24 0 
P5593 2061 6 0 0 0 0 0 0 0 0 0 0 19 0 0 0 0 0 0 12 0 0 0 0 0 0 0 0 0 0 11 0 -999 
P5593 2061 7 0 0 0 0 0 0 0 0 0 0 0 0 0 0 0 0 0 0 0 0 0 0 0 0 0 18 0 0 0 0 0 
P5593 2061 8 0 0 0 0 0 0 0 0 0 0 0 0 0 0 0 0 0 0 0 0 0 0 0 12 0 0 0 0 0 0 14 
P5593 2061 9 0 0 0 0 0 10 0 0 0 0 0 0 32 0 0 0 0 17 12 0 0 0 0 0 0 0 23 0 0 21 -999 
P5593 2061 10 11 0 0 14 14 14 0 0 0 0 0 0 0 9 0 41 31 23 37 57 24 18 61 66 0 7 14 36 48 0 0 
P5593 2061 11 0 0 0 0 0 0 0 0 30 49 18 0 0 6 0 24 0 0 0 0 0 0 0 4 0 0 0 33 25 13 -999 
P5593 2061 12 0 0 0 0 0 0 0 0 5 0 17 0 7 8 0 16 0 0 14 15 29 48 0 0 0 0 0 6 9 18 0 
P5593 2062 1 5 0 0 0 0 0 0 0 0 0 0 0 0 0 4 0 0 0 0 1 0 0 0 0 14 42 38 26 0 0 0 
P5593 2062 2 0 0 0 0 0 0 0 0 20 0 16 5 0 9 0 0 0 0 0 0 0 0 0 0 0 29 24 12 -999 -999 -999 
P5593 2062 3 0 0 16 0 27 0 0 0 0 0 44 59 101 130 0 0 0 14 40 15 0 17 34 0 6 0 0 0 0 0 0 
P5593 2062 4 0 0 0 0 0 0 0 0 0 10 0 7 0 0 12 0 0 0 0 0 0 10 11 0 0 0 0 0 32 42 -999 
P5593 2062 5 13 5 0 0 0 0 0 26 30 27 0 0 6 7 0 17 0 0 0 13 0 10 9 0 0 21 15 0 0 0 0 
P5593 2062 6 0 0 0 0 0 0 12 0 0 0 0 0 0 0 0 0 0 0 0 0 0 0 0 0 19 16 0 0 0 0 -999 
P5593 2062 7 0 20 0 0 0 0 0 0 13 0 17 19 0 0 0 0 0 0 0 0 0 0 0 0 0 0 0 0 0 0 0 
P5593 2062 8 0 0 0 0 0 0 0 0 0 0 0 0 0 0 0 0 0 0 0 0 0 0 0 0 0 0 0 0 0 0 0 
P5593 2062 9 0 0 0 0 0 6 7 0 0 0 0 0 0 12 0 0 10 10 0 0 0 0 0 0 14 0 0 0 13 0 -999 
P5593 2062 10 0 0 0 47 73 61 27 0 0 0 25 0 0 0 0 0 29 11 0 17 14 8 24 0 0 0 0 14 0 14 0 
P5593 2062 11 0 0 0 0 0 0 0 0 0 0 0 0 0 0 18 0 0 0 27 0 0 0 27 0 0 0 0 0 0 0 -999 
P5593 2062 12 0 0 3 0 0 0 0 0 0 0 0 25 0 0 0 0 24 57 13 3 2 7 0 0 0 0 0 0 0 0 0 
P5593 2063 1 48 0 48 0 15 40 47 0 77 20 0 0 38 38 40 52 64 48 61 32 54 64 0 0 53 0 0 0 0 0 0 
P5593 2063 2 70 21 0 0 0 0 9 4 0 0 0 0 0 42 49 64 33 0 4 0 0 4 0 6 0 0 0 0 -999 -999 -999 
P5593 2063 3 0 0 6 0 0 0 0 24 0 0 31 0 38 40 29 71 33 0 8 0 14 17 14 26 96 0 0 30 33 0 45 
P5593 2063 4 16 8 0 0 0 0 0 43 54 22 0 0 8 0 26 0 16 10 10 14 0 0 0 11 9 15 6 0 0 31 -999 
P5593 2063 5 0 29 0 0 0 0 0 0 0 0 0 0 33 22 15 17 0 0 0 0 0 0 0 0 0 0 0 0 0 0 0 
P5593 2063 6 19 0 0 0 0 0 0 0 0 0 0 0 0 0 0 0 0 0 0 0 0 0 0 0 0 0 0 0 0 0 -999 
P5593 2063 7 0 0 0 0 0 0 0 0 0 0 0 0 0 0 0 0 0 0 0 0 0 0 0 0 0 0 0 0 0 0 0 
P5593 2063 8 0 0 0 0 0 0 0 0 0 0 0 0 0 0 0 0 0 0 0 0 0 0 0 0 0 13 0 0 0 0 0 
P5593 2063 9 0 0 0 0 0 0 0 0 7 0 0 0 0 0 0 16 0 0 23 0 0 0 17 0 18 0 18 0 0 0 -999 
P5593 2063 10 4 0 0 0 0 0 0 0 0 0 0 0 0 73 21 0 0 13 9 0 0 0 0 0 0 0 0 0 0 0 0 
P5593 2063 11 0 0 0 0 0 0 0 0 0 0 0 0 16 23 0 0 0 0 0 11 0 15 0 0 0 5 0 0 0 0 -999 
P5593 2063 12 0 0 0 0 0 0 0 0 0 0 0 0 0 0 0 0 0 0 8 4 0 0 1 0 0 0 0 0 0 2 0 
P5593 2064 1 0 0 0 0 0 0 0 0 0 0 0 5 0 0 0 0 0 0 5 0 0 0 0 0 0 16 16 12 0 18 15 
P5593 2064 2 0 0 17 0 19 0 11 0 0 2 1 0 2 0 4 2 0 0 0 0 7 0 0 6 6 3 0 0 -999 -999 -999 
P5593 2064 3 15 9 0 0 0 31 24 32 37 45 21 0 17 35 44 0 0 39 34 0 33 24 0 16 0 47 20 0 0 20 18 
P5593 2064 4 19 0 39 50 0 0 35 26 20 16 0 24 0 0 30 0 0 0 14 20 26 0 0 40 26 0 15 0 0 0 -999 
P5593 2064 5 0 0 12 0 0 19 0 0 0 0 10 12 0 0 0 10 0 0 0 0 0 20 0 0 0 0 0 0 0 0 0 
P5593 2064 6 0 0 0 0 0 0 0 0 0 0 0 0 0 0 0 0 0 0 0 0 0 0 0 0 0 0 0 0 0 0 -999 
P5593 2064 7 0 0 0 0 0 0 0 0 0 0 21 0 0 0 0 0 0 0 0 0 0 0 0 0 0 0 0 0 0 0 0 
P5593 2064 8 0 0 0 0 0 0 0 26 0 0 0 0 0 0 0 0 0 0 0 0 0 0 0 0 0 0 14 0 0 0 0 
P5593 2064 9 0 25 0 0 0 0 9 0 0 0 0 0 0 0 0 16 0 0 0 0 0 28 0 0 8 0 8 10 0 0 -999 
P5593 2064 10 0 0 9 16 16 0 0 29 17 0 0 0 0 0 0 11 0 7 0 0 11 9 0 0 0 18 0 0 0 22 8 
P5593 2064 11 0 0 0 0 29 0 0 0 0 0 9 0 0 0 31 6 0 0 0 0 9 0 0 0 0 0 0 18 9 9 -999 
P5593 2064 12 0 0 0 0 42 42 38 0 95 38 0 13 0 0 9 0 0 0 0 0 9 0 0 0 0 0 0 0 0 0 1 
P5593 2065 1 0 0 0 0 9 0 0 12 0 24 0 0 0 47 12 15 0 0 0 0 7 0 0 0 0 0 0 12 0 19 25 
P5593 2065 2 17 0 0 1 0 0 0 12 0 0 0 30 54 75 53 60 66 62 48 0 0 0 0 5 0 0 0 0 -999 -999 -999 
P5593 2065 3 0 0 0 0 0 0 0 5 0 7 0 0 9 0 4 0 0 18 0 13 0 0 0 0 0 0 0 33 0 0 12 
P5593 2065 4 14 12 0 0 0 0 0 0 3 0 0 0 0 22 0 22 0 0 0 0 0 0 0 0 0 0 0 0 0 0 -999 
P5593 2065 5 11 0 4 0 0 6 0 0 0 0 0 0 0 0 0 0 0 0 0 0 0 20 12 0 0 0 0 0 0 0 0 
P5593 2065 6 0 18 0 0 0 0 0 0 0 0 0 0 0 0 20 0 0 0 0 0 0 0 0 0 0 0 0 0 0 0 -999 
P5593 2065 7 0 14 20 0 0 0 0 0 0 0 0 0 0 0 19 0 9 9 0 0 0 0 0 0 0 0 0 0 0 0 0 
P5593 2065 8 0 0 0 0 0 0 0 0 0 0 12 0 0 0 0 0 0 0 0 0 0 0 13 0 0 10 0 0 0 0 0 
P5593 2065 9 0 0 0 0 0 0 0 0 0 0 0 0 0 0 0 0 0 0 0 0 0 0 0 12 20 0 13 0 0 0 -999 
P5593 2065 10 0 5 0 0 18 0 0 0 0 0 21 23 14 0 0 23 0 14 0 47 21 0 44 71 23 27 0 0 0 0 18 
P5593 2065 11 19 0 0 0 0 0 0 0 0 0 0 0 0 0 0 0 5 0 0 0 0 41 0 0 12 0 0 0 0 0 -999 
P5593 2065 12 14 0 5 0 4 0 0 0 0 17 34 81 26 10 0 0 16 17 32 54 0 0 60 98 98 0 85 0 0 0 7 
P5593 2066 1 0 0 0 0 0 0 0 0 18 0 0 0 0 24 40 0 0 22 63 0 12 47 42 0 0 7 12 0 0 11 0 
P5593 2066 2 0 0 0 11 14 16 0 0 28 17 21 0 10 0 0 0 0 0 0 9 12 9 7 6 68 51 26 33 -999 -999 -999 
P5593 2066 3 26 0 4 0 0 0 32 0 0 0 0 0 0 0 0 0 0 0 0 0 0 0 0 0 0 0 0 0 9 0 0 
P5593 2066 4 25 0 0 0 0 16 0 18 0 0 0 10 22 0 0 0 17 0 0 12 0 0 0 0 19 0 28 0 0 35 -999 
P5593 2066 5 0 0 0 11 0 17 14 0 0 13 0 0 0 0 0 0 0 0 0 0 0 0 0 0 0 0 0 0 0 0 0 
P5593 2066 6 0 0 0 0 9 0 0 0 0 0 0 25 0 0 0 0 0 0 0 0 0 0 0 0 0 0 0 0 0 0 -999 
P5593 2066 7 0 0 0 9 0 0 0 0 0 0 0 0 0 0 0 0 0 0 0 9 0 0 0 0 19 0 0 0 0 0 9 
P5593 2066 8 0 0 0 0 0 0 0 0 0 0 0 0 0 16 0 0 0 0 0 9 0 0 0 0 0 31 0 0 0 0 0 
P5593 2066 9 0 0 0 0 0 0 0 0 0 0 22 0 0 0 0 0 9 0 0 0 0 0 0 23 26 0 0 0 0 23 -999 
P5593 2066 10 20 0 0 0 0 0 0 0 0 0 7 7 0 11 0 0 0 0 13 0 24 0 0 0 0 0 0 39 0 16 0 
P5593 2066 11 9 0 0 20 44 23 0 0 21 0 22 0 33 0 0 0 0 0 0 10 0 0 0 0 7 0 0 0 5 0 -999 
P5593 2066 12 0 0 12 0 0 0 0 0 4 0 0 0 9 0 72 82 124 121 64 0 22 13 7 6 4 0 0 23 21 43 52 
P5593 2067 1 15 0 0 8 13 16 0 0 0 0 0 0 30 27 42 37 45 0 32 90 75 91 58 53 76 61 100 32 0 23 0 
P5593 2067 2 44 24 66 0 0 0 0 0 15 34 0 12 28 61 40 7 9 38 79 0 52 0 0 0 0 0 0 9 -999 -999 -999 
P5593 2067 3 0 9 13 3 0 1 0 10 15 17 0 18 0 14 0 0 0 0 8 0 0 5 10 0 0 0 4 4 0 0 0 
P5593 2067 4 0 0 0 0 0 0 0 0 20 0 0 0 0 27 0 0 11 0 0 0 17 0 24 26 0 0 15 0 0 0 -999 
P5593 2067 5 17 27 23 13 0 11 0 6 0 0 0 0 0 0 0 10 0 0 0 28 16 13 16 0 0 15 13 0 0 23 0 
P5593 2067 6 0 0 0 0 0 0 0 0 0 0 15 0 15 12 16 0 0 0 0 0 0 0 0 0 0 0 15 0 0 0 -999 
P5593 2067 7 0 0 0 0 0 0 0 0 0 0 0 0 0 0 0 0 0 0 0 0 0 0 0 0 0 0 0 0 0 0 0 
P5593 2067 8 0 0 0 0 0 0 0 0 0 0 0 0 0 0 0 0 10 0 0 0 0 0 0 0 0 19 0 0 0 0 0 
P5593 2067 9 18 0 0 0 0 0 0 0 0 0 0 0 0 0 24 0 0 0 5 0 0 0 0 0 0 0 0 0 0 0 -999 
P5593 2067 10 0 12 9 0 0 0 0 0 13 0 0 0 9 0 0 0 5 0 0 0 0 0 11 0 0 0 0 0 0 0 16 
P5593 2067 11 0 14 6 7 14 13 16 0 1 1 0 0 0 0 0 0 11 9 0 0 0 0 9 0 21 2 0 0 0 18 -999 
P5593 2067 12 11 13 0 0 0 10 0 16 0 0 9 8 0 0 0 5 0 0 0 2 0 0 0 2 0 0 46 31 28 6 14 
P5593 2068 1 0 0 4 0 0 62 66 0 18 0 0 0 0 0 0 0 0 0 0 0 0 0 0 0 25 0 0 9 10 14 9 
P5593 2068 2 0 0 0 0 0 28 22 16 0 0 19 21 0 0 0 0 0 0 0 7 13 17 21 0 6 0 37 0 -999 -999 -999 
P5593 2068 3 15 35 26 0 87 84 30 0 0 0 8 0 0 0 0 0 0 60 27 11 0 31 0 6 0 0 0 0 0 0 44 
P5593 2068 4 30 27 12 0 0 5 16 0 40 26 18 0 0 12 0 0 0 6 0 0 0 0 0 0 7 0 0 0 0 0 -999 
P5593 2068 5 0 21 0 18 0 0 0 0 0 0 6 0 43 31 19 0 0 19 0 0 0 12 9 0 0 0 15 20 18 14 0 
P5593 2068 6 0 0 0 23 0 12 0 0 7 0 0 0 0 0 0 0 0 15 0 0 0 0 0 0 0 0 0 0 0 0 -999 
P5593 2068 7 0 0 0 0 0 0 0 0 0 0 0 0 0 0 0 0 0 0 0 0 17 0 0 0 9 0 0 0 0 0 8 
P5593 2068 8 0 0 0 0 0 0 0 0 0 0 0 0 0 0 0 0 0 0 0 0 0 0 0 0 21 0 15 0 0 0 0 
P5593 2068 9 0 0 0 0 0 0 10 0 0 0 33 16 0 11 0 0 0 0 0 0 0 8 0 0 0 0 0 0 0 0 -999 
P5593 2068 10 0 0 0 0 0 0 0 0 0 0 28 14 0 0 16 0 0 0 0 0 20 0 6 0 0 0 0 0 0 0 0 
P5593 2068 11 13 14 0 0 0 0 0 4 0 8 0 0 0 4 0 0 0 0 0 0 21 0 0 0 0 0 0 0 0 0 -999 
P5593 2068 12 0 0 0 0 0 0 23 44 30 0 0 0 21 61 35 0 0 0 10 18 17 15 0 18 36 0 0 9 17 16 0 
P5593 2069 1 24 44 28 0 5 0 0 0 0 0 0 9 0 0 4 0 0 0 0 0 0 0 0 0 0 0 0 23 33 0 0 
P5593 2069 2 6 0 0 55 83 0 0 47 64 9 0 0 16 14 0 0 0 12 0 17 37 20 11 0 0 0 0 0 -999 -999 -999 
P5593 2069 3 25 0 0 0 0 22 0 0 0 0 0 0 0 0 2 0 4 0 0 0 10 0 0 0 0 31 34 29 0 33 53 
P5593 2069 4 0 0 0 20 0 10 13 19 25 27 0 0 17 0 0 0 21 0 0 13 13 0 12 12 0 0 0 0 0 5 -999 
P5593 2069 5 0 0 0 0 0 0 0 6 0 0 16 18 27 0 0 0 33 23 0 0 27 0 0 0 0 0 0 8 0 0 0 
P5593 2069 6 0 0 10 0 0 0 0 0 16 0 0 0 0 0 0 0 0 0 0 9 0 0 0 0 0 0 0 0 0 0 -999 
P5593 2069 7 0 0 0 0 0 0 0 0 0 0 0 0 0 0 0 0 0 0 0 0 0 0 0 0 0 0 0 0 0 0 0 
P5593 2069 8 0 0 0 13 0 0 0 0 0 0 0 0 0 0 0 18 0 0 0 0 0 0 0 0 0 0 0 0 0 0 0 
P5593 2069 9 0 0 0 0 0 0 0 0 0 13 0 0 0 0 22 0 0 0 0 0 0 0 0 0 0 12 12 0 0 0 -999 
P5593 2069 10 9 0 10 13 0 17 0 0 0 4 0 0 0 8 18 0 16 31 62 56 0 0 0 0 0 0 37 54 0 38 0 
P5593 2069 11 0 0 20 0 18 11 39 48 42 0 4 0 21 0 0 0 0 0 0 0 29 0 0 0 5 0 0 12 0 0 -999 
P5593 2069 12 0 0 0 0 0 0 0 0 0 0 0 7 10 0 0 0 12 0 0 4 0 0 21 7 0 0 0 0 40 29 14 
P5593 2070 1 0 13 29 26 10 0 55 76 78 32 42 19 0 0 0 0 0 0 0 0 4 6 12 12 0 0 0 0 4 0 0 
P5593 2070 2 0 0 0 0 0 0 0 0 0 13 19 0 12 7 0 12 14 12 0 0 0 23 36 0 33 38 49 21 -999 -999 -999 
P5593 2070 3 21 15 11 0 0 0 11 9 0 0 0 0 14 24 51 31 23 41 60 63 98 47 0 0 20 0 0 29 0 26 0 
P5593 2070 4 16 0 0 0 0 0 0 0 41 23 0 12 15 34 27 25 23 0 14 0 0 28 26 0 0 0 30 0 0 0 -999 
P5593 2070 5 11 0 0 0 44 53 26 0 19 0 19 0 12 0 0 24 21 0 0 19 0 23 0 0 10 0 0 0 0 0 0 
P5593 2070 6 0 0 0 0 0 0 0 0 0 0 20 0 0 8 0 0 0 0 0 0 0 0 0 0 0 0 20 0 0 0 -999 
P5593 2070 7 0 0 0 0 0 0 0 0 0 0 0 0 0 0 0 0 0 0 14 0 0 14 0 0 0 0 0 0 9 0 0 
P5593 2070 8 0 0 0 0 0 0 0 0 0 0 0 0 0 0 0 0 0 0 0 0 15 0 0 0 0 0 12 0 0 0 0 
P5593 2070 9 0 0 0 0 0 0 0 0 0 0 0 0 0 0 0 13 0 16 0 0 0 0 0 0 0 0 0 0 0 0 -999 
P5593 2070 10 0 0 0 0 0 0 11 0 25 0 0 0 40 19 22 20 47 0 32 0 0 0 0 0 9 0 0 0 0 0 0 
P5593 2070 11 17 7 0 0 0 0 0 0 0 7 0 0 0 0 0 0 0 7 0 8 0 17 0 0 0 0 21 49 45 15 -999 
P5593 2070 12 15 0 0 0 8 0 9 0 0 15 0 0 25 0 0 0 26 15 22 0 19 52 0 0 0 30 0 18 0 78 0 
P5593 2071 1 0 10 13 17 19 13 9 14 0 46 31 0 40 0 0 27 31 39 27 18 29 18 13 0 18 0 48 22 19 15 11 
P5593 2071 2 0 0 7 9 18 0 23 10 17 32 47 40 26 10 20 0 37 30 24 26 20 0 11 0 0 0 0 0 -999 -999 -999 
P5593 2071 3 0 11 11 0 21 22 32 28 23 27 0 0 14 28 19 0 0 28 22 7 0 0 0 0 0 0 0 0 0 0 0 
P5593 2071 4 0 49 43 0 0 0 0 0 0 0 0 0 16 0 21 0 0 0 0 20 26 32 27 22 31 0 0 19 16 17 -999 
P5593 2071 5 0 0 0 25 0 36 36 0 26 0 12 0 10 0 0 0 0 9 14 0 0 19 0 15 0 22 11 11 0 21 21 
P5593 2071 6 0 16 0 18 11 0 11 17 23 0 0 19 34 0 0 0 20 0 0 0 12 0 0 0 0 0 0 0 0 12 -999 
P5593 2071 7 0 0 0 0 24 0 0 9 0 0 0 0 0 0 0 0 0 0 0 0 0 0 0 0 0 0 0 0 0 0 0 
P5593 2071 8 0 0 0 0 0 0 0 0 0 0 0 0 0 0 0 0 0 0 0 0 0 0 0 0 13 0 0 0 0 7 0 
P5593 2071 9 0 0 0 0 0 0 0 12 0 12 13 0 0 0 0 0 0 0 0 0 0 0 0 0 13 0 0 0 0 0 -999 
P5593 2071 10 0 0 0 12 6 5 0 0 14 0 12 0 0 0 0 0 41 0 13 0 0 0 25 0 0 0 0 0 0 22 0 
P5593 2071 11 0 0 52 48 26 14 0 0 0 0 0 0 0 0 0 0 12 8 0 17 19 0 10 0 21 0 0 0 9 0 -999 
P5593 2071 12 0 0 0 20 26 0 75 61 48 88 64 80 59 44 0 0 0 43 21 0 0 0 40 66 28 0 31 0 0 0 39 
P5593 2072 1 0 0 9 0 10 0 0 0 0 13 3 2 0 0 0 0 0 0 0 19 22 0 14 0 0 0 0 0 0 9 0 
P5593 2072 2 48 0 0 23 35 14 0 0 4 0 0 3 0 0 0 0 4 10 0 38 26 0 0 9 0 11 12 0 -999 -999 -999 
P5593 2072 3 0 0 7 0 0 0 0 0 0 0 5 7 11 9 0 0 0 19 0 0 23 20 27 0 0 29 33 39 40 32 0 
P5593 2072 4 0 0 9 0 0 0 0 4 0 0 0 7 6 0 0 10 0 0 0 0 0 13 18 4 0 0 0 0 0 0 -999 
P5593 2072 5 0 0 0 6 0 30 0 0 0 0 0 0 0 0 0 0 13 0 16 0 13 0 0 0 0 0 0 0 0 0 8 
P5593 2072 6 9 13 0 14 0 0 0 0 0 0 0 0 0 0 0 0 8 0 0 0 0 14 14 0 0 0 0 0 0 0 -999 
P5593 2072 7 0 0 23 0 0 0 0 0 0 0 0 0 0 0 0 0 0 0 0 0 0 0 0 0 0 0 0 0 0 18 0 
P5593 2072 8 0 0 0 0 0 0 0 0 9 0 0 0 0 0 0 0 0 0 13 0 0 0 0 0 0 18 0 0 0 0 0 
P5593 2072 9 0 0 0 0 0 0 0 0 0 21 0 11 15 0 0 0 0 0 0 0 0 0 10 0 0 35 20 0 0 0 -999 
P5593 2072 10 0 0 0 0 0 0 0 17 0 0 0 15 0 0 20 25 17 0 4 0 0 0 0 0 3 0 11 0 0 0 0 
P5593 2072 11 0 0 18 14 0 23 3 3 0 0 21 5 17 36 0 0 0 0 20 0 0 0 0 15 0 16 0 0 0 0 -999 
P5593 2072 12 0 15 23 13 0 0 0 0 0 0 0 0 0 11 0 0 21 9 22 0 78 32 12 15 42 56 11 0 0 0 0 
P5593 2073 1 0 0 0 0 0 0 0 0 0 0 3 0 3 7 0 16 7 10 27 28 31 26 0 0 10 15 15 0 0 0 0 
P5593 2073 2 28 52 51 0 0 0 0 0 0 0 0 0 0 0 0 0 0 11 0 0 0 0 0 0 18 34 0 26 -999 -999 -999 
P5593 2073 3 0 27 6 0 0 19 19 28 42 0 18 0 33 22 27 23 18 0 16 0 38 36 9 0 0 18 0 82 103 23 0 
P5593 2073 4 13 0 0 0 20 0 32 19 0 24 0 34 32 23 15 0 0 14 0 0 0 17 22 67 62 47 25 17 0 0 -999 
P5593 2073 5 0 0 0 0 0 17 0 0 0 0 0 0 0 55 27 43 29 0 0 0 0 0 0 11 0 0 0 0 0 0 0 
P5593 2073 6 0 10 0 0 0 0 0 0 0 0 0 0 0 0 0 0 0 0 0 0 0 0 0 0 9 16 0 0 0 0 -999 
P5593 2073 7 18 0 0 0 0 0 0 0 0 0 0 0 0 0 0 0 0 0 0 0 0 0 0 0 0 0 0 0 0 0 0 
P5593 2073 8 0 0 0 0 0 0 0 0 0 0 0 0 14 0 0 0 0 0 0 0 27 0 0 0 0 6 0 0 0 0 0 
P5593 2073 9 0 0 0 0 0 0 0 0 0 0 0 0 0 0 0 0 14 0 0 0 8 0 0 0 0 0 0 0 0 0 -999 
P5593 2073 10 0 0 0 0 0 0 0 0 23 0 0 0 0 0 0 0 0 0 8 10 0 0 0 0 0 0 0 0 0 0 0 
P5593 2073 11 15 0 0 0 5 4 0 0 0 0 0 0 0 0 26 0 14 0 57 59 62 67 23 0 19 20 0 0 0 0 -999 
P5593 2073 12 0 0 0 0 0 0 0 9 8 7 0 0 17 16 0 0 0 0 0 31 13 0 0 0 0 0 0 28 69 87 194 
P5593 2074 1 112 25 0 88 118 106 48 0 0 54 36 0 29 0 9 0 0 2 0 0 0 0 0 0 0 0 0 5 0 0 0 
P5593 2074 2 0 0 9 0 0 0 6 0 0 0 0 18 24 0 0 0 42 25 13 24 0 0 0 0 17 0 68 92 -999 -999 -999 
P5593 2074 3 76 0 9 11 0 0 32 0 13 13 0 0 26 0 0 0 0 0 0 0 0 0 0 36 22 7 0 0 7 0 23 
P5593 2074 4 0 24 21 0 15 0 0 21 23 0 0 13 0 0 0 49 0 0 34 40 15 0 0 0 0 0 0 17 0 0 -999 
P5593 2074 5 11 0 19 0 17 0 0 14 17 0 0 33 0 0 28 19 0 21 0 0 0 0 0 9 0 0 0 0 0 0 0 
P5593 2074 6 0 0 0 0 0 0 0 9 0 0 0 0 7 0 0 0 0 0 0 0 8 0 13 0 0 0 0 0 9 10 -999 
P5593 2074 7 0 0 0 0 0 0 0 0 0 0 0 8 0 0 0 0 0 0 0 0 7 0 0 0 0 0 0 12 0 0 0 
P5593 2074 8 0 0 0 0 0 0 0 0 0 0 0 0 0 0 0 0 0 0 0 0 13 0 0 0 0 0 11 0 0 0 0 
P5593 2074 9 14 0 0 0 0 0 0 0 0 0 0 12 0 0 0 0 0 0 0 0 0 0 0 0 0 0 6 0 4 0 -999 
P5593 2074 10 0 0 0 0 0 0 0 0 0 0 6 0 0 0 0 0 0 0 16 19 0 0 34 18 0 0 0 0 0 0 0 
P5593 2074 11 0 5 0 0 0 0 0 12 17 0 0 0 0 0 19 0 16 7 0 37 20 7 0 0 16 0 0 12 0 0 -999 
P5593 2074 12 0 0 0 0 0 0 0 0 0 11 28 38 45 18 12 4 0 0 0 5 8 3 0 0 0 0 0 0 0 26 8 
P5593 2075 1 3 0 0 0 0 0 0 0 0 0 0 21 16 0 24 0 0 0 0 0 10 0 0 0 0 0 0 0 0 0 0 
P5593 2075 2 0 0 17 31 0 50 0 56 78 0 73 101 87 19 0 0 6 8 17 0 0 0 0 27 0 0 12 0 -999 -999 -999 
P5593 2075 3 0 28 0 8 5 11 0 0 5 0 16 9 0 0 12 0 18 27 0 22 0 42 31 0 39 21 12 0 8 0 0 
P5593 2075 4 16 22 26 20 0 44 69 95 76 0 0 7 0 7 0 0 12 0 0 44 37 22 0 0 0 13 0 0 0 0 -999 
P5593 2075 5 17 0 0 0 15 0 0 0 0 0 26 23 0 0 0 0 0 0 0 0 0 0 0 14 0 7 0 0 0 0 0 
P5593 2075 6 0 0 29 19 11 0 0 0 0 0 0 0 0 9 0 0 0 0 0 0 0 0 9 0 0 0 0 0 0 0 -999 
P5593 2075 7 0 0 0 0 0 0 0 0 0 0 0 0 0 0 0 0 0 0 0 0 0 0 0 0 0 0 0 0 0 0 0 
P5593 2075 8 0 0 0 0 0 15 0 0 0 0 0 0 13 0 0 0 13 0 0 0 0 0 0 0 13 0 0 0 0 0 0 
P5593 2075 9 10 0 0 0 0 0 0 10 0 0 21 0 0 0 7 0 0 0 0 0 0 0 0 0 14 15 0 0 13 0 -999 
P5593 2075 10 0 0 0 31 0 0 28 0 0 0 0 0 0 19 0 0 0 0 0 0 0 4 0 0 0 0 0 0 40 46 0 
P5593 2075 11 0 0 0 0 0 0 0 0 0 8 0 0 0 32 70 48 0 17 19 0 22 33 24 0 0 0 0 0 2 0 -999 
P5593 2075 12 0 0 34 32 20 0 0 50 32 0 0 18 15 26 37 21 0 0 16 7 10 0 0 0 0 0 0 10 0 0 0 
P5593 2076 1 0 0 0 0 0 10 0 8 8 0 0 7 0 0 0 0 0 0 0 0 5 4 0 0 0 0 0 0 0 0 22 
P5593 2076 2 47 25 12 0 2 0 0 2 0 0 0 0 0 0 6 0 0 0 9 21 20 0 0 4 0 0 0 0 -999 -999 -999 
P5593 2076 3 23 20 0 0 0 21 26 0 0 27 27 0 0 0 5 0 0 0 0 18 16 24 29 23 19 0 15 0 0 3 0 
P5593 2076 4 0 11 0 0 0 0 0 0 21 20 11 18 29 20 0 35 21 23 23 21 0 0 0 0 14 26 0 10 0 0 -999 
P5593 2076 5 0 0 26 0 0 0 0 0 5 6 0 0 0 0 18 0 0 0 0 0 0 0 0 26 0 0 0 0 0 0 14 
P5593 2076 6 17 0 0 18 0 8 0 0 0 0 0 0 0 0 0 0 0 0 0 0 0 0 0 0 0 0 0 6 7 0 -999 
P5593 2076 7 0 0 0 0 0 0 0 0 0 0 0 0 0 0 0 0 0 0 0 0 0 0 0 0 0 0 0 0 0 0 0 
P5593 2076 8 0 0 0 0 0 0 0 0 0 0 0 0 0 0 0 0 0 0 0 0 0 0 0 0 0 0 0 0 0 25 0 
P5593 2076 9 26 0 0 0 0 0 0 0 0 0 0 0 0 0 0 0 8 0 0 0 0 18 0 0 0 0 0 0 0 0 -999 
P5593 2076 10 0 0 0 0 0 0 0 0 0 0 0 0 0 0 0 0 0 0 0 0 0 0 10 0 16 0 0 50 26 8 0 
P5593 2076 11 0 0 0 8 0 0 0 0 0 0 0 20 0 0 13 13 19 23 0 0 21 0 24 0 0 0 22 39 0 15 -999 
P5593 2076 12 0 0 2 3 0 0 0 13 32 34 33 37 0 8 0 0 19 0 0 0 0 0 0 9 0 10 17 0 0 11 0 
P5593 2077 1 0 0 0 0 0 0 0 0 17 0 1 0 0 0 0 0 1 0 0 0 9 7 0 7 0 7 0 0 0 6 21 
P5593 2077 2 21 20 0 35 0 16 38 22 0 34 0 8 0 11 18 32 43 47 68 30 20 6 0 16 28 22 0 0 -999 -999 -999 
P5593 2077 3 0 0 14 16 26 0 0 46 0 0 19 24 14 0 0 0 0 0 0 34 0 42 0 29 0 10 0 0 0 0 0 
P5593 2077 4 0 0 0 0 0 0 0 7 9 0 0 0 0 0 18 27 0 0 24 23 13 0 0 0 0 0 42 14 0 0 -999 
P5593 2077 5 0 0 28 11 6 0 20 0 30 0 0 0 0 0 0 0 16 0 0 0 0 0 0 0 0 0 0 24 20 11 0 
P5593 2077 6 0 30 34 24 0 0 18 0 0 13 11 0 20 0 0 0 0 10 0 0 0 0 0 0 0 30 0 0 0 0 -999 
P5593 2077 7 0 0 0 0 0 0 0 0 0 17 0 0 0 0 0 0 0 0 0 0 0 0 0 0 0 0 0 0 0 0 0 
P5593 2077 8 0 0 0 0 0 0 0 0 0 0 0 0 0 0 0 0 0 0 0 0 0 0 0 0 0 0 0 0 0 0 0 
P5593 2077 9 0 0 0 0 0 0 0 0 0 22 0 0 0 0 0 0 0 0 0 0 0 0 20 0 0 0 0 0 0 0 -999 
P5593 2077 10 0 0 0 15 0 0 0 0 0 0 10 9 0 0 0 0 0 0 0 11 17 32 40 34 16 0 0 0 0 0 0 
P5593 2077 11 0 0 0 17 10 9 0 22 0 44 32 0 0 0 42 25 0 0 10 28 0 0 28 27 0 0 0 0 0 0 -999 
P5593 2077 12 0 50 51 0 0 42 50 76 0 0 71 0 0 0 0 0 0 0 0 0 0 5 0 0 0 0 17 0 2 0 20 
P5593 2078 1 64 115 98 80 44 62 0 16 56 44 0 16 53 26 48 37 31 24 0 0 0 0 0 7 0 0 0 0 0 0 3 
P5593 2078 2 5 0 0 3 0 0 0 0 0 0 0 0 0 0 0 0 0 9 9 0 0 0 15 14 50 71 32 24 -999 -999 -999 
P5593 2078 3 0 0 0 17 0 0 0 50 32 0 0 0 21 0 58 55 62 69 60 70 53 32 0 41 23 26 17 0 0 0 17 
P5593 2078 4 42 28 0 17 0 24 26 0 16 0 21 0 19 0 0 20 0 0 0 17 0 0 0 0 0 0 0 0 0 11 -999 
P5593 2078 5 0 0 0 0 0 8 9 0 23 0 0 0 0 0 15 0 0 31 0 0 0 0 0 0 0 14 0 19 0 0 0 
P5593 2078 6 18 23 0 21 0 21 0 0 0 0 0 0 0 13 0 0 0 0 0 0 0 0 0 0 0 0 0 10 10 0 -999 
P5593 2078 7 0 0 0 0 13 0 0 0 0 0 0 0 0 0 0 0 0 0 0 0 0 0 0 0 0 0 0 0 0 0 0 
P5593 2078 8 0 0 0 0 0 0 0 0 0 0 0 0 0 0 0 0 0 0 0 0 0 21 0 0 0 5 0 0 0 0 0 
P5593 2078 9 0 0 0 0 0 0 0 0 0 0 0 0 0 0 15 0 17 0 0 0 0 0 0 0 0 0 0 0 0 0 -999 
P5593 2078 10 0 0 0 0 0 0 0 0 0 33 0 0 0 0 0 0 0 34 14 0 39 0 0 0 0 0 0 0 0 0 0 
P5593 2078 11 0 0 5 0 0 0 0 0 4 0 0 0 0 8 9 0 0 38 22 0 0 0 7 0 8 0 0 4 0 6 -999 
P5593 2078 12 9 7 0 7 9 0 8 0 0 14 0 23 9 0 14 0 0 0 0 0 12 22 0 23 0 46 89 62 20 103 119 
P5593 2079 1 0 0 17 21 0 0 0 0 0 0 5 6 0 0 0 2 0 0 0 0 0 0 0 0 0 4 0 7 0 12 0 
P5593 2079 2 0 0 13 0 0 0 5 0 0 6 0 0 0 0 0 0 4 5 0 0 0 8 12 0 24 0 0 0 -999 -999 -999 
P5593 2079 3 0 0 17 0 19 0 0 4 0 0 0 0 11 0 0 0 0 0 0 7 7 0 12 0 15 16 16 0 11 0 0 
P5593 2079 4 0 21 0 29 32 17 0 0 0 0 12 0 0 31 32 20 18 0 0 0 0 10 15 27 18 0 0 0 0 0 -999 
P5593 2079 5 0 11 0 0 0 28 0 0 0 16 0 18 0 0 0 0 0 0 0 0 0 0 0 0 0 0 6 0 0 0 0 
P5593 2079 6 0 0 0 0 0 0 0 0 0 0 0 0 0 0 12 0 10 0 0 0 0 0 0 0 0 0 0 0 0 0 -999 
P5593 2079 7 0 0 0 0 0 0 0 0 0 0 0 0 0 0 0 0 0 0 0 0 0 0 0 0 0 0 0 0 0 0 0 
P5593 2079 8 0 0 0 14 0 0 0 0 0 0 0 9 0 16 0 0 0 0 0 0 0 0 0 0 0 0 0 0 0 0 0 
P5593 2079 9 0 0 0 12 0 0 0 0 0 0 16 20 0 0 0 0 0 0 0 0 0 0 0 0 0 0 5 0 7 0 -999 
P5593 2079 10 0 10 0 0 0 9 9 8 0 0 6 0 0 0 0 0 0 0 0 0 0 20 0 13 13 0 0 0 0 0 0 
P5593 2079 11 0 0 0 0 31 0 0 0 0 0 0 0 25 35 31 0 50 0 36 0 0 13 0 16 23 22 0 2 2 5 -999 
P5593 2079 12 8 27 34 23 0 16 6 0 0 0 0 0 0 0 0 0 0 0 1 2 0 0 0 5 0 0 0 0 0 0 0 
P5593 2080 1 8 0 0 0 9 0 0 0 0 0 0 14 9 0 0 5 0 0 0 0 0 0 0 0 0 0 12 0 0 12 0 
P5593 2080 2 0 0 5 0 0 10 0 23 52 75 87 67 64 27 0 12 0 0 0 58 61 0 0 0 0 0 0 23 -999 -999 -999 
P5593 2080 3 35 32 0 27 29 34 38 37 83 91 65 53 27 0 0 0 0 3 0 0 4 0 0 0 12 0 14 15 0 26 27 
P5593 2080 4 0 0 0 0 0 0 0 28 46 33 34 43 17 0 0 0 0 0 0 0 28 0 42 31 0 0 16 0 0 0 -999 
P5593 2080 5 0 0 0 0 19 0 17 0 0 0 0 0 0 0 0 26 0 0 0 0 0 0 19 18 0 0 0 0 0 0 0 
P5593 2080 6 20 0 0 0 0 0 0 0 0 0 0 0 18 0 0 0 0 0 0 20 0 0 0 0 0 0 0 0 0 0 -999 
P5593 2080 7 0 0 0 0 0 0 0 0 0 0 9 0 0 0 0 0 0 0 9 0 16 0 0 0 0 0 0 0 0 0 0 
P5593 2080 8 0 0 0 0 0 0 0 0 0 0 0 0 0 0 0 0 0 0 0 0 0 0 0 0 0 0 0 0 0 0 0 
P5593 2080 9 0 0 0 0 0 0 0 0 0 0 0 0 0 0 0 0 0 0 0 0 0 0 0 11 0 0 0 0 0 9 -999 
P5593 2080 10 12 29 30 39 44 39 19 0 29 28 0 27 34 0 0 15 0 0 0 0 8 0 0 0 0 0 0 0 0 4 14 
P5593 2080 11 25 21 24 0 0 25 7 0 0 18 0 0 0 0 0 0 14 0 0 17 11 0 0 0 0 10 0 0 0 21 -999 
P5593 2080 12 20 28 48 47 57 50 61 51 28 0 0 0 0 0 0 0 0 0 0 0 0 0 0 0 0 49 13 6 17 23 27 
P5593 2081 1 54 0 103 57 41 0 1 0 6 0 0 0 22 0 0 0 0 0 0 65 63 37 0 0 0 0 31 0 0 0 30 
P5593 2081 2 7 0 0 0 0 0 35 0 0 0 3 0 5 0 0 9 10 0 0 25 0 0 27 0 35 0 0 19 -999 -999 -999 
P5593 2081 3 18 17 0 0 0 19 14 15 0 0 20 0 22 0 0 0 33 75 47 53 45 77 54 0 0 10 0 0 0 32 50 
P5593 2081 4 55 17 17 0 0 0 23 0 0 19 32 0 0 13 0 24 0 18 17 0 0 0 26 35 29 0 0 36 0 51 -999 
P5593 2081 5 42 39 22 25 32 0 9 22 36 0 0 14 28 0 27 19 0 5 6 0 0 0 16 0 0 0 0 0 0 0 25 
P5593 2081 6 19 0 0 0 0 0 0 0 13 0 0 0 0 0 0 0 0 0 0 0 0 0 0 0 0 0 0 0 0 0 -999 
P5593 2081 7 0 18 0 16 0 0 0 0 0 0 16 9 16 0 0 0 0 0 25 0 0 0 0 0 0 0 0 0 0 19 0 
P5593 2081 8 0 0 0 0 0 0 0 0 0 0 0 0 0 0 0 0 0 0 0 0 0 0 0 0 0 0 0 0 0 0 0 
P5593 2081 9 0 0 0 0 0 0 0 0 0 0 0 0 0 0 0 0 0 0 0 0 9 0 0 0 0 9 0 0 0 0 -999 
P5593 2081 10 0 10 11 29 0 0 0 0 0 0 20 11 0 11 0 0 0 0 0 0 0 0 0 0 9 0 0 0 0 0 0 
P5593 2081 11 0 0 0 49 0 0 0 0 0 0 0 0 0 0 0 37 101 102 60 0 0 5 0 0 25 6 0 5 0 32 -999 
P5593 2081 12 17 17 23 0 0 60 0 50 47 32 20 64 91 60 0 0 0 0 0 10 0 0 0 0 10 0 0 0 0 0 0 
P5593 2082 1 0 0 0 0 0 0 10 0 0 14 38 0 23 11 0 13 31 43 16 0 39 88 36 26 32 0 59 0 0 0 0 
P5593 2082 2 0 1 0 0 3 1 2 0 2 0 0 4 6 0 0 0 0 0 6 8 9 8 9 15 0 27 20 0 -999 -999 -999 
P5593 2082 3 25 34 26 25 27 0 9 15 0 11 0 0 0 19 0 0 0 8 30 0 14 0 12 29 24 19 9 0 35 22 0 
P5593 2082 4 0 0 0 0 0 0 0 0 0 8 0 0 14 0 0 17 15 0 0 9 9 14 0 0 5 0 0 0 0 0 -999 
P5593 2082 5 28 0 0 5 0 0 20 0 0 13 0 0 0 30 0 0 0 0 0 0 0 0 0 0 0 0 5 0 0 0 0 
P5593 2082 6 0 0 0 0 0 0 0 0 0 0 0 0 0 0 0 0 0 0 0 0 0 0 0 0 0 0 0 0 0 0 -999 
P5593 2082 7 0 0 9 0 0 0 0 0 0 0 0 0 0 0 0 0 0 0 0 0 0 0 0 0 0 0 0 0 0 0 0 
P5593 2082 8 0 0 0 0 0 0 0 0 0 0 0 0 0 0 0 0 0 0 0 0 0 0 0 0 0 0 0 0 0 0 0 
P5593 2082 9 0 0 0 0 0 0 0 0 0 0 18 0 6 5 0 0 0 0 0 0 0 0 0 0 0 0 0 0 0 0 -999 
P5593 2082 10 0 0 0 0 8 6 3 0 0 0 0 0 0 0 0 0 0 14 0 0 14 21 0 14 4 4 0 0 0 18 13 
P5593 2082 11 0 49 46 0 0 0 0 0 8 0 15 0 0 18 0 0 86 88 25 0 0 0 0 0 2 0 2 2 0 0 -999 
P5593 2082 12 0 0 0 0 7 0 0 0 0 9 0 23 13 7 15 22 0 0 29 9 4 5 0 0 8 0 0 0 0 0 0 
P5593 2083 1 0 28 37 36 20 0 0 21 15 0 0 5 0 0 0 22 0 30 35 0 8 16 0 0 0 0 0 0 0 23 0 
P5593 2083 2 0 0 50 22 8 0 35 30 22 52 63 37 0 0 0 0 39 99 79 0 52 42 22 24 71 119 56 31 -999 -999 -999 
P5593 2083 3 30 19 0 16 3 0 0 18 0 0 0 0 0 0 24 19 0 7 12 0 0 0 77 87 69 0 80 0 6 3 8 
P5593 2083 4 0 0 0 0 20 0 42 18 0 0 0 0 0 0 35 0 0 0 0 0 0 0 0 0 0 0 0 0 0 0 -999 
P5593 2083 5 0 11 0 0 0 0 27 0 25 23 19 0 0 0 0 0 31 24 14 24 0 0 0 32 25 38 58 0 0 0 0 
P5593 2083 6 0 0 0 0 19 0 0 0 0 0 0 0 0 20 0 0 0 0 0 0 0 0 0 0 0 0 0 0 0 0 -999 
P5593 2083 7 0 0 0 18 0 0 0 0 0 0 15 0 0 0 0 0 17 0 0 0 0 23 0 0 0 8 0 0 0 0 0 
P5593 2083 8 0 0 0 0 0 0 0 0 0 0 0 0 0 0 0 0 0 0 0 0 0 0 0 15 0 0 0 0 0 0 0 
P5593 2083 9 0 0 0 0 0 0 0 0 0 0 0 0 0 0 0 0 0 12 0 0 0 0 0 0 0 12 0 0 0 0 -999 
P5593 2083 10 0 0 0 0 0 22 0 0 0 0 0 0 0 0 0 12 10 0 9 17 22 36 0 0 19 0 0 0 0 0 9 
P5593 2083 11 13 0 0 0 37 0 0 0 6 6 0 0 51 27 0 0 0 31 0 0 0 0 0 9 0 13 0 0 0 26 -999 
P5593 2083 12 39 0 12 0 16 0 29 58 87 0 16 0 0 0 86 31 0 0 0 0 0 0 0 0 0 0 3 0 3 0 10 
P5593 2084 1 15 11 0 15 0 0 10 0 0 0 8 0 0 0 0 13 19 0 0 8 21 25 0 0 25 0 0 0 21 35 0 
P5593 2084 2 10 5 0 10 0 14 23 28 34 43 0 0 21 14 10 0 0 0 0 0 0 0 10 0 0 26 0 0 -999 -999 -999 
P5593 2084 3 0 0 24 0 33 6 0 0 5 0 0 0 11 0 24 38 88 61 0 0 14 0 11 0 14 0 0 0 0 18 0 
P5593 2084 4 0 0 24 0 0 0 0 0 8 0 0 0 0 23 0 11 11 0 0 0 0 0 4 8 0 0 0 0 0 0 -999 
P5593 2084 5 0 0 0 20 0 0 25 0 0 0 0 0 14 0 0 0 0 18 0 0 0 0 0 0 0 0 25 15 0 8 0 
P5593 2084 6 0 0 0 0 0 0 0 0 0 0 20 0 0 0 0 0 0 0 12 0 0 0 0 0 0 0 0 0 0 23 -999 
P5593 2084 7 0 0 0 0 0 0 0 0 0 0 0 0 0 0 0 0 0 0 0 0 0 0 0 0 0 0 0 0 0 0 0 
P5593 2084 8 10 0 0 0 0 0 0 0 0 0 0 0 13 0 0 0 0 0 0 0 0 0 0 0 0 21 0 0 0 0 0 
P5593 2084 9 0 0 0 0 0 0 0 0 0 0 0 0 0 0 32 0 0 0 0 0 0 0 6 0 0 0 0 0 0 8 -999 
P5593 2084 10 0 0 0 0 0 0 0 12 12 0 0 0 0 0 0 9 7 0 0 0 0 0 0 0 0 0 0 34 65 69 46 
P5593 2084 11 20 25 0 12 0 0 15 53 66 28 0 0 0 0 0 17 19 0 14 8 0 0 0 2 0 0 12 25 26 0 -999 
P5593 2084 12 0 0 16 0 0 6 0 40 35 41 46 55 0 56 22 0 0 14 0 0 0 0 0 0 0 0 0 14 15 9 0 
P5593 2085 1 2 4 4 4 0 0 2 0 0 0 0 0 0 0 0 18 15 7 8 0 0 8 50 75 48 0 0 10 5 0 0 
P5593 2085 2 0 0 0 0 0 0 27 25 19 30 43 47 28 10 0 0 5 0 0 5 3 0 9 4 0 0 0 0 -999 -999 -999 
P5593 2085 3 7 0 0 0 0 0 5 0 35 45 34 54 65 30 38 45 0 0 0 0 9 13 0 0 0 0 7 0 0 0 0 
P5593 2085 4 0 0 0 0 0 20 0 24 22 0 0 0 0 47 56 42 27 0 0 0 0 0 0 0 10 7 0 9 18 29 -999 
P5593 2085 5 31 0 0 0 0 0 0 38 0 0 0 18 24 0 0 0 0 0 0 0 0 0 0 0 0 0 0 0 0 0 0 
P5593 2085 6 0 0 0 0 0 0 0 22 0 0 0 21 0 0 11 0 0 0 0 0 0 0 0 0 0 0 0 0 0 0 -999 
P5593 2085 7 0 14 0 0 0 0 0 0 0 0 0 0 0 0 0 0 0 0 0 12 0 0 0 5 0 0 0 0 0 0 0 
P5593 2085 8 0 0 0 0 0 0 0 0 0 0 0 0 0 0 0 0 0 0 0 14 0 11 0 0 0 0 0 0 0 0 0 
P5593 2085 9 0 0 0 22 0 23 19 0 0 0 23 18 0 0 0 5 0 0 0 0 0 17 0 11 0 0 0 0 0 0 -999 
P5593 2085 10 14 0 0 0 0 0 0 0 0 20 0 0 0 0 0 0 0 0 0 0 0 0 0 10 0 0 0 24 20 51 19 
P5593 2085 11 0 10 0 16 0 0 0 15 0 0 0 5 0 0 0 22 60 21 13 39 0 26 0 0 0 0 0 27 35 19 -999 
P5593 2085 12 46 42 11 0 0 60 0 0 0 0 5 0 17 20 0 0 17 0 0 0 0 20 0 0 0 0 5 0 0 7 0 
P5593 2086 1 0 5 10 13 0 0 0 10 0 0 0 13 0 41 38 11 28 0 31 37 0 0 0 12 0 0 8 0 0 0 12 
P5593 2086 2 16 0 44 0 0 21 47 0 20 14 11 0 0 0 20 0 19 0 0 0 0 0 0 9 0 5 0 0 -999 -999 -999 
P5593 2086 3 0 0 0 0 4 0 0 0 0 0 0 0 0 0 0 0 0 0 8 0 0 0 0 6 9 0 10 14 12 17 0 
P5593 2086 4 0 8 7 0 14 30 29 0 0 0 0 0 21 29 0 0 15 0 14 8 5 0 0 18 26 0 34 32 22 0 -999 
P5593 2086 5 27 0 16 35 35 0 0 17 11 0 0 0 9 0 0 0 14 0 0 0 0 0 16 10 18 0 0 0 0 0 0 
P5593 2086 6 0 0 0 13 0 0 9 0 0 0 0 0 0 21 0 0 22 0 0 0 0 0 0 0 18 0 0 0 0 0 -999 
P5593 2086 7 0 0 14 0 0 0 0 0 0 0 0 0 0 0 0 0 0 0 0 0 0 0 0 0 0 0 0 0 0 10 0 
P5593 2086 8 0 0 0 0 0 0 0 0 0 0 0 0 0 0 0 0 16 0 0 0 0 0 0 0 0 0 0 0 0 0 0 
P5593 2086 9 0 0 0 0 14 0 0 0 0 0 0 0 0 0 0 0 0 0 0 0 0 0 19 0 13 12 0 0 0 0 -999 
P5593 2086 10 0 0 15 0 0 0 10 0 17 0 0 23 0 8 0 0 0 14 0 0 0 0 0 0 0 19 0 12 0 0 0 
P5593 2086 11 0 0 0 9 0 0 0 8 0 16 25 0 0 13 0 0 0 0 0 0 0 0 0 0 0 12 7 14 20 6 -999 
P5593 2086 12 0 5 9 6 0 0 0 0 0 0 1 0 0 0 0 5 0 0 25 40 0 46 84 0 0 0 9 0 0 0 0 
P5593 2087 1 0 0 0 13 0 15 26 0 0 16 15 0 0 0 0 0 7 0 0 10 15 0 0 0 0 0 0 0 0 0 33 
P5593 2087 2 33 25 0 0 0 0 0 0 0 0 0 0 8 0 17 0 0 0 2 0 0 0 7 0 0 0 0 30 -999 -999 -999 
P5593 2087 3 49 60 0 0 15 0 0 33 0 0 36 47 0 0 0 0 17 0 20 0 0 50 49 0 0 10 9 0 14 0 13 
P5593 2087 4 0 0 10 6 0 0 0 0 10 14 0 7 5 7 0 51 0 0 0 0 21 45 30 32 38 31 12 0 6 8 -999 
P5593 2087 5 0 0 14 32 0 0 20 0 0 0 24 0 0 16 0 17 0 0 0 0 0 0 0 0 0 22 0 0 0 0 17 
P5593 2087 6 0 0 0 0 0 0 0 0 0 0 0 0 0 0 0 0 0 0 0 0 0 0 0 0 0 0 10 0 0 0 -999 
P5593 2087 7 0 0 0 0 0 0 0 0 0 0 0 0 0 0 0 9 0 0 0 0 0 0 0 0 0 0 0 0 0 0 0 
P5593 2087 8 0 0 0 0 0 0 0 0 0 0 0 0 0 0 0 0 0 0 0 0 0 0 0 0 0 0 0 0 0 0 16 
P5593 2087 9 0 0 0 0 0 15 0 0 0 0 0 0 0 0 0 0 0 0 0 0 0 10 0 0 0 0 0 0 0 0 -999 
P5593 2087 10 0 0 0 34 0 18 0 6 0 0 0 13 14 10 0 0 0 16 0 0 0 0 0 0 0 4 0 0 0 0 0 
P5593 2087 11 0 0 0 0 0 0 0 3 0 4 0 0 0 4 0 0 0 0 0 0 0 0 0 0 0 0 0 0 0 0 -999 
P5593 2087 12 15 0 0 0 0 0 0 20 0 0 5 0 0 0 0 0 0 10 10 4 0 0 55 0 0 47 30 0 31 40 17 
P5593 2088 1 0 0 0 0 0 12 3 0 0 0 0 0 0 0 0 0 0 0 0 0 0 0 0 0 8 0 0 0 0 0 0 
P5593 2088 2 0 0 0 0 23 33 58 63 77 26 0 0 0 0 16 13 0 17 23 0 0 0 0 18 0 23 24 19 -999 -999 -999 
P5593 2088 3 26 0 58 43 24 0 10 0 0 0 0 0 0 0 0 7 0 0 0 0 0 0 0 26 26 10 23 17 3 0 0 
P5593 2088 4 0 0 0 0 27 36 39 49 29 0 0 0 33 37 28 18 20 0 0 0 0 27 32 0 16 0 0 0 0 0 -999 
P5593 2088 5 0 0 0 0 27 0 24 27 0 0 0 15 0 15 24 21 0 20 0 0 0 0 0 0 0 0 0 0 0 0 0 
P5593 2088 6 0 0 0 0 0 0 9 0 0 0 0 0 0 0 0 0 0 0 0 0 0 0 0 0 0 0 0 0 0 0 -999 
P5593 2088 7 0 0 0 0 0 0 0 0 0 0 0 0 0 0 13 0 0 0 0 0 0 0 0 17 0 0 0 0 0 0 0 
P5593 2088 8 0 0 0 0 0 0 0 0 0 0 0 0 0 0 0 27 0 0 0 0 0 0 0 0 0 0 0 0 0 16 0 
P5593 2088 9 0 0 0 0 0 0 0 0 0 0 0 0 0 0 0 0 0 0 4 5 0 0 0 0 0 0 0 0 0 0 -999 
P5593 2088 10 0 0 0 0 0 0 0 0 0 22 11 0 0 0 0 5 0 0 0 0 0 0 28 28 35 57 83 0 0 0 0 
P5593 2088 11 0 0 0 0 0 0 0 0 0 0 26 0 15 0 31 30 0 87 31 0 6 0 11 0 0 8 0 0 39 0 -999 
P5593 2088 12 0 0 16 0 26 24 0 0 0 0 0 0 0 0 8 0 0 0 0 0 0 12 0 0 24 24 0 16 0 0 0 
P5593 2089 1 0 0 0 10 25 0 22 36 57 66 84 98 101 31 9 0 0 0 0 0 0 0 0 0 0 0 0 0 0 0 18 
P5593 2089 2 29 32 0 0 40 61 46 0 128 33 23 43 78 42 0 0 0 0 0 0 0 0 0 10 0 0 17 15 -999 -999 -999 
P5593 2089 3 0 23 45 43 0 0 0 16 25 16 15 0 0 29 44 52 48 36 14 11 0 0 10 34 95 0 17 0 0 40 0 
P5593 2089 4 90 69 27 0 0 0 0 0 23 3 0 0 0 0 19 0 0 10 0 21 30 0 0 0 0 46 35 21 13 23 -999 
P5593 2089 5 28 18 10 0 0 16 0 0 0 0 0 9 0 0 0 0 0 11 0 0 0 0 0 23 24 0 0 0 0 0 0 
P5593 2089 6 0 0 0 0 0 0 0 0 0 0 0 0 0 0 0 0 0 0 0 0 0 0 0 0 0 0 0 0 0 0 -999 
P5593 2089 7 0 0 12 0 0 0 0 0 0 0 0 0 0 0 0 0 0 0 0 0 0 0 0 0 0 0 0 0 0 0 0 
P5593 2089 8 0 0 0 0 0 0 15 0 0 0 0 0 0 0 0 0 0 0 0 0 0 0 0 0 0 0 0 13 0 0 0 
P5593 2089 9 0 0 0 0 0 0 0 0 0 0 8 0 0 0 0 0 0 0 11 0 0 0 0 0 8 0 0 0 0 0 -999 
P5593 2089 10 0 0 0 0 0 0 0 0 0 0 0 0 8 0 0 0 0 0 0 0 8 0 0 0 0 0 0 0 0 8 0 
P5593 2089 11 0 0 0 26 0 0 0 13 12 14 0 0 0 0 8 0 12 5 0 0 0 0 0 0 58 38 20 15 27 0 -999 
P5593 2089 12 78 0 12 15 0 0 0 51 37 39 0 0 0 0 0 0 5 0 0 18 0 0 0 0 0 0 0 4 0 0 0 
P5593 2090 1 0 0 6 0 0 3 0 11 29 30 0 17 30 0 36 13 0 0 0 0 0 0 0 0 0 0 0 9 0 0 0 
P5593 2090 2 0 0 7 20 22 0 0 22 20 36 29 33 0 0 0 0 0 16 0 9 9 0 0 0 26 0 51 59 -999 -999 -999 
P5593 2090 3 100 57 19 8 0 0 0 0 6 0 0 31 0 48 40 24 9 0 0 33 17 23 0 11 20 0 0 6 17 22 24 
P5593 2090 4 27 25 33 35 0 0 29 20 21 0 0 0 16 0 0 38 0 13 3 1 0 0 12 0 0 16 9 0 0 0 -999 
P5593 2090 5 0 0 0 0 0 0 0 0 0 0 9 0 0 0 0 0 0 0 0 0 0 0 0 0 0 26 0 0 0 0 0 
P5593 2090 6 0 19 0 0 0 0 0 0 0 0 0 0 0 0 0 0 0 0 0 0 0 0 0 0 0 0 0 0 0 7 -999 
P5593 2090 7 0 0 0 22 0 0 0 0 0 0 0 0 0 0 0 0 0 0 0 0 0 0 0 0 0 0 0 0 0 0 0 
P5593 2090 8 0 0 0 0 0 0 0 0 0 13 0 0 0 0 0 0 0 0 10 0 0 0 0 0 0 0 0 0 0 0 0 
P5593 2090 9 0 0 0 0 0 0 0 0 0 0 0 0 0 0 0 0 0 0 0 0 0 0 0 0 0 0 0 0 0 0 -999 
P5593 2090 10 0 0 0 0 0 0 0 0 0 18 0 18 0 0 20 0 0 12 0 0 0 0 18 25 27 21 0 0 36 0 28 
P5593 2090 11 0 0 12 0 7 10 0 0 0 26 41 28 10 25 0 0 0 23 3 0 0 0 0 24 0 0 0 0 0 0 -999 
P5593 2090 12 0 39 72 23 28 28 0 12 0 0 20 17 12 0 0 0 0 0 0 0 0 0 0 0 17 0 22 0 0 0 0 
P5593 2091 1 0 0 0 0 0 0 19 21 0 7 7 6 0 14 0 0 0 13 28 3 0 0 0 0 0 0 0 0 9 0 0 
P5593 2091 2 11 14 6 4 0 7 0 0 0 8 0 0 8 0 5 0 8 33 110 82 0 41 52 26 0 34 35 24 -999 -999 -999 
P5593 2091 3 0 7 0 11 0 49 25 0 0 0 0 0 0 8 0 21 0 19 0 10 5 11 0 0 0 0 13 0 0 0 0 
P5593 2091 4 0 0 0 0 0 12 22 0 0 0 20 27 0 25 18 24 0 0 0 0 17 0 13 0 0 0 0 0 0 0 -999 
P5593 2091 5 0 0 38 31 0 0 0 0 0 0 12 0 0 0 0 0 0 0 0 0 0 0 0 0 0 0 0 0 0 0 0 
P5593 2091 6 0 22 0 0 18 0 0 0 0 0 0 0 0 29 33 29 0 0 0 7 0 0 0 0 0 0 0 13 0 0 -999 
P5593 2091 7 0 0 0 0 0 0 0 0 0 5 0 0 0 0 0 0 0 0 0 0 0 0 0 0 0 0 0 0 0 0 0 
P5593 2091 8 0 8 0 0 11 0 0 0 0 0 0 0 0 0 0 0 0 17 0 0 0 0 0 27 16 0 6 0 0 0 0 
P5593 2091 9 0 0 0 0 0 0 0 0 0 0 7 0 0 0 7 0 0 0 0 0 0 0 0 0 0 0 0 0 0 0 -999 
P5593 2091 10 0 0 10 0 0 0 0 0 0 20 0 0 0 14 15 20 25 9 0 0 0 0 0 0 0 18 34 47 67 52 42 
P5593 2091 11 48 0 0 0 0 0 0 12 0 0 0 0 0 23 28 0 18 16 0 9 0 0 33 31 15 0 32 14 0 0 -999 
P5593 2091 12 34 34 0 0 0 0 0 0 0 0 0 0 9 7 0 14 0 0 0 0 0 0 13 9 0 0 2 0 0 5 0 
P5593 2092 1 1 0 0 0 0 9 9 10 0 0 0 0 17 18 26 14 37 48 47 98 54 0 0 39 0 0 0 0 51 47 0 
P5593 2092 2 0 33 41 0 0 56 63 23 0 64 0 0 14 45 0 31 0 42 22 0 25 0 23 15 0 0 0 24 -999 -999 -999 
P5593 2092 3 0 39 0 0 0 15 46 33 0 19 17 24 21 26 50 73 45 27 0 42 49 48 64 125 0 47 0 0 35 0 22 
P5593 2092 4 0 35 47 0 0 0 0 0 0 0 18 0 0 20 0 0 0 14 15 16 0 0 0 19 0 0 0 38 0 31 -999 
P5593 2092 5 0 10 7 0 0 0 0 20 0 0 0 0 0 0 0 0 0 29 0 0 7 0 0 0 0 0 0 0 0 0 0 
P5593 2092 6 0 0 12 0 0 0 0 0 0 0 0 0 0 0 0 22 0 17 0 0 0 0 0 0 0 0 0 0 0 0 -999 
P5593 2092 7 0 0 0 0 0 0 0 0 0 0 0 0 0 0 0 0 0 0 0 0 0 0 0 0 0 0 0 0 0 0 0 
P5593 2092 8 0 0 0 0 0 10 0 0 0 0 0 0 0 0 0 0 0 0 0 0 0 0 0 0 0 0 0 0 0 0 0 
P5593 2092 9 0 0 0 0 0 0 0 0 0 0 0 0 0 0 0 0 0 0 0 0 0 0 0 9 0 0 0 17 0 0 -999 
P5593 2092 10 0 0 0 0 0 0 0 0 0 19 37 0 12 0 0 0 0 8 18 0 0 0 3 0 0 0 8 0 0 0 0 
P5593 2092 11 0 0 21 39 0 0 0 13 9 0 0 0 115 79 61 0 10 0 0 26 20 0 0 58 45 30 0 0 0 0 -999 
P5593 2092 12 0 0 0 0 0 0 0 0 34 38 0 0 0 0 0 11 16 0 0 35 78 59 0 43 0 41 17 24 54 38 19 
P5593 2093 1 69 0 0 0 12 15 19 14 0 0 0 44 27 0 0 61 0 30 0 0 8 0 0 0 0 13 18 0 52 52 62 
P5593 2093 2 53 27 0 7 0 0 0 0 0 0 0 0 0 20 0 0 33 26 24 48 30 35 0 0 10 0 0 25 -999 -999 -999 
P5593 2093 3 15 0 11 0 0 16 0 0 28 0 68 0 23 0 0 6 0 0 15 13 13 13 0 7 20 0 0 29 9 12 29 
P5593 2093 4 15 0 0 0 0 0 0 0 22 0 13 0 0 19 32 0 0 0 16 0 0 0 0 0 0 0 37 0 0 26 -999 
P5593 2093 5 0 0 0 35 0 0 0 0 17 0 0 0 0 0 0 0 0 0 0 0 0 21 0 13 0 0 10 0 0 13 28 
P5593 2093 6 0 0 0 0 0 0 0 0 0 0 0 0 0 0 0 9 0 0 0 0 0 0 0 11 0 0 0 0 0 0 -999 
P5593 2093 7 0 0 0 0 0 0 0 0 0 0 0 0 0 0 0 0 0 0 0 0 0 0 0 0 0 0 0 0 0 0 0 
P5593 2093 8 0 0 0 0 0 11 0 0 0 0 0 0 0 0 0 0 0 0 0 0 0 0 0 0 0 0 15 0 0 0 0 
P5593 2093 9 0 0 0 0 0 16 0 0 0 0 0 0 0 0 0 0 0 0 0 0 0 0 0 0 0 0 0 0 0 20 -999 
P5593 2093 10 0 0 0 7 0 0 0 0 0 0 0 20 0 0 0 66 57 33 0 0 5 0 0 0 0 0 0 0 0 0 12 
P5593 2093 11 0 26 12 0 0 0 0 0 0 0 0 20 15 0 0 0 0 0 0 0 0 13 15 0 0 0 5 0 1 0 -999 
P5593 2093 12 0 0 0 0 0 0 0 0 0 0 0 0 0 0 0 0 0 0 0 0 0 0 0 0 0 4 0 4 0 4 0 
P5593 2094 1 0 0 13 9 8 8 9 0 0 19 11 0 0 0 12 15 0 45 59 44 38 81 89 105 96 59 0 86 25 47 23 
P5593 2094 2 36 29 43 62 18 7 0 0 0 1 0 0 0 0 0 0 0 0 0 0 7 0 1 0 0 0 0 0 -999 -999 -999 
P5593 2094 3 0 0 0 0 0 9 0 0 0 0 0 3 0 0 5 0 0 0 0 23 0 22 22 0 0 0 21 19 0 60 52 
P5593 2094 4 0 86 0 12 11 0 0 0 11 0 0 21 0 8 16 0 0 0 0 0 0 30 0 0 17 24 0 0 0 0 -999 
P5593 2094 5 0 0 0 0 0 0 0 0 0 0 0 0 0 0 0 0 0 0 0 0 0 0 0 0 0 0 0 0 0 0 0 
P5593 2094 6 0 0 0 0 0 0 0 0 0 0 0 21 0 0 14 0 22 0 0 0 8 0 0 0 0 0 0 8 0 0 -999 
P5593 2094 7 0 0 0 0 0 0 0 0 0 0 0 0 0 0 0 0 0 0 0 0 0 0 0 0 0 0 0 0 0 0 0 
P5593 2094 8 0 0 0 0 0 0 0 0 0 0 0 0 0 0 0 0 0 0 0 0 0 0 0 0 0 0 0 0 0 0 0 
P5593 2094 9 0 0 0 0 7 0 12 0 0 0 0 0 0 0 0 0 0 0 0 0 14 20 0 0 0 12 0 0 10 0 -999 
P5593 2094 10 0 0 0 14 12 0 0 0 0 0 13 0 0 0 14 12 17 0 27 0 33 24 42 42 21 0 50 0 0 8 0 
P5593 2094 11 0 0 2 0 0 2 0 0 0 0 15 0 0 52 19 0 0 19 0 0 0 14 33 39 0 21 0 0 27 0 -999 
P5593 2094 12 8 7 0 5 2 0 0 0 3 5 0 0 0 0 0 0 0 13 0 21 0 0 0 0 3 0 0 0 0 20 19 
P5593 2095 1 36 31 41 60 36 15 0 43 54 16 14 0 0 0 0 0 0 1 0 0 0 0 18 29 48 48 41 43 15 13 0 
P5593 2095 2 0 0 17 12 0 0 9 9 0 0 9 0 0 0 0 0 0 0 0 8 0 0 0 0 0 0 0 0 -999 -999 -999 
P5593 2095 3 0 0 0 0 0 0 0 0 0 13 0 0 8 9 0 0 0 0 0 0 13 0 16 0 0 0 29 41 46 27 27 
P5593 2095 4 35 52 0 0 12 6 5 0 0 0 0 0 21 23 27 21 0 31 0 20 37 0 31 0 16 0 0 0 0 0 -999 
P5593 2095 5 0 0 5 0 10 8 0 0 0 0 0 0 0 0 0 0 0 0 0 0 0 0 0 0 0 0 0 0 0 0 0 
P5593 2095 6 0 0 0 0 0 0 26 26 0 0 0 0 0 0 0 0 0 0 0 0 0 15 0 0 0 0 0 0 0 0 -999 
P5593 2095 7 0 0 0 0 11 0 0 0 0 0 0 0 0 15 0 0 0 0 0 0 0 0 0 0 0 0 13 0 0 0 0 
P5593 2095 8 0 0 0 0 0 0 0 0 0 0 0 0 0 0 0 0 0 0 0 0 0 0 0 0 0 0 0 0 0 0 0 
P5593 2095 9 0 0 0 0 0 0 0 4 0 0 0 0 0 0 0 0 0 0 0 0 6 0 0 0 0 0 0 0 0 0 -999 
P5593 2095 10 0 0 0 0 0 0 0 0 12 0 0 0 0 0 17 18 38 14 0 0 0 0 0 0 0 0 0 0 0 0 0 
P5593 2095 11 0 0 18 0 19 0 21 32 35 0 12 23 19 0 9 0 0 0 0 0 0 61 48 69 41 0 0 0 0 0 -999 
P5593 2095 12 0 0 2 0 0 0 0 33 50 36 0 2 15 0 62 0 0 13 13 36 33 0 10 0 62 102 51 0 0 0 0 
P5593 2096 1 0 4 0 10 0 0 29 0 47 44 26 0 12 0 0 23 9 6 0 0 0 0 0 0 0 0 0 6 0 0 9 
P5593 2096 2 12 28 39 37 0 12 0 0 10 8 7 0 0 24 50 44 9 0 0 0 0 1 0 0 8 13 0 0 -999 -999 -999 
P5593 2096 3 0 0 17 0 0 0 0 0 0 10 0 0 0 0 5 0 0 16 0 17 0 64 0 16 0 0 0 45 40 33 0 
P5593 2096 4 0 0 0 0 0 0 0 0 0 0 0 0 0 0 44 0 0 0 19 22 0 6 0 0 0 0 0 0 0 0 -999 
P5593 2096 5 0 0 0 16 0 0 21 25 11 0 0 0 15 11 0 10 0 0 0 0 0 15 0 0 0 0 0 18 0 0 14 
P5593 2096 6 0 0 15 17 0 0 0 0 0 0 0 0 0 0 0 0 0 7 0 12 0 0 0 0 0 0 0 0 7 0 -999 
P5593 2096 7 0 0 0 0 0 0 0 0 0 0 0 0 0 0 0 0 0 0 0 0 0 0 0 0 0 0 0 0 0 0 0 
P5593 2096 8 0 0 0 12 15 0 0 0 15 0 0 0 0 0 0 0 0 19 0 0 0 0 0 0 0 0 0 0 0 0 0 
P5593 2096 9 0 0 7 0 0 0 0 0 0 0 0 0 0 6 0 16 10 0 27 0 0 0 0 0 0 0 0 0 0 0 -999 
P5593 2096 10 0 31 0 0 0 0 0 0 0 13 0 0 0 0 10 0 0 0 39 0 16 24 0 0 0 0 0 0 0 0 8 
P5593 2096 11 0 0 0 0 0 0 0 0 0 0 0 0 0 0 9 0 0 0 4 0 0 0 0 0 0 0 0 0 0 3 -999 
P5593 2096 12 0 0 0 0 0 0 0 0 0 0 7 0 9 0 26 0 23 37 0 0 0 0 0 24 10 0 0 0 0 0 0 
P5593 2097 1 12 0 0 0 0 6 0 9 0 0 6 8 0 0 0 2 0 0 0 0 0 0 3 3 37 36 38 0 0 20 7 
P5593 2097 2 0 14 0 0 0 0 16 0 1 3 5 0 0 7 18 0 0 0 0 0 0 0 0 0 0 0 24 0 -999 -999 -999 
P5593 2097 3 0 0 52 0 0 0 21 0 12 6 0 0 0 0 0 0 0 6 0 0 0 0 0 0 31 37 19 10 26 5 0 
P5593 2097 4 0 0 0 11 0 0 28 0 0 0 28 31 45 32 18 0 0 0 0 25 0 0 7 46 30 0 0 0 4 0 -999 
P5593 2097 5 0 0 0 0 0 0 0 12 13 13 0 0 0 0 0 0 0 17 18 0 22 23 0 0 5 0 0 0 0 0 0 
P5593 2097 6 0 0 0 0 14 0 0 0 0 0 0 0 0 0 0 0 0 22 0 0 0 0 0 17 0 10 0 0 0 0 -999 
P5593 2097 7 0 0 0 0 0 0 0 0 0 0 0 0 0 0 0 0 0 0 0 0 0 0 0 0 0 0 0 0 0 0 0 
P5593 2097 8 0 0 0 0 0 0 0 0 0 0 0 0 0 0 0 0 0 0 0 0 0 0 0 0 0 0 0 0 0 0 0 
P5593 2097 9 0 0 0 0 0 0 0 0 0 25 13 6 6 0 0 0 10 0 0 0 0 0 0 0 0 0 0 6 9 0 -999 
P5593 2097 10 21 10 0 0 0 0 0 0 0 0 0 0 0 0 32 28 37 50 0 9 6 12 15 0 0 0 0 0 0 0 10 
P5593 2097 11 0 7 0 10 8 4 0 3 3 0 6 7 0 0 0 0 7 5 2 0 0 0 0 0 6 11 0 0 0 19 -999 
P5593 2097 12 0 5 0 0 0 0 0 0 0 0 0 0 0 0 3 0 0 8 0 0 0 2 2 0 0 0 15 27 21 0 0 
P5593 2098 1 34 8 14 26 58 24 0 5 7 11 0 0 14 14 0 0 0 0 0 0 32 23 0 22 0 0 0 0 0 0 0 
P5593 2098 2 12 9 9 0 8 10 13 0 0 39 28 31 23 0 0 9 0 0 0 0 18 0 0 0 0 0 0 0 -999 -999 -999 
P5593 2098 3 0 0 0 0 0 27 0 0 7 0 0 0 0 11 15 0 13 13 0 0 0 0 0 0 0 0 34 18 0 0 0 
P5593 2098 4 0 0 0 0 0 21 26 0 0 0 0 0 0 0 4 0 0 0 0 0 0 0 46 15 0 0 0 0 0 0 -999 
P5593 2098 5 0 0 0 0 0 31 35 0 33 40 57 0 24 0 0 0 20 10 9 17 21 19 0 0 28 20 0 0 0 0 0 
P5593 2098 6 0 0 0 0 0 0 0 26 0 14 0 19 0 0 13 0 0 0 7 0 0 0 0 0 0 0 0 0 0 0 -999 
P5593 2098 7 0 0 0 0 0 0 0 0 0 0 0 0 0 0 0 0 0 0 0 0 0 0 0 0 0 0 0 0 0 0 0 
P5593 2098 8 0 0 0 0 0 0 0 0 0 0 0 0 0 0 0 0 0 0 0 0 0 0 11 0 7 0 0 0 13 0 0 
P5593 2098 9 21 0 0 0 0 6 0 0 0 0 0 0 0 0 0 0 0 0 0 16 11 0 13 0 0 0 0 0 0 0 -999 
P5593 2098 10 0 0 0 0 0 0 0 0 0 0 0 0 0 18 0 0 33 0 0 0 8 10 0 9 13 25 28 19 0 0 23 
P5593 2098 11 5 0 0 0 0 0 8 0 12 0 13 18 0 27 20 0 0 24 41 20 0 0 0 0 0 0 0 0 0 0 -999 
P5593 2098 12 0 0 0 0 0 6 0 0 0 0 0 0 0 0 0 0 9 12 15 24 0 0 0 0 0 0 0 0 0 0 4 
P5593 2099 1 0 0 7 0 0 0 0 0 0 0 0 23 37 4 0 0 25 17 5 11 17 25 60 0 0 0 0 0 0 0 0 
P5593 2099 2 0 0 5 16 0 0 0 0 0 0 0 0 0 0 0 8 0 0 0 0 0 19 0 61 84 25 16 22 -999 -999 -999 
P5593 2099 3 50 62 64 64 0 15 16 18 19 0 13 0 13 0 30 0 29 65 91 88 0 12 25 0 0 0 18 0 0 0 27 
P5593 2099 4 27 18 0 0 0 12 13 0 0 0 0 0 2 0 8 0 0 0 0 14 0 29 26 31 0 0 0 0 0 33 -999 
P5593 2099 5 0 17 0 0 11 0 0 0 0 0 6 0 4 0 0 18 0 9 12 0 20 0 30 31 11 0 0 0 16 0 0 
P5593 2099 6 0 0 0 0 0 0 12 0 0 0 0 0 0 0 0 0 0 0 0 0 0 0 0 0 0 0 0 0 0 0 -999 
P5593 2099 7 0 0 0 0 0 0 0 0 0 0 0 0 0 0 0 0 0 0 0 13 16 0 0 0 0 0 0 0 0 0 0 
P5593 2099 8 0 0 0 0 0 0 0 0 0 0 0 0 0 0 0 0 0 0 0 0 0 0 0 0 0 0 0 0 0 0 0 
P5593 2099 9 0 0 0 0 0 19 0 0 0 0 0 0 0 0 0 0 0 0 7 0 0 0 0 11 0 0 0 0 0 0 -999 
P5593 2099 10 0 0 0 0 0 0 0 0 27 34 27 33 22 0 0 0 0 0 0 10 0 0 8 0 0 29 0 0 0 0 0 
P5593 2099 11 0 16 0 10 7 5 0 0 0 9 0 0 0 0 0 26 0 5 0 0 7 10 9 25 0 0 41 48 0 17 -999 
P5593 2099 12 6 0 0 7 0 43 41 22 16 18 18 0 0 0 0 0 0 0 0 14 17 0 0 21 65 106 116 86 51 39 0 
P5593 2100 1 0 0 0 0 19 0 0 16 13 0 44 81 85 32 0 0 9 0 0 0 0 6 0 0 5 0 0 0 0 0 0 
P5593 2100 2 0 0 38 7 0 0 0 0 0 38 0 0 0 0 0 0 0 0 29 32 0 0 0 7 0 0 0 0 -999 -999 -999 
P5593 2100 3 0 0 38 37 23 17 0 0 0 0 32 36 72 27 0 0 6 0 0 0 0 0 40 0 23 43 41 26 46 51 0 
P5593 2100 4 0 0 31 20 0 11 14 13 10 15 31 65 27 0 0 0 17 23 0 25 0 0 0 0 0 0 0 0 0 23 -999 
P5593 2100 5 12 0 0 0 0 0 0 0 0 0 0 10 15 0 8 14 28 31 0 26 0 0 24 29 31 0 0 0 0 0 18 
P5593 2100 6 0 0 0 0 0 0 0 0 0 0 0 0 0 0 0 0 0 22 0 0 0 11 0 0 0 0 0 0 0 0 -999 
P5593 2100 7 0 0 0 0 0 0 0 0 0 0 0 0 0 0 0 10 0 0 0 0 0 0 0 0 0 0 0 0 0 0 0 
P5593 2100 8 0 0 0 0 0 0 0 0 0 0 10 0 0 0 0 0 0 0 0 0 0 0 0 0 0 0 0 11 0 0 0 
P5593 2100 9 9 0 0 0 0 0 8 0 0 0 0 0 0 0 0 0 0 0 0 0 0 0 0 0 0 0 17 0 0 0 -999 
P5593 2100 10 0 0 8 0 0 0 0 27 0 0 0 31 0 0 16 13 0 18 0 13 18 41 0 22 0 0 0 0 18 0 0 
P5593 2100 11 0 0 0 0 29 57 0 0 43 38 10 0 36 50 72 0 39 44 37 0 18 40 39 44 29 0 0 0 0 0 -999 
P5593 2100 12 0 0 0 9 14 0 2 3 0 0 0 0 0 3 2 0 0 0 0 0 0 0 0 12 9 6 0 0 0 0 2 
