precip	MIROC5	RCP60	REGRESION	decimas	1
P3491	38.248	-5.300	182	geo	2006	2100	-1
P3491 2006 1 0 8 0 6 6 14 0 0 0 0 19 131 194 0 54 132 105 96 75 11 0 10 22 0 0 0 0 0 0 39 0 
P3491 2006 2 0 0 28 0 0 0 0 0 0 0 8 28 46 57 40 15 13 5 18 34 0 8 7 0 0 2 0 10 -999 -999 -999 
P3491 2006 3 52 72 0 140 117 126 114 117 0 0 92 0 31 26 37 84 182 172 100 46 0 47 45 0 36 38 0 61 82 47 78 
P3491 2006 4 20 0 0 47 26 0 0 0 0 0 0 0 0 0 10 14 25 0 0 0 0 0 0 0 0 0 0 44 35 26 -999 
P3491 2006 5 0 28 0 38 0 63 22 0 0 10 0 0 0 0 0 9 0 10 0 19 5 0 0 0 0 0 0 0 0 0 0 
P3491 2006 6 0 0 0 0 0 0 0 0 0 0 0 0 26 0 0 0 0 0 0 23 0 0 0 0 0 0 27 0 0 40 -999 
P3491 2006 7 0 0 0 0 0 0 0 0 0 0 0 0 0 0 0 0 0 0 0 0 0 0 0 0 0 0 0 0 0 0 0 
P3491 2006 8 0 0 0 0 0 0 0 0 0 0 0 0 0 0 32 0 0 0 0 0 0 0 0 0 14 0 0 0 24 0 0 
P3491 2006 9 0 0 0 0 0 0 0 0 0 0 0 0 0 0 0 0 0 0 0 0 0 0 0 0 10 0 0 0 12 7 -999 
P3491 2006 10 1 0 0 0 0 0 0 0 0 46 0 0 0 32 28 22 0 10 0 0 31 13 0 0 24 0 0 0 16 0 0 
P3491 2006 11 0 0 0 20 0 0 51 0 18 7 3 0 0 0 6 0 0 0 3 0 20 10 28 44 11 3 0 0 0 0 -999 
P3491 2006 12 0 0 0 0 0 0 21 96 84 0 36 34 42 30 88 138 20 0 0 0 0 48 126 55 60 57 45 0 42 0 16 
P3491 2007 1 24 0 0 0 0 0 0 0 0 0 0 0 0 6 0 0 0 2 0 6 4 0 0 0 12 0 5 0 0 0 13 
P3491 2007 2 7 0 0 14 6 6 26 116 235 164 23 25 0 0 0 0 25 57 32 31 37 48 0 26 32 37 0 34 -999 -999 -999 
P3491 2007 3 0 41 23 71 73 0 19 17 0 0 0 53 52 66 0 10 0 15 0 36 0 0 0 3 0 0 0 0 0 0 0 
P3491 2007 4 1 0 0 17 0 0 2 0 0 0 0 0 0 15 0 0 0 63 0 36 40 21 29 38 15 10 0 0 2 0 -999 
P3491 2007 5 0 0 0 0 0 0 17 0 0 0 0 29 28 30 22 18 0 0 0 19 4 0 0 0 0 0 0 0 0 0 0 
P3491 2007 6 0 0 0 0 25 32 0 0 0 0 0 0 0 0 0 0 0 0 0 0 0 0 0 20 0 0 0 26 0 0 -999 
P3491 2007 7 19 0 0 0 0 0 0 0 0 33 0 0 0 0 0 0 0 0 0 0 0 0 0 0 0 0 0 0 0 0 0 
P3491 2007 8 0 0 0 0 0 0 0 0 0 0 0 0 0 0 0 0 0 24 0 32 0 0 0 0 0 31 0 0 0 0 0 
P3491 2007 9 0 0 0 0 0 0 0 0 0 0 0 0 0 0 0 0 0 0 0 0 0 0 0 0 0 0 0 0 0 0 -999 
P3491 2007 10 0 0 0 13 0 0 0 0 31 0 0 0 0 55 0 0 0 68 0 0 0 55 52 55 19 0 35 16 0 0 0 
P3491 2007 11 0 0 9 0 0 0 0 5 0 0 0 45 0 0 15 0 0 0 0 0 0 0 0 4 1 5 21 12 0 0 -999 
P3491 2007 12 0 0 0 15 10 0 17 11 0 0 0 0 0 0 0 7 43 38 15 0 10 0 0 0 0 0 0 0 0 0 0 
P3491 2008 1 0 14 17 36 11 0 0 0 0 0 5 5 12 30 36 0 0 0 0 30 92 92 0 20 0 0 159 74 55 74 110 
P3491 2008 2 202 50 108 0 37 57 58 98 0 0 77 0 0 15 39 0 0 74 44 70 13 10 0 0 24 23 25 20 -999 -999 -999 
P3491 2008 3 4 4 0 0 0 0 0 0 0 0 0 0 0 10 0 0 0 0 0 0 0 0 0 0 0 0 0 0 0 0 0 
P3491 2008 4 0 0 15 0 0 5 0 0 0 0 0 0 0 0 66 47 36 21 0 9 10 0 0 0 13 0 0 0 0 21 -999 
P3491 2008 5 0 14 0 0 0 0 4 0 0 0 0 24 27 39 0 23 0 0 0 46 34 37 56 15 7 11 0 11 17 0 0 
P3491 2008 6 0 11 0 0 0 29 17 19 0 0 0 22 0 50 16 0 0 0 0 0 0 0 0 0 0 0 0 0 0 0 -999 
P3491 2008 7 0 0 0 0 0 0 0 0 0 0 0 0 0 0 0 0 0 0 0 0 25 0 16 0 0 0 0 0 0 0 48 
P3491 2008 8 0 0 0 0 0 0 0 0 0 0 0 0 0 0 0 0 0 0 0 0 0 29 0 0 0 0 0 0 0 0 0 
P3491 2008 9 0 0 0 0 26 0 0 0 0 0 33 0 21 0 0 0 22 0 0 0 0 0 0 0 30 0 0 0 0 33 -999 
P3491 2008 10 23 0 0 11 0 0 0 0 0 0 0 39 37 16 0 0 0 0 19 0 0 20 0 0 0 38 41 22 16 0 0 
P3491 2008 11 16 2 26 5 0 0 0 0 0 3 0 0 3 0 0 0 17 35 0 0 0 0 0 0 0 0 0 2 0 0 -999 
P3491 2008 12 0 0 0 0 1 1 0 0 0 19 24 0 0 13 0 2 0 0 0 0 0 0 0 0 22 28 23 22 0 0 0 
P3491 2009 1 0 0 0 0 0 4 0 0 0 0 0 7 0 8 11 3 0 0 0 0 2 3 0 0 0 0 0 0 0 0 0 
P3491 2009 2 0 0 0 0 0 1 0 1 0 1 3 0 3 0 0 0 0 0 0 0 0 0 0 0 3 4 0 15 -999 -999 -999 
P3491 2009 3 42 51 53 25 0 0 0 49 56 15 0 13 9 0 29 20 67 60 38 25 0 0 0 0 0 79 63 92 93 60 0 
P3491 2009 4 0 70 19 17 32 55 11 8 0 4 0 24 0 0 19 0 0 8 0 0 14 0 0 0 0 0 13 30 0 0 -999 
P3491 2009 5 34 0 0 24 0 32 19 18 0 36 27 0 0 0 0 0 0 0 0 0 0 40 33 25 22 0 0 0 0 0 0 
P3491 2009 6 0 16 16 0 0 23 0 0 0 15 0 0 0 0 0 0 13 0 0 0 0 0 0 0 0 0 0 0 0 0 -999 
P3491 2009 7 0 0 0 0 0 0 0 0 0 0 0 0 0 0 0 0 0 18 0 0 0 0 0 0 0 0 0 0 0 20 0 
P3491 2009 8 0 0 0 0 0 0 0 0 0 0 0 0 0 0 0 0 0 0 0 0 0 0 45 0 0 0 0 0 0 36 0 
P3491 2009 9 38 0 0 0 0 0 0 0 0 0 27 0 0 0 0 0 0 0 0 0 0 0 0 18 0 0 0 0 0 0 -999 
P3491 2009 10 0 0 0 0 0 0 0 0 0 0 27 21 0 21 0 0 31 21 16 0 16 6 0 47 17 10 0 0 9 0 0 
P3491 2009 11 0 0 7 0 0 0 0 0 0 0 0 6 0 0 9 0 25 9 0 0 0 0 60 48 0 0 0 9 19 28 -999 
P3491 2009 12 14 20 44 23 57 54 0 19 25 78 46 9 14 0 0 0 0 47 25 15 9 0 14 0 0 0 0 60 0 8 14 
P3491 2010 1 0 0 44 98 53 0 0 0 19 0 0 0 12 0 0 0 0 12 0 0 18 3 3 0 0 0 0 0 0 0 0 
P3491 2010 2 13 0 0 0 0 15 0 0 1 0 0 0 0 0 0 0 0 0 2 0 0 0 0 0 0 0 0 6 -999 -999 -999 
P3491 2010 3 0 0 7 0 0 0 29 32 80 63 31 0 7 7 8 0 10 0 58 25 0 0 0 0 1 0 0 0 0 0 0 
P3491 2010 4 0 41 0 0 0 0 0 40 0 40 26 30 20 20 72 0 0 0 0 0 25 15 5 13 28 9 0 0 23 18 -999 
P3491 2010 5 12 0 0 36 28 13 7 8 0 0 0 24 0 17 0 32 14 18 11 0 0 0 0 0 0 56 42 0 17 0 11 
P3491 2010 6 0 0 23 0 14 0 0 0 0 0 0 0 0 0 0 0 11 0 0 0 0 0 0 0 18 0 0 23 0 0 -999 
P3491 2010 7 39 0 8 0 0 0 0 0 0 0 22 0 0 0 0 0 0 0 0 0 0 0 0 0 0 0 0 0 0 22 0 
P3491 2010 8 54 0 0 0 0 0 0 0 0 0 0 0 0 0 0 33 0 29 0 0 0 0 0 0 0 0 0 0 0 15 0 
P3491 2010 9 0 0 40 0 0 0 0 30 0 21 0 31 21 0 17 0 0 0 0 0 0 0 0 0 0 20 0 0 0 0 -999 
P3491 2010 10 0 0 0 0 0 21 0 0 0 0 58 32 56 44 18 11 0 0 0 0 0 38 0 4 12 8 0 0 0 0 7 
P3491 2010 11 0 0 10 0 0 0 0 0 0 6 0 0 0 0 0 0 0 0 0 0 0 0 0 0 0 6 0 0 0 0 -999 
P3491 2010 12 0 0 0 6 8 0 0 8 12 9 5 0 38 36 0 0 0 0 7 0 0 0 0 0 0 0 0 0 0 0 0 
P3491 2011 1 0 0 0 9 0 0 0 0 0 0 6 0 0 0 0 0 0 0 0 1 0 16 36 11 12 0 0 0 0 0 0 
P3491 2011 2 0 0 0 0 0 0 23 0 0 0 0 0 0 5 9 8 0 9 0 0 0 42 0 0 0 11 21 46 -999 -999 -999 
P3491 2011 3 67 40 0 0 9 0 0 0 0 0 23 35 0 16 46 123 139 28 17 27 0 35 71 194 57 13 0 97 11 0 0 
P3491 2011 4 0 0 0 0 14 0 0 0 0 24 0 32 0 10 0 0 0 56 0 36 31 15 0 10 0 0 0 0 0 0 -999 
P3491 2011 5 0 0 0 0 0 4 0 0 0 0 0 0 0 0 0 0 0 0 0 0 34 0 0 0 30 0 0 0 0 18 13 
P3491 2011 6 0 0 11 0 0 0 0 0 0 0 0 0 0 0 0 19 0 0 0 7 0 0 0 0 17 0 24 0 0 0 -999 
P3491 2011 7 0 0 0 0 0 0 0 0 0 6 0 0 0 0 0 11 0 0 0 0 0 0 0 0 0 0 0 0 0 0 0 
P3491 2011 8 0 0 0 0 0 0 0 0 0 0 0 0 0 0 0 0 0 24 0 0 0 0 0 0 0 11 15 25 0 0 27 
P3491 2011 9 0 0 0 0 20 0 0 0 0 50 0 0 0 0 0 0 0 0 0 0 0 0 0 0 0 0 0 0 0 30 -999 
P3491 2011 10 22 27 0 0 0 0 0 0 11 17 0 0 0 29 17 0 13 0 0 0 0 0 0 19 15 0 0 0 0 0 0 
P3491 2011 11 6 0 0 0 61 0 52 0 0 4 8 8 0 0 0 0 47 28 0 0 12 66 47 24 0 9 0 17 0 0 -999 
P3491 2011 12 8 23 31 0 0 0 0 0 0 0 0 0 8 3 0 0 49 59 0 61 80 28 49 0 0 0 26 0 0 0 0 
P3491 2012 1 98 0 2 1 0 0 0 0 0 0 0 0 1 0 0 1 0 0 0 0 4 0 0 0 0 0 0 12 24 0 5 
P3491 2012 2 0 0 49 17 0 0 6 0 0 0 3 0 0 0 3 0 0 0 0 38 21 10 5 0 10 0 0 0 -999 -999 -999 
P3491 2012 3 23 62 0 0 18 17 0 0 0 0 0 0 0 0 0 0 0 0 0 0 0 0 0 0 0 0 0 0 0 0 0 
P3491 2012 4 0 0 0 0 3 0 0 0 3 0 0 8 0 71 61 47 39 17 7 8 8 0 10 47 49 33 72 59 52 0 -999 
P3491 2012 5 0 0 0 0 0 0 0 13 29 22 0 0 29 0 27 18 0 0 0 0 0 21 19 0 41 22 18 0 0 0 0 
P3491 2012 6 0 1 0 0 9 0 0 0 48 0 21 21 0 0 33 17 0 0 0 0 0 0 0 0 0 0 25 0 28 0 -999 
P3491 2012 7 0 0 0 0 0 25 0 0 0 0 0 0 0 0 0 0 0 27 0 17 25 0 0 0 0 0 0 0 0 0 25 
P3491 2012 8 0 17 0 0 0 0 0 0 0 0 0 0 0 0 0 15 0 0 0 0 0 0 15 0 0 0 0 0 0 0 0 
P3491 2012 9 0 0 0 0 0 0 28 0 0 0 0 0 0 0 0 0 0 0 0 0 0 14 0 0 0 0 0 28 32 14 -999 
P3491 2012 10 8 0 0 0 0 0 0 0 29 0 71 21 0 0 0 33 0 0 45 25 44 0 0 0 0 0 0 16 0 42 25 
P3491 2012 11 32 0 45 0 0 19 0 0 0 32 42 0 0 0 2 0 17 59 0 40 0 0 0 0 0 0 0 0 50 0 -999 
P3491 2012 12 14 0 0 0 0 90 80 73 12 0 0 0 0 108 72 56 50 0 0 0 0 25 0 14 11 0 0 0 0 15 57 
P3491 2013 1 0 0 20 63 22 0 15 12 0 0 10 0 0 0 0 0 0 0 0 0 0 0 0 0 0 1 3 0 13 28 8 
P3491 2013 2 0 0 0 0 0 3 0 0 0 0 0 0 0 79 38 11 17 68 96 73 55 60 59 103 27 0 0 0 -999 -999 -999 
P3491 2013 3 0 12 0 0 13 0 0 34 28 72 139 143 81 0 0 38 0 39 39 28 23 59 0 28 32 0 0 0 0 50 79 
P3491 2013 4 0 0 12 23 0 16 25 6 0 0 0 0 0 24 0 0 0 0 13 0 38 17 11 29 66 0 0 7 0 4 -999 
P3491 2013 5 0 0 0 0 0 0 0 44 0 40 39 17 0 0 0 0 35 26 0 14 0 0 0 0 0 0 0 0 0 0 0 
P3491 2013 6 0 0 38 34 0 0 0 40 55 0 47 40 0 0 0 13 17 20 0 0 0 16 0 0 0 0 35 0 0 21 -999 
P3491 2013 7 0 0 0 0 0 0 0 0 0 0 0 0 0 0 0 0 0 0 0 20 0 0 0 31 0 0 0 0 0 0 0 
P3491 2013 8 0 0 37 0 30 0 0 28 0 0 0 0 0 12 25 0 0 0 0 0 0 0 0 0 0 0 13 0 0 0 46 
P3491 2013 9 27 0 11 0 0 0 0 0 0 0 0 0 0 0 0 0 0 0 0 0 0 21 0 0 0 0 0 0 0 0 -999 
P3491 2013 10 7 0 0 0 0 0 0 0 0 23 35 19 0 0 10 17 33 23 10 7 0 0 0 0 1 1 0 7 0 0 0 
P3491 2013 11 0 0 0 0 0 0 0 0 0 5 10 0 0 0 0 0 22 184 243 83 99 146 189 100 0 94 54 0 0 12 -999 
P3491 2013 12 19 53 23 0 0 0 0 0 0 0 0 0 0 16 0 0 0 0 0 0 9 0 0 41 19 26 25 21 56 0 16 
P3491 2014 1 19 0 0 17 0 0 0 26 10 0 0 0 18 0 40 0 0 0 0 0 0 0 4 0 16 28 60 75 131 112 40 
P3491 2014 2 0 38 18 37 42 74 38 83 33 54 0 12 0 0 3 0 0 0 16 0 0 0 13 0 2 0 0 30 -999 -999 -999 
P3491 2014 3 0 0 0 0 0 0 0 0 0 1 0 0 0 31 71 71 72 83 126 61 38 0 0 0 0 0 0 0 4 0 0 
P3491 2014 4 29 29 35 36 60 28 12 9 18 30 27 33 0 0 49 0 0 0 36 18 0 28 0 0 0 25 0 29 20 31 -999 
P3491 2014 5 0 0 28 43 0 0 0 0 0 0 0 0 0 0 27 0 0 0 0 0 43 63 44 0 18 27 28 19 0 46 0 
P3491 2014 6 0 0 0 68 55 28 31 0 0 0 0 0 0 0 0 19 0 0 0 21 21 0 0 0 0 0 0 0 0 0 -999 
P3491 2014 7 0 0 0 0 0 50 0 0 0 0 0 0 0 0 0 0 0 0 0 0 0 0 0 0 0 0 0 0 0 0 0 
P3491 2014 8 0 0 0 0 0 0 0 18 0 0 0 0 0 0 0 42 0 0 0 0 0 0 0 0 0 0 0 0 0 0 0 
P3491 2014 9 0 0 0 0 0 0 0 0 0 0 0 43 0 0 0 50 62 37 0 12 0 0 15 0 0 0 0 0 0 0 -999 
P3491 2014 10 13 0 0 0 0 8 0 12 0 0 0 0 0 7 9 0 0 0 51 64 0 13 0 0 0 51 0 9 9 0 0 
P3491 2014 11 3 0 0 0 0 4 0 0 0 0 0 0 0 0 0 0 0 56 23 53 125 177 61 63 36 17 0 0 0 0 -999 
P3491 2014 12 0 0 0 0 0 0 0 0 5 0 0 0 0 0 0 0 0 0 0 0 0 0 0 0 0 1 0 3 0 0 26 
P3491 2015 1 0 0 7 53 69 26 25 23 0 0 0 0 0 0 0 0 0 0 0 0 0 0 0 0 0 0 0 46 50 27 0 
P3491 2015 2 0 0 0 0 0 0 0 0 0 0 0 0 0 0 0 0 0 0 0 0 0 0 0 0 0 84 73 32 -999 -999 -999 
P3491 2015 3 0 31 35 54 28 0 21 28 40 0 0 0 0 34 10 7 0 0 0 0 0 32 0 29 10 8 0 0 0 0 0 
P3491 2015 4 0 0 11 0 3 0 15 0 0 0 0 0 0 0 0 0 0 5 0 0 0 0 6 0 20 0 25 32 95 70 -999 
P3491 2015 5 0 59 34 0 0 12 0 0 0 0 0 0 0 0 0 0 0 0 0 0 0 3 0 0 0 0 44 71 71 24 12 
P3491 2015 6 0 16 0 0 45 45 30 0 8 0 0 0 0 0 41 0 0 0 0 0 0 0 0 0 0 0 0 0 0 0 -999 
P3491 2015 7 0 0 0 0 0 26 0 0 0 0 26 0 0 0 0 0 0 0 0 0 0 0 0 0 0 0 0 0 0 0 0 
P3491 2015 8 0 0 0 0 0 0 0 0 0 0 31 0 0 19 0 0 0 0 40 0 0 0 34 0 22 0 29 0 0 0 0 
P3491 2015 9 0 0 0 0 0 0 0 0 0 0 0 0 0 0 19 0 0 0 0 0 0 0 0 0 0 55 60 50 38 0 -999 
P3491 2015 10 0 19 8 0 0 0 25 42 0 0 0 0 0 0 0 0 0 0 14 0 0 0 0 0 14 0 0 0 2 0 0 
P3491 2015 11 0 0 2 0 0 0 17 0 11 0 11 0 0 79 57 0 0 0 20 49 46 34 22 0 0 0 0 0 0 17 -999 
P3491 2015 12 31 43 21 29 0 24 149 114 72 77 30 64 77 0 0 30 17 0 0 0 0 0 0 0 0 0 0 0 2 0 0 
P3491 2016 1 0 0 0 0 0 0 30 0 0 0 55 82 62 97 37 0 0 30 0 0 10 16 0 0 0 0 26 0 16 0 7 
P3491 2016 2 0 3 15 19 0 0 0 0 6 7 0 0 8 0 0 0 51 17 0 0 0 0 0 0 0 0 0 0 -999 -999 -999 
P3491 2016 3 0 0 27 0 23 29 31 46 145 107 154 164 93 53 57 0 27 40 21 0 27 43 38 0 47 0 77 115 0 39 64 
P3491 2016 4 5 0 0 0 0 0 0 23 24 0 112 101 36 26 78 28 34 19 0 46 10 0 0 0 28 26 27 42 45 18 -999 
P3491 2016 5 12 0 0 0 0 0 0 0 0 0 0 44 0 0 0 38 26 0 0 0 0 4 11 0 0 0 0 0 40 30 37 
P3491 2016 6 23 0 0 0 0 0 0 0 0 0 0 0 32 0 0 0 0 0 0 0 0 11 19 37 0 20 0 0 0 0 -999 
P3491 2016 7 0 36 0 0 0 0 0 0 0 0 0 0 0 0 0 0 0 21 0 0 0 0 22 0 0 0 0 0 0 0 0 
P3491 2016 8 0 0 0 0 0 0 0 0 0 0 0 0 0 0 0 0 0 0 0 0 0 0 0 0 0 23 0 0 0 21 0 
P3491 2016 9 0 22 20 0 0 0 0 0 0 0 0 0 0 0 0 0 32 0 0 24 0 15 0 0 0 0 0 0 0 20 -999 
P3491 2016 10 0 11 0 0 0 0 0 22 0 0 20 0 0 0 0 0 115 75 74 76 67 70 0 14 0 0 0 8 0 0 11 
P3491 2016 11 18 16 13 12 8 6 13 33 0 0 0 10 14 21 82 0 0 73 51 59 61 0 28 45 70 0 0 0 28 33 -999 
P3491 2016 12 0 7 9 0 0 0 0 0 11 0 0 60 101 0 10 0 0 20 0 45 46 67 0 27 25 18 0 0 0 0 32 
P3491 2017 1 28 7 8 0 6 0 0 0 0 0 11 0 0 100 56 0 0 0 3 0 0 2 1 0 0 0 0 1 0 0 0 
P3491 2017 2 0 0 0 0 0 0 0 10 9 0 0 0 0 0 0 0 0 0 0 0 0 1 0 0 0 0 0 0 -999 -999 -999 
P3491 2017 3 0 0 0 0 0 9 0 0 59 46 0 0 0 37 20 2 3 4 0 0 0 0 0 64 91 89 81 68 38 12 7 
P3491 2017 4 9 13 10 0 0 0 0 0 25 48 0 0 0 0 0 0 0 10 0 0 0 10 0 0 27 23 0 0 68 34 -999 
P3491 2017 5 0 0 0 0 0 0 9 0 0 0 0 0 0 11 16 0 0 0 0 0 0 0 0 16 0 0 0 0 0 0 18 
P3491 2017 6 0 0 0 22 0 0 0 33 0 0 0 0 0 0 0 0 0 0 0 16 0 0 0 0 0 0 0 0 0 0 -999 
P3491 2017 7 18 0 0 0 0 0 0 0 0 0 25 0 0 0 0 0 0 0 0 0 0 0 0 0 0 0 0 0 0 0 0 
P3491 2017 8 0 0 0 15 0 0 0 0 37 0 0 0 0 0 0 0 0 0 0 31 0 0 0 0 0 0 0 0 0 0 0 
P3491 2017 9 0 0 0 0 0 0 0 0 0 30 0 0 0 0 0 0 0 0 0 0 0 0 0 0 0 0 0 0 0 0 -999 
P3491 2017 10 0 0 0 0 10 0 0 0 0 0 0 0 0 0 36 56 0 81 0 29 0 23 27 0 0 3 63 117 161 66 20 
P3491 2017 11 0 19 36 0 22 0 9 41 41 17 69 0 195 142 22 15 0 15 13 20 38 0 11 0 0 0 0 0 0 0 -999 
P3491 2017 12 0 0 42 0 0 0 0 66 129 48 62 0 39 78 67 14 7 0 7 7 0 0 14 15 16 0 0 0 0 0 43 
P3491 2018 1 38 0 0 0 0 3 6 18 49 0 5 6 0 0 1 0 18 21 29 0 0 0 46 12 9 39 44 24 26 10 24 
P3491 2018 2 42 0 68 0 28 0 15 0 12 0 10 0 0 0 3 0 0 4 0 15 10 0 0 0 0 0 0 0 -999 -999 -999 
P3491 2018 3 0 0 0 0 0 0 0 0 0 0 0 0 78 0 0 9 23 29 0 0 4 4 0 0 0 0 0 24 31 35 0 
P3491 2018 4 0 0 0 0 0 0 0 0 19 0 0 0 7 0 0 15 0 0 0 0 0 0 0 0 65 95 0 0 23 28 -999 
P3491 2018 5 0 0 0 0 0 0 18 9 0 0 39 34 39 0 0 33 0 0 43 56 53 43 40 13 0 33 41 0 0 0 7 
P3491 2018 6 12 0 0 0 0 0 0 0 0 0 0 0 0 0 31 0 0 0 0 17 0 0 0 0 0 0 0 0 0 0 -999 
P3491 2018 7 0 0 27 0 0 0 0 0 20 0 0 0 0 0 0 0 0 0 0 0 16 0 0 0 0 0 0 0 0 19 0 
P3491 2018 8 0 0 0 0 0 0 0 0 0 0 0 0 0 0 0 0 0 0 0 0 9 0 0 0 0 0 0 0 0 0 0 
P3491 2018 9 0 0 0 0 0 0 39 0 0 0 0 0 16 0 0 0 0 0 0 12 14 0 21 0 9 0 0 0 0 0 -999 
P3491 2018 10 0 17 0 0 0 0 0 0 0 0 34 16 0 0 0 0 0 0 5 0 16 0 7 7 0 0 0 0 0 0 0 
P3491 2018 11 0 6 0 0 0 0 29 114 70 68 23 0 5 0 0 0 0 0 13 0 17 0 0 0 0 0 0 0 0 0 -999 
P3491 2018 12 20 26 0 19 37 0 84 0 7 7 32 0 95 46 34 22 0 10 0 0 15 0 25 0 36 25 0 0 96 108 0 
P3491 2019 1 105 101 136 126 0 101 122 14 0 0 13 0 0 14 0 10 56 0 87 93 109 123 42 0 29 50 110 18 0 0 76 
P3491 2019 2 82 75 0 0 30 25 17 0 0 73 114 53 121 104 0 0 0 169 164 27 12 14 11 8 0 0 0 0 -999 -999 -999 
P3491 2019 3 0 0 0 9 0 0 12 0 19 0 0 0 0 0 0 13 0 0 0 0 0 0 0 0 0 0 0 0 55 0 0 
P3491 2019 4 17 0 0 16 27 0 33 49 43 0 43 44 0 47 43 0 0 19 0 0 18 0 0 94 35 28 37 32 0 45 -999 
P3491 2019 5 0 19 0 0 13 0 0 0 0 36 22 0 37 32 0 0 0 0 0 0 0 0 0 0 0 30 8 0 0 0 0 
P3491 2019 6 0 0 0 10 0 0 40 36 0 0 0 25 16 22 0 0 0 14 16 0 0 0 0 0 0 0 26 0 0 0 -999 
P3491 2019 7 17 0 0 0 0 0 0 0 0 0 0 0 0 0 0 0 0 0 0 0 0 0 0 0 0 0 0 0 0 0 0 
P3491 2019 8 0 0 0 0 0 0 0 0 0 13 0 0 0 0 0 0 0 0 11 0 0 0 0 10 0 0 0 0 0 15 0 
P3491 2019 9 0 0 0 17 0 0 0 0 0 0 0 0 0 0 0 0 0 0 31 0 0 0 39 38 0 0 0 0 18 0 -999 
P3491 2019 10 0 0 24 0 0 0 0 0 0 0 0 71 61 11 0 0 0 0 0 0 0 0 0 0 0 0 0 0 0 0 0 
P3491 2019 11 0 0 0 0 0 0 0 0 14 0 0 0 0 0 0 0 0 0 0 62 222 244 100 58 86 103 58 23 0 113 -999 
P3491 2019 12 90 63 0 0 22 0 5 0 0 0 0 0 0 0 0 0 0 0 0 0 0 0 0 0 1 0 0 0 0 0 0 
P3491 2020 1 17 13 0 0 0 0 0 0 0 0 0 0 0 43 16 0 0 0 3 0 0 0 0 0 0 0 0 71 0 54 34 
P3491 2020 2 0 0 0 0 0 16 21 0 8 11 7 0 0 0 17 0 0 0 6 0 0 0 0 0 0 0 0 0 -999 -999 -999 
P3491 2020 3 0 0 0 0 29 38 0 0 1 0 0 0 0 12 7 0 0 0 0 0 23 0 0 0 0 36 0 0 28 0 24 
P3491 2020 4 0 0 17 12 0 0 0 1 0 4 0 33 9 0 0 91 98 61 40 47 65 0 8 0 0 0 10 0 0 0 -999 
P3491 2020 5 0 0 0 0 23 0 0 0 0 0 0 54 39 23 0 26 0 0 0 0 0 0 0 0 0 0 0 0 0 0 0 
P3491 2020 6 0 0 0 0 0 0 0 29 18 0 0 0 0 0 24 0 0 0 0 0 0 0 0 0 0 0 0 0 24 0 -999 
P3491 2020 7 0 0 17 0 0 21 0 0 0 0 0 0 34 19 0 0 0 0 0 0 0 0 0 0 0 0 0 0 0 0 0 
P3491 2020 8 0 0 0 0 0 0 0 0 0 0 13 0 0 0 0 0 0 0 0 0 0 0 0 0 48 27 0 0 0 0 0 
P3491 2020 9 0 0 9 0 0 0 0 0 0 0 0 0 0 9 0 0 0 0 0 0 0 22 28 0 12 0 0 0 0 0 -999 
P3491 2020 10 0 0 0 0 0 43 0 47 73 20 29 44 15 0 101 52 17 68 19 0 0 0 0 0 0 0 0 17 0 0 0 
P3491 2020 11 75 90 97 86 51 19 0 9 0 0 0 1 0 0 22 0 6 10 0 122 72 67 0 35 63 55 61 97 0 0 -999 
P3491 2020 12 66 67 73 0 32 8 7 0 23 0 0 0 0 0 0 0 0 0 0 0 24 106 114 87 91 96 131 14 0 33 63 
P3491 2021 1 58 92 41 0 54 0 43 91 64 9 0 0 0 0 0 0 0 17 0 7 0 0 0 6 8 0 0 23 40 26 24 
P3491 2021 2 0 0 68 57 67 14 0 0 0 0 14 0 0 0 0 0 0 0 0 0 11 0 0 2 0 0 12 0 -999 -999 -999 
P3491 2021 3 12 0 0 0 0 0 0 0 23 47 0 0 61 1 0 0 35 0 0 0 48 2 0 0 0 13 25 0 0 0 0 
P3491 2021 4 0 0 0 18 10 0 0 0 0 15 0 0 0 0 45 0 0 0 0 19 0 38 39 32 0 19 16 23 0 0 -999 
P3491 2021 5 65 44 34 21 0 0 0 0 6 0 0 0 29 0 26 0 0 0 42 0 0 0 0 28 0 11 0 29 0 22 0 
P3491 2021 6 0 0 55 0 4 0 0 0 18 24 0 0 0 15 0 0 0 0 32 0 0 0 0 0 0 0 0 0 0 0 -999 
P3491 2021 7 0 0 0 26 0 0 0 0 16 14 0 0 0 0 0 0 0 0 0 0 0 0 0 0 0 0 0 0 0 0 0 
P3491 2021 8 0 0 0 0 0 0 0 0 0 0 0 0 0 0 0 0 0 0 0 0 0 0 0 0 0 36 0 0 0 0 0 
P3491 2021 9 0 6 0 0 0 0 0 0 0 11 0 0 0 0 0 0 0 0 0 0 0 0 0 0 43 31 0 0 0 0 -999 
P3491 2021 10 0 0 0 0 0 0 0 0 24 0 11 0 0 0 0 0 0 0 0 0 0 94 113 81 37 24 19 0 0 0 14 
P3491 2021 11 0 0 41 78 101 0 0 0 0 0 0 0 13 13 0 0 72 0 0 0 0 5 0 0 43 57 68 66 97 37 -999 
P3491 2021 12 61 96 39 0 0 0 6 17 0 0 0 0 0 0 0 62 92 98 22 0 33 44 0 17 10 0 3 0 30 0 0 
P3491 2022 1 0 0 0 0 0 0 22 52 57 45 59 26 33 0 55 40 43 17 16 41 63 51 145 67 44 0 35 46 58 56 51 
P3491 2022 2 120 32 11 37 64 48 0 182 52 83 177 122 158 59 121 56 0 0 25 0 112 34 58 0 62 140 97 7 -999 -999 -999 
P3491 2022 3 0 0 0 0 106 108 57 96 55 78 62 60 0 0 0 5 0 0 0 0 0 0 0 1 0 0 0 0 47 0 0 
P3491 2022 4 0 0 10 0 0 0 0 35 15 0 0 13 8 20 40 29 20 0 0 20 0 0 0 0 0 0 0 0 0 0 -999 
P3491 2022 5 0 0 0 0 0 0 0 0 0 57 53 50 72 71 41 35 24 25 28 22 0 0 16 0 0 45 0 13 7 0 0 
P3491 2022 6 0 0 0 0 12 26 40 11 0 0 0 0 0 0 0 0 14 0 0 0 0 0 0 0 0 0 0 0 0 0 -999 
P3491 2022 7 0 0 0 0 0 0 0 0 0 65 0 0 0 0 0 0 0 0 0 0 0 0 0 0 0 0 0 0 25 0 0 
P3491 2022 8 0 19 31 0 0 0 0 0 0 0 0 0 26 0 0 0 0 0 0 0 0 0 0 0 0 0 0 0 0 0 15 
P3491 2022 9 0 26 20 0 0 0 0 0 0 0 0 0 28 51 49 0 0 0 0 0 0 0 0 0 0 0 0 0 0 0 -999 
P3491 2022 10 25 0 13 0 0 0 0 0 38 0 0 30 20 0 62 41 21 9 0 0 0 0 0 0 0 0 0 0 0 71 34 
P3491 2022 11 33 0 0 12 0 0 0 0 7 0 0 15 0 0 0 0 0 0 0 0 0 0 0 0 2 0 0 0 13 8 -999 
P3491 2022 12 20 60 99 148 55 75 0 13 101 27 10 0 16 7 0 10 0 0 0 0 54 72 98 59 52 25 24 30 0 8 3 
P3491 2023 1 4 0 0 0 6 0 0 0 0 0 0 0 7 0 8 0 0 0 0 8 0 0 2 0 0 0 0 0 0 0 0 
P3491 2023 2 5 13 7 0 0 4 0 0 0 0 0 0 0 0 0 10 17 19 9 3 0 16 0 22 11 13 48 0 -999 -999 -999 
P3491 2023 3 20 23 0 0 0 0 0 0 0 0 0 0 46 0 0 0 0 0 0 0 0 0 0 15 0 0 0 0 0 51 61 
P3491 2023 4 22 9 0 57 53 0 0 20 6 0 3 23 92 139 57 10 43 9 0 0 0 0 0 0 0 57 54 55 7 0 -999 
P3491 2023 5 0 0 0 14 0 0 0 0 0 0 0 0 0 0 0 39 34 47 51 0 0 0 15 9 0 0 0 10 0 0 0 
P3491 2023 6 0 0 0 0 27 20 0 0 16 0 0 7 0 0 0 0 0 0 0 0 17 0 0 0 0 0 0 0 0 0 -999 
P3491 2023 7 0 0 0 0 0 0 0 0 0 0 0 0 0 0 0 0 19 0 0 0 0 0 0 0 0 0 0 0 0 0 0 
P3491 2023 8 0 0 0 22 0 0 0 0 0 0 0 26 0 0 0 0 0 0 0 25 0 0 0 0 0 0 0 0 0 0 0 
P3491 2023 9 0 0 0 0 0 0 0 0 0 0 0 0 0 0 0 26 0 0 0 0 0 0 0 0 0 0 0 0 0 7 -999 
P3491 2023 10 0 0 0 13 0 10 0 0 0 0 0 0 17 40 68 0 0 0 0 0 0 0 0 0 18 38 16 0 9 0 0 
P3491 2023 11 78 0 0 0 0 0 0 20 23 36 23 0 10 0 0 0 0 0 0 0 0 0 0 12 0 8 0 0 2 0 -999 
P3491 2023 12 0 0 0 0 0 1 0 7 6 0 2 0 0 3 0 1 0 0 9 0 0 0 0 0 0 0 1 2 3 0 0 
P3491 2024 1 3 4 0 33 0 55 72 70 63 0 15 0 0 59 51 28 0 72 0 0 0 0 0 0 7 0 5 0 0 0 0 
P3491 2024 2 102 90 145 33 0 12 0 17 0 2 0 2 0 5 8 9 0 1 1 0 0 33 0 127 73 53 0 0 -999 -999 -999 
P3491 2024 3 42 0 52 0 0 0 0 42 33 0 0 0 0 0 0 0 0 33 0 0 0 0 0 45 116 154 79 0 31 49 0 
P3491 2024 4 44 63 66 31 10 6 0 0 0 0 0 0 0 0 0 0 0 0 0 0 0 0 23 24 0 13 24 0 0 0 -999 
P3491 2024 5 0 0 0 0 0 0 0 0 21 0 0 0 14 0 0 24 0 0 0 0 0 0 0 0 0 0 0 0 0 0 0 
P3491 2024 6 0 0 0 0 0 0 0 0 0 0 0 0 0 0 0 0 0 0 0 0 19 0 0 26 31 30 21 0 0 0 -999 
P3491 2024 7 0 19 0 0 0 0 23 0 0 0 0 0 0 0 0 0 0 0 0 0 0 0 0 0 0 0 0 0 0 0 0 
P3491 2024 8 0 0 24 0 0 0 0 0 0 0 0 0 0 0 0 0 0 0 0 0 0 0 0 0 0 0 0 0 0 29 49 
P3491 2024 9 33 0 0 0 0 0 0 0 0 0 0 0 0 0 0 0 0 0 0 0 0 0 0 0 0 0 0 0 0 0 -999 
P3491 2024 10 0 0 0 0 27 0 0 0 0 0 23 24 0 0 102 91 34 0 0 0 0 30 24 17 0 0 0 0 0 0 0 
P3491 2024 11 0 0 0 0 0 0 0 10 11 0 0 0 54 53 0 0 0 0 19 0 0 0 37 0 0 0 0 0 4 0 -999 
P3491 2024 12 0 0 0 0 20 0 0 0 0 0 0 0 0 0 4 0 0 5 0 0 0 0 0 0 0 28 16 0 0 3 0 
P3491 2025 1 0 0 0 0 0 0 4 0 7 14 0 0 0 5 0 4 0 0 0 18 26 25 32 39 44 35 20 0 0 0 0 
P3491 2025 2 14 13 0 0 0 0 39 0 0 28 29 25 0 21 23 0 40 0 15 49 30 28 0 0 0 0 0 0 -999 -999 -999 
P3491 2025 3 0 35 0 27 46 75 168 28 7 0 0 0 0 0 0 0 24 0 0 50 81 108 61 190 75 0 52 0 0 0 0 
P3491 2025 4 22 0 8 0 0 0 2 0 0 0 0 0 0 0 0 0 0 0 18 22 0 7 0 0 0 0 0 0 0 60 -999 
P3491 2025 5 0 0 52 48 0 30 36 27 28 26 0 24 15 15 0 11 27 14 0 0 0 0 0 0 0 0 0 30 0 28 18 
P3491 2025 6 0 0 0 0 0 0 0 19 0 0 0 0 0 0 0 0 0 0 0 0 0 0 0 0 0 30 0 0 0 0 -999 
P3491 2025 7 0 0 0 0 0 0 0 0 0 0 0 0 0 0 0 0 0 28 0 0 0 29 0 0 0 0 0 0 0 0 0 
P3491 2025 8 0 0 0 0 0 0 0 0 0 0 0 0 0 0 0 0 0 0 0 0 0 0 0 0 0 0 0 0 0 0 0 
P3491 2025 9 28 0 13 0 20 0 0 0 0 0 0 0 0 0 0 0 0 0 0 0 0 0 0 0 0 0 0 0 0 0 -999 
P3491 2025 10 0 11 11 14 0 0 38 42 0 0 3 0 0 0 0 0 0 0 0 7 0 0 0 0 37 52 0 85 37 0 0 
P3491 2025 11 20 0 0 0 0 0 0 0 0 0 0 0 0 0 0 33 0 0 0 0 0 0 0 0 30 0 0 0 0 0 -999 
P3491 2025 12 0 48 0 0 0 0 0 49 0 0 0 0 0 0 0 0 8 0 0 13 0 11 10 20 40 30 19 0 0 0 35 
P3491 2026 1 17 0 18 0 0 21 2 0 0 0 33 119 155 14 0 105 133 0 31 0 0 0 13 23 16 22 0 9 7 0 0 
P3491 2026 2 0 0 31 19 0 17 0 0 0 9 15 0 0 0 0 0 12 28 81 139 44 49 30 22 5 17 1 2 -999 -999 -999 
P3491 2026 3 0 0 0 0 0 0 0 0 0 0 0 0 0 0 0 4 0 9 13 21 0 0 58 0 7 3 0 0 5 0 0 
P3491 2026 4 0 7 0 11 23 0 64 55 63 77 116 58 54 32 20 0 0 0 13 0 27 0 0 0 0 0 61 62 59 61 -999 
P3491 2026 5 0 0 8 5 0 0 0 0 0 0 0 0 0 0 0 0 0 0 0 31 0 8 16 0 0 42 38 0 0 0 14 
P3491 2026 6 13 0 8 8 0 9 0 0 0 0 0 16 0 18 0 0 0 0 9 7 0 0 0 0 0 0 0 0 0 0 -999 
P3491 2026 7 0 0 0 0 0 0 0 0 0 0 0 0 0 0 0 0 0 0 0 0 0 0 0 0 0 0 0 0 0 20 0 
P3491 2026 8 0 0 0 0 0 0 0 0 0 0 0 0 0 0 0 0 0 0 0 0 0 0 0 0 0 0 0 0 19 0 0 
P3491 2026 9 25 0 0 16 0 0 0 0 0 0 0 0 0 0 0 0 0 0 0 27 31 0 0 0 0 28 0 13 25 12 -999 
P3491 2026 10 0 0 0 0 0 30 41 0 0 0 0 51 0 0 0 66 0 4 0 0 0 0 69 23 32 23 0 2 0 58 105 
P3491 2026 11 42 0 0 0 0 0 19 0 27 77 88 0 0 15 16 0 0 10 0 0 0 0 0 0 5 0 0 0 26 0 -999 
P3491 2026 12 5 11 0 0 31 0 0 0 0 59 0 0 0 0 60 47 86 85 48 0 0 0 26 0 0 15 0 0 9 30 17 
P3491 2027 1 0 0 91 84 77 73 90 79 43 0 0 0 1 0 0 0 0 4 23 53 0 0 0 0 6 0 4 0 0 0 0 
P3491 2027 2 9 10 0 0 0 6 0 0 8 0 13 0 53 119 0 219 91 107 75 0 5 21 0 28 53 44 26 0 -999 -999 -999 
P3491 2027 3 74 45 18 41 48 55 0 0 0 0 0 0 0 26 24 0 31 24 36 0 17 0 0 24 21 39 53 79 0 11 23 
P3491 2027 4 0 0 48 83 31 16 32 0 24 0 0 0 44 53 0 94 85 92 43 46 86 32 31 0 32 15 0 0 0 0 -999 
P3491 2027 5 30 0 0 57 38 0 9 0 0 0 0 0 0 0 0 0 0 0 0 25 0 28 0 0 51 44 0 13 15 0 0 
P3491 2027 6 23 0 0 25 0 0 0 0 9 0 0 21 0 0 0 0 0 0 0 0 5 0 0 0 0 0 0 13 0 0 -999 
P3491 2027 7 0 0 0 0 0 27 16 0 0 0 0 0 0 0 0 0 0 0 0 0 0 0 0 0 0 0 0 0 0 0 0 
P3491 2027 8 0 0 0 0 0 0 0 0 0 0 0 23 19 0 0 0 0 0 0 0 0 0 0 0 0 0 0 0 0 0 0 
P3491 2027 9 0 30 0 0 0 0 14 0 0 12 15 0 0 0 0 18 0 0 10 0 0 0 0 0 0 0 0 0 0 0 -999 
P3491 2027 10 0 18 0 0 0 0 0 0 0 0 0 0 0 0 0 0 0 0 0 0 0 0 0 0 0 21 17 12 0 0 0 
P3491 2027 11 0 60 170 96 17 28 0 3 0 0 0 0 52 89 58 0 0 0 0 0 0 0 75 77 70 43 64 57 126 122 -999 
P3491 2027 12 0 0 71 5 0 105 147 92 41 50 0 27 9 0 32 22 0 0 0 0 26 0 0 14 0 6 0 0 0 0 8 
P3491 2028 1 18 36 0 0 0 0 21 29 84 90 0 0 89 125 104 10 0 0 0 0 0 0 0 0 0 0 7 0 0 0 0 
P3491 2028 2 0 2 0 0 0 0 0 0 0 0 0 0 0 0 0 0 4 6 3 6 0 0 0 0 16 0 58 0 -999 -999 -999 
P3491 2028 3 44 46 0 0 16 0 0 0 0 17 17 0 0 0 17 0 24 13 6 0 0 0 21 15 0 0 0 0 0 0 0 
P3491 2028 4 11 15 0 0 0 20 0 0 30 0 27 19 0 0 0 5 0 12 0 0 0 0 0 0 0 0 16 26 0 0 -999 
P3491 2028 5 0 0 0 0 0 0 0 0 0 0 14 0 12 0 0 0 0 0 16 0 0 0 0 34 29 0 0 10 0 0 0 
P3491 2028 6 0 0 25 23 0 14 0 0 0 0 0 18 0 0 0 0 0 0 0 19 0 0 0 0 0 0 0 0 0 0 -999 
P3491 2028 7 0 0 0 22 0 22 21 26 23 0 0 0 0 0 0 0 0 0 0 0 0 0 34 0 0 0 0 0 0 0 0 
P3491 2028 8 0 0 0 0 0 0 0 0 0 0 0 0 0 0 0 0 0 0 30 0 18 0 0 0 0 0 0 0 0 0 0 
P3491 2028 9 0 0 0 33 0 0 22 12 0 0 0 0 0 0 0 0 18 0 10 0 0 0 0 0 0 0 0 0 0 0 -999 
P3491 2028 10 0 0 8 0 0 0 0 10 9 0 25 8 0 0 0 0 0 24 45 52 0 10 0 0 0 0 0 0 10 26 0 
P3491 2028 11 53 0 0 0 0 0 57 0 31 43 0 9 0 0 39 38 0 0 0 0 0 0 0 0 0 0 0 0 0 0 -999 
P3491 2028 12 0 0 0 0 0 35 0 0 0 0 0 0 0 2 5 2 0 0 0 0 67 0 0 0 12 15 0 7 11 0 0 
P3491 2029 1 3 27 54 3 13 67 162 46 0 7 6 11 22 0 42 65 19 5 17 0 0 0 0 0 32 109 119 53 10 1 0 
P3491 2029 2 0 12 8 6 0 0 0 0 0 13 0 0 0 0 0 0 0 0 0 0 18 24 18 0 7 0 52 0 -999 -999 -999 
P3491 2029 3 0 0 0 0 0 0 0 0 0 0 0 0 0 0 0 0 27 24 24 0 0 23 41 39 0 0 0 0 0 2 0 
P3491 2029 4 5 0 0 0 0 0 17 0 7 0 0 30 35 24 0 8 0 0 0 15 0 7 0 0 17 0 0 0 0 4 -999 
P3491 2029 5 0 0 0 0 21 0 3 0 6 0 0 0 0 0 0 0 0 0 0 0 0 38 0 0 15 0 3 0 0 0 0 
P3491 2029 6 0 25 40 34 35 0 0 0 0 0 0 0 0 0 0 0 0 0 0 0 0 36 0 27 0 34 0 20 0 0 -999 
P3491 2029 7 0 0 0 0 20 0 0 0 0 0 0 0 0 0 0 0 0 0 0 0 0 0 0 0 0 0 0 0 22 0 0 
P3491 2029 8 0 0 0 0 0 0 0 0 0 0 0 0 0 18 0 0 0 13 0 0 0 0 0 0 0 0 0 0 0 0 0 
P3491 2029 9 0 45 0 0 0 16 0 0 0 10 0 34 0 0 0 0 29 35 0 19 0 0 58 56 25 0 0 0 68 67 -999 
P3491 2029 10 76 26 0 8 0 9 0 0 0 0 0 0 0 0 43 24 0 0 0 0 0 14 17 0 0 19 0 14 0 14 0 
P3491 2029 11 6 21 48 91 0 0 0 0 128 50 0 13 0 0 0 11 0 0 0 16 4 12 0 26 8 0 26 34 93 44 -999 
P3491 2029 12 0 16 0 7 13 7 0 0 9 0 0 0 0 0 0 0 7 0 0 7 0 0 4 2 0 0 0 3 0 0 101 
P3491 2030 1 87 28 0 0 47 0 67 0 25 12 0 24 0 0 0 0 0 0 1 0 0 0 3 4 0 17 10 20 93 117 101 
P3491 2030 2 163 105 63 10 0 0 0 63 59 0 89 41 0 0 0 47 0 0 0 0 16 0 0 0 41 0 0 0 -999 -999 -999 
P3491 2030 3 0 0 0 0 0 0 101 0 0 0 0 0 13 0 0 0 0 0 0 0 0 43 0 7 0 0 0 0 0 0 0 
P3491 2030 4 5 0 0 0 0 0 0 0 0 21 28 0 16 96 0 83 107 198 55 28 37 0 36 20 22 42 0 0 0 7 -999 
P3491 2030 5 0 0 0 0 0 0 0 13 0 0 15 0 0 0 41 0 27 18 21 0 0 0 0 0 0 0 0 0 0 30 0 
P3491 2030 6 34 0 0 0 28 33 34 23 0 0 30 0 0 31 20 0 0 0 0 0 0 0 0 0 0 0 0 0 0 0 -999 
P3491 2030 7 0 0 0 0 0 0 0 0 0 0 0 0 0 0 0 0 0 0 0 0 0 0 22 0 0 0 0 0 0 0 0 
P3491 2030 8 0 0 0 0 0 0 0 0 0 0 0 0 0 0 0 0 0 0 0 0 0 0 0 0 0 0 0 0 0 0 0 
P3491 2030 9 0 0 0 0 0 0 0 0 0 9 0 0 0 0 0 0 0 0 0 0 0 0 0 14 0 0 0 0 0 0 -999 
P3491 2030 10 0 0 0 0 0 11 0 0 0 61 0 46 22 0 0 11 0 0 0 0 0 0 22 0 0 0 0 0 0 0 0 
P3491 2030 11 32 0 55 0 146 100 38 0 0 0 0 0 0 0 0 0 0 40 0 0 0 0 0 0 0 0 0 0 22 90 -999 
P3491 2030 12 120 52 51 41 0 93 57 38 0 20 47 63 27 0 0 32 0 0 0 0 0 0 0 0 0 0 0 0 0 0 0 
P3491 2031 1 0 0 0 0 0 0 0 0 0 0 0 0 0 101 55 18 0 10 32 0 0 26 0 37 32 27 23 18 0 44 43 
P3491 2031 2 0 0 14 26 0 38 0 0 0 45 32 20 0 0 0 0 7 53 31 0 0 55 10 0 0 0 0 29 -999 -999 -999 
P3491 2031 3 23 33 26 0 0 0 25 0 23 0 42 32 0 82 0 0 42 46 43 0 45 64 0 0 0 53 64 43 0 30 34 
P3491 2031 4 31 36 29 40 0 92 0 0 0 0 0 8 29 0 0 0 0 26 16 0 0 0 0 0 31 34 36 31 0 20 -999 
P3491 2031 5 0 22 17 0 16 0 33 0 0 0 16 0 22 0 0 18 0 0 0 0 0 0 0 0 0 0 0 0 0 0 0 
P3491 2031 6 0 0 0 0 0 0 0 0 0 0 0 0 0 0 0 0 0 0 27 0 0 26 0 0 0 0 0 0 0 18 -999 
P3491 2031 7 0 0 17 33 31 0 0 0 0 0 32 0 0 0 0 0 0 0 0 0 0 0 27 0 0 0 0 0 0 0 0 
P3491 2031 8 0 0 0 0 0 0 0 0 0 0 0 0 0 0 0 0 0 35 33 35 28 0 0 0 0 0 0 0 0 0 0 
P3491 2031 9 0 0 0 0 0 0 0 0 0 28 0 55 16 0 0 0 0 0 0 0 24 0 0 0 0 0 0 0 39 19 -999 
P3491 2031 10 0 0 0 0 11 0 0 0 0 0 36 0 0 0 58 58 23 0 0 0 28 24 34 52 43 18 33 80 30 0 70 
P3491 2031 11 55 0 28 0 17 0 0 2 7 0 0 0 51 0 44 86 24 5 14 0 0 0 0 0 0 13 29 52 0 34 -999 
P3491 2031 12 38 99 132 67 41 26 0 8 0 0 0 0 0 0 0 1 0 0 0 0 0 0 0 0 0 0 0 0 8 24 51 
P3491 2032 1 85 133 0 0 34 134 39 80 158 0 3 0 0 3 0 0 0 68 72 11 0 0 0 0 0 0 0 14 23 59 31 
P3491 2032 2 91 89 0 0 54 18 13 20 0 0 0 0 0 2 0 0 0 0 0 0 0 0 0 0 0 31 0 9 -999 -999 -999 
P3491 2032 3 0 6 0 0 0 21 42 24 0 0 0 0 0 0 0 0 0 0 0 0 0 0 0 0 34 30 25 0 0 17 0 
P3491 2032 4 0 0 61 104 70 47 53 33 28 19 0 0 0 19 0 0 0 0 0 21 0 123 131 43 32 0 0 0 50 32 -999 
P3491 2032 5 24 18 0 0 0 39 44 38 33 0 0 0 0 0 0 0 0 43 18 0 25 3 0 0 0 0 0 0 0 0 0 
P3491 2032 6 0 0 0 0 0 30 22 14 0 0 0 0 0 0 0 9 0 0 7 0 0 0 0 0 0 0 0 0 0 0 -999 
P3491 2032 7 19 0 0 0 0 27 0 0 0 0 0 0 0 0 0 0 0 0 0 0 0 12 0 0 0 0 0 0 0 28 0 
P3491 2032 8 0 0 0 0 0 0 0 0 0 12 0 36 0 0 0 0 41 0 0 0 0 0 0 0 29 0 0 11 0 0 0 
P3491 2032 9 0 0 0 0 0 0 0 0 25 0 0 0 0 0 0 30 0 0 0 22 0 0 0 0 0 14 0 0 0 0 -999 
P3491 2032 10 0 0 0 0 0 0 0 0 0 27 32 26 0 0 0 29 24 29 73 81 80 94 0 0 0 0 6 0 0 0 16 
P3491 2032 11 0 0 0 56 0 0 56 0 17 0 0 24 68 0 3 0 25 35 70 92 56 23 39 69 0 49 0 61 28 12 -999 
P3491 2032 12 1 0 0 0 0 32 0 29 0 74 66 23 7 0 0 0 0 1 0 0 0 0 0 0 0 0 4 5 12 0 98 
P3491 2033 1 56 25 0 0 5 0 18 4 0 5 2 0 0 7 0 0 0 0 0 0 0 0 0 0 0 4 0 10 0 0 0 
P3491 2033 2 0 3 7 5 0 0 0 0 0 0 4 5 11 20 56 124 168 92 0 129 0 134 67 47 75 0 30 15 -999 -999 -999 
P3491 2033 3 0 11 0 6 6 0 0 0 0 19 14 18 0 0 36 0 17 0 62 92 66 0 0 61 70 0 0 0 29 13 0 
P3491 2033 4 122 21 0 0 38 0 0 10 0 15 9 7 0 0 0 0 0 0 55 64 38 21 0 0 58 0 6 1 0 1 -999 
P3491 2033 5 4 0 0 0 0 0 0 0 0 0 0 0 0 0 0 0 0 14 18 0 28 0 0 0 25 0 0 0 0 0 0 
P3491 2033 6 0 0 0 0 0 0 0 0 0 0 0 0 0 0 0 0 0 0 0 0 0 0 0 0 0 0 0 0 0 0 -999 
P3491 2033 7 0 0 0 0 0 0 0 0 0 0 25 0 0 0 0 0 0 0 0 0 0 0 0 0 23 0 0 0 0 0 0 
P3491 2033 8 0 0 0 0 0 14 0 0 36 12 15 0 0 0 12 0 12 0 0 0 0 0 0 0 20 0 0 0 0 0 0 
P3491 2033 9 0 0 7 0 0 0 0 27 23 0 0 0 0 0 0 0 0 0 0 0 0 0 0 0 0 0 0 0 0 0 -999 
P3491 2033 10 0 29 0 0 0 0 0 0 0 0 0 0 0 0 25 53 72 0 110 18 0 0 0 0 43 35 15 6 0 0 71 
P3491 2033 11 58 0 96 147 36 108 114 116 15 15 0 0 13 21 112 77 0 11 0 0 0 0 0 0 0 0 0 0 0 0 -999 
P3491 2033 12 0 46 81 62 17 31 62 31 43 0 15 17 0 0 0 0 0 0 0 0 0 0 12 12 8 0 0 0 0 7 7 
P3491 2034 1 3 1 0 0 0 0 0 0 0 0 0 0 0 9 0 0 1 0 0 0 16 18 0 68 81 102 71 0 0 0 0 
P3491 2034 2 0 0 0 0 3 0 0 51 0 0 57 20 3 9 0 0 0 45 142 46 0 0 69 20 9 0 0 0 -999 -999 -999 
P3491 2034 3 0 0 0 0 0 0 14 0 15 20 29 0 0 4 0 0 0 0 0 0 0 0 19 0 0 0 0 19 41 40 0 
P3491 2034 4 0 0 0 97 126 32 5 0 0 36 42 0 0 0 49 38 40 23 0 30 0 81 72 0 7 0 5 1 0 0 -999 
P3491 2034 5 0 0 0 0 0 3 2 0 0 0 11 9 19 0 0 0 0 10 0 0 0 23 26 0 19 0 0 46 35 28 27 
P3491 2034 6 33 47 29 0 18 0 0 0 0 0 0 11 13 11 0 0 0 0 0 29 0 0 0 0 0 0 0 0 0 0 -999 
P3491 2034 7 0 0 0 0 10 0 0 0 0 0 0 0 0 0 0 0 0 0 0 0 0 0 0 0 0 0 0 0 0 0 0 
P3491 2034 8 7 0 0 0 0 0 0 0 0 0 0 0 0 16 0 0 0 0 0 12 0 0 0 0 0 0 0 0 0 0 0 
P3491 2034 9 0 0 0 0 0 0 35 0 29 27 23 0 0 15 10 0 0 0 9 0 0 0 0 0 0 0 0 0 15 0 -999 
P3491 2034 10 0 0 0 0 0 0 0 26 0 1 4 0 0 0 0 33 8 6 0 12 0 0 28 5 0 0 0 0 0 12 6 
P3491 2034 11 0 6 19 28 42 0 0 0 0 0 0 0 0 0 0 0 0 0 0 0 11 9 9 0 0 0 25 19 19 22 -999 
P3491 2034 12 0 16 22 2 1 0 0 1 0 0 9 0 0 0 0 0 14 0 0 0 16 0 38 93 122 124 101 0 24 56 0 
P3491 2035 1 26 40 56 0 34 0 0 0 0 0 0 0 0 0 0 0 1 0 3 0 4 2 0 0 0 0 0 28 18 0 0 
P3491 2035 2 0 0 11 19 17 0 0 0 0 0 0 10 12 0 0 0 0 13 0 0 0 0 61 60 29 0 0 22 -999 -999 -999 
P3491 2035 3 27 50 0 1 0 0 0 0 0 0 0 14 17 34 0 0 0 0 9 0 0 0 0 0 20 0 0 76 73 0 0 
P3491 2035 4 0 0 33 40 0 60 33 59 27 0 0 0 0 33 0 27 28 0 39 57 56 41 59 49 21 10 14 29 0 0 -999 
P3491 2035 5 30 33 9 0 0 0 48 32 17 19 16 0 13 0 0 0 0 0 0 0 0 0 0 0 0 0 0 0 0 0 0 
P3491 2035 6 0 0 0 0 0 0 0 0 0 0 0 0 0 0 0 0 0 0 0 0 0 0 0 0 0 0 0 0 0 0 -999 
P3491 2035 7 0 0 0 0 0 0 0 0 0 18 0 16 0 0 0 0 0 0 0 0 0 0 0 0 31 0 0 0 0 0 0 
P3491 2035 8 0 0 0 0 0 0 0 0 0 0 0 0 0 0 0 0 0 0 0 0 0 0 0 0 0 0 0 0 0 42 37 
P3491 2035 9 0 8 0 0 0 0 0 0 0 22 47 0 0 0 0 0 0 0 0 0 0 0 11 0 15 17 0 0 26 0 -999 
P3491 2035 10 0 17 0 0 4 0 0 0 0 0 53 44 30 0 79 18 0 15 0 64 90 60 33 0 0 16 15 0 0 8 12 
P3491 2035 11 0 0 45 0 0 13 0 0 0 0 0 0 0 0 0 0 9 0 0 0 0 0 0 0 0 0 0 0 0 0 -999 
P3491 2035 12 0 0 0 0 0 0 8 0 13 12 0 0 0 29 39 46 0 48 25 0 0 11 16 25 21 24 26 0 9 35 71 
P3491 2036 1 95 59 0 21 66 80 54 50 51 0 57 29 50 0 20 18 49 0 0 51 0 0 0 21 0 0 0 0 0 0 0 
P3491 2036 2 0 24 55 0 0 0 0 0 0 0 0 0 8 14 4 0 0 0 0 29 0 0 0 20 0 7 5 20 -999 -999 -999 
P3491 2036 3 81 59 17 23 17 0 0 0 9 0 7 19 0 30 43 20 18 0 46 0 18 0 40 55 99 85 73 49 0 25 24 
P3491 2036 4 128 19 12 35 0 0 0 0 0 0 0 50 0 9 0 0 0 0 0 46 0 0 0 0 45 0 4 0 0 0 -999 
P3491 2036 5 0 0 0 0 0 16 0 0 0 24 0 0 0 0 0 0 51 38 51 30 77 67 35 0 0 0 0 0 0 0 0 
P3491 2036 6 0 0 0 0 0 0 0 0 0 38 31 27 29 0 0 0 14 0 0 0 0 0 0 0 0 0 0 0 0 0 -999 
P3491 2036 7 0 0 0 0 0 0 0 0 0 0 0 0 0 0 0 0 0 0 0 0 0 0 0 0 0 0 0 0 0 0 0 
P3491 2036 8 0 0 30 0 0 0 0 0 0 0 0 0 0 0 0 0 0 0 0 0 0 0 0 0 0 0 0 0 0 0 0 
P3491 2036 9 0 0 0 0 14 0 0 0 0 0 0 4 0 7 0 0 0 0 0 0 0 0 0 0 32 0 0 0 0 45 -999 
P3491 2036 10 0 0 0 0 0 56 36 8 0 0 0 0 0 69 52 20 11 19 15 0 0 0 0 13 0 0 0 0 0 0 0 
P3491 2036 11 4 0 0 0 0 0 85 41 27 26 13 0 0 7 0 18 6 0 4 0 0 0 14 22 0 0 0 4 0 0 -999 
P3491 2036 12 0 0 0 0 0 0 0 0 0 0 0 0 0 15 10 0 7 0 0 0 7 0 11 0 0 18 44 49 0 134 115 
P3491 2037 1 50 56 0 21 0 56 16 0 34 0 0 13 22 40 42 100 106 78 69 0 7 4 0 0 0 0 0 0 8 0 0 
P3491 2037 2 0 0 0 0 0 0 0 0 0 0 0 28 22 14 0 0 0 40 56 0 0 0 10 0 0 0 0 14 -999 -999 -999 
P3491 2037 3 0 0 0 79 66 35 72 72 49 18 0 14 8 2 0 3 15 0 0 23 20 85 75 100 55 135 77 44 0 0 18 
P3491 2037 4 0 0 0 8 0 28 0 0 0 0 0 0 0 57 24 0 0 0 0 9 0 0 47 51 48 43 37 28 0 10 -999 
P3491 2037 5 12 0 0 0 38 77 67 0 14 0 5 0 0 0 0 0 11 17 0 0 0 0 0 0 0 0 0 0 26 29 0 
P3491 2037 6 0 31 0 0 14 0 0 0 18 0 0 0 0 0 19 0 0 0 21 0 0 10 0 0 0 0 0 0 0 0 -999 
P3491 2037 7 0 0 0 0 0 0 0 0 0 0 0 0 0 0 0 0 0 0 0 0 0 0 0 0 0 0 29 0 0 0 0 
P3491 2037 8 0 0 0 0 0 0 0 0 0 0 0 0 0 0 0 0 10 14 0 0 0 0 0 0 0 0 0 0 0 0 0 
P3491 2037 9 10 0 0 0 0 0 29 0 0 0 27 0 0 0 0 0 0 0 0 0 0 0 0 0 0 0 0 0 0 15 -999 
P3491 2037 10 0 0 10 0 0 0 20 0 0 0 11 0 0 0 0 0 0 0 0 0 17 0 0 0 0 0 0 0 0 0 0 
P3491 2037 11 0 0 0 0 0 0 0 0 0 0 0 0 0 35 0 0 39 9 0 1 0 0 13 0 32 0 29 25 0 30 -999 
P3491 2037 12 0 0 105 103 129 159 91 23 18 11 0 55 0 12 0 0 5 5 28 35 0 7 0 0 16 0 0 0 0 0 0 
P3491 2038 1 0 0 0 0 0 0 0 0 20 14 37 116 61 0 19 39 17 28 9 0 0 0 3 0 0 14 18 11 0 0 43 
P3491 2038 2 14 0 0 0 0 0 14 0 9 0 0 0 0 0 0 0 0 0 0 0 0 10 12 20 47 0 0 0 -999 -999 -999 
P3491 2038 3 0 0 18 0 0 26 0 22 0 0 14 29 27 0 0 53 67 34 0 0 0 46 0 0 0 68 53 0 0 0 0 
P3491 2038 4 0 66 43 49 0 0 0 0 22 13 0 15 0 0 0 0 0 0 0 0 0 74 11 3 0 0 0 0 0 0 -999 
P3491 2038 5 34 0 0 0 0 0 0 0 0 24 0 0 20 0 27 0 0 14 0 0 0 0 0 0 0 0 0 0 0 0 0 
P3491 2038 6 0 0 0 0 0 0 0 0 0 0 29 20 0 0 0 0 0 0 0 0 0 0 0 0 0 0 0 0 0 0 -999 
P3491 2038 7 0 26 0 0 0 0 0 0 0 29 0 0 0 0 0 0 0 0 0 0 0 0 0 0 0 0 0 0 0 0 0 
P3491 2038 8 0 0 0 0 0 0 0 0 0 0 0 0 0 40 0 0 0 0 0 0 20 27 0 0 0 0 0 28 0 0 21 
P3491 2038 9 23 0 0 0 0 0 0 0 0 0 0 0 0 10 0 25 29 0 0 0 45 0 0 0 0 0 0 0 0 0 -999 
P3491 2038 10 0 0 0 0 0 0 0 0 0 0 0 0 0 0 0 0 0 0 0 0 30 0 0 0 0 0 0 36 23 0 22 
P3491 2038 11 41 0 32 33 83 86 47 23 0 0 0 112 34 0 0 45 0 32 0 16 0 0 0 31 0 0 68 79 90 30 -999 
P3491 2038 12 12 8 0 0 0 14 16 0 0 0 7 0 0 0 0 5 0 0 0 0 0 6 8 0 46 22 25 0 52 50 21 
P3491 2039 1 17 21 55 0 117 24 14 0 4 15 0 102 94 31 35 80 108 51 136 113 58 25 21 45 114 169 196 76 16 8 18 
P3491 2039 2 0 0 0 0 0 0 0 0 0 0 9 0 0 11 24 0 11 6 0 8 0 69 72 39 0 75 52 0 -999 -999 -999 
P3491 2039 3 21 0 0 0 24 21 0 0 0 38 29 0 52 0 0 31 37 0 81 0 60 25 0 0 8 20 0 0 2 0 0 
P3491 2039 4 0 0 0 0 0 0 0 0 8 0 0 0 0 0 0 0 21 0 0 0 0 10 0 0 0 0 0 0 35 0 -999 
P3491 2039 5 48 0 0 0 0 19 0 14 0 75 58 23 6 0 21 25 19 0 0 22 29 0 0 0 32 0 31 32 0 0 0 
P3491 2039 6 17 20 0 15 0 0 25 0 52 29 13 0 11 0 0 0 44 0 0 15 0 0 0 0 0 0 0 0 0 0 -999 
P3491 2039 7 0 0 0 0 0 0 0 0 0 0 0 0 0 0 0 0 0 0 0 0 0 0 0 0 0 0 0 0 0 0 0 
P3491 2039 8 0 0 0 0 0 0 0 0 0 0 0 0 0 33 0 0 0 0 0 0 0 0 0 0 0 0 0 0 24 0 0 
P3491 2039 9 0 0 0 0 0 0 0 0 0 0 0 0 0 0 0 0 47 0 0 17 0 0 0 0 0 0 0 0 0 0 -999 
P3491 2039 10 0 0 0 0 0 0 0 0 0 0 20 14 0 9 8 0 0 0 44 81 51 57 0 78 68 11 0 41 0 0 0 
P3491 2039 11 0 41 0 0 0 0 5 0 0 0 0 0 0 0 0 0 11 0 0 0 38 0 0 0 30 20 0 59 57 40 -999 
P3491 2039 12 0 0 0 0 14 0 0 0 0 0 0 0 19 30 47 29 71 194 52 15 0 0 0 0 0 26 0 0 0 0 0 
P3491 2040 1 0 0 0 0 0 0 0 0 0 0 3 0 0 0 0 0 17 8 14 64 0 3 0 13 0 1 0 0 16 26 96 
P3491 2040 2 36 14 67 75 68 9 0 0 0 0 37 31 30 116 157 95 68 127 122 87 31 0 78 82 39 38 28 76 -999 -999 -999 
P3491 2040 3 0 0 62 58 0 0 23 0 29 27 0 0 0 0 4 0 16 9 0 0 0 0 0 0 0 0 0 12 0 0 0 
P3491 2040 4 0 0 0 0 54 0 21 0 0 9 11 0 0 0 47 19 0 0 0 0 0 0 0 0 0 28 15 0 0 0 -999 
P3491 2040 5 0 0 0 0 0 0 25 0 0 0 0 0 0 0 0 0 0 0 0 0 0 0 0 37 0 0 12 0 0 8 0 
P3491 2040 6 0 0 0 27 0 0 0 0 0 24 0 0 30 0 17 15 13 0 0 0 0 0 0 0 0 0 0 0 0 0 -999 
P3491 2040 7 0 0 0 0 0 0 0 0 0 0 0 0 0 0 0 0 0 0 0 0 0 0 30 0 0 32 36 0 0 0 0 
P3491 2040 8 0 0 0 0 0 0 0 0 0 0 0 0 0 0 0 0 0 0 0 0 0 0 0 0 0 0 0 24 0 26 0 
P3491 2040 9 0 0 22 26 0 0 24 0 0 0 0 0 34 0 0 52 0 0 19 31 0 20 16 0 0 0 0 5 0 0 -999 
P3491 2040 10 0 0 0 0 0 0 0 68 0 0 0 24 28 0 0 33 84 136 0 0 0 7 22 32 0 0 0 0 0 0 0 
P3491 2040 11 7 0 0 3 0 0 17 26 21 0 14 11 0 98 61 105 64 17 22 0 0 0 0 33 0 18 0 28 0 24 -999 
P3491 2040 12 0 0 0 0 0 0 0 0 19 0 0 0 0 0 0 0 1 0 0 0 0 0 0 0 0 0 0 0 4 6 0 
P3491 2041 1 0 0 4 0 0 25 0 0 6 0 0 0 0 0 13 0 0 0 0 0 2 0 34 64 0 23 120 36 0 68 0 
P3491 2041 2 0 10 7 0 0 0 0 0 41 50 44 37 22 25 68 92 0 0 0 12 0 5 0 0 0 0 0 0 -999 -999 -999 
P3491 2041 3 0 0 0 0 0 0 0 21 0 0 0 0 0 0 3 0 1 0 0 0 0 0 0 0 0 0 0 0 32 0 0 
P3491 2041 4 0 0 27 0 0 0 0 0 0 0 0 0 0 17 0 0 0 0 0 0 11 0 0 0 0 0 0 0 8 0 -999 
P3491 2041 5 0 0 17 36 46 45 37 21 26 0 0 29 17 0 0 0 0 51 35 18 0 0 0 0 0 0 0 0 0 0 0 
P3491 2041 6 0 0 0 0 0 0 0 0 0 31 0 36 20 0 0 0 0 0 36 0 0 10 0 0 0 0 0 0 0 0 -999 
P3491 2041 7 0 0 0 0 0 0 0 0 0 0 0 0 0 0 0 16 0 0 0 0 0 0 0 0 0 0 0 0 0 0 0 
P3491 2041 8 0 0 0 0 0 0 0 0 0 0 0 0 0 0 0 0 0 0 0 0 0 0 0 0 0 0 0 0 0 0 0 
P3491 2041 9 0 20 32 0 0 0 0 27 22 0 0 0 0 0 0 0 0 31 0 34 0 0 0 18 0 0 0 0 0 0 -999 
P3491 2041 10 0 0 14 10 0 0 0 0 0 10 13 18 24 0 0 0 0 0 0 0 0 0 0 0 28 0 0 0 14 0 0 
P3491 2041 11 65 101 26 16 0 0 0 0 0 0 0 0 0 9 9 12 0 0 0 0 21 0 0 18 0 0 0 0 13 17 -999 
P3491 2041 12 0 73 110 0 15 0 0 27 32 0 0 0 0 0 0 0 0 0 0 11 0 10 0 0 0 0 10 36 42 0 0 
P3491 2042 1 0 59 86 81 33 19 7 0 16 0 28 10 0 0 0 0 0 28 55 0 1 0 0 0 0 0 80 53 5 0 0 
P3491 2042 2 0 0 0 0 0 0 0 0 0 0 11 0 0 4 0 0 0 1 0 0 0 0 16 25 9 0 0 0 -999 -999 -999 
P3491 2042 3 0 0 0 0 10 0 2 9 0 0 0 0 0 0 0 4 13 31 26 24 42 41 48 0 47 0 24 26 21 6 0 
P3491 2042 4 0 0 3 0 5 0 0 0 0 0 5 0 0 10 0 0 55 42 0 17 11 0 51 10 3 0 0 13 0 41 -999 
P3491 2042 5 38 59 80 59 30 41 0 0 0 0 0 38 73 32 16 14 15 0 0 0 0 0 23 0 0 0 0 0 0 0 0 
P3491 2042 6 0 0 0 26 39 31 35 31 11 0 0 17 0 0 0 0 0 0 28 33 0 0 0 0 0 0 0 0 0 0 -999 
P3491 2042 7 0 0 0 0 0 0 36 0 15 0 0 0 0 0 0 0 0 0 0 0 0 0 0 0 0 0 0 0 0 0 0 
P3491 2042 8 0 0 0 0 0 0 0 0 0 0 0 0 0 25 0 0 0 0 51 0 0 0 0 0 0 0 0 0 0 0 0 
P3491 2042 9 0 0 32 0 0 0 26 0 0 0 0 0 0 0 0 0 0 0 0 0 0 0 0 22 0 0 0 0 0 0 -999 
P3491 2042 10 0 0 0 0 20 0 0 0 0 6 4 0 0 0 0 0 0 0 0 0 0 0 0 0 0 0 0 0 0 6 0 
P3491 2042 11 0 0 0 0 0 29 19 15 0 0 0 65 85 0 0 0 0 0 0 0 0 36 0 8 0 38 0 17 0 0 -999 
P3491 2042 12 0 13 0 0 104 0 19 20 0 0 55 56 0 0 0 0 0 0 35 40 12 24 16 0 0 0 0 28 0 91 39 
P3491 2043 1 0 0 0 0 0 0 0 0 5 0 23 48 0 36 67 0 62 32 0 0 0 0 0 0 0 0 0 0 0 0 0 
P3491 2043 2 0 0 0 0 0 0 0 0 25 54 0 0 0 0 57 0 0 15 0 0 0 0 0 8 0 0 0 0 -999 -999 -999 
P3491 2043 3 17 0 0 0 0 4 4 5 0 14 42 0 45 0 40 69 76 48 43 40 0 52 73 72 42 59 16 0 69 102 39 
P3491 2043 4 0 84 66 24 18 36 24 33 38 29 16 0 46 17 0 0 0 0 0 0 0 0 0 0 0 63 38 50 73 0 -999 
P3491 2043 5 23 0 0 0 0 0 0 14 0 0 0 0 0 0 36 38 0 55 53 63 0 0 0 0 0 0 0 0 0 34 0 
P3491 2043 6 18 25 0 0 17 0 0 14 0 0 0 0 0 0 0 0 0 0 0 0 0 0 0 0 0 0 0 0 0 0 -999 
P3491 2043 7 0 0 0 0 0 0 0 0 0 0 9 0 0 0 0 0 0 0 13 0 0 0 0 23 0 0 0 0 0 0 0 
P3491 2043 8 0 0 0 0 0 0 0 21 0 0 0 0 0 0 0 0 0 0 0 0 0 0 0 0 0 23 31 20 0 0 0 
P3491 2043 9 0 0 0 0 0 0 13 14 20 0 0 14 7 7 0 0 9 10 8 0 0 0 0 0 9 0 0 0 0 0 -999 
P3491 2043 10 0 0 0 0 0 0 0 0 0 0 0 0 0 33 0 0 0 0 0 0 18 13 20 0 0 0 0 0 0 0 0 
P3491 2043 11 0 0 18 31 190 76 0 0 0 0 0 0 0 7 0 0 0 0 38 0 74 0 0 0 0 78 73 32 42 17 -999 
P3491 2043 12 0 3 0 66 56 39 0 0 0 0 0 0 0 0 0 0 0 0 0 0 0 1 0 0 0 0 0 0 0 0 0 
P3491 2044 1 0 0 0 0 0 7 9 13 0 18 45 0 0 0 0 14 0 96 57 0 28 15 0 0 73 0 35 0 0 11 19 
P3491 2044 2 0 0 0 55 15 5 0 4 0 25 0 0 0 0 0 0 22 0 0 0 0 0 0 0 0 0 0 0 -999 -999 -999 
P3491 2044 3 16 19 0 3 6 0 0 0 0 0 0 6 0 5 0 19 0 15 0 0 0 0 0 0 0 16 0 32 26 0 0 
P3491 2044 4 31 51 53 32 30 0 0 0 45 0 0 0 9 0 6 0 32 0 0 0 0 0 9 0 0 21 20 25 0 26 -999 
P3491 2044 5 19 6 18 25 23 0 62 48 44 69 69 59 39 27 23 13 17 0 12 0 0 0 0 0 0 0 0 0 0 0 11 
P3491 2044 6 0 15 0 0 0 0 0 12 0 0 0 0 0 28 32 0 0 27 0 25 31 0 0 0 0 0 0 0 0 0 -999 
P3491 2044 7 26 0 16 0 0 0 0 0 0 0 0 0 0 0 0 0 0 0 0 0 0 0 0 0 0 0 0 0 0 0 0 
P3491 2044 8 0 32 0 0 0 0 0 0 0 0 0 16 0 0 0 0 0 0 0 0 0 0 0 0 0 0 0 0 0 0 0 
P3491 2044 9 0 0 0 0 0 0 0 0 0 0 0 0 0 21 0 0 0 0 24 0 0 0 17 0 0 0 0 8 8 0 -999 
P3491 2044 10 0 0 0 0 0 0 0 0 0 0 0 31 11 0 0 0 0 0 0 81 0 0 30 110 0 41 0 0 0 4 0 
P3491 2044 11 0 5 0 0 24 10 10 9 0 0 56 25 83 59 33 38 0 0 0 0 104 0 0 8 0 16 0 0 0 6 -999 
P3491 2044 12 0 0 0 0 0 0 0 0 0 0 0 0 0 0 0 0 20 42 80 137 33 30 55 0 0 49 24 0 8 23 22 
P3491 2045 1 0 0 88 12 71 19 26 76 134 81 53 0 0 13 7 0 15 20 0 0 0 0 0 0 0 0 0 5 6 0 0 
P3491 2045 2 0 20 0 0 0 0 26 4 0 0 57 82 0 7 0 0 0 0 0 0 40 37 0 0 0 174 244 189 -999 -999 -999 
P3491 2045 3 17 0 26 33 18 0 21 45 0 69 58 51 57 56 41 0 22 20 0 0 2 0 0 0 0 0 1 0 1 0 0 
P3491 2045 4 5 0 5 0 0 0 0 0 0 11 0 32 17 48 57 0 0 0 13 0 0 0 0 0 0 0 0 0 0 0 -999 
P3491 2045 5 0 0 0 54 16 0 0 0 0 0 0 0 28 0 0 0 0 0 37 61 36 46 0 48 31 18 0 43 0 39 0 
P3491 2045 6 0 0 0 5 0 0 0 0 0 0 0 0 0 60 34 0 0 17 0 0 0 0 0 0 0 0 25 0 0 0 -999 
P3491 2045 7 0 0 0 0 0 0 0 0 0 0 0 0 0 0 0 0 0 0 0 0 0 0 0 0 31 0 0 0 0 0 0 
P3491 2045 8 0 0 0 0 0 0 0 0 0 0 0 0 0 0 0 0 0 0 0 0 0 0 0 0 0 0 0 0 0 0 0 
P3491 2045 9 0 0 0 23 0 0 0 52 0 0 0 27 0 0 0 0 0 0 0 0 0 0 0 0 0 0 0 0 0 5 -999 
P3491 2045 10 0 0 0 0 0 0 0 20 13 14 12 0 0 25 0 0 0 0 0 0 0 0 0 0 0 0 0 0 0 0 0 
P3491 2045 11 6 0 38 0 0 0 0 8 0 0 0 0 0 0 0 0 0 54 0 0 0 0 0 0 10 0 18 0 0 0 -999 
P3491 2045 12 0 0 0 0 0 0 0 0 0 0 0 0 4 0 0 0 0 4 0 0 3 0 0 68 42 10 0 0 0 0 0 
P3491 2046 1 10 8 8 0 3 7 0 0 0 0 0 3 5 6 0 7 0 87 105 0 67 58 64 66 48 80 0 43 86 61 0 
P3491 2046 2 0 8 12 0 0 0 0 0 0 0 23 0 53 0 43 118 151 119 38 24 0 0 9 0 0 19 38 0 -999 -999 -999 
P3491 2046 3 0 0 32 33 0 0 2 0 0 4 0 0 0 0 0 0 0 0 4 0 0 0 9 0 17 40 29 0 22 18 27 
P3491 2046 4 49 0 0 21 0 0 0 57 70 0 19 0 44 69 0 65 65 0 0 0 27 0 46 37 57 36 0 26 0 0 -999 
P3491 2046 5 22 17 8 0 0 0 0 0 0 0 0 47 37 14 6 0 0 0 24 0 25 24 59 53 90 41 0 0 33 0 30 
P3491 2046 6 24 0 0 0 78 0 0 0 0 0 0 0 0 0 0 0 0 19 0 0 0 0 0 0 0 0 0 0 0 0 -999 
P3491 2046 7 0 0 0 0 0 0 31 0 0 0 0 0 0 0 0 0 0 0 0 0 0 0 0 0 0 0 0 0 0 0 0 
P3491 2046 8 0 0 0 0 0 0 0 0 0 0 0 0 0 0 0 0 0 0 0 26 25 0 0 0 0 25 0 0 0 16 0 
P3491 2046 9 0 0 0 0 0 0 0 0 0 0 0 0 7 0 0 0 0 0 0 29 0 0 0 0 0 0 13 0 0 0 -999 
P3491 2046 10 0 25 0 17 0 0 0 0 0 0 0 0 0 0 0 25 0 0 10 0 0 0 18 0 0 0 0 0 0 0 0 
P3491 2046 11 29 33 73 53 9 0 0 2 0 1 0 0 0 0 0 0 0 0 0 0 0 0 0 0 0 0 0 0 0 0 -999 
P3491 2046 12 0 11 0 0 0 0 0 0 0 0 0 0 0 0 0 16 13 0 0 0 0 0 0 0 0 18 0 0 0 0 0 
P3491 2047 1 0 24 64 63 39 30 0 0 22 31 27 0 0 0 4 30 10 13 0 0 0 15 0 0 0 0 0 0 20 20 25 
P3491 2047 2 39 0 0 0 0 0 0 10 0 0 0 0 0 24 0 0 9 16 0 50 33 29 0 0 56 0 0 0 -999 -999 -999 
P3491 2047 3 0 0 20 18 0 0 0 0 0 0 33 29 0 54 17 26 0 28 0 6 0 0 0 0 0 9 10 0 6 0 22 
P3491 2047 4 25 17 0 7 9 0 0 0 0 12 21 0 0 0 0 15 31 0 31 0 0 0 34 0 0 29 35 37 34 26 -999 
P3491 2047 5 0 0 0 22 0 51 23 7 0 0 0 0 0 64 65 38 15 13 0 0 0 30 40 17 0 0 0 0 0 0 0 
P3491 2047 6 0 0 0 0 0 0 0 0 0 0 0 0 0 0 0 0 0 0 0 0 0 0 0 0 0 0 0 0 0 0 -999 
P3491 2047 7 0 0 16 0 0 0 0 0 0 0 0 0 0 0 24 0 0 0 0 19 0 0 0 0 0 0 0 0 0 0 0 
P3491 2047 8 0 0 0 0 0 0 0 0 0 0 27 0 0 0 0 0 0 0 0 0 0 0 27 0 0 0 0 0 0 0 0 
P3491 2047 9 0 0 0 0 0 0 0 0 0 15 0 0 0 0 0 0 0 0 0 0 0 0 0 0 43 40 0 0 13 0 -999 
P3491 2047 10 0 0 35 66 0 0 0 0 0 0 0 0 0 0 0 3 0 0 0 0 0 0 0 0 0 29 0 30 0 0 0 
P3491 2047 11 0 0 0 0 0 0 0 6 6 9 6 0 0 0 0 12 0 0 37 34 9 0 0 0 0 0 14 35 24 0 -999 
P3491 2047 12 0 65 0 66 210 220 233 102 0 0 0 0 0 15 79 49 0 0 127 92 28 58 0 0 50 0 0 0 0 0 0 
P3491 2048 1 0 0 0 0 0 3 0 0 0 0 15 0 0 0 0 0 0 0 4 0 0 15 0 0 8 58 85 5 0 0 34 
P3491 2048 2 33 0 8 0 7 14 34 85 14 0 9 0 1 0 17 0 0 49 0 0 14 0 5 8 16 0 0 0 -999 -999 -999 
P3491 2048 3 0 0 0 0 0 0 0 0 0 0 0 0 9 0 0 0 0 37 46 41 24 0 0 0 0 0 22 28 0 0 20 
P3491 2048 4 0 0 0 0 0 47 70 69 19 0 0 62 83 54 22 34 75 59 127 112 46 27 25 0 14 25 20 10 16 0 -999 
P3491 2048 5 8 13 0 0 0 9 10 0 8 0 0 0 0 33 0 0 0 0 0 0 44 47 29 0 31 0 0 53 40 0 0 
P3491 2048 6 0 0 0 0 0 20 0 0 0 0 0 0 8 0 0 0 0 0 0 0 0 0 0 0 0 0 0 0 0 0 -999 
P3491 2048 7 0 0 0 0 0 0 0 0 0 19 0 0 0 0 0 0 0 0 0 0 0 0 0 0 0 0 0 0 0 0 0 
P3491 2048 8 0 0 0 0 0 0 0 0 21 0 0 0 0 0 0 0 0 0 0 0 0 0 0 0 24 0 0 0 0 0 0 
P3491 2048 9 0 0 0 0 0 0 30 0 0 0 0 0 0 0 0 0 0 0 0 0 0 0 0 0 0 0 0 23 0 0 -999 
P3491 2048 10 0 0 0 34 0 0 0 0 0 0 0 0 20 36 26 59 33 0 11 12 0 10 0 0 13 0 0 0 0 26 29 
P3491 2048 11 23 27 0 0 0 12 41 0 5 0 0 0 0 0 0 0 55 0 0 0 0 0 0 0 0 0 8 34 139 115 -999 
P3491 2048 12 0 63 97 23 0 0 0 0 0 0 5 0 14 0 0 0 0 0 55 169 45 10 26 0 0 0 0 0 0 0 0 
P3491 2049 1 0 26 0 0 11 11 0 0 0 0 13 0 0 0 0 0 0 0 0 0 0 0 0 0 7 0 3 0 2 0 0 
P3491 2049 2 0 0 0 0 0 0 0 64 25 51 0 140 172 124 66 164 88 98 72 63 108 63 61 181 101 123 71 32 -999 -999 -999 
P3491 2049 3 46 88 101 98 0 0 30 0 51 67 39 0 24 0 0 0 0 0 0 9 0 11 0 0 0 0 0 0 8 13 0 
P3491 2049 4 42 24 0 10 0 25 0 0 0 0 0 0 0 0 0 0 0 2 0 0 0 0 0 5 0 0 0 0 16 0 -999 
P3491 2049 5 0 31 0 7 0 0 0 0 24 0 0 0 0 0 0 0 0 0 0 0 26 0 0 0 0 0 0 0 0 0 0 
P3491 2049 6 0 0 11 9 0 0 0 0 0 0 0 0 0 0 0 0 0 0 0 0 0 0 0 0 0 0 0 0 0 0 -999 
P3491 2049 7 0 19 0 0 0 0 41 18 13 0 0 0 0 0 0 0 11 0 0 0 0 0 0 0 0 0 0 0 0 0 0 
P3491 2049 8 0 0 0 0 0 0 0 0 0 19 0 0 0 0 0 0 0 0 0 0 0 0 0 0 0 0 0 16 0 0 0 
P3491 2049 9 0 0 0 0 0 17 0 0 0 0 0 0 8 0 0 0 0 0 0 0 0 14 0 0 29 0 0 18 0 0 -999 
P3491 2049 10 0 0 0 0 0 0 17 0 0 0 22 0 20 0 0 0 23 27 28 10 0 8 0 32 33 34 0 40 15 13 0 
P3491 2049 11 0 42 24 17 0 28 96 142 85 9 0 0 0 7 0 0 0 0 9 0 0 4 0 9 0 0 0 38 0 20 -999 
P3491 2049 12 0 0 0 0 0 10 5 0 0 9 0 1 0 0 74 73 4 0 0 0 0 6 16 0 23 24 0 0 0 0 0 
P3491 2050 1 0 0 0 0 0 4 0 0 14 34 97 78 108 87 44 123 81 107 17 0 0 7 0 18 0 0 0 0 4 0 12 
P3491 2050 2 0 0 0 0 0 0 0 25 0 0 4 0 0 0 1 0 2 0 4 0 0 0 0 0 0 0 0 0 -999 -999 -999 
P3491 2050 3 0 0 0 0 0 0 0 0 0 0 20 16 0 0 0 13 12 0 34 0 17 18 45 67 0 0 10 24 0 0 0 
P3491 2050 4 0 0 0 0 0 0 18 24 0 0 59 97 5 0 0 0 52 0 31 42 26 71 28 0 0 0 0 14 0 0 -999 
P3491 2050 5 26 0 23 27 27 20 32 0 0 0 21 0 0 0 37 17 0 0 0 0 0 23 20 0 0 0 36 28 21 0 0 
P3491 2050 6 0 0 0 0 24 0 0 8 0 0 0 0 0 0 26 0 0 0 0 0 0 0 0 0 0 0 0 0 0 0 -999 
P3491 2050 7 0 0 0 0 4 0 0 0 0 0 0 0 0 42 0 0 0 0 0 0 0 0 0 0 0 0 0 0 0 0 0 
P3491 2050 8 23 0 0 0 0 0 0 0 0 0 0 0 0 0 0 0 0 0 27 0 0 0 0 0 0 0 0 0 0 0 0 
P3491 2050 9 0 0 0 0 0 0 0 0 0 0 0 0 0 0 24 0 0 0 0 0 0 0 0 31 0 0 0 0 0 0 -999 
P3491 2050 10 0 0 0 0 0 0 29 0 0 0 0 0 14 0 0 50 42 0 26 27 0 20 17 0 0 0 0 41 38 42 78 
P3491 2050 11 0 24 0 0 0 0 0 0 0 0 0 0 11 16 27 0 0 8 0 0 10 8 34 52 0 0 27 21 0 7 -999 
P3491 2050 12 6 0 32 0 14 13 0 23 0 60 0 29 83 94 57 0 0 0 16 9 8 0 0 0 0 0 0 9 0 8 8 
P3491 2051 1 0 0 15 8 0 0 0 0 7 18 12 31 92 35 41 0 0 0 5 1 0 3 0 0 13 0 0 7 0 22 33 
P3491 2051 2 48 74 41 44 0 0 15 0 0 0 7 0 0 0 0 0 19 0 32 47 0 0 85 0 43 60 0 0 -999 -999 -999 
P3491 2051 3 0 0 0 0 53 0 0 0 0 0 0 44 63 0 0 0 41 0 0 0 23 31 0 0 0 0 0 0 0 12 25 
P3491 2051 4 0 20 0 0 0 0 47 26 80 37 5 0 10 0 0 0 0 0 0 0 7 7 0 0 0 0 0 0 0 0 -999 
P3491 2051 5 0 0 26 16 11 0 0 0 26 8 0 0 0 0 0 0 0 0 0 40 0 0 0 0 19 11 0 0 0 0 0 
P3491 2051 6 0 0 0 17 0 17 17 21 45 60 0 0 0 12 0 0 0 23 0 0 0 0 0 0 0 0 0 0 0 0 -999 
P3491 2051 7 0 0 0 0 16 0 0 0 0 0 0 0 0 0 0 0 0 0 0 0 0 0 0 0 0 0 0 19 0 0 0 
P3491 2051 8 0 0 0 0 42 0 0 0 0 0 0 0 0 0 0 0 0 0 0 0 0 0 0 0 0 0 0 0 0 0 0 
P3491 2051 9 0 0 0 0 0 0 0 26 0 0 0 0 0 0 0 0 0 0 0 0 0 0 0 0 0 0 0 0 0 0 -999 
P3491 2051 10 0 0 0 0 0 26 0 35 31 0 17 0 0 0 50 0 0 0 0 0 0 0 0 0 0 0 0 67 69 0 0 
P3491 2051 11 0 0 0 40 28 0 0 0 0 0 0 24 58 38 27 0 0 0 70 35 0 45 74 0 0 0 0 0 0 50 -999 
P3491 2051 12 0 0 0 0 0 66 79 48 18 0 14 0 0 24 36 0 0 18 56 43 56 40 12 7 0 0 0 0 0 0 0 
P3491 2052 1 0 12 10 0 0 0 0 0 0 0 2 0 0 2 0 0 0 0 0 0 0 0 0 6 5 0 0 0 0 0 0 
P3491 2052 2 0 0 0 0 0 0 0 0 0 2 0 0 0 24 22 9 0 44 0 0 0 0 9 20 34 32 10 0 -999 -999 -999 
P3491 2052 3 0 0 0 0 0 0 0 0 0 0 0 0 0 49 44 27 25 16 21 0 85 60 0 0 56 45 22 0 0 21 2 
P3491 2052 4 0 20 0 0 0 0 0 0 0 0 0 0 0 0 0 0 0 0 0 0 0 0 16 0 0 0 0 20 0 0 -999 
P3491 2052 5 0 0 0 8 0 0 37 30 22 0 0 0 0 0 0 15 0 0 0 0 0 0 0 0 0 18 0 51 0 32 25 
P3491 2052 6 13 0 22 23 21 9 0 0 0 0 0 50 36 0 24 40 20 0 0 0 0 0 0 30 0 0 0 0 0 0 -999 
P3491 2052 7 0 0 0 0 0 0 0 0 0 0 0 0 0 0 0 0 0 0 0 0 0 0 0 0 0 0 0 0 0 0 0 
P3491 2052 8 0 0 0 0 0 0 0 0 0 0 35 0 0 0 0 0 0 0 0 39 29 0 0 0 0 0 0 0 0 0 0 
P3491 2052 9 0 0 0 0 0 0 0 0 0 0 0 0 0 0 0 0 25 29 0 0 0 0 14 0 0 0 0 0 0 32 -999 
P3491 2052 10 0 0 0 10 0 0 23 15 0 0 0 0 0 0 0 0 0 0 0 0 0 0 0 0 0 0 0 0 0 0 0 
P3491 2052 11 0 0 0 0 0 0 0 0 0 4 1 0 0 14 0 0 0 0 10 13 21 0 0 0 43 71 99 0 16 29 -999 
P3491 2052 12 0 35 15 14 23 5 0 0 0 0 76 25 76 63 20 7 21 37 29 0 0 0 0 0 17 0 0 0 0 38 19 
P3491 2053 1 0 0 0 0 0 0 0 0 0 0 0 13 0 15 14 0 0 0 0 0 0 0 0 0 0 0 0 0 0 0 0 
P3491 2053 2 9 45 0 68 0 0 69 26 21 0 7 4 0 1 0 0 0 14 2 0 0 0 0 0 0 0 0 0 -999 -999 -999 
P3491 2053 3 70 20 9 17 35 0 0 0 13 19 17 0 0 13 0 16 47 49 36 22 0 13 8 0 0 0 4 0 37 42 0 
P3491 2053 4 37 0 12 0 0 0 80 42 0 30 0 49 8 0 0 0 0 0 0 0 0 0 0 9 0 10 14 0 0 0 -999 
P3491 2053 5 40 26 0 64 45 76 81 39 27 19 0 0 0 0 0 23 0 29 32 42 0 26 34 34 0 0 8 12 0 13 0 
P3491 2053 6 0 29 0 0 0 0 16 0 0 0 0 0 11 0 0 0 0 0 0 0 0 0 0 0 0 0 0 0 0 0 -999 
P3491 2053 7 0 0 0 0 0 0 0 0 0 0 0 0 0 0 0 0 0 0 0 0 0 0 0 0 32 0 0 20 22 0 0 
P3491 2053 8 0 0 0 0 14 0 0 0 0 0 27 0 0 0 0 0 0 0 0 0 0 0 0 0 24 0 0 0 0 0 0 
P3491 2053 9 0 0 33 0 0 0 0 0 0 0 0 0 0 0 0 0 0 40 34 0 0 0 0 0 0 0 0 0 0 0 -999 
P3491 2053 10 0 0 0 0 0 0 0 0 14 0 0 0 0 0 29 31 0 0 0 10 0 0 0 0 0 0 0 0 0 0 23 
P3491 2053 11 0 0 59 21 0 26 17 0 61 102 50 48 17 20 0 66 74 61 0 12 0 15 0 17 0 15 0 11 20 0 -999 
P3491 2053 12 0 15 0 0 0 0 0 0 0 0 0 0 10 0 18 17 8 0 0 1 0 17 0 21 63 68 0 42 73 50 59 
P3491 2054 1 0 41 117 64 78 85 38 27 0 0 62 66 80 108 45 57 43 0 9 1 1 0 1 0 0 7 23 151 85 21 0 
P3491 2054 2 33 0 86 25 0 0 28 36 15 9 0 39 29 0 7 12 0 0 0 0 0 0 0 0 0 0 0 0 -999 -999 -999 
P3491 2054 3 0 0 0 0 0 0 0 0 0 0 0 0 0 0 0 0 6 0 0 7 8 0 0 0 0 0 0 0 0 31 0 
P3491 2054 4 10 25 0 15 0 85 111 69 30 0 60 61 13 0 0 42 0 20 19 9 0 0 0 0 0 0 37 58 40 41 -999 
P3491 2054 5 31 21 0 0 0 0 0 0 0 0 30 19 0 0 0 0 0 0 0 0 0 35 24 71 69 24 0 0 28 0 0 
P3491 2054 6 0 0 0 0 0 0 0 0 0 0 0 0 0 0 0 0 0 0 0 0 0 0 0 0 0 0 0 0 0 0 -999 
P3491 2054 7 0 7 0 0 0 0 0 0 0 0 0 0 0 0 0 0 0 0 0 0 0 0 0 0 0 16 0 0 0 0 0 
P3491 2054 8 0 0 0 0 0 0 0 0 0 0 0 0 0 0 0 0 0 0 33 0 0 0 0 0 0 39 0 0 0 0 0 
P3491 2054 9 0 0 22 0 0 0 0 6 0 0 0 48 34 0 0 0 0 16 0 0 0 26 0 39 0 0 0 0 25 69 -999 
P3491 2054 10 33 23 45 0 0 0 0 0 0 0 0 0 0 0 0 0 0 0 0 0 0 0 0 42 59 40 0 12 18 0 0 
P3491 2054 11 0 0 0 0 0 0 0 25 94 102 66 41 21 0 109 55 15 25 39 97 26 0 0 0 3 6 35 0 0 0 -999 
P3491 2054 12 0 0 0 0 1 0 2 0 0 0 0 44 35 16 0 6 0 0 0 0 0 0 21 51 95 71 84 89 0 71 0 
P3491 2055 1 0 0 0 40 0 4 0 0 5 41 77 0 17 0 0 0 34 122 82 10 12 0 2 0 0 0 0 0 0 0 0 
P3491 2055 2 0 0 14 23 0 38 58 32 0 0 7 0 0 0 0 0 0 1 0 0 0 0 0 0 0 0 0 0 -999 -999 -999 
P3491 2055 3 0 0 40 46 0 36 0 18 20 15 10 0 35 0 0 0 0 0 0 13 5 0 23 0 22 0 0 0 6 0 0 
P3491 2055 4 0 0 0 0 0 0 0 0 0 25 0 0 0 0 0 0 0 0 0 0 30 39 9 0 17 0 17 9 5 0 -999 
P3491 2055 5 0 0 0 0 0 0 6 0 8 38 75 48 26 15 12 2 0 0 13 0 15 0 0 22 28 45 27 14 0 15 9 
P3491 2055 6 0 0 20 0 0 12 0 0 0 0 0 0 0 0 0 0 0 0 0 0 0 0 0 0 0 0 0 0 0 0 -999 
P3491 2055 7 0 28 0 0 0 0 0 0 0 0 0 0 0 0 0 0 0 0 0 0 0 0 0 0 0 0 0 0 0 0 0 
P3491 2055 8 0 0 0 0 0 0 0 0 18 0 0 0 0 0 0 0 0 0 0 0 0 0 0 0 0 0 0 0 0 0 0 
P3491 2055 9 0 0 0 0 0 0 0 0 0 0 0 0 0 0 0 0 0 0 17 0 49 0 0 0 0 0 0 0 0 0 -999 
P3491 2055 10 40 0 0 0 0 0 13 0 0 24 0 0 0 0 0 78 110 0 9 27 4 0 0 0 0 0 20 0 0 0 0 
P3491 2055 11 15 0 0 0 26 49 60 0 29 0 16 0 0 10 11 21 39 0 9 5 0 13 17 7 0 0 50 35 136 65 -999 
P3491 2055 12 20 4 24 0 36 0 12 19 0 0 0 0 0 12 0 0 0 0 0 0 0 0 0 1 0 5 10 27 40 43 0 
P3491 2056 1 24 0 0 0 60 58 86 0 50 91 39 3 0 8 10 0 10 0 0 0 0 0 0 0 0 41 100 0 0 0 0 
P3491 2056 2 0 38 22 0 44 67 73 0 0 67 98 72 28 100 115 27 0 0 0 116 101 115 0 0 0 0 0 0 -999 -999 -999 
P3491 2056 3 0 39 12 0 58 118 87 80 25 110 107 82 58 132 66 0 0 21 65 93 20 0 0 0 0 0 0 80 0 41 0 
P3491 2056 4 0 46 33 0 0 0 0 0 0 0 0 0 0 0 0 0 0 0 27 11 0 0 0 0 0 0 0 0 0 0 -999 
P3491 2056 5 0 0 0 0 0 0 0 0 42 0 38 28 15 12 0 0 0 0 0 0 22 0 32 0 0 0 0 0 0 0 52 
P3491 2056 6 39 0 0 0 0 0 0 0 0 0 14 0 17 0 18 21 0 0 0 0 0 0 24 17 0 0 0 0 13 0 -999 
P3491 2056 7 0 0 0 42 0 0 0 0 0 0 0 0 0 0 0 0 0 0 0 0 0 0 0 0 0 0 0 0 0 0 0 
P3491 2056 8 0 0 0 0 0 0 0 0 0 0 0 0 0 0 0 0 0 0 0 0 0 0 0 0 0 0 0 0 22 0 0 
P3491 2056 9 0 0 0 0 0 0 49 0 16 0 0 0 0 21 0 0 0 0 0 0 0 0 0 0 0 0 0 0 0 0 -999 
P3491 2056 10 0 0 0 0 0 0 0 34 0 0 0 0 0 0 22 12 0 0 0 10 5 0 31 0 103 122 28 0 7 7 0 
P3491 2056 11 23 39 0 19 19 35 0 0 74 45 39 61 25 28 76 42 7 0 0 0 0 0 2 0 0 0 0 0 0 0 -999 
P3491 2056 12 0 0 0 0 0 0 0 0 0 0 0 0 0 0 12 15 0 53 29 9 7 9 0 0 0 0 0 30 22 16 57 
P3491 2057 1 56 97 66 0 68 0 40 0 0 0 52 12 6 7 0 27 33 55 73 20 7 2 2 0 0 12 48 171 123 22 35 
P3491 2057 2 10 0 0 0 35 0 0 0 0 0 0 0 0 0 0 0 14 2 0 0 5 0 0 19 0 0 60 32 -999 -999 -999 
P3491 2057 3 21 36 25 0 2 0 0 0 0 0 0 3 0 10 37 0 46 96 81 43 16 2 0 0 0 0 9 53 36 33 28 
P3491 2057 4 48 43 35 0 0 0 0 0 0 0 0 0 53 49 56 49 51 51 0 4 0 0 75 12 0 1 0 0 0 0 -999 
P3491 2057 5 38 0 19 32 0 0 0 0 0 20 9 0 0 0 0 13 0 0 0 35 47 24 18 0 0 0 0 0 0 0 0 
P3491 2057 6 0 0 0 22 0 0 0 0 0 0 0 23 0 0 15 0 0 0 0 0 0 0 0 0 37 0 0 0 0 0 -999 
P3491 2057 7 0 0 0 23 0 0 0 0 0 0 0 14 0 0 0 0 0 0 0 0 0 0 0 0 0 0 0 0 0 0 0 
P3491 2057 8 0 0 0 0 0 0 0 0 0 0 0 30 0 0 0 0 0 0 0 0 0 0 20 0 0 0 0 0 0 0 17 
P3491 2057 9 0 0 0 0 0 0 0 0 20 0 0 0 0 0 0 0 0 9 0 0 0 0 0 0 0 0 0 0 0 0 -999 
P3491 2057 10 0 0 0 0 32 0 0 0 34 0 0 0 47 0 0 4 0 0 0 21 34 0 0 0 59 0 86 50 46 0 0 
P3491 2057 11 0 0 0 0 10 0 0 0 0 0 0 74 144 36 0 10 0 0 0 30 22 7 0 0 0 0 0 0 19 70 -999 
P3491 2057 12 59 37 73 7 17 0 0 0 0 0 0 0 15 6 0 0 0 0 54 31 42 34 84 116 48 0 20 0 0 0 0 
P3491 2058 1 13 0 3 0 0 4 9 4 18 30 15 70 103 62 139 192 54 45 15 0 0 0 0 0 0 0 30 74 86 90 48 
P3491 2058 2 15 8 0 0 59 35 20 27 23 16 0 67 12 0 3 0 0 0 0 0 0 0 0 11 0 0 0 0 -999 -999 -999 
P3491 2058 3 0 0 0 0 0 16 0 16 0 0 0 38 0 0 0 0 0 0 0 0 0 0 0 0 2 3 0 0 0 0 21 
P3491 2058 4 0 40 0 5 6 0 63 0 22 0 23 0 0 41 0 0 16 0 0 0 0 0 23 36 0 30 15 14 15 22 -999 
P3491 2058 5 13 14 0 0 0 36 19 0 0 0 0 0 0 0 23 0 0 0 21 0 0 0 0 44 0 17 0 0 0 0 0 
P3491 2058 6 0 7 0 0 13 17 0 30 34 0 0 0 0 0 18 0 0 0 0 0 0 0 0 0 0 0 0 0 0 10 -999 
P3491 2058 7 16 0 0 0 0 0 0 0 0 0 0 0 0 0 0 0 0 0 0 0 0 0 0 0 0 0 0 0 0 0 0 
P3491 2058 8 0 0 36 0 0 0 0 0 0 0 0 0 0 0 0 28 0 0 0 0 0 0 0 0 0 0 0 0 0 0 0 
P3491 2058 9 0 0 0 0 0 0 0 0 24 35 0 21 0 0 0 0 0 0 0 0 0 0 0 0 0 0 0 0 0 0 -999 
P3491 2058 10 0 0 0 0 74 26 0 0 0 0 0 0 0 0 10 14 0 0 26 42 42 0 28 25 0 0 0 7 0 0 0 
P3491 2058 11 0 0 0 0 0 0 19 0 73 0 37 0 0 0 19 0 0 0 0 0 0 0 0 0 0 0 0 0 7 0 -999 
P3491 2058 12 0 0 16 18 13 15 0 0 0 3 0 0 0 0 0 0 0 5 0 1 0 0 0 0 0 3 0 0 0 0 0 
P3491 2059 1 0 0 0 0 0 21 28 48 12 1 0 0 0 0 0 0 29 0 0 0 0 0 0 0 0 0 0 0 0 0 0 
P3491 2059 2 0 0 0 0 0 0 0 0 0 0 16 26 29 17 10 0 0 0 0 0 0 3 0 0 0 5 0 0 -999 -999 -999 
P3491 2059 3 0 0 0 0 0 0 0 0 0 0 0 0 0 0 0 0 0 29 33 0 0 0 0 0 7 0 0 43 45 58 48 
P3491 2059 4 22 0 0 4 0 30 0 99 76 59 39 55 0 0 16 0 0 0 0 0 21 0 38 89 25 2 0 10 0 0 -999 
P3491 2059 5 1 0 0 0 0 0 0 0 12 0 0 0 0 0 0 36 0 52 33 0 0 0 0 0 39 0 19 13 0 0 0 
P3491 2059 6 0 24 28 0 0 0 0 30 8 0 0 0 0 0 0 0 0 0 0 0 0 0 34 0 0 46 25 16 0 0 -999 
P3491 2059 7 0 17 0 0 16 24 0 0 0 0 0 0 0 0 0 0 0 0 0 0 0 0 0 0 0 0 0 0 0 0 0 
P3491 2059 8 0 0 0 23 0 0 0 0 0 0 34 0 0 0 0 0 0 0 26 0 0 0 0 0 0 86 12 0 31 0 0 
P3491 2059 9 0 0 0 0 0 0 0 0 0 0 0 0 0 0 0 0 0 0 0 0 0 0 0 0 0 0 0 0 0 0 -999 
P3491 2059 10 0 37 21 0 0 0 0 0 0 0 0 0 0 0 0 30 28 0 5 0 14 0 0 0 0 0 84 78 0 0 0 
P3491 2059 11 0 0 61 58 43 0 0 0 0 0 0 0 0 0 0 0 18 19 10 0 5 0 0 0 0 0 0 0 0 0 -999 
P3491 2059 12 4 0 0 0 32 39 0 0 0 45 29 29 0 2 0 0 0 0 0 0 0 0 0 0 0 81 78 0 44 30 0 
P3491 2060 1 14 0 0 31 0 15 19 19 30 0 89 0 104 59 33 0 0 8 0 0 0 0 0 0 0 0 0 0 0 0 0 
P3491 2060 2 0 2 5 3 0 0 0 11 0 1 0 20 0 0 1 0 0 0 17 14 10 0 0 0 0 0 0 31 -999 -999 -999 
P3491 2060 3 27 23 10 8 0 0 41 26 13 24 0 0 0 0 0 5 7 0 0 0 0 47 67 0 0 0 43 0 0 21 3 
P3491 2060 4 22 14 19 0 12 0 0 0 0 0 0 0 0 26 0 52 0 12 0 0 0 0 0 0 0 0 0 0 9 0 -999 
P3491 2060 5 0 0 44 0 24 28 0 0 0 0 0 0 4 0 0 0 23 0 0 0 0 0 0 0 0 0 0 0 35 23 0 
P3491 2060 6 0 0 0 0 0 20 12 0 0 0 0 0 0 0 0 0 0 0 35 36 0 0 0 0 0 0 0 0 30 11 -999 
P3491 2060 7 0 0 0 0 0 0 0 0 0 0 0 0 0 0 0 0 0 0 0 0 0 0 0 0 0 0 0 0 0 0 0 
P3491 2060 8 0 0 0 0 36 0 0 0 0 0 0 0 0 0 0 0 0 0 0 32 0 0 0 0 0 0 0 0 0 0 41 
P3491 2060 9 0 0 0 0 0 0 0 0 0 0 0 0 0 29 0 0 0 0 0 0 0 0 0 0 0 29 0 0 0 0 -999 
P3491 2060 10 11 0 0 0 0 0 0 0 0 0 8 9 0 0 0 0 0 4 12 0 0 0 0 0 0 0 0 0 0 0 0 
P3491 2060 11 0 0 0 0 38 43 37 35 67 44 24 51 20 5 0 0 119 99 133 60 16 0 0 0 0 21 0 26 20 0 -999 
P3491 2060 12 0 11 14 17 0 86 67 0 0 0 0 0 0 0 0 0 0 12 0 9 0 0 18 0 11 14 0 27 0 35 12 
P3491 2061 1 6 0 15 0 0 17 47 31 0 2 4 8 5 0 0 0 0 0 0 0 0 0 0 0 7 0 0 1 0 0 0 
P3491 2061 2 0 17 12 7 0 0 0 12 0 0 0 0 15 0 19 0 0 0 0 0 16 14 0 0 0 10 15 22 -999 -999 -999 
P3491 2061 3 29 12 0 0 0 0 16 10 39 20 4 0 0 0 0 39 57 58 27 17 21 35 36 61 0 14 0 8 0 0 18 
P3491 2061 4 0 48 67 51 16 8 0 0 0 32 30 34 0 0 0 0 0 0 33 10 0 0 0 0 0 0 0 0 13 0 -999 
P3491 2061 5 20 23 17 0 0 0 0 0 0 0 0 0 0 0 24 28 0 8 0 0 0 0 0 0 11 0 0 0 0 0 30 
P3491 2061 6 0 0 0 0 0 0 0 26 0 0 0 31 0 35 22 0 0 0 0 0 0 0 0 0 25 0 0 0 0 0 -999 
P3491 2061 7 0 0 0 0 0 0 0 0 0 0 0 0 0 0 0 0 0 0 0 0 0 0 0 0 0 0 0 0 0 0 0 
P3491 2061 8 0 0 0 0 0 0 0 0 0 0 0 0 0 0 0 0 0 0 0 0 0 0 0 0 0 0 0 0 0 0 0 
P3491 2061 9 0 16 0 0 0 0 0 0 0 0 33 0 48 37 0 15 0 0 0 6 7 0 0 0 0 44 35 0 0 0 -999 
P3491 2061 10 0 0 0 17 0 0 0 0 0 0 0 0 16 0 0 75 55 40 0 103 30 0 112 114 0 0 0 0 86 0 0 
P3491 2061 11 0 0 0 0 0 0 15 26 0 84 24 12 0 3 0 33 57 20 0 0 0 0 0 3 0 0 7 44 0 0 -999 
P3491 2061 12 0 2 0 0 0 0 0 0 0 6 23 24 0 0 10 12 0 0 9 12 36 59 4 0 0 1 0 0 0 35 15 
P3491 2062 1 6 14 10 0 0 0 0 0 0 0 0 0 0 0 0 0 0 33 0 0 0 0 0 12 20 66 53 40 37 0 37 
P3491 2062 2 0 0 0 0 0 0 0 0 22 15 0 2 0 0 0 17 0 0 12 0 0 39 0 78 0 0 0 0 -999 -999 -999 
P3491 2062 3 0 0 0 26 30 0 2 0 0 0 63 95 164 204 69 0 6 0 50 0 0 23 0 0 5 0 0 0 0 0 0 
P3491 2062 4 0 0 0 0 0 0 0 0 0 0 0 4 0 0 13 15 0 0 0 0 0 7 0 0 0 23 31 0 41 54 -999 
P3491 2062 5 14 0 0 0 0 0 0 0 0 0 12 0 0 0 0 25 0 0 0 0 0 0 0 0 0 0 0 0 0 0 0 
P3491 2062 6 0 0 0 38 25 0 0 0 0 0 0 0 0 0 0 0 0 0 0 0 0 23 0 0 0 0 0 0 0 0 -999 
P3491 2062 7 0 29 0 35 0 0 0 0 0 0 0 0 0 0 20 0 0 0 0 0 0 0 0 0 0 46 0 0 0 0 0 
P3491 2062 8 0 0 0 0 0 0 0 0 0 15 0 0 35 0 0 0 0 42 0 0 0 0 0 0 0 0 0 0 0 0 0 
P3491 2062 9 14 0 0 0 0 0 0 0 0 0 0 0 0 0 0 0 0 0 0 0 0 0 0 0 0 0 19 0 0 0 -999 
P3491 2062 10 0 0 24 78 147 108 41 0 0 17 32 0 7 0 0 20 45 0 0 20 0 0 0 13 0 0 0 0 0 0 0 
P3491 2062 11 0 0 0 0 0 0 0 30 18 0 0 0 0 62 30 16 0 0 41 1 0 12 38 0 0 21 0 0 0 0 -999 
P3491 2062 12 0 19 0 1 0 9 18 5 0 22 23 0 0 0 0 0 38 89 14 2 1 0 0 0 0 0 0 0 0 0 24 
P3491 2063 1 56 45 82 32 0 63 85 163 128 24 0 0 70 69 77 95 80 73 100 44 0 101 47 0 86 42 0 0 0 75 52 
P3491 2063 2 108 31 36 29 6 0 0 0 0 37 0 0 43 0 86 108 0 7 1 0 0 0 0 0 0 0 0 0 -999 -999 -999 
P3491 2063 3 0 0 0 0 0 0 0 0 0 14 40 0 41 45 0 87 0 13 7 0 0 17 13 33 131 67 53 41 49 49 70 
P3491 2063 4 21 0 0 32 0 0 0 51 84 26 0 0 9 0 0 0 16 0 0 0 0 12 17 14 0 0 0 0 21 0 -999 
P3491 2063 5 41 42 0 0 0 0 0 0 0 0 0 0 40 24 0 21 16 0 0 0 0 0 0 0 16 0 0 0 0 0 0 
P3491 2063 6 0 0 0 29 0 0 0 0 0 0 0 0 0 0 0 0 0 41 0 0 0 0 0 0 0 0 0 0 0 0 -999 
P3491 2063 7 0 0 28 0 0 0 0 0 0 0 0 0 0 0 0 0 0 0 0 0 0 13 0 0 0 0 0 0 0 0 0 
P3491 2063 8 0 0 0 0 0 0 0 0 0 0 0 0 0 0 0 0 0 0 14 0 0 0 0 0 32 0 0 0 0 0 0 
P3491 2063 9 0 0 0 0 0 0 0 0 9 0 0 0 0 0 22 21 16 0 34 0 0 0 0 0 0 0 20 25 0 0 -999 
P3491 2063 10 0 0 0 0 0 6 0 0 0 0 0 0 0 121 0 0 0 0 10 0 0 0 0 0 0 16 5 0 0 0 0 
P3491 2063 11 0 0 0 0 0 0 0 0 0 0 0 0 25 32 0 0 0 0 0 0 0 22 0 0 0 4 0 0 0 0 -999 
P3491 2063 12 4 0 0 0 0 0 0 0 1 0 0 0 0 0 12 0 0 0 0 0 0 0 0 0 0 0 0 0 0 0 0 
P3491 2064 1 3 0 0 0 0 0 0 1 0 0 0 0 0 0 35 52 0 0 0 0 0 0 0 0 0 21 17 9 0 19 0 
P3491 2064 2 15 36 23 0 13 0 0 5 0 0 0 0 0 0 0 0 0 0 0 3 0 0 0 0 2 0 0 0 -999 -999 -999 
P3491 2064 3 11 0 0 0 0 0 0 41 52 56 0 15 0 0 61 0 0 45 37 0 0 21 19 17 0 74 33 0 0 0 0 
P3491 2064 4 0 0 0 80 0 34 0 34 0 0 0 0 0 0 0 28 0 0 0 24 33 0 0 59 0 35 0 0 0 0 -999 
P3491 2064 5 23 0 0 0 12 0 23 21 0 13 10 0 0 0 0 0 0 15 0 28 0 0 0 0 0 0 0 0 0 0 0 
P3491 2064 6 0 0 26 0 0 0 0 0 0 0 0 0 0 0 52 0 0 0 0 0 0 0 0 0 0 0 0 0 31 0 -999 
P3491 2064 7 0 28 0 0 0 0 0 0 0 0 32 29 30 0 0 0 0 0 0 0 0 0 0 0 0 0 0 0 0 0 0 
P3491 2064 8 20 0 0 0 0 0 0 0 0 0 0 0 0 0 0 0 0 0 0 0 0 0 0 0 15 0 0 0 0 0 0 
P3491 2064 9 48 35 16 0 0 17 13 5 0 0 0 0 0 0 0 0 0 0 0 0 39 42 32 0 0 0 0 0 0 0 -999 
P3491 2064 10 0 0 0 0 0 0 43 0 0 0 0 6 0 0 0 0 0 0 0 0 0 12 0 37 0 0 0 0 0 32 0 
P3491 2064 11 0 17 13 0 0 6 0 0 0 0 0 34 30 95 36 0 0 1 4 0 0 0 0 0 0 0 0 25 9 0 -999 
P3491 2064 12 19 0 35 55 87 0 89 161 166 48 15 0 0 23 0 20 0 0 0 1 0 0 0 0 0 0 0 0 0 0 0 
P3491 2065 1 0 0 0 12 13 12 0 0 24 0 28 0 0 73 0 19 0 0 0 0 0 0 0 0 0 0 0 0 0 0 0 
P3491 2065 2 21 0 0 0 0 0 0 0 0 0 0 36 70 89 67 89 90 93 74 76 0 0 0 0 0 11 10 0 -999 -999 -999 
P3491 2065 3 0 0 0 0 0 0 0 0 0 0 0 0 0 1 2 0 0 0 0 8 0 0 8 8 25 27 13 0 0 0 0 
P3491 2065 4 0 0 0 0 35 66 0 0 0 0 0 0 0 0 0 0 20 0 0 0 0 0 0 0 0 0 0 0 0 0 -999 
P3491 2065 5 0 3 0 0 0 0 0 0 0 0 0 0 0 0 0 0 0 0 0 46 0 0 0 0 0 0 0 0 0 17 0 
P3491 2065 6 0 0 14 0 0 0 0 32 0 0 0 0 0 0 22 0 24 13 0 0 0 0 0 0 0 0 0 0 0 0 -999 
P3491 2065 7 0 0 0 0 0 0 0 0 0 0 0 0 0 0 0 18 0 0 0 0 0 0 0 0 0 0 0 0 0 0 0 
P3491 2065 8 0 0 0 0 0 0 0 0 0 0 0 0 23 0 0 0 0 0 0 0 0 0 0 0 0 0 0 0 0 0 0 
P3491 2065 9 0 0 32 0 0 0 0 0 0 0 0 0 0 0 0 0 0 0 0 0 0 31 18 0 29 0 0 0 12 7 -999 
P3491 2065 10 0 6 0 0 0 56 0 0 0 0 0 37 22 0 0 34 11 0 0 0 26 15 70 104 0 46 83 0 0 71 27 
P3491 2065 11 0 0 0 0 0 0 0 0 0 0 0 0 0 0 0 0 0 6 0 22 71 56 13 0 0 0 56 29 9 19 -999 
P3491 2065 12 0 0 0 0 0 0 0 0 0 0 28 96 40 13 0 31 20 26 0 85 53 131 107 186 212 256 156 18 1 0 0 
P3491 2066 1 8 0 0 0 0 10 8 0 25 34 65 113 36 36 69 0 0 30 110 30 0 81 58 15 0 0 9 0 0 18 23 
P3491 2066 2 0 21 0 0 17 0 0 0 38 21 29 0 0 0 0 0 0 0 6 0 11 0 2 3 88 52 0 34 -999 -999 -999 
P3491 2066 3 17 0 2 0 0 0 63 0 0 0 0 0 3 0 0 0 0 0 11 0 0 0 0 0 0 0 0 0 0 14 0 
P3491 2066 4 0 0 9 8 0 0 0 23 6 0 7 0 21 0 0 0 0 12 0 15 0 0 0 0 23 0 36 0 77 48 -999 
P3491 2066 5 12 0 18 10 0 18 0 0 20 0 8 0 9 0 0 3 0 33 37 0 11 8 7 0 0 0 0 0 0 0 0 
P3491 2066 6 0 0 0 0 0 0 0 0 0 0 0 0 32 0 0 0 0 0 0 0 0 0 0 0 0 0 0 0 21 0 -999 
P3491 2066 7 0 0 0 0 0 0 0 0 0 0 0 0 0 0 0 0 0 0 0 13 0 0 0 0 0 0 0 16 0 0 0 
P3491 2066 8 0 0 0 0 0 0 0 0 0 0 0 0 0 0 0 0 0 0 16 12 17 0 0 0 0 0 29 0 7 0 0 
P3491 2066 9 0 0 0 0 0 0 0 0 0 34 0 0 0 0 0 0 0 0 0 0 32 0 0 0 44 35 12 18 0 0 -999 
P3491 2066 10 0 0 17 9 11 0 11 0 0 0 0 7 12 16 21 0 0 0 0 0 33 26 0 0 0 0 0 70 0 10 0 
P3491 2066 11 9 0 0 0 82 37 0 0 25 14 34 35 48 8 0 0 0 0 0 0 0 0 0 0 0 4 0 0 0 0 -999 
P3491 2066 12 0 0 16 26 15 0 0 0 3 0 0 6 10 48 103 120 194 199 100 47 24 13 4 0 4 0 0 0 0 74 82 
P3491 2067 1 20 114 33 10 19 26 0 0 17 27 37 32 34 29 63 53 62 28 48 141 104 106 75 0 0 98 149 36 0 0 73 
P3491 2067 2 84 47 128 40 6 0 53 0 0 55 71 12 38 88 52 7 0 62 112 66 97 54 0 0 0 110 86 6 -999 -999 -999 
P3491 2067 3 1 7 0 0 0 0 0 4 0 10 17 18 71 0 0 0 0 0 0 0 6 0 0 0 0 4 0 0 0 0 0 
P3491 2067 4 0 0 0 0 0 0 0 0 0 0 0 0 0 0 0 22 8 0 0 0 0 0 27 0 0 13 0 0 0 0 -999 
P3491 2067 5 19 0 20 0 0 9 0 9 0 0 31 0 0 4 0 0 0 36 34 0 17 0 17 0 0 16 0 13 26 0 0 
P3491 2067 6 0 0 43 0 0 0 0 0 0 0 0 0 15 0 20 21 26 29 0 0 0 0 0 0 0 0 27 0 0 0 -999 
P3491 2067 7 0 0 0 0 0 0 0 0 0 0 0 0 0 0 0 0 0 0 0 13 14 0 0 0 0 22 0 0 0 0 0 
P3491 2067 8 0 0 0 0 0 0 0 0 32 0 0 0 0 0 0 0 0 0 0 0 0 0 0 0 0 0 0 0 0 26 0 
P3491 2067 9 0 0 0 0 0 0 0 0 0 0 23 0 21 0 32 0 0 0 0 0 0 0 0 0 0 0 0 0 0 0 -999 
P3491 2067 10 0 0 0 0 0 0 0 0 0 0 0 0 0 28 0 0 4 0 0 0 0 0 0 0 0 0 0 0 0 27 0 
P3491 2067 11 0 20 0 0 0 0 0 0 0 0 0 0 0 0 0 0 0 5 0 4 0 0 0 0 0 0 0 0 0 23 -999 
P3491 2067 12 0 15 30 23 40 0 0 0 0 8 0 20 0 0 0 0 0 0 0 0 0 0 0 1 1 12 57 31 31 3 18 
P3491 2068 1 2 0 0 0 38 103 95 0 32 0 0 0 0 0 0 0 0 0 0 0 0 0 0 0 0 20 11 0 0 16 7 
P3491 2068 2 0 0 0 2 15 20 16 0 0 0 20 0 9 0 0 0 0 0 1 0 13 0 0 0 3 9 53 33 -999 -999 -999 
P3491 2068 3 0 47 35 38 137 126 0 17 63 31 8 14 31 0 5 19 92 104 39 14 0 54 61 5 0 22 0 0 0 0 0 
P3491 2068 4 44 0 0 0 0 0 0 71 47 33 17 12 0 0 0 0 0 5 5 0 0 0 18 12 5 0 8 9 0 0 -999 
P3491 2068 5 0 25 0 0 0 34 0 13 13 8 0 23 50 35 21 0 0 23 0 17 19 0 0 15 0 0 18 24 19 0 0 
P3491 2068 6 0 21 0 27 0 14 26 0 0 0 0 0 0 0 0 0 0 0 0 0 0 0 0 0 0 0 0 0 0 0 -999 
P3491 2068 7 0 0 0 0 0 0 0 0 0 0 0 0 0 0 0 0 0 0 0 0 0 27 0 0 0 0 0 0 0 0 0 
P3491 2068 8 0 0 0 0 0 0 14 0 0 0 0 0 0 0 25 0 0 0 0 0 0 0 0 0 0 0 0 0 0 0 0 
P3491 2068 9 0 13 0 0 0 0 0 0 0 0 53 0 0 0 0 32 0 0 0 0 0 9 0 0 0 0 0 0 0 11 -999 
P3491 2068 10 0 0 0 0 0 0 0 0 0 34 46 0 0 13 0 0 0 0 5 0 26 0 0 0 0 0 0 0 0 0 0 
P3491 2068 11 0 0 16 0 0 0 0 0 1 7 8 0 0 3 0 0 0 0 0 0 0 26 0 0 0 0 0 0 0 0 -999 
P3491 2068 12 0 0 0 6 0 18 39 69 35 27 0 3 25 76 32 13 0 0 0 15 0 12 22 23 66 40 0 5 13 14 6 
P3491 2069 1 31 59 0 0 2 0 0 0 0 0 0 10 4 0 0 1 0 0 0 0 0 0 0 0 0 0 0 0 0 0 0 
P3491 2069 2 0 0 0 107 133 0 0 0 92 7 0 0 0 0 0 0 0 0 30 0 0 21 0 0 0 0 25 0 -999 -999 -999 
P3491 2069 3 33 19 38 22 0 0 0 0 11 0 27 0 5 0 0 0 3 0 0 0 0 16 14 0 0 0 31 36 46 34 61 
P3491 2069 4 0 0 19 21 0 9 13 19 32 0 0 30 19 0 0 0 0 0 0 0 0 0 14 14 0 0 0 0 0 5 -999 
P3491 2069 5 0 0 0 0 0 0 0 0 0 0 0 0 0 0 0 0 0 0 0 32 32 0 0 0 18 14 11 8 0 0 0 
P3491 2069 6 0 0 0 0 0 0 0 0 0 0 12 0 0 0 38 0 0 0 0 0 0 0 0 0 0 0 0 0 0 0 -999 
P3491 2069 7 0 0 0 14 0 0 0 0 0 0 0 0 0 0 0 0 0 0 0 0 0 0 0 0 0 0 0 0 0 0 0 
P3491 2069 8 0 0 0 0 0 0 0 0 0 0 0 0 0 0 0 0 0 0 0 0 24 0 0 0 0 0 0 0 0 0 0 
P3491 2069 9 0 0 0 0 0 0 0 0 0 0 0 0 28 0 31 22 0 0 0 0 0 0 0 0 0 0 0 0 0 0 -999 
P3491 2069 10 0 18 0 0 0 0 0 0 6 0 0 0 0 0 0 0 18 46 99 97 41 0 0 0 0 0 59 92 97 57 0 
P3491 2069 11 0 0 0 56 24 17 60 83 69 0 3 15 0 21 0 19 0 12 0 0 53 56 7 0 0 0 0 14 0 0 -999 
P3491 2069 12 0 0 0 0 0 19 14 0 8 7 0 0 0 0 0 0 5 0 0 1 7 21 24 0 0 0 21 41 65 39 0 
P3491 2070 1 0 0 0 0 0 0 102 168 129 43 63 0 0 0 0 0 0 0 0 0 8 0 19 21 8 3 0 0 0 0 0 
P3491 2070 2 0 0 0 0 0 0 0 0 0 0 0 0 0 0 0 0 0 0 0 0 0 24 28 0 33 64 67 19 -999 -999 -999 
P3491 2070 3 27 21 0 13 6 0 0 0 0 0 41 0 0 0 78 40 0 55 88 103 166 52 0 19 22 17 0 0 0 0 0 
P3491 2070 4 0 25 0 20 11 12 0 0 67 34 0 13 0 0 35 0 0 28 14 0 0 0 38 0 0 0 31 0 19 0 -999 
P3491 2070 5 0 0 40 78 68 106 39 29 0 26 0 11 15 0 0 25 0 0 0 0 0 0 18 0 0 0 0 0 0 0 0 
P3491 2070 6 0 0 0 0 0 0 0 0 0 38 27 20 0 0 0 0 0 0 0 0 0 0 0 0 14 0 35 0 0 0 -999 
P3491 2070 7 0 0 10 0 0 0 0 0 0 0 0 0 0 0 0 20 0 0 0 0 0 0 0 0 0 0 0 0 0 0 0 
P3491 2070 8 0 0 0 0 0 0 0 0 0 0 0 0 0 0 0 0 0 0 0 24 0 0 0 0 0 0 0 0 15 0 0 
P3491 2070 9 0 0 26 0 0 0 0 0 0 0 0 0 0 0 0 0 0 24 0 0 0 0 0 0 0 0 0 0 0 29 -999 
P3491 2070 10 34 0 0 0 31 0 0 0 0 0 0 53 70 26 28 31 0 143 48 5 0 0 0 0 0 12 0 0 0 0 40 
P3491 2070 11 0 0 0 0 0 0 0 0 0 0 0 0 0 0 0 0 8 0 3 0 15 0 10 0 0 0 18 70 65 18 -999 
P3491 2070 12 20 57 0 10 0 0 0 0 0 25 69 0 39 25 11 0 27 13 0 58 29 83 60 10 0 39 0 23 96 120 0 
P3491 2071 1 8 10 0 21 30 0 0 0 0 76 49 0 70 0 0 0 0 0 24 15 24 10 6 10 16 47 65 31 20 9 7 
P3491 2071 2 0 0 0 2 13 42 21 8 17 0 53 49 30 12 0 52 57 28 0 29 0 0 0 0 0 0 0 0 -999 -999 -999 
P3491 2071 3 13 0 0 6 13 13 23 26 28 0 0 0 14 38 24 0 0 0 0 8 0 0 0 0 0 0 0 0 0 0 0 
P3491 2071 4 0 56 49 27 6 0 0 0 0 0 0 0 0 0 0 0 12 0 0 25 0 29 24 21 34 26 25 20 0 20 -999 
P3491 2071 5 0 27 0 0 38 48 44 33 0 20 13 10 0 0 16 17 0 0 0 0 0 22 0 0 0 0 0 0 0 0 0 
P3491 2071 6 31 0 21 0 12 0 0 23 0 26 0 23 0 61 44 0 0 37 14 0 0 0 0 0 0 0 0 0 0 0 -999 
P3491 2071 7 0 0 0 0 35 0 0 13 0 0 0 0 0 0 0 22 0 0 0 0 0 0 0 0 0 0 0 0 0 0 0 
P3491 2071 8 0 0 0 0 0 0 0 0 0 0 0 0 0 0 16 0 0 0 0 30 0 0 0 0 0 0 0 0 0 0 0 
P3491 2071 9 0 0 0 0 0 0 0 0 0 18 23 0 0 0 0 0 0 0 0 0 0 0 0 0 0 0 35 0 0 20 -999 
P3491 2071 10 0 0 0 13 0 0 0 0 0 0 0 0 0 0 0 66 65 19 0 0 0 0 36 0 2 0 0 0 51 0 72 
P3491 2071 11 0 69 93 79 37 0 20 0 0 0 0 0 0 0 0 0 0 4 2 26 25 24 0 32 28 19 2 0 13 0 -999 
P3491 2071 12 0 0 26 29 36 122 114 80 78 161 122 142 0 72 35 0 0 87 0 0 0 0 75 123 38 130 42 0 0 21 75 
P3491 2072 1 48 24 0 4 0 16 0 7 13 0 0 0 0 0 0 6 0 15 0 32 35 0 20 0 0 68 49 0 27 0 0 
P3491 2072 2 87 37 44 19 41 0 0 0 1 0 0 0 0 0 0 2 0 8 30 35 0 14 0 8 0 9 0 0 -999 -999 -999 
P3491 2072 3 0 0 0 0 0 0 0 0 0 0 0 0 0 8 0 11 13 0 0 0 0 0 0 0 25 0 0 46 43 36 23 
P3491 2072 4 0 0 9 0 0 0 0 0 16 32 0 0 0 12 0 0 0 0 0 0 0 11 18 0 0 0 0 0 44 0 -999 
P3491 2072 5 0 0 0 0 19 32 0 0 0 42 0 0 35 16 16 0 0 25 19 14 0 0 0 13 21 0 0 0 0 12 7 
P3491 2072 6 0 14 0 0 0 39 0 21 43 0 0 0 0 0 0 0 0 0 0 0 0 0 0 0 0 0 0 0 0 0 -999 
P3491 2072 7 0 56 29 24 23 0 36 0 0 0 0 0 0 0 0 0 0 0 0 0 0 0 12 0 0 0 0 0 0 0 0 
P3491 2072 8 0 0 0 0 0 0 0 0 0 0 0 0 0 0 0 0 0 0 0 0 0 0 0 0 0 0 0 0 0 0 0 
P3491 2072 9 0 0 0 0 0 0 14 22 0 0 0 0 0 0 0 0 0 0 0 0 0 17 14 0 30 54 0 24 0 0 -999 
P3491 2072 10 0 6 0 0 0 0 0 0 0 0 15 0 0 0 0 0 18 0 0 4 0 0 0 0 0 0 0 0 0 0 0 
P3491 2072 11 0 0 0 0 4 26 1 0 0 23 0 0 20 44 3 0 2 0 32 40 14 0 0 27 29 31 46 0 0 0 -999 
P3491 2072 12 0 0 30 18 0 0 0 12 0 0 0 4 0 9 11 0 30 0 0 18 91 31 8 0 58 72 16 0 0 0 0 
P3491 2073 1 6 0 0 0 0 0 0 0 5 0 0 0 0 0 0 17 0 0 0 31 37 28 0 0 0 0 11 0 7 0 0 
P3491 2073 2 43 99 87 78 33 21 0 0 13 0 0 0 0 22 0 0 0 0 0 0 0 0 0 0 0 62 51 0 -999 -999 -999 
P3491 2073 3 0 0 0 0 0 21 0 0 51 38 0 0 0 22 18 0 13 0 14 25 0 33 0 18 34 25 98 139 152 16 0 
P3491 2073 4 0 0 0 13 0 62 41 0 13 27 0 0 41 31 16 0 0 0 0 0 32 22 0 88 95 62 38 18 0 0 -999 
P3491 2073 5 7 0 12 17 19 0 0 0 0 0 0 0 0 64 34 68 40 0 0 0 0 0 9 12 0 0 13 0 0 0 0 
P3491 2073 6 0 0 0 0 0 16 0 0 0 0 0 0 0 0 0 0 0 0 0 0 0 0 0 0 0 0 0 0 0 0 -999 
P3491 2073 7 26 0 0 0 0 0 0 0 0 0 0 25 0 34 0 0 0 0 0 16 0 0 0 0 0 0 0 0 0 0 0 
P3491 2073 8 0 0 0 0 0 0 0 0 0 0 0 0 0 0 0 0 0 0 0 31 46 0 0 0 0 0 0 0 0 0 0 
P3491 2073 9 0 0 0 0 0 0 0 0 0 0 0 0 0 0 0 0 20 0 0 0 0 0 0 39 0 0 0 0 0 0 -999 
P3491 2073 10 0 0 0 0 0 0 0 0 36 0 0 20 5 0 0 0 0 0 0 0 0 0 0 0 0 0 0 0 0 0 0 
P3491 2073 11 22 31 0 8 0 0 0 0 0 0 0 0 0 0 40 72 19 0 0 0 96 111 24 0 18 19 0 0 1 0 -999 
P3491 2073 12 0 0 0 9 0 0 0 0 10 0 0 0 28 17 0 0 0 0 0 24 0 0 0 0 0 0 0 0 106 164 403 
P3491 2074 1 161 33 50 148 185 146 64 0 0 84 53 40 0 0 0 0 0 0 0 0 0 0 0 12 5 0 0 0 0 0 0 
P3491 2074 2 0 0 0 0 0 0 0 0 0 0 14 0 0 23 15 22 0 28 15 24 0 0 11 0 0 122 98 135 -999 -999 -999 
P3491 2074 3 103 15 0 0 0 39 50 27 0 12 0 27 41 0 0 0 0 0 0 0 0 0 28 55 28 0 0 0 0 0 34 
P3491 2074 4 0 30 26 27 0 0 0 0 0 0 0 0 0 0 30 70 18 0 53 65 0 0 9 0 10 0 0 18 0 0 -999 
P3491 2074 5 0 0 0 16 0 0 0 0 18 39 42 37 0 30 35 24 0 0 0 0 0 13 0 0 13 0 0 0 0 0 0 
P3491 2074 6 0 0 0 0 22 0 12 0 0 0 0 12 0 8 0 0 0 0 0 0 0 0 0 0 0 0 0 0 0 0 -999 
P3491 2074 7 16 0 0 0 22 0 0 0 0 0 0 0 0 0 0 0 0 0 0 0 0 0 0 0 0 0 0 0 0 0 0 
P3491 2074 8 0 0 0 0 0 0 0 31 0 0 0 0 0 19 0 0 0 0 0 18 0 0 0 0 26 0 20 0 0 0 0 
P3491 2074 9 0 0 0 0 0 0 0 0 0 0 0 0 0 0 0 0 0 0 0 0 0 0 0 0 0 0 0 0 0 0 -999 
P3491 2074 10 14 25 30 0 0 0 0 0 0 0 0 0 0 0 0 0 0 0 0 0 21 0 43 17 0 0 0 0 0 0 0 
P3491 2074 11 0 6 0 0 0 0 10 0 0 0 0 16 0 0 31 0 22 7 0 0 0 7 0 0 0 7 0 0 0 0 -999 
P3491 2074 12 0 0 0 0 0 0 0 0 0 0 38 47 52 0 0 2 0 0 3 3 5 0 0 3 0 0 1 0 11 37 6 
P3491 2075 1 0 0 0 0 0 0 0 0 10 0 18 0 14 8 32 17 0 0 0 0 0 17 28 23 0 0 0 0 0 2 0 
P3491 2075 2 0 18 0 50 43 75 58 92 118 52 132 179 139 25 10 0 0 0 0 37 23 0 31 55 70 0 12 0 -999 -999 -999 
P3491 2075 3 0 29 12 5 4 12 0 0 0 0 0 0 1 0 11 0 33 40 0 0 26 53 31 49 44 20 0 0 0 0 0 
P3491 2075 4 0 0 36 27 27 64 101 116 86 23 0 0 12 0 0 5 0 0 0 65 52 28 0 0 9 0 5 0 15 0 -999 
P3491 2075 5 0 0 44 34 20 0 0 16 17 30 0 26 0 3 0 0 0 0 0 0 0 0 0 18 8 0 0 0 0 0 0 
P3491 2075 6 0 0 33 19 0 0 0 0 0 0 20 0 19 0 0 0 0 0 0 0 0 18 14 0 0 18 0 0 0 0 -999 
P3491 2075 7 0 0 0 0 0 0 0 0 0 0 0 0 0 0 0 0 31 0 0 0 0 0 0 0 0 0 0 0 0 0 0 
P3491 2075 8 0 0 0 0 0 0 0 0 0 0 0 0 0 0 15 0 17 0 0 0 29 0 0 0 0 0 0 0 0 0 0 
P3491 2075 9 0 0 0 0 0 0 0 0 0 0 46 0 0 0 0 0 0 0 0 0 0 0 0 0 0 0 0 0 0 0 -999 
P3491 2075 10 0 0 0 52 0 20 45 0 97 34 15 0 0 0 0 0 0 0 0 0 0 0 0 0 0 0 0 0 0 104 0 
P3491 2075 11 12 0 0 0 0 0 78 0 0 0 0 23 0 0 123 67 14 20 21 0 32 48 0 0 0 0 0 5 0 0 -999 
P3491 2075 12 0 0 63 55 0 0 0 0 37 13 14 0 0 0 57 26 0 0 23 0 0 0 0 0 0 0 0 9 0 0 0 
P3491 2076 1 0 0 0 0 0 0 0 0 0 0 0 0 0 0 0 0 0 0 0 0 0 0 1 0 0 0 0 0 0 0 40 
P3491 2076 2 84 32 9 0 1 0 0 0 0 0 0 0 0 0 0 0 2 4 0 22 0 0 0 0 0 0 0 0 -999 -999 -999 
P3491 2076 3 0 24 14 0 0 0 34 36 26 31 26 0 0 0 0 0 10 0 0 0 0 25 0 26 21 0 16 0 0 0 0 
P3491 2076 4 0 14 0 0 0 0 0 0 0 17 14 24 0 18 44 44 24 24 26 23 0 0 12 0 15 25 0 10 0 0 -999 
P3491 2076 5 0 57 36 12 20 0 0 0 0 0 0 0 0 37 0 0 25 0 0 21 0 0 0 0 0 0 0 0 30 0 18 
P3491 2076 6 0 0 0 0 0 0 0 0 0 0 0 0 0 0 0 0 16 0 0 0 0 0 0 0 0 0 0 0 0 0 -999 
P3491 2076 7 0 0 0 0 0 0 0 0 28 0 0 0 0 0 0 0 0 0 0 0 0 0 0 0 0 0 20 0 0 0 0 
P3491 2076 8 0 0 0 0 0 0 0 0 0 0 0 21 0 0 0 0 0 0 0 0 0 0 0 0 0 0 0 0 0 0 0 
P3491 2076 9 39 0 0 0 0 0 0 0 17 0 0 0 0 0 0 0 0 0 0 0 0 0 29 15 17 0 0 17 0 0 -999 
P3491 2076 10 0 0 0 0 0 0 0 0 0 0 0 0 0 0 0 0 0 0 0 0 0 9 0 0 0 0 0 97 33 0 0 
P3491 2076 11 0 0 0 0 0 0 0 0 0 0 0 0 0 0 0 12 18 0 0 31 0 0 0 0 0 0 0 0 16 0 -999 
P3491 2076 12 10 0 0 0 0 0 0 0 41 40 41 48 0 0 0 0 0 0 0 0 0 0 0 0 0 8 0 29 22 0 0 
P3491 2077 1 0 0 0 0 0 0 0 0 0 0 0 0 6 0 29 0 0 0 0 0 0 0 0 0 0 0 0 0 0 0 0 
P3491 2077 2 0 27 34 40 0 19 0 29 23 44 14 0 0 0 0 32 44 56 96 37 20 0 0 0 0 27 0 0 -999 -999 -999 
P3491 2077 3 0 0 0 15 0 0 54 47 15 0 0 0 12 0 0 0 0 0 0 0 46 64 45 29 10 0 0 0 0 0 8 
P3491 2077 4 13 0 0 0 0 2 4 6 0 0 0 0 0 0 16 27 24 0 26 0 0 0 17 0 0 0 0 0 0 0 -999 
P3491 2077 5 0 0 28 10 0 0 0 0 0 40 0 5 0 0 0 0 0 0 0 0 0 0 0 0 0 0 0 31 24 0 0 
P3491 2077 6 0 45 0 35 0 30 23 0 0 18 0 0 29 0 0 14 0 0 0 0 0 0 0 0 0 49 0 0 23 0 -999 
P3491 2077 7 0 0 0 0 0 0 0 0 0 21 0 0 0 0 0 0 40 0 0 0 0 0 0 0 0 0 0 0 0 0 0 
P3491 2077 8 0 0 0 0 0 0 0 0 0 0 0 0 0 0 0 0 0 0 0 0 0 0 0 0 31 0 0 0 0 0 0 
P3491 2077 9 0 0 0 0 0 0 0 18 0 0 0 0 0 0 20 0 0 0 0 0 0 36 0 0 0 0 0 0 0 0 -999 
P3491 2077 10 0 37 0 0 0 0 0 0 0 0 0 0 0 0 0 0 19 0 32 0 23 44 62 38 20 8 0 0 0 0 40 
P3491 2077 11 51 0 24 0 9 8 0 0 90 66 45 0 0 0 70 34 37 13 0 0 25 0 41 41 12 0 0 0 0 0 -999 
P3491 2077 12 55 88 85 0 0 68 88 118 0 44 107 0 0 0 0 4 0 0 0 0 0 0 0 0 0 0 0 0 0 0 15 
P3491 2078 1 0 176 144 121 73 89 17 23 92 70 0 0 78 0 82 56 41 24 13 0 0 0 0 0 0 4 0 1 0 3 0 
P3491 2078 2 0 0 0 2 0 0 1 0 0 0 0 0 0 0 0 0 0 0 0 8 0 0 20 14 0 111 44 0 -999 -999 -999 
P3491 2078 3 0 0 0 0 0 21 56 83 39 0 0 0 0 46 0 70 97 0 81 84 60 35 27 53 23 0 15 0 0 9 0 
P3491 2078 4 60 38 0 0 0 0 0 0 16 21 24 0 19 62 19 23 23 0 23 0 0 0 0 0 0 37 21 0 11 0 -999 
P3491 2078 5 0 78 0 0 12 8 0 0 0 0 0 0 0 34 0 0 0 47 27 0 0 0 0 0 0 0 0 28 0 0 0 
P3491 2078 6 20 0 28 28 0 0 0 0 0 0 0 0 12 0 31 0 21 0 0 0 0 0 0 0 0 0 0 0 0 0 -999 
P3491 2078 7 0 26 0 0 0 0 29 0 0 0 0 0 0 0 0 0 0 0 0 38 0 0 0 0 0 0 0 0 0 0 0 
P3491 2078 8 0 0 0 0 0 0 0 0 0 0 0 0 0 0 0 0 0 0 0 0 27 0 0 0 0 0 0 0 0 0 0 
P3491 2078 9 0 0 0 0 0 0 0 0 0 0 0 0 0 0 0 0 0 40 0 0 0 5 3 0 0 0 0 0 0 0 -999 
P3491 2078 10 0 0 0 0 0 0 0 0 0 58 0 0 0 0 0 0 58 0 0 35 63 10 6 15 0 0 0 0 21 0 0 
P3491 2078 11 0 34 0 0 0 0 0 0 0 0 0 0 0 0 7 0 0 54 33 0 0 0 0 5 0 0 0 0 0 0 -999 
P3491 2078 12 0 4 0 4 0 0 0 0 0 15 52 24 12 0 0 0 21 0 0 0 0 29 12 0 0 73 132 0 22 206 197 
P3491 2079 1 23 5 32 36 0 0 0 0 0 0 0 0 0 0 0 0 0 0 0 0 12 14 3 0 2 0 0 0 0 0 0 
P3491 2079 2 0 9 0 0 0 0 0 0 0 3 3 0 0 0 0 3 0 0 0 0 3 0 0 35 0 0 0 0 -999 -999 -999 
P3491 2079 3 0 0 21 0 18 13 0 0 1 1 2 0 0 0 0 0 4 0 0 3 3 6 0 0 0 0 0 3 7 0 0 
P3491 2079 4 0 0 0 0 36 0 11 0 0 9 0 0 0 27 33 0 24 19 0 29 23 0 0 38 0 12 0 0 0 0 -999 
P3491 2079 5 0 0 8 0 0 0 9 0 11 0 23 24 0 0 0 0 0 0 0 0 0 0 0 7 0 0 0 0 0 0 0 
P3491 2079 6 0 0 0 0 0 0 0 0 0 0 0 0 0 0 0 0 0 0 0 0 0 0 0 0 0 0 0 0 0 0 -999 
P3491 2079 7 10 0 0 0 0 0 0 0 0 30 0 0 0 0 0 0 0 0 0 0 0 0 0 0 0 0 0 0 0 0 0 
P3491 2079 8 0 0 0 0 0 0 0 18 0 0 26 0 0 0 0 0 0 0 0 0 0 0 0 0 0 0 0 0 0 0 0 
P3491 2079 9 0 0 0 0 0 0 0 0 0 15 0 32 0 0 0 0 0 0 0 0 19 0 0 0 0 0 0 0 0 0 -999 
P3491 2079 10 19 16 0 10 10 0 0 0 0 0 0 0 0 0 0 0 18 0 22 0 33 0 37 18 0 0 0 0 11 0 0 
P3491 2079 11 0 10 17 27 58 77 71 0 0 0 0 0 53 62 51 61 71 106 60 0 23 0 31 0 0 0 0 0 0 3 -999 
P3491 2079 12 6 32 35 0 0 16 0 0 0 0 0 0 0 0 0 0 0 0 0 1 0 0 0 0 0 0 0 0 10 0 12 
P3491 2080 1 0 0 0 0 0 0 0 0 0 0 0 0 14 0 11 9 0 0 0 1 0 0 0 0 10 13 0 15 25 0 0 
P3491 2080 2 0 0 0 0 12 0 0 28 73 129 145 109 94 0 0 12 27 0 64 88 69 4 0 0 0 0 0 27 -999 -999 -999 
P3491 2080 3 47 44 0 0 36 45 53 54 107 110 0 75 28 0 0 0 0 0 0 0 0 0 0 0 0 9 0 0 0 0 32 
P3491 2080 4 0 0 0 0 0 0 0 0 0 29 0 43 0 9 0 4 0 21 0 0 29 0 48 34 23 25 19 0 0 0 -999 
P3491 2080 5 0 0 0 19 23 0 0 0 17 0 0 0 34 32 0 0 0 0 0 0 0 21 0 0 0 0 0 0 30 0 0 
P3491 2080 6 30 0 0 43 57 34 0 0 0 0 0 0 26 0 22 0 18 0 40 28 26 0 0 16 0 0 0 0 0 17 -999 
P3491 2080 7 0 0 0 0 0 0 0 0 0 0 0 0 31 0 0 0 0 0 0 0 0 23 0 0 0 0 0 0 0 0 0 
P3491 2080 8 0 0 0 0 0 0 0 0 0 0 0 0 0 0 0 0 0 0 0 19 0 0 0 0 0 25 0 0 0 0 0 
P3491 2080 9 0 0 32 0 0 0 0 0 0 0 0 0 0 0 0 10 0 0 0 0 0 0 14 0 0 52 0 0 0 0 -999 
P3491 2080 10 0 0 46 69 0 66 0 81 51 48 0 44 0 0 0 0 0 0 0 0 9 0 0 0 0 0 0 0 4 3 0 
P3491 2080 11 31 0 38 0 43 38 0 4 0 0 0 0 0 0 0 0 13 0 13 0 0 2 7 0 0 0 0 3 0 17 -999 
P3491 2080 12 0 36 0 0 108 0 148 117 60 0 0 0 0 0 0 0 0 0 0 0 9 0 0 0 0 72 14 0 0 0 47 
P3491 2081 1 91 89 174 91 0 0 0 2 8 0 0 0 0 0 43 0 0 0 55 133 112 60 45 0 0 42 0 0 36 0 0 
P3491 2081 2 0 0 0 0 33 54 0 0 20 7 0 0 3 0 0 0 0 0 0 0 0 0 27 0 0 0 0 0 -999 -999 -999 
P3491 2081 3 15 17 0 0 29 26 14 0 0 0 0 18 29 32 0 9 44 111 73 86 76 136 85 45 0 13 0 0 0 44 74 
P3491 2081 4 80 23 23 0 0 0 24 17 18 0 44 0 0 0 0 0 0 0 0 0 0 0 30 44 44 23 16 55 39 82 -999 
P3491 2081 5 59 56 30 0 44 12 0 30 53 71 21 0 0 0 0 0 8 0 0 0 0 0 0 0 0 0 0 0 0 0 0 
P3491 2081 6 25 17 0 0 0 0 0 13 0 0 0 0 0 0 0 0 0 0 39 0 0 0 0 0 0 0 0 0 0 36 -999 
P3491 2081 7 0 0 28 23 0 0 0 0 0 0 0 0 0 0 0 0 0 0 0 0 0 0 0 0 0 0 0 0 0 0 0 
P3491 2081 8 0 0 0 0 0 0 0 0 0 0 0 0 0 0 0 0 0 0 0 0 0 0 0 0 0 0 0 0 0 0 0 
P3491 2081 9 0 0 0 0 0 0 0 0 0 0 0 0 0 0 0 0 0 39 0 0 0 0 0 25 0 0 0 0 0 0 -999 
P3491 2081 10 0 0 0 0 0 7 0 0 0 37 0 0 0 12 7 0 0 0 0 0 0 0 0 0 0 0 0 0 6 13 0 
P3491 2081 11 0 0 47 88 41 0 0 0 0 0 0 0 0 0 0 83 183 169 90 8 0 0 0 0 31 0 2 0 0 46 -999 
P3491 2081 12 18 17 24 0 16 87 67 63 60 37 23 91 122 88 48 39 24 0 0 0 4 9 15 11 0 31 41 0 0 9 5 
P3491 2082 1 0 0 15 0 0 0 0 0 11 19 55 0 0 13 12 0 54 0 21 0 78 0 61 45 61 79 102 24 0 0 0 
P3491 2082 2 0 0 0 0 0 0 0 0 0 0 0 0 0 0 0 0 0 0 0 3 4 0 0 14 0 0 25 33 -999 -999 -999 
P3491 2082 3 0 44 0 30 28 24 0 0 16 10 0 0 4 20 0 0 0 0 0 0 0 6 0 0 36 23 0 12 53 0 0 
P3491 2082 4 0 8 0 0 0 0 0 0 0 0 3 0 0 0 12 17 13 0 15 7 0 0 12 0 0 0 0 0 0 0 -999 
P3491 2082 5 0 0 0 0 0 0 0 0 27 0 0 0 0 44 0 0 0 23 0 0 0 0 0 0 0 0 0 0 0 0 0 
P3491 2082 6 0 0 0 0 0 0 0 0 0 0 0 0 23 0 0 0 0 0 0 0 0 0 16 0 0 0 0 0 0 14 -999 
P3491 2082 7 0 0 0 0 0 0 0 0 0 0 0 0 0 0 0 0 0 0 0 0 0 0 0 0 0 0 0 0 0 0 0 
P3491 2082 8 0 0 0 0 0 0 0 0 0 0 0 0 0 0 0 0 0 0 0 0 0 0 0 0 0 0 33 0 0 0 0 
P3491 2082 9 0 0 0 0 0 0 0 0 0 0 0 0 0 7 0 0 0 0 0 0 0 0 14 0 0 0 0 0 37 0 -999 
P3491 2082 10 21 20 0 10 11 0 0 0 0 0 0 0 0 0 20 0 0 0 0 0 0 30 55 0 2 0 0 6 0 28 13 
P3491 2082 11 54 75 64 17 0 0 0 0 0 0 0 14 17 16 0 0 112 124 0 0 1 0 0 0 0 0 0 0 0 0 -999 
P3491 2082 12 0 0 0 0 0 0 0 0 0 0 0 0 0 0 0 22 31 37 0 0 3 0 0 10 0 0 16 0 0 0 0 
P3491 2083 1 25 38 48 46 0 6 0 29 18 0 5 0 4 14 0 0 26 41 0 0 0 0 0 12 0 0 0 0 12 17 0 
P3491 2083 2 14 45 49 17 0 8 36 33 0 77 96 47 17 15 0 0 45 151 0 82 73 56 30 29 104 179 73 42 -999 -999 -999 
P3491 2083 3 42 0 0 16 0 0 0 0 0 0 0 0 0 19 0 0 6 0 0 0 0 0 119 123 108 47 143 68 0 0 0 
P3491 2083 4 0 13 0 13 0 0 0 24 0 0 0 0 0 38 44 29 0 7 0 0 5 0 0 0 0 0 38 13 6 0 -999 
P3491 2083 5 0 0 13 20 0 0 33 40 0 0 0 0 0 0 33 42 0 33 0 32 10 0 18 36 32 58 92 0 30 30 0 
P3491 2083 6 39 34 22 0 26 0 17 29 0 36 21 0 0 0 21 0 0 0 0 0 0 0 0 0 0 0 0 0 0 0 -999 
P3491 2083 7 0 0 23 0 0 0 0 0 0 0 0 0 0 0 0 0 0 0 0 0 0 0 24 0 0 0 0 0 0 0 0 
P3491 2083 8 0 0 0 0 0 0 0 0 43 0 0 0 0 0 0 0 0 0 0 0 0 0 0 0 0 0 0 0 0 0 0 
P3491 2083 9 0 0 0 0 12 0 0 0 0 0 0 0 0 0 0 0 0 0 16 0 0 0 0 0 0 0 9 0 0 0 -999 
P3491 2083 10 0 0 0 0 50 0 12 0 9 0 19 10 5 0 15 15 12 0 11 0 0 0 0 38 32 8 7 10 0 0 0 
P3491 2083 11 0 0 0 68 0 21 0 0 0 0 0 56 91 41 0 0 0 45 0 0 0 0 0 0 0 0 11 8 0 0 -999 
P3491 2083 12 38 25 9 0 20 0 47 104 160 39 25 0 0 91 155 0 21 17 0 57 23 0 0 0 0 2 2 0 0 7 8 
P3491 2084 1 0 8 12 0 0 0 0 0 15 0 0 0 0 0 6 14 27 0 0 0 18 0 27 0 0 0 0 45 0 50 38 
P3491 2084 2 9 4 0 0 0 0 0 42 49 0 0 17 0 17 8 2 0 0 0 0 0 0 0 0 0 0 46 0 -999 -999 -999 
P3491 2084 3 21 0 0 0 52 6 0 0 0 0 0 0 0 0 0 54 145 95 0 19 0 21 0 14 0 0 0 0 0 0 0 
P3491 2084 4 0 0 0 0 0 0 0 0 5 0 0 0 0 0 0 0 10 0 0 0 0 0 0 0 6 11 0 0 0 0 -999 
P3491 2084 5 0 0 0 27 0 0 31 0 3 0 0 0 0 0 0 0 0 0 0 0 0 0 0 0 35 0 0 0 0 0 0 
P3491 2084 6 0 0 0 0 0 0 0 0 0 0 0 0 0 0 0 0 0 22 0 0 0 0 0 0 0 0 0 0 0 0 -999 
P3491 2084 7 0 23 0 0 0 0 0 0 0 0 0 0 0 0 0 0 0 0 0 0 0 0 0 0 0 0 0 0 0 25 0 
P3491 2084 8 0 0 0 0 0 0 0 0 0 0 0 0 0 0 0 0 0 0 0 0 0 0 0 0 0 0 0 0 0 0 0 
P3491 2084 9 0 0 0 0 0 0 0 0 0 0 0 0 0 0 54 31 0 0 0 0 8 5 0 10 0 0 0 0 0 0 -999 
P3491 2084 10 0 0 0 0 0 0 12 0 0 0 0 0 0 0 0 0 0 8 0 0 0 0 10 0 17 0 0 0 118 132 74 
P3491 2084 11 28 0 94 0 20 0 24 0 115 35 0 0 0 0 0 0 0 0 0 7 0 0 0 0 0 0 14 43 28 0 -999 
P3491 2084 12 11 10 0 0 0 0 0 73 60 70 92 104 146 97 31 0 0 0 0 0 0 0 0 0 0 0 0 20 19 9 0 
P3491 2085 1 0 0 3 0 6 0 0 0 0 0 0 0 0 0 0 24 14 4 0 2 5 9 78 103 65 0 1 9 0 0 0 
P3491 2085 2 0 0 0 17 0 37 0 0 18 0 50 57 27 8 6 0 0 0 0 0 0 0 9 0 0 0 0 0 -999 -999 -999 
P3491 2085 3 0 0 6 0 0 0 0 0 42 61 36 74 95 36 51 54 0 0 0 0 7 13 0 0 0 0 0 0 0 0 0 
P3491 2085 4 7 0 0 0 0 0 0 0 0 0 0 77 70 0 94 63 44 0 28 0 0 0 0 0 0 5 0 0 0 0 -999 
P3491 2085 5 0 0 0 0 0 0 0 63 71 0 0 0 0 0 0 0 0 0 0 0 0 0 0 0 25 20 0 9 0 0 0 
P3491 2085 6 0 0 0 0 0 0 0 0 0 0 0 0 0 0 0 0 0 0 0 52 0 0 0 0 0 0 0 0 0 0 -999 
P3491 2085 7 0 0 0 0 0 0 0 0 0 0 0 0 0 0 0 0 0 0 0 0 0 0 0 0 0 0 0 0 0 0 0 
P3491 2085 8 0 0 0 0 0 0 0 0 0 0 16 0 0 0 0 0 0 0 0 0 27 0 0 0 0 0 0 0 0 0 0 
P3491 2085 9 0 0 32 28 34 34 0 0 24 0 0 0 0 0 0 0 10 0 0 0 0 0 0 0 0 0 0 19 0 0 -999 
P3491 2085 10 0 0 0 8 0 0 0 0 0 0 0 0 0 29 0 11 19 0 0 0 0 8 0 0 0 0 65 0 0 89 23 
P3491 2085 11 0 0 19 18 14 8 6 0 0 0 0 0 0 0 0 32 83 23 14 70 39 37 10 0 0 0 0 36 49 0 -999 
P3491 2085 12 70 61 11 0 0 91 25 5 2 0 0 0 0 38 0 0 0 0 0 6 0 21 0 0 0 0 0 0 0 0 0 
P3491 2086 1 0 0 0 15 0 10 10 0 0 0 0 14 27 61 39 7 36 113 34 0 0 0 0 22 0 0 14 9 0 0 0 
P3491 2086 2 19 32 80 24 16 0 0 78 26 14 10 29 39 0 0 13 18 0 0 0 0 0 0 0 0 0 0 0 -999 -999 -999 
P3491 2086 3 4 0 0 0 0 0 0 0 0 0 0 19 40 18 0 0 0 0 0 0 0 0 0 0 0 0 0 10 11 0 0 
P3491 2086 4 0 0 0 0 21 0 36 0 0 0 0 0 0 0 0 0 18 0 0 6 0 0 0 0 0 37 0 47 0 0 -999 
P3491 2086 5 39 0 0 47 42 0 0 0 9 0 0 0 0 0 6 0 0 0 0 0 0 0 0 0 0 0 0 0 0 0 0 
P3491 2086 6 0 12 0 0 0 12 0 0 0 0 0 0 0 0 0 0 0 0 0 0 0 0 0 0 29 0 0 0 0 0 -999 
P3491 2086 7 0 0 0 0 0 0 0 19 0 0 0 0 32 0 0 0 0 0 0 0 0 0 0 0 0 0 0 0 0 0 0 
P3491 2086 8 0 0 0 0 0 0 0 0 0 0 0 0 0 21 0 0 0 0 0 0 0 0 0 0 34 0 30 0 0 0 0 
P3491 2086 9 0 0 0 0 0 0 0 0 0 0 0 0 0 0 0 0 24 0 0 0 0 0 0 20 19 17 0 0 0 0 -999 
P3491 2086 10 7 0 0 0 0 0 0 0 30 0 0 30 12 8 0 0 0 0 0 8 3 0 0 0 37 0 0 25 0 73 37 
P3491 2086 11 0 0 39 0 31 0 10 7 0 11 0 25 0 15 14 0 0 0 0 0 0 14 0 0 0 12 0 0 27 0 -999 
P3491 2086 12 9 0 0 0 0 0 0 0 0 0 0 0 0 0 0 0 1 0 32 0 0 68 130 65 0 0 6 0 0 0 0 
P3491 2087 1 0 0 0 13 0 0 0 0 0 0 14 0 0 0 0 0 0 0 5 0 0 0 0 0 0 0 0 0 0 0 0 
P3491 2087 2 44 36 0 0 0 0 0 0 0 0 10 10 10 0 16 0 0 0 0 0 0 0 0 0 0 36 22 37 -999 -999 -999 
P3491 2087 3 69 79 53 24 18 0 21 0 0 52 53 0 0 16 0 0 0 0 23 0 0 0 0 43 20 9 10 0 0 0 0 
P3491 2087 4 32 14 0 0 0 0 0 3 0 0 0 0 3 0 0 46 48 18 0 17 0 65 39 42 56 0 15 9 5 0 -999 
P3491 2087 5 0 0 0 33 0 0 0 24 0 18 0 0 0 0 0 0 0 0 0 0 0 0 0 0 0 0 0 0 0 0 0 
P3491 2087 6 0 0 0 0 0 0 0 0 0 0 0 0 0 0 0 0 0 0 0 0 0 0 0 0 0 35 0 0 0 0 -999 
P3491 2087 7 0 0 0 0 0 0 0 0 0 0 0 0 0 0 0 0 0 0 0 0 0 0 0 0 0 0 0 0 0 0 0 
P3491 2087 8 0 0 0 0 0 0 0 0 0 0 0 0 0 0 0 0 0 0 0 0 0 0 0 0 0 0 0 0 26 0 0 
P3491 2087 9 0 0 0 0 25 22 0 0 0 0 0 0 0 0 22 0 24 0 0 0 0 0 0 0 0 0 0 0 0 0 -999 
P3491 2087 10 0 0 0 0 37 23 0 0 0 0 0 0 14 0 0 0 0 22 0 0 0 0 0 0 0 0 0 0 0 0 6 
P3491 2087 11 0 0 2 0 11 4 0 0 0 0 0 0 4 0 0 0 0 0 0 4 0 0 0 0 0 0 0 0 0 11 -999 
P3491 2087 12 11 0 0 5 0 0 4 34 24 0 0 0 0 5 0 0 0 0 11 0 0 0 113 55 20 70 0 18 0 71 27 
P3491 2088 1 20 12 40 0 0 0 0 0 0 0 0 0 0 0 0 0 0 0 0 9 0 0 0 0 0 18 32 19 0 0 0 
P3491 2088 2 0 0 11 13 30 0 89 100 132 0 7 0 0 0 0 16 0 0 0 0 23 0 26 0 0 21 29 24 -999 -999 -999 
P3491 2088 3 36 0 95 0 0 0 10 0 0 0 0 0 0 0 0 0 0 0 0 0 0 0 0 0 23 4 27 0 1 0 0 
P3491 2088 4 0 2 0 0 25 48 61 73 38 0 38 0 0 43 31 0 24 15 0 0 0 0 30 0 0 0 0 0 0 0 -999 
P3491 2088 5 0 0 0 0 38 29 32 0 30 0 0 0 0 20 29 0 18 0 0 0 0 0 0 0 11 0 0 0 0 0 0 
P3491 2088 6 0 0 0 0 0 0 0 0 26 0 0 0 0 0 0 0 0 0 0 0 0 0 0 0 20 0 0 0 0 0 -999 
P3491 2088 7 0 0 0 0 0 0 0 0 0 0 0 0 0 0 0 0 0 0 0 0 0 0 0 0 0 0 0 0 0 0 0 
P3491 2088 8 0 0 54 0 0 0 0 0 0 0 0 0 0 0 0 0 0 0 0 0 0 32 0 0 0 0 0 0 0 0 0 
P3491 2088 9 0 34 0 0 0 29 0 0 0 0 0 0 0 0 0 0 0 0 0 0 0 0 0 0 0 0 0 0 0 0 -999 
P3491 2088 10 0 0 0 20 0 0 13 0 22 24 0 0 0 0 0 0 0 0 0 0 0 33 44 47 64 110 156 63 0 0 0 
P3491 2088 11 0 0 0 0 0 0 0 0 0 0 37 34 16 0 42 0 21 145 34 0 0 0 6 0 0 0 0 30 72 0 -999 
P3491 2088 12 0 0 28 41 59 57 76 0 23 0 7 0 0 0 0 0 0 0 0 0 0 0 8 0 0 22 13 0 0 0 0 
P3491 2089 1 13 0 0 0 36 0 0 39 89 105 130 161 147 32 0 0 0 0 0 0 0 0 0 0 0 0 0 0 0 0 0 
P3491 2089 2 25 0 10 23 0 109 0 96 186 45 32 80 139 59 11 0 0 0 0 0 0 0 0 0 9 10 17 0 -999 -999 -999 
P3491 2089 3 0 35 0 56 0 0 0 16 0 0 6 0 0 32 52 65 0 27 11 0 0 0 0 42 0 56 0 30 19 51 141 
P3491 2089 4 165 118 35 0 0 0 0 0 25 0 0 0 0 0 22 0 0 0 16 23 0 0 0 0 0 72 51 29 0 0 -999 
P3491 2089 5 31 0 0 0 0 0 34 0 18 0 12 11 0 0 0 0 0 0 15 28 22 0 0 32 0 0 14 0 0 0 0 
P3491 2089 6 0 0 0 0 0 0 0 11 0 0 0 0 0 0 0 0 11 0 0 0 0 0 0 0 0 0 0 0 0 0 -999 
P3491 2089 7 0 0 0 17 0 0 0 0 0 36 0 0 0 0 0 0 0 0 7 0 0 0 0 0 0 0 0 0 0 0 0 
P3491 2089 8 0 0 0 0 0 0 0 0 0 0 0 19 0 20 0 0 0 0 0 0 0 0 0 0 0 0 0 0 0 0 0 
P3491 2089 9 0 0 0 0 0 0 0 0 0 10 0 0 0 0 0 0 0 0 0 0 0 0 0 0 0 0 0 0 0 0 -999 
P3491 2089 10 0 0 0 0 0 0 0 0 0 0 0 0 0 0 0 0 0 0 0 0 0 0 0 0 0 0 0 0 0 0 0 
P3491 2089 11 0 34 0 0 13 0 0 0 12 0 0 0 0 0 0 0 0 6 17 0 0 0 0 0 101 63 0 18 0 116 -999 
P3491 2089 12 161 0 0 0 27 29 0 72 60 67 41 0 0 0 0 0 0 0 0 15 0 0 0 0 0 0 0 0 0 0 0 
P3491 2090 1 0 0 6 0 5 0 10 0 0 41 10 0 64 63 58 15 0 0 0 0 0 2 0 0 0 0 0 12 0 0 0 
P3491 2090 2 0 0 0 19 29 54 0 27 0 48 34 42 22 0 32 0 0 0 0 6 0 0 0 0 36 46 85 96 -999 -999 -999 
P3491 2090 3 162 0 0 7 0 0 0 0 0 0 0 0 69 73 65 26 0 12 0 42 15 0 12 9 0 19 0 0 0 21 0 
P3491 2090 4 28 0 43 45 26 18 28 21 25 0 26 29 0 0 86 47 36 0 0 0 0 0 0 0 0 17 0 0 0 0 -999 
P3491 2090 5 0 0 0 0 0 0 0 0 9 0 0 0 0 0 0 28 0 0 0 0 0 0 0 0 0 41 0 35 45 0 40 
P3491 2090 6 0 0 0 0 0 0 0 0 18 6 0 0 0 0 0 24 0 0 0 0 0 0 0 0 0 0 0 0 0 0 -999 
P3491 2090 7 0 0 0 0 0 0 0 19 0 0 0 0 0 0 0 0 0 0 0 0 0 0 0 0 0 0 0 0 0 0 20 
P3491 2090 8 0 0 0 0 0 0 0 0 0 0 0 0 0 0 0 0 0 0 0 0 0 0 0 0 0 0 0 39 0 0 0 
P3491 2090 9 0 0 0 0 0 0 0 0 0 0 23 33 0 0 0 0 0 5 0 0 0 29 0 0 0 0 0 0 0 0 -999 
P3491 2090 10 20 0 15 0 0 0 26 0 0 0 39 26 0 31 33 0 0 0 0 0 0 0 0 0 0 0 0 0 62 0 0 
P3491 2090 11 0 0 0 7 0 0 19 0 0 0 51 0 11 39 0 0 8 32 0 0 0 0 0 0 0 35 26 0 0 0 -999 
P3491 2090 12 0 88 120 35 44 0 0 0 0 23 0 0 0 18 0 0 10 0 15 0 0 0 0 0 23 22 13 0 0 0 0 
P3491 2091 1 0 0 0 0 0 0 0 14 0 5 8 11 31 21 5 9 9 14 32 0 0 0 0 0 0 0 0 9 0 3 0 
P3491 2091 2 0 14 0 0 1 0 8 0 0 0 0 0 0 5 0 0 0 0 156 105 0 58 0 27 26 0 36 0 -999 -999 -999 
P3491 2091 3 21 5 0 0 0 98 36 5 0 0 0 0 0 0 0 0 0 0 0 0 0 0 6 0 0 7 0 0 0 0 0 
P3491 2091 4 0 0 0 0 0 0 0 0 0 0 0 35 37 28 0 32 43 42 36 15 15 16 0 0 0 0 0 0 0 0 -999 
P3491 2091 5 0 0 45 39 42 25 0 9 0 0 0 0 0 0 0 0 0 0 0 0 0 0 0 0 0 0 0 0 0 0 0 
P3491 2091 6 0 0 0 0 0 0 0 0 0 0 0 0 27 37 46 0 0 0 0 0 0 0 0 0 0 0 0 0 0 0 -999 
P3491 2091 7 0 0 0 0 0 13 0 0 0 0 0 0 0 0 0 0 0 0 0 16 0 0 0 0 24 0 0 0 0 0 0 
P3491 2091 8 0 0 0 0 0 0 0 0 0 0 0 18 0 0 0 0 0 0 0 0 0 0 0 0 0 0 0 0 0 0 0 
P3491 2091 9 0 0 0 0 0 0 0 0 0 0 14 0 0 0 11 0 0 0 0 0 0 0 0 0 0 0 41 0 0 0 -999 
P3491 2091 10 0 0 0 0 0 0 0 0 0 0 0 0 46 17 20 28 35 13 0 0 0 0 0 0 0 40 60 83 119 85 69 
P3491 2091 11 78 28 0 0 0 0 0 0 0 0 0 9 17 0 31 27 21 22 16 11 0 0 47 41 0 14 56 20 0 0 -999 
P3491 2091 12 0 0 5 0 0 0 0 0 0 0 0 0 0 12 0 20 0 0 0 0 2 0 0 14 0 0 0 0 0 0 0 
P3491 2092 1 0 0 0 0 0 0 9 0 0 0 0 0 14 12 29 20 69 72 90 164 86 0 0 65 41 0 89 0 0 0 42 
P3491 2092 2 43 58 55 6 0 112 93 0 55 114 42 18 19 66 0 38 41 63 0 41 26 7 29 20 11 12 0 35 -999 -999 -999 
P3491 2092 3 0 40 2 0 0 0 64 39 0 15 0 24 22 0 77 114 53 0 21 0 77 79 116 260 100 69 21 35 53 25 29 
P3491 2092 4 27 47 63 35 35 0 0 0 0 11 14 0 31 0 15 0 0 0 16 17 0 19 0 0 24 0 0 51 54 39 -999 
P3491 2092 5 0 13 0 0 0 0 25 0 26 13 0 0 0 0 0 0 75 0 0 0 11 0 0 4 0 0 0 0 0 31 0 
P3491 2092 6 0 0 0 0 0 0 0 0 0 0 0 0 0 0 19 0 0 0 0 0 0 0 0 0 0 0 0 0 0 0 -999 
P3491 2092 7 0 0 0 0 15 0 0 0 0 0 0 0 0 0 0 45 33 0 0 0 0 0 0 0 27 0 31 32 0 0 0 
P3491 2092 8 0 0 34 0 0 0 0 0 0 0 0 0 0 0 0 0 0 0 0 0 0 0 0 0 0 0 0 0 0 0 0 
P3491 2092 9 0 0 0 0 23 0 0 0 0 0 0 0 0 0 0 0 0 0 0 0 0 0 0 8 0 0 0 0 0 0 -999 
P3491 2092 10 0 0 0 0 22 0 0 0 32 0 0 69 0 11 0 0 0 0 0 0 0 3 0 0 0 0 0 0 9 0 0 
P3491 2092 11 0 0 35 61 0 0 14 14 0 13 11 50 188 143 103 36 0 17 21 0 29 16 0 113 69 41 0 0 6 0 -999 
P3491 2092 12 0 0 0 0 11 23 0 16 44 58 23 0 0 0 0 0 20 0 0 70 163 106 80 63 0 0 18 35 90 54 24 
P3491 2093 1 82 74 62 0 14 22 27 0 0 40 0 90 42 0 0 0 27 44 41 0 0 4 2 0 0 0 0 0 88 81 102 
P3491 2093 2 84 0 0 7 0 0 0 0 0 0 0 0 0 0 34 37 45 32 36 62 45 44 10 11 0 13 25 29 -999 -999 -999 
P3491 2093 3 12 0 0 0 0 15 5 0 0 0 105 44 27 20 7 0 0 0 12 0 8 0 11 0 0 0 48 0 0 0 0 
P3491 2093 4 17 0 0 0 0 0 0 0 0 0 0 0 0 0 54 45 20 0 20 11 0 0 12 0 33 0 50 48 37 0 -999 
P3491 2093 5 0 0 62 56 18 0 6 0 0 34 0 0 0 0 0 11 0 0 0 45 0 0 0 14 21 0 0 0 0 0 0 
P3491 2093 6 0 0 0 0 0 0 0 0 0 49 0 0 0 0 0 0 0 0 0 0 0 0 0 0 0 0 0 0 0 0 -999 
P3491 2093 7 0 0 0 0 0 0 0 0 0 0 0 0 0 0 0 0 0 0 0 0 0 0 0 0 0 0 0 0 0 0 0 
P3491 2093 8 0 0 0 0 0 0 0 0 0 0 0 0 0 0 0 0 0 0 31 0 0 0 0 0 0 0 0 23 0 0 0 
P3491 2093 9 0 0 0 0 0 0 0 0 0 0 0 14 0 0 0 0 0 0 0 0 0 0 0 0 0 0 0 0 0 44 -999 
P3491 2093 10 0 0 0 0 0 0 0 0 0 0 0 0 54 0 0 117 95 51 0 0 0 0 0 8 0 17 0 0 0 0 15 
P3491 2093 11 0 36 0 0 0 0 0 0 0 0 0 0 16 0 0 0 0 0 0 0 0 0 14 0 0 0 0 0 0 0 -999 
P3491 2093 12 0 0 0 0 0 0 0 0 0 0 0 0 0 5 0 0 0 0 0 0 0 0 0 0 0 3 0 0 0 2 0 
P3491 2094 1 0 0 0 0 0 0 0 0 0 0 9 0 0 3 0 13 32 79 85 0 50 117 135 156 144 74 0 127 27 81 37 
P3491 2094 2 61 0 75 102 0 5 2 0 7 0 0 0 0 0 0 0 0 3 0 0 5 0 0 0 0 0 1 0 -999 -999 -999 
P3491 2094 3 0 0 0 0 0 0 0 0 0 0 0 0 0 0 0 0 0 0 0 32 0 0 26 0 0 0 0 0 0 108 81 
P3491 2094 4 148 148 89 13 0 0 71 51 0 0 0 0 0 0 0 0 0 0 0 0 0 48 12 0 0 0 0 0 0 0 -999 
P3491 2094 5 0 0 0 0 0 0 0 0 8 0 0 0 0 0 0 0 0 0 0 0 0 0 0 0 0 0 14 0 0 0 0 
P3491 2094 6 0 0 0 0 0 0 0 0 0 0 0 0 0 0 0 0 0 0 0 0 0 0 0 0 0 0 0 0 0 25 -999 
P3491 2094 7 0 0 0 0 0 0 20 0 0 0 0 0 0 0 49 0 0 0 0 0 0 0 0 0 0 0 0 0 0 0 0 
P3491 2094 8 0 0 0 0 0 0 0 0 0 0 0 0 0 0 0 0 0 0 0 0 0 0 0 0 0 0 0 0 0 0 0 
P3491 2094 9 44 0 0 0 9 0 21 0 0 0 0 0 0 0 0 0 0 0 0 0 0 0 0 0 0 0 0 0 14 0 -999 
P3491 2094 10 0 0 0 0 0 0 0 8 0 0 18 0 0 0 0 15 0 16 41 33 50 0 67 54 28 0 84 24 0 0 3 
P3491 2094 11 0 0 0 0 0 0 0 0 0 0 22 0 0 94 27 11 0 28 0 0 0 0 0 54 26 24 0 0 0 0 -999 
P3491 2094 12 0 5 0 5 0 0 0 0 2 0 0 0 9 8 0 0 0 17 28 22 6 2 0 0 0 0 0 0 0 14 0 
P3491 2095 1 55 47 74 105 56 19 0 80 92 21 23 17 0 0 30 0 0 0 0 0 0 11 0 30 0 82 0 66 16 0 28 
P3491 2095 2 28 24 18 12 0 9 15 16 0 0 0 0 0 0 0 0 0 0 0 0 0 0 0 0 0 0 0 0 -999 -999 -999 
P3491 2095 3 0 0 0 0 0 0 0 0 0 0 0 0 5 0 0 0 0 0 0 0 0 0 0 0 0 0 0 53 60 35 0 
P3491 2095 4 0 86 106 32 10 5 0 0 11 0 0 0 29 0 33 27 24 46 31 0 0 67 51 58 0 0 0 0 0 0 -999 
P3491 2095 5 0 0 0 0 0 0 0 0 0 0 0 0 0 0 0 0 0 0 0 0 0 0 0 0 0 0 0 0 17 0 0 
P3491 2095 6 0 0 0 0 0 0 27 34 26 0 0 0 19 0 0 0 0 0 0 39 45 20 0 0 0 0 0 0 0 0 -999 
P3491 2095 7 0 16 0 0 0 0 0 0 0 0 32 0 0 28 0 0 0 0 0 0 0 0 0 0 0 0 0 0 0 0 0 
P3491 2095 8 0 0 0 0 0 0 0 0 0 0 0 0 0 0 0 0 0 0 0 0 0 0 0 0 0 0 0 0 0 0 0 
P3491 2095 9 0 0 0 0 0 5 0 0 0 0 0 0 0 0 21 0 0 0 0 0 0 0 0 0 0 15 0 0 0 0 -999 
P3491 2095 10 0 0 0 0 0 0 0 0 0 0 0 0 35 0 0 23 59 0 0 0 0 0 0 2 0 6 0 0 0 0 0 
P3491 2095 11 0 0 0 0 0 16 31 0 0 17 0 35 0 0 0 22 35 10 1 0 44 80 73 85 46 0 1 0 0 0 -999 
P3491 2095 12 0 0 0 0 0 0 13 57 74 40 3 0 0 43 87 47 0 0 0 0 43 0 9 16 108 148 66 25 0 12 28 
P3491 2096 1 56 2 0 14 0 23 0 71 76 72 32 11 0 0 46 20 3 2 1 0 0 0 0 1 0 2 0 0 0 0 6 
P3491 2096 2 10 0 37 39 17 11 0 0 0 0 0 0 0 33 72 29 0 0 0 0 0 0 0 0 0 0 0 0 -999 -999 -999 
P3491 2096 3 0 24 0 0 0 0 0 0 0 0 0 0 4 0 2 0 0 0 0 23 45 103 113 15 0 26 32 62 59 40 16 
P3491 2096 4 0 0 4 3 0 0 0 0 0 0 0 0 0 0 0 54 0 22 0 0 0 0 14 0 0 0 0 0 0 0 -999 
P3491 2096 5 0 0 0 0 0 0 33 0 11 0 0 0 0 0 0 0 0 0 0 0 0 0 0 24 0 0 26 0 0 15 20 
P3491 2096 6 38 39 0 0 0 0 27 17 0 17 0 0 0 0 0 0 0 0 14 0 0 0 0 0 0 0 0 0 0 0 -999 
P3491 2096 7 0 0 0 20 0 0 0 0 0 0 0 0 0 0 0 0 0 0 0 0 0 0 0 0 0 0 0 0 0 0 0 
P3491 2096 8 0 0 0 0 0 0 0 0 0 0 0 0 0 0 14 0 0 0 0 0 31 0 0 34 0 0 0 0 0 0 0 
P3491 2096 9 0 0 0 0 0 19 0 0 0 0 0 0 14 0 0 0 15 0 0 26 0 0 0 18 11 7 5 0 0 0 -999 
P3491 2096 10 0 59 0 0 0 0 0 0 0 0 0 0 0 0 0 11 0 0 47 42 0 34 0 5 0 0 0 10 10 0 0 
P3491 2096 11 0 0 6 0 0 0 0 0 0 0 0 0 0 1 0 1 0 0 0 0 0 3 0 0 0 0 0 0 0 0 -999 
P3491 2096 12 0 0 0 0 0 0 0 1 0 7 15 0 0 0 37 0 0 61 0 0 0 15 31 35 10 0 0 0 28 0 11 
P3491 2097 1 16 11 6 0 0 0 0 13 0 0 0 0 0 0 0 0 0 0 0 0 0 0 0 0 47 38 39 0 11 23 0 
P3491 2097 2 0 0 14 21 0 43 11 0 0 0 0 0 0 0 17 0 0 0 0 0 0 0 0 0 0 37 30 0 -999 -999 -999 
P3491 2097 3 0 0 65 25 9 37 16 0 14 7 0 0 0 0 0 0 0 0 0 0 0 0 0 0 35 44 16 0 30 2 0 
P3491 2097 4 0 0 0 0 19 0 0 0 40 26 34 41 64 43 23 0 0 0 5 28 12 7 5 55 0 0 0 0 3 0 -999 
P3491 2097 5 0 0 0 0 0 0 27 12 0 0 0 0 0 0 0 23 25 0 22 44 0 0 36 24 0 0 3 0 0 0 0 
P3491 2097 6 0 0 0 0 0 0 0 0 0 0 0 0 0 0 0 0 0 0 0 0 29 0 0 24 0 0 0 0 20 0 -999 
P3491 2097 7 0 27 0 0 0 0 0 0 0 0 0 0 0 0 0 0 0 35 0 0 0 0 0 0 0 0 0 0 0 0 0 
P3491 2097 8 0 0 0 0 0 0 0 0 0 0 0 0 0 0 0 0 0 0 0 0 0 0 0 0 49 0 0 0 22 0 0 
P3491 2097 9 0 0 0 0 0 0 0 0 0 36 0 0 0 0 0 0 0 0 0 0 0 0 0 0 0 0 0 0 10 0 -999 
P3491 2097 10 26 0 0 0 0 0 0 0 0 0 0 0 0 0 0 0 73 0 0 8 0 0 14 0 0 0 0 0 0 5 0 
P3491 2097 11 0 0 0 0 8 0 0 0 0 0 0 5 0 0 0 0 0 1 1 0 0 0 0 4 4 0 14 0 19 0 -999 
P3491 2097 12 0 0 3 0 0 0 0 0 0 0 0 0 0 0 0 0 8 0 0 3 0 0 0 0 0 0 12 0 0 31 33 
P3491 2098 1 52 0 19 0 86 33 0 0 0 0 0 0 13 10 9 4 0 0 0 0 41 33 17 32 0 0 1 0 0 0 0 
P3491 2098 2 0 10 8 8 0 0 0 25 34 62 35 45 29 0 25 9 0 38 0 0 19 0 0 13 0 0 0 0 -999 -999 -999 
P3491 2098 3 54 0 0 0 0 0 15 0 0 12 0 0 0 0 0 0 12 0 0 0 0 0 1 0 0 0 0 25 0 0 0 
P3491 2098 4 0 0 0 0 0 33 43 0 0 6 0 0 0 0 0 0 0 0 0 0 0 0 0 16 0 0 0 0 0 0 -999 
P3491 2098 5 0 0 52 0 0 32 43 40 46 66 88 74 0 0 0 0 0 0 0 0 30 0 0 0 0 0 14 0 0 0 0 
P3491 2098 6 0 0 0 0 0 0 0 45 0 18 18 0 17 0 14 0 0 0 0 0 0 0 0 0 0 0 0 0 0 0 -999 
P3491 2098 7 0 0 0 30 0 0 0 0 0 0 0 0 0 0 32 0 0 0 0 0 0 0 0 0 0 0 0 0 0 0 0 
P3491 2098 8 0 0 0 0 0 0 0 0 0 0 0 0 0 0 0 0 0 0 43 0 46 0 0 0 0 0 0 0 0 21 0 
P3491 2098 9 38 0 0 0 0 0 0 0 0 0 0 0 0 0 0 0 0 0 37 0 0 0 0 0 0 21 0 0 0 0 -999 
P3491 2098 10 0 10 0 0 3 0 0 0 0 0 0 18 0 0 19 0 48 50 0 6 11 0 0 0 18 38 51 30 0 0 0 
P3491 2098 11 0 0 0 0 0 0 7 0 0 0 13 24 67 38 26 0 19 0 0 0 0 0 27 25 0 0 0 0 0 0 -999 
P3491 2098 12 0 0 0 0 0 0 0 0 0 0 0 0 0 0 0 0 0 0 0 36 33 29 21 29 43 0 0 0 28 14 6 
P3491 2099 1 0 0 0 0 0 0 0 0 0 0 50 0 36 0 0 8 35 0 3 0 24 41 114 0 0 18 0 0 0 0 0 
P3491 2099 2 0 9 0 30 0 0 0 0 0 0 0 0 0 0 0 0 0 0 0 0 8 15 41 92 124 31 20 0 -999 -999 -999 
P3491 2099 3 80 94 109 109 19 0 14 0 12 0 0 0 0 41 34 28 33 110 152 147 22 12 29 14 0 0 17 9 0 0 24 
P3491 2099 4 0 0 15 0 9 0 14 0 0 0 0 1 1 0 0 0 0 0 0 0 0 0 0 41 31 0 48 42 0 0 -999 
P3491 2099 5 0 18 11 0 0 0 0 0 0 0 0 0 0 0 0 0 0 8 0 0 0 0 43 42 0 0 0 20 0 0 0 
P3491 2099 6 0 0 0 0 0 0 0 0 0 0 0 0 0 0 0 0 0 0 0 0 0 38 0 0 0 0 0 0 0 0 -999 
P3491 2099 7 0 0 0 0 0 0 0 0 0 0 0 0 0 0 0 0 0 0 0 0 28 0 0 0 0 0 0 0 0 0 0 
P3491 2099 8 0 0 0 0 25 0 0 0 0 0 0 0 0 0 0 0 0 0 0 0 0 0 0 0 0 0 0 0 17 0 28 
P3491 2099 9 0 0 0 0 0 0 0 0 0 21 0 0 0 0 0 0 0 0 0 0 0 0 28 0 0 17 0 0 0 0 -999 
P3491 2099 10 0 0 21 0 0 0 0 0 0 44 41 56 34 15 0 0 0 0 0 0 14 0 0 0 0 40 0 17 0 0 0 
P3491 2099 11 0 19 0 0 0 3 0 0 0 0 20 29 0 19 0 0 0 0 1 0 0 10 7 29 25 0 48 52 53 0 -999 
P3491 2099 12 0 0 0 5 8 52 0 23 0 0 0 0 0 0 0 0 0 0 6 17 21 0 0 36 115 196 206 156 82 50 0 
P3491 2100 1 0 0 0 17 44 5 0 0 14 0 89 161 145 45 0 0 0 0 0 0 0 0 0 0 0 2 0 0 0 0 11 
P3491 2100 2 0 66 61 8 0 0 0 0 0 67 0 0 0 0 0 0 56 0 34 34 13 0 0 0 0 0 0 0 -999 -999 -999 
P3491 2100 3 0 0 61 34 20 19 24 24 0 0 0 0 88 0 9 0 0 0 0 0 0 49 47 39 0 52 44 25 47 52 44 
P3491 2100 4 46 37 34 0 11 9 11 0 6 18 42 98 37 0 36 33 20 27 0 24 8 0 0 0 0 0 0 0 0 32 -999 
P3491 2100 5 0 21 0 0 0 0 0 0 0 0 0 0 19 12 0 0 0 0 0 36 25 0 31 36 49 26 0 0 0 0 0 
P3491 2100 6 0 0 0 0 0 11 0 0 0 0 0 0 0 20 0 14 19 0 21 11 16 0 20 0 0 0 0 0 0 0 -999 
P3491 2100 7 0 0 0 0 0 0 0 0 0 0 0 0 0 0 0 0 0 22 0 0 0 0 0 0 0 24 0 0 0 0 0 
P3491 2100 8 0 0 0 0 0 0 0 0 0 0 0 0 0 0 0 0 0 0 0 0 0 0 0 0 0 0 0 0 0 0 17 
P3491 2100 9 0 0 0 0 0 0 0 0 0 0 0 0 0 0 0 0 0 0 0 0 0 0 0 0 0 34 27 0 0 0 -999 
P3491 2100 10 0 0 0 0 0 0 0 0 30 0 37 47 30 40 0 0 0 0 0 0 20 53 77 19 0 0 0 0 28 24 0 
P3491 2100 11 0 0 0 0 48 90 36 29 75 66 0 0 58 80 126 99 65 67 0 42 20 0 53 73 35 0 0 0 0 0 -999 
P3491 2100 12 0 0 0 0 23 0 1 0 0 0 0 0 0 0 0 0 0 0 0 0 0 0 8 0 0 0 0 5 0 0 0 
