precip	MIROC5	RCP60	REGRESION	decimas	1
P10901	40.812	-3.027	182	geo	2006	2100	-1
P10901 2006 1 0 0 0 9 8 15 0 0 0 0 0 70 159 57 36 96 0 66 41 15 0 7 23 14 12 13 0 0 23 27 8 
P10901 2006 2 11 0 31 19 0 0 0 1 0 0 0 0 0 38 28 23 0 11 21 0 0 14 0 0 0 0 0 12 -999 -999 -999 
P10901 2006 3 33 51 64 87 84 77 85 78 47 31 51 37 26 22 23 49 100 91 70 0 43 30 0 24 26 0 27 35 52 39 61 
P10901 2006 4 0 0 25 30 15 0 13 31 0 1 0 0 0 0 0 0 16 0 0 0 0 0 0 14 0 0 49 46 28 21 -999 
P10901 2006 5 0 0 0 28 0 45 17 0 7 6 0 0 0 0 0 0 16 13 16 20 0 3 6 8 0 0 0 0 18 0 0 
P10901 2006 6 0 0 0 0 0 0 10 0 0 0 0 18 18 0 0 0 0 12 0 9 0 0 0 0 0 0 0 15 12 24 -999 
P10901 2006 7 0 14 0 7 0 0 0 21 0 0 0 0 17 0 0 0 0 0 0 0 0 0 0 0 0 0 0 0 0 0 0 
P10901 2006 8 0 0 0 0 0 0 0 9 0 0 0 0 0 0 0 8 0 0 0 0 0 0 0 0 0 0 0 9 10 0 19 
P10901 2006 9 8 0 0 14 0 0 0 0 17 0 0 5 0 0 0 19 0 0 0 0 0 13 0 0 0 0 0 0 0 10 -999 
P10901 2006 10 0 0 0 0 0 0 0 0 0 0 13 0 20 22 21 17 0 0 9 10 17 0 0 0 0 0 8 0 15 9 0 
P10901 2006 11 14 0 0 0 8 0 26 0 10 0 0 0 0 0 0 0 0 0 0 11 23 0 0 40 15 8 0 0 0 0 -999 
P10901 2006 12 0 0 0 0 0 0 0 49 41 0 26 24 25 0 48 0 0 0 0 0 0 0 98 44 39 34 22 19 0 22 11 
P10901 2007 1 12 13 0 0 0 0 0 0 0 0 0 0 0 0 0 0 0 2 15 0 0 6 5 11 0 0 13 27 27 21 0 
P10901 2007 2 10 16 27 26 0 0 22 85 162 124 0 20 0 10 12 0 16 35 22 26 27 27 46 28 31 28 25 27 -999 -999 -999 
P10901 2007 3 0 23 0 38 46 0 14 14 17 9 0 46 48 72 41 0 20 14 0 27 15 0 0 0 0 0 0 4 0 0 0 
P10901 2007 4 0 0 0 0 0 0 0 3 0 3 0 27 50 16 0 15 22 37 40 26 24 0 0 0 0 13 0 0 0 0 -999 
P10901 2007 5 0 0 0 0 47 23 0 0 16 20 20 26 26 0 21 15 0 23 0 0 0 0 0 0 0 0 0 0 0 0 18 
P10901 2007 6 27 16 0 15 17 21 0 0 0 0 0 15 28 17 0 0 0 4 7 0 8 11 24 0 8 0 0 17 21 0 -999 
P10901 2007 7 13 15 16 0 0 0 0 5 17 24 0 0 13 5 9 19 0 18 0 0 0 0 0 8 0 0 0 0 0 0 0 
P10901 2007 8 9 0 0 0 0 0 0 0 0 0 0 0 0 9 0 0 12 0 0 0 0 5 0 5 0 0 18 0 15 0 0 
P10901 2007 9 0 0 0 0 0 0 0 4 0 0 0 9 0 0 0 0 0 0 5 0 0 0 9 12 0 0 0 0 0 0 -999 
P10901 2007 10 4 0 0 0 0 0 0 0 0 0 26 0 39 39 13 0 0 36 0 0 18 38 34 38 14 0 27 0 0 0 7 
P10901 2007 11 0 0 0 3 0 0 0 6 20 0 20 25 15 18 0 3 0 0 0 0 0 7 0 0 0 0 8 0 0 0 -999 
P10901 2007 12 0 0 0 15 0 0 0 0 0 2 0 0 0 0 0 0 17 0 0 0 10 5 0 10 10 0 12 0 0 0 0 
P10901 2008 1 15 28 34 0 16 0 0 0 0 6 0 0 10 20 0 0 19 0 17 24 52 59 27 0 27 60 70 44 30 0 59 
P10901 2008 2 107 45 68 35 0 45 31 63 0 31 0 20 11 12 32 0 0 49 26 0 0 10 11 0 18 32 22 16 -999 -999 -999 
P10901 2008 3 9 0 0 0 0 0 2 0 3 5 0 11 0 0 0 0 0 2 0 0 0 0 0 0 0 0 5 0 0 0 0 
P10901 2008 4 0 0 12 20 20 0 0 0 0 0 0 10 0 23 39 41 38 23 0 0 6 0 0 0 5 0 0 0 18 0 -999 
P10901 2008 5 0 10 0 0 14 0 0 0 0 24 42 18 18 26 18 15 0 0 19 38 29 0 34 0 0 0 8 0 0 0 0 
P10901 2008 6 0 0 0 0 13 24 0 0 16 0 0 0 0 32 19 5 0 0 0 0 8 0 0 0 0 0 0 0 0 7 -999 
P10901 2008 7 6 0 0 0 0 0 15 0 0 13 0 0 0 0 0 0 0 0 0 0 0 0 0 0 0 0 0 0 0 0 0 
P10901 2008 8 0 0 0 0 0 0 0 0 13 0 0 0 0 0 0 0 0 0 0 8 12 0 0 0 7 0 0 0 0 0 0 
P10901 2008 9 0 8 0 12 11 8 0 0 0 14 19 0 0 0 0 0 0 10 0 0 10 0 0 0 0 0 0 18 36 0 -999 
P10901 2008 10 22 17 0 13 0 0 0 15 8 0 32 35 0 0 0 0 0 0 12 0 0 0 0 0 0 29 39 0 24 0 11 
P10901 2008 11 15 0 30 0 0 0 2 0 11 9 24 0 0 0 0 4 0 25 0 0 0 0 6 0 0 0 0 0 0 0 -999 
P10901 2008 12 2 0 0 1 0 4 0 5 0 26 28 0 15 0 0 0 0 5 0 0 5 0 0 0 14 0 0 0 8 0 0 
P10901 2009 1 0 0 0 0 0 0 3 0 6 5 5 16 15 0 17 6 1 0 0 0 0 0 0 0 0 0 0 0 0 0 0 
P10901 2009 2 0 8 10 12 10 0 7 3 2 4 5 0 7 4 0 0 0 0 0 0 2 0 3 5 6 0 0 28 -999 -999 -999 
P10901 2009 3 54 51 52 0 18 0 12 0 46 19 0 0 0 17 33 31 63 43 0 20 0 0 24 25 0 58 44 73 60 46 23 
P10901 2009 4 19 35 21 11 24 39 14 0 10 0 0 24 31 0 0 0 0 0 0 16 19 13 0 0 0 4 0 18 28 49 -999 
P10901 2009 5 0 0 30 0 21 0 12 0 0 22 27 0 0 0 0 0 0 9 22 23 25 0 0 0 0 0 0 0 0 0 0 
P10901 2009 6 0 10 0 0 0 0 0 0 10 13 0 0 0 15 21 0 0 0 0 0 0 11 0 9 0 0 0 0 0 0 -999 
P10901 2009 7 17 0 0 0 0 0 0 0 0 0 0 0 0 10 0 0 0 0 0 12 18 0 0 13 0 0 0 7 6 11 0 
P10901 2009 8 0 0 0 0 0 0 0 0 0 16 0 0 0 9 0 0 0 0 0 0 0 0 23 0 0 9 0 0 14 25 19 
P10901 2009 9 0 0 0 0 0 0 0 0 0 0 31 16 0 0 0 0 0 0 0 0 0 0 17 0 0 0 0 0 0 8 -999 
P10901 2009 10 0 0 0 0 0 5 0 0 6 0 12 0 13 12 14 0 21 0 15 11 0 7 13 36 0 0 0 5 0 0 10 
P10901 2009 11 0 0 0 0 0 0 0 10 0 0 0 0 4 0 0 0 18 8 13 17 9 0 0 21 0 0 16 12 14 21 -999 
P10901 2009 12 20 0 39 17 45 0 55 0 18 49 34 13 17 9 0 0 0 20 30 19 14 12 0 0 0 0 37 34 0 6 0 
P10901 2010 1 17 0 0 63 60 0 11 9 15 14 0 8 17 9 9 16 11 7 6 0 10 2 0 0 8 0 0 0 0 0 15 
P10901 2010 2 0 0 0 0 19 24 0 6 7 0 0 0 0 0 2 2 2 0 0 0 0 9 0 12 4 0 0 0 -999 -999 -999 
P10901 2010 3 0 0 0 8 0 16 21 22 45 36 22 0 0 6 6 0 0 23 48 39 0 0 0 0 0 0 3 0 0 0 8 
P10901 2010 4 0 0 0 16 0 18 20 0 0 0 22 23 22 18 37 46 0 0 0 15 0 0 11 16 31 0 8 10 27 22 -999 
P10901 2010 5 14 0 19 29 0 13 0 0 7 0 16 16 0 0 0 0 0 15 0 0 0 0 0 8 18 38 34 13 0 0 0 
P10901 2010 6 0 18 17 0 10 8 0 0 0 0 0 13 23 0 0 0 0 0 0 0 0 0 6 0 8 0 0 11 0 0 -999 
P10901 2010 7 0 22 0 0 0 0 0 0 0 0 0 0 0 0 0 0 0 0 0 0 0 0 0 0 0 0 0 0 0 0 0 
P10901 2010 8 0 0 0 11 0 0 12 0 0 0 0 0 0 0 0 0 16 0 0 0 0 0 0 0 0 0 6 0 0 0 0 
P10901 2010 9 0 0 0 0 6 0 0 0 0 18 0 0 25 0 0 0 0 14 0 0 0 0 0 0 0 17 0 0 0 0 -999 
P10901 2010 10 0 0 0 0 0 0 11 11 0 0 37 24 40 32 19 0 0 0 17 11 19 22 0 5 0 6 7 5 0 12 7 
P10901 2010 11 0 0 10 0 0 4 0 0 0 0 0 0 0 0 5 8 13 8 0 0 10 0 4 4 5 0 0 0 0 0 -999 
P10901 2010 12 4 0 0 0 11 14 0 7 11 10 0 0 0 25 0 3 0 0 0 0 0 0 0 1 0 0 0 10 0 0 0 
P10901 2011 1 0 6 0 7 12 0 0 2 0 0 0 0 0 9 0 6 0 0 0 0 0 22 58 21 18 0 0 0 0 0 5 
P10901 2011 2 0 6 0 0 0 23 18 8 2 0 0 0 13 9 15 10 5 0 11 11 0 20 16 6 6 9 16 36 -999 -999 -999 
P10901 2011 3 41 21 0 0 0 0 9 0 0 18 22 30 22 19 31 70 83 39 25 30 28 39 60 122 55 0 31 54 17 0 10 
P10901 2011 4 0 25 0 0 0 0 0 15 24 20 18 21 0 0 0 0 0 34 24 24 24 0 0 0 0 0 0 0 0 0 -999 
P10901 2011 5 0 15 10 0 5 0 0 0 0 33 8 0 14 0 0 12 5 0 0 0 29 0 0 13 0 19 0 0 17 17 13 
P10901 2011 6 9 11 0 0 6 8 8 0 0 0 0 0 12 0 15 11 0 0 0 0 0 0 0 0 0 0 0 0 9 8 -999 
P10901 2011 7 6 6 0 0 0 0 0 0 0 0 0 0 0 0 0 0 0 0 0 0 0 0 0 0 0 0 3 0 0 0 0 
P10901 2011 8 0 0 0 0 0 6 9 0 0 0 0 0 0 0 0 0 9 0 0 12 0 0 2 0 8 0 0 0 0 0 0 
P10901 2011 9 0 0 0 0 0 0 0 0 30 0 10 0 0 0 3 0 0 0 0 0 0 0 7 7 0 0 0 0 7 0 -999 
P10901 2011 10 0 0 0 0 0 0 0 0 0 12 11 15 0 0 0 9 6 8 5 0 0 19 20 15 0 0 8 0 18 25 0 
P10901 2011 11 6 0 14 27 53 60 45 0 0 0 0 8 12 0 0 11 35 23 7 0 0 66 55 52 11 0 0 11 7 0 -999 
P10901 2011 12 4 17 32 0 0 0 4 0 7 0 0 15 12 0 11 36 47 46 50 45 63 27 27 15 15 32 23 0 19 0 35 
P10901 2012 1 57 21 0 0 0 0 0 0 0 0 0 0 0 0 0 0 3 0 4 0 0 0 0 0 0 0 0 8 14 16 5 
P10901 2012 2 6 17 37 0 9 7 7 0 0 0 0 0 3 0 0 1 0 9 29 0 16 10 0 8 0 0 0 0 -999 -999 -999 
P10901 2012 3 38 58 33 0 0 16 0 0 0 0 0 5 17 11 12 0 0 0 0 39 33 0 13 17 19 0 0 0 0 0 0 
P10901 2012 4 4 0 0 0 0 0 30 0 0 5 0 0 0 69 48 27 28 20 0 13 9 8 0 39 59 47 40 36 36 36 -999 
P10901 2012 5 18 0 22 0 0 0 0 0 25 0 15 0 0 30 0 0 16 0 0 0 0 0 0 10 32 26 0 0 0 0 0 
P10901 2012 6 3 0 0 0 0 0 0 0 0 0 0 0 15 0 16 10 0 0 11 0 0 0 0 0 0 0 0 0 0 0 -999 
P10901 2012 7 5 0 0 0 13 0 0 0 16 0 0 18 0 9 0 0 0 0 0 9 0 0 0 0 0 0 0 0 0 0 12 
P10901 2012 8 0 6 0 9 0 0 10 0 0 0 11 0 6 0 0 9 10 0 0 0 0 0 0 6 0 12 0 6 0 0 0 
P10901 2012 9 6 0 0 8 0 0 0 0 0 0 0 0 0 0 0 7 0 0 0 0 0 0 0 0 17 0 0 0 0 9 -999 
P10901 2012 10 0 0 0 0 0 0 0 0 21 0 51 0 0 0 0 20 16 17 21 11 0 30 13 0 0 13 25 17 0 39 0 
P10901 2012 11 31 49 42 0 10 0 0 6 0 31 0 0 0 0 3 0 0 33 56 37 0 0 0 6 0 0 0 18 27 0 -999 
P10901 2012 12 12 4 0 15 16 51 46 40 0 11 12 0 21 70 0 42 38 0 0 0 0 0 5 16 13 8 0 3 0 12 0 
P10901 2013 1 26 0 20 44 23 7 13 0 0 0 0 0 0 1 0 0 0 0 0 0 1 0 0 0 0 0 0 7 8 21 0 
P10901 2013 2 0 0 0 4 0 4 0 0 0 0 0 0 23 70 37 0 19 48 71 49 38 48 0 72 0 0 0 3 -999 -999 -999 
P10901 2013 3 12 21 9 0 0 0 11 38 28 52 91 71 0 19 0 27 0 0 24 22 16 40 0 15 0 14 20 35 34 33 0 
P10901 2013 4 0 11 0 0 16 0 25 0 0 0 0 0 0 20 15 0 7 10 14 0 34 0 13 0 53 15 0 0 0 0 -999 
P10901 2013 5 0 0 8 0 0 0 0 29 0 0 37 23 0 0 26 35 31 0 17 0 11 0 0 0 0 0 0 0 0 8 0 
P10901 2013 6 0 22 22 0 0 0 20 0 35 39 0 30 20 15 0 0 8 0 9 6 0 7 0 0 0 0 36 23 23 0 -999 
P10901 2013 7 11 0 0 0 0 0 23 12 0 0 0 0 0 10 0 0 20 0 0 0 16 0 0 13 0 0 0 0 0 0 16 
P10901 2013 8 0 0 0 0 21 0 0 17 17 0 0 10 0 5 0 0 0 0 0 0 8 0 13 14 0 0 0 15 28 0 27 
P10901 2013 9 0 14 0 0 0 0 0 0 0 0 0 13 0 0 0 0 0 13 17 0 0 0 0 0 0 0 0 0 0 0 -999 
P10901 2013 10 0 0 0 0 0 0 0 9 0 15 0 0 7 9 0 14 27 17 0 0 0 0 0 0 0 0 0 0 0 0 0 
P10901 2013 11 0 2 1 1 0 3 0 0 11 0 0 0 0 0 0 0 14 90 145 67 40 70 97 77 29 64 45 25 0 0 -999 
P10901 2013 12 12 41 26 25 0 0 0 0 0 0 0 0 11 0 9 6 0 2 0 9 9 0 0 18 14 23 0 16 30 32 15 
P10901 2014 1 23 0 0 0 17 0 0 0 0 0 12 0 17 0 0 12 0 0 0 0 0 0 0 0 19 0 37 43 72 0 28 
P10901 2014 2 28 41 0 0 27 43 40 69 27 45 0 14 0 6 4 0 0 13 23 0 0 0 13 7 0 0 0 26 -999 -999 -999 
P10901 2014 3 25 0 0 0 0 0 0 0 2 0 0 0 0 24 50 48 56 48 93 56 26 21 15 9 0 0 7 7 0 0 20 
P10901 2014 4 19 19 28 24 42 31 0 15 22 34 31 0 35 28 42 0 47 18 25 0 0 21 0 25 0 22 0 27 18 27 -999 
P10901 2014 5 47 0 0 33 10 0 0 0 0 0 0 0 0 15 0 25 0 16 30 43 30 43 29 29 16 0 28 0 17 31 0 
P10901 2014 6 0 0 33 46 45 23 0 0 12 0 0 3 0 0 11 0 12 0 0 0 0 0 13 0 0 0 0 0 0 18 -999 
P10901 2014 7 0 0 0 0 0 0 0 0 0 0 0 0 0 0 0 0 0 0 0 0 14 0 11 13 0 0 0 0 0 0 0 
P10901 2014 8 0 0 0 10 0 0 0 0 0 0 0 0 0 0 0 16 16 0 8 0 9 0 0 0 0 0 0 0 0 0 0 
P10901 2014 9 0 0 0 0 0 0 0 0 0 8 0 0 0 0 0 0 37 0 11 7 0 0 0 0 0 5 0 0 15 12 -999 
P10901 2014 10 0 8 0 16 11 0 5 0 0 0 9 0 0 8 8 0 0 14 0 0 0 16 0 0 38 32 9 0 0 0 0 
P10901 2014 11 3 0 0 0 0 3 0 0 0 9 0 0 3 9 13 0 0 45 21 43 64 111 0 50 0 0 0 0 0 0 -999 
P10901 2014 12 0 0 0 0 0 4 6 0 5 4 0 4 0 0 0 0 0 0 2 0 0 0 6 0 6 0 0 0 0 17 15 
P10901 2015 1 10 0 0 39 58 34 32 0 0 0 6 0 0 0 1 0 0 0 0 0 0 0 0 0 0 0 7 31 0 0 0 
P10901 2015 2 0 5 0 0 0 0 0 1 3 0 0 0 2 0 0 0 0 0 0 0 0 0 8 14 42 58 43 28 -999 -999 -999 
P10901 2015 3 17 27 0 46 29 8 21 25 49 0 0 9 0 27 14 8 0 0 8 15 0 21 28 0 0 0 0 0 0 0 24 
P10901 2015 4 41 30 14 0 0 0 0 13 0 0 3 0 0 0 0 0 0 0 0 5 16 7 0 0 13 42 26 0 0 48 -999 
P10901 2015 5 40 39 0 0 8 15 0 0 0 0 0 0 11 0 0 0 9 0 0 0 0 0 0 0 0 29 30 44 55 22 0 
P10901 2015 6 4 0 0 0 0 0 18 0 0 0 0 5 6 13 0 17 6 0 0 8 11 12 0 0 0 13 12 0 0 0 -999 
P10901 2015 7 11 0 0 13 16 0 0 0 0 0 0 0 0 0 18 0 0 0 0 0 0 0 0 12 0 0 0 0 0 4 0 
P10901 2015 8 0 0 0 0 0 0 8 0 0 20 0 0 0 0 0 0 0 26 0 0 0 34 0 0 18 20 0 11 0 7 0 
P10901 2015 9 0 9 0 22 26 0 8 0 0 8 0 11 0 0 0 0 0 0 8 0 0 0 0 0 24 37 0 33 25 27 -999 
P10901 2015 10 25 18 0 0 0 26 0 36 0 5 0 0 19 0 0 0 0 0 13 10 16 0 13 14 12 0 0 0 0 0 4 
P10901 2015 11 0 0 0 0 0 0 12 0 9 0 0 0 0 0 22 11 6 0 0 36 39 25 0 7 0 0 5 0 0 10 -999 
P10901 2015 12 28 42 33 22 0 30 69 91 46 64 39 45 0 0 0 0 19 7 0 0 0 0 0 0 0 0 0 0 0 0 2 
P10901 2016 1 7 0 14 13 0 0 33 17 11 11 0 46 33 50 0 13 0 14 7 0 0 0 0 17 16 25 0 20 29 0 14 
P10901 2016 2 0 8 23 17 0 5 0 0 7 16 0 9 0 0 14 0 0 0 8 14 16 0 0 0 0 19 0 0 -999 -999 -999 
P10901 2016 3 0 20 0 23 28 28 35 36 84 65 80 91 0 0 44 30 0 19 0 0 22 38 42 0 29 24 46 66 0 41 53 
P10901 2016 4 0 0 2 0 0 13 0 27 23 41 63 66 0 24 60 24 26 0 39 38 0 6 14 21 19 20 31 46 0 15 -999 
P10901 2016 5 0 15 0 0 0 0 15 13 11 9 0 0 24 12 0 33 0 17 6 4 0 0 0 9 7 7 0 16 27 28 24 
P10901 2016 6 0 9 0 0 0 0 0 0 0 13 21 0 0 0 0 14 0 8 0 0 0 0 0 0 16 0 0 0 0 0 -999 
P10901 2016 7 0 0 0 0 17 15 0 0 0 0 0 13 0 10 0 0 0 13 0 0 0 0 0 0 0 0 0 13 0 12 0 
P10901 2016 8 0 12 14 12 13 0 0 0 0 11 21 0 0 0 5 0 9 0 0 0 0 0 0 0 14 0 20 0 19 0 0 
P10901 2016 9 7 0 14 12 12 0 12 0 4 0 0 0 0 0 0 0 0 0 0 0 7 0 0 0 0 0 0 0 0 0 -999 
P10901 2016 10 0 0 0 0 0 0 8 0 10 0 0 19 14 0 0 32 66 54 44 48 0 34 20 0 8 7 0 0 0 10 0 
P10901 2016 11 15 13 13 12 10 6 14 25 0 0 0 0 14 18 61 25 20 63 54 47 40 0 0 29 0 12 0 14 28 0 -999 
P10901 2016 12 0 0 0 0 0 0 0 8 10 8 23 40 70 41 15 0 0 15 24 18 21 40 25 21 13 0 0 0 18 18 0 
P10901 2017 1 23 9 11 1 0 0 0 0 0 0 14 0 39 70 62 16 9 7 5 0 0 0 0 0 0 0 0 0 0 0 0 
P10901 2017 2 0 0 0 0 0 0 0 0 0 0 0 2 0 0 0 0 0 0 0 0 0 0 0 0 0 0 11 5 -999 -999 -999 
P10901 2017 3 0 0 6 0 0 0 0 19 31 0 0 12 35 42 30 0 9 9 0 0 0 0 17 43 54 49 0 45 27 13 9 
P10901 2017 4 8 0 0 0 0 9 9 14 19 25 0 12 0 11 9 0 8 5 0 0 0 0 16 20 0 21 25 42 44 0 -999 
P10901 2017 5 0 0 0 14 0 0 5 0 11 0 0 0 0 0 0 9 0 0 0 20 0 24 12 15 0 0 0 0 0 0 0 
P10901 2017 6 0 11 0 0 0 0 0 0 22 0 13 11 0 0 0 9 8 0 0 0 12 0 0 0 0 0 0 27 29 0 -999 
P10901 2017 7 0 0 0 0 0 9 11 0 0 0 11 0 0 0 0 0 0 11 0 0 8 8 0 0 0 0 9 16 0 0 0 
P10901 2017 8 0 0 0 0 0 0 0 0 0 15 0 0 0 12 0 0 0 15 0 0 0 35 0 0 0 0 4 0 8 0 13 
P10901 2017 9 0 0 0 5 0 0 0 6 0 0 0 0 0 9 0 0 0 0 0 0 4 0 0 0 21 12 0 0 9 15 -999 
P10901 2017 10 0 0 0 0 0 9 0 0 6 6 0 10 0 12 22 45 33 51 29 0 9 19 0 0 0 0 47 77 77 31 13 
P10901 2017 11 16 0 0 30 0 13 0 32 46 0 38 41 98 66 23 13 0 0 13 19 31 0 17 6 0 12 0 0 0 11 -999 
P10901 2017 12 0 20 22 0 15 20 0 35 84 0 32 23 37 44 37 0 0 0 0 0 0 17 13 0 11 0 0 26 41 47 33 
P10901 2018 1 25 11 0 0 0 8 0 0 43 39 0 10 0 0 0 5 12 0 17 12 6 0 30 14 14 0 41 28 26 13 0 
P10901 2018 2 0 0 58 0 0 10 14 0 0 0 0 4 6 6 0 0 0 0 0 14 13 0 0 0 0 0 0 0 -999 -999 -999 
P10901 2018 3 0 10 0 0 13 13 0 11 0 26 41 52 57 53 31 9 16 0 17 10 0 5 0 0 16 0 26 27 42 33 19 
P10901 2018 4 9 0 0 0 15 0 0 8 0 0 0 0 10 7 36 0 0 7 0 0 8 12 23 30 41 61 55 31 18 20 -999 
P10901 2018 5 30 0 0 0 12 0 0 11 27 0 36 0 31 0 0 24 25 27 24 37 0 0 0 9 0 21 0 16 5 0 0 
P10901 2018 6 0 11 0 0 0 8 0 0 0 0 0 0 13 17 0 0 0 5 0 0 21 16 0 0 6 0 0 0 0 10 -999 
P10901 2018 7 0 0 0 17 0 9 18 0 0 0 0 0 14 16 15 0 0 0 15 0 0 0 0 12 0 17 0 0 0 0 7 
P10901 2018 8 8 0 0 0 0 0 0 9 0 0 0 7 0 0 0 0 9 11 0 0 0 0 0 0 0 0 0 0 0 0 0 
P10901 2018 9 0 0 0 5 0 0 0 0 0 8 0 0 7 13 0 7 10 0 0 0 0 10 9 0 0 0 0 0 0 10 -999 
P10901 2018 10 0 0 8 0 0 0 0 13 15 22 0 16 7 0 0 0 0 0 0 0 0 25 8 0 13 14 0 0 0 0 0 
P10901 2018 11 12 0 0 5 0 0 28 90 50 52 28 0 0 0 0 0 2 8 10 33 17 22 14 13 0 0 0 12 10 8 -999 
P10901 2018 12 22 31 30 28 45 31 49 17 11 0 16 0 0 38 25 19 0 0 0 0 0 20 12 0 23 18 0 44 57 65 47 
P10901 2019 1 79 65 63 55 53 0 70 23 1 0 12 12 0 12 21 16 48 41 53 0 39 62 27 9 17 27 73 20 7 17 45 
P10901 2019 2 0 50 31 9 0 23 0 9 0 0 69 0 62 56 0 0 34 100 134 32 0 19 17 17 0 2 0 0 -999 -999 -999 
P10901 2019 3 0 0 0 0 10 0 0 0 0 7 3 0 0 0 0 0 6 0 0 0 2 2 0 0 0 0 13 0 0 29 21 
P10901 2019 4 0 0 10 0 18 38 37 29 35 0 0 0 27 37 42 38 33 0 10 0 14 9 27 47 34 28 31 28 30 0 -999 
P10901 2019 5 28 18 11 0 0 0 0 0 24 25 0 24 0 0 7 0 0 0 9 7 4 0 0 0 0 0 0 0 0 0 10 
P10901 2019 6 11 0 0 0 9 23 0 26 19 12 14 17 12 0 0 0 9 0 0 0 0 0 12 0 0 0 0 12 15 22 -999 
P10901 2019 7 14 8 0 27 0 0 0 0 17 0 0 0 0 7 7 0 0 0 0 0 0 0 8 0 0 23 0 0 0 0 5 
P10901 2019 8 0 0 8 10 0 0 10 0 0 0 0 0 0 0 0 0 0 0 0 8 0 0 0 0 0 0 0 0 4 0 17 
P10901 2019 9 22 0 9 0 10 0 0 0 0 0 0 0 0 0 0 0 0 0 0 0 7 0 18 21 0 0 0 0 0 10 -999 
P10901 2019 10 7 0 10 20 0 7 0 0 0 0 0 49 49 14 0 0 0 0 0 0 0 4 0 0 0 0 6 0 0 5 13 
P10901 2019 11 0 0 0 0 7 17 11 0 0 0 0 0 0 0 0 0 7 0 19 40 105 133 70 30 36 46 40 0 0 64 -999 
P10901 2019 12 46 35 0 0 0 0 0 0 0 0 0 0 0 0 0 0 0 0 5 0 0 0 0 0 0 0 0 0 0 0 18 
P10901 2020 1 0 0 0 3 0 0 0 0 0 0 0 0 20 0 18 0 0 0 0 0 0 0 0 15 0 21 0 42 36 30 21 
P10901 2020 2 20 0 16 0 0 14 24 40 0 0 0 11 8 15 0 9 7 6 5 0 0 0 0 0 0 0 0 0 -999 -999 -999 
P10901 2020 3 0 0 6 0 0 29 8 0 0 0 0 21 15 0 0 7 0 0 0 12 16 10 0 0 27 21 15 19 20 17 26 
P10901 2020 4 29 16 0 11 0 3 2 0 0 0 8 29 0 0 31 60 0 41 32 0 51 25 0 7 3 3 0 0 12 0 -999 
P10901 2020 5 0 0 0 0 0 0 5 0 0 0 51 40 34 22 0 21 0 0 0 9 9 9 0 0 9 0 0 0 0 14 11 
P10901 2020 6 0 11 0 0 0 0 0 0 0 8 0 0 7 8 0 0 0 0 0 0 0 0 0 15 0 0 0 0 0 0 -999 
P10901 2020 7 8 0 0 0 0 0 0 10 0 0 0 0 0 0 8 0 0 0 0 0 6 0 0 0 0 0 0 0 0 10 0 
P10901 2020 8 13 0 0 0 0 0 0 0 0 0 0 0 0 0 0 0 0 0 9 0 0 0 0 0 0 16 0 0 6 0 0 
P10901 2020 9 0 0 0 0 6 0 0 5 0 0 0 0 0 0 0 0 0 4 0 6 0 0 14 0 0 0 0 0 0 0 -999 
P10901 2020 10 0 0 0 20 20 27 35 0 43 16 20 35 19 0 60 53 16 47 0 0 0 0 0 0 9 0 0 0 0 0 0 
P10901 2020 11 35 47 42 0 31 0 0 0 0 0 0 0 0 11 0 0 0 0 28 66 78 0 38 29 54 55 40 93 15 19 -999 
P10901 2020 12 43 43 0 20 31 8 8 0 0 0 0 0 0 0 0 0 0 0 11 0 20 0 74 42 49 0 70 0 16 20 31 
P10901 2021 1 41 0 30 0 28 0 0 35 42 0 0 0 0 0 0 0 0 0 15 0 0 0 0 6 8 11 14 15 0 22 0 
P10901 2021 2 0 27 30 24 0 7 3 0 4 6 17 25 19 10 3 1 0 0 0 0 0 0 0 6 5 9 13 15 -999 -999 -999 
P10901 2021 3 0 0 9 4 0 8 26 23 22 42 26 9 51 0 0 0 0 4 0 0 45 4 0 0 9 0 12 0 37 0 0 
P10901 2021 4 0 16 0 21 14 4 0 0 0 9 0 0 0 0 0 18 0 0 0 0 0 26 27 0 0 0 8 0 24 34 -999 
P10901 2021 5 36 0 22 24 11 0 0 0 0 0 0 11 0 0 0 0 0 0 0 22 14 0 0 0 21 0 0 0 0 13 28 
P10901 2021 6 29 32 34 11 0 0 0 0 0 10 11 8 0 8 0 0 12 20 26 9 12 0 0 0 0 0 9 0 0 0 -999 
P10901 2021 7 12 15 17 0 16 16 0 0 11 0 0 0 0 0 9 0 10 0 0 0 0 0 0 7 0 12 0 26 0 6 8 
P10901 2021 8 0 0 0 0 0 10 0 0 0 0 0 0 8 8 9 0 0 0 0 0 7 0 8 16 13 31 17 13 0 6 11 
P10901 2021 9 13 0 10 0 11 16 0 0 0 0 0 0 0 2 0 0 0 0 0 9 0 0 0 13 22 0 13 0 0 0 -999 
P10901 2021 10 0 0 0 0 0 0 0 0 18 17 0 8 0 0 0 0 0 0 11 0 24 30 0 0 0 21 20 0 0 9 12 
P10901 2021 11 12 0 0 47 57 40 0 8 0 14 0 7 0 12 25 22 31 38 13 0 0 0 0 0 38 32 40 35 63 29 -999 
P10901 2021 12 36 62 24 18 0 0 5 0 0 6 0 0 9 9 10 30 58 0 22 0 16 26 0 10 6 0 0 9 16 16 0 
P10901 2022 1 0 0 8 20 0 10 0 16 24 19 24 17 21 25 25 0 28 15 13 26 43 0 67 0 49 0 22 39 30 40 38 
P10901 2022 2 72 0 18 0 47 0 80 105 57 50 92 75 94 33 71 32 0 42 23 25 93 40 53 27 30 74 70 0 -999 -999 -999 
P10901 2022 3 0 0 12 35 77 74 41 0 33 0 0 42 0 21 0 0 0 0 0 0 0 0 0 0 0 0 0 0 0 17 0 
P10901 2022 4 8 0 11 0 0 0 0 0 22 0 0 14 9 15 35 26 0 0 19 23 0 9 15 12 7 4 0 0 11 0 -999 
P10901 2022 5 0 3 0 0 0 0 14 18 0 48 40 24 0 0 31 26 19 0 0 16 16 15 0 15 0 0 0 9 6 8 0 
P10901 2022 6 0 0 0 0 0 23 0 8 0 0 0 0 7 0 25 15 0 0 0 0 6 0 0 9 0 0 0 0 0 0 -999 
P10901 2022 7 0 0 0 0 0 0 0 0 0 0 0 0 0 0 0 6 0 0 0 0 0 0 10 0 0 0 0 0 12 0 14 
P10901 2022 8 0 0 0 0 4 0 0 0 0 0 0 0 0 0 0 0 0 12 0 0 0 0 24 0 0 0 0 0 0 0 0 
P10901 2022 9 10 0 0 0 0 0 0 6 0 5 0 9 0 0 0 0 0 7 0 9 0 0 5 0 0 0 0 0 0 0 -999 
P10901 2022 10 0 10 0 0 0 0 0 0 0 25 0 0 0 0 38 31 20 0 0 0 0 0 0 0 12 0 10 0 35 55 36 
P10901 2022 11 18 0 0 0 0 0 0 0 0 0 0 0 0 0 0 0 0 0 7 0 0 0 0 0 0 0 0 16 7 0 -999 
P10901 2022 12 20 36 58 70 0 31 0 12 57 30 0 0 0 0 0 0 0 0 0 0 24 33 68 0 45 30 24 37 27 17 0 
P10901 2023 1 0 10 6 4 15 0 0 2 0 2 0 0 0 0 6 4 0 0 0 0 8 0 0 0 0 0 0 0 0 0 0 
P10901 2023 2 0 0 0 0 8 4 0 0 0 0 0 0 0 0 0 10 0 15 7 0 0 16 21 0 0 16 44 22 -999 -999 -999 
P10901 2023 3 19 21 11 0 3 0 0 0 3 0 11 29 41 3 0 0 0 0 0 5 5 6 0 0 0 0 0 0 0 25 49 
P10901 2023 4 29 0 28 48 0 0 20 22 0 0 0 22 60 89 47 0 36 14 0 0 0 0 0 20 65 48 36 41 0 6 -999 
P10901 2023 5 0 7 10 0 0 0 0 0 0 0 0 0 30 12 0 27 33 0 0 23 0 0 0 6 0 0 0 0 0 0 0 
P10901 2023 6 0 0 0 21 23 0 0 14 0 0 0 0 0 7 0 0 0 0 0 0 0 0 11 0 0 0 0 0 0 5 -999 
P10901 2023 7 5 0 0 0 0 0 0 0 0 0 0 0 0 13 0 0 0 0 0 17 0 0 0 14 0 10 0 0 0 0 0 
P10901 2023 8 0 0 0 0 0 0 8 0 0 0 0 11 15 0 0 0 0 5 0 0 0 11 0 0 0 10 0 0 0 0 0 
P10901 2023 9 0 34 19 0 0 0 14 0 13 0 0 0 0 0 7 11 0 13 0 7 0 0 0 0 0 0 23 0 14 0 -999 
P10901 2023 10 0 7 0 0 8 0 11 0 0 0 0 0 14 20 48 32 0 0 0 0 0 0 9 3 15 34 17 5 8 15 59 
P10901 2023 11 56 25 12 5 0 0 0 0 21 0 21 0 0 6 0 0 0 0 0 0 0 2 0 0 0 8 3 0 0 0 -999 
P10901 2023 12 0 0 0 0 0 0 0 0 0 3 4 0 0 8 3 0 0 13 8 0 0 0 4 0 0 0 3 0 0 0 0 
P10901 2024 1 0 0 0 30 8 33 0 42 47 26 14 10 13 0 43 19 17 34 8 0 0 0 8 10 0 0 8 0 10 0 26 
P10901 2024 2 58 64 68 32 13 0 0 21 0 3 0 0 0 3 0 0 0 0 0 0 32 0 40 73 49 39 0 0 -999 -999 -999 
P10901 2024 3 0 39 29 45 30 45 0 24 0 0 0 10 0 0 0 0 13 0 0 0 0 7 0 36 76 79 44 24 0 41 0 
P10901 2024 4 0 52 52 32 14 5 0 0 0 0 0 0 0 0 0 0 0 0 0 18 0 46 0 0 0 0 17 0 0 0 -999 
P10901 2024 5 0 0 0 0 2 0 0 9 13 36 0 0 0 0 0 0 0 0 11 0 19 0 0 0 11 0 25 0 0 0 0 
P10901 2024 6 0 0 0 0 0 0 0 10 0 15 0 0 0 0 0 6 0 0 0 22 0 0 0 0 0 24 14 0 9 0 -999 
P10901 2024 7 0 0 0 0 0 20 0 0 0 16 0 0 0 0 0 0 0 0 0 0 0 0 0 13 0 0 11 20 0 0 0 
P10901 2024 8 0 0 0 6 0 0 0 0 0 0 0 12 0 0 0 0 0 0 0 0 7 0 0 0 0 0 13 0 0 0 28 
P10901 2024 9 16 15 13 0 7 0 0 0 0 0 0 0 0 0 0 0 0 0 0 0 0 0 6 0 0 0 0 8 5 4 -999 
P10901 2024 10 0 0 0 0 0 0 0 0 13 0 0 0 0 19 63 45 21 0 16 8 13 18 19 0 0 16 0 0 0 0 0 
P10901 2024 11 15 29 19 14 0 0 19 0 0 12 0 0 28 31 0 0 0 0 0 0 12 0 0 0 0 3 4 3 0 0 -999 
P10901 2024 12 0 0 0 19 21 5 0 0 0 0 0 4 0 0 0 1 0 0 0 0 0 0 0 0 8 31 29 0 4 9 5 
P10901 2025 1 0 6 0 0 5 0 6 7 0 0 10 0 0 0 6 7 0 0 11 0 0 16 24 32 38 0 0 6 0 0 11 
P10901 2025 2 6 0 0 0 19 31 0 0 36 0 26 19 19 0 27 0 42 0 8 0 31 23 37 0 4 0 0 0 -999 -999 -999 
P10901 2025 3 6 30 0 33 48 52 102 38 0 0 0 0 0 0 0 7 18 32 38 51 0 79 41 110 75 25 41 0 0 0 0 
P10901 2025 4 0 8 12 0 0 0 2 0 0 0 9 0 0 9 31 34 10 0 20 27 17 0 7 5 0 6 11 11 24 47 -999 
P10901 2025 5 32 0 0 26 0 19 19 16 17 0 18 0 0 9 5 0 19 0 0 0 0 0 0 0 17 0 0 0 14 16 0 
P10901 2025 6 4 0 0 10 0 11 9 0 12 0 0 0 0 0 0 0 0 0 0 0 0 0 14 0 0 0 0 4 9 17 -999 
P10901 2025 7 14 12 12 0 3 0 0 0 12 0 0 0 0 0 0 15 0 0 11 0 10 0 0 0 0 0 11 0 0 0 0 
P10901 2025 8 0 0 5 0 0 0 9 0 0 5 0 0 0 0 0 0 0 0 0 0 6 0 0 0 0 0 0 0 0 10 0 
P10901 2025 9 0 12 10 9 11 11 0 0 4 0 0 0 0 7 9 8 30 0 11 7 6 0 0 0 0 0 0 0 0 0 -999 
P10901 2025 10 0 0 5 0 8 12 18 19 0 0 0 5 11 11 0 0 0 13 0 0 0 0 0 0 30 42 37 33 33 8 15 
P10901 2025 11 22 0 0 0 0 0 10 0 0 0 7 0 3 0 0 0 0 9 0 12 6 0 0 0 0 0 0 0 0 0 -999 
P10901 2025 12 9 23 33 0 8 16 0 25 0 0 0 3 0 0 0 0 0 0 11 10 0 14 0 0 18 0 8 0 11 0 21 
P10901 2026 1 12 16 15 0 8 24 0 0 0 10 19 61 114 14 0 55 77 81 28 0 0 4 0 0 0 7 13 0 8 0 0 
P10901 2026 2 0 0 39 32 0 24 0 0 5 0 20 0 0 1 0 0 0 20 0 70 50 50 37 22 9 0 0 8 -999 -999 -999 
P10901 2026 3 0 0 0 0 0 0 0 0 0 0 0 0 0 0 0 0 7 12 16 24 34 65 34 16 0 0 0 0 0 0 0 
P10901 2026 4 3 0 5 0 0 0 0 0 39 44 84 50 41 25 0 0 0 0 0 12 17 0 0 0 0 0 32 44 45 34 -999 
P10901 2026 5 0 15 0 0 0 0 0 18 8 8 0 0 0 0 0 0 0 0 0 0 0 0 0 0 16 0 0 20 14 0 0 
P10901 2026 6 0 0 8 0 0 0 6 16 0 0 4 7 0 0 14 0 0 0 0 0 0 0 0 0 0 9 0 0 0 0 -999 
P10901 2026 7 0 14 0 0 21 0 0 0 0 0 0 0 0 0 13 0 0 0 0 0 0 0 0 0 0 9 0 0 0 0 0 
P10901 2026 8 0 0 0 0 0 0 0 0 14 0 0 0 0 0 0 0 7 0 0 0 0 13 28 0 0 0 0 0 0 0 9 
P10901 2026 9 0 0 0 0 0 0 0 0 0 0 0 19 0 0 0 0 0 0 0 12 0 12 0 7 0 0 6 0 15 10 -999 
P10901 2026 10 7 0 8 0 0 0 27 0 7 10 21 35 16 23 0 0 0 0 0 0 0 10 62 30 25 19 0 0 28 33 66 
P10901 2026 11 39 12 10 9 13 14 0 0 0 56 64 0 0 10 0 0 13 0 0 12 0 3 0 0 0 0 0 20 29 0 -999 
P10901 2026 12 6 0 10 0 0 0 0 16 32 36 22 0 13 0 53 34 61 52 0 33 8 0 11 0 0 7 6 12 10 29 14 
P10901 2027 1 10 24 31 60 0 33 44 56 31 20 23 7 0 4 0 0 13 9 32 49 22 0 0 0 0 0 0 0 0 3 0 
P10901 2027 2 6 0 0 0 6 0 0 5 0 0 0 0 46 81 47 114 80 76 47 12 7 16 48 31 50 50 26 28 -999 -999 -999 
P10901 2027 3 60 0 0 30 32 39 38 0 11 0 0 0 0 0 27 39 0 27 29 0 15 22 0 22 24 27 0 49 16 11 21 
P10901 2027 4 23 49 45 56 0 15 25 0 0 0 0 0 23 29 32 59 50 56 32 34 59 0 0 22 0 21 8 0 0 15 -999 
P10901 2027 5 17 0 0 0 0 0 7 7 13 0 0 0 0 0 0 16 19 0 0 0 0 0 0 25 37 0 0 0 0 0 0 
P10901 2027 6 27 0 0 19 15 0 0 0 0 0 0 17 14 10 0 0 0 0 12 0 0 0 0 0 0 0 12 0 0 0 -999 
P10901 2027 7 0 0 16 0 0 0 0 0 0 11 12 0 0 0 0 4 4 0 0 0 0 0 0 14 0 0 0 0 0 0 7 
P10901 2027 8 0 0 0 0 0 0 9 0 0 20 21 20 0 0 6 0 8 0 7 0 0 0 0 0 15 0 0 0 0 0 5 
P10901 2027 9 0 10 16 18 0 0 0 9 0 0 0 0 0 13 7 12 0 0 0 0 0 0 0 0 0 0 12 0 0 0 -999 
P10901 2027 10 7 7 2 3 0 0 6 7 0 0 0 0 0 0 0 0 7 0 8 0 0 19 0 12 15 0 12 8 18 0 12 
P10901 2027 11 19 48 105 72 0 21 20 7 0 0 0 14 37 62 56 17 13 13 0 0 0 17 35 59 0 36 42 43 53 81 -999 
P10901 2027 12 0 21 51 9 14 53 77 0 41 25 0 0 13 20 25 20 0 10 0 16 16 4 0 0 0 0 0 0 0 6 4 
P10901 2028 1 0 22 12 7 6 8 15 0 44 70 17 0 0 50 60 12 6 0 0 2 0 0 0 0 0 0 0 2 0 0 0 
P10901 2028 2 0 0 0 0 9 7 0 0 0 0 0 0 0 0 0 0 0 0 0 0 10 15 15 0 0 40 49 34 -999 -999 -999 
P10901 2028 3 32 0 35 0 13 0 0 0 0 17 0 0 0 17 23 0 17 12 12 0 1 12 17 15 0 0 1 0 0 0 0 
P10901 2028 4 0 0 16 0 0 17 25 43 0 28 29 20 0 0 0 4 0 6 9 0 0 18 0 0 0 10 13 0 0 0 -999 
P10901 2028 5 15 28 13 5 0 0 0 0 9 0 0 8 7 0 0 0 0 0 0 15 8 0 0 34 22 4 0 0 10 9 0 
P10901 2028 6 17 19 20 0 0 9 10 0 0 17 0 0 0 0 0 0 0 0 0 0 20 0 0 0 0 0 0 11 0 14 -999 
P10901 2028 7 0 0 10 14 32 16 0 0 16 0 8 20 22 13 0 0 0 6 8 0 0 0 0 20 0 0 0 5 0 0 0 
P10901 2028 8 0 0 0 0 0 0 0 0 0 10 0 38 20 0 0 0 0 0 23 0 10 0 0 0 10 0 14 0 14 11 0 
P10901 2028 9 0 0 0 0 0 13 0 0 0 0 0 6 9 0 0 0 0 0 7 0 0 0 0 0 15 13 0 0 9 8 -999 
P10901 2028 10 6 0 0 13 17 7 0 15 11 12 21 0 0 0 0 0 0 21 34 45 25 0 1 0 0 0 0 0 0 0 0 
P10901 2028 11 0 0 0 19 0 0 42 57 28 36 0 0 0 0 33 36 19 0 11 0 0 0 0 0 0 4 0 0 0 0 -999 
P10901 2028 12 0 0 0 24 25 30 0 0 0 0 0 1 0 0 6 4 2 0 23 0 0 0 55 0 0 0 9 7 9 10 7 
P10901 2029 1 5 17 44 0 19 50 104 45 0 0 0 11 19 27 0 48 0 9 15 33 11 0 4 15 0 55 74 0 0 0 0 
P10901 2029 2 0 14 15 10 0 0 0 0 0 11 14 0 0 0 0 0 0 0 0 9 17 0 17 12 0 0 32 0 -999 -999 -999 
P10901 2029 3 0 0 0 0 0 0 0 3 0 0 0 0 0 16 19 19 31 25 23 0 0 29 41 38 16 0 3 0 4 0 0 
P10901 2029 4 0 4 0 15 19 19 17 0 0 14 19 21 25 18 0 10 6 0 4 0 7 6 0 0 14 0 3 0 0 0 -999 
P10901 2029 5 5 0 0 0 16 0 0 0 3 0 4 0 0 4 7 16 0 0 0 0 0 21 0 0 9 0 0 5 0 0 0 
P10901 2029 6 0 0 0 22 23 0 0 0 0 0 0 0 0 0 14 0 15 0 0 0 0 0 17 0 0 0 0 0 0 0 -999 
P10901 2029 7 14 24 19 0 0 0 7 0 0 0 0 0 0 0 0 0 0 0 0 0 0 0 0 0 0 11 0 0 0 0 0 
P10901 2029 8 0 0 19 0 11 0 0 0 0 0 0 0 15 0 0 18 0 0 0 0 0 0 0 0 10 14 0 0 0 0 0 
P10901 2029 9 0 0 0 0 14 0 6 0 0 0 0 17 11 0 0 7 12 17 0 0 15 23 37 0 14 0 17 33 48 47 -999 
P10901 2029 10 63 0 0 0 4 0 0 0 0 4 0 0 0 0 19 0 0 0 0 0 0 0 19 0 0 20 18 9 0 14 0 
P10901 2029 11 9 16 40 65 31 39 0 0 67 44 0 0 0 0 8 0 5 0 0 0 9 14 0 25 14 7 0 21 40 31 -999 
P10901 2029 12 8 0 30 0 0 0 4 0 0 13 0 7 0 0 0 0 0 0 0 0 0 0 0 0 0 0 0 6 9 17 65 
P10901 2030 1 68 20 0 0 29 22 0 22 23 12 11 17 0 4 0 0 1 3 4 0 0 0 0 0 9 20 0 20 57 63 62 
P10901 2030 2 97 55 54 12 0 19 0 43 34 42 51 31 0 0 34 40 0 0 28 23 16 9 12 0 15 0 0 20 -999 -999 -999 
P10901 2030 3 7 0 0 0 0 22 59 0 11 25 31 0 0 8 0 11 0 0 0 0 0 37 37 10 0 0 0 0 0 0 0 
P10901 2030 4 0 0 15 17 0 13 0 0 0 0 16 17 13 57 67 0 53 122 60 31 39 50 41 21 18 33 32 0 0 0 -999 
P10901 2030 5 0 3 0 0 0 5 0 0 0 0 9 0 28 32 21 32 0 0 16 16 0 0 0 0 0 0 0 0 0 21 0 
P10901 2030 6 26 0 17 0 0 22 22 12 11 0 0 0 0 0 16 7 0 0 0 22 34 14 5 6 0 0 13 0 0 0 -999 
P10901 2030 7 0 8 5 0 10 0 0 0 11 0 0 8 0 17 6 0 0 14 0 0 0 0 14 0 0 0 0 10 0 0 0 
P10901 2030 8 0 0 0 14 0 0 9 0 0 0 0 0 0 0 0 0 11 0 0 0 0 0 0 0 0 0 0 0 0 0 8 
P10901 2030 9 0 8 6 0 0 16 0 14 10 0 0 0 0 7 0 0 0 0 0 0 0 0 0 12 9 0 0 0 0 0 -999 
P10901 2030 10 4 0 0 0 10 0 0 0 26 0 0 15 0 0 0 4 10 0 0 0 0 0 0 0 16 9 7 8 0 13 20 
P10901 2030 11 22 0 0 41 75 66 34 10 17 17 17 0 0 0 12 17 0 0 26 11 0 0 18 0 5 0 10 15 0 40 -999 
P10901 2030 12 75 35 32 33 55 63 53 27 36 0 29 43 0 0 0 0 0 8 7 0 0 0 0 14 0 0 5 0 0 0 0 
P10901 2031 1 0 0 0 0 0 13 0 0 5 0 0 0 36 89 55 27 11 9 24 0 0 0 27 47 0 0 14 16 0 37 38 
P10901 2031 2 26 15 0 25 24 36 0 11 20 42 38 0 10 0 0 0 8 46 35 33 0 45 15 4 0 0 14 0 -999 -999 -999 
P10901 2031 3 0 27 20 13 0 0 34 0 13 25 25 0 0 51 53 36 28 30 33 17 32 0 0 29 31 0 46 48 0 29 27 
P10901 2031 4 0 28 0 23 0 53 22 0 0 0 0 0 0 0 0 0 18 25 0 15 15 0 0 29 0 27 0 0 0 0 -999 
P10901 2031 5 0 0 0 0 17 0 0 45 0 28 0 0 15 28 15 15 0 0 8 0 0 0 0 0 0 0 0 0 0 12 0 
P10901 2031 6 0 9 0 0 13 0 0 0 0 0 0 0 0 0 16 0 0 21 0 0 0 0 0 0 0 0 0 0 0 0 -999 
P10901 2031 7 9 8 0 16 0 0 8 10 0 17 19 0 0 0 0 0 0 0 0 6 10 0 0 0 8 0 0 0 9 0 0 
P10901 2031 8 0 0 0 0 0 0 0 0 6 6 0 0 8 7 0 0 0 19 0 24 20 0 0 0 0 12 10 6 0 0 0 
P10901 2031 9 6 0 0 0 0 0 0 0 15 17 42 43 0 0 0 0 0 0 13 0 0 9 5 0 0 0 0 0 29 0 -999 
P10901 2031 10 7 7 0 8 0 0 0 0 0 12 0 0 0 15 0 33 15 0 8 20 24 0 23 36 31 0 0 58 32 29 36 
P10901 2031 11 21 17 0 17 20 0 0 0 0 0 0 0 39 30 24 78 0 0 9 0 3 3 0 0 15 24 0 35 0 29 -999 
P10901 2031 12 35 88 60 78 46 21 18 0 0 0 0 0 9 13 9 0 2 4 0 0 3 0 0 0 12 0 0 0 0 14 0 
P10901 2032 1 0 55 27 3 0 83 47 26 63 0 7 0 2 3 5 0 9 46 49 0 0 2 0 0 0 0 0 25 23 46 32 
P10901 2032 2 56 66 15 0 45 18 14 0 0 0 0 0 0 0 0 0 4 0 0 0 0 0 0 0 0 14 0 0 -999 -999 -999 
P10901 2032 3 11 13 0 0 0 0 54 27 0 0 0 0 0 0 1 0 0 0 6 0 0 16 0 0 0 25 21 12 0 11 18 
P10901 2032 4 9 12 49 66 52 38 37 30 29 15 13 14 14 18 0 0 20 29 23 17 57 74 86 0 0 10 0 12 0 31 -999 
P10901 2032 5 20 0 0 0 0 0 0 0 26 19 20 0 0 0 0 0 39 39 17 15 0 0 0 0 0 8 6 7 0 0 0 
P10901 2032 6 0 0 0 0 30 38 24 0 0 9 0 0 14 8 0 2 0 0 0 0 0 0 9 11 10 0 26 21 0 0 -999 
P10901 2032 7 0 0 16 0 10 0 0 0 8 0 0 0 0 0 0 0 0 5 0 0 0 0 0 0 0 0 0 12 0 0 0 
P10901 2032 8 11 0 0 0 14 0 0 0 0 0 0 0 0 0 8 12 21 32 0 0 4 7 11 0 0 0 0 0 13 13 4 
P10901 2032 9 0 0 9 9 0 0 0 0 0 0 0 4 0 0 0 13 0 0 0 12 0 0 0 0 0 8 0 0 0 0 -999 
P10901 2032 10 0 0 0 0 7 0 0 0 0 0 0 19 15 0 0 0 15 15 44 0 50 0 22 0 9 11 0 0 0 0 10 
P10901 2032 11 10 0 20 0 56 0 36 0 14 0 0 0 50 0 0 22 23 24 53 66 0 25 0 43 14 21 32 29 28 0 -999 
P10901 2032 12 0 0 0 0 7 31 15 16 28 45 43 0 0 0 0 0 2 5 0 0 0 0 0 0 3 1 0 0 0 0 72 
P10901 2033 1 58 26 0 0 0 19 35 0 0 0 0 0 3 0 0 0 0 0 0 0 0 0 0 3 0 0 0 10 7 0 0 
P10901 2033 2 0 2 0 0 0 4 0 0 0 0 6 0 0 0 33 77 87 57 46 63 62 61 40 31 45 24 32 14 -999 -999 -999 
P10901 2033 3 0 0 6 0 0 0 0 0 16 19 12 0 0 30 27 17 20 31 38 65 46 22 42 43 53 0 0 0 28 0 19 
P10901 2033 4 61 30 10 19 31 0 0 0 14 15 10 7 0 0 0 10 29 49 37 59 45 24 20 18 46 20 0 0 0 0 -999 
P10901 2033 5 0 0 0 0 0 0 0 0 30 0 0 0 0 9 14 0 0 14 14 20 26 22 22 0 0 0 0 5 0 0 0 
P10901 2033 6 16 21 0 22 13 0 22 0 23 24 0 0 0 0 0 0 0 0 0 11 0 10 0 9 7 0 0 0 0 0 -999 
P10901 2033 7 0 0 0 0 0 0 0 0 19 0 0 0 0 0 0 0 0 0 0 0 22 0 10 0 0 0 0 0 0 0 0 
P10901 2033 8 0 0 0 9 9 0 7 0 23 0 0 7 5 0 0 5 0 8 8 0 0 0 0 0 0 13 0 0 14 0 0 
P10901 2033 9 0 5 0 0 0 0 0 28 0 7 0 0 0 4 0 0 0 0 9 0 0 0 0 0 0 0 0 0 0 0 -999 
P10901 2033 10 0 0 21 33 0 0 11 0 0 0 0 10 13 0 21 24 33 25 61 0 0 0 5 0 28 27 17 0 0 29 48 
P10901 2033 11 41 22 53 0 32 66 80 80 20 12 11 24 0 0 83 64 0 13 10 0 0 0 0 0 6 6 0 0 0 0 -999 
P10901 2033 12 0 0 54 44 0 20 53 28 26 12 11 13 0 0 0 0 0 0 0 2 0 0 9 0 7 5 0 20 22 12 13 
P10901 2034 1 4 2 0 1 0 0 0 0 0 0 0 0 0 0 6 6 0 0 0 0 13 0 15 0 0 0 54 0 0 6 0 
P10901 2034 2 0 0 1 0 0 9 0 35 35 26 49 26 0 0 0 4 0 23 76 39 10 14 40 0 0 10 0 12 -999 -999 -999 
P10901 2034 3 0 0 0 0 0 14 0 0 0 0 15 23 0 3 0 0 4 0 0 10 14 0 0 0 10 23 33 24 31 34 0 
P10901 2034 4 17 25 0 51 59 35 9 18 0 28 31 0 0 28 0 34 0 0 17 24 37 0 54 0 0 0 0 0 0 0 -999 
P10901 2034 5 0 0 0 0 0 7 0 4 0 0 0 0 0 0 35 11 0 0 0 0 19 0 0 19 0 0 10 32 0 24 0 
P10901 2034 6 14 28 0 13 11 0 11 0 0 0 0 0 0 0 0 0 0 0 18 0 9 0 14 0 0 0 6 0 0 7 -999 
P10901 2034 7 0 0 0 4 0 0 0 0 0 0 0 0 0 22 0 0 0 0 5 8 7 0 0 0 0 6 0 11 0 0 0 
P10901 2034 8 0 0 0 8 0 0 0 0 0 0 0 0 0 6 0 0 0 0 0 5 0 0 8 0 0 0 0 12 18 0 9 
P10901 2034 9 0 0 0 0 0 0 0 0 13 16 0 0 6 0 0 12 17 12 0 0 0 0 8 0 0 0 9 0 0 0 -999 
P10901 2034 10 0 0 0 0 0 0 0 0 0 3 0 21 16 0 21 35 16 0 0 12 0 0 23 10 3 0 0 14 11 15 0 
P10901 2034 11 7 0 0 20 0 18 0 0 0 0 8 0 0 10 10 0 0 0 0 0 9 0 10 10 18 0 24 20 20 24 -999 
P10901 2034 12 0 15 33 9 0 0 3 0 0 0 14 0 0 0 0 16 12 0 0 0 16 0 0 59 77 64 87 9 15 30 26 
P10901 2035 1 15 0 31 40 26 34 21 8 0 0 4 4 4 0 0 0 0 0 8 15 12 0 0 0 6 16 14 29 0 11 0 
P10901 2035 2 0 4 0 0 15 0 0 0 0 0 12 0 0 5 0 0 7 10 14 20 15 10 20 35 0 0 47 0 -999 -999 -999 
P10901 2035 3 0 41 0 0 0 0 0 0 0 0 3 0 23 38 0 9 0 0 16 5 10 0 0 0 14 13 14 39 59 22 31 
P10901 2035 4 0 0 25 26 0 42 23 40 0 0 16 0 21 0 0 0 24 0 19 40 33 25 0 27 15 0 14 27 44 37 -999 
P10901 2035 5 26 27 0 0 12 0 36 28 0 0 14 0 0 0 0 0 0 0 0 0 0 0 0 0 21 0 2 0 7 0 6 
P10901 2035 6 3 0 0 33 18 0 0 0 0 0 15 0 0 0 0 0 0 11 0 0 0 0 0 0 9 0 0 0 0 0 -999 
P10901 2035 7 14 23 0 0 0 0 19 0 19 0 0 0 0 0 0 0 0 0 0 19 0 0 0 0 0 13 7 0 0 0 0 
P10901 2035 8 0 0 0 0 0 0 0 0 0 0 0 0 9 0 9 13 11 0 0 0 0 0 0 0 0 0 0 0 42 32 20 
P10901 2035 9 0 0 0 0 0 0 0 0 0 10 0 0 8 0 0 0 0 10 0 0 0 8 0 0 0 0 0 0 22 22 -999 
P10901 2035 10 20 0 0 0 0 0 11 0 13 0 42 35 26 0 55 0 0 0 24 36 39 29 0 12 10 12 12 0 0 6 0 
P10901 2035 11 0 27 0 0 0 0 0 0 5 2 0 0 0 0 0 0 9 0 0 0 4 0 2 0 0 0 0 0 0 0 -999 
P10901 2035 12 1 0 0 0 0 0 0 11 0 0 8 7 12 28 54 57 0 33 0 12 0 0 0 16 22 23 25 12 0 19 38 
P10901 2036 1 52 52 0 22 0 58 52 37 66 81 52 26 45 0 15 16 32 25 26 46 22 15 0 0 0 0 0 7 0 0 0 
P10901 2036 2 5 21 34 15 5 0 3 0 0 9 12 0 6 10 4 0 0 0 11 0 0 10 16 0 8 9 12 22 -999 -999 -999 
P10901 2036 3 60 61 0 18 17 9 0 0 11 21 0 23 23 21 35 0 0 17 35 24 0 16 22 0 66 55 0 37 31 0 21 
P10901 2036 4 76 28 20 29 0 0 12 0 0 22 29 39 21 0 5 5 0 0 32 0 28 15 9 0 0 14 0 3 0 0 -999 
P10901 2036 5 0 0 11 19 0 19 0 0 0 17 0 0 0 0 0 0 0 0 34 24 0 46 27 11 0 0 0 0 4 6 13 
P10901 2036 6 0 0 20 0 0 0 0 0 0 0 0 25 22 0 0 33 0 0 0 0 0 0 0 0 0 0 0 0 0 0 -999 
P10901 2036 7 10 0 20 0 0 0 0 0 13 10 0 0 0 0 0 0 0 0 0 0 0 0 0 19 0 0 0 0 10 0 0 
P10901 2036 8 0 17 0 21 0 0 0 0 9 0 0 0 0 12 0 0 0 0 0 0 0 0 0 0 12 0 0 0 0 0 0 
P10901 2036 9 0 0 0 0 0 0 0 0 15 0 0 0 0 0 0 0 0 4 0 0 6 6 0 0 0 0 0 0 17 0 -999 
P10901 2036 10 18 0 10 17 20 31 37 0 0 51 15 0 0 40 44 0 0 0 0 0 0 0 0 0 18 11 0 0 0 0 0 
P10901 2036 11 0 5 0 7 0 0 33 27 0 0 15 0 0 7 0 11 4 0 0 0 0 0 10 0 24 25 0 0 0 5 -999 
P10901 2036 12 0 0 0 0 0 0 2 0 0 0 0 9 12 0 7 5 5 0 0 0 8 8 0 6 0 16 31 0 27 64 79 
P10901 2037 1 42 44 0 0 0 40 0 18 22 14 0 12 19 20 31 56 66 45 64 48 18 11 0 0 0 0 0 3 8 0 0 
P10901 2037 2 0 0 0 5 0 0 0 0 0 10 18 21 18 0 12 13 11 0 53 31 15 9 11 8 9 12 0 18 -999 -999 -999 
P10901 2037 3 20 21 36 41 53 25 35 50 34 0 0 0 6 0 0 3 12 27 24 25 17 57 56 69 34 93 0 0 43 0 20 
P10901 2037 4 5 0 0 12 13 21 0 10 0 9 10 0 32 39 27 16 14 0 0 0 0 0 0 0 34 35 34 26 0 9 -999 
P10901 2037 5 0 0 16 0 0 42 0 14 0 7 0 0 0 0 8 0 0 13 0 0 0 0 0 0 0 0 0 0 0 0 0 
P10901 2037 6 19 24 0 0 0 15 0 21 0 0 0 0 0 0 10 0 0 21 16 11 8 0 0 0 15 0 0 0 0 0 -999 
P10901 2037 7 0 0 0 0 14 0 0 0 0 0 0 0 0 6 0 0 0 0 0 0 0 0 0 14 0 13 0 0 10 0 0 
P10901 2037 8 0 12 0 0 0 0 0 0 0 0 0 0 0 25 0 9 0 0 12 0 10 12 9 0 0 0 0 0 16 0 0 
P10901 2037 9 8 0 12 0 11 15 0 0 0 11 0 0 0 0 0 0 0 7 0 0 0 0 0 8 0 18 15 9 10 0 -999 
P10901 2037 10 0 0 0 0 17 20 0 15 0 0 7 0 0 0 0 4 0 0 0 0 0 0 0 26 13 0 0 0 2 0 9 
P10901 2037 11 30 39 0 0 0 0 11 0 0 0 0 0 0 18 0 0 0 0 2 2 4 0 0 13 0 0 19 0 14 23 -999 
P10901 2037 12 15 17 41 0 64 103 61 21 20 0 0 46 0 0 0 0 0 0 18 29 11 0 0 0 0 0 2 0 0 0 0 
P10901 2038 1 0 0 0 0 0 0 0 0 16 11 20 65 54 0 14 28 0 19 7 19 20 0 0 15 12 0 19 12 9 14 27 
P10901 2038 2 11 0 0 0 27 0 0 11 13 9 3 0 0 0 4 0 7 0 0 0 6 6 8 16 40 31 0 8 -999 -999 -999 
P10901 2038 3 9 0 13 28 0 0 18 20 0 0 20 0 21 0 26 35 52 30 9 0 0 29 39 27 12 47 46 19 0 0 0 
P10901 2038 4 0 35 36 32 17 0 0 35 27 15 0 10 6 0 0 20 0 0 0 0 0 52 17 0 0 0 0 0 0 0 -999 
P10901 2038 5 35 0 0 0 0 0 0 6 10 0 0 0 0 0 0 0 0 11 0 0 0 0 0 12 0 0 11 0 0 6 0 
P10901 2038 6 0 0 6 0 10 0 0 0 0 0 28 0 0 0 0 0 13 0 0 0 11 0 0 0 0 10 0 0 10 0 -999 
P10901 2038 7 22 0 0 20 0 0 0 0 0 0 0 9 0 0 7 0 0 0 0 0 0 0 0 0 0 0 0 9 0 0 0 
P10901 2038 8 0 0 0 0 0 0 0 0 7 0 0 0 0 0 13 0 18 0 0 0 0 0 0 0 0 0 9 11 0 0 9 
P10901 2038 9 0 0 0 10 0 0 0 11 0 0 0 0 0 0 0 0 14 0 0 0 0 0 0 0 0 0 0 0 0 0 -999 
P10901 2038 10 0 0 0 0 0 0 4 0 0 0 0 0 16 0 0 0 0 0 25 0 0 35 0 0 29 0 24 20 0 14 0 
P10901 2038 11 25 15 26 26 54 66 0 0 11 0 28 72 0 0 22 34 18 27 41 0 0 0 0 15 8 0 49 49 0 29 -999 
P10901 2038 12 14 15 12 0 0 0 7 13 16 0 0 0 0 0 0 0 0 0 0 0 0 13 0 14 31 0 0 35 31 0 0 
P10901 2039 1 0 0 0 25 73 22 0 0 0 0 0 0 55 33 23 52 72 36 99 96 54 23 18 35 90 129 104 0 24 15 0 
P10901 2039 2 6 0 0 2 0 0 0 0 0 0 11 2 0 20 0 18 18 15 0 14 45 65 68 0 17 33 28 23 -999 -999 -999 
P10901 2039 3 25 12 0 22 40 0 0 0 12 0 18 17 31 0 0 23 22 0 36 56 55 24 0 0 5 13 0 0 3 0 0 
P10901 2039 4 2 0 0 0 0 0 0 0 0 6 0 0 9 7 0 0 8 0 8 0 9 0 0 0 0 0 0 0 31 32 -999 
P10901 2039 5 36 0 20 26 24 0 10 11 23 60 46 30 0 0 19 0 0 0 0 14 19 0 0 0 0 0 0 21 23 0 13 
P10901 2039 6 0 0 14 0 0 0 0 0 0 26 0 0 0 0 0 0 0 0 0 0 0 0 0 0 0 0 0 0 0 11 -999 
P10901 2039 7 0 0 0 12 0 0 0 8 0 0 0 0 7 0 0 0 0 0 0 0 9 0 0 0 0 0 0 0 0 0 12 
P10901 2039 8 0 0 0 13 0 0 9 0 0 0 0 0 0 0 0 0 0 0 14 0 6 0 0 0 0 0 0 0 0 0 18 
P10901 2039 9 0 18 0 0 0 0 0 0 0 0 0 0 0 0 0 12 24 0 20 11 7 9 0 9 0 0 0 0 0 0 -999 
P10901 2039 10 27 0 0 0 0 2 0 5 0 20 0 0 0 0 5 8 0 9 19 44 34 39 38 61 69 15 0 28 0 12 0 
P10901 2039 11 47 27 8 3 0 0 0 0 0 0 5 0 0 0 0 0 0 9 0 12 0 0 0 8 0 0 13 42 0 30 -999 
P10901 2039 12 29 14 5 9 0 0 0 0 0 0 0 9 0 27 34 20 38 109 48 0 11 0 0 0 0 0 18 0 10 5 0 
P10901 2040 1 0 0 0 0 0 0 0 0 0 0 7 10 0 0 0 15 19 12 15 45 0 0 0 0 0 0 0 9 0 17 56 
P10901 2040 2 47 13 41 55 46 10 3 4 0 5 0 0 23 67 99 0 36 81 83 84 32 24 46 59 28 33 20 0 -999 -999 -999 
P10901 2040 3 0 0 44 0 0 7 21 0 23 20 0 2 0 5 6 0 17 0 16 0 1 0 0 0 7 0 10 0 0 0 0 
P10901 2040 4 30 32 35 34 40 35 22 0 16 13 14 0 10 27 45 0 0 0 0 9 0 0 0 0 19 27 18 10 0 0 -999 
P10901 2040 5 0 0 0 0 0 44 0 9 0 26 0 12 0 12 0 28 0 4 0 0 0 0 0 28 0 0 0 0 0 0 0 
P10901 2040 6 9 18 0 0 13 0 2 0 12 23 17 14 23 0 9 10 7 0 0 27 0 0 0 4 0 9 0 7 0 0 -999 
P10901 2040 7 0 0 0 0 0 0 12 0 11 0 0 0 0 0 11 0 0 0 0 0 0 0 13 0 0 15 0 0 0 0 0 
P10901 2040 8 0 0 0 0 0 0 0 0 0 0 0 0 0 0 0 0 0 0 7 10 0 0 0 0 0 8 7 12 0 0 0 
P10901 2040 9 0 0 0 16 13 0 10 0 0 0 14 0 0 0 23 0 0 0 22 17 0 0 0 0 0 0 0 3 0 0 -999 
P10901 2040 10 7 0 0 0 0 20 15 0 36 0 0 16 18 11 0 22 44 60 25 12 7 0 0 25 0 6 0 0 0 0 0 
P10901 2040 11 0 0 8 5 0 0 13 21 0 0 0 10 28 83 55 88 45 18 14 0 3 0 0 0 0 0 17 22 12 0 -999 
P10901 2040 12 0 0 0 0 8 0 10 0 20 16 0 11 0 0 0 0 1 0 1 0 0 0 0 0 0 0 4 6 5 0 6 
P10901 2041 1 0 0 0 0 0 14 10 7 0 0 14 0 0 0 11 24 0 11 0 0 0 13 0 50 0 25 52 0 0 39 62 
P10901 2041 2 13 8 0 5 0 0 0 0 33 37 30 0 0 20 35 60 25 12 0 12 20 4 0 4 0 0 2 0 -999 -999 -999 
P10901 2041 3 0 0 0 6 7 0 0 25 18 10 0 0 0 3 0 0 0 0 0 0 0 0 4 0 0 0 0 0 0 16 0 
P10901 2041 4 0 13 0 0 0 0 14 0 19 0 0 28 0 9 0 0 2 2 3 0 0 0 0 0 0 2 0 0 0 0 -999 
P10901 2041 5 0 0 16 0 32 0 0 0 0 18 30 0 0 0 7 0 0 30 36 26 9 0 0 6 0 0 0 0 0 0 0 
P10901 2041 6 0 0 9 10 15 8 0 11 0 21 23 0 0 0 0 0 0 0 31 24 0 0 0 0 7 0 0 0 0 10 -999 
P10901 2041 7 0 7 16 15 11 11 0 0 9 3 0 0 31 0 0 0 0 14 0 0 0 0 0 8 16 0 0 0 0 0 0 
P10901 2041 8 0 12 0 15 0 0 0 13 13 11 0 0 0 0 0 0 0 17 0 0 0 0 0 0 0 8 0 4 0 0 0 
P10901 2041 9 0 0 0 0 14 0 0 19 0 8 10 0 0 5 0 0 0 16 0 0 0 0 0 0 0 0 0 0 0 0 -999 
P10901 2041 10 0 0 0 5 0 0 0 8 0 0 0 0 20 11 10 0 0 0 0 0 0 13 0 24 0 10 12 0 0 0 0 
P10901 2041 11 50 0 29 29 10 0 0 0 6 3 0 0 4 7 0 11 9 0 18 10 24 0 0 0 42 30 18 0 0 0 -999 
P10901 2041 12 30 48 53 36 0 11 0 29 31 0 0 0 0 0 0 0 0 0 0 0 15 8 0 0 0 0 18 35 29 18 19 
P10901 2042 1 21 36 52 45 14 0 5 0 0 0 14 0 0 0 0 18 0 33 53 12 6 0 10 21 0 0 50 48 0 0 0 
P10901 2042 2 0 3 4 0 0 0 0 0 0 0 0 8 8 0 0 0 0 0 0 0 0 0 13 26 0 0 0 10 -999 -999 -999 
P10901 2042 3 0 0 2 0 26 7 0 11 0 0 10 0 10 10 6 0 15 33 29 35 38 39 35 33 35 30 21 16 17 10 0 
P10901 2042 4 0 10 4 0 5 0 0 0 0 0 0 0 0 5 10 34 35 29 18 0 12 0 46 16 0 0 0 0 20 44 -999 
P10901 2042 5 33 46 44 42 0 32 0 20 17 33 0 23 47 0 10 0 0 8 10 0 0 0 0 0 0 3 4 0 0 20 17 
P10901 2042 6 0 16 16 0 25 0 20 0 0 4 7 0 0 0 0 0 0 0 18 0 0 6 4 0 0 0 0 0 0 0 -999 
P10901 2042 7 0 0 0 0 15 10 0 0 0 0 6 12 0 0 0 0 0 0 0 0 0 0 0 0 0 0 0 0 0 0 0 
P10901 2042 8 0 0 0 0 0 0 0 0 0 0 15 0 0 0 0 11 0 0 28 0 0 0 0 0 8 0 6 9 0 0 0 
P10901 2042 9 0 0 29 7 0 0 13 0 0 0 0 0 0 0 0 0 0 22 0 0 0 0 0 16 0 16 0 0 0 0 -999 
P10901 2042 10 0 0 0 0 0 0 0 20 0 0 6 0 0 0 7 4 0 0 0 6 0 0 0 0 0 7 0 0 0 0 0 
P10901 2042 11 9 0 0 0 0 28 17 0 13 16 17 35 0 0 8 0 7 0 5 0 0 39 28 0 0 28 26 25 0 0 -999 
P10901 2042 12 9 0 0 15 67 0 0 23 0 13 25 28 28 16 13 12 8 10 37 42 18 25 15 4 4 0 19 22 0 26 0 
P10901 2043 1 7 4 0 0 0 0 0 0 8 15 21 44 18 38 54 55 58 24 0 0 0 2 0 0 0 0 0 0 0 0 0 
P10901 2043 2 0 0 0 0 0 4 5 0 32 46 33 12 10 10 29 28 0 18 7 7 10 13 16 12 0 19 21 0 -999 -999 -999 
P10901 2043 3 18 17 0 4 5 10 9 0 8 0 28 27 32 58 31 42 0 37 0 35 15 36 54 51 32 43 0 0 48 84 34 
P10901 2043 4 48 47 39 17 0 24 28 33 30 23 0 14 26 0 8 0 0 3 0 0 0 0 0 0 0 40 28 30 60 28 -999 
P10901 2043 5 0 12 6 8 0 0 9 0 0 0 20 16 25 40 0 25 45 40 34 40 23 0 0 6 0 0 0 0 0 0 0 
P10901 2043 6 0 0 24 22 11 4 0 0 0 0 0 0 0 0 0 0 0 17 9 0 0 0 0 0 0 6 0 0 0 0 -999 
P10901 2043 7 0 0 0 0 0 0 0 0 11 8 0 0 0 0 0 0 0 0 0 0 4 0 0 0 0 0 0 0 0 0 7 
P10901 2043 8 0 12 11 0 14 11 9 0 0 24 0 0 0 0 0 0 0 0 0 0 0 0 8 0 14 0 0 0 0 0 0 
P10901 2043 9 0 0 11 11 0 0 0 5 0 0 11 8 0 5 7 0 0 0 0 0 0 0 0 8 0 0 0 0 0 0 -999 
P10901 2043 10 0 0 8 0 2 5 0 0 0 9 0 28 39 28 15 0 0 0 27 27 0 11 0 12 8 0 0 7 16 22 0 
P10901 2043 11 0 0 20 32 76 57 0 0 0 0 0 0 0 0 0 6 8 0 0 19 48 61 0 0 21 40 30 22 35 27 -999 
P10901 2043 12 13 0 0 54 45 0 11 0 0 0 0 0 0 0 0 0 0 14 0 9 0 0 0 0 2 0 0 0 0 0 1 
P10901 2044 1 0 0 0 0 0 0 0 0 0 13 30 32 0 0 12 0 0 0 51 30 0 0 6 18 41 48 25 0 10 9 17 
P10901 2044 2 0 0 0 0 16 9 0 0 0 19 0 10 0 9 0 11 21 8 0 0 0 0 0 1 0 0 0 0 -999 -999 -999 
P10901 2044 3 0 0 6 0 2 7 0 0 0 0 0 0 0 8 0 16 0 0 0 0 0 0 0 0 0 10 26 29 0 19 17 
P10901 2044 4 17 33 0 0 23 0 17 0 27 15 5 6 0 4 0 0 20 16 0 0 2 0 8 11 15 17 0 0 27 21 -999 
P10901 2044 5 22 7 14 0 22 0 47 42 0 49 47 47 31 0 0 0 0 10 9 0 20 24 17 11 0 0 0 0 4 0 0 
P10901 2044 6 0 6 0 0 8 0 0 0 0 12 0 0 0 0 0 0 0 0 0 0 24 0 17 15 0 0 0 12 14 20 -999 
P10901 2044 7 0 0 9 9 0 0 0 0 0 0 0 0 0 0 0 18 0 0 0 0 0 0 0 12 11 0 6 15 0 0 0 
P10901 2044 8 0 21 0 0 0 0 0 9 0 0 0 0 0 0 15 0 0 0 0 0 0 0 0 0 11 0 0 0 0 0 0 
P10901 2044 9 0 0 2 0 0 0 0 0 0 0 6 0 0 9 0 0 0 0 0 13 9 0 0 12 0 17 10 0 5 0 -999 
P10901 2044 10 0 11 8 0 0 0 0 0 0 12 17 18 12 8 0 0 12 14 0 0 0 0 0 66 49 37 0 0 0 0 0 
P10901 2044 11 0 0 0 0 18 8 0 8 12 0 33 0 54 57 27 32 0 0 14 13 54 31 6 7 0 13 0 8 0 4 -999 
P10901 2044 12 0 0 0 0 0 0 9 4 0 0 0 0 0 0 0 0 0 0 59 60 0 24 43 17 14 28 24 0 0 12 8 
P10901 2045 1 21 27 70 16 52 25 15 42 0 52 28 46 8 0 8 0 0 20 7 6 0 0 0 0 0 0 2 0 0 0 0 
P10901 2045 2 0 9 5 0 8 16 31 0 6 17 40 60 0 0 3 0 0 0 6 11 18 23 0 22 56 71 119 107 -999 -999 -999 
P10901 2045 3 0 6 22 28 0 10 16 0 55 49 38 30 40 32 32 21 19 14 0 5 0 0 0 8 0 0 0 0 3 0 0 
P10901 2045 4 0 0 0 2 0 0 12 0 10 0 12 0 17 0 0 18 12 8 16 0 0 0 0 0 0 0 0 0 15 0 -999 
P10901 2045 5 0 11 0 0 0 0 0 0 0 0 0 0 15 0 0 0 0 0 23 47 34 27 37 29 0 0 13 21 35 20 0 
P10901 2045 6 0 0 0 0 0 6 0 0 0 0 24 0 0 0 25 0 0 0 0 0 20 0 8 0 8 0 11 15 0 0 -999 
P10901 2045 7 0 0 9 0 10 13 0 0 0 0 0 0 0 16 0 7 0 0 0 12 18 0 0 0 0 0 31 0 0 0 0 
P10901 2045 8 0 0 8 0 0 0 0 0 0 0 25 0 0 0 0 0 0 0 0 0 0 16 8 0 0 8 0 0 9 9 0 
P10901 2045 9 0 0 0 0 23 0 0 23 20 0 0 0 0 17 0 0 5 0 10 0 0 0 0 0 0 8 0 0 0 0 -999 
P10901 2045 10 0 0 3 0 10 12 0 7 0 8 0 4 0 21 8 0 0 0 20 19 17 0 0 6 0 0 0 0 0 0 0 
P10901 2045 11 0 17 29 46 28 10 9 0 0 0 0 0 0 9 0 0 10 27 28 0 0 0 0 8 9 14 16 12 0 5 -999 
P10901 2045 12 0 0 0 0 0 0 0 3 0 0 47 0 0 0 0 0 0 7 0 0 0 0 0 45 24 0 0 8 7 0 0 
P10901 2046 1 0 13 0 12 0 3 0 0 0 0 0 0 7 0 0 0 0 52 71 46 58 45 46 62 39 58 42 40 57 34 29 
P10901 2046 2 42 6 11 7 0 0 0 0 0 0 0 17 0 0 0 71 78 65 31 0 0 0 11 0 0 14 0 36 -999 -999 -999 
P10901 2046 3 11 9 22 0 0 0 0 0 0 0 3 0 0 0 0 9 6 0 0 0 0 0 0 16 26 35 24 20 30 21 30 
P10901 2046 4 40 20 0 21 0 0 23 38 47 43 19 15 31 50 35 40 39 0 14 0 0 24 35 25 38 31 0 0 0 22 -999 
P10901 2046 5 0 13 0 0 0 0 0 0 0 0 0 28 0 0 0 15 0 12 19 27 18 21 0 41 61 0 20 11 23 29 22 
P10901 2046 6 0 0 0 0 50 34 10 7 8 0 17 12 0 0 0 35 0 0 0 0 4 0 0 0 0 0 0 0 0 0 -999 
P10901 2046 7 0 0 0 0 15 0 0 0 0 0 0 6 0 0 0 0 0 0 0 0 5 0 0 0 0 0 13 9 0 0 0 
P10901 2046 8 0 0 0 0 0 0 0 0 0 0 0 0 0 0 0 0 0 0 0 0 0 0 0 8 0 0 0 9 0 0 0 
P10901 2046 9 0 6 0 0 0 0 0 0 0 0 5 4 0 0 0 10 0 0 0 0 0 12 0 0 5 0 0 0 17 0 -999 
P10901 2046 10 0 0 0 0 0 15 17 15 0 32 0 0 0 10 0 14 19 0 0 0 6 19 11 0 0 0 0 0 0 0 0 
P10901 2046 11 15 22 33 0 0 0 0 2 0 0 0 0 0 0 0 0 0 9 0 0 0 0 0 0 0 0 0 0 3 0 -999 
P10901 2046 12 8 9 2 0 0 0 0 0 2 4 0 0 17 0 15 0 0 14 0 14 11 6 5 0 0 0 8 0 6 0 0 
P10901 2047 1 14 19 33 42 32 32 12 9 22 24 29 0 0 0 10 0 0 14 0 0 0 0 0 0 0 0 26 23 16 15 21 
P10901 2047 2 30 0 0 0 13 0 0 0 0 8 5 0 27 22 23 0 0 12 0 27 30 22 18 19 36 7 0 0 -999 -999 -999 
P10901 2047 3 0 0 16 19 17 24 0 0 12 25 0 0 23 40 0 20 16 0 7 0 5 0 0 0 0 0 7 8 0 0 0 
P10901 2047 4 0 0 0 11 0 0 0 4 0 0 0 0 0 9 0 0 27 0 32 0 16 25 23 33 32 0 22 29 36 28 -999 
P10901 2047 5 17 0 0 0 0 0 0 0 0 0 0 0 0 0 46 0 0 0 0 0 23 19 0 0 8 0 7 0 0 0 0 
P10901 2047 6 0 7 0 0 0 0 0 0 0 0 0 0 0 9 8 0 0 0 0 0 0 0 0 0 0 0 0 0 0 0 -999 
P10901 2047 7 0 6 0 0 0 0 0 0 0 10 0 0 0 0 13 6 9 17 0 10 0 0 0 9 0 18 0 0 0 0 0 
P10901 2047 8 0 0 0 0 0 0 0 0 0 0 0 0 0 0 0 0 0 0 0 0 0 0 0 13 0 0 13 0 0 0 0 
P10901 2047 9 14 0 8 8 8 0 19 0 0 0 0 0 0 0 0 0 5 0 0 0 6 0 6 0 25 31 0 0 0 0 -999 
P10901 2047 10 24 38 0 0 0 0 6 7 0 0 8 0 0 12 0 0 0 0 0 0 0 0 0 0 15 14 18 21 0 0 0 
P10901 2047 11 12 0 0 0 0 0 0 0 0 0 0 0 0 8 5 0 0 0 21 24 0 0 0 0 3 0 12 26 0 0 -999 
P10901 2047 12 28 0 14 36 0 100 106 76 8 8 7 0 6 11 0 42 17 39 79 76 0 46 28 36 27 0 0 0 0 16 5 
P10901 2048 1 0 0 0 3 0 0 0 0 0 0 14 4 4 0 0 0 0 0 0 0 15 15 0 8 0 35 62 0 0 8 29 
P10901 2048 2 35 0 0 7 0 0 26 68 15 0 0 0 0 0 8 6 0 24 17 4 0 0 0 9 18 10 0 0 -999 -999 -999 
P10901 2048 3 0 0 0 0 1 0 0 0 0 0 9 12 10 6 0 0 13 29 0 29 0 0 26 10 0 19 0 0 0 30 20 
P10901 2048 4 0 0 0 0 19 33 45 0 0 11 11 40 51 49 0 28 45 37 66 69 36 0 27 19 0 0 16 0 11 17 -999 
P10901 2048 5 0 9 15 0 0 0 0 0 5 0 0 27 0 0 0 0 0 0 0 0 23 0 26 14 23 0 15 0 30 7 0 
P10901 2048 6 0 0 0 0 0 0 10 0 0 13 0 0 0 0 5 7 8 7 8 0 8 0 0 0 0 0 0 0 0 0 -999 
P10901 2048 7 0 0 0 0 0 0 0 10 0 0 0 0 0 0 0 6 0 0 0 0 0 0 0 0 0 0 0 0 0 14 0 
P10901 2048 8 0 0 0 0 0 0 0 0 0 0 0 0 0 15 9 0 11 0 0 0 0 9 0 0 0 0 0 0 0 0 0 
P10901 2048 9 0 0 0 0 0 6 0 0 0 16 0 0 0 7 0 0 0 6 0 0 0 0 0 0 0 0 0 8 0 0 -999 
P10901 2048 10 0 0 48 27 0 0 7 0 0 0 0 0 9 0 18 43 31 0 11 11 6 8 0 0 14 12 12 15 19 23 27 
P10901 2048 11 23 26 19 0 0 9 0 0 0 0 19 22 0 0 0 12 30 0 0 0 0 0 0 0 0 0 0 37 99 96 -999 
P10901 2048 12 40 30 49 9 0 0 0 0 0 0 0 0 0 19 0 11 9 28 39 90 45 7 18 0 0 0 0 0 3 0 0 
P10901 2049 1 0 32 25 12 0 16 0 0 2 6 0 7 0 0 0 0 0 0 0 0 0 0 0 5 0 5 0 0 0 0 0 
P10901 2049 2 0 0 0 3 0 19 35 41 19 35 46 83 85 63 0 93 81 63 63 36 85 38 35 113 62 82 58 31 -999 -999 -999 
P10901 2049 3 29 47 59 40 53 0 25 0 32 34 33 0 24 40 28 0 20 26 17 0 12 8 0 6 7 0 0 0 0 0 19 
P10901 2049 4 23 0 6 9 32 0 14 0 5 0 4 5 0 9 0 0 7 0 0 0 8 0 16 0 0 0 0 8 0 0 -999 
P10901 2049 5 21 30 0 0 8 11 0 0 17 0 0 0 0 0 0 0 0 0 0 0 18 0 0 0 7 0 0 0 19 0 0 
P10901 2049 6 0 29 0 0 0 0 0 0 0 0 0 0 0 0 0 3 0 0 0 0 0 0 0 0 0 0 0 0 0 13 -999 
P10901 2049 7 16 0 0 0 0 26 26 10 0 0 0 0 0 16 0 0 0 0 0 0 0 0 0 3 0 0 0 0 0 0 0 
P10901 2049 8 0 0 0 0 0 0 0 0 18 0 9 8 0 0 0 0 0 0 0 0 0 0 0 0 0 0 5 0 0 2 0 
P10901 2049 9 0 0 0 0 0 9 0 0 0 20 0 0 6 0 0 0 7 0 0 0 0 0 0 0 0 0 0 0 9 0 -999 
P10901 2049 10 0 7 0 0 0 9 0 0 0 20 18 0 15 0 34 62 0 0 20 13 0 11 5 0 37 0 0 40 0 14 5 
P10901 2049 11 4 0 23 19 0 0 50 77 67 0 0 0 0 6 11 9 0 0 15 0 0 8 0 0 15 0 0 18 0 0 -999 
P10901 2049 12 0 12 20 0 0 0 0 6 12 14 7 0 6 17 52 60 0 2 0 0 0 0 0 20 21 24 5 0 6 0 0 
P10901 2050 1 0 0 5 3 0 3 0 0 28 32 81 61 74 68 37 77 45 69 17 11 0 6 16 20 17 26 19 0 0 0 0 
P10901 2050 2 10 0 25 0 0 0 7 16 0 0 9 0 0 0 0 0 0 0 0 0 0 0 0 0 0 0 0 0 -999 -999 -999 
P10901 2050 3 0 0 0 0 0 0 0 10 11 0 0 14 0 0 7 0 11 12 23 17 18 14 31 41 39 29 8 18 25 0 0 
P10901 2050 4 0 0 0 13 0 14 13 21 0 0 39 59 0 0 0 0 39 0 22 47 0 48 25 25 24 20 0 0 0 0 -999 
P10901 2050 5 0 31 26 0 20 0 21 0 13 37 20 0 0 0 26 16 0 0 0 0 11 23 0 0 0 0 25 0 0 18 0 
P10901 2050 6 7 0 0 0 13 8 5 0 0 0 0 0 0 0 0 0 0 0 0 0 0 0 0 0 0 9 12 0 0 0 -999 
P10901 2050 7 12 13 0 0 0 3 0 0 0 0 0 0 0 0 0 0 0 0 0 0 0 0 0 0 0 0 0 0 0 22 0 
P10901 2050 8 0 0 0 16 0 10 0 0 0 0 25 0 0 0 11 0 0 0 0 0 0 0 20 29 0 0 9 0 0 4 0 
P10901 2050 9 0 0 0 0 0 0 0 2 0 0 0 0 0 3 0 0 0 0 7 9 0 0 0 0 10 0 0 0 0 0 -999 
P10901 2050 10 0 0 0 0 0 10 13 0 0 6 0 0 0 0 24 41 32 0 18 19 19 14 0 0 0 0 0 36 31 29 41 
P10901 2050 11 27 0 21 0 0 0 0 5 0 0 0 7 0 19 25 0 0 11 11 22 0 0 37 0 0 7 21 19 13 0 -999 
P10901 2050 12 0 0 28 0 0 9 0 0 0 0 8 17 0 56 43 0 0 25 19 0 7 0 10 6 5 0 0 7 0 7 0 
P10901 2051 1 10 15 10 0 0 0 0 6 13 0 19 49 83 34 28 6 0 14 0 0 9 0 0 6 16 0 0 0 0 20 30 
P10901 2051 2 32 36 0 24 23 13 0 0 0 0 0 0 0 0 0 20 25 0 0 34 20 30 47 28 26 42 35 27 -999 -999 -999 
P10901 2051 3 10 0 0 42 0 21 0 20 0 0 0 0 41 27 0 0 35 0 9 0 14 24 0 23 0 16 0 0 10 10 15 
P10901 2051 4 20 0 0 12 0 23 43 25 43 0 0 0 0 0 53 0 0 0 5 0 0 0 0 13 0 0 0 23 0 0 -999 
P10901 2051 5 0 0 0 0 0 4 3 6 19 0 4 0 0 18 27 21 19 0 11 30 18 0 11 0 15 0 0 18 0 0 0 
P10901 2051 6 0 0 0 0 18 15 0 15 0 42 26 0 0 0 0 0 26 0 0 6 0 0 0 0 0 0 0 0 0 14 -999 
P10901 2051 7 0 0 0 0 8 0 0 0 0 0 0 0 0 13 0 13 0 0 0 0 0 0 0 0 0 0 0 8 0 7 0 
P10901 2051 8 0 0 0 14 0 0 0 0 0 0 0 0 0 0 11 8 0 0 16 15 14 0 0 0 0 0 0 0 0 0 0 
P10901 2051 9 0 0 0 0 3 0 0 0 13 0 0 15 0 0 0 0 0 0 0 15 4 0 0 0 0 0 5 0 0 0 -999 
P10901 2051 10 18 0 0 1 5 0 17 20 21 18 0 0 0 15 33 0 8 0 0 0 0 0 5 7 0 0 0 42 0 15 0 
P10901 2051 11 0 0 0 27 25 0 0 0 0 3 0 0 0 30 19 7 8 25 36 34 0 25 42 26 22 23 12 0 10 28 -999 
P10901 2051 12 0 9 0 0 10 0 46 26 17 10 12 18 16 21 27 0 0 9 27 17 0 26 21 0 0 0 0 0 0 0 0 
P10901 2052 1 0 10 8 0 13 0 1 0 0 0 0 1 0 4 0 3 0 0 0 0 0 0 0 0 0 6 0 7 2 0 0 
P10901 2052 2 0 1 0 0 0 0 0 0 0 0 12 14 9 11 16 0 12 17 0 20 18 9 0 20 27 0 12 0 -999 -999 -999 
P10901 2052 3 3 0 0 0 0 0 0 43 0 5 9 0 0 29 0 0 16 12 0 29 58 38 19 37 52 39 23 0 0 0 0 
P10901 2052 4 0 0 0 0 0 0 0 0 0 0 0 0 0 0 2 0 0 0 6 0 7 9 0 0 0 0 0 0 23 0 -999 
P10901 2052 5 13 17 0 0 16 36 37 0 21 0 18 33 0 15 0 0 0 0 0 0 0 0 0 0 0 0 16 0 0 20 15 
P10901 2052 6 0 8 0 0 0 0 0 0 0 0 31 0 0 7 11 0 0 0 0 0 0 12 0 0 0 0 0 0 0 0 -999 
P10901 2052 7 0 0 0 22 0 0 0 0 0 7 7 8 0 0 0 0 6 0 0 0 0 0 0 0 0 0 0 0 0 0 0 
P10901 2052 8 18 0 0 0 0 15 0 0 0 0 0 0 0 0 0 0 0 0 0 0 0 0 0 17 0 0 0 0 0 0 0 
P10901 2052 9 0 11 12 0 6 0 0 0 0 5 0 0 0 0 0 0 10 16 20 0 0 0 13 0 0 11 0 6 0 20 -999 
P10901 2052 10 0 9 0 0 9 0 0 12 0 8 0 18 0 0 7 10 0 0 0 0 0 0 0 0 0 0 0 0 0 0 0 
P10901 2052 11 13 12 0 0 0 0 0 0 8 7 0 0 0 12 11 0 8 0 14 0 0 11 0 0 0 0 52 0 0 28 -999 
P10901 2052 12 40 38 21 18 27 0 8 11 30 85 69 33 66 55 0 11 25 26 0 0 0 6 0 15 0 0 0 0 0 28 0 
P10901 2053 1 6 0 3 0 0 0 0 0 0 0 0 0 10 11 0 0 0 0 0 0 0 0 0 4 0 0 0 0 0 0 4 
P10901 2053 2 0 24 0 41 37 35 47 27 26 0 0 8 4 0 3 0 0 22 5 4 0 0 0 6 0 0 27 61 -999 -999 -999 
P10901 2053 3 64 25 16 23 30 21 0 0 0 24 0 0 0 0 0 0 39 0 0 24 21 17 11 0 0 0 0 10 20 29 32 
P10901 2053 4 0 0 9 0 24 41 47 34 18 25 30 47 0 0 0 0 9 0 0 0 0 8 0 0 0 10 0 0 12 0 -999 
P10901 2053 5 31 23 29 0 27 42 46 26 0 0 13 19 10 12 0 0 0 0 21 29 0 20 0 27 13 12 13 9 0 0 0 
P10901 2053 6 10 0 15 14 0 5 0 0 0 0 0 0 8 0 0 0 14 0 5 0 0 6 8 0 0 0 0 0 0 0 -999 
P10901 2053 7 0 0 0 0 0 0 0 0 0 0 8 0 0 0 0 0 0 0 0 0 0 0 0 0 0 0 0 0 14 0 0 
P10901 2053 8 9 0 0 0 0 0 0 21 0 0 0 0 0 0 0 7 5 0 0 0 0 0 0 0 0 12 0 0 0 0 0 
P10901 2053 9 0 0 0 0 0 0 0 0 0 11 0 0 0 0 0 0 0 0 0 0 0 9 0 17 0 0 0 0 0 0 -999 
P10901 2053 10 0 0 0 0 0 0 0 0 0 0 0 0 7 11 21 28 18 15 0 0 7 0 8 0 0 22 17 0 13 22 0 
P10901 2053 11 0 19 35 20 16 26 0 0 0 50 0 45 0 20 55 57 86 69 10 0 11 18 0 20 0 15 31 0 24 0 -999 
P10901 2053 12 0 11 0 0 0 0 0 0 0 0 0 0 0 4 0 0 8 9 0 0 0 0 0 12 0 41 27 0 36 35 0 
P10901 2054 1 30 27 65 54 39 46 34 22 38 32 53 45 55 60 0 0 34 0 4 0 0 0 0 0 0 9 22 88 51 0 28 
P10901 2054 2 23 52 54 0 0 0 25 39 15 0 0 17 19 15 0 13 0 0 0 7 0 11 0 0 0 0 0 0 -999 -999 -999 
P10901 2054 3 0 0 0 0 0 4 1 0 0 0 4 6 0 0 0 0 13 26 0 12 11 0 0 0 0 0 12 9 43 37 0 
P10901 2054 4 15 21 0 0 36 59 69 0 26 0 40 43 19 0 0 28 15 13 0 0 0 0 0 0 0 0 29 47 36 0 -999 
P10901 2054 5 22 0 0 0 11 15 0 0 0 0 0 0 0 0 33 0 20 0 0 12 0 0 0 50 66 23 13 18 17 15 0 
P10901 2054 6 0 0 0 0 0 0 0 0 0 19 12 0 0 0 0 0 0 4 0 5 5 0 0 0 0 0 0 0 0 0 -999 
P10901 2054 7 0 0 0 10 0 0 8 0 0 0 0 19 0 0 0 0 0 0 3 0 0 0 0 0 0 0 0 4 8 0 0 
P10901 2054 8 4 0 0 0 0 0 0 10 5 0 0 0 9 0 7 0 9 0 0 0 25 10 0 9 20 23 0 8 0 3 0 
P10901 2054 9 0 0 0 0 0 0 0 0 5 0 0 0 30 0 0 0 0 14 0 3 0 0 27 29 0 11 0 0 15 46 -999 
P10901 2054 10 0 18 37 26 0 6 10 0 0 0 0 0 10 0 44 17 0 25 0 0 0 0 0 37 45 31 25 0 0 13 0 
P10901 2054 11 44 26 0 5 5 9 0 19 60 74 55 31 13 21 52 33 16 21 22 63 0 12 0 0 0 0 28 10 0 8 -999 
P10901 2054 12 8 0 6 0 0 0 0 5 3 0 0 17 29 22 0 0 7 0 0 0 0 0 0 34 62 51 63 51 48 0 27 
P10901 2055 1 0 5 24 36 0 8 9 17 0 30 50 14 10 0 8 12 21 78 50 7 13 0 0 0 2 2 0 8 7 0 0 
P10901 2055 2 0 0 11 16 14 16 28 0 0 2 7 0 0 4 9 0 10 0 0 2 3 0 10 0 15 22 16 0 -999 -999 -999 
P10901 2055 3 0 16 37 39 33 30 28 20 15 0 0 24 0 11 0 0 0 0 0 7 0 0 16 0 28 25 0 23 0 0 0 
P10901 2055 4 0 0 0 0 10 0 5 0 16 18 17 0 0 0 0 0 0 0 15 0 23 0 11 9 14 7 0 13 9 0 -999 
P10901 2055 5 0 0 1 0 0 0 0 0 0 0 51 32 0 0 0 3 0 0 0 0 6 0 0 0 23 30 25 0 0 9 0 
P10901 2055 6 0 0 0 10 12 0 0 5 0 0 0 0 0 0 0 0 0 0 0 0 0 0 0 0 0 0 0 0 0 0 -999 
P10901 2055 7 0 14 0 0 0 9 0 0 0 0 0 0 0 0 0 0 0 0 0 0 0 0 0 0 0 0 0 15 0 0 0 
P10901 2055 8 0 0 0 0 0 0 0 0 0 0 0 0 0 0 0 0 0 0 0 15 0 0 0 8 0 0 0 0 0 12 0 
P10901 2055 9 0 0 0 0 0 11 0 0 0 6 0 0 0 0 10 0 0 0 7 0 0 25 0 0 0 0 0 0 0 31 -999 
P10901 2055 10 30 0 0 24 32 0 0 11 11 21 38 0 0 0 0 42 53 36 9 31 10 0 0 7 0 10 0 5 0 9 12 
P10901 2055 11 9 0 12 0 25 41 46 37 22 0 13 19 10 14 0 15 37 0 0 7 4 23 25 14 0 0 55 45 127 81 -999 
P10901 2055 12 0 12 25 12 19 15 8 15 7 0 0 0 14 0 0 2 0 0 0 0 0 0 0 0 0 0 10 21 34 25 16 
P10901 2056 1 15 22 35 45 47 51 62 52 35 54 30 4 0 6 0 0 11 13 0 0 0 0 0 0 18 27 65 46 5 5 11 
P10901 2056 2 22 28 0 11 30 38 42 14 16 31 65 55 36 72 0 0 12 34 41 64 49 69 22 0 40 0 15 21 -999 -999 -999 
P10901 2056 3 0 30 0 0 39 73 55 51 0 71 65 0 0 83 59 0 0 15 34 66 0 0 0 19 0 9 28 55 42 27 0 
P10901 2056 4 0 0 32 0 7 0 0 0 0 15 0 5 0 26 0 0 7 19 0 0 5 2 0 0 0 0 0 10 4 0 -999 
P10901 2056 5 0 0 9 0 0 0 0 22 30 26 34 25 17 12 0 15 0 9 0 0 0 17 22 0 5 4 8 0 15 0 32 
P10901 2056 6 23 13 0 0 0 0 0 0 0 0 0 7 10 0 13 13 17 0 13 0 0 0 0 0 0 0 9 0 0 0 -999 
P10901 2056 7 0 0 0 0 18 11 0 10 0 0 0 11 0 0 0 0 0 0 0 0 0 12 0 0 0 0 0 0 0 0 0 
P10901 2056 8 0 0 0 0 0 0 0 0 0 0 0 0 0 0 0 0 9 0 12 0 0 0 0 15 0 9 13 0 0 0 0 
P10901 2056 9 0 8 6 0 0 0 31 26 17 0 11 6 0 0 0 0 0 0 0 0 7 16 11 5 0 0 0 0 0 0 -999 
P10901 2056 10 0 0 10 0 0 0 20 0 0 0 12 0 0 0 18 14 0 17 18 11 6 13 19 33 62 58 27 0 0 0 8 
P10901 2056 11 19 27 10 13 0 32 0 0 38 0 27 54 21 23 56 52 0 0 0 19 0 6 0 0 0 0 0 0 0 0 -999 
P10901 2056 12 0 0 0 0 0 0 0 0 0 0 0 0 0 0 0 18 19 41 25 14 0 0 0 0 0 0 0 43 0 20 48 
P10901 2057 1 41 59 32 22 33 20 0 0 13 16 32 11 0 7 8 24 0 37 51 0 0 6 0 6 0 18 43 114 98 31 20 
P10901 2057 2 9 0 0 0 0 0 0 0 19 0 0 0 0 10 0 0 17 8 0 0 0 0 0 15 29 29 40 0 -999 -999 -999 
P10901 2057 3 25 47 32 0 0 0 0 0 0 0 0 7 0 0 41 31 35 50 51 43 27 0 0 0 0 0 0 50 48 28 25 
P10901 2057 4 31 43 29 13 10 5 0 11 8 19 26 31 38 32 31 35 32 0 0 0 0 0 58 19 0 0 0 0 0 0 -999 
P10901 2057 5 24 0 16 21 26 17 0 24 36 0 0 0 0 0 0 5 0 6 0 18 34 0 0 0 0 0 23 0 0 0 0 
P10901 2057 6 0 0 0 14 0 5 0 0 10 0 0 0 0 12 0 0 3 0 0 0 0 19 10 0 0 0 1 0 0 0 -999 
P10901 2057 7 0 7 0 0 5 0 7 0 0 12 0 0 0 0 13 13 0 12 0 0 0 0 0 0 0 0 24 0 0 0 0 
P10901 2057 8 9 0 0 17 0 8 0 0 11 0 0 0 16 11 0 0 0 6 0 0 13 0 0 0 5 0 0 10 0 0 0 
P10901 2057 9 12 21 0 0 0 6 0 0 0 13 11 0 0 5 0 0 0 0 0 5 0 10 0 27 0 26 0 0 0 0 -999 
P10901 2057 10 13 13 19 0 22 0 0 0 0 11 10 18 39 19 0 5 0 0 0 0 22 20 19 17 39 35 65 31 39 0 0 
P10901 2057 11 7 0 0 0 0 0 0 15 23 0 40 47 84 31 12 0 0 0 24 34 21 5 0 0 0 0 33 69 22 54 -999 
P10901 2057 12 47 31 64 0 15 0 0 0 0 0 0 0 0 7 0 6 0 0 30 21 26 0 39 0 29 8 0 7 0 2 0 
P10901 2058 1 0 0 7 4 0 13 0 9 25 29 11 36 72 37 72 90 44 0 11 0 0 0 0 0 0 5 53 88 66 52 0 
P10901 2058 2 17 10 11 36 59 46 25 31 24 0 11 36 19 0 0 3 4 0 0 12 0 0 0 0 10 0 0 0 -999 -999 -999 
P10901 2058 3 0 7 0 0 0 0 0 0 12 0 0 28 8 0 0 0 0 25 26 0 0 0 0 0 0 0 0 0 0 0 0 
P10901 2058 4 40 0 0 0 0 0 0 26 15 19 0 0 36 0 0 0 0 17 11 9 0 0 15 32 35 33 0 17 21 0 -999 
P10901 2058 5 21 16 14 39 0 29 24 0 0 5 5 0 18 0 20 0 0 0 18 16 12 0 0 0 0 11 0 0 0 0 0 
P10901 2058 6 0 0 0 0 0 0 0 0 26 16 0 0 0 9 14 0 0 15 0 0 0 0 0 0 0 4 0 0 0 4 -999 
P10901 2058 7 0 10 0 0 0 0 0 0 0 18 0 0 0 0 0 0 0 13 0 0 0 0 0 0 17 0 0 0 0 0 0 
P10901 2058 8 0 8 0 22 0 0 0 0 0 42 0 15 0 0 0 0 0 0 0 0 0 0 0 0 0 4 0 0 0 0 0 
P10901 2058 9 0 0 0 0 0 0 24 0 0 25 0 0 0 0 0 0 0 0 0 7 8 0 0 0 0 0 0 0 0 21 -999 
P10901 2058 10 10 9 29 42 0 0 12 0 0 0 0 0 0 0 0 0 9 0 0 30 41 0 19 15 9 5 5 0 0 0 5 
P10901 2058 11 0 0 4 0 0 0 18 40 61 0 30 0 0 8 0 0 0 2 2 0 0 0 0 0 0 4 0 0 0 0 -999 
P10901 2058 12 0 0 0 8 0 0 12 0 0 0 0 0 0 0 0 4 0 4 0 0 0 0 0 0 4 0 14 13 0 5 0 
P10901 2059 1 2 0 0 0 0 0 35 0 21 0 2 0 0 0 0 15 21 0 0 0 0 0 0 0 0 0 0 0 0 0 0 
P10901 2059 2 0 0 0 0 0 0 0 0 0 0 13 22 27 15 14 4 3 0 0 0 0 3 5 0 0 0 3 0 -999 -999 -999 
P10901 2059 3 0 0 0 0 0 0 0 0 0 14 0 0 0 0 0 0 11 21 0 0 0 0 0 0 8 20 31 28 29 35 33 
P10901 2059 4 0 0 0 0 9 19 0 53 49 0 23 39 0 0 0 0 19 33 0 13 23 0 31 67 33 0 5 0 0 0 -999 
P10901 2059 5 1 0 4 0 0 5 0 2 0 0 0 0 13 16 0 27 0 0 39 12 0 0 16 32 29 19 0 0 0 8 0 
P10901 2059 6 26 13 0 0 14 0 0 21 9 0 12 0 0 12 8 11 0 0 0 0 0 0 0 0 23 0 15 10 0 11 -999 
P10901 2059 7 19 0 18 0 0 0 0 0 0 0 0 0 0 0 0 0 16 0 0 0 0 0 0 0 0 0 0 0 0 0 0 
P10901 2059 8 0 0 0 13 12 0 0 0 0 0 0 0 0 0 0 0 0 0 13 9 0 9 13 20 0 0 9 0 0 0 6 
P10901 2059 9 7 0 0 0 0 0 0 0 12 0 0 0 0 14 0 0 0 5 0 0 0 0 0 0 0 7 0 0 0 0 -999 
P10901 2059 10 0 28 0 16 0 19 0 12 9 3 0 0 6 0 10 0 0 14 5 22 0 0 0 0 8 15 0 41 0 23 20 
P10901 2059 11 11 17 28 28 0 4 0 0 0 0 0 0 0 0 11 0 11 13 10 8 0 0 0 0 0 0 0 0 0 0 -999 
P10901 2059 12 0 0 10 25 22 44 18 15 0 25 33 26 31 0 0 0 0 0 2 0 0 0 0 0 20 29 29 23 30 28 11 
P10901 2060 1 0 16 18 0 0 0 0 0 0 12 41 69 76 43 22 19 0 0 6 0 0 0 0 0 0 0 0 1 0 3 0 
P10901 2060 2 44 9 0 3 0 0 0 0 5 0 10 21 5 0 0 0 0 7 8 0 9 9 8 0 0 0 14 28 -999 -999 -999 
P10901 2060 3 24 26 14 0 0 0 27 22 16 15 14 8 0 4 0 4 0 0 5 12 27 31 44 41 0 17 0 29 37 25 8 
P10901 2060 4 25 16 16 0 0 11 0 18 37 43 20 0 14 18 38 45 14 10 14 0 0 10 0 0 0 0 37 0 0 0 -999 
P10901 2060 5 0 0 26 39 19 23 0 14 0 0 25 19 5 0 0 0 0 0 0 9 0 17 18 0 0 0 0 0 0 0 0 
P10901 2060 6 0 0 14 0 0 13 0 0 0 0 5 0 0 0 0 0 0 0 0 24 0 11 0 0 11 0 0 0 0 0 -999 
P10901 2060 7 0 0 0 0 0 0 0 0 0 0 0 0 0 0 18 0 0 16 0 0 0 8 0 0 22 0 0 0 0 0 0 
P10901 2060 8 0 0 0 0 0 0 0 0 0 0 0 0 0 0 0 0 0 0 0 0 12 0 4 0 0 0 0 0 0 0 0 
P10901 2060 9 0 0 0 0 0 0 0 0 0 0 0 0 0 18 0 16 18 0 0 0 10 0 0 0 0 14 25 0 14 0 -999 
P10901 2060 10 0 0 0 0 0 0 0 0 0 0 4 0 0 0 0 0 4 0 0 0 0 1 0 6 8 0 0 6 0 0 15 
P10901 2060 11 0 12 0 18 23 37 22 34 45 40 20 37 0 0 9 0 61 62 82 42 0 4 5 0 17 9 0 13 12 0 -999 
P10901 2060 12 10 10 0 16 21 49 52 9 0 0 5 4 0 0 0 0 0 10 0 7 0 0 17 21 0 12 0 30 25 28 0 
P10901 2061 1 11 13 17 12 0 0 32 0 20 0 9 11 0 0 0 0 0 0 0 0 0 9 8 9 0 0 0 0 0 0 4 
P10901 2061 2 0 14 13 7 6 0 4 0 0 0 36 30 16 16 17 0 0 0 0 8 0 0 0 11 22 0 19 26 -999 -999 -999 
P10901 2061 3 27 12 6 0 0 0 11 9 32 0 0 10 0 16 0 19 31 29 0 13 20 32 28 40 65 0 0 9 0 0 22 
P10901 2061 4 28 46 54 37 0 10 13 19 22 31 22 0 0 5 8 0 14 0 32 0 0 0 0 0 7 0 31 0 0 0 -999 
P10901 2061 5 20 0 10 9 11 0 0 8 0 0 0 6 13 0 24 20 0 0 0 0 0 0 0 0 0 0 0 9 0 22 0 
P10901 2061 6 0 0 0 0 0 0 0 0 0 0 0 0 14 20 0 0 0 0 0 0 0 0 0 0 0 0 12 16 8 0 -999 
P10901 2061 7 0 0 0 16 0 0 7 0 10 0 0 0 0 0 0 0 9 0 18 0 6 0 0 0 0 0 0 7 0 0 14 
P10901 2061 8 9 0 0 0 0 0 0 0 13 0 0 0 0 0 0 0 0 0 0 0 0 0 0 10 13 0 16 0 9 0 10 
P10901 2061 9 0 0 0 0 0 6 0 7 0 0 0 0 0 0 0 0 6 0 14 0 6 16 19 10 16 25 0 9 0 0 -999 
P10901 2061 10 0 0 0 0 0 11 0 0 0 15 0 0 0 0 0 32 0 0 30 49 0 0 44 67 13 0 11 34 57 25 0 
P10901 2061 11 0 40 7 0 19 0 18 23 42 58 32 0 4 0 0 30 42 19 0 3 0 0 0 0 0 0 6 33 36 9 -999 
P10901 2061 12 0 3 0 0 0 6 0 0 4 6 0 31 0 0 14 12 0 9 0 13 33 56 0 4 0 0 0 0 8 18 16 
P10901 2062 1 8 0 11 0 0 0 0 0 2 0 0 0 0 6 5 0 0 0 0 0 0 0 0 13 17 47 46 30 35 27 0 
P10901 2062 2 17 0 15 21 0 17 0 18 26 0 27 10 0 0 0 0 0 6 7 0 0 0 0 37 0 0 15 0 -999 -999 -999 
P10901 2062 3 8 7 16 30 31 0 5 7 8 0 41 53 92 139 0 0 7 0 40 0 0 15 35 0 0 0 0 0 0 10 0 
P10901 2062 4 5 0 0 0 0 0 0 0 35 13 12 9 0 3 11 18 0 0 11 0 0 0 7 8 13 21 25 30 32 55 -999 
P10901 2062 5 0 6 0 0 0 0 0 26 30 0 0 7 4 0 0 16 13 0 0 0 9 9 6 11 0 19 14 0 0 0 0 
P10901 2062 6 0 0 0 25 0 9 7 0 0 8 9 0 9 9 0 0 0 0 0 0 0 0 0 19 0 0 0 10 0 0 -999 
P10901 2062 7 0 0 0 0 13 0 0 0 0 0 0 0 16 0 0 0 8 0 0 0 24 0 0 0 0 0 0 0 0 0 0 
P10901 2062 8 0 0 7 0 0 0 0 0 0 0 0 0 0 0 0 0 0 0 0 0 0 0 0 0 0 4 0 0 0 0 0 
P10901 2062 9 0 0 0 0 0 0 4 0 0 10 0 0 11 0 0 0 0 0 0 3 6 0 12 12 0 0 0 0 0 0 -999 
P10901 2062 10 0 0 19 39 0 56 22 0 0 0 0 0 9 10 0 19 38 18 0 21 16 0 0 18 0 9 11 12 0 0 0 
P10901 2062 11 5 6 0 0 0 0 0 0 13 9 0 0 0 0 21 0 0 28 40 0 3 13 29 16 0 15 0 0 0 0 -999 
P10901 2062 12 8 19 0 0 0 0 13 0 15 24 26 26 0 0 7 0 27 73 19 0 0 0 0 0 0 2 0 7 0 0 0 
P10901 2063 1 38 31 32 21 14 42 44 68 90 32 16 15 21 25 0 46 0 44 62 32 36 57 0 17 0 42 0 0 0 37 0 
P10901 2063 2 74 28 0 28 7 22 0 6 0 0 43 0 0 46 50 45 16 0 0 0 1 0 0 0 0 0 0 0 -999 -999 -999 
P10901 2063 3 0 0 0 0 0 0 23 0 0 0 0 31 0 36 29 59 30 0 5 0 11 0 0 0 97 78 39 37 41 46 55 
P10901 2063 4 0 0 15 23 0 58 0 0 43 0 0 5 3 17 28 20 23 0 0 0 10 0 12 0 9 15 0 0 0 32 -999 
P10901 2063 5 31 30 21 8 0 10 0 0 0 0 0 23 33 23 0 0 9 9 0 15 0 0 0 21 0 0 0 0 0 0 0 
P10901 2063 6 0 9 0 19 0 0 0 0 0 0 0 0 17 0 0 0 0 0 0 13 15 0 0 0 0 0 0 11 0 0 -999 
P10901 2063 7 0 0 0 0 0 27 0 0 0 0 0 0 0 0 0 0 0 15 0 0 0 0 0 0 0 0 0 8 0 0 0 
P10901 2063 8 0 0 0 0 0 11 0 0 16 0 0 12 6 0 0 0 0 0 0 0 0 0 0 0 0 0 11 0 0 11 9 
P10901 2063 9 0 0 0 0 0 11 0 0 0 0 0 0 0 0 0 11 0 17 0 11 0 0 0 0 13 0 14 12 0 0 -999 
P10901 2063 10 0 0 6 5 0 0 0 0 0 0 0 12 0 62 0 8 0 0 0 10 0 11 0 0 0 21 0 0 0 0 0 
P10901 2063 11 0 5 5 0 0 0 0 0 0 0 0 0 16 22 0 0 0 0 8 0 0 0 0 0 0 0 0 0 3 0 -999 
P10901 2063 12 0 1 0 0 0 0 0 0 0 3 0 0 0 4 19 0 10 8 0 0 3 0 0 0 0 0 0 0 0 0 2 
P10901 2064 1 0 3 0 3 0 0 0 2 0 0 2 0 0 0 22 0 0 1 0 0 0 0 0 0 8 17 0 0 0 0 24 
P10901 2064 2 24 0 17 14 0 0 0 8 0 0 0 0 0 0 0 0 0 0 0 0 0 0 0 0 0 0 0 0 -999 -999 -999 
P10901 2064 3 9 0 0 0 0 21 24 30 34 40 27 0 0 26 39 36 57 38 26 0 0 24 15 11 26 46 22 9 15 19 16 
P10901 2064 4 16 0 0 55 34 33 0 20 0 0 0 23 20 19 26 0 0 0 0 17 0 26 0 40 0 21 0 0 14 18 -999 
P10901 2064 5 0 14 8 0 0 0 24 0 0 0 0 0 0 6 9 0 0 0 0 16 0 19 24 13 0 0 0 0 9 0 0 
P10901 2064 6 9 13 0 7 0 0 14 0 0 0 0 0 0 0 0 0 0 9 0 0 0 0 0 7 4 0 0 0 0 0 -999 
P10901 2064 7 0 0 0 0 0 0 10 0 0 0 0 0 0 17 0 0 0 0 0 0 0 0 0 0 0 0 0 0 0 0 0 
P10901 2064 8 0 0 20 0 0 0 0 0 11 0 0 0 0 0 0 0 0 0 0 0 0 0 0 0 0 0 0 7 0 6 0 
P10901 2064 9 35 0 0 0 0 0 0 0 0 0 0 8 11 0 19 0 11 12 0 13 21 31 0 0 0 0 0 0 0 0 -999 
P10901 2064 10 0 0 0 0 0 0 21 0 0 0 0 0 0 0 0 0 0 0 0 0 0 0 0 18 0 0 11 13 6 34 9 
P10901 2064 11 0 15 0 21 28 13 2 2 0 0 0 0 22 0 36 0 0 0 0 0 0 0 0 0 0 0 17 20 10 0 -999 
P10901 2064 12 11 16 0 0 0 37 35 91 101 48 17 13 23 16 0 18 8 0 0 0 0 0 0 4 0 0 0 0 0 0 0 
P10901 2065 1 0 0 0 5 8 0 0 12 20 23 19 18 0 44 0 14 8 0 0 5 0 0 0 0 0 0 0 8 19 15 23 
P10901 2065 2 20 0 0 0 0 0 13 14 6 0 0 33 58 66 65 52 65 60 48 62 0 10 0 4 15 0 0 0 -999 -999 -999 
P10901 2065 3 0 0 1 0 0 0 0 0 0 0 0 0 0 5 0 3 4 13 0 8 4 6 0 0 0 25 0 0 0 8 8 
P10901 2065 4 8 7 0 0 0 37 0 0 0 0 0 0 15 18 0 0 0 18 17 0 0 0 0 4 0 0 0 0 0 0 -999 
P10901 2065 5 5 0 0 0 0 0 0 0 0 0 0 11 0 0 0 0 0 0 16 26 0 19 0 8 0 15 14 0 20 19 0 
P10901 2065 6 0 0 0 0 0 0 17 13 0 11 0 5 0 0 0 18 0 6 0 5 0 0 0 0 0 0 0 17 0 0 -999 
P10901 2065 7 0 0 16 0 0 6 12 0 0 0 0 0 0 0 0 0 0 0 0 0 0 0 0 0 14 0 0 0 0 11 0 
P10901 2065 8 0 0 0 0 0 0 0 0 0 0 10 0 8 0 0 0 0 0 21 0 0 0 0 0 0 8 0 0 0 0 0 
P10901 2065 9 0 0 18 0 0 0 0 0 0 0 0 0 0 0 0 0 0 0 0 6 0 0 0 0 0 0 11 0 0 0 -999 
P10901 2065 10 0 0 0 0 0 35 34 0 38 0 17 21 14 11 37 0 0 12 0 49 24 11 40 80 30 25 0 0 27 47 0 
P10901 2065 11 0 3 0 9 0 7 8 0 0 0 0 0 0 0 0 0 2 0 0 14 46 56 0 0 0 12 27 34 0 13 -999 
P10901 2065 12 13 0 0 12 5 0 0 0 0 10 0 77 33 9 0 16 16 16 0 49 32 73 58 99 84 126 83 0 0 0 0 
P10901 2066 1 0 0 0 0 0 0 0 16 22 32 50 67 0 0 42 0 12 24 71 0 12 52 50 16 0 6 0 9 0 0 10 
P10901 2066 2 0 18 14 11 0 16 0 0 40 26 0 0 0 0 0 0 0 10 6 0 0 0 0 8 56 66 27 31 -999 -999 -999 
P10901 2066 3 22 12 4 0 0 0 0 0 0 0 0 0 5 5 0 0 0 0 7 0 0 0 0 0 14 25 0 0 0 0 15 
P10901 2066 4 27 0 0 0 0 15 11 0 0 6 0 0 26 18 17 19 21 0 7 15 0 9 10 10 16 0 0 0 46 36 -999 
P10901 2066 5 0 5 16 0 0 0 0 22 0 0 0 0 8 6 0 0 0 0 0 0 0 0 0 0 0 0 0 6 0 3 6 
P10901 2066 6 0 0 0 8 7 8 9 0 7 9 0 0 19 0 0 11 0 0 8 0 0 0 16 0 0 0 0 0 0 0 -999 
P10901 2066 7 0 0 0 0 0 0 0 0 0 0 0 0 0 0 0 0 0 12 0 7 0 0 0 13 0 0 0 0 0 0 0 
P10901 2066 8 7 0 0 17 0 0 0 0 0 0 0 0 8 0 0 0 0 0 10 0 0 0 0 0 0 0 24 0 0 0 0 
P10901 2066 9 0 0 0 0 0 0 0 7 0 0 17 0 0 0 0 0 6 0 0 0 0 14 18 22 0 0 0 11 15 19 -999 
P10901 2066 10 0 0 0 6 7 0 0 0 0 0 6 5 0 0 0 16 0 14 13 0 21 22 0 0 0 0 14 35 17 0 6 
P10901 2066 11 0 5 0 0 47 0 21 22 23 0 28 28 33 0 0 11 0 0 0 0 0 0 0 0 4 3 0 0 0 6 -999 
P10901 2066 12 4 0 0 14 0 3 0 0 5 0 8 14 0 48 84 96 105 115 65 37 36 21 0 0 6 9 0 0 0 58 72 
P10901 2067 1 18 0 40 11 0 16 14 0 0 0 19 30 0 22 33 0 0 36 42 104 82 105 61 53 81 65 107 42 19 24 46 
P10901 2067 2 42 24 0 25 0 0 24 42 18 39 59 18 37 66 55 7 8 37 91 62 58 31 19 0 0 62 52 0 -999 -999 -999 
P10901 2067 3 0 0 15 0 0 0 3 5 0 19 23 25 51 0 0 0 0 0 0 10 0 0 9 11 6 4 3 0 0 0 6 
P10901 2067 4 0 0 0 0 25 0 0 0 0 0 0 0 10 26 32 21 0 17 0 0 19 0 20 24 0 0 0 15 0 12 -999 
P10901 2067 5 0 23 20 0 0 11 0 0 11 16 0 0 0 0 0 0 0 0 0 25 0 0 13 8 0 14 0 11 0 19 0 
P10901 2067 6 14 0 34 14 0 0 17 13 0 0 16 0 0 9 11 0 16 0 0 0 0 0 0 0 0 9 0 0 0 0 -999 
P10901 2067 7 0 0 0 0 0 0 0 0 0 0 0 0 0 0 0 0 0 0 0 0 0 0 11 0 14 0 0 14 0 0 0 
P10901 2067 8 0 8 0 0 0 0 0 0 0 17 0 0 0 0 0 0 7 7 0 0 0 0 0 0 0 14 0 0 0 11 0 
P10901 2067 9 16 10 0 0 9 0 0 0 0 0 11 0 0 0 22 12 7 0 0 4 0 0 0 0 0 6 0 7 9 9 -999 
P10901 2067 10 11 10 9 9 0 0 0 7 0 15 0 11 7 0 0 0 0 0 0 0 0 0 0 0 0 0 0 0 0 0 0 
P10901 2067 11 24 0 0 10 19 16 0 0 1 1 0 0 0 0 0 9 0 0 0 0 0 0 14 23 32 3 0 0 0 20 -999 
P10901 2067 12 0 13 0 0 36 0 0 0 0 0 0 0 0 0 2 0 6 0 0 0 0 0 1 0 0 16 60 39 48 10 22 
P10901 2068 1 6 4 0 0 0 58 78 20 24 4 4 0 0 0 0 0 0 4 0 0 0 0 0 0 0 0 0 0 9 0 0 
P10901 2068 2 9 0 0 0 0 31 21 0 0 0 20 21 8 0 0 0 0 0 0 0 9 0 26 22 0 10 37 34 -999 -999 -999 
P10901 2068 3 0 36 0 26 88 79 0 0 44 29 9 0 0 11 6 12 0 0 32 0 11 36 64 0 0 18 0 7 0 13 43 
P10901 2068 4 34 28 0 0 5 0 12 49 52 27 0 10 16 0 0 5 6 0 0 0 0 0 25 16 0 0 0 0 10 0 -999 
P10901 2068 5 12 0 26 0 0 20 23 0 18 0 0 0 0 34 20 20 28 0 0 13 0 9 0 0 0 0 12 0 0 0 0 
P10901 2068 6 27 0 13 0 18 0 0 0 0 0 0 0 0 0 0 0 0 0 0 0 0 0 0 0 0 0 0 0 0 0 -999 
P10901 2068 7 0 0 0 0 0 0 4 0 11 12 0 0 0 0 0 0 0 0 0 11 0 0 0 0 6 6 0 9 0 0 0 
P10901 2068 8 6 0 0 0 0 0 7 0 0 0 0 0 0 16 0 0 0 0 0 0 0 0 0 0 15 0 12 0 0 0 0 
P10901 2068 9 0 6 0 11 0 0 0 0 18 29 0 0 0 0 14 18 17 0 8 0 0 0 10 9 8 8 0 0 0 0 -999 
P10901 2068 10 0 0 0 5 0 0 0 0 0 14 28 0 0 0 18 5 0 4 0 0 0 6 5 0 0 0 0 0 0 4 0 
P10901 2068 11 0 9 13 0 4 0 4 0 0 0 8 0 4 0 0 0 0 9 11 17 0 15 7 8 0 5 0 0 0 0 -999 
P10901 2068 12 0 0 0 0 0 0 24 0 41 0 0 0 27 75 47 0 0 0 0 12 10 0 0 18 33 56 0 0 17 14 0 
P10901 2069 1 28 44 37 0 0 0 0 0 0 0 3 0 5 0 9 0 0 0 0 0 11 0 2 0 0 0 11 22 41 6 11 
P10901 2069 2 0 0 27 50 95 22 19 50 74 0 0 0 11 0 0 0 0 0 0 12 0 28 11 7 0 0 0 0 -999 -999 -999 
P10901 2069 3 0 14 27 21 17 0 0 0 0 16 24 15 0 0 0 0 0 0 0 0 7 0 0 16 20 24 33 32 31 32 0 
P10901 2069 4 0 25 0 19 15 0 0 17 24 0 24 24 14 0 0 0 18 25 0 12 0 0 10 9 22 0 0 0 0 0 -999 
P10901 2069 5 6 7 8 0 0 2 2 0 0 10 0 15 23 23 26 0 0 22 0 0 27 0 7 0 0 0 0 0 0 0 15 
P10901 2069 6 0 0 0 0 7 0 0 0 15 0 0 0 0 0 0 0 10 0 0 5 0 0 15 0 11 0 0 0 5 0 -999 
P10901 2069 7 0 0 9 0 0 0 0 0 0 0 0 12 0 0 0 10 0 0 0 0 0 7 7 0 5 0 0 0 0 0 0 
P10901 2069 8 0 0 12 0 0 0 0 0 0 0 0 13 0 0 0 0 0 0 0 0 0 0 0 0 0 0 0 11 0 0 0 
P10901 2069 9 0 10 0 0 0 0 0 0 0 10 13 0 12 18 0 12 0 0 0 0 0 0 6 0 0 10 0 0 0 0 -999 
P10901 2069 10 0 11 0 10 0 0 0 15 0 0 0 13 0 13 20 0 16 24 57 43 36 18 34 8 0 0 44 60 56 0 0 
P10901 2069 11 14 0 0 44 0 0 42 0 45 0 0 16 31 0 0 0 0 0 0 0 33 44 10 0 0 0 0 12 10 0 -999 
P10901 2069 12 0 0 12 9 0 11 0 0 11 4 0 0 0 7 0 0 0 4 0 6 0 18 18 0 5 7 0 17 0 0 0 
P10901 2070 1 0 0 27 33 11 24 58 75 78 38 42 0 11 10 0 0 0 3 4 6 0 0 11 11 0 0 0 0 2 5 0 
P10901 2070 2 10 15 0 0 2 0 0 0 5 11 15 11 0 0 0 0 0 0 0 15 0 0 26 43 42 33 44 24 -999 -999 -999 
P10901 2070 3 0 14 8 9 0 0 0 0 0 0 32 18 0 26 59 38 0 39 67 62 89 68 0 23 0 13 14 27 0 26 0 
P10901 2070 4 10 0 27 20 9 9 0 30 46 0 0 11 15 31 27 0 24 32 23 10 19 24 28 18 0 12 29 0 15 14 -999 
P10901 2070 5 0 0 23 52 43 42 0 20 0 22 18 0 9 12 0 23 23 23 20 0 25 0 0 0 9 0 8 5 0 0 0 
P10901 2070 6 0 0 0 26 0 0 0 0 0 0 20 0 0 0 0 0 0 0 0 0 9 0 22 0 0 0 0 16 0 0 -999 
P10901 2070 7 0 0 0 0 0 0 0 0 0 0 0 0 0 0 0 0 0 0 0 0 8 0 0 0 10 0 0 0 0 0 0 
P10901 2070 8 0 7 12 0 0 0 0 0 0 9 0 0 0 0 0 0 12 0 0 0 16 0 15 8 11 16 0 0 0 8 0 
P10901 2070 9 0 0 18 6 0 0 0 0 0 0 0 0 0 0 0 10 0 0 0 9 0 0 0 0 0 11 0 0 0 0 -999 
P10901 2070 10 22 0 0 0 21 0 0 0 0 29 0 22 37 20 18 20 46 76 40 0 0 0 0 0 0 0 0 0 0 12 0 
P10901 2070 11 12 0 0 0 0 0 0 0 0 0 0 0 0 0 0 0 9 0 0 7 0 19 0 0 0 0 18 51 51 17 -999 
P10901 2070 12 16 41 16 9 0 0 0 0 0 15 53 0 25 21 0 8 21 17 19 0 14 47 0 0 0 0 0 18 39 86 31 
P10901 2071 1 12 9 11 16 0 0 0 13 17 36 32 21 28 0 13 0 0 32 22 15 0 12 12 0 18 27 41 17 0 0 0 
P10901 2071 2 0 8 0 10 26 0 0 0 23 42 0 48 34 9 0 0 38 34 25 22 0 0 6 9 12 17 0 10 -999 -999 -999 
P10901 2071 3 0 0 0 0 14 14 32 29 20 27 31 24 12 24 0 12 13 0 0 0 0 0 0 0 0 0 0 0 8 13 18 
P10901 2071 4 42 52 42 34 0 0 0 0 0 0 6 11 0 0 16 11 0 0 12 22 23 35 35 38 44 0 18 16 17 0 -999 
P10901 2071 5 0 17 0 0 0 33 33 0 0 15 10 10 0 0 9 0 0 6 10 0 8 0 13 13 0 21 0 0 13 0 0 
P10901 2071 6 20 14 0 0 0 0 0 9 21 21 15 0 0 35 30 0 0 30 0 0 0 0 0 5 0 0 0 0 0 0 -999 
P10901 2071 7 0 0 0 0 17 0 0 6 0 0 0 0 0 10 12 0 0 0 0 11 0 0 0 0 11 0 0 0 0 5 0 
P10901 2071 8 0 0 0 0 0 0 0 14 0 0 0 0 0 0 0 9 0 0 0 12 0 0 0 8 12 0 0 0 0 0 0 
P10901 2071 9 9 0 0 0 0 0 0 0 0 0 12 6 0 0 7 0 0 0 0 0 0 0 0 0 0 0 0 20 18 0 -999 
P10901 2071 10 0 0 0 0 6 3 0 13 0 0 15 0 0 13 23 39 38 0 0 0 0 0 29 0 0 0 0 22 31 0 35 
P10901 2071 11 32 44 59 57 36 0 19 0 0 0 0 0 0 0 7 20 0 9 5 24 32 0 0 23 21 0 0 0 9 7 -999 
P10901 2071 12 0 0 16 19 22 80 70 0 46 81 65 91 53 0 18 0 0 49 0 16 0 0 0 71 0 76 32 0 0 17 0 
P10901 2072 1 24 0 11 0 0 19 0 11 0 22 0 0 0 0 0 0 0 0 0 23 26 17 14 10 13 47 37 8 22 0 19 
P10901 2072 2 43 36 49 27 0 0 0 10 0 0 0 2 0 0 0 0 0 6 0 24 0 14 0 6 0 0 8 4 -999 -999 -999 
P10901 2072 3 0 0 6 0 0 0 0 3 0 0 4 4 0 0 10 0 0 19 21 20 19 14 18 0 0 28 35 0 41 33 24 
P10901 2072 4 13 0 9 22 15 0 0 2 12 0 9 6 0 0 0 6 0 0 0 8 0 20 0 6 5 0 0 0 0 17 -999 
P10901 2072 5 22 23 0 6 14 29 14 0 0 0 0 11 18 0 0 12 0 0 0 0 13 0 8 8 0 0 0 0 0 0 0 
P10901 2072 6 6 12 0 0 15 0 0 0 22 0 0 0 9 0 0 0 0 0 0 0 0 0 0 0 0 0 0 0 0 0 -999 
P10901 2072 7 0 0 0 13 10 0 16 0 0 0 0 6 0 0 8 0 0 0 0 10 0 0 0 0 0 0 0 0 0 0 0 
P10901 2072 8 0 0 0 0 0 8 0 0 0 0 10 0 0 0 23 0 0 0 0 11 0 0 0 12 0 18 0 0 0 0 0 
P10901 2072 9 0 0 0 0 0 0 0 13 11 0 0 0 0 0 0 0 0 0 0 18 32 0 0 0 23 33 21 0 0 0 -999 
P10901 2072 10 7 0 0 12 0 0 0 0 0 0 12 0 13 12 0 19 17 0 0 5 0 0 0 0 0 0 0 8 0 0 0 
P10901 2072 11 6 0 0 0 0 32 0 3 8 0 0 7 23 0 0 0 0 0 0 0 11 0 0 0 0 0 28 0 4 0 -999 
P10901 2072 12 0 0 0 0 7 0 0 14 0 0 0 0 0 11 11 14 0 9 0 36 94 0 14 17 45 57 13 0 0 22 29 
P10901 2073 1 8 0 0 0 1 0 1 4 0 0 0 0 0 0 0 14 0 0 18 0 0 0 0 7 8 0 9 0 0 8 10 
P10901 2073 2 22 49 45 30 30 24 6 0 0 0 0 0 15 10 23 0 0 0 13 2 0 0 5 0 0 28 34 19 -999 -999 -999 
P10901 2073 3 62 40 0 7 11 0 0 17 32 0 16 13 0 0 0 0 13 0 14 17 26 0 0 12 31 0 60 70 87 21 8 
P10901 2073 4 0 10 0 0 13 0 0 0 0 0 26 32 41 24 16 0 0 0 14 0 0 0 0 52 48 0 0 14 8 0 -999 
P10901 2073 5 0 13 0 9 0 16 0 0 7 0 0 14 33 67 0 0 34 13 0 0 0 5 6 0 0 0 0 0 0 0 0 
P10901 2073 6 0 0 0 0 0 0 0 0 6 0 0 0 0 0 0 0 0 0 0 0 0 0 0 0 0 10 17 0 0 0 -999 
P10901 2073 7 0 10 0 9 0 0 0 0 0 0 0 11 0 0 13 0 0 0 0 0 0 0 14 0 13 0 10 0 8 9 0 
P10901 2073 8 0 0 0 0 0 0 0 0 0 8 10 0 0 14 29 0 0 6 0 15 0 0 0 2 0 0 0 0 0 0 0 
P10901 2073 9 0 0 0 6 12 0 0 0 0 0 0 0 0 13 14 31 0 15 0 0 0 0 0 23 0 0 0 0 0 5 -999 
P10901 2073 10 0 0 0 0 0 0 30 25 31 0 0 0 0 12 0 4 0 0 0 10 0 0 0 0 2 0 0 0 0 0 0 
P10901 2073 11 0 26 10 7 4 0 0 0 10 0 0 0 0 0 21 50 0 19 52 0 57 55 20 0 18 21 0 0 0 0 -999 
P10901 2073 12 0 2 0 0 5 0 0 0 0 0 0 0 15 0 4 0 2 0 0 29 0 10 0 0 14 0 0 23 69 54 156 
P10901 2074 1 117 0 0 90 104 112 41 0 31 42 29 0 22 0 5 3 0 0 0 0 0 0 0 0 5 0 11 0 18 7 0 
P10901 2074 2 0 0 0 5 0 0 0 5 0 9 16 16 22 30 17 20 47 29 15 15 0 12 0 0 15 62 0 96 -999 -999 -999 
P10901 2074 3 84 16 8 10 12 31 0 31 0 13 0 0 32 7 11 0 8 0 12 0 25 46 24 37 25 11 1 0 0 9 20 
P10901 2074 4 15 19 19 22 0 0 0 0 0 16 8 0 16 0 0 53 0 20 35 40 19 10 12 0 7 8 0 13 0 0 -999 
P10901 2074 5 0 0 0 14 0 0 0 0 14 27 26 40 34 26 28 0 17 18 13 11 0 17 0 0 0 0 13 0 0 0 0 
P10901 2074 6 15 15 0 17 0 0 0 6 9 0 16 0 0 0 3 0 0 0 0 0 4 0 0 0 0 0 0 0 0 6 -999 
P10901 2074 7 0 0 0 7 0 7 0 12 0 8 0 0 0 0 0 0 0 0 0 0 0 0 0 9 0 0 0 9 0 0 0 
P10901 2074 8 0 0 8 11 0 0 0 0 0 0 0 0 0 0 0 0 0 0 0 0 10 0 0 0 0 0 0 0 0 0 0 
P10901 2074 9 0 0 0 0 0 0 0 0 0 8 0 0 0 0 0 6 0 0 0 8 7 0 0 0 0 0 0 0 0 0 -999 
P10901 2074 10 0 0 0 0 0 0 0 0 0 0 0 0 0 0 0 10 9 0 0 0 16 23 36 19 0 0 0 0 0 18 0 
P10901 2074 11 0 0 0 0 14 0 0 0 0 13 0 0 7 0 21 0 22 10 0 52 28 0 11 0 0 0 0 18 0 0 -999 
P10901 2074 12 0 0 0 0 0 0 0 4 0 0 35 46 37 14 9 4 2 0 7 8 10 0 0 0 0 1 1 6 15 34 13 
P10901 2075 1 4 0 0 1 0 0 1 3 9 14 13 19 0 13 33 27 0 0 0 10 9 0 10 0 0 0 0 0 5 0 2 
P10901 2075 2 0 0 0 26 30 48 49 0 44 25 58 85 78 10 7 0 0 0 0 0 0 0 16 23 38 0 0 4 -999 -999 -999 
P10901 2075 3 7 30 0 13 0 0 0 0 2 5 0 6 2 4 8 11 0 19 31 28 15 0 39 62 53 0 18 0 0 0 0 
P10901 2075 4 10 18 30 0 0 0 52 90 82 0 10 0 0 0 0 0 0 0 32 0 0 0 17 0 0 20 0 0 10 0 -999 
P10901 2075 5 0 22 32 0 10 0 0 8 0 14 0 23 0 0 0 0 0 0 5 0 0 0 0 0 0 0 7 0 0 6 0 
P10901 2075 6 0 0 0 21 10 0 12 0 0 16 0 0 0 0 0 6 0 0 0 0 0 7 0 0 0 0 0 0 0 0 -999 
P10901 2075 7 0 0 0 0 0 0 0 0 0 0 0 7 0 0 0 0 0 0 0 4 0 0 0 0 0 0 8 0 0 4 0 
P10901 2075 8 0 10 0 0 0 0 0 0 0 0 0 0 0 9 0 0 10 12 15 0 0 0 0 0 10 0 0 0 4 0 0 
P10901 2075 9 0 0 13 0 0 0 0 0 9 0 14 0 0 5 0 0 0 0 0 0 0 0 0 0 8 0 7 0 11 0 -999 
P10901 2075 10 0 20 18 22 18 0 26 56 58 27 0 0 0 0 0 0 0 11 0 0 3 0 0 0 0 0 0 0 32 38 35 
P10901 2075 11 13 0 0 10 0 42 0 16 0 5 0 14 0 29 59 47 0 0 22 0 0 38 29 21 7 0 0 0 3 0 -999 
P10901 2075 12 4 0 0 39 25 0 0 0 38 12 15 0 0 13 29 20 15 21 15 6 0 0 2 0 0 0 0 0 0 0 0 
P10901 2076 1 0 0 0 0 0 10 9 6 6 8 6 5 0 0 0 0 0 0 0 0 4 0 0 0 0 0 0 4 12 13 22 
P10901 2076 2 56 0 0 0 0 0 0 0 0 0 0 0 0 0 5 0 4 0 0 20 27 7 0 0 0 0 0 11 -999 -999 -999 
P10901 2076 3 17 15 0 0 20 20 23 0 0 35 0 0 4 0 0 0 0 0 13 11 0 21 27 0 18 17 0 7 4 0 0 
P10901 2076 4 4 7 0 10 0 0 13 0 15 22 12 16 23 19 41 38 24 23 0 0 0 6 0 12 0 22 18 11 5 0 -999 
P10901 2076 5 22 40 24 0 15 11 12 7 0 3 0 0 0 44 17 0 16 0 0 0 0 0 10 0 17 0 0 0 0 0 10 
P10901 2076 6 16 0 0 0 0 0 0 0 0 0 0 0 0 0 0 0 0 0 0 0 0 12 0 0 0 0 0 0 3 0 -999 
P10901 2076 7 0 0 0 0 0 0 0 8 0 0 0 16 0 0 0 0 0 0 0 0 6 0 0 0 0 0 0 16 0 0 0 
P10901 2076 8 0 0 0 0 0 0 0 0 0 0 0 0 0 17 0 0 0 0 0 4 0 0 0 0 0 0 0 0 20 0 0 
P10901 2076 9 25 12 0 0 0 0 0 0 0 0 0 0 0 0 0 0 0 0 6 15 0 0 17 0 0 0 8 0 7 0 -999 
P10901 2076 10 0 0 0 0 0 12 14 0 0 0 7 0 0 0 0 0 0 0 0 0 0 0 0 0 0 13 0 0 31 0 0 
P10901 2076 11 0 0 0 0 0 0 5 0 9 0 0 16 15 0 8 0 14 17 0 24 20 34 27 9 0 0 29 50 25 17 -999 
P10901 2076 12 13 0 2 0 0 0 5 21 40 41 37 50 25 10 7 22 19 5 0 0 0 0 0 0 0 6 0 17 12 5 0 
P10901 2077 1 0 0 0 0 0 0 3 4 22 0 0 0 0 0 30 0 0 0 0 3 8 5 0 0 0 6 0 0 0 3 18 
P10901 2077 2 26 23 23 35 21 13 0 29 19 0 0 0 0 0 13 25 39 62 88 36 24 9 0 0 25 20 9 0 -999 -999 -999 
P10901 2077 3 4 0 11 12 0 31 0 35 17 23 20 22 11 9 9 0 0 16 35 0 0 0 0 32 0 11 0 0 0 0 0 
P10901 2077 4 0 17 0 1 0 0 0 0 4 0 0 0 0 9 14 21 0 19 19 18 11 12 0 0 0 23 47 17 5 7 -999 
P10901 2077 5 0 29 0 10 0 0 15 27 28 0 0 0 0 0 0 0 0 0 0 24 12 11 0 0 0 0 0 0 0 0 0 
P10901 2077 6 0 26 0 20 0 0 16 0 19 11 8 0 16 0 0 0 0 6 0 0 0 0 5 11 0 0 19 0 0 11 -999 
P10901 2077 7 0 16 0 0 0 0 0 0 0 17 0 0 0 0 0 0 0 0 0 0 6 0 0 25 0 10 0 0 0 0 0 
P10901 2077 8 0 0 0 0 0 11 0 0 0 0 0 0 5 0 0 0 0 0 0 0 0 0 0 0 0 0 0 0 18 0 0 
P10901 2077 9 0 0 17 15 14 0 0 0 17 16 0 0 0 0 10 0 0 0 0 0 0 0 14 13 12 0 0 0 18 0 -999 
P10901 2077 10 17 26 30 0 4 0 0 0 14 0 0 7 0 0 0 0 0 0 27 0 0 25 32 31 0 0 0 0 0 12 20 
P10901 2077 11 27 22 19 15 0 0 9 18 58 57 42 0 0 19 0 25 21 0 8 29 25 9 30 35 0 0 0 0 0 19 -999 
P10901 2077 12 22 0 44 43 21 43 47 92 0 22 72 0 0 0 0 0 0 5 0 4 0 0 0 0 0 0 15 0 0 6 25 
P10901 2078 1 0 94 92 77 39 59 0 0 58 36 22 16 50 34 41 0 27 0 9 0 0 10 5 0 7 6 0 2 4 4 2 
P10901 2078 2 0 7 6 0 0 0 0 0 0 0 0 0 1 0 4 0 0 7 0 0 8 0 0 13 47 81 36 22 -999 -999 -999 
P10901 2078 3 5 7 22 18 6 0 0 39 0 0 11 0 16 18 51 53 61 77 0 76 56 37 24 40 0 22 17 0 0 0 14 
P10901 2078 4 38 30 11 11 0 24 0 20 12 15 0 0 26 37 16 0 15 11 18 0 0 0 0 30 34 0 0 5 0 0 -999 
P10901 2078 5 30 63 31 15 0 0 0 0 19 0 0 20 20 23 11 0 21 28 0 0 0 0 0 0 0 0 10 16 0 0 5 
P10901 2078 6 18 0 21 18 0 0 0 0 9 8 0 0 0 0 0 15 0 8 0 0 0 0 0 0 0 0 0 0 0 8 -999 
P10901 2078 7 0 10 0 0 0 0 14 0 0 0 0 0 0 0 0 0 0 0 0 0 16 9 0 0 0 0 0 0 0 0 0 
P10901 2078 8 0 0 0 0 0 0 0 0 15 0 0 0 0 0 0 0 0 0 0 0 0 17 0 0 0 0 0 0 0 0 0 
P10901 2078 9 0 0 8 0 12 0 11 0 0 0 0 0 0 0 11 10 0 17 0 7 0 0 0 0 0 0 0 4 0 0 -999 
P10901 2078 10 3 0 0 0 8 8 9 4 0 0 0 0 0 17 32 0 0 38 0 22 51 0 0 14 14 5 0 0 0 0 12 
P10901 2078 11 28 27 8 5 0 0 0 0 0 6 0 0 6 13 0 14 23 39 15 5 0 0 0 0 0 0 0 0 0 0 -999 
P10901 2078 12 0 0 0 5 6 0 0 0 6 14 33 28 13 13 15 0 0 10 0 0 10 20 10 23 0 41 89 72 27 80 103 
P10901 2079 1 29 8 17 30 0 0 0 0 0 0 0 3 0 0 0 0 0 0 5 0 7 8 0 1 0 0 0 0 0 0 0 
P10901 2079 2 0 0 0 0 11 0 0 0 0 0 0 0 3 0 0 0 0 0 0 4 0 8 0 0 0 9 9 0 -999 -999 -999 
P10901 2079 3 18 14 8 7 20 15 0 0 0 0 0 0 8 7 0 0 0 2 0 0 0 0 7 10 0 11 11 5 0 0 0 
P10901 2079 4 0 15 0 27 32 0 0 0 17 11 0 0 18 25 39 0 15 12 15 0 28 0 0 28 0 8 8 0 0 0 -999 
P10901 2079 5 0 0 0 0 27 17 0 0 0 10 15 0 15 0 0 0 0 0 0 0 0 0 0 0 0 0 0 0 5 0 0 
P10901 2079 6 18 0 6 9 0 0 0 0 10 0 0 0 0 0 0 0 0 0 0 0 0 12 13 0 0 0 0 0 0 0 -999 
P10901 2079 7 0 4 0 0 0 0 0 0 0 12 0 0 14 0 16 0 0 0 0 0 0 0 0 0 0 0 0 0 0 0 0 
P10901 2079 8 0 0 0 0 11 0 0 0 0 0 0 6 0 12 0 0 0 0 0 0 0 0 0 0 0 0 5 0 0 0 0 
P10901 2079 9 0 0 0 0 10 0 0 0 0 5 10 0 0 0 0 0 0 0 0 0 0 8 0 0 0 0 0 0 0 0 -999 
P10901 2079 10 0 0 0 0 0 0 0 7 0 0 0 0 0 0 0 0 0 0 11 0 20 0 21 0 0 25 23 0 0 0 0 
P10901 2079 11 22 0 17 0 42 0 53 24 0 0 0 0 17 31 0 26 46 46 28 15 11 10 20 0 30 0 0 0 2 7 -999 
P10901 2079 12 11 37 0 30 12 0 7 0 0 0 0 0 2 0 0 0 0 0 0 0 0 0 0 0 0 0 5 0 12 13 0 
P10901 2080 1 0 0 0 0 0 0 0 0 0 0 0 0 7 8 7 0 2 0 0 0 0 0 2 0 0 0 11 0 22 0 0 
P10901 2080 2 0 4 5 10 21 18 20 26 51 70 89 53 52 0 7 10 0 0 47 60 52 0 0 0 2 0 6 17 -999 -999 -999 
P10901 2080 3 0 35 0 22 30 31 32 35 96 108 67 48 19 0 0 0 0 0 0 0 0 0 3 6 9 11 0 0 16 0 16 
P10901 2080 4 0 0 4 0 0 7 0 20 38 0 36 55 17 6 0 0 7 0 0 16 0 32 44 32 23 19 0 0 0 0 -999 
P10901 2080 5 0 0 0 0 16 12 13 0 0 0 13 27 0 23 23 27 0 0 22 0 0 17 15 0 0 0 0 0 0 26 0 
P10901 2080 6 0 0 0 22 23 20 0 4 0 4 0 6 14 0 0 0 0 0 0 0 0 11 0 0 0 12 11 16 0 0 -999 
P10901 2080 7 0 7 0 4 0 0 0 0 12 0 0 0 10 0 0 0 0 0 0 0 0 10 0 0 0 0 0 0 0 0 0 
P10901 2080 8 0 16 0 0 0 0 0 0 0 0 0 0 0 0 0 0 0 6 0 12 0 5 0 0 0 0 0 9 0 15 0 
P10901 2080 9 0 0 23 0 0 9 0 12 0 0 0 0 0 5 4 7 0 0 0 6 0 0 0 0 0 0 15 0 0 0 -999 
P10901 2080 10 0 24 27 36 52 46 23 49 31 0 0 35 45 0 37 0 0 3 0 12 0 0 0 0 0 0 0 8 0 0 13 
P10901 2080 11 30 0 29 18 33 21 6 0 18 17 0 0 0 20 0 0 11 13 11 11 8 6 0 0 0 0 7 4 0 0 -999 
P10901 2080 12 22 25 57 38 55 46 55 50 0 0 0 0 8 0 0 0 0 0 0 0 3 5 0 7 0 56 0 0 18 0 27 
P10901 2081 1 60 45 112 64 0 0 2 3 0 8 0 0 0 0 17 10 0 0 16 56 68 0 33 0 17 0 30 19 26 10 0 
P10901 2081 2 12 6 13 0 0 42 35 28 20 9 0 0 0 6 0 7 0 9 11 17 15 0 20 63 0 0 0 0 -999 -999 -999 
P10901 2081 3 17 0 28 52 33 0 15 12 36 36 0 15 15 16 21 0 37 84 52 64 45 80 62 43 13 9 30 0 36 33 57 
P10901 2081 4 0 0 16 12 15 14 20 16 18 23 40 0 0 12 32 31 7 18 17 18 0 18 0 0 0 16 11 35 34 42 -999 
P10901 2081 5 54 36 24 22 29 0 0 21 36 52 0 14 26 37 31 20 0 5 0 9 17 0 0 0 9 0 0 0 0 19 24 
P10901 2081 6 14 0 5 0 0 0 7 8 9 0 0 0 21 0 10 13 0 0 23 12 0 0 0 0 0 0 0 11 11 17 -999 
P10901 2081 7 0 0 0 0 0 0 0 0 0 0 0 0 0 0 0 0 0 0 0 13 0 0 0 0 14 0 0 0 0 14 0 
P10901 2081 8 0 0 0 0 15 0 9 0 17 0 0 0 0 0 0 0 0 0 9 0 7 0 0 0 0 0 5 0 0 0 0 
P10901 2081 9 0 0 0 0 0 0 0 0 0 0 9 7 0 10 0 8 0 24 15 0 0 0 10 0 0 0 0 3 0 0 -999 
P10901 2081 10 10 0 0 0 0 8 0 0 0 0 21 0 17 12 6 0 0 3 6 0 0 0 5 0 0 0 0 0 0 0 10 
P10901 2081 11 13 17 0 63 31 0 0 1 0 0 0 0 0 8 0 0 71 92 68 12 6 0 6 0 20 0 0 0 29 41 -999 
P10901 2081 12 20 0 23 13 22 71 0 66 49 0 20 53 81 60 0 0 0 13 0 0 0 9 0 10 0 0 23 0 0 0 0 
P10901 2082 1 23 0 0 0 0 9 0 10 14 0 0 0 28 15 10 0 28 45 0 0 0 93 47 26 37 0 47 0 0 2 0 
P10901 2082 2 0 0 0 0 2 0 0 0 0 0 0 0 6 17 2 0 2 0 0 0 0 6 5 0 29 33 25 27 -999 -999 -999 
P10901 2082 3 23 32 0 0 28 0 0 0 16 12 0 0 0 22 15 10 5 0 24 52 17 0 9 27 27 21 11 0 37 30 0 
P10901 2082 4 0 0 0 13 0 0 15 0 18 0 0 0 0 0 0 17 0 11 8 0 0 8 10 0 0 0 0 0 9 0 -999 
P10901 2082 5 28 13 0 2 0 0 17 25 20 12 0 7 18 33 0 0 15 20 0 0 0 0 0 0 0 4 0 0 0 0 0 
P10901 2082 6 0 0 0 7 0 0 0 0 11 0 0 0 19 0 9 0 0 0 15 0 11 0 5 0 0 0 0 0 0 0 -999 
P10901 2082 7 0 0 7 0 0 0 12 0 0 0 0 9 0 15 0 0 0 0 0 0 0 0 0 0 0 0 0 0 0 0 0 
P10901 2082 8 0 0 0 0 0 0 0 0 0 0 0 18 0 0 0 0 0 0 0 0 0 0 8 11 0 18 0 0 0 8 0 
P10901 2082 9 0 0 0 0 0 0 0 0 0 0 14 0 0 0 0 0 0 0 0 0 0 0 0 0 15 0 0 0 19 0 -999 
P10901 2082 10 10 0 0 0 0 0 0 0 0 0 0 0 0 0 0 14 5 12 0 0 0 0 0 16 0 0 2 0 0 0 15 
P10901 2082 11 0 60 59 19 0 12 0 8 9 0 0 10 0 0 0 36 94 89 28 0 1 0 0 0 2 0 0 0 0 0 -999 
P10901 2082 12 0 23 0 0 0 0 0 0 0 0 11 0 0 3 0 0 30 28 23 12 0 6 0 0 0 0 0 0 0 0 0 
P10901 2083 1 20 31 0 41 25 8 0 14 0 14 0 6 5 0 0 19 20 26 28 23 0 0 11 5 0 0 3 0 13 13 15 
P10901 2083 2 14 35 28 15 8 8 35 37 20 44 53 33 20 0 0 0 47 115 93 64 52 41 0 21 65 122 75 35 -999 -999 -999 
P10901 2083 3 36 20 22 23 4 0 10 20 20 6 0 9 0 19 28 25 9 0 8 17 25 39 60 92 71 0 78 0 0 0 0 
P10901 2083 4 14 0 13 11 18 20 41 0 0 0 0 0 15 27 0 24 21 8 5 0 6 0 0 0 0 0 0 14 0 0 -999 
P10901 2083 5 0 0 0 9 14 0 30 24 0 17 0 27 0 18 0 31 28 0 0 30 12 0 12 0 0 36 70 0 19 0 25 
P10901 2083 6 28 0 15 9 14 11 9 0 15 0 0 0 0 0 0 0 0 0 0 0 0 0 0 13 0 0 0 0 0 0 -999 
P10901 2083 7 0 0 0 14 0 0 0 6 0 0 0 15 15 0 0 0 0 0 0 0 0 0 0 0 0 4 0 0 9 0 0 
P10901 2083 8 0 0 0 0 0 0 0 0 0 0 11 0 17 0 0 0 0 8 0 10 0 0 0 0 0 0 0 0 0 10 0 
P10901 2083 9 0 0 0 0 0 0 0 0 0 0 0 0 0 0 0 18 0 10 0 0 0 0 0 0 11 0 0 0 0 0 -999 
P10901 2083 10 11 15 0 0 31 0 0 0 0 0 12 6 4 5 8 0 7 0 7 0 0 0 31 0 15 0 6 0 8 0 7 
P10901 2083 11 10 0 21 0 0 19 15 20 0 0 0 0 57 0 0 0 32 32 0 0 0 0 0 7 0 0 6 6 9 14 -999 
P10901 2083 12 23 21 14 0 24 0 40 71 113 22 15 16 0 0 82 0 15 0 19 30 18 0 0 0 0 7 0 0 6 8 0 
P10901 2084 1 9 0 10 11 4 0 0 0 0 7 5 0 0 0 0 0 21 20 0 8 19 36 0 0 26 58 40 36 24 39 31 
P10901 2084 2 13 7 5 6 0 11 16 27 0 31 0 11 19 0 9 4 0 0 0 0 0 0 0 0 14 29 49 0 -999 -999 -999 
P10901 2084 3 0 23 28 33 0 0 0 0 0 0 14 0 0 14 24 0 77 54 19 0 11 0 11 0 0 0 0 0 0 13 12 
P10901 2084 4 0 0 23 0 38 20 10 7 0 16 0 0 0 22 0 0 0 0 4 5 10 15 4 0 0 8 0 0 0 18 -999 
P10901 2084 5 6 0 10 17 0 0 0 12 4 0 0 0 0 0 0 0 0 0 0 0 0 0 14 0 20 0 0 14 0 0 0 
P10901 2084 6 0 0 0 0 13 0 0 0 7 0 0 21 0 0 0 0 11 8 0 0 0 0 9 0 0 0 11 0 15 21 -999 
P10901 2084 7 0 0 0 0 0 0 0 0 0 0 0 0 0 0 0 0 0 0 0 0 0 0 0 9 0 0 0 12 0 10 0 
P10901 2084 8 6 11 0 0 0 6 0 0 0 6 0 0 0 0 12 0 0 0 0 0 0 0 0 0 0 14 0 0 0 0 0 
P10901 2084 9 0 0 0 0 0 0 11 0 0 0 0 0 0 0 0 37 0 0 0 0 4 0 0 5 3 3 0 0 0 6 -999 
P10901 2084 10 9 0 0 31 18 5 0 10 9 0 0 0 0 7 0 0 0 0 0 10 10 0 0 0 12 0 0 36 76 69 53 
P10901 2084 11 24 24 58 0 17 0 0 0 62 25 6 2 0 8 9 12 17 15 16 7 0 0 0 0 0 0 0 23 31 0 -999 
P10901 2084 12 19 12 0 0 26 0 0 44 36 46 50 58 80 54 29 0 24 11 0 0 0 0 0 0 0 0 0 25 27 14 0 
P10901 2085 1 2 0 0 0 0 0 0 0 0 0 0 0 0 0 6 33 28 0 10 0 0 0 56 0 35 8 0 15 8 7 0 
P10901 2085 2 3 0 0 0 14 23 0 19 14 26 47 54 38 16 0 0 2 0 0 8 0 0 10 0 0 0 0 0 -999 -999 -999 
P10901 2085 3 0 0 0 0 7 0 4 0 35 0 36 59 79 42 39 39 0 0 0 4 0 0 0 19 19 0 0 0 0 0 0 
P10901 2085 4 0 3 0 0 8 0 0 21 23 21 24 45 33 0 45 0 0 18 17 0 0 3 0 8 15 10 0 6 0 27 -999 
P10901 2085 5 32 0 0 0 16 0 36 35 37 0 13 14 0 25 15 0 0 0 0 0 0 0 9 13 13 12 0 0 0 0 0 
P10901 2085 6 0 0 0 0 0 0 0 0 16 0 0 0 0 0 0 0 0 0 0 0 0 0 8 0 0 0 0 0 0 0 -999 
P10901 2085 7 6 9 0 0 0 0 0 0 0 8 0 0 0 0 0 11 0 10 0 0 16 0 0 0 0 0 0 0 0 0 0 
P10901 2085 8 0 0 0 0 0 0 0 11 0 0 0 0 0 9 0 0 0 0 0 14 8 0 0 0 0 0 0 0 0 0 0 
P10901 2085 9 0 0 0 21 0 18 0 0 0 0 0 0 9 0 2 0 0 6 0 0 0 0 0 0 0 0 0 0 2 6 -999 
P10901 2085 10 0 23 22 0 6 0 0 7 7 0 16 0 13 14 14 0 0 17 0 0 0 12 6 9 0 20 0 33 18 58 24 
P10901 2085 11 0 0 0 14 12 0 0 0 0 4 6 0 0 0 6 0 63 0 17 37 34 40 19 0 0 3 0 33 44 0 -999 
P10901 2085 12 63 55 13 12 0 48 30 0 0 0 0 10 17 18 7 0 0 16 0 9 0 28 0 0 3 0 0 1 0 9 8 
P10901 2086 1 0 4 10 12 0 0 0 12 0 6 0 0 13 32 34 11 20 58 41 26 13 0 0 0 19 10 0 0 4 0 13 
P10901 2086 2 16 0 40 23 0 18 33 40 20 0 0 0 23 0 0 20 16 4 0 0 0 0 0 7 0 4 0 0 -999 -999 -999 
P10901 2086 3 0 0 0 0 0 3 0 0 6 0 0 0 0 15 3 0 0 8 0 4 0 0 0 4 7 0 6 11 0 0 0 
P10901 2086 4 0 0 0 0 0 0 0 0 0 0 5 0 20 0 0 0 0 0 11 7 0 0 0 0 0 0 0 0 0 0 -999 
P10901 2086 5 24 0 0 43 39 14 0 0 0 0 0 0 9 0 0 0 0 0 8 0 0 0 16 9 16 0 0 0 0 0 0 
P10901 2086 6 8 5 0 0 0 5 0 0 0 0 5 0 0 0 0 0 0 23 23 14 8 0 0 5 0 0 0 0 0 0 -999 
P10901 2086 7 11 14 0 12 0 0 0 0 0 16 0 0 14 0 0 11 0 0 0 0 0 0 0 0 0 0 0 0 0 0 0 
P10901 2086 8 10 0 0 10 0 0 0 0 0 6 0 0 0 0 0 0 10 12 0 0 11 0 0 0 0 15 0 0 0 0 9 
P10901 2086 9 0 0 13 0 0 6 0 0 0 0 0 0 0 23 0 9 12 0 0 0 0 0 16 0 0 0 0 0 0 0 -999 
P10901 2086 10 4 0 14 24 0 0 0 0 0 0 0 30 0 0 7 0 0 0 0 0 6 9 0 0 0 18 0 11 0 0 27 
P10901 2086 11 6 14 39 0 0 20 0 0 0 0 0 0 0 0 0 0 0 11 32 39 37 0 5 0 0 0 8 0 28 9 -999 
P10901 2086 12 11 6 0 0 0 0 0 0 0 0 0 0 0 7 9 5 0 0 28 47 18 61 97 75 13 18 0 0 0 0 0 
P10901 2087 1 0 0 0 0 9 0 26 64 55 0 20 0 0 1 0 1 4 5 0 0 0 0 20 0 0 0 0 0 0 16 31 
P10901 2087 2 34 20 6 0 0 0 0 0 0 0 8 6 0 15 14 7 0 0 0 1 0 0 0 8 11 18 20 27 -999 -999 -999 
P10901 2087 3 53 73 0 21 0 13 0 35 27 31 41 34 23 0 0 0 0 11 17 22 0 38 40 0 0 10 0 0 12 0 0 
P10901 2087 4 0 0 0 8 0 0 5 0 0 0 11 9 0 0 23 73 42 0 0 0 0 55 37 0 39 36 0 11 0 5 -999 
P10901 2087 5 0 5 0 0 15 18 17 19 12 0 19 0 0 11 19 0 0 0 10 0 0 0 0 0 0 21 25 0 0 0 15 
P10901 2087 6 15 0 0 0 0 0 0 0 0 15 0 0 0 0 0 0 0 18 0 0 0 0 10 0 0 0 11 5 0 0 -999 
P10901 2087 7 0 0 0 0 0 0 0 0 0 0 0 5 0 0 0 0 8 0 0 0 0 0 0 0 0 0 0 0 0 0 0 
P10901 2087 8 0 0 0 0 0 0 0 0 0 0 0 12 0 0 0 0 5 5 0 0 14 0 0 11 13 0 0 0 0 0 0 
P10901 2087 9 0 0 0 9 15 0 0 0 0 0 0 12 0 0 0 0 0 12 18 11 0 0 0 0 3 0 0 0 0 0 -999 
P10901 2087 10 0 0 18 32 0 22 0 0 0 0 15 0 0 0 0 0 0 0 0 0 0 0 0 0 0 0 0 7 7 0 6 
P10901 2087 11 0 0 0 0 0 0 1 0 0 0 0 3 0 0 0 0 3 0 6 0 4 0 3 0 8 0 0 0 0 11 -999 
P10901 2087 12 0 0 0 0 0 0 7 22 13 0 0 0 0 0 0 4 0 0 0 0 0 14 47 53 15 41 42 0 28 53 21 
P10901 2088 1 17 0 33 11 0 0 6 0 0 0 0 0 0 0 0 0 0 0 0 0 0 0 0 0 0 10 17 0 0 0 0 
P10901 2088 2 0 0 8 0 18 24 34 51 71 26 0 0 0 0 13 0 13 17 13 0 0 0 0 0 20 22 23 13 -999 -999 -999 
P10901 2088 3 24 30 0 39 18 0 0 7 8 0 0 0 0 0 0 0 0 0 12 0 6 7 10 0 18 15 34 18 4 0 0 
P10901 2088 4 2 3 0 0 25 34 36 40 27 22 0 28 27 0 25 0 0 14 0 0 14 25 32 22 0 0 0 9 10 0 -999 
P10901 2088 5 14 18 18 28 0 16 18 0 27 0 0 16 0 14 0 0 0 0 0 11 6 0 0 0 0 0 0 0 0 0 0 
P10901 2088 6 0 5 0 0 0 0 0 0 0 0 0 9 0 0 0 0 0 0 0 0 0 0 0 7 9 0 0 0 0 0 -999 
P10901 2088 7 0 0 0 0 0 0 0 0 0 0 0 0 0 0 0 0 0 0 0 0 17 0 0 0 10 0 0 0 0 0 0 
P10901 2088 8 14 0 0 20 0 0 0 0 0 0 0 0 0 0 0 20 0 0 0 0 0 0 0 0 0 0 14 0 7 11 0 
P10901 2088 9 26 0 0 6 0 12 0 0 0 20 22 0 0 0 14 17 0 0 0 0 0 0 0 0 0 0 0 0 0 6 -999 
P10901 2088 10 0 0 0 0 10 0 8 14 0 12 0 0 0 9 0 0 0 0 0 0 15 17 0 26 34 50 72 39 11 7 0 
P10901 2088 11 0 0 0 0 0 2 5 0 0 13 31 0 13 10 26 0 17 82 35 0 4 0 0 0 0 0 0 0 39 0 -999 
P10901 2088 12 0 0 13 20 0 0 28 35 17 0 0 4 0 0 4 0 0 0 0 0 8 0 0 0 21 0 11 0 0 0 0 
P10901 2089 1 0 0 0 0 16 19 22 42 63 68 80 88 84 0 0 0 0 0 0 1 3 6 6 0 0 0 0 0 0 7 11 
P10901 2089 2 0 28 0 18 0 0 44 74 142 40 22 40 82 46 11 4 0 0 0 0 0 0 0 0 9 0 15 0 -999 -999 -999 
P10901 2089 3 14 0 35 0 25 0 0 13 17 0 15 9 17 32 40 45 45 35 14 0 17 0 7 22 73 77 24 27 0 35 80 
P10901 2089 4 86 81 34 7 3 0 0 0 0 4 0 0 0 0 15 16 0 0 13 18 31 28 0 22 45 45 31 0 11 0 -999 
P10901 2089 5 25 0 0 0 0 15 0 14 0 0 0 6 6 0 0 0 0 0 0 15 0 0 0 0 23 0 10 0 0 7 0 
P10901 2089 6 0 0 0 0 0 0 0 0 0 0 0 0 0 0 0 0 8 7 0 0 0 0 0 0 0 0 0 0 0 0 -999 
P10901 2089 7 0 0 0 0 0 6 0 12 0 16 0 4 0 0 21 0 0 0 0 0 0 0 0 0 0 0 0 24 0 0 0 
P10901 2089 8 0 0 0 0 0 0 0 0 0 0 0 7 0 0 0 0 13 0 0 0 6 0 0 0 0 0 0 0 0 4 0 
P10901 2089 9 0 0 0 0 0 0 0 0 0 0 0 0 0 0 0 0 0 7 0 0 0 9 0 0 0 0 0 0 0 0 -999 
P10901 2089 10 0 0 0 0 0 0 3 3 7 0 0 7 7 10 0 0 0 0 0 0 0 0 0 0 0 11 0 0 5 0 0 
P10901 2089 11 12 0 15 16 0 0 0 9 9 10 0 0 5 0 0 0 0 0 16 0 7 8 0 31 60 47 0 11 24 47 -999 
P10901 2089 12 0 0 0 17 27 30 0 68 54 40 34 6 0 0 0 0 0 0 0 23 0 0 0 3 0 0 0 0 0 0 0 
P10901 2090 1 0 0 0 11 0 4 0 9 36 0 0 18 29 36 41 22 0 0 0 0 0 1 0 0 0 0 0 6 0 0 4 
P10901 2090 2 0 0 0 0 20 35 26 18 0 0 28 37 24 14 21 9 19 0 11 8 8 0 17 22 29 0 59 45 -999 -999 -999 
P10901 2090 3 103 52 16 5 0 0 3 0 0 0 0 0 0 48 34 21 10 0 34 42 0 0 17 0 14 0 11 0 12 20 22 
P10901 2090 4 26 19 27 30 31 24 35 0 25 18 0 31 13 0 52 50 0 0 0 0 0 0 0 0 22 0 0 0 16 0 -999 
P10901 2090 5 18 24 0 0 3 0 0 6 0 0 0 0 0 0 23 15 19 0 12 0 11 0 0 19 0 0 22 23 0 0 0 
P10901 2090 6 23 15 0 0 0 0 0 10 0 0 0 0 0 0 0 0 0 0 0 9 11 0 0 0 0 0 0 0 0 0 -999 
P10901 2090 7 0 0 17 0 0 0 0 0 0 0 0 0 0 0 21 0 0 9 0 0 0 0 0 0 0 0 0 0 0 0 0 
P10901 2090 8 0 0 0 0 0 0 0 0 0 0 0 0 0 0 9 0 0 0 0 9 0 0 0 0 0 2 0 0 0 0 0 
P10901 2090 9 6 4 0 0 0 0 0 0 7 0 0 14 0 0 0 0 0 0 0 0 0 13 0 11 0 0 0 0 0 0 -999 
P10901 2090 10 0 0 0 20 31 32 0 0 9 19 25 22 19 0 0 0 15 0 0 8 0 9 17 0 18 13 21 0 0 0 28 
P10901 2090 11 0 0 14 6 0 0 21 0 0 0 0 30 0 25 40 29 0 20 0 0 0 0 11 21 29 0 23 0 0 0 -999 
P10901 2090 12 16 30 74 25 28 24 17 14 9 0 0 11 0 13 15 0 0 0 0 16 0 0 0 0 14 28 24 8 0 0 1 
P10901 2091 1 0 0 0 0 0 0 14 18 13 5 0 0 21 0 0 0 9 0 35 0 0 0 0 0 0 0 0 0 10 6 10 
P10901 2091 2 0 0 5 0 0 0 7 0 0 0 9 5 0 4 3 0 6 28 96 94 50 40 47 29 0 27 31 29 -999 -999 -999 
P10901 2091 3 0 0 0 12 28 50 0 0 0 0 0 7 0 0 0 26 9 17 17 13 5 11 8 0 0 7 13 0 0 0 0 
P10901 2091 4 0 5 0 0 0 0 0 28 12 0 0 0 26 21 18 0 29 37 36 21 18 14 0 0 0 0 0 0 0 0 -999 
P10901 2091 5 16 26 36 28 30 16 0 0 0 0 0 0 0 0 0 0 6 4 0 0 0 0 0 16 0 0 0 0 0 0 0 
P10901 2091 6 14 0 22 0 12 13 0 0 0 0 0 0 14 0 33 25 0 0 0 4 0 0 5 4 0 7 0 0 0 3 -999 
P10901 2091 7 9 0 0 0 0 0 22 24 0 0 0 0 0 0 0 0 0 9 0 0 0 0 0 0 0 0 0 0 0 0 0 
P10901 2091 8 0 0 0 6 7 0 0 8 0 0 0 0 13 0 0 0 0 0 0 10 0 0 0 24 0 4 0 0 7 0 0 
P10901 2091 9 0 0 0 0 0 0 6 0 0 0 0 0 0 0 0 0 0 0 0 0 0 0 0 0 0 0 0 0 0 13 -999 
P10901 2091 10 6 0 0 4 5 0 13 9 0 0 0 0 27 11 0 18 25 9 0 0 14 0 13 0 0 13 0 45 62 51 47 
P10901 2091 11 42 0 9 0 16 11 0 9 0 0 0 8 0 24 0 0 23 20 18 14 0 9 35 26 10 0 37 23 0 0 -999 
P10901 2091 12 0 45 0 0 0 15 0 0 0 0 0 0 0 0 0 0 9 0 10 0 2 5 12 0 0 0 0 14 0 0 0 
P10901 2092 1 0 0 0 0 0 0 0 9 0 0 4 22 21 16 24 12 32 51 40 106 54 0 0 0 0 0 53 36 50 54 0 
P10901 2092 2 31 35 0 0 13 60 69 0 0 56 48 15 13 40 50 40 36 48 25 31 27 12 28 0 0 0 0 24 -999 -999 -999 
P10901 2092 3 19 49 0 0 0 0 0 34 0 16 15 23 20 21 45 63 42 32 25 51 44 0 53 126 68 45 0 0 40 18 18 
P10901 2092 4 20 32 49 0 19 0 0 9 0 9 0 0 22 14 0 0 10 0 0 0 0 13 0 0 0 0 0 37 32 30 -999 
P10901 2092 5 19 0 0 0 6 0 0 0 17 0 0 5 0 0 0 0 0 0 0 0 4 0 0 0 0 0 4 0 12 0 21 
P10901 2092 6 0 0 0 14 13 0 0 0 0 0 0 0 0 0 10 19 0 0 0 0 0 0 0 0 0 0 0 0 0 0 -999 
P10901 2092 7 0 8 0 0 0 0 0 0 0 0 0 0 0 0 0 0 0 0 0 0 0 0 0 0 0 11 0 0 0 4 0 
P10901 2092 8 0 13 0 0 14 7 0 0 0 0 0 0 0 0 0 22 0 0 0 0 0 0 0 0 11 0 0 0 0 0 0 
P10901 2092 9 0 0 0 0 13 0 0 0 0 0 0 0 0 0 0 0 0 0 9 0 10 23 0 0 0 0 0 0 13 10 -999 
P10901 2092 10 0 0 5 10 15 9 0 0 22 0 35 39 0 0 0 0 5 0 17 0 10 0 3 7 0 0 7 0 0 6 0 
P10901 2092 11 0 0 18 36 18 0 14 11 0 0 12 29 116 0 62 31 11 10 0 19 16 0 17 49 45 36 0 0 10 0 -999 
P10901 2092 12 0 17 24 0 0 0 15 0 35 46 0 6 0 0 0 0 14 17 0 35 82 66 0 47 19 41 21 29 72 44 18 
P10901 2093 1 53 52 38 0 0 0 15 0 0 0 0 33 23 0 54 48 0 28 31 0 0 0 0 0 0 0 16 0 60 68 60 
P10901 2093 2 65 32 0 0 0 0 6 0 0 0 11 10 0 19 27 0 0 30 0 53 24 22 0 0 9 16 0 0 -999 -999 -999 
P10901 2093 3 0 0 8 0 0 16 0 11 30 38 55 34 0 11 0 0 0 0 12 13 13 18 0 7 0 0 27 35 10 13 0 
P10901 2093 4 0 0 0 0 18 27 7 6 18 23 0 0 0 0 0 0 17 20 17 0 36 27 15 19 32 36 33 26 0 22 -999 
P10901 2093 5 23 0 36 0 14 0 0 0 0 20 0 9 0 10 0 0 0 0 13 0 0 0 11 9 0 0 0 0 0 9 25 
P10901 2093 6 0 0 0 7 0 0 0 0 0 0 19 0 0 0 0 0 0 0 0 0 0 0 0 0 0 0 6 0 18 0 -999 
P10901 2093 7 0 0 8 0 0 13 0 0 0 0 0 15 20 0 0 0 7 0 0 0 0 0 0 0 0 0 0 0 15 0 0 
P10901 2093 8 0 0 0 0 0 0 0 0 18 0 0 0 0 0 0 0 0 0 0 9 0 0 0 0 9 12 0 0 0 0 0 
P10901 2093 9 0 0 0 0 0 0 0 0 0 0 6 0 10 13 0 0 0 13 13 0 7 0 0 0 0 4 0 0 0 20 -999 
P10901 2093 10 8 0 0 0 8 15 16 0 17 0 0 16 33 22 23 55 70 38 0 0 0 4 0 5 0 11 0 0 0 0 15 
P10901 2093 11 31 28 0 0 0 0 0 0 0 0 0 0 0 0 3 0 0 0 0 0 10 0 21 0 0 0 0 0 0 1 -999 
P10901 2093 12 0 0 0 0 0 0 3 2 0 0 0 0 0 0 0 0 0 0 8 0 0 0 0 0 0 0 0 0 0 0 2 
P10901 2094 1 0 0 13 0 6 0 0 0 0 0 7 0 1 4 9 0 19 42 66 53 0 86 86 107 91 71 0 86 27 0 20 
P10901 2094 2 27 21 31 61 23 8 0 0 0 0 0 0 0 0 0 0 0 0 0 0 0 0 0 1 0 0 0 0 -999 -999 -999 
P10901 2094 3 0 0 0 0 0 0 3 0 0 0 0 0 2 0 0 0 14 0 0 20 26 0 0 21 11 0 20 0 49 50 0 
P10901 2094 4 80 81 61 0 0 23 41 43 13 0 20 18 0 7 14 17 0 5 0 0 11 0 14 0 16 0 22 0 33 20 -999 
P10901 2094 5 17 17 0 0 10 0 0 0 0 0 0 0 0 0 0 0 0 0 0 0 0 0 0 11 0 0 0 0 0 0 0 
P10901 2094 6 0 0 0 0 0 0 0 0 0 0 0 20 12 0 0 17 0 0 0 0 5 0 0 15 0 0 0 6 0 0 -999 
P10901 2094 7 0 0 0 0 0 0 0 0 0 0 0 0 0 0 0 0 0 0 0 10 7 0 10 0 0 0 0 0 8 0 0 
P10901 2094 8 0 0 0 0 6 0 8 13 0 0 0 0 0 15 0 0 0 0 0 0 0 12 15 0 0 6 0 0 0 0 0 
P10901 2094 9 0 16 0 0 0 6 0 0 0 0 0 0 0 0 0 0 0 0 0 0 0 0 0 6 0 9 15 0 6 0 -999 
P10901 2094 10 6 0 0 0 8 0 0 0 0 0 9 0 15 0 0 16 0 0 0 0 0 0 32 40 0 0 36 0 0 0 0 
P10901 2094 11 11 0 0 0 0 0 0 0 0 19 21 0 0 59 28 8 18 24 15 28 22 0 27 42 0 20 0 0 0 0 -999 
P10901 2094 12 0 0 0 0 0 0 0 0 0 0 0 10 0 11 0 0 0 0 14 19 0 0 0 0 0 0 0 1 0 0 0 
P10901 2095 1 38 32 40 65 49 23 14 44 52 18 0 12 0 6 14 0 0 0 0 0 0 0 0 0 50 44 41 33 16 0 17 
P10901 2095 2 18 17 15 10 7 7 0 7 7 0 10 0 2 0 0 0 11 0 0 0 10 0 0 0 0 0 0 0 -999 -999 -999 
P10901 2095 3 0 7 0 5 0 0 0 0 0 11 8 0 0 9 0 0 0 0 0 0 13 0 0 0 0 0 24 0 42 25 23 
P10901 2095 4 33 41 72 0 0 0 0 4 0 0 23 0 19 0 27 22 0 31 24 0 34 41 26 0 0 0 0 0 0 0 -999 
P10901 2095 5 0 0 0 4 7 5 11 0 0 0 0 0 0 7 12 0 0 18 0 4 0 0 0 0 0 0 0 5 11 19 0 
P10901 2095 6 10 0 0 0 0 0 40 28 29 0 0 0 0 0 0 0 0 0 28 0 0 18 0 12 0 0 0 0 0 0 -999 
P10901 2095 7 20 15 0 0 8 0 0 0 0 0 0 0 0 0 0 0 0 0 0 0 0 0 0 0 0 0 0 0 0 0 0 
P10901 2095 8 0 0 0 0 0 15 24 0 0 0 0 0 0 0 0 0 0 0 9 0 0 0 0 0 0 0 9 9 0 0 0 
P10901 2095 9 0 0 0 0 2 0 0 0 0 0 0 0 11 0 0 0 0 0 0 3 0 0 0 0 0 0 0 0 5 0 -999 
P10901 2095 10 0 0 0 0 0 8 13 12 11 0 0 0 17 0 0 21 41 19 0 5 0 0 0 0 6 0 0 0 0 0 0 
P10901 2095 11 0 0 0 0 0 13 0 23 25 21 11 16 13 0 12 0 0 0 0 13 31 78 53 60 0 0 0 0 0 0 -999 
P10901 2095 12 0 0 2 0 0 6 0 49 59 42 0 0 9 28 45 29 0 0 0 29 0 13 0 19 66 126 76 24 11 0 16 
P10901 2096 1 54 7 5 0 26 0 24 26 45 47 30 6 0 0 17 0 0 6 0 0 0 0 0 0 0 0 0 5 0 15 0 
P10901 2096 2 13 25 0 24 0 8 0 5 6 5 0 0 0 22 44 56 11 2 0 0 0 0 0 0 0 11 0 0 -999 -999 -999 
P10901 2096 3 0 0 0 0 0 0 7 0 0 7 0 0 0 0 0 0 0 0 17 0 28 63 92 24 0 0 23 44 36 25 14 
P10901 2096 4 7 0 0 3 0 0 0 0 0 0 0 5 0 0 34 38 20 15 16 22 16 0 0 0 11 0 0 11 0 12 -999 
P10901 2096 5 0 0 0 13 0 0 0 0 0 0 0 7 0 0 0 0 4 0 0 0 0 0 13 0 20 0 0 0 13 0 0 
P10901 2096 6 0 0 15 0 21 0 0 0 0 0 0 0 0 0 13 21 6 0 0 0 0 0 7 0 0 7 0 7 0 0 -999 
P10901 2096 7 17 31 16 0 0 0 6 0 0 0 13 0 3 0 0 0 0 0 0 0 0 0 0 0 0 0 0 0 0 0 0 
P10901 2096 8 0 0 0 0 0 11 0 0 12 11 0 0 0 0 0 0 0 0 0 0 0 0 0 0 0 11 9 0 0 14 0 
P10901 2096 9 0 0 0 0 0 0 0 0 0 0 0 0 0 0 0 0 0 10 0 0 0 11 0 0 0 0 0 0 0 0 -999 
P10901 2096 10 0 33 0 0 0 9 0 0 0 0 0 3 0 0 0 0 15 46 46 33 22 31 0 0 2 0 0 7 0 0 0 
P10901 2096 11 6 0 0 0 0 0 0 0 3 0 0 0 6 0 0 0 0 0 0 5 3 0 7 0 11 0 0 0 0 0 -999 
P10901 2096 12 0 0 0 0 0 0 0 0 0 0 9 16 0 16 24 0 18 26 0 0 0 0 13 0 0 9 0 0 0 0 7 
P10901 2097 1 12 17 12 0 0 0 0 9 0 0 0 0 0 0 0 0 0 0 0 0 0 0 0 0 44 43 27 13 16 29 0 
P10901 2097 2 0 0 16 21 0 0 10 0 0 3 0 0 0 0 0 8 0 0 0 0 0 0 0 0 10 22 21 0 -999 -999 -999 
P10901 2097 3 20 0 58 29 0 21 28 0 12 0 0 0 0 0 0 0 0 0 0 0 0 0 0 28 30 0 0 12 31 0 7 
P10901 2097 4 0 0 0 9 0 0 0 0 44 0 23 28 0 32 0 10 0 0 0 30 0 0 7 42 0 0 5 0 0 1 -999 
P10901 2097 5 0 0 0 17 0 22 24 0 0 0 0 9 0 14 0 19 26 0 21 0 22 0 27 19 4 0 0 0 0 0 0 
P10901 2097 6 0 0 0 0 0 0 0 0 0 0 0 0 0 0 0 0 10 16 0 0 0 0 0 14 0 0 0 0 0 0 -999 
P10901 2097 7 0 0 0 0 0 0 0 0 0 0 0 8 0 0 0 0 0 0 0 0 0 0 0 0 0 0 0 0 0 0 0 
P10901 2097 8 0 0 0 0 0 0 0 0 0 0 0 0 0 0 0 0 0 0 0 0 0 0 0 23 0 0 0 0 0 0 0 
P10901 2097 9 0 0 7 0 11 0 0 0 0 17 0 0 0 0 0 12 0 0 7 0 9 11 0 0 0 0 0 3 0 9 -999 
P10901 2097 10 0 11 0 4 0 0 0 0 13 0 0 0 0 0 0 25 0 57 18 0 0 0 0 0 0 0 0 0 3 4 0 
P10901 2097 11 0 0 6 8 0 0 0 0 0 0 0 0 0 0 5 12 8 5 0 0 0 0 8 5 8 16 0 8 0 0 -999 
P10901 2097 12 18 0 7 4 0 0 0 0 0 2 0 0 0 0 0 0 0 0 0 0 1 1 1 0 0 0 0 20 18 0 28 
P10901 2098 1 49 0 11 22 0 25 0 0 0 0 8 0 0 0 0 0 8 0 0 0 0 23 15 23 0 0 6 0 0 0 7 
P10901 2098 2 0 0 7 0 0 0 6 12 12 27 28 24 0 0 20 0 0 0 20 12 22 0 29 0 0 0 0 0 -999 -999 -999 
P10901 2098 3 27 0 0 0 0 26 30 9 0 0 0 0 0 8 0 18 0 0 5 0 0 0 0 3 0 13 31 18 0 0 14 
P10901 2098 4 0 0 17 29 13 0 0 0 0 6 0 8 29 0 0 0 0 0 0 0 0 25 51 17 0 0 0 0 0 0 -999 
P10901 2098 5 0 0 30 0 0 0 32 30 31 33 0 40 0 0 0 0 0 0 0 0 0 17 18 32 0 0 10 2 0 0 0 
P10901 2098 6 0 0 0 0 0 12 0 28 0 0 0 18 0 0 10 2 0 7 0 0 0 0 0 0 0 0 0 0 0 8 -999 
P10901 2098 7 15 0 0 0 0 0 0 0 0 0 0 0 0 0 0 0 0 0 0 0 0 0 0 0 0 0 0 0 0 0 0 
P10901 2098 8 0 0 0 0 0 0 0 0 7 0 17 0 0 0 0 0 0 0 0 0 0 0 0 0 0 0 0 0 0 0 12 
P10901 2098 9 0 0 0 0 0 0 0 0 9 11 0 0 0 0 0 0 0 0 0 0 0 0 0 10 0 0 0 0 0 8 -999 
P10901 2098 10 0 0 0 0 0 0 0 0 0 0 0 0 0 13 0 26 35 41 0 0 0 10 0 14 0 28 35 20 0 12 28 
P10901 2098 11 0 0 0 0 0 0 0 0 0 0 0 0 41 30 21 15 13 0 39 22 18 20 14 0 0 0 0 0 0 2 -999 
P10901 2098 12 0 0 0 0 0 0 0 0 0 0 0 0 0 0 0 0 0 9 16 29 0 0 0 14 0 11 13 0 13 0 0 
P10901 2099 1 2 0 6 0 0 0 0 0 0 18 25 0 51 0 0 8 28 21 0 0 22 24 46 0 11 14 9 0 0 0 0 
P10901 2099 2 4 0 0 0 11 0 0 0 0 0 0 0 0 0 0 0 0 0 0 0 0 16 42 60 0 25 0 14 -999 -999 -999 
P10901 2099 3 0 60 68 63 0 0 0 19 19 0 13 9 0 40 35 30 35 0 88 80 27 0 0 13 0 0 18 0 9 18 0 
P10901 2099 4 0 0 0 0 0 0 11 8 0 0 0 0 0 0 0 0 4 0 5 0 0 20 22 28 34 18 0 33 20 30 -999 
P10901 2099 5 41 0 7 6 0 0 0 0 0 0 8 0 0 0 12 17 17 8 8 18 0 0 31 41 0 0 0 13 13 24 0 
P10901 2099 6 0 0 0 7 0 0 0 0 0 0 0 0 0 0 15 15 0 13 14 14 0 22 0 0 0 0 0 0 10 7 -999 
P10901 2099 7 0 0 0 0 0 10 0 0 0 0 0 0 19 0 0 9 12 0 0 0 0 11 0 9 0 0 0 7 0 11 0 
P10901 2099 8 0 0 0 0 0 0 0 0 16 0 13 0 6 9 0 0 0 0 0 0 12 0 0 0 0 0 0 0 6 0 0 
P10901 2099 9 0 0 10 0 0 0 0 6 3 0 0 0 0 0 7 11 0 0 0 0 0 0 0 10 8 0 0 0 0 0 -999 
P10901 2099 10 0 0 0 0 0 10 0 8 27 35 26 0 21 0 0 0 0 0 0 0 8 5 0 0 19 0 26 0 11 0 0 
P10901 2099 11 0 17 19 0 0 0 0 0 2 0 0 25 13 0 0 0 0 8 3 6 0 12 0 23 0 0 37 44 41 16 -999 
P10901 2099 12 0 7 0 7 0 0 0 0 13 11 0 0 0 0 0 0 0 0 4 0 0 0 0 15 54 98 111 87 58 39 0 
P10901 2100 1 0 0 0 0 16 0 0 16 0 13 43 90 83 0 0 0 0 0 8 3 0 0 0 0 0 0 0 0 0 0 0 
P10901 2100 2 11 33 45 0 0 0 0 0 18 37 22 0 0 0 6 0 28 37 30 28 14 0 0 0 0 0 0 17 -999 -999 -999 
P10901 2100 3 0 18 0 0 0 0 0 0 17 30 35 0 53 29 13 8 0 7 0 0 21 0 44 26 15 27 35 0 41 58 32 
P10901 2100 4 32 0 0 0 12 11 13 0 8 20 36 63 30 0 31 29 0 23 0 22 0 0 2 1 0 0 4 0 14 28 -999 
P10901 2100 5 8 0 0 17 7 13 0 0 0 17 8 6 0 10 6 0 25 0 0 19 0 0 0 30 0 23 11 0 0 0 0 
P10901 2100 6 0 0 0 15 0 0 0 0 0 0 0 0 21 14 0 0 7 0 10 0 7 0 13 15 0 0 13 0 0 0 -999 
P10901 2100 7 0 0 0 0 0 0 0 8 0 0 0 0 0 0 0 0 0 9 9 0 12 0 0 0 0 0 9 0 0 0 0 
P10901 2100 8 0 0 0 0 0 0 0 0 0 0 0 0 0 0 20 0 4 0 0 0 0 0 0 0 0 0 0 6 0 0 0 
P10901 2100 9 0 0 0 0 0 0 0 0 0 6 0 0 8 0 9 0 0 0 0 0 0 11 0 0 13 0 0 0 8 10 -999 
P10901 2100 10 9 0 7 0 0 0 28 0 15 17 0 32 25 34 0 0 0 0 19 0 25 39 76 27 0 0 0 0 19 0 0 
P10901 2100 11 14 0 0 29 24 53 34 20 44 52 0 0 36 50 64 51 34 39 35 0 18 34 54 51 36 0 0 0 0 0 -999 
P10901 2100 12 0 6 0 9 11 0 3 3 1 0 0 0 0 0 0 0 0 0 0 0 2 2 0 0 0 0 4 0 5 3 0 
