precip	MIROC5	RCP60	REGRESION	decimas	1
P317	36.788	-4.380	182	geo	2006	2100	-1
P317 2006 1 0 14 18 0 12 21 9 0 13 0 0 144 201 68 43 110 72 70 88 11 4 7 0 8 18 0 0 0 0 53 10 
P317 2006 2 18 87 25 0 0 2 0 0 0 0 6 24 57 64 70 0 0 0 0 31 0 13 13 0 0 0 0 9 -999 -999 -999 
P317 2006 3 41 60 96 95 109 0 102 120 53 67 141 63 24 26 35 69 145 155 66 23 51 0 38 21 0 24 0 0 62 0 71 
P317 2006 4 0 0 36 0 0 0 0 104 0 0 0 0 11 0 9 0 0 0 0 0 0 0 0 11 0 0 0 0 0 0 -999 
P317 2006 5 25 23 23 28 26 53 0 0 0 0 0 0 0 0 0 0 0 0 0 14 0 4 0 0 0 0 4 0 0 0 0 
P317 2006 6 0 0 0 0 0 0 0 0 0 0 0 0 0 0 0 0 0 0 0 0 0 0 0 0 0 0 0 0 0 0 -999 
P317 2006 7 0 0 0 0 0 0 13 0 0 0 0 0 0 0 0 0 0 0 0 0 0 0 0 0 0 0 0 0 0 0 0 
P317 2006 8 0 0 0 0 0 0 0 0 0 0 0 0 0 0 0 0 0 0 0 0 0 0 7 0 7 0 0 0 0 0 0 
P317 2006 9 0 10 14 0 0 0 0 0 0 0 0 0 5 0 0 0 0 0 0 8 0 0 0 0 0 0 4 0 0 0 -999 
P317 2006 10 0 0 0 0 0 0 0 0 0 0 31 30 31 24 0 16 0 5 0 0 15 0 0 0 0 0 0 0 0 0 0 
P317 2006 11 0 19 0 0 0 0 29 0 0 6 0 0 0 0 0 0 0 0 4 0 24 0 0 0 37 0 6 0 0 0 -999 
P317 2006 12 0 0 0 8 0 11 0 94 70 76 49 42 57 27 75 98 29 0 0 0 25 0 126 0 42 42 28 0 17 0 14 
P317 2007 1 15 0 1 0 0 0 0 0 0 0 0 4 0 0 3 0 0 0 10 0 0 0 10 0 0 19 14 0 10 23 20 
P317 2007 2 0 9 0 9 7 0 48 162 260 171 18 0 0 0 0 0 36 60 41 49 71 79 44 25 31 32 30 31 -999 -999 -999 
P317 2007 3 23 49 22 70 67 0 0 27 22 0 0 86 81 74 41 0 0 10 0 0 0 20 0 0 6 0 12 0 0 0 0 
P317 2007 4 0 0 0 0 0 9 0 0 0 0 0 44 41 0 12 0 0 0 39 33 40 0 24 40 28 0 0 0 0 0 -999 
P317 2007 5 0 0 0 0 52 0 0 8 0 0 0 0 0 0 0 0 0 0 24 0 0 0 0 0 0 0 0 0 8 0 23 
P317 2007 6 0 21 0 19 24 0 0 0 0 0 0 0 0 0 0 0 4 0 0 0 6 0 0 0 0 0 0 0 18 0 -999 
P317 2007 7 11 0 0 0 0 0 0 0 0 16 0 0 0 0 0 0 0 0 0 0 0 0 0 0 0 0 0 0 0 0 0 
P317 2007 8 0 0 0 0 0 0 0 0 0 0 0 0 0 0 0 0 3 0 0 0 0 0 0 0 0 0 0 0 0 0 0 
P317 2007 9 0 0 0 0 3 4 0 0 0 0 0 0 0 0 0 0 0 4 0 0 0 0 0 0 0 4 3 0 0 0 -999 
P317 2007 10 0 0 0 0 0 0 0 0 0 0 0 20 0 35 0 0 0 31 0 0 0 0 34 25 0 0 0 0 0 0 0 
P317 2007 11 0 0 0 0 0 0 0 0 0 16 14 26 0 0 0 0 0 0 0 0 0 0 0 5 0 0 30 48 0 0 -999 
P317 2007 12 0 10 23 28 30 0 0 0 0 0 0 0 1 0 0 0 51 61 0 19 18 21 21 11 0 0 0 0 0 11 0 
P317 2008 1 0 40 36 0 17 3 0 0 7 0 20 0 0 49 0 61 27 0 0 0 0 73 0 28 0 0 124 69 49 66 87 
P317 2008 2 179 0 84 0 27 36 36 0 0 0 116 23 0 0 31 41 0 84 48 115 14 0 25 25 40 34 26 28 -999 -999 -999 
P317 2008 3 0 0 0 0 0 0 4 3 0 0 0 0 0 0 0 5 0 0 0 0 0 0 0 0 3 0 0 4 0 0 0 
P317 2008 4 0 4 0 39 30 0 0 0 0 0 8 0 0 0 52 37 0 26 11 0 0 0 5 0 0 0 0 0 0 0 -999 
P317 2008 5 0 0 0 0 0 0 3 0 0 39 0 0 24 26 23 0 0 0 25 48 0 27 45 0 0 0 0 0 0 0 0 
P317 2008 6 0 0 0 0 0 0 9 0 0 0 0 0 0 30 0 0 0 0 0 0 0 0 0 0 0 0 0 0 0 0 -999 
P317 2008 7 0 0 0 0 0 0 0 0 0 0 0 0 0 0 13 0 0 0 0 6 0 0 0 0 0 0 0 0 0 0 0 
P317 2008 8 0 14 0 0 0 0 0 0 0 0 0 0 0 0 0 0 4 0 0 0 0 0 0 0 0 0 0 0 0 0 0 
P317 2008 9 0 0 0 0 0 0 0 0 0 0 0 0 0 16 0 9 0 5 0 0 0 0 0 0 0 0 0 0 22 0 -999 
P317 2008 10 0 0 0 0 5 0 0 0 0 0 24 24 0 0 0 0 0 0 0 13 11 0 0 0 0 0 29 15 0 0 6 
P317 2008 11 14 0 0 0 6 3 0 0 0 0 14 0 0 0 0 0 0 0 0 0 0 3 0 0 0 0 0 0 0 0 -999 
P317 2008 12 0 0 0 2 6 8 16 0 0 0 29 0 0 0 0 7 11 0 0 0 7 0 0 0 0 0 0 0 0 0 0 
P317 2009 1 0 2 0 0 0 0 0 0 0 0 4 11 15 17 23 0 4 3 0 1 0 0 0 0 0 0 9 14 10 0 0 
P317 2009 2 11 0 0 16 20 8 0 6 5 4 0 2 0 0 0 0 0 0 0 0 0 0 0 7 28 0 3 0 -999 -999 -999 
P317 2009 3 55 0 0 39 0 0 0 57 80 0 30 26 18 0 37 22 42 0 12 0 0 3 0 0 0 68 76 88 84 52 19 
P317 2009 4 37 107 0 0 42 69 0 0 0 5 0 28 0 32 26 8 0 8 0 0 0 22 0 0 6 0 0 0 0 0 -999 
P317 2009 5 33 37 0 26 0 0 0 17 31 39 43 15 0 0 0 0 0 0 0 25 0 0 0 0 0 4 0 0 0 0 0 
P317 2009 6 0 7 0 0 0 0 0 0 0 7 0 0 0 0 0 0 0 0 0 0 0 0 0 0 0 0 0 0 0 0 -999 
P317 2009 7 0 8 0 0 0 0 0 0 0 0 0 17 0 0 0 0 0 0 0 0 0 0 0 0 0 0 5 0 0 0 0 
P317 2009 8 0 0 0 0 0 0 0 0 0 0 0 0 0 0 0 0 0 0 0 0 0 5 17 0 0 0 0 0 0 0 0 
P317 2009 9 0 0 0 0 0 0 0 0 0 18 0 12 11 0 0 0 0 0 0 0 0 0 0 0 0 0 0 0 5 0 -999 
P317 2009 10 0 0 0 0 7 0 0 0 0 12 24 23 18 19 21 0 29 20 0 0 16 0 0 0 0 0 0 0 0 0 0 
P317 2009 11 0 0 0 0 2 0 0 8 0 0 0 0 0 0 0 0 0 0 9 0 0 18 30 35 7 0 6 0 11 0 -999 
P317 2009 12 0 0 0 0 19 0 74 0 16 0 0 0 0 0 0 0 0 24 0 0 8 0 0 8 0 0 61 47 15 0 0 
P317 2010 1 0 13 41 0 58 37 17 16 32 26 0 0 0 0 0 0 0 0 0 0 0 0 0 0 0 0 0 0 0 31 0 
P317 2010 2 0 0 0 0 0 0 0 0 0 1 0 0 0 0 0 0 0 0 0 0 0 0 0 0 0 0 0 0 -999 -999 -999 
P317 2010 3 0 5 0 7 0 0 51 82 106 69 0 31 11 0 0 10 14 29 68 38 0 0 0 0 0 0 7 0 0 0 0 
P317 2010 4 0 0 0 0 0 0 0 0 36 0 24 36 27 0 63 65 0 0 7 0 38 0 0 0 0 0 0 0 26 21 -999 
P317 2010 5 0 0 30 0 43 0 6 0 11 0 15 0 0 23 0 32 12 8 0 0 0 6 12 0 0 44 42 12 0 15 0 
P317 2010 6 15 0 21 0 11 0 5 0 0 0 0 0 0 0 0 0 0 0 0 0 0 0 3 0 0 0 0 0 0 0 -999 
P317 2010 7 0 0 0 3 0 0 0 0 0 0 0 0 0 0 0 0 0 0 0 0 0 0 0 0 0 0 0 0 2 0 0 
P317 2010 8 0 0 0 0 0 0 0 0 0 0 0 0 0 8 0 0 0 0 0 0 0 0 0 0 0 0 0 5 0 0 0 
P317 2010 9 0 0 0 0 0 0 0 0 0 0 10 0 20 0 14 0 0 0 18 0 0 0 0 0 0 0 0 0 0 0 -999 
P317 2010 10 0 0 0 0 0 0 0 0 0 0 0 15 30 0 11 0 0 0 0 0 28 43 0 5 6 0 0 0 0 0 8 
P317 2010 11 0 0 0 0 0 0 0 0 0 0 0 0 0 2 0 0 0 0 0 3 0 0 3 4 0 0 5 2 3 0 -999 
P317 2010 12 5 0 0 5 0 0 12 17 37 0 0 0 34 61 7 0 0 0 0 0 3 3 0 2 0 0 0 0 0 0 0 
P317 2011 1 0 0 0 0 5 5 5 0 9 10 11 11 0 0 0 16 0 0 0 0 0 14 39 0 5 0 0 0 0 0 0 
P317 2011 2 0 0 0 0 0 14 7 0 0 0 0 0 0 0 0 0 0 0 10 0 0 0 21 8 0 14 24 52 -999 -999 -999 
P317 2011 3 78 44 0 0 0 11 0 0 0 0 0 0 20 0 0 120 217 40 25 31 25 38 0 165 57 18 0 83 0 5 0 
P317 2011 4 18 0 0 15 0 0 0 0 0 0 0 22 0 13 0 0 0 0 48 47 0 0 0 0 0 2 0 0 0 0 -999 
P317 2011 5 0 0 5 0 8 5 0 0 0 22 0 0 0 0 0 0 0 0 0 0 0 0 0 0 0 0 0 0 0 0 0 
P317 2011 6 0 0 5 0 4 0 0 0 0 0 0 0 0 0 0 0 0 0 0 0 0 0 0 0 0 0 0 0 10 0 -999 
P317 2011 7 0 0 0 0 0 0 0 0 0 0 0 0 0 0 0 0 0 0 0 0 0 0 0 0 0 0 0 0 0 0 0 
P317 2011 8 0 0 0 0 0 0 0 0 0 0 0 0 0 0 0 0 0 3 0 0 0 0 0 0 0 0 0 5 0 0 0 
P317 2011 9 0 0 0 0 0 0 0 0 0 0 0 0 0 0 0 0 0 0 0 0 0 0 0 0 0 2 0 0 0 0 -999 
P317 2011 10 0 0 0 0 0 12 0 7 0 11 0 0 0 0 8 0 0 0 0 0 0 0 0 14 13 0 11 0 27 0 0 
P317 2011 11 6 7 5 10 49 74 103 0 0 7 0 15 0 0 0 14 52 33 22 7 0 76 68 0 9 13 0 17 5 0 -999 
P317 2011 12 9 14 0 0 5 0 0 10 13 0 0 0 0 0 10 0 33 33 0 52 67 0 0 0 0 23 6 0 0 0 0 
P317 2012 1 97 0 3 0 0 0 0 0 0 0 0 6 0 0 0 0 0 2 4 20 0 0 8 0 0 0 10 14 13 27 8 
P317 2012 2 22 0 60 31 11 15 8 0 0 0 0 0 0 0 0 0 0 10 0 49 49 28 15 0 0 0 0 0 -999 -999 -999 
P317 2012 3 23 0 83 0 35 27 0 0 0 0 0 0 0 12 0 46 43 0 27 45 0 0 9 0 14 5 4 0 0 0 0 
P317 2012 4 0 3 0 1 0 0 16 15 3 0 3 0 22 76 63 51 0 32 0 0 17 0 0 0 0 0 106 53 47 30 -999 
P317 2012 5 0 25 29 0 10 0 11 0 25 0 0 0 0 0 22 0 0 18 0 0 0 0 15 15 33 0 0 0 0 0 4 
P317 2012 6 0 0 0 2 0 0 0 0 0 0 20 18 0 0 25 18 0 0 0 15 0 0 0 0 0 0 0 0 0 0 -999 
P317 2012 7 0 0 0 0 0 0 0 0 0 0 0 0 0 0 0 0 0 0 0 0 0 0 13 13 0 0 0 0 0 0 0 
P317 2012 8 0 0 0 0 0 0 0 0 0 0 0 0 0 0 0 5 4 0 0 0 0 0 0 0 0 0 0 0 0 0 0 
P317 2012 9 0 0 0 0 0 0 0 0 0 0 0 0 0 0 2 0 0 0 0 0 0 1 2 0 25 0 0 26 0 0 -999 
P317 2012 10 4 0 0 0 0 0 0 0 0 29 39 11 4 0 0 0 0 0 0 0 0 0 34 0 0 0 23 0 0 15 0 
P317 2012 11 13 34 49 0 0 0 3 0 0 12 0 0 0 0 0 0 0 36 0 37 0 0 0 0 0 0 0 22 47 29 -999 
P317 2012 12 0 0 20 18 28 66 57 51 0 15 0 0 26 107 0 0 0 0 0 0 0 17 0 0 0 0 0 0 0 8 0 
P317 2013 1 0 18 0 36 0 0 11 0 0 0 0 0 0 0 4 0 0 0 0 0 0 0 0 0 0 0 0 3 0 0 0 
P317 2013 2 0 0 0 0 1 0 0 0 0 4 0 0 32 66 0 13 26 66 75 0 36 43 42 63 0 0 2 0 -999 -999 -999 
P317 2013 3 10 13 24 26 11 0 32 0 54 71 124 131 95 0 0 39 0 0 0 24 29 55 57 0 0 0 0 0 0 0 105 
P317 2013 4 61 0 0 19 24 10 0 0 0 0 0 0 12 0 0 25 3 0 8 0 30 0 0 32 59 9 0 0 0 0 -999 
P317 2013 5 0 0 0 11 0 0 0 0 21 35 35 0 0 9 0 0 0 0 24 13 7 0 0 0 0 0 0 0 0 0 0 
P317 2013 6 0 0 0 16 10 0 0 28 0 0 36 31 0 12 0 10 0 0 11 0 0 0 6 0 0 0 23 0 0 17 -999 
P317 2013 7 0 0 0 0 0 0 0 0 0 0 0 0 0 0 0 0 0 0 0 0 0 0 0 0 0 0 0 0 0 8 0 
P317 2013 8 0 0 0 0 18 0 0 0 0 0 13 0 0 0 0 0 0 0 2 0 0 0 0 0 0 0 0 0 0 0 0 
P317 2013 9 0 0 0 0 0 0 0 0 0 0 0 0 6 0 4 0 0 0 0 0 0 0 0 0 0 2 0 0 0 0 -999 
P317 2013 10 0 0 0 0 1 0 0 0 4 13 0 25 8 0 0 13 0 0 0 0 8 0 7 0 0 0 0 0 0 0 0 
P317 2013 11 0 0 0 0 0 0 6 12 14 0 10 0 2 3 0 0 0 172 232 0 68 0 173 95 0 54 65 0 0 0 -999 
P317 2013 12 0 26 0 0 0 0 15 0 16 0 0 13 11 9 9 4 0 0 0 7 10 0 0 0 13 19 34 26 64 23 20 
P317 2014 1 22 6 0 0 0 0 0 0 0 0 3 0 0 0 0 0 0 0 0 0 0 0 0 0 0 0 60 85 188 136 70 
P317 2014 2 0 32 0 12 26 48 28 85 0 36 7 0 0 0 0 0 0 0 0 0 0 0 13 9 0 0 0 56 -999 -999 -999 
P317 2014 3 49 14 0 7 0 0 0 0 0 1 0 17 41 48 77 66 62 89 105 0 43 41 0 0 0 0 15 0 0 0 0 
P317 2014 4 32 37 0 50 73 44 18 18 30 42 31 39 0 40 75 0 41 8 0 0 13 0 12 0 0 0 0 23 18 24 -999 
P317 2014 5 40 0 0 27 0 0 3 0 0 0 0 0 0 0 0 0 0 0 0 42 0 52 32 29 0 23 0 0 0 0 22 
P317 2014 6 9 0 0 0 39 21 0 0 0 0 0 0 7 0 0 0 0 0 0 0 0 0 0 0 0 0 0 0 6 0 -999 
P317 2014 7 0 0 0 0 15 0 0 0 0 0 0 0 0 0 0 0 0 0 0 0 0 0 0 0 0 0 0 0 0 0 0 
P317 2014 8 0 0 0 6 0 0 0 4 0 0 0 0 0 0 9 0 0 0 0 0 0 0 0 0 0 0 0 0 0 3 0 
P317 2014 9 0 0 0 0 0 0 0 0 8 0 0 0 0 0 0 0 38 0 0 0 8 0 9 6 0 0 0 0 12 0 -999 
P317 2014 10 11 0 16 0 0 0 0 0 0 0 0 0 15 0 0 0 6 0 0 0 14 11 0 0 0 38 34 14 0 7 7 
P317 2014 11 0 0 0 0 2 0 11 7 0 0 0 0 0 0 7 2 0 39 12 28 62 126 41 36 0 0 0 0 0 0 -999 
P317 2014 12 0 0 0 0 0 0 16 8 9 0 8 3 0 0 0 0 0 0 0 0 0 5 0 0 0 0 0 0 0 0 24 
P317 2015 1 0 0 0 55 75 28 0 72 31 22 0 0 0 0 0 0 0 0 0 0 0 0 0 0 9 0 0 27 29 0 0 
P317 2015 2 0 0 0 0 0 0 0 0 0 0 0 4 0 0 0 1 0 0 0 0 0 0 0 19 68 91 68 36 -999 -999 -999 
P317 2015 3 0 0 37 48 0 0 19 28 44 14 0 0 19 42 0 0 5 5 0 15 0 0 28 0 11 8 5 0 0 0 0 
P317 2015 4 0 11 9 4 0 0 0 11 0 0 0 0 0 0 0 0 22 0 0 11 0 0 0 0 14 0 23 30 92 84 -999 
P317 2015 5 75 56 30 0 14 0 0 0 0 0 0 0 0 0 0 0 6 0 0 0 0 0 0 0 0 0 0 0 66 19 0 
P317 2015 6 7 9 0 0 0 39 26 0 0 0 0 0 0 0 0 15 4 0 0 0 0 0 0 0 0 0 7 0 0 0 -999 
P317 2015 7 0 0 0 0 0 0 0 0 0 0 0 0 0 0 0 0 0 0 0 0 0 0 0 0 0 0 0 0 0 0 0 
P317 2015 8 0 0 0 0 0 0 9 0 0 0 0 0 0 0 6 0 0 0 0 0 0 0 0 0 0 19 0 0 0 0 0 
P317 2015 9 0 0 9 0 26 19 0 0 0 0 0 0 0 10 0 0 0 0 0 0 14 3 6 13 25 33 37 38 38 0 -999 
P317 2015 10 23 13 0 0 10 26 0 32 0 0 0 13 0 0 14 14 0 0 0 16 20 0 0 0 17 0 0 0 0 0 0 
P317 2015 11 0 5 0 0 0 0 0 10 0 0 0 20 22 77 89 0 0 0 25 0 34 30 0 0 14 6 0 0 0 27 -999 
P317 2015 12 54 78 47 37 0 0 0 174 72 99 0 0 78 0 0 58 19 0 0 0 0 0 0 0 0 0 1 0 0 0 2 
P317 2016 1 13 0 0 8 0 0 38 0 0 0 46 75 59 70 0 0 0 0 0 0 19 0 0 0 27 0 53 47 26 0 24 
P317 2016 2 24 11 0 0 7 7 5 0 18 23 23 33 0 24 0 0 49 0 0 0 0 14 0 0 12 17 0 0 -999 -999 -999 
P317 2016 3 0 32 53 47 0 40 0 67 161 99 152 168 98 0 78 45 27 42 24 15 27 59 0 37 0 0 69 84 49 0 46 
P317 2016 4 0 0 0 0 0 0 0 0 20 65 112 100 50 0 59 0 24 0 0 0 0 0 0 0 19 31 39 0 59 24 -999 
P317 2016 5 11 0 0 0 0 9 0 0 0 0 18 0 0 14 27 0 0 0 0 0 0 4 0 0 0 0 11 0 0 29 31 
P317 2016 6 19 0 0 0 3 0 0 0 0 0 0 0 0 0 0 0 0 0 0 10 0 3 3 0 0 0 0 0 3 4 -999 
P317 2016 7 0 0 0 0 0 0 0 0 0 0 0 0 0 0 0 0 0 0 0 0 0 0 0 0 0 0 0 9 0 0 7 
P317 2016 8 0 0 13 7 5 0 0 0 0 0 0 0 0 0 0 0 0 0 0 0 0 0 0 0 0 0 0 0 0 10 0 
P317 2016 9 0 0 0 0 0 0 0 0 0 0 0 0 0 0 0 0 0 18 0 0 0 0 0 0 0 0 0 0 0 0 -999 
P317 2016 10 0 0 0 3 9 0 0 6 0 0 0 14 8 0 0 0 86 0 65 75 67 87 20 11 11 0 14 9 13 0 0 
P317 2016 11 0 22 15 13 9 0 0 62 24 11 0 0 0 0 60 53 27 73 115 85 0 17 31 43 70 12 26 24 25 0 -999 
P317 2016 12 0 0 0 15 0 0 0 0 0 0 0 59 0 45 0 0 0 0 32 0 0 49 32 25 0 26 28 52 0 0 42 
P317 2017 1 44 10 0 0 0 0 0 0 0 0 0 13 43 145 123 0 0 7 0 0 0 0 0 0 0 0 0 0 0 0 0 
P317 2017 2 0 0 0 0 0 0 0 0 11 0 0 0 0 0 0 0 0 0 0 0 0 0 0 7 0 0 0 0 -999 -999 -999 
P317 2017 3 0 0 0 0 0 0 9 0 62 56 46 18 52 43 22 5 0 0 0 0 0 0 26 54 0 89 0 71 0 16 14 
P317 2017 4 17 0 0 13 0 0 16 0 27 47 0 0 0 0 0 0 10 0 0 0 0 0 0 0 0 22 0 0 0 0 -999 
P317 2017 5 0 0 7 0 0 0 0 0 0 0 0 0 0 3 7 0 0 5 0 0 0 0 7 0 0 6 0 0 0 0 0 
P317 2017 6 0 0 0 0 11 0 0 16 0 0 10 0 0 0 0 0 0 0 0 0 0 0 0 0 0 0 0 0 18 0 -999 
P317 2017 7 0 0 0 0 0 0 0 0 0 0 0 0 10 14 0 0 0 0 0 0 0 0 0 0 0 0 0 0 0 0 0 
P317 2017 8 0 0 0 0 0 0 0 0 0 0 0 7 0 0 0 0 0 0 0 0 0 0 0 0 0 0 0 0 0 14 0 
P317 2017 9 0 0 0 0 0 0 0 0 0 0 0 0 0 0 0 0 0 0 0 4 0 0 0 9 17 0 0 0 6 0 -999 
P317 2017 10 0 0 0 0 3 0 0 0 0 4 0 0 0 0 23 0 0 0 0 22 0 19 19 0 0 0 49 98 139 64 19 
P317 2017 11 10 18 0 55 0 0 8 25 22 0 0 74 197 202 0 0 15 0 0 25 51 0 0 0 0 0 0 0 0 0 -999 
P317 2017 12 10 0 25 0 0 30 25 0 143 59 143 0 45 52 43 11 0 8 0 29 27 0 0 24 27 27 0 43 72 79 97 
P317 2018 1 0 35 0 0 0 0 0 0 0 0 0 3 0 0 0 0 34 0 0 0 0 6 31 19 6 0 38 0 17 5 16 
P317 2018 2 0 0 0 13 0 0 0 0 0 0 0 2 0 0 0 0 0 6 8 18 20 0 0 0 0 0 0 0 -999 -999 -999 
P317 2018 3 0 0 0 0 0 0 0 18 0 49 74 90 139 59 0 0 29 39 0 13 0 8 0 0 31 29 0 0 0 0 11 
P317 2018 4 0 0 0 0 14 0 0 0 0 0 5 0 0 0 19 11 0 0 0 7 0 0 0 0 61 0 68 0 26 0 -999 
P317 2018 5 39 0 1 5 12 0 0 0 0 0 38 0 34 16 10 0 28 0 0 40 38 0 0 0 14 0 0 0 0 0 0 
P317 2018 6 0 0 0 0 0 0 0 0 0 0 0 0 0 0 16 0 0 0 2 0 0 0 0 0 0 0 0 0 0 0 -999 
P317 2018 7 0 0 18 0 0 0 0 0 0 0 0 0 0 0 0 0 6 0 0 0 0 0 0 0 0 16 0 0 0 0 0 
P317 2018 8 0 0 0 0 0 0 0 0 0 26 0 0 0 0 13 0 0 0 0 0 0 2 0 0 0 0 0 0 0 0 0 
P317 2018 9 0 0 0 0 0 0 0 0 0 0 0 0 0 0 0 5 0 7 0 3 0 0 6 2 0 0 0 0 0 5 -999 
P317 2018 10 0 0 0 0 0 0 0 11 22 39 32 11 0 19 0 0 2 8 3 2 0 0 0 7 0 13 0 0 5 0 0 
P317 2018 11 0 0 12 10 7 0 0 95 112 0 0 0 5 6 3 0 0 0 0 0 8 0 0 0 0 8 0 0 5 0 -999 
P317 2018 12 13 27 25 12 0 28 84 0 5 0 32 72 0 61 45 27 0 17 0 9 0 0 0 0 0 0 20 38 0 119 53 
P317 2019 1 69 89 145 102 0 0 145 27 0 0 0 0 0 20 45 0 91 40 100 116 139 168 0 13 22 49 93 0 0 0 90 
P317 2019 2 64 51 14 0 0 0 0 0 0 62 116 66 122 105 16 8 52 141 158 42 0 0 0 11 0 0 0 0 -999 -999 -999 
P317 2019 3 0 0 0 0 0 10 0 0 8 0 0 0 0 0 0 0 0 0 0 0 0 0 0 0 0 0 0 69 0 0 19 
P317 2019 4 14 0 11 0 23 38 35 43 46 0 59 40 47 56 49 54 66 19 20 19 0 0 52 96 40 0 38 0 0 0 -999 
P317 2019 5 0 0 0 0 13 0 0 0 0 0 0 0 25 0 0 0 0 4 0 0 0 0 0 0 0 0 0 0 0 0 0 
P317 2019 6 0 0 0 0 0 0 0 22 19 0 0 0 7 15 0 0 0 0 0 0 0 0 0 0 0 0 0 0 0 0 -999 
P317 2019 7 9 0 0 0 0 0 0 0 0 0 0 0 0 0 0 0 0 0 0 0 0 0 0 0 0 0 0 0 0 0 0 
P317 2019 8 0 0 0 0 0 0 0 0 0 0 0 0 0 0 0 0 0 0 2 0 0 0 0 0 0 0 0 0 2 0 0 
P317 2019 9 15 14 0 11 0 0 0 0 0 2 3 0 0 0 0 14 27 19 20 19 8 0 0 0 0 0 0 0 0 0 -999 
P317 2019 10 0 0 5 0 9 3 0 4 0 0 0 42 44 5 0 0 0 0 0 0 0 0 0 0 0 0 0 0 5 0 0 
P317 2019 11 0 0 0 0 0 12 14 0 0 0 0 0 0 0 0 0 0 0 0 85 242 246 150 85 112 135 0 0 42 82 -999 
P317 2019 12 95 0 0 0 0 16 0 0 0 0 0 0 0 0 0 0 0 0 0 0 0 11 0 0 0 0 0 0 0 0 4 
P317 2020 1 0 0 0 0 0 0 0 0 1 0 0 6 21 29 0 6 6 6 0 9 0 0 0 0 0 61 84 82 46 60 0 
P317 2020 2 55 0 47 0 20 0 0 31 7 0 0 0 0 0 0 8 0 6 0 0 0 0 0 0 0 0 0 0 -999 -999 -999 
P317 2020 3 0 0 0 0 19 25 0 0 0 0 0 0 0 0 0 0 0 0 0 0 13 0 0 0 0 0 0 39 0 28 0 
P317 2020 4 50 35 26 0 0 0 3 3 1 0 12 0 4 0 41 72 86 56 40 47 0 0 11 13 0 0 0 0 0 0 -999 
P317 2020 5 0 0 0 0 0 0 0 0 0 0 39 0 0 21 29 0 0 0 0 0 0 0 0 13 0 9 0 0 0 0 0 
P317 2020 6 0 0 0 0 0 0 0 0 10 0 0 0 0 0 0 0 0 0 0 0 0 0 0 0 0 0 0 0 10 0 -999 
P317 2020 7 0 0 0 0 0 0 0 0 0 0 0 0 0 0 0 0 0 0 0 0 0 0 0 0 0 0 6 0 0 0 0 
P317 2020 8 0 0 0 0 0 0 0 0 0 0 0 0 0 0 0 0 0 0 0 0 0 0 0 29 0 0 0 0 9 0 0 
P317 2020 9 14 0 6 0 5 0 0 0 0 0 0 0 0 0 0 0 0 0 0 0 0 0 14 0 0 0 0 0 0 0 -999 
P317 2020 10 17 0 0 22 0 35 0 35 54 0 0 29 6 0 56 0 0 0 0 0 4 0 0 7 0 0 35 35 11 10 0 
P317 2020 11 76 104 122 95 64 0 0 0 5 0 0 0 0 17 0 7 9 24 51 128 60 77 0 42 133 45 59 92 0 0 -999 
P317 2020 12 48 24 38 11 0 0 10 0 0 0 0 0 1 0 0 0 0 0 21 0 0 77 101 70 69 68 113 17 52 0 45 
P317 2021 1 48 72 45 33 66 0 34 66 43 0 0 2 0 2 0 0 18 0 26 0 9 0 14 16 0 0 0 21 31 32 0 
P317 2021 2 0 0 35 44 75 0 0 5 10 0 0 0 7 8 5 0 0 0 0 0 0 31 10 0 4 0 0 0 -999 -999 -999 
P317 2021 3 11 0 10 5 0 0 0 0 0 44 0 0 0 0 0 9 13 0 0 0 35 0 0 0 0 0 11 16 0 0 0 
P317 2021 4 0 14 0 16 0 0 0 0 5 0 8 0 0 0 0 0 0 0 0 0 17 0 0 0 0 0 0 18 0 38 -999 
P317 2021 5 46 0 52 24 0 0 0 0 1 2 0 0 0 0 0 0 0 23 32 0 0 0 0 0 23 0 0 0 0 0 0 
P317 2021 6 23 28 48 0 0 5 0 0 0 15 0 8 0 11 0 0 0 0 0 0 11 0 0 0 0 0 0 0 0 0 -999 
P317 2021 7 7 0 0 0 0 0 0 0 0 0 0 4 0 0 0 0 0 5 0 0 0 0 0 0 0 0 0 0 6 0 0 
P317 2021 8 0 0 0 0 0 0 0 0 0 0 0 0 0 0 0 0 0 0 0 0 0 0 0 0 0 0 0 0 0 0 0 
P317 2021 9 6 0 0 0 0 0 0 5 0 0 0 0 0 2 0 0 0 0 0 0 0 0 0 0 0 0 0 0 0 6 -999 
P317 2021 10 0 0 0 0 0 0 0 0 0 0 11 0 4 0 0 0 0 0 0 17 0 50 100 65 20 0 0 0 0 4 0 
P317 2021 11 0 0 0 50 87 64 9 5 0 0 0 0 0 8 15 0 67 0 0 0 0 0 4 0 19 0 36 54 90 28 -999 
P317 2021 12 0 0 35 0 0 0 7 12 0 5 0 0 0 0 0 31 75 73 0 0 0 0 0 0 17 7 0 14 0 0 0 
P317 2022 1 0 14 0 18 0 0 0 31 30 33 46 22 0 28 48 37 0 0 0 22 39 31 92 56 41 0 33 43 60 28 27 
P317 2022 2 0 44 12 31 56 0 116 145 0 0 160 112 145 52 86 89 82 109 22 38 102 0 100 22 0 110 97 0 -999 -999 -999 
P317 2022 3 0 15 0 51 128 111 0 64 51 0 72 57 100 49 0 7 0 7 0 18 0 0 0 0 0 0 0 0 0 0 0 
P317 2022 4 0 0 9 5 0 0 0 0 0 10 21 17 0 16 0 27 0 0 0 0 0 0 0 16 0 0 0 0 0 8 -999 
P317 2022 5 0 0 0 0 0 0 15 0 0 67 37 0 49 69 46 0 0 22 22 0 0 19 0 20 32 33 0 0 0 12 0 
P317 2022 6 0 0 0 0 14 26 0 0 0 0 0 0 0 0 0 0 0 0 0 0 0 0 0 0 0 0 0 0 0 0 -999 
P317 2022 7 0 0 0 0 0 0 0 0 0 0 0 0 0 0 0 0 0 0 0 0 0 0 0 6 0 0 0 0 0 0 11 
P317 2022 8 0 8 0 8 0 0 0 0 0 0 0 0 0 0 0 0 0 0 0 0 0 0 0 0 0 0 0 0 0 0 0 
P317 2022 9 0 0 0 0 0 0 0 0 0 0 0 0 13 31 0 0 0 0 0 0 0 0 0 0 0 0 0 0 0 0 -999 
P317 2022 10 0 0 0 5 0 0 0 0 14 0 54 0 0 0 26 0 0 7 0 0 0 0 7 0 0 0 0 7 0 0 19 
P317 2022 11 25 13 0 0 0 0 1 0 0 15 0 0 0 0 0 0 0 0 20 0 0 0 0 0 0 0 9 0 0 5 -999 
P317 2022 12 16 46 92 119 43 48 0 0 88 39 0 0 0 0 0 0 0 0 7 33 0 55 73 67 68 20 0 81 0 6 3 
P317 2023 1 0 14 0 8 0 0 0 0 0 0 0 2 0 4 0 0 0 0 0 0 3 0 2 1 1 0 0 0 0 0 4 
P317 2023 2 0 0 0 5 1 0 11 0 0 0 0 0 0 8 10 0 16 11 0 3 0 0 29 22 17 15 0 19 -999 -999 -999 
P317 2023 3 29 31 0 0 0 2 0 0 0 10 0 58 0 0 0 0 0 0 0 0 0 0 3 0 0 6 12 27 0 38 0 
P317 2023 4 0 0 28 61 54 0 0 0 0 0 3 17 72 145 68 0 0 0 0 0 0 6 0 0 97 51 60 69 0 0 -999 
P317 2023 5 0 0 8 0 0 0 0 0 0 0 0 0 0 12 0 0 0 0 0 29 0 0 0 0 0 0 1 0 0 0 0 
P317 2023 6 0 0 16 12 14 15 0 0 0 0 0 5 0 0 0 0 0 0 0 0 0 0 0 0 0 0 0 0 0 0 -999 
P317 2023 7 0 0 0 0 0 0 0 0 0 0 0 0 0 0 0 0 0 8 0 0 0 0 0 0 0 0 0 0 0 0 0 
P317 2023 8 0 0 0 0 0 0 0 0 0 0 0 6 0 0 0 0 3 0 0 0 0 0 0 0 0 0 0 0 0 0 0 
P317 2023 9 0 0 0 0 0 0 11 0 0 0 0 0 0 0 0 0 0 0 0 10 0 0 0 0 0 0 26 0 18 0 -999 
P317 2023 10 0 0 13 0 0 0 0 0 0 17 11 0 0 25 44 0 0 0 0 0 0 0 0 0 0 0 0 0 0 0 68 
P317 2023 11 112 0 18 0 0 0 0 20 21 36 0 13 10 0 0 0 0 0 0 0 0 0 0 12 0 0 5 0 0 4 -999 
P317 2023 12 0 0 0 0 0 0 0 0 0 0 0 0 0 1 0 0 0 0 20 0 0 0 0 0 0 0 0 6 0 0 0 
P317 2024 1 0 0 0 0 0 36 77 88 80 0 12 0 18 36 0 0 25 35 0 0 0 0 10 0 0 0 0 8 0 0 55 
P317 2024 2 161 121 164 0 13 0 0 0 0 0 0 0 0 7 0 0 0 0 0 10 32 0 0 121 48 0 0 0 -999 -999 -999 
P317 2024 3 26 0 39 43 37 0 0 0 0 0 0 0 8 7 0 0 0 0 19 0 0 12 0 53 0 194 0 24 0 0 13 
P317 2024 4 28 54 62 31 0 5 0 1 0 0 0 0 0 0 8 0 0 0 0 23 0 0 0 0 10 13 0 12 4 0 -999 
P317 2024 5 0 0 0 0 0 0 0 8 0 0 0 0 0 4 0 0 0 0 0 0 0 0 0 0 0 0 0 0 0 0 0 
P317 2024 6 0 0 0 0 0 0 0 0 0 14 0 9 5 3 0 0 5 0 0 0 0 0 0 15 0 0 15 0 0 0 -999 
P317 2024 7 3 7 0 0 0 0 0 0 0 0 0 0 0 0 0 0 0 0 0 0 0 0 0 9 0 0 0 0 0 0 0 
P317 2024 8 0 0 0 0 0 0 0 0 0 0 0 0 0 0 0 0 0 0 0 0 0 0 0 0 0 0 7 0 0 0 0 
P317 2024 9 0 0 14 0 5 0 0 0 0 0 0 0 0 0 0 5 0 0 0 0 0 0 0 0 0 0 0 0 0 0 -999 
P317 2024 10 0 0 0 4 10 0 0 0 0 0 8 11 0 24 68 67 0 0 0 0 0 24 19 0 0 0 0 0 1 1 0 
P317 2024 11 0 0 0 15 13 0 0 0 0 0 0 19 32 0 0 9 0 0 0 0 0 34 37 0 3 0 0 0 0 0 -999 
P317 2024 12 0 0 0 0 0 2 0 0 0 0 0 9 21 10 15 12 0 7 0 0 0 8 0 0 0 23 18 0 0 0 0 
P317 2025 1 0 0 0 0 0 0 0 0 0 8 11 0 0 0 0 16 18 17 0 0 19 25 45 56 0 42 35 0 0 0 0 
P317 2025 2 0 0 0 15 0 0 35 47 63 28 0 52 38 41 41 0 36 0 0 0 24 34 30 0 0 0 0 0 -999 -999 -999 
P317 2025 3 7 32 0 26 33 80 202 0 0 0 0 3 6 0 0 0 0 34 0 59 75 119 47 188 0 15 42 0 0 0 0 
P317 2025 4 0 0 0 2 0 0 0 0 0 0 0 0 0 0 0 0 5 0 0 24 0 8 0 0 0 0 0 0 0 45 -999 
P317 2025 5 28 0 29 32 0 23 0 28 0 0 0 0 0 0 7 0 18 0 0 0 0 0 0 24 0 0 0 0 16 0 0 
P317 2025 6 0 0 0 10 0 0 12 0 0 0 0 0 0 0 0 0 0 0 0 0 0 0 0 0 0 0 0 0 0 0 -999 
P317 2025 7 0 0 0 0 0 0 0 0 0 0 0 0 0 0 0 0 0 0 0 0 0 0 0 0 0 0 0 0 0 0 0 
P317 2025 8 0 8 0 0 0 0 6 0 0 0 0 1 0 0 0 0 0 36 0 0 0 0 0 0 0 0 0 0 0 0 0 
P317 2025 9 0 8 10 0 0 0 0 0 0 0 0 0 0 0 4 0 0 0 0 0 6 0 0 0 0 0 0 0 0 0 -999 
P317 2025 10 0 0 2 0 0 0 0 0 18 0 0 0 0 7 0 0 0 0 0 5 0 0 0 13 31 0 69 0 55 0 0 
P317 2025 11 0 0 0 0 2 0 0 0 0 0 0 0 0 0 0 0 0 0 16 0 0 0 0 0 0 0 0 0 0 0 -999 
P317 2025 12 0 64 66 0 0 18 34 0 0 0 0 0 0 0 0 0 15 0 0 10 16 15 12 22 35 0 12 0 0 0 36 
P317 2026 1 0 0 0 0 0 0 0 0 0 0 0 88 117 0 0 57 105 67 12 0 0 0 0 7 0 0 0 0 0 0 0 
P317 2026 2 0 0 0 27 17 20 0 1 0 7 0 0 0 0 0 0 0 30 89 213 54 46 22 20 7 0 10 7 -999 -999 -999 
P317 2026 3 0 0 0 0 0 0 0 0 0 0 4 5 0 0 0 0 0 35 27 40 58 97 0 43 8 0 0 0 0 0 0 
P317 2026 4 0 0 0 0 0 0 0 0 48 70 0 0 77 47 0 11 0 0 0 0 0 0 0 0 0 19 51 0 61 0 -999 
P317 2026 5 0 0 0 0 0 0 0 12 0 0 0 0 0 0 0 0 0 0 0 0 0 0 0 17 0 0 36 0 16 0 0 
P317 2026 6 0 7 0 0 0 0 0 12 0 0 0 0 0 6 0 0 0 0 0 0 0 0 0 0 0 0 0 0 0 0 -999 
P317 2026 7 0 0 0 0 0 0 0 0 0 0 0 0 0 0 0 0 0 0 0 0 0 0 0 0 0 0 0 0 0 0 0 
P317 2026 8 0 0 0 0 0 0 0 0 0 0 0 0 0 0 0 0 0 0 0 5 0 0 0 0 0 0 0 0 0 0 0 
P317 2026 9 9 0 0 0 0 0 0 0 0 0 0 0 0 0 0 0 0 0 0 17 25 21 0 0 0 0 7 8 0 0 -999 
P317 2026 10 5 0 0 0 0 0 0 0 16 17 18 26 14 16 0 38 0 0 0 0 0 0 0 17 19 14 0 0 22 37 70 
P317 2026 11 0 0 15 0 8 7 9 0 22 55 80 0 12 10 24 0 0 0 0 13 6 0 0 0 0 0 0 0 17 4 -999 
P317 2026 12 0 0 0 0 26 21 0 0 63 89 27 0 7 13 34 0 62 71 41 54 0 0 0 0 0 0 0 0 0 0 0 
P317 2027 1 0 11 0 57 46 0 0 0 26 28 0 0 0 3 0 0 0 9 41 68 43 16 0 5 0 0 0 0 5 3 0 
P317 2027 2 0 0 0 0 0 0 0 0 0 7 19 32 56 125 56 213 98 88 0 12 0 36 0 0 49 40 29 39 -999 -999 -999 
P317 2027 3 85 37 17 35 34 0 32 0 0 0 0 0 0 0 0 30 0 24 38 25 0 0 0 0 0 31 0 95 13 0 0 
P317 2027 4 27 0 0 102 0 0 28 0 0 10 0 0 23 0 0 72 61 61 38 34 102 28 23 0 33 0 7 0 0 0 -999 
P317 2027 5 0 16 31 44 27 0 0 0 0 0 0 0 0 9 0 0 0 0 0 0 0 20 0 0 0 28 0 0 12 0 17 
P317 2027 6 14 9 22 0 0 0 0 0 0 0 0 0 8 0 0 0 0 0 19 0 0 0 0 0 0 0 0 6 0 0 -999 
P317 2027 7 0 0 0 0 0 0 0 0 0 0 0 0 0 0 0 0 0 0 0 0 0 0 0 0 0 0 0 0 0 0 0 
P317 2027 8 0 0 0 0 0 0 0 6 0 0 0 13 0 0 4 0 0 0 0 0 0 0 0 0 0 0 0 0 0 0 0 
P317 2027 9 0 0 0 0 0 0 0 0 0 0 0 0 0 13 0 0 0 0 0 0 0 0 0 0 0 0 0 7 0 0 -999 
P317 2027 10 7 7 0 2 0 0 0 0 0 0 0 0 0 5 6 6 0 0 0 0 0 34 0 0 0 0 0 6 0 0 0 
P317 2027 11 0 44 145 0 0 22 39 0 3 0 0 12 0 76 48 0 0 0 2 0 0 0 51 65 69 72 70 0 121 103 -999 
P317 2027 12 64 200 129 11 0 106 197 0 21 42 44 49 0 22 0 0 0 7 3 0 0 0 0 0 0 8 4 0 10 0 9 
P317 2028 1 21 41 16 0 0 0 11 15 0 66 10 25 0 44 62 0 0 0 0 0 0 0 0 0 0 0 0 0 0 0 0 
P317 2028 2 0 0 0 15 12 0 0 0 0 0 0 0 0 0 0 1 0 10 0 7 0 26 23 12 0 61 53 0 -999 -999 -999 
P317 2028 3 46 0 0 0 0 6 0 0 18 21 27 0 0 0 39 51 48 16 7 0 0 16 0 0 0 0 0 0 10 0 0 
P317 2028 4 0 29 33 0 30 0 0 0 0 34 26 0 9 13 0 0 0 14 10 0 0 0 0 4 0 11 0 18 36 31 -999 
P317 2028 5 0 0 16 0 0 0 0 8 9 5 0 0 0 0 0 0 0 0 6 0 0 0 13 0 29 10 0 7 9 0 17 
P317 2028 6 0 0 0 0 0 0 0 0 0 22 0 0 0 0 0 0 0 0 0 0 0 0 0 0 0 0 0 0 0 0 -999 
P317 2028 7 0 0 0 0 0 0 0 0 0 0 0 0 0 0 0 0 0 4 0 0 0 0 0 0 0 0 0 3 0 0 0 
P317 2028 8 0 0 0 0 0 0 0 0 0 0 0 0 0 0 0 0 12 0 0 0 0 0 0 0 0 0 0 0 0 0 0 
P317 2028 9 0 14 0 0 18 0 16 0 7 0 0 0 0 0 0 0 0 0 0 5 7 0 0 0 0 0 0 9 0 10 -999 
P317 2028 10 0 0 0 0 0 0 0 6 8 17 23 0 0 0 0 0 0 34 52 48 19 0 0 0 0 0 0 0 4 0 0 
P317 2028 11 23 0 0 0 0 0 48 44 27 41 15 0 0 17 0 30 0 0 0 0 0 0 0 0 0 0 0 0 0 0 -999 
P317 2028 12 6 0 0 0 0 0 0 0 0 0 0 0 0 0 0 0 0 0 14 28 32 5 39 0 0 0 0 0 3 4 2 
P317 2029 1 4 0 44 0 0 44 158 53 0 0 2 0 10 0 0 53 0 0 6 0 0 0 10 0 28 121 147 84 18 0 0 
P317 2029 2 0 32 19 8 8 4 0 0 8 14 0 0 0 0 0 0 0 0 0 0 0 25 0 0 0 5 0 2 -999 -999 -999 
P317 2029 3 0 0 0 0 0 0 0 0 0 0 0 18 9 18 23 0 0 0 22 0 31 34 68 84 0 2 0 0 0 0 0 
P317 2029 4 0 0 0 0 17 17 16 0 9 0 0 19 36 0 0 8 0 0 0 0 0 0 0 0 0 10 0 0 0 0 -999 
P317 2029 5 0 0 50 55 19 19 0 0 0 0 0 0 0 0 12 0 0 0 0 0 0 0 0 0 0 0 0 6 0 0 0 
P317 2029 6 0 0 19 0 0 18 12 0 0 0 0 0 0 0 0 0 0 0 0 0 19 0 0 0 0 0 0 0 0 6 -999 
P317 2029 7 0 18 0 0 9 0 0 0 0 0 0 0 0 0 0 0 0 0 0 0 0 0 0 0 0 0 0 0 0 0 0 
P317 2029 8 0 0 0 0 0 0 0 0 0 0 0 0 0 7 0 0 0 0 0 0 0 0 0 0 0 0 0 0 0 0 0 
P317 2029 9 0 12 18 0 0 15 0 0 0 0 0 13 0 18 0 0 9 0 19 0 10 0 0 37 0 25 0 45 85 73 -999 
P317 2029 10 58 15 0 0 0 10 0 0 0 0 0 0 0 0 29 16 0 0 0 0 23 9 3 13 0 0 0 0 11 12 0 
P317 2029 11 0 0 0 57 0 47 21 0 95 0 0 0 0 0 0 0 0 0 0 10 0 0 19 45 0 0 23 39 81 34 -999 
P317 2029 12 0 0 26 0 13 0 0 8 11 16 10 0 0 0 0 0 11 15 21 12 3 0 7 0 0 0 0 5 11 0 0 
P317 2030 1 58 0 0 8 23 19 53 0 0 11 0 0 0 25 0 0 0 0 7 3 26 17 9 11 8 26 13 0 74 83 96 
P317 2030 2 160 89 48 7 10 0 0 58 67 0 59 0 0 0 0 0 0 0 22 0 0 11 0 15 0 0 0 0 -999 -999 -999 
P317 2030 3 0 0 0 0 0 0 83 21 0 0 45 0 0 0 0 17 0 0 28 0 0 45 0 0 2 0 3 0 0 0 1 
P317 2030 4 0 0 13 0 27 0 21 0 0 0 21 13 0 111 66 70 97 174 47 33 0 51 39 19 0 0 0 0 0 0 -999 
P317 2030 5 0 0 0 1 0 5 0 0 0 0 12 0 43 0 33 42 0 0 18 0 0 0 0 0 0 0 6 0 0 0 19 
P317 2030 6 24 0 0 0 0 0 23 18 0 23 0 25 0 20 0 0 0 0 0 0 0 0 0 0 0 0 0 0 0 0 -999 
P317 2030 7 0 0 0 0 0 0 0 0 0 0 0 0 0 0 0 0 0 0 0 0 0 0 0 0 0 0 0 0 0 0 0 
P317 2030 8 0 0 0 0 0 0 0 0 0 0 0 6 0 0 0 0 0 0 0 0 3 0 0 0 0 6 0 0 0 0 0 
P317 2030 9 0 0 0 0 0 0 0 0 0 0 0 0 0 0 10 20 0 0 0 15 0 17 8 6 0 0 0 0 0 0 -999 
P317 2030 10 0 0 0 0 0 0 0 0 0 0 51 34 21 0 0 0 0 0 6 4 5 0 0 21 0 0 0 0 0 0 0 
P317 2030 11 21 0 36 0 112 86 23 0 0 32 0 0 0 0 0 0 0 33 20 0 0 0 0 0 2 0 0 0 0 69 -999 
P317 2030 12 137 0 35 35 61 0 43 0 0 0 25 0 0 0 0 0 0 0 0 0 0 0 0 9 0 0 0 0 0 0 0 
P317 2031 1 0 0 0 0 0 0 20 0 8 0 0 0 0 130 78 0 0 0 97 46 0 38 0 91 44 0 23 23 60 53 52 
P317 2031 2 0 0 6 0 11 0 38 11 26 0 0 0 0 3 2 0 0 35 0 0 6 0 0 2 0 0 0 0 -999 -999 -999 
P317 2031 3 27 41 0 0 0 29 21 0 26 0 54 36 52 100 86 39 40 49 35 0 38 0 0 0 0 0 66 37 0 28 30 
P317 2031 4 0 31 24 0 58 75 25 0 0 0 0 6 14 0 0 0 0 0 17 0 0 0 19 0 0 31 26 0 25 0 -999 
P317 2031 5 0 23 23 0 0 0 26 49 0 0 0 0 0 0 12 0 12 0 0 0 0 0 0 0 0 7 0 0 0 9 0 
P317 2031 6 0 0 0 0 0 0 0 0 0 0 0 0 0 0 0 0 0 0 0 13 15 0 11 7 5 0 0 0 5 0 -999 
P317 2031 7 0 0 0 0 0 0 0 10 0 0 0 0 0 0 0 0 0 0 0 0 0 0 0 0 0 0 0 0 0 0 4 
P317 2031 8 0 0 0 0 0 0 0 0 0 0 0 0 0 0 0 0 0 0 0 28 0 0 0 4 0 0 0 0 0 0 0 
P317 2031 9 0 0 0 0 0 0 0 0 0 0 35 39 8 0 0 0 0 0 0 0 0 0 0 0 0 0 0 0 34 0 -999 
P317 2031 10 9 0 0 0 0 0 6 0 0 13 0 31 0 0 45 54 0 0 11 0 0 0 19 0 0 0 12 0 21 27 52 
P317 2031 11 80 59 0 22 0 11 4 0 10 0 9 0 48 26 32 48 14 0 0 0 0 10 0 0 12 0 0 34 0 0 -999 
P317 2031 12 54 122 194 85 42 31 0 11 2 0 0 0 0 0 0 6 3 0 0 0 4 2 0 0 34 24 26 0 0 35 0 
P317 2032 1 101 131 0 0 50 142 50 145 247 21 0 0 0 0 0 0 0 49 72 0 0 0 0 0 0 0 0 0 16 28 15 
P317 2032 2 57 55 0 0 35 0 4 0 0 0 0 1 0 0 0 0 0 0 0 0 0 0 0 0 0 27 0 0 -999 -999 -999 
P317 2032 3 0 0 0 0 7 0 0 27 0 0 2 0 0 0 0 0 0 0 0 0 0 0 0 27 31 0 0 0 0 16 0 
P317 2032 4 0 0 51 95 62 0 0 34 34 19 30 0 0 0 0 12 0 0 24 19 0 105 88 26 25 0 8 0 33 25 -999 
P317 2032 5 14 10 0 0 18 27 0 0 32 0 0 29 13 0 0 0 0 0 13 0 16 2 2 0 0 0 0 0 0 0 0 
P317 2032 6 0 0 0 0 0 24 0 0 0 0 0 0 23 0 0 0 0 0 0 0 0 0 0 0 0 0 19 20 0 20 -999 
P317 2032 7 11 11 0 0 0 0 5 0 0 0 0 0 0 0 0 0 0 0 0 0 0 0 0 0 0 0 0 0 0 0 0 
P317 2032 8 0 0 7 0 0 0 0 0 0 0 0 0 0 0 0 0 0 0 0 0 0 0 0 0 0 0 0 0 0 0 0 
P317 2032 9 0 0 0 4 0 0 0 0 12 0 0 0 0 0 0 0 0 0 0 0 0 0 0 0 0 0 0 0 9 0 -999 
P317 2032 10 0 0 0 0 0 0 0 0 0 0 0 23 0 0 34 26 20 0 54 62 69 81 0 2 0 0 0 0 0 1 0 
P317 2032 11 0 0 0 0 0 53 55 0 0 16 0 9 41 0 2 23 20 0 49 80 39 12 0 42 0 31 22 34 0 0 -999 
P317 2032 12 0 0 0 0 0 0 0 0 23 32 29 8 1 0 0 0 0 0 0 0 0 0 2 6 16 14 15 11 0 0 59 
P317 2033 1 75 0 0 0 1 0 19 0 0 0 0 0 0 7 0 0 0 0 0 0 0 0 0 0 0 0 0 0 4 0 0 
P317 2033 2 0 0 0 4 0 0 0 26 0 26 13 0 15 0 57 110 154 97 68 0 133 126 71 25 0 0 0 9 -999 -999 -999 
P317 2033 3 0 0 0 0 0 0 10 0 0 0 14 0 49 0 58 12 0 25 60 80 64 31 31 37 54 0 0 0 24 0 29 
P317 2033 4 78 17 0 28 0 0 0 12 24 16 6 5 0 0 0 0 0 41 41 52 34 18 0 22 41 0 0 0 0 0 -999 
P317 2033 5 0 0 0 0 0 0 0 0 0 0 0 0 0 0 0 0 0 0 11 0 0 0 0 0 0 0 0 0 7 0 0 
P317 2033 6 0 0 0 14 11 0 0 0 0 0 0 0 0 0 0 0 0 0 0 0 0 0 0 0 0 0 0 0 0 0 -999 
P317 2033 7 0 0 0 0 5 0 0 0 0 0 0 0 0 0 0 0 0 0 0 0 0 0 0 0 0 0 0 0 0 0 0 
P317 2033 8 0 0 0 0 0 0 0 0 0 0 0 0 3 0 0 0 1 0 0 0 0 0 0 0 0 13 0 0 0 13 5 
P317 2033 9 0 0 0 0 0 0 0 0 16 0 0 0 4 0 0 0 0 0 0 0 0 0 0 0 0 0 0 6 5 0 -999 
P317 2033 10 0 0 0 29 0 0 0 0 0 0 0 0 0 0 0 38 43 0 89 0 0 0 0 0 0 35 13 0 0 0 0 
P317 2033 11 36 0 0 150 21 91 81 98 0 6 0 12 0 16 103 94 0 17 14 0 0 0 0 0 0 0 0 0 0 0 -999 
P317 2033 12 14 0 47 42 12 29 65 18 20 17 13 17 5 0 0 0 0 5 0 0 0 0 46 20 0 7 15 17 0 11 11 
P317 2034 1 0 3 0 0 0 0 0 0 0 0 0 0 0 11 0 0 0 0 0 0 16 0 0 27 0 51 56 14 0 0 0 
P317 2034 2 1 0 0 0 18 0 49 71 48 53 87 0 0 5 3 2 0 0 87 22 7 0 41 0 0 0 0 0 -999 -999 -999 
P317 2034 3 0 0 0 4 0 0 7 0 0 17 17 0 0 8 0 0 0 0 0 0 0 0 0 0 0 0 33 14 0 33 0 
P317 2034 4 0 21 0 77 110 40 6 29 0 27 24 0 0 0 26 30 43 26 0 22 0 63 0 0 6 10 5 0 0 0 -999 
P317 2034 5 0 0 0 0 0 0 4 0 0 0 0 5 13 0 0 9 9 0 0 13 14 14 0 0 0 10 16 29 30 29 28 
P317 2034 6 36 0 23 0 0 0 0 0 0 8 0 0 0 4 0 0 0 0 0 0 0 0 0 0 0 0 0 0 0 0 -999 
P317 2034 7 0 0 0 0 0 0 0 0 0 0 0 0 0 0 0 0 0 0 0 0 0 0 0 0 0 0 0 0 0 14 0 
P317 2034 8 0 0 0 0 0 0 0 0 0 0 0 0 0 0 0 0 0 0 0 3 0 0 0 0 0 0 4 0 11 0 0 
P317 2034 9 0 0 0 0 0 0 0 9 0 0 0 0 0 11 0 0 16 0 0 7 0 0 0 1 0 0 5 0 0 3 -999 
P317 2034 10 0 0 0 0 0 0 0 0 0 0 2 10 7 0 0 28 7 5 4 0 15 16 30 0 0 0 0 12 0 7 0 
P317 2034 11 3 0 10 13 17 8 0 0 0 0 0 0 0 0 0 0 0 0 0 8 9 9 10 14 0 57 62 37 21 31 -999 
P317 2034 12 0 0 16 0 0 0 5 0 0 0 0 0 0 0 18 23 0 16 0 0 23 0 0 52 51 0 62 0 23 41 17 
P317 2035 1 0 0 0 56 0 0 17 9 0 0 0 3 2 3 6 10 0 3 0 19 22 0 0 0 0 0 10 15 0 7 0 
P317 2035 2 0 0 0 9 0 0 0 0 0 0 0 0 0 0 0 0 0 0 17 21 0 0 50 53 0 0 48 0 -999 -999 -999 
P317 2035 3 0 45 0 0 0 0 0 9 17 0 0 0 0 22 0 0 0 0 0 0 0 0 0 0 0 0 0 40 0 0 0 
P317 2035 4 38 0 0 0 0 0 25 42 0 18 17 0 14 0 0 0 0 0 0 0 0 35 45 42 0 0 17 0 0 25 -999 
P317 2035 5 24 36 9 10 0 0 40 37 16 0 13 0 0 6 0 0 0 0 0 0 0 0 0 0 0 0 3 0 0 0 0 
P317 2035 6 0 0 0 21 13 9 0 0 0 6 0 0 0 0 0 0 0 0 0 0 0 0 0 0 0 0 0 5 0 0 -999 
P317 2035 7 0 0 0 0 0 0 15 0 0 0 10 0 0 0 0 0 0 0 0 0 0 0 0 0 0 0 0 0 0 0 0 
P317 2035 8 0 0 0 0 0 0 0 0 0 0 0 0 0 0 0 0 0 0 0 0 0 0 0 7 0 0 0 14 0 29 0 
P317 2035 9 0 0 0 0 0 0 0 0 0 6 0 0 8 4 0 0 0 0 0 0 0 0 0 0 13 0 0 0 0 0 -999 
P317 2035 10 18 10 0 0 4 0 0 0 0 27 0 0 0 17 37 0 0 0 0 0 67 45 23 0 0 19 20 0 0 0 0 
P317 2035 11 0 31 46 19 6 0 0 0 0 0 1 0 0 0 0 0 4 0 0 11 13 11 0 0 19 0 0 0 0 0 -999 
P317 2035 12 0 3 0 0 0 0 9 0 0 0 0 8 10 29 86 0 0 38 27 17 0 7 0 19 0 32 17 0 0 0 31 
P317 2036 1 0 71 0 0 50 72 0 44 30 109 0 24 30 0 0 0 30 23 37 44 0 7 0 0 0 0 0 11 0 0 0 
P317 2036 2 0 28 50 0 0 0 4 0 0 0 0 0 0 0 0 7 0 0 0 43 35 0 0 35 13 16 0 0 -999 -999 -999 
P317 2036 3 97 74 17 33 19 0 0 0 0 0 10 24 16 0 0 18 20 27 55 0 18 0 0 0 0 63 65 44 0 0 0 
P317 2036 4 127 25 8 34 0 0 15 0 0 24 0 43 0 0 0 0 0 0 0 0 0 0 0 0 0 0 0 0 0 0 -999 
P317 2036 5 0 8 0 0 27 0 0 0 0 0 0 0 0 0 0 0 36 27 42 0 72 52 0 0 0 0 0 0 0 0 0 
P317 2036 6 0 0 0 0 0 0 0 0 0 0 0 23 19 15 0 24 0 0 0 0 0 0 0 0 0 0 0 0 0 0 -999 
P317 2036 7 0 0 0 0 0 0 4 0 0 0 0 0 0 0 0 0 11 0 0 0 0 0 0 0 0 0 0 0 0 0 0 
P317 2036 8 0 0 0 0 0 0 0 0 0 0 0 0 0 0 0 0 0 0 0 0 0 0 0 6 0 0 0 0 0 0 8 
P317 2036 9 0 0 0 0 2 0 0 0 0 0 0 0 0 5 0 0 0 0 0 0 0 0 0 0 0 0 5 0 0 0 -999 
P317 2036 10 0 21 7 0 0 56 32 0 0 39 0 0 24 49 53 0 0 13 0 9 0 7 0 9 24 0 0 0 0 0 0 
P317 2036 11 0 0 0 12 0 0 81 0 0 0 14 6 0 0 0 0 0 0 0 6 4 0 18 32 42 20 7 7 0 0 -999 
P317 2036 12 0 0 0 0 0 0 0 0 0 18 0 23 21 13 12 0 10 11 0 0 0 0 0 0 7 0 40 42 47 123 122 
P317 2037 1 32 0 19 0 25 78 0 22 51 0 18 22 24 39 52 131 183 103 139 94 27 11 8 0 0 1 0 0 4 0 0 
P317 2037 2 0 0 0 0 11 25 12 0 18 15 0 0 23 0 25 35 22 46 71 42 0 9 9 0 9 0 18 0 -999 -999 -999 
P317 2037 3 20 0 59 137 0 42 73 67 38 19 0 0 13 0 0 0 39 0 25 22 23 78 58 92 0 120 66 58 38 5 0 
P317 2037 4 0 0 0 2 0 0 0 6 0 0 0 21 0 0 34 0 0 19 12 12 6 16 41 41 65 53 0 0 0 10 -999 
P317 2037 5 11 0 0 0 0 56 54 0 15 0 0 2 0 0 0 0 0 0 14 0 0 3 0 0 0 4 0 0 0 0 0 
P317 2037 6 0 0 11 0 0 13 19 0 0 0 0 0 0 0 0 0 0 0 11 18 0 0 4 0 0 0 0 0 0 0 -999 
P317 2037 7 0 0 4 0 0 13 0 0 0 0 0 11 0 5 0 0 0 0 0 0 0 0 0 0 0 0 0 0 7 0 0 
P317 2037 8 0 0 5 0 0 0 0 0 0 0 0 0 0 15 0 0 0 0 0 0 0 0 0 1 0 0 0 0 0 0 0 
P317 2037 9 0 0 0 0 0 0 0 0 0 0 0 0 0 0 0 0 0 0 0 0 0 0 0 0 3 16 0 0 0 0 -999 
P317 2037 10 0 0 0 0 0 20 0 0 9 0 0 0 0 0 0 0 0 0 0 0 0 10 18 0 18 0 1 0 0 0 0 
P317 2037 11 0 0 9 0 0 0 0 0 0 0 0 0 9 21 0 30 36 7 0 0 0 0 0 0 0 28 29 30 51 0 -999 
P317 2037 12 0 0 0 0 139 236 102 0 0 0 0 28 0 3 0 0 0 0 0 20 7 0 0 17 0 0 0 0 0 0 0 
P317 2038 1 0 0 0 1 0 0 0 0 17 0 37 99 39 0 0 25 8 9 0 6 0 8 0 0 0 17 38 0 0 0 39 
P317 2038 2 0 18 0 27 31 32 30 26 11 5 0 0 0 0 0 0 0 0 0 0 3 3 0 0 0 0 13 3 -999 -999 -999 
P317 2038 3 0 0 0 54 28 27 0 0 0 10 0 24 39 60 57 0 0 31 0 16 27 0 32 0 12 0 0 0 0 6 0 
P317 2038 4 0 0 33 0 0 0 0 0 0 0 0 0 0 0 0 0 0 0 0 0 0 0 8 0 0 0 0 0 0 0 -999 
P317 2038 5 0 0 0 0 0 0 0 0 0 0 0 0 0 0 0 19 0 0 0 0 0 0 0 0 0 0 0 3 0 0 0 
P317 2038 6 0 0 0 0 0 0 0 0 0 0 19 0 0 0 0 0 0 0 0 0 0 0 0 0 5 8 0 0 0 0 -999 
P317 2038 7 16 0 0 0 0 0 0 0 0 0 10 3 0 0 0 0 0 0 0 0 0 0 0 0 0 0 0 0 0 0 0 
P317 2038 8 0 0 0 0 0 0 0 0 0 0 0 0 0 0 0 0 0 0 0 0 0 5 0 5 0 0 0 8 0 0 0 
P317 2038 9 0 0 0 0 0 0 0 0 0 0 0 0 0 0 0 0 0 0 0 0 0 0 0 9 0 0 0 0 0 0 -999 
P317 2038 10 0 0 0 6 0 0 0 0 0 0 0 0 0 0 0 0 0 0 0 0 21 0 55 0 0 0 33 0 0 0 0 
P317 2038 11 0 0 0 0 52 58 31 21 13 22 51 0 0 0 0 0 25 29 35 0 0 0 6 9 0 0 25 48 70 31 -999 
P317 2038 12 0 11 0 0 0 0 12 0 0 10 0 0 1 0 0 0 0 0 0 0 0 10 0 0 47 0 34 43 118 143 55 
P317 2039 1 30 42 54 64 108 21 11 0 2 0 0 68 82 0 0 55 0 0 0 0 76 28 24 30 100 153 210 94 0 0 0 
P317 2039 2 0 0 0 0 5 0 0 0 0 0 19 2 0 0 27 0 15 15 6 0 37 61 0 39 0 72 52 0 -999 -999 -999 
P317 2039 3 23 0 7 0 23 16 0 0 0 0 19 0 42 0 0 0 0 0 28 57 43 25 5 0 0 0 0 8 4 0 1 
P317 2039 4 1 1 0 0 0 0 0 0 0 0 9 0 0 0 0 0 0 0 0 0 0 0 3 0 0 0 0 0 21 0 -999 
P317 2039 5 0 0 0 0 20 17 10 0 18 59 58 22 7 0 0 0 28 0 0 19 0 0 0 0 0 27 26 0 31 0 0 
P317 2039 6 0 0 0 17 0 0 0 0 0 0 0 0 6 0 0 0 22 31 0 8 0 0 0 0 0 0 0 0 0 0 -999 
P317 2039 7 0 0 0 0 0 0 0 0 0 0 0 0 0 0 8 0 0 0 0 0 0 0 0 0 5 0 0 0 0 0 0 
P317 2039 8 0 0 0 0 0 0 0 0 0 0 0 0 0 0 0 0 0 0 0 0 0 0 0 0 0 0 0 0 0 0 13 
P317 2039 9 0 0 7 0 0 0 0 0 0 0 0 0 0 0 0 0 0 0 20 0 0 0 0 0 0 0 0 0 0 0 -999 
P317 2039 10 0 0 1 0 0 0 0 0 0 30 28 0 6 0 5 0 0 0 34 77 0 38 39 0 47 6 14 0 0 0 28 
P317 2039 11 68 0 0 2 0 0 0 0 0 0 0 0 0 0 0 18 0 5 0 0 0 0 0 0 0 19 0 0 33 19 -999 
P317 2039 12 0 0 0 0 0 0 2 0 0 0 0 0 15 0 31 22 108 231 44 0 0 6 0 0 8 14 23 17 0 0 0 
P317 2040 1 0 0 0 0 0 0 0 0 0 0 10 29 0 0 0 23 28 12 0 63 0 0 5 0 0 0 0 0 11 25 89 
P317 2040 2 0 23 80 62 74 0 0 0 8 0 41 31 0 76 0 0 44 100 154 116 0 0 63 76 0 0 0 59 -999 -999 -999 
P317 2040 3 0 0 48 0 0 0 0 16 0 0 0 0 0 0 0 22 21 0 14 0 0 0 0 0 0 19 19 0 0 0 29 
P317 2040 4 0 0 52 46 55 48 0 0 0 13 9 0 0 30 46 0 15 1 0 0 0 8 0 0 0 22 0 0 0 0 -999 
P317 2040 5 0 0 0 0 0 0 0 0 0 0 0 0 0 0 0 0 0 0 0 0 0 6 0 19 23 0 0 0 0 3 0 
P317 2040 6 0 0 14 0 0 0 0 0 0 0 20 0 21 0 13 10 0 0 17 0 14 0 0 0 0 0 0 0 0 0 -999 
P317 2040 7 0 0 0 0 0 0 0 0 0 0 0 0 0 0 0 0 0 0 0 0 0 0 0 0 0 0 12 0 0 0 0 
P317 2040 8 0 4 5 0 0 0 0 0 0 0 0 0 0 0 0 0 0 4 0 0 0 0 0 0 0 0 0 0 13 16 0 
P317 2040 9 0 0 0 0 0 0 0 0 0 0 0 0 0 18 25 39 13 0 0 0 0 0 0 0 0 4 3 0 0 0 -999 
P317 2040 10 0 0 0 6 0 0 0 60 0 40 13 18 0 10 0 0 91 171 47 11 0 5 11 18 14 0 2 0 0 0 0 
P317 2040 11 0 10 0 0 0 15 0 0 19 0 19 15 0 96 51 122 0 14 19 0 0 0 0 0 13 0 0 28 25 29 -999 
P317 2040 12 22 0 0 0 12 0 0 0 0 0 0 0 5 0 0 0 0 0 0 3 0 0 0 0 0 0 0 0 0 0 0 
P317 2041 1 0 0 0 0 0 33 0 12 15 16 13 0 2 0 0 42 0 13 0 0 0 0 0 115 51 0 151 57 0 78 66 
P317 2041 2 0 0 5 0 0 9 18 42 54 0 0 0 28 42 77 136 0 13 0 0 0 0 0 0 0 0 0 0 -999 -999 -999 
P317 2041 3 0 0 0 0 0 0 0 41 59 0 0 23 0 0 0 0 0 0 0 0 0 0 5 0 0 4 6 0 0 0 0 
P317 2041 4 0 23 0 0 0 0 0 0 0 0 25 25 27 0 19 0 0 0 0 0 2 0 0 0 0 0 0 0 0 0 -999 
P317 2041 5 0 0 39 0 49 0 0 18 19 18 27 0 16 0 0 9 26 29 25 13 0 0 0 0 0 0 0 0 0 0 0 
P317 2041 6 0 0 0 7 0 0 0 0 0 16 0 0 15 0 0 2 0 7 0 28 0 0 0 0 0 0 0 0 0 0 -999 
P317 2041 7 0 0 0 0 6 0 0 0 0 0 0 0 0 0 0 0 0 0 0 0 0 0 0 0 0 0 0 0 0 0 0 
P317 2041 8 0 0 0 0 0 0 0 0 0 0 0 0 0 0 0 9 0 0 0 0 0 0 0 0 0 0 3 0 0 0 0 
P317 2041 9 0 0 12 0 14 8 0 0 0 0 0 0 3 0 0 0 0 0 15 0 0 0 0 6 0 4 0 0 0 0 -999 
P317 2041 10 4 0 2 0 0 0 0 0 0 0 0 7 0 8 0 0 0 0 0 0 0 0 21 34 26 9 0 0 7 0 0 
P317 2041 11 0 128 0 0 0 0 0 7 0 0 0 0 0 0 17 0 0 0 13 0 18 0 0 0 92 107 28 18 24 33 -999 
P317 2041 12 60 101 154 60 20 0 0 0 0 0 0 0 0 9 0 0 0 0 0 0 0 0 0 0 0 6 0 40 46 0 0 
P317 2042 1 25 40 0 81 0 0 0 9 19 38 46 0 0 0 0 0 37 0 59 6 1 0 0 15 0 31 0 45 0 11 0 
P317 2042 2 0 0 17 0 0 0 0 0 0 0 22 0 9 0 0 0 0 0 0 0 0 0 0 0 0 0 0 0 -999 -999 -999 
P317 2042 3 0 0 0 4 0 0 6 0 26 0 0 0 7 8 0 0 0 0 30 35 53 45 48 52 56 53 40 0 0 13 12 
P317 2042 4 8 6 6 0 0 13 0 0 12 5 0 0 0 5 0 0 49 64 14 0 0 22 41 7 2 0 0 0 0 0 -999 
P317 2042 5 38 49 64 55 0 49 30 0 19 0 34 51 75 36 0 0 0 13 0 0 0 4 0 0 0 0 10 7 0 0 0 
P317 2042 6 11 0 0 18 0 0 22 19 8 4 6 8 0 0 0 0 0 0 0 17 0 0 0 0 0 0 0 0 0 0 -999 
P317 2042 7 0 0 0 0 0 0 0 0 0 0 0 0 0 0 0 0 0 0 0 0 0 0 0 0 0 0 0 0 0 0 0 
P317 2042 8 0 0 0 0 0 0 0 0 0 0 0 0 0 0 0 0 0 0 0 0 0 0 7 0 0 0 0 0 0 0 0 
P317 2042 9 0 0 0 0 0 0 0 0 0 0 5 0 0 0 0 0 0 0 40 4 0 0 0 0 0 0 0 0 0 0 -999 
P317 2042 10 0 0 0 0 0 0 0 0 0 6 5 0 0 0 0 0 3 0 0 0 0 0 0 0 0 0 0 0 4 0 0 
P317 2042 11 0 0 0 0 0 23 0 10 17 17 0 34 0 25 0 0 0 9 0 0 0 38 34 10 0 21 25 0 0 0 -999 
P317 2042 12 0 11 0 0 79 0 19 0 0 25 51 62 0 23 15 0 7 0 31 26 0 0 0 0 0 17 75 61 0 77 51 
P317 2043 1 0 8 0 0 0 0 0 0 0 0 14 24 18 15 55 52 90 63 0 0 0 0 0 0 0 0 0 0 0 0 0 
P317 2043 2 0 0 0 0 0 0 0 0 46 0 27 11 0 0 78 88 0 0 0 0 0 23 0 0 0 0 0 0 -999 -999 -999 
P317 2043 3 0 18 0 0 0 0 16 0 17 25 53 43 55 74 40 59 68 51 41 36 19 0 69 61 0 83 16 0 67 87 48 
P317 2043 4 111 0 0 0 15 0 0 0 33 31 19 0 67 0 10 0 0 0 0 0 0 0 0 0 0 39 0 0 70 18 -999 
P317 2043 5 20 0 0 0 5 0 0 0 12 0 0 0 0 0 0 35 53 43 42 46 21 0 0 4 0 0 0 0 0 0 0 
P317 2043 6 0 0 0 0 12 4 0 0 0 0 0 0 0 0 0 0 0 0 6 0 0 0 0 0 0 0 0 0 0 5 -999 
P317 2043 7 0 0 0 0 0 0 0 0 0 0 3 0 0 0 0 0 0 0 0 0 0 13 0 0 11 0 0 0 0 0 0 
P317 2043 8 0 10 0 0 0 0 0 8 0 14 0 0 0 0 0 0 0 0 0 4 0 0 0 0 0 0 0 0 0 0 0 
P317 2043 9 0 0 0 0 8 0 0 0 7 0 0 0 0 0 0 0 0 0 0 0 0 0 0 0 4 2 0 0 0 0 -999 
P317 2043 10 0 0 0 2 3 0 0 0 0 0 0 0 20 0 8 6 0 0 26 0 21 17 11 0 0 3 0 0 7 12 5 
P317 2043 11 0 11 17 36 261 141 13 0 0 0 1 0 0 0 0 3 0 25 35 0 49 46 0 25 0 70 87 45 38 9 -999 
P317 2043 12 3 0 22 66 59 63 0 0 0 0 0 0 0 0 0 3 0 9 0 0 0 3 0 0 0 0 0 0 0 0 0 
P317 2044 1 1 0 1 0 3 0 0 15 19 0 0 62 25 0 23 0 0 115 88 46 69 23 0 44 68 66 31 15 0 14 23 
P317 2044 2 25 10 0 47 0 0 0 8 0 26 0 0 0 0 0 17 38 4 0 0 0 0 0 0 0 0 8 0 -999 -999 -999 
P317 2044 3 0 18 0 0 0 8 0 12 0 0 0 13 0 12 0 29 0 19 0 3 0 0 0 0 0 0 0 48 35 29 25 
P317 2044 4 29 39 36 21 17 0 0 0 46 32 0 0 13 0 0 0 0 0 7 6 0 0 0 13 22 30 0 0 30 0 -999 
P317 2044 5 20 0 20 25 20 28 54 59 77 57 65 0 40 0 0 0 0 0 0 0 0 0 0 0 5 8 7 0 0 0 0 
P317 2044 6 0 0 8 0 0 0 0 0 0 0 0 0 0 0 0 0 0 0 13 0 26 30 0 10 0 0 0 0 0 0 -999 
P317 2044 7 12 0 0 0 0 0 0 0 0 0 0 0 0 0 0 0 0 0 0 0 0 0 0 0 0 0 0 0 0 0 0 
P317 2044 8 0 0 0 0 0 0 0 0 0 0 0 0 0 0 0 0 0 0 0 0 0 0 0 0 0 7 0 0 0 0 0 
P317 2044 9 0 0 0 0 0 0 0 0 0 0 0 0 0 0 0 0 0 0 0 0 17 9 0 0 0 17 10 0 0 6 -999 
P317 2044 10 0 0 0 0 0 0 0 0 0 0 0 13 0 0 0 0 0 0 0 51 0 0 21 77 62 22 0 0 0 0 0 
P317 2044 11 0 0 3 0 23 0 6 0 6 0 0 0 70 53 0 0 17 8 0 17 68 0 0 13 10 0 13 17 0 0 -999 
P317 2044 12 0 0 0 0 0 0 0 0 0 0 0 0 3 0 0 0 16 28 67 242 40 32 0 0 8 0 0 0 5 0 8 
P317 2045 1 0 25 65 16 84 13 0 49 89 60 35 0 0 0 0 1 0 0 0 0 0 0 0 0 0 0 3 15 16 0 25 
P317 2045 2 0 24 11 12 14 0 0 0 0 0 57 74 0 5 6 0 0 0 6 0 0 30 23 0 103 161 198 185 -999 -999 -999 
P317 2045 3 0 0 0 0 0 0 15 33 60 63 0 0 64 72 0 14 22 48 0 0 8 5 0 0 0 1 0 0 0 0 0 
P317 2045 4 0 6 0 5 8 0 0 16 15 11 17 28 0 29 76 33 16 0 11 0 0 0 0 0 0 0 0 0 0 0 -999 
P317 2045 5 0 0 0 39 0 0 0 0 0 0 8 0 0 0 2 2 0 0 0 0 32 0 0 40 0 0 0 38 36 28 0 
P317 2045 6 17 15 10 0 0 0 0 0 0 0 0 0 21 32 19 0 0 12 11 19 0 0 0 0 0 0 0 0 0 0 -999 
P317 2045 7 0 0 0 0 0 0 0 0 0 0 0 0 0 0 0 0 0 0 0 0 0 0 0 0 0 0 0 0 0 0 0 
P317 2045 8 0 0 0 0 0 0 0 0 0 0 0 0 0 0 0 0 0 0 0 0 0 0 0 0 0 0 0 0 0 0 0 
P317 2045 9 0 0 0 0 27 0 23 0 17 0 0 0 0 0 0 0 0 0 0 0 0 0 0 0 0 0 0 0 0 0 -999 
P317 2045 10 0 4 0 0 21 0 0 24 17 12 8 0 5 0 2 0 0 0 0 14 0 0 0 0 0 0 0 0 5 0 0 
P317 2045 11 0 0 35 49 35 0 0 0 0 0 0 0 13 0 0 0 0 17 23 0 0 4 0 0 0 0 0 0 13 0 -999 
P317 2045 12 0 0 0 0 0 0 0 0 0 0 49 0 3 0 0 0 0 0 0 0 3 0 8 60 95 25 0 0 0 0 0 
P317 2046 1 0 13 15 15 0 16 17 0 0 0 0 2 0 0 6 0 15 61 105 123 133 78 0 80 37 72 105 48 0 39 48 
P317 2046 2 0 9 0 0 0 0 0 0 0 0 0 0 15 15 0 81 155 120 0 30 0 10 16 21 0 24 54 47 -999 -999 -999 
P317 2046 3 0 14 31 0 0 0 0 0 0 0 0 3 5 0 0 15 6 0 7 0 0 0 0 0 0 62 0 0 0 15 22 
P317 2046 4 40 0 25 25 12 22 38 54 61 71 20 0 48 63 46 47 60 50 0 0 0 0 46 0 48 0 34 29 32 0 -999 
P317 2046 5 0 0 0 0 0 0 0 0 0 0 0 0 28 0 3 0 12 12 19 0 0 0 43 28 70 30 0 0 0 24 26 
P317 2046 6 0 5 0 0 48 28 0 0 0 0 0 0 0 0 0 0 13 0 0 0 0 0 0 0 0 0 0 0 0 0 -999 
P317 2046 7 0 0 0 0 0 0 0 0 0 0 0 0 0 0 0 0 0 0 0 0 0 0 0 0 0 0 0 0 0 0 0 
P317 2046 8 0 0 0 0 7 0 0 0 0 0 0 0 8 0 0 0 0 0 0 0 7 7 0 0 0 0 0 0 0 0 0 
P317 2046 9 0 0 0 0 0 0 0 0 0 0 0 1 0 0 0 0 0 3 0 0 0 0 0 0 5 6 0 0 0 0 -999 
P317 2046 10 0 0 0 0 0 4 0 0 18 0 16 0 6 0 5 0 22 21 0 0 0 0 17 0 0 9 0 0 0 0 10 
P317 2046 11 0 42 77 84 28 19 5 4 0 0 0 0 0 0 0 0 7 0 0 0 0 0 0 0 0 0 0 0 0 0 -999 
P317 2046 12 0 0 0 0 0 0 0 0 0 0 23 23 0 0 27 37 0 0 0 19 0 0 0 0 10 0 0 0 0 0 0 
P317 2047 1 0 21 69 79 38 31 16 0 20 23 37 0 0 17 11 21 0 15 11 0 0 0 0 0 4 0 11 14 0 14 15 
P317 2047 2 23 0 0 9 0 0 0 16 9 0 12 26 53 42 36 0 0 0 0 54 0 28 22 0 0 4 0 0 -999 -999 -999 
P317 2047 3 0 31 21 16 0 22 0 12 14 26 0 0 0 0 0 0 0 0 10 6 0 0 0 0 7 0 0 5 0 9 14 
P317 2047 4 18 0 0 15 11 14 6 3 0 8 0 0 0 0 0 0 39 50 39 0 0 31 0 0 0 18 0 0 29 24 -999 
P317 2047 5 24 34 0 0 0 0 0 9 0 0 0 0 0 47 44 28 14 0 0 12 21 0 32 9 0 0 0 0 0 0 0 
P317 2047 6 0 0 0 0 0 0 0 0 0 0 0 0 0 0 0 0 0 0 0 0 0 0 0 0 0 0 0 0 0 0 -999 
P317 2047 7 0 0 0 0 0 0 0 0 0 0 0 0 0 0 0 0 0 0 12 0 0 0 0 0 0 8 0 0 0 0 0 
P317 2047 8 0 0 0 0 0 0 0 0 0 0 0 0 0 0 0 0 0 0 0 0 0 0 0 0 3 0 0 0 0 0 15 
P317 2047 9 0 5 0 0 0 0 15 0 13 7 0 6 0 2 0 0 0 0 0 0 0 0 0 0 0 29 0 7 7 0 -999 
P317 2047 10 0 0 23 51 28 0 0 0 0 0 0 0 0 20 9 2 0 0 0 0 0 0 0 0 0 21 29 29 17 0 0 
P317 2047 11 34 0 0 0 0 3 0 0 0 0 3 3 0 0 5 0 16 0 0 20 0 0 0 0 0 0 0 11 0 0 -999 
P317 2047 12 31 47 0 57 161 157 181 0 0 0 0 0 0 35 110 0 15 28 78 81 0 0 0 0 12 0 0 0 0 0 0 
P317 2048 1 0 0 0 0 0 0 2 0 0 0 0 0 0 0 0 0 0 0 0 6 16 0 0 0 7 51 114 0 0 0 65 
P317 2048 2 79 44 0 0 7 0 25 72 7 0 0 0 0 0 4 0 0 26 0 0 0 11 0 0 0 0 0 0 -999 -999 -999 
P317 2048 3 2 0 0 0 0 0 0 0 0 0 11 0 0 0 0 0 0 0 0 36 0 31 0 0 0 0 26 24 24 22 0 
P317 2048 4 0 0 9 0 0 0 0 75 22 8 12 66 71 0 0 33 64 61 0 83 40 28 0 16 13 0 0 0 25 30 -999 
P317 2048 5 10 13 30 28 13 7 10 0 0 0 0 33 28 0 0 0 0 0 0 19 0 43 22 0 27 0 0 37 32 0 0 
P317 2048 6 0 0 0 0 0 0 0 0 0 0 0 0 0 0 0 3 0 0 0 0 0 0 0 0 0 0 0 3 0 6 -999 
P317 2048 7 0 0 0 0 0 0 0 0 0 0 0 0 0 0 0 0 0 0 0 0 0 0 0 0 0 0 0 0 0 0 0 
P317 2048 8 0 0 0 0 0 0 0 0 0 0 15 0 0 0 0 0 0 0 0 0 0 0 0 0 0 0 0 0 0 0 0 
P317 2048 9 0 0 0 0 0 0 0 0 0 0 0 10 0 0 0 4 5 0 0 0 0 0 0 0 2 0 0 0 0 0 -999 
P317 2048 10 0 0 0 0 0 0 0 0 2 0 0 0 10 20 0 33 24 0 0 0 0 0 0 0 0 0 0 0 0 0 19 
P317 2048 11 16 24 21 15 9 12 32 0 0 0 0 11 0 0 0 0 24 10 0 0 0 0 0 3 0 18 18 57 255 168 -999 
P317 2048 12 47 42 35 27 0 0 0 0 0 0 0 0 8 14 19 0 0 0 0 120 0 0 0 0 0 0 0 0 0 0 4 
P317 2049 1 0 36 100 26 25 28 17 13 0 0 22 10 12 0 0 0 0 0 2 0 2 0 6 0 0 0 0 0 0 0 0 
P317 2049 2 0 0 0 0 0 48 95 72 37 85 74 163 203 0 84 212 0 106 63 64 103 54 55 145 0 91 0 28 -999 -999 -999 
P317 2049 3 38 68 89 93 0 0 29 32 60 0 0 0 0 54 0 4 0 31 37 14 27 0 0 0 0 0 0 0 0 0 0 
P317 2049 4 40 0 0 0 0 0 0 0 2 0 0 0 7 0 0 1 1 0 0 0 0 0 0 0 0 0 0 0 0 0 -999 
P317 2049 5 0 24 16 6 0 0 0 21 20 0 0 0 0 10 0 0 0 0 0 0 24 0 0 0 0 0 0 0 0 0 0 
P317 2049 6 0 0 6 4 0 0 0 0 0 0 2 0 0 0 0 6 0 0 0 0 0 0 0 0 0 0 0 0 0 0 -999 
P317 2049 7 0 0 10 0 15 24 27 0 0 0 0 0 0 0 0 0 0 0 0 0 0 0 0 0 0 0 0 0 0 0 0 
P317 2049 8 0 0 0 0 0 0 0 0 0 0 0 0 0 0 0 0 0 0 0 0 0 0 0 0 0 0 0 0 0 4 0 
P317 2049 9 0 0 9 0 0 0 0 0 0 0 0 8 0 0 1 2 0 0 0 0 0 0 0 0 0 0 0 6 5 0 -999 
P317 2049 10 0 0 0 0 0 0 0 3 0 0 17 0 0 0 0 51 0 0 0 0 7 4 0 0 17 0 28 19 0 0 3 
P317 2049 11 0 0 16 16 0 25 85 147 96 0 0 0 0 0 13 0 6 16 12 9 13 0 6 0 10 0 0 29 0 0 -999 
P317 2049 12 10 41 53 0 0 0 12 14 0 0 16 13 17 0 70 69 0 0 0 0 0 0 22 25 26 17 0 0 0 0 0 
P317 2050 1 0 0 8 0 11 9 5 0 0 0 81 96 0 81 57 144 143 100 0 0 0 0 16 0 17 17 0 0 0 7 8 
P317 2050 2 0 0 0 9 0 0 0 33 0 0 10 0 1 0 0 0 0 3 0 0 0 0 0 0 0 9 0 7 -999 -999 -999 
P317 2050 3 0 0 0 0 0 0 0 0 0 19 0 0 0 22 19 22 18 17 0 39 24 17 29 39 58 30 0 18 25 0 0 
P317 2050 4 0 0 0 0 19 18 21 25 0 0 56 87 0 0 0 0 42 0 29 31 22 0 24 0 0 0 0 0 0 30 -999 
P317 2050 5 0 53 18 0 0 0 0 16 12 33 0 0 0 0 0 0 1 0 0 0 0 16 0 0 0 0 0 13 14 16 0 
P317 2050 6 0 9 0 0 0 0 0 0 0 0 0 0 12 0 0 0 0 0 0 0 0 0 0 0 0 0 0 0 0 0 -999 
P317 2050 7 0 0 0 0 0 0 0 0 0 0 0 0 0 0 0 0 0 0 0 0 0 0 0 0 0 0 0 0 0 0 0 
P317 2050 8 0 0 9 0 0 0 0 0 0 0 0 0 0 0 0 0 0 0 0 0 0 0 0 0 0 0 0 0 0 0 0 
P317 2050 9 0 0 0 0 0 2 4 3 0 0 0 4 0 0 7 10 0 0 0 0 0 0 0 0 8 0 0 0 0 0 -999 
P317 2050 10 0 0 0 11 8 9 0 0 11 0 0 0 0 16 0 43 0 26 25 25 0 0 19 0 0 0 21 0 32 41 62 
P317 2050 11 0 20 26 0 0 0 0 0 0 0 0 0 19 0 35 0 12 13 0 0 8 0 0 44 0 3 17 0 0 0 -999 
P317 2050 12 6 0 28 8 0 0 0 13 0 42 0 0 44 79 52 0 0 55 0 12 0 0 0 0 0 0 0 0 0 0 11 
P317 2051 1 21 33 0 12 0 0 0 0 0 28 40 52 113 27 46 16 10 16 8 2 0 0 0 0 0 0 0 0 0 35 53 
P317 2051 2 89 76 43 105 0 0 18 0 0 10 0 0 11 0 0 21 0 21 37 43 0 0 64 0 0 47 51 26 -999 -999 -999 
P317 2051 3 0 15 39 40 37 27 0 29 0 0 31 28 0 51 0 0 0 0 0 0 0 33 0 0 0 0 0 10 0 0 0 
P317 2051 4 0 0 0 0 0 0 0 0 64 38 0 5 0 0 50 0 0 0 0 0 0 0 0 0 0 0 25 63 20 4 -999 
P317 2051 5 0 17 20 16 0 4 0 0 15 0 5 3 0 0 0 0 15 8 0 18 0 15 11 0 11 0 0 0 0 0 6 
P317 2051 6 0 22 21 14 0 0 15 0 0 31 0 0 6 3 0 0 0 0 0 0 0 0 0 0 0 0 0 0 0 0 -999 
P317 2051 7 0 0 0 0 0 0 0 0 0 0 0 0 0 0 0 0 0 0 0 0 0 0 0 0 0 0 0 0 0 0 0 
P317 2051 8 0 0 9 0 0 0 0 0 0 0 0 0 0 0 0 0 0 0 0 0 0 0 0 0 0 0 0 0 0 0 0 
P317 2051 9 0 0 0 0 0 0 0 0 0 0 0 0 0 0 0 0 0 0 0 0 0 0 0 0 0 0 0 0 4 0 -999 
P317 2051 10 0 0 0 3 10 23 0 22 25 16 0 0 0 0 16 0 0 0 0 0 0 0 0 0 0 0 0 55 66 0 11 
P317 2051 11 0 0 0 39 51 5 0 0 0 0 0 20 55 39 0 0 16 35 75 0 20 33 0 24 0 22 0 6 9 17 -999 
P317 2051 12 0 0 0 0 16 116 106 82 34 0 21 28 0 23 0 50 0 23 55 0 40 31 0 4 0 0 0 8 0 0 0 
P317 2052 1 0 0 0 0 0 0 2 0 0 0 0 0 0 0 0 0 0 0 0 0 0 0 0 8 0 8 0 4 1 0 0 
P317 2052 2 0 0 0 0 0 0 0 0 0 0 20 17 0 0 0 13 19 45 0 0 23 0 6 0 0 35 0 0 -999 -999 -999 
P317 2052 3 0 0 0 0 0 0 0 0 0 7 10 0 0 0 0 0 0 17 16 0 0 54 37 0 39 29 0 0 0 0 0 
P317 2052 4 0 0 15 0 0 3 0 0 0 3 0 0 0 0 0 0 0 0 0 0 0 0 0 0 0 0 0 0 0 0 -999 
P317 2052 5 11 0 0 0 0 34 36 23 0 0 0 0 0 14 0 0 0 0 0 0 4 0 0 0 0 0 0 0 0 0 0 
P317 2052 6 0 0 0 0 13 0 7 0 0 0 28 38 27 9 15 0 12 0 0 0 0 6 0 15 11 0 0 0 0 0 -999 
P317 2052 7 0 0 0 0 0 0 0 0 0 0 2 0 0 0 0 0 0 0 0 0 0 0 0 11 0 0 0 0 0 0 0 
P317 2052 8 0 0 0 0 0 0 0 0 0 0 0 0 0 0 0 0 0 0 0 0 0 0 0 8 0 0 0 0 0 0 0 
P317 2052 9 0 0 0 0 0 0 0 0 0 0 0 0 0 0 0 0 0 0 14 19 0 0 13 0 0 0 0 9 5 0 -999 
P317 2052 10 0 0 0 0 0 0 7 0 0 0 0 0 0 0 6 0 5 0 0 0 0 0 0 0 0 0 0 0 4 0 0 
P317 2052 11 10 0 3 0 0 0 0 0 0 0 0 0 0 0 0 0 0 0 0 0 0 0 12 23 42 0 88 0 25 41 -999 
P317 2052 12 50 48 16 0 17 0 0 0 35 143 137 34 49 39 0 4 0 21 0 0 0 0 0 20 0 0 0 1 0 0 8 
P317 2053 1 0 0 0 0 0 0 0 0 0 0 12 0 24 22 16 0 9 0 5 3 0 0 0 0 0 0 0 0 0 0 0 
P317 2053 2 0 41 0 63 67 0 87 42 28 0 4 0 4 0 5 7 13 14 0 0 9 0 0 0 0 35 118 141 -999 -999 -999 
P317 2053 3 129 0 14 10 0 20 0 0 0 17 0 16 13 22 28 21 63 63 40 0 22 16 0 0 0 0 0 0 21 0 0 
P317 2053 4 0 0 0 22 0 0 0 29 14 24 0 33 0 0 0 0 0 5 0 0 0 0 0 0 10 8 0 0 0 0 -999 
P317 2053 5 0 0 38 0 35 57 0 0 0 0 18 20 0 0 0 10 0 0 0 29 0 25 0 32 7 0 0 14 0 9 0 
P317 2053 6 0 0 14 14 0 0 11 11 0 0 0 7 0 0 15 17 0 0 1 0 0 0 0 0 0 0 0 0 0 0 -999 
P317 2053 7 0 0 0 0 0 0 0 0 0 0 0 0 0 0 0 0 0 0 0 0 0 0 0 19 0 0 0 7 0 0 0 
P317 2053 8 0 0 0 0 0 0 0 0 0 0 14 0 11 9 0 0 0 0 0 21 0 0 0 0 0 0 0 0 0 0 0 
P317 2053 9 0 5 0 8 0 0 0 0 0 0 0 0 0 0 0 0 0 0 0 0 0 0 0 10 0 0 0 0 0 0 -999 
P317 2053 10 0 0 0 0 0 2 0 0 15 0 0 5 7 0 15 24 12 16 0 0 0 0 0 12 0 0 0 0 0 0 10 
P317 2053 11 0 0 0 0 16 0 0 0 49 103 0 0 0 0 46 65 0 64 0 0 0 0 11 0 0 0 0 0 12 0 -999 
P317 2053 12 0 3 5 0 0 0 0 0 0 0 0 0 14 0 0 16 0 0 0 0 0 0 0 0 28 41 0 18 47 0 52 
P317 2054 1 0 40 116 0 66 0 27 0 0 41 48 46 60 104 41 60 0 0 0 0 0 10 14 0 0 0 26 95 102 19 26 
P317 2054 2 32 85 74 30 0 4 0 18 0 0 0 0 20 24 0 6 0 5 0 0 0 0 1 0 0 0 0 0 -999 -999 -999 
P317 2054 3 0 0 0 0 2 0 1 0 0 0 0 0 0 0 0 0 0 20 0 7 0 0 37 0 0 0 0 14 0 28 28 
P317 2054 4 0 21 19 0 55 62 82 48 0 33 34 0 0 0 0 0 13 0 36 0 0 0 0 0 0 0 0 43 0 54 -999 
P317 2054 5 32 19 19 22 0 0 0 0 0 12 0 18 11 19 0 0 0 0 13 24 32 47 0 66 57 0 16 14 0 0 0 
P317 2054 6 0 0 0 0 0 0 0 0 0 0 0 0 6 0 0 0 0 0 0 1 0 0 0 0 0 0 0 0 0 0 -999 
P317 2054 7 0 1 2 4 0 0 0 0 0 0 0 0 0 0 0 0 0 0 0 0 0 0 0 0 0 0 0 0 0 0 0 
P317 2054 8 0 0 0 0 0 0 0 0 0 0 0 0 0 0 0 0 0 0 0 0 18 0 0 0 0 0 0 9 4 0 0 
P317 2054 9 0 9 0 0 0 0 0 0 3 0 0 0 0 18 0 0 12 0 0 0 0 0 0 0 0 0 0 0 0 0 -999 
P317 2054 10 0 0 0 0 2 0 0 3 0 0 0 0 0 0 0 0 0 0 0 0 0 0 0 0 0 0 42 8 0 10 0 
P317 2054 11 58 0 3 0 0 10 19 21 0 92 49 0 0 0 108 0 9 14 0 86 41 0 8 6 0 5 0 10 9 15 -999 
P317 2054 12 0 8 0 2 0 0 0 3 0 6 0 42 37 20 6 0 11 0 0 0 0 0 0 0 53 42 49 49 47 0 23 
P317 2055 1 0 0 0 25 0 8 28 33 0 25 50 0 0 0 0 0 31 0 92 26 0 0 0 0 0 4 0 0 3 0 0 
P317 2055 2 0 0 0 0 12 0 38 29 0 0 0 0 0 0 0 0 2 1 3 8 0 0 13 0 25 0 22 11 -999 -999 -999 
P317 2055 3 0 26 0 68 0 46 32 24 24 14 10 33 35 0 0 4 10 0 0 8 0 3 16 23 19 0 0 0 0 0 0 
P317 2055 4 0 15 0 0 0 7 0 0 0 0 0 0 0 0 2 0 0 0 0 37 0 0 13 0 0 16 16 9 0 0 -999 
P317 2055 5 0 0 0 0 0 0 0 0 0 24 61 57 30 0 6 0 0 0 11 6 9 0 0 0 24 40 0 0 0 0 0 
P317 2055 6 0 0 0 8 0 0 0 0 0 0 0 0 0 0 0 0 0 0 0 0 0 0 0 0 0 0 0 0 0 0 -999 
P317 2055 7 0 0 0 0 0 0 0 0 0 0 0 0 0 0 0 0 0 0 0 0 0 0 0 0 0 0 0 0 0 0 0 
P317 2055 8 0 0 0 0 0 0 0 0 0 0 0 0 0 0 0 0 0 0 0 0 0 0 0 0 0 0 0 0 0 0 0 
P317 2055 9 0 0 0 0 0 0 0 0 0 0 0 0 0 0 0 0 0 0 0 0 0 0 8 0 0 0 0 0 0 0 -999 
P317 2055 10 0 14 0 19 0 0 0 11 0 16 0 22 12 12 36 48 70 0 0 0 0 0 0 0 0 8 7 4 0 0 0 
P317 2055 11 0 0 0 14 0 34 56 0 0 0 0 0 0 0 0 32 68 12 16 0 0 8 0 6 0 0 49 35 111 53 -999 
P317 2055 12 0 3 0 0 0 0 12 23 0 0 0 28 26 0 0 0 0 1 0 0 0 0 0 0 0 0 0 15 34 57 29 
P317 2056 1 0 24 0 0 38 36 43 33 0 32 29 0 0 7 0 0 16 16 0 8 0 0 17 0 30 35 81 61 0 0 26 
P317 2056 2 35 66 51 14 87 67 57 0 25 0 0 69 26 76 114 0 20 0 49 0 57 73 0 0 52 28 0 59 -999 -999 -999 
P317 2056 3 0 0 0 0 42 90 63 0 0 68 80 67 64 139 103 0 17 11 0 86 0 0 35 0 5 16 36 83 42 0 0 
P317 2056 4 0 0 0 0 0 0 0 0 0 0 0 0 9 0 0 12 0 22 45 16 0 0 7 0 0 0 0 0 0 0 -999 
P317 2056 5 0 0 0 0 0 0 18 0 0 0 0 22 13 0 0 0 0 0 0 0 14 0 0 0 0 0 0 0 0 0 0 
P317 2056 6 0 0 8 16 0 0 0 9 17 0 0 0 0 0 0 0 0 0 0 0 0 0 0 0 7 0 5 0 0 0 -999 
P317 2056 7 0 0 0 23 0 0 0 0 0 0 2 0 0 0 0 0 10 0 0 0 0 0 0 0 0 0 0 0 0 0 0 
P317 2056 8 0 0 0 0 0 0 0 0 0 0 0 0 0 0 0 0 0 0 0 0 0 0 0 0 0 0 0 0 9 0 4 
P317 2056 9 4 0 0 0 0 0 0 0 0 0 0 0 0 0 0 0 0 0 0 0 0 0 0 0 0 0 0 0 0 0 -999 
P317 2056 10 0 0 8 0 0 0 0 0 0 0 0 0 0 0 0 0 8 0 0 0 0 0 28 0 80 119 0 0 0 0 0 
P317 2056 11 0 0 0 17 0 0 0 0 58 42 0 0 15 11 44 0 0 0 0 0 0 2 0 0 0 0 0 0 0 0 -999 
P317 2056 12 0 0 0 4 0 0 0 0 0 0 0 0 0 0 0 0 0 46 37 15 0 0 0 0 0 8 0 31 27 13 36 
P317 2057 1 39 0 47 24 0 0 0 0 0 0 34 12 0 0 0 0 56 89 155 42 0 0 6 0 0 0 0 170 128 0 0 
P317 2057 2 20 5 4 0 29 0 0 0 12 0 0 0 0 0 0 0 0 1 0 0 0 0 0 0 74 65 66 43 -999 -999 -999 
P317 2057 3 27 32 0 0 0 1 0 0 0 0 0 7 0 13 45 62 58 95 88 0 11 0 0 0 0 0 0 84 47 37 25 
P317 2057 4 0 0 30 0 14 0 9 0 0 27 0 31 0 0 56 36 43 51 0 0 0 0 0 16 0 0 0 0 0 0 -999 
P317 2057 5 0 0 0 28 0 0 0 0 32 19 12 0 0 0 3 5 0 0 0 13 0 0 0 0 0 0 0 0 0 0 0 
P317 2057 6 0 0 0 0 0 0 0 0 0 0 0 10 0 0 0 0 0 0 0 0 0 0 6 0 0 0 0 0 0 0 -999 
P317 2057 7 0 0 0 0 0 2 0 0 0 0 0 3 0 0 7 0 0 0 0 1 0 0 0 0 0 0 0 0 0 0 0 
P317 2057 8 0 0 0 0 0 0 0 0 0 0 7 0 0 0 0 0 0 0 0 0 0 0 0 0 0 0 0 0 2 0 0 
P317 2057 9 0 0 0 0 6 0 0 0 0 0 0 0 0 0 0 0 0 0 0 4 0 0 0 0 0 19 0 0 0 0 -999 
P317 2057 10 13 15 12 0 0 0 0 0 0 0 0 0 36 14 0 0 0 0 0 0 0 0 0 0 29 54 56 36 31 0 0 
P317 2057 11 0 0 0 0 0 0 0 0 0 0 51 60 142 0 0 0 7 11 22 0 13 0 0 0 0 0 0 120 13 39 -999 
P317 2057 12 41 24 52 0 0 0 0 0 0 0 1 2 0 0 0 0 0 0 0 23 30 0 55 96 0 0 24 17 0 0 0 
P317 2058 1 0 23 7 4 0 5 8 6 19 25 21 75 105 0 100 140 62 64 34 0 0 0 0 0 0 0 30 163 160 133 58 
P317 2058 2 0 12 19 0 61 0 0 33 0 0 0 0 0 3 0 0 0 0 0 0 0 0 0 25 15 0 0 1 -999 -999 -999 
P317 2058 3 0 0 16 51 0 0 0 9 0 0 15 0 0 0 0 19 0 24 0 15 0 0 0 0 2 0 0 0 0 0 0 
P317 2058 4 47 49 0 0 0 0 0 17 23 0 0 0 104 0 0 0 19 18 0 0 0 0 0 28 0 33 14 18 19 34 -999 
P317 2058 5 12 0 0 0 20 31 17 8 6 0 0 0 0 0 0 0 0 0 0 0 0 0 0 0 0 7 0 0 0 0 0 
P317 2058 6 0 0 5 4 0 0 9 0 20 0 10 0 0 0 13 0 0 0 0 0 0 0 0 0 0 0 0 0 0 1 -999 
P317 2058 7 0 0 0 0 0 0 0 0 0 0 0 0 0 0 0 0 0 0 0 0 0 0 0 0 0 0 0 0 0 0 0 
P317 2058 8 0 0 0 0 0 0 0 0 0 0 0 0 0 0 0 0 0 0 0 0 0 0 0 0 0 0 2 0 0 0 0 
P317 2058 9 0 0 0 0 0 0 0 0 0 24 0 0 11 0 0 0 0 0 0 4 0 0 0 0 0 0 0 0 0 0 -999 
P317 2058 10 0 12 0 65 0 28 0 0 0 0 4 0 0 0 0 0 0 7 13 24 0 0 0 0 0 0 0 0 0 0 3 
P317 2058 11 0 0 0 0 6 0 0 0 72 8 0 4 0 0 0 0 0 0 0 0 0 0 15 0 0 0 0 4 10 10 -999 
P317 2058 12 20 0 0 6 5 0 0 5 0 0 0 0 7 3 4 0 7 6 0 0 0 0 12 0 0 3 2 0 0 0 0 
P317 2059 1 0 0 0 0 0 0 0 0 8 0 0 0 0 0 14 0 19 0 0 0 0 0 0 0 0 0 0 0 0 0 0 
P317 2059 2 0 0 0 8 0 0 0 0 0 0 47 88 0 27 14 0 0 0 0 0 0 0 0 0 7 0 1 0 -999 -999 -999 
P317 2059 3 0 0 0 0 0 0 0 13 0 0 0 0 0 0 0 0 0 20 31 0 0 2 0 0 20 64 63 56 40 63 65 
P317 2059 4 0 6 0 0 0 0 0 0 0 57 36 0 23 17 0 15 0 33 0 0 0 0 31 84 0 0 0 0 0 0 -999 
P317 2059 5 1 2 0 0 0 0 0 0 0 0 0 0 0 0 22 0 35 44 22 10 0 11 0 24 0 27 0 0 0 0 0 
P317 2059 6 0 0 0 0 0 0 10 0 0 3 8 0 0 8 0 0 0 0 0 0 0 0 0 0 21 0 0 0 0 0 -999 
P317 2059 7 0 0 0 0 0 0 0 0 5 0 0 0 0 0 0 0 0 0 0 0 0 0 0 0 0 21 0 0 0 0 0 
P317 2059 8 0 0 0 0 0 0 0 0 0 0 0 0 0 0 0 0 0 21 0 0 0 0 0 0 0 0 0 0 0 0 0 
P317 2059 9 0 0 0 0 0 0 0 0 0 0 0 0 0 7 0 0 0 0 0 4 0 0 0 0 0 0 0 0 0 0 -999 
P317 2059 10 0 0 14 17 0 0 0 0 0 4 0 0 0 0 7 0 0 0 0 0 0 0 0 0 0 0 0 0 0 0 21 
P317 2059 11 0 0 0 45 0 0 0 3 0 0 1 0 0 0 0 0 0 0 17 0 10 0 0 18 0 3 0 0 0 0 -999 
P317 2059 12 0 0 0 23 24 51 0 15 20 46 38 31 19 0 0 0 0 0 0 12 11 0 11 0 31 69 65 42 39 24 7 
P317 2060 1 0 0 16 29 21 20 18 0 29 31 0 99 105 81 58 0 13 11 0 0 0 0 0 7 0 0 0 0 0 0 0 
P317 2060 2 38 0 5 0 0 5 0 0 6 0 0 18 0 0 0 0 0 0 6 0 0 0 0 0 0 0 0 0 -999 -999 -999 
P317 2060 3 0 0 0 16 0 0 83 0 0 20 0 0 0 0 0 9 5 0 3 0 34 0 66 34 0 0 0 0 53 27 4 
P317 2060 4 29 25 31 19 0 0 0 28 0 61 22 21 18 27 0 0 0 0 0 0 0 0 0 0 0 0 0 0 0 0 -999 
P317 2060 5 3 0 28 31 0 17 0 0 0 0 0 0 0 0 0 0 0 0 7 0 0 0 0 0 0 0 0 0 14 0 0 
P317 2060 6 0 0 0 0 0 19 0 0 0 0 0 0 0 0 0 0 0 0 0 0 0 0 0 0 0 0 0 0 0 0 -999 
P317 2060 7 0 5 0 0 0 0 0 0 0 0 0 0 0 0 0 0 0 0 0 0 0 0 0 0 0 0 0 0 0 0 0 
P317 2060 8 0 0 0 0 0 0 0 0 0 0 0 0 0 0 0 0 0 0 0 0 0 0 2 0 0 0 0 0 0 0 0 
P317 2060 9 0 0 0 0 0 0 0 0 0 0 0 0 8 16 0 0 0 0 0 0 0 0 0 0 0 0 21 0 0 16 -999 
P317 2060 10 13 0 0 0 0 0 0 0 0 0 0 0 0 0 0 0 0 0 5 0 3 7 0 0 0 0 0 0 0 0 0 
P317 2060 11 0 0 22 0 0 0 32 39 67 32 19 44 17 0 0 0 63 105 124 83 0 0 0 21 30 15 0 28 0 0 -999 
P317 2060 12 14 0 0 12 26 49 58 0 0 0 0 4 0 3 0 0 28 18 13 12 0 14 17 26 0 0 19 27 117 102 36 
P317 2061 1 14 23 31 14 0 41 74 48 32 0 0 0 1 0 0 0 0 0 0 0 0 0 27 0 18 0 5 3 0 2 6 
P317 2061 2 12 17 0 0 17 0 11 0 29 0 44 0 14 19 0 0 3 3 0 0 0 18 17 0 29 0 0 38 -999 -999 -999 
P317 2061 3 28 0 5 0 0 0 0 0 42 46 0 0 0 0 26 44 45 67 36 28 0 42 0 0 117 14 9 6 0 0 0 
P317 2061 4 37 0 82 52 0 6 0 0 28 27 18 16 0 0 0 0 0 0 0 0 0 0 0 0 0 0 0 0 0 0 -999 
P317 2061 5 13 0 0 0 7 0 18 11 0 6 0 7 0 0 0 19 20 6 0 0 0 2 0 0 4 0 0 0 0 0 0 
P317 2061 6 0 0 0 0 0 0 0 0 0 0 0 0 0 0 14 0 0 0 0 0 0 0 0 0 0 0 0 0 6 0 -999 
P317 2061 7 0 0 0 0 0 0 0 0 0 0 0 0 0 0 0 0 0 0 0 0 0 0 0 0 0 0 0 0 0 0 0 
P317 2061 8 0 0 0 0 0 0 0 0 0 0 0 0 0 0 0 0 0 0 0 0 0 0 0 0 0 0 0 0 0 0 0 
P317 2061 9 0 0 0 0 0 0 0 0 0 0 0 0 0 0 4 0 0 0 9 0 0 0 0 0 0 0 0 0 0 13 -999 
P317 2061 10 0 0 9 0 0 0 0 0 0 0 0 0 0 0 25 0 30 0 50 76 23 0 95 0 0 6 0 0 41 0 0 
P317 2061 11 0 23 0 0 0 0 0 0 25 54 0 11 7 7 15 0 51 0 0 0 0 0 0 1 0 4 5 0 0 10 -999 
P317 2061 12 5 4 3 8 0 7 0 4 4 0 0 18 0 6 0 28 27 0 24 0 30 62 0 0 0 0 0 9 9 0 13 
P317 2062 1 1 0 0 0 0 0 1 0 0 0 0 0 0 1 0 0 0 23 0 0 0 0 0 4 0 47 41 24 0 0 0 
P317 2062 2 0 0 17 0 0 29 0 16 20 0 0 0 0 9 0 0 2 0 0 0 0 0 0 82 42 50 0 0 -999 -999 -999 
P317 2062 3 0 9 0 0 30 0 4 0 0 20 81 91 165 177 74 0 0 15 0 0 7 18 33 0 0 2 0 0 0 0 0 
P317 2062 4 0 0 0 0 0 0 0 0 0 0 0 0 0 0 0 10 0 0 0 0 6 14 0 0 0 0 16 0 0 41 -999 
P317 2062 5 0 0 0 3 0 0 0 0 0 0 11 0 0 5 0 0 0 0 0 0 0 0 0 0 0 0 0 0 0 0 0 
P317 2062 6 0 0 0 0 21 12 0 0 0 0 0 0 0 0 0 0 0 0 0 0 9 0 0 0 11 0 0 0 0 0 -999 
P317 2062 7 0 0 0 0 0 0 0 0 0 0 0 0 0 0 0 0 0 0 0 0 0 0 0 0 0 0 0 0 0 0 0 
P317 2062 8 0 0 0 0 0 0 0 0 5 0 0 0 7 0 0 0 0 0 0 0 0 0 0 0 0 0 0 0 0 0 0 
P317 2062 9 0 0 0 0 0 0 0 0 0 7 0 0 8 0 0 0 0 0 0 0 0 0 0 0 0 5 11 0 8 0 -999 
P317 2062 10 0 0 18 0 94 89 33 0 7 0 25 5 0 0 0 0 17 7 0 0 0 0 0 9 2 11 12 15 0 0 0 
P317 2062 11 0 0 0 0 0 0 15 29 0 8 6 14 21 0 0 0 0 0 14 0 0 10 20 0 0 0 0 0 0 0 -999 
P317 2062 12 0 0 2 0 4 0 0 0 10 16 18 21 0 0 0 0 0 0 0 1 0 0 0 0 0 0 0 0 0 7 32 
P317 2063 1 73 0 79 0 0 0 0 120 92 20 0 30 62 0 66 97 0 68 74 59 95 85 57 0 72 35 0 0 0 57 45 
P317 2063 2 87 12 0 0 0 0 0 0 0 0 0 0 27 46 73 116 72 0 0 0 0 0 0 0 0 0 3 0 -999 -999 -999 
P317 2063 3 0 0 0 0 0 21 0 28 0 0 0 0 0 51 40 117 52 0 0 10 0 18 0 34 127 0 48 26 31 0 49 
P317 2063 4 0 0 0 0 0 0 0 0 80 24 0 0 0 0 0 0 0 0 0 0 10 0 0 0 0 0 4 0 0 23 -999 
P317 2063 5 0 0 23 0 0 5 0 0 0 0 0 0 33 20 0 21 0 0 0 0 0 0 0 0 13 10 5 0 1 0 0 
P317 2063 6 0 0 0 0 0 0 0 0 0 0 0 0 0 0 0 0 0 0 0 0 0 0 0 0 0 0 0 0 0 0 -999 
P317 2063 7 0 0 0 0 0 0 0 0 0 0 0 0 0 0 0 0 0 0 0 0 0 0 0 0 0 0 0 0 0 0 0 
P317 2063 8 0 0 0 0 0 0 0 0 0 0 0 0 0 0 0 0 0 0 0 0 0 0 12 0 11 0 0 0 0 0 0 
P317 2063 9 0 0 0 0 0 0 0 8 0 0 0 0 0 0 11 18 0 0 0 0 0 0 17 14 0 0 17 0 0 0 -999 
P317 2063 10 0 0 0 0 0 0 0 0 8 0 0 0 0 0 0 0 0 0 0 10 0 0 0 0 12 12 0 0 0 0 0 
P317 2063 11 0 0 0 0 0 0 0 0 2 0 0 0 13 26 0 6 0 0 0 0 0 0 0 0 0 0 0 0 0 0 -999 
P317 2063 12 2 0 0 0 0 0 0 0 0 0 0 5 6 0 0 0 0 0 11 0 0 0 0 0 0 0 0 0 0 0 0 
P317 2064 1 12 4 3 0 0 0 0 0 0 0 0 0 0 0 11 33 9 0 0 0 0 0 0 0 0 20 0 15 11 0 0 
P317 2064 2 8 0 0 0 36 27 18 0 0 0 0 0 0 0 3 0 0 0 0 0 0 7 7 0 0 0 0 0 -999 -999 -999 
P317 2064 3 25 17 0 0 41 61 0 40 41 47 13 15 0 41 64 53 0 66 41 38 27 17 0 0 27 57 0 0 0 0 24 
P317 2064 4 0 15 0 52 0 0 43 0 21 0 0 0 0 17 26 0 0 0 0 18 0 0 0 37 0 32 19 9 12 28 -999 
P317 2064 5 17 0 0 0 0 20 26 19 0 0 7 0 6 0 0 0 0 0 9 0 0 0 0 14 0 0 0 0 0 0 0 
P317 2064 6 0 0 0 0 0 0 0 0 0 0 0 0 0 0 0 0 0 0 0 0 0 0 0 0 0 0 0 0 0 0 -999 
P317 2064 7 0 0 0 0 0 0 0 0 0 0 0 0 0 19 0 0 0 0 0 0 0 0 0 0 0 0 0 0 0 0 0 
P317 2064 8 0 0 0 0 0 0 0 0 0 0 0 0 0 0 0 0 0 0 0 0 0 0 0 0 0 0 0 0 0 0 0 
P317 2064 9 0 0 0 9 0 0 0 0 0 0 0 0 0 0 0 0 0 0 0 0 20 22 0 0 0 2 0 0 0 0 -999 
P317 2064 10 0 0 0 0 0 0 30 0 0 12 0 0 0 0 0 0 0 0 0 0 0 0 0 13 0 17 0 0 4 0 0 
P317 2064 11 0 0 0 10 0 3 0 0 0 0 0 0 19 72 40 3 0 0 0 0 0 0 0 0 0 0 0 12 8 0 -999 
P317 2064 12 0 0 0 0 0 67 46 102 143 44 10 0 0 20 0 0 0 0 0 0 10 9 9 0 0 0 0 0 0 0 0 
P317 2065 1 0 4 0 0 0 8 0 0 19 0 0 29 0 0 12 17 6 3 0 0 0 0 0 0 0 0 8 13 0 0 25 
P317 2065 2 18 0 0 0 0 0 0 0 0 0 0 33 81 133 75 111 95 92 75 86 0 0 0 0 16 0 0 0 -999 -999 -999 
P317 2065 3 0 0 0 1 0 0 0 0 0 0 2 0 0 1 1 0 11 19 10 0 13 15 21 21 45 50 38 56 0 0 0 
P317 2065 4 19 0 0 0 0 0 11 8 0 0 0 0 14 18 0 0 0 0 12 0 0 0 0 0 0 0 0 0 0 0 -999 
P317 2065 5 0 0 0 0 5 0 0 5 0 0 0 0 0 0 0 0 8 0 0 0 0 0 0 0 0 0 0 0 0 0 0 
P317 2065 6 0 0 0 0 0 0 0 0 0 0 0 7 0 0 0 0 0 0 0 1 0 0 0 0 0 0 0 0 0 0 -999 
P317 2065 7 0 0 0 0 0 0 0 0 0 0 0 0 0 0 12 0 0 0 0 0 0 0 0 0 0 0 0 0 0 0 0 
P317 2065 8 0 0 0 0 0 0 0 0 0 0 0 0 0 0 0 0 0 0 0 0 0 0 0 0 0 0 0 0 0 0 0 
P317 2065 9 0 0 0 0 5 0 0 0 0 0 0 0 0 0 0 0 0 0 0 0 0 0 0 0 0 0 0 2 0 4 -999 
P317 2065 10 0 3 0 0 0 0 0 0 0 0 16 0 0 0 0 0 0 0 0 0 20 0 0 75 18 33 62 0 39 0 0 
P317 2065 11 19 0 0 0 0 0 0 0 0 0 0 0 0 0 0 0 0 0 0 3 0 41 10 0 0 0 29 32 0 0 -999 
P317 2065 12 11 8 0 0 0 0 0 0 11 37 0 166 0 14 0 32 0 0 33 89 0 114 0 159 175 202 129 0 0 0 0 
P317 2066 1 0 0 0 0 0 0 0 0 0 26 43 102 0 28 45 0 0 19 67 0 7 51 49 19 0 0 17 0 0 11 0 
P317 2066 2 26 29 0 0 16 17 0 10 0 11 0 0 0 5 0 0 0 0 0 7 0 0 0 5 94 68 41 46 -999 -999 -999 
P317 2066 3 0 0 0 0 0 0 0 0 0 0 0 0 0 0 0 0 0 0 0 0 0 0 0 0 13 0 0 0 7 0 0 
P317 2066 4 0 0 0 2 0 0 0 14 5 0 0 0 0 0 0 0 0 0 0 0 0 0 4 0 0 0 0 0 66 37 -999 
P317 2066 5 10 0 0 10 0 0 0 0 27 0 0 0 0 5 0 0 0 0 24 0 0 2 0 0 0 0 0 0 0 0 0 
P317 2066 6 0 0 0 0 0 0 0 0 0 0 0 0 0 0 0 0 0 0 0 0 0 0 0 0 0 0 0 0 0 0 -999 
P317 2066 7 0 0 0 0 0 0 0 8 0 0 0 0 0 0 0 0 0 12 0 0 0 0 0 0 0 0 0 0 0 0 0 
P317 2066 8 0 0 0 0 0 0 0 0 0 0 0 0 0 0 0 0 0 0 0 0 0 0 11 0 0 0 0 0 0 0 0 
P317 2066 9 0 5 0 0 0 0 0 0 0 0 0 0 0 0 0 0 0 0 0 13 0 10 0 0 26 0 0 13 0 18 -999 
P317 2066 10 0 0 0 0 4 4 0 0 0 0 0 0 0 6 0 0 0 0 10 0 0 0 0 0 0 0 10 29 14 9 6 
P317 2066 11 0 0 6 0 39 26 26 0 28 0 17 20 0 0 0 14 0 0 0 0 33 0 0 7 16 14 0 0 0 0 -999 
P317 2066 12 6 0 0 18 0 0 0 0 1 0 0 0 0 0 114 119 307 243 81 46 20 0 0 3 0 0 0 19 16 40 39 
P317 2067 1 12 84 29 6 0 15 9 0 0 0 0 29 35 47 68 56 0 0 0 107 111 151 109 71 109 91 155 35 0 16 46 
P317 2067 2 49 25 70 39 6 18 40 40 0 0 44 8 0 0 0 5 0 46 125 69 49 0 0 0 0 0 63 10 -999 -999 -999 
P317 2067 3 3 0 0 0 0 0 0 20 30 0 0 0 36 11 0 0 0 0 4 0 14 0 0 12 0 0 0 0 0 0 0 
P317 2067 4 0 0 0 0 0 0 0 10 19 15 0 0 0 0 0 0 0 14 0 0 0 14 0 0 0 0 0 12 0 0 -999 
P317 2067 5 15 0 24 8 16 0 0 4 0 0 32 0 0 0 0 8 0 0 0 26 16 0 14 0 10 0 0 0 0 16 8 
P317 2067 6 0 0 0 13 0 0 0 0 0 0 9 0 0 0 0 0 0 0 0 1 0 0 0 0 0 0 0 0 0 0 -999 
P317 2067 7 0 0 0 0 0 0 0 0 0 0 0 0 0 19 0 0 0 0 0 0 0 0 0 10 0 0 0 0 0 0 0 
P317 2067 8 0 0 0 0 0 0 0 0 0 0 0 0 0 0 0 0 0 0 0 0 0 1 0 0 0 0 0 7 0 0 0 
P317 2067 9 0 0 0 0 0 0 0 0 0 4 0 0 0 0 0 0 0 0 0 0 0 0 0 0 4 0 0 0 0 0 -999 
P317 2067 10 0 0 0 0 2 0 0 0 0 0 0 0 0 0 0 0 0 4 0 0 0 0 0 0 5 0 0 0 0 0 0 
P317 2067 11 27 0 0 0 0 7 9 0 0 0 0 0 0 4 0 0 0 11 0 0 0 0 0 7 0 0 0 0 0 0 -999 
P317 2067 12 0 0 15 0 0 8 3 0 0 0 0 0 0 0 0 0 0 0 0 0 0 0 1 0 2 0 60 0 0 1 10 
P317 2068 1 0 0 3 23 0 79 0 12 11 0 0 0 0 0 0 0 0 0 0 0 0 1 0 0 24 40 0 4 0 0 6 
P317 2068 2 0 0 0 0 16 40 0 0 14 0 22 0 0 0 0 0 0 0 0 0 0 0 0 6 0 10 40 26 -999 -999 -999 
P317 2068 3 21 46 27 29 112 150 43 0 29 28 7 13 0 0 0 0 0 102 0 7 0 0 33 0 0 0 2 0 0 0 0 
P317 2068 4 39 0 0 0 0 4 0 69 0 31 0 0 20 0 9 0 0 3 2 2 0 0 0 0 4 0 0 0 0 0 -999 
P317 2068 5 0 0 15 0 19 24 0 0 11 9 0 14 0 33 19 27 0 20 0 0 0 0 0 0 0 12 0 21 0 10 16 
P317 2068 6 0 13 0 19 0 0 13 0 4 0 0 0 0 0 0 0 0 0 0 0 0 0 0 0 0 0 0 0 0 0 -999 
P317 2068 7 0 0 0 0 0 0 0 0 0 0 0 0 0 0 0 0 0 0 0 0 0 0 0 0 0 0 0 0 0 0 0 
P317 2068 8 0 0 0 0 0 0 0 0 0 0 0 0 0 0 0 0 0 0 0 0 0 0 0 0 0 0 0 0 0 0 0 
P317 2068 9 0 0 0 0 0 0 0 0 0 0 54 0 0 0 0 0 0 0 0 0 0 0 0 0 0 0 0 0 0 0 -999 
P317 2068 10 0 0 0 5 0 0 0 0 0 0 22 0 0 0 8 0 0 0 0 0 0 0 0 0 0 0 0 0 0 0 0 
P317 2068 11 19 22 26 0 7 0 0 0 0 5 3 0 0 0 0 0 0 0 0 0 31 32 0 0 0 0 0 0 0 0 -999 
P317 2068 12 0 0 0 0 6 11 0 55 31 19 9 0 21 104 38 0 0 0 0 0 30 0 0 0 31 49 0 10 20 22 0 
P317 2069 1 32 81 41 0 0 0 0 0 0 3 0 0 0 0 0 0 0 0 0 0 0 0 0 0 2 0 0 26 29 0 11 
P317 2069 2 0 0 0 77 104 0 16 0 84 7 0 0 0 0 14 10 0 0 0 0 61 20 10 5 0 0 0 0 -999 -999 -999 
P317 2069 3 0 12 29 0 18 0 9 0 0 11 0 0 8 0 0 0 0 0 0 7 0 0 0 18 0 0 38 31 0 0 51 
P317 2069 4 0 0 16 21 27 8 18 21 0 23 0 0 0 0 0 0 0 0 0 0 0 0 0 10 29 0 0 0 0 0 -999 
P317 2069 5 0 0 0 0 0 0 5 0 0 0 0 0 0 0 21 35 35 0 0 28 32 0 0 8 0 8 0 0 2 0 0 
P317 2069 6 0 0 0 0 0 0 0 0 0 0 5 0 0 0 0 0 0 0 0 0 0 0 0 0 0 0 0 0 0 0 -999 
P317 2069 7 0 0 0 0 0 0 0 0 0 0 0 0 0 0 0 0 0 0 0 0 0 0 0 0 0 0 0 0 0 0 0 
P317 2069 8 0 0 0 0 0 0 0 0 0 0 0 0 0 0 0 0 0 0 0 0 0 0 0 0 0 0 5 0 0 0 0 
P317 2069 9 0 0 0 0 0 0 1 2 0 0 0 0 0 0 0 17 0 0 0 0 0 0 0 0 0 0 0 0 0 0 -999 
P317 2069 10 0 0 0 0 0 0 17 0 0 0 0 0 0 0 0 0 18 47 65 76 34 18 0 0 0 0 34 53 61 34 0 
P317 2069 11 10 0 20 0 0 0 0 59 0 0 2 18 23 0 0 0 0 0 0 0 0 0 0 0 0 0 0 9 16 0 -999 
P317 2069 12 0 0 0 0 0 0 23 0 0 0 0 0 0 0 0 0 0 0 0 3 0 23 29 11 0 0 0 0 63 0 0 
P317 2070 1 0 14 28 0 0 0 75 0 116 42 55 0 15 0 0 0 0 0 0 0 0 0 8 0 0 0 0 4 0 0 0 
P317 2070 2 0 0 0 0 0 0 0 0 0 0 27 0 14 0 0 0 22 0 0 28 0 0 65 0 35 86 103 24 -999 -999 -999 
P317 2070 3 0 0 0 0 0 10 20 17 0 0 40 13 17 0 109 36 29 50 64 80 148 47 0 17 23 18 0 24 0 0 0 
P317 2070 4 0 0 0 0 0 0 21 33 40 19 0 8 16 31 39 32 21 0 10 0 0 0 0 0 0 0 0 0 20 0 -999 
P317 2070 5 0 0 0 70 66 75 27 20 0 19 19 0 0 0 0 0 0 21 0 16 0 19 13 12 8 0 0 0 0 0 0 
P317 2070 6 0 0 0 0 0 0 0 0 0 0 14 0 0 0 0 0 0 0 0 0 0 0 0 0 0 0 0 0 0 0 -999 
P317 2070 7 0 0 0 0 0 0 0 0 0 0 0 0 0 0 0 0 0 0 0 0 0 0 0 0 0 0 0 0 0 0 0 
P317 2070 8 0 0 0 0 0 0 0 7 0 0 0 0 0 0 0 0 0 0 0 5 8 0 0 0 0 0 0 4 0 0 0 
P317 2070 9 0 0 0 0 0 0 0 0 0 0 0 0 0 0 0 0 0 10 0 0 0 0 0 0 0 0 0 0 0 6 -999 
P317 2070 10 0 0 0 0 0 0 0 0 0 0 32 19 0 20 20 29 0 91 32 0 0 5 0 0 6 0 0 0 0 0 30 
P317 2070 11 0 0 0 0 0 0 0 0 0 0 0 13 0 0 7 0 0 4 5 0 19 0 19 0 0 0 24 67 48 0 -999 
P317 2070 12 16 37 0 0 0 10 0 0 0 9 0 13 24 0 12 0 0 0 29 0 0 54 54 0 0 30 0 14 0 101 0 
P317 2071 1 6 8 11 0 31 0 0 19 31 63 0 38 64 30 0 0 51 74 35 0 0 22 0 0 24 0 68 37 37 0 0 
P317 2071 2 0 0 0 17 15 38 0 0 22 0 60 47 0 12 0 0 37 0 0 0 16 19 21 17 14 0 0 0 -999 -999 -999 
P317 2071 3 0 0 18 13 0 33 0 29 0 34 38 0 16 0 28 29 26 0 26 0 0 3 0 0 0 0 0 8 0 0 0 
P317 2071 4 39 74 80 30 7 1 0 0 0 0 0 0 0 13 0 0 10 0 0 22 34 45 0 21 32 29 0 22 16 18 -999 
P317 2071 5 0 22 23 23 31 0 0 0 22 0 13 9 0 0 0 0 13 0 12 0 10 0 11 0 0 22 0 0 0 12 0 
P317 2071 6 18 0 14 15 0 0 0 0 0 0 0 0 0 0 0 6 0 0 0 9 0 0 0 0 0 0 0 0 0 0 -999 
P317 2071 7 0 0 13 0 0 0 4 0 0 0 0 0 0 0 0 0 0 0 0 0 0 0 0 5 0 0 0 0 0 0 0 
P317 2071 8 0 0 0 0 0 0 0 0 0 0 0 0 0 0 0 0 0 0 0 0 0 0 0 0 0 0 19 0 0 0 0 
P317 2071 9 10 0 0 0 0 0 0 0 0 6 5 0 0 0 0 0 0 0 0 0 0 0 0 0 0 0 0 34 0 0 -999 
P317 2071 10 0 0 0 0 0 4 0 0 9 14 0 0 0 13 0 0 42 0 17 7 0 30 19 0 0 0 0 0 40 0 48 
P317 2071 11 27 0 65 51 24 0 0 12 0 0 0 0 0 0 0 12 0 4 0 9 0 0 0 17 25 0 0 6 0 0 -999 
P317 2071 12 0 17 17 22 0 115 109 78 77 135 0 121 89 0 0 0 0 47 0 20 0 0 53 87 38 104 46 0 0 0 48 
P317 2072 1 0 25 0 0 12 0 13 0 0 0 0 0 0 0 0 0 0 0 0 0 0 0 16 0 0 30 36 0 25 0 0 
P317 2072 2 69 29 37 0 0 0 0 9 0 0 0 0 0 5 0 0 0 9 70 56 0 0 0 12 12 0 0 0 -999 -999 -999 
P317 2072 3 0 13 0 7 8 0 0 0 0 0 0 0 0 10 0 17 17 24 33 0 23 0 37 0 22 28 28 0 43 32 0 
P317 2072 4 0 0 0 0 0 0 0 0 0 25 0 0 0 0 0 0 0 0 0 0 0 0 13 0 0 0 0 0 0 0 -999 
P317 2072 5 0 0 0 0 0 26 13 0 0 0 0 0 0 0 0 0 0 21 18 11 12 0 0 0 11 0 0 0 0 0 0 
P317 2072 6 0 0 0 0 0 0 0 0 0 0 0 0 0 0 0 0 0 0 0 0 0 0 0 0 0 0 0 0 0 0 -999 
P317 2072 7 0 0 0 10 0 0 0 0 0 0 0 0 0 0 0 0 0 0 0 0 0 0 0 0 0 0 0 0 0 0 0 
P317 2072 8 0 0 0 0 0 0 0 0 0 0 0 0 0 0 0 0 0 0 0 0 0 0 0 0 0 0 0 0 0 0 0 
P317 2072 9 0 0 0 0 0 0 0 0 0 0 0 0 0 0 0 0 0 0 0 0 0 0 7 0 0 0 13 0 0 0 -999 
P317 2072 10 0 0 0 0 0 0 0 0 0 0 11 0 0 0 17 27 0 13 0 0 4 0 0 0 0 0 0 0 0 0 0 
P317 2072 11 0 0 0 0 0 13 0 0 2 12 0 1 0 25 0 0 0 0 0 0 12 0 0 0 9 11 27 0 4 0 -999 
P317 2072 12 0 0 0 23 14 0 0 0 15 0 0 0 0 10 0 0 30 0 24 26 87 0 0 0 67 99 0 0 0 22 36 
P317 2073 1 0 0 0 0 0 0 0 0 0 0 0 0 0 0 0 16 6 0 45 62 85 43 19 0 0 0 0 0 0 0 0 
P317 2073 2 0 74 81 91 28 24 0 0 0 0 0 0 0 0 0 0 2 0 0 0 0 0 0 0 0 0 0 0 -999 -999 -999 
P317 2073 3 124 0 0 0 0 22 28 48 57 0 17 28 0 27 30 0 0 0 17 33 72 0 8 12 16 0 74 158 218 0 0 
P317 2073 4 0 0 0 0 0 50 0 0 13 21 0 34 30 0 0 9 0 0 0 0 0 0 31 84 108 97 39 27 0 4 -999 
P317 2073 5 0 13 0 0 0 0 0 0 0 0 0 0 0 0 0 46 26 8 0 0 0 0 0 0 0 0 0 0 0 0 0 
P317 2073 6 0 0 0 0 0 0 0 0 0 0 0 0 0 0 0 0 0 0 0 0 0 0 0 0 0 0 0 8 0 0 -999 
P317 2073 7 0 0 0 0 0 0 0 0 0 0 0 4 0 0 10 0 0 0 0 0 0 0 0 0 0 0 0 0 0 0 0 
P317 2073 8 0 0 0 0 0 0 0 0 0 0 0 0 0 0 0 0 0 0 0 0 0 0 0 0 0 0 0 0 0 0 0 
P317 2073 9 0 0 5 0 8 0 0 0 0 0 0 0 0 7 0 0 0 0 0 0 0 0 0 0 10 0 0 0 0 0 -999 
P317 2073 10 0 0 0 0 0 0 28 0 17 4 0 0 0 0 0 0 0 0 0 0 0 0 0 0 0 0 0 0 0 0 9 
P317 2073 11 0 0 0 0 0 0 6 0 0 0 0 0 0 0 0 0 0 0 101 112 83 109 0 11 23 0 23 12 0 0 -999 
P317 2073 12 4 0 0 13 0 0 0 0 0 5 0 0 18 15 0 0 0 0 0 26 0 14 0 0 0 16 13 51 113 190 402 
P317 2074 1 168 21 29 119 240 137 71 0 83 98 67 78 44 16 11 3 0 0 0 0 0 0 0 0 5 0 0 0 0 0 0 
P317 2074 2 0 0 16 0 0 0 0 12 0 0 0 30 43 0 0 29 0 0 11 43 0 10 0 0 19 134 91 136 -999 -999 -999 
P317 2074 3 81 11 8 10 0 30 31 0 0 13 0 17 0 0 6 0 0 0 0 0 0 0 0 0 0 0 0 0 4 0 0 
P317 2074 4 18 0 0 0 7 3 0 0 0 10 0 8 0 0 0 55 0 15 0 0 0 0 6 0 0 11 0 0 12 0 -999 
P317 2074 5 20 0 0 0 16 0 0 0 10 20 0 36 0 29 31 0 24 0 0 0 0 0 0 0 0 0 0 0 0 0 0 
P317 2074 6 0 0 0 0 0 8 0 0 0 0 14 8 4 0 0 3 0 0 0 0 0 0 0 0 0 0 19 0 0 0 -999 
P317 2074 7 0 0 0 0 0 0 0 3 14 0 0 0 0 0 0 0 3 0 0 0 0 0 0 0 0 0 0 0 0 0 0 
P317 2074 8 0 0 0 0 0 0 0 0 0 0 0 2 0 0 0 0 0 0 0 0 0 0 0 0 0 0 0 5 0 0 0 
P317 2074 9 0 6 0 0 0 0 0 0 0 0 0 0 0 0 0 4 0 0 0 0 0 3 0 0 0 0 0 0 0 0 -999 
P317 2074 10 0 0 0 0 0 0 7 0 0 0 0 0 0 0 0 0 0 7 0 0 0 0 60 0 0 0 0 0 0 0 0 
P317 2074 11 1 0 0 0 11 0 0 9 0 0 0 3 0 0 14 9 0 0 0 28 0 0 0 0 0 3 0 0 4 2 -999 
P317 2074 12 0 0 0 0 0 0 0 4 0 0 29 50 66 0 0 4 0 1 0 0 0 0 2 0 0 0 0 0 0 0 0 
P317 2075 1 3 4 0 0 0 0 1 0 24 0 0 31 17 0 18 9 0 0 10 0 6 0 7 0 0 0 0 0 5 0 0 
P317 2075 2 0 15 0 49 41 72 0 98 154 61 134 185 187 30 15 0 0 0 14 0 0 0 0 0 0 0 9 0 -999 -999 -999 
P317 2075 3 15 30 12 2 0 0 3 8 11 0 26 0 0 3 9 9 24 0 0 19 0 41 0 50 0 15 8 0 0 0 0 
P317 2075 4 0 0 27 28 0 63 106 134 103 23 0 0 0 0 0 7 0 0 0 60 0 0 0 0 0 9 9 14 0 0 -999 
P317 2075 5 0 21 0 34 0 0 0 0 0 0 0 0 0 1 0 0 0 0 0 0 0 0 0 0 0 0 0 0 0 0 0 
P317 2075 6 0 0 21 13 0 0 0 0 0 0 0 0 0 0 0 0 0 0 0 0 0 0 0 0 0 0 0 0 0 0 -999 
P317 2075 7 0 0 0 0 0 0 0 0 0 0 0 0 0 0 0 0 0 0 0 0 0 0 0 0 0 0 0 0 0 0 0 
P317 2075 8 0 0 0 0 0 0 0 0 0 0 0 0 0 0 5 0 0 0 0 0 0 0 0 3 0 0 0 0 0 0 0 
P317 2075 9 0 0 0 0 0 0 0 0 0 0 0 0 0 0 3 0 0 0 0 0 0 0 0 0 0 0 11 0 0 0 -999 
P317 2075 10 0 21 18 36 18 12 0 0 0 0 0 0 0 0 0 0 0 8 0 0 0 0 0 0 0 0 0 0 0 56 0 
P317 2075 11 0 0 0 0 37 80 0 41 12 0 9 0 24 43 98 0 0 22 12 0 14 0 0 12 0 0 0 0 0 0 -999 
P317 2075 12 0 0 0 0 0 0 0 70 45 14 21 0 0 42 0 0 0 15 0 0 6 0 0 0 0 0 0 0 7 0 0 
P317 2076 1 0 0 0 4 6 0 11 8 10 0 0 7 0 0 0 0 0 0 0 4 0 0 2 0 0 0 0 0 0 12 21 
P317 2076 2 40 0 10 0 0 0 0 0 0 0 0 0 0 0 4 0 11 9 9 23 22 0 0 0 0 0 0 0 -999 -999 -999 
P317 2076 3 26 23 0 0 0 24 36 0 35 32 37 0 0 0 0 8 0 0 28 24 19 0 32 0 0 0 0 7 3 0 0 
P317 2076 4 0 0 6 0 0 0 12 7 16 0 0 0 42 25 59 40 25 0 0 27 12 0 0 20 0 0 0 0 0 0 -999 
P317 2076 5 0 0 40 9 10 9 0 0 0 0 6 0 0 0 0 19 0 0 0 0 0 1 0 0 0 0 0 0 0 5 9 
P317 2076 6 0 10 11 0 0 0 0 0 0 0 0 3 0 0 0 0 0 0 0 0 0 0 0 6 0 0 0 1 0 0 -999 
P317 2076 7 0 0 0 0 0 0 0 0 0 0 0 0 0 0 0 0 0 0 0 0 0 0 0 0 0 0 0 0 0 0 0 
P317 2076 8 0 0 0 0 0 0 0 0 0 0 0 0 0 0 0 0 4 0 0 0 0 0 0 0 0 0 0 0 0 0 0 
P317 2076 9 0 0 0 0 0 0 0 0 0 3 0 0 0 0 0 0 0 0 0 0 0 0 0 0 0 0 0 0 0 0 -999 
P317 2076 10 0 0 0 0 0 0 0 0 0 0 6 0 0 0 0 0 0 0 0 0 0 0 0 0 16 0 0 53 0 0 0 
P317 2076 11 0 0 0 0 0 0 0 0 0 13 0 0 0 0 17 0 25 0 0 32 24 40 26 4 0 0 0 44 11 0 -999 
P317 2076 12 0 0 0 0 3 0 4 11 41 40 39 45 30 0 0 0 0 13 6 0 0 6 0 13 12 0 0 36 20 0 0 
P317 2077 1 0 0 0 0 0 0 0 0 0 0 0 0 0 0 18 0 0 0 0 8 0 8 0 0 7 6 0 0 0 0 0 
P317 2077 2 25 33 0 61 20 22 52 19 0 0 0 0 0 0 0 43 79 68 82 41 24 6 9 21 36 0 0 10 -999 -999 -999 
P317 2077 3 0 0 21 19 41 97 84 87 20 29 38 41 0 14 0 0 0 0 0 65 57 0 39 0 0 0 4 0 0 0 0 
P317 2077 4 0 11 0 0 2 0 0 0 0 0 11 0 0 0 0 0 26 31 0 17 0 4 5 0 0 18 0 0 0 0 -999 
P317 2077 5 0 0 19 0 5 0 0 0 0 36 14 0 0 0 0 0 0 0 0 16 0 0 0 8 0 0 0 0 0 0 0 
P317 2077 6 0 24 27 0 0 0 0 0 0 8 8 0 12 0 0 5 0 0 0 3 0 0 0 0 0 0 0 0 0 0 -999 
P317 2077 7 0 0 0 0 0 0 0 0 0 0 0 0 0 0 0 0 0 0 0 0 0 0 0 0 0 0 0 0 0 0 0 
P317 2077 8 0 0 0 0 0 0 0 0 0 0 0 0 0 0 0 0 0 0 0 0 0 0 0 0 0 0 0 0 0 0 0 
P317 2077 9 0 0 0 0 0 0 0 0 0 0 0 0 0 0 0 0 0 0 0 0 0 13 0 0 0 0 0 0 0 20 -999 
P317 2077 10 0 24 0 0 0 0 9 0 0 0 0 5 2 0 0 0 0 0 0 0 21 39 73 0 0 0 0 0 0 18 0 
P317 2077 11 38 29 0 0 9 10 10 21 0 0 0 13 14 0 50 28 29 9 0 30 0 10 30 23 5 1 0 0 0 0 -999 
P317 2077 12 36 55 81 48 0 40 55 0 0 28 74 0 0 0 9 0 0 10 0 0 0 0 0 0 10 0 27 9 1 0 0 
P317 2078 1 102 234 156 132 75 81 15 16 72 0 66 15 0 0 64 47 0 0 14 8 0 0 0 0 10 0 0 0 0 0 0 
P317 2078 2 0 0 0 0 0 0 0 0 0 0 0 0 0 0 0 8 0 9 0 0 0 0 21 14 63 88 30 0 -999 -999 -999 
P317 2078 3 0 0 0 0 0 0 43 63 0 15 13 14 0 33 88 65 86 95 97 102 74 35 0 76 0 34 22 12 11 0 0 
P317 2078 4 42 0 14 23 0 0 28 0 16 21 0 18 17 0 19 21 0 0 14 0 0 0 0 0 0 25 0 0 0 0 -999 
P317 2078 5 0 53 0 0 8 0 0 18 0 0 0 0 0 0 15 0 0 24 0 0 0 1 3 0 0 0 0 0 0 0 3 
P317 2078 6 0 0 0 20 0 0 12 0 6 0 6 0 0 0 0 0 0 5 0 0 0 0 0 0 0 0 5 0 0 0 -999 
P317 2078 7 0 0 0 0 0 0 0 0 0 0 0 0 0 0 0 0 0 0 0 0 0 0 0 0 0 0 0 0 0 0 0 
P317 2078 8 0 0 0 0 0 0 0 0 0 0 0 0 0 0 0 0 0 0 0 0 0 0 0 0 0 0 0 0 0 0 0 
P317 2078 9 0 0 0 0 0 0 0 0 0 0 0 0 0 0 0 0 0 0 0 0 0 0 3 0 0 0 0 0 0 0 -999 
P317 2078 10 0 0 0 0 0 0 0 0 0 0 0 0 8 0 0 0 0 0 0 0 0 0 0 0 8 0 0 0 0 0 9 
P317 2078 11 20 0 1 0 0 0 1 0 0 0 9 0 0 0 7 18 0 48 27 11 0 0 0 7 12 0 0 0 0 0 -999 
P317 2078 12 11 0 8 0 12 0 0 0 0 0 52 28 7 17 12 0 0 0 0 0 0 30 0 27 0 55 156 69 19 150 234 
P317 2079 1 48 4 0 13 0 0 0 0 0 0 0 10 8 0 0 0 0 0 0 0 0 3 0 0 0 0 0 8 0 16 0 
P317 2079 2 0 0 0 11 0 0 4 6 0 0 0 0 0 0 0 0 0 0 4 0 4 0 14 32 37 0 0 0 -999 -999 -999 
P317 2079 3 0 0 0 0 25 18 0 0 0 3 8 0 14 0 0 0 0 0 0 0 0 11 0 0 0 22 17 10 0 0 0 
P317 2079 4 0 27 31 27 29 15 13 18 0 0 0 0 23 51 29 20 15 0 0 0 0 10 0 0 0 0 0 0 0 0 -999 
P317 2079 5 0 8 0 0 0 36 0 4 8 0 0 0 0 0 0 0 0 0 0 0 0 0 0 0 0 0 0 0 0 0 0 
P317 2079 6 0 0 0 0 0 0 0 0 0 0 0 0 0 0 0 0 0 0 0 0 0 0 0 0 4 9 0 0 0 0 -999 
P317 2079 7 0 0 0 0 0 0 0 0 0 0 0 0 0 0 0 0 0 0 0 0 0 0 0 0 0 0 0 0 0 0 0 
P317 2079 8 0 0 0 0 0 0 0 0 0 7 0 0 0 0 0 0 0 0 0 0 0 0 0 0 0 0 0 0 0 0 0 
P317 2079 9 0 0 0 0 0 0 0 0 0 0 9 12 0 5 0 0 0 0 0 0 0 0 0 6 0 0 0 0 0 0 -999 
P317 2079 10 0 0 0 0 0 0 0 0 0 0 0 0 0 0 0 0 0 0 0 35 21 0 18 0 0 22 0 0 0 6 0 
P317 2079 11 0 0 0 11 0 40 0 0 0 0 0 0 20 0 44 64 72 91 0 32 15 12 0 0 24 21 0 1 0 0 -999 
P317 2079 12 5 0 29 29 10 0 0 0 0 0 0 0 0 0 0 0 0 0 0 0 0 0 0 0 10 0 0 0 5 0 0 
P317 2080 1 0 0 0 0 0 0 6 0 0 0 0 0 0 8 6 0 0 0 0 0 0 0 0 0 0 4 0 15 54 18 0 
P317 2080 2 0 0 0 0 0 6 0 29 79 104 114 0 121 34 0 12 18 25 56 82 97 0 0 0 0 5 14 31 -999 -999 -999 
P317 2080 3 44 43 0 44 0 59 55 54 129 138 89 62 35 0 0 0 0 0 0 0 0 0 0 0 0 13 0 0 20 26 35 
P317 2080 4 0 0 0 0 0 0 17 0 83 53 39 55 0 0 0 2 12 0 0 0 0 0 54 36 0 24 0 0 0 0 -999 
P317 2080 5 12 0 0 0 0 0 0 0 14 0 0 0 0 0 0 0 0 0 0 0 0 0 0 0 0 0 0 0 0 0 23 
P317 2080 6 0 0 0 0 0 0 10 4 0 0 0 0 0 0 0 0 0 0 0 0 16 0 0 0 0 0 0 0 0 0 -999 
P317 2080 7 8 0 0 0 0 0 0 0 0 0 0 0 0 0 0 0 0 0 0 0 0 0 3 0 0 0 0 0 0 0 0 
P317 2080 8 0 0 0 0 0 0 0 0 0 0 0 0 0 0 1 0 0 0 0 0 0 0 0 0 0 0 0 0 0 0 0 
P317 2080 9 0 0 0 0 0 0 0 0 0 0 0 0 0 0 1 0 0 0 0 0 0 6 0 0 0 0 0 0 0 0 -999 
P317 2080 10 0 21 23 0 43 41 19 0 34 0 0 0 25 13 27 10 0 0 0 7 0 0 0 0 0 0 0 0 0 0 0 
P317 2080 11 19 18 10 0 0 26 8 0 0 0 8 14 0 0 50 0 0 21 17 0 11 0 0 8 0 0 0 0 0 36 -999 
P317 2080 12 28 59 70 65 71 69 77 51 28 0 0 0 0 0 0 0 0 0 0 0 0 0 0 0 0 50 10 0 0 0 27 
P317 2081 1 60 79 143 79 54 0 0 0 0 0 0 14 35 0 27 0 0 0 0 93 81 0 49 0 0 0 0 12 0 0 29 
P317 2081 2 0 0 0 0 0 0 0 15 0 8 0 0 0 0 0 0 0 0 26 46 0 0 0 89 62 7 13 32 -999 -999 -999 
P317 2081 3 18 21 0 86 24 18 0 13 0 0 28 17 29 45 40 10 47 105 54 60 51 87 83 33 0 0 23 0 0 36 56 
P317 2081 4 55 13 17 0 16 21 31 17 0 20 0 0 0 0 0 0 6 0 0 0 0 0 0 44 0 17 13 40 34 74 -999 
P317 2081 5 45 45 21 0 39 0 0 0 39 56 17 16 0 44 36 0 0 3 0 0 19 0 0 0 0 0 4 0 0 0 0 
P317 2081 6 20 0 0 0 0 0 0 4 0 0 0 0 0 0 0 0 7 0 0 0 0 0 0 0 0 0 0 0 0 0 -999 
P317 2081 7 0 0 0 0 0 0 0 0 0 0 0 0 0 0 0 0 0 0 0 0 0 0 0 0 0 0 0 0 0 0 0 
P317 2081 8 0 0 0 0 0 0 0 0 0 0 0 0 3 0 0 0 0 0 0 0 0 0 0 0 0 0 0 0 0 0 0 
P317 2081 9 0 0 0 0 0 0 0 0 0 0 0 0 0 0 0 0 0 0 0 0 0 0 0 0 0 0 0 0 0 0 -999 
P317 2081 10 0 0 5 0 0 0 0 0 0 25 20 0 21 0 0 0 0 2 0 0 0 3 0 0 0 0 0 3 0 0 0 
P317 2081 11 0 0 0 39 0 0 0 0 0 0 0 0 0 0 0 0 156 163 67 0 0 0 6 0 34 0 0 0 0 46 -999 
P317 2081 12 19 0 25 18 13 79 67 56 69 53 29 146 184 116 57 32 29 25 21 13 0 0 0 10 0 0 0 9 0 0 0 
P317 2082 1 9 13 0 26 0 0 0 0 0 0 47 0 22 10 9 17 44 41 13 0 52 105 38 23 30 41 102 21 0 0 0 
P317 2082 2 0 0 0 0 1 0 0 1 0 0 0 0 0 10 0 0 0 0 2 6 8 0 0 0 54 0 0 21 -999 -999 -999 
P317 2082 3 33 45 25 28 33 0 0 0 14 4 0 0 0 0 5 0 1 0 0 39 0 0 0 29 0 13 0 0 0 0 5 
P317 2082 4 0 3 0 7 0 0 0 0 0 0 0 4 0 0 14 0 19 13 0 0 0 0 11 0 0 0 0 0 0 0 -999 
P317 2082 5 0 0 0 0 0 0 13 0 0 0 10 0 0 0 10 0 0 0 0 0 0 0 0 0 0 0 0 0 0 0 0 
P317 2082 6 0 0 0 0 0 0 0 0 0 0 0 0 0 0 4 0 0 0 0 0 9 0 0 0 0 0 0 0 0 7 -999 
P317 2082 7 0 0 2 0 0 0 0 0 0 0 0 0 0 0 0 0 0 0 0 0 0 0 0 0 0 0 0 0 0 0 0 
P317 2082 8 0 0 0 0 0 0 0 0 0 0 0 0 11 0 0 0 0 0 0 0 0 0 0 0 0 0 0 0 0 0 0 
P317 2082 9 0 0 0 0 0 0 0 0 0 0 0 0 0 0 0 0 0 0 0 0 0 0 5 11 0 0 9 0 0 19 -999 
P317 2082 10 0 0 0 0 10 6 0 0 0 0 0 0 0 0 0 0 0 9 0 10 0 14 38 0 0 0 2 0 0 0 0 
P317 2082 11 29 44 0 15 0 0 0 0 0 0 0 13 0 0 0 31 147 124 0 0 0 0 0 0 1 0 3 0 0 0 -999 
P317 2082 12 0 0 14 0 0 0 0 0 12 0 18 21 14 0 0 30 0 70 41 5 0 0 0 0 0 0 9 7 0 0 0 
P317 2083 1 0 0 55 0 23 8 13 43 34 33 16 0 0 0 16 0 23 58 0 23 0 10 0 0 0 0 0 13 30 31 0 
P317 2083 2 0 67 138 36 8 14 46 38 0 73 81 0 16 0 10 29 55 148 140 79 0 65 29 36 123 156 68 36 -999 -999 -999 
P317 2083 3 28 19 26 12 0 0 0 0 0 0 0 6 0 18 20 0 8 7 0 0 42 0 119 123 104 0 104 85 1 0 0 
P317 2083 4 8 0 11 0 16 0 0 0 0 0 0 0 0 31 38 26 0 0 0 0 0 4 0 0 0 0 23 11 0 0 -999 
P317 2083 5 16 9 0 0 25 0 0 0 29 22 0 0 0 0 0 27 0 28 0 19 0 0 0 34 31 46 58 0 21 0 0 
P317 2083 6 28 30 0 0 0 0 0 15 0 0 12 0 0 0 0 0 0 0 0 0 0 0 0 0 0 0 0 0 0 0 -999 
P317 2083 7 0 0 0 0 0 0 0 0 0 0 0 0 0 0 0 0 0 0 0 0 9 0 0 0 0 0 0 0 0 0 0 
P317 2083 8 0 0 0 0 0 0 0 0 0 0 0 0 0 0 0 0 0 0 0 0 0 0 0 0 0 0 0 0 0 0 0 
P317 2083 9 0 0 0 0 0 0 3 0 0 0 0 0 0 0 0 0 0 0 4 0 0 0 0 0 0 0 0 0 0 0 -999 
P317 2083 10 0 0 0 0 34 0 0 13 0 0 15 0 4 0 0 8 0 0 0 0 0 57 57 28 23 0 0 0 0 0 0 
P317 2083 11 0 7 0 0 36 0 0 21 0 0 0 35 54 30 0 30 0 30 7 0 2 0 0 0 0 13 0 0 19 37 -999 
P317 2083 12 100 37 0 0 9 0 0 49 73 0 0 0 0 0 139 31 0 7 0 0 0 3 0 0 0 0 1 0 0 0 0 
P317 2084 1 0 0 18 17 0 12 0 24 33 0 0 0 0 0 15 20 30 31 13 0 23 0 0 0 0 44 0 29 25 38 36 
P317 2084 2 0 5 8 0 0 0 53 51 50 105 0 21 42 17 0 0 0 0 0 0 0 0 0 0 0 0 24 0 -999 -999 -999 
P317 2084 3 0 0 25 0 0 3 0 0 0 0 15 13 12 0 22 0 131 96 23 16 0 15 14 0 0 0 3 3 0 0 0 
P317 2084 4 0 0 0 47 0 0 22 0 0 12 20 48 0 0 15 14 0 0 4 0 0 0 0 0 0 0 0 9 16 0 -999 
P317 2084 5 0 0 0 0 0 0 0 0 0 0 0 0 0 0 0 0 0 0 0 0 0 5 0 0 0 0 0 0 9 0 0 
P317 2084 6 0 0 0 0 0 0 0 0 0 0 16 0 3 0 0 0 0 3 7 0 0 0 0 0 0 0 0 0 0 0 -999 
P317 2084 7 0 0 0 0 0 0 0 0 0 11 0 0 0 0 0 0 0 0 0 0 0 0 0 0 0 0 0 0 0 0 0 
P317 2084 8 0 0 0 0 0 0 0 0 0 0 0 0 0 0 0 0 0 0 0 0 0 0 0 0 11 0 0 0 4 0 0 
P317 2084 9 0 1 0 0 0 4 0 0 0 0 0 0 0 0 0 0 0 0 0 9 0 0 0 0 0 1 0 0 0 0 -999 
P317 2084 10 0 0 0 19 0 0 0 0 0 0 0 0 0 0 0 0 6 0 0 0 0 0 0 0 0 0 0 38 64 80 56 
P317 2084 11 18 0 74 0 0 0 0 66 97 32 0 0 0 0 0 18 0 0 8 4 0 0 0 0 3 0 10 21 29 0 -999 
P317 2084 12 12 0 20 0 0 0 0 43 45 42 46 70 0 115 24 0 0 0 0 0 0 0 0 0 0 0 0 0 0 0 0 
P317 2085 1 0 0 0 0 0 0 1 0 0 0 0 0 0 0 0 0 9 0 6 5 0 0 0 146 104 0 0 3 0 0 0 
P317 2085 2 0 0 0 0 0 46 31 35 29 0 73 0 37 0 0 0 0 0 7 0 2 0 0 0 0 0 0 0 -999 -999 -999 
P317 2085 3 0 0 0 0 0 0 0 5 0 0 47 75 106 32 54 64 15 0 0 0 6 11 0 0 0 7 0 0 0 0 0 
P317 2085 4 0 0 0 0 0 0 0 20 0 0 0 61 0 79 87 0 0 40 30 0 0 0 1 0 0 6 0 10 0 0 -999 
P317 2085 5 24 31 0 11 0 0 0 0 48 0 11 0 0 0 0 0 0 0 0 0 0 0 0 0 0 0 12 0 0 0 0 
P317 2085 6 0 0 0 0 0 0 0 0 24 21 0 0 0 0 6 0 0 0 0 0 0 0 0 0 0 0 0 8 0 0 -999 
P317 2085 7 0 0 0 0 0 0 0 0 0 0 0 0 0 10 0 0 0 0 0 0 0 0 0 0 0 0 0 0 0 0 0 
P317 2085 8 0 0 0 0 0 0 0 0 0 0 0 0 0 0 0 0 0 0 0 0 0 0 0 12 0 0 0 0 0 0 0 
P317 2085 9 0 0 0 0 0 0 0 0 10 0 0 13 0 0 2 0 0 0 0 0 0 0 0 0 0 0 0 0 0 0 -999 
P317 2085 10 0 0 0 0 0 0 0 0 0 20 21 0 17 0 20 0 0 0 0 0 0 2 0 0 0 0 52 0 0 0 0 
P317 2085 11 0 0 0 0 0 0 0 14 0 0 0 0 0 0 5 25 89 18 11 47 27 19 0 1 0 0 0 22 36 25 -999 
P317 2085 12 0 0 0 0 0 0 33 0 0 0 2 0 14 0 0 15 19 15 11 0 14 0 31 6 0 0 0 0 5 0 7 
P317 2086 1 0 0 0 10 10 9 11 0 0 0 9 0 16 0 0 0 52 0 48 121 0 0 0 0 0 0 0 0 0 0 0 
P317 2086 2 0 0 58 24 0 24 0 125 0 10 9 0 59 64 0 32 33 8 0 0 0 1 0 0 0 3 0 0 -999 -999 -999 
P317 2086 3 0 0 0 0 0 0 0 0 0 0 0 0 22 0 0 0 0 0 0 0 10 0 0 0 0 7 0 0 0 0 0 
P317 2086 4 10 0 0 0 0 0 37 0 0 0 0 0 0 33 0 26 0 0 0 0 0 0 6 0 0 0 31 40 0 0 -999 
P317 2086 5 34 0 12 0 30 0 23 0 11 0 0 9 0 0 3 0 0 0 0 0 0 0 7 0 0 0 0 0 0 0 0 
P317 2086 6 0 0 0 0 0 0 0 0 0 0 0 0 0 0 0 0 0 0 0 0 0 0 0 0 0 0 0 0 0 0 -999 
P317 2086 7 0 0 0 0 0 0 0 0 0 0 0 0 0 0 0 0 0 0 0 0 0 0 9 0 0 0 0 0 0 0 0 
P317 2086 8 0 0 0 0 0 0 0 0 0 0 0 0 0 0 0 0 0 0 0 0 0 0 0 0 0 0 0 0 0 0 0 
P317 2086 9 0 0 0 0 0 0 0 0 0 0 0 0 0 0 0 0 0 5 0 0 0 0 0 0 0 16 0 0 5 0 -999 
P317 2086 10 0 0 0 0 11 0 0 0 0 0 15 0 10 0 0 0 0 0 0 0 1 0 0 0 0 0 0 0 0 0 0 
P317 2086 11 0 13 0 0 0 0 13 0 18 29 0 37 0 0 12 8 0 0 0 37 44 0 0 5 11 0 0 0 0 0 -999 
P317 2086 12 0 2 0 0 0 0 0 0 0 0 0 0 0 0 0 5 0 0 30 51 0 0 110 0 0 18 0 0 0 0 0 
P317 2087 1 0 4 0 0 0 0 32 80 78 17 9 0 0 0 0 0 0 0 0 0 0 14 13 0 5 0 0 0 4 36 0 
P317 2087 2 0 36 0 0 2 2 0 0 0 7 0 5 0 0 0 11 0 0 2 0 0 0 7 0 10 24 0 0 -999 -999 -999 
P317 2087 3 64 88 47 26 0 22 0 0 25 0 38 58 0 15 16 15 0 0 30 0 0 81 77 31 0 0 0 0 15 0 0 
P317 2087 4 0 0 0 0 0 0 0 3 0 0 0 5 3 0 0 41 38 22 7 11 0 0 36 41 43 34 0 0 5 0 -999 
P317 2087 5 0 0 0 36 0 0 23 0 14 0 25 0 0 0 0 0 0 0 0 0 0 0 0 4 0 0 0 0 0 0 0 
P317 2087 6 0 0 0 0 0 0 0 0 0 0 0 8 0 0 0 1 0 0 0 0 0 0 0 0 0 0 0 0 0 0 -999 
P317 2087 7 0 0 0 0 0 0 0 0 0 0 0 0 0 0 0 0 0 0 0 0 0 0 0 0 0 0 0 0 0 0 0 
P317 2087 8 0 0 0 0 0 0 0 0 0 0 0 0 0 0 0 0 0 0 0 0 0 0 0 0 0 0 0 0 0 0 0 
P317 2087 9 0 0 0 0 0 0 0 0 0 0 2 0 0 0 0 0 0 0 0 0 0 0 0 0 0 0 0 0 0 0 -999 
P317 2087 10 0 0 0 33 22 15 0 6 0 0 0 0 0 0 0 2 5 0 0 0 0 0 0 0 0 0 0 0 0 0 0 
P317 2087 11 0 0 0 0 0 1 0 0 0 1 0 0 0 0 0 0 0 0 0 0 0 6 0 0 6 0 0 0 0 0 -999 
P317 2087 12 0 16 18 0 0 0 0 0 0 16 1 0 0 0 0 2 4 8 0 4 8 0 65 51 15 63 32 25 40 38 13 
P317 2088 1 7 0 0 0 0 0 0 0 0 0 0 0 0 0 0 0 0 0 0 0 0 0 5 4 0 0 0 0 0 0 0 
P317 2088 2 0 0 10 0 32 53 102 123 116 25 0 0 0 0 0 0 17 24 54 21 26 21 27 0 32 38 0 36 -999 -999 -999 
P317 2088 3 38 0 74 64 0 0 0 0 0 0 0 0 0 0 0 0 0 14 12 0 8 10 0 37 43 7 0 0 1 0 0 
P317 2088 4 1 0 8 16 0 0 56 62 25 0 0 44 42 64 0 0 26 18 0 4 22 33 43 0 0 25 0 0 0 0 -999 
P317 2088 5 0 0 0 32 0 0 25 0 0 0 0 0 9 15 21 0 0 0 21 0 0 0 0 0 0 0 0 0 0 0 3 
P317 2088 6 0 0 0 0 0 0 0 0 0 0 0 0 0 0 0 0 0 0 0 0 0 0 0 0 0 0 0 0 0 0 -999 
P317 2088 7 0 0 0 0 0 0 0 0 0 0 0 0 0 0 0 0 0 0 0 0 0 0 0 0 0 0 0 0 0 0 0 
P317 2088 8 0 0 0 0 0 0 0 0 0 0 0 0 0 0 0 0 10 0 0 0 0 0 0 0 0 0 0 0 0 0 0 
P317 2088 9 35 0 0 0 0 0 0 0 6 0 0 0 0 0 0 0 0 0 0 0 0 0 0 0 0 0 0 0 0 0 -999 
P317 2088 10 0 0 0 0 0 0 0 0 0 0 12 19 10 0 0 2 0 0 0 0 0 22 0 0 37 0 113 37 0 0 0 
P317 2088 11 0 0 0 0 0 0 0 0 0 0 0 0 0 11 47 34 0 108 0 8 11 25 15 0 0 0 13 0 0 10 -999 
P317 2088 12 0 18 18 20 0 21 0 35 0 0 0 9 0 9 0 0 0 0 0 0 0 0 24 27 23 0 0 15 0 0 0 
P317 2089 1 11 0 0 20 0 34 31 58 93 127 154 191 202 0 0 0 0 0 0 0 0 0 0 0 0 0 0 0 0 0 34 
P317 2089 2 45 45 13 23 43 106 71 120 183 39 30 65 102 49 5 0 0 0 0 3 0 0 7 0 0 0 15 16 -999 -999 -999 
P317 2089 3 17 0 0 0 0 0 0 27 0 42 21 9 15 43 68 80 81 76 0 12 0 0 14 47 150 0 0 30 25 53 108 
P317 2089 4 137 0 26 0 2 4 0 0 0 0 0 0 0 0 0 10 0 0 0 20 31 0 25 36 0 53 44 23 0 24 -999 
P317 2089 5 23 0 0 0 0 0 18 0 0 0 0 0 0 0 0 0 0 0 14 0 13 8 0 0 0 0 0 8 0 0 0 
P317 2089 6 0 0 0 0 0 0 0 0 0 0 0 0 0 0 0 0 0 0 0 0 0 0 0 0 0 0 0 0 0 0 -999 
P317 2089 7 0 0 0 0 0 0 0 0 0 0 9 0 0 0 0 0 0 0 0 0 0 0 0 0 0 0 0 0 0 6 0 
P317 2089 8 0 0 0 0 0 0 0 10 4 9 0 0 0 0 0 0 0 0 0 0 0 0 0 0 0 0 0 0 0 0 0 
P317 2089 9 0 2 0 0 0 8 0 0 0 0 0 0 0 0 0 0 8 0 0 0 0 0 0 0 0 0 0 0 0 0 -999 
P317 2089 10 3 0 0 0 0 0 0 0 0 0 0 0 2 0 0 0 0 3 3 0 0 0 0 0 0 0 3 2 0 0 0 
P317 2089 11 0 15 21 42 0 5 0 0 0 16 0 0 0 0 0 0 0 0 0 0 0 0 0 38 76 41 21 0 36 51 -999 
P317 2089 12 0 0 0 0 0 24 0 49 33 58 58 0 0 0 0 4 0 0 0 14 15 0 0 0 0 0 0 0 0 0 0 
P317 2090 1 0 0 0 0 0 1 5 0 0 0 5 0 0 0 0 8 0 0 3 10 2 0 0 0 0 0 0 0 0 0 0 
P317 2090 2 0 0 0 28 38 95 0 27 26 42 0 31 0 11 20 0 0 0 10 0 0 16 36 33 29 0 0 100 -999 -999 -999 
P317 2090 3 157 0 20 0 8 0 0 0 0 4 14 0 55 53 53 0 0 14 0 0 0 24 17 21 0 40 10 0 25 29 28 
P317 2090 4 36 36 49 68 0 0 43 24 27 20 31 0 15 0 75 28 0 0 0 0 0 0 0 0 0 0 0 11 0 0 -999 
P317 2090 5 0 0 0 0 0 0 0 0 0 0 0 0 0 0 0 0 0 0 0 0 0 0 12 0 0 0 0 0 0 0 23 
P317 2090 6 0 0 0 0 0 0 0 0 16 0 0 0 0 0 0 0 0 0 0 0 0 0 0 0 0 0 0 0 0 0 -999 
P317 2090 7 0 0 0 0 0 0 0 0 0 0 0 0 0 26 0 0 0 0 0 0 0 0 0 0 0 0 0 0 0 0 0 
P317 2090 8 0 0 0 0 0 0 0 0 0 0 0 0 0 0 0 0 0 0 0 0 0 0 0 0 0 0 2 0 0 0 0 
P317 2090 9 0 0 0 0 0 0 0 0 0 0 0 0 15 0 0 0 0 0 1 2 0 0 9 0 0 0 0 0 8 0 -999 
P317 2090 10 0 0 6 18 23 24 16 0 0 0 18 0 0 0 14 20 0 9 0 0 0 0 0 0 0 0 0 0 0 0 42 
P317 2090 11 17 0 0 0 0 0 0 0 0 37 62 37 0 22 36 0 0 25 0 0 0 13 29 25 35 0 21 0 0 0 -999 
P317 2090 12 12 0 98 21 28 37 32 0 20 0 51 24 18 20 15 0 0 0 0 0 0 0 0 8 14 30 24 0 0 0 0 
P317 2091 1 0 0 0 0 7 0 0 15 0 7 0 3 14 0 0 0 0 9 31 2 0 0 0 0 0 0 0 15 0 0 0 
P317 2091 2 12 13 8 0 0 15 10 8 0 0 0 0 9 10 6 0 0 63 263 151 68 58 122 0 0 83 71 28 -999 -999 -999 
P317 2091 3 0 5 4 0 0 51 28 0 0 0 4 0 0 0 0 16 15 0 0 0 0 0 0 0 0 0 0 0 0 4 0 
P317 2091 4 0 9 0 0 0 0 25 0 0 5 18 33 45 35 17 24 0 0 0 17 14 0 0 5 0 0 0 0 0 6 -999 
P317 2091 5 0 0 42 42 47 34 0 0 0 0 0 0 0 0 0 0 0 0 0 0 0 0 0 0 0 0 0 0 0 0 0 
P317 2091 6 11 0 24 20 0 0 0 0 0 0 0 0 0 19 0 0 0 0 0 0 0 0 0 0 0 0 0 0 0 0 -999 
P317 2091 7 0 0 0 0 0 0 0 0 0 0 2 0 0 0 0 0 0 0 0 0 0 0 0 0 0 0 0 0 0 0 0 
P317 2091 8 0 0 0 0 0 0 0 0 0 0 1 0 0 0 0 0 0 0 0 0 0 0 0 0 8 0 3 0 0 0 0 
P317 2091 9 0 1 0 0 0 0 0 0 0 0 0 0 0 0 0 0 5 0 0 0 0 0 0 0 0 0 0 0 0 0 -999 
P317 2091 10 0 0 0 0 0 0 0 0 0 0 0 41 52 0 15 0 0 5 0 0 0 0 14 0 0 10 43 60 103 0 51 
P317 2091 11 88 0 0 0 15 0 0 0 10 0 0 0 0 25 0 29 17 15 0 0 0 15 0 46 0 0 21 0 0 0 -999 
P317 2091 12 0 34 0 5 0 0 0 0 0 0 0 0 0 0 0 0 0 0 12 0 0 3 10 0 3 1 0 0 36 0 0 
P317 2092 1 0 0 0 0 0 0 6 0 0 6 13 32 24 0 40 0 54 0 74 165 0 0 12 39 0 0 66 39 68 43 28 
P317 2092 2 24 0 40 3 0 64 98 0 0 108 30 9 21 0 0 0 0 71 25 43 30 0 0 0 0 0 0 0 -999 -999 -999 
P317 2092 3 0 0 0 0 0 0 59 24 0 17 23 23 0 0 0 104 73 32 21 47 61 0 88 198 99 0 0 18 35 19 24 
P317 2092 4 0 0 52 25 28 0 0 0 8 0 0 0 39 24 16 0 0 0 15 0 0 0 0 9 0 0 0 0 52 35 -999 
P317 2092 5 24 12 0 6 10 0 10 17 0 0 0 0 5 0 0 0 0 32 11 0 0 0 0 0 0 0 0 0 0 0 0 
P317 2092 6 0 0 0 0 0 0 0 0 0 0 0 0 0 0 6 0 0 0 0 0 3 0 0 0 0 0 0 0 0 0 -999 
P317 2092 7 0 0 0 0 0 0 0 0 0 0 0 0 0 0 0 0 0 0 0 0 0 0 0 0 0 0 0 0 0 0 0 
P317 2092 8 0 0 0 0 0 0 0 0 10 0 0 0 0 0 0 0 0 0 0 0 0 0 0 0 0 0 0 0 0 0 0 
P317 2092 9 0 0 0 0 11 0 0 0 0 0 0 0 0 0 0 0 0 0 0 0 0 0 0 7 0 0 0 0 0 0 -999 
P317 2092 10 0 0 0 0 0 0 0 0 0 0 0 51 9 0 0 0 7 0 0 0 0 0 0 5 0 0 5 0 0 0 0 
P317 2092 11 0 0 20 60 0 15 20 0 0 0 10 0 184 110 83 0 0 21 24 27 22 0 25 88 57 27 9 0 0 0 -999 
P317 2092 12 0 0 0 0 0 16 21 0 36 0 0 0 0 0 0 0 14 0 0 0 83 80 51 63 0 50 16 21 0 0 29 
P317 2093 1 154 60 64 29 16 0 0 19 0 0 37 0 41 47 86 134 24 36 0 0 0 0 0 0 0 0 0 0 0 0 86 
P317 2093 2 56 0 0 5 0 0 0 0 0 0 0 0 0 30 0 30 0 32 28 54 45 0 0 15 0 0 0 25 -999 -999 -999 
P317 2093 3 12 12 0 0 0 13 0 0 0 67 102 0 28 26 11 13 19 17 19 0 21 13 9 9 24 43 33 0 0 0 25 
P317 2093 4 0 0 0 0 0 15 0 0 0 0 0 0 0 0 0 0 12 0 0 0 0 0 15 27 0 0 0 37 28 0 -999 
P317 2093 5 0 0 43 0 0 0 5 0 0 0 0 0 0 0 0 0 0 0 13 0 0 0 0 0 12 0 0 0 0 0 0 
P317 2093 6 0 0 3 0 0 0 0 0 0 0 0 0 0 0 0 0 0 0 0 0 0 0 0 0 0 4 0 0 0 0 -999 
P317 2093 7 0 0 0 2 0 0 0 0 0 0 0 0 0 0 0 0 0 4 0 0 0 0 0 0 0 0 0 0 0 0 0 
P317 2093 8 0 0 0 0 0 0 0 0 0 0 0 0 0 0 0 0 0 0 0 0 0 0 0 0 0 0 0 0 0 0 0 
P317 2093 9 0 0 0 0 0 0 0 0 0 3 0 0 0 0 0 6 7 0 0 0 0 0 0 0 0 0 0 0 0 0 -999 
P317 2093 10 0 0 0 0 0 0 0 0 18 0 0 12 0 0 27 98 76 0 0 0 0 0 0 6 5 8 10 0 0 5 0 
P317 2093 11 0 28 0 0 0 2 0 0 0 0 0 0 0 0 0 0 0 0 0 3 0 0 10 0 0 0 0 0 0 0 -999 
P317 2093 12 3 0 2 0 0 0 0 0 0 0 0 0 13 0 0 0 0 0 0 0 0 0 0 0 0 0 3 0 0 0 0 
P317 2094 1 11 0 14 10 8 0 0 0 0 27 19 0 7 0 10 0 25 60 75 56 56 140 139 190 201 78 44 142 0 43 32 
P317 2094 2 49 54 62 77 0 6 3 0 2 0 0 0 0 0 0 0 0 0 0 0 6 0 0 0 0 0 0 0 -999 -999 -999 
P317 2094 3 0 0 0 0 0 0 1 0 0 0 0 1 0 0 2 0 0 0 0 21 0 0 22 0 0 0 0 0 46 101 66 
P317 2094 4 106 130 85 9 12 0 43 29 0 15 0 0 0 0 14 0 17 0 0 0 0 24 0 0 0 18 0 0 0 0 -999 
P317 2094 5 0 0 0 0 0 2 0 0 0 0 0 0 0 0 0 0 0 0 0 0 0 0 0 0 8 7 0 0 0 1 0 
P317 2094 6 0 0 0 0 0 0 0 0 0 0 7 0 0 0 0 0 0 0 0 0 0 0 0 0 0 0 0 0 0 0 -999 
P317 2094 7 0 0 0 0 0 0 0 0 0 0 0 0 0 0 0 0 0 0 0 0 0 0 0 0 0 0 0 0 0 0 0 
P317 2094 8 0 0 0 0 0 0 0 0 0 0 0 0 0 0 0 0 0 6 0 0 0 0 0 3 0 0 0 0 0 0 0 
P317 2094 9 0 0 0 0 0 0 3 0 0 0 5 0 0 0 0 0 0 0 0 0 0 0 0 0 0 0 0 6 4 0 -999 
P317 2094 10 0 0 0 7 0 0 0 0 0 0 6 0 0 0 9 0 0 0 0 0 65 26 62 70 0 30 0 13 0 0 0 
P317 2094 11 0 0 0 0 0 0 0 0 5 13 0 0 0 0 0 0 0 0 13 0 0 0 49 48 0 0 0 0 0 0 -999 
P317 2094 12 7 0 0 0 0 0 1 0 0 0 12 18 11 0 9 0 0 0 18 26 0 0 0 0 1 0 0 0 0 0 0 
P317 2095 1 37 43 51 81 34 14 0 43 67 15 0 0 0 0 0 0 0 0 0 0 0 0 0 39 54 0 59 50 0 17 29 
P317 2095 2 29 34 0 0 5 0 6 0 5 0 6 0 0 0 0 0 9 0 16 0 8 0 0 0 0 0 0 0 -999 -999 -999 
P317 2095 3 0 0 5 0 0 0 0 0 0 0 0 0 0 0 0 0 0 0 2 0 0 0 0 0 0 0 0 64 56 30 32 
P317 2095 4 43 77 111 37 0 0 0 5 10 0 0 20 0 24 26 0 0 0 0 0 0 0 0 40 17 5 0 0 0 0 -999 
P317 2095 5 0 0 0 0 0 0 0 0 0 0 0 0 3 0 0 0 0 0 0 0 0 0 0 0 0 0 0 0 0 14 0 
P317 2095 6 0 0 0 0 0 0 20 25 0 0 0 0 8 0 0 0 0 0 0 22 0 0 0 0 0 0 0 0 0 0 -999 
P317 2095 7 0 0 0 0 0 0 0 0 0 0 0 0 0 0 0 0 0 0 0 0 0 0 0 0 0 0 0 0 0 0 0 
P317 2095 8 0 0 0 0 0 0 0 0 0 0 0 0 0 0 0 0 0 0 0 0 0 0 0 0 0 0 0 0 6 0 0 
P317 2095 9 0 0 0 0 0 0 0 0 0 0 0 0 0 0 0 0 0 0 0 0 2 2 4 0 0 0 9 0 0 0 -999 
P317 2095 10 0 0 0 11 15 0 0 0 0 0 0 0 0 0 20 16 32 0 0 0 0 0 0 0 0 0 0 0 0 0 0 
P317 2095 11 0 0 0 0 0 10 20 0 50 0 13 29 0 0 0 5 8 0 0 0 0 68 60 119 0 5 0 0 0 0 -999 
P317 2095 12 0 0 0 0 0 0 7 0 68 0 0 2 26 66 116 87 25 15 0 0 77 18 0 10 75 152 54 15 3 0 0 
P317 2096 1 44 0 0 11 0 0 0 51 0 50 27 0 0 0 0 34 17 0 1 0 0 0 0 0 0 0 0 4 0 16 13 
P317 2096 2 18 46 0 0 25 0 0 12 18 12 9 0 12 36 81 41 0 0 0 0 0 0 0 0 0 12 0 15 -999 -999 -999 
P317 2096 3 0 19 0 0 6 0 0 0 0 11 0 7 5 0 3 0 0 0 0 0 0 88 103 14 0 40 0 51 71 67 0 
P317 2096 4 0 10 0 0 0 0 0 0 0 0 0 4 0 0 0 56 0 0 0 23 0 4 0 0 0 0 0 0 0 0 -999 
P317 2096 5 0 0 0 0 0 0 0 22 9 0 6 7 0 0 3 0 0 0 0 0 0 9 0 0 0 0 0 0 0 8 0 
P317 2096 6 0 0 0 0 22 0 17 11 8 0 0 0 0 5 0 0 0 2 3 0 0 0 0 0 0 0 0 0 0 0 -999 
P317 2096 7 0 0 0 0 0 0 0 0 0 0 0 0 0 0 0 0 0 0 0 0 0 0 0 0 0 0 0 0 0 0 0 
P317 2096 8 0 0 0 0 0 0 0 0 0 0 0 0 0 0 0 0 0 0 0 0 7 0 5 0 0 0 0 0 0 0 6 
P317 2096 9 0 0 0 0 0 3 0 0 0 0 4 0 0 4 0 0 0 7 23 0 0 19 0 12 0 0 1 1 0 0 -999 
P317 2096 10 0 0 0 0 6 0 0 0 0 0 0 0 0 5 0 0 0 0 0 30 0 0 16 0 0 0 0 4 0 0 0 
P317 2096 11 0 0 0 0 0 0 0 3 0 0 4 0 0 0 0 0 0 4 0 4 0 0 0 0 0 0 0 4 2 0 -999 
P317 2096 12 8 0 0 0 0 0 0 0 0 0 0 9 8 23 37 0 0 58 0 0 0 12 0 26 12 0 0 0 0 0 0 
P317 2097 1 8 16 0 0 0 6 14 9 0 0 5 0 0 0 0 0 0 0 0 0 7 7 0 0 35 46 74 19 7 0 0 
P317 2097 2 0 0 19 0 40 78 35 0 0 0 7 0 0 0 0 0 0 0 0 0 0 0 0 0 0 27 0 0 -999 -999 -999 
P317 2097 3 19 38 74 0 0 0 0 0 8 4 3 0 0 0 0 0 0 0 0 0 0 0 24 0 32 39 0 5 16 0 2 
P317 2097 4 0 0 0 0 0 0 0 0 0 25 0 45 63 0 0 0 0 0 0 26 14 0 0 68 46 0 0 0 1 0 -999 
P317 2097 5 0 0 0 0 0 0 17 0 15 0 0 0 0 0 0 0 0 0 0 22 0 0 29 18 0 0 0 0 0 0 0 
P317 2097 6 0 0 0 12 0 0 0 0 0 0 0 0 0 0 0 0 0 0 11 12 0 0 0 0 0 5 0 4 0 0 -999 
P317 2097 7 0 0 0 0 0 0 0 0 0 0 0 0 0 0 0 0 0 0 0 0 0 0 0 0 0 0 0 0 0 7 0 
P317 2097 8 0 0 0 0 0 0 0 0 0 0 0 0 0 0 0 0 0 0 0 0 0 0 0 51 0 0 0 0 0 0 0 
P317 2097 9 0 0 0 0 0 0 0 0 0 0 0 0 0 0 0 0 4 6 0 0 0 0 0 0 0 0 0 0 0 0 -999 
P317 2097 10 15 0 0 0 0 0 0 0 0 0 0 0 0 0 0 0 48 0 0 7 0 0 12 4 2 0 0 0 0 0 0 
P317 2097 11 0 0 5 9 0 0 5 0 0 4 0 0 0 0 0 0 0 0 2 0 0 0 6 0 0 0 0 0 0 0 -999 
P317 2097 12 0 0 0 0 0 0 0 0 0 0 0 0 0 0 0 0 5 0 0 3 2 0 0 0 0 0 0 31 27 37 32 
P317 2098 1 50 14 17 0 67 27 10 2 0 0 0 0 13 14 0 0 0 8 0 0 51 27 0 26 4 0 2 3 18 15 14 
P317 2098 2 16 0 11 10 9 16 19 0 27 58 0 34 23 0 20 0 0 23 0 16 0 0 0 0 0 0 0 0 -999 -999 -999 
P317 2098 3 0 0 0 7 10 28 17 4 2 0 0 0 0 0 0 0 0 18 12 0 0 0 2 0 0 15 0 0 0 0 0 
P317 2098 4 0 0 19 0 0 0 0 0 0 0 0 0 0 0 0 0 0 0 0 0 0 0 0 12 0 0 0 1 0 0 -999 
P317 2098 5 0 0 0 0 27 0 45 0 39 49 88 96 30 0 15 0 20 0 6 14 22 0 22 27 27 19 9 0 0 0 0 
P317 2098 6 0 0 0 0 0 0 0 0 0 0 8 0 9 0 9 0 0 0 0 0 0 0 0 0 0 0 0 0 0 0 -999 
P317 2098 7 0 0 0 9 0 0 0 0 0 0 0 0 0 0 0 0 0 0 0 0 0 0 0 0 0 0 0 0 0 0 11 
P317 2098 8 0 0 0 0 0 0 0 0 0 0 0 0 0 0 0 0 0 0 0 0 0 0 0 0 0 0 0 0 0 0 0 
P317 2098 9 13 0 0 0 0 0 0 0 0 0 0 0 0 0 0 0 0 0 17 12 0 0 9 0 0 0 0 0 5 0 -999 
P317 2098 10 0 0 4 0 4 5 0 0 0 0 0 0 10 15 0 23 30 38 9 0 0 0 8 0 0 19 21 13 0 0 0 
P317 2098 11 0 0 9 0 0 0 0 9 0 12 0 18 55 32 18 0 0 24 37 27 0 0 0 0 0 0 0 0 0 2 -999 
P317 2098 12 0 0 0 0 7 0 0 0 0 0 0 0 0 0 0 0 0 0 0 24 0 12 8 0 0 0 0 7 0 3 0 
P317 2099 1 8 10 0 0 0 0 0 0 9 0 58 0 37 0 0 0 24 14 3 0 0 0 96 42 0 0 4 0 0 0 0 
P317 2099 2 0 3 0 0 0 0 0 0 0 0 0 0 0 3 0 0 0 0 0 0 17 0 0 95 136 0 23 37 -999 -999 -999 
P317 2099 3 68 0 82 0 0 0 12 0 0 0 11 0 0 39 0 26 28 93 138 132 17 0 0 0 0 13 0 11 9 25 0 
P317 2099 4 0 23 23 0 0 0 0 0 0 0 0 0 0 0 0 0 0 2 4 7 0 0 0 29 35 27 0 0 0 28 -999 
P317 2099 5 0 0 8 0 0 0 0 0 0 10 0 0 0 2 0 0 0 0 0 0 0 0 0 0 0 0 7 0 0 0 0 
P317 2099 6 0 0 0 0 0 0 0 0 0 0 0 3 0 0 0 0 0 0 8 0 0 16 0 0 0 2 0 0 0 0 -999 
P317 2099 7 0 0 0 0 0 0 0 0 0 0 0 13 0 0 0 0 0 0 8 0 0 0 0 4 0 8 0 5 0 0 0 
P317 2099 8 0 0 0 6 0 0 0 18 0 0 0 0 0 0 0 0 0 0 0 0 0 0 0 0 0 0 0 0 0 0 0 
P317 2099 9 0 0 0 0 0 0 0 0 0 12 12 12 0 0 0 0 0 0 0 0 0 0 0 0 0 0 0 0 0 0 -999 
P317 2099 10 3 0 0 0 0 0 4 0 0 0 0 32 0 0 0 0 0 0 0 0 0 0 0 0 12 23 17 13 12 0 0 
P317 2099 11 4 0 14 0 0 0 3 9 0 6 12 20 0 0 0 21 0 0 0 6 0 8 8 0 20 28 72 89 111 26 -999 
P317 2099 12 7 9 0 0 0 55 58 27 30 62 39 10 0 0 0 0 0 13 6 20 21 0 20 0 89 210 215 116 0 62 0 
P317 2100 1 18 0 0 0 0 0 0 0 0 0 48 124 155 46 11 43 0 13 0 0 0 7 0 6 5 0 0 0 0 8 7 
P317 2100 2 0 39 45 0 0 0 5 7 14 35 21 0 0 0 0 0 0 45 41 53 26 0 0 0 0 0 0 0 -999 -999 -999 
P317 2100 3 0 0 64 39 0 0 28 41 60 62 46 77 167 0 12 0 8 0 25 0 33 0 0 0 43 83 0 35 95 82 56 
P317 2100 4 54 45 42 0 16 14 13 0 6 13 32 0 0 0 0 24 0 0 25 34 11 0 0 0 0 0 0 0 13 18 -999 
P317 2100 5 13 0 15 0 0 0 17 0 0 21 0 9 0 0 4 0 0 0 0 29 18 0 21 30 0 14 0 8 14 0 0 
P317 2100 6 0 0 0 0 0 0 0 4 7 0 0 12 0 15 0 0 0 0 0 0 0 0 0 0 0 0 0 0 0 0 -999 
P317 2100 7 0 0 0 0 0 0 0 0 0 0 0 0 0 0 0 0 0 0 0 0 0 0 0 0 0 0 0 0 0 0 0 
P317 2100 8 0 0 0 0 0 0 0 0 0 0 0 0 0 0 0 0 0 0 0 0 0 0 0 0 0 0 0 0 0 0 0 
P317 2100 9 0 0 0 0 0 0 0 0 0 0 5 0 0 0 0 0 0 0 0 0 0 0 0 18 0 0 0 0 0 0 -999 
P317 2100 10 0 0 0 0 0 0 0 31 24 0 0 0 0 26 0 9 0 0 0 9 18 50 83 0 0 2 2 0 10 0 0 
P317 2100 11 0 0 0 35 36 89 0 0 0 0 0 36 48 67 104 95 58 54 49 0 20 74 42 53 35 0 0 0 0 0 -999 
P317 2100 12 5 0 0 0 0 8 0 0 0 0 0 0 0 0 0 0 0 0 0 0 0 0 0 0 0 0 3 6 0 0 0 
