precip	MIROC5	RCP60	REGRESION	decimas	1
P8733	40.099	-5.412	182	geo	2006	2100	-1
P8733 2006 1 0 12 0 14 0 38 21 0 12 9 0 186 303 0 130 185 149 127 59 0 0 31 35 0 32 0 36 26 48 58 0 
P8733 2006 2 40 124 54 46 0 0 0 0 0 0 0 39 52 48 0 0 26 16 58 39 0 0 0 8 0 0 0 0 -999 -999 -999 
P8733 2006 3 68 107 158 192 142 167 144 132 74 75 69 0 30 0 53 124 227 204 149 81 91 0 79 56 61 0 71 86 109 81 74 
P8733 2006 4 0 0 0 51 32 0 0 0 0 0 3 0 11 7 7 0 22 0 7 0 0 0 0 0 0 37 57 0 0 0 -999 
P8733 2006 5 22 41 37 0 55 0 30 0 0 0 0 0 28 0 25 19 23 13 0 31 8 0 12 9 0 0 7 0 0 0 0 
P8733 2006 6 0 0 0 0 0 0 0 0 0 0 0 0 0 0 0 0 0 0 6 0 6 0 0 0 0 12 0 0 14 0 -999 
P8733 2006 7 0 0 7 0 0 0 0 0 0 0 0 7 0 0 0 0 0 0 0 0 0 0 0 0 0 0 0 0 0 0 0 
P8733 2006 8 7 0 0 0 0 0 0 0 0 0 0 0 0 0 0 0 0 0 0 14 0 0 0 0 0 0 0 0 10 22 0 
P8733 2006 9 0 0 0 25 0 0 0 0 0 13 0 0 0 0 0 0 0 0 6 0 0 0 16 0 0 0 7 14 0 0 -999 
P8733 2006 10 1 0 0 15 0 12 5 0 16 0 0 0 30 0 0 0 0 8 14 16 0 0 6 0 38 0 0 0 20 19 0 
P8733 2006 11 0 16 0 0 0 0 62 0 20 0 0 2 0 0 0 4 0 0 0 23 0 20 35 0 0 0 6 0 4 0 -999 
P8733 2006 12 0 0 0 0 0 0 26 135 120 60 0 35 37 43 137 178 0 0 0 12 0 107 204 69 87 80 64 68 89 64 0 
P8733 2007 1 32 0 0 0 0 0 0 0 0 0 0 0 0 0 0 0 0 0 7 0 0 0 0 0 0 12 0 23 0 0 23 
P8733 2007 2 14 0 0 16 0 0 43 136 257 161 32 0 0 15 18 9 30 63 0 33 34 37 69 44 71 72 70 41 -999 -999 -999 
P8733 2007 3 21 38 0 89 112 33 18 0 0 10 0 37 44 118 46 0 0 33 23 0 0 0 0 0 0 0 0 0 0 0 0 
P8733 2007 4 0 0 0 0 0 28 0 0 2 0 0 54 0 0 0 29 0 0 92 59 0 0 0 45 0 10 0 0 0 0 -999 
P8733 2007 5 0 0 0 0 85 0 0 0 21 26 0 26 0 0 0 0 19 0 39 0 2 0 0 0 0 0 0 0 6 0 14 
P8733 2007 6 0 0 0 0 0 0 0 0 0 0 0 0 0 0 0 2 2 2 0 0 6 0 0 0 0 0 0 0 22 19 -999 
P8733 2007 7 0 0 0 0 0 0 0 0 0 0 0 0 0 0 0 22 25 0 0 20 0 0 0 0 0 0 0 0 0 0 0 
P8733 2007 8 0 2 0 0 0 0 0 0 0 0 0 0 0 5 0 5 0 0 0 0 0 0 0 0 0 0 20 0 0 0 0 
P8733 2007 9 1 0 0 0 0 0 0 0 6 0 0 7 0 15 38 0 0 0 0 4 0 5 7 0 0 16 0 9 7 6 -999 
P8733 2007 10 0 0 0 0 0 0 0 11 0 20 18 0 73 0 0 0 46 113 0 0 0 73 95 72 21 0 64 14 16 0 7 
P8733 2007 11 0 0 0 0 0 0 0 0 40 0 79 69 0 55 0 3 0 0 0 0 0 8 0 0 2 0 0 0 0 0 -999 
P8733 2007 12 0 0 16 17 0 0 0 0 0 0 4 0 0 0 0 0 35 34 0 0 20 0 21 27 40 19 0 0 0 6 6 
P8733 2008 1 0 26 34 59 0 0 0 1 0 0 0 0 0 31 26 27 0 0 35 44 120 131 41 33 61 176 183 95 87 106 161 
P8733 2008 2 253 98 201 88 77 121 80 140 0 54 90 0 29 32 95 84 52 0 48 33 18 14 15 13 23 46 0 0 -999 -999 -999 
P8733 2008 3 0 0 13 0 0 0 7 0 0 0 0 16 30 0 0 0 0 0 0 8 0 19 0 17 0 0 0 0 0 0 0 
P8733 2008 4 0 0 15 0 12 0 0 0 0 0 5 0 0 28 0 80 48 0 0 8 0 0 0 0 0 0 4 0 14 0 -999 
P8733 2008 5 12 0 0 0 12 0 4 4 16 33 75 0 0 47 0 0 9 10 0 46 0 48 76 0 0 8 0 0 0 0 0 
P8733 2008 6 0 0 0 0 0 26 12 0 0 0 0 0 21 69 18 0 0 0 0 0 0 0 0 0 0 0 0 0 0 0 -999 
P8733 2008 7 0 0 0 0 0 0 0 23 0 0 0 0 0 0 0 0 0 0 0 0 0 0 0 13 0 0 0 0 0 0 0 
P8733 2008 8 0 0 0 0 0 0 10 0 0 0 0 7 0 0 0 5 0 0 0 0 13 0 0 0 0 0 0 0 4 0 0 
P8733 2008 9 0 6 0 0 0 0 6 8 0 0 0 25 16 0 16 0 0 0 15 9 0 0 0 0 0 0 0 33 63 32 -999 
P8733 2008 10 0 34 9 0 0 0 17 0 0 0 51 54 54 0 0 0 0 0 0 17 19 0 0 0 0 0 61 36 0 0 27 
P8733 2008 11 0 0 0 0 1 0 0 0 0 6 24 0 0 0 0 0 0 77 24 0 0 0 0 3 0 2 0 1 1 0 -999 
P8733 2008 12 0 0 0 0 1 0 0 0 15 40 0 8 15 0 0 5 0 0 12 6 14 0 0 0 64 53 38 0 0 0 0 
P8733 2009 1 0 0 0 0 0 5 1 0 8 0 0 15 0 20 18 0 1 0 3 0 0 7 0 0 0 0 0 0 0 0 0 
P8733 2009 2 0 0 0 0 0 0 0 2 0 4 0 1 5 3 0 0 0 0 0 4 0 0 0 0 0 4 0 0 -999 -999 -999 
P8733 2009 3 60 62 71 0 25 0 22 93 0 0 0 14 7 21 28 0 145 118 0 50 0 12 0 0 51 125 85 139 133 93 38 
P8733 2009 4 28 28 0 19 34 0 6 13 0 0 0 0 0 30 0 0 0 0 15 0 9 0 4 6 0 0 12 27 0 0 -999 
P8733 2009 5 47 56 41 37 27 0 23 0 0 21 0 0 4 0 0 0 3 0 0 19 0 0 0 14 0 0 0 0 0 0 0 
P8733 2009 6 0 0 0 0 0 0 18 0 0 0 0 0 0 15 0 0 0 0 0 0 0 0 0 0 12 0 0 0 0 0 -999 
P8733 2009 7 19 0 0 0 0 0 0 0 0 0 0 0 0 0 0 0 0 0 8 0 0 0 0 0 0 0 0 0 0 0 23 
P8733 2009 8 0 0 0 0 5 0 0 7 0 0 0 0 7 0 0 0 0 0 0 0 0 0 24 0 0 0 0 9 15 0 24 
P8733 2009 9 36 28 0 0 0 0 0 0 0 0 0 17 8 1 0 0 0 0 0 0 0 0 23 0 0 0 0 0 0 0 -999 
P8733 2009 10 0 0 0 0 3 6 0 0 7 0 10 13 16 16 0 0 31 22 0 0 19 9 39 84 0 0 7 0 0 0 0 
P8733 2009 11 0 5 0 0 0 7 0 16 0 0 0 0 0 0 0 0 23 0 23 0 0 34 106 0 0 0 0 0 34 0 -999 
P8733 2009 12 38 66 0 39 128 71 62 0 31 91 0 0 46 24 14 0 0 98 0 0 21 29 0 43 0 86 101 96 43 0 35 
P8733 2010 1 46 35 69 139 0 0 13 18 33 16 8 14 0 11 22 22 0 22 27 63 0 1 4 0 14 0 0 0 0 31 23 
P8733 2010 2 15 0 0 12 0 0 6 0 3 0 0 0 0 0 0 0 0 2 0 3 0 0 4 0 2 6 3 0 -999 -999 -999 
P8733 2010 3 10 8 0 12 13 18 0 22 86 0 34 0 0 0 0 0 0 46 107 0 0 0 0 0 0 0 4 6 0 0 10 
P8733 2010 4 0 28 47 0 0 0 0 48 0 0 0 19 0 24 92 35 0 0 0 0 0 12 0 26 26 0 0 11 0 18 -999 
P8733 2010 5 0 6 26 30 19 0 4 0 6 0 0 0 0 0 0 27 0 0 0 1 4 10 0 0 20 0 44 17 21 14 6 
P8733 2010 6 0 0 0 14 0 0 0 0 0 0 0 10 17 0 0 0 0 0 0 3 0 0 0 0 0 7 0 0 0 13 -999 
P8733 2010 7 0 0 0 0 0 0 0 0 0 0 0 0 0 0 6 0 0 0 0 0 0 0 0 0 0 0 0 0 0 0 0 
P8733 2010 8 0 0 0 0 0 0 0 0 0 8 0 8 0 0 0 17 0 0 0 0 0 0 0 0 0 0 5 0 0 0 0 
P8733 2010 9 5 0 0 0 0 0 0 0 0 0 0 24 0 0 19 0 0 0 0 0 0 0 0 11 0 0 0 4 0 0 -999 
P8733 2010 10 0 1 0 0 0 0 0 0 0 0 89 0 97 0 33 0 0 0 0 0 0 33 0 0 25 0 0 0 0 0 13 
P8733 2010 11 0 5 0 0 15 0 0 0 0 0 0 2 1 0 0 0 18 0 0 8 0 6 5 0 12 0 0 0 0 0 -999 
P8733 2010 12 0 0 0 0 0 15 18 9 0 12 0 44 63 27 4 0 0 10 0 1 0 0 0 0 0 0 0 21 0 0 0 
P8733 2011 1 0 0 0 26 0 0 2 0 7 13 0 16 14 0 55 15 0 0 0 0 0 0 63 20 0 16 0 5 0 2 0 
P8733 2011 2 0 0 0 0 0 0 64 29 0 1 0 35 21 13 0 0 0 13 17 18 21 0 0 0 0 0 0 58 -999 -999 -999 
P8733 2011 3 0 0 16 0 0 0 0 0 13 0 23 0 0 0 50 0 71 50 30 0 0 59 137 300 0 28 62 120 0 0 0 
P8733 2011 4 19 36 0 0 11 0 10 0 22 0 18 0 0 5 0 16 0 28 18 24 0 0 0 7 0 0 0 0 0 0 -999 
P8733 2011 5 0 0 0 0 0 3 0 0 19 40 0 9 0 0 0 0 0 0 0 0 0 0 7 0 0 0 0 17 0 0 0 
P8733 2011 6 0 0 0 0 0 0 0 0 0 0 0 0 0 0 0 6 0 0 0 0 0 0 0 0 0 17 0 0 0 0 -999 
P8733 2011 7 0 0 0 0 0 0 0 0 0 0 0 0 0 0 0 0 0 0 0 0 0 0 0 0 0 0 0 0 0 0 0 
P8733 2011 8 0 0 0 0 0 0 0 0 0 0 0 0 0 0 0 0 0 0 0 0 0 0 0 0 0 0 4 0 0 0 0 
P8733 2011 9 0 3 0 11 0 2 0 0 0 52 0 0 0 3 0 0 0 0 1 0 3 3 5 0 0 0 0 0 8 0 -999 
P8733 2011 10 0 0 0 0 0 0 0 0 0 0 0 18 25 28 17 0 0 0 0 0 0 0 0 0 11 0 16 0 0 0 0 
P8733 2011 11 4 0 0 37 83 0 0 0 0 2 0 10 0 9 0 14 76 0 0 0 0 95 52 0 0 0 0 0 5 4 -999 
P8733 2011 12 0 52 54 0 0 0 0 3 0 0 0 0 13 5 23 104 0 114 98 0 108 49 45 25 59 49 0 0 0 50 0 
P8733 2012 1 116 0 5 0 0 0 0 0 0 0 0 0 0 0 0 0 0 1 1 5 0 4 2 4 0 9 15 29 0 0 5 
P8733 2012 2 15 0 0 15 12 20 17 11 0 4 7 0 0 0 0 0 4 0 71 42 0 11 14 0 0 0 0 0 -999 -999 -999 
P8733 2012 3 58 69 0 11 0 0 0 0 0 0 0 0 0 0 0 47 0 0 0 64 58 0 0 40 29 0 0 11 0 0 3 
P8733 2012 4 6 0 0 0 0 31 37 0 0 0 0 0 0 106 86 0 0 13 0 0 0 0 12 71 0 0 72 90 65 0 -999 
P8733 2012 5 0 0 17 0 0 0 0 0 0 23 16 0 0 53 0 0 0 0 0 7 0 14 12 0 0 31 0 6 0 0 0 
P8733 2012 6 0 0 0 0 0 0 7 0 39 0 0 0 0 15 0 0 0 0 0 0 0 0 0 0 0 0 0 9 0 0 -999 
P8733 2012 7 6 0 0 0 0 0 0 0 13 0 0 0 0 0 0 0 0 0 0 0 0 0 0 0 22 0 0 0 0 0 0 
P8733 2012 8 0 0 0 0 0 0 0 0 0 0 0 0 0 0 0 0 0 4 0 0 3 0 4 0 0 0 0 0 0 0 0 
P8733 2012 9 0 0 0 0 0 0 0 0 0 0 0 0 0 0 5 0 4 0 0 0 0 7 9 0 0 0 0 0 0 0 -999 
P8733 2012 10 0 0 0 0 0 0 0 9 0 57 102 25 0 0 0 45 45 0 0 0 0 0 18 0 0 0 0 0 31 0 25 
P8733 2012 11 70 72 49 0 23 0 0 19 0 69 0 0 0 4 0 0 20 85 126 80 38 0 0 0 0 21 0 0 70 0 -999 
P8733 2012 12 0 0 16 18 30 119 120 113 0 0 35 0 0 112 0 79 0 0 0 0 0 63 0 62 0 17 0 0 0 0 68 
P8733 2013 1 26 23 33 82 40 0 0 25 9 0 0 0 0 0 0 0 0 0 0 0 0 0 0 0 0 3 0 0 0 66 12 
P8733 2013 2 0 0 0 0 0 11 8 0 0 0 0 12 49 134 0 0 0 129 166 114 79 96 89 142 0 0 0 9 -999 -999 -999 
P8733 2013 3 23 0 0 42 0 0 18 43 26 102 201 174 101 0 53 69 0 58 69 42 0 77 67 52 57 21 0 0 48 0 100 
P8733 2013 4 36 0 9 27 0 37 33 11 0 0 7 0 0 0 11 40 0 0 0 0 63 30 17 49 82 0 0 7 6 0 -999 
P8733 2013 5 0 0 7 23 0 8 0 0 0 55 52 21 0 0 0 41 0 0 0 0 10 0 0 0 0 2 0 0 3 0 0 
P8733 2013 6 8 0 0 0 0 0 0 51 0 76 59 49 25 0 0 0 10 0 13 0 0 0 0 0 0 24 48 44 45 0 -999 
P8733 2013 7 0 0 3 6 19 0 0 0 0 0 0 0 0 0 0 0 0 0 4 0 0 0 0 0 0 0 0 0 0 0 0 
P8733 2013 8 0 4 0 0 0 0 0 0 0 0 0 0 0 0 0 0 0 0 0 0 0 0 0 0 0 0 3 0 0 0 51 
P8733 2013 9 0 0 0 0 0 0 0 0 0 0 0 0 0 0 0 4 6 0 0 0 0 0 0 1 0 0 0 0 5 0 -999 
P8733 2013 10 0 0 0 0 0 0 8 10 16 32 24 0 7 0 6 14 0 0 8 0 0 0 0 0 0 0 0 0 0 0 0 
P8733 2013 11 0 0 0 0 1 0 0 9 8 8 0 0 0 0 0 14 30 198 233 62 120 200 225 96 0 232 52 0 13 0 -999 
P8733 2013 12 29 87 54 34 0 0 0 0 22 0 0 24 14 18 0 19 9 3 6 0 22 33 37 77 52 80 24 22 86 51 26 
P8733 2014 1 40 15 0 0 0 0 0 64 0 10 37 0 44 58 57 0 0 0 0 0 0 0 8 0 0 42 86 94 107 91 44 
P8733 2014 2 44 75 40 0 83 144 105 134 65 0 12 0 51 11 0 0 0 0 26 5 16 11 24 8 0 0 0 31 -999 -999 -999 
P8733 2014 3 20 0 0 0 0 0 0 0 4 0 1 4 29 0 91 119 127 88 213 103 0 0 15 10 0 0 0 0 0 0 19 
P8733 2014 4 20 27 0 27 0 0 0 0 0 0 49 55 0 47 37 34 68 34 0 0 0 0 0 34 82 0 16 33 0 57 -999 
P8733 2014 5 100 22 0 52 0 0 4 0 0 0 0 0 0 0 0 0 0 0 0 0 54 93 78 73 0 0 34 0 0 0 0 
P8733 2014 6 0 0 0 0 79 40 0 0 0 0 0 4 0 0 0 0 7 0 0 0 0 0 0 0 0 0 0 0 10 0 -999 
P8733 2014 7 0 0 0 0 0 0 0 0 0 0 0 0 0 0 8 0 0 0 0 0 10 0 0 0 0 0 0 0 0 0 0 
P8733 2014 8 0 0 0 0 0 0 0 0 0 0 0 0 0 0 0 0 0 0 0 0 0 0 0 0 2 0 0 0 0 0 0 
P8733 2014 9 0 0 0 0 0 0 0 0 0 0 0 21 0 0 0 37 64 0 0 0 0 9 0 0 0 0 0 6 12 0 -999 
P8733 2014 10 0 0 0 24 0 0 0 11 0 0 15 0 0 0 0 0 0 24 0 85 0 23 0 0 73 58 0 0 0 0 7 
P8733 2014 11 3 0 0 0 3 0 12 0 0 9 0 0 2 21 0 13 0 102 0 83 199 272 106 173 56 44 0 0 0 12 -999 
P8733 2014 12 0 0 0 0 0 0 0 10 14 11 0 0 0 0 0 0 2 0 0 0 0 0 0 0 0 0 0 11 0 36 26 
P8733 2015 1 12 2 0 110 123 0 56 33 0 22 4 0 0 0 1 0 0 0 0 0 0 0 0 0 0 0 0 107 112 58 0 
P8733 2015 2 0 9 0 0 2 0 0 0 0 0 0 6 4 0 0 0 0 0 0 0 0 0 13 0 97 0 75 0 -999 -999 -999 
P8733 2015 3 25 44 55 0 0 0 0 53 62 0 0 0 33 0 0 0 7 0 0 0 0 0 59 0 18 13 0 0 0 0 27 
P8733 2015 4 40 26 19 0 0 0 0 0 0 5 0 0 0 0 0 0 0 0 0 0 0 0 0 11 0 59 0 50 121 0 -999 
P8733 2015 5 79 55 37 0 0 0 0 0 0 0 0 0 0 0 0 0 0 0 0 0 0 0 0 0 8 0 0 78 84 0 0 
P8733 2015 6 4 0 10 0 0 41 0 0 0 0 0 0 0 0 0 0 0 0 0 5 9 0 0 0 0 0 0 0 0 0 -999 
P8733 2015 7 0 0 0 0 0 22 0 9 0 0 0 0 0 0 0 0 0 0 0 0 7 0 0 0 0 0 0 0 0 0 0 
P8733 2015 8 0 0 0 0 0 0 0 0 0 0 0 0 0 0 0 0 0 27 0 0 20 0 0 53 21 0 0 0 0 0 0 
P8733 2015 9 0 0 0 22 0 23 8 2 0 0 0 0 0 0 0 0 0 0 8 19 0 0 8 0 49 82 93 53 33 63 -999 
P8733 2015 10 41 0 0 6 21 32 32 80 0 0 0 18 0 0 0 0 0 0 0 10 16 9 0 9 0 0 0 0 0 3 9 
P8733 2015 11 0 7 0 0 0 0 17 0 0 0 0 0 22 38 0 0 0 13 38 83 69 46 0 0 0 0 0 0 0 0 -999 
P8733 2015 12 34 52 0 47 0 40 199 143 103 88 49 115 123 0 0 0 0 0 0 9 0 5 0 0 0 0 4 0 0 0 0 
P8733 2016 1 0 0 23 0 0 24 46 44 0 0 61 126 74 142 62 0 0 0 0 0 0 25 0 23 0 0 29 0 0 26 0 
P8733 2016 2 0 7 0 26 16 16 0 0 0 19 0 16 0 28 28 26 76 36 18 22 0 0 18 0 18 29 0 0 -999 -999 -999 
P8733 2016 3 11 21 0 24 0 34 54 62 183 132 167 203 107 0 38 37 30 38 0 0 31 47 53 0 0 31 86 157 129 69 92 
P8733 2016 4 0 0 0 0 5 17 0 0 28 82 115 104 0 43 156 49 67 0 78 88 0 0 14 0 0 0 27 0 0 0 -999 
P8733 2016 5 9 0 14 21 0 8 0 8 0 0 0 0 0 0 16 0 27 0 0 0 0 5 0 0 0 0 0 0 16 0 33 
P8733 2016 6 0 0 0 0 0 0 0 2 0 0 22 0 0 0 0 0 0 0 13 17 0 3 0 19 0 0 0 0 0 0 -999 
P8733 2016 7 0 0 0 0 0 0 0 0 0 0 0 0 0 0 0 0 0 0 0 0 0 0 0 0 0 0 0 0 0 0 7 
P8733 2016 8 0 0 0 0 14 0 0 0 0 0 0 5 0 0 0 0 0 6 0 0 0 0 0 0 0 0 15 16 19 0 0 
P8733 2016 9 5 0 0 0 18 0 0 0 0 0 0 0 2 0 0 0 0 0 0 0 9 0 0 0 0 0 4 0 0 0 -999 
P8733 2016 10 8 0 5 0 6 0 0 0 9 0 13 37 0 0 28 91 119 73 77 72 47 39 15 8 11 10 0 0 0 8 5 
P8733 2016 11 0 12 0 12 0 9 33 0 4 0 0 31 0 40 160 0 36 123 73 54 74 0 23 0 65 0 16 19 53 58 -999 
P8733 2016 12 6 15 0 0 0 0 0 22 31 0 49 102 105 40 15 7 0 53 99 98 91 123 66 61 29 13 41 0 0 33 53 
P8733 2017 1 31 13 25 0 12 21 0 0 1 0 0 0 88 131 0 0 0 6 0 0 0 0 0 2 0 0 0 0 0 0 0 
P8733 2017 2 0 0 0 0 0 0 0 19 15 0 0 0 0 0 0 0 20 0 0 0 0 1 0 0 0 0 0 3 -999 -999 -999 
P8733 2017 3 8 0 0 0 0 10 8 46 70 0 0 13 43 42 26 0 0 0 0 8 0 0 0 66 98 98 72 0 29 0 8 
P8733 2017 4 8 0 10 13 0 0 0 0 36 30 0 0 10 0 0 9 0 0 0 5 6 12 17 0 0 0 45 0 85 48 -999 
P8733 2017 5 0 0 0 0 0 0 0 0 0 13 0 0 0 0 0 0 0 0 0 0 18 0 15 0 0 0 23 0 6 0 0 
P8733 2017 6 0 0 6 0 0 6 0 0 21 0 0 0 0 14 0 0 0 0 0 0 0 0 0 0 0 0 0 0 0 0 -999 
P8733 2017 7 0 0 0 0 0 0 5 0 0 0 0 9 0 16 0 0 0 0 0 0 0 0 0 0 0 0 8 0 0 0 0 
P8733 2017 8 0 0 0 0 0 0 9 0 0 0 0 9 0 0 0 0 0 0 0 0 0 0 0 0 0 0 0 0 6 0 0 
P8733 2017 9 0 0 0 0 4 0 0 5 6 0 0 0 0 0 0 0 0 0 0 0 4 0 0 24 0 0 7 19 6 18 -999 
P8733 2017 10 0 7 0 0 0 0 0 5 0 0 0 0 0 0 0 88 91 0 69 0 17 32 50 0 0 0 127 172 198 68 13 
P8733 2017 11 0 0 41 37 0 0 22 75 59 0 84 0 228 83 0 0 0 0 17 28 0 0 22 0 24 30 0 0 22 43 -999 
P8733 2017 12 0 55 0 0 21 0 27 83 172 0 29 0 84 140 132 16 0 0 8 0 4 23 14 0 17 0 26 0 49 67 0 
P8733 2018 1 0 7 0 0 12 9 0 0 84 0 0 14 0 0 0 0 0 32 34 0 0 21 114 0 31 35 87 54 37 23 60 
P8733 2018 2 63 0 130 20 47 0 0 15 0 18 16 0 0 0 4 2 8 0 11 0 21 0 0 0 0 0 0 0 -999 -999 -999 
P8733 2018 3 15 0 0 15 27 24 16 0 0 0 0 67 0 66 0 0 27 0 0 0 6 0 8 0 20 0 48 40 65 47 0 
P8733 2018 4 0 0 0 0 0 16 0 19 0 0 8 42 0 13 89 23 0 10 14 0 6 14 22 0 70 98 0 0 0 31 -999 
P8733 2018 5 0 0 0 0 0 24 0 14 48 55 0 61 64 37 21 57 0 62 51 0 0 0 43 14 0 24 29 10 0 3 0 
P8733 2018 6 0 0 0 0 0 5 2 0 0 0 0 0 0 0 0 14 0 0 0 0 0 0 0 0 3 0 0 0 0 0 -999 
P8733 2018 7 0 11 15 17 0 0 0 22 0 0 0 0 0 0 11 0 0 0 0 0 0 0 0 0 0 0 0 0 0 0 0 
P8733 2018 8 0 0 0 0 0 0 0 0 0 0 0 0 0 0 0 0 0 0 0 0 0 0 0 0 0 0 0 0 0 0 0 
P8733 2018 9 0 0 1 3 0 0 0 0 0 0 0 0 0 0 0 0 0 0 0 0 0 0 0 6 0 0 0 0 0 0 -999 
P8733 2018 10 0 0 6 0 0 8 11 0 20 0 23 0 9 0 0 4 0 0 0 0 0 30 3 0 0 22 11 0 4 0 23 
P8733 2018 11 0 0 0 0 0 0 46 169 56 0 0 0 0 0 0 0 3 0 0 68 43 62 0 0 0 0 12 9 0 12 -999 
P8733 2018 12 0 0 0 47 59 0 0 22 18 18 34 102 88 42 34 24 0 0 0 0 0 64 42 34 0 0 78 129 127 99 84 
P8733 2019 1 186 135 86 0 154 120 148 0 0 0 0 0 12 29 25 0 95 58 94 86 97 117 39 19 46 68 173 15 10 33 82 
P8733 2019 2 131 146 29 16 0 0 0 20 21 88 133 64 0 133 28 12 69 238 257 0 35 35 24 0 3 0 0 0 -999 -999 -999 
P8733 2019 3 0 0 0 13 0 0 14 23 0 0 0 0 5 0 0 0 6 0 4 4 4 0 0 0 6 0 0 32 30 39 38 
P8733 2019 4 0 0 22 0 24 0 0 0 51 0 30 28 32 0 58 57 0 21 15 16 12 11 0 52 0 51 62 0 47 44 -999 
P8733 2019 5 0 0 0 0 11 0 0 0 0 0 0 0 0 0 0 0 4 0 0 0 3 0 0 10 0 0 0 0 0 0 7 
P8733 2019 6 0 0 4 3 0 0 31 0 0 0 0 0 18 0 0 0 0 0 0 0 0 0 0 0 0 0 0 0 0 0 -999 
P8733 2019 7 0 0 22 0 0 0 0 0 0 0 10 0 11 0 0 0 0 0 0 0 0 4 0 0 0 0 0 0 0 0 0 
P8733 2019 8 0 8 0 0 0 0 0 0 0 3 0 0 0 0 0 0 0 0 0 0 0 0 0 0 0 0 2 0 3 0 12 
P8733 2019 9 0 0 0 0 14 0 0 0 0 2 0 0 0 0 0 12 0 29 0 0 0 13 0 35 17 0 0 0 14 0 -999 
P8733 2019 10 0 0 24 19 0 6 15 0 0 0 0 101 84 0 0 0 0 6 0 0 0 0 0 0 0 0 5 0 0 10 0 
P8733 2019 11 11 0 0 0 0 37 21 0 0 0 0 0 0 0 0 11 0 11 26 53 198 221 0 49 0 95 56 32 78 179 -999 
P8733 2019 12 115 66 0 0 0 0 5 0 0 0 0 0 2 0 0 0 0 0 0 18 0 0 0 8 0 0 0 0 0 31 0 
P8733 2020 1 0 0 0 0 0 0 0 0 0 0 4 7 52 104 35 24 0 9 0 9 0 0 0 20 17 0 57 80 0 47 31 
P8733 2020 2 26 14 0 0 22 24 0 0 23 0 0 0 0 0 0 0 0 9 0 0 0 0 0 0 0 0 0 5 -999 -999 -999 
P8733 2020 3 0 0 0 14 0 66 0 0 0 0 0 42 0 0 0 0 0 0 0 20 0 0 0 0 0 0 19 21 0 0 28 
P8733 2020 4 0 0 0 0 0 0 0 1 4 6 0 75 16 24 73 137 140 85 64 77 90 20 0 0 0 0 0 0 19 13 -999 
P8733 2020 5 7 0 20 0 0 0 0 0 4 0 0 0 49 45 68 29 14 0 0 0 0 0 0 0 0 0 6 0 0 10 0 
P8733 2020 6 0 10 0 0 0 0 0 0 0 0 0 0 0 0 0 10 4 0 5 0 0 0 0 0 0 0 0 27 22 0 -999 
P8733 2020 7 6 0 0 0 0 0 0 6 0 0 0 0 49 0 0 0 8 0 0 0 0 0 0 0 0 4 0 0 0 0 0 
P8733 2020 8 0 9 0 0 0 17 0 0 0 0 2 0 0 0 2 0 0 0 0 0 0 0 9 0 0 0 0 0 0 7 0 
P8733 2020 9 14 0 0 0 0 0 0 0 1 0 0 0 0 0 0 0 0 0 0 0 0 0 0 0 0 5 0 0 0 0 -999 
P8733 2020 10 18 12 0 0 0 31 38 44 100 26 42 0 0 0 128 93 28 104 0 0 6 1 0 0 0 19 12 0 0 0 0 
P8733 2020 11 0 98 0 70 49 10 4 19 0 0 0 0 0 0 0 0 0 0 40 138 112 80 0 41 67 79 0 159 19 43 -999 
P8733 2020 12 83 108 0 0 0 20 0 48 0 0 5 0 0 0 0 0 0 0 0 0 40 189 142 100 90 0 152 0 0 0 96 
P8733 2021 1 0 165 52 23 52 0 44 123 110 0 0 0 0 0 6 0 0 18 18 15 10 0 10 10 21 28 42 0 71 30 54 
P8733 2021 2 63 0 96 0 0 0 0 3 4 0 28 35 0 0 2 1 3 0 0 0 0 0 11 5 0 0 0 0 -999 -999 -999 
P8733 2021 3 16 12 0 6 0 0 28 23 39 91 29 0 0 0 0 0 0 0 0 0 76 4 2 0 0 0 0 0 0 0 13 
P8733 2021 4 0 0 0 0 0 0 14 0 0 0 0 0 0 0 0 41 0 0 10 12 20 0 47 38 0 0 0 0 31 47 -999 
P8733 2021 5 86 68 0 0 0 0 0 0 0 0 0 0 0 0 0 0 30 35 57 0 0 0 10 0 17 7 0 0 26 0 39 
P8733 2021 6 0 53 0 0 0 0 0 0 0 0 8 0 0 0 0 0 0 17 0 0 27 0 0 0 0 0 0 0 0 4 -999 
P8733 2021 7 0 0 0 0 0 17 0 0 0 0 0 0 0 0 0 0 0 0 10 0 14 0 0 0 0 12 0 0 0 0 0 
P8733 2021 8 0 0 0 0 0 0 0 0 0 0 0 0 0 0 4 0 0 0 0 0 0 0 0 16 15 53 26 0 0 0 14 
P8733 2021 9 15 0 0 0 0 0 0 0 0 0 1 0 0 0 0 0 0 9 0 0 0 0 0 0 0 0 0 20 0 0 -999 
P8733 2021 10 3 0 0 0 0 0 0 0 0 0 0 0 0 0 0 0 0 0 22 0 58 119 138 102 0 53 39 18 0 15 34 
P8733 2021 11 0 46 66 130 0 50 9 0 0 23 17 0 0 14 0 38 75 0 0 7 5 0 0 28 0 62 77 0 103 46 -999 
P8733 2021 12 110 171 0 0 0 0 13 32 14 18 32 0 0 0 0 110 141 154 0 28 75 0 39 0 0 0 0 0 32 0 0 
P8733 2022 1 0 0 25 29 23 0 0 65 98 0 83 0 71 87 0 52 75 38 35 87 107 96 121 75 59 18 62 75 69 119 119 
P8733 2022 2 192 0 23 91 72 62 191 269 82 147 197 184 177 92 154 39 0 62 45 70 177 69 89 0 81 181 130 0 -999 -999 -999 
P8733 2022 3 15 0 0 56 126 117 84 144 71 88 72 72 56 0 6 0 2 0 0 0 5 0 0 0 0 0 0 0 59 0 16 
P8733 2022 4 0 0 9 0 0 0 38 0 0 0 0 0 0 21 0 0 28 13 0 23 0 0 0 0 0 0 2 0 0 0 -999 
P8733 2022 5 0 0 3 5 0 0 28 32 30 55 59 45 74 57 27 0 0 27 0 24 0 0 0 0 0 0 27 0 0 9 3 
P8733 2022 6 1 0 8 17 12 31 52 0 0 0 0 0 0 0 0 23 0 0 0 0 0 0 0 0 0 0 0 0 0 0 -999 
P8733 2022 7 0 2 3 0 0 0 0 0 0 0 0 0 0 0 0 0 0 6 0 0 0 0 0 0 0 0 0 0 0 0 0 
P8733 2022 8 0 12 0 0 0 0 0 0 0 0 0 0 0 0 0 0 8 0 0 0 5 0 0 0 0 0 2 5 0 0 0 
P8733 2022 9 0 0 0 0 0 0 0 0 0 0 0 6 0 0 23 8 0 6 7 0 0 0 0 0 3 0 0 0 6 0 -999 
P8733 2022 10 0 0 0 0 0 0 0 0 38 35 0 0 23 78 95 65 32 12 8 10 0 0 0 11 0 9 16 0 94 115 48 
P8733 2022 11 0 9 15 16 8 0 0 0 6 19 0 19 0 0 0 0 0 0 0 0 0 0 0 0 0 0 17 51 34 12 -999 
P8733 2022 12 36 91 138 0 70 102 0 0 0 22 14 20 23 0 7 0 0 11 0 21 55 126 176 0 0 51 52 0 0 0 0 
P8733 2023 1 0 0 0 0 16 5 0 0 0 2 0 0 0 15 17 19 0 0 0 0 0 0 0 0 0 0 0 0 0 0 0 
P8733 2023 2 0 41 0 0 0 0 0 0 0 0 10 6 0 10 15 23 33 41 15 0 19 39 61 0 14 22 0 20 -999 -999 -999 
P8733 2023 3 35 38 12 0 6 0 0 0 5 0 0 65 57 0 0 7 0 0 0 5 0 0 0 0 0 0 0 0 0 0 0 
P8733 2023 4 32 18 0 0 70 0 27 16 7 4 5 45 114 0 77 0 69 0 0 0 0 2 0 28 0 71 53 36 12 0 -999 
P8733 2023 5 12 9 0 0 0 0 0 0 4 0 0 0 0 0 0 35 53 0 66 0 0 6 10 0 0 0 0 0 0 0 0 
P8733 2023 6 0 16 0 36 44 0 0 0 0 0 0 0 0 0 0 0 6 0 0 0 0 0 0 0 0 0 0 0 2 0 -999 
P8733 2023 7 0 0 0 0 0 0 0 0 0 0 0 0 0 0 0 0 0 5 0 12 0 10 0 9 0 0 0 0 0 0 0 
P8733 2023 8 0 0 0 0 0 0 0 0 0 0 0 0 0 0 0 0 1 0 0 0 0 0 0 3 0 0 0 0 0 7 0 
P8733 2023 9 0 0 0 0 0 0 0 11 0 0 0 0 0 0 0 0 8 11 0 4 0 0 9 0 0 0 0 0 0 0 -999 
P8733 2023 10 0 0 0 5 4 4 10 13 0 0 0 0 0 46 111 43 20 0 0 0 0 0 0 0 0 62 0 0 0 0 124 
P8733 2023 11 57 20 12 0 0 0 0 0 38 53 34 0 18 0 11 10 0 0 0 1 0 0 0 16 22 0 5 0 0 0 -999 
P8733 2023 12 0 0 0 0 0 0 0 0 0 0 9 0 0 0 4 3 0 26 0 0 0 3 0 25 15 0 2 4 11 0 0 
P8733 2024 1 6 0 79 60 24 110 0 75 70 0 23 0 44 131 0 70 66 131 0 0 0 0 19 15 0 0 0 0 18 0 0 
P8733 2024 2 84 0 125 42 22 26 18 50 0 0 0 0 0 0 0 0 0 0 0 0 41 74 96 164 157 122 0 0 -999 -999 -999 
P8733 2024 3 56 0 85 115 90 105 0 46 0 13 0 0 0 0 0 12 15 0 0 9 8 0 9 44 0 113 0 38 71 97 40 
P8733 2024 4 86 0 108 0 0 0 17 5 0 0 0 0 0 1 1 0 0 0 7 0 0 0 0 0 0 0 0 0 0 0 -999 
P8733 2024 5 0 0 0 0 0 0 12 0 0 30 0 0 0 0 0 10 7 3 0 0 0 0 0 0 0 0 0 0 0 0 0 
P8733 2024 6 2 0 0 0 0 0 0 0 9 0 0 0 0 0 0 0 0 0 0 14 0 0 0 0 0 0 0 0 9 0 -999 
P8733 2024 7 0 0 0 0 0 0 0 0 0 0 0 0 0 0 0 0 0 0 0 0 0 0 0 0 0 0 0 0 0 0 0 
P8733 2024 8 0 24 0 0 0 0 0 0 0 7 0 0 0 0 0 0 0 0 0 0 0 0 0 2 3 0 0 0 0 0 0 
P8733 2024 9 0 0 0 0 7 13 0 0 0 0 0 0 0 10 0 0 0 0 0 0 0 0 0 0 0 6 0 0 0 0 -999 
P8733 2024 10 0 3 5 0 0 0 0 6 0 0 0 24 0 0 156 95 0 0 0 10 24 31 0 0 11 0 0 0 0 0 0 
P8733 2024 11 0 48 0 18 0 0 0 19 0 0 0 50 70 0 10 11 0 15 0 0 0 0 0 0 0 0 0 2 9 0 -999 
P8733 2024 12 0 0 0 0 38 0 0 0 0 0 0 0 0 5 0 0 0 8 0 0 0 0 0 5 0 65 0 0 4 0 10 
P8733 2025 1 0 16 0 0 13 0 10 0 16 22 0 18 12 0 0 7 9 0 0 36 0 33 31 34 0 38 0 0 21 0 0 
P8733 2025 2 0 0 0 12 34 54 47 51 46 0 40 17 16 39 43 0 86 22 0 88 58 41 41 0 0 0 4 11 -999 -999 -999 
P8733 2025 3 12 67 0 49 96 116 244 0 0 0 0 0 0 0 0 9 0 0 0 45 0 146 97 276 111 48 96 7 0 12 47 
P8733 2025 4 0 0 23 0 0 0 0 0 0 0 0 11 0 0 0 0 0 0 33 0 0 0 7 0 0 0 0 0 17 0 -999 
P8733 2025 5 0 18 55 60 61 37 43 0 0 0 18 0 0 0 0 0 0 0 0 0 0 0 0 0 0 0 0 0 0 14 0 
P8733 2025 6 0 0 0 9 22 0 0 7 0 0 0 0 0 0 3 0 0 0 0 0 0 0 0 0 0 0 0 0 0 15 -999 
P8733 2025 7 0 0 0 0 0 0 0 0 0 0 0 0 0 0 0 12 0 0 0 0 0 0 0 0 0 0 0 0 0 12 0 
P8733 2025 8 0 25 0 0 0 0 0 0 0 0 0 0 0 0 0 0 0 0 0 0 3 0 0 0 0 0 0 0 0 0 0 
P8733 2025 9 21 12 0 0 0 0 3 3 0 0 0 0 0 16 0 0 41 19 0 6 0 0 0 1 0 0 0 0 0 0 -999 
P8733 2025 10 0 0 0 0 10 0 32 0 0 0 5 0 12 0 40 0 5 0 0 0 0 0 0 0 49 52 0 65 27 7 32 
P8733 2025 11 0 0 0 0 0 0 0 10 9 23 0 0 0 0 0 56 0 18 20 0 15 0 38 0 0 0 0 0 0 0 -999 
P8733 2025 12 0 39 56 0 0 34 84 91 17 0 2 0 0 9 0 0 0 0 0 0 0 16 21 35 58 60 0 20 0 47 49 
P8733 2026 1 25 39 25 22 0 36 2 2 0 0 61 179 199 18 29 197 206 139 0 0 0 0 0 34 0 0 54 19 21 0 0 
P8733 2026 2 0 9 66 0 0 31 0 0 0 20 29 0 3 0 6 9 13 28 82 74 73 90 79 0 0 0 0 0 -999 -999 -999 
P8733 2026 3 0 0 0 0 0 2 0 1 0 0 0 0 4 2 0 0 4 0 15 0 65 113 0 0 0 0 0 0 0 0 2 
P8733 2026 4 0 5 0 0 15 0 58 0 0 96 127 61 0 34 19 0 0 0 0 0 14 0 0 0 0 17 42 60 0 44 -999 
P8733 2026 5 27 0 6 0 0 5 14 0 11 0 0 0 0 0 10 0 0 0 0 0 0 0 10 0 0 0 41 26 0 0 0 
P8733 2026 6 0 0 0 0 0 0 0 0 0 0 0 0 17 0 0 0 0 19 3 0 0 0 0 0 0 0 0 0 0 0 -999 
P8733 2026 7 0 0 0 0 22 0 0 0 0 0 0 0 0 0 0 0 0 0 0 5 0 0 0 0 0 0 7 0 0 0 0 
P8733 2026 8 5 0 0 0 0 0 0 0 0 0 0 0 0 0 0 0 3 0 0 0 0 0 30 0 0 0 8 0 0 0 0 
P8733 2026 9 0 0 22 0 0 0 0 13 0 0 12 0 0 0 0 0 0 0 0 0 0 10 0 6 9 0 0 0 0 7 -999 
P8733 2026 10 9 12 0 11 15 26 45 0 0 18 45 74 24 57 84 0 0 0 0 0 0 0 116 0 55 32 0 0 80 78 121 
P8733 2026 11 0 0 10 0 30 0 28 0 0 133 102 37 0 28 11 0 19 10 30 0 0 0 0 0 0 0 0 0 0 0 -999 
P8733 2026 12 0 0 0 0 34 24 11 20 57 0 0 21 33 66 0 86 132 127 86 52 0 30 37 31 0 26 0 0 21 62 19 
P8733 2027 1 17 63 102 139 119 76 130 123 0 28 30 12 0 5 0 26 0 12 62 105 29 21 0 0 0 0 0 33 0 0 10 
P8733 2027 2 15 0 0 2 10 0 0 10 0 0 0 25 61 148 89 245 123 144 0 12 0 33 45 71 100 94 0 69 -999 -999 -999 
P8733 2027 3 0 72 0 70 89 84 102 48 0 0 2 1 0 0 51 92 71 53 0 31 18 26 19 0 23 53 90 0 16 0 45 
P8733 2027 4 45 101 79 91 41 29 0 15 40 0 0 0 30 40 68 134 128 145 67 80 0 32 47 45 0 0 8 4 0 17 -999 
P8733 2027 5 0 27 0 0 67 21 0 0 0 0 0 0 0 0 7 0 17 0 0 0 20 0 0 31 60 0 49 0 0 0 0 
P8733 2027 6 0 0 29 28 28 14 6 4 0 0 0 0 0 0 0 0 0 0 0 0 0 0 0 0 0 11 0 0 0 0 -999 
P8733 2027 7 0 0 0 0 0 0 0 0 0 0 0 6 0 0 0 0 0 0 0 0 0 0 0 0 0 0 0 0 0 0 0 
P8733 2027 8 0 0 0 0 0 0 0 0 0 0 0 24 0 0 0 6 0 0 5 0 0 0 0 0 0 0 0 0 0 0 0 
P8733 2027 9 0 9 16 0 0 0 0 0 0 0 0 11 31 0 0 0 4 0 5 4 0 0 0 2 0 0 0 4 0 0 -999 
P8733 2027 10 0 0 0 0 0 0 0 8 0 1 0 0 0 0 0 7 0 0 0 0 16 0 0 0 0 17 14 11 38 0 18 
P8733 2027 11 28 110 201 131 0 0 14 0 0 0 0 43 106 119 98 14 0 0 0 8 0 35 117 121 108 49 84 87 104 122 -999 
P8733 2027 12 26 14 28 6 29 134 166 143 71 65 0 0 17 57 87 0 0 32 0 56 0 0 0 0 0 6 0 0 18 0 0 
P8733 2028 1 27 48 15 0 0 17 42 0 167 155 0 96 0 203 173 0 0 0 0 0 0 0 0 0 0 0 0 0 0 0 0 
P8733 2028 2 0 0 0 0 0 5 0 0 0 0 0 0 0 0 4 5 0 8 0 0 0 18 14 0 16 57 82 53 -999 -999 -999 
P8733 2028 3 0 0 38 13 0 0 3 0 14 22 22 16 13 17 19 0 22 20 10 0 0 21 20 14 0 0 0 3 0 0 0 
P8733 2028 4 0 0 0 20 0 22 40 0 29 33 0 17 0 0 0 0 0 7 10 12 0 0 0 0 0 10 0 0 0 0 -999 
P8733 2028 5 0 0 17 0 6 0 0 0 7 0 0 0 4 0 0 0 0 0 8 14 0 0 0 0 15 0 0 0 0 0 0 
P8733 2028 6 16 20 0 0 16 12 13 0 24 0 0 6 0 0 0 0 0 3 0 0 20 0 0 0 0 0 0 0 0 0 -999 
P8733 2028 7 0 0 0 0 38 28 0 30 0 0 0 0 0 24 14 0 0 0 0 0 0 0 0 25 0 0 4 0 0 0 0 
P8733 2028 8 0 0 0 0 0 0 0 0 0 0 0 41 0 0 0 5 0 22 0 0 8 0 0 0 4 0 0 0 0 0 0 
P8733 2028 9 0 26 0 39 35 0 11 0 0 0 0 0 0 14 16 0 0 0 1 0 0 0 0 0 0 11 6 0 0 0 -999 
P8733 2028 10 0 0 0 11 0 0 0 0 0 0 0 4 0 9 0 0 0 8 30 63 28 0 0 0 23 0 20 0 0 0 94 
P8733 2028 11 83 0 0 36 56 0 0 60 51 81 0 13 0 17 0 70 0 0 15 0 0 0 0 0 0 0 0 0 0 0 -999 
P8733 2028 12 0 0 0 0 72 61 0 0 0 1 0 0 0 0 0 0 0 0 67 63 89 35 123 80 0 0 0 0 28 0 0 
P8733 2029 1 12 0 91 0 51 147 213 0 18 0 0 0 61 69 89 0 0 17 53 0 22 0 0 0 44 103 124 43 0 0 0 
P8733 2029 2 0 17 0 9 5 5 0 16 9 0 0 3 0 0 2 0 0 0 2 0 0 38 0 0 19 20 96 0 -999 -999 -999 
P8733 2029 3 0 0 0 0 0 3 0 0 0 0 0 0 0 0 0 24 42 36 27 0 18 30 43 0 0 2 0 0 0 1 0 
P8733 2029 4 0 0 0 12 0 21 21 0 0 18 0 0 0 0 0 6 0 0 0 10 0 0 8 0 0 0 2 0 0 0 -999 
P8733 2029 5 0 11 0 0 14 5 0 0 2 2 0 2 2 0 0 14 0 0 11 0 0 23 0 0 0 0 0 0 0 4 0 
P8733 2029 6 0 0 0 0 26 21 0 0 5 0 0 0 0 5 8 0 0 0 0 0 18 21 20 0 0 0 0 0 0 0 -999 
P8733 2029 7 0 0 19 0 0 0 0 0 0 0 0 0 0 0 0 0 0 0 0 0 0 0 0 0 0 0 0 0 0 0 0 
P8733 2029 8 0 0 0 0 0 0 0 0 0 0 0 0 0 5 0 14 0 0 0 3 0 0 0 0 0 0 0 0 0 0 0 
P8733 2029 9 0 0 27 0 0 0 0 0 0 0 7 0 0 0 0 0 0 0 0 11 21 0 0 0 0 39 0 72 0 0 -999 
P8733 2029 10 95 0 0 0 0 0 0 0 3 0 0 4 5 11 35 28 0 0 35 7 36 23 29 0 0 0 0 16 0 0 61 
P8733 2029 11 0 40 94 154 68 102 51 35 0 68 40 0 0 0 15 16 6 0 21 0 0 24 0 32 11 16 26 37 117 53 -999 
P8733 2029 12 14 0 0 0 20 0 0 0 0 0 0 0 10 6 4 0 12 0 0 0 0 0 0 0 0 5 0 0 0 37 205 
P8733 2030 1 148 64 0 0 89 65 129 41 66 14 10 0 0 4 0 0 0 0 0 0 7 8 0 0 14 0 17 42 157 176 150 
P8733 2030 2 210 166 0 34 0 64 0 110 91 100 137 0 0 0 105 107 0 0 73 54 24 12 24 34 50 0 42 0 -999 -999 -999 
P8733 2030 3 0 0 0 0 0 0 135 56 0 54 56 0 0 0 0 20 0 0 0 0 0 71 30 0 2 0 0 0 0 2 0 
P8733 2030 4 0 0 13 0 0 13 23 0 8 0 23 0 0 75 88 99 122 238 62 51 82 122 57 39 45 62 35 0 0 0 -999 
P8733 2030 5 0 2 0 0 0 0 0 6 0 0 11 0 51 62 46 0 24 14 0 0 0 0 0 0 0 9 0 0 0 0 41 
P8733 2030 6 43 39 0 0 0 0 0 25 0 0 0 0 31 34 0 8 0 0 0 0 0 0 0 0 0 0 0 0 0 0 -999 
P8733 2030 7 0 0 0 0 0 0 0 0 0 0 0 0 0 0 0 0 0 0 0 0 0 0 0 0 10 0 0 0 0 0 0 
P8733 2030 8 0 0 0 0 0 4 0 0 25 0 0 0 0 0 0 0 9 0 0 0 0 0 0 0 0 0 0 2 2 0 0 
P8733 2030 9 0 4 4 0 0 0 0 0 8 0 1 0 5 4 0 0 23 25 0 16 0 0 0 0 0 0 6 0 0 0 -999 
P8733 2030 10 0 0 0 27 0 0 0 0 0 50 54 46 0 9 0 5 0 0 0 0 0 0 0 26 0 0 9 0 0 0 0 
P8733 2030 11 46 35 87 84 193 133 62 0 32 0 0 0 0 0 0 0 42 0 35 7 0 0 24 0 0 0 0 0 0 134 -999 
P8733 2030 12 155 38 76 61 111 120 70 0 43 24 73 108 0 0 0 0 14 13 0 0 0 24 0 16 0 0 0 1 0 5 9 
P8733 2031 1 0 0 0 0 0 28 34 13 0 0 0 0 98 138 77 32 0 0 0 0 15 31 34 62 0 35 0 0 47 53 0 
P8733 2031 2 40 21 0 36 37 86 0 0 59 119 81 54 0 0 0 0 22 0 0 0 38 84 18 0 0 0 29 33 -999 -999 -999 
P8733 2031 3 27 41 45 25 0 0 28 0 26 36 38 0 33 66 0 46 61 58 62 0 0 72 73 40 0 0 0 49 37 38 45 
P8733 2031 4 39 44 0 56 108 113 27 0 12 0 0 0 0 0 0 0 0 32 0 19 19 0 0 0 0 34 0 36 0 0 -999 
P8733 2031 5 21 14 0 7 0 33 56 56 0 36 25 18 30 47 0 0 0 0 0 0 0 0 0 0 0 0 0 0 15 0 0 
P8733 2031 6 0 0 0 0 15 25 0 0 0 0 0 7 0 0 0 0 10 0 0 0 0 0 15 0 4 0 0 0 0 0 -999 
P8733 2031 7 0 4 8 0 0 0 0 0 0 0 0 0 0 0 0 0 0 0 0 0 0 8 0 0 0 0 0 0 0 0 0 
P8733 2031 8 0 0 0 0 0 0 0 0 0 0 0 0 0 0 0 0 0 0 20 28 0 0 0 0 0 0 0 0 0 0 3 
P8733 2031 9 0 0 0 0 0 0 8 0 0 0 0 67 0 4 0 0 0 0 0 0 0 0 0 7 0 0 30 0 0 0 -999 
P8733 2031 10 0 0 0 0 0 0 7 0 23 21 25 0 0 20 55 0 21 11 7 0 0 37 56 0 0 0 63 119 0 0 132 
P8733 2031 11 39 0 0 22 0 0 8 0 0 19 0 23 87 56 69 152 33 8 15 0 3 3 0 0 17 26 61 66 0 0 -999 
P8733 2031 12 67 148 100 97 88 32 23 12 0 0 0 0 0 0 10 0 0 0 0 0 0 0 0 22 23 21 22 12 0 27 55 
P8733 2032 1 79 118 26 0 30 142 54 46 0 8 10 0 0 9 9 0 23 136 94 18 0 0 0 12 7 0 0 25 48 83 0 
P8733 2032 2 162 179 0 51 129 50 30 54 6 0 6 5 1 0 0 0 0 0 4 0 0 0 0 0 25 37 0 0 -999 -999 -999 
P8733 2032 3 0 0 0 0 0 58 70 52 0 0 1 0 0 0 0 0 0 0 12 0 16 17 0 0 40 0 0 0 0 30 0 
P8733 2032 4 0 21 106 140 72 0 50 0 27 17 25 0 0 0 30 21 0 0 35 0 118 169 191 54 0 7 0 33 78 56 -999 
P8733 2032 5 0 0 0 42 51 61 68 64 53 0 32 0 0 5 12 0 80 66 29 27 39 0 2 0 0 0 0 0 0 0 0 
P8733 2032 6 0 0 0 0 0 0 0 0 0 0 0 0 13 0 0 0 0 0 0 0 0 0 0 0 8 16 43 0 0 0 -999 
P8733 2032 7 0 0 0 0 0 0 0 0 0 0 0 0 0 0 0 0 3 2 0 0 0 4 0 0 0 0 0 0 0 10 0 
P8733 2032 8 0 0 0 0 0 0 0 0 0 0 0 0 0 0 0 0 0 0 0 0 0 0 0 0 0 0 0 0 0 0 0 
P8733 2032 9 0 0 0 0 4 0 0 0 0 0 4 0 0 0 7 15 0 0 0 13 0 0 0 0 30 0 0 0 0 0 -999 
P8733 2032 10 0 0 9 0 0 0 0 0 0 0 0 21 24 0 0 0 0 34 117 111 105 110 0 0 13 15 0 0 0 0 0 
P8733 2032 11 13 0 41 84 135 84 0 82 0 0 13 43 118 13 0 56 39 81 88 110 77 46 63 118 0 56 0 0 40 23 -999 
P8733 2032 12 0 0 0 0 17 55 24 65 103 160 144 44 25 0 0 0 0 0 0 0 0 0 0 0 0 6 0 0 0 14 187 
P8733 2033 1 77 57 0 0 0 47 0 0 0 14 0 5 0 0 12 8 0 0 0 0 0 0 0 4 0 0 0 19 0 0 0 
P8733 2033 2 0 0 0 13 0 0 0 8 0 0 7 11 19 27 68 174 207 107 105 152 166 135 78 80 115 54 48 31 -999 -999 -999 
P8733 2033 3 19 0 7 19 0 0 6 11 22 0 17 0 23 0 0 0 0 65 75 125 0 53 107 115 120 7 0 0 40 0 0 
P8733 2033 4 172 0 0 0 0 34 0 13 0 0 0 7 0 0 0 12 0 71 102 105 0 0 0 0 89 0 0 0 0 3 -999 
P8733 2033 5 0 0 0 0 0 33 26 0 0 0 0 0 0 0 0 0 0 0 0 14 18 15 0 0 0 0 0 0 0 7 0 
P8733 2033 6 11 0 0 35 14 0 0 0 0 0 0 0 0 0 0 0 0 0 0 0 0 0 10 0 0 0 0 0 0 0 -999 
P8733 2033 7 0 0 0 0 0 0 0 10 0 0 0 0 0 0 0 0 4 0 0 0 0 0 0 0 0 0 11 0 0 0 0 
P8733 2033 8 0 0 0 0 0 3 0 9 0 0 0 0 3 0 0 0 0 0 4 5 0 0 0 0 0 0 15 18 0 0 0 
P8733 2033 9 0 0 0 0 0 0 0 0 19 0 0 2 0 0 0 4 0 8 0 7 0 0 0 0 0 5 0 0 0 11 -999 
P8733 2033 10 0 0 0 0 0 6 15 0 0 0 0 11 16 0 26 0 95 67 134 0 0 0 0 0 39 25 0 5 0 63 87 
P8733 2033 11 76 0 114 155 44 147 121 0 0 20 19 59 0 0 174 83 0 27 15 0 0 0 1 0 0 0 0 0 0 0 -999 
P8733 2033 12 52 68 151 125 0 74 97 66 47 0 0 19 0 0 0 0 4 3 1 0 0 5 21 0 0 0 0 31 31 25 30 
P8733 2034 1 0 5 6 0 0 0 0 0 0 0 0 0 0 0 0 6 0 0 12 0 0 0 45 154 105 142 128 8 0 0 0 
P8733 2034 2 0 0 0 5 0 0 35 0 58 31 0 19 0 0 7 0 0 67 247 94 0 44 105 0 20 21 0 0 -999 -999 -999 
P8733 2034 3 23 0 0 4 25 0 0 0 18 24 40 0 0 0 0 0 0 7 0 0 0 0 0 0 0 26 49 0 69 73 30 
P8733 2034 4 0 0 0 104 150 0 14 33 57 59 61 0 0 53 0 36 26 13 15 30 0 131 109 42 6 10 0 0 0 0 -999 
P8733 2034 5 0 0 0 0 0 0 0 0 0 0 0 0 11 28 0 0 11 0 0 12 0 0 0 0 0 0 15 0 0 0 0 
P8733 2034 6 13 39 23 0 11 0 12 0 0 11 0 0 0 0 2 0 0 35 0 34 0 0 0 0 0 0 0 0 0 0 -999 
P8733 2034 7 0 0 0 0 0 0 0 0 0 0 4 0 0 0 0 7 0 0 0 0 0 0 0 0 0 0 0 0 0 0 0 
P8733 2034 8 0 0 0 0 0 0 0 0 0 0 0 0 0 0 10 0 0 0 0 0 0 0 0 0 0 0 0 0 0 0 0 
P8733 2034 9 0 0 0 0 0 0 0 0 0 0 16 0 0 10 0 17 0 9 0 0 0 0 0 0 0 0 12 0 14 0 -999 
P8733 2034 10 0 0 0 0 0 0 5 0 0 2 7 0 0 0 34 43 0 0 0 18 0 9 33 0 0 0 1 0 0 0 0 
P8733 2034 11 9 11 26 34 71 25 0 0 0 0 8 0 13 15 12 16 0 7 0 0 13 0 0 15 21 20 0 0 0 0 -999 
P8733 2034 12 0 27 31 0 0 0 0 0 0 0 24 0 0 0 18 32 0 13 11 0 0 0 67 186 211 150 139 22 52 99 72 
P8733 2035 1 62 69 83 83 78 124 74 0 0 0 0 0 0 0 0 1 0 0 0 0 8 0 0 0 15 0 0 66 52 0 0 
P8733 2035 2 0 0 0 42 47 0 0 0 0 0 0 0 0 0 3 0 11 0 23 31 30 0 55 78 41 43 112 42 -999 -999 -999 
P8733 2035 3 37 67 0 0 0 0 0 0 0 0 0 0 40 59 10 0 34 0 19 0 11 5 0 0 0 23 0 0 140 42 0 
P8733 2035 4 32 0 0 0 0 89 53 0 50 0 22 0 0 0 0 0 0 0 33 64 58 40 65 46 0 0 0 62 97 72 -999 
P8733 2035 5 0 0 18 7 12 0 57 0 9 0 15 0 10 3 0 9 0 0 0 0 0 0 0 0 0 2 4 7 0 0 0 
P8733 2035 6 3 5 0 38 25 0 0 0 0 0 0 0 0 0 0 0 0 0 0 0 0 0 0 0 0 0 0 0 0 0 -999 
P8733 2035 7 0 0 0 0 0 0 0 0 0 0 0 0 0 8 0 3 2 0 0 0 0 0 0 0 0 0 0 0 0 0 0 
P8733 2035 8 0 0 0 0 0 0 13 0 0 0 0 0 0 0 0 0 0 0 0 0 0 0 0 0 7 0 0 18 0 0 0 
P8733 2035 9 0 0 0 0 0 0 0 0 0 0 0 0 0 5 0 0 0 0 8 0 5 0 0 0 0 0 12 31 40 47 -999 
P8733 2035 10 0 21 0 0 0 0 0 0 0 0 76 96 47 68 139 0 18 0 0 79 103 0 37 0 16 15 11 0 0 0 0 
P8733 2035 11 9 0 45 14 0 19 0 0 0 0 0 0 0 0 0 0 0 0 4 12 0 0 0 0 0 0 0 0 0 0 -999 
P8733 2035 12 0 0 0 0 0 0 14 26 0 0 30 14 0 56 0 71 64 135 39 0 27 0 30 52 50 44 33 14 18 77 179 
P8733 2036 1 195 78 34 72 116 149 77 105 111 150 99 74 109 32 46 47 97 58 0 111 57 38 25 0 0 0 0 0 0 0 0 
P8733 2036 2 11 47 85 19 0 0 0 10 0 0 16 0 10 0 0 0 11 0 19 23 13 0 32 0 0 0 9 37 -999 -999 -999 
P8733 2036 3 101 79 28 32 21 8 0 0 18 26 13 29 16 27 35 28 23 25 39 26 24 0 45 67 137 131 0 64 51 37 38 
P8733 2036 4 187 19 28 0 0 0 5 0 0 0 73 82 47 0 0 0 0 0 0 41 28 0 0 0 46 14 7 0 0 0 -999 
P8733 2036 5 0 4 0 20 0 15 0 0 23 0 30 0 0 0 0 0 0 59 0 54 99 100 34 0 0 0 0 0 0 0 11 
P8733 2036 6 0 0 20 0 0 0 0 0 0 0 34 0 37 0 0 0 0 0 0 6 0 0 0 0 0 0 0 0 0 0 -999 
P8733 2036 7 0 9 0 18 0 0 0 0 0 0 0 0 0 0 0 0 0 0 0 0 0 0 0 0 0 0 0 0 0 0 0 
P8733 2036 8 0 0 0 0 9 0 0 0 0 0 0 0 0 0 0 0 0 7 19 0 0 0 0 10 0 0 0 0 2 0 0 
P8733 2036 9 0 6 0 0 0 0 5 0 0 0 0 0 0 0 0 4 0 0 0 0 0 6 10 0 0 0 6 0 0 29 -999 
P8733 2036 10 0 0 10 0 0 53 0 10 63 122 25 0 0 76 0 0 0 0 0 5 6 0 0 0 20 0 0 0 0 0 0 
P8733 2036 11 0 0 0 12 29 59 0 0 0 28 16 0 0 0 0 17 0 0 0 0 2 7 17 26 0 0 0 0 15 0 -999 
P8733 2036 12 0 7 0 0 0 0 0 0 0 7 0 0 0 18 15 0 0 10 9 18 16 17 19 9 8 0 0 72 75 194 150 
P8733 2037 1 92 83 0 46 0 52 0 29 0 15 17 36 0 67 0 142 82 49 64 29 13 19 29 2 1 1 0 0 0 9 6 
P8733 2037 2 0 0 10 7 5 17 19 0 0 0 0 0 24 0 11 0 13 45 0 0 36 0 27 21 0 12 0 21 -999 -999 -999 
P8733 2037 3 25 0 36 49 70 53 0 116 98 29 0 0 0 0 0 0 0 26 28 0 0 152 115 105 69 174 112 0 0 0 39 
P8733 2037 4 0 0 8 20 18 0 0 0 0 0 0 0 72 68 0 0 0 12 0 0 0 0 0 88 57 50 47 44 0 11 -999 
P8733 2037 5 0 0 24 0 0 95 80 22 0 0 0 0 0 0 0 0 3 0 0 0 0 0 0 0 0 0 0 0 0 0 0 
P8733 2037 6 0 0 7 0 0 0 0 0 10 0 0 4 0 0 0 0 0 0 0 0 0 0 0 7 12 11 0 0 0 0 -999 
P8733 2037 7 0 0 0 0 9 0 0 0 0 12 0 0 0 5 0 0 0 0 0 0 0 0 3 12 0 0 0 0 0 0 0 
P8733 2037 8 0 0 0 0 0 0 0 0 0 0 0 0 0 0 0 0 0 13 0 0 0 0 0 0 5 0 0 6 0 32 0 
P8733 2037 9 0 0 0 0 9 0 0 0 0 0 0 0 9 0 0 0 0 0 0 0 0 0 0 0 0 0 0 0 4 9 -999 
P8733 2037 10 0 0 0 9 29 0 16 0 0 8 0 0 0 0 0 0 0 0 0 0 9 0 17 35 0 0 0 2 0 0 13 
P8733 2037 11 59 70 0 24 12 26 0 0 0 9 0 0 0 37 0 77 63 0 0 0 0 2 0 0 39 24 0 25 0 0 -999 
P8733 2037 12 43 0 86 105 125 122 87 26 0 0 68 118 28 0 12 0 0 0 50 56 9 0 37 0 0 0 0 0 0 0 0 
P8733 2038 1 0 0 0 0 0 0 0 0 0 28 66 203 111 42 42 67 0 56 19 62 42 0 0 0 0 0 0 17 17 30 45 
P8733 2038 2 0 13 25 29 50 40 0 14 17 0 0 0 0 0 11 17 0 0 0 0 16 0 25 48 85 0 11 11 -999 -999 -999 
P8733 2038 3 0 0 0 38 19 33 21 27 23 0 34 55 24 0 23 70 94 55 0 0 0 81 100 57 20 122 109 39 59 12 3 
P8733 2038 4 0 0 71 42 0 0 35 0 0 0 0 0 0 0 0 25 0 0 7 0 0 91 26 0 16 0 0 0 13 0 -999 
P8733 2038 5 46 0 0 0 0 0 0 0 0 0 0 0 0 9 22 18 0 0 0 0 0 0 7 0 0 0 0 7 0 0 6 
P8733 2038 6 0 6 4 5 0 6 11 0 0 0 33 28 0 0 0 0 0 0 0 0 14 0 0 0 0 7 0 0 0 0 -999 
P8733 2038 7 0 0 0 0 0 0 0 0 0 12 0 0 0 0 0 0 0 0 0 0 0 0 0 0 0 3 3 0 0 0 0 
P8733 2038 8 0 0 0 0 0 0 0 0 0 0 0 0 0 0 0 0 0 0 0 0 0 0 0 0 0 0 5 0 0 4 0 
P8733 2038 9 7 0 0 0 0 0 0 0 0 0 0 0 0 0 0 0 0 0 0 13 0 0 0 0 0 16 0 0 0 0 -999 
P8733 2038 10 0 0 0 0 9 0 0 3 0 0 0 26 0 0 0 0 16 42 0 0 0 0 102 0 67 0 0 0 20 24 31 
P8733 2038 11 49 15 0 0 142 0 0 29 0 18 47 123 0 15 44 50 0 50 94 29 0 0 0 41 0 0 118 116 112 40 -999 
P8733 2038 12 0 27 16 20 0 0 0 0 0 0 18 0 2 0 0 0 0 0 0 2 0 0 10 25 0 0 31 62 0 0 0 
P8733 2039 1 0 0 67 55 164 35 0 0 8 21 0 0 117 59 73 140 154 84 209 169 66 36 33 72 161 209 218 84 31 0 0 
P8733 2039 2 0 2 0 0 0 0 0 1 0 0 0 1 10 23 0 0 25 14 7 24 90 120 135 0 29 60 50 32 -999 -999 -999 
P8733 2039 3 42 0 0 39 0 45 0 0 0 50 34 36 73 0 16 61 40 55 0 146 136 0 0 7 12 17 0 0 0 3 3 
P8733 2039 4 0 0 1 0 0 0 0 0 11 0 16 17 12 6 10 0 0 0 0 0 0 0 1 0 0 0 0 0 32 0 -999 
P8733 2039 5 39 0 32 28 24 0 6 0 0 78 59 28 13 0 0 0 7 0 0 0 0 0 0 0 0 0 25 0 0 0 19 
P8733 2039 6 0 21 0 0 0 0 0 0 0 29 0 0 0 4 0 0 35 40 18 0 0 0 0 0 0 0 0 0 0 0 -999 
P8733 2039 7 0 0 0 0 0 0 0 0 0 0 0 0 0 0 0 0 0 0 0 0 0 0 0 0 0 0 0 0 0 0 0 
P8733 2039 8 3 0 0 0 0 0 0 6 0 0 0 0 0 0 0 9 0 0 0 0 0 0 0 0 0 0 8 0 0 0 0 
P8733 2039 9 0 0 0 0 0 0 0 0 20 0 0 8 0 0 0 12 0 0 28 11 0 0 0 0 0 0 0 29 0 0 -999 
P8733 2039 10 0 0 0 0 0 0 0 0 17 0 0 6 0 0 0 0 7 9 34 66 0 53 0 89 98 0 0 74 74 21 0 
P8733 2039 11 95 0 0 0 0 4 0 12 0 0 9 0 0 0 23 69 30 0 20 0 80 44 0 0 44 29 0 105 107 95 -999 
P8733 2039 12 48 17 0 24 45 14 0 6 0 0 0 18 25 50 70 32 0 178 66 43 0 0 0 0 0 0 48 33 19 11 0 
P8733 2040 1 5 0 0 0 0 0 0 0 0 1 0 3 0 0 0 0 0 19 47 138 0 5 0 0 0 4 0 10 32 39 144 
P8733 2040 2 0 0 103 142 81 0 10 0 0 12 40 0 56 202 189 117 82 146 144 59 0 63 134 119 64 91 64 88 -999 -999 -999 
P8733 2040 3 0 29 135 111 0 0 42 54 75 28 0 0 0 6 7 20 27 17 27 0 0 2 7 0 0 7 0 12 0 18 14 
P8733 2040 4 40 34 32 36 50 48 0 36 18 15 0 0 21 32 0 0 6 0 0 0 0 0 0 7 49 0 0 0 0 19 -999 
P8733 2040 5 0 0 7 11 0 0 0 0 18 0 0 0 11 0 0 0 0 0 0 0 0 0 0 36 21 0 0 0 0 1 0 
P8733 2040 6 0 0 0 0 8 0 0 0 0 18 12 0 0 24 0 0 0 0 0 0 0 9 0 0 0 0 0 0 0 6 -999 
P8733 2040 7 0 0 0 0 0 0 0 0 0 0 0 0 0 0 0 0 0 0 0 0 0 0 0 0 0 0 10 0 0 0 0 
P8733 2040 8 0 0 0 0 0 0 0 0 0 0 0 0 0 0 0 0 0 0 0 0 0 0 0 24 14 0 0 0 0 6 0 
P8733 2040 9 0 0 0 23 0 0 0 0 0 0 0 18 0 0 0 52 0 4 0 0 0 0 13 0 0 0 0 0 0 4 -999 
P8733 2040 10 9 0 0 0 39 0 29 66 0 0 16 24 20 14 0 0 82 72 7 0 0 7 38 68 46 10 0 0 0 0 0 
P8733 2040 11 6 0 0 0 0 0 23 0 21 6 15 12 0 0 0 124 70 29 25 0 6 0 0 0 0 17 17 26 0 0 -999 
P8733 2040 12 0 0 0 0 0 0 26 34 28 30 0 32 10 0 2 0 0 1 0 0 0 0 0 0 0 0 0 19 0 0 12 
P8733 2041 1 0 0 0 34 36 0 11 0 6 20 45 0 5 5 37 44 16 0 7 0 0 0 59 49 0 39 141 40 36 144 0 
P8733 2041 2 17 24 17 12 0 0 0 24 52 89 0 51 29 0 63 74 0 17 35 0 0 0 0 0 0 4 0 0 -999 -999 -999 
P8733 2041 3 0 0 0 8 0 19 0 0 20 0 0 0 0 0 3 0 0 0 0 0 0 0 0 0 6 0 5 0 25 13 0 
P8733 2041 4 0 0 0 0 0 0 0 0 14 0 0 0 0 0 0 0 0 2 0 0 0 14 0 2 0 0 0 0 0 0 -999 
P8733 2041 5 6 0 0 0 0 0 0 14 0 22 30 0 0 0 0 11 0 62 61 34 0 0 0 0 0 0 0 0 0 12 19 
P8733 2041 6 0 0 0 0 0 0 0 0 0 0 0 0 0 0 0 0 0 0 0 0 0 0 0 0 0 0 0 0 0 0 -999 
P8733 2041 7 0 0 0 0 0 0 0 0 6 0 0 0 23 0 0 0 0 0 0 0 0 0 0 0 0 0 0 0 0 0 0 
P8733 2041 8 0 0 0 0 4 0 0 0 0 0 0 0 0 0 0 8 0 0 0 0 0 0 0 0 0 0 0 0 2 0 0 
P8733 2041 9 0 0 0 4 0 7 0 25 19 0 0 0 0 3 0 0 0 0 0 0 0 0 0 12 0 0 0 0 0 0 -999 
P8733 2041 10 0 0 0 0 0 0 2 0 0 0 0 0 0 0 19 0 2 12 0 0 14 0 0 0 0 0 21 26 30 0 0 
P8733 2041 11 79 74 26 17 7 0 0 16 0 1 0 0 0 11 9 0 10 0 27 16 29 0 0 0 0 0 23 17 0 0 -999 
P8733 2041 12 46 74 88 0 14 14 35 0 95 0 0 1 0 0 0 0 0 0 0 0 56 27 12 0 0 0 0 0 0 62 46 
P8733 2042 1 65 99 149 87 0 19 0 0 0 25 21 0 4 0 0 0 49 73 118 15 0 7 0 82 0 124 183 87 0 0 0 
P8733 2042 2 5 0 5 0 0 0 0 0 0 0 0 16 13 6 0 0 0 0 0 0 0 0 0 17 0 0 0 0 -999 -999 -999 
P8733 2042 3 0 0 0 0 23 0 0 13 25 0 5 0 12 13 8 0 0 52 54 40 73 55 62 0 0 0 0 18 15 0 0 
P8733 2042 4 0 2 0 0 5 7 0 0 0 0 0 4 0 0 12 0 45 29 0 38 29 0 68 0 0 4 0 0 0 0 -999 
P8733 2042 5 0 85 102 102 0 33 33 0 43 91 0 0 69 29 0 0 0 0 0 0 0 0 0 0 0 0 0 6 0 20 0 
P8733 2042 6 0 0 0 0 0 35 35 0 0 3 0 0 6 0 0 0 0 0 29 0 0 0 0 1 3 0 0 0 0 0 -999 
P8733 2042 7 0 0 0 0 11 0 0 0 0 0 0 0 0 0 0 0 0 0 0 0 0 0 0 0 0 0 0 0 0 0 0 
P8733 2042 8 0 0 0 0 0 0 0 0 0 0 0 0 0 0 0 0 0 0 34 0 0 0 3 0 5 0 0 0 0 0 0 
P8733 2042 9 0 42 0 14 0 0 12 0 0 0 0 0 0 6 4 0 0 0 0 0 0 0 0 0 17 0 0 0 5 0 -999 
P8733 2042 10 0 0 0 0 9 10 0 24 0 6 0 0 0 0 0 0 5 0 0 0 0 0 42 0 0 0 0 0 0 0 0 
P8733 2042 11 0 0 0 0 0 0 23 19 28 23 36 0 96 0 0 0 0 0 0 0 0 0 24 19 28 60 0 0 16 0 -999 
P8733 2042 12 0 0 15 54 0 10 47 0 25 0 59 57 32 0 0 17 0 0 95 0 30 37 24 0 0 0 27 33 44 80 0 
P8733 2043 1 8 0 0 0 0 0 7 16 18 37 55 89 0 90 85 88 111 24 0 0 0 0 0 0 0 0 0 0 0 0 0 
P8733 2043 2 0 0 0 0 0 0 0 17 58 136 54 30 21 19 45 0 9 27 7 0 0 0 0 17 0 32 40 18 -999 -999 -999 
P8733 2043 3 19 17 0 3 0 7 8 8 5 0 49 50 57 0 0 92 108 72 67 72 33 59 0 0 48 53 0 32 0 153 49 
P8733 2043 4 58 68 96 0 24 0 0 37 0 35 18 0 39 0 0 0 0 0 0 0 0 0 0 0 0 64 0 0 0 40 -999 
P8733 2043 5 44 0 6 0 0 0 0 0 0 0 0 0 19 27 0 48 107 78 0 93 0 0 0 0 0 0 0 0 0 0 0 
P8733 2043 6 0 0 0 36 0 0 0 0 2 0 0 0 0 0 0 0 0 0 0 0 0 0 0 0 0 0 0 0 0 0 -999 
P8733 2043 7 0 0 0 0 0 0 0 0 0 4 0 0 2 0 17 0 0 0 0 0 0 0 0 0 0 24 0 0 0 0 0 
P8733 2043 8 0 0 0 0 0 7 0 0 0 0 0 0 5 0 11 0 0 0 0 0 0 0 4 0 0 0 0 0 0 0 0 
P8733 2043 9 7 0 0 0 0 0 0 0 0 11 0 0 2 0 0 0 4 0 6 0 6 8 0 0 0 0 0 0 9 0 -999 
P8733 2043 10 0 7 0 0 0 0 2 4 0 0 21 41 87 43 0 0 0 0 0 0 14 0 23 0 5 0 0 0 15 22 0 
P8733 2043 11 0 25 0 0 136 33 8 5 0 0 0 0 0 13 11 8 0 25 0 35 139 133 26 42 72 105 53 23 49 0 -999 
P8733 2043 12 11 0 72 0 86 0 0 0 0 0 2 0 0 0 0 0 0 27 40 27 4 0 0 0 0 0 4 0 0 3 0 
P8733 2044 1 0 0 0 1 3 0 18 35 0 27 52 0 24 26 16 0 41 118 66 0 0 0 0 49 92 125 49 17 0 13 23 
P8733 2044 2 0 0 0 102 46 0 0 9 0 43 36 28 0 0 4 24 29 4 11 10 0 0 0 0 0 0 10 0 -999 -999 -999 
P8733 2044 3 0 0 0 0 4 0 0 8 0 8 7 0 4 0 0 20 13 0 0 5 0 0 0 0 0 10 27 36 25 23 21 
P8733 2044 4 26 61 70 0 48 0 20 0 34 0 0 0 0 0 0 0 0 0 0 0 0 0 0 0 9 0 0 13 0 0 -999 
P8733 2044 5 0 0 0 0 0 60 79 42 0 0 67 0 52 32 0 15 13 9 10 21 0 0 0 0 0 0 0 0 4 4 0 
P8733 2044 6 0 0 0 0 0 0 0 0 0 0 0 0 0 0 37 0 16 0 21 0 0 0 18 18 0 0 0 0 0 0 -999 
P8733 2044 7 0 0 0 0 0 0 0 0 0 0 0 14 0 0 0 0 0 0 0 0 0 0 6 0 0 0 0 0 0 0 0 
P8733 2044 8 0 16 0 0 0 0 0 0 0 10 18 0 0 0 0 0 0 0 0 0 7 7 0 0 5 0 0 0 0 0 0 
P8733 2044 9 0 0 1 0 0 0 0 0 0 0 0 0 0 10 0 0 0 0 7 0 0 0 0 0 22 0 0 0 0 8 -999 
P8733 2044 10 0 0 0 0 0 0 0 0 0 15 0 0 0 9 23 0 0 0 75 87 34 0 29 154 120 75 0 0 0 0 0 
P8733 2044 11 0 0 0 12 23 0 0 0 0 0 78 47 142 0 94 91 62 27 0 0 127 0 6 0 0 0 0 14 0 0 -999 
P8733 2044 12 0 0 0 12 0 0 0 3 0 0 0 0 0 0 15 13 42 69 115 59 0 42 95 37 58 113 0 27 0 62 0 
P8733 2045 1 80 68 120 0 102 0 59 112 211 109 71 83 13 0 0 17 41 0 0 10 3 0 0 0 0 0 0 0 8 0 23 
P8733 2045 2 0 0 0 11 18 0 53 13 0 35 87 117 35 0 0 7 0 2 0 0 0 0 0 0 89 135 315 206 -999 -999 -999 
P8733 2045 3 15 14 0 0 0 0 37 62 0 82 72 75 0 0 33 25 0 0 0 0 0 0 0 0 2 0 0 2 3 1 0 
P8733 2045 4 0 0 0 0 12 0 0 0 0 0 0 21 0 58 52 0 0 0 0 0 0 0 0 0 0 0 0 12 0 0 -999 
P8733 2045 5 23 0 0 0 36 0 0 0 0 3 0 0 0 0 0 2 0 0 0 0 50 63 67 0 26 0 17 0 55 0 16 
P8733 2045 6 12 11 8 0 0 0 4 0 8 0 0 0 23 60 0 45 0 0 15 0 0 0 7 0 0 0 0 0 0 6 -999 
P8733 2045 7 15 10 0 0 0 0 0 0 0 0 0 0 0 0 3 0 0 0 0 0 0 0 0 0 0 16 0 0 0 0 0 
P8733 2045 8 0 0 0 3 0 0 0 0 0 10 0 8 7 0 0 0 0 4 8 0 38 0 0 0 0 6 0 0 6 5 0 
P8733 2045 9 0 0 0 11 14 0 0 0 0 0 0 0 17 0 0 0 0 0 0 0 0 0 0 0 0 0 0 0 0 0 -999 
P8733 2045 10 0 0 0 0 0 0 0 0 0 0 0 0 9 23 5 0 0 0 52 48 40 0 0 0 0 0 10 0 0 0 1 
P8733 2045 11 0 0 0 94 35 0 0 0 0 0 0 7 0 0 0 0 27 100 56 0 0 0 13 0 17 0 0 0 24 0 -999 
P8733 2045 12 0 13 0 0 0 0 0 0 0 0 64 0 0 0 0 0 0 8 0 2 0 8 33 134 22 8 12 14 13 0 0 
P8733 2046 1 25 12 19 23 10 9 10 8 22 6 0 0 0 9 13 0 0 193 180 132 0 73 113 120 92 134 81 63 163 96 85 
P8733 2046 2 81 22 25 0 19 0 0 0 0 0 0 53 71 0 66 158 155 171 38 0 0 0 0 0 0 0 50 43 -999 -999 -999 
P8733 2046 3 22 0 0 0 6 5 6 9 0 0 0 0 0 1 0 0 8 0 0 0 0 0 8 0 21 57 0 21 0 0 58 
P8733 2046 4 82 0 0 0 6 18 27 44 68 62 0 0 50 0 0 80 0 23 0 0 0 43 67 59 96 56 49 0 0 0 -999 
P8733 2046 5 0 15 0 0 0 0 0 0 0 0 0 25 0 0 0 0 21 13 25 0 0 33 83 77 98 81 33 0 31 0 31 
P8733 2046 6 30 0 39 0 96 0 0 9 10 16 12 0 0 0 18 49 36 0 6 0 0 0 4 0 0 0 0 0 0 0 -999 
P8733 2046 7 0 0 0 3 0 0 0 0 0 0 0 0 0 0 0 0 0 0 0 0 0 0 0 0 0 0 0 0 0 0 0 
P8733 2046 8 0 0 0 0 0 0 0 0 0 0 0 0 0 0 0 0 0 5 8 0 0 0 0 0 0 0 0 0 0 0 0 
P8733 2046 9 0 0 0 14 0 10 0 0 0 0 3 2 2 0 0 0 4 0 0 19 0 0 7 0 0 0 0 0 0 0 -999 
P8733 2046 10 0 0 0 22 0 20 0 0 56 67 0 0 11 14 19 0 0 20 0 0 0 0 0 0 0 0 6 0 0 0 17 
P8733 2046 11 0 27 0 14 0 0 0 0 0 1 0 0 0 3 0 0 0 0 0 0 0 0 0 41 0 0 7 0 7 0 -999 
P8733 2046 12 0 25 0 0 0 0 0 0 5 0 19 32 36 33 28 33 29 31 26 0 15 0 9 10 16 0 0 5 0 0 0 
P8733 2047 1 34 0 109 93 76 45 17 0 40 34 0 4 0 8 0 41 0 23 17 16 24 19 0 0 0 22 67 57 33 51 78 
P8733 2047 2 75 0 7 0 0 8 9 0 0 0 0 0 37 0 26 0 16 26 29 51 63 59 56 72 102 12 13 0 -999 -999 -999 
P8733 2047 3 0 0 0 31 0 58 32 21 0 48 38 40 60 83 0 53 40 61 0 0 0 0 0 0 0 8 0 0 0 0 19 
P8733 2047 4 19 7 0 6 0 10 4 4 0 13 23 0 0 4 0 6 0 0 0 0 0 37 36 68 37 0 0 0 26 0 -999 
P8733 2047 5 0 21 19 0 21 0 0 2 0 0 0 0 27 69 95 35 0 0 0 0 0 0 0 16 8 8 0 0 0 0 0 
P8733 2047 6 0 0 0 0 0 0 0 0 0 0 0 5 0 0 0 0 0 0 0 0 0 0 0 0 0 0 0 0 0 0 -999 
P8733 2047 7 0 5 0 0 0 0 0 0 0 10 0 0 0 11 0 3 0 0 0 0 0 0 0 0 0 11 0 0 0 11 0 
P8733 2047 8 0 0 0 0 0 0 0 0 0 0 0 4 0 0 0 0 0 0 0 0 7 0 0 0 0 0 0 0 0 34 0 
P8733 2047 9 20 0 0 0 7 0 0 0 0 0 6 0 5 0 0 0 0 0 0 0 0 0 0 11 0 0 24 0 20 0 -999 
P8733 2047 10 50 0 41 0 53 0 0 14 0 0 9 9 0 0 0 0 0 5 0 0 0 7 0 0 0 24 0 0 0 0 10 
P8733 2047 11 7 1 0 0 0 0 0 0 6 16 0 0 0 0 7 0 22 39 82 40 0 0 0 1 0 0 28 81 0 0 -999 
P8733 2047 12 81 98 23 99 301 308 326 158 0 26 0 0 0 19 90 70 34 117 186 95 46 144 0 96 82 0 0 0 50 36 0 
P8733 2048 1 0 2 0 7 0 11 0 0 0 33 0 0 0 0 9 5 0 0 0 0 24 30 10 13 0 94 69 1 0 0 58 
P8733 2048 2 47 28 15 23 0 28 70 145 34 67 0 0 0 14 33 29 44 89 29 10 0 20 0 16 36 23 21 10 -999 -999 -999 
P8733 2048 3 0 0 0 0 0 0 0 0 0 0 11 15 12 7 5 5 12 37 57 55 0 0 0 0 11 17 23 27 24 19 21 
P8733 2048 4 10 0 0 12 0 0 0 59 0 9 20 82 88 0 0 30 87 53 126 153 54 0 0 0 0 24 0 0 13 16 -999 
P8733 2048 5 0 0 16 0 0 0 7 0 0 18 0 0 0 0 0 0 0 0 0 0 0 39 37 0 0 0 0 0 40 0 0 
P8733 2048 6 0 0 18 30 0 0 0 10 0 0 6 0 0 0 0 5 0 0 0 0 0 0 0 0 0 0 0 0 0 0 -999 
P8733 2048 7 0 0 0 0 0 0 0 0 0 0 0 0 0 0 0 0 0 0 0 0 0 0 0 2 0 0 0 0 0 0 0 
P8733 2048 8 0 0 0 0 0 0 0 0 0 16 0 0 0 0 0 8 0 0 0 0 0 0 0 12 0 0 3 0 0 0 0 
P8733 2048 9 0 0 0 0 0 0 0 0 0 0 0 0 5 8 0 0 0 5 0 0 0 0 0 6 0 0 0 8 0 0 -999 
P8733 2048 10 11 57 105 0 0 0 5 0 0 0 0 7 0 0 0 91 0 0 12 9 3 4 0 0 14 19 23 0 45 0 0 
P8733 2048 11 44 0 0 0 0 0 0 0 0 28 0 37 0 5 0 0 84 0 0 2 0 11 0 0 0 0 13 52 132 129 -999 
P8733 2048 12 98 127 159 0 0 0 1 0 0 0 0 11 19 0 0 28 22 0 84 154 0 18 36 0 6 0 0 0 4 0 0 
P8733 2049 1 0 31 0 4 0 19 0 0 0 11 20 0 0 0 0 4 0 0 0 0 0 0 0 0 15 0 0 0 0 0 0 
P8733 2049 2 0 0 0 0 0 26 39 77 0 44 67 145 168 152 0 119 137 101 98 75 130 72 79 286 144 198 110 0 -999 -999 -999 
P8733 2049 3 56 114 135 93 138 70 0 0 37 52 46 0 34 69 0 0 61 43 0 8 0 0 0 0 5 0 0 6 7 18 0 
P8733 2049 4 35 0 0 12 75 31 0 3 0 0 0 0 0 0 0 0 0 0 0 0 0 0 17 0 0 0 0 0 0 0 -999 
P8733 2049 5 0 45 0 0 0 0 0 27 21 1 1 0 1 0 0 0 14 18 20 0 17 8 8 0 8 12 0 0 0 17 0 
P8733 2049 6 0 0 0 0 0 0 0 0 0 0 6 11 0 0 0 0 0 0 0 1 0 0 0 0 0 0 0 0 0 0 -999 
P8733 2049 7 0 9 0 0 0 0 0 0 0 0 0 0 10 0 0 0 4 0 0 0 0 0 2 0 0 0 0 0 0 0 0 
P8733 2049 8 0 0 0 0 0 0 0 0 0 0 0 0 0 4 4 0 0 0 0 0 0 0 0 0 30 0 0 0 0 0 0 
P8733 2049 9 0 0 0 0 0 0 4 0 0 0 0 0 0 3 0 0 0 0 0 0 0 3 4 0 0 0 0 9 11 0 -999 
P8733 2049 10 0 0 0 0 0 0 7 0 0 22 0 0 28 0 0 93 35 44 32 19 23 0 0 62 0 0 104 59 23 12 4 
P8733 2049 11 0 0 0 0 13 0 108 131 103 0 0 0 3 0 0 4 6 20 14 0 0 0 0 17 24 15 24 46 0 0 -999 
P8733 2049 12 7 0 0 0 0 0 0 4 11 10 3 0 0 42 125 0 0 0 0 0 0 0 0 0 47 57 10 0 0 0 0 
P8733 2050 1 0 7 0 0 3 5 0 0 25 59 181 125 128 155 76 103 81 0 20 0 2 18 27 32 33 65 48 0 0 18 30 
P8733 2050 2 0 16 0 20 0 0 0 26 32 14 0 0 0 0 0 0 4 8 7 0 1 0 0 0 4 0 8 0 -999 -999 -999 
P8733 2050 3 0 0 0 0 0 8 0 0 0 0 0 7 0 17 0 17 0 18 0 0 23 29 88 97 73 0 8 31 0 0 6 
P8733 2050 4 0 0 0 0 17 0 15 20 0 0 94 0 0 0 0 0 0 0 37 70 47 92 48 49 37 0 0 0 0 0 -999 
P8733 2050 5 21 32 0 36 44 0 42 0 0 80 40 0 0 0 0 0 0 2 0 0 11 0 0 0 0 26 0 55 0 14 0 
P8733 2050 6 0 0 0 0 0 0 0 0 0 0 0 19 0 0 11 0 0 0 0 0 0 0 0 0 0 0 0 0 0 0 -999 
P8733 2050 7 0 0 0 0 0 0 0 0 0 0 0 0 0 0 0 0 0 0 0 0 0 0 0 0 0 0 0 6 0 0 0 
P8733 2050 8 0 0 0 0 0 0 0 0 0 0 15 0 0 0 0 0 0 0 0 0 9 10 0 0 0 0 8 0 0 0 0 
P8733 2050 9 0 0 0 0 0 0 0 0 0 0 0 0 3 0 0 0 0 0 0 0 0 0 19 0 0 0 0 13 0 0 -999 
P8733 2050 10 0 0 0 18 10 15 0 0 0 0 0 0 0 1 0 74 60 21 0 0 0 15 9 0 17 0 55 63 54 0 102 
P8733 2050 11 64 0 11 0 0 0 0 0 0 0 0 7 14 26 0 0 0 12 0 0 15 32 93 0 0 11 54 33 8 7 -999 
P8733 2050 12 11 25 61 0 0 0 0 0 0 117 22 34 122 130 90 0 0 28 0 15 0 21 0 0 0 0 22 0 0 15 0 
P8733 2051 1 0 28 0 0 10 7 0 0 0 27 0 103 128 67 42 8 11 36 0 0 0 0 0 0 27 6 0 0 0 35 52 
P8733 2051 2 0 0 57 0 21 24 20 19 0 0 0 0 0 0 0 0 32 0 0 49 0 58 128 74 67 93 0 0 -999 -999 -999 
P8733 2051 3 0 21 0 0 0 55 19 0 52 81 98 75 96 47 25 0 54 0 0 0 16 24 35 0 0 0 12 17 0 0 25 
P8733 2051 4 28 0 0 0 0 27 56 38 101 0 0 17 0 0 130 34 0 0 0 0 0 0 11 0 7 0 0 0 0 0 -999 
P8733 2051 5 0 19 20 0 4 0 1 0 37 11 0 5 0 24 32 26 0 13 19 0 0 0 0 0 0 0 9 0 0 0 0 
P8733 2051 6 0 0 0 0 0 0 14 26 71 0 22 4 0 0 7 0 0 0 0 0 0 0 0 0 0 0 0 0 0 0 -999 
P8733 2051 7 0 0 0 0 0 0 0 0 0 0 0 0 0 0 0 0 0 0 0 0 0 26 0 0 0 0 0 0 0 0 0 
P8733 2051 8 0 0 0 0 0 0 0 0 0 0 0 0 0 0 0 0 0 0 0 0 0 0 0 0 0 0 0 0 0 0 0 
P8733 2051 9 0 9 0 0 0 0 5 0 0 0 12 9 0 0 0 0 0 0 0 0 0 0 0 29 0 3 0 0 0 0 -999 
P8733 2051 10 15 0 0 0 4 17 0 29 36 0 0 23 52 34 80 38 0 0 0 0 0 9 0 0 0 0 0 0 45 9 0 
P8733 2051 11 0 0 12 54 0 0 0 0 0 0 6 0 65 39 0 0 23 0 70 42 0 60 102 64 71 0 0 0 53 89 -999 
P8733 2051 12 0 0 0 0 13 32 66 37 19 18 19 29 31 47 46 46 0 0 56 51 78 90 0 15 0 0 0 0 4 0 6 
P8733 2052 1 0 0 14 0 0 0 1 0 0 0 0 0 0 0 0 0 0 0 0 0 0 0 4 0 9 0 7 2 0 0 0 
P8733 2052 2 0 0 0 10 0 0 0 0 0 0 29 31 26 0 41 0 20 24 0 32 33 0 16 52 77 49 0 4 -999 -999 -999 
P8733 2052 3 0 0 18 25 0 0 88 0 0 6 0 14 24 0 44 0 20 0 28 40 96 54 28 45 90 79 50 0 9 0 0 
P8733 2052 4 0 0 31 0 5 0 0 3 0 0 0 0 0 0 0 0 0 3 0 0 0 7 5 0 0 0 0 0 0 22 -999 
P8733 2052 5 0 16 0 5 0 36 62 58 0 13 0 44 0 0 0 0 0 7 27 0 10 0 0 10 11 24 28 51 0 0 0 
P8733 2052 6 0 0 0 13 0 0 0 0 0 11 0 28 21 0 0 0 0 0 0 0 0 0 0 0 0 0 0 0 0 0 -999 
P8733 2052 7 0 24 0 0 0 0 0 0 0 0 0 0 0 0 0 0 0 0 0 0 0 8 0 0 8 0 0 0 3 0 0 
P8733 2052 8 0 0 0 0 0 0 6 0 3 0 0 0 0 0 0 0 0 0 0 0 0 0 0 0 0 0 0 0 0 0 0 
P8733 2052 9 5 0 0 0 5 6 0 0 0 4 0 0 0 0 0 0 0 0 0 0 7 0 0 14 0 0 0 0 5 25 -999 
P8733 2052 10 0 0 0 0 0 0 0 19 22 0 12 0 0 23 0 0 8 0 0 0 0 0 0 6 0 0 0 0 0 0 0 
P8733 2052 11 18 0 0 0 0 0 0 0 0 0 1 0 0 19 0 0 0 0 0 15 22 0 12 20 34 0 76 0 0 34 -999 
P8733 2052 12 0 43 25 30 41 11 8 0 0 114 50 28 114 91 46 0 77 73 0 0 0 0 27 0 39 0 5 8 0 81 0 
P8733 2053 1 0 0 0 0 0 0 0 0 0 0 0 0 0 21 16 0 0 0 3 0 0 0 0 0 0 0 0 0 7 0 0 
P8733 2053 2 15 47 36 0 51 47 81 0 0 0 16 0 0 3 0 6 27 0 0 0 17 0 0 14 21 0 30 72 -999 -999 -999 
P8733 2053 3 0 26 17 42 64 0 11 0 31 24 0 0 0 21 31 0 0 0 0 28 0 0 11 5 0 0 0 19 49 65 0 
P8733 2053 4 32 0 0 0 66 0 108 74 37 0 63 93 0 0 0 0 9 0 9 0 0 0 0 0 0 6 0 4 0 30 -999 
P8733 2053 5 52 0 48 0 0 0 90 42 0 0 0 21 0 0 0 13 0 0 23 0 0 0 37 0 0 13 0 0 0 0 0 
P8733 2053 6 15 25 0 15 0 8 0 0 12 0 0 0 0 0 0 0 0 4 6 0 0 0 0 10 0 0 0 0 3 0 -999 
P8733 2053 7 0 5 0 9 0 12 0 0 0 0 0 0 0 0 0 0 0 0 0 0 0 0 0 0 0 0 0 0 0 0 0 
P8733 2053 8 0 0 0 0 0 0 0 0 0 0 10 0 0 0 0 0 0 0 0 16 0 0 0 0 0 0 0 0 0 0 0 
P8733 2053 9 0 0 0 0 0 0 0 0 0 0 0 0 0 0 0 0 0 0 10 0 0 0 0 0 0 0 0 0 0 0 -999 
P8733 2053 10 0 0 5 0 0 0 0 0 0 0 0 0 0 9 30 28 0 0 0 0 10 7 12 0 15 54 29 0 0 0 27 
P8733 2053 11 0 0 55 12 0 0 22 0 99 107 49 82 43 0 116 119 0 80 0 25 15 40 31 34 0 40 66 0 74 44 -999 
P8733 2053 12 14 27 29 0 0 0 0 0 5 0 0 0 0 14 0 15 0 8 0 3 9 0 25 33 0 90 0 0 73 0 0 
P8733 2054 1 0 53 159 93 102 103 0 45 108 0 94 123 108 120 69 74 0 18 0 0 0 0 2 3 0 13 59 246 102 57 83 
P8733 2054 2 70 140 0 0 5 0 71 76 0 0 24 0 0 0 0 31 0 0 38 0 0 0 0 0 0 0 0 0 -999 -999 -999 
P8733 2054 3 0 0 0 0 0 6 0 0 0 0 0 0 0 3 10 0 0 0 0 12 14 26 57 0 0 13 0 14 0 0 46 
P8733 2054 4 0 38 37 26 83 126 174 112 45 0 74 61 0 0 13 48 0 0 0 0 0 0 0 0 0 0 31 0 0 39 -999 
P8733 2054 5 0 0 0 20 0 29 16 0 0 0 20 0 10 20 0 40 17 4 0 0 0 0 0 99 125 33 27 32 29 0 0 
P8733 2054 6 0 0 0 0 0 0 0 0 0 16 0 0 0 5 0 0 0 0 0 0 0 0 0 0 0 0 0 0 0 0 -999 
P8733 2054 7 0 0 0 0 0 0 0 0 0 0 16 19 0 0 0 3 0 0 0 0 0 0 0 0 0 4 0 0 4 0 0 
P8733 2054 8 0 0 0 0 0 0 0 0 0 0 0 0 0 0 0 0 0 0 0 0 0 0 0 0 0 0 0 7 0 3 0 
P8733 2054 9 0 0 0 0 0 0 0 0 0 7 10 0 0 12 0 0 0 0 0 0 5 0 48 54 0 0 0 0 23 70 -999 
P8733 2054 10 42 38 99 36 10 0 0 0 0 0 0 0 0 53 0 27 0 0 0 0 0 0 0 57 0 50 25 12 0 0 0 
P8733 2054 11 99 0 5 0 0 0 30 0 157 155 106 0 37 45 109 41 0 41 50 131 24 0 0 0 7 13 60 0 0 0 -999 
P8733 2054 12 0 0 0 0 0 0 0 2 0 0 0 57 41 23 0 13 16 0 0 0 0 0 52 96 112 105 134 142 149 92 110 
P8733 2055 1 0 0 0 65 23 0 15 22 0 101 141 0 0 0 12 31 60 199 79 0 0 2 0 0 0 0 0 10 0 0 0 
P8733 2055 2 0 0 0 48 0 55 84 51 0 0 0 12 0 0 19 0 0 1 0 3 4 0 12 0 16 29 30 14 -999 -999 -999 
P8733 2055 3 0 24 42 41 0 33 39 28 26 23 19 44 52 0 0 11 25 0 0 0 0 0 29 54 50 42 0 0 0 0 0 
P8733 2055 4 0 0 7 0 10 0 0 0 0 29 0 42 0 0 1 2 0 0 0 0 0 0 0 6 0 0 19 0 7 0 -999 
P8733 2055 5 0 0 1 0 11 0 0 0 0 24 74 0 0 0 0 0 0 0 0 0 0 0 0 0 0 0 0 0 0 11 3 
P8733 2055 6 0 0 0 8 0 0 10 0 0 0 0 0 0 0 0 0 0 0 0 0 0 0 0 0 0 0 0 0 0 4 -999 
P8733 2055 7 0 0 0 0 3 0 0 0 0 0 0 12 0 0 0 0 0 0 0 0 0 0 0 0 0 0 0 0 0 0 0 
P8733 2055 8 0 0 0 0 0 0 0 0 0 0 0 0 0 0 0 0 0 3 0 0 0 0 0 0 0 0 0 0 0 0 0 
P8733 2055 9 0 13 0 0 7 0 0 0 0 0 0 0 0 0 9 28 0 0 0 18 0 23 0 0 12 20 21 0 0 53 -999 
P8733 2055 10 0 0 30 0 0 0 14 0 0 0 79 51 0 0 56 88 116 36 7 0 0 2 0 0 8 30 30 0 0 0 0 
P8733 2055 11 16 0 0 46 48 74 0 0 33 0 42 0 0 0 0 35 44 0 0 0 0 28 20 11 6 0 71 65 209 90 -999 
P8733 2055 12 30 0 63 23 0 19 14 0 0 4 0 0 0 0 0 1 0 0 0 0 12 0 5 0 0 0 16 52 0 46 0 
P8733 2056 1 0 0 0 119 133 115 137 118 90 158 55 0 11 0 0 0 0 0 16 8 0 0 8 0 31 59 168 0 0 5 0 
P8733 2056 2 27 31 0 15 55 89 129 44 41 0 0 91 0 198 117 40 33 85 96 184 148 181 0 88 42 0 0 0 -999 -999 -999 
P8733 2056 3 22 34 0 0 110 180 143 73 37 195 149 126 88 0 49 0 36 30 0 127 0 0 29 0 0 15 50 97 0 0 0 
P8733 2056 4 0 0 55 0 9 0 0 0 0 0 0 6 0 43 0 0 0 0 0 0 0 0 9 0 22 0 0 0 0 4 -999 
P8733 2056 5 3 0 0 0 0 26 0 39 68 51 55 45 0 0 9 14 5 0 0 0 8 0 0 13 4 0 0 0 15 33 0 
P8733 2056 6 29 16 0 0 0 6 0 0 0 0 0 0 0 8 0 0 0 0 0 0 0 6 0 0 0 6 0 0 0 0 -999 
P8733 2056 7 8 0 0 24 0 0 0 8 0 0 0 0 0 0 0 0 0 0 0 3 0 0 0 0 0 0 0 2 7 0 0 
P8733 2056 8 0 0 0 0 0 0 0 8 0 0 0 0 0 0 0 0 0 0 0 0 0 0 0 0 0 0 0 32 0 0 0 
P8733 2056 9 0 0 0 0 0 0 68 0 0 9 0 0 5 10 0 0 0 18 0 0 0 0 0 0 0 0 0 0 0 0 -999 
P8733 2056 10 15 0 7 0 0 0 28 0 0 8 0 0 0 3 0 0 0 30 0 0 8 24 0 63 172 135 0 0 0 0 0 
P8733 2056 11 0 0 11 0 20 59 0 82 87 0 54 0 57 57 139 82 8 7 0 37 0 15 0 0 0 0 0 0 0 0 -999 
P8733 2056 12 0 0 0 0 0 0 0 0 0 1 0 0 0 0 22 25 37 100 35 0 20 0 0 0 0 0 30 0 0 0 143 
P8733 2057 1 124 138 68 68 122 76 73 0 58 0 104 23 11 0 0 0 0 48 0 0 8 0 0 6 9 0 87 257 127 39 41 
P8733 2057 2 0 2 0 15 36 34 37 0 44 0 0 0 0 0 11 14 0 11 0 0 11 0 0 34 0 69 93 37 -999 -999 -999 
P8733 2057 3 40 91 46 0 0 0 0 0 0 0 0 0 0 23 66 44 46 107 0 0 0 0 0 0 0 0 0 0 78 61 55 
P8733 2057 4 0 79 56 0 8 4 0 0 6 0 33 56 59 66 54 63 86 63 0 0 0 42 91 0 0 0 0 0 0 23 -999 
P8733 2057 5 27 0 0 29 36 0 25 26 0 18 6 0 0 0 0 6 0 0 6 0 0 0 0 21 0 0 0 0 1 0 0 
P8733 2057 6 0 0 0 0 0 0 0 0 0 0 0 0 0 0 0 0 1 0 0 0 0 0 0 0 0 0 0 0 0 0 -999 
P8733 2057 7 0 0 0 0 0 1 0 0 0 0 0 0 0 9 0 12 12 0 0 0 0 0 0 0 0 0 18 0 0 0 0 
P8733 2057 8 0 0 0 0 0 7 0 10 0 0 0 0 0 0 0 0 0 0 0 0 0 0 4 0 0 0 0 0 0 0 0 
P8733 2057 9 0 17 0 0 0 6 0 0 0 0 11 0 3 4 0 0 0 5 0 0 0 9 0 0 31 34 0 17 0 0 -999 
P8733 2057 10 0 17 26 42 30 0 0 16 30 0 0 31 71 0 11 7 0 0 13 0 45 57 0 44 82 86 148 85 57 0 0 
P8733 2057 11 0 0 20 0 24 0 24 0 0 0 101 137 196 64 0 0 13 18 75 0 47 7 0 16 15 0 0 81 43 194 -999 
P8733 2057 12 81 92 103 14 33 14 0 0 0 0 0 6 31 0 0 10 17 0 116 0 78 0 87 170 45 0 26 0 0 0 2 
P8733 2058 1 23 10 2 4 7 11 0 0 46 0 25 109 153 96 176 254 0 31 0 0 0 0 0 3 0 0 48 0 87 110 98 
P8733 2058 2 0 20 0 56 113 66 54 62 61 39 0 88 0 0 0 0 0 25 0 0 0 0 0 0 0 0 0 3 -999 -999 -999 
P8733 2058 3 0 19 0 30 24 0 0 13 0 0 0 0 0 2 6 33 0 33 0 0 0 0 0 0 0 0 0 0 0 0 24 
P8733 2058 4 69 37 0 0 0 0 54 0 0 0 12 18 28 0 0 0 7 14 9 0 0 0 0 35 53 50 26 0 22 0 -999 
P8733 2058 5 0 26 29 0 0 0 31 0 9 10 0 0 21 0 0 0 6 0 0 10 11 0 0 0 0 0 0 0 0 0 0 
P8733 2058 6 0 0 0 0 0 0 0 0 0 24 0 0 6 0 0 0 0 11 0 0 0 0 0 0 2 0 0 0 0 0 -999 
P8733 2058 7 0 0 0 0 0 0 0 0 0 0 0 0 0 0 0 0 0 0 0 0 0 0 0 0 0 0 0 0 0 0 0 
P8733 2058 8 0 6 0 0 0 0 0 0 0 34 0 0 0 0 0 0 0 0 0 0 0 0 0 0 0 0 0 0 18 0 0 
P8733 2058 9 0 0 0 0 0 0 0 0 21 22 13 0 0 0 0 0 3 0 0 0 0 0 0 0 6 0 0 0 0 0 -999 
P8733 2058 10 13 12 0 0 53 14 0 0 0 0 0 0 0 0 0 12 0 0 31 49 0 0 46 0 0 0 5 4 0 4 0 
P8733 2058 11 0 0 0 9 12 13 0 94 85 0 52 10 0 20 0 0 0 2 0 13 0 10 0 0 0 0 0 0 13 0 -999 
P8733 2058 12 0 29 0 0 0 0 0 0 0 0 19 18 0 0 0 0 0 6 0 0 4 0 0 0 0 0 10 13 4 0 5 
P8733 2059 1 0 1 1 0 0 37 67 0 0 4 2 0 7 14 0 0 77 0 0 0 0 0 0 0 0 0 0 0 0 0 0 
P8733 2059 2 0 0 0 0 0 0 0 0 0 0 0 19 43 33 0 0 0 0 0 0 0 0 0 0 0 6 0 5 -999 -999 -999 
P8733 2059 3 0 0 0 0 0 0 0 0 0 0 7 6 4 0 0 4 0 23 37 0 0 0 0 0 0 21 33 0 0 0 0 
P8733 2059 4 0 0 0 0 14 39 0 0 0 0 58 83 0 46 0 0 0 0 0 0 0 84 64 113 0 0 0 14 0 0 -999 
P8733 2059 5 0 0 0 0 0 0 0 0 0 0 0 0 8 0 0 0 0 64 0 20 14 0 0 0 32 0 0 13 14 12 0 
P8733 2059 6 0 0 0 0 0 0 0 0 0 0 0 19 0 0 7 0 0 0 0 0 0 0 0 0 0 0 0 0 0 0 -999 
P8733 2059 7 0 0 0 0 0 12 0 0 0 0 0 0 0 0 0 0 0 0 0 0 0 16 0 0 0 0 0 0 0 0 0 
P8733 2059 8 0 0 0 0 0 0 0 0 0 0 0 0 0 0 0 0 0 23 0 6 0 0 0 0 0 0 0 14 0 0 0 
P8733 2059 9 0 5 0 0 2 0 0 0 0 0 0 0 5 22 0 0 0 0 0 0 0 0 0 0 0 0 20 0 0 0 -999 
P8733 2059 10 22 45 0 0 0 0 0 0 0 3 6 0 0 0 0 0 0 17 0 39 28 0 2 0 16 55 133 96 54 0 49 
P8733 2059 11 0 0 61 0 58 0 0 0 0 5 0 0 0 0 0 0 15 14 0 0 5 0 29 0 0 0 0 0 2 0 -999 
P8733 2059 12 0 0 0 0 80 0 0 0 0 78 56 66 25 0 0 4 1 0 0 2 0 0 14 34 41 0 61 50 69 58 18 
P8733 2060 1 0 24 42 41 10 0 30 27 38 0 95 109 126 70 22 0 10 0 15 0 0 1 0 0 0 7 0 0 0 0 0 
P8733 2060 2 95 0 0 0 7 0 23 0 8 4 33 30 6 0 0 0 0 14 0 21 13 0 12 0 0 0 0 0 -999 -999 -999 
P8733 2060 3 0 48 0 0 0 0 31 0 19 0 26 0 0 3 0 0 0 7 6 0 31 46 85 65 0 0 36 0 38 19 4 
P8733 2060 4 0 0 16 0 0 0 0 21 41 0 0 14 0 30 70 92 24 11 0 0 0 0 15 0 0 0 0 0 0 0 -999 
P8733 2060 5 0 0 0 46 44 54 25 24 0 0 0 0 0 0 0 0 0 0 0 0 0 0 0 0 0 0 0 0 0 0 0 
P8733 2060 6 0 0 0 0 0 0 0 0 10 0 0 0 0 0 5 0 0 0 0 23 17 0 0 0 0 0 0 0 24 0 -999 
P8733 2060 7 0 0 0 0 5 0 0 0 0 0 0 0 0 0 0 0 0 0 0 8 0 0 0 0 20 0 0 0 0 0 0 
P8733 2060 8 0 0 0 0 0 0 0 0 0 0 0 0 0 0 0 0 0 0 0 0 0 0 0 0 0 0 0 0 18 0 0 
P8733 2060 9 0 0 0 0 0 0 0 0 0 0 0 0 0 19 0 0 0 0 12 0 0 0 0 0 0 19 28 0 0 0 -999 
P8733 2060 10 5 0 0 0 0 0 0 0 0 0 0 0 0 0 0 0 0 0 0 0 0 0 0 0 0 0 0 0 0 21 0 
P8733 2060 11 31 14 0 23 51 60 65 0 107 82 0 81 0 0 19 0 165 112 182 62 0 0 8 0 0 0 0 0 0 0 -999 
P8733 2060 12 0 11 0 22 51 179 110 0 0 0 0 0 0 0 0 11 38 17 12 0 0 18 0 25 22 38 41 57 42 19 0 
P8733 2061 1 0 0 0 0 0 0 46 25 26 0 0 0 0 0 0 0 0 0 0 0 30 0 14 13 0 6 0 2 2 0 0 
P8733 2061 2 23 48 30 0 0 0 5 0 28 48 96 77 29 35 41 0 0 0 0 0 0 0 9 9 22 15 0 35 -999 -999 -999 
P8733 2061 3 53 0 0 0 0 30 0 15 0 0 0 0 11 19 28 0 62 42 0 0 18 0 53 82 131 13 24 13 0 0 34 
P8733 2061 4 0 59 0 0 22 0 18 22 19 33 0 0 0 3 10 0 0 16 0 0 0 0 0 0 0 0 0 19 0 17 -999 
P8733 2061 5 0 0 12 0 0 8 0 0 0 6 0 6 0 19 0 0 0 0 0 0 0 0 0 0 3 0 0 7 0 0 0 
P8733 2061 6 0 5 0 0 0 0 0 0 0 0 0 0 0 16 0 0 0 0 0 0 0 0 0 0 0 0 0 0 0 0 -999 
P8733 2061 7 0 0 0 0 0 0 5 0 0 0 0 0 0 0 0 0 0 0 0 0 0 0 0 0 0 0 0 0 0 0 0 
P8733 2061 8 0 0 0 0 0 0 0 0 0 0 0 0 0 0 0 0 0 0 0 0 0 12 0 0 0 0 0 0 0 0 0 
P8733 2061 9 0 0 3 0 0 0 0 0 6 0 0 0 0 0 0 0 0 0 0 0 0 0 17 0 0 0 48 16 0 0 -999 
P8733 2061 10 0 0 0 0 0 0 21 0 0 0 27 13 0 0 0 57 0 46 0 107 22 0 88 115 16 0 0 87 139 0 0 
P8733 2061 11 86 0 0 0 0 13 25 0 63 121 57 0 0 0 31 78 0 26 5 11 0 0 0 6 0 0 9 65 28 18 -999 
P8733 2061 12 11 4 0 2 0 0 0 6 0 9 35 0 17 14 10 9 17 16 0 37 96 101 0 0 0 0 5 13 0 99 32 
P8733 2062 1 38 51 24 0 0 1 0 6 0 0 3 4 0 17 7 3 0 70 1 0 0 0 0 31 47 0 96 115 95 0 0 
P8733 2062 2 57 0 47 64 0 0 0 28 0 37 37 11 9 0 32 54 20 12 0 16 27 38 0 64 0 0 0 10 -999 -999 -999 
P8733 2062 3 9 0 21 0 33 4 4 0 0 0 80 0 193 185 73 0 7 28 40 0 0 29 0 14 0 0 0 0 0 0 0 
P8733 2062 4 5 0 0 0 11 0 0 0 0 19 0 0 0 0 0 0 0 0 0 0 0 0 4 0 0 0 0 45 67 90 -999 
P8733 2062 5 0 0 0 0 0 0 0 0 0 31 0 0 0 0 0 0 17 0 0 0 0 0 0 7 0 0 0 0 0 0 0 
P8733 2062 6 0 0 27 23 13 0 0 0 0 0 0 4 0 0 0 0 0 0 0 0 0 0 0 11 0 0 0 0 5 0 -999 
P8733 2062 7 0 0 0 0 0 0 0 0 0 7 0 0 0 11 0 0 0 14 0 0 0 0 0 0 0 0 0 0 0 0 0 
P8733 2062 8 0 0 0 0 0 0 0 0 0 0 6 0 0 0 0 0 0 0 0 2 0 0 0 0 0 0 3 0 0 0 0 
P8733 2062 9 0 0 0 0 0 0 0 3 0 8 0 0 6 6 0 7 0 0 0 0 0 0 0 0 0 0 5 0 0 0 -999 
P8733 2062 10 0 0 19 63 162 108 0 0 0 25 0 0 0 12 0 43 61 13 0 0 24 0 55 0 0 17 13 19 23 17 9 
P8733 2062 11 4 7 10 0 13 0 15 15 11 10 10 0 71 93 51 28 48 80 66 0 0 36 75 0 0 0 0 0 0 0 -999 
P8733 2062 12 0 0 0 0 0 0 31 0 31 36 0 21 3 0 21 0 61 170 0 9 0 16 5 0 0 0 0 0 0 12 32 
P8733 2063 1 82 0 86 0 0 85 124 186 224 54 33 25 42 0 77 107 0 83 153 56 76 119 0 29 112 68 0 14 0 0 75 
P8733 2063 2 141 0 59 52 14 0 0 0 20 37 96 58 0 114 121 60 0 0 0 0 0 1 0 0 0 0 6 0 -999 -999 -999 
P8733 2063 3 0 3 0 0 0 20 40 36 0 0 27 25 0 45 0 0 0 9 0 10 0 16 0 46 203 0 0 82 0 122 127 
P8733 2063 4 0 16 30 30 83 0 0 25 82 31 0 6 0 18 0 0 0 0 0 0 0 0 0 18 16 0 9 0 30 66 -999 
P8733 2063 5 60 63 0 0 0 0 0 0 0 0 0 23 32 0 0 16 0 0 0 0 0 0 0 0 0 0 0 0 0 0 9 
P8733 2063 6 0 7 0 0 0 0 0 0 0 0 0 0 0 0 0 0 8 0 13 0 0 0 0 0 0 0 0 0 0 0 -999 
P8733 2063 7 0 0 0 0 0 0 0 0 0 0 0 0 0 0 0 0 0 0 0 10 4 0 5 0 0 0 0 0 0 0 0 
P8733 2063 8 0 0 0 0 0 0 0 0 0 28 0 0 0 0 0 0 0 0 0 0 0 0 0 0 0 0 0 0 0 0 0 
P8733 2063 9 0 0 7 0 0 0 0 0 0 0 0 0 0 0 0 10 0 0 0 0 0 0 0 0 0 0 0 0 0 0 -999 
P8733 2063 10 0 0 0 0 4 0 0 0 0 0 13 26 82 133 0 0 28 0 16 0 0 0 0 0 0 0 0 0 0 0 0 
P8733 2063 11 0 11 0 17 0 0 2 0 0 8 0 25 0 28 1 0 0 0 16 22 0 24 10 7 0 0 0 5 0 0 -999 
P8733 2063 12 4 0 0 0 0 0 0 0 0 0 0 0 0 0 0 0 0 0 0 0 0 3 5 0 0 0 0 0 0 0 0 
P8733 2064 1 0 0 0 0 0 0 0 2 0 5 0 0 0 0 95 55 0 0 0 0 0 0 0 0 0 29 31 0 0 0 27 
P8733 2064 2 0 50 0 11 12 14 11 0 0 0 0 1 0 0 4 0 0 0 0 0 0 0 0 0 0 0 0 0 -999 -999 -999 
P8733 2064 3 0 0 0 0 9 0 0 67 66 80 0 26 0 32 36 0 0 0 34 58 35 20 0 16 36 82 54 0 0 0 0 
P8733 2064 4 30 0 0 109 57 0 22 0 0 0 0 16 0 25 0 0 0 0 10 17 33 36 29 0 39 0 0 0 0 13 -999 
P8733 2064 5 0 8 0 0 0 0 32 22 0 0 0 0 0 0 0 0 0 0 0 0 0 25 0 14 0 0 0 0 7 0 0 
P8733 2064 6 0 10 14 0 0 0 0 0 0 0 0 0 0 0 39 0 0 7 0 0 0 0 0 0 0 2 0 0 0 0 -999 
P8733 2064 7 0 0 0 0 0 0 0 0 0 0 0 0 0 0 0 1 0 0 0 0 0 0 0 0 0 0 0 0 0 0 0 
P8733 2064 8 0 0 0 0 0 0 0 0 0 0 0 0 0 0 0 0 0 0 0 0 0 0 3 0 0 0 0 0 0 0 0 
P8733 2064 9 23 0 0 15 0 0 0 0 0 0 0 0 9 0 0 0 11 14 0 0 25 0 0 0 0 3 0 0 0 0 -999 
P8733 2064 10 0 0 7 11 0 0 0 29 0 0 0 0 0 0 11 0 0 0 0 18 0 17 0 51 0 0 21 0 0 78 0 
P8733 2064 11 24 0 0 48 43 0 0 0 0 0 0 0 0 150 43 0 0 2 0 0 0 0 0 0 0 0 0 0 12 15 -999 
P8733 2064 12 25 39 39 71 119 98 150 252 217 80 0 49 72 28 0 47 0 0 0 0 10 0 0 0 0 0 0 0 0 0 0 
P8733 2065 1 2 0 0 0 0 0 0 0 53 71 0 53 62 113 0 38 17 0 8 0 0 0 16 0 0 0 0 19 53 48 87 
P8733 2065 2 0 0 0 0 4 11 0 0 5 0 15 80 113 109 85 115 130 133 94 90 0 12 0 0 0 7 10 0 -999 -999 -999 
P8733 2065 3 4 1 0 0 0 0 0 6 0 0 2 0 0 0 4 0 0 12 5 7 0 0 0 0 13 0 0 20 0 0 0 
P8733 2065 4 0 8 8 15 0 0 0 0 0 0 0 0 17 21 0 0 0 0 0 0 0 5 0 0 0 0 0 0 9 0 -999 
P8733 2065 5 0 0 0 0 0 1 0 0 0 0 0 6 0 0 0 0 5 0 0 0 37 0 0 0 0 0 0 0 0 22 0 
P8733 2065 6 0 0 0 0 0 0 14 0 0 0 0 0 0 0 10 12 0 0 0 0 0 0 0 0 0 0 15 0 0 0 -999 
P8733 2065 7 0 0 0 0 0 0 0 0 0 0 0 0 0 0 0 0 0 0 0 0 0 0 0 0 0 0 0 0 0 0 0 
P8733 2065 8 0 0 0 0 0 0 0 0 0 0 0 0 0 0 0 0 0 0 0 0 0 0 0 0 0 0 0 3 0 0 0 
P8733 2065 9 11 13 0 0 0 0 0 0 0 0 0 0 8 0 0 0 0 0 0 0 0 0 0 0 0 0 0 0 0 0 -999 
P8733 2065 10 0 0 4 0 0 0 49 0 38 0 37 0 32 24 93 0 12 0 53 89 0 24 95 128 0 51 64 0 79 122 60 
P8733 2065 11 44 0 0 0 0 0 0 0 9 0 0 1 0 0 0 0 0 0 13 16 107 82 18 13 59 0 96 0 12 35 -999 
P8733 2065 12 30 0 0 0 0 10 0 0 0 0 39 118 88 32 0 37 34 32 73 0 0 164 126 231 266 343 206 27 0 5 0 
P8733 2066 1 12 0 4 7 0 0 0 0 33 58 76 0 46 63 78 77 32 91 173 0 50 171 120 0 14 15 0 0 0 23 31 
P8733 2066 2 48 32 14 0 22 29 0 60 78 56 51 36 33 43 0 1 13 16 0 0 0 0 6 11 128 54 0 44 -999 -999 -999 
P8733 2066 3 0 0 0 0 0 0 0 0 0 0 0 0 5 0 0 0 0 0 10 0 0 0 2 0 0 51 0 0 5 0 16 
P8733 2066 4 0 0 0 0 8 0 0 0 0 11 0 0 37 0 21 0 22 0 0 29 5 0 10 12 0 0 24 47 0 0 -999 
P8733 2066 5 14 8 0 0 0 27 20 0 16 0 0 0 0 0 0 0 0 0 15 0 0 0 0 0 0 0 0 0 0 0 4 
P8733 2066 6 0 0 0 3 0 0 4 0 0 0 6 0 0 10 11 0 0 0 0 0 0 0 15 0 0 0 7 0 0 0 -999 
P8733 2066 7 0 0 0 0 0 6 0 0 0 0 0 0 0 0 0 0 0 0 0 0 0 0 0 0 0 0 0 0 0 0 0 
P8733 2066 8 0 0 0 0 0 0 0 0 0 0 0 0 0 0 11 0 0 0 0 0 0 0 0 0 0 30 34 0 0 0 0 
P8733 2066 9 0 0 0 0 0 0 0 0 0 0 0 0 0 0 0 0 0 0 0 0 0 0 0 0 45 35 0 16 22 0 -999 
P8733 2066 10 0 0 7 0 5 0 0 0 0 0 0 0 7 12 0 0 0 0 0 10 0 37 6 13 0 0 35 87 0 5 0 
P8733 2066 11 9 7 13 51 123 65 56 44 0 26 79 0 60 0 0 23 0 0 0 0 8 0 0 0 4 0 0 11 0 10 -999 
P8733 2066 12 0 0 0 39 17 0 0 0 8 0 0 14 22 76 157 196 164 0 0 53 45 25 9 0 9 0 0 0 78 202 124 
P8733 2067 1 44 168 60 28 61 0 0 0 0 22 30 42 62 0 52 51 70 0 114 184 160 157 62 119 139 133 145 0 28 80 113 
P8733 2067 2 123 76 0 0 0 24 72 81 58 117 122 35 108 133 79 18 26 98 0 94 150 0 48 27 0 171 97 8 -999 -999 -999 
P8733 2067 3 0 0 20 0 0 0 0 0 11 20 0 49 107 31 6 0 0 0 0 5 0 2 0 10 0 0 7 0 0 0 0 
P8733 2067 4 0 0 0 0 0 0 0 5 0 19 9 0 0 0 0 21 0 0 14 21 34 21 25 0 12 0 0 12 0 9 -999 
P8733 2067 5 12 0 0 0 0 0 0 0 0 0 11 0 0 0 0 0 8 24 0 0 0 0 0 9 0 0 15 0 38 38 0 
P8733 2067 6 0 0 50 20 0 0 0 0 0 0 0 0 11 9 0 13 0 0 0 0 0 0 3 0 0 6 10 0 0 0 -999 
P8733 2067 7 0 0 0 0 0 0 0 0 0 0 0 0 0 0 0 0 0 0 5 0 6 0 0 0 0 0 0 0 0 0 0 
P8733 2067 8 0 0 0 0 5 0 0 8 0 0 0 0 0 0 0 0 0 0 4 0 2 0 0 0 0 10 0 0 7 0 6 
P8733 2067 9 0 0 5 0 0 0 0 0 0 0 0 0 0 0 0 0 7 0 0 0 0 0 0 0 0 0 0 3 5 7 -999 
P8733 2067 10 8 0 9 11 0 0 0 0 0 0 0 0 0 22 0 0 0 0 0 0 0 0 0 0 0 0 0 0 18 0 0 
P8733 2067 11 60 33 21 27 39 29 22 1 0 0 0 0 0 9 0 0 8 0 0 0 0 9 38 55 72 0 0 0 23 36 -999 
P8733 2067 12 14 25 0 50 71 25 0 59 59 0 0 0 71 0 0 0 16 0 0 0 0 0 1 0 0 29 100 44 44 8 0 
P8733 2068 1 0 0 7 20 47 158 130 51 72 9 0 0 0 0 3 0 0 7 0 0 0 0 0 19 0 32 34 0 0 0 18 
P8733 2068 2 5 0 2 0 0 24 14 0 5 0 47 0 0 0 0 0 2 0 0 0 17 0 18 0 9 0 113 52 -999 -999 -999 
P8733 2068 3 27 81 62 79 197 140 0 42 131 54 22 40 0 0 0 20 0 134 81 34 25 86 118 8 21 43 0 16 0 0 0 
P8733 2068 4 0 0 0 0 0 3 0 73 72 59 21 0 0 0 0 0 0 0 3 0 0 0 0 0 0 0 0 0 0 0 -999 
P8733 2068 5 0 0 0 0 0 23 0 0 17 0 0 0 56 42 23 0 40 0 0 0 0 0 0 0 0 0 0 9 0 9 13 
P8733 2068 6 26 0 0 0 30 0 21 13 0 0 0 0 0 0 0 0 0 10 0 0 0 0 0 0 0 0 0 0 0 0 -999 
P8733 2068 7 0 0 0 0 0 0 0 0 0 0 0 0 0 0 0 0 0 0 0 0 0 0 3 0 0 0 0 0 0 2 0 
P8733 2068 8 0 0 0 0 0 0 0 3 0 0 0 0 0 0 0 0 0 0 0 0 3 0 0 0 0 20 0 0 6 0 0 
P8733 2068 9 0 0 7 0 0 0 0 0 20 0 0 0 0 0 0 25 0 27 0 0 0 0 0 0 0 0 0 0 0 0 -999 
P8733 2068 10 4 0 0 0 0 0 29 0 0 0 0 0 0 0 40 0 0 0 0 0 42 0 0 0 4 0 9 0 0 4 5 
P8733 2068 11 4 0 0 10 0 0 0 0 0 0 15 22 14 2 4 0 0 14 0 24 0 15 0 0 0 7 0 7 0 0 -999 
P8733 2068 12 0 0 0 0 9 0 0 0 57 46 20 0 73 94 51 18 0 0 0 0 0 0 53 52 146 0 0 0 0 28 17 
P8733 2069 1 78 85 0 0 4 0 0 0 0 0 0 0 0 0 0 2 0 0 8 0 0 14 0 0 0 0 0 71 112 0 0 
P8733 2069 2 0 0 64 178 211 0 0 145 118 8 2 0 17 0 0 0 0 0 27 24 43 36 0 12 15 0 37 0 -999 -999 -999 
P8733 2069 3 64 55 79 0 0 54 0 0 16 0 0 0 0 0 0 3 0 0 0 0 0 0 0 0 0 24 39 0 0 34 87 
P8733 2069 4 0 0 0 0 0 0 0 0 32 0 31 37 19 0 0 12 0 29 0 0 0 0 0 11 0 0 0 6 0 0 -999 
P8733 2069 5 6 0 0 0 0 0 0 0 0 8 0 0 0 18 16 0 0 0 22 0 0 0 0 0 0 0 0 0 7 0 0 
P8733 2069 6 0 0 0 0 0 4 0 0 0 0 0 0 0 0 0 0 0 0 0 0 0 0 0 0 0 0 0 3 0 5 -999 
P8733 2069 7 0 0 0 0 0 0 2 0 0 0 0 0 0 14 0 0 0 0 0 0 10 0 0 0 0 0 0 0 0 0 0 
P8733 2069 8 0 0 0 0 0 0 0 0 0 0 0 0 0 6 8 0 0 0 3 0 0 0 0 0 9 0 0 0 0 0 0 
P8733 2069 9 0 0 0 0 0 0 0 0 0 0 0 0 0 0 0 16 0 0 0 0 0 0 0 0 0 0 12 13 0 0 -999 
P8733 2069 10 18 0 7 12 0 0 0 0 0 0 0 0 0 20 34 0 22 57 110 91 0 0 78 0 16 44 98 131 123 98 0 
P8733 2069 11 41 0 31 94 35 0 118 111 0 0 0 42 72 47 0 0 0 25 0 21 87 86 0 0 0 0 0 0 0 0 -999 
P8733 2069 12 0 0 0 0 0 0 15 13 13 0 0 0 0 0 0 0 0 0 0 0 0 0 32 11 11 0 0 49 61 45 17 
P8733 2070 1 14 0 91 0 0 57 172 241 197 80 133 0 23 0 0 0 0 0 6 0 14 16 40 45 19 0 0 0 0 0 0 
P8733 2070 2 0 0 0 0 0 0 0 2 0 0 22 0 0 0 8 0 16 14 0 0 0 0 0 48 53 53 48 31 -999 -999 -999 
P8733 2070 3 61 58 29 17 5 1 7 0 0 16 0 0 32 0 75 72 51 92 125 0 185 0 24 13 0 19 0 36 27 41 18 
P8733 2070 4 12 27 0 19 0 0 0 65 0 47 0 19 25 60 0 20 0 42 30 17 45 0 0 0 0 0 0 0 0 0 -999 
P8733 2070 5 0 0 0 76 77 135 54 47 41 53 0 11 0 17 0 18 0 0 40 0 36 50 28 17 0 0 15 0 0 0 0 
P8733 2070 6 5 0 27 40 0 5 0 0 0 0 0 0 0 0 0 0 0 0 0 0 0 0 0 0 0 0 0 0 0 0 -999 
P8733 2070 7 0 0 0 0 0 0 0 0 0 0 0 0 0 0 0 0 0 0 0 0 0 0 0 0 0 0 0 0 0 0 0 
P8733 2070 8 0 0 0 0 0 0 0 0 0 0 0 0 0 0 0 3 0 0 6 0 0 0 0 0 0 0 0 0 0 0 0 
P8733 2070 9 0 0 0 4 0 0 0 0 0 0 0 0 0 0 0 0 9 0 8 0 2 0 0 0 0 0 0 0 0 0 -999 
P8733 2070 10 0 0 0 0 0 0 0 0 0 0 0 52 80 29 0 0 126 184 0 0 0 8 14 0 11 0 0 11 0 23 46 
P8733 2070 11 23 8 0 0 0 0 0 0 8 0 0 0 0 0 0 0 10 0 0 9 38 0 0 0 0 0 24 125 121 33 -999 
P8733 2070 12 41 97 0 13 0 19 0 88 79 42 115 0 50 0 8 16 36 0 70 80 0 126 0 10 0 65 10 52 166 166 0 
P8733 2071 1 18 24 32 39 44 0 15 0 55 108 74 0 85 0 21 50 42 23 0 17 0 14 18 30 46 79 124 0 19 0 0 
P8733 2071 2 0 0 4 0 44 0 0 16 0 82 110 90 48 0 70 0 96 39 0 44 0 0 0 0 18 21 0 0 -999 -999 -999 
P8733 2071 3 0 5 3 0 18 12 41 56 51 53 57 0 19 50 0 13 13 0 22 0 0 0 0 38 0 12 5 0 0 10 0 
P8733 2071 4 0 61 37 28 5 0 0 0 0 0 0 0 0 0 0 0 0 13 0 27 22 0 24 36 0 20 16 0 14 0 -999 
P8733 2071 5 0 0 0 27 0 0 0 25 28 0 0 0 9 0 0 0 0 7 0 3 0 12 9 0 0 0 0 0 13 0 15 
P8733 2071 6 0 0 18 0 13 0 0 0 20 30 0 0 0 0 0 0 0 0 17 11 0 0 0 3 4 0 0 0 0 0 -999 
P8733 2071 7 0 19 0 0 0 4 0 0 0 0 0 0 0 0 0 9 0 0 0 0 0 0 0 0 0 0 0 0 0 0 7 
P8733 2071 8 0 0 0 0 0 0 0 0 0 0 0 0 0 0 0 0 0 0 0 0 0 0 0 0 0 0 0 0 0 4 6 
P8733 2071 9 0 0 0 8 7 0 0 0 0 8 0 0 0 0 0 0 0 0 0 0 0 0 0 0 0 0 22 27 18 0 -999 
P8733 2071 10 0 0 0 0 0 0 0 0 0 0 0 0 0 0 0 71 65 0 0 0 0 72 0 0 0 6 0 0 0 31 72 
P8733 2071 11 0 100 122 94 66 32 25 7 0 8 0 0 0 0 0 27 0 8 0 50 52 29 31 46 0 0 0 0 22 0 -999 
P8733 2071 12 18 0 42 48 45 177 161 109 92 187 185 230 131 100 66 86 109 144 59 35 0 0 0 140 57 143 0 0 0 0 113 
P8733 2072 1 60 0 0 0 19 31 0 27 48 51 9 0 0 0 0 0 0 28 0 83 50 28 39 12 27 134 64 11 0 0 51 
P8733 2072 2 131 72 92 45 58 0 0 15 0 6 0 0 0 0 0 0 4 7 0 0 0 0 0 0 0 10 6 0 -999 -999 -999 
P8733 2072 3 0 0 6 0 0 15 9 4 4 0 0 0 0 12 0 0 17 16 0 0 0 0 19 47 39 29 0 43 0 0 37 
P8733 2072 4 0 11 0 0 0 0 2 0 0 24 0 0 2 0 0 0 0 0 0 0 29 22 27 7 0 0 0 0 27 33 -999 
P8733 2072 5 0 0 0 7 0 0 0 0 12 30 11 0 0 0 0 0 0 19 0 0 0 3 0 0 0 0 0 0 0 0 0 
P8733 2072 6 6 10 0 0 0 16 0 0 27 0 0 0 0 6 0 0 0 0 0 0 0 0 0 0 0 0 3 0 0 0 -999 
P8733 2072 7 0 0 0 0 0 5 0 0 0 0 0 0 2 0 3 0 0 0 0 0 0 0 0 0 0 0 0 0 0 0 0 
P8733 2072 8 0 0 0 0 0 0 0 0 0 0 0 0 0 0 0 0 0 0 0 0 4 0 0 0 0 0 0 0 0 0 0 
P8733 2072 9 0 0 0 0 11 0 0 0 0 0 0 8 0 0 0 0 0 6 0 0 35 13 0 0 0 63 0 0 0 0 -999 
P8733 2072 10 0 0 0 0 0 11 0 0 0 0 0 0 9 0 22 0 0 24 0 6 9 16 0 8 6 0 18 0 1 0 0 
P8733 2072 11 0 0 19 0 0 32 0 0 0 61 47 0 52 0 0 0 0 0 52 62 0 0 29 0 40 42 54 0 0 0 -999 
P8733 2072 12 7 24 0 0 0 11 0 0 0 11 0 5 15 19 16 15 0 0 0 32 112 0 20 46 154 97 0 0 0 0 62 
P8733 2073 1 0 0 0 0 0 0 0 16 0 0 8 0 7 0 0 39 0 0 28 22 24 0 0 0 0 11 0 8 0 0 0 
P8733 2073 2 37 109 85 50 38 0 0 25 23 0 17 24 0 37 0 0 0 37 0 0 0 4 0 0 33 103 58 24 -999 -999 -999 
P8733 2073 3 63 0 6 0 0 39 0 24 45 51 25 0 0 28 0 19 16 0 0 0 25 21 2 40 0 37 132 145 122 0 0 
P8733 2073 4 0 0 19 0 17 48 55 0 18 0 44 36 0 0 23 0 0 0 22 22 0 0 20 56 54 0 0 0 0 0 -999 
P8733 2073 5 0 0 0 0 0 0 0 0 0 0 0 0 0 0 0 95 74 0 0 10 0 3 0 6 0 0 0 0 0 0 0 
P8733 2073 6 4 0 5 0 0 0 5 0 0 0 0 0 0 0 0 0 0 12 0 0 0 0 0 0 0 8 0 0 0 0 -999 
P8733 2073 7 0 0 0 0 0 0 0 0 0 0 0 0 0 0 0 0 0 0 0 0 1 0 0 0 0 23 0 9 0 0 0 
P8733 2073 8 0 0 0 0 0 0 0 0 0 0 0 0 0 12 0 0 0 0 0 0 0 0 0 0 0 0 0 0 0 0 0 
P8733 2073 9 0 0 0 0 0 0 8 12 0 0 0 0 0 0 0 41 0 26 0 12 0 0 0 32 0 0 0 8 0 0 -999 
P8733 2073 10 0 0 8 0 0 0 0 0 0 9 18 0 0 0 0 0 2 0 0 0 0 0 0 0 0 0 0 0 0 0 23 
P8733 2073 11 0 0 0 0 0 0 7 0 0 0 0 0 0 9 41 103 0 0 93 71 92 102 20 0 22 26 0 0 0 0 -999 
P8733 2073 12 0 0 11 0 0 0 0 18 9 0 0 33 47 32 4 0 2 9 32 30 15 19 0 11 17 0 4 34 94 0 374 
P8733 2074 1 170 0 60 188 178 168 0 0 52 0 47 34 0 0 8 0 0 0 0 0 0 6 0 0 0 28 0 0 54 0 0 
P8733 2074 2 0 0 0 0 0 0 0 0 0 9 0 0 39 0 0 32 73 43 33 23 4 38 0 0 28 133 156 206 -999 -999 -999 
P8733 2074 3 170 0 0 0 22 54 61 0 0 12 16 0 81 0 0 0 0 0 0 0 55 99 0 89 51 17 1 0 0 14 0 
P8733 2074 4 0 0 0 29 18 0 10 0 26 0 0 0 25 0 34 93 31 59 82 76 0 0 0 0 9 0 0 0 0 0 -999 
P8733 2074 5 0 0 6 0 0 0 7 0 0 0 26 0 0 43 0 21 0 0 0 0 0 0 3 10 0 12 0 0 0 0 0 
P8733 2074 6 9 0 0 0 0 4 0 0 8 0 17 0 0 3 0 0 0 0 10 0 1 0 3 0 0 0 0 0 0 0 -999 
P8733 2074 7 0 0 0 0 0 0 0 0 0 0 0 0 0 0 0 0 0 0 0 0 0 0 0 0 0 10 9 0 0 0 0 
P8733 2074 8 0 0 0 0 0 5 9 0 0 0 0 0 0 0 0 0 0 0 5 0 0 0 0 0 4 0 0 0 0 0 8 
P8733 2074 9 0 0 0 0 0 6 8 0 0 0 0 0 0 0 0 0 0 0 3 0 0 0 0 0 3 0 0 2 0 0 -999 
P8733 2074 10 0 0 0 0 0 0 0 0 0 0 0 0 0 0 0 8 10 0 10 12 11 0 33 0 0 0 0 0 9 0 4 
P8733 2074 11 0 0 0 40 0 0 20 0 23 0 0 0 7 0 46 0 42 14 0 120 54 0 27 51 0 13 18 0 0 0 -999 
P8733 2074 12 0 0 0 0 0 0 0 6 25 0 77 85 72 10 0 0 0 0 0 0 5 0 0 9 5 0 3 0 0 0 17 
P8733 2075 1 4 3 0 0 0 0 0 0 16 20 0 25 0 27 86 30 23 0 0 0 0 0 55 0 0 0 0 8 7 0 4 
P8733 2075 2 7 32 30 42 57 116 80 65 51 0 150 181 126 16 0 0 0 0 0 55 0 0 0 0 0 0 0 5 -999 -999 -999 
P8733 2075 3 0 0 20 10 11 22 0 0 2 5 0 6 0 0 14 0 35 48 47 40 24 80 51 70 66 48 38 0 0 19 0 
P8733 2075 4 0 20 55 0 23 0 67 102 73 0 0 7 0 0 0 0 12 17 0 0 0 19 0 0 17 0 0 0 0 0 -999 
P8733 2075 5 0 0 0 0 0 0 11 0 7 15 28 0 0 0 0 0 0 0 0 0 15 0 0 8 0 0 6 9 0 0 0 
P8733 2075 6 0 0 0 22 0 0 0 0 0 8 10 0 0 0 0 0 0 0 0 0 0 0 0 0 0 0 0 0 0 0 -999 
P8733 2075 7 0 0 0 0 0 0 0 0 0 0 0 0 0 0 3 0 0 11 0 0 0 0 0 0 0 0 0 0 0 0 0 
P8733 2075 8 0 0 0 0 0 4 0 0 0 0 0 0 0 0 0 0 0 0 0 0 0 0 0 0 0 0 0 0 0 0 0 
P8733 2075 9 0 0 0 0 0 0 0 0 0 0 0 0 0 0 0 0 0 0 0 0 0 0 0 0 0 0 6 0 0 0 -999 
P8733 2075 10 18 24 0 41 0 23 60 126 115 0 0 0 11 42 0 0 0 0 0 4 3 0 0 0 0 24 47 56 85 0 0 
P8733 2075 11 0 0 0 0 28 66 0 0 0 0 0 22 46 0 143 0 0 22 30 17 79 96 79 45 0 0 0 0 0 11 -999 
P8733 2075 12 0 0 96 94 37 0 0 0 0 26 0 26 20 0 0 0 38 0 0 0 0 0 0 0 0 0 0 0 0 0 0 
P8733 2076 1 0 0 0 0 0 0 17 0 12 0 12 9 12 0 7 2 0 0 0 3 0 7 0 0 0 0 0 0 25 34 94 
P8733 2076 2 160 74 22 0 0 0 0 0 0 10 0 0 0 0 0 0 4 6 0 51 26 0 7 0 0 1 0 0 -999 -999 -999 
P8733 2076 3 24 0 0 23 21 26 34 0 0 0 0 0 0 0 0 0 7 9 0 0 15 19 33 28 28 0 12 0 3 0 0 
P8733 2076 4 0 0 0 0 0 0 0 17 0 21 0 0 0 18 51 63 38 27 0 0 0 0 0 0 9 0 0 13 0 13 -999 
P8733 2076 5 32 68 24 5 23 0 0 8 0 2 0 0 0 0 15 13 0 0 16 10 0 0 0 29 0 0 0 0 0 4 0 
P8733 2076 6 0 13 0 0 0 0 0 5 0 0 0 1 0 0 0 0 0 0 0 0 0 0 0 0 0 0 0 0 0 0 -999 
P8733 2076 7 0 0 0 0 0 0 0 0 0 0 6 0 0 0 0 0 0 0 0 0 0 0 0 0 0 0 0 0 0 0 0 
P8733 2076 8 0 0 0 0 0 0 0 0 0 0 0 0 10 21 0 0 0 3 0 0 5 0 0 0 0 0 0 0 0 0 0 
P8733 2076 9 0 0 0 0 0 6 0 0 0 0 0 0 0 0 0 0 0 0 0 0 0 0 0 6 0 0 0 0 0 0 -999 
P8733 2076 10 0 0 21 0 0 0 0 0 0 0 0 0 0 0 0 0 0 0 0 0 0 0 0 0 0 0 0 111 0 0 0 
P8733 2076 11 0 0 0 0 0 0 0 0 9 0 0 14 10 0 12 0 18 20 18 25 0 31 26 0 2 8 0 74 21 0 -999 
P8733 2076 12 0 0 0 0 0 0 6 0 0 80 64 88 30 0 0 32 0 0 0 0 0 0 0 0 0 15 0 0 21 14 0 
P8733 2077 1 0 0 0 0 0 0 0 0 0 2 1 0 0 0 0 0 0 0 0 14 0 0 0 0 0 0 0 0 5 0 38 
P8733 2077 2 45 46 52 0 26 47 104 69 49 0 22 0 0 12 0 34 0 103 149 52 42 0 16 30 57 0 6 5 -999 -999 -999 
P8733 2077 3 0 0 0 0 17 19 48 0 20 27 16 0 14 0 12 15 11 0 0 38 55 77 45 0 0 0 0 0 0 2 9 
P8733 2077 4 0 0 0 0 0 0 0 0 0 0 0 0 0 0 0 26 22 0 0 0 6 0 28 0 0 41 0 0 0 0 -999 
P8733 2077 5 0 0 49 0 5 7 22 0 0 0 0 0 0 0 6 13 0 0 0 0 0 0 0 17 0 0 0 0 0 0 0 
P8733 2077 6 0 0 0 0 31 31 0 0 19 0 0 0 16 0 0 0 4 2 0 0 0 0 0 0 0 0 0 0 10 0 -999 
P8733 2077 7 6 0 0 0 0 0 0 0 28 16 0 0 0 0 0 0 0 0 0 0 0 0 0 0 0 0 0 0 0 0 0 
P8733 2077 8 0 0 0 0 0 0 0 0 0 0 0 0 0 0 0 2 0 0 9 0 0 0 0 0 0 0 0 0 0 0 0 
P8733 2077 9 0 0 0 0 13 0 0 0 11 0 0 0 0 0 0 0 0 0 0 0 15 19 0 0 0 0 3 0 0 28 -999 
P8733 2077 10 24 0 45 0 0 3 0 0 0 0 0 0 0 0 0 0 14 36 37 14 0 38 45 23 12 8 0 0 55 24 0 
P8733 2077 11 57 0 0 0 0 7 12 35 141 132 87 0 19 0 0 54 0 0 0 0 46 19 75 0 0 0 20 0 0 59 -999 
P8733 2077 12 58 123 0 64 0 126 137 0 24 86 126 0 0 0 0 4 0 0 0 0 0 0 0 0 0 0 0 15 0 0 0 
P8733 2078 1 204 234 197 144 101 130 25 62 164 73 0 0 108 46 115 98 74 30 0 0 30 14 3 0 7 0 0 0 0 5 0 
P8733 2078 2 7 13 10 0 0 0 0 0 0 0 1 0 1 0 0 8 7 8 9 0 7 0 26 0 127 201 85 61 -999 -999 -999 
P8733 2078 3 0 9 36 0 0 23 41 0 51 0 23 0 23 29 67 53 105 119 79 86 0 0 37 47 0 0 0 10 0 0 22 
P8733 2078 4 0 56 15 11 0 0 0 16 12 17 0 0 30 0 0 29 25 0 25 0 0 0 17 37 0 48 0 0 0 0 -999 
P8733 2078 5 59 0 50 0 0 0 0 0 32 27 0 0 0 0 0 0 0 51 38 0 1 0 0 1 0 9 0 0 0 0 0 
P8733 2078 6 0 0 0 0 0 0 0 0 0 0 0 0 0 0 0 14 7 0 3 0 9 0 0 5 0 0 0 0 0 0 -999 
P8733 2078 7 0 0 4 0 0 0 0 0 0 0 0 0 0 0 0 0 0 0 0 0 0 0 0 0 0 0 0 0 0 0 0 
P8733 2078 8 0 0 3 0 0 0 0 0 0 0 0 0 0 0 9 0 0 0 0 0 0 14 0 0 0 0 0 0 0 0 0 
P8733 2078 9 0 0 5 0 6 6 0 0 0 3 0 0 0 0 0 0 0 0 0 0 0 0 0 0 0 0 0 0 0 0 -999 
P8733 2078 10 0 0 0 0 0 15 0 4 28 58 0 0 0 46 0 0 79 77 20 0 114 0 11 31 0 0 3 14 0 0 0 
P8733 2078 11 57 0 13 12 32 0 0 0 4 0 0 1 0 0 0 0 45 89 31 0 0 6 0 5 0 0 0 0 0 0 -999 
P8733 2078 12 14 7 0 10 0 10 0 0 12 31 0 0 25 41 0 0 0 0 0 0 0 35 13 0 0 113 134 53 35 195 152 
P8733 2079 1 14 17 0 66 38 0 0 0 0 0 4 0 6 0 0 1 0 6 0 34 40 42 5 0 0 0 0 0 0 0 6 
P8733 2079 2 0 0 0 19 0 0 0 0 0 0 0 0 0 0 0 5 6 0 5 5 10 17 24 48 34 0 14 10 -999 -999 -999 
P8733 2079 3 14 11 12 0 32 0 0 0 0 0 2 0 0 8 0 0 0 0 0 4 0 6 0 12 12 0 0 0 7 0 6 
P8733 2079 4 0 0 20 31 0 0 0 0 13 0 0 9 14 23 36 31 26 21 0 26 0 0 0 54 0 0 0 5 0 0 -999 
P8733 2079 5 0 16 0 0 0 0 0 0 7 13 15 19 0 0 0 0 0 0 0 0 0 0 0 0 6 0 4 3 2 0 0 
P8733 2079 6 0 0 0 0 0 0 0 32 0 0 0 0 0 0 0 0 0 1 0 0 0 0 0 0 0 0 0 0 0 0 -999 
P8733 2079 7 0 0 0 0 1 0 0 0 0 0 0 0 0 0 0 0 0 0 0 0 0 0 0 0 0 0 0 0 0 0 0 
P8733 2079 8 0 0 7 0 0 0 0 2 0 8 0 0 0 0 0 0 0 0 0 0 0 0 0 0 0 0 0 0 0 0 0 
P8733 2079 9 0 0 0 0 0 0 0 0 0 0 0 18 0 0 0 0 0 0 0 0 0 0 0 0 0 2 0 0 0 0 -999 
P8733 2079 10 0 0 0 0 0 6 0 0 0 0 0 1 0 0 0 0 0 0 20 0 0 0 0 0 15 46 0 0 0 0 18 
P8733 2079 11 32 0 50 63 124 101 0 0 0 0 0 0 53 0 47 34 70 124 77 0 0 0 52 0 43 34 0 0 0 7 -999 
P8733 2079 12 11 0 0 0 11 0 0 0 0 0 0 0 0 0 0 0 0 0 0 0 0 0 0 3 0 0 9 26 0 0 15 
P8733 2080 1 12 0 0 0 0 0 0 0 0 0 0 0 23 14 0 0 0 3 0 0 0 0 0 14 18 30 36 18 18 0 0 
P8733 2080 2 0 0 0 0 0 15 21 48 97 180 211 128 101 33 0 18 38 67 0 104 55 0 0 0 0 0 0 0 -999 -999 -999 
P8733 2080 3 83 80 0 40 55 41 64 0 122 143 119 106 19 0 0 0 0 0 4 0 0 0 0 5 10 0 9 11 14 0 0 
P8733 2080 4 0 4 3 0 0 8 0 0 38 25 39 0 0 0 0 0 10 0 0 9 0 0 0 0 0 0 0 0 0 12 -999 
P8733 2080 5 12 0 0 0 15 0 10 0 0 0 0 0 47 48 40 0 0 0 0 0 0 0 0 25 0 0 0 0 0 0 0 
P8733 2080 6 0 0 0 0 0 0 0 0 0 0 3 0 0 3 0 0 13 0 0 0 0 0 0 0 31 0 0 0 0 0 -999 
P8733 2080 7 0 0 0 0 0 0 0 0 0 0 0 0 0 0 0 0 0 0 0 0 0 0 0 3 0 0 0 0 0 0 0 
P8733 2080 8 0 0 0 0 0 0 0 0 0 0 0 0 0 0 0 0 0 0 0 0 0 3 0 0 0 0 0 0 0 0 0 
P8733 2080 9 0 0 0 0 0 0 0 0 0 0 0 0 0 0 0 0 0 0 3 0 0 0 0 0 0 30 21 0 0 5 -999 
P8733 2080 10 0 48 0 95 0 89 48 125 75 78 0 105 93 0 69 30 0 1 0 19 0 0 0 0 0 0 0 10 3 3 28 
P8733 2080 11 45 48 46 31 73 30 0 0 25 0 0 0 17 0 28 0 0 18 0 13 7 4 5 0 10 0 0 0 0 0 -999 
P8733 2080 12 25 44 123 132 151 0 188 166 97 0 0 0 19 48 0 0 0 0 0 4 0 0 0 21 39 117 38 0 29 37 93 
P8733 2081 1 125 108 184 150 96 0 0 9 0 27 0 0 48 0 77 28 38 0 0 0 169 0 60 48 0 95 44 41 67 27 72 
P8733 2081 2 0 16 28 0 74 113 0 45 44 0 0 0 8 0 10 0 0 12 0 20 0 11 58 79 50 10 0 26 -999 -999 -999 
P8733 2081 3 21 23 54 130 56 33 0 0 0 42 0 13 19 23 0 19 93 172 141 141 126 200 134 0 30 0 75 45 79 0 126 
P8733 2081 4 130 43 45 20 21 0 17 0 0 52 84 0 10 0 61 0 0 0 0 18 0 22 0 0 81 0 22 88 64 111 -999 
P8733 2081 5 106 83 41 39 0 0 0 47 74 78 23 26 35 41 44 22 0 3 0 0 0 0 0 8 0 7 0 0 0 19 25 
P8733 2081 6 0 0 0 0 0 0 0 7 6 0 0 0 0 0 13 0 20 0 0 0 0 0 0 0 0 0 0 0 0 0 -999 
P8733 2081 7 0 0 0 0 0 0 0 0 0 0 0 0 8 0 0 0 0 7 0 0 0 0 3 0 0 0 0 0 0 0 0 
P8733 2081 8 0 0 0 0 0 0 0 0 12 0 0 0 0 0 0 8 0 0 0 0 0 0 0 0 0 0 0 0 0 0 0 
P8733 2081 9 0 0 0 0 0 0 0 0 0 0 0 0 2 0 0 0 0 32 0 0 0 0 0 8 5 0 0 0 0 12 -999 
P8733 2081 10 16 11 0 41 0 0 0 0 0 28 0 9 0 0 0 0 0 0 0 0 0 0 0 0 10 0 0 6 0 0 0 
P8733 2081 11 36 35 106 139 0 0 0 0 0 0 0 0 0 10 0 77 117 185 137 12 0 5 0 0 22 0 4 10 72 62 -999 
P8733 2081 12 35 0 0 0 0 111 109 136 90 47 36 99 123 110 67 55 34 0 9 11 0 24 35 0 0 0 83 0 0 0 11 
P8733 2082 1 67 0 0 23 0 0 0 0 26 0 62 0 55 0 20 0 62 93 46 55 141 275 105 84 116 98 84 0 9 3 0 
P8733 2082 2 0 0 0 0 0 0 0 0 0 0 0 0 0 0 0 0 2 0 0 5 11 10 0 29 53 0 46 51 -999 -999 -999 
P8733 2082 3 51 63 33 0 42 27 11 0 0 0 0 0 6 31 0 12 0 0 68 0 0 0 20 0 51 0 0 0 95 57 16 
P8733 2082 4 0 0 0 24 34 16 0 0 0 0 0 0 0 0 0 19 0 0 0 0 0 0 0 0 2 0 3 0 0 0 -999 
P8733 2082 5 0 18 0 0 0 0 14 27 0 0 0 0 0 49 0 9 0 0 0 0 0 0 0 0 0 1 2 0 0 0 0 
P8733 2082 6 0 0 0 0 0 0 0 0 0 0 0 0 10 0 0 6 0 0 0 12 0 0 0 0 0 0 0 0 0 16 -999 
P8733 2082 7 0 0 0 0 0 4 0 0 0 0 0 0 0 0 0 0 0 0 0 0 0 0 0 0 0 0 0 0 0 0 0 
P8733 2082 8 0 0 0 0 0 0 0 0 0 0 0 0 0 0 5 0 0 0 0 0 0 0 0 0 0 0 0 0 0 0 0 
P8733 2082 9 0 0 0 0 0 0 0 0 0 0 0 0 0 0 0 0 0 0 0 0 2 0 0 0 15 0 0 0 0 0 -999 
P8733 2082 10 0 13 2 0 0 0 0 0 0 0 0 0 0 0 0 0 0 0 36 17 0 65 0 0 0 0 0 0 0 0 0 
P8733 2082 11 121 124 96 34 0 0 0 8 0 0 0 0 19 0 0 61 109 157 0 0 0 0 0 0 0 0 0 0 0 0 -999 
P8733 2082 12 0 43 11 0 0 0 0 7 12 0 0 0 20 7 12 0 0 0 0 14 0 21 0 0 0 18 20 0 0 0 0 
P8733 2083 1 14 0 0 72 28 12 10 19 0 0 0 0 10 0 0 0 31 36 32 27 0 84 37 0 0 3 0 4 19 27 0 
P8733 2083 2 0 40 0 14 5 13 66 55 49 108 136 0 0 0 0 55 82 272 152 154 131 75 42 40 104 255 130 88 -999 -999 -999 
P8733 2083 3 115 36 60 31 0 0 0 0 30 0 0 11 0 19 0 25 0 4 0 21 31 66 118 160 119 64 211 79 0 0 0 
P8733 2083 4 0 24 18 17 0 41 79 46 0 0 0 17 0 0 0 36 19 2 0 4 0 4 0 8 0 0 47 0 0 0 -999 
P8733 2083 5 0 5 0 0 15 25 0 0 44 0 0 0 24 0 0 41 62 0 33 0 0 0 10 0 47 87 133 0 0 0 0 
P8733 2083 6 0 29 0 0 0 8 0 0 17 0 32 0 18 0 0 0 0 0 0 0 0 2 0 0 0 0 0 0 0 0 -999 
P8733 2083 7 0 0 0 0 0 0 0 0 0 0 0 0 0 14 0 0 0 0 0 0 0 0 0 0 0 0 0 0 0 0 0 
P8733 2083 8 0 4 0 0 0 0 0 0 0 0 0 0 0 0 0 0 0 0 0 0 0 0 0 0 0 0 0 0 0 0 0 
P8733 2083 9 0 0 0 0 0 0 0 0 0 0 0 0 0 0 7 0 0 0 0 0 0 0 5 0 0 0 0 0 0 0 -999 
P8733 2083 10 0 0 0 0 55 23 10 0 4 0 0 0 0 0 6 9 6 0 8 22 0 41 0 0 0 0 0 0 0 20 0 
P8733 2083 11 0 0 0 117 78 0 32 34 0 14 18 97 152 0 0 0 79 0 0 0 2 0 5 0 21 0 0 0 13 17 -999 
P8733 2083 12 16 22 0 0 39 0 111 170 267 38 27 38 0 135 190 50 38 0 63 100 51 8 0 0 26 0 5 0 0 0 12 
P8733 2084 1 16 10 15 13 0 3 0 8 0 0 0 7 0 0 0 17 43 59 0 0 39 59 0 26 68 117 0 79 49 0 0 
P8733 2084 2 0 0 0 0 0 0 0 43 0 31 0 23 24 15 0 0 0 0 0 0 0 0 12 0 0 68 80 43 -999 -999 -999 
P8733 2084 3 0 68 0 70 0 16 8 0 3 33 0 0 0 22 37 0 168 124 37 0 0 0 0 0 0 0 0 0 0 13 0 
P8733 2084 4 20 0 0 0 0 0 0 0 8 25 0 0 18 0 0 6 0 0 0 0 0 0 0 7 4 0 0 0 0 0 -999 
P8733 2084 5 0 0 11 17 0 0 47 0 0 1 0 0 0 2 0 0 15 0 0 0 0 4 6 0 0 0 0 9 3 2 0 
P8733 2084 6 0 0 0 6 0 0 0 0 0 0 35 32 0 0 0 0 0 0 0 0 0 0 0 0 0 0 0 0 0 0 -999 
P8733 2084 7 0 0 0 0 0 0 0 0 0 0 0 0 0 0 0 0 0 0 12 0 0 0 2 0 0 0 0 9 0 0 0 
P8733 2084 8 0 0 0 0 0 0 0 0 0 0 0 0 0 0 0 0 0 0 0 0 0 0 0 0 0 0 0 0 3 0 2 
P8733 2084 9 0 0 0 0 15 0 9 5 2 0 0 0 0 19 0 57 0 0 0 0 0 0 0 0 0 0 0 0 0 0 -999 
P8733 2084 10 0 0 0 39 0 5 16 11 0 0 0 3 0 0 0 0 0 0 0 0 15 14 0 0 0 0 0 90 187 176 92 
P8733 2084 11 47 36 114 0 38 30 0 94 99 0 0 0 0 0 17 17 25 24 30 15 14 0 0 0 0 0 23 72 0 0 -999 
P8733 2084 12 13 0 0 0 57 0 23 120 102 125 167 160 209 128 57 0 0 0 0 0 0 0 0 0 0 0 13 37 47 0 0 
P8733 2085 1 2 0 0 5 5 1 1 0 0 0 0 0 0 0 9 58 29 11 11 0 20 0 117 119 57 0 0 14 8 8 0 
P8733 2085 2 0 0 10 0 23 0 25 24 21 0 0 0 42 13 14 6 0 3 0 0 3 0 24 0 17 0 0 0 -999 -999 -999 
P8733 2085 3 0 0 0 0 6 0 0 8 55 68 42 118 120 65 89 0 0 0 0 4 16 0 0 38 35 20 11 0 27 0 4 
P8733 2085 4 0 0 0 0 0 14 20 0 0 26 26 83 72 69 0 73 0 29 20 0 0 0 0 0 0 8 0 0 20 35 -999 
P8733 2085 5 53 0 23 0 13 0 0 63 0 35 0 17 27 35 0 5 0 0 0 0 0 0 0 0 0 0 10 0 0 0 0 
P8733 2085 6 0 0 0 0 0 5 14 0 0 21 0 19 0 0 0 0 0 0 0 0 0 0 0 0 0 0 0 0 0 0 -999 
P8733 2085 7 0 0 0 0 0 0 0 0 0 0 0 8 0 0 0 0 0 0 0 0 0 0 0 0 1 0 0 0 0 0 0 
P8733 2085 8 0 0 0 0 0 0 0 0 0 0 0 0 0 0 0 0 0 0 0 0 0 0 0 0 0 0 0 0 0 0 0 
P8733 2085 9 0 0 0 0 0 16 18 0 0 0 0 0 0 0 1 0 0 0 0 0 0 0 0 9 0 0 0 0 0 10 -999 
P8733 2085 10 28 41 32 0 0 0 5 0 0 0 0 0 0 13 0 0 0 0 0 0 0 0 0 0 0 0 75 59 51 130 0 
P8733 2085 11 0 25 33 0 0 0 0 0 0 0 0 0 0 0 0 63 88 0 26 107 0 49 0 0 8 0 0 54 93 25 -999 
P8733 2085 12 156 100 18 23 0 121 0 0 0 0 0 0 42 0 0 19 20 18 18 0 0 43 23 0 0 0 0 0 8 16 0 
P8733 2086 1 0 0 0 27 19 22 20 0 0 0 0 20 0 66 28 0 33 110 0 38 0 0 0 0 73 30 19 18 12 0 26 
P8733 2086 2 35 43 96 0 0 49 59 49 0 0 20 48 21 5 0 21 25 0 0 0 0 0 0 13 0 0 0 6 -999 -999 -999 
P8733 2086 3 0 0 0 2 0 0 14 0 0 0 0 0 66 14 0 0 0 0 0 3 0 0 2 0 0 0 0 12 17 0 0 
P8733 2086 4 0 0 0 0 12 0 33 0 0 0 0 0 34 32 41 23 0 0 0 0 0 0 5 0 0 0 0 41 25 0 -999 
P8733 2086 5 0 0 31 82 0 0 0 0 0 3 0 0 3 0 3 0 0 0 0 0 7 10 0 0 0 0 0 0 4 0 7 
P8733 2086 6 0 0 0 0 0 0 0 0 0 0 0 0 0 0 0 13 0 0 0 0 0 8 3 0 0 0 0 0 0 0 -999 
P8733 2086 7 0 13 0 0 0 0 0 0 0 0 0 0 0 0 0 0 0 0 0 0 0 0 0 0 0 0 0 0 0 0 0 
P8733 2086 8 0 0 0 0 0 0 0 0 0 0 0 0 0 0 0 0 0 6 0 0 0 10 0 0 0 0 0 0 0 0 0 
P8733 2086 9 0 0 0 0 0 0 0 0 0 2 0 0 19 0 0 0 0 0 2 0 0 0 15 0 0 0 0 0 3 0 -999 
P8733 2086 10 0 0 0 0 0 0 0 0 25 0 0 37 0 0 0 0 0 0 0 0 0 12 12 23 48 0 0 31 0 0 0 
P8733 2086 11 0 40 0 17 65 22 0 0 0 0 14 0 0 0 0 0 0 21 52 0 50 11 0 0 0 0 0 35 58 20 -999 
P8733 2086 12 22 0 11 5 0 0 0 0 0 0 0 0 0 0 0 0 0 11 75 0 0 121 188 66 0 0 0 0 0 0 1 
P8733 2087 1 0 8 0 0 15 0 0 93 0 0 28 0 0 0 0 0 6 0 6 11 0 28 42 9 26 0 0 0 0 18 50 
P8733 2087 2 54 0 0 0 0 0 0 0 6 0 20 16 0 0 0 0 0 2 0 0 0 0 0 0 14 31 0 38 -999 -999 -999 
P8733 2087 3 113 114 97 31 0 16 19 46 53 83 82 0 31 13 0 19 0 15 0 0 0 38 45 54 0 0 7 15 0 0 0 
P8733 2087 4 40 0 0 0 13 0 0 2 13 0 12 0 2 3 0 65 42 5 0 13 57 96 73 61 98 48 27 0 0 10 -999 
P8733 2087 5 8 0 0 22 20 0 15 0 0 0 0 0 0 0 24 0 0 0 0 0 0 0 0 0 0 14 0 0 0 0 14 
P8733 2087 6 0 0 0 0 0 0 0 0 0 0 0 0 0 0 2 0 0 17 0 0 4 0 0 0 0 0 4 0 0 0 -999 
P8733 2087 7 0 0 0 0 0 0 0 0 0 0 2 0 0 0 0 0 0 0 0 0 0 0 0 0 2 0 0 0 0 0 0 
P8733 2087 8 0 0 0 0 0 0 0 0 0 0 0 0 0 0 0 0 0 0 0 0 0 0 0 0 0 0 0 0 0 0 0 
P8733 2087 9 0 0 0 0 0 0 0 3 0 0 0 0 0 0 0 0 0 0 0 0 0 10 0 0 0 0 0 0 0 0 -999 
P8733 2087 10 0 0 0 0 0 22 0 0 0 11 18 0 5 0 0 0 0 0 0 1 0 0 0 0 0 0 0 7 0 5 0 
P8733 2087 11 0 2 0 0 19 4 0 0 0 0 0 0 0 0 0 0 0 0 0 0 0 0 0 0 0 0 0 0 0 0 -999 
P8733 2087 12 16 0 15 0 0 4 12 55 0 0 0 0 20 0 13 0 0 13 12 4 0 0 169 95 39 144 65 20 83 120 63 
P8733 2088 1 43 34 99 17 0 0 11 0 0 0 0 0 0 0 0 0 0 0 8 0 0 0 0 0 0 20 34 0 0 0 11 
P8733 2088 2 0 8 0 0 15 0 57 73 181 53 0 0 0 0 23 14 16 0 0 0 0 0 0 0 26 25 30 20 -999 -999 -999 
P8733 2088 3 0 0 120 0 0 0 14 0 0 0 13 21 0 4 0 0 0 29 0 0 0 0 13 0 0 0 48 0 0 0 0 
P8733 2088 4 0 0 3 10 0 50 0 88 43 24 0 0 0 0 17 0 0 0 0 0 0 23 0 0 0 0 0 0 0 0 -999 
P8733 2088 5 0 0 0 0 0 30 0 26 0 0 0 0 0 19 0 30 0 0 40 0 0 0 0 0 0 2 0 0 0 0 0 
P8733 2088 6 0 0 0 0 0 0 0 0 17 0 0 0 0 0 0 0 0 0 0 0 0 0 0 0 0 0 0 0 0 0 -999 
P8733 2088 7 0 0 0 0 0 0 0 0 0 0 0 3 0 0 0 0 0 0 0 0 0 0 0 0 0 0 0 0 0 0 0 
P8733 2088 8 0 0 0 0 0 0 0 11 0 0 0 1 0 0 0 0 0 0 0 0 0 0 0 0 0 0 0 0 0 0 0 
P8733 2088 9 0 0 0 6 0 9 0 0 0 23 0 0 0 0 0 0 0 6 0 0 0 0 0 0 0 0 0 0 0 3 -999 
P8733 2088 10 0 0 13 12 0 0 0 14 17 0 0 14 0 0 0 0 0 0 0 0 0 38 0 75 101 143 165 62 19 0 25 
P8733 2088 11 0 0 15 0 0 0 8 0 9 0 67 0 0 0 0 38 0 163 32 0 3 0 6 0 0 6 0 0 130 44 -999 
P8733 2088 12 0 53 32 0 107 57 108 107 0 0 0 0 8 0 0 20 0 0 0 0 0 0 0 15 28 0 23 15 14 0 0 
P8733 2089 1 0 0 5 0 0 0 28 0 120 145 0 173 0 0 0 0 0 0 0 0 0 0 0 0 0 0 9 10 0 0 23 
P8733 2089 2 38 33 16 43 88 66 48 111 212 79 70 133 197 80 0 0 0 0 1 0 0 0 0 9 10 0 26 0 -999 -999 -999 
P8733 2089 3 0 26 56 0 0 0 0 18 15 3 10 0 25 48 78 85 0 18 0 0 0 0 12 45 127 58 39 0 26 59 173 
P8733 2089 4 170 189 0 9 3 0 0 0 24 0 0 0 0 0 16 14 0 14 0 0 0 35 0 44 0 0 63 38 0 0 -999 
P8733 2089 5 22 10 0 17 0 0 0 13 0 0 0 2 0 4 0 0 0 0 10 0 0 0 0 0 0 0 0 0 0 0 0 
P8733 2089 6 8 0 0 0 0 0 0 0 0 0 0 0 0 0 1 0 0 0 3 0 0 0 0 0 0 0 0 0 0 0 -999 
P8733 2089 7 5 0 0 0 0 0 0 0 0 0 0 0 0 0 0 0 0 0 0 0 0 0 0 0 0 0 0 0 0 0 0 
P8733 2089 8 0 0 0 0 0 0 0 0 0 0 0 0 0 0 0 0 0 0 0 0 3 0 0 0 0 0 0 0 0 0 0 
P8733 2089 9 0 0 0 0 0 0 0 0 0 0 2 0 0 0 0 0 0 0 0 11 0 0 0 0 0 0 0 0 3 0 -999 
P8733 2089 10 0 0 0 0 5 0 0 0 5 5 5 4 0 10 0 0 3 4 0 0 0 0 0 0 0 0 0 4 0 0 0 
P8733 2089 11 0 30 23 25 8 2 0 0 0 0 0 0 0 0 0 0 33 0 34 0 15 0 0 79 152 0 0 17 51 144 -999 
P8733 2089 12 245 0 0 50 51 52 49 123 86 80 32 0 0 0 0 0 7 0 10 0 0 5 5 0 0 0 0 0 22 0 0 
P8733 2090 1 0 0 15 0 0 0 19 16 53 0 28 63 117 108 96 0 17 0 0 31 0 0 0 0 0 0 17 0 0 0 0 
P8733 2090 2 0 0 0 23 31 0 0 23 0 50 0 85 68 44 0 0 0 0 0 9 0 15 30 0 70 75 125 87 -999 -999 -999 
P8733 2090 3 191 62 0 0 0 6 0 7 0 5 17 50 98 91 0 18 0 31 76 0 0 0 0 9 15 0 0 0 0 0 34 
P8733 2090 4 32 0 29 0 39 0 37 0 0 34 31 39 0 0 75 0 0 0 0 1 0 5 14 0 0 31 15 12 0 0 -999 
P8733 2090 5 0 0 0 0 0 0 0 4 0 0 0 3 5 0 0 0 0 0 0 8 0 0 21 0 0 0 0 0 0 0 45 
P8733 2090 6 0 0 0 0 0 0 0 0 0 0 0 0 0 0 0 17 0 0 0 0 0 0 0 0 0 0 0 0 0 0 -999 
P8733 2090 7 0 7 12 0 0 0 0 0 0 0 0 0 10 0 0 0 0 0 0 0 0 0 0 0 0 0 0 6 0 0 0 
P8733 2090 8 0 0 0 0 0 0 0 0 0 0 0 0 0 0 0 0 0 0 3 0 0 0 0 0 0 0 0 0 0 4 0 
P8733 2090 9 0 0 0 0 0 0 0 0 0 0 7 0 0 0 0 0 0 0 0 0 0 0 6 0 0 0 0 0 0 0 -999 
P8733 2090 10 0 14 18 53 57 63 37 0 0 0 46 37 41 49 0 0 0 0 0 0 0 11 31 36 0 0 0 36 103 43 36 
P8733 2090 11 0 0 24 0 0 0 0 0 13 0 60 0 0 66 63 0 0 0 0 0 0 0 21 34 48 49 0 0 9 16 -999 
P8733 2090 12 39 104 157 66 74 0 0 15 0 0 0 0 20 38 52 0 0 0 0 0 0 0 0 34 0 0 0 8 0 0 0 
P8733 2091 1 0 0 0 13 0 7 31 40 0 11 24 28 100 0 0 0 17 35 0 0 0 12 0 0 0 0 0 14 0 0 16 
P8733 2091 2 0 0 0 2 2 11 0 9 7 11 0 0 0 0 4 10 5 35 107 163 108 85 51 37 40 0 0 0 -999 -999 -999 
P8733 2091 3 0 0 0 36 0 149 63 0 0 0 0 0 0 0 22 55 0 0 0 20 6 19 7 0 0 0 0 0 0 0 0 
P8733 2091 4 0 0 0 0 0 0 0 16 0 0 0 24 23 15 0 27 39 37 0 10 0 12 0 0 0 0 0 0 0 0 -999 
P8733 2091 5 0 0 0 0 22 0 0 0 4 9 0 0 0 0 0 0 0 0 0 0 0 0 0 0 0 0 0 0 0 0 0 
P8733 2091 6 11 21 0 0 0 0 0 3 0 7 0 0 0 22 0 0 0 0 0 0 0 0 0 0 0 0 0 0 0 0 -999 
P8733 2091 7 0 0 0 0 0 0 0 0 0 0 0 0 0 0 0 0 0 0 0 0 0 0 0 0 0 0 0 0 0 0 0 
P8733 2091 8 4 0 0 0 0 0 0 0 0 0 0 0 0 0 0 0 0 0 0 7 0 0 0 0 20 0 0 0 3 0 0 
P8733 2091 9 0 0 0 0 0 0 0 3 0 0 0 0 0 0 0 0 0 0 0 0 2 0 0 0 0 0 0 12 0 16 -999 
P8733 2091 10 0 0 0 2 0 0 0 0 0 0 48 45 0 11 0 0 46 18 7 10 0 0 0 0 0 0 68 107 133 111 95 
P8733 2091 11 58 31 0 0 26 0 0 8 0 0 0 0 17 0 39 0 33 29 0 18 0 0 80 36 0 0 102 38 0 25 -999 
P8733 2091 12 118 80 0 0 0 0 0 0 0 0 0 0 0 0 0 28 0 0 14 0 0 0 30 0 47 0 0 42 0 0 2 
P8733 2092 1 0 0 0 0 9 0 16 0 0 0 8 22 13 25 42 48 108 101 136 199 111 0 20 0 51 0 129 84 115 130 67 
P8733 2092 2 82 122 75 10 47 187 0 0 98 138 81 50 33 79 58 73 56 87 32 0 0 0 0 31 0 19 0 0 -999 -999 -999 
P8733 2092 3 0 0 0 0 0 14 75 95 29 15 15 32 0 28 68 98 35 0 0 144 96 109 144 276 110 93 32 74 85 0 35 
P8733 2092 4 0 56 77 0 48 0 6 4 0 10 9 11 0 0 7 0 0 0 6 0 9 10 0 19 28 0 0 0 46 0 -999 
P8733 2092 5 0 0 0 0 0 0 0 0 0 0 0 0 0 0 0 0 0 0 0 5 6 0 0 0 0 0 2 0 0 0 24 
P8733 2092 6 0 6 0 23 0 4 0 0 0 0 0 0 0 0 0 19 0 0 0 0 0 0 0 0 0 0 0 0 0 0 -999 
P8733 2092 7 0 0 0 0 0 0 0 0 0 0 0 0 0 0 0 0 0 0 0 0 0 0 0 0 0 0 0 0 0 0 2 
P8733 2092 8 0 0 0 10 0 0 0 0 0 8 0 0 0 0 0 0 0 0 0 0 0 0 0 0 0 0 0 0 0 0 0 
P8733 2092 9 19 0 0 0 0 0 0 0 4 0 13 9 0 0 0 0 0 0 0 0 11 0 0 0 0 0 0 0 0 0 -999 
P8733 2092 10 16 0 0 0 0 0 0 0 0 0 0 63 0 15 0 0 8 0 0 0 6 3 0 13 0 0 0 0 0 8 4 
P8733 2092 11 10 0 36 41 0 5 9 0 0 0 10 65 220 181 120 51 0 14 0 31 36 0 0 119 70 49 0 10 12 0 -999 
P8733 2092 12 14 34 42 0 0 0 0 0 87 103 0 0 7 10 22 14 41 34 20 114 240 146 126 82 43 115 34 98 169 0 31 
P8733 2093 1 57 118 114 57 0 31 0 0 0 0 80 110 41 0 121 76 27 53 34 0 0 0 0 0 0 0 24 0 172 138 147 
P8733 2093 2 139 74 0 0 0 0 0 0 0 0 28 0 12 29 47 39 0 37 59 107 74 35 0 0 0 0 0 44 -999 -999 -999 
P8733 2093 3 24 0 0 0 0 0 10 22 0 62 91 0 0 0 3 0 2 4 14 0 15 23 24 11 28 53 52 0 17 24 74 
P8733 2093 4 40 51 38 33 43 55 9 0 0 0 0 0 0 0 0 61 32 36 35 0 0 0 0 0 42 0 0 51 35 25 -999 
P8733 2093 5 0 28 0 48 0 0 0 0 16 22 9 0 0 0 0 3 0 8 0 0 16 25 0 0 0 0 14 0 0 0 0 
P8733 2093 6 0 0 0 0 0 0 0 0 0 0 0 0 0 0 0 0 0 7 0 0 11 0 0 0 0 0 0 13 0 0 -999 
P8733 2093 7 0 0 0 0 0 0 0 0 0 0 0 0 0 0 0 0 0 0 0 0 0 0 0 0 0 0 0 0 0 0 0 
P8733 2093 8 0 0 0 0 0 0 0 0 0 0 0 0 0 0 0 0 0 0 0 5 0 0 0 0 0 0 0 0 0 0 0 
P8733 2093 9 0 0 0 0 0 0 0 10 0 0 0 0 0 0 0 0 0 0 0 0 0 0 0 0 0 0 0 0 20 44 -999 
P8733 2093 10 0 0 0 0 0 0 0 0 0 0 0 0 74 0 0 116 0 61 0 0 0 0 3 0 0 0 0 0 0 0 36 
P8733 2093 11 66 44 0 0 0 0 3 9 0 0 0 0 0 0 0 0 0 0 0 0 11 20 0 0 0 0 0 0 1 0 -999 
P8733 2093 12 0 0 0 0 0 0 0 0 0 0 0 0 0 0 0 5 0 9 0 0 0 0 0 0 2 6 0 0 0 4 0 
P8733 2094 1 0 0 0 17 13 14 14 18 20 0 0 0 3 9 24 34 64 170 148 110 86 157 191 184 144 95 80 152 41 166 0 
P8733 2094 2 0 0 66 0 0 0 6 0 18 0 0 0 0 0 0 0 0 0 0 9 0 0 0 0 0 0 0 0 -999 -999 -999 
P8733 2094 3 0 0 0 0 0 0 0 0 0 0 0 0 2 0 0 0 17 17 12 0 36 20 20 30 0 15 0 0 81 0 67 
P8733 2094 4 171 165 101 0 22 45 104 109 0 0 0 0 0 4 12 0 0 0 0 0 17 0 13 9 0 0 0 0 0 0 -999 
P8733 2094 5 18 0 0 0 0 5 0 0 0 0 6 0 0 0 0 0 0 0 0 0 0 0 0 0 0 0 0 3 0 0 0 
P8733 2094 6 0 0 0 0 0 0 0 0 0 0 0 0 0 0 0 12 0 0 0 2 0 0 0 0 0 0 0 0 0 0 -999 
P8733 2094 7 0 0 0 0 0 0 0 0 0 0 0 0 0 0 0 0 0 0 0 0 0 0 0 0 0 0 0 0 0 0 0 
P8733 2094 8 0 0 0 0 0 0 0 0 0 0 0 0 0 0 0 22 0 0 0 0 3 0 0 0 0 0 0 0 0 9 0 
P8733 2094 9 0 0 0 0 2 0 0 0 0 0 0 0 0 0 0 0 0 0 0 5 0 0 0 0 0 0 0 0 0 0 -999 
P8733 2094 10 0 0 4 0 0 10 0 0 0 0 12 9 0 24 0 19 0 0 39 34 0 0 53 34 13 0 52 0 6 0 0 
P8733 2094 11 0 0 1 0 2 0 0 0 0 43 41 0 0 0 57 0 42 65 46 75 51 48 56 0 48 39 0 0 0 0 -999 
P8733 2094 12 0 7 6 6 0 1 3 0 0 0 18 0 0 0 14 7 0 29 55 28 0 0 7 0 0 0 0 0 8 31 0 
P8733 2095 1 105 55 138 164 113 41 32 0 96 43 88 0 41 16 0 0 0 0 0 5 0 0 28 49 130 146 99 95 35 19 0 
P8733 2095 2 0 0 20 18 0 0 0 20 0 0 23 0 0 0 2 0 0 0 0 21 0 0 7 3 2 0 0 0 -999 -999 -999 
P8733 2095 3 0 0 0 0 0 0 0 0 0 0 8 5 0 0 11 0 0 0 0 0 0 16 0 0 0 0 24 41 69 42 0 
P8733 2095 4 37 59 0 0 0 5 4 0 8 0 0 25 15 0 0 34 30 66 45 29 0 0 0 48 0 2 0 0 0 0 -999 
P8733 2095 5 0 0 0 0 0 0 0 0 13 0 0 0 0 6 0 0 0 0 0 0 0 0 0 0 0 2 0 0 0 0 13 
P8733 2095 6 10 0 0 0 0 0 30 47 0 11 0 0 0 0 0 0 0 0 0 31 47 0 0 0 0 0 3 0 0 0 -999 
P8733 2095 7 0 0 0 0 0 0 0 0 0 0 0 0 0 0 0 0 0 0 0 0 0 0 0 0 0 0 0 9 0 0 0 
P8733 2095 8 0 0 0 0 0 0 0 0 0 0 0 0 0 0 0 0 1 0 0 0 0 0 0 6 4 0 6 0 0 0 0 
P8733 2095 9 0 0 0 0 0 0 0 0 0 0 0 0 0 0 0 0 4 0 0 0 0 5 12 0 13 0 0 0 0 4 -999 
P8733 2095 10 0 0 0 0 0 0 21 20 15 0 18 0 0 0 0 42 90 26 0 0 14 0 0 0 2 0 0 0 0 0 0 
P8733 2095 11 0 6 0 0 19 0 46 47 0 21 0 29 22 12 19 28 61 12 0 37 81 113 0 61 0 0 0 0 6 0 -999 
P8733 2095 12 0 1 0 0 0 0 46 165 99 74 0 0 28 45 0 20 0 0 23 89 45 12 0 72 220 278 144 45 0 0 54 
P8733 2096 1 84 8 16 31 0 0 87 96 148 113 56 11 0 0 13 0 5 10 6 0 0 0 0 0 0 2 0 0 0 18 0 
P8733 2096 2 29 0 0 0 0 0 0 0 0 0 5 7 0 58 126 48 7 0 0 0 0 0 1 0 0 0 13 0 -999 -999 -999 
P8733 2096 3 0 0 17 8 0 7 0 15 0 6 0 8 0 3 3 7 0 0 0 23 50 0 163 29 0 24 36 74 53 21 0 
P8733 2096 4 0 0 0 0 0 0 12 7 0 0 1 0 0 41 44 25 0 9 0 0 0 0 0 0 0 0 0 0 7 0 -999 
P8733 2096 5 0 43 0 0 0 0 0 0 0 0 0 0 0 0 4 0 2 0 0 0 0 0 0 12 14 0 0 0 7 5 9 
P8733 2096 6 17 0 0 10 0 0 23 12 0 0 12 0 0 9 0 0 0 0 0 0 7 0 0 0 0 0 0 0 0 0 -999 
P8733 2096 7 0 0 0 0 0 0 3 0 0 0 0 0 0 0 0 0 0 0 0 0 0 0 10 0 0 0 0 0 0 0 0 
P8733 2096 8 0 0 0 6 0 0 0 0 0 0 0 0 0 0 0 0 0 0 0 12 0 0 0 0 0 0 0 0 0 0 0 
P8733 2096 9 0 0 0 0 0 0 0 0 0 0 0 0 0 0 0 0 0 0 0 0 0 0 0 0 4 0 0 0 0 0 -999 
P8733 2096 10 0 67 0 0 0 10 0 0 0 0 0 0 0 0 0 0 0 64 0 54 0 67 0 0 0 0 0 9 0 0 0 
P8733 2096 11 6 0 3 6 0 0 0 0 0 0 0 0 0 0 0 0 0 0 0 0 0 0 0 0 0 0 0 0 0 0 -999 
P8733 2096 12 1 0 0 2 0 0 0 0 10 31 43 51 0 0 0 0 39 33 0 0 0 18 43 68 14 21 0 0 0 0 0 
P8733 2097 1 24 10 17 0 2 0 19 24 13 11 14 15 0 0 0 0 0 0 0 2 0 0 0 3 85 74 0 0 19 33 0 
P8733 2097 2 25 0 20 0 38 41 0 0 0 0 2 0 0 7 39 12 0 0 0 0 9 0 19 8 0 53 33 0 -999 -999 -999 
P8733 2097 3 0 96 87 0 13 41 0 3 42 0 2 0 0 0 0 0 0 2 0 0 0 10 21 32 32 36 0 0 0 0 0 
P8733 2097 4 4 0 9 13 18 39 0 0 0 35 0 34 0 0 0 0 0 0 0 37 0 0 9 58 0 0 0 0 2 0 -999 
P8733 2097 5 0 0 0 0 0 23 0 0 27 0 0 7 0 0 0 0 0 0 52 79 0 0 0 0 0 0 0 0 0 0 0 
P8733 2097 6 0 0 0 0 0 0 0 0 0 0 0 8 0 0 0 0 0 0 0 0 0 7 0 0 0 0 0 0 0 0 -999 
P8733 2097 7 0 0 0 0 0 0 0 0 0 0 0 0 0 0 0 0 0 0 0 0 0 0 2 0 0 0 0 0 0 0 7 
P8733 2097 8 0 0 0 0 0 0 7 0 0 0 0 0 0 0 0 0 0 0 0 0 0 12 0 18 25 0 0 0 6 0 0 
P8733 2097 9 0 0 0 0 0 0 0 0 0 0 5 0 0 3 0 0 0 0 0 0 0 13 0 0 0 0 0 0 0 0 -999 
P8733 2097 10 0 0 0 3 0 8 0 0 15 0 0 0 6 0 0 0 71 0 0 0 0 0 0 0 0 0 0 0 0 0 10 
P8733 2097 11 0 0 0 8 6 0 0 0 0 5 0 0 0 0 0 0 7 3 0 0 0 0 0 0 16 0 0 0 0 72 -999 
P8733 2097 12 0 0 0 5 0 0 0 2 0 0 0 0 0 0 7 0 0 0 0 3 0 0 0 0 0 0 0 36 32 0 65 
P8733 2098 1 94 0 0 58 163 57 0 9 0 0 0 19 28 0 0 0 0 0 22 99 69 70 44 54 8 0 1 0 0 0 8 
P8733 2098 2 0 10 9 10 0 0 0 0 0 63 52 78 51 0 52 0 15 0 37 18 30 22 0 0 0 0 19 0 -999 -999 -999 
P8733 2098 3 60 35 0 8 16 52 0 0 9 0 0 0 3 6 0 0 0 0 0 0 0 0 0 0 0 21 67 36 0 0 0 
P8733 2098 4 0 0 23 0 26 50 72 0 0 0 0 0 0 0 5 0 0 0 0 0 15 0 0 0 0 0 0 0 0 0 -999 
P8733 2098 5 0 0 37 26 0 0 0 68 64 0 79 49 16 10 0 0 26 0 11 28 27 22 0 0 0 22 8 0 0 0 4 
P8733 2098 6 0 0 0 0 0 8 16 32 17 0 11 23 14 11 0 0 3 0 0 0 0 2 4 8 0 0 0 0 0 0 -999 
P8733 2098 7 0 0 8 0 0 0 0 0 23 22 0 0 0 0 0 0 0 7 0 0 0 0 0 0 0 0 0 0 0 0 0 
P8733 2098 8 0 0 0 7 0 0 0 0 0 0 18 0 0 0 0 0 0 0 0 0 0 0 0 0 0 1 0 0 0 0 7 
P8733 2098 9 13 0 0 0 0 0 7 5 0 0 0 0 0 0 0 0 0 0 0 0 0 0 11 0 0 8 0 5 8 0 -999 
P8733 2098 10 0 0 0 0 0 0 0 0 10 0 0 0 14 0 0 39 68 71 0 10 0 0 0 0 35 82 92 0 0 24 0 
P8733 2098 11 7 0 0 0 0 5 0 9 0 0 14 0 91 0 44 0 37 49 113 0 38 50 35 0 0 0 0 0 0 1 -999 
P8733 2098 12 0 0 0 0 0 0 4 0 0 0 0 0 0 8 0 0 14 0 44 86 46 55 21 36 57 0 0 25 53 17 9 
P8733 2099 1 7 19 14 0 0 0 0 0 22 56 65 0 0 0 0 0 65 0 0 49 69 86 158 43 14 37 0 3 0 0 2 
P8733 2099 2 0 16 16 0 0 18 46 0 0 0 0 0 0 0 0 0 0 0 13 4 11 0 0 133 158 0 26 34 -999 -999 -999 
P8733 2099 3 95 139 150 154 0 17 14 20 25 20 22 11 0 0 47 42 47 131 166 144 0 0 29 0 0 0 0 0 9 0 28 
P8733 2099 4 21 15 0 0 0 0 19 0 0 0 0 3 0 0 0 0 3 0 0 0 0 0 0 0 0 0 54 67 45 0 -999 
P8733 2099 5 0 0 0 0 0 0 0 0 9 0 0 0 3 0 0 0 0 0 9 0 0 0 42 67 34 21 37 19 24 0 0 
P8733 2099 6 4 0 2 0 0 0 0 0 0 0 0 0 5 0 0 0 0 0 0 0 0 0 0 0 0 0 0 0 0 0 -999 
P8733 2099 7 3 0 0 0 0 0 0 0 0 0 0 0 0 0 0 0 0 0 0 0 6 0 0 0 0 0 0 0 5 0 0 
P8733 2099 8 0 0 0 3 0 0 0 18 0 0 0 0 0 0 0 0 0 0 0 0 0 0 0 0 0 0 0 0 0 8 7 
P8733 2099 9 0 4 6 0 0 0 0 0 0 6 0 13 0 0 0 6 0 0 3 0 0 0 0 0 8 0 0 0 0 0 -999 
P8733 2099 10 0 0 8 14 0 9 0 0 0 0 52 77 37 0 8 0 0 2 0 0 0 0 0 11 0 56 42 27 18 0 0 
P8733 2099 11 0 0 0 0 8 0 0 12 3 0 0 0 28 31 0 56 0 0 0 0 0 15 12 38 0 26 40 0 42 0 -999 
P8733 2099 12 0 0 0 0 0 0 48 33 19 0 0 10 0 0 4 6 0 0 0 0 0 25 0 54 173 244 287 241 149 0 0 
P8733 2100 1 56 0 0 0 72 0 0 40 0 33 131 229 0 59 0 0 0 0 0 0 0 4 0 0 0 0 0 0 2 12 0 
P8733 2100 2 0 112 128 22 0 0 20 0 48 114 61 0 0 0 13 30 78 61 44 0 0 0 0 0 1 0 0 0 -999 -999 -999 
P8733 2100 3 24 0 0 48 22 0 0 16 0 38 0 35 49 0 0 8 0 13 0 29 35 0 43 0 0 26 21 0 45 45 38 
P8733 2100 4 49 0 0 0 0 13 19 0 12 52 92 144 67 0 0 39 0 0 0 0 0 0 0 0 0 1 0 6 21 31 -999 
P8733 2100 5 0 0 0 0 0 0 0 0 0 11 0 0 0 0 0 0 0 39 23 25 0 0 0 0 87 27 0 0 0 0 0 
P8733 2100 6 7 0 11 11 0 0 0 4 7 0 0 0 0 12 0 0 6 0 0 0 0 0 0 0 5 0 0 0 0 0 -999 
P8733 2100 7 0 0 0 0 0 0 2 0 0 0 0 0 0 0 0 0 0 0 0 0 0 0 0 0 0 0 0 0 0 0 0 
P8733 2100 8 0 0 0 0 0 0 0 0 0 0 0 0 0 0 0 0 0 0 0 0 0 0 0 0 0 0 0 0 3 0 0 
P8733 2100 9 0 0 0 0 0 0 0 2 0 0 0 0 0 0 0 0 0 0 0 0 0 0 0 0 0 0 0 13 0 15 -999 
P8733 2100 10 0 0 2 8 9 13 0 0 19 23 35 58 52 58 26 17 13 22 22 0 30 76 0 0 0 0 0 0 56 0 0 
P8733 2100 11 0 0 46 0 37 93 46 37 128 114 0 76 84 108 154 100 73 83 77 68 34 44 0 115 0 0 0 7 0 0 -999 
P8733 2100 12 9 0 0 0 24 0 0 0 0 0 0 0 0 0 0 0 0 0 0 0 1 0 0 0 0 0 0 11 7 0 0 
