precip	MIROC5	RCP60	REGRESION	decimas	1
P15387	42.131	-0.673	182	geo	2006	2100	-1
P15387 2006 1 0 0 0 0 0 0 0 0 0 0 0 37 97 56 0 47 39 48 35 14 0 0 11 6 0 0 0 12 0 23 13 
P15387 2006 2 0 0 0 0 0 0 5 2 0 0 0 9 0 0 28 22 0 0 0 0 26 15 12 0 0 0 7 9 -999 -999 -999 
P15387 2006 3 18 34 43 56 58 50 60 61 40 22 0 0 0 18 0 34 54 64 45 0 0 0 26 0 25 24 20 27 56 30 54 
P15387 2006 4 0 21 23 0 0 0 9 21 14 1 0 0 0 0 10 11 18 14 12 0 0 0 0 8 14 0 30 40 37 0 -999 
P15387 2006 5 0 27 23 0 28 42 23 13 0 0 10 0 25 0 27 0 24 0 0 24 0 5 0 8 0 0 0 0 0 0 0 
P15387 2006 6 0 0 0 0 0 0 0 0 0 0 0 0 20 0 0 0 0 0 15 0 0 8 8 12 0 0 0 0 0 0 -999 
P15387 2006 7 0 0 0 0 0 0 28 0 0 6 0 0 0 0 0 0 0 0 0 0 34 0 0 0 0 48 0 15 0 0 0 
P15387 2006 8 0 0 0 0 11 0 24 0 0 13 0 0 0 0 0 0 0 11 0 0 0 0 0 0 0 25 0 11 0 17 27 
P15387 2006 9 0 0 16 0 26 0 0 0 0 0 0 5 0 0 0 0 0 0 0 0 0 16 0 0 29 14 0 0 0 17 -999 
P15387 2006 10 0 0 0 0 0 0 4 12 0 0 0 0 0 0 0 17 10 0 0 12 15 0 0 0 0 0 11 0 0 7 0 
P15387 2006 11 0 20 8 0 0 0 21 0 0 0 0 0 0 0 0 0 0 0 0 7 0 21 0 28 0 0 0 0 0 0 -999 
P15387 2006 12 0 1 0 0 0 0 0 0 18 0 15 0 0 20 30 44 24 7 0 0 0 24 37 43 24 27 0 0 0 22 13 
P15387 2007 1 0 0 0 0 0 0 0 0 0 0 0 0 0 0 0 0 0 0 16 0 9 0 0 12 19 0 13 18 21 0 0 
P15387 2007 2 0 9 21 0 9 0 0 40 0 84 0 0 15 0 0 6 9 0 16 15 0 15 0 0 0 13 0 0 -999 -999 -999 
P15387 2007 3 0 0 0 0 21 21 13 0 10 0 9 46 43 46 0 0 18 0 0 0 0 0 0 7 0 0 0 0 4 0 0 
P15387 2007 4 0 0 0 0 0 18 0 0 0 0 0 0 0 0 0 11 16 0 0 31 26 27 27 34 0 22 0 0 0 0 -999 
P15387 2007 5 0 0 0 16 34 38 22 10 0 0 0 0 38 0 0 0 0 0 0 0 0 0 0 0 0 0 0 0 0 12 0 
P15387 2007 6 22 20 0 17 17 19 0 11 5 0 0 14 28 0 14 0 10 10 12 15 0 16 24 0 0 12 0 30 0 32 -999 
P15387 2007 7 0 25 0 29 30 0 0 11 0 40 0 0 33 14 0 0 0 0 0 0 27 33 26 0 0 0 0 0 33 0 0 
P15387 2007 8 0 20 0 0 0 0 0 0 0 0 0 33 0 0 0 10 0 0 0 23 0 15 0 5 14 0 20 23 0 0 0 
P15387 2007 9 0 0 0 0 0 0 0 0 8 0 0 14 0 0 0 0 11 0 0 0 0 0 0 0 12 0 0 0 7 9 -999 
P15387 2007 10 0 10 0 16 0 0 7 0 0 0 0 0 32 38 0 0 12 22 0 0 0 31 0 33 0 0 26 15 0 0 0 
P15387 2007 11 0 0 0 0 0 15 11 0 0 0 0 0 18 0 0 0 0 0 0 0 0 0 0 0 4 0 4 10 0 0 -999 
P15387 2007 12 11 0 0 0 0 16 14 0 0 0 0 3 2 0 0 0 9 0 0 4 0 3 6 0 0 0 0 13 4 3 0 
P15387 2008 1 15 18 29 35 17 0 0 0 0 0 0 7 0 11 15 8 6 0 10 17 33 0 23 0 16 40 0 30 20 30 35 
P15387 2008 2 65 36 36 31 0 28 26 43 24 0 41 27 10 0 17 0 0 40 51 0 0 0 9 12 18 29 0 37 -999 -999 -999 
P15387 2008 3 27 0 0 0 7 0 0 0 0 0 0 0 0 14 0 0 0 0 0 0 0 0 0 0 15 17 0 0 0 0 0 
P15387 2008 4 0 4 9 14 14 13 0 0 0 0 0 0 12 0 0 0 0 0 0 0 7 0 0 0 0 3 0 0 0 17 -999 
P15387 2008 5 0 14 0 0 0 22 0 0 0 0 0 23 17 0 0 0 0 0 0 27 36 0 30 0 13 0 0 0 0 0 0 
P15387 2008 6 0 0 0 0 0 0 0 0 0 20 0 31 0 0 31 9 0 15 14 0 0 0 0 0 0 0 0 0 0 23 -999 
P15387 2008 7 0 0 0 0 0 0 0 0 0 0 0 0 16 0 0 0 0 0 14 0 0 0 0 0 0 0 0 20 0 0 0 
P15387 2008 8 37 0 25 0 0 0 0 0 0 35 0 0 0 0 0 0 0 0 0 0 0 0 0 0 9 0 28 0 0 0 7 
P15387 2008 9 10 16 13 0 19 0 0 0 11 0 0 0 0 23 0 0 0 12 17 0 0 0 0 0 23 22 11 0 0 0 -999 
P15387 2008 10 0 17 0 0 0 0 13 23 0 0 0 0 33 24 8 0 0 0 0 0 18 0 12 0 0 30 39 0 25 20 12 
P15387 2008 11 0 0 0 16 0 0 0 0 0 0 0 16 5 0 0 0 0 20 0 0 0 0 0 0 0 0 0 0 0 2 -999 
P15387 2008 12 0 0 0 0 0 0 0 0 11 20 0 0 11 0 0 0 0 0 0 0 0 0 0 0 0 0 14 0 6 0 0 
P15387 2009 1 0 0 0 0 0 0 0 0 7 7 0 0 0 0 0 0 1 0 0 0 0 0 0 0 0 0 0 2 0 0 0 
P15387 2009 2 4 0 0 0 9 0 0 0 2 0 5 0 0 0 0 0 0 0 0 5 2 1 0 0 4 0 0 0 -999 -999 -999 
P15387 2009 3 36 36 31 15 0 0 0 25 44 0 15 0 0 14 34 31 30 25 18 17 0 0 0 29 0 0 0 48 41 35 24 
P15387 2009 4 0 32 30 15 0 38 0 10 0 8 12 0 39 31 0 19 0 0 0 24 0 12 0 0 0 0 0 16 0 48 -999 
P15387 2009 5 56 42 0 25 0 0 0 13 19 0 34 0 0 0 0 0 0 0 17 0 0 0 25 0 15 0 0 0 11 13 14 
P15387 2009 6 0 0 0 15 0 0 0 16 0 0 13 8 0 0 21 0 0 0 13 0 0 0 14 13 0 0 0 0 0 0 -999 
P15387 2009 7 0 0 0 0 0 0 0 0 0 28 30 31 0 25 0 0 0 0 13 16 0 0 0 20 0 0 0 0 0 0 0 
P15387 2009 8 0 0 0 0 15 0 0 0 20 0 26 0 0 19 0 0 0 0 0 0 0 0 0 0 18 0 0 16 0 0 20 
P15387 2009 9 0 31 0 0 0 0 0 0 0 0 33 0 0 0 0 12 0 0 0 0 21 29 25 26 0 7 0 0 0 0 -999 
P15387 2009 10 0 0 6 0 0 0 0 0 0 0 0 0 11 0 0 14 0 0 0 0 0 0 0 25 12 0 0 0 0 0 0 
P15387 2009 11 0 0 4 0 0 0 0 0 7 0 3 3 5 0 0 0 27 0 0 0 0 0 0 0 0 0 18 13 15 23 -999 
P15387 2009 12 0 13 0 12 26 0 43 0 0 29 37 0 14 6 0 0 0 13 0 0 0 0 0 0 0 0 0 29 20 0 0 
P15387 2010 1 12 0 0 41 40 0 0 7 0 0 0 0 0 0 0 11 0 4 0 0 0 0 0 0 0 0 3 3 0 0 0 
P15387 2010 2 0 0 0 0 0 0 0 7 0 0 0 0 2 0 0 3 0 2 0 0 4 0 0 0 0 0 4 0 -999 -999 -999 
P15387 2010 3 3 2 2 0 0 12 15 14 0 0 14 0 0 7 0 0 5 15 0 43 19 0 1 0 0 0 0 0 0 0 0 
P15387 2010 4 0 0 25 0 0 0 0 0 0 31 25 23 25 28 0 0 21 14 0 0 0 18 15 15 0 17 7 0 31 25 -999 
P15387 2010 5 0 0 17 23 19 14 0 0 0 0 16 0 15 0 22 0 0 0 0 0 0 0 15 15 0 0 38 17 0 19 0 
P15387 2010 6 0 20 0 0 0 0 0 0 4 0 0 0 20 20 0 27 25 0 0 0 0 0 9 0 12 14 0 0 0 0 -999 
P15387 2010 7 23 0 0 0 0 16 0 0 0 0 0 0 17 0 11 0 25 13 0 0 0 16 0 0 0 0 0 10 11 0 17 
P15387 2010 8 0 0 0 0 0 0 0 0 0 0 26 22 0 0 0 0 0 0 0 0 0 0 13 17 0 0 0 12 0 0 0 
P15387 2010 9 0 0 0 0 0 0 0 0 0 37 0 25 0 0 33 0 0 0 20 0 0 0 0 19 0 0 0 0 4 0 -999 
P15387 2010 10 0 0 0 0 0 0 0 0 24 0 0 21 34 0 0 18 0 0 21 17 22 29 0 0 0 9 0 0 0 16 0 
P15387 2010 11 0 0 0 10 0 0 0 0 0 0 4 0 0 0 0 0 0 0 0 0 0 0 0 0 0 5 0 0 0 0 -999 
P15387 2010 12 0 0 0 0 0 11 11 0 0 8 0 0 18 28 0 0 0 7 8 0 0 0 0 0 0 0 3 0 0 0 0 
P15387 2011 1 0 0 0 5 0 0 0 0 0 0 0 0 0 0 10 0 0 0 0 0 9 14 38 0 13 4 0 0 0 0 0 
P15387 2011 2 0 0 0 14 0 16 15 0 0 0 0 18 11 7 0 9 0 0 5 0 7 15 0 0 5 0 8 19 -999 -999 -999 
P15387 2011 3 22 13 9 0 0 10 0 3 0 0 11 16 14 13 23 49 82 33 17 23 0 27 41 73 0 14 0 0 21 0 0 
P15387 2011 4 0 0 0 0 0 0 0 0 0 0 0 21 27 23 11 0 22 0 20 17 20 16 0 0 0 0 0 0 0 0 -999 
P15387 2011 5 0 0 0 0 0 0 9 0 16 27 14 10 0 0 0 0 0 6 0 0 26 33 10 0 26 0 0 0 34 0 0 
P15387 2011 6 16 0 13 7 7 0 0 0 0 0 0 0 26 0 0 0 0 3 0 0 0 0 0 0 34 0 0 0 0 0 -999 
P15387 2011 7 0 0 0 25 36 0 0 0 0 0 0 0 0 0 0 0 7 0 0 14 28 33 0 0 0 0 0 9 0 0 0 
P15387 2011 8 0 0 23 0 0 0 0 0 0 0 0 0 19 0 0 0 0 0 18 0 0 0 0 0 0 0 0 0 23 36 0 
P15387 2011 9 0 0 0 0 25 0 0 0 0 50 23 0 0 6 0 0 0 0 0 0 0 0 0 7 6 0 0 0 0 14 -999 
P15387 2011 10 15 0 0 0 0 0 0 0 0 0 0 0 0 0 10 0 0 0 0 0 0 0 0 0 12 0 0 0 0 0 23 
P15387 2011 11 0 0 12 24 45 44 48 24 0 0 0 0 0 0 0 0 16 11 0 0 0 45 69 47 0 7 0 0 0 0 -999 
P15387 2011 12 0 0 0 18 8 3 0 0 0 0 7 0 0 4 0 19 31 26 36 0 46 21 0 12 0 27 0 11 0 0 0 
P15387 2012 1 38 0 0 0 0 0 0 0 4 0 0 0 0 1 0 0 0 3 0 0 7 0 0 0 0 3 5 0 0 14 5 
P15387 2012 2 0 0 0 15 4 0 0 0 0 1 0 0 0 0 0 0 0 8 20 0 12 5 0 0 14 9 2 14 -999 -999 -999 
P15387 2012 3 0 43 26 19 0 0 0 0 0 0 0 0 0 11 6 15 0 0 23 25 0 20 11 0 0 0 0 6 0 0 0 
P15387 2012 4 0 11 0 0 0 0 37 0 0 8 0 13 0 46 40 0 32 27 0 0 0 0 0 26 46 50 33 33 32 29 -999 
P15387 2012 5 24 23 0 0 0 7 0 15 0 22 0 22 25 0 0 0 0 0 0 0 10 18 19 0 30 0 29 0 0 0 0 
P15387 2012 6 0 0 0 0 0 0 0 0 26 0 17 0 21 22 0 0 0 0 15 22 0 0 8 0 8 0 0 21 34 0 -999 
P15387 2012 7 0 0 0 0 0 0 0 0 28 0 0 0 0 0 0 0 0 0 26 0 0 0 0 28 0 0 0 0 0 15 19 
P15387 2012 8 0 0 0 0 0 0 18 0 0 0 0 0 10 0 0 0 0 0 0 8 0 0 0 0 9 0 0 0 11 0 0 
P15387 2012 9 9 0 0 0 0 0 0 0 0 0 0 0 0 0 6 0 0 0 11 14 0 0 0 0 32 0 0 0 0 14 -999 
P15387 2012 10 11 0 0 0 0 0 0 0 22 0 32 20 0 0 0 0 17 0 0 0 0 0 0 0 11 14 21 0 0 28 25 
P15387 2012 11 18 39 0 0 0 0 5 0 0 21 35 0 0 0 0 0 0 0 53 0 21 0 0 0 0 7 10 14 24 29 -999 
P15387 2012 12 0 0 0 0 7 15 0 26 0 9 10 0 0 35 32 29 28 24 9 13 7 0 0 10 0 0 0 0 0 0 0 
P15387 2013 1 25 0 7 22 18 0 7 0 0 0 0 0 0 0 0 0 0 0 3 0 0 0 0 0 0 0 0 0 0 0 13 
P15387 2013 2 1 0 0 0 0 5 0 0 0 4 0 2 12 48 0 6 10 19 41 0 0 33 31 44 0 0 0 0 -999 -999 -999 
P15387 2013 3 0 0 0 0 0 0 0 19 0 25 0 45 43 0 0 19 31 25 23 23 0 0 28 16 16 0 0 26 0 35 56 
P15387 2013 4 38 14 0 0 25 0 0 10 3 0 4 0 11 17 0 18 0 0 16 16 40 28 0 0 46 0 0 0 0 0 -999 
P15387 2013 5 0 0 0 16 30 13 0 0 28 37 42 28 0 10 0 31 43 0 22 0 0 0 0 0 12 0 0 0 0 0 0 
P15387 2013 6 0 0 29 0 0 20 23 0 44 42 0 0 0 21 0 0 0 0 0 0 0 0 0 0 17 0 46 0 39 28 -999 
P15387 2013 7 21 0 0 0 0 0 0 0 0 0 0 0 0 0 12 0 36 17 9 16 0 0 0 0 0 0 0 0 0 0 0 
P15387 2013 8 0 0 0 0 0 29 0 33 27 0 0 27 0 0 0 0 0 0 5 0 8 13 0 21 0 0 0 0 0 27 39 
P15387 2013 9 28 22 0 0 0 0 0 0 9 12 0 0 9 0 0 0 0 12 0 21 26 16 0 0 0 0 0 0 0 0 -999 
P15387 2013 10 0 0 0 0 0 0 0 0 9 0 14 0 0 10 0 14 28 19 10 0 0 0 0 8 0 0 0 0 0 0 0 
P15387 2013 11 0 0 0 0 0 0 0 0 0 10 10 0 5 5 0 0 8 41 78 56 0 41 50 52 0 0 41 30 11 7 -999 
P15387 2013 12 0 0 21 17 0 0 4 0 0 0 0 0 0 0 8 0 0 0 0 0 0 7 0 0 0 15 0 10 0 0 0 
P15387 2014 1 14 0 0 0 19 0 10 0 15 0 0 0 12 8 18 14 0 0 0 0 0 0 0 0 0 0 0 23 54 47 23 
P15387 2014 2 0 31 19 18 0 0 0 48 21 0 0 0 0 0 0 0 0 0 26 6 9 4 6 6 4 0 0 30 -999 -999 -999 
P15387 2014 3 0 0 10 0 6 0 0 0 0 0 0 13 0 19 30 37 37 36 55 37 0 15 13 0 0 5 0 5 2 0 0 
P15387 2014 4 19 0 0 23 31 46 19 0 21 29 30 32 33 0 40 0 32 0 18 13 15 27 0 0 39 0 0 27 0 26 -999 
P15387 2014 5 0 0 0 0 0 0 5 0 0 0 0 0 8 13 0 0 0 0 0 0 38 0 39 31 23 22 0 0 0 33 39 
P15387 2014 6 17 0 0 52 42 30 27 32 0 0 0 0 0 0 0 0 12 0 0 18 0 0 0 0 0 35 0 0 0 26 -999 
P15387 2014 7 0 0 17 20 0 32 0 0 0 0 0 0 0 0 16 16 0 0 11 0 0 0 0 0 24 31 0 0 0 0 0 
P15387 2014 8 0 0 0 0 21 23 0 0 0 0 16 0 0 0 0 16 0 16 0 10 0 9 0 4 0 0 0 0 0 0 16 
P15387 2014 9 24 18 0 0 13 0 0 0 0 0 10 12 0 0 32 36 0 29 18 11 0 0 0 0 0 0 0 0 0 0 -999 
P15387 2014 10 0 0 0 0 0 9 0 10 0 0 0 26 17 12 0 0 0 18 24 0 0 22 10 0 29 28 11 0 0 0 0 
P15387 2014 11 2 0 0 0 0 0 0 3 0 0 0 0 0 7 15 0 8 36 18 29 0 77 36 26 0 20 0 0 0 11 -999 
P15387 2014 12 0 0 0 0 0 3 0 6 0 0 0 0 0 0 0 0 0 0 0 0 0 0 0 9 0 0 0 7 18 12 14 
P15387 2015 1 0 0 0 24 42 30 0 0 23 16 0 1 1 0 0 0 0 0 0 0 0 0 0 0 5 0 0 12 18 12 0 
P15387 2015 2 0 0 0 0 0 0 0 0 0 0 0 2 0 0 0 0 0 0 0 0 0 0 0 16 0 47 30 20 -999 -999 -999 
P15387 2015 3 12 16 25 29 28 8 16 21 41 35 0 0 13 23 0 8 0 4 6 0 0 0 0 46 0 11 0 0 0 0 0 
P15387 2015 4 24 21 0 0 0 0 0 0 0 5 0 4 0 0 0 0 36 0 10 0 0 0 0 0 0 32 0 19 32 50 -999 
P15387 2015 5 37 0 28 0 0 15 0 0 0 0 0 0 11 0 0 0 0 0 0 0 0 0 0 0 0 23 35 0 63 31 0 
P15387 2015 6 0 0 12 0 0 0 28 13 9 8 0 0 0 16 0 0 0 0 0 0 0 13 0 15 0 0 17 0 0 0 -999 
P15387 2015 7 0 19 19 0 28 26 0 25 0 0 0 0 0 19 0 0 0 0 0 0 0 0 0 0 0 0 0 0 0 6 0 
P15387 2015 8 6 0 0 0 9 0 0 10 0 0 0 0 0 0 12 12 0 24 0 0 23 42 51 0 0 39 0 0 14 13 0 
P15387 2015 9 0 10 0 0 0 0 0 0 8 0 0 0 13 0 0 10 16 0 0 11 0 0 0 0 19 35 43 0 29 0 -999 
P15387 2015 10 0 0 0 0 0 31 0 30 23 0 0 0 0 0 19 0 0 13 0 20 0 0 0 14 14 0 0 0 0 0 0 
P15387 2015 11 0 0 0 0 0 10 0 10 0 8 0 16 15 0 22 0 0 0 0 21 33 21 0 0 0 2 0 0 0 0 -999 
P15387 2015 12 17 25 29 22 0 24 31 66 0 45 29 0 54 0 0 12 0 0 0 0 0 0 0 0 0 0 0 0 0 0 0 
P15387 2016 1 0 0 0 0 0 0 14 0 8 0 0 23 23 29 0 10 10 0 9 6 4 0 0 0 0 13 19 0 24 30 19 
P15387 2016 2 12 8 17 0 7 0 0 0 3 0 9 0 0 0 0 8 0 0 6 0 6 0 0 0 0 6 0 0 -999 -999 -999 
P15387 2016 3 13 0 15 13 19 0 34 27 51 46 54 62 55 40 30 0 16 14 14 0 16 20 0 26 25 20 25 45 43 31 35 
P15387 2016 4 16 7 0 0 2 8 0 0 18 32 54 55 0 0 0 0 26 13 0 47 26 0 0 0 0 32 54 45 29 16 -999 
P15387 2016 5 0 0 20 16 20 0 0 0 0 9 12 0 0 20 0 0 37 0 0 0 5 0 0 0 11 0 0 16 32 42 30 
P15387 2016 6 0 0 0 0 0 0 0 0 0 14 18 0 0 0 26 32 0 11 14 0 13 0 0 17 0 0 18 0 10 9 -999 
P15387 2016 7 0 0 0 0 27 0 0 0 0 0 0 15 23 21 0 0 17 0 0 0 0 18 19 0 15 25 0 0 0 0 24 
P15387 2016 8 13 0 0 0 0 21 0 26 0 0 28 0 0 0 0 5 9 0 0 0 0 0 0 0 0 19 18 0 0 0 12 
P15387 2016 9 0 18 20 17 19 0 21 0 17 0 0 0 0 0 0 12 0 14 0 0 0 0 20 0 0 0 0 0 16 0 -999 
P15387 2016 10 0 5 0 0 0 12 10 0 0 0 0 15 18 7 0 21 0 44 40 40 32 25 21 16 0 0 0 0 12 0 0 
P15387 2016 11 16 0 0 0 11 0 11 25 13 0 9 11 0 12 37 32 25 48 39 51 32 15 11 0 34 0 0 0 15 0 -999 
P15387 2016 12 0 0 0 0 0 0 10 0 0 7 18 29 49 40 23 0 0 12 13 0 0 0 0 0 0 0 0 0 0 7 14 
P15387 2017 1 19 0 9 3 0 0 4 0 0 0 0 0 15 28 52 0 0 0 0 0 0 4 0 0 0 0 0 0 0 0 0 
P15387 2017 2 0 0 0 0 0 0 0 7 0 0 0 0 0 0 0 0 0 0 0 0 0 0 0 0 0 0 0 10 -999 -999 -999 
P15387 2017 3 9 0 0 2 0 6 6 0 0 25 0 0 0 37 0 0 6 3 0 0 4 5 0 26 0 38 28 0 0 0 9 
P15387 2017 4 7 0 0 0 0 0 8 0 0 29 11 14 11 0 0 9 9 0 0 0 0 0 0 0 20 0 0 27 0 0 -999 
P15387 2017 5 0 0 0 0 0 0 0 7 8 0 20 0 0 0 16 0 0 0 9 0 25 0 23 15 0 10 0 0 0 14 0 
P15387 2017 6 0 13 14 0 0 0 0 20 37 38 0 0 0 19 0 0 0 0 0 0 0 18 19 0 0 0 0 0 0 0 -999 
P15387 2017 7 35 0 0 0 10 12 0 16 0 0 0 0 30 28 19 0 9 0 0 0 16 0 20 0 0 0 0 0 0 0 0 
P15387 2017 8 0 17 0 0 0 0 0 0 0 29 0 0 0 0 0 0 0 15 0 25 0 58 0 0 0 0 0 0 13 0 20 
P15387 2017 9 0 0 0 0 0 0 0 0 8 0 14 0 0 0 25 0 0 15 9 3 0 0 0 13 0 29 13 13 17 0 -999 
P15387 2017 10 20 7 0 0 0 0 0 0 0 7 0 0 0 0 0 35 0 0 0 46 11 21 0 0 0 0 0 56 0 0 0 
P15387 2017 11 17 24 0 31 0 0 12 0 35 0 24 31 64 0 0 11 0 0 0 17 27 0 0 0 6 0 6 8 0 15 -999 
P15387 2017 12 0 16 0 0 0 20 0 0 51 40 0 15 17 0 0 10 7 0 0 0 0 0 0 0 0 0 0 10 20 0 21 
P15387 2018 1 14 5 0 0 0 0 0 14 0 30 0 8 0 0 2 0 0 9 15 0 0 0 0 0 15 29 31 23 21 0 0 
P15387 2018 2 35 0 30 28 22 0 14 0 0 0 0 0 0 0 0 0 0 0 0 0 0 0 0 0 0 0 0 0 -999 -999 -999 
P15387 2018 3 0 0 0 0 7 0 0 0 0 18 28 50 56 68 0 0 15 16 0 8 0 4 0 0 0 9 0 26 34 24 17 
P15387 2018 4 0 0 3 3 0 12 0 0 13 0 0 21 14 0 0 24 0 9 11 11 8 0 0 0 0 55 0 0 21 24 -999 
P15387 2018 5 36 0 0 0 0 0 21 0 28 48 55 38 31 26 13 0 0 33 0 48 0 30 31 0 0 0 0 17 0 0 0 
P15387 2018 6 0 20 0 0 0 0 0 0 0 0 0 0 0 0 0 0 0 0 0 11 25 0 0 0 0 0 5 0 0 0 -999 
P15387 2018 7 0 0 21 25 0 0 26 31 19 0 0 0 0 24 0 15 0 0 0 23 0 0 0 0 0 27 0 17 0 0 15 
P15387 2018 8 0 0 29 0 0 0 0 0 0 28 0 20 0 0 0 23 0 15 17 0 0 0 0 0 0 0 0 13 0 0 9 
P15387 2018 9 0 0 0 7 12 0 17 0 14 0 17 0 0 0 0 0 0 0 0 0 0 15 0 0 0 0 0 0 0 0 -999 
P15387 2018 10 0 0 8 0 0 0 0 16 0 0 0 21 12 0 0 0 0 0 21 9 16 0 0 0 0 17 13 0 7 9 0 
P15387 2018 11 0 7 0 0 0 0 0 51 52 60 37 17 0 0 0 3 0 0 0 0 14 0 14 16 9 0 0 0 0 0 -999 
P15387 2018 12 0 28 25 20 33 24 48 0 0 0 5 14 25 0 0 9 8 7 0 6 9 0 0 0 23 16 26 22 0 0 36 
P15387 2019 1 44 40 54 31 0 34 65 34 0 0 0 10 6 0 0 0 15 23 26 37 0 30 0 0 0 0 36 0 6 8 21 
P15387 2019 2 39 26 0 0 0 14 10 0 0 0 0 0 44 0 0 0 0 68 87 0 0 15 14 12 6 0 0 0 -999 -999 -999 
P15387 2019 3 0 0 0 0 0 11 6 0 10 12 0 0 0 0 0 0 0 0 0 0 0 0 0 0 0 0 10 0 0 27 0 
P15387 2019 4 16 0 5 0 0 22 0 25 34 23 18 0 0 22 40 40 28 0 0 0 0 0 14 31 35 0 29 30 28 31 -999 
P15387 2019 5 30 0 0 0 0 0 0 12 20 0 0 24 0 0 0 0 0 0 12 0 10 0 0 0 14 0 0 0 0 0 0 
P15387 2019 6 0 0 0 0 0 16 20 0 31 23 0 24 0 0 0 20 20 0 21 0 15 0 0 0 0 0 19 0 0 0 -999 
P15387 2019 7 0 0 0 0 0 42 0 0 0 0 0 28 0 0 0 0 0 0 0 0 17 0 0 0 0 0 31 18 0 0 0 
P15387 2019 8 7 0 12 0 0 33 24 0 10 0 6 0 0 0 0 0 0 0 9 0 0 0 0 7 0 4 0 0 0 0 20 
P15387 2019 9 0 31 0 11 0 0 0 0 0 0 0 11 0 0 0 0 0 23 22 28 0 0 16 22 0 0 0 21 15 0 -999 
P15387 2019 10 6 0 0 0 0 0 0 14 0 8 12 36 51 0 0 0 0 0 0 0 4 0 0 0 0 0 0 0 0 0 0 
P15387 2019 11 0 0 0 5 0 14 0 11 0 0 0 0 0 0 2 0 0 0 12 37 73 87 70 33 0 0 34 0 0 0 -999 
P15387 2019 12 46 36 0 0 0 0 0 0 0 0 0 0 0 0 0 0 0 0 0 0 0 0 0 0 0 0 0 0 4 0 0 
P15387 2020 1 11 0 6 0 0 0 0 0 0 0 2 0 0 28 0 11 0 0 0 2 0 0 0 0 0 0 16 19 28 18 12 
P15387 2020 2 10 0 0 0 10 12 19 0 11 0 0 0 0 0 0 0 0 0 0 0 0 0 0 0 0 4 0 0 -999 -999 -999 
P15387 2020 3 1 0 3 0 18 26 11 0 0 0 3 0 12 0 0 0 0 0 0 10 0 0 0 7 0 22 0 0 16 12 15 
P15387 2020 4 16 17 0 10 0 0 1 2 3 0 11 23 0 0 26 0 46 0 35 40 46 33 14 13 0 0 0 0 0 0 -999 
P15387 2020 5 0 9 0 0 0 5 0 0 0 0 33 0 37 0 24 22 0 0 0 0 0 0 14 30 21 0 0 0 0 17 23 
P15387 2020 6 0 0 0 20 0 0 0 0 30 0 14 0 0 0 0 0 12 0 0 0 13 0 20 0 0 0 0 21 21 0 -999 
P15387 2020 7 0 16 0 0 0 0 0 0 15 0 0 36 60 0 0 18 21 0 0 0 0 19 0 40 0 0 0 0 0 0 0 
P15387 2020 8 0 21 12 0 0 14 0 0 0 0 0 8 0 0 0 0 0 0 0 0 0 0 0 0 0 0 0 0 0 0 15 
P15387 2020 9 0 0 0 0 0 0 0 0 5 0 0 0 0 0 0 8 8 0 0 0 0 0 0 15 0 0 0 0 0 0 -999 
P15387 2020 10 0 0 0 17 0 0 34 30 0 0 0 0 19 12 36 48 16 32 0 22 0 0 4 0 0 0 0 0 0 0 15 
P15387 2020 11 0 33 44 35 29 0 0 0 9 0 0 0 0 0 37 0 0 0 15 28 50 34 36 0 31 0 21 57 14 0 -999 
P15387 2020 12 23 0 38 0 0 0 0 13 17 6 0 0 0 0 0 0 0 0 0 17 14 0 45 26 37 31 44 0 0 16 17 
P15387 2021 1 25 37 33 12 14 19 0 0 27 10 0 2 0 1 0 0 0 0 0 3 0 2 0 3 0 0 0 15 0 22 0 
P15387 2021 2 0 0 0 0 0 0 0 0 0 0 11 0 0 8 2 0 0 0 0 0 7 0 14 6 0 0 0 0 -999 -999 -999 
P15387 2021 3 22 0 0 4 0 0 0 18 0 25 0 4 0 19 0 8 0 0 0 0 31 0 0 0 0 0 0 0 0 0 10 
P15387 2021 4 0 0 0 20 0 0 0 0 0 0 0 0 0 0 0 0 0 0 0 0 0 0 21 0 19 0 15 15 0 41 -999 
P15387 2021 5 35 0 27 25 14 0 0 0 0 0 0 0 0 19 0 12 0 38 36 32 0 19 0 16 0 20 0 32 20 0 21 
P15387 2021 6 23 0 0 24 0 0 0 0 0 0 0 0 0 11 11 15 0 35 0 0 0 14 0 0 0 9 0 0 0 0 -999 
P15387 2021 7 0 0 0 0 0 16 0 25 0 0 0 0 0 0 0 0 0 13 0 0 0 0 0 0 0 13 0 0 32 0 0 
P15387 2021 8 0 0 0 0 0 19 0 0 0 0 0 38 0 14 0 0 0 0 0 0 0 0 0 22 0 38 0 22 0 0 15 
P15387 2021 9 21 0 12 13 15 0 0 0 14 17 0 0 0 0 0 7 0 0 0 0 0 0 11 14 19 0 19 0 0 0 -999 
P15387 2021 10 0 0 5 0 0 14 0 0 0 0 16 11 6 0 2 0 0 0 0 0 0 24 47 58 34 19 0 18 0 9 0 
P15387 2021 11 13 0 0 0 0 0 0 0 13 0 0 0 0 0 10 0 0 0 0 0 0 3 0 0 33 21 29 26 51 26 -999 
P15387 2021 12 20 41 0 0 0 0 0 0 0 0 9 0 5 7 0 0 0 44 20 0 0 26 0 11 0 0 0 5 8 0 4 
P15387 2022 1 0 0 0 0 0 9 0 0 17 0 0 15 14 16 22 0 20 0 9 0 31 21 48 32 43 15 14 28 29 0 21 
P15387 2022 2 46 47 0 0 0 23 46 64 40 23 0 47 63 23 46 0 41 26 19 17 46 41 33 0 0 48 0 0 -999 -999 -999 
P15387 2022 3 8 9 0 13 47 56 36 42 25 0 0 30 39 0 0 8 0 0 0 0 0 4 0 0 0 0 0 0 18 0 0 
P15387 2022 4 0 0 0 0 0 0 12 0 0 12 0 0 0 0 0 0 18 11 15 21 15 0 0 11 0 0 0 0 0 0 -999 
P15387 2022 5 5 0 0 0 0 13 11 0 0 0 43 28 24 0 0 29 24 27 0 0 0 20 17 20 0 0 0 13 0 0 11 
P15387 2022 6 0 6 13 30 0 24 36 0 12 0 0 0 0 0 37 28 0 0 0 0 10 0 20 0 0 0 0 0 16 12 -999 
P15387 2022 7 0 0 0 13 0 0 0 0 0 0 0 0 25 0 0 0 0 0 0 0 0 0 0 0 0 0 19 0 0 0 23 
P15387 2022 8 0 16 0 0 6 0 24 0 0 0 0 0 24 27 0 0 16 20 0 0 0 0 0 0 0 0 0 7 10 0 0 
P15387 2022 9 12 0 33 0 0 0 0 0 0 0 0 10 14 20 0 0 0 0 8 0 0 0 0 0 0 0 0 0 0 8 -999 
P15387 2022 10 9 0 0 0 0 0 0 0 14 24 0 0 0 0 30 0 22 17 9 0 3 0 0 0 17 0 0 0 22 46 31 
P15387 2022 11 0 0 5 7 0 0 0 0 0 0 0 13 0 0 0 0 10 0 0 5 0 0 0 0 0 0 8 12 0 0 -999 
P15387 2022 12 16 25 36 40 0 0 18 0 0 0 12 0 0 0 3 0 0 0 0 7 9 0 33 37 39 27 16 31 29 17 7 
P15387 2023 1 8 0 8 0 0 13 0 0 0 0 0 0 0 0 0 0 0 0 0 0 11 10 0 0 0 0 0 0 0 0 0 
P15387 2023 2 0 0 0 0 0 0 0 4 0 5 4 0 2 0 0 0 10 11 0 0 0 0 0 27 0 0 31 24 -999 -999 -999 
P15387 2023 3 0 0 11 7 3 4 0 0 0 0 0 22 38 0 0 0 0 4 0 0 0 0 7 0 0 0 0 0 15 0 0 
P15387 2023 4 52 21 22 45 0 0 0 0 19 0 0 18 39 70 43 24 35 21 0 0 0 0 0 0 41 0 40 43 0 0 -999 
P15387 2023 5 0 0 0 0 17 0 0 0 0 13 0 56 45 17 14 20 32 32 47 0 0 0 0 0 0 0 0 0 10 0 22 
P15387 2023 6 0 0 0 30 0 0 34 27 17 0 0 0 0 8 0 0 9 0 13 13 0 0 0 0 0 0 0 0 0 4 -999 
P15387 2023 7 5 0 7 0 0 0 0 0 0 0 0 0 0 0 0 0 0 0 0 26 22 0 28 29 0 0 0 0 0 0 0 
P15387 2023 8 0 0 0 0 0 28 0 0 8 0 13 0 0 0 0 0 0 0 0 0 0 0 29 0 0 0 0 0 0 15 0 
P15387 2023 9 26 34 0 0 21 0 0 0 0 0 0 8 0 0 0 17 14 0 23 0 0 0 0 0 18 0 0 49 34 0 -999 
P15387 2023 10 15 0 0 11 0 0 0 0 13 0 0 9 0 22 37 0 0 0 0 0 0 0 0 0 0 0 0 0 0 0 0 
P15387 2023 11 0 45 20 0 0 0 0 0 18 21 18 14 15 9 0 0 0 2 0 0 0 0 0 0 0 0 0 0 0 0 -999 
P15387 2023 12 0 0 0 0 0 0 0 0 0 0 0 0 9 0 0 3 0 0 0 0 0 0 0 0 0 0 0 4 0 0 0 
P15387 2024 1 0 0 11 23 0 14 0 28 41 0 0 0 7 0 25 0 13 0 0 0 0 0 0 0 5 0 4 0 10 8 0 
P15387 2024 2 28 36 0 28 12 11 0 19 5 0 0 0 0 0 0 23 0 3 0 0 25 28 0 44 36 0 0 9 -999 -999 -999 
P15387 2024 3 17 31 0 36 0 41 0 0 0 0 0 0 0 0 0 7 10 0 0 0 0 0 8 0 55 64 49 30 0 0 0 
P15387 2024 4 0 56 0 30 22 0 0 0 0 0 0 0 0 0 8 4 5 8 9 0 19 52 44 0 0 0 14 24 0 0 -999 
P15387 2024 5 0 0 0 0 0 7 14 12 13 40 38 11 7 0 0 0 0 0 0 16 0 0 0 9 0 0 0 0 14 15 0 
P15387 2024 6 0 0 0 0 11 0 0 0 21 24 0 0 0 0 4 0 0 0 21 0 0 0 0 0 0 33 0 0 0 20 -999 
P15387 2024 7 14 0 0 0 0 0 0 0 0 0 0 0 0 0 0 0 0 0 0 0 0 17 0 0 0 0 15 18 32 0 0 
P15387 2024 8 0 24 0 0 0 0 0 0 0 0 0 0 0 0 0 0 0 0 0 10 0 0 0 0 0 0 0 0 0 0 0 
P15387 2024 9 26 0 23 0 0 0 25 17 12 0 20 28 0 38 0 0 0 0 26 23 0 20 12 0 0 0 0 15 0 0 -999 
P15387 2024 10 0 3 0 0 18 0 0 0 0 0 0 28 0 10 38 0 26 0 0 0 0 0 0 0 0 0 0 0 0 7 0 
P15387 2024 11 0 21 0 0 0 0 0 0 9 14 15 0 23 30 0 0 0 0 0 0 8 10 0 10 0 0 0 0 0 0 -999 
P15387 2024 12 0 0 0 14 19 0 0 0 0 0 0 0 0 0 0 0 0 0 0 0 0 0 0 0 4 17 28 0 0 0 0 
P15387 2025 1 0 0 0 0 0 6 0 4 4 0 0 0 0 0 0 0 0 0 0 0 0 9 0 31 27 24 23 0 0 0 0 
P15387 2025 2 0 0 4 0 0 15 13 0 0 0 0 15 10 0 0 0 19 0 0 0 21 0 14 8 0 0 0 0 -999 -999 -999 
P15387 2025 3 4 22 29 27 40 0 70 55 0 0 0 0 0 0 0 0 0 23 38 44 47 63 34 59 0 25 28 0 0 0 0 
P15387 2025 4 36 20 11 0 0 0 0 0 0 0 0 0 0 7 22 45 13 9 20 30 18 0 0 0 6 7 0 0 16 32 -999 
P15387 2025 5 38 10 0 0 0 0 21 0 0 0 0 0 0 0 0 0 15 0 0 9 0 0 10 0 0 0 0 0 0 0 23 
P15387 2025 6 0 0 0 11 0 0 0 0 0 0 12 0 0 0 0 0 9 0 11 0 0 0 21 0 29 0 0 0 0 22 -999 
P15387 2025 7 0 0 0 0 0 0 0 0 0 0 0 0 15 0 26 0 0 27 29 0 0 20 0 28 22 0 0 0 0 0 0 
P15387 2025 8 0 26 11 0 0 0 0 21 21 0 15 0 0 0 0 0 0 0 0 0 0 25 0 0 0 0 9 0 0 0 0 
P15387 2025 9 0 0 0 0 0 0 0 0 0 0 0 0 0 0 0 0 19 0 26 0 0 0 0 0 4 5 0 0 13 9 -999 
P15387 2025 10 0 0 0 0 14 0 0 0 29 24 0 0 0 0 0 0 0 15 0 20 0 0 0 13 27 41 42 0 0 15 0 
P15387 2025 11 23 6 0 0 4 0 0 0 0 13 0 0 0 0 11 20 9 0 7 0 0 7 0 0 0 0 0 0 7 5 -999 
P15387 2025 12 0 0 23 0 0 0 16 0 0 0 0 0 0 0 0 0 0 0 12 0 10 0 7 8 0 14 0 0 0 0 0 
P15387 2026 1 12 13 19 21 0 0 0 0 0 0 0 34 72 12 0 0 48 51 0 9 0 4 0 0 0 0 0 0 0 13 4 
P15387 2026 2 0 0 0 33 17 0 24 0 0 0 0 0 0 0 0 0 0 0 29 0 38 38 27 20 0 0 0 0 -999 -999 -999 
P15387 2026 3 0 0 0 0 0 0 0 0 2 0 0 0 0 0 0 0 6 0 16 0 25 0 27 0 6 0 0 0 0 0 0 
P15387 2026 4 0 0 0 0 0 0 24 0 45 40 48 49 39 28 0 0 4 0 0 0 0 18 0 0 0 0 21 31 33 0 -999 
P15387 2026 5 27 0 0 0 3 0 12 28 0 11 0 0 7 0 0 0 0 0 0 19 0 0 0 0 35 0 0 27 24 0 0 
P15387 2026 6 14 0 13 8 0 0 0 0 27 0 0 0 0 25 0 0 0 0 0 0 0 0 0 0 8 0 0 12 13 0 -999 
P15387 2026 7 33 27 0 0 0 0 0 23 0 0 0 0 0 0 0 0 0 0 0 0 0 0 0 0 0 0 0 21 0 22 0 
P15387 2026 8 0 0 0 0 8 0 0 0 0 0 0 0 0 0 0 0 11 0 0 0 0 0 0 48 0 0 17 0 0 14 0 
P15387 2026 9 14 0 0 0 17 0 10 16 0 0 0 0 0 0 0 9 0 0 0 13 15 14 0 0 0 13 10 0 0 0 -999 
P15387 2026 10 0 0 0 0 0 0 0 22 0 10 0 29 19 0 39 36 21 0 0 0 0 0 0 33 0 19 0 0 18 0 0 
P15387 2026 11 47 0 0 0 10 16 0 0 14 35 67 25 0 16 0 10 0 0 9 0 0 0 0 0 6 0 0 20 29 10 -999 
P15387 2026 12 0 5 0 8 13 0 0 11 21 0 24 12 11 0 0 0 36 0 28 0 10 0 0 11 0 0 0 0 0 0 8 
P15387 2027 1 4 0 17 37 24 25 28 35 20 8 10 8 0 0 0 0 16 0 14 0 22 9 0 0 0 0 3 0 0 0 0 
P15387 2027 2 0 12 0 0 0 0 0 0 0 0 0 12 24 36 40 60 64 53 36 0 6 6 23 0 35 34 0 0 -999 -999 -999 
P15387 2027 3 36 35 0 18 18 24 0 0 0 0 0 0 0 0 32 29 0 0 0 0 13 15 15 0 19 25 43 42 0 0 18 
P15387 2027 4 0 30 45 0 0 12 0 0 13 0 0 0 0 0 32 50 41 0 0 0 54 47 0 23 22 23 0 3 0 9 -999 
P15387 2027 5 0 20 0 0 0 0 0 0 0 0 0 0 0 0 0 15 17 22 28 0 0 0 24 27 39 47 33 20 18 18 0 
P15387 2027 6 36 0 0 21 25 0 0 0 0 0 0 0 25 0 0 0 14 13 0 0 0 0 0 0 10 0 19 0 0 0 -999 
P15387 2027 7 0 17 0 0 0 27 0 0 0 0 0 0 0 0 0 0 7 0 0 0 0 0 0 20 0 0 0 0 13 0 0 
P15387 2027 8 0 0 0 24 31 0 0 17 16 0 0 0 30 17 0 0 0 0 0 0 0 0 0 0 38 26 24 0 0 0 0 
P15387 2027 9 0 0 0 0 0 0 12 0 0 0 0 0 0 0 12 0 0 0 0 0 0 0 0 0 0 0 15 18 0 0 -999 
P15387 2027 10 0 15 4 0 0 0 0 0 0 0 0 0 0 0 5 0 0 6 0 0 15 0 0 0 12 0 0 10 0 20 11 
P15387 2027 11 22 39 75 73 0 0 19 12 0 0 3 0 0 56 0 23 0 12 0 0 0 0 23 38 42 31 0 32 35 62 -999 
P15387 2027 12 20 26 55 0 0 34 63 50 29 21 32 0 0 0 18 0 0 0 0 0 0 0 0 6 11 7 0 0 0 0 0 
P15387 2028 1 0 0 0 0 0 0 0 14 29 0 15 0 24 29 52 13 0 0 0 0 0 0 0 0 2 0 7 0 0 0 0 
P15387 2028 2 0 0 7 0 0 0 0 0 0 0 0 0 0 0 0 0 3 0 0 0 0 0 9 0 8 17 0 0 -999 -999 -999 
P15387 2028 3 0 19 0 0 0 0 0 0 0 0 7 0 13 14 16 0 0 0 0 0 0 10 0 0 0 0 0 0 0 5 9 
P15387 2028 4 0 0 9 13 0 0 15 0 22 25 0 0 14 12 0 4 0 0 0 10 0 0 0 0 0 0 9 0 19 23 -999 
P15387 2028 5 0 24 0 0 0 0 0 0 0 0 0 7 0 0 0 0 0 0 0 0 0 0 0 29 0 0 0 0 13 0 18 
P15387 2028 6 0 18 0 0 0 0 0 0 0 0 0 0 21 0 0 22 26 0 0 0 22 26 0 0 0 0 0 0 20 22 -999 
P15387 2028 7 27 0 22 0 39 40 0 25 31 0 14 18 0 0 0 0 19 0 0 0 0 10 0 0 30 0 0 0 0 0 0 
P15387 2028 8 0 0 16 0 0 0 0 0 7 10 0 0 0 0 0 18 0 25 35 0 0 0 0 0 0 15 0 0 0 15 0 
P15387 2028 9 23 0 0 0 0 0 0 10 9 0 11 0 9 12 0 0 0 0 0 0 0 10 11 0 0 0 13 0 11 0 -999 
P15387 2028 10 0 0 0 13 0 0 20 19 0 13 0 0 7 0 0 0 0 26 0 0 27 0 0 0 0 0 0 7 0 8 0 
P15387 2028 11 24 0 0 13 0 0 23 64 0 29 23 12 0 6 25 27 0 13 12 11 0 0 0 0 0 6 4 0 0 0 -999 
P15387 2028 12 0 0 0 14 14 19 0 0 0 0 0 0 0 0 4 0 0 0 0 29 46 11 0 32 15 14 0 0 6 0 8 
P15387 2029 1 0 0 30 0 0 0 74 49 0 0 0 0 0 21 17 42 0 0 0 27 9 0 2 0 0 0 49 41 0 0 0 
P15387 2029 2 4 9 0 0 0 1 0 0 0 0 11 5 0 0 2 0 0 0 0 0 13 13 0 9 0 0 22 0 -999 -999 -999 
P15387 2029 3 0 0 0 0 0 0 0 0 0 0 0 0 0 0 0 0 0 14 15 26 27 18 28 31 17 0 0 5 0 9 0 
P15387 2029 4 0 0 0 0 10 11 13 12 0 0 0 0 0 13 12 11 5 5 0 0 0 0 0 5 0 22 0 0 0 0 -999 
P15387 2029 5 4 0 0 0 18 0 0 7 0 0 0 0 0 0 0 0 0 0 0 0 0 0 0 0 0 0 0 0 0 12 13 
P15387 2029 6 14 17 24 35 0 0 0 24 0 0 0 0 10 0 0 0 0 0 18 0 25 0 20 0 19 0 0 0 20 0 -999 
P15387 2029 7 0 0 38 0 22 0 0 0 0 16 0 0 0 14 0 0 42 0 38 0 16 0 0 0 0 0 0 0 0 12 17 
P15387 2029 8 0 0 0 31 0 0 0 0 0 0 0 0 0 0 0 22 0 0 0 0 0 0 0 0 0 0 0 8 0 0 14 
P15387 2029 9 15 0 0 0 0 0 9 0 0 6 9 0 0 0 0 0 0 0 0 0 0 0 33 39 0 24 0 37 0 63 -999 
P15387 2029 10 52 29 0 0 0 0 0 0 0 0 0 0 0 0 0 22 0 0 0 0 0 27 18 21 0 26 0 11 11 23 19 
P15387 2029 11 0 0 32 49 0 28 31 0 0 37 17 0 0 0 0 0 7 0 0 26 0 13 16 22 28 0 0 16 20 0 -999 
P15387 2029 12 0 0 0 0 0 9 0 0 0 0 0 0 0 0 0 0 0 0 0 8 0 0 0 0 0 0 6 6 0 12 0 
P15387 2030 1 40 0 0 7 0 18 38 19 13 13 10 13 0 0 0 0 0 0 0 0 0 0 4 0 9 18 14 7 0 0 44 
P15387 2030 2 56 0 40 0 0 10 0 34 23 25 0 23 0 0 0 31 0 0 21 16 19 0 0 8 0 0 17 0 -999 -999 -999 
P15387 2030 3 11 0 0 0 0 0 52 0 12 21 30 0 0 0 0 0 0 8 0 0 0 23 40 0 0 0 0 0 0 0 0 
P15387 2030 4 0 0 10 0 12 0 12 0 0 0 0 0 0 0 50 46 37 84 58 29 34 36 44 22 18 27 34 24 0 0 -999 
P15387 2030 5 15 0 0 0 0 5 0 5 0 0 0 0 0 37 0 33 0 17 19 0 0 0 0 0 0 0 16 0 0 18 30 
P15387 2030 6 0 44 0 0 26 0 31 0 13 0 0 32 0 24 23 0 0 12 15 21 0 29 10 0 0 41 32 0 0 29 -999 
P15387 2030 7 36 0 0 0 0 0 0 0 0 0 13 0 0 19 0 0 0 22 0 0 0 18 0 0 0 31 0 0 0 0 0 
P15387 2030 8 0 0 0 0 0 0 0 0 0 0 0 13 0 19 0 0 0 0 0 0 0 16 0 0 7 0 0 0 7 9 0 
P15387 2030 9 10 0 0 0 0 0 16 0 0 0 8 0 0 0 0 0 0 0 0 0 16 0 13 15 0 0 0 0 11 7 -999 
P15387 2030 10 0 0 10 0 0 10 0 0 22 0 40 20 0 7 0 0 9 0 0 0 0 0 0 0 0 0 0 0 0 7 14 
P15387 2030 11 18 0 23 33 51 52 30 0 0 12 0 0 0 0 5 0 0 0 29 0 0 0 17 16 11 0 0 0 0 20 -999 
P15387 2030 12 41 28 0 28 38 45 44 20 23 12 17 28 16 0 14 16 0 0 4 0 0 0 23 12 0 0 0 0 0 0 0 
P15387 2031 1 0 0 0 0 0 0 4 0 5 0 0 0 0 57 49 25 0 0 13 14 0 0 15 0 23 13 7 6 16 18 20 
P15387 2031 2 0 11 0 0 21 23 0 0 11 26 0 15 10 0 0 0 0 31 33 27 0 33 15 0 0 0 0 19 -999 -999 -999 
P15387 2031 3 0 17 0 8 9 12 0 0 0 0 24 0 0 26 0 33 0 0 25 0 0 0 0 28 35 0 0 29 0 0 20 
P15387 2031 4 19 23 20 21 0 45 0 0 0 0 0 0 0 21 0 0 11 0 0 14 0 0 26 0 0 0 0 25 0 18 -999 
P15387 2031 5 19 24 20 11 0 20 33 47 29 0 27 0 0 21 28 0 23 0 0 0 0 0 0 11 15 0 0 0 14 0 0 
P15387 2031 6 0 0 0 0 0 0 17 0 4 0 0 0 0 0 0 0 0 0 0 0 0 30 0 0 9 0 0 0 0 0 -999 
P15387 2031 7 0 0 0 0 33 31 0 0 25 23 29 0 16 18 0 0 0 36 0 0 0 0 0 0 0 0 27 0 0 12 0 
P15387 2031 8 0 0 0 0 0 0 0 0 0 10 0 0 0 0 0 0 0 0 48 34 31 20 0 0 0 0 0 0 6 0 0 
P15387 2031 9 0 10 7 0 0 0 0 0 0 0 0 0 0 0 0 0 0 10 0 0 0 0 7 0 0 0 0 0 31 0 -999 
P15387 2031 10 0 10 0 0 0 0 7 0 12 0 0 0 26 22 23 34 0 0 0 0 0 0 0 30 33 0 0 40 0 27 26 
P15387 2031 11 0 20 0 0 27 22 13 0 3 0 0 16 23 25 0 44 25 0 10 9 0 0 0 0 0 0 17 0 16 0 -999 
P15387 2031 12 35 53 52 63 30 19 0 17 0 0 0 0 0 0 0 4 0 0 3 6 0 0 0 7 7 0 4 0 1 0 17 
P15387 2032 1 25 32 0 0 0 39 43 13 45 11 6 0 0 0 0 0 0 33 0 10 0 0 0 0 0 5 6 0 13 28 0 
P15387 2032 2 31 0 0 0 0 0 0 0 8 0 0 0 0 0 0 0 0 0 0 2 0 0 0 0 8 14 0 3 -999 -999 -999 
P15387 2032 3 14 20 0 1 0 0 38 31 0 14 0 2 0 0 0 1 0 0 0 7 10 0 0 0 0 0 27 14 0 5 17 
P15387 2032 4 13 0 32 51 76 64 38 31 0 0 11 13 13 0 20 16 24 0 36 0 34 57 62 26 0 0 6 10 26 35 -999 
P15387 2032 5 19 15 0 0 37 28 32 0 29 0 0 28 0 8 0 0 36 48 0 19 31 0 0 0 0 0 0 0 0 4 9 
P15387 2032 6 0 0 0 0 0 48 47 27 0 0 19 0 17 0 0 7 12 0 0 0 0 0 0 11 0 0 0 29 23 25 -999 
P15387 2032 7 27 0 0 27 26 0 0 0 0 0 0 0 0 7 0 0 0 0 0 0 0 0 12 0 0 15 0 0 0 17 0 
P15387 2032 8 0 0 0 0 0 0 0 0 12 0 0 0 0 8 0 0 20 0 33 0 0 0 0 0 0 0 0 0 17 0 0 
P15387 2032 9 0 7 0 0 0 0 0 0 20 0 0 0 0 0 11 16 0 0 0 0 16 0 9 12 0 0 17 0 0 0 -999 
P15387 2032 10 9 0 0 0 0 0 5 0 0 0 0 0 19 24 31 0 0 20 30 59 54 57 22 0 0 13 0 0 0 0 0 
P15387 2032 11 0 7 0 0 38 49 0 0 18 0 0 0 0 0 0 0 0 0 36 46 40 0 0 25 0 14 24 25 27 14 -999 
P15387 2032 12 0 0 0 0 0 27 0 0 0 0 26 15 0 0 0 0 3 9 0 0 4 0 0 0 0 0 0 12 0 0 38 
P15387 2033 1 52 19 0 0 0 0 32 14 0 10 0 0 0 0 0 0 0 0 0 0 0 0 0 0 0 0 0 0 0 0 0 
P15387 2033 2 0 0 0 6 0 0 0 13 0 0 0 0 5 11 0 42 50 0 36 45 42 43 0 23 32 0 31 0 -999 -999 -999 
P15387 2033 3 0 13 0 0 0 0 6 10 12 0 10 8 0 18 0 14 0 20 0 49 37 0 29 26 44 0 0 10 19 0 0 
P15387 2033 4 37 33 0 16 19 21 13 0 0 0 0 0 0 0 0 9 0 43 44 44 0 31 0 17 33 28 0 0 0 4 -999 
P15387 2033 5 6 0 0 0 0 0 0 0 0 0 39 0 0 0 0 0 23 0 0 22 25 23 0 24 24 0 0 11 10 0 11 
P15387 2033 6 0 0 25 39 35 0 0 0 25 0 19 0 0 22 0 0 19 29 25 0 39 26 0 0 0 15 23 0 20 0 -999 
P15387 2033 7 0 0 11 0 0 25 0 28 0 0 0 0 0 0 0 0 0 0 0 0 0 0 0 0 0 16 0 0 0 0 0 
P15387 2033 8 0 0 0 0 0 0 0 0 45 33 0 0 0 9 8 0 0 0 12 0 0 0 0 12 0 16 0 0 0 0 0 
P15387 2033 9 0 0 0 0 0 0 24 40 0 0 0 0 0 5 0 0 0 0 13 0 0 0 0 0 0 0 0 0 0 0 -999 
P15387 2033 10 0 18 21 0 13 0 0 0 3 0 0 0 0 0 0 0 0 0 45 22 0 14 0 8 23 26 22 0 0 0 39 
P15387 2033 11 0 0 31 66 30 40 65 65 21 0 0 19 0 20 50 0 0 0 0 0 0 0 3 3 0 12 0 0 0 0 -999 
P15387 2033 12 10 0 38 35 0 0 0 26 22 0 0 0 0 0 0 0 0 0 0 0 0 0 0 0 5 0 0 0 7 0 6 
P15387 2034 1 0 0 0 0 0 0 0 0 0 0 0 0 4 19 6 0 0 0 0 0 10 0 14 17 0 32 0 12 0 0 0 
P15387 2034 2 0 0 0 0 0 0 0 23 0 0 40 31 10 8 11 0 0 0 44 28 0 0 28 18 0 7 9 0 -999 -999 -999 
P15387 2034 3 0 0 0 0 0 0 0 0 0 0 0 24 0 0 0 0 3 0 0 7 0 11 7 0 0 9 0 0 24 0 0 
P15387 2034 4 0 21 27 48 48 45 10 12 16 0 0 14 16 0 0 39 0 21 0 21 0 46 38 26 0 0 0 0 0 0 -999 
P15387 2034 5 0 0 0 0 10 0 0 8 7 0 0 0 11 0 29 29 0 15 12 0 0 0 24 0 0 0 0 24 0 28 0 
P15387 2034 6 0 33 20 0 14 15 16 20 0 17 0 0 11 8 8 0 0 0 30 34 0 0 0 0 16 0 0 0 0 0 -999 
P15387 2034 7 0 0 0 0 0 0 0 0 0 0 17 0 0 0 0 0 0 0 0 0 0 13 0 0 13 0 0 0 0 26 0 
P15387 2034 8 0 0 0 0 0 0 0 0 0 15 10 0 0 0 0 0 29 0 0 0 0 0 0 0 0 0 0 0 0 30 24 
P15387 2034 9 0 0 0 0 0 0 0 0 22 0 0 0 0 18 0 14 0 20 0 0 5 0 0 0 0 6 0 0 0 0 -999 
P15387 2034 10 0 0 0 0 0 0 0 0 0 0 0 0 0 0 16 34 23 15 0 0 0 16 0 0 0 0 0 17 0 16 0 
P15387 2034 11 0 0 10 13 23 24 0 3 4 0 0 0 10 0 0 0 0 0 0 0 0 0 0 0 0 15 19 13 14 0 -999 
P15387 2034 12 16 10 15 0 0 0 0 0 0 0 16 0 0 0 0 0 7 0 0 0 0 0 0 0 42 44 62 0 12 0 21 
P15387 2035 1 0 0 23 37 0 15 0 9 0 0 0 5 0 9 0 0 0 0 9 10 8 8 0 0 0 0 0 21 0 9 0 
P15387 2035 2 0 5 0 12 0 0 0 0 0 4 0 0 0 0 0 0 0 0 0 8 0 0 0 0 17 15 0 0 -999 -999 -999 
P15387 2035 3 15 24 12 0 0 0 0 0 22 0 0 0 22 31 0 0 0 23 0 0 0 0 0 0 0 12 14 22 0 0 0 
P15387 2035 4 0 0 0 0 0 35 21 31 29 0 16 0 22 0 22 26 31 16 0 0 44 26 21 31 21 6 0 24 42 0 -999 
P15387 2035 5 27 0 0 0 8 0 25 31 21 0 0 0 0 0 0 0 19 13 0 14 9 24 0 11 0 0 3 0 0 0 0 
P15387 2035 6 0 0 0 0 0 0 0 0 0 9 0 0 0 0 0 0 0 0 17 0 24 11 0 0 0 15 12 8 0 0 -999 
P15387 2035 7 25 0 0 0 0 0 0 27 26 0 14 13 15 13 0 0 0 0 0 0 18 0 9 0 0 25 0 0 0 0 0 
P15387 2035 8 0 0 0 0 0 0 0 0 0 0 0 0 0 0 0 16 22 0 0 0 11 0 0 11 0 0 13 0 38 0 0 
P15387 2035 9 19 0 0 0 0 0 0 0 9 13 0 0 0 0 0 6 8 0 0 20 7 0 0 0 0 0 16 19 0 0 -999 
P15387 2035 10 0 19 0 0 5 0 0 0 0 0 0 35 31 18 36 31 15 0 18 29 0 28 19 18 0 0 0 8 0 0 0 
P15387 2035 11 8 19 23 18 0 0 0 0 7 0 0 4 0 0 0 0 0 9 0 0 0 0 2 2 0 0 0 0 0 0 -999 
P15387 2035 12 0 0 2 0 0 0 0 0 7 0 0 0 0 0 31 54 0 17 19 0 0 0 0 16 0 24 22 0 0 0 0 
P15387 2036 1 0 46 11 0 0 44 43 0 51 57 31 20 30 0 12 0 21 24 0 40 19 10 0 0 8 0 0 0 0 0 3 
P15387 2036 2 0 13 21 0 0 0 0 6 0 0 0 0 4 0 0 0 0 4 9 0 7 0 0 0 0 9 12 0 -999 -999 -999 
P15387 2036 3 38 54 21 14 15 13 0 6 9 0 0 0 0 0 21 0 0 15 0 0 13 13 0 31 63 0 47 39 24 26 0 
P15387 2036 4 53 38 15 0 0 26 18 0 17 0 29 41 19 13 0 3 0 0 33 0 33 0 0 0 0 0 13 0 0 0 -999 
P15387 2036 5 0 0 0 0 19 0 0 0 0 0 0 32 0 0 10 0 46 34 31 0 0 45 24 0 0 6 0 0 0 0 0 
P15387 2036 6 18 0 0 0 0 0 10 0 21 0 0 0 42 32 0 0 26 16 0 0 0 0 0 0 0 0 14 0 0 0 -999 
P15387 2036 7 0 0 22 24 0 0 12 0 32 0 0 0 0 0 36 0 25 0 0 0 0 0 23 33 0 0 11 0 0 0 0 
P15387 2036 8 0 0 26 0 42 25 0 0 0 0 0 18 0 0 0 0 0 0 0 0 0 0 0 0 17 0 18 0 0 0 11 
P15387 2036 9 0 12 0 0 0 0 0 0 0 0 26 0 0 0 5 0 0 5 0 0 0 0 0 0 0 0 0 0 0 16 -999 
P15387 2036 10 0 28 0 0 0 0 43 0 18 0 21 0 0 0 44 28 0 0 0 0 2 4 0 0 14 13 0 0 0 0 0 
P15387 2036 11 8 0 0 0 0 13 0 0 23 0 20 13 0 4 0 8 0 2 2 0 0 0 0 11 0 13 0 0 0 0 -999 
P15387 2036 12 0 3 0 0 0 0 0 0 0 0 0 0 0 0 0 0 0 0 0 0 0 0 0 0 0 7 19 0 0 39 0 
P15387 2037 1 39 34 0 20 0 24 15 0 13 0 3 3 0 0 16 0 44 35 35 35 15 0 0 0 0 0 0 1 0 5 3 
P15387 2037 2 0 0 3 5 0 0 0 0 0 0 0 0 13 10 8 8 8 0 26 0 0 8 0 0 0 0 4 7 -999 -999 -999 
P15387 2037 3 10 0 15 23 0 0 0 29 0 0 0 0 0 2 0 0 0 0 0 19 19 29 41 52 0 56 37 41 38 16 17 
P15387 2037 4 7 0 0 12 0 21 0 0 0 0 0 14 24 43 32 21 0 0 0 11 11 11 27 42 31 0 31 0 19 0 -999 
P15387 2037 5 0 12 0 0 32 0 40 0 12 0 0 0 0 0 0 0 0 0 20 0 0 10 13 12 0 8 0 0 0 0 18 
P15387 2037 6 0 27 0 0 0 0 28 0 17 0 0 0 0 0 15 21 0 0 24 21 15 0 0 0 0 20 12 8 11 0 -999 
P15387 2037 7 15 0 0 11 0 21 0 0 8 0 20 15 18 0 0 0 0 0 0 0 0 0 0 0 25 28 0 34 0 0 0 
P15387 2037 8 34 0 0 0 0 0 0 0 35 0 0 0 0 34 17 0 18 0 0 13 0 0 13 0 0 0 0 0 0 37 0 
P15387 2037 9 22 0 0 0 17 0 21 0 26 0 16 20 0 19 0 0 15 0 0 0 0 0 5 0 10 0 18 0 0 0 -999 
P15387 2037 10 0 0 0 13 18 25 0 18 13 10 7 0 0 0 0 0 0 0 0 0 0 8 0 26 21 0 0 0 2 5 0 
P15387 2037 11 0 34 0 9 0 0 15 0 0 0 0 0 0 0 0 25 43 20 0 0 0 18 20 0 0 0 17 12 0 9 -999 
P15387 2037 12 10 12 0 0 0 65 51 22 15 0 0 37 9 0 8 0 6 0 19 0 0 3 9 13 13 10 4 0 0 0 0 
P15387 2038 1 0 0 0 0 0 0 0 0 13 0 12 33 0 0 0 19 0 15 0 0 18 0 0 0 9 14 0 7 0 0 15 
P15387 2038 2 10 0 4 8 13 33 13 9 0 9 0 0 0 1 0 0 0 0 0 0 7 0 0 0 35 39 0 13 -999 -999 -999 
P15387 2038 3 0 0 0 18 0 0 13 0 9 0 0 0 0 0 20 25 30 0 12 0 0 0 32 35 0 0 38 16 0 0 0 
P15387 2038 4 0 0 0 26 0 11 0 33 0 17 0 0 0 0 0 0 23 0 6 0 0 56 0 0 0 0 0 0 0 0 -999 
P15387 2038 5 0 0 0 4 0 0 0 0 0 14 0 0 0 0 19 0 0 0 11 0 0 0 0 14 0 0 0 14 18 0 0 
P15387 2038 6 0 0 0 0 0 0 20 0 31 43 43 36 13 0 0 0 20 0 21 0 25 18 0 0 0 0 13 0 27 0 -999 
P15387 2038 7 35 0 0 32 0 0 9 0 0 0 0 0 0 0 0 0 0 0 0 30 0 0 0 0 0 0 0 0 0 0 0 
P15387 2038 8 0 0 0 0 0 0 0 0 0 0 0 0 0 20 29 0 17 0 0 0 0 0 0 0 0 11 0 15 0 0 0 
P15387 2038 9 0 0 0 22 0 0 10 0 0 0 0 0 0 0 19 0 0 19 0 0 0 0 0 32 31 0 0 0 0 0 -999 
P15387 2038 10 13 0 0 0 0 0 0 0 0 0 11 0 0 0 13 4 6 14 0 0 0 0 50 0 30 19 0 33 18 0 16 
P15387 2038 11 19 16 19 0 0 56 36 20 0 0 0 52 35 0 14 23 0 22 31 23 0 0 0 0 14 0 25 0 53 0 -999 
P15387 2038 12 13 14 0 0 0 0 0 0 19 0 0 0 0 0 0 4 0 0 0 0 12 13 0 13 0 0 0 0 25 0 36 
P15387 2039 1 25 0 0 17 0 26 0 0 0 0 0 31 33 29 0 29 41 26 60 61 48 0 13 17 61 74 58 81 20 13 0 
P15387 2039 2 0 0 0 0 0 0 0 0 0 0 0 0 0 15 30 0 0 8 0 9 0 42 46 0 16 19 20 0 -999 -999 -999 
P15387 2039 3 27 0 0 15 0 20 13 0 0 16 0 0 29 0 0 0 24 14 0 0 40 23 0 0 0 0 0 3 0 3 3 
P15387 2039 4 0 0 0 2 0 0 0 0 0 0 0 0 0 0 10 23 0 0 0 0 0 0 0 0 0 0 0 0 0 0 -999 
P15387 2039 5 0 22 19 0 21 0 0 0 20 60 56 52 0 18 19 27 27 0 0 16 25 0 13 0 0 0 22 31 0 0 18 
P15387 2039 6 16 16 0 0 0 0 0 0 0 0 0 10 0 0 0 0 0 42 0 20 0 0 0 0 0 16 0 0 0 0 -999 
P15387 2039 7 0 0 24 0 0 0 0 0 0 0 0 10 0 0 0 0 0 0 0 7 12 0 0 0 0 0 0 0 0 9 0 
P15387 2039 8 0 0 0 12 0 30 18 0 13 0 0 0 0 39 0 0 0 0 36 0 0 0 0 0 0 0 0 18 0 0 48 
P15387 2039 9 0 33 0 0 0 0 22 30 30 0 0 18 0 0 0 0 24 32 0 0 19 0 0 0 0 0 0 13 24 0 -999 
P15387 2039 10 0 0 0 0 0 0 0 0 12 0 0 0 13 13 8 0 0 0 0 36 35 36 0 51 57 0 0 0 28 19 0 
P15387 2039 11 42 39 9 0 3 0 0 0 0 0 0 0 0 6 0 0 0 0 0 0 0 0 0 0 16 0 0 33 35 19 -999 
P15387 2039 12 22 0 5 0 0 15 0 0 0 3 1 0 0 0 0 19 0 81 43 0 12 0 0 4 0 0 0 13 0 7 3 
P15387 2040 1 0 0 0 0 0 0 0 0 0 3 4 9 0 0 7 13 0 0 0 23 11 0 0 0 6 0 11 6 0 0 32 
P15387 2040 2 38 0 22 0 0 0 0 0 0 0 14 0 18 30 68 63 0 56 55 0 41 22 25 32 0 0 0 0 -999 -999 -999 
P15387 2040 3 0 0 0 0 27 0 0 23 15 0 0 0 4 0 0 9 0 0 0 0 0 0 0 10 5 0 0 0 0 0 0 
P15387 2040 4 13 22 26 0 33 40 28 27 19 0 15 0 0 17 28 26 0 0 0 0 0 0 12 6 21 39 0 0 8 0 -999 
P15387 2040 5 10 7 0 0 21 0 53 9 0 0 27 21 0 19 29 0 21 9 0 0 0 0 0 0 0 0 14 10 0 0 0 
P15387 2040 6 0 14 17 16 14 0 0 10 0 28 33 21 0 0 0 13 0 0 0 23 26 0 0 0 0 16 0 0 0 15 -999 
P15387 2040 7 0 0 25 0 14 0 15 0 29 0 21 0 0 0 0 17 0 0 0 0 0 0 0 0 0 0 0 25 0 0 0 
P15387 2040 8 0 0 14 0 0 0 11 15 0 0 0 0 0 0 0 0 27 0 0 12 0 0 0 0 42 0 0 0 0 0 0 
P15387 2040 9 0 0 30 24 24 17 13 0 0 12 0 0 0 29 0 0 19 0 0 0 18 0 0 0 0 0 0 0 0 0 -999 
P15387 2040 10 5 0 0 0 0 0 0 0 29 32 0 20 0 15 0 19 33 38 0 23 15 0 15 0 23 0 0 0 8 0 0 
P15387 2040 11 0 10 11 0 0 0 0 0 21 0 5 0 0 49 48 63 39 20 0 0 0 0 0 0 0 0 13 0 0 0 -999 
P15387 2040 12 11 0 0 0 9 0 9 14 17 12 0 0 0 0 0 0 0 0 0 0 0 0 0 0 0 0 0 9 0 0 0 
P15387 2041 1 0 0 0 0 0 0 0 8 6 0 0 0 0 0 9 0 0 9 0 0 0 10 21 54 0 22 20 37 0 0 0 
P15387 2041 2 0 8 0 0 0 0 2 0 23 25 19 20 0 14 0 50 24 0 0 0 0 0 0 0 0 0 0 0 -999 -999 -999 
P15387 2041 3 0 0 4 5 0 6 10 0 0 0 0 0 0 0 3 0 0 0 0 0 0 0 4 0 0 0 0 7 17 13 0 
P15387 2041 4 0 0 0 0 0 0 12 0 0 0 15 24 0 14 0 0 2 0 0 0 0 18 0 0 0 0 0 5 0 0 -999 
P15387 2041 5 6 15 0 0 0 41 0 18 0 0 0 0 0 12 12 0 0 0 51 0 0 0 0 0 0 0 11 0 0 0 0 
P15387 2041 6 0 18 0 0 0 18 0 0 16 0 0 0 33 23 0 0 0 11 0 30 24 13 8 0 13 0 0 0 0 0 -999 
P15387 2041 7 0 0 0 21 0 0 0 18 0 0 0 0 0 37 0 0 0 0 0 0 0 0 0 17 23 0 0 19 0 0 0 
P15387 2041 8 0 0 22 0 18 16 0 0 0 21 19 0 0 0 0 18 20 0 0 0 28 24 0 0 0 0 0 0 0 0 12 
P15387 2041 9 0 0 0 0 30 0 0 0 22 15 0 0 0 0 0 0 0 19 0 0 38 17 0 0 0 11 7 0 0 0 -999 
P15387 2041 10 13 0 0 9 0 0 0 0 0 0 10 0 23 0 13 13 0 0 0 0 0 0 0 0 28 0 15 15 0 0 31 
P15387 2041 11 62 0 0 29 19 0 0 0 0 4 0 0 0 0 0 0 0 0 22 14 20 20 9 21 35 0 19 11 0 10 -999 
P15387 2041 12 0 28 37 0 20 0 10 0 0 0 0 0 0 0 0 0 0 0 0 0 0 9 0 0 7 12 0 26 25 0 15 
P15387 2042 1 0 23 0 33 16 0 0 5 0 0 0 3 0 0 0 11 0 0 39 27 0 5 0 0 0 0 33 42 0 0 0 
P15387 2042 2 0 0 0 2 0 0 0 0 0 5 0 0 6 0 2 0 0 0 2 0 0 0 0 0 9 5 0 0 -999 -999 -999 
P15387 2042 3 0 9 2 7 24 0 0 9 0 0 10 0 0 0 0 0 0 37 0 0 30 35 35 35 0 0 0 0 17 0 0 
P15387 2042 4 0 15 7 0 0 8 0 9 0 0 0 0 0 0 5 23 35 0 0 20 0 0 0 32 0 0 8 0 23 50 -999 
P15387 2042 5 39 49 43 41 0 29 0 0 0 0 38 0 43 30 0 0 0 0 0 0 0 0 0 39 0 0 0 0 0 0 0 
P15387 2042 6 20 0 36 28 27 27 0 26 0 0 0 0 0 0 8 0 34 0 0 33 0 16 0 0 0 0 27 0 0 14 -999 
P15387 2042 7 0 0 0 0 23 0 35 0 0 0 17 0 0 0 0 0 0 0 0 0 31 0 26 0 0 0 0 0 0 0 0 
P15387 2042 8 0 0 0 0 0 0 0 0 0 0 0 0 0 0 20 0 0 20 0 0 34 0 20 0 0 0 0 0 13 0 0 
P15387 2042 9 0 0 42 0 0 0 21 0 0 0 0 0 0 0 0 0 0 29 0 0 0 0 0 0 0 30 27 0 5 7 -999 
P15387 2042 10 0 0 8 0 14 0 0 0 46 17 0 0 0 0 0 5 0 0 0 0 0 7 0 0 0 0 0 0 0 4 2 
P15387 2042 11 5 0 0 0 11 0 0 12 0 0 0 0 0 0 0 0 0 0 3 0 17 38 33 18 0 0 0 25 22 0 -999 
P15387 2042 12 0 0 9 0 31 33 0 25 0 0 15 14 12 10 0 10 0 7 21 31 15 18 0 0 0 0 9 8 7 0 0 
P15387 2043 1 0 3 0 0 0 0 4 0 0 0 16 34 19 25 43 37 37 0 0 0 0 0 0 0 0 0 0 0 0 0 0 
P15387 2043 2 0 0 0 0 0 0 8 0 25 32 29 0 0 0 18 27 0 12 5 5 0 0 21 0 0 13 15 16 -999 -999 -999 
P15387 2043 3 0 17 0 4 0 0 7 0 5 9 0 0 24 0 24 0 34 30 18 20 0 22 0 41 32 36 31 18 27 62 28 
P15387 2043 4 35 0 34 0 0 0 32 39 0 0 0 0 17 0 0 0 0 1 0 0 0 0 35 0 0 0 0 30 61 0 -999 
P15387 2043 5 0 0 0 0 9 0 0 0 0 0 0 17 0 39 32 28 38 0 44 34 29 15 0 0 6 0 4 0 0 0 0 
P15387 2043 6 15 0 0 45 20 0 0 0 0 0 0 0 14 0 0 0 0 0 0 0 0 0 0 0 9 0 12 0 0 0 -999 
P15387 2043 7 0 0 0 0 0 13 0 0 0 0 0 0 0 0 0 0 0 0 14 0 0 0 0 0 0 17 17 0 0 0 17 
P15387 2043 8 0 0 19 26 0 29 0 0 18 35 0 0 0 0 0 0 0 0 0 0 0 0 0 14 19 24 29 0 0 0 0 
P15387 2043 9 0 0 14 0 0 0 0 0 0 0 11 0 0 8 0 9 9 9 0 0 11 13 12 0 0 0 0 11 15 0 -999 
P15387 2043 10 0 0 13 0 0 0 0 0 0 0 0 0 38 38 0 0 8 0 22 45 35 0 18 0 14 0 0 11 0 22 0 
P15387 2043 11 7 0 25 30 50 59 0 0 0 0 0 0 0 0 0 0 10 0 0 20 37 39 12 0 15 0 0 22 28 32 -999 
P15387 2043 12 0 0 18 48 36 28 11 0 0 0 0 0 0 0 0 0 0 0 9 0 0 0 0 0 0 0 0 5 0 0 0 
P15387 2044 1 0 0 0 5 0 0 10 0 0 7 12 16 13 0 7 0 0 22 0 17 0 0 0 0 26 30 0 0 0 10 14 
P15387 2044 2 0 0 11 33 11 10 4 0 4 0 18 9 0 0 0 0 16 7 2 0 0 0 0 0 0 0 0 0 -999 -999 -999 
P15387 2044 3 8 0 0 0 0 0 0 0 0 0 0 0 0 0 0 0 0 15 0 0 0 0 0 0 0 0 11 0 13 11 13 
P15387 2044 4 16 19 0 0 0 0 0 18 20 20 0 0 0 0 3 0 19 0 0 0 0 0 0 0 0 0 17 19 31 0 -999 
P15387 2044 5 31 0 0 0 0 20 0 39 55 44 42 0 0 30 0 14 0 11 0 0 20 0 0 0 0 0 0 10 0 0 0 
P15387 2044 6 0 0 0 0 0 12 10 0 0 14 0 0 0 31 0 0 0 29 28 0 38 0 25 0 16 0 21 0 0 0 -999 
P15387 2044 7 0 23 0 0 0 0 0 0 0 0 0 0 20 0 18 0 31 32 0 0 0 0 0 23 0 0 0 0 0 0 0 
P15387 2044 8 43 0 0 0 0 0 0 0 0 0 34 0 10 0 0 0 0 22 0 0 0 0 0 17 0 0 0 0 18 29 0 
P15387 2044 9 8 10 0 0 0 0 0 0 0 0 0 14 0 13 15 0 0 0 15 0 16 0 0 12 15 0 14 0 0 0 -999 
P15387 2044 10 12 0 13 0 0 3 0 0 0 16 22 22 0 0 0 0 18 0 0 42 0 0 32 49 0 36 0 0 0 12 0 
P15387 2044 11 0 0 0 0 15 13 9 0 12 0 35 0 49 70 0 20 0 0 15 0 49 0 0 0 0 0 0 0 0 0 -999 
P15387 2044 12 0 0 0 0 0 12 0 4 0 0 0 0 0 0 0 4 8 0 0 46 38 0 31 0 0 16 23 0 0 0 10 
P15387 2045 1 0 23 49 14 0 0 17 25 39 38 0 37 9 12 0 0 0 0 0 0 0 0 2 0 0 0 0 0 0 0 8 
P15387 2045 2 0 0 0 0 0 0 28 0 4 0 25 41 0 0 3 0 0 0 0 0 13 18 16 15 29 40 78 81 -999 -999 -999 
P15387 2045 3 0 0 0 0 22 11 0 18 40 37 0 20 32 29 0 0 16 13 6 0 0 4 0 9 0 0 2 0 0 1 2 
P15387 2045 4 0 0 0 0 6 0 0 11 12 0 0 11 13 0 44 29 19 11 13 0 6 20 0 12 0 0 0 9 0 0 -999 
P15387 2045 5 0 23 24 0 25 0 9 0 0 0 0 0 0 0 0 0 0 0 24 41 50 31 0 35 28 15 0 0 27 27 0 
P15387 2045 6 0 14 10 0 0 0 0 0 0 20 0 0 0 36 45 0 22 0 26 0 0 0 15 0 0 0 13 0 21 0 -999 
P15387 2045 7 0 28 0 0 0 0 0 0 0 0 0 0 0 28 0 0 0 0 0 0 0 0 21 0 20 0 36 0 0 0 0 
P15387 2045 8 0 28 0 0 10 0 0 0 0 0 33 0 0 0 0 0 0 0 14 0 0 0 0 15 0 0 0 0 0 0 0 
P15387 2045 9 13 0 0 36 0 0 0 22 0 0 16 0 0 0 0 0 0 0 14 0 0 0 0 0 0 16 16 0 0 9 -999 
P15387 2045 10 0 0 0 0 0 0 16 0 0 0 0 0 8 0 0 0 0 0 19 21 18 13 0 0 0 0 0 0 5 0 0 
P15387 2045 11 6 0 0 0 29 0 0 0 0 4 0 0 4 0 0 9 0 0 26 0 0 0 0 0 0 0 13 16 15 0 -999 
P15387 2045 12 0 0 0 0 0 0 3 2 0 12 32 0 0 0 0 0 4 10 3 0 0 0 0 30 24 0 0 6 0 0 0 
P15387 2046 1 0 0 0 0 0 0 0 2 4 0 0 6 8 0 0 7 0 28 32 25 36 33 0 43 0 37 36 42 30 25 21 
P15387 2046 2 33 5 0 0 0 11 0 5 5 0 0 0 25 14 18 44 65 50 0 52 0 0 12 0 15 14 20 29 -999 -999 -999 
P15387 2046 3 14 0 0 0 0 0 0 0 0 0 0 6 3 0 0 6 0 0 0 2 0 0 0 11 35 33 21 17 23 27 30 
P15387 2046 4 33 0 19 24 0 10 0 23 0 41 28 0 18 33 35 0 41 37 0 0 21 23 0 37 36 31 0 26 24 28 -999 
P15387 2046 5 25 15 0 0 0 0 0 0 0 0 0 0 41 0 0 0 0 0 0 18 0 25 33 40 58 45 0 0 20 32 35 
P15387 2046 6 34 0 15 32 61 40 22 12 8 0 29 0 22 0 0 0 0 23 19 0 0 0 0 0 0 0 0 0 0 0 -999 
P15387 2046 7 0 0 0 0 0 0 0 32 0 0 0 0 0 0 19 0 0 0 0 0 0 0 0 0 0 0 0 0 0 0 0 
P15387 2046 8 0 0 0 0 0 0 22 18 0 0 14 0 0 0 0 0 0 0 0 0 0 0 0 0 0 0 0 0 0 8 13 
P15387 2046 9 0 0 0 0 0 0 0 0 0 0 0 0 0 0 0 0 0 0 0 0 22 20 0 0 0 0 0 0 0 0 -999 
P15387 2046 10 0 0 19 0 11 14 0 19 0 0 32 0 8 0 0 0 0 40 0 0 0 0 0 9 0 0 0 0 0 0 11 
P15387 2046 11 0 0 29 0 13 0 0 0 0 0 0 0 0 0 0 0 0 0 0 0 0 0 0 16 9 0 0 0 0 0 -999 
P15387 2046 12 0 9 0 0 0 0 0 1 0 0 9 13 14 0 0 0 0 0 8 10 0 0 0 0 0 0 10 0 0 0 0 
P15387 2047 1 0 0 0 0 17 19 0 10 14 0 26 9 4 1 0 0 10 7 7 0 3 0 0 0 0 0 20 15 0 0 15 
P15387 2047 2 27 0 0 0 0 0 0 4 0 8 0 7 0 25 26 17 0 0 0 17 0 16 0 13 26 12 0 0 -999 -999 -999 
P15387 2047 3 0 0 14 0 0 0 0 0 8 0 0 0 17 0 0 0 13 20 0 0 0 12 11 0 0 0 0 0 3 0 8 
P15387 2047 4 0 0 10 10 0 0 0 0 0 0 0 0 0 0 0 6 23 51 40 25 20 24 21 20 0 26 0 32 43 0 -999 
P15387 2047 5 0 24 0 21 0 33 0 0 23 0 0 12 0 0 45 27 11 0 0 0 0 0 0 0 0 0 0 0 0 7 6 
P15387 2047 6 0 0 0 0 0 0 0 0 0 0 16 0 0 0 0 0 0 0 0 0 0 0 0 0 0 0 0 18 0 31 -999 
P15387 2047 7 0 0 0 0 0 0 0 0 0 17 0 0 0 0 21 0 15 0 0 24 0 0 0 0 0 0 0 0 0 0 0 
P15387 2047 8 0 0 0 0 0 0 0 0 0 0 0 0 0 0 0 0 0 0 0 0 0 0 0 0 0 0 0 0 0 29 0 
P15387 2047 9 0 0 17 17 0 0 0 0 0 12 13 8 0 0 0 0 4 0 10 14 0 0 0 0 0 0 30 0 0 10 -999 
P15387 2047 10 17 24 48 41 0 0 0 0 27 0 0 0 0 0 0 0 0 0 0 0 0 4 0 0 0 13 0 22 0 0 0 
P15387 2047 11 0 0 0 0 3 7 0 0 0 0 8 5 0 0 0 0 0 0 0 18 0 0 0 0 0 5 8 0 19 10 -999 
P15387 2047 12 18 42 0 18 60 59 71 67 11 0 0 0 2 0 17 0 11 17 36 64 20 28 16 21 0 0 0 0 0 14 0 
P15387 2048 1 0 0 0 0 0 0 0 0 0 0 0 0 8 0 0 0 0 0 0 4 0 0 6 0 0 0 34 0 0 0 20 
P15387 2048 2 20 0 8 0 5 0 0 40 0 0 17 0 0 0 0 0 0 19 0 5 9 14 0 0 0 0 0 0 -999 -999 -999 
P15387 2048 3 0 0 0 0 0 0 0 0 0 0 0 8 0 0 0 0 8 0 0 0 14 14 18 0 0 0 22 24 0 25 29 
P15387 2048 4 18 6 0 0 0 26 44 59 0 17 12 25 35 40 0 20 30 0 47 52 0 0 39 0 20 21 22 0 10 0 -999 
P15387 2048 5 15 13 16 0 16 0 0 0 4 8 0 26 25 0 0 0 0 0 0 11 22 0 32 19 26 0 21 31 33 13 0 
P15387 2048 6 5 0 0 0 19 0 0 0 0 0 15 8 6 0 0 0 0 0 0 0 0 0 17 0 44 0 0 0 0 11 -999 
P15387 2048 7 0 0 0 0 0 30 27 0 0 0 0 0 0 0 0 0 0 0 0 0 0 0 0 0 0 0 0 0 0 0 0 
P15387 2048 8 0 13 0 26 0 0 0 0 28 0 31 31 0 0 21 0 0 0 0 0 0 0 0 0 0 0 0 0 0 0 0 
P15387 2048 9 0 0 0 0 0 9 0 17 0 0 37 0 0 0 0 0 0 0 11 0 17 0 0 0 0 17 0 0 0 0 -999 
P15387 2048 10 0 0 0 0 0 0 0 0 0 0 0 0 0 23 24 36 30 19 0 11 12 0 0 26 0 14 0 0 18 24 25 
P15387 2048 11 21 25 23 0 0 0 18 27 0 0 22 29 5 0 0 11 0 0 0 1 0 0 14 0 0 12 17 30 50 72 -999 
P15387 2048 12 28 15 0 0 6 0 0 0 0 0 0 0 0 0 0 0 0 16 33 54 35 3 0 0 0 0 0 0 0 0 0 
P15387 2049 1 0 20 19 0 0 0 0 0 0 0 0 0 0 0 0 0 0 0 0 0 0 0 0 0 8 0 0 0 0 0 3 
P15387 2049 2 0 0 0 2 0 0 0 0 0 24 23 34 50 0 0 52 60 51 41 29 41 0 22 0 40 53 42 0 -999 -999 -999 
P15387 2049 3 23 34 44 31 35 0 0 19 25 24 20 0 0 29 41 15 19 0 17 0 0 0 0 0 9 0 6 0 0 0 20 
P15387 2049 4 21 0 0 6 0 32 0 3 0 0 0 0 0 0 9 0 9 0 0 0 0 0 15 14 0 0 0 17 0 19 -999 
P15387 2049 5 21 35 31 0 0 0 0 0 0 0 0 0 0 0 16 0 0 19 0 29 0 16 0 0 6 0 0 0 25 0 0 
P15387 2049 6 0 0 0 0 0 11 0 0 0 0 0 0 18 0 10 0 0 0 0 0 0 0 15 0 0 0 0 0 0 0 -999 
P15387 2049 7 0 0 17 15 20 27 36 0 0 0 0 0 0 29 0 0 21 0 0 0 0 0 0 0 0 0 0 0 0 0 0 
P15387 2049 8 0 0 0 0 0 15 0 0 20 0 23 0 15 12 0 0 0 0 0 9 0 0 0 0 21 0 0 0 0 0 0 
P15387 2049 9 0 0 0 0 0 0 0 0 0 0 30 0 0 0 0 0 0 0 0 0 0 0 0 0 0 0 0 0 0 11 -999 
P15387 2049 10 0 0 0 0 0 0 10 0 0 0 27 0 16 0 26 59 26 0 0 16 0 0 0 18 34 21 41 0 0 0 0 
P15387 2049 11 0 0 0 25 0 15 0 0 53 0 0 0 0 6 0 0 0 0 16 6 0 0 5 14 0 0 0 0 0 12 -999 
P15387 2049 12 0 0 0 0 9 0 0 0 9 0 0 0 0 0 17 33 0 0 0 1 0 0 7 0 13 20 0 0 0 2 0 
P15387 2050 1 0 0 0 0 0 0 0 7 19 17 54 44 62 48 0 45 34 45 0 11 0 7 0 11 9 11 16 0 0 0 0 
P15387 2050 2 0 0 0 0 0 0 0 0 0 0 0 0 0 0 0 0 0 0 0 0 0 0 0 2 0 5 0 0 -999 -999 -999 
P15387 2050 3 0 0 0 0 0 0 0 0 0 9 0 10 0 0 4 0 0 9 0 17 12 0 19 29 35 0 0 15 0 0 0 
P15387 2050 4 0 17 29 18 11 0 0 15 0 15 23 47 25 0 0 0 0 31 0 0 0 48 27 23 0 22 0 0 10 18 -999 
P15387 2050 5 0 0 0 25 19 27 0 0 0 0 25 0 29 0 24 32 0 0 0 18 16 29 0 0 23 0 0 0 0 28 0 
P15387 2050 6 0 0 0 0 0 0 11 0 0 13 21 19 0 23 0 16 0 0 0 0 0 0 0 0 11 0 0 0 0 0 -999 
P15387 2050 7 0 0 0 0 0 0 0 0 0 0 0 15 0 17 24 0 17 24 0 28 0 0 14 0 0 0 0 0 0 25 0 
P15387 2050 8 0 0 0 26 38 0 0 0 0 0 0 0 0 0 11 0 0 0 40 29 0 14 20 36 0 0 0 0 0 0 0 
P15387 2050 9 26 0 0 40 16 0 0 0 0 0 0 0 0 0 11 0 0 11 0 0 9 0 16 0 13 0 0 0 0 0 -999 
P15387 2050 10 0 0 0 0 0 17 0 0 0 0 0 0 0 0 38 40 26 27 0 25 0 0 0 0 8 0 0 0 33 25 29 
P15387 2050 11 0 0 0 0 0 0 0 6 14 12 0 11 0 19 0 14 0 0 0 0 0 9 0 42 0 0 10 18 0 0 -999 
P15387 2050 12 6 0 23 0 0 9 0 0 0 0 0 14 22 36 0 18 12 0 18 12 6 0 0 0 0 3 0 0 0 0 0 
P15387 2051 1 6 9 0 0 0 0 0 0 0 0 9 23 48 0 25 6 0 0 0 0 9 0 0 0 0 0 20 0 0 13 24 
P15387 2051 2 21 21 25 20 0 0 5 0 0 0 0 0 4 5 0 11 0 13 11 18 0 16 0 0 20 0 0 0 -999 -999 -999 
P15387 2051 3 0 0 0 0 27 23 0 0 20 27 26 0 32 0 24 0 34 0 0 0 13 19 21 0 18 0 0 10 0 0 0 
P15387 2051 4 0 0 16 16 11 11 0 17 22 33 20 11 0 13 40 21 5 2 4 0 13 0 9 0 0 0 0 23 0 0 -999 
P15387 2051 5 6 9 13 0 0 0 0 0 18 0 0 0 0 0 22 28 29 22 0 28 39 0 0 0 16 0 0 0 0 29 17 
P15387 2051 6 0 20 0 19 19 28 0 0 0 56 47 21 11 0 0 0 22 0 0 22 0 21 0 0 8 11 0 20 24 0 -999 
P15387 2051 7 0 0 37 27 16 13 0 0 0 0 0 0 0 20 0 38 0 0 0 0 0 0 0 0 0 0 0 0 0 0 0 
P15387 2051 8 15 0 17 21 0 0 0 0 10 0 0 19 0 0 21 0 21 0 0 0 38 0 0 15 0 0 0 0 0 0 0 
P15387 2051 9 0 0 0 0 0 0 0 0 0 0 0 0 0 3 0 0 0 7 0 0 0 0 0 0 29 0 0 5 0 0 -999 
P15387 2051 10 0 0 0 0 9 0 0 22 0 0 21 14 0 0 0 0 15 0 0 0 0 0 0 0 0 13 0 27 29 0 0 
P15387 2051 11 0 0 0 18 17 0 0 0 0 0 0 0 27 0 21 0 0 0 0 0 17 14 27 24 0 0 0 0 0 21 -999 
P15387 2051 12 11 0 0 0 8 16 20 0 0 0 0 0 0 0 15 0 0 0 0 0 0 0 20 13 0 4 0 0 0 0 0 
P15387 2052 1 0 0 0 7 8 0 0 0 0 0 0 0 0 0 0 0 0 0 0 0 0 0 7 11 0 0 0 0 0 1 0 
P15387 2052 2 0 0 0 0 0 0 0 0 0 0 6 0 6 0 0 0 0 0 10 12 0 0 0 0 0 16 0 0 -999 -999 -999 
P15387 2052 3 0 0 0 0 5 0 21 0 0 0 0 0 0 22 0 0 0 8 0 19 46 43 13 21 37 36 22 0 0 0 0 
P15387 2052 4 0 0 21 0 10 0 0 0 0 0 0 11 0 0 0 0 0 0 0 0 0 8 0 0 0 0 0 0 0 38 -999 
P15387 2052 5 0 23 0 8 0 37 0 0 0 0 0 25 0 24 32 22 11 0 19 27 0 0 0 22 0 0 0 27 36 34 30 
P15387 2052 6 0 0 0 21 30 0 0 0 0 0 26 31 0 0 15 28 34 18 0 7 0 0 0 38 0 0 0 0 0 0 -999 
P15387 2052 7 16 26 0 30 0 0 15 0 0 0 0 0 0 0 0 0 0 0 0 0 0 0 26 0 21 0 0 0 0 0 32 
P15387 2052 8 42 0 9 18 0 0 24 9 0 0 23 0 0 0 11 0 0 0 25 0 0 0 0 26 0 0 46 0 0 0 0 
P15387 2052 9 0 0 0 10 0 0 0 0 21 0 0 9 6 0 0 0 0 0 0 21 0 0 10 0 0 0 0 0 7 21 -999 
P15387 2052 10 0 16 15 0 20 0 11 14 18 0 0 0 0 0 0 0 10 0 0 0 0 0 0 0 0 0 0 0 0 0 0 
P15387 2052 11 13 22 0 0 7 0 0 0 8 10 4 0 0 0 15 9 0 0 10 0 0 0 9 8 0 0 29 39 0 29 -999 
P15387 2052 12 0 0 18 14 23 0 0 6 13 53 63 41 48 0 24 0 13 19 12 0 6 0 0 0 0 7 0 0 0 0 0 
P15387 2053 1 0 0 0 0 0 0 0 0 0 0 0 0 0 0 0 0 0 0 0 0 0 0 4 3 0 0 0 0 0 0 0 
P15387 2053 2 0 0 20 29 35 29 39 29 21 16 10 0 0 0 0 0 0 13 0 0 0 0 0 4 6 0 0 50 -999 -999 -999 
P15387 2053 3 51 0 12 13 19 21 0 0 0 23 26 0 12 0 21 29 30 31 24 24 20 0 0 0 0 0 0 0 13 21 0 
P15387 2053 4 29 0 0 0 16 0 50 37 0 0 0 49 0 8 0 8 12 0 0 20 32 0 10 0 0 11 0 0 0 0 -999 
P15387 2053 5 28 0 25 34 0 46 43 0 24 21 0 16 0 0 0 17 23 23 0 29 44 0 28 0 0 17 16 0 0 12 0 
P15387 2053 6 0 0 0 0 0 0 0 0 0 0 18 0 0 0 0 31 33 0 0 0 0 0 0 11 0 0 0 0 0 0 -999 
P15387 2053 7 0 0 0 0 0 29 0 0 0 0 0 12 13 0 0 0 0 0 15 0 0 15 0 0 0 0 19 0 0 0 0 
P15387 2053 8 0 0 0 0 12 0 0 27 0 21 28 23 0 0 0 0 0 0 37 0 0 8 0 0 0 0 10 0 0 0 0 
P15387 2053 9 0 0 20 0 0 0 0 0 0 0 0 0 0 0 9 0 0 25 25 22 17 0 0 0 0 0 0 0 0 0 -999 
P15387 2053 10 0 0 0 0 0 0 6 17 0 0 0 0 0 0 0 0 0 20 0 0 0 0 0 0 15 15 0 17 0 21 26 
P15387 2053 11 0 19 28 22 24 0 0 0 23 38 0 42 25 0 33 45 77 50 16 0 14 0 19 0 5 11 30 12 0 0 -999 
P15387 2053 12 7 9 17 0 0 0 0 0 0 0 0 0 0 0 0 0 9 9 0 0 0 0 13 0 20 34 24 14 21 0 0 
P15387 2054 1 0 17 35 39 24 33 0 20 22 23 34 32 31 39 37 21 0 0 0 0 0 0 0 5 0 0 0 35 48 0 0 
P15387 2054 2 0 0 58 0 0 0 0 0 0 7 6 0 0 20 15 0 0 0 7 0 2 0 0 1 0 0 0 0 -999 -999 -999 
P15387 2054 3 0 0 0 0 0 0 1 0 0 1 0 4 0 1 0 13 9 23 0 8 8 0 0 20 0 6 0 0 24 35 29 
P15387 2054 4 0 18 28 0 0 40 53 42 26 21 38 43 28 11 0 0 0 0 0 0 0 8 0 0 0 0 0 0 41 41 -999 
P15387 2054 5 0 0 0 0 0 13 19 0 0 10 0 24 0 0 35 44 0 0 15 14 15 0 0 39 54 0 0 17 0 0 19 
P15387 2054 6 0 0 0 0 0 0 27 0 0 0 0 0 21 0 0 0 0 0 8 0 8 0 0 7 0 0 0 0 0 0 -999 
P15387 2054 7 0 5 0 13 0 0 0 0 29 0 19 0 0 0 0 0 0 0 0 0 11 0 0 0 0 0 0 0 0 0 0 
P15387 2054 8 0 0 0 0 0 0 0 0 0 0 17 23 0 0 0 0 0 0 0 31 0 0 11 0 20 0 33 0 12 0 0 
P15387 2054 9 0 0 0 0 0 0 0 0 0 0 0 23 28 0 0 0 0 26 0 10 9 0 0 45 29 18 9 0 0 54 -999 
P15387 2054 10 38 0 0 0 0 0 9 0 0 0 0 0 0 0 35 0 0 22 0 0 0 0 0 0 48 41 0 0 0 17 12 
P15387 2054 11 25 28 0 0 0 0 11 12 0 80 45 28 0 0 43 0 0 0 16 30 0 15 0 0 0 0 15 17 0 0 -999 
P15387 2054 12 7 7 0 7 0 0 0 0 6 0 0 0 0 17 0 0 0 0 0 0 0 5 0 22 39 29 41 29 29 0 22 
P15387 2055 1 24 0 18 28 16 0 7 20 0 16 35 15 10 0 0 12 0 48 0 0 0 16 0 0 0 2 0 9 12 0 0 
P15387 2055 2 0 0 0 0 0 0 0 30 5 0 0 0 0 5 0 7 0 0 0 0 2 0 0 0 0 0 0 0 -999 -999 -999 
P15387 2055 3 0 10 16 21 25 19 14 11 0 0 0 0 31 18 0 5 0 0 0 0 0 0 14 28 35 18 7 21 0 0 0 
P15387 2055 4 5 0 0 0 0 0 3 0 0 14 0 0 0 0 0 0 0 0 0 17 17 27 15 0 16 0 0 0 15 8 -999 
P15387 2055 5 0 8 0 0 11 0 0 0 0 14 0 37 19 0 0 0 0 0 12 0 0 0 0 18 0 36 0 15 0 0 13 
P15387 2055 6 0 0 0 20 0 18 0 0 9 20 0 0 18 12 0 0 0 0 40 27 0 0 0 0 0 0 0 0 0 0 -999 
P15387 2055 7 14 0 0 0 0 0 0 0 0 0 0 0 0 0 0 0 0 24 0 0 0 0 27 30 0 0 32 0 0 0 0 
P15387 2055 8 0 0 27 38 29 0 0 0 0 0 0 0 14 12 0 0 0 0 0 31 0 26 0 11 0 0 0 0 17 22 20 
P15387 2055 9 0 0 23 0 0 0 0 0 0 0 0 0 0 0 0 0 0 0 0 14 0 47 34 0 0 0 0 20 0 54 -999 
P15387 2055 10 0 0 20 28 36 46 23 0 0 21 38 39 22 0 0 32 0 42 0 33 0 0 11 12 5 0 0 0 0 0 0 
P15387 2055 11 14 0 9 26 0 39 37 0 22 0 0 0 15 0 16 0 0 0 0 0 0 20 0 0 6 15 53 0 72 60 -999 
P15387 2055 12 30 0 19 0 0 11 0 11 8 0 0 0 3 0 0 0 0 0 0 5 0 0 0 0 0 0 0 0 0 18 0 
P15387 2056 1 0 8 11 0 28 0 35 35 22 33 23 0 0 0 0 0 0 0 0 0 0 0 0 0 13 15 37 51 6 0 8 
P15387 2056 2 0 24 0 0 16 0 19 14 0 20 47 40 31 39 53 0 12 17 0 43 29 57 18 0 0 0 0 0 -999 -999 -999 
P15387 2056 3 28 23 22 0 27 0 36 46 0 35 50 63 0 48 59 23 0 0 0 64 21 0 12 0 0 0 0 36 57 0 0 
P15387 2056 4 0 20 0 0 0 0 0 0 0 0 30 12 0 23 0 25 13 0 17 0 0 0 0 10 0 10 0 0 0 0 -999 
P15387 2056 5 6 0 0 0 15 17 0 28 40 0 42 0 0 0 0 0 0 0 0 0 14 0 0 16 10 0 0 0 0 21 44 
P15387 2056 6 0 18 0 0 0 0 0 0 0 0 0 0 13 0 0 0 24 0 0 0 0 0 0 15 0 14 0 0 0 0 -999 
P15387 2056 7 11 0 0 0 36 0 0 0 0 0 10 0 19 18 0 0 0 0 21 0 0 32 0 0 0 0 0 0 0 15 0 
P15387 2056 8 0 11 0 0 0 0 0 0 0 0 0 36 0 0 0 0 0 0 0 0 0 21 23 34 30 0 13 25 0 0 0 
P15387 2056 9 0 0 0 0 0 26 46 36 0 0 0 0 0 0 16 0 21 0 26 28 0 0 24 0 0 0 0 3 0 0 -999 
P15387 2056 10 0 0 17 5 0 0 20 0 0 0 0 0 0 0 0 0 0 0 0 25 0 13 0 37 38 0 0 10 0 0 0 
P15387 2056 11 0 25 0 9 6 13 20 0 0 27 0 48 22 0 40 38 17 10 10 0 0 7 0 0 0 0 0 0 0 0 -999 
P15387 2056 12 0 0 0 0 0 0 0 0 4 2 0 0 0 0 0 13 0 25 29 13 0 0 0 0 0 3 0 0 27 0 28 
P15387 2057 1 23 37 23 0 0 15 0 0 16 16 31 0 0 0 0 17 23 37 54 21 9 6 3 0 0 11 26 0 64 0 0 
P15387 2057 2 0 0 0 0 17 12 8 4 11 0 0 0 0 0 11 0 19 7 0 3 11 0 0 0 0 14 25 0 -999 -999 -999 
P15387 2057 3 17 40 30 0 0 3 0 3 5 11 0 0 0 10 37 34 34 0 45 40 28 6 0 0 0 0 10 25 40 0 0 
P15387 2057 4 0 0 31 19 0 0 6 0 0 16 0 22 27 0 37 40 0 27 18 0 0 11 35 46 0 0 4 1 0 0 -999 
P15387 2057 5 0 0 0 24 28 0 24 27 0 27 0 0 0 0 0 0 0 0 0 0 0 0 27 0 0 0 29 0 0 5 10 
P15387 2057 6 14 0 13 0 0 0 0 0 0 0 17 0 14 0 0 9 0 0 0 0 0 0 0 0 0 0 0 0 0 0 -999 
P15387 2057 7 0 0 0 0 0 0 0 0 0 0 0 0 0 0 0 0 0 19 0 0 0 0 0 0 0 16 33 0 18 0 20 
P15387 2057 8 0 0 16 0 38 0 18 17 14 15 0 0 0 0 0 13 0 7 0 0 0 0 13 0 0 0 0 0 0 0 0 
P15387 2057 9 0 43 0 0 0 0 0 0 0 14 0 0 0 0 0 0 12 0 10 0 0 12 13 18 0 25 0 0 20 22 -999 
P15387 2057 10 0 18 0 21 0 0 0 0 18 0 0 0 45 25 0 5 0 0 0 0 0 0 22 0 0 29 57 21 40 8 0 
P15387 2057 11 7 0 0 0 10 0 0 0 0 0 0 39 78 0 20 0 0 0 16 29 0 0 0 11 0 17 35 0 0 26 -999 
P15387 2057 12 41 19 44 0 0 0 0 0 0 0 0 0 0 15 0 0 0 10 19 18 0 0 21 39 24 0 0 4 0 0 0 
P15387 2058 1 8 0 5 0 0 0 18 0 16 19 6 14 37 24 38 50 0 0 0 0 1 0 0 1 0 7 40 52 35 0 27 
P15387 2058 2 0 0 0 29 45 39 0 24 18 12 6 16 0 0 0 0 0 4 0 6 0 0 0 0 0 0 0 0 -999 -999 -999 
P15387 2058 3 0 0 0 0 17 12 0 7 0 11 0 21 0 0 0 12 17 20 0 0 0 0 0 0 0 3 10 0 0 0 14 
P15387 2058 4 0 26 0 0 0 0 0 0 24 31 0 40 0 0 0 0 0 0 15 0 0 12 0 34 45 43 22 0 29 0 -999 
P15387 2058 5 0 18 0 27 0 33 0 0 0 0 6 10 0 0 0 0 16 0 0 0 0 0 0 0 0 0 0 0 0 0 0 
P15387 2058 6 0 0 0 9 0 0 0 0 31 0 0 0 0 0 19 0 0 20 0 22 0 18 0 14 0 9 0 0 0 0 -999 
P15387 2058 7 11 0 0 0 0 0 0 0 0 0 0 0 0 29 0 29 0 28 0 0 13 0 19 0 0 30 0 0 0 0 0 
P15387 2058 8 0 10 0 0 0 15 0 0 19 0 0 51 27 0 0 0 0 0 15 0 0 0 0 0 0 0 0 0 0 32 0 
P15387 2058 9 0 0 0 0 0 0 0 0 0 38 0 18 0 0 0 0 0 0 0 0 0 0 0 0 15 0 0 0 8 33 -999 
P15387 2058 10 0 0 23 35 0 22 20 0 10 0 0 0 0 0 0 12 0 0 0 21 0 0 15 20 14 0 0 0 9 0 0 
P15387 2058 11 0 0 0 0 0 0 16 30 65 0 0 17 0 0 0 0 4 0 0 0 8 0 6 0 1 0 6 0 0 0 -999 
P15387 2058 12 0 11 0 0 0 0 0 6 0 0 0 6 0 0 0 0 0 0 0 0 8 14 0 0 0 0 0 11 0 0 0 
P15387 2059 1 0 0 0 0 0 18 0 37 0 0 0 0 0 0 0 0 0 4 0 0 0 0 0 0 0 0 0 3 0 0 0 
P15387 2059 2 0 0 0 0 0 0 0 0 0 0 0 15 20 14 13 0 0 0 0 0 0 0 0 0 0 0 0 0 -999 -999 -999 
P15387 2059 3 5 0 0 0 0 0 11 7 0 0 0 0 0 0 0 3 0 0 0 12 0 0 0 0 0 12 0 0 0 22 25 
P15387 2059 4 30 0 0 0 0 18 22 0 0 49 0 0 29 28 0 0 0 35 41 20 26 46 29 56 33 0 0 0 5 0 -999 
P15387 2059 5 0 0 0 8 0 0 0 0 0 8 0 0 12 14 0 0 44 0 41 21 0 0 0 24 31 0 0 11 0 0 0 
P15387 2059 6 23 0 32 0 0 0 0 0 20 0 21 0 0 26 0 0 0 0 0 0 0 0 0 0 0 39 37 18 0 0 -999 
P15387 2059 7 20 0 0 41 0 0 0 0 0 0 0 0 0 0 0 0 27 32 0 32 0 0 0 0 0 0 0 22 0 0 0 
P15387 2059 8 0 0 0 0 27 0 0 11 13 0 0 0 9 0 0 0 16 0 0 16 17 0 0 27 0 63 29 12 0 0 14 
P15387 2059 9 0 0 0 0 0 0 0 0 0 0 0 0 0 0 31 0 0 7 0 0 0 0 0 0 0 0 0 0 0 20 -999 
P15387 2059 10 20 40 0 15 0 0 52 0 0 4 0 0 10 0 0 0 37 22 0 0 0 0 0 0 8 0 22 26 21 0 0 
P15387 2059 11 0 0 27 0 25 0 0 0 0 0 0 0 0 0 0 0 10 0 0 0 5 0 0 0 0 0 0 0 0 0 -999 
P15387 2059 12 0 0 0 15 17 28 30 0 18 0 18 19 23 0 0 0 0 0 0 0 0 0 3 12 0 17 18 19 21 0 0 
P15387 2060 1 17 13 11 0 0 0 0 0 0 0 16 0 37 32 19 0 0 0 0 0 0 0 0 0 0 3 0 0 0 2 0 
P15387 2060 2 34 24 9 0 0 0 0 0 0 0 4 0 0 0 0 0 0 0 0 0 0 0 0 0 0 0 0 0 -999 -999 -999 
P15387 2060 3 24 0 14 0 0 0 28 33 0 0 0 0 0 0 3 4 6 0 0 6 0 0 26 22 0 13 0 0 23 25 10 
P15387 2060 4 17 18 0 13 0 0 10 17 30 0 0 14 14 15 0 44 0 10 0 13 0 0 0 0 5 19 43 19 0 0 -999 
P15387 2060 5 0 8 0 57 0 27 17 0 0 22 22 34 0 0 0 0 0 0 0 0 15 0 0 18 0 0 0 0 20 27 27 
P15387 2060 6 0 0 23 0 23 0 12 0 12 0 0 0 0 0 14 0 0 22 0 24 0 0 0 0 0 0 0 15 23 22 -999 
P15387 2060 7 0 18 15 0 0 0 0 0 17 0 0 0 0 0 0 0 0 0 0 0 0 0 0 20 0 0 0 0 0 0 0 
P15387 2060 8 0 0 0 0 0 0 0 0 0 22 0 0 0 0 0 0 0 0 0 0 0 0 0 0 16 21 0 0 0 0 0 
P15387 2060 9 0 0 0 0 26 27 0 0 0 13 0 0 0 0 0 18 25 18 0 0 0 11 0 7 7 0 0 0 26 24 -999 
P15387 2060 10 16 0 0 0 0 0 0 5 0 0 0 0 0 0 0 7 6 0 13 0 0 0 0 0 0 0 0 9 0 0 0 
P15387 2060 11 0 0 0 0 25 40 0 31 40 36 22 24 0 12 9 10 41 60 84 58 0 0 8 0 12 7 3 7 0 0 -999 
P15387 2060 12 9 0 11 0 16 0 35 0 0 0 0 0 1 0 0 5 0 10 0 0 0 6 0 24 15 9 18 0 22 0 0 
P15387 2061 1 0 0 0 0 0 0 18 15 13 0 0 0 0 0 0 0 0 0 0 0 15 7 3 3 0 0 0 0 0 0 0 
P15387 2061 2 0 11 12 0 0 2 0 0 13 0 0 0 16 0 13 0 0 0 0 0 0 5 0 0 17 19 0 20 -999 -999 -999 
P15387 2061 3 26 0 0 7 8 0 0 16 33 37 0 0 0 0 0 18 0 21 16 12 16 0 29 35 42 0 19 0 0 0 22 
P15387 2061 4 43 40 46 32 18 11 14 0 18 0 22 30 0 0 0 0 20 0 0 18 9 0 0 0 0 0 0 0 0 16 -999 
P15387 2061 5 22 0 0 0 14 15 15 0 0 5 5 5 0 17 19 0 20 0 0 0 0 0 0 0 0 0 0 0 0 23 28 
P15387 2061 6 0 0 0 6 0 0 0 8 0 0 0 0 0 27 32 0 0 14 0 9 0 0 0 26 26 25 0 0 0 0 -999 
P15387 2061 7 0 0 0 0 23 0 0 0 0 0 19 0 0 0 0 0 0 0 0 26 0 0 0 0 0 0 0 0 0 0 30 
P15387 2061 8 0 0 0 16 0 0 0 0 0 0 0 25 0 29 26 0 27 0 0 13 0 26 0 0 0 0 0 31 0 0 0 
P15387 2061 9 0 0 0 0 0 0 0 0 0 0 0 0 24 0 16 11 19 0 0 0 0 0 30 17 26 0 0 0 11 23 -999 
P15387 2061 10 20 14 0 0 0 12 18 0 22 0 0 0 0 11 16 35 0 20 30 41 34 0 29 46 20 0 0 21 35 25 0 
P15387 2061 11 0 46 9 10 0 19 0 0 0 41 27 0 0 0 12 0 34 26 7 0 0 0 0 7 0 0 0 17 18 0 -999 
P15387 2061 12 5 0 0 0 0 0 0 0 0 0 0 0 0 0 12 11 0 0 6 0 18 23 17 0 0 0 0 0 0 0 0 
P15387 2062 1 0 0 0 0 1 0 0 0 0 0 0 0 1 6 0 0 0 22 0 2 0 1 0 0 10 31 44 16 17 0 0 
P15387 2062 2 13 0 0 21 9 0 0 0 0 0 23 9 4 0 11 11 0 10 0 0 0 0 0 0 32 17 10 0 -999 -999 -999 
P15387 2062 3 0 0 0 0 28 0 0 7 9 0 35 45 56 96 49 25 12 15 0 17 0 0 26 0 0 0 0 0 0 15 0 
P15387 2062 4 0 0 0 0 13 16 0 0 0 0 17 0 6 0 0 0 0 0 0 6 0 7 0 0 9 0 0 39 35 52 -999 
P15387 2062 5 18 0 0 0 0 0 10 21 27 30 18 0 0 0 0 0 0 0 0 0 0 0 0 0 0 0 18 19 9 0 0 
P15387 2062 6 0 0 0 0 32 0 0 13 0 0 17 20 0 0 0 0 0 0 0 0 0 0 0 0 0 25 0 0 0 0 -999 
P15387 2062 7 0 34 0 0 21 0 0 0 0 15 0 0 0 25 0 0 0 0 0 0 44 0 0 0 0 0 0 21 14 0 0 
P15387 2062 8 21 0 0 0 0 0 0 0 0 0 0 0 0 0 0 17 0 0 0 0 0 24 0 0 0 0 0 14 0 0 0 
P15387 2062 9 0 0 0 0 0 0 0 0 0 10 12 0 0 0 0 0 0 0 7 0 0 10 10 0 0 11 0 11 10 7 -999 
P15387 2062 10 0 0 15 0 41 42 31 16 0 11 28 0 0 0 0 0 32 18 0 12 18 0 20 28 8 0 0 0 10 0 0 
P15387 2062 11 0 0 0 0 0 0 0 0 0 0 0 9 17 0 17 0 10 0 32 0 0 9 20 19 7 0 0 0 0 4 -999 
P15387 2062 12 0 18 10 0 0 0 14 11 0 0 23 0 0 0 8 0 0 52 0 0 0 1 0 5 0 0 0 0 0 0 0 
P15387 2063 1 13 17 19 21 0 22 27 38 58 22 13 11 16 15 0 33 49 33 36 25 0 37 27 0 31 0 0 0 0 26 0 
P15387 2063 2 45 21 0 22 0 14 0 0 0 13 30 0 0 32 38 47 21 14 0 0 0 0 0 0 0 0 0 3 -999 -999 -999 
P15387 2063 3 0 0 0 0 0 0 10 9 0 0 0 19 16 19 0 38 26 0 0 3 0 0 13 0 60 62 36 21 32 30 44 
P15387 2063 4 20 0 0 20 27 49 0 0 0 26 0 0 0 14 28 0 27 16 0 11 0 0 13 12 0 22 0 0 21 37 -999 
P15387 2063 5 45 40 0 0 0 0 0 0 0 0 12 0 0 0 22 17 12 0 0 0 0 0 0 0 0 0 0 0 0 0 0 
P15387 2063 6 0 0 21 0 0 0 0 0 0 0 0 50 0 38 0 0 0 43 0 28 32 0 0 0 28 0 0 0 0 0 -999 
P15387 2063 7 0 36 0 0 0 0 0 0 0 0 0 0 0 0 0 0 0 0 0 0 21 0 0 0 0 21 0 24 0 0 0 
P15387 2063 8 0 0 0 0 0 0 21 0 33 38 0 33 0 0 0 0 13 0 0 0 0 0 0 0 0 0 21 17 0 18 17 
P15387 2063 9 0 0 0 0 0 26 44 23 9 0 0 0 31 34 21 0 0 20 40 30 25 32 0 30 0 0 28 17 0 0 -999 
P15387 2063 10 0 0 0 0 0 8 0 0 0 0 0 0 0 54 0 0 15 20 19 0 0 0 0 0 12 25 0 0 0 0 6 
P15387 2063 11 0 0 0 0 0 0 0 0 0 0 0 0 0 0 0 0 0 6 0 0 0 13 5 0 0 0 0 0 0 0 -999 
P15387 2063 12 0 0 0 0 0 0 0 0 3 0 0 0 8 0 14 0 10 0 0 7 2 0 0 0 0 0 0 0 0 0 0 
P15387 2064 1 0 4 0 0 0 0 0 0 0 0 0 0 0 0 0 0 0 0 2 0 0 0 0 0 0 20 16 13 0 0 22 
P15387 2064 2 19 18 14 0 8 0 0 6 4 0 0 0 0 0 0 0 0 0 0 2 0 0 0 0 0 0 0 0 -999 -999 -999 
P15387 2064 3 5 0 0 0 4 0 0 15 19 20 20 0 0 17 0 36 0 26 19 20 0 0 0 0 0 0 19 0 0 0 11 
P15387 2064 4 0 0 0 44 0 0 0 0 0 0 16 24 19 0 0 0 0 15 0 13 15 0 0 0 0 0 16 0 16 16 -999 
P15387 2064 5 20 0 17 11 21 0 25 23 13 0 0 7 0 0 0 0 0 0 0 17 27 0 0 0 0 0 0 0 0 15 0 
P15387 2064 6 0 13 0 0 11 0 0 0 0 19 0 0 0 0 0 0 0 0 0 31 0 0 0 9 0 0 0 0 0 0 -999 
P15387 2064 7 0 28 0 0 0 0 0 21 0 22 29 0 0 0 0 0 0 0 0 0 0 30 0 0 0 0 0 0 38 0 0 
P15387 2064 8 0 24 39 0 0 0 0 21 16 0 0 0 0 18 12 0 0 0 0 0 0 0 0 0 0 0 0 0 0 0 0 
P15387 2064 9 0 49 26 0 0 12 0 0 0 0 6 0 0 16 26 20 12 0 0 0 16 0 26 0 0 7 0 0 0 0 -999 
P15387 2064 10 0 0 0 0 0 0 0 22 0 0 0 0 0 0 0 15 0 0 0 0 0 0 0 0 0 0 0 21 8 22 9 
P15387 2064 11 0 21 16 19 28 0 0 0 0 0 0 17 0 49 53 0 0 0 0 0 0 0 0 0 7 0 14 19 0 10 -999 
P15387 2064 12 0 0 0 0 31 32 0 63 69 45 13 7 18 0 0 12 0 0 0 6 10 0 9 0 0 4 5 0 0 0 0 
P15387 2065 1 0 3 0 0 0 0 0 10 0 15 0 0 15 27 15 0 0 6 0 0 0 0 0 0 0 0 0 0 0 0 14 
P15387 2065 2 24 0 0 0 0 0 0 0 0 0 5 0 24 0 52 34 37 32 39 58 32 0 0 0 0 0 0 0 -999 -999 -999 
P15387 2065 3 0 3 0 0 0 0 0 0 9 11 0 0 0 6 0 0 0 0 0 0 2 8 0 19 0 0 32 16 0 0 7 
P15387 2065 4 6 6 0 0 12 31 25 0 0 0 0 0 9 10 0 0 12 0 0 0 0 0 7 0 0 0 8 0 0 0 -999 
P15387 2065 5 7 0 0 0 7 0 8 0 0 0 0 0 0 14 0 22 18 0 0 18 27 0 0 0 18 0 15 0 0 39 0 
P15387 2065 6 0 15 0 0 0 13 15 22 0 0 0 0 0 0 0 23 0 11 0 0 0 0 0 0 9 12 0 0 21 22 -999 
P15387 2065 7 0 23 24 43 0 0 15 0 0 14 15 22 0 0 44 32 0 0 0 13 24 0 0 8 18 0 0 0 0 0 0 
P15387 2065 8 0 24 0 0 0 33 0 46 0 0 0 0 0 0 0 0 0 11 0 0 0 0 0 0 37 0 0 15 0 0 0 
P15387 2065 9 0 0 0 19 0 0 0 0 0 0 12 0 0 0 0 0 0 0 0 7 0 14 0 0 0 0 0 0 0 0 -999 
P15387 2065 10 0 0 0 7 0 0 0 0 0 0 0 18 20 18 36 0 12 0 0 0 34 0 27 47 0 0 34 18 20 0 0 
P15387 2065 11 0 0 0 0 0 0 0 0 3 0 0 0 0 0 0 0 0 0 0 10 19 48 11 0 10 11 0 44 0 0 -999 
P15387 2065 12 0 0 0 0 0 4 0 0 0 8 0 26 0 0 0 9 16 0 22 34 26 41 37 61 0 76 0 0 0 0 0 
P15387 2066 1 0 0 0 0 3 0 0 0 15 28 42 59 0 16 30 25 0 0 40 33 0 30 41 18 0 7 0 0 0 0 0 
P15387 2066 2 12 12 0 0 13 0 0 17 0 18 20 12 11 0 0 0 0 0 0 0 0 0 5 0 17 59 0 25 -999 -999 -999 
P15387 2066 3 19 12 4 0 0 0 25 7 0 0 6 0 0 0 0 0 0 6 0 0 0 0 0 0 0 21 0 0 0 0 0 
P15387 2066 4 0 0 0 0 0 15 0 0 0 0 8 0 20 26 0 25 32 0 7 0 0 0 12 0 13 0 38 48 60 33 -999 
P15387 2066 5 0 7 0 0 0 0 22 29 24 14 0 0 0 0 0 2 0 0 26 0 0 0 0 5 0 9 0 0 0 0 0 
P15387 2066 6 0 0 0 0 0 0 11 0 0 0 0 0 0 29 0 0 15 0 0 0 0 0 20 0 0 0 0 0 0 0 -999 
P15387 2066 7 0 0 0 0 0 0 0 0 0 0 0 15 0 0 0 0 0 25 15 13 0 6 0 0 0 26 0 0 0 0 0 
P15387 2066 8 0 0 0 33 0 0 36 0 0 0 0 0 0 0 16 0 0 31 21 0 0 0 0 0 0 18 29 0 0 0 0 
P15387 2066 9 0 7 5 7 0 0 0 9 0 0 0 0 0 0 0 0 0 0 0 0 0 0 0 30 32 0 0 13 0 0 -999 
P15387 2066 10 16 0 13 0 0 0 0 0 0 0 0 0 0 8 0 0 0 0 0 13 0 28 15 8 9 0 0 0 0 17 10 
P15387 2066 11 0 7 0 0 22 0 21 0 31 0 0 25 34 16 0 0 0 0 0 7 0 0 0 0 0 0 0 0 0 0 -999 
P15387 2066 12 0 5 0 0 0 0 4 0 0 0 0 0 14 37 53 60 63 83 46 0 31 0 11 0 5 0 0 8 13 19 47 
P15387 2067 1 0 36 43 9 10 0 16 3 0 3 0 13 0 0 22 23 28 31 31 72 61 68 54 36 52 36 74 0 19 14 27 
P15387 2067 2 27 19 45 22 0 0 11 0 12 24 44 17 0 0 37 0 0 0 64 49 33 19 0 0 15 51 36 12 -999 -999 -999 
P15387 2067 3 0 0 0 0 0 0 0 0 0 15 0 0 36 18 0 0 0 0 9 12 15 0 0 0 9 0 6 0 0 8 6 
P15387 2067 4 0 0 10 0 0 0 0 0 0 17 20 0 0 21 36 33 16 0 0 21 0 18 19 0 19 0 0 0 14 0 -999 
P15387 2067 5 0 0 15 0 26 16 0 9 0 22 0 18 0 10 0 0 0 21 36 0 23 18 17 0 15 24 19 0 0 0 0 
P15387 2067 6 0 25 36 33 0 0 0 0 0 19 29 0 25 0 0 0 0 0 0 0 0 0 8 0 0 0 0 0 0 25 -999 
P15387 2067 7 0 45 19 12 0 0 0 0 0 0 0 0 0 0 38 0 0 22 0 0 0 0 0 0 0 19 0 20 0 7 0 
P15387 2067 8 0 0 0 0 0 0 0 0 0 0 0 0 0 0 0 0 0 0 10 0 0 0 0 0 0 16 0 0 0 12 0 
P15387 2067 9 0 0 0 0 10 0 0 0 0 0 0 0 0 0 0 29 0 0 0 0 0 0 10 0 0 0 0 0 0 0 -999 
P15387 2067 10 0 0 0 0 0 0 0 0 0 17 0 0 0 0 0 11 14 6 0 0 5 0 0 0 9 0 0 0 0 16 0 
P15387 2067 11 0 0 0 11 18 17 27 3 0 0 0 0 0 6 0 12 0 0 0 7 0 0 15 17 23 0 0 0 0 24 -999 
P15387 2067 12 15 10 16 24 0 13 0 0 27 0 0 0 16 0 0 0 3 0 0 0 0 0 0 0 3 0 46 32 34 6 0 
P15387 2068 1 0 0 0 4 0 0 43 0 16 4 0 0 10 0 0 0 0 0 0 0 0 0 0 11 39 34 0 9 0 0 14 
P15387 2068 2 0 3 0 0 0 0 33 27 0 0 11 20 6 0 0 0 0 0 6 0 0 0 16 20 0 0 17 27 -999 -999 -999 
P15387 2068 3 12 26 25 0 48 62 42 0 25 0 9 0 20 0 6 9 26 54 24 11 0 30 48 0 0 0 0 7 9 20 0 
P15387 2068 4 40 26 0 0 7 0 8 0 32 0 0 0 13 0 9 0 0 0 5 0 0 0 37 34 12 0 0 0 0 0 -999 
P15387 2068 5 0 15 18 16 15 0 33 20 25 18 12 0 30 40 23 0 0 0 0 24 22 0 9 0 0 0 0 15 0 14 17 
P15387 2068 6 25 0 0 35 0 0 0 18 0 6 0 0 0 0 0 0 36 34 32 0 0 0 0 0 0 0 0 33 0 0 -999 
P15387 2068 7 0 0 0 7 0 0 0 0 0 0 0 0 22 22 0 0 11 0 25 0 17 0 0 0 12 0 0 0 11 0 0 
P15387 2068 8 0 0 0 0 0 0 0 11 0 0 0 0 0 18 0 0 14 0 0 0 0 0 0 0 0 35 0 0 0 0 0 
P15387 2068 9 12 0 0 0 0 0 0 0 0 0 58 0 0 0 15 0 18 0 23 12 7 0 10 0 0 0 0 0 0 0 -999 
P15387 2068 10 0 12 0 0 0 6 0 0 10 0 34 24 0 0 0 0 0 0 0 0 0 14 0 0 0 0 0 0 0 2 0 
P15387 2068 11 0 0 0 0 0 0 0 0 0 0 0 0 0 0 0 0 0 0 0 14 0 15 0 6 0 0 5 0 6 0 -999 
P15387 2068 12 0 0 0 0 7 0 0 32 42 0 21 0 0 64 42 24 0 0 0 0 0 0 12 0 13 21 18 9 0 0 0 
P15387 2069 1 17 20 0 0 0 0 0 0 0 0 0 0 9 0 0 4 0 0 0 0 13 0 0 0 0 0 0 0 23 0 0 
P15387 2069 2 0 0 16 31 67 22 14 33 0 0 0 0 0 8 7 0 0 0 0 0 0 26 0 0 0 0 0 14 -999 -999 -999 
P15387 2069 3 29 0 16 20 16 19 0 0 0 0 17 16 0 0 0 0 0 0 0 0 0 0 0 0 0 0 19 0 24 0 49 
P15387 2069 4 24 24 18 0 12 0 17 14 15 18 18 0 12 12 11 0 0 35 32 0 0 0 9 10 29 41 0 0 0 7 -999 
P15387 2069 5 0 12 14 0 24 0 0 0 12 0 18 16 0 0 21 0 0 0 34 35 29 20 11 0 0 0 0 0 0 0 0 
P15387 2069 6 23 0 16 0 0 0 0 0 21 15 0 0 13 0 0 0 0 0 0 0 0 0 29 0 0 0 0 0 0 10 -999 
P15387 2069 7 0 23 0 0 0 7 0 0 9 0 12 14 0 0 0 0 0 15 0 0 30 0 0 0 0 0 0 0 0 0 0 
P15387 2069 8 0 0 0 0 0 13 0 0 0 0 15 0 0 13 19 0 0 0 0 0 15 0 0 0 23 0 0 0 12 0 0 
P15387 2069 9 0 13 0 0 0 0 0 7 0 12 0 0 21 0 0 0 0 0 0 17 0 11 0 0 7 0 0 0 0 0 -999 
P15387 2069 10 15 0 13 0 0 0 0 0 0 0 0 22 0 0 0 35 22 24 0 40 50 20 23 13 0 0 37 42 0 0 11 
P15387 2069 11 0 0 0 27 25 0 24 42 38 0 7 0 0 0 0 0 0 14 0 0 25 42 0 0 0 0 4 10 0 7 -999 
P15387 2069 12 0 0 0 0 0 0 0 0 0 0 0 5 0 0 0 0 0 0 0 13 0 0 23 11 0 5 0 0 15 0 0 
P15387 2070 1 0 0 0 25 0 16 0 40 62 37 26 0 10 0 0 0 4 0 0 7 0 8 0 0 0 0 0 0 0 0 0 
P15387 2070 2 0 18 0 0 0 0 2 3 0 0 0 0 0 0 0 0 4 4 6 0 0 12 14 22 31 0 0 32 -999 -999 -999 
P15387 2070 3 0 0 0 0 0 0 3 0 0 0 0 0 0 16 44 35 23 30 43 0 54 60 34 0 0 19 16 16 0 18 0 
P15387 2070 4 0 12 0 24 0 0 0 0 46 21 0 9 10 21 37 30 28 34 0 0 19 28 0 0 0 0 37 36 26 20 -999 
P15387 2070 5 0 0 18 33 44 36 29 24 0 25 25 0 0 0 0 0 0 0 0 0 41 0 25 0 22 0 0 10 0 0 0 
P15387 2070 6 0 13 0 0 0 0 0 0 0 0 39 29 0 0 8 0 13 0 0 0 0 19 0 0 0 0 21 28 0 0 -999 
P15387 2070 7 0 0 0 0 0 0 0 0 0 0 0 0 0 0 0 0 0 0 13 0 0 0 13 0 0 0 0 0 0 0 0 
P15387 2070 8 0 0 0 22 28 30 0 0 0 0 0 0 0 0 0 0 0 15 13 17 30 0 0 0 0 0 25 9 6 0 0 
P15387 2070 9 0 18 0 0 0 0 0 0 0 0 0 16 0 0 0 0 0 0 0 0 0 0 6 0 0 0 0 5 0 0 -999 
P15387 2070 10 40 23 0 17 0 0 0 0 0 25 0 0 29 0 21 0 0 56 42 0 0 10 12 0 0 0 0 0 0 0 0 
P15387 2070 11 13 0 0 0 0 0 0 0 0 0 0 3 0 0 0 0 0 0 0 0 8 0 15 2 0 0 0 0 0 0 -999 
P15387 2070 12 0 27 0 0 0 0 5 0 0 0 39 0 0 0 10 0 14 0 0 16 0 23 0 10 0 19 0 10 19 39 19 
P15387 2071 1 0 0 0 8 0 0 5 0 0 0 26 14 17 0 11 0 0 0 13 0 0 0 8 0 0 14 0 12 10 0 0 
P15387 2071 2 0 8 10 10 0 28 0 0 0 30 38 39 0 0 9 0 17 22 0 0 0 0 8 8 0 0 0 10 -999 -999 -999 
P15387 2071 3 0 0 0 0 9 9 0 10 0 15 17 0 0 13 16 0 0 0 20 0 0 0 0 13 0 13 0 3 0 7 0 
P15387 2071 4 0 69 35 30 0 0 0 0 0 0 0 0 0 0 0 0 0 0 0 21 22 0 54 39 42 32 20 0 19 20 -999 
P15387 2071 5 0 21 0 30 0 38 0 0 0 0 0 14 0 0 0 0 10 0 0 0 12 0 12 14 18 0 0 0 19 0 0 
P15387 2071 6 21 0 23 28 19 11 0 0 0 0 26 0 0 0 47 0 0 0 0 20 0 20 15 0 0 0 0 0 0 0 -999 
P15387 2071 7 23 23 20 0 0 18 0 0 0 0 0 0 0 11 0 0 0 0 25 0 0 0 0 0 0 0 0 0 0 0 0 
P15387 2071 8 0 0 0 6 10 0 0 0 0 0 0 0 0 0 0 0 0 0 0 0 0 17 10 0 0 0 47 0 0 0 0 
P15387 2071 9 0 0 0 0 0 0 0 13 0 0 0 0 0 0 0 0 0 0 0 0 0 0 0 0 0 0 0 0 21 0 -999 
P15387 2071 10 0 0 0 0 0 0 0 13 0 31 0 0 0 10 0 0 39 23 0 0 0 0 28 17 0 0 3 9 0 19 25 
P15387 2071 11 39 35 40 0 30 0 20 0 7 0 13 0 0 3 11 21 23 0 0 20 0 19 0 0 23 21 0 0 0 0 -999 
P15387 2071 12 0 0 0 21 0 48 50 59 29 0 0 59 42 0 0 0 0 38 0 0 0 1 0 0 30 42 35 0 0 12 0 
P15387 2072 1 0 15 0 5 0 0 0 12 0 0 3 0 0 0 0 0 0 0 8 0 0 0 0 9 5 23 34 0 12 0 0 
P15387 2072 2 25 29 28 17 22 0 0 0 0 7 0 0 0 0 5 0 0 8 20 11 0 0 0 0 0 0 0 0 -999 -999 -999 
P15387 2072 3 0 0 6 0 0 0 0 0 0 0 0 0 0 0 7 8 0 15 0 15 13 0 13 16 16 17 21 0 0 0 0 
P15387 2072 4 14 0 7 25 30 8 0 0 0 0 0 0 0 0 0 0 0 0 0 6 32 19 0 0 0 0 0 0 24 0 -999 
P15387 2072 5 0 0 0 0 0 0 0 0 0 15 0 0 0 19 0 0 0 23 21 18 22 0 0 0 0 0 7 0 31 30 0 
P15387 2072 6 0 0 0 0 16 0 0 7 21 0 24 34 0 0 0 0 24 0 31 15 11 0 0 35 0 0 0 0 5 0 -999 
P15387 2072 7 9 0 0 0 0 0 25 0 0 0 0 0 0 0 0 0 0 30 0 0 0 0 0 0 0 0 0 0 0 0 0 
P15387 2072 8 0 22 0 0 0 0 0 0 0 0 0 0 20 0 0 0 0 0 0 0 0 0 0 0 22 0 0 0 22 0 37 
P15387 2072 9 0 0 0 0 0 0 0 0 20 32 0 15 0 0 0 18 0 0 0 15 23 0 0 13 33 43 24 0 0 0 -999 
P15387 2072 10 0 0 6 0 0 7 0 0 0 0 0 9 0 9 0 0 0 0 0 5 0 0 0 0 0 0 13 12 0 0 0 
P15387 2072 11 0 0 14 30 0 0 0 0 10 0 0 0 0 46 0 0 0 5 0 0 0 0 0 0 11 14 30 0 0 0 -999 
P15387 2072 12 0 0 0 0 0 0 0 0 0 0 0 0 0 0 0 13 0 12 29 32 57 22 13 12 0 34 0 0 8 0 0 
P15387 2073 1 10 0 0 0 0 0 0 0 0 0 0 0 0 0 10 0 8 0 0 0 0 0 0 4 0 0 0 0 0 0 0 
P15387 2073 2 0 25 31 0 0 20 0 7 0 0 0 0 0 0 0 2 0 0 0 0 3 0 0 0 0 0 0 0 -999 -999 -999 
P15387 2073 3 0 55 0 0 0 20 16 0 0 19 15 0 0 0 11 0 0 8 9 0 23 0 0 0 23 16 41 50 67 37 20 
P15387 2073 4 17 0 11 0 0 0 32 19 0 17 0 27 35 0 19 0 0 0 0 0 0 0 20 0 42 0 27 0 0 0 -999 
P15387 2073 5 9 0 0 14 14 0 0 18 0 0 0 0 22 53 58 37 32 18 0 0 0 13 0 0 15 0 0 0 0 0 0 
P15387 2073 6 0 10 0 9 0 14 0 0 12 0 0 0 0 0 0 0 0 0 0 0 0 0 0 28 0 0 24 0 26 28 -999 
P15387 2073 7 0 0 0 0 0 0 0 0 0 0 0 0 0 0 0 0 0 0 0 0 12 0 24 0 39 0 0 0 0 0 0 
P15387 2073 8 0 0 7 0 20 0 0 0 0 0 0 16 16 0 43 55 0 0 0 16 24 0 0 0 0 0 0 0 0 0 0 
P15387 2073 9 0 0 19 0 13 0 13 0 0 15 14 0 0 0 0 0 28 23 0 0 0 0 0 0 28 0 0 0 0 0 -999 
P15387 2073 10 0 0 0 0 0 17 41 0 45 0 0 19 6 0 0 0 0 0 0 0 0 0 0 10 0 0 0 0 16 0 11 
P15387 2073 11 0 21 0 0 0 0 0 0 0 0 0 0 0 8 12 28 0 14 30 52 0 41 20 0 13 0 0 15 0 2 -999 
P15387 2073 12 0 0 0 0 0 0 0 10 0 5 0 0 0 0 0 0 0 0 0 0 0 10 0 0 4 0 0 10 0 29 0 
P15387 2074 1 62 0 18 51 71 100 53 28 24 25 22 19 12 0 0 0 0 0 0 0 0 0 0 0 0 0 0 0 0 0 0 
P15387 2074 2 0 0 0 0 0 0 0 0 0 0 12 0 0 20 16 16 25 29 19 0 0 0 16 0 0 26 46 60 -999 -999 -999 
P15387 2074 3 51 24 0 0 0 25 28 34 20 16 0 0 0 0 0 0 0 0 21 0 0 57 34 52 35 18 2 0 0 12 16 
P15387 2074 4 0 14 0 0 0 0 5 0 0 0 0 0 0 0 0 48 27 17 32 43 28 0 14 0 0 0 12 14 0 17 -999 
P15387 2074 5 12 0 14 0 0 0 0 0 16 26 0 58 0 0 31 0 20 26 0 0 0 35 0 0 0 0 0 0 0 0 0 
P15387 2074 6 16 21 0 30 30 0 13 11 0 32 35 0 0 6 0 0 0 0 0 0 0 8 9 0 0 19 0 0 0 9 -999 
P15387 2074 7 0 11 0 0 0 0 0 0 17 0 0 0 11 0 0 0 0 0 0 0 0 0 0 0 0 0 0 14 0 0 0 
P15387 2074 8 12 0 0 0 0 0 0 16 0 0 0 0 12 0 0 0 0 28 0 0 0 0 0 13 0 0 7 0 0 0 11 
P15387 2074 9 0 0 0 15 0 0 0 0 0 14 23 28 0 0 0 0 0 0 5 0 0 0 13 0 0 0 0 0 0 0 -999 
P15387 2074 10 0 0 12 0 0 0 0 0 0 0 0 0 0 0 0 10 0 0 0 19 0 36 0 28 0 4 0 0 0 25 8 
P15387 2074 11 2 0 0 13 0 11 12 0 0 8 0 0 0 10 19 0 0 0 0 36 26 0 0 19 0 0 9 17 0 0 -999 
P15387 2074 12 0 0 0 0 0 5 0 0 0 0 31 36 22 13 10 0 0 0 0 7 0 2 0 7 5 0 0 0 0 0 13 
P15387 2075 1 5 2 0 0 0 0 0 2 0 0 9 0 0 13 19 21 7 0 9 0 0 0 0 0 0 5 0 0 0 0 0 
P15387 2075 2 0 10 0 20 21 29 37 28 42 19 30 56 51 0 0 0 0 0 0 19 0 0 0 0 0 0 14 0 -999 -999 -999 
P15387 2075 3 0 20 31 11 0 18 8 0 0 2 5 0 2 0 0 0 0 0 17 14 0 13 16 0 49 24 15 0 0 0 0 
P15387 2075 4 0 0 0 30 0 0 49 0 71 33 13 8 10 12 11 0 0 0 0 35 0 27 22 0 0 0 0 0 12 0 -999 
P15387 2075 5 0 0 0 35 0 0 0 13 11 0 0 27 0 12 0 0 5 0 8 12 0 26 0 0 0 0 0 0 0 14 0 
P15387 2075 6 0 0 34 0 0 0 15 0 0 0 25 0 0 21 0 0 0 0 0 0 0 0 0 10 0 0 0 21 0 0 -999 
P15387 2075 7 0 0 0 0 0 18 19 14 0 0 0 0 0 0 0 18 21 0 0 0 0 0 0 0 0 10 11 9 0 0 0 
P15387 2075 8 0 0 0 0 0 0 0 0 13 13 0 17 0 11 11 0 0 0 17 0 0 0 0 0 13 0 21 0 0 0 8 
P15387 2075 9 0 0 0 0 0 9 13 0 0 0 0 21 0 0 0 0 0 0 0 0 0 0 0 0 0 14 0 8 9 7 -999 
P15387 2075 10 12 0 23 0 21 14 0 42 0 0 13 0 8 0 0 0 0 16 7 0 0 4 0 0 12 0 0 26 25 0 0 
P15387 2075 11 0 0 0 0 0 23 0 18 0 0 0 13 0 28 0 0 0 0 0 7 0 31 23 18 6 0 0 0 0 7 -999 
P15387 2075 12 0 0 32 30 31 0 0 0 46 0 0 0 0 0 13 0 0 11 0 0 10 0 2 0 0 0 0 4 0 0 0 
P15387 2076 1 1 4 5 2 0 0 0 0 0 0 0 0 0 0 0 0 0 0 0 0 3 0 0 1 0 0 0 0 9 0 12 
P15387 2076 2 34 37 20 0 0 0 0 0 0 0 0 0 0 0 0 0 0 0 0 12 0 0 3 5 3 8 0 0 -999 -999 -999 
P15387 2076 3 0 0 0 0 0 17 0 0 23 31 26 0 0 0 0 0 0 0 7 0 0 0 0 0 0 0 16 9 0 0 0 
P15387 2076 4 0 0 0 0 0 0 0 0 0 0 0 16 0 18 40 47 33 24 0 0 0 0 0 13 0 28 42 0 0 0 -999 
P15387 2076 5 0 0 31 22 17 0 15 14 0 0 0 0 15 31 25 0 19 0 27 0 0 0 0 0 0 0 21 35 0 0 13 
P15387 2076 6 0 19 0 0 18 0 0 0 0 12 0 0 0 0 12 0 0 0 0 0 37 40 11 0 0 0 0 0 7 0 -999 
P15387 2076 7 0 0 0 0 0 0 0 0 0 20 0 0 0 0 0 0 31 0 0 0 0 0 0 0 17 14 14 27 0 0 0 
P15387 2076 8 0 0 0 0 0 0 0 17 0 0 16 0 0 0 0 0 0 0 0 0 11 0 0 0 0 0 0 17 0 27 30 
P15387 2076 9 39 0 0 0 0 0 0 9 0 15 0 0 0 0 0 0 0 0 0 0 0 0 0 0 0 15 0 0 0 0 -999 
P15387 2076 10 0 0 0 0 0 0 0 12 0 0 0 0 0 0 0 0 0 0 0 0 8 0 8 0 0 13 18 37 50 0 0 
P15387 2076 11 0 0 0 0 0 0 0 0 6 10 0 16 16 0 0 6 0 10 0 0 27 30 35 0 0 8 0 0 0 0 -999 
P15387 2076 12 0 0 0 0 0 0 0 0 32 33 0 37 23 13 0 10 0 0 0 0 0 0 0 2 0 0 0 11 0 0 0 
P15387 2077 1 0 0 0 0 0 0 0 0 17 0 0 0 0 5 24 0 0 0 0 0 9 0 0 0 0 6 0 4 0 0 0 
P15387 2077 2 11 11 12 0 31 0 0 0 14 24 0 0 0 0 9 0 28 48 58 31 24 0 0 9 0 0 10 5 -999 -999 -999 
P15387 2077 3 0 0 0 7 15 23 37 31 0 23 19 21 9 5 0 0 0 0 0 14 0 29 0 36 0 16 0 0 0 0 0 
P15387 2077 4 0 0 0 0 0 0 0 0 0 3 0 0 0 0 0 15 0 0 0 0 0 17 16 0 0 18 38 32 0 0 -999 
P15387 2077 5 13 16 0 26 10 0 0 27 0 0 39 0 0 0 0 0 19 0 28 0 30 23 0 29 21 0 0 0 0 0 11 
P15387 2077 6 0 28 0 36 30 35 28 25 0 23 17 0 0 28 0 0 0 0 0 0 0 0 0 0 18 21 23 0 0 0 -999 
P15387 2077 7 0 19 0 0 0 0 0 0 0 42 0 0 0 0 0 0 36 0 0 0 0 0 0 34 28 20 0 0 0 41 0 
P15387 2077 8 0 24 0 16 0 0 0 0 0 17 0 0 0 0 0 0 0 15 0 30 22 16 0 0 0 0 0 0 0 0 0 
P15387 2077 9 22 30 0 0 0 0 27 0 0 0 0 0 17 21 31 0 0 0 0 0 0 16 0 0 14 0 4 0 18 0 -999 
P15387 2077 10 0 0 0 0 6 0 10 14 0 0 0 10 0 0 0 0 0 0 23 18 0 21 0 0 0 7 0 0 0 0 17 
P15387 2077 11 19 20 0 9 0 6 8 15 41 50 35 0 0 0 26 28 0 14 0 18 26 12 23 0 16 0 0 0 0 10 -999 
P15387 2077 12 15 0 34 38 0 21 27 63 0 0 38 21 0 0 0 0 0 0 0 0 0 0 0 0 5 0 0 25 10 0 0 
P15387 2078 1 0 37 56 0 27 0 24 13 27 30 22 0 0 35 0 32 0 0 0 0 11 0 0 0 0 7 0 2 0 0 0 
P15387 2078 2 0 0 0 5 0 3 0 0 0 0 0 0 0 1 0 0 0 0 0 10 0 13 17 0 19 53 26 22 -999 -999 -999 
P15387 2078 3 0 0 0 0 0 7 0 0 0 0 8 0 0 8 0 31 37 58 0 70 0 0 23 26 30 26 0 0 13 0 0 
P15387 2078 4 0 29 0 0 0 0 0 13 0 11 0 0 0 0 19 0 0 0 16 0 0 0 15 22 41 0 31 10 0 15 -999 
P15387 2078 5 0 59 51 30 23 0 0 0 0 16 26 0 0 0 0 28 44 0 0 0 0 0 0 5 0 12 0 25 0 0 0 
P15387 2078 6 0 23 26 26 26 29 0 0 0 0 0 0 0 12 0 0 0 10 0 0 0 0 0 0 0 0 0 0 0 0 -999 
P15387 2078 7 0 0 0 0 0 0 0 27 0 0 23 26 0 0 0 0 0 0 0 0 0 0 0 21 0 0 0 0 0 0 0 
P15387 2078 8 0 46 19 0 0 0 0 0 0 27 0 0 0 0 0 23 0 32 0 0 0 0 27 0 0 0 0 0 0 27 0 
P15387 2078 9 0 0 0 0 0 0 0 15 0 0 0 0 0 0 0 0 16 0 21 0 0 0 0 0 0 0 0 0 0 0 -999 
P15387 2078 10 0 0 0 0 0 0 12 0 0 0 13 0 0 0 0 0 40 51 23 0 47 16 0 0 0 11 3 0 0 0 0 
P15387 2078 11 0 27 0 0 0 14 0 0 0 0 5 0 0 18 16 0 18 26 16 0 5 0 0 0 0 4 0 0 0 0 -999 
P15387 2078 12 0 0 0 0 0 0 0 4 3 9 25 37 12 0 0 0 0 0 0 0 0 0 0 0 0 22 62 74 18 40 71 
P15387 2079 1 43 0 0 0 0 0 0 0 0 0 0 1 0 0 0 0 0 0 0 5 0 0 0 0 0 0 0 0 0 0 0 
P15387 2079 2 0 0 0 0 0 0 0 0 0 0 0 0 0 0 0 0 0 0 3 0 0 0 0 0 15 9 0 0 -999 -999 -999 
P15387 2079 3 0 11 4 0 11 18 8 0 5 0 8 0 7 0 0 0 0 0 0 0 0 0 0 6 0 0 0 0 0 6 0 
P15387 2079 4 0 10 0 16 18 0 0 12 0 0 0 0 0 20 29 21 12 0 0 0 26 0 0 32 0 15 0 0 0 0 -999 
P15387 2079 5 16 0 0 11 0 14 0 13 0 0 20 0 0 0 0 11 0 0 0 29 44 40 0 0 0 0 0 0 0 0 16 
P15387 2079 6 0 17 0 0 0 0 30 0 0 24 37 0 0 28 0 0 10 0 0 0 0 20 18 0 0 0 0 0 37 0 -999 
P15387 2079 7 0 0 0 0 0 0 0 0 19 0 0 0 0 0 0 0 0 0 0 0 0 0 0 0 0 0 0 0 0 0 0 
P15387 2079 8 0 0 0 0 0 0 0 0 0 0 0 0 0 0 0 0 0 18 17 0 0 38 0 0 0 0 17 11 0 48 0 
P15387 2079 9 0 0 0 0 0 0 0 0 0 6 0 17 0 0 0 0 0 0 0 0 8 0 0 16 0 0 0 5 0 0 -999 
P15387 2079 10 0 0 0 0 0 9 0 0 0 0 0 0 0 0 0 7 0 0 0 0 26 12 0 25 0 0 0 0 13 0 0 
P15387 2079 11 25 23 0 0 30 37 44 24 10 0 0 0 0 26 0 0 32 0 0 0 11 0 21 20 29 27 0 0 0 0 -999 
P15387 2079 12 0 28 47 28 12 0 0 0 0 0 2 0 0 0 0 0 0 0 0 0 0 0 0 0 0 0 0 4 0 13 0 
P15387 2080 1 0 0 0 4 0 0 0 0 0 0 0 0 0 0 0 0 0 0 0 0 0 0 0 0 0 0 11 0 0 15 0 
P15387 2080 2 0 0 7 0 0 14 17 15 33 40 55 42 0 0 0 0 0 0 0 51 48 24 0 0 0 0 4 6 -999 -999 -999 
P15387 2080 3 16 0 0 0 23 24 26 40 0 88 51 31 17 5 0 0 0 6 0 0 0 0 0 0 0 0 0 0 0 16 15 
P15387 2080 4 3 0 0 0 0 0 5 0 22 0 0 0 14 0 0 0 0 0 0 0 0 21 0 28 22 0 0 0 0 15 -999 
P15387 2080 5 16 17 0 0 23 0 0 0 20 0 0 0 31 0 31 40 0 25 0 0 0 0 0 35 35 0 23 0 0 0 0 
P15387 2080 6 52 0 19 0 33 0 0 8 0 0 11 0 17 0 0 31 35 26 0 0 37 23 21 21 0 23 28 0 0 0 -999 
P15387 2080 7 25 0 0 0 0 0 0 0 0 0 0 0 0 0 0 0 0 0 0 0 29 0 0 0 0 0 10 0 0 0 14 
P15387 2080 8 15 22 0 19 0 0 0 0 0 0 0 0 0 0 0 18 0 0 0 0 0 0 9 0 0 26 0 15 0 0 0 
P15387 2080 9 20 27 0 0 12 0 0 20 0 16 0 35 0 0 0 0 0 13 0 0 0 0 0 0 0 0 19 0 0 0 -999 
P15387 2080 10 9 0 26 34 50 43 23 34 37 30 0 23 0 0 36 22 9 0 0 13 18 7 0 0 0 0 0 9 0 0 0 
P15387 2080 11 29 23 0 0 23 27 0 0 0 0 0 0 5 0 8 0 8 7 7 5 0 5 0 0 0 0 10 0 6 17 -999 
P15387 2080 12 23 0 30 21 33 30 0 0 39 0 7 0 5 0 0 0 0 0 5 0 0 0 0 0 0 0 0 0 0 0 0 
P15387 2081 1 42 34 71 41 32 12 0 0 0 0 6 0 0 0 0 11 0 0 0 41 46 28 31 0 0 27 0 0 0 0 0 
P15387 2081 2 17 4 11 12 21 28 30 0 16 0 0 2 1 0 6 0 6 10 0 10 12 0 6 32 0 0 0 0 -999 -999 -999 
P15387 2081 3 11 0 0 0 0 0 0 10 19 39 25 0 0 0 15 14 0 50 34 47 28 0 60 0 0 0 0 0 28 47 43 
P15387 2081 4 53 20 0 0 19 16 19 0 19 0 0 12 0 0 23 44 12 15 17 0 25 0 0 42 46 0 12 24 40 34 -999 
P15387 2081 5 45 36 26 23 0 0 0 18 38 61 0 22 30 39 40 0 0 0 0 0 17 0 0 0 0 9 0 0 0 13 28 
P15387 2081 6 22 0 0 0 0 0 0 0 0 0 0 0 0 0 0 0 31 0 0 0 0 5 0 0 0 0 0 14 0 21 -999 
P15387 2081 7 27 0 0 0 0 0 0 0 0 0 0 0 0 29 0 0 0 0 20 0 0 0 0 0 0 0 0 0 24 28 0 
P15387 2081 8 30 0 0 0 24 0 0 0 24 0 21 0 0 0 0 0 20 0 0 28 0 0 0 0 0 0 0 0 10 0 0 
P15387 2081 9 0 0 0 0 14 26 29 0 0 0 0 0 0 0 0 0 0 0 29 17 0 0 0 0 0 12 0 0 0 0 -999 
P15387 2081 10 0 0 0 27 40 14 0 0 0 0 0 0 0 0 0 0 0 0 0 0 0 0 0 0 0 0 0 0 0 0 0 
P15387 2081 11 0 19 0 53 30 10 0 0 0 0 0 0 0 8 0 0 60 71 62 0 0 0 0 0 15 0 0 7 24 44 -999 
P15387 2081 12 0 0 19 0 17 51 0 42 39 0 21 0 42 51 24 17 0 17 0 0 0 5 0 0 0 0 0 0 0 8 0 
P15387 2082 1 14 15 0 0 0 14 0 0 0 0 0 23 18 0 0 0 0 30 0 11 0 43 36 0 21 0 38 19 0 0 0 
P15387 2082 2 0 0 0 0 5 0 0 0 0 0 0 0 0 0 0 0 0 8 0 0 5 4 0 0 0 36 19 0 -999 -999 -999 
P15387 2082 3 19 24 32 0 39 0 13 0 0 15 0 0 0 0 0 13 8 0 0 43 0 12 7 20 38 22 0 8 0 0 0 
P15387 2082 4 0 12 6 0 0 15 0 0 0 0 0 0 16 30 0 22 18 0 10 0 0 9 9 13 0 0 0 0 0 0 -999 
P15387 2082 5 0 0 20 0 0 0 0 0 0 18 0 0 0 0 36 0 0 31 26 0 32 0 0 22 0 0 0 0 15 0 0 
P15387 2082 6 0 0 13 0 0 0 0 0 12 0 0 0 0 0 0 18 0 28 26 0 0 13 0 0 13 0 0 12 26 0 -999 
P15387 2082 7 19 0 0 0 0 0 0 0 0 0 0 0 0 0 0 0 0 0 0 0 0 15 0 0 0 0 0 9 14 0 0 
P15387 2082 8 0 0 0 21 0 0 0 0 0 0 16 0 0 0 0 0 0 0 0 0 0 0 0 20 0 0 0 0 0 0 0 
P15387 2082 9 0 0 18 0 0 0 0 0 0 0 0 16 0 0 0 0 0 11 0 0 0 5 0 0 17 0 0 0 0 18 -999 
P15387 2082 10 0 0 12 0 0 0 2 0 0 0 0 0 0 0 0 19 0 0 0 0 0 26 0 27 0 5 0 0 14 23 0 
P15387 2082 11 36 51 49 21 0 0 23 0 10 7 0 12 14 0 0 0 89 63 32 0 4 0 0 0 0 0 0 0 0 0 -999 
P15387 2082 12 0 0 0 0 0 0 0 0 0 0 0 0 0 0 0 0 0 24 0 12 4 5 4 0 7 0 0 9 0 0 0 
P15387 2083 1 0 32 0 40 39 0 0 8 0 0 0 6 0 7 4 11 15 13 16 0 0 10 7 7 0 0 0 0 0 8 0 
P15387 2083 2 14 23 0 16 10 0 15 29 0 27 39 0 19 15 0 21 38 59 78 42 37 31 0 0 35 66 0 28 -999 -999 -999 
P15387 2083 3 0 20 0 23 0 0 8 0 21 6 0 0 0 10 0 10 0 0 0 0 16 0 33 57 55 26 0 47 0 10 0 
P15387 2083 4 11 19 14 0 19 0 28 0 0 0 0 0 0 20 32 0 22 0 8 7 0 7 0 8 0 0 0 0 0 0 -999 
P15387 2083 5 0 0 0 0 0 18 35 0 32 0 0 24 0 0 25 0 37 0 0 0 21 13 15 0 0 39 48 25 19 0 24 
P15387 2083 6 0 0 0 0 0 0 14 0 23 33 35 0 0 21 0 0 27 0 0 0 0 0 9 0 0 0 0 0 27 0 -999 
P15387 2083 7 0 0 0 0 31 0 0 0 13 0 14 0 0 19 0 17 0 0 0 0 0 0 0 23 0 0 0 0 0 0 0 
P15387 2083 8 0 0 8 0 0 0 11 14 0 0 0 0 23 0 0 0 0 13 13 0 19 15 0 0 0 10 0 0 0 0 0 
P15387 2083 9 0 0 8 0 0 9 0 0 0 0 0 0 0 0 0 0 12 0 0 15 0 0 0 0 0 0 0 0 0 10 -999 
P15387 2083 10 0 23 0 21 0 41 0 0 0 28 0 0 10 10 0 14 0 0 0 14 0 0 23 0 0 0 0 0 0 18 0 
P15387 2083 11 0 11 17 0 45 20 17 0 0 9 0 22 35 33 17 18 35 35 0 0 0 3 3 5 11 15 6 0 3 0 -999 
P15387 2083 12 22 27 0 0 18 12 24 43 67 0 8 0 0 0 71 37 0 0 0 24 0 0 0 10 24 8 4 0 2 0 0 
P15387 2084 1 0 4 6 0 0 0 2 0 0 5 1 0 0 0 0 3 0 9 0 0 0 15 0 0 14 32 0 0 0 27 30 
P15387 2084 2 0 0 4 0 0 0 7 0 0 25 0 0 0 0 0 0 0 0 0 0 0 0 0 12 0 23 36 0 -999 -999 -999 
P15387 2084 3 16 0 0 0 0 10 3 3 0 0 0 0 0 5 0 23 41 40 21 10 0 0 0 0 0 0 21 0 9 9 9 
P15387 2084 4 0 15 0 0 0 20 15 7 0 12 0 0 0 18 22 0 0 0 0 0 0 27 0 0 0 0 0 0 22 0 -999 
P15387 2084 5 0 10 0 0 28 0 40 0 0 0 0 0 0 0 0 0 0 0 0 0 0 12 0 18 0 0 40 0 0 0 0 
P15387 2084 6 0 0 0 0 0 14 0 0 0 0 0 0 0 0 0 0 0 0 0 0 0 0 0 17 19 0 0 0 0 25 -999 
P15387 2084 7 23 0 0 0 0 0 12 19 0 0 0 0 0 0 0 0 0 0 0 0 0 0 0 0 20 0 0 0 0 0 15 
P15387 2084 8 0 0 0 0 0 9 0 0 0 0 0 0 0 0 21 0 0 8 0 17 16 0 0 0 0 0 19 0 0 0 0 
P15387 2084 9 0 0 10 15 0 18 0 0 0 0 0 0 15 0 21 38 17 0 0 0 0 0 0 6 0 0 0 0 0 0 -999 
P15387 2084 10 0 0 0 36 0 0 0 0 0 0 0 0 0 11 24 35 0 0 0 8 0 15 0 0 0 13 22 0 55 58 0 
P15387 2084 11 21 0 44 0 0 0 18 0 50 0 0 0 0 0 0 9 11 12 0 0 0 0 0 0 0 0 0 0 26 0 -999 
P15387 2084 12 24 0 21 0 18 11 0 0 27 30 33 47 60 47 28 0 0 0 0 3 0 0 0 0 0 0 8 0 17 12 0 
P15387 2085 1 0 0 0 6 6 0 2 0 1 3 1 0 0 4 5 24 21 0 0 0 6 14 0 62 28 0 0 0 0 6 0 
P15387 2085 2 2 0 0 9 0 20 23 0 0 0 47 45 31 0 0 0 0 0 0 8 0 0 0 0 0 0 0 0 -999 -999 -999 
P15387 2085 3 0 0 0 0 9 0 0 0 0 0 34 41 66 34 28 0 0 6 2 0 0 17 16 19 21 9 9 0 0 10 0 
P15387 2085 4 0 0 4 6 0 0 13 0 0 0 18 29 32 0 36 35 27 0 22 10 0 0 0 6 18 0 0 8 12 17 -999 
P15387 2085 5 25 0 0 15 0 0 32 36 38 0 0 0 17 0 0 0 0 0 0 0 20 0 0 0 28 21 0 0 0 0 0 
P15387 2085 6 0 0 0 0 0 0 0 0 0 0 33 0 0 0 0 0 0 0 0 0 34 0 21 0 0 0 18 0 24 0 -999 
P15387 2085 7 0 16 0 0 10 0 0 0 0 0 0 20 0 0 0 28 0 0 25 21 20 0 14 0 0 0 7 0 13 0 16 
P15387 2085 8 19 0 0 0 0 0 0 0 16 0 0 0 0 0 0 0 0 0 0 0 0 0 0 0 0 0 0 0 0 0 20 
P15387 2085 9 0 14 0 0 0 29 27 22 0 18 0 26 0 0 0 0 0 10 6 0 0 0 0 0 0 14 20 0 0 5 -999 
P15387 2085 10 0 25 38 0 0 0 0 0 0 14 0 17 17 0 14 11 13 0 0 0 14 14 0 0 0 28 40 32 0 36 0 
P15387 2085 11 0 0 0 25 0 17 0 22 13 0 0 0 0 0 0 0 53 32 0 19 27 33 0 5 0 4 0 0 31 0 -999 
P15387 2085 12 32 50 17 0 0 0 32 0 0 0 0 11 13 0 0 6 0 0 0 0 0 21 17 0 0 0 0 0 0 0 0 
P15387 2086 1 0 0 0 8 0 0 0 0 0 0 0 5 0 0 29 9 8 33 0 0 12 0 0 0 0 0 0 0 0 12 20 
P15387 2086 2 0 15 21 0 0 14 0 34 0 0 10 0 22 13 9 13 13 0 1 0 0 0 0 0 0 0 4 4 -999 -999 -999 
P15387 2086 3 0 0 0 0 0 0 0 0 0 0 0 0 23 0 0 0 0 0 5 0 0 4 0 0 6 0 7 8 0 0 19 
P15387 2086 4 0 0 3 0 0 22 36 29 0 0 0 0 0 36 0 0 0 10 0 5 0 0 0 10 0 0 31 35 0 0 -999 
P15387 2086 5 29 34 21 37 41 23 0 23 12 0 9 14 0 0 0 0 10 9 0 0 0 0 0 19 0 0 0 7 5 0 0 
P15387 2086 6 0 11 0 0 0 0 0 0 0 0 7 0 0 0 26 0 0 0 0 0 0 0 0 0 0 0 0 0 0 0 -999 
P15387 2086 7 12 0 0 0 0 0 0 0 29 0 0 0 0 0 0 20 18 0 0 0 0 0 0 0 0 0 0 0 14 0 0 
P15387 2086 8 0 0 0 0 0 0 0 0 0 11 0 0 0 0 0 0 0 16 0 18 0 0 0 24 0 0 0 29 24 10 0 
P15387 2086 9 0 0 0 0 0 0 0 0 7 0 0 14 21 35 0 0 0 0 0 0 0 0 0 27 0 13 0 0 0 0 -999 
P15387 2086 10 0 0 0 0 25 12 0 0 18 0 0 51 25 13 0 7 0 0 0 23 0 0 0 0 0 0 0 0 0 31 31 
P15387 2086 11 0 14 32 19 22 25 0 0 14 0 17 29 27 16 0 0 0 0 24 0 0 24 10 0 0 0 15 0 0 0 -999 
P15387 2086 12 9 0 10 0 6 0 0 0 0 0 0 1 0 11 0 4 0 0 13 40 24 42 60 76 24 0 9 0 0 0 0 
P15387 2087 1 0 0 0 0 0 8 16 32 0 26 0 0 0 0 0 0 2 0 0 0 0 0 16 5 0 0 0 0 0 13 19 
P15387 2087 2 19 0 0 0 0 0 0 0 0 0 0 7 5 0 18 0 5 0 0 0 0 0 3 0 0 9 16 24 -999 -999 -999 
P15387 2087 3 42 63 42 22 9 0 0 21 0 17 0 0 0 0 0 0 0 0 17 18 0 26 31 0 33 0 0 11 0 0 0 
P15387 2087 4 0 0 10 0 11 0 11 0 0 8 19 14 9 0 0 62 37 0 0 0 0 52 32 0 35 38 0 15 8 0 -999 
P15387 2087 5 17 0 13 21 19 0 24 20 0 0 19 0 0 0 18 26 0 0 0 18 26 0 0 0 0 0 41 0 0 0 0 
P15387 2087 6 25 0 0 0 23 34 0 0 0 15 0 0 0 0 0 0 0 0 35 0 0 0 0 0 0 0 44 0 0 0 -999 
P15387 2087 7 14 22 0 0 0 0 0 0 0 0 0 0 0 0 0 0 10 0 14 14 0 0 10 14 0 0 0 0 0 0 0 
P15387 2087 8 21 0 0 0 27 0 30 0 0 0 0 0 23 27 0 0 19 0 11 0 0 0 0 0 0 26 25 0 0 0 0 
P15387 2087 9 0 0 11 0 17 0 7 0 0 0 10 16 14 0 0 0 0 0 0 0 16 0 0 0 0 0 0 11 0 0 -999 
P15387 2087 10 0 14 0 51 0 33 0 13 0 0 17 0 0 0 5 0 0 0 16 0 0 0 0 0 0 0 0 0 0 0 0 
P15387 2087 11 0 0 0 0 0 0 0 0 0 0 0 0 0 0 0 0 0 0 0 0 0 2 0 0 6 0 0 1 0 0 -999 
P15387 2087 12 0 0 0 0 0 0 5 14 0 0 3 0 9 4 0 0 0 0 0 5 0 0 29 49 0 16 29 21 0 32 15 
P15387 2088 1 17 0 0 0 0 0 0 0 0 0 0 0 0 0 0 0 0 0 0 0 0 0 0 0 0 6 0 0 0 0 0 
P15387 2088 2 0 0 0 0 0 22 0 34 38 0 0 0 0 0 8 0 0 0 16 0 0 10 0 6 10 13 21 0 -999 -999 -999 
P15387 2088 3 12 0 28 34 26 0 0 6 0 0 0 0 0 0 0 0 0 0 0 0 11 12 10 0 18 15 22 18 3 3 0 
P15387 2088 4 0 2 5 12 18 20 21 23 25 0 0 0 29 0 26 17 0 0 0 0 0 30 0 0 17 0 0 0 0 0 -999 
P15387 2088 5 0 17 0 22 0 0 23 0 0 0 21 0 0 0 30 0 25 20 29 25 0 0 0 0 0 0 7 0 22 0 0 
P15387 2088 6 0 7 0 8 0 0 0 0 0 23 0 0 0 0 0 0 0 0 0 0 0 0 0 14 14 0 0 0 0 0 -999 
P15387 2088 7 0 0 0 0 0 0 0 0 0 0 0 0 0 0 0 0 0 0 0 0 0 0 0 0 0 0 0 0 17 0 0 
P15387 2088 8 0 16 0 0 0 0 0 0 0 0 0 0 0 0 0 0 0 0 28 0 0 20 0 0 0 0 0 0 0 13 0 
P15387 2088 9 33 0 0 12 0 0 30 23 0 0 0 21 0 0 0 25 0 0 0 6 0 0 2 0 0 0 0 12 0 0 -999 
P15387 2088 10 0 0 0 0 0 0 0 20 0 0 0 0 24 14 0 0 0 0 0 0 0 17 0 0 25 0 0 34 0 0 0 
P15387 2088 11 0 0 0 0 0 0 0 5 0 0 19 21 0 0 0 41 20 0 29 15 4 8 0 1 0 2 0 0 0 0 -999 
P15387 2088 12 11 15 14 15 17 18 0 26 0 0 0 0 0 0 0 4 0 0 0 7 5 3 0 0 0 0 0 0 0 0 0 
P15387 2089 1 0 0 0 0 0 17 15 25 34 55 62 47 74 0 0 0 0 0 0 0 3 0 0 0 1 0 0 0 0 3 3 
P15387 2089 2 0 19 19 0 21 18 28 51 87 39 14 20 41 0 0 0 0 0 0 0 0 0 0 0 0 0 0 0 -999 -999 -999 
P15387 2089 3 0 0 0 27 16 0 0 9 0 0 11 7 17 35 40 36 32 32 25 8 0 0 0 10 0 48 31 0 18 25 45 
P15387 2089 4 67 64 30 0 3 0 0 0 26 0 0 0 0 0 7 0 9 9 14 0 46 44 0 22 36 50 0 20 14 0 -999 
P15387 2089 5 18 0 0 9 0 0 0 30 0 0 0 0 0 0 0 0 0 0 13 0 15 0 0 18 26 0 0 0 0 0 13 
P15387 2089 6 0 0 0 6 0 0 0 0 0 0 0 0 0 10 0 0 0 0 0 0 0 0 0 0 0 35 24 0 0 0 -999 
P15387 2089 7 0 12 0 0 0 12 0 0 0 0 0 0 0 0 0 30 0 0 0 0 0 0 0 7 0 0 0 0 0 0 0 
P15387 2089 8 0 0 0 0 0 0 0 0 31 0 0 0 11 0 0 0 21 0 0 0 13 0 0 0 0 0 0 17 7 0 0 
P15387 2089 9 0 0 0 0 0 0 0 0 0 2 0 0 0 0 0 0 0 15 0 0 0 0 9 0 0 0 0 0 0 0 -999 
P15387 2089 10 0 0 0 6 0 0 0 0 0 9 0 8 0 0 0 0 0 0 0 0 0 0 0 0 0 0 0 0 0 0 0 
P15387 2089 11 17 0 0 15 0 0 0 8 0 0 14 0 0 10 0 0 0 0 0 0 8 9 0 0 40 0 0 0 0 0 -999 
P15387 2089 12 49 46 0 22 0 26 30 48 42 28 41 0 0 1 0 0 0 0 0 20 14 0 0 0 0 0 0 0 0 0 0 
P15387 2090 1 0 0 0 10 18 0 0 0 16 21 0 10 18 26 0 0 0 4 0 0 0 0 0 0 0 7 0 0 0 2 0 
P15387 2090 2 0 0 0 0 0 20 0 14 5 11 0 19 0 0 0 0 14 0 0 7 7 0 0 0 24 0 40 0 -999 -999 -999 
P15387 2090 3 70 0 21 8 0 0 0 0 0 3 0 0 0 43 0 24 15 0 29 51 31 0 19 0 11 18 18 0 0 17 19 
P15387 2090 4 24 23 0 34 0 22 39 32 23 0 0 19 15 0 31 43 29 15 0 0 0 0 9 0 34 31 0 0 0 15 -999 
P15387 2090 5 14 0 0 0 0 0 0 0 9 0 0 0 0 22 37 0 29 0 21 0 0 0 0 0 25 0 36 0 30 0 41 
P15387 2090 6 0 26 0 0 0 0 0 0 0 12 0 0 0 0 0 28 0 0 0 0 0 0 0 40 38 0 0 0 0 0 -999 
P15387 2090 7 0 13 0 0 37 0 12 11 0 0 0 0 0 0 0 26 0 0 0 0 28 0 0 0 0 0 0 0 0 0 22 
P15387 2090 8 0 0 0 0 0 0 0 0 25 0 0 0 0 0 0 0 0 0 0 0 20 0 14 0 0 0 0 0 0 0 0 
P15387 2090 9 16 0 0 7 0 0 0 0 0 0 0 18 34 0 0 24 0 6 0 0 0 0 17 17 0 0 0 0 0 16 -999 
P15387 2090 10 0 21 0 19 34 46 34 0 15 0 28 0 0 17 22 34 0 0 0 11 0 0 0 0 0 0 25 0 44 34 29 
P15387 2090 11 30 0 0 9 9 0 28 8 7 27 0 0 17 0 33 0 0 0 0 0 0 3 0 0 0 0 33 11 0 0 -999 
P15387 2090 12 0 0 55 22 0 23 26 0 11 0 0 0 0 0 0 0 0 0 0 12 0 0 0 0 0 0 14 7 0 0 0 
P15387 2091 1 0 0 0 6 0 0 5 0 0 0 6 7 14 0 0 0 0 0 22 11 0 0 0 0 0 0 0 0 0 3 0 
P15387 2091 2 0 11 0 5 0 2 5 0 0 0 11 0 2 0 0 0 0 18 52 78 46 32 45 32 0 21 24 0 -999 -999 -999 
P15387 2091 3 0 0 8 7 0 0 38 10 0 0 2 4 0 0 0 19 14 0 18 21 7 9 10 0 0 0 0 0 0 0 10 
P15387 2091 4 12 0 0 0 0 0 22 0 21 18 17 20 0 0 0 18 23 34 0 36 25 0 0 0 0 2 0 5 0 0 -999 
P15387 2091 5 0 0 0 33 0 0 0 0 0 0 0 0 0 0 15 13 0 0 0 0 0 0 0 0 0 0 0 19 0 0 0 
P15387 2091 6 0 34 0 23 19 17 0 0 0 0 0 14 0 0 36 0 30 0 0 12 0 0 0 0 0 0 0 0 0 0 -999 
P15387 2091 7 11 0 0 0 35 0 29 41 0 0 0 6 0 0 0 0 0 0 0 0 0 0 0 0 0 0 0 0 0 0 0 
P15387 2091 8 11 0 0 0 0 0 0 0 0 0 0 0 16 0 28 0 0 45 0 0 0 0 0 0 0 0 6 0 0 0 0 
P15387 2091 9 0 0 0 0 0 0 0 0 0 4 7 16 25 0 10 0 0 0 0 0 0 0 0 0 0 0 0 0 0 0 -999 
P15387 2091 10 0 0 0 0 4 7 0 26 12 0 0 0 36 22 16 0 31 21 0 0 0 11 0 0 0 0 0 36 57 43 38 
P15387 2091 11 45 25 15 0 0 0 0 0 8 0 0 12 20 26 0 27 24 0 19 0 0 8 26 36 0 0 28 22 0 9 -999 
P15387 2091 12 27 46 14 5 0 0 0 0 0 0 0 0 13 0 0 0 0 0 0 0 0 0 0 11 0 0 0 0 19 0 0 
P15387 2092 1 0 0 0 0 0 0 7 7 2 0 3 16 23 6 0 0 17 32 23 70 39 40 18 0 29 22 24 0 34 0 28 
P15387 2092 2 26 24 41 0 0 33 61 0 20 0 35 20 0 24 42 28 28 36 25 21 0 10 0 17 0 5 0 20 -999 -999 -999 
P15387 2092 3 22 46 0 0 0 0 14 11 0 0 0 0 0 18 29 51 49 30 0 26 35 42 38 78 53 40 0 0 30 23 0 
P15387 2092 4 18 22 31 0 0 0 0 19 0 11 0 0 20 0 0 10 0 0 0 0 0 11 14 0 0 19 23 34 36 0 -999 
P15387 2092 5 0 0 0 0 0 0 0 0 29 19 10 0 0 0 0 0 0 33 16 0 0 10 0 0 0 5 0 0 0 0 0 
P15387 2092 6 0 0 0 0 0 0 0 15 0 0 0 0 0 21 0 0 0 0 0 0 16 0 0 0 16 0 0 0 0 0 -999 
P15387 2092 7 0 0 15 0 0 0 0 0 0 0 0 0 0 0 0 23 36 28 24 17 0 0 0 0 14 0 23 0 27 0 0 
P15387 2092 8 0 13 19 22 0 0 13 0 0 0 0 0 0 13 0 0 0 0 0 0 0 0 0 0 0 14 0 0 0 0 17 
P15387 2092 9 0 0 0 0 24 0 6 0 0 0 0 25 0 0 0 0 0 0 0 0 0 20 0 0 0 0 15 0 0 0 -999 
P15387 2092 10 25 10 0 0 0 0 0 0 0 0 0 0 23 0 0 7 0 8 0 34 23 0 0 0 13 0 5 0 0 0 0 
P15387 2092 11 0 0 0 28 0 0 0 0 13 0 22 28 62 61 0 0 13 0 0 0 0 9 0 34 0 33 8 0 0 7 -999 
P15387 2092 12 0 17 21 4 0 0 12 0 17 0 0 0 0 3 0 0 8 0 0 18 40 44 26 43 21 0 0 20 40 41 0 
P15387 2093 1 33 60 46 26 0 10 0 0 0 9 16 15 18 0 22 0 0 18 28 0 0 0 0 3 0 0 0 0 36 45 36 
P15387 2093 2 0 21 0 0 0 5 0 0 0 0 0 0 0 0 0 0 0 29 0 32 22 0 12 10 0 18 29 30 -999 -999 -999 
P15387 2093 3 0 0 0 0 0 15 0 9 0 0 0 42 0 13 0 6 0 0 11 0 0 0 0 8 5 16 0 24 0 15 0 
P15387 2093 4 0 0 0 0 0 0 13 0 0 0 0 7 0 12 0 44 22 0 21 0 40 41 26 22 35 38 0 32 34 30 -999 
P15387 2093 5 0 30 42 0 0 0 0 0 0 0 0 9 0 0 0 0 0 0 14 0 0 29 0 0 19 37 0 0 0 0 0 
P15387 2093 6 0 10 0 0 0 0 0 0 0 0 38 38 44 46 27 23 0 27 0 0 0 0 0 28 13 0 12 15 33 0 -999 
P15387 2093 7 0 0 0 0 12 0 30 0 0 0 0 29 35 0 0 0 0 18 26 32 33 0 21 0 22 0 0 0 0 0 0 
P15387 2093 8 0 0 0 0 0 0 0 37 0 0 0 0 0 0 0 0 0 0 0 0 13 0 0 0 0 0 0 0 0 19 0 
P15387 2093 9 0 0 0 0 0 26 0 0 0 0 0 0 0 17 23 19 0 0 0 0 0 0 0 0 0 0 12 0 0 0 -999 
P15387 2093 10 0 0 0 0 0 0 18 0 22 0 0 0 28 31 30 38 57 36 0 0 0 7 0 0 12 15 27 0 0 0 0 
P15387 2093 11 25 0 0 0 0 0 0 0 0 0 0 13 19 0 0 3 0 0 0 0 0 25 20 0 2 0 0 0 0 0 -999 
P15387 2093 12 0 0 0 1 0 0 0 0 0 0 0 0 0 11 1 1 0 4 0 0 0 0 0 0 0 0 0 0 0 0 0 
P15387 2094 1 0 0 0 10 6 0 0 0 0 0 0 0 0 0 3 7 12 18 27 44 37 59 58 67 61 0 31 56 0 0 0 
P15387 2094 2 20 19 0 48 0 0 0 4 0 3 0 0 0 0 0 0 0 0 0 0 0 0 0 0 0 3 0 0 -999 -999 -999 
P15387 2094 3 0 0 0 0 0 0 0 0 0 0 0 0 0 0 3 0 0 0 0 0 22 13 13 12 0 0 20 16 34 44 46 
P15387 2094 4 55 59 49 17 0 0 0 45 16 0 0 15 13 0 0 12 0 0 0 0 0 26 0 10 18 33 36 0 35 38 -999 
P15387 2094 5 33 0 0 0 11 7 0 0 8 0 14 0 0 0 0 0 0 0 0 0 5 0 0 0 0 13 0 0 0 0 4 
P15387 2094 6 9 0 0 0 24 0 0 0 0 0 0 0 34 0 0 0 23 0 0 9 9 0 0 0 40 21 0 12 0 0 -999 
P15387 2094 7 0 0 15 0 0 0 0 0 0 0 0 0 0 0 17 0 0 0 0 0 0 0 0 0 0 0 0 0 0 0 0 
P15387 2094 8 0 0 0 0 0 0 0 0 0 0 0 0 0 0 0 0 0 0 15 13 15 20 23 0 0 8 0 16 0 0 16 
P15387 2094 9 0 0 0 0 0 11 0 15 0 0 11 0 0 0 0 0 0 0 7 0 0 0 0 0 0 0 0 0 0 0 -999 
P15387 2094 10 0 9 0 0 10 0 0 16 0 0 9 19 0 0 20 0 21 18 0 0 27 0 23 38 0 22 26 24 0 0 0 
P15387 2094 11 14 0 0 0 0 0 0 0 0 18 24 0 0 45 28 11 0 0 17 0 0 0 0 40 0 0 0 0 0 29 -999 
P15387 2094 12 0 8 0 0 0 0 0 0 0 0 0 0 4 5 0 0 0 0 0 0 0 0 0 0 0 0 0 0 0 17 14 
P15387 2095 1 22 23 18 0 37 0 0 0 44 0 13 0 0 0 0 4 0 0 0 0 0 0 0 21 0 20 0 0 0 0 0 
P15387 2095 2 16 17 0 10 6 0 0 8 10 0 0 6 0 0 0 0 0 23 0 0 0 0 0 0 0 0 0 0 -999 -999 -999 
P15387 2095 3 0 0 0 0 1 0 0 15 11 0 0 0 0 10 19 0 0 0 0 3 0 13 0 0 5 0 14 0 24 0 0 
P15387 2095 4 28 43 69 0 23 0 0 0 5 0 0 20 0 19 29 27 25 0 28 22 28 51 0 24 0 0 0 0 7 0 -999 
P15387 2095 5 0 0 0 0 0 0 0 0 0 29 0 0 0 0 0 0 0 0 0 0 0 0 0 0 0 0 0 0 13 0 0 
P15387 2095 6 18 0 0 0 0 0 55 38 0 0 0 0 0 0 0 0 0 0 0 0 38 0 0 0 0 0 0 0 0 0 -999 
P15387 2095 7 48 30 14 0 0 0 0 0 0 0 38 0 0 0 24 29 0 0 0 0 23 0 0 0 0 0 0 0 0 0 0 
P15387 2095 8 0 18 0 25 0 0 35 0 0 29 0 22 0 0 0 0 0 0 0 0 0 0 0 0 0 0 0 0 0 0 0 
P15387 2095 9 0 0 5 0 0 0 0 3 0 0 0 0 13 0 0 18 0 0 0 0 0 7 12 0 0 0 0 0 0 0 -999 
P15387 2095 10 0 7 0 0 0 12 0 0 15 11 0 0 29 0 0 28 0 29 0 0 8 0 0 10 0 0 0 0 0 0 0 
P15387 2095 11 0 0 0 0 0 0 0 14 14 15 0 0 0 0 13 20 32 15 0 0 0 57 41 61 0 14 0 4 0 0 -999 
P15387 2095 12 0 2 0 6 0 9 0 30 53 35 0 0 4 0 0 22 0 5 0 13 14 10 0 0 29 90 51 24 11 0 0 
P15387 2096 1 51 0 3 9 26 0 0 19 0 31 29 0 0 0 0 0 0 0 1 0 0 0 0 1 0 1 0 0 0 0 12 
P15387 2096 2 0 14 0 0 9 0 3 0 3 4 0 1 2 5 14 18 0 0 0 0 0 0 0 2 0 0 0 0 -999 -999 -999 
P15387 2096 3 10 0 0 0 0 0 0 8 0 0 0 0 0 0 0 0 0 0 0 10 22 50 71 23 8 0 16 0 33 26 0 
P15387 2096 4 0 7 0 0 0 3 0 0 3 0 0 0 13 24 29 0 24 0 0 0 0 0 0 10 0 18 0 0 0 0 -999 
P15387 2096 5 0 23 28 25 0 21 0 0 0 0 3 0 0 0 0 0 12 0 0 6 10 11 0 0 0 21 23 21 18 0 0 
P15387 2096 6 0 0 27 18 26 0 33 0 0 0 0 0 0 10 0 28 0 0 0 0 0 0 16 0 0 14 0 0 0 0 -999 
P15387 2096 7 0 0 34 29 0 8 0 0 0 0 0 0 0 0 0 0 0 0 0 0 0 0 0 0 0 0 25 0 0 0 0 
P15387 2096 8 0 0 0 0 0 19 0 0 0 0 0 0 0 0 0 0 0 0 0 0 0 0 0 0 0 0 0 0 29 0 0 
P15387 2096 9 0 7 0 0 0 13 0 0 0 0 17 0 0 0 0 0 0 0 0 0 0 15 0 0 0 0 0 4 0 0 -999 
P15387 2096 10 23 33 18 11 0 21 0 0 0 0 20 0 0 4 0 0 10 0 52 0 25 29 33 12 0 0 0 0 0 0 0 
P15387 2096 11 0 0 0 0 0 0 0 0 0 0 7 0 0 0 16 9 0 0 0 0 0 2 0 5 0 0 0 0 2 0 -999 
P15387 2096 12 2 2 0 0 0 0 0 0 0 0 0 13 0 0 0 0 0 32 2 0 0 7 13 0 0 0 0 0 0 9 0 
P15387 2097 1 0 20 15 10 0 0 0 0 0 4 0 8 0 0 0 0 0 0 0 0 14 0 0 9 28 31 19 0 0 26 0 
P15387 2097 2 0 0 0 25 27 22 0 0 0 0 0 0 4 0 8 0 0 0 0 8 0 0 0 8 0 15 0 0 -999 -999 -999 
P15387 2097 3 0 26 59 39 18 0 46 14 11 0 0 0 0 0 0 0 0 0 0 0 0 0 0 0 22 0 0 10 34 19 0 
P15387 2097 4 0 0 0 9 11 0 21 0 0 42 34 0 0 28 23 0 0 0 0 29 27 0 10 30 32 12 0 9 0 5 -999 
P15387 2097 5 0 6 0 0 0 0 0 0 0 17 0 0 0 0 0 23 42 37 0 33 0 0 34 0 0 0 0 0 0 0 0 
P15387 2097 6 0 0 0 0 0 0 0 18 0 0 0 0 0 0 0 0 0 17 0 0 0 21 0 23 23 16 0 15 0 0 -999 
P15387 2097 7 0 0 0 0 0 0 0 0 0 0 0 0 28 0 0 0 0 0 0 0 0 0 0 0 18 0 0 0 13 12 0 
P15387 2097 8 0 0 0 14 0 0 0 0 0 0 0 0 14 0 0 0 0 0 0 0 0 14 0 0 0 18 0 18 0 21 0 
P15387 2097 9 0 0 0 0 0 0 18 15 0 0 29 0 0 0 0 0 0 0 0 0 0 0 0 0 0 0 0 0 0 0 -999 
P15387 2097 10 0 0 0 0 7 10 17 6 9 0 0 0 0 14 34 40 0 73 0 0 0 20 20 0 0 0 0 0 0 0 0 
P15387 2097 11 0 0 0 0 0 0 0 0 0 0 0 0 0 4 5 17 0 0 0 0 0 0 0 0 5 0 14 0 0 18 -999 
P15387 2097 12 29 15 0 0 0 2 0 0 0 0 0 0 0 0 0 0 0 0 0 0 0 0 0 0 0 0 0 9 9 0 12 
P15387 2098 1 26 9 9 0 0 23 0 0 0 0 0 0 18 0 12 0 0 0 0 16 25 20 0 18 0 0 6 0 0 0 0 
P15387 2098 2 4 0 0 3 0 0 0 7 0 0 0 20 0 0 12 9 0 0 22 13 17 16 0 20 0 0 11 0 -999 -999 -999 
P15387 2098 3 0 0 21 13 0 0 29 12 0 0 0 0 0 0 7 12 0 14 0 0 0 0 0 0 0 0 22 22 0 0 8 
P15387 2098 4 16 0 0 24 0 0 29 0 14 0 5 0 26 26 7 0 0 0 2 0 0 24 52 0 0 0 0 0 7 0 -999 
P15387 2098 5 0 0 0 0 46 45 42 31 0 32 37 0 28 0 21 0 0 15 0 15 23 22 16 0 38 30 0 0 0 0 13 
P15387 2098 6 0 0 3 0 10 0 15 0 0 18 16 26 0 21 0 0 0 0 8 0 0 6 0 12 0 0 0 0 15 0 -999 
P15387 2098 7 0 0 0 0 12 15 0 0 0 38 0 26 0 0 18 0 0 0 0 0 0 0 0 21 0 0 0 0 0 0 0 
P15387 2098 8 0 0 0 0 0 0 0 0 0 9 0 0 16 0 0 0 0 0 0 21 0 22 0 0 0 9 0 0 0 0 0 
P15387 2098 9 19 0 0 0 0 0 0 0 0 16 0 0 0 0 0 19 16 0 0 20 0 0 0 0 0 0 0 0 0 0 -999 
P15387 2098 10 0 0 0 0 0 0 0 0 0 6 0 0 0 13 0 0 0 0 0 0 0 0 0 0 0 20 28 28 10 0 29 
P15387 2098 11 13 0 0 5 0 0 0 9 0 0 0 0 24 34 20 11 0 0 27 33 0 0 0 13 0 0 0 3 2 0 -999 
P15387 2098 12 0 0 0 0 0 0 0 0 0 0 0 0 0 0 0 0 0 0 0 15 13 0 0 0 18 13 10 9 13 0 0 
P15387 2099 1 0 0 0 0 0 2 0 0 0 0 18 0 0 29 0 0 0 0 0 0 0 0 28 29 0 0 14 0 0 0 0 
P15387 2099 2 0 0 0 0 14 3 0 0 0 0 0 0 0 0 0 3 0 0 0 6 0 12 33 50 37 0 0 10 -999 -999 -999 
P15387 2099 3 0 28 32 43 15 14 11 12 0 9 0 0 13 25 33 35 38 35 59 0 34 16 0 18 15 14 21 0 11 14 22 
P15387 2099 4 26 21 0 0 7 7 0 0 4 3 0 5 0 11 0 0 0 0 0 0 0 14 17 0 0 0 0 28 0 0 -999 
P15387 2099 5 0 31 0 0 0 0 15 0 16 32 9 0 6 0 0 0 44 0 12 17 28 13 24 0 21 0 0 0 20 0 0 
P15387 2099 6 0 0 0 0 0 0 0 13 0 14 0 14 0 0 0 0 0 0 0 0 0 0 0 0 16 0 10 0 0 0 -999 
P15387 2099 7 11 0 0 0 0 17 0 0 0 18 21 27 0 25 0 18 0 0 19 0 24 24 0 0 0 0 0 0 0 0 0 
P15387 2099 8 0 26 0 0 13 0 0 0 0 0 29 34 0 0 0 0 0 0 0 0 15 0 0 0 0 0 0 0 0 0 0 
P15387 2099 9 0 11 0 0 0 0 0 0 13 0 26 0 0 0 8 0 0 0 0 0 0 0 0 0 9 14 0 0 4 0 -999 
P15387 2099 10 0 0 0 0 0 0 8 0 22 23 33 0 26 0 0 0 4 3 0 0 0 0 0 0 20 38 31 19 15 8 0 
P15387 2099 11 0 0 20 0 0 0 0 0 0 0 0 0 0 0 0 21 0 11 0 0 10 0 9 14 13 13 42 42 37 18 -999 
P15387 2099 12 0 7 0 10 0 42 0 0 0 0 0 0 0 0 0 0 0 0 0 5 0 0 0 0 33 51 83 55 0 31 12 
P15387 2100 1 13 0 5 8 17 14 0 0 0 0 22 56 64 37 0 16 0 0 0 0 0 4 8 11 0 0 0 0 0 0 0 
P15387 2100 2 12 0 0 0 0 0 0 0 12 0 0 0 0 0 0 14 23 39 0 0 0 20 13 0 0 0 0 0 -999 -999 -999 
P15387 2100 3 0 14 17 18 0 0 0 0 12 21 32 28 43 0 17 10 0 0 0 21 0 0 0 0 0 0 0 35 32 38 0 
P15387 2100 4 0 25 29 24 14 0 0 0 5 11 0 44 42 0 22 29 0 23 30 0 15 0 0 0 0 0 0 0 13 0 -999 
P15387 2100 5 0 0 22 0 0 0 28 13 0 0 0 0 11 0 10 11 0 22 18 0 0 16 0 39 0 28 16 19 0 0 0 
P15387 2100 6 0 14 14 0 16 0 0 8 0 0 0 0 0 26 0 0 0 0 0 0 15 0 0 0 21 0 0 0 0 9 -999 
P15387 2100 7 0 0 0 10 0 0 0 0 0 0 11 18 0 0 26 0 0 11 0 0 17 15 0 0 0 0 28 0 0 0 23 
P15387 2100 8 0 19 15 0 0 0 0 0 0 0 0 0 0 18 0 0 0 0 0 0 0 0 0 0 0 23 18 0 10 0 0 
P15387 2100 9 0 0 0 0 0 0 0 0 0 0 0 0 0 0 10 0 0 0 0 0 0 17 0 12 0 15 0 0 0 0 -999 
P15387 2100 10 0 0 0 0 14 0 0 28 0 0 0 44 0 39 27 17 0 0 25 0 0 0 53 0 0 0 0 0 17 17 0 
P15387 2100 11 0 0 0 0 0 37 34 18 20 40 11 0 34 0 41 38 0 32 30 21 20 23 50 38 0 0 0 0 0 0 -999 
P15387 2100 12 0 0 0 0 9 0 0 2 0 0 0 0 0 2 0 0 0 0 0 1 0 0 0 0 0 0 0 0 0 2 0 
