precip	MIROC5	RCP60	REGRESION	decimas	1
P1871	37.586	-4.235	182	geo	2006	2100	-1
P1871 2006 1 0 0 8 5 8 13 6 0 0 0 17 102 188 81 46 130 106 111 99 0 9 9 31 16 14 0 0 0 0 0 0 
P1871 2006 2 0 52 27 10 0 0 0 0 0 0 0 22 41 59 56 0 0 0 0 0 0 19 18 13 0 0 0 0 -999 -999 -999 
P1871 2006 3 0 77 89 136 133 123 115 120 77 0 65 0 30 27 29 56 113 166 114 0 75 0 0 27 34 39 35 0 80 51 104 
P1871 2006 4 35 39 40 0 23 18 0 78 0 0 0 0 0 0 0 0 15 0 0 0 0 0 0 0 0 0 53 61 53 0 -999 
P1871 2006 5 32 35 0 39 37 62 0 0 6 0 0 0 0 0 0 0 0 17 0 29 10 0 9 10 0 0 0 0 0 0 0 
P1871 2006 6 0 0 0 0 0 0 0 12 0 0 0 0 0 0 0 0 0 0 0 0 0 0 0 0 0 11 0 0 0 0 -999 
P1871 2006 7 0 0 0 0 0 0 0 0 0 0 0 0 10 0 0 0 0 0 0 0 0 0 0 0 0 0 0 0 0 0 0 
P1871 2006 8 0 0 0 0 0 0 0 0 0 0 0 0 0 0 0 0 0 0 0 0 0 0 0 0 0 0 0 0 0 12 0 
P1871 2006 9 12 0 0 0 0 0 0 0 17 0 0 0 9 0 0 0 0 0 0 0 0 0 0 0 0 8 7 0 0 0 -999 
P1871 2006 10 4 0 0 0 0 0 0 0 13 30 30 0 0 23 0 20 10 0 10 0 0 16 0 0 0 0 10 0 21 11 7 
P1871 2006 11 0 0 0 0 0 0 0 0 0 0 0 0 0 0 0 0 0 5 0 11 27 26 35 0 28 7 3 0 0 0 -999 
P1871 2006 12 0 0 0 0 0 0 30 53 33 29 22 21 42 27 54 103 40 0 5 0 16 37 98 72 56 58 0 0 22 0 0 
P1871 2007 1 0 0 0 0 0 0 0 0 0 0 2 0 0 0 0 0 0 0 0 0 14 0 0 14 0 0 18 39 32 27 23 
P1871 2007 2 15 0 30 41 19 0 34 93 217 191 0 39 0 0 0 8 21 54 37 0 30 0 38 0 17 0 0 0 -999 -999 -999 
P1871 2007 3 23 42 24 39 56 0 21 18 14 0 0 64 71 78 0 16 0 17 0 0 0 25 6 0 7 11 13 0 0 0 0 
P1871 2007 4 1 0 0 0 0 26 9 0 3 0 0 0 52 24 0 0 0 40 47 36 48 40 39 55 0 0 0 0 0 0 -999 
P1871 2007 5 0 0 0 0 0 0 0 0 0 0 0 0 30 38 26 19 0 0 0 26 0 0 0 0 0 0 0 0 0 0 0 
P1871 2007 6 0 0 19 23 0 0 0 0 0 0 0 0 0 0 0 10 0 0 0 0 0 15 0 17 0 0 0 0 0 19 -999 
P1871 2007 7 0 0 0 0 0 0 0 0 0 26 0 0 0 0 0 0 0 0 0 17 0 15 0 0 0 0 0 0 0 0 0 
P1871 2007 8 0 0 0 0 0 0 0 0 0 0 0 0 0 17 0 0 0 0 0 0 0 9 0 0 0 0 23 0 0 0 0 
P1871 2007 9 0 0 0 0 0 0 0 0 0 0 0 0 0 0 0 0 0 0 0 0 0 0 0 0 0 0 0 0 0 3 -999 
P1871 2007 10 0 0 0 0 11 9 0 0 0 0 20 0 0 56 20 0 0 31 0 0 0 0 44 50 22 0 0 23 8 0 0 
P1871 2007 11 0 0 18 0 0 12 7 7 0 0 0 0 12 0 16 4 0 0 0 0 0 0 0 12 5 0 19 21 21 0 -999 
P1871 2007 12 0 0 15 20 0 0 26 0 0 0 0 0 0 0 6 9 0 31 0 0 0 9 12 0 0 0 11 22 3 8 0 
P1871 2008 1 0 0 25 0 25 2 0 0 0 5 7 0 0 23 54 44 0 0 25 33 0 0 55 26 0 84 124 88 0 64 78 
P1871 2008 2 154 51 73 46 0 45 42 80 20 33 77 40 16 16 0 0 0 55 46 0 21 18 0 24 34 33 0 0 -999 -999 -999 
P1871 2008 3 0 0 0 11 0 0 2 0 0 5 0 10 0 0 0 0 0 0 0 0 0 0 0 0 0 0 0 0 0 0 0 
P1871 2008 4 0 5 13 22 0 6 0 2 0 0 0 0 0 0 0 0 41 26 0 0 9 0 0 0 0 0 0 0 0 0 -999 
P1871 2008 5 0 14 0 10 20 0 7 10 0 0 47 0 0 39 0 0 0 13 0 42 0 0 56 26 13 0 0 11 0 0 0 
P1871 2008 6 13 0 0 0 0 18 0 0 0 0 0 0 18 42 0 8 5 0 0 0 6 0 6 0 0 0 0 0 0 0 -999 
P1871 2008 7 0 0 0 0 0 0 0 0 0 0 0 0 0 0 0 0 0 0 0 0 0 0 0 0 0 0 0 0 0 0 0 
P1871 2008 8 0 0 0 0 0 0 0 0 0 0 15 0 0 0 0 0 0 0 0 0 0 0 0 0 8 0 24 0 0 0 0 
P1871 2008 9 7 0 0 0 0 0 6 0 0 0 0 0 0 0 0 0 0 7 0 0 0 0 0 0 0 0 0 0 35 36 -999 
P1871 2008 10 0 20 0 0 0 0 0 0 0 0 25 0 0 22 0 0 0 0 0 10 0 0 0 0 0 35 52 35 32 0 12 
P1871 2008 11 0 6 39 0 0 0 0 0 0 8 0 0 0 0 0 0 0 0 0 0 0 0 0 0 0 0 0 3 0 0 -999 
P1871 2008 12 0 2 0 0 0 4 0 0 8 35 0 0 0 32 0 4 11 0 0 2 3 0 0 7 0 0 0 26 0 0 0 
P1871 2009 1 0 1 0 0 6 0 0 4 0 0 0 0 0 18 25 0 2 1 0 0 0 3 0 0 0 1 0 0 5 0 0 
P1871 2009 2 0 0 12 19 0 0 8 0 2 0 11 0 9 5 0 0 1 0 0 0 3 0 4 0 0 7 0 44 -999 -999 -999 
P1871 2009 3 69 82 81 0 0 0 16 53 91 42 0 20 0 17 38 33 72 0 37 27 0 0 0 29 26 71 66 97 103 73 37 
P1871 2009 4 33 0 51 23 34 76 24 18 13 10 0 26 0 38 32 0 0 0 12 0 0 14 0 0 0 0 9 0 0 52 -999 
P1871 2009 5 38 46 29 0 0 0 0 22 33 56 58 0 0 0 0 0 0 0 0 0 0 36 0 22 18 0 0 9 0 0 0 
P1871 2009 6 0 0 0 0 0 0 23 0 0 0 0 0 5 0 0 23 0 0 0 0 0 0 0 0 0 0 0 0 0 0 -999 
P1871 2009 7 0 0 0 0 0 0 0 0 0 0 0 0 0 0 0 0 0 0 0 0 0 13 0 0 0 0 0 0 0 0 0 
P1871 2009 8 0 0 0 0 0 0 0 0 0 0 0 10 0 11 0 0 0 0 0 0 0 0 0 0 0 0 0 0 21 0 0 
P1871 2009 9 0 19 0 0 0 0 0 0 0 0 0 0 0 0 0 0 0 0 0 0 0 0 0 0 10 0 0 0 0 0 -999 
P1871 2009 10 7 0 0 0 0 0 0 0 0 0 0 22 18 20 19 27 28 0 0 22 22 10 0 42 20 0 0 0 0 0 0 
P1871 2009 11 0 0 0 0 0 0 0 0 0 0 0 0 4 7 0 0 0 10 12 0 0 0 41 50 0 0 10 0 16 25 -999 
P1871 2009 12 21 22 41 25 0 79 125 38 34 90 0 16 17 0 0 0 0 0 23 0 9 0 13 0 0 24 0 44 23 0 0 
P1871 2010 1 0 0 0 92 72 0 0 0 19 17 0 0 10 0 0 0 0 16 0 0 0 0 0 0 0 0 0 0 0 0 0 
P1871 2010 2 13 13 0 0 0 33 0 0 7 0 0 0 0 0 0 0 0 0 0 0 0 0 5 0 4 0 0 0 -999 -999 -999 
P1871 2010 3 0 0 0 8 20 32 0 38 55 51 24 19 0 15 11 9 12 26 51 0 0 0 0 0 0 0 0 0 0 3 7 
P1871 2010 4 0 0 46 0 0 0 0 0 36 0 0 41 35 0 73 71 0 0 0 26 0 0 0 0 52 0 9 12 41 0 -999 
P1871 2010 5 0 13 28 38 37 0 7 0 0 0 0 20 0 0 0 43 0 0 0 4 0 0 15 17 25 0 50 25 0 20 0 
P1871 2010 6 0 35 0 0 0 0 0 0 0 0 4 0 0 0 0 0 15 0 0 0 6 0 0 11 0 0 0 0 0 16 -999 
P1871 2010 7 0 28 14 0 0 0 0 0 0 0 16 0 0 0 10 0 0 0 0 0 0 0 0 0 0 0 0 0 0 0 0 
P1871 2010 8 0 0 0 0 7 0 0 0 0 0 0 0 0 0 0 0 0 0 0 7 0 0 0 0 0 0 0 0 10 0 0 
P1871 2010 9 0 12 0 0 0 0 0 0 20 0 0 0 0 21 25 0 8 15 0 0 0 0 0 0 0 17 0 0 0 0 -999 
P1871 2010 10 0 0 0 0 0 0 16 0 32 0 55 26 40 0 22 16 7 0 0 0 28 38 0 9 0 0 0 0 13 19 0 
P1871 2010 11 15 0 0 0 0 0 0 0 0 0 0 0 2 0 0 0 10 0 0 0 0 0 0 0 3 0 3 0 0 0 -999 
P1871 2010 12 0 4 5 14 15 16 22 11 0 14 0 17 36 52 0 3 5 0 0 0 0 0 0 0 0 0 0 0 0 0 0 
P1871 2011 1 0 0 0 6 10 8 0 0 0 0 0 0 4 0 10 0 0 1 1 0 0 24 57 0 17 0 0 0 2 0 0 
P1871 2011 2 0 0 0 0 0 0 12 0 0 0 0 0 0 0 13 0 0 0 7 0 0 0 26 0 7 0 15 33 -999 -999 -999 
P1871 2011 3 0 31 0 4 8 0 9 0 0 18 23 0 25 0 54 126 229 57 36 44 36 0 65 166 0 18 0 60 19 0 0 
P1871 2011 4 0 0 0 0 0 0 0 18 0 22 0 24 32 0 9 11 29 0 0 33 0 0 0 0 0 0 0 0 0 3 -999 
P1871 2011 5 7 0 12 7 9 0 0 0 0 0 0 0 0 0 13 0 0 0 0 0 0 0 0 0 0 0 0 0 0 0 0 
P1871 2011 6 0 14 0 8 0 0 0 0 0 0 0 0 0 0 0 0 0 0 0 0 0 0 0 0 18 18 0 20 0 0 -999 
P1871 2011 7 0 0 0 0 0 0 0 0 0 0 0 0 0 0 0 0 0 0 0 0 0 0 0 0 0 0 0 0 0 0 0 
P1871 2011 8 0 0 0 0 5 0 0 0 0 0 0 0 0 0 0 0 5 0 0 0 0 0 3 0 0 0 0 12 0 0 0 
P1871 2011 9 0 0 0 10 17 9 0 0 0 52 22 0 0 0 0 0 0 0 0 0 0 0 0 0 0 0 0 0 0 0 -999 
P1871 2011 10 0 0 0 0 0 0 5 0 7 0 0 0 18 0 0 0 0 0 0 0 16 0 0 0 17 0 9 0 30 43 0 
P1871 2011 11 0 0 14 36 84 70 0 0 0 0 12 8 0 0 5 0 0 27 0 0 11 70 0 0 0 0 0 25 0 0 -999 
P1871 2011 12 0 0 34 0 0 10 0 0 0 0 13 28 15 7 10 40 57 0 0 68 102 40 64 0 21 0 0 0 18 26 0 
P1871 2012 1 100 45 0 0 2 0 0 0 0 0 0 2 0 0 0 0 0 4 4 13 13 6 1 0 0 2 5 0 19 44 13 
P1871 2012 2 11 0 56 33 0 10 0 0 0 0 0 0 0 0 0 0 0 0 38 48 0 14 0 6 17 6 0 0 -999 -999 -999 
P1871 2012 3 39 97 51 32 27 0 17 6 0 0 2 0 0 17 0 0 31 0 0 25 24 0 0 12 0 6 0 0 0 0 0 
P1871 2012 4 3 0 0 0 0 0 43 36 11 0 0 0 24 86 75 0 0 39 21 19 18 0 0 37 65 0 66 53 0 0 -999 
P1871 2012 5 0 0 0 21 0 0 0 18 27 18 0 0 33 0 37 0 0 0 0 16 11 19 0 0 0 34 31 0 0 0 0 
P1871 2012 6 4 0 0 0 0 0 0 0 0 0 21 24 0 0 0 0 0 5 0 21 22 12 0 0 0 0 0 0 0 0 -999 
P1871 2012 7 0 0 0 0 0 0 0 0 0 0 0 0 22 0 0 0 0 21 0 14 0 0 0 19 0 0 0 0 0 0 0 
P1871 2012 8 0 0 0 0 0 12 0 0 0 0 0 0 0 0 0 9 0 0 0 0 0 5 0 0 0 0 0 0 0 0 0 
P1871 2012 9 0 0 0 0 0 0 0 0 0 0 2 0 0 0 0 0 0 0 0 0 0 5 6 0 0 0 0 0 0 15 -999 
P1871 2012 10 0 0 0 0 0 0 0 10 20 0 43 25 7 0 22 28 20 0 0 0 0 31 31 0 0 0 0 0 0 40 41 
P1871 2012 11 31 76 57 18 13 17 0 0 0 0 0 0 0 0 0 0 0 33 62 42 14 0 0 0 0 12 0 22 38 0 -999 
P1871 2012 12 0 0 11 13 13 0 64 68 0 0 0 6 0 108 0 0 64 0 19 17 0 25 0 14 18 0 0 0 0 23 79 
P1871 2013 1 53 0 27 79 0 12 16 18 0 0 0 0 0 0 0 0 0 2 0 2 1 0 0 2 1 0 3 0 0 24 0 
P1871 2013 2 2 0 0 0 0 0 0 0 0 0 4 0 21 88 0 20 23 0 91 0 0 62 61 128 38 15 2 0 -999 -999 -999 
P1871 2013 3 0 0 0 0 0 7 0 0 37 46 114 119 0 31 0 0 0 37 0 30 16 34 59 17 18 0 0 0 0 59 96 
P1871 2013 4 42 12 0 17 33 25 45 13 0 5 0 0 0 0 0 0 0 0 11 0 45 26 0 0 0 20 0 0 0 0 -999 
P1871 2013 5 0 8 0 0 0 0 0 0 0 46 55 0 0 0 0 0 0 32 28 0 0 0 0 0 0 7 0 0 0 0 0 
P1871 2013 6 0 26 0 0 0 0 0 32 0 51 45 0 0 0 17 0 0 0 0 0 10 0 0 11 0 16 0 20 0 0 -999 
P1871 2013 7 0 15 0 0 17 25 0 0 0 0 0 0 0 0 0 0 0 0 0 0 0 0 0 0 0 0 0 0 0 0 0 
P1871 2013 8 0 0 0 0 0 22 20 0 22 0 0 0 0 0 0 0 0 0 0 7 0 0 0 0 0 0 0 0 28 0 0 
P1871 2013 9 26 0 0 0 0 0 0 0 0 0 8 0 9 3 0 0 0 0 0 0 0 0 0 0 0 0 4 0 0 0 -999 
P1871 2013 10 0 0 0 0 1 0 0 0 5 0 0 0 0 0 0 14 34 33 0 0 0 0 0 0 0 0 0 8 0 0 0 
P1871 2013 11 0 0 0 0 0 0 0 0 15 13 23 15 0 10 0 0 0 148 226 123 81 125 178 115 33 56 76 42 12 19 -999 
P1871 2013 12 22 60 32 35 0 0 8 0 0 6 0 7 0 0 0 0 6 2 0 5 0 6 7 19 0 0 0 23 40 0 0 
P1871 2014 1 15 0 0 11 26 0 0 0 16 0 0 17 0 0 40 0 0 0 0 0 0 0 0 0 0 19 0 51 0 141 0 
P1871 2014 2 25 46 25 0 37 0 39 0 48 86 11 13 22 0 0 0 0 0 23 0 12 0 8 0 0 3 8 28 -999 -999 -999 
P1871 2014 3 0 0 0 0 6 0 0 0 2 0 4 0 40 34 64 79 74 69 116 0 53 0 0 11 0 0 0 9 0 8 26 
P1871 2014 4 30 0 37 44 73 56 24 21 28 0 36 0 37 32 61 0 75 24 34 0 0 0 15 0 47 0 15 26 22 0 -999 
P1871 2014 5 47 0 14 0 0 0 7 0 0 0 0 0 0 0 0 0 27 0 0 0 0 56 39 39 19 0 0 0 0 0 44 
P1871 2014 6 18 0 30 62 57 30 28 0 0 0 0 7 0 0 0 0 7 0 0 0 0 0 0 23 0 0 0 0 0 0 -999 
P1871 2014 7 0 0 0 0 0 0 0 0 0 0 0 0 0 0 0 0 0 0 0 9 0 0 0 0 0 0 0 0 0 0 0 
P1871 2014 8 0 0 0 0 14 0 0 0 0 0 0 0 0 0 0 0 0 0 0 0 0 0 0 0 0 0 0 0 0 0 0 
P1871 2014 9 15 0 5 0 0 0 0 13 0 0 0 0 0 0 0 0 48 0 0 0 0 0 0 0 0 0 0 9 9 0 -999 
P1871 2014 10 0 0 0 10 0 0 0 0 0 0 0 22 0 10 0 7 0 0 0 42 0 0 0 0 38 56 0 0 13 0 7 
P1871 2014 11 3 0 0 0 0 0 0 0 0 10 0 0 0 0 0 0 9 0 31 61 0 166 73 48 34 0 0 0 0 0 -999 
P1871 2014 12 0 0 0 0 0 3 5 4 5 5 6 4 1 0 0 0 0 0 0 0 0 3 0 0 4 4 0 8 0 22 45 
P1871 2015 1 0 0 0 47 80 45 41 38 0 0 0 0 0 0 0 0 1 0 0 0 0 3 0 4 0 0 0 0 40 18 0 
P1871 2015 2 0 0 0 0 0 0 0 0 0 0 0 5 0 0 0 0 0 0 0 0 0 0 0 26 64 102 88 51 -999 -999 -999 
P1871 2015 3 32 45 50 61 44 0 18 24 0 0 0 10 0 37 0 8 0 6 0 0 0 0 25 41 18 11 0 0 0 6 0 
P1871 2015 4 0 21 0 0 0 0 0 16 10 0 0 0 0 0 6 15 42 14 16 8 0 0 0 0 0 0 0 34 65 77 -999 
P1871 2015 5 88 80 0 0 14 0 0 0 0 0 0 7 0 0 0 0 0 0 0 0 0 0 0 0 0 0 0 70 76 33 0 
P1871 2015 6 9 0 0 0 0 0 36 0 0 0 0 8 5 0 0 38 10 0 0 0 0 0 0 0 0 0 0 0 0 0 -999 
P1871 2015 7 0 17 0 0 22 0 0 0 0 0 0 0 0 0 0 0 0 0 0 0 0 0 0 0 0 0 0 0 0 0 0 
P1871 2015 8 0 0 0 0 0 0 0 0 0 0 0 0 0 0 0 0 0 0 0 0 0 0 0 0 0 0 0 0 0 0 0 
P1871 2015 9 8 0 9 0 0 24 16 6 0 0 0 0 0 0 0 0 0 0 0 0 0 8 0 0 23 0 55 0 0 0 -999 
P1871 2015 10 36 23 0 8 0 0 29 39 29 0 0 0 0 0 0 0 0 0 0 16 0 14 0 0 0 18 0 0 0 3 5 
P1871 2015 11 0 0 0 0 14 0 0 0 0 0 0 18 0 84 93 17 0 8 0 0 52 35 0 0 0 5 0 5 0 23 -999 
P1871 2015 12 44 61 40 35 43 34 117 133 80 111 53 64 97 0 0 21 0 0 0 0 0 0 0 0 0 0 0 0 0 2 0 
P1871 2016 1 0 0 0 5 0 0 0 0 0 0 25 63 0 95 0 0 0 31 0 0 0 0 11 0 0 24 41 34 0 0 0 
P1871 2016 2 0 0 0 38 14 8 0 0 12 15 18 14 13 13 12 0 35 0 0 0 0 0 14 13 0 0 0 16 -999 -999 -999 
P1871 2016 3 13 25 36 0 30 40 44 41 119 105 139 153 84 47 66 0 0 0 0 11 0 32 36 0 0 0 43 94 72 0 79 
P1871 2016 4 12 0 3 0 10 0 0 0 25 55 0 113 0 0 64 31 31 0 0 0 18 7 0 0 0 40 50 0 78 0 -999 
P1871 2016 5 0 0 0 0 16 0 0 6 0 0 0 0 0 18 22 33 39 28 0 0 0 6 0 0 8 0 0 22 47 36 29 
P1871 2016 6 25 0 0 0 0 0 0 0 0 0 0 0 0 0 19 19 0 0 12 0 0 0 0 0 0 0 0 0 0 0 -999 
P1871 2016 7 0 0 0 0 0 0 0 0 0 0 0 0 0 0 0 0 0 0 0 0 0 15 0 0 0 0 0 0 0 0 0 
P1871 2016 8 0 14 0 0 0 0 0 0 0 0 0 0 0 0 0 0 0 0 0 0 0 0 0 0 20 0 0 0 0 15 0 
P1871 2016 9 0 0 0 0 0 0 0 0 10 0 0 0 0 0 0 0 0 0 0 0 0 0 0 0 0 0 0 0 25 26 -999 
P1871 2016 10 0 0 0 0 0 0 0 13 0 0 0 20 0 0 13 0 74 73 0 72 0 62 0 0 0 0 11 0 0 0 0 
P1871 2016 11 0 16 13 0 0 7 0 41 0 10 8 0 19 0 0 49 0 88 58 76 78 28 29 45 96 0 18 0 19 44 -999 
P1871 2016 12 0 11 0 0 6 0 14 11 0 0 31 56 86 36 15 0 0 21 29 0 18 38 0 23 25 15 13 0 23 21 0 
P1871 2017 1 38 0 0 0 0 0 0 0 0 0 9 0 26 70 68 0 13 0 0 0 0 0 0 0 0 0 0 0 0 0 0 
P1871 2017 2 0 0 0 0 0 0 0 0 0 0 0 0 0 0 0 0 6 6 0 0 0 0 0 0 0 0 11 11 -999 -999 -999 
P1871 2017 3 0 8 0 0 5 0 0 0 36 42 0 0 58 65 42 9 10 10 13 0 0 10 20 47 69 76 59 62 59 25 14 
P1871 2017 4 14 12 9 0 0 0 0 20 26 56 14 0 0 9 8 8 0 9 8 3 0 6 0 0 26 23 24 0 50 34 -999 
P1871 2017 5 0 0 0 20 20 5 0 7 0 0 0 0 0 0 14 0 0 8 0 0 0 0 0 0 0 0 0 0 0 0 0 
P1871 2017 6 0 0 0 0 0 0 0 0 0 19 0 0 12 0 0 0 0 0 0 0 0 0 0 0 0 0 0 0 0 21 -999 
P1871 2017 7 0 0 0 0 0 0 0 0 0 0 0 0 0 0 0 5 0 0 0 0 0 0 0 6 0 0 0 0 0 0 0 
P1871 2017 8 0 0 0 7 0 0 0 14 0 20 0 0 0 0 0 0 0 0 0 0 0 0 10 0 0 0 7 0 0 0 17 
P1871 2017 9 0 0 0 0 0 0 0 0 7 0 0 0 0 0 0 0 0 0 0 0 0 0 8 0 21 0 0 18 0 0 -999 
P1871 2017 10 0 0 0 0 0 4 0 0 0 0 0 6 0 0 0 38 0 0 0 0 0 23 28 21 8 0 42 96 104 0 0 
P1871 2017 11 0 34 45 57 35 0 14 48 63 0 63 0 146 177 35 18 0 0 11 16 0 0 23 7 0 11 0 0 0 0 -999 
P1871 2017 12 0 0 0 0 0 0 0 36 0 0 0 35 30 0 45 0 0 0 0 0 0 0 0 20 24 0 19 0 41 90 50 
P1871 2018 1 49 26 3 0 0 9 0 23 73 47 15 14 0 0 2 0 0 14 0 0 0 10 42 0 0 63 0 0 0 15 24 
P1871 2018 2 0 0 79 45 0 12 21 0 0 0 0 0 0 0 0 0 0 0 0 10 6 0 0 0 0 2 0 0 -999 -999 -999 
P1871 2018 3 0 0 0 0 0 0 0 0 0 0 0 95 113 68 47 0 0 0 0 0 3 4 0 0 22 0 24 34 48 53 33 
P1871 2018 4 0 0 0 0 0 0 0 6 0 0 0 24 12 0 0 26 0 0 0 10 0 0 0 0 61 97 84 0 28 29 -999 
P1871 2018 5 46 0 0 0 0 0 29 14 0 38 45 40 49 0 18 0 0 0 0 45 44 0 0 0 17 27 35 0 0 9 0 
P1871 2018 6 0 0 0 0 0 0 0 0 0 0 0 0 0 0 0 0 0 0 0 0 0 0 0 0 5 0 0 0 0 0 -999 
P1871 2018 7 0 0 0 0 0 0 23 0 0 0 0 0 0 0 0 0 0 0 0 0 12 0 0 0 0 0 0 0 0 0 0 
P1871 2018 8 0 0 0 0 0 0 0 0 0 0 0 0 10 0 0 0 0 0 15 0 0 5 0 0 0 0 0 0 0 0 0 
P1871 2018 9 0 0 0 0 0 0 0 0 0 0 0 0 7 0 0 0 0 0 8 0 0 0 9 0 3 0 0 0 0 0 -999 
P1871 2018 10 0 11 0 0 5 0 0 0 15 0 45 0 0 0 0 0 0 0 0 0 0 0 0 0 0 0 0 3 0 0 0 
P1871 2018 11 21 0 0 0 0 19 0 100 85 81 0 14 0 0 13 0 0 0 0 32 0 0 0 16 6 14 0 0 0 0 -999 
P1871 2018 12 25 43 0 27 50 59 110 24 14 10 0 44 0 0 0 15 13 0 0 0 0 0 0 0 0 0 38 55 94 129 70 
P1871 2019 1 112 100 178 124 90 71 0 45 3 0 0 0 0 16 0 18 0 61 100 88 80 94 54 19 29 38 109 43 0 28 72 
P1871 2019 2 89 75 43 0 20 0 16 0 0 0 104 0 107 111 0 0 44 137 184 51 21 0 0 18 9 2 0 0 -999 -999 -999 
P1871 2019 3 1 0 0 0 0 0 10 11 0 11 0 0 0 0 0 7 0 0 0 0 0 0 0 0 0 0 0 0 0 42 28 
P1871 2019 4 0 0 0 14 0 29 38 43 55 0 0 56 0 56 58 0 0 31 15 0 20 13 0 88 0 36 0 30 28 0 -999 
P1871 2019 5 58 0 0 0 0 14 0 0 0 0 0 0 37 38 13 0 0 9 0 0 0 0 0 0 0 0 0 0 0 0 0 
P1871 2019 6 0 0 3 0 0 0 0 0 0 0 0 0 19 0 20 0 0 11 0 0 0 0 0 0 0 0 0 0 0 0 -999 
P1871 2019 7 0 0 0 0 0 0 0 0 0 0 0 0 11 0 0 0 0 0 0 0 0 0 0 0 0 0 0 0 0 0 0 
P1871 2019 8 3 0 0 0 0 0 0 0 0 0 0 0 0 0 0 0 0 0 0 0 0 0 0 0 3 0 0 0 0 0 0 
P1871 2019 9 26 0 15 0 0 0 0 6 3 3 0 0 0 0 0 15 0 0 0 26 0 11 23 0 16 0 0 0 13 0 -999 
P1871 2019 10 0 0 0 26 0 0 0 0 5 0 0 49 73 0 0 0 0 0 0 0 0 0 0 0 0 12 0 0 5 0 11 
P1871 2019 11 0 3 0 0 0 0 0 0 0 5 0 0 0 0 0 0 0 0 0 73 190 218 117 49 57 90 70 27 31 70 -999 
P1871 2019 12 71 48 0 0 0 15 13 3 1 0 0 0 0 0 0 0 0 0 0 0 0 0 0 2 0 0 0 0 0 0 0 
P1871 2020 1 0 0 0 0 0 0 0 0 0 0 0 0 0 48 25 14 0 0 0 0 0 0 0 20 0 31 48 68 54 0 43 
P1871 2020 2 0 20 18 18 0 0 19 44 0 0 9 0 8 0 16 15 0 0 0 0 0 0 0 0 0 14 0 0 -999 -999 -999 
P1871 2020 3 3 0 0 0 24 36 0 0 0 0 0 25 0 0 0 0 0 1 1 0 0 0 0 0 0 0 0 0 31 18 21 
P1871 2020 4 49 0 0 16 0 6 2 0 1 0 0 38 0 0 58 86 92 59 44 48 59 42 0 0 7 3 7 0 0 0 -999 
P1871 2020 5 0 0 11 0 0 0 0 0 0 0 0 0 43 27 35 35 0 0 15 13 0 0 0 0 15 9 0 0 0 0 0 
P1871 2020 6 0 0 0 0 0 0 0 0 19 0 0 0 0 0 0 0 5 4 0 0 0 0 0 0 0 0 0 0 20 0 -999 
P1871 2020 7 0 0 0 0 0 0 0 0 0 0 0 0 28 15 0 0 14 0 0 11 0 0 0 0 0 0 0 0 0 0 0 
P1871 2020 8 0 0 0 0 0 0 0 0 0 0 0 0 0 0 0 0 0 0 0 0 0 0 0 0 24 0 0 0 12 0 0 
P1871 2020 9 0 0 0 0 0 0 0 0 5 0 5 0 0 0 8 0 4 0 0 0 0 0 0 0 0 0 0 0 0 0 -999 
P1871 2020 10 22 0 0 0 0 24 0 36 0 0 0 48 25 22 85 0 24 65 0 0 0 4 0 0 0 18 17 14 0 0 0 
P1871 2020 11 73 69 78 92 56 26 0 0 0 7 0 0 0 14 43 17 16 13 31 85 93 80 66 47 82 88 55 112 17 18 -999 
P1871 2020 12 57 60 98 20 0 0 0 0 20 0 0 0 1 0 0 2 0 0 24 37 0 59 104 76 102 89 119 0 23 24 39 
P1871 2021 1 44 67 44 0 36 34 28 59 0 13 0 0 0 0 0 0 0 0 11 5 0 0 6 0 0 0 0 25 30 38 0 
P1871 2021 2 0 0 37 0 0 0 0 0 6 0 20 30 28 0 5 2 0 4 0 0 0 0 16 0 8 0 17 0 -999 -999 -999 
P1871 2021 3 28 21 0 0 0 0 0 0 0 35 0 0 46 0 0 6 19 0 0 2 0 0 1 0 0 0 0 0 0 0 0 
P1871 2021 4 0 0 20 0 14 0 0 0 0 0 0 0 25 0 0 0 16 0 0 0 0 0 0 28 0 0 0 0 22 46 -999 
P1871 2021 5 58 47 38 32 0 0 0 0 0 0 5 0 0 0 0 0 0 0 36 0 0 0 0 26 29 0 0 0 0 0 0 
P1871 2021 6 21 28 53 27 7 0 0 14 0 0 0 11 0 0 0 0 0 0 0 0 14 0 0 0 0 0 0 0 0 0 -999 
P1871 2021 7 0 0 0 0 0 0 0 0 0 0 0 0 10 0 0 0 0 0 0 0 0 0 0 0 0 0 0 0 0 0 0 
P1871 2021 8 0 0 0 0 0 0 0 0 0 0 0 0 0 0 0 0 0 0 0 0 0 0 0 0 0 0 0 0 15 0 0 
P1871 2021 9 0 0 10 0 0 0 0 0 0 0 0 0 0 3 0 0 0 0 0 14 0 0 0 0 0 0 0 0 21 10 -999 
P1871 2021 10 0 0 0 0 0 0 34 0 21 14 0 0 0 0 0 4 0 0 0 0 0 34 60 71 43 24 20 0 0 9 12 
P1871 2021 11 0 0 0 49 64 0 0 0 6 9 12 8 7 0 0 0 0 0 0 0 0 5 7 0 54 0 64 57 95 50 -999 
P1871 2021 12 44 79 42 0 0 0 0 0 0 8 15 0 0 0 0 0 91 105 29 0 23 0 20 19 0 0 0 0 0 0 6 
P1871 2022 1 0 4 7 10 0 0 0 0 41 0 0 27 0 34 0 46 48 22 18 0 66 53 159 79 0 0 30 0 0 55 0 
P1871 2022 2 101 61 24 0 82 49 139 175 80 67 167 116 171 55 101 78 71 85 0 28 88 49 53 34 58 127 106 0 -999 -999 -999 
P1871 2022 3 14 0 0 0 0 116 61 99 50 0 0 78 101 35 0 13 5 0 0 9 0 0 0 0 0 0 0 0 0 0 0 
P1871 2022 4 0 0 0 0 0 0 0 30 0 14 22 20 0 0 0 36 0 0 0 0 13 0 0 0 0 2 7 0 0 0 -999 
P1871 2022 5 0 0 0 7 10 0 0 0 0 43 39 37 53 71 0 43 33 0 0 0 0 0 17 21 31 49 0 20 0 0 0 
P1871 2022 6 0 0 6 26 22 28 0 18 0 0 0 0 0 0 0 0 0 0 0 10 0 0 0 0 0 0 0 0 0 0 -999 
P1871 2022 7 0 0 0 0 0 0 0 0 0 0 0 0 0 0 0 0 0 0 0 0 0 0 0 11 0 0 0 0 0 0 0 
P1871 2022 8 0 0 0 0 0 0 0 0 0 0 0 0 0 0 0 0 0 0 0 0 0 0 0 0 0 0 0 0 0 0 0 
P1871 2022 9 0 10 18 0 0 0 0 0 0 0 0 0 15 0 0 0 8 0 5 0 0 0 9 0 0 0 0 0 0 0 -999 
P1871 2022 10 0 0 0 11 0 0 0 0 0 37 87 48 0 32 45 40 25 13 8 0 0 0 0 0 15 0 11 11 0 71 48 
P1871 2022 11 0 16 0 8 0 2 0 0 0 11 12 18 0 0 0 7 0 0 0 0 0 0 0 0 0 0 0 0 0 6 -999 
P1871 2022 12 0 35 60 99 0 46 0 0 82 35 13 0 0 0 0 0 16 0 0 0 29 41 82 69 0 37 26 40 0 0 11 
P1871 2023 1 14 15 10 0 19 0 0 0 0 1 0 4 5 0 6 0 4 0 0 8 0 0 0 2 1 0 0 0 0 0 0 
P1871 2023 2 0 14 18 10 0 0 0 5 6 4 0 0 0 0 0 0 12 0 6 2 0 0 0 32 31 27 78 27 -999 -999 -999 
P1871 2023 3 22 0 0 0 0 0 0 2 2 2 0 39 0 0 0 0 0 0 0 0 0 0 0 0 16 0 0 10 0 28 0 
P1871 2023 4 40 17 0 64 64 0 0 37 0 0 11 32 115 173 68 22 61 0 0 0 0 9 0 0 80 64 43 0 15 10 -999 
P1871 2023 5 0 9 0 0 0 7 0 0 0 0 0 0 45 0 0 0 27 31 38 38 0 0 0 11 0 0 0 0 0 0 0 
P1871 2023 6 0 0 30 25 0 0 0 0 0 14 0 0 0 0 0 0 0 0 0 0 0 0 0 0 0 0 0 0 6 0 -999 
P1871 2023 7 0 0 0 0 0 0 0 0 0 0 0 0 12 0 0 0 0 13 17 0 0 0 0 0 0 0 0 0 16 0 0 
P1871 2023 8 0 0 0 0 0 13 0 0 0 0 0 0 0 0 0 0 0 0 0 0 0 0 0 0 0 0 0 0 0 0 0 
P1871 2023 9 0 0 0 0 0 0 0 0 0 0 0 0 0 0 0 20 0 0 0 14 0 0 0 0 0 0 25 41 0 0 -999 
P1871 2023 10 0 0 0 8 0 3 0 0 0 13 11 0 0 22 0 33 0 0 0 0 0 0 0 0 11 32 25 6 0 0 0 
P1871 2023 11 100 0 0 0 0 0 12 0 22 28 20 12 0 5 0 5 0 0 0 0 0 0 0 11 0 10 3 0 0 0 -999 
P1871 2023 12 0 0 0 0 0 0 0 0 0 0 0 7 0 9 0 3 0 0 11 0 0 3 0 0 0 4 3 0 3 0 0 
P1871 2024 1 0 11 27 46 0 0 76 49 59 0 0 0 18 0 49 24 28 37 12 0 2 0 0 0 0 8 0 0 0 13 31 
P1871 2024 2 65 0 130 50 0 10 0 0 0 0 0 0 0 0 0 0 0 0 0 0 0 0 0 94 64 44 0 0 -999 -999 -999 
P1871 2024 3 0 60 45 0 43 0 0 0 0 0 0 0 0 0 0 0 0 28 15 0 0 0 18 0 90 166 120 0 26 40 0 
P1871 2024 4 30 0 77 43 18 0 0 0 0 0 0 0 0 0 0 0 0 0 0 0 0 53 0 33 19 0 0 0 0 0 -999 
P1871 2024 5 0 0 0 0 0 0 15 0 20 0 23 0 0 0 0 0 0 9 0 0 0 0 0 0 0 0 0 0 0 0 0 
P1871 2024 6 4 0 0 0 0 0 0 0 0 0 18 0 0 6 0 0 11 0 0 0 0 0 0 0 25 0 20 12 0 0 -999 
P1871 2024 7 0 0 0 0 0 0 0 0 0 0 0 0 0 0 0 0 0 0 0 0 0 0 0 0 0 0 0 0 0 0 0 
P1871 2024 8 0 0 0 0 9 0 0 0 0 0 0 0 0 0 0 0 0 0 0 0 0 0 0 0 0 7 0 0 7 0 29 
P1871 2024 9 0 0 20 0 0 0 0 0 0 0 0 0 0 0 0 0 0 0 0 0 16 0 0 0 0 0 16 0 0 0 -999 
P1871 2024 10 0 0 0 0 15 0 0 0 0 0 0 25 7 0 0 64 0 17 25 0 16 0 0 0 10 0 4 0 2 0 0 
P1871 2024 11 0 0 19 0 0 0 0 0 0 0 0 0 38 0 0 0 0 16 0 0 0 0 38 0 0 0 6 0 7 0 -999 
P1871 2024 12 3 8 11 19 0 0 0 0 0 0 2 0 9 4 4 0 6 0 0 0 0 0 5 0 8 28 29 0 0 0 6 
P1871 2025 1 0 0 0 0 0 0 8 0 0 23 14 8 0 10 10 8 8 0 0 14 18 19 0 38 0 46 32 0 6 0 0 
P1871 2025 2 0 0 7 9 17 0 0 0 52 0 0 33 0 19 0 16 37 0 10 30 32 0 37 0 6 0 0 0 -999 -999 -999 
P1871 2025 3 0 0 24 30 0 54 0 40 0 4 0 0 0 0 0 0 0 35 47 60 0 122 0 142 94 31 54 0 0 0 0 
P1871 2025 4 30 0 13 0 0 0 0 0 0 0 11 0 0 9 0 0 0 0 0 39 24 12 9 6 0 0 0 0 0 0 -999 
P1871 2025 5 0 0 0 42 0 30 34 0 0 32 0 0 19 16 0 7 0 30 0 0 0 0 0 20 0 0 0 0 19 0 23 
P1871 2025 6 0 0 0 0 0 0 0 0 0 0 0 10 0 0 0 3 0 0 0 0 0 0 0 0 0 0 0 0 12 0 -999 
P1871 2025 7 0 0 13 0 0 0 0 0 0 0 0 0 0 0 16 0 0 21 0 0 0 0 0 14 0 0 0 0 0 0 0 
P1871 2025 8 0 0 0 0 0 0 0 0 0 0 0 0 0 0 0 0 0 0 0 0 0 0 15 0 0 0 0 0 0 0 0 
P1871 2025 9 0 0 0 0 0 0 0 0 0 0 0 0 0 0 11 0 0 0 0 0 0 0 0 0 0 0 0 0 0 0 -999 
P1871 2025 10 0 0 0 7 14 0 15 0 27 15 6 0 0 0 0 14 0 0 0 14 0 0 0 0 30 58 0 72 41 11 21 
P1871 2025 11 28 0 0 3 3 0 12 0 0 27 0 0 4 0 0 36 22 0 14 0 0 0 0 0 0 0 0 2 0 0 -999 
P1871 2025 12 0 40 67 0 0 18 40 43 15 0 0 0 0 0 0 0 0 0 0 0 24 0 14 15 24 17 11 0 0 21 0 
P1871 2026 1 0 17 0 19 0 36 9 0 0 0 0 96 177 0 11 65 112 124 46 0 13 0 6 17 0 0 0 0 0 15 0 
P1871 2026 2 0 0 31 40 0 29 0 0 4 0 0 0 0 0 0 0 0 29 75 186 63 61 44 43 0 29 8 6 -999 -999 -999 
P1871 2026 3 0 0 0 2 0 0 0 0 0 2 0 0 0 2 0 0 0 19 0 33 43 57 59 0 0 3 0 0 0 0 0 
P1871 2026 4 0 3 0 0 0 0 44 51 0 61 109 77 72 0 0 0 0 0 0 0 18 0 13 0 0 14 44 0 0 60 -999 
P1871 2026 5 54 24 13 8 0 0 0 23 13 0 0 0 0 0 0 0 0 30 23 0 0 0 0 0 0 41 46 25 23 0 0 
P1871 2026 6 0 0 0 0 4 0 0 0 0 0 0 8 0 0 11 0 0 23 7 0 0 0 0 0 0 0 0 0 0 0 -999 
P1871 2026 7 0 0 0 0 0 0 0 0 0 0 0 0 0 0 0 0 0 0 0 0 0 0 0 0 0 0 0 0 0 0 0 
P1871 2026 8 9 0 0 0 0 0 0 0 0 0 0 0 0 0 0 0 0 0 0 0 0 0 0 0 0 0 0 0 0 0 12 
P1871 2026 9 0 0 0 0 14 0 0 0 0 0 0 0 0 32 0 0 6 0 0 0 26 0 0 0 0 0 10 0 17 0 -999 
P1871 2026 10 0 0 0 9 11 0 0 19 16 0 0 0 0 22 45 0 0 0 0 0 0 0 61 36 33 30 14 4 23 41 0 
P1871 2026 11 0 17 0 0 8 0 0 11 24 56 79 0 0 19 25 9 0 17 0 0 0 6 0 6 0 0 5 0 40 0 -999 
P1871 2026 12 0 0 0 0 0 15 0 0 38 54 0 0 0 22 73 50 88 78 47 0 0 0 19 0 0 0 7 0 12 0 0 
P1871 2027 1 0 35 0 91 67 79 79 94 54 46 21 10 0 0 0 0 0 10 22 0 37 14 0 0 0 0 0 0 0 0 5 
P1871 2027 2 0 0 0 0 0 0 0 0 0 0 0 21 47 95 75 191 104 111 115 0 0 16 77 0 69 57 36 0 -999 -999 -999 
P1871 2027 3 74 72 0 38 30 41 0 0 0 0 0 0 0 0 33 43 35 29 37 0 16 0 0 0 0 39 69 102 25 0 22 
P1871 2027 4 0 0 0 76 53 19 30 0 0 0 10 0 0 0 0 78 72 74 0 0 98 52 37 32 40 26 12 0 0 0 -999 
P1871 2027 5 0 0 0 0 40 0 0 0 0 15 0 0 0 0 0 0 14 0 0 0 0 26 0 0 35 38 0 15 0 0 19 
P1871 2027 6 26 16 0 0 18 13 0 0 0 5 0 0 19 0 0 0 0 0 0 0 0 0 0 0 0 0 0 11 8 7 -999 
P1871 2027 7 0 0 0 0 0 0 0 0 0 0 0 0 0 0 0 0 0 0 0 0 0 0 0 0 0 0 0 0 0 0 0 
P1871 2027 8 0 0 0 0 0 0 0 0 0 0 0 0 0 0 0 0 0 0 7 0 0 0 0 0 0 0 0 0 0 0 0 
P1871 2027 9 0 0 0 0 0 0 0 0 0 0 6 0 0 0 11 0 0 0 0 4 0 0 0 0 0 0 0 0 0 0 -999 
P1871 2027 10 0 0 0 0 0 0 0 0 0 0 0 0 0 6 0 0 0 0 0 0 21 0 13 0 0 0 0 0 0 0 0 
P1871 2027 11 21 47 134 0 0 0 0 0 0 0 0 0 48 106 64 0 0 14 0 6 10 0 36 0 76 56 61 62 116 159 -999 
P1871 2027 12 39 98 145 21 0 67 133 109 60 46 54 33 10 17 19 19 0 0 0 0 17 0 0 0 0 0 0 0 0 0 0 
P1871 2028 1 12 29 0 0 7 9 0 0 49 88 25 31 0 68 86 20 0 0 0 0 0 0 0 0 0 0 0 3 0 0 0 
P1871 2028 2 0 0 6 18 16 10 0 0 0 0 0 0 0 0 0 1 0 0 3 0 0 15 0 0 15 34 36 0 -999 -999 -999 
P1871 2028 3 0 30 32 0 17 8 0 0 0 0 0 12 0 28 27 28 0 19 18 0 3 0 17 11 0 0 0 0 0 0 0 
P1871 2028 4 11 15 0 0 22 18 0 0 32 31 0 0 0 0 5 0 0 0 0 0 0 0 0 0 7 0 0 14 0 0 -999 
P1871 2028 5 0 0 19 10 0 8 0 0 0 0 0 0 13 0 0 0 0 0 0 0 0 0 0 0 41 0 0 0 0 0 0 
P1871 2028 6 0 0 0 0 0 0 0 0 0 0 11 0 0 0 0 0 0 0 0 0 0 0 0 0 0 0 0 0 0 0 -999 
P1871 2028 7 0 0 0 0 0 19 0 0 0 0 0 0 0 0 15 13 0 0 0 13 0 0 11 0 0 0 0 0 0 0 0 
P1871 2028 8 0 0 0 0 0 6 0 0 0 0 0 0 0 0 16 0 0 0 28 23 0 8 0 0 0 0 0 0 0 0 14 
P1871 2028 9 21 0 0 26 0 0 20 0 0 0 0 0 0 0 0 0 0 9 7 0 0 0 16 0 0 18 12 10 11 0 -999 
P1871 2028 10 0 0 0 0 17 0 23 14 15 11 19 0 0 0 7 0 0 42 56 60 46 0 0 0 0 0 0 0 0 0 0 
P1871 2028 11 27 0 0 0 0 0 38 59 38 46 28 11 0 0 47 46 25 0 0 0 0 2 0 0 0 0 2 0 1 0 -999 
P1871 2028 12 5 0 0 0 14 0 12 0 4 4 0 0 0 0 0 5 0 2 22 69 115 27 85 64 0 0 12 0 12 0 11 
P1871 2029 1 6 24 55 0 11 49 147 0 8 8 0 0 0 0 32 73 0 0 0 0 16 0 0 0 0 86 118 67 34 7 0 
P1871 2029 2 0 0 15 0 0 3 0 8 10 15 0 0 3 2 0 0 0 0 0 0 0 25 0 0 0 0 0 0 -999 -999 -999 
P1871 2029 3 0 0 0 0 0 6 0 0 0 0 0 0 0 0 15 0 0 0 17 0 49 36 49 0 0 7 0 0 6 5 0 
P1871 2029 4 0 0 0 0 0 0 0 0 0 9 12 0 29 0 15 15 8 0 0 0 12 7 0 0 0 0 0 0 0 6 -999 
P1871 2029 5 0 0 0 0 25 21 0 8 0 0 0 0 0 0 7 0 0 0 0 0 0 24 0 0 20 7 0 0 0 0 0 
P1871 2029 6 0 13 22 0 0 0 0 0 0 0 0 0 0 0 0 0 0 0 0 0 0 15 0 0 0 0 0 0 0 0 -999 
P1871 2029 7 0 24 0 0 13 0 0 0 0 0 0 0 0 0 0 0 0 0 0 0 0 0 0 0 0 0 0 0 0 0 0 
P1871 2029 8 0 0 0 0 0 0 0 0 0 0 0 0 0 0 0 0 0 8 0 0 0 0 0 0 0 0 0 0 0 0 0 
P1871 2029 9 10 0 0 0 17 21 0 0 4 0 0 0 0 0 0 0 0 0 0 0 0 0 0 0 0 24 0 49 67 74 -999 
P1871 2029 10 77 34 0 0 10 0 4 0 0 0 0 0 0 0 0 23 0 0 0 0 0 0 20 28 0 0 0 19 0 21 36 
P1871 2029 11 15 17 0 77 41 44 44 0 88 62 0 21 0 0 7 0 0 0 0 28 0 20 27 33 21 12 32 37 53 44 -999 
P1871 2029 12 10 0 0 0 12 0 0 0 0 8 9 0 0 0 0 0 7 0 0 0 0 5 0 0 0 3 0 0 0 15 0 
P1871 2030 1 91 25 9 0 33 28 74 27 28 0 19 33 0 12 1 0 0 0 6 0 10 5 6 12 0 34 24 26 92 110 104 
P1871 2030 2 136 85 71 15 0 0 0 57 0 0 0 52 0 0 0 49 13 0 0 0 0 12 11 0 0 0 0 0 -999 -999 -999 
P1871 2030 3 0 0 0 27 27 0 0 39 0 0 0 0 0 0 0 0 0 0 0 0 0 48 53 0 0 0 0 3 0 0 0 
P1871 2030 4 0 0 0 0 22 0 0 0 0 16 0 28 18 71 109 107 89 181 83 40 42 54 56 30 22 0 37 0 0 0 -999 
P1871 2030 5 0 0 0 0 0 0 13 11 0 0 15 0 38 0 38 57 38 0 26 0 0 2 0 0 7 0 0 0 0 0 0 
P1871 2030 6 0 0 0 0 22 0 33 19 15 23 0 0 27 28 23 0 0 0 0 0 32 0 0 0 0 0 0 0 0 0 -999 
P1871 2030 7 0 0 0 0 0 0 0 0 0 0 0 0 0 0 0 0 0 0 0 0 0 0 0 0 0 0 0 0 0 0 0 
P1871 2030 8 0 0 0 0 0 0 0 0 0 0 0 0 0 0 0 0 0 0 0 0 0 0 0 0 0 0 0 0 0 0 0 
P1871 2030 9 6 0 0 0 0 0 0 0 7 0 0 0 0 0 0 0 0 17 0 0 0 14 0 0 0 13 11 0 0 0 -999 
P1871 2030 10 0 0 0 0 0 9 0 0 0 42 0 0 15 0 0 5 0 0 0 0 0 0 0 0 0 0 0 0 0 0 0 
P1871 2030 11 28 0 32 0 106 106 44 0 0 0 0 0 0 0 0 0 0 0 0 16 0 0 0 0 0 6 0 0 0 58 -999 
P1871 2030 12 121 77 45 43 84 91 75 45 84 0 36 62 33 0 30 33 0 0 5 0 0 0 0 0 0 0 0 0 0 0 0 
P1871 2031 1 0 0 0 1 0 0 0 4 0 0 0 11 38 0 69 35 20 13 0 0 9 20 21 0 0 23 28 0 0 40 43 
P1871 2031 2 22 13 12 39 0 38 0 16 0 38 38 27 0 3 0 0 0 56 0 45 0 0 20 0 0 0 15 25 -999 -999 -999 
P1871 2031 3 28 29 0 12 0 0 21 24 25 41 46 45 0 63 0 39 35 0 0 0 0 0 0 0 0 36 44 0 0 0 23 
P1871 2031 4 27 36 0 0 0 78 41 0 0 0 0 5 15 0 0 0 0 0 0 0 0 0 0 0 29 24 0 32 0 26 -999 
P1871 2031 5 33 0 30 0 31 20 44 54 0 36 30 15 0 0 20 21 0 0 13 0 0 0 0 0 0 0 0 0 0 0 0 
P1871 2031 6 0 0 0 0 0 0 0 0 0 0 0 0 0 0 0 0 0 0 0 0 0 0 0 0 9 0 8 0 0 0 -999 
P1871 2031 7 0 0 7 0 0 16 0 14 0 0 0 0 0 0 0 0 0 0 0 0 0 0 0 0 0 0 0 0 0 8 0 
P1871 2031 8 0 0 0 0 0 0 0 0 0 0 0 0 0 6 0 0 0 0 34 33 0 0 0 0 7 0 0 4 0 0 0 
P1871 2031 9 0 0 0 0 0 0 6 0 0 0 0 52 20 0 0 0 0 13 0 0 22 0 0 0 0 0 0 0 0 0 -999 
P1871 2031 10 0 0 0 0 0 0 0 0 0 0 0 0 0 0 0 55 31 0 0 0 0 26 28 0 0 32 33 77 38 37 43 
P1871 2031 11 41 36 15 14 22 23 11 0 0 21 13 20 42 37 39 77 0 13 0 17 6 0 0 0 31 0 33 59 34 43 -999 
P1871 2031 12 47 94 0 105 50 35 26 19 4 0 0 0 10 17 0 5 0 4 0 4 0 0 0 19 0 12 12 0 0 22 46 
P1871 2032 1 69 129 61 0 28 112 63 71 214 27 0 0 0 0 0 0 14 0 77 0 0 0 0 0 0 0 0 30 31 83 46 
P1871 2032 2 84 100 0 18 57 0 0 0 0 0 0 0 0 0 0 8 0 0 0 0 0 0 0 0 0 0 19 0 -999 -999 -999 
P1871 2032 3 18 18 0 3 0 21 46 29 0 0 4 0 0 0 0 0 0 0 7 0 0 0 0 0 23 0 0 0 12 0 26 
P1871 2032 4 14 0 46 64 0 57 70 56 0 0 23 0 0 0 0 0 0 0 34 28 75 110 133 64 0 0 0 18 41 42 -999 
P1871 2032 5 0 0 13 0 39 47 44 37 34 0 0 38 21 0 0 0 40 0 21 0 33 8 0 0 0 0 0 0 5 0 0 
P1871 2032 6 0 0 0 0 0 43 0 25 0 0 0 0 0 0 0 9 0 13 0 0 0 0 0 0 0 0 0 0 0 0 -999 
P1871 2032 7 0 0 15 0 0 0 0 0 0 15 0 0 0 0 0 0 0 0 0 0 0 0 0 0 0 0 0 0 0 0 0 
P1871 2032 8 0 0 0 0 0 0 0 0 0 0 0 0 0 7 0 0 0 0 0 0 0 7 0 0 0 0 0 0 0 0 0 
P1871 2032 9 6 0 0 0 0 0 0 0 0 0 13 0 0 0 0 18 0 0 12 0 0 0 0 0 0 0 0 0 0 0 -999 
P1871 2032 10 0 6 0 6 0 0 0 0 0 0 0 22 19 0 0 29 23 22 0 64 81 108 0 0 0 13 0 0 0 0 0 
P1871 2032 11 15 0 0 31 0 0 48 55 24 17 0 17 61 16 0 25 33 0 78 106 82 33 0 62 0 41 0 67 0 20 -999 
P1871 2032 12 0 0 0 11 0 39 0 0 25 0 49 0 0 0 0 0 2 0 0 0 0 2 0 0 0 1 5 12 0 14 93 
P1871 2033 1 92 32 13 0 0 0 35 0 0 12 5 0 0 0 0 0 0 0 0 0 0 0 6 6 5 0 0 0 0 0 0 
P1871 2033 2 0 0 0 0 1 0 0 41 0 26 0 3 9 16 41 99 148 99 81 115 133 0 80 51 82 35 37 25 -999 -999 -999 
P1871 2033 3 11 0 7 9 0 0 0 7 0 0 0 15 0 45 62 19 32 32 70 98 82 41 53 50 62 0 0 0 23 0 0 
P1871 2033 4 75 33 0 22 30 0 19 0 0 0 0 0 0 0 0 10 0 0 0 74 58 0 30 33 65 30 20 4 3 0 -999 
P1871 2033 5 0 2 0 0 0 0 0 24 0 0 0 0 0 7 0 0 0 15 0 0 25 17 13 0 0 0 0 0 0 0 0 
P1871 2033 6 0 18 0 0 0 0 0 0 0 0 0 0 0 0 0 0 0 0 0 0 0 0 0 0 0 0 0 0 0 0 -999 
P1871 2033 7 0 0 0 0 0 0 0 0 0 0 0 0 0 0 0 0 0 0 0 0 0 0 0 0 0 0 0 0 0 18 0 
P1871 2033 8 0 0 0 0 0 0 0 0 0 0 0 0 0 0 0 3 0 0 0 0 0 0 0 0 0 0 0 0 0 0 0 
P1871 2033 9 8 10 0 0 0 0 0 32 23 18 0 6 0 0 0 0 0 0 0 0 7 0 0 0 0 0 0 8 0 0 -999 
P1871 2033 10 0 0 0 32 0 0 0 0 0 0 0 0 0 15 0 38 54 0 87 25 0 0 0 0 0 44 0 0 0 0 76 
P1871 2033 11 66 0 72 150 55 101 124 194 0 22 0 0 0 22 108 104 0 14 12 0 0 1 0 0 0 0 0 0 0 12 -999 
P1871 2033 12 0 0 59 59 0 23 66 37 50 22 0 19 0 0 0 0 0 0 0 4 0 3 0 0 0 0 7 0 0 5 7 
P1871 2034 1 0 0 1 0 0 0 0 0 0 0 0 0 0 22 0 0 0 0 0 0 13 14 17 0 63 73 75 0 0 0 0 
P1871 2034 2 0 0 0 0 0 0 19 35 0 30 76 0 12 15 0 4 0 0 96 0 0 0 59 0 0 10 12 17 -999 -999 -999 
P1871 2034 3 0 0 0 0 0 0 0 0 0 13 17 34 0 0 0 0 0 0 0 0 0 0 0 7 0 0 24 23 42 48 0 
P1871 2034 4 27 33 0 79 107 68 11 19 19 0 0 0 0 0 28 36 28 15 0 24 54 77 0 47 0 0 6 0 0 0 -999 
P1871 2034 5 3 4 0 0 8 10 6 0 0 12 0 8 0 0 26 0 14 0 0 0 0 0 0 0 23 0 0 0 34 31 0 
P1871 2034 6 34 50 0 0 16 0 0 20 16 17 0 0 11 0 6 0 0 30 0 0 0 0 0 0 0 0 0 0 0 0 -999 
P1871 2034 7 0 0 0 0 0 0 0 0 0 0 0 0 0 0 0 0 0 0 0 0 0 0 0 0 0 5 0 0 0 0 0 
P1871 2034 8 0 0 0 0 0 0 0 0 0 0 0 0 6 0 0 0 0 0 0 0 0 0 0 0 0 0 0 0 0 13 20 
P1871 2034 9 0 0 0 0 0 0 0 0 19 0 0 0 0 19 0 0 0 0 10 0 0 10 0 0 0 0 0 0 0 0 -999 
P1871 2034 10 0 0 0 0 0 0 0 0 0 3 5 23 15 0 0 36 15 0 0 0 0 0 31 0 0 0 0 0 21 22 10 
P1871 2034 11 0 0 20 26 33 0 6 0 0 0 0 0 0 0 0 0 0 0 5 0 0 8 8 9 14 0 32 21 0 27 -999 
P1871 2034 12 0 17 33 0 0 0 0 0 2 0 14 2 0 0 0 11 10 0 0 0 0 0 26 66 102 115 139 0 19 43 34 
P1871 2035 1 0 26 33 47 26 30 17 14 0 0 0 0 0 0 6 0 5 3 0 26 14 10 0 0 0 0 25 38 22 0 0 
P1871 2035 2 0 0 0 0 0 0 0 0 0 0 0 0 8 8 0 8 0 0 12 0 0 0 0 52 0 0 48 25 -999 -999 -999 
P1871 2035 3 18 0 0 2 3 5 0 0 32 0 4 0 0 0 0 0 0 0 0 0 0 5 0 0 0 0 0 0 65 0 0 
P1871 2035 4 0 0 0 40 34 62 0 43 26 0 0 0 0 0 0 39 42 0 20 0 61 0 49 42 30 0 0 22 43 48 -999 
P1871 2035 5 0 57 19 0 0 0 42 0 0 0 24 10 15 0 0 0 16 0 0 0 0 0 0 0 0 0 5 0 0 0 0 
P1871 2035 6 0 0 0 27 22 0 9 0 0 0 0 0 0 0 0 0 0 0 9 0 0 0 0 0 0 0 0 0 0 0 -999 
P1871 2035 7 0 0 0 0 0 0 0 0 32 18 0 0 12 0 0 0 0 0 0 15 0 0 0 0 0 0 0 0 0 0 0 
P1871 2035 8 0 0 0 0 0 0 0 0 0 0 0 0 0 0 0 0 0 10 0 0 0 0 0 0 0 17 0 18 0 35 0 
P1871 2035 9 13 0 0 0 0 0 0 0 0 10 25 35 0 0 0 0 0 0 0 0 0 12 0 0 11 12 0 25 27 28 -999 
P1871 2035 10 24 23 0 0 0 0 0 0 0 0 50 33 36 0 53 0 11 0 18 0 57 49 0 20 12 0 15 9 0 0 0 
P1871 2035 11 11 22 40 0 9 0 0 0 3 0 0 0 0 0 0 0 0 0 0 9 12 0 6 0 8 3 0 0 2 0 -999 
P1871 2035 12 0 0 0 3 0 0 7 0 0 0 0 0 10 0 58 60 25 30 26 15 0 6 10 12 15 28 35 15 10 0 38 
P1871 2036 1 47 77 13 0 0 67 62 0 62 120 63 0 56 0 0 0 38 0 0 51 26 17 0 15 0 0 0 0 10 0 0 
P1871 2036 2 5 14 0 0 0 0 0 6 0 0 6 7 6 0 0 6 6 0 23 0 0 0 0 0 14 0 0 28 -999 -999 -999 
P1871 2036 3 88 92 32 28 22 13 0 0 0 24 0 36 0 0 41 22 0 18 39 22 19 17 0 0 69 75 73 67 50 0 28 
P1871 2036 4 109 53 25 46 0 22 0 15 0 25 34 51 20 0 0 0 0 0 0 0 0 0 0 0 0 0 0 0 0 0 -999 
P1871 2036 5 0 0 0 0 0 0 0 14 19 13 0 0 0 0 0 0 57 44 55 28 0 0 52 0 0 0 0 0 0 0 0 
P1871 2036 6 0 0 0 0 0 0 0 0 0 0 32 0 23 0 0 0 0 0 0 0 0 0 0 0 0 0 0 0 0 0 -999 
P1871 2036 7 0 0 0 16 0 0 0 0 0 0 0 0 0 0 0 0 0 0 0 0 0 0 0 0 0 0 0 0 0 0 0 
P1871 2036 8 0 0 0 0 0 0 0 0 0 0 0 0 0 0 0 0 0 0 0 0 0 0 0 0 0 0 0 0 0 0 0 
P1871 2036 9 0 0 0 0 5 0 0 0 0 0 0 0 0 0 6 0 0 0 0 0 0 0 0 0 0 0 0 0 0 0 -999 
P1871 2036 10 21 0 0 0 26 0 53 0 19 49 0 0 0 0 59 31 0 24 0 0 0 10 0 15 29 16 0 0 0 0 3 
P1871 2036 11 0 0 0 0 0 0 0 39 35 42 21 0 0 0 0 0 3 2 0 0 0 0 0 0 21 21 4 2 5 0 -999 
P1871 2036 12 0 0 0 0 7 0 0 0 0 8 0 0 0 13 0 0 0 0 0 0 0 0 0 10 0 15 0 51 0 88 109 
P1871 2037 1 54 0 54 32 20 50 0 32 56 0 12 0 13 23 31 65 114 111 93 64 23 10 11 0 2 1 1 3 0 0 0 
P1871 2037 2 0 0 0 0 0 9 0 9 12 8 0 0 26 0 0 0 0 37 0 25 0 0 8 12 0 16 12 0 -999 -999 -999 
P1871 2037 3 12 11 0 79 0 36 0 71 45 23 11 13 14 0 0 0 19 0 0 29 0 76 92 128 60 139 84 0 0 20 27 
P1871 2037 4 6 0 5 0 0 0 0 0 0 0 0 0 46 0 0 0 0 0 13 17 0 19 53 58 59 55 0 33 21 11 -999 
P1871 2037 5 14 0 0 0 31 56 65 0 18 0 6 0 0 0 0 0 0 8 21 0 0 0 0 0 0 0 0 0 14 0 0 
P1871 2037 6 0 0 0 0 0 0 27 0 19 11 0 0 0 0 0 23 17 0 17 0 12 9 0 12 0 0 6 0 0 0 -999 
P1871 2037 7 0 0 0 0 0 0 0 0 0 0 0 13 0 0 0 0 0 0 0 0 0 0 4 0 0 0 0 0 0 0 0 
P1871 2037 8 16 0 0 0 0 0 0 0 0 0 0 0 0 25 0 0 0 11 0 0 0 0 6 4 0 0 3 0 0 0 0 
P1871 2037 9 0 0 0 0 0 0 0 0 0 0 0 0 0 0 0 0 0 0 0 9 0 0 0 0 0 21 0 0 0 0 -999 
P1871 2037 10 0 0 0 0 0 0 13 0 0 0 0 0 0 0 0 0 0 0 0 0 0 0 17 24 0 10 0 0 0 4 13 
P1871 2037 11 29 0 13 0 0 9 14 0 0 0 3 0 0 0 0 37 47 20 3 5 0 0 21 16 23 29 0 25 0 0 -999 
P1871 2037 12 0 16 0 107 117 163 101 32 0 0 27 55 0 0 8 0 0 0 26 0 14 8 0 0 15 0 0 0 0 0 0 
P1871 2038 1 0 0 0 0 0 0 0 0 16 16 21 91 69 0 20 39 18 26 0 20 0 0 0 0 0 0 23 0 11 15 47 
P1871 2038 2 0 0 14 0 0 43 24 0 0 10 3 0 0 0 0 0 0 0 0 0 0 0 0 0 40 42 0 10 -999 -999 -999 
P1871 2038 3 0 0 0 0 36 0 0 0 6 0 9 18 20 0 35 39 68 0 10 0 23 0 40 0 21 51 59 0 0 8 0 
P1871 2038 4 0 0 50 55 0 0 0 0 34 24 0 15 8 0 0 20 30 0 7 0 0 57 19 5 0 0 0 0 18 0 -999 
P1871 2038 5 0 0 0 0 0 0 0 0 0 0 0 0 0 0 0 24 27 0 0 0 0 0 0 0 0 0 0 0 0 0 0 
P1871 2038 6 17 21 10 0 0 0 0 0 0 23 33 0 0 0 0 0 0 0 0 0 0 0 0 0 0 0 0 0 0 0 -999 
P1871 2038 7 23 0 16 0 0 0 0 0 0 0 0 0 6 0 0 0 0 0 0 0 0 0 0 16 0 0 0 0 0 0 0 
P1871 2038 8 0 0 0 0 0 0 0 0 0 0 0 0 9 0 0 0 0 0 0 5 0 0 0 0 0 0 0 0 0 11 0 
P1871 2038 9 0 0 0 0 0 0 13 0 0 0 0 0 0 0 0 13 0 0 9 0 0 0 0 0 0 0 0 0 0 0 -999 
P1871 2038 10 0 0 0 0 7 0 0 0 0 0 0 0 0 0 0 0 0 0 28 0 19 0 40 0 0 0 0 31 24 15 0 
P1871 2038 11 0 15 0 31 62 98 53 25 0 0 29 0 0 0 27 39 0 26 44 25 0 0 0 21 0 12 38 68 88 50 -999 
P1871 2038 12 17 11 0 0 9 10 0 0 16 17 0 0 2 0 0 0 0 0 0 0 0 13 18 27 47 29 20 24 0 86 66 
P1871 2039 1 38 31 54 0 105 34 21 0 0 0 0 0 92 0 0 75 0 68 157 119 82 37 21 43 135 185 163 136 36 21 26 
P1871 2039 2 0 0 0 8 3 1 0 0 0 7 21 3 7 0 54 23 24 17 0 15 59 90 84 55 25 65 57 24 -999 -999 -999 
P1871 2039 3 27 0 0 0 41 35 0 0 13 27 28 0 50 0 8 0 0 0 0 0 70 39 0 7 0 16 0 6 0 0 0 
P1871 2039 4 0 0 0 0 0 0 0 0 9 0 0 0 0 0 0 0 0 0 0 0 6 8 5 0 0 0 0 0 0 0 -999 
P1871 2039 5 0 0 0 19 24 0 0 0 0 0 62 0 11 0 19 0 36 0 0 21 0 24 0 0 25 28 27 29 34 27 0 
P1871 2039 6 0 0 0 20 0 12 20 34 51 0 0 7 9 0 0 0 31 45 0 0 0 0 0 0 0 0 5 0 0 0 -999 
P1871 2039 7 0 0 0 0 0 0 0 0 0 0 0 0 0 0 0 22 0 0 0 0 0 0 0 0 0 0 0 0 0 0 0 
P1871 2039 8 0 0 0 0 0 0 0 0 0 0 0 0 0 0 0 0 0 0 0 0 0 0 0 0 0 0 0 0 13 0 0 
P1871 2039 9 0 0 0 0 0 0 14 0 0 0 0 14 0 0 0 0 0 0 0 0 0 0 0 0 0 0 0 0 0 19 -999 
P1871 2039 10 30 20 0 0 7 0 0 0 0 0 20 0 0 7 0 0 0 11 0 66 68 75 44 82 86 0 0 24 36 0 28 
P1871 2039 11 0 64 12 0 0 0 0 0 0 0 6 0 0 0 0 30 18 7 11 0 0 0 5 0 0 0 15 55 62 39 -999 
P1871 2039 12 53 0 6 0 0 0 1 0 0 0 0 9 15 27 48 41 0 199 80 0 0 8 0 0 0 0 0 0 0 0 0 
P1871 2040 1 0 2 0 0 2 0 1 0 0 0 8 0 0 3 11 20 25 0 0 0 0 0 0 0 0 0 0 0 21 28 81 
P1871 2040 2 52 16 52 0 81 0 0 0 0 0 0 36 0 0 0 121 69 142 124 138 49 36 50 64 0 39 0 49 -999 -999 -999 
P1871 2040 3 0 0 39 0 38 0 0 35 28 0 3 0 0 0 3 0 0 5 0 0 0 0 0 0 0 0 0 0 0 15 0 
P1871 2040 4 18 0 0 30 54 58 35 0 0 15 0 0 0 0 0 0 0 0 0 10 0 0 0 5 0 39 21 0 0 12 -999 
P1871 2040 5 0 0 0 0 0 0 32 9 0 0 0 0 0 0 0 0 0 0 0 0 0 0 0 0 21 14 0 0 0 0 0 
P1871 2040 6 0 0 0 22 22 0 6 0 21 36 31 0 26 0 0 0 13 15 0 0 23 0 7 8 0 0 0 0 0 0 -999 
P1871 2040 7 0 0 0 0 0 0 0 0 0 0 0 0 0 0 0 0 0 0 0 0 0 0 0 0 0 0 0 0 0 0 0 
P1871 2040 8 0 0 0 0 13 0 0 0 0 0 0 0 0 0 0 0 16 0 0 0 0 0 0 0 0 0 0 0 11 0 0 
P1871 2040 9 0 0 0 0 13 0 0 0 0 0 0 0 0 0 32 31 0 0 0 0 0 0 0 0 0 0 5 0 0 0 -999 
P1871 2040 10 0 0 0 0 0 0 0 35 46 45 19 0 26 0 0 0 62 144 0 0 13 0 17 27 28 6 0 0 0 0 0 
P1871 2040 11 0 0 0 0 8 0 0 0 0 0 16 0 0 87 71 0 73 0 25 0 3 0 0 22 14 0 0 26 27 0 -999 
P1871 2040 12 23 0 0 0 7 5 0 24 33 17 0 0 0 0 0 0 1 0 0 0 0 0 0 0 0 0 0 0 0 0 0 
P1871 2041 1 0 0 0 0 0 0 14 14 9 7 7 0 0 0 9 0 12 0 5 3 0 0 0 103 58 40 86 0 0 0 53 
P1871 2041 2 0 0 7 0 0 0 0 21 39 44 31 46 27 28 53 110 53 19 13 14 0 0 0 0 0 0 0 0 -999 -999 -999 
P1871 2041 3 0 0 0 0 0 0 0 21 34 0 0 0 3 3 0 2 0 0 0 0 1 0 0 0 5 0 5 0 0 0 0 
P1871 2041 4 0 8 0 0 9 0 0 0 26 0 0 0 25 0 0 0 0 0 0 0 0 16 0 3 0 0 0 12 0 0 -999 
P1871 2041 5 0 21 32 0 0 0 0 0 22 17 0 0 0 0 0 0 0 36 40 27 0 0 0 0 0 0 8 3 0 0 0 
P1871 2041 6 0 17 0 9 0 0 0 0 0 25 29 0 18 0 0 0 4 16 34 0 0 0 5 0 0 0 0 0 0 0 -999 
P1871 2041 7 0 0 0 0 0 0 0 0 0 0 0 0 0 0 0 0 0 0 0 0 0 15 0 0 0 10 0 0 0 0 0 
P1871 2041 8 0 0 0 0 0 0 0 0 0 0 0 0 0 0 0 0 0 0 0 0 0 0 0 0 0 0 0 0 0 0 0 
P1871 2041 9 0 5 25 0 0 12 0 15 0 14 0 0 6 0 0 18 0 13 0 26 0 0 0 10 0 0 0 2 0 0 -999 
P1871 2041 10 0 0 0 0 0 0 0 0 0 0 0 11 25 0 0 0 0 0 0 0 0 0 21 0 0 12 0 14 0 0 30 
P1871 2041 11 63 121 0 29 0 0 0 0 0 0 0 0 0 0 0 0 0 0 21 15 33 21 0 0 64 40 22 19 14 15 -999 
P1871 2041 12 30 62 124 65 0 21 0 0 21 0 0 0 0 0 0 0 0 0 0 8 16 9 0 0 0 0 22 50 61 37 39 
P1871 2042 1 0 46 57 64 28 0 0 0 0 28 0 11 6 0 8 0 23 0 59 0 5 2 0 0 29 0 34 54 13 5 3 
P1871 2042 2 0 0 5 0 0 0 0 0 6 0 0 9 8 0 0 0 9 0 2 1 0 0 0 42 0 0 0 0 -999 -999 -999 
P1871 2042 3 11 9 0 0 0 0 0 0 0 0 0 0 0 13 0 0 0 0 38 40 38 32 41 43 42 44 0 0 33 16 9 
P1871 2042 4 0 9 5 0 3 12 0 0 0 0 0 0 0 0 0 52 62 0 25 28 13 0 0 22 0 8 0 0 0 49 -999 
P1871 2042 5 0 49 63 61 0 50 0 39 0 0 0 40 77 0 0 0 15 12 10 0 0 0 11 0 4 9 13 0 0 0 17 
P1871 2042 6 16 20 0 33 40 31 0 32 17 0 0 0 0 0 0 0 16 15 0 0 0 0 0 0 0 0 0 0 0 0 -999 
P1871 2042 7 0 0 0 0 0 0 0 0 0 0 0 0 0 0 0 0 0 0 0 0 0 0 0 0 0 0 0 0 0 0 0 
P1871 2042 8 0 0 0 0 0 0 0 0 0 0 0 11 0 0 0 0 0 0 0 0 0 0 0 0 0 0 0 0 7 0 0 
P1871 2042 9 0 0 0 0 0 0 0 0 0 0 0 11 0 0 0 0 0 0 0 0 0 0 0 0 0 0 0 0 0 0 -999 
P1871 2042 10 0 0 0 0 0 0 0 0 0 12 7 0 0 9 0 0 0 0 10 0 0 10 0 0 0 0 0 0 0 0 5 
P1871 2042 11 0 0 9 0 0 17 12 12 16 20 0 0 49 0 0 0 0 0 0 0 20 45 32 14 0 37 43 0 26 0 -999 
P1871 2042 12 18 22 11 18 80 22 21 0 0 0 0 25 0 0 0 0 0 0 35 57 0 40 27 0 0 0 20 21 31 68 46 
P1871 2043 1 0 5 0 0 0 1 4 0 0 0 22 0 24 44 103 82 71 64 15 0 5 2 0 0 0 0 0 0 0 0 0 
P1871 2043 2 0 0 0 0 0 7 5 7 0 46 37 0 7 11 57 81 0 30 0 0 0 0 19 16 7 13 0 0 -999 -999 -999 
P1871 2043 3 36 26 0 0 7 10 11 8 8 18 45 0 45 0 38 41 61 60 38 0 15 0 76 75 51 60 0 34 59 118 53 
P1871 2043 4 99 96 0 0 0 0 0 47 50 39 0 0 35 0 0 0 0 0 0 0 0 0 41 0 0 0 29 0 80 34 -999 
P1871 2043 5 23 15 0 0 0 0 0 0 0 0 22 0 0 0 0 36 56 46 50 58 0 0 0 6 0 0 0 0 0 0 0 
P1871 2043 6 0 0 26 0 0 0 0 0 9 0 3 0 0 0 0 0 0 0 16 0 0 0 0 0 0 0 0 0 0 0 -999 
P1871 2043 7 0 0 2 0 8 0 0 0 0 0 0 0 0 0 0 0 0 0 0 0 0 0 0 14 0 0 0 0 0 0 0 
P1871 2043 8 0 16 0 0 0 0 0 0 0 0 0 0 0 0 0 0 0 0 0 0 0 0 0 0 0 17 21 0 0 0 0 
P1871 2043 9 0 0 0 0 0 0 0 0 8 0 0 0 0 0 0 0 0 0 3 0 0 0 0 0 0 0 0 0 0 9 -999 
P1871 2043 10 6 0 0 0 5 0 0 0 0 0 0 0 32 0 16 0 0 0 0 0 27 19 22 0 0 0 0 9 0 30 16 
P1871 2043 11 0 24 28 41 156 134 0 9 0 0 2 0 0 0 0 0 0 0 23 0 65 75 0 0 0 55 62 36 0 38 -999 
P1871 2043 12 22 5 24 71 63 50 0 0 0 0 1 0 0 0 0 0 0 10 0 8 0 0 0 0 0 0 0 0 0 0 0 
P1871 2044 1 0 0 0 5 4 0 16 15 0 15 26 32 0 25 20 0 0 60 65 39 33 18 0 0 55 60 0 13 0 0 0 
P1871 2044 2 0 0 13 53 21 14 0 4 0 23 0 0 0 0 0 0 25 6 0 0 0 0 0 1 0 0 0 0 -999 -999 -999 
P1871 2044 3 0 16 0 3 0 0 0 4 0 0 0 0 10 0 0 20 0 0 0 0 0 0 0 0 6 0 0 0 21 19 23 
P1871 2044 4 25 31 35 0 18 0 0 0 40 30 11 15 0 0 0 0 0 0 9 0 0 6 11 0 0 0 0 28 38 36 -999 
P1871 2044 5 34 0 23 0 21 23 0 51 52 68 72 64 39 0 0 0 15 11 0 9 0 0 0 0 11 12 12 9 7 0 0 
P1871 2044 6 3 0 0 0 0 8 0 0 0 0 0 0 0 26 30 0 0 17 0 29 36 46 25 0 0 0 0 15 0 0 -999 
P1871 2044 7 0 0 0 0 0 0 0 0 0 0 0 0 0 0 0 0 14 18 0 0 0 0 0 13 0 0 0 0 0 0 0 
P1871 2044 8 0 0 0 0 0 0 0 0 0 0 0 0 0 0 0 0 0 0 0 0 0 0 0 0 0 0 0 0 0 0 0 
P1871 2044 9 0 10 0 0 0 0 0 0 0 0 0 0 0 6 0 0 0 0 0 0 0 0 0 13 0 0 0 7 5 11 -999 
P1871 2044 10 14 0 0 0 0 2 0 0 0 0 0 30 0 0 0 0 0 0 34 43 0 0 0 81 66 41 0 0 0 9 0 
P1871 2044 11 3 0 0 0 18 0 0 8 0 0 0 0 60 72 25 26 0 0 0 0 77 56 0 11 0 20 0 6 5 0 -999 
P1871 2044 12 0 0 0 0 0 0 0 4 0 0 0 0 0 0 0 0 18 48 98 187 62 45 60 0 0 0 33 0 0 0 10 
P1871 2045 1 18 35 100 0 68 36 0 64 89 83 0 68 0 18 11 0 0 0 0 0 2 0 0 0 0 0 2 6 0 0 16 
P1871 2045 2 0 0 13 9 7 17 0 13 0 0 49 94 60 0 7 0 0 0 0 0 32 35 31 22 56 126 152 167 -999 -999 -999 
P1871 2045 3 40 10 0 40 29 0 28 48 84 91 0 49 55 71 0 30 39 0 0 0 0 1 0 0 3 0 0 3 3 0 0 
P1871 2045 4 0 0 0 0 0 10 0 12 0 0 0 21 0 40 71 48 0 12 0 7 0 0 0 0 0 0 0 0 0 0 -999 
P1871 2045 5 0 0 0 56 22 0 0 0 0 0 0 0 0 0 0 0 0 0 0 54 41 0 0 44 0 0 0 28 33 29 0 
P1871 2045 6 0 19 0 4 0 0 0 0 0 0 0 0 0 0 26 19 0 0 0 0 0 0 0 0 0 0 0 0 0 0 -999 
P1871 2045 7 24 0 0 0 0 0 0 0 0 0 0 0 0 0 0 0 0 0 0 0 0 0 0 0 0 0 0 0 0 0 0 
P1871 2045 8 0 0 0 0 0 0 0 0 0 0 0 0 0 0 0 0 0 0 0 0 0 15 0 0 0 0 0 0 0 0 0 
P1871 2045 9 0 0 0 26 0 0 0 25 0 14 0 0 0 0 0 0 0 0 0 0 3 0 0 0 0 0 0 0 0 0 -999 
P1871 2045 10 0 0 0 0 0 0 15 20 15 12 12 9 0 36 12 5 0 0 12 20 21 0 0 0 0 9 5 0 4 0 0 
P1871 2045 11 0 0 0 0 30 12 8 7 0 0 0 0 0 0 7 0 0 0 38 0 0 0 0 0 7 12 15 0 15 0 -999 
P1871 2045 12 11 0 0 0 0 0 0 4 9 0 57 8 4 1 0 0 0 0 2 0 3 0 0 65 63 11 0 0 0 0 0 
P1871 2046 1 14 20 12 0 5 0 0 0 0 0 0 0 10 0 0 0 0 41 65 41 57 76 67 84 56 74 67 68 94 0 46 
P1871 2046 2 53 9 10 0 0 22 0 0 0 0 0 26 53 41 43 92 111 77 0 41 0 11 0 18 17 21 0 42 -999 -999 -999 
P1871 2046 3 18 12 24 45 0 0 0 6 0 0 0 0 4 0 0 11 6 0 0 0 0 0 0 0 36 51 35 19 0 0 32 
P1871 2046 4 43 22 0 0 0 0 26 0 64 69 0 21 33 52 47 42 58 39 0 23 0 29 49 38 0 44 40 34 31 0 -999 
P1871 2046 5 32 0 0 0 0 0 0 0 0 0 26 0 0 29 0 0 26 15 16 0 26 0 50 55 101 46 0 12 18 0 0 
P1871 2046 6 32 0 0 0 73 41 0 0 0 0 0 0 0 0 0 0 0 0 0 0 0 0 0 0 0 0 0 0 0 0 -999 
P1871 2046 7 0 0 0 0 0 0 0 0 0 0 0 0 0 0 0 0 0 0 0 0 0 0 0 0 0 0 0 0 0 0 0 
P1871 2046 8 0 0 0 0 0 0 0 0 0 0 0 0 0 0 0 0 0 0 0 0 0 8 0 0 0 0 0 0 0 0 0 
P1871 2046 9 0 0 0 0 18 0 0 0 0 0 0 0 0 0 0 0 0 0 6 0 0 0 12 0 8 0 9 0 0 0 -999 
P1871 2046 10 0 0 23 19 0 0 0 0 0 0 21 0 0 0 0 0 0 0 0 0 0 0 0 0 0 8 0 5 0 0 10 
P1871 2046 11 29 39 68 83 23 15 0 4 0 0 0 0 0 2 0 0 5 0 0 0 0 0 0 0 11 0 0 0 3 0 -999 
P1871 2046 12 0 0 0 0 0 0 0 0 0 0 0 0 11 0 7 0 8 9 0 0 0 0 0 0 7 15 7 3 0 0 0 
P1871 2047 1 15 21 31 52 28 32 0 0 28 42 49 0 0 9 11 53 22 23 0 0 22 19 0 0 0 8 0 30 27 0 20 
P1871 2047 2 33 12 4 0 0 5 0 10 7 0 0 15 41 0 0 0 0 11 0 0 25 0 21 0 0 0 0 0 -999 -999 -999 
P1871 2047 3 0 0 0 18 24 0 0 0 0 23 0 20 0 0 0 0 12 0 0 0 0 0 4 0 0 0 0 0 0 0 0 
P1871 2047 4 19 0 0 12 0 0 0 0 0 0 0 0 0 0 0 0 48 59 0 38 0 0 0 0 0 0 0 0 43 42 -999 
P1871 2047 5 24 0 30 0 15 35 30 16 8 0 0 0 0 51 66 39 0 0 0 0 0 0 54 0 0 10 7 0 0 0 0 
P1871 2047 6 0 0 0 0 0 0 0 0 0 0 0 0 0 0 0 0 0 0 0 0 0 0 0 0 0 0 0 0 0 0 -999 
P1871 2047 7 0 0 0 0 0 0 0 0 0 0 0 0 0 0 0 10 0 0 22 0 0 0 0 0 0 0 0 0 0 0 0 
P1871 2047 8 0 0 0 0 0 0 0 0 0 0 20 0 0 0 0 0 0 0 0 0 0 0 0 0 0 7 0 0 0 0 0 
P1871 2047 9 0 0 15 0 0 0 0 0 14 12 0 7 5 0 0 6 0 0 0 8 0 0 0 0 0 43 0 14 14 0 -999 
P1871 2047 10 16 0 26 51 43 0 0 0 35 21 0 6 0 0 0 0 0 0 0 0 0 0 0 0 0 0 21 23 0 15 15 
P1871 2047 11 0 0 0 0 0 0 6 0 0 11 0 0 0 0 0 0 0 0 0 30 15 0 0 0 0 9 0 0 35 0 -999 
P1871 2047 12 0 67 0 49 155 139 130 94 0 0 0 0 0 0 58 45 13 24 84 113 38 48 38 49 47 30 0 0 21 0 0 
P1871 2048 1 0 0 0 0 0 4 0 0 0 0 0 0 0 0 0 0 0 0 0 9 0 11 0 0 0 48 94 0 0 0 24 
P1871 2048 2 31 15 0 4 6 0 24 83 0 22 0 0 1 0 9 0 0 0 0 0 0 0 9 6 0 7 0 0 -999 -999 -999 
P1871 2048 3 0 0 0 0 0 0 0 0 0 0 0 0 8 0 0 0 0 0 34 0 23 0 19 0 6 0 0 19 0 0 28 
P1871 2048 4 19 0 0 0 0 0 61 87 40 17 0 57 74 0 31 0 52 0 103 97 52 0 38 37 20 30 30 20 21 0 -999 
P1871 2048 5 0 0 25 23 0 0 0 12 0 0 0 0 0 24 0 0 0 0 0 0 41 52 37 24 0 28 0 40 0 0 0 
P1871 2048 6 0 0 0 0 0 0 0 0 17 20 0 8 0 0 0 0 0 4 0 0 0 0 0 0 0 0 0 0 0 0 -999 
P1871 2048 7 0 0 0 0 0 0 0 0 0 0 0 0 0 0 0 0 0 0 0 0 0 0 0 0 0 0 0 0 0 0 0 
P1871 2048 8 0 0 0 0 0 0 0 0 0 0 0 0 0 0 0 0 0 18 15 0 0 0 0 0 0 0 0 0 0 0 0 
P1871 2048 9 0 0 0 0 0 0 0 0 0 0 0 0 0 0 0 7 8 0 0 0 0 0 0 0 0 8 0 0 0 0 -999 
P1871 2048 10 0 24 39 0 0 0 8 8 0 0 0 0 0 30 26 50 40 0 0 8 3 0 24 37 21 16 0 0 0 28 32 
P1871 2048 11 24 30 20 0 0 15 48 35 0 8 0 0 3 0 0 0 43 24 0 0 0 0 0 0 4 0 0 40 123 128 -999 
P1871 2048 12 58 41 57 38 6 0 0 0 0 0 3 6 0 22 0 0 0 28 63 196 88 12 0 0 0 0 0 0 0 0 0 
P1871 2049 1 15 44 79 0 20 0 9 0 0 0 0 0 6 0 0 0 0 0 0 0 0 0 0 0 8 0 3 0 0 0 0 
P1871 2049 2 0 0 0 5 10 19 35 54 33 49 52 82 153 102 59 140 102 89 76 53 83 74 45 166 108 121 78 0 -999 -999 -999 
P1871 2049 3 49 69 85 86 0 38 0 0 37 47 34 0 0 40 31 0 0 31 0 0 0 0 0 0 0 0 11 0 0 7 0 
P1871 2049 4 0 33 10 0 30 0 0 0 0 0 0 8 0 14 0 0 8 5 0 0 0 0 0 0 0 0 0 0 0 12 -999 
P1871 2049 5 0 42 0 17 0 0 0 19 0 0 0 0 0 8 0 0 0 0 22 31 0 0 12 0 0 0 0 0 0 0 0 
P1871 2049 6 0 41 15 0 0 0 0 0 0 0 0 0 0 13 0 11 0 0 12 0 0 0 0 0 0 0 24 0 0 0 -999 
P1871 2049 7 0 0 0 0 0 0 51 0 11 0 0 0 0 0 0 0 0 0 0 0 0 0 0 0 0 0 0 0 0 0 0 
P1871 2049 8 0 0 0 0 0 0 0 0 0 0 0 0 0 0 0 0 0 0 0 0 0 0 0 0 0 0 0 0 7 0 0 
P1871 2049 9 0 0 11 0 0 0 16 10 11 0 0 0 11 7 3 0 0 0 0 0 0 5 0 0 14 0 0 0 0 0 -999 
P1871 2049 10 0 0 0 0 0 0 0 0 0 16 0 0 0 0 0 70 24 25 0 13 12 0 7 0 45 36 55 52 23 26 6 
P1871 2049 11 0 21 0 28 0 25 81 127 101 0 0 0 0 0 0 11 8 0 16 0 0 10 0 12 17 0 0 0 0 0 -999 
P1871 2049 12 0 25 42 0 0 0 0 0 13 21 10 0 0 12 0 79 14 1 0 0 2 0 20 0 23 25 10 5 0 0 0 
P1871 2050 1 3 2 0 0 5 7 0 0 31 0 108 78 113 101 43 135 77 135 0 0 3 0 16 15 0 20 17 0 0 0 15 
P1871 2050 2 0 0 0 12 0 0 0 23 36 0 15 0 0 0 1 1 0 0 0 0 1 0 0 3 8 0 0 0 -999 -999 -999 
P1871 2050 3 0 0 0 0 0 0 0 0 0 0 0 0 14 0 16 0 0 0 45 30 19 18 0 45 54 0 0 0 29 0 0 
P1871 2050 4 0 30 0 0 20 0 0 30 0 0 48 95 18 0 0 18 41 28 24 35 27 64 30 21 0 0 0 0 0 30 -999 
P1871 2050 5 0 53 0 27 0 0 0 30 0 0 23 0 0 0 0 0 0 0 0 0 0 0 0 17 0 0 32 0 0 0 15 
P1871 2050 6 0 0 0 0 0 0 0 0 0 0 14 0 0 0 0 0 0 3 0 0 0 0 0 8 0 0 0 0 14 0 -999 
P1871 2050 7 0 0 0 0 0 0 0 0 0 0 14 0 0 0 0 0 0 0 0 0 10 0 0 0 0 0 0 0 0 0 0 
P1871 2050 8 0 15 0 0 23 0 17 0 0 0 0 11 0 0 0 0 0 28 0 0 0 0 0 0 0 0 0 0 0 0 0 
P1871 2050 9 0 0 0 0 0 0 0 0 0 0 0 0 0 0 12 0 0 0 0 0 0 0 0 0 9 0 0 0 0 2 -999 
P1871 2050 10 0 0 0 0 5 9 10 0 18 0 0 0 0 12 43 43 32 29 0 0 26 19 0 8 10 0 23 42 44 0 0 
P1871 2050 11 0 14 0 0 0 13 0 0 16 13 0 0 20 26 43 15 0 12 0 0 26 12 37 80 21 8 30 0 14 6 -999 
P1871 2050 12 0 0 30 15 13 0 0 12 0 0 0 18 41 69 0 0 0 24 15 0 7 0 0 0 6 0 0 0 0 6 0 
P1871 2051 1 0 16 0 0 0 0 7 0 17 32 26 37 100 46 67 0 6 0 13 4 10 10 0 6 0 14 0 0 0 21 36 
P1871 2051 2 41 47 0 37 23 0 12 0 6 0 6 5 0 0 0 0 21 20 22 43 0 28 0 0 0 0 46 0 -999 -999 -999 
P1871 2051 3 0 0 0 0 35 0 17 0 0 34 0 32 45 0 31 28 46 0 12 12 22 0 0 0 0 19 12 0 0 0 17 
P1871 2051 4 22 0 0 14 0 0 0 0 46 54 0 10 11 0 0 34 0 0 0 0 0 0 7 0 0 0 0 0 0 9 -999 
P1871 2051 5 0 0 18 0 12 0 4 0 29 13 7 5 0 0 0 20 0 12 0 0 0 0 0 0 14 0 0 0 0 0 0 
P1871 2051 6 0 21 34 17 0 22 0 16 27 0 23 0 0 4 0 0 0 0 0 0 0 0 0 0 0 0 0 0 0 0 -999 
P1871 2051 7 0 0 0 17 0 10 0 0 0 0 0 0 0 0 0 0 0 0 0 0 0 0 0 0 0 0 0 12 0 0 0 
P1871 2051 8 0 0 0 0 0 0 0 0 0 0 0 0 0 0 0 0 0 0 0 0 0 0 0 0 0 0 0 0 0 0 4 
P1871 2051 9 0 0 0 0 0 0 0 0 0 0 0 0 4 0 0 0 0 0 0 16 0 0 0 0 0 0 0 3 0 0 -999 
P1871 2051 10 0 0 0 3 0 22 17 0 0 0 0 0 0 0 32 0 0 0 0 0 5 0 0 0 0 0 0 0 58 35 0 
P1871 2051 11 0 0 11 0 0 0 0 0 0 0 0 0 54 50 0 0 10 0 48 0 27 34 61 0 0 26 0 0 15 29 -999 
P1871 2051 12 8 9 0 5 0 78 88 55 24 0 8 0 0 12 0 34 0 0 36 29 25 0 0 0 0 0 6 0 0 0 0 
P1871 2052 1 0 0 0 0 12 3 0 0 0 0 0 0 3 4 0 0 0 0 0 0 0 0 0 0 8 9 18 0 2 0 1 
P1871 2052 2 0 0 0 4 0 0 0 0 0 0 0 9 7 0 22 0 0 32 19 0 15 8 7 0 18 25 0 4 -999 -999 -999 
P1871 2052 3 0 0 0 0 0 0 41 0 0 0 0 0 0 33 0 21 0 0 0 0 0 70 31 32 54 47 25 0 0 0 0 
P1871 2052 4 0 0 0 0 8 4 0 0 3 0 0 0 2 3 0 0 0 0 4 0 0 0 11 0 0 0 0 0 19 0 -999 
P1871 2052 5 0 25 0 11 0 43 0 31 27 0 0 0 0 20 0 0 0 0 0 0 0 0 0 0 28 24 0 0 0 27 27 
P1871 2052 6 0 0 0 22 0 0 0 0 0 0 27 39 35 0 0 0 0 0 10 0 0 0 0 0 0 0 0 9 0 0 -999 
P1871 2052 7 0 0 0 0 0 0 0 0 10 0 0 0 0 0 0 0 0 0 0 0 0 0 0 0 0 0 0 0 0 0 0 
P1871 2052 8 0 0 0 0 0 0 0 0 0 0 0 0 0 0 0 14 0 0 0 0 0 0 0 16 0 0 0 0 0 0 0 
P1871 2052 9 0 0 0 0 0 0 0 0 0 0 0 0 0 0 0 0 17 15 0 18 0 0 0 0 0 0 0 0 5 0 -999 
P1871 2052 10 0 0 0 0 0 0 0 17 0 0 0 0 0 16 0 16 12 0 3 0 0 0 0 0 0 0 0 0 0 0 0 
P1871 2052 11 0 0 0 0 0 0 0 0 0 10 5 0 8 0 19 14 0 0 0 9 0 0 11 19 35 0 102 45 37 46 -999 
P1871 2052 12 43 0 30 0 38 0 10 0 39 132 116 40 83 93 0 13 22 0 0 0 0 0 0 0 12 0 5 0 0 39 25 
P1871 2053 1 0 0 0 0 0 0 0 0 0 0 0 0 0 0 0 5 0 0 3 0 0 0 0 5 0 0 0 0 0 0 0 
P1871 2053 2 0 51 44 72 73 66 79 36 39 25 20 13 0 0 0 0 10 18 0 4 0 0 0 0 22 22 0 130 -999 -999 -999 
P1871 2053 3 122 40 21 29 48 44 7 0 0 39 35 0 0 25 32 0 52 76 0 0 0 26 15 0 0 0 0 0 0 24 0 
P1871 2053 4 33 0 11 0 0 0 0 50 19 0 31 58 0 0 0 0 0 0 0 0 0 0 12 8 0 6 0 9 0 0 -999 
P1871 2053 5 25 26 29 0 0 0 0 0 35 0 19 0 0 0 0 0 0 0 0 0 35 30 36 42 0 14 16 17 0 12 0 
P1871 2053 6 17 0 0 0 0 0 14 0 0 0 0 0 0 0 0 0 0 7 0 0 4 4 0 0 0 0 0 0 0 0 -999 
P1871 2053 7 0 0 0 0 0 0 0 0 0 0 0 0 0 0 0 0 0 0 0 0 0 0 0 22 0 0 0 0 0 0 0 
P1871 2053 8 0 0 0 0 0 0 0 0 0 0 0 0 14 0 20 13 0 0 0 0 16 0 0 0 0 0 0 0 0 0 0 
P1871 2053 9 0 11 0 0 0 0 0 0 6 9 0 0 0 0 0 0 0 0 0 0 0 0 10 0 0 0 0 0 0 0 -999 
P1871 2053 10 0 0 0 0 0 0 0 0 30 0 0 0 7 0 17 32 22 0 10 0 0 0 0 13 0 22 0 17 0 0 27 
P1871 2053 11 0 25 47 0 28 38 0 14 0 74 40 0 23 0 0 70 84 76 16 0 0 16 21 23 10 0 0 18 20 42 -999 
P1871 2053 12 0 0 25 0 0 0 1 0 3 1 0 4 0 0 19 19 0 7 0 0 0 13 0 0 50 75 0 40 67 66 54 
P1871 2054 1 59 0 82 70 53 72 0 34 59 47 0 51 71 98 52 43 49 0 0 3 0 0 9 7 0 16 19 120 112 0 0 
P1871 2054 2 0 72 75 33 6 0 19 44 0 0 0 0 26 27 20 18 0 0 9 0 0 0 4 0 0 0 0 0 -999 -999 -999 
P1871 2054 3 0 0 0 0 0 0 0 1 2 0 3 8 0 0 6 0 13 44 0 0 15 0 35 0 0 0 0 0 42 51 49 
P1871 2054 4 0 28 0 21 43 77 98 76 32 0 37 68 31 0 15 0 26 29 30 0 0 0 0 0 0 0 0 0 47 52 -999 
P1871 2054 5 36 23 23 27 16 17 0 0 0 0 0 27 13 0 0 37 0 20 18 22 0 45 31 80 72 31 15 0 0 13 0 
P1871 2054 6 0 0 0 0 0 12 0 0 0 0 0 0 0 0 0 0 0 0 0 0 0 0 0 0 0 0 0 0 8 0 -999 
P1871 2054 7 0 0 4 0 0 0 0 0 0 0 0 0 8 0 0 0 0 0 0 0 0 0 0 0 0 0 0 0 0 0 0 
P1871 2054 8 0 0 0 0 0 0 0 0 0 0 0 0 12 11 0 0 0 0 0 19 0 0 5 0 17 0 0 0 0 6 7 
P1871 2054 9 8 0 0 15 0 0 0 0 0 0 0 0 0 26 0 0 0 0 0 0 0 0 27 37 0 0 0 9 0 0 -999 
P1871 2054 10 41 0 29 0 0 0 0 0 0 0 0 0 0 0 0 0 0 0 0 0 0 0 0 30 67 38 25 18 19 0 0 
P1871 2054 11 45 0 10 0 0 0 0 0 55 88 65 46 20 0 0 62 21 0 0 76 26 0 0 3 0 3 0 0 0 0 -999 
P1871 2054 12 9 8 9 3 0 0 0 0 0 0 0 33 36 17 0 8 0 0 0 0 0 0 0 46 112 83 94 83 80 55 34 
P1871 2055 1 25 0 0 50 0 11 0 30 7 30 76 0 21 12 0 12 33 96 88 0 0 0 0 0 0 0 0 0 8 0 0 
P1871 2055 2 0 0 0 13 0 21 38 41 0 0 0 0 2 0 0 0 12 5 0 0 4 6 0 0 0 0 0 5 -999 -999 -999 
P1871 2055 3 21 0 0 52 0 25 0 0 14 0 0 0 40 0 0 0 0 0 0 9 6 0 0 0 38 27 0 24 16 1 0 
P1871 2055 4 0 0 6 0 14 13 7 0 0 0 14 0 0 0 0 0 0 0 0 0 0 0 0 14 24 17 21 22 9 0 -999 
P1871 2055 5 0 6 1 0 0 0 0 0 8 21 58 60 29 16 0 0 6 0 14 0 12 0 0 0 26 43 0 19 0 0 0 
P1871 2055 6 0 12 13 0 15 0 0 0 0 0 0 0 0 0 0 0 0 0 0 0 0 0 0 0 0 0 0 0 0 0 -999 
P1871 2055 7 0 0 0 0 0 0 0 0 0 0 0 0 0 0 0 0 0 0 0 0 0 0 0 0 0 0 0 0 0 0 0 
P1871 2055 8 0 0 0 14 0 0 0 0 0 0 0 0 0 0 0 0 0 0 0 0 0 0 0 0 0 0 0 0 0 0 0 
P1871 2055 9 0 0 0 0 0 0 0 0 0 0 0 0 0 0 0 13 22 0 0 0 0 0 0 0 7 0 0 0 0 0 -999 
P1871 2055 10 35 0 19 28 0 0 0 0 15 0 0 34 0 0 0 0 75 74 0 45 13 0 0 0 0 0 11 7 0 0 0 
P1871 2055 11 0 0 0 24 0 0 70 0 0 12 14 0 0 0 16 18 43 0 0 0 6 0 40 16 0 0 65 48 0 106 -999 
P1871 2055 12 42 12 32 24 35 0 0 0 0 0 0 0 13 0 6 0 0 0 0 0 0 0 7 0 0 9 17 31 50 52 29 
P1871 2056 1 0 0 16 37 58 67 89 91 55 84 58 0 0 6 0 0 0 9 0 7 0 7 0 0 25 31 0 0 0 0 0 
P1871 2056 2 0 49 58 0 41 0 51 0 0 0 95 90 44 90 116 0 16 0 0 0 0 76 0 0 48 0 0 0 -999 -999 -999 
P1871 2056 3 33 45 0 17 56 107 77 96 31 71 0 77 49 124 91 0 15 20 0 98 29 0 0 0 0 14 25 47 54 51 18 
P1871 2056 4 0 0 36 14 0 5 0 0 0 17 0 0 9 22 11 0 0 18 35 25 0 0 0 0 0 0 0 0 0 0 -999 
P1871 2056 5 0 0 0 0 0 0 30 28 40 0 38 36 17 12 8 0 0 0 0 16 17 0 23 0 0 0 0 0 0 0 44 
P1871 2056 6 46 23 0 0 0 0 0 0 25 0 0 0 0 8 0 0 11 0 0 0 0 0 0 0 10 0 0 0 0 0 -999 
P1871 2056 7 0 0 0 0 23 0 0 0 8 0 0 0 0 0 0 16 0 0 0 0 0 0 0 0 0 0 0 0 0 0 0 
P1871 2056 8 0 0 0 0 0 0 0 0 0 0 0 0 0 0 0 0 0 0 18 0 0 0 0 0 18 0 0 0 0 9 0 
P1871 2056 9 0 0 0 0 0 0 36 30 0 10 0 0 0 0 0 0 13 0 0 0 0 0 0 0 0 0 0 0 0 0 -999 
P1871 2056 10 0 15 0 9 0 0 0 35 0 0 13 0 3 0 14 16 0 0 19 16 0 13 28 43 71 115 46 0 0 0 0 
P1871 2056 11 21 0 0 0 0 0 0 44 60 0 0 66 29 0 66 56 0 6 6 0 0 0 2 0 0 0 0 0 0 0 -999 
P1871 2056 12 0 0 0 2 2 0 0 0 0 0 0 0 0 0 13 0 0 49 0 0 14 19 0 4 0 0 0 52 46 23 50 
P1871 2057 1 53 85 75 0 0 0 0 15 0 0 46 18 9 11 0 31 0 0 117 32 16 0 6 7 7 0 40 139 170 44 44 
P1871 2057 2 21 4 0 9 51 0 22 0 0 8 0 0 2 0 0 0 24 0 0 0 0 0 0 0 29 24 0 35 -999 -999 -999 
P1871 2057 3 19 38 43 0 9 1 0 0 0 0 0 10 0 0 48 46 0 74 78 0 36 10 0 0 0 0 0 63 40 31 0 
P1871 2057 4 32 0 37 19 14 11 0 0 0 21 0 0 35 34 51 55 52 54 28 0 0 16 52 0 0 0 0 3 0 0 -999 
P1871 2057 5 0 0 0 0 0 0 0 27 0 33 14 6 0 0 0 0 0 0 0 0 0 0 0 21 0 21 0 0 0 0 5 
P1871 2057 6 0 0 0 0 0 0 0 0 0 0 0 0 0 0 0 0 0 0 0 0 0 0 0 0 0 0 0 0 0 0 -999 
P1871 2057 7 0 0 0 0 0 0 0 0 0 0 0 7 0 0 0 0 0 0 0 0 0 0 0 0 0 0 0 0 0 0 0 
P1871 2057 8 13 0 10 0 0 0 0 0 0 0 0 0 0 0 0 0 0 0 0 0 0 0 0 4 0 0 0 0 0 0 0 
P1871 2057 9 12 26 19 0 0 0 4 0 7 0 11 0 8 0 0 0 0 0 3 0 0 0 0 0 0 0 0 0 14 0 -999 
P1871 2057 10 0 0 14 0 20 0 0 0 0 18 18 17 46 29 0 0 0 0 0 11 27 0 18 20 46 0 87 37 0 0 5 
P1871 2057 11 0 0 0 0 0 0 0 0 0 0 48 49 105 0 0 9 8 0 0 34 22 10 0 0 0 0 45 0 29 48 -999 
P1871 2057 12 74 37 90 17 24 0 8 0 0 0 0 0 0 0 0 3 0 0 31 31 34 0 46 92 63 14 15 0 0 0 0 
P1871 2058 1 22 22 11 0 8 17 27 0 32 0 20 42 102 61 121 150 63 63 34 0 0 0 0 0 0 0 57 0 0 71 47 
P1871 2058 2 22 14 0 0 70 54 29 38 0 20 15 48 18 0 0 0 0 0 0 3 0 0 0 0 11 0 0 0 -999 -999 -999 
P1871 2058 3 0 0 0 0 0 0 0 0 0 18 19 38 0 4 0 0 19 18 0 17 0 0 0 0 3 0 0 0 0 0 13 
P1871 2058 4 38 0 0 10 0 0 0 24 0 28 0 0 30 0 0 0 0 0 12 0 9 0 0 40 44 50 24 26 26 44 -999 
P1871 2058 5 0 24 22 0 27 40 35 0 8 0 0 0 0 0 0 18 0 0 0 0 0 0 19 0 0 0 0 0 0 0 0 
P1871 2058 6 0 0 0 0 0 0 0 0 28 31 0 0 0 0 18 15 0 17 0 0 0 0 0 0 0 0 0 0 0 0 -999 
P1871 2058 7 0 0 0 0 0 0 0 0 0 0 0 0 0 0 0 0 0 0 0 0 0 0 0 0 0 0 0 0 0 0 0 
P1871 2058 8 0 0 13 0 0 0 0 0 0 0 0 0 0 0 0 0 0 0 0 0 0 0 0 0 0 0 0 0 0 0 0 
P1871 2058 9 5 5 6 0 0 0 0 0 0 28 23 0 14 0 15 0 0 0 0 0 0 0 0 0 0 0 0 0 6 0 -999 
P1871 2058 10 10 0 0 0 49 0 20 0 0 0 0 0 0 0 0 0 0 0 0 16 41 0 0 0 16 0 5 6 6 0 0 
P1871 2058 11 0 0 0 0 0 13 0 0 72 16 0 13 0 0 25 5 0 0 0 0 0 0 0 5 0 0 6 5 0 7 -999 
P1871 2058 12 0 0 12 13 0 0 0 5 0 3 0 0 0 0 0 0 0 0 3 4 0 0 5 0 0 0 0 0 5 5 0 
P1871 2059 1 0 0 0 0 0 36 0 0 29 5 0 0 0 0 0 11 0 0 0 0 0 0 0 0 0 0 0 0 0 0 0 
P1871 2059 2 0 0 0 4 0 0 0 0 0 0 0 59 50 31 0 0 0 0 0 0 0 0 0 0 0 0 0 0 -999 -999 -999 
P1871 2059 3 0 0 0 0 0 0 0 0 0 0 0 0 0 0 0 0 0 23 36 10 0 0 0 0 0 0 17 0 30 50 58 
P1871 2059 4 32 0 0 0 0 0 0 55 55 63 34 49 0 0 0 20 0 44 0 0 27 0 43 114 50 8 10 0 0 0 -999 
P1871 2059 5 0 1 0 0 0 0 0 4 0 0 0 0 0 0 29 0 41 63 51 0 14 13 0 26 36 0 24 14 0 0 0 
P1871 2059 6 0 17 0 0 0 0 18 28 0 8 0 20 0 0 0 0 0 0 0 0 0 0 0 0 0 0 24 12 0 0 -999 
P1871 2059 7 0 0 0 0 0 0 0 0 0 0 0 0 0 0 0 0 0 0 0 0 0 0 0 0 0 0 0 0 0 0 0 
P1871 2059 8 0 0 0 0 0 0 0 0 0 0 0 0 0 3 0 0 0 0 0 0 0 0 0 0 0 0 0 0 0 0 0 
P1871 2059 9 0 0 0 0 0 0 0 0 0 0 0 0 0 0 0 0 0 0 0 9 0 0 0 0 0 0 0 24 0 0 -999 
P1871 2059 10 0 0 26 0 0 0 54 16 13 0 0 0 0 0 0 0 0 20 0 0 14 0 3 0 0 0 34 44 25 0 0 
P1871 2059 11 15 0 51 51 0 0 0 0 0 0 2 3 0 0 0 0 0 0 0 12 7 0 12 0 6 0 1 0 1 0 -999 
P1871 2059 12 0 0 0 14 0 42 0 0 0 26 30 26 27 0 6 5 0 0 0 4 5 6 0 16 0 73 71 38 0 0 12 
P1871 2060 1 0 0 0 0 17 12 0 13 0 0 73 69 96 54 38 0 0 7 3 0 0 0 0 3 0 0 0 0 0 0 0 
P1871 2060 2 40 0 0 0 0 0 0 12 0 3 0 32 0 0 0 0 0 0 0 15 0 0 0 11 0 0 0 27 -999 -999 -999 
P1871 2060 3 0 0 14 0 0 0 38 0 0 16 0 0 2 1 1 0 0 0 0 0 37 29 0 38 0 15 0 55 64 47 11 
P1871 2060 4 0 26 21 0 0 0 0 0 59 64 30 21 18 0 31 44 0 12 0 0 0 0 0 0 0 0 0 0 13 0 -999 
P1871 2060 5 0 13 31 41 0 0 0 0 0 0 0 24 9 3 0 0 0 0 0 0 0 0 16 0 0 0 0 0 0 26 0 
P1871 2060 6 0 0 18 0 0 0 0 7 0 0 0 0 0 0 0 0 0 0 20 0 0 0 0 0 0 0 0 0 0 0 -999 
P1871 2060 7 0 0 0 0 0 0 0 0 0 0 0 0 0 0 0 0 0 0 0 0 7 0 0 0 0 0 0 0 0 0 0 
P1871 2060 8 0 0 0 0 0 0 0 0 0 0 0 0 0 0 0 0 0 0 0 0 0 0 0 0 0 0 0 0 0 0 0 
P1871 2060 9 0 0 0 0 0 0 0 0 0 0 0 0 0 0 0 0 0 0 0 0 0 6 0 0 0 0 28 0 0 0 -999 
P1871 2060 10 0 8 0 0 0 0 0 0 0 0 0 0 0 0 0 0 0 0 0 0 0 0 0 0 0 0 0 0 0 0 0 
P1871 2060 11 0 0 0 0 0 50 0 37 65 51 0 0 0 0 0 0 70 89 93 67 0 0 7 0 0 0 0 0 0 10 -999 
P1871 2060 12 9 11 13 15 0 43 62 0 0 0 0 6 2 0 0 0 13 9 0 0 0 0 0 34 24 17 27 38 73 0 22 
P1871 2061 1 21 23 23 0 10 19 42 46 0 0 9 0 0 2 0 0 0 0 0 0 0 23 0 14 10 5 0 0 1 0 5 
P1871 2061 2 8 12 10 0 0 0 0 16 30 0 33 33 0 16 18 0 0 0 4 4 0 0 0 0 0 0 0 0 -999 -999 -999 
P1871 2061 3 23 0 0 0 0 0 0 0 38 44 0 0 0 0 23 25 0 66 33 0 25 0 39 0 88 20 0 14 0 0 0 
P1871 2061 4 50 0 79 0 28 13 0 26 22 31 29 0 0 0 0 0 0 0 43 23 0 5 0 0 0 0 0 0 0 0 -999 
P1871 2061 5 14 11 0 0 0 19 21 0 0 0 0 8 0 0 16 0 0 0 0 0 0 0 0 0 0 0 0 0 0 0 0 
P1871 2061 6 0 0 0 0 0 0 0 0 0 0 0 0 0 26 0 0 0 0 0 0 0 0 0 0 0 0 0 0 12 0 -999 
P1871 2061 7 0 0 0 0 0 0 0 0 0 0 0 0 0 0 0 0 0 0 0 0 0 0 0 0 0 0 0 0 0 0 0 
P1871 2061 8 12 0 0 0 0 0 0 0 0 0 0 0 0 0 0 0 0 0 0 0 0 0 0 0 0 0 0 0 14 0 0 
P1871 2061 9 0 0 0 0 0 0 0 0 0 0 0 0 0 34 0 0 21 18 0 0 0 0 21 0 0 0 33 0 0 0 -999 
P1871 2061 10 0 0 0 10 0 0 0 0 0 0 0 0 0 0 0 67 51 31 0 86 46 19 71 115 24 0 0 0 0 0 0 
P1871 2061 11 0 50 0 0 0 0 17 0 57 87 35 0 6 0 21 32 62 32 12 6 0 0 0 0 0 0 0 0 0 7 -999 
P1871 2061 12 0 2 0 0 0 9 0 4 0 0 20 41 17 14 0 0 20 0 8 9 19 0 17 0 0 0 0 6 11 20 0 
P1871 2062 1 0 11 11 0 0 0 0 4 0 0 0 2 0 0 9 0 0 34 0 1 0 0 0 0 19 51 63 37 0 0 33 
P1871 2062 2 0 0 20 0 0 0 0 0 17 24 41 9 0 0 0 16 9 8 0 0 0 0 0 0 0 37 24 0 -999 -999 -999 
P1871 2062 3 0 0 0 0 54 0 0 0 0 0 66 101 134 223 99 0 0 19 0 14 0 18 0 0 6 9 0 0 0 0 0 
P1871 2062 4 0 1 0 0 0 0 0 0 0 0 16 9 5 0 0 27 0 0 0 0 0 6 0 0 0 0 29 39 37 60 -999 
P1871 2062 5 22 0 0 0 0 0 0 0 0 37 0 0 0 0 0 0 10 0 0 0 0 0 0 0 0 0 0 0 0 0 0 
P1871 2062 6 0 0 0 0 0 0 0 0 0 0 0 0 0 0 0 0 0 0 0 0 0 14 0 0 0 0 0 0 0 0 -999 
P1871 2062 7 0 0 0 0 0 0 0 0 0 0 0 0 0 0 0 0 0 0 0 0 0 0 0 0 0 0 0 10 0 0 0 
P1871 2062 8 0 0 0 0 0 0 0 0 14 0 0 0 0 0 13 0 0 0 0 0 0 0 0 0 0 0 0 0 14 0 0 
P1871 2062 9 0 0 0 18 0 0 0 0 0 0 12 14 0 0 0 16 0 0 0 0 0 0 0 0 0 0 0 0 0 0 -999 
P1871 2062 10 0 0 15 50 92 92 0 0 10 18 0 0 11 10 6 0 57 24 0 0 17 0 18 0 5 8 0 0 0 0 0 
P1871 2062 11 0 4 0 0 0 0 13 0 0 0 6 0 0 43 0 0 0 40 62 0 0 14 31 27 0 33 0 1 0 0 -999 
P1871 2062 12 0 24 5 0 0 7 0 12 0 31 36 0 0 0 0 22 35 90 25 0 0 0 0 0 0 0 0 0 0 0 21 
P1871 2063 1 38 0 72 52 21 56 74 141 135 38 0 0 54 76 63 88 112 90 96 45 0 97 56 31 0 60 0 0 10 0 56 
P1871 2063 2 125 50 44 46 10 0 20 8 0 0 0 0 0 62 77 120 65 0 6 0 0 0 0 0 0 0 0 0 -999 -999 -999 
P1871 2063 3 0 2 0 0 0 0 0 17 0 0 32 50 0 64 53 89 39 0 0 8 0 0 18 31 109 82 89 47 62 44 0 
P1871 2063 4 0 0 0 0 0 53 0 0 74 34 0 0 0 17 0 0 29 11 12 0 11 15 20 15 0 0 0 0 17 0 -999 
P1871 2063 5 31 39 32 0 0 0 0 0 0 0 0 0 0 0 0 0 15 12 0 0 0 0 0 0 0 21 11 0 0 0 0 
P1871 2063 6 0 0 0 0 0 0 0 0 0 0 0 0 0 0 0 0 0 0 14 0 0 0 0 0 0 0 0 0 0 0 -999 
P1871 2063 7 0 0 0 0 0 0 0 0 0 0 0 0 0 0 0 0 0 0 0 0 0 0 0 0 11 0 0 0 0 0 0 
P1871 2063 8 0 0 0 0 0 0 0 0 27 0 0 0 0 0 0 0 0 0 0 0 0 0 0 16 0 18 0 0 0 0 0 
P1871 2063 9 0 0 0 0 16 0 0 0 0 0 0 0 0 0 21 19 0 0 25 13 0 0 0 0 0 21 17 0 0 0 -999 
P1871 2063 10 0 0 0 0 3 0 0 3 0 0 0 12 0 81 37 0 0 0 12 0 15 12 0 0 18 32 11 0 0 0 0 
P1871 2063 11 0 0 0 0 0 0 0 0 1 0 0 0 0 37 0 4 0 5 7 0 0 28 0 0 4 0 0 0 1 0 -999 
P1871 2063 12 0 2 0 0 0 0 0 0 2 3 0 13 10 0 0 8 0 0 0 0 0 0 0 0 0 0 0 0 0 0 0 
P1871 2064 1 0 0 0 0 0 0 3 0 0 0 0 0 5 0 0 59 0 0 4 0 0 0 0 0 0 35 31 0 15 28 33 
P1871 2064 2 31 54 0 0 21 0 0 10 0 3 2 1 0 0 0 2 0 0 0 0 0 0 0 0 3 0 0 7 -999 -999 -999 
P1871 2064 3 19 13 0 0 9 22 24 32 0 57 0 16 0 0 63 0 0 43 26 0 0 19 16 0 16 50 0 13 15 0 13 
P1871 2064 4 12 0 0 0 0 28 45 0 24 18 15 0 0 0 0 30 0 17 0 16 0 0 0 0 0 0 0 11 19 24 -999 
P1871 2064 5 0 0 8 0 22 30 36 0 0 0 11 11 0 0 0 0 0 0 0 0 26 0 0 20 20 0 0 0 0 0 0 
P1871 2064 6 0 0 0 0 0 0 0 0 0 0 0 0 0 0 0 0 0 0 0 0 9 9 0 0 0 0 0 0 0 0 -999 
P1871 2064 7 0 0 0 0 0 0 0 0 0 0 0 0 0 0 0 0 0 0 0 0 0 0 0 0 0 0 0 0 0 0 0 
P1871 2064 8 0 0 0 0 0 0 0 0 0 0 0 0 0 0 0 0 0 0 0 0 0 0 0 0 0 0 0 0 0 6 0 
P1871 2064 9 0 0 19 0 0 0 0 2 0 0 0 0 0 0 0 0 0 0 0 11 15 0 32 17 0 0 0 0 0 0 -999 
P1871 2064 10 0 0 0 0 15 20 0 47 30 0 0 6 0 0 0 0 0 0 0 11 0 0 0 0 15 0 0 0 0 31 18 
P1871 2064 11 0 15 0 19 53 12 0 0 0 0 0 0 0 0 0 10 0 0 0 0 0 0 0 0 0 0 0 36 17 12 -999 
P1871 2064 12 0 23 0 27 0 64 44 94 165 71 24 16 0 28 13 17 0 0 0 7 7 7 7 0 0 0 4 0 0 0 0 
P1871 2065 1 0 0 0 0 0 13 0 0 0 27 21 22 0 58 17 15 0 0 0 0 0 0 0 0 0 0 5 0 0 0 19 
P1871 2065 2 26 0 0 0 0 0 0 17 0 0 0 21 46 68 0 61 79 77 68 77 0 6 0 0 0 17 10 0 -999 -999 -999 
P1871 2065 3 0 0 0 0 0 3 0 0 0 0 0 5 0 6 8 4 0 10 8 9 7 9 0 0 38 0 31 0 0 0 4 
P1871 2065 4 6 0 0 0 0 0 16 11 5 0 0 4 11 12 0 0 0 0 0 0 0 0 0 0 0 0 0 0 0 0 -999 
P1871 2065 5 11 0 0 0 0 0 0 6 0 0 0 0 0 0 0 0 0 13 22 0 0 19 0 0 0 0 0 0 0 0 0 
P1871 2065 6 0 20 0 0 0 0 0 0 0 0 10 12 0 0 15 22 19 10 0 0 0 0 0 0 0 0 0 0 0 0 -999 
P1871 2065 7 0 0 0 0 0 0 0 0 0 0 0 0 0 0 0 0 8 0 0 0 0 0 0 0 0 0 0 0 0 0 0 
P1871 2065 8 0 0 0 0 0 0 0 0 0 0 0 0 0 0 0 8 6 0 0 0 0 0 0 0 0 0 6 0 0 0 0 
P1871 2065 9 0 0 0 0 0 0 0 0 0 0 0 0 0 0 0 0 0 0 0 0 0 0 0 0 0 0 0 0 9 0 -999 
P1871 2065 10 4 0 0 7 0 0 0 0 0 23 0 0 0 0 35 39 13 0 0 0 34 0 42 97 38 40 77 0 0 65 0 
P1871 2065 11 0 0 0 0 0 0 0 0 0 0 0 0 0 0 0 0 0 0 0 0 55 0 23 0 16 0 33 39 15 17 -999 
P1871 2065 12 0 0 0 0 6 0 0 4 0 0 23 75 40 12 0 0 23 0 0 83 61 126 102 168 145 190 133 31 0 0 6 
P1871 2066 1 0 0 0 0 0 8 0 0 0 0 85 155 65 39 82 0 0 0 77 52 13 52 0 0 0 0 0 0 0 0 14 
P1871 2066 2 19 0 13 0 17 0 0 21 50 32 46 26 17 0 0 0 0 0 0 0 21 17 9 10 78 89 43 54 -999 -999 -999 
P1871 2066 3 39 0 0 0 0 0 51 0 0 0 0 0 0 0 0 0 0 0 8 0 0 0 0 0 0 0 0 0 0 0 0 
P1871 2066 4 0 0 0 0 0 0 0 33 0 11 0 0 14 23 0 22 23 22 9 0 0 0 12 0 18 0 30 53 0 57 -999 
P1871 2066 5 22 8 21 0 0 0 24 29 0 0 14 0 0 0 0 0 0 0 0 17 0 0 0 0 0 0 0 0 7 4 0 
P1871 2066 6 0 0 0 0 0 0 0 0 0 0 0 0 0 0 0 0 0 0 0 0 0 0 0 0 0 0 0 0 0 0 -999 
P1871 2066 7 0 0 0 0 0 0 17 0 0 0 0 0 0 0 0 0 0 0 0 0 0 0 0 0 0 0 0 18 0 0 0 
P1871 2066 8 0 0 0 0 0 0 0 0 0 0 0 0 0 0 0 0 0 0 0 7 6 0 0 0 21 26 28 10 0 0 0 
P1871 2066 9 0 0 0 0 0 0 0 0 0 0 0 0 0 4 0 0 0 0 0 0 17 0 23 0 31 0 0 0 0 0 -999 
P1871 2066 10 0 0 0 8 0 0 0 0 0 0 0 0 5 6 7 0 0 0 0 12 0 25 0 0 0 0 13 32 16 9 6 
P1871 2066 11 0 0 0 0 0 0 25 0 35 17 0 0 53 0 0 0 0 0 0 0 0 0 0 7 8 7 0 0 0 0 -999 
P1871 2066 12 0 0 13 22 23 0 6 4 0 0 0 15 0 70 123 115 189 209 111 0 44 28 14 9 9 0 6 0 0 41 84 
P1871 2067 1 24 90 0 16 0 21 21 0 16 0 43 37 34 31 66 58 57 0 0 135 92 98 83 85 145 98 180 0 26 31 0 
P1871 2067 2 69 0 89 48 14 11 34 61 21 45 0 0 0 108 0 11 9 0 117 86 99 56 31 0 0 94 97 16 -999 -999 -999 
P1871 2067 3 4 0 19 7 1 1 0 0 5 0 23 0 0 0 4 0 0 0 0 12 20 0 0 21 0 5 0 0 0 0 0 
P1871 2067 4 0 0 0 0 0 0 0 0 0 0 0 0 0 0 42 36 0 26 25 21 0 0 29 0 21 0 0 0 0 0 -999 
P1871 2067 5 18 0 29 16 29 0 4 7 19 0 37 23 9 0 0 0 0 23 0 33 0 0 0 13 18 24 18 0 18 22 15 
P1871 2067 6 14 0 25 0 0 0 0 0 0 0 0 0 19 0 0 18 0 0 0 4 0 0 0 0 0 4 7 13 0 0 -999 
P1871 2067 7 0 0 0 0 0 0 0 0 0 0 0 0 0 0 0 0 0 0 0 0 0 0 0 0 0 0 0 0 0 0 0 
P1871 2067 8 0 0 0 0 0 0 0 0 0 0 0 0 0 0 0 0 0 0 0 0 0 0 0 0 0 17 15 16 10 12 0 
P1871 2067 9 0 0 0 0 0 0 0 0 0 0 0 0 0 0 28 20 9 0 0 0 0 0 9 0 0 0 0 0 0 6 -999 
P1871 2067 10 7 0 0 0 0 0 0 0 0 0 0 0 0 17 13 10 0 6 0 0 0 0 0 0 0 0 0 0 0 0 23 
P1871 2067 11 0 27 8 0 17 0 34 0 1 0 1 0 0 0 0 0 0 11 0 0 0 0 12 0 35 0 0 0 0 32 -999 
P1871 2067 12 0 18 28 26 0 19 5 0 0 0 16 0 26 0 0 4 0 0 0 0 0 3 0 0 0 19 81 56 73 12 0 
P1871 2068 1 0 4 0 12 24 71 104 29 30 0 0 0 0 0 0 0 0 0 0 0 0 0 0 0 49 40 18 13 13 21 0 
P1871 2068 2 11 0 0 0 0 0 0 0 0 16 25 0 0 0 0 0 0 0 0 0 14 0 0 0 7 11 35 43 -999 -999 -999 
P1871 2068 3 20 38 0 29 102 124 52 26 64 45 0 0 0 0 0 16 61 115 43 14 0 0 83 12 0 0 0 0 0 0 0 
P1871 2068 4 50 55 24 11 0 6 0 0 67 42 27 0 23 0 0 0 0 5 0 0 0 0 0 26 0 0 0 0 0 0 -999 
P1871 2068 5 0 0 0 20 0 24 0 0 25 19 9 21 51 41 0 0 0 0 0 20 23 0 0 0 0 17 17 23 18 0 17 
P1871 2068 6 0 26 19 31 0 0 16 0 0 0 0 0 0 0 0 0 0 0 0 0 0 0 0 0 0 0 0 0 0 0 -999 
P1871 2068 7 0 0 5 0 0 0 0 0 0 0 0 0 0 0 0 0 0 0 18 0 0 0 0 4 0 0 0 0 0 0 0 
P1871 2068 8 0 0 0 0 0 0 0 0 0 0 0 0 0 0 13 0 0 0 0 0 0 0 0 0 0 0 25 0 0 0 0 
P1871 2068 9 0 0 0 0 0 0 0 0 0 0 0 0 0 10 0 0 0 0 9 0 0 0 0 0 0 0 0 3 0 5 -999 
P1871 2068 10 0 0 0 0 0 0 0 0 0 0 33 22 0 7 11 0 0 0 4 0 0 0 7 0 0 0 0 0 0 0 10 
P1871 2068 11 0 0 20 15 0 6 0 0 1 4 0 0 0 2 0 4 0 0 0 0 29 0 0 0 0 0 0 0 0 0 -999 
P1871 2068 12 0 0 0 0 6 14 0 63 56 46 0 0 25 115 0 0 0 0 0 20 0 12 18 0 0 60 0 9 14 0 0 
P1871 2069 1 0 54 0 0 0 0 0 0 0 2 5 0 0 3 0 0 0 0 2 0 0 15 0 0 0 0 0 20 0 0 0 
P1871 2069 2 0 0 20 0 99 24 0 47 83 0 2 5 0 0 0 0 0 0 0 25 47 25 0 0 0 0 31 0 -999 -999 -999 
P1871 2069 3 0 18 26 0 0 22 0 0 0 0 19 0 0 0 0 0 2 0 0 0 0 13 0 0 0 18 0 37 34 0 45 
P1871 2069 4 27 0 0 23 0 10 0 0 0 0 0 14 0 0 0 0 18 0 0 0 0 20 0 12 34 0 0 0 6 6 -999 
P1871 2069 5 0 0 0 16 20 0 0 0 12 0 0 0 18 11 0 0 0 31 0 0 41 0 0 0 0 14 0 0 0 0 0 
P1871 2069 6 0 0 0 0 0 0 0 0 0 0 0 0 0 0 0 0 0 0 0 0 0 0 0 0 0 0 0 0 0 0 -999 
P1871 2069 7 0 0 0 0 0 0 0 0 0 0 0 0 0 0 0 0 0 0 0 0 0 0 0 0 0 0 0 0 0 0 0 
P1871 2069 8 0 0 0 0 0 0 0 0 0 0 0 0 0 0 0 0 0 0 0 0 0 0 0 0 0 0 0 0 0 0 0 
P1871 2069 9 0 0 0 0 0 0 0 3 0 0 0 0 0 0 0 0 6 0 0 0 0 0 0 0 0 0 0 0 0 0 -999 
P1871 2069 10 0 0 0 7 0 0 0 0 0 0 0 0 11 9 24 39 29 31 59 52 43 0 0 0 0 0 0 78 80 64 0 
P1871 2069 11 14 13 18 40 29 19 0 0 75 0 7 15 0 0 0 0 0 11 6 0 0 0 0 0 0 3 0 0 0 9 -999 
P1871 2069 12 0 0 0 0 0 0 0 0 0 0 5 0 0 7 0 15 0 6 0 0 13 28 34 0 6 6 0 0 48 37 17 
P1871 2070 1 10 11 32 44 0 0 77 80 90 43 41 21 0 0 0 0 0 0 0 0 0 0 0 13 0 3 0 0 0 0 0 
P1871 2070 2 0 18 0 0 0 0 0 2 0 0 0 0 0 0 6 0 11 8 7 0 0 26 28 0 52 0 104 38 -999 -999 -999 
P1871 2070 3 31 0 0 0 0 0 3 0 6 0 24 21 0 18 81 47 29 39 74 0 107 65 0 25 24 0 16 16 14 0 0 
P1871 2070 4 0 0 0 0 0 0 0 0 74 0 37 16 20 0 32 37 36 48 28 0 0 0 30 0 0 0 26 0 0 0 -999 
P1871 2070 5 0 0 24 0 0 64 38 30 28 0 0 0 9 0 13 19 0 23 24 0 29 26 0 17 0 10 0 0 0 0 0 
P1871 2070 6 0 0 0 0 0 0 0 0 0 0 0 0 0 0 0 0 0 0 0 0 0 0 0 0 0 0 0 0 0 0 -999 
P1871 2070 7 0 0 0 0 0 0 0 0 0 0 0 0 0 0 0 0 0 0 0 0 0 0 0 0 0 0 0 0 0 0 0 
P1871 2070 8 0 0 0 0 0 0 0 0 0 0 0 0 0 0 0 0 0 0 0 13 0 0 0 0 0 0 0 0 0 0 0 
P1871 2070 9 0 0 0 0 0 0 7 0 0 0 0 0 0 0 0 0 10 0 12 0 0 0 0 0 0 0 11 0 0 0 -999 
P1871 2070 10 0 0 0 0 0 0 15 0 0 0 0 23 0 32 30 29 0 101 67 9 0 0 0 11 0 0 0 0 0 9 0 
P1871 2070 11 0 0 0 0 0 0 0 0 0 7 7 0 0 0 4 0 12 14 0 0 0 20 0 0 0 0 0 57 62 23 -999 
P1871 2070 12 21 0 33 11 0 0 0 0 0 0 0 0 39 32 20 16 27 0 25 55 22 50 81 0 0 42 0 0 0 77 0 
P1871 2071 1 0 5 0 0 16 0 0 10 20 50 51 38 0 32 13 0 0 35 24 0 24 0 0 0 15 27 49 31 0 0 0 
P1871 2071 2 11 0 11 11 27 71 49 18 26 43 47 62 54 0 0 23 27 27 0 0 0 0 0 0 0 0 0 0 -999 -999 -999 
P1871 2071 3 0 0 13 0 0 13 22 0 16 23 31 0 16 35 35 0 16 0 28 0 0 0 5 0 0 0 0 0 0 0 0 
P1871 2071 4 0 76 62 0 0 0 0 0 0 0 0 16 14 16 0 0 16 18 13 32 0 54 46 35 51 40 28 21 21 0 -999 
P1871 2071 5 0 20 0 26 0 0 49 43 44 39 18 19 13 0 0 0 10 11 18 0 0 15 0 14 25 0 0 0 16 0 0 
P1871 2071 6 20 0 0 0 18 8 0 0 0 25 22 0 0 40 47 0 0 0 13 0 0 0 11 7 0 0 0 0 0 0 -999 
P1871 2071 7 0 0 0 0 0 24 0 0 0 0 0 0 0 0 0 0 0 0 0 0 0 0 0 0 0 0 0 0 0 0 0 
P1871 2071 8 0 0 0 0 0 0 0 0 0 0 0 0 0 0 0 0 0 0 0 0 0 0 0 0 0 0 0 0 8 7 9 
P1871 2071 9 0 0 0 0 0 5 0 0 0 9 11 0 0 0 0 0 0 0 0 0 0 0 0 0 0 0 0 0 0 0 -999 
P1871 2071 10 8 0 0 20 0 0 0 0 0 23 17 7 0 0 0 0 0 0 0 0 0 0 38 13 0 0 0 0 30 0 51 
P1871 2071 11 0 64 88 94 0 18 17 13 0 0 0 0 0 0 0 0 0 8 0 33 0 43 0 35 38 0 5 0 0 0 -999 
P1871 2071 12 0 0 14 25 0 86 97 91 70 0 97 114 0 71 26 40 0 0 0 0 0 0 0 129 50 110 50 0 0 0 31 
P1871 2072 1 25 22 0 0 9 0 0 0 0 0 0 0 0 0 4 0 0 0 0 26 0 0 23 0 0 57 64 0 0 0 0 
P1871 2072 2 0 0 0 18 35 16 7 0 6 0 0 0 0 0 0 0 0 10 0 30 15 0 0 0 10 8 0 0 -999 -999 -999 
P1871 2072 3 0 0 0 0 0 0 0 0 0 0 3 0 0 0 0 0 0 0 17 19 0 0 13 0 0 0 0 0 27 30 0 
P1871 2072 4 0 0 0 0 0 0 0 3 0 30 0 5 5 0 0 0 0 0 0 0 33 0 37 6 0 2 0 0 0 0 -999 
P1871 2072 5 0 0 16 0 0 32 0 8 0 0 0 0 0 0 0 18 18 23 0 0 21 8 11 13 0 20 0 0 0 0 0 
P1871 2072 6 0 0 0 0 0 29 0 0 0 22 0 0 0 0 0 0 0 0 0 0 0 0 0 0 0 0 0 0 0 0 -999 
P1871 2072 7 0 0 0 0 0 0 0 13 0 0 0 0 0 0 0 0 0 20 0 0 0 0 0 0 0 0 0 0 0 0 0 
P1871 2072 8 10 0 0 0 0 0 0 0 0 0 0 0 0 0 0 0 0 0 11 0 0 4 0 0 0 0 0 0 0 0 0 
P1871 2072 9 0 0 0 0 0 0 0 0 0 16 0 0 12 0 0 0 0 0 0 0 0 0 0 0 24 0 0 23 12 0 -999 
P1871 2072 10 0 0 8 0 0 0 0 0 0 0 9 9 0 0 19 0 0 27 0 0 0 11 10 0 0 0 0 10 0 0 0 
P1871 2072 11 7 0 0 0 0 50 5 0 0 19 37 0 22 69 0 3 0 0 0 0 0 9 13 0 0 0 0 0 0 0 -999 
P1871 2072 12 0 0 0 13 8 0 8 10 0 0 0 0 6 0 9 0 0 0 35 39 139 56 0 0 44 77 29 0 0 26 41 
P1871 2073 1 0 0 0 0 0 1 0 4 0 0 0 0 0 5 8 0 9 0 29 42 52 27 9 6 0 0 0 0 0 0 0 
P1871 2073 2 33 77 81 78 32 29 0 10 0 0 5 0 0 15 0 1 0 0 0 4 0 0 0 5 14 29 44 31 -999 -999 -999 
P1871 2073 3 0 0 18 0 15 0 28 0 39 0 27 23 28 15 12 15 11 0 0 0 37 37 14 16 43 0 78 112 169 38 0 
P1871 2073 4 0 18 0 0 0 0 40 0 15 17 23 0 37 0 27 0 0 0 0 0 23 0 0 0 0 60 40 30 0 0 -999 
P1871 2073 5 0 0 0 12 0 0 0 0 0 0 0 0 0 71 0 64 45 19 0 11 0 0 0 8 0 18 0 13 0 0 0 
P1871 2073 6 0 0 0 0 0 0 0 0 0 0 0 0 0 7 0 0 0 0 0 9 0 0 0 12 0 0 0 0 18 0 -999 
P1871 2073 7 0 15 0 0 0 0 0 0 0 0 0 0 0 0 0 0 0 0 0 9 0 0 0 0 0 0 0 0 0 0 0 
P1871 2073 8 0 0 0 0 0 0 0 0 0 0 0 0 0 0 0 0 0 8 0 0 0 0 0 0 0 0 0 0 0 0 0 
P1871 2073 9 0 0 0 0 9 6 0 0 0 0 0 0 0 0 12 0 0 0 7 0 0 0 0 0 24 0 0 0 0 0 -999 
P1871 2073 10 0 0 0 5 0 0 0 0 35 0 0 0 5 0 10 0 0 0 0 6 0 0 0 0 0 0 0 0 0 0 12 
P1871 2073 11 21 0 15 0 0 0 0 0 0 0 0 0 0 11 0 43 18 0 0 0 93 109 0 18 22 26 32 16 4 2 -999 
P1871 2073 12 0 0 0 0 0 0 0 0 8 0 0 0 15 20 0 0 0 0 0 0 0 24 0 0 0 0 0 29 100 110 264 
P1871 2074 1 173 47 44 139 143 143 0 0 56 85 52 28 0 0 8 0 0 0 0 0 4 0 0 11 0 0 0 0 14 0 0 
P1871 2074 2 0 0 0 0 0 0 0 0 0 12 20 21 0 0 0 27 44 36 24 0 0 0 0 0 16 73 99 124 -999 -999 -999 
P1871 2074 3 108 30 0 18 0 42 0 52 19 15 0 14 34 9 0 0 0 0 0 0 0 0 0 0 33 13 0 0 0 0 0 
P1871 2074 4 0 0 0 0 0 6 9 0 18 0 12 0 0 0 28 60 0 0 38 57 24 11 0 0 7 0 0 20 0 0 -999 
P1871 2074 5 0 0 0 18 0 0 0 0 0 30 43 58 44 35 39 0 0 33 22 0 22 22 0 0 8 0 0 0 0 0 0 
P1871 2074 6 0 0 20 0 25 12 0 0 0 0 24 12 0 7 0 0 8 0 0 0 7 0 0 0 0 0 0 0 11 7 -999 
P1871 2074 7 0 6 0 0 0 0 0 0 0 0 0 0 0 0 0 0 0 0 0 0 0 0 0 0 0 0 0 0 0 0 0 
P1871 2074 8 0 0 14 0 0 0 0 0 0 0 0 5 0 0 0 0 0 0 0 0 0 0 0 0 0 0 0 0 8 0 0 
P1871 2074 9 0 0 0 0 0 0 0 13 9 0 0 0 0 5 0 10 0 0 0 0 0 0 8 0 0 0 0 0 0 0 -999 
P1871 2074 10 0 0 0 0 0 0 0 5 0 0 0 0 0 0 0 0 0 0 0 0 0 30 54 0 0 0 2 0 0 0 0 
P1871 2074 11 0 0 0 0 0 6 11 0 0 0 0 0 0 0 19 0 0 13 21 0 0 0 9 0 29 0 11 0 11 3 -999 
P1871 2074 12 0 0 3 0 0 0 0 4 0 14 0 0 41 17 0 0 2 0 8 0 0 3 0 8 5 0 0 0 0 46 14 
P1871 2075 1 0 0 0 0 0 0 1 0 0 18 21 24 19 15 33 0 0 9 0 14 0 12 14 18 0 0 0 0 0 0 0 
P1871 2075 2 0 0 0 0 39 58 63 77 146 62 83 124 0 32 0 4 0 0 15 32 0 0 0 0 0 0 0 0 -999 -999 -999 
P1871 2075 3 0 32 35 19 0 26 8 0 0 0 10 0 0 4 6 0 0 31 27 0 17 0 25 0 66 39 20 0 0 0 0 
P1871 2075 4 0 0 0 25 23 58 105 130 0 0 0 0 0 0 8 0 0 0 0 0 55 30 29 0 12 21 0 0 13 0 -999 
P1871 2075 5 0 20 33 0 0 0 15 0 0 15 0 22 0 0 0 0 0 0 0 0 0 0 0 16 0 0 0 0 12 0 0 
P1871 2075 6 0 0 0 25 0 9 0 0 0 0 20 0 0 0 0 0 0 0 0 0 0 0 6 0 0 8 0 0 0 0 -999 
P1871 2075 7 0 0 0 0 0 0 0 0 0 0 0 0 0 0 0 0 0 0 19 0 0 0 0 0 0 0 0 0 0 0 0 
P1871 2075 8 0 0 0 0 0 0 0 0 0 0 0 0 0 0 0 0 5 0 0 0 15 0 0 0 0 0 0 0 0 0 0 
P1871 2075 9 0 0 0 0 0 0 8 6 0 0 0 0 0 0 0 0 0 0 0 0 0 0 0 0 17 0 0 0 0 0 -999 
P1871 2075 10 10 23 30 49 0 14 0 0 90 41 15 0 6 14 11 0 5 0 0 0 3 3 0 0 0 0 0 0 0 0 0 
P1871 2075 11 0 0 0 15 0 0 0 0 0 8 9 0 0 0 88 87 19 24 32 0 27 42 36 27 0 0 0 0 3 0 -999 
P1871 2075 12 0 0 47 48 33 0 0 0 43 18 13 0 0 35 0 20 9 12 0 0 12 5 0 0 0 0 0 10 0 1 0 
P1871 2076 1 0 0 0 0 6 0 0 3 0 4 0 0 6 0 2 0 0 0 0 0 0 0 0 0 0 0 0 0 9 0 19 
P1871 2076 2 48 42 26 0 3 0 0 0 5 0 0 0 1 0 0 0 0 7 0 0 30 0 0 8 2 0 0 0 -999 -999 -999 
P1871 2076 3 0 15 0 0 12 0 31 45 42 48 44 27 5 4 5 0 0 0 0 0 12 0 0 0 0 0 0 0 0 0 0 
P1871 2076 4 6 8 0 0 0 0 0 0 0 0 0 0 53 25 49 46 28 30 39 36 0 0 0 0 20 0 36 0 0 0 -999 
P1871 2076 5 0 0 40 0 0 17 0 0 0 0 0 0 0 0 21 0 0 0 0 0 0 0 0 0 0 0 0 0 0 10 13 
P1871 2076 6 0 15 0 0 0 0 0 0 0 0 0 0 0 0 0 0 0 0 0 0 0 0 0 0 0 0 0 0 0 0 -999 
P1871 2076 7 0 0 0 0 0 0 0 0 0 0 0 0 0 0 0 0 0 0 0 0 0 0 0 0 0 0 0 0 0 0 0 
P1871 2076 8 0 0 0 0 0 0 0 0 0 0 0 0 0 0 0 0 0 0 0 0 0 0 0 0 0 0 0 0 0 0 0 
P1871 2076 9 24 0 0 0 0 0 0 0 0 0 11 0 0 0 0 0 0 0 0 0 0 0 0 0 0 12 0 10 0 0 -999 
P1871 2076 10 0 0 0 0 0 0 0 0 0 0 0 0 0 0 0 0 0 0 0 0 0 0 5 0 0 0 0 53 0 9 0 
P1871 2076 11 7 0 0 0 0 0 0 0 0 10 0 22 25 9 10 12 14 0 14 0 32 0 44 18 0 0 30 73 36 26 -999 
P1871 2076 12 0 0 0 5 0 1 0 0 54 47 55 62 27 0 8 0 11 5 0 0 0 0 0 0 4 7 19 0 0 11 0 
P1871 2077 1 0 0 0 0 0 0 0 0 29 7 0 2 0 0 0 32 0 1 0 0 0 0 0 6 0 4 0 0 0 0 0 
P1871 2077 2 13 16 29 40 28 0 37 38 0 50 0 8 6 10 14 30 57 73 111 57 32 0 0 0 0 24 12 0 -999 -999 -999 
P1871 2077 3 0 0 0 0 23 0 81 0 0 0 23 25 15 0 0 0 0 14 0 24 0 48 61 54 0 17 11 0 0 0 7 
P1871 2077 4 10 0 0 1 0 0 3 4 0 0 0 0 7 0 0 0 20 27 22 0 0 11 18 12 0 0 0 23 5 0 -999 
P1871 2077 5 0 0 0 14 0 0 0 0 26 0 0 0 0 0 0 0 0 18 0 0 22 0 0 0 0 0 0 0 0 13 0 
P1871 2077 6 0 26 0 0 0 27 23 0 20 0 0 0 15 0 0 0 0 0 0 0 0 0 0 0 0 0 0 0 0 0 -999 
P1871 2077 7 0 0 0 0 0 0 0 22 0 0 0 0 0 0 0 0 0 0 0 0 0 0 0 0 0 0 0 0 0 0 0 
P1871 2077 8 0 0 0 0 0 0 0 0 0 0 0 0 9 0 0 0 0 0 0 0 0 0 0 0 0 0 0 0 0 0 0 
P1871 2077 9 0 0 0 0 0 0 0 0 0 25 0 0 0 0 0 0 0 0 0 0 0 0 0 18 22 0 0 0 0 20 -999 
P1871 2077 10 0 0 0 0 2 0 0 0 0 0 9 8 0 0 0 0 9 0 31 0 0 33 53 52 25 0 5 0 34 20 22 
P1871 2077 11 0 29 0 0 0 6 7 0 0 61 48 21 10 0 0 27 35 0 0 0 0 13 33 46 0 0 9 0 0 0 -999 
P1871 2077 12 40 49 78 68 0 46 51 0 0 27 121 10 0 0 0 0 0 4 0 0 0 0 0 5 0 0 27 18 4 0 15 
P1871 2078 1 56 99 125 120 69 96 32 20 80 0 34 17 71 44 65 54 29 0 20 10 13 0 0 0 0 0 0 0 0 0 0 
P1871 2078 2 0 0 5 4 0 2 0 0 0 0 0 0 0 0 0 0 5 6 0 0 9 19 29 16 38 88 43 25 -999 -999 -999 
P1871 2078 3 0 0 0 0 9 0 0 55 0 0 0 0 0 28 65 59 80 0 90 0 87 58 37 67 35 30 28 23 14 11 16 
P1871 2078 4 34 46 0 16 0 0 0 0 18 25 37 29 29 70 29 20 0 0 0 0 0 0 0 0 0 0 0 0 0 0 -999 
P1871 2078 5 35 0 47 0 24 0 0 0 0 0 0 0 0 0 0 0 0 44 34 13 0 0 0 0 0 0 0 0 0 0 0 
P1871 2078 6 0 0 0 26 20 20 0 0 0 12 0 14 0 0 0 0 17 0 0 0 0 0 0 0 0 12 0 0 0 0 -999 
P1871 2078 7 0 0 0 0 0 0 0 0 0 0 0 0 0 0 0 0 0 0 0 0 15 0 0 0 0 0 0 0 0 0 0 
P1871 2078 8 0 0 0 0 0 0 0 0 0 0 0 0 0 0 0 0 0 0 0 0 0 0 0 0 0 0 0 0 0 0 0 
P1871 2078 9 0 0 0 0 0 0 0 0 0 0 0 0 0 0 0 12 12 0 18 0 0 0 0 0 0 0 0 0 0 0 -999 
P1871 2078 10 0 0 0 0 0 0 0 0 0 0 0 0 0 22 0 0 0 0 0 0 53 14 0 10 0 9 3 0 0 0 0 
P1871 2078 11 0 0 11 0 0 0 0 0 0 0 0 0 0 0 15 18 0 42 35 0 0 0 0 7 8 0 6 5 0 0 -999 
P1871 2078 12 8 0 4 0 0 0 0 0 0 14 49 41 18 15 0 0 0 12 0 0 14 32 0 0 0 54 139 109 43 205 197 
P1871 2079 1 60 10 28 45 25 0 0 0 4 0 5 0 0 0 0 0 0 0 3 6 0 9 0 0 0 0 3 4 5 0 0 
P1871 2079 2 0 7 8 0 0 0 3 4 0 0 0 0 0 0 0 0 0 0 0 2 0 0 9 20 36 0 0 0 -999 -999 -999 
P1871 2079 3 12 0 0 0 20 22 6 7 0 4 0 8 0 0 0 0 0 0 0 0 0 0 0 0 0 0 6 2 0 0 5 
P1871 2079 4 0 0 0 19 0 0 0 0 11 7 6 0 0 32 0 21 13 0 0 0 0 14 0 0 0 0 0 0 0 0 -999 
P1871 2079 5 0 18 11 0 0 0 0 0 0 18 18 0 0 0 0 0 0 0 0 0 0 0 0 0 0 0 0 0 0 0 0 
P1871 2079 6 0 0 0 0 0 0 0 0 0 0 0 0 0 0 0 14 0 0 0 0 0 0 0 7 0 0 0 0 27 0 -999 
P1871 2079 7 0 0 0 0 0 0 0 0 0 0 9 0 0 0 0 0 0 0 0 0 0 0 13 0 0 0 0 0 0 0 0 
P1871 2079 8 0 7 0 0 0 0 0 0 0 0 0 0 0 0 0 0 0 0 0 15 0 0 0 0 0 0 0 0 0 0 0 
P1871 2079 9 0 0 0 0 0 0 0 10 0 0 0 17 0 0 0 0 0 0 0 0 8 0 0 0 0 0 0 0 0 0 -999 
P1871 2079 10 0 0 5 6 5 0 0 0 0 0 0 0 0 0 0 0 0 0 0 0 31 0 0 18 0 0 23 0 0 0 0 
P1871 2079 11 25 0 17 21 0 0 0 39 0 0 0 0 0 45 42 56 58 56 35 19 0 15 0 0 36 40 0 2 2 8 -999 
P1871 2079 12 14 49 68 39 18 37 0 0 0 0 1 1 2 0 1 0 0 0 0 0 0 1 2 0 0 0 0 4 0 0 15 
P1871 2080 1 5 0 0 0 0 0 0 0 0 0 0 11 10 0 9 0 0 0 0 0 0 0 0 0 0 7 0 19 36 0 0 
P1871 2080 2 0 0 8 10 29 18 27 0 60 86 87 67 81 0 0 0 15 0 0 95 0 0 1 0 0 0 8 0 -999 -999 -999 
P1871 2080 3 0 43 0 0 26 41 47 62 133 138 107 0 50 8 0 0 2 0 0 0 0 0 0 0 0 0 0 0 0 26 41 
P1871 2080 4 0 0 0 0 0 0 0 0 0 25 0 53 15 0 0 0 0 15 0 0 0 0 0 0 0 27 0 15 0 0 -999 
P1871 2080 5 0 0 0 0 0 0 0 0 18 14 0 0 0 0 0 0 0 0 0 15 0 0 20 19 0 0 0 0 0 0 0 
P1871 2080 6 0 0 0 0 0 39 0 0 0 0 0 0 0 0 0 0 0 0 0 22 0 0 0 0 0 0 0 17 0 15 -999 
P1871 2080 7 0 0 0 6 0 0 0 0 0 0 0 0 0 0 0 0 0 0 0 0 0 0 0 0 0 0 0 0 0 0 0 
P1871 2080 8 0 0 0 0 0 0 0 0 0 0 0 0 0 0 0 0 0 0 0 0 0 0 0 0 0 21 0 0 0 0 0 
P1871 2080 9 0 0 0 0 0 7 0 0 0 0 0 0 0 0 0 0 0 0 0 0 0 0 0 9 0 0 0 0 0 0 -999 
P1871 2080 10 10 21 27 40 71 65 25 52 45 42 18 25 52 0 47 26 0 0 4 0 0 0 0 0 0 0 2 8 8 0 9 
P1871 2080 11 33 38 50 32 0 0 0 0 0 0 0 0 0 0 0 0 12 13 11 5 0 0 0 0 0 14 7 0 14 24 -999 
P1871 2080 12 24 31 69 58 79 64 0 0 0 0 8 0 0 0 16 0 3 0 0 0 0 0 0 0 0 0 24 0 0 36 36 
P1871 2081 1 78 97 194 85 65 0 1 2 7 0 0 0 0 0 0 15 20 0 0 0 105 66 54 30 0 0 81 0 38 11 0 
P1871 2081 2 0 0 0 0 0 0 81 0 0 0 4 0 4 0 0 0 0 0 22 30 0 0 23 78 53 14 12 0 -999 -999 -999 
P1871 2081 3 19 15 19 57 38 30 14 0 31 0 24 17 28 33 34 0 39 106 60 88 60 85 97 55 17 11 0 0 42 46 70 
P1871 2081 4 88 0 22 0 20 0 26 0 23 26 43 0 0 0 0 33 7 0 0 0 0 26 0 34 43 24 18 43 46 65 -999 
P1871 2081 5 58 55 0 0 49 0 15 0 45 70 40 21 30 48 39 0 14 8 0 16 0 0 0 17 14 0 0 0 0 0 0 
P1871 2081 6 0 0 0 0 0 7 0 0 0 0 0 0 19 0 0 0 0 0 0 0 0 0 0 0 0 0 0 0 0 0 -999 
P1871 2081 7 0 0 0 23 0 0 0 0 0 0 0 0 0 0 0 5 0 0 0 15 0 0 0 0 0 0 0 0 0 0 0 
P1871 2081 8 0 0 0 0 0 0 0 0 0 0 0 0 0 0 0 0 0 0 14 0 0 0 0 0 0 0 0 0 0 0 0 
P1871 2081 9 0 0 0 0 0 0 13 0 0 0 0 4 0 0 0 0 0 0 0 0 0 0 0 0 0 0 0 0 0 0 -999 
P1871 2081 10 0 0 0 0 0 0 0 0 0 22 0 14 23 0 10 7 0 4 0 0 0 0 6 0 0 0 0 4 0 0 0 
P1871 2081 11 0 0 0 81 46 0 0 0 0 0 0 3 0 0 0 0 152 128 93 0 6 0 4 0 0 0 0 0 24 0 -999 
P1871 2081 12 26 20 25 20 19 114 83 67 0 0 29 84 0 80 51 0 31 21 0 0 0 0 0 0 0 0 0 0 0 0 5 
P1871 2082 1 12 0 0 0 0 0 0 0 12 20 58 35 36 28 0 0 35 0 26 0 38 89 79 45 52 77 110 44 0 0 0 
P1871 2082 2 0 0 0 0 0 0 1 0 0 0 0 0 0 23 3 0 0 0 11 12 12 0 10 0 35 47 39 37 -999 -999 -999 
P1871 2082 3 28 0 29 29 33 29 14 0 0 0 0 0 0 17 12 12 4 0 26 52 0 0 0 0 41 33 17 0 46 40 0 
P1871 2082 4 0 0 0 0 0 0 0 0 0 0 0 0 0 0 20 24 25 12 0 0 0 10 9 13 8 0 0 0 0 0 -999 
P1871 2082 5 31 0 0 0 0 0 0 0 0 16 0 0 0 0 0 0 0 0 0 0 0 0 0 0 0 0 0 0 0 0 0 
P1871 2082 6 0 0 0 0 0 0 0 0 0 0 0 0 0 0 0 0 21 0 0 0 14 0 0 0 0 0 0 0 18 0 -999 
P1871 2082 7 0 0 0 12 0 0 0 0 0 0 0 0 0 0 0 0 0 0 0 0 0 0 0 0 0 0 0 0 0 0 0 
P1871 2082 8 0 0 0 0 0 0 0 0 0 0 0 0 0 0 0 0 0 0 0 0 0 0 0 0 11 0 0 0 0 0 0 
P1871 2082 9 0 0 0 0 0 0 0 0 0 0 0 0 0 2 0 0 0 0 0 0 0 7 0 0 0 0 0 14 0 0 -999 
P1871 2082 10 0 0 11 0 0 0 0 0 0 0 0 0 4 0 0 0 0 0 0 0 0 24 60 23 6 5 0 7 0 0 17 
P1871 2082 11 45 81 77 0 0 0 0 10 8 0 0 11 0 0 0 0 152 137 45 0 0 0 10 0 0 0 4 3 0 0 -999 
P1871 2082 12 0 0 0 0 0 0 0 0 0 0 0 16 0 5 0 0 0 0 31 12 7 8 0 0 0 0 9 0 0 0 0 
P1871 2083 1 0 0 38 37 36 14 11 36 20 23 0 0 0 0 0 31 34 54 38 0 11 0 0 0 0 0 0 0 0 10 0 
P1871 2083 2 15 57 64 19 12 14 30 38 27 59 93 72 34 36 0 0 54 130 130 84 72 63 37 29 67 153 86 0 -999 -999 -999 
P1871 2083 3 34 0 18 0 0 0 0 0 34 0 0 12 0 0 16 14 0 0 0 0 0 45 73 0 127 49 96 71 0 0 12 
P1871 2083 4 0 0 12 0 15 0 0 0 0 0 0 0 0 29 44 26 0 0 0 3 0 0 0 0 0 0 30 0 0 0 -999 
P1871 2083 5 10 7 10 17 17 0 0 0 33 25 0 0 0 0 21 30 37 42 22 0 0 7 0 49 36 52 87 0 0 0 0 
P1871 2083 6 0 35 0 0 0 0 0 0 0 0 0 0 0 12 0 0 0 0 0 0 0 0 0 0 0 0 0 0 0 0 -999 
P1871 2083 7 0 0 0 0 0 0 0 0 0 0 0 0 0 0 19 17 0 0 0 0 0 0 0 0 0 0 0 0 0 0 0 
P1871 2083 8 0 0 0 0 0 0 0 0 0 0 0 0 0 0 16 0 0 0 0 0 11 0 0 0 0 0 0 0 0 0 12 
P1871 2083 9 0 0 0 0 0 0 0 0 0 0 0 0 0 0 0 0 0 0 0 0 0 0 0 3 0 0 0 0 0 0 -999 
P1871 2083 10 0 0 0 0 0 0 0 18 0 0 0 0 0 0 9 8 0 0 3 0 0 31 0 0 24 0 0 0 0 0 0 
P1871 2083 11 0 0 0 46 54 0 0 0 0 0 0 34 60 44 0 20 0 41 0 0 2 0 0 0 11 0 0 0 0 0 -999 
P1871 2083 12 59 50 24 0 32 0 41 81 133 49 0 17 0 0 127 0 21 0 23 48 26 0 0 0 31 8 7 0 0 8 10 
P1871 2084 1 13 0 0 12 0 0 0 0 15 0 0 4 0 0 0 11 0 0 13 0 0 20 27 14 21 0 0 0 0 55 57 
P1871 2084 2 23 9 7 8 0 13 30 40 46 67 18 0 27 17 6 2 0 0 0 0 0 0 0 11 22 0 0 16 -999 -999 -999 
P1871 2084 3 17 0 0 0 0 0 0 0 0 0 21 0 0 0 0 39 112 93 30 15 0 0 0 0 0 0 0 0 0 0 0 
P1871 2084 4 0 0 0 0 0 0 0 0 3 8 0 17 0 0 18 14 10 0 0 0 0 0 0 6 4 0 6 0 0 0 -999 
P1871 2084 5 0 0 0 0 0 0 34 0 5 0 0 0 0 18 0 0 0 0 0 0 0 4 0 0 17 0 31 0 0 0 0 
P1871 2084 6 0 0 0 0 0 0 0 0 0 0 0 0 8 0 0 0 0 0 0 0 0 0 0 0 0 0 0 0 0 0 -999 
P1871 2084 7 0 0 0 0 0 0 0 0 0 0 0 0 0 0 0 0 0 0 0 0 0 0 6 0 0 0 0 0 0 0 9 
P1871 2084 8 0 0 0 0 0 5 0 0 0 0 0 0 0 0 0 0 0 0 0 0 0 0 0 0 0 0 0 0 9 0 7 
P1871 2084 9 3 3 0 0 0 0 0 10 0 0 0 0 0 0 0 36 0 0 9 0 0 4 0 0 0 0 0 0 0 0 -999 
P1871 2084 10 8 0 0 0 22 8 0 0 11 5 0 0 0 0 0 0 6 7 0 0 0 0 0 0 0 0 0 36 75 85 83 
P1871 2084 11 29 25 70 0 0 43 0 0 117 56 0 0 0 0 0 0 0 0 0 4 0 0 0 0 0 0 0 0 36 0 -999 
P1871 2084 12 25 17 0 0 32 0 14 49 53 0 48 0 109 105 47 0 0 0 0 0 0 0 0 1 0 0 0 40 31 23 10 
P1871 2085 1 0 4 0 6 0 0 1 0 0 0 0 0 2 4 0 0 34 14 0 7 9 0 88 136 0 0 0 23 6 0 0 
P1871 2085 2 0 0 0 0 23 43 0 0 23 0 61 85 46 0 16 0 0 0 0 12 5 0 0 0 11 0 0 0 -999 -999 -999 
P1871 2085 3 0 4 0 8 0 0 0 9 45 76 0 83 135 53 51 58 0 0 0 0 0 0 21 0 0 13 0 0 0 0 0 
P1871 2085 4 0 0 0 0 0 0 0 0 0 0 19 54 58 66 76 0 37 0 0 0 0 0 4 8 0 0 0 9 12 19 -999 
P1871 2085 5 0 0 0 0 0 0 0 0 53 0 0 0 0 19 0 8 0 0 0 0 0 0 13 17 25 0 0 0 4 0 2 
P1871 2085 6 0 0 0 0 0 0 0 0 0 0 23 0 0 0 10 0 0 0 0 0 0 0 0 0 0 0 0 0 12 0 -999 
P1871 2085 7 0 0 0 0 0 0 0 0 8 0 0 0 0 0 0 0 0 0 0 0 0 0 0 0 0 0 0 0 0 0 0 
P1871 2085 8 0 0 0 0 0 0 0 0 0 0 0 0 0 6 0 0 0 0 0 0 0 0 0 0 0 0 0 0 0 0 0 
P1871 2085 9 0 10 0 0 25 0 0 0 0 0 0 0 0 0 0 0 0 0 0 0 0 0 0 0 7 0 0 0 0 0 -999 
P1871 2085 10 0 0 0 11 0 0 0 11 16 20 0 0 0 0 0 10 10 17 0 0 0 16 0 0 0 0 56 43 0 63 0 
P1871 2085 11 0 0 0 19 17 0 0 0 8 5 0 0 0 8 0 34 0 39 25 66 0 64 24 5 0 3 0 0 51 35 -999 
P1871 2085 12 0 76 18 0 0 0 0 10 0 0 0 0 0 0 0 0 0 0 0 0 0 0 14 0 0 0 0 0 0 0 0 
P1871 2086 1 0 4 7 12 10 8 7 0 0 4 6 9 18 56 56 16 0 127 53 62 0 0 0 0 0 0 7 0 0 0 0 
P1871 2086 2 0 0 37 0 0 0 51 79 0 0 13 29 55 0 0 0 0 0 0 0 0 0 2 0 0 5 0 8 -999 -999 -999 
P1871 2086 3 0 0 0 0 0 0 0 0 0 0 0 0 0 0 0 0 0 0 0 11 6 0 0 7 11 0 0 0 0 14 20 
P1871 2086 4 0 0 0 0 0 0 45 0 0 7 0 0 27 0 0 0 24 0 9 0 0 0 0 0 0 15 0 0 35 0 -999 
P1871 2086 5 37 47 0 0 0 0 0 0 0 0 0 18 17 0 4 0 11 0 4 0 0 0 0 17 0 0 0 0 0 0 5 
P1871 2086 6 0 0 0 0 0 0 0 0 0 0 0 0 0 0 0 0 0 23 22 0 0 0 0 0 0 0 0 0 0 0 -999 
P1871 2086 7 0 0 0 0 0 0 0 0 0 0 0 0 0 0 0 0 0 0 0 0 0 0 0 0 0 0 0 0 0 0 0 
P1871 2086 8 0 0 0 0 0 0 0 0 0 11 0 0 0 0 0 0 0 0 0 0 0 0 0 0 14 0 0 0 0 0 9 
P1871 2086 9 0 0 15 0 0 0 0 0 0 0 0 0 25 32 21 0 14 0 0 0 0 0 0 0 15 14 0 0 0 0 -999 
P1871 2086 10 0 0 0 25 0 0 0 0 0 0 0 35 0 8 0 0 0 0 0 0 0 0 0 0 0 0 0 0 0 43 38 
P1871 2086 11 0 0 0 12 21 25 16 0 13 12 19 32 0 0 0 0 0 0 0 56 0 26 0 0 11 0 0 0 31 0 -999 
P1871 2086 12 12 0 0 7 0 0 0 0 0 0 0 2 0 0 14 6 0 0 30 71 21 72 138 104 0 0 9 0 0 0 0 
P1871 2087 1 0 0 6 0 0 0 17 55 67 0 17 0 0 0 0 0 0 0 0 0 8 9 15 4 5 0 9 0 2 0 29 
P1871 2087 2 47 0 0 0 0 1 0 0 0 0 9 0 9 0 0 0 3 0 0 1 0 1 0 0 0 24 0 43 -999 -999 -999 
P1871 2087 3 63 90 70 33 0 0 0 0 0 21 0 0 0 0 0 0 0 0 0 0 0 0 0 0 25 11 9 12 16 7 0 
P1871 2087 4 0 0 0 0 9 0 0 4 0 0 0 0 0 6 0 0 0 0 0 19 0 72 44 50 55 57 26 17 0 9 -999 
P1871 2087 5 0 0 0 0 20 24 24 0 0 0 31 26 13 0 17 0 0 0 0 0 0 0 0 0 0 0 0 0 0 0 0 
P1871 2087 6 0 0 0 0 0 0 0 0 0 0 0 0 5 0 0 0 0 0 0 0 0 0 0 0 0 0 0 0 0 0 -999 
P1871 2087 7 0 0 0 0 0 0 0 0 0 0 0 0 0 0 0 0 0 0 0 0 0 0 0 0 0 0 0 0 0 0 0 
P1871 2087 8 0 0 0 0 0 0 0 0 0 0 0 0 0 0 0 0 0 0 10 0 0 0 0 0 0 0 0 0 0 0 0 
P1871 2087 9 0 0 0 0 0 0 0 0 0 0 0 0 0 0 0 0 12 0 0 0 0 0 0 0 0 0 0 0 0 0 -999 
P1871 2087 10 0 0 0 0 40 29 0 11 0 0 0 19 20 0 0 6 0 0 0 0 0 0 0 0 0 0 0 0 6 0 4 
P1871 2087 11 0 2 0 2 0 0 0 0 0 0 3 0 0 0 4 0 0 0 0 8 0 0 0 0 0 0 0 0 0 0 -999 
P1871 2087 12 0 8 0 12 0 0 7 0 33 16 5 4 0 0 6 5 0 10 20 6 0 0 0 75 23 45 56 36 46 73 25 
P1871 2088 1 0 0 37 0 0 18 8 0 0 0 0 0 0 0 0 3 0 3 0 0 0 0 0 0 0 15 27 0 10 0 4 
P1871 2088 2 6 0 0 0 0 0 82 84 117 0 11 0 0 0 15 0 20 21 0 0 0 0 0 0 17 24 35 0 -999 -999 -999 
P1871 2088 3 26 35 67 63 0 18 11 0 0 0 0 0 0 0 0 0 0 14 0 9 0 0 20 0 42 0 46 0 3 3 0 
P1871 2088 4 0 0 0 0 0 32 53 0 21 0 0 0 35 0 37 24 27 0 7 9 0 33 0 0 0 0 0 0 9 0 -999 
P1871 2088 5 0 0 0 0 30 23 0 29 0 0 0 22 0 0 0 26 0 0 0 0 6 0 0 0 0 0 0 0 0 21 0 
P1871 2088 6 0 0 0 0 0 0 0 0 0 0 0 0 0 0 0 0 0 0 0 0 0 0 0 0 0 0 0 0 0 0 -999 
P1871 2088 7 0 0 0 0 0 0 0 0 0 0 0 0 0 0 0 0 0 0 0 0 0 0 0 0 0 0 0 0 0 0 0 
P1871 2088 8 0 0 0 0 0 0 0 0 0 0 0 0 0 0 0 0 0 0 0 0 0 0 0 0 0 0 0 0 0 0 0 
P1871 2088 9 0 0 0 0 8 0 0 14 0 0 0 0 0 0 0 27 0 0 0 0 0 0 0 0 0 0 0 0 0 0 -999 
P1871 2088 10 0 0 8 0 0 8 0 8 14 26 0 17 0 0 17 0 1 0 0 0 0 0 0 0 39 0 130 73 0 0 0 
P1871 2088 11 0 0 0 0 0 0 0 0 0 0 0 27 18 17 0 64 0 140 63 18 0 12 11 0 0 0 0 0 50 18 -999 
P1871 2088 12 0 0 17 21 32 47 47 53 0 0 0 0 4 0 0 0 0 0 0 0 0 10 10 7 12 14 7 0 0 0 0 
P1871 2089 1 0 0 5 0 0 0 27 38 77 105 140 142 184 53 0 0 0 2 1 0 0 0 0 4 0 0 0 0 16 0 17 
P1871 2089 2 24 29 22 25 50 108 83 90 154 59 25 44 96 68 19 8 0 0 0 0 4 0 0 6 0 0 11 0 -999 -999 -999 
P1871 2089 3 20 29 0 74 0 0 19 0 0 25 14 0 19 48 69 73 57 36 24 0 0 0 11 31 92 89 0 0 24 41 109 
P1871 2089 4 159 115 0 0 0 0 0 0 46 0 0 0 0 0 0 0 0 3 0 0 40 41 34 27 0 0 0 34 0 19 -999 
P1871 2089 5 23 26 0 0 0 0 0 0 0 0 6 0 0 0 9 10 0 0 15 17 17 14 0 0 0 0 0 0 0 0 0 
P1871 2089 6 0 0 0 0 0 0 0 0 0 0 0 10 0 0 0 1 0 0 0 0 0 0 0 0 0 0 0 0 0 0 -999 
P1871 2089 7 0 0 0 0 0 0 0 0 0 19 0 0 0 0 0 0 0 0 0 0 0 0 0 0 0 0 0 24 20 0 0 
P1871 2089 8 0 0 0 0 0 0 0 0 0 14 0 0 0 0 0 0 0 0 0 0 0 0 0 0 0 0 0 0 0 0 0 
P1871 2089 9 0 0 0 0 0 0 0 0 0 0 0 0 0 0 0 0 0 0 0 0 0 0 0 0 0 0 0 0 0 0 -999 
P1871 2089 10 0 0 0 0 0 0 0 0 0 0 0 0 3 0 0 0 0 0 0 0 0 0 0 0 0 0 0 5 3 0 7 
P1871 2089 11 0 0 0 20 0 0 0 0 8 0 12 0 0 5 0 5 0 7 0 0 0 0 0 27 71 59 28 0 31 73 -999 
P1871 2089 12 82 28 0 0 0 0 43 84 84 72 70 6 0 0 1 0 3 0 12 0 0 11 0 0 0 0 0 0 0 4 0 
P1871 2090 1 4 0 8 0 0 2 22 18 52 52 15 18 42 0 63 32 0 0 0 0 0 0 0 0 0 0 0 0 2 0 0 
P1871 2090 2 2 0 0 25 0 0 32 31 22 45 28 0 19 12 33 0 19 0 6 4 5 0 34 0 35 42 80 71 -999 -999 -999 
P1871 2090 3 148 0 0 14 0 0 0 0 0 0 0 39 0 78 74 46 0 0 31 0 0 0 25 0 18 0 20 0 19 24 0 
P1871 2090 4 28 31 43 72 42 26 0 31 35 24 0 0 0 25 68 75 54 0 0 0 2 4 0 0 0 0 15 9 0 0 -999 
P1871 2090 5 10 0 0 0 0 0 0 0 4 0 0 0 0 0 0 0 0 0 0 0 0 0 0 0 0 0 0 0 0 0 0 
P1871 2090 6 0 0 0 0 0 0 16 0 0 11 0 0 0 0 0 0 14 0 10 0 0 0 0 0 0 0 16 0 0 0 -999 
P1871 2090 7 0 0 0 0 0 0 0 0 0 0 0 0 0 0 0 0 0 0 0 0 0 0 0 0 0 0 0 0 15 0 0 
P1871 2090 8 0 0 0 0 0 0 0 0 0 0 0 0 0 0 0 0 0 0 0 0 0 0 0 0 0 0 0 0 0 0 0 
P1871 2090 9 0 8 0 0 0 0 3 0 0 0 0 0 0 0 0 0 2 0 0 0 0 20 0 0 0 0 0 0 0 0 -999 
P1871 2090 10 0 0 12 23 35 0 28 0 0 15 0 28 17 20 0 30 0 17 0 0 0 0 13 0 0 21 0 0 0 46 43 
P1871 2090 11 23 0 11 0 7 0 0 6 0 30 62 0 20 41 0 0 0 0 0 0 0 0 22 33 0 38 0 0 0 9 -999 
P1871 2090 12 0 0 0 30 30 36 34 17 15 23 21 15 11 14 0 0 0 8 0 0 0 0 0 0 15 0 15 0 1 1 0 
P1871 2091 1 0 0 0 0 0 0 8 6 0 0 7 7 0 0 6 0 0 9 36 5 0 3 0 0 0 6 6 0 0 0 0 
P1871 2091 2 0 21 0 0 0 0 0 0 0 0 0 0 0 6 0 5 13 32 162 117 61 67 92 0 0 0 58 0 -999 -999 -999 
P1871 2091 3 37 11 13 13 0 0 0 9 0 0 0 0 0 0 0 22 0 0 0 15 0 0 13 0 7 0 0 0 0 0 0 
P1871 2091 4 0 8 0 2 0 0 30 47 0 0 0 32 39 0 0 22 28 36 51 37 23 0 0 0 0 0 0 0 0 0 -999 
P1871 2091 5 0 0 52 35 38 0 11 0 9 0 15 0 0 0 0 0 0 0 0 0 4 0 0 0 0 0 0 0 0 14 0 
P1871 2091 6 0 0 38 28 0 0 0 0 0 0 0 0 0 29 33 0 0 0 0 0 0 0 0 0 0 0 0 0 0 6 -999 
P1871 2091 7 0 0 0 0 0 15 0 0 0 7 0 0 0 0 0 15 0 0 0 0 0 0 0 0 0 0 0 0 0 0 0 
P1871 2091 8 0 8 0 0 0 0 0 0 0 0 0 0 0 0 0 16 0 0 0 15 0 0 0 0 0 0 0 3 0 0 0 
P1871 2091 9 0 0 0 0 0 0 0 0 0 4 0 0 0 0 0 0 0 0 0 0 0 0 0 0 0 0 0 0 0 10 -999 
P1871 2091 10 0 0 0 0 0 0 0 0 0 0 21 33 46 0 0 0 0 14 0 0 0 0 0 0 0 0 0 0 80 71 60 
P1871 2091 11 90 36 0 0 0 0 0 0 10 5 0 0 0 26 33 0 0 29 25 21 0 0 40 0 0 0 50 29 11 0 -999 
P1871 2091 12 35 0 9 0 0 0 13 0 0 0 0 0 0 0 0 11 11 0 0 6 0 0 4 7 0 0 0 0 27 0 1 
P1871 2092 1 0 0 0 0 0 0 0 12 4 0 9 23 32 19 0 14 35 0 0 145 92 59 0 51 39 0 58 0 60 59 0 
P1871 2092 2 0 37 65 0 11 60 89 0 0 65 0 0 16 49 0 0 64 79 0 46 50 0 0 0 13 0 0 19 -999 -999 -999 
P1871 2092 3 0 42 0 4 0 0 39 16 9 0 0 0 0 0 50 103 89 46 31 0 56 67 67 195 115 0 33 0 0 27 0 
P1871 2092 4 0 0 46 36 0 0 12 14 0 0 0 0 0 0 0 0 0 0 0 0 0 0 0 0 0 0 23 0 0 0 -999 
P1871 2092 5 0 0 0 0 0 0 0 20 0 0 0 0 0 0 0 0 78 49 21 7 0 0 0 0 0 0 0 0 0 0 0 
P1871 2092 6 0 10 14 0 17 0 0 0 0 0 0 0 0 0 0 0 0 0 0 8 0 0 0 0 0 0 0 0 0 0 -999 
P1871 2092 7 0 0 0 0 0 0 0 0 0 0 0 0 0 0 0 0 0 0 0 0 0 0 0 0 0 0 0 0 14 0 0 
P1871 2092 8 0 0 0 0 0 0 0 0 0 15 0 0 0 0 0 0 0 0 0 0 0 0 0 0 0 0 0 22 0 10 0 
P1871 2092 9 0 0 0 0 0 7 4 0 0 0 25 0 0 0 0 0 0 0 0 0 0 0 0 0 0 0 0 0 0 0 -999 
P1871 2092 10 19 9 6 7 12 0 0 0 0 0 0 61 21 0 0 4 0 0 0 36 19 0 0 0 0 0 8 0 0 0 0 
P1871 2092 11 0 0 0 36 0 0 0 13 0 0 0 44 158 128 103 0 18 16 0 0 0 0 0 85 74 48 13 0 7 0 -999 
P1871 2092 12 0 0 37 11 0 21 23 0 25 46 25 0 0 0 0 0 14 0 0 0 96 102 0 65 0 0 17 22 0 0 26 
P1871 2093 1 80 0 47 0 12 14 0 0 0 0 58 58 44 0 56 112 0 43 62 7 0 0 0 0 0 0 0 0 0 93 93 
P1871 2093 2 90 53 0 0 0 0 0 0 5 0 12 0 0 0 20 0 0 0 0 51 42 0 0 0 0 12 37 55 -999 -999 -999 
P1871 2093 3 25 0 0 0 13 23 0 8 18 0 0 0 30 0 9 0 0 10 0 0 0 19 0 0 0 0 0 33 14 13 0 
P1871 2093 4 18 0 0 0 0 0 0 0 0 16 16 0 0 0 0 0 0 17 0 0 0 0 0 0 0 30 0 38 0 28 -999 
P1871 2093 5 0 0 0 0 21 8 0 0 0 0 16 0 0 0 0 0 0 0 15 0 0 24 0 15 0 0 0 0 0 0 0 
P1871 2093 6 0 0 6 0 0 0 0 0 0 0 0 0 0 0 0 0 0 0 0 0 0 0 0 14 0 0 0 0 0 0 -999 
P1871 2093 7 0 0 8 0 0 0 0 0 0 0 0 0 0 0 0 0 0 0 0 0 0 0 0 0 0 0 0 0 0 0 0 
P1871 2093 8 0 0 0 0 0 0 0 0 0 20 0 0 0 0 0 0 0 9 0 0 0 0 0 0 0 0 0 0 0 0 0 
P1871 2093 9 0 0 0 0 0 0 0 0 0 0 0 0 0 0 14 0 0 0 0 0 0 0 0 0 0 0 0 0 0 0 -999 
P1871 2093 10 0 0 0 0 4 7 0 13 0 0 0 0 0 0 35 77 89 53 0 0 0 0 0 0 0 11 0 0 0 0 0 
P1871 2093 11 30 40 0 4 2 0 4 0 14 10 0 0 0 5 0 0 0 0 0 0 0 23 30 0 0 0 0 0 0 0 -999 
P1871 2093 12 0 0 0 0 0 0 0 2 0 0 0 0 0 0 0 0 0 0 0 0 0 0 0 0 0 2 0 0 0 0 3 
P1871 2094 1 0 0 11 0 0 0 0 0 0 21 17 0 0 0 0 9 18 45 62 45 56 130 117 157 163 109 58 113 0 68 60 
P1871 2094 2 79 0 64 100 0 12 5 0 0 2 0 0 0 0 0 0 0 0 4 0 8 0 0 0 0 0 3 0 -999 -999 -999 
P1871 2094 3 0 0 0 0 0 0 0 1 1 0 0 0 4 0 4 0 9 0 8 0 0 21 0 0 0 0 0 0 46 85 105 
P1871 2094 4 125 138 103 22 0 0 0 54 0 0 0 0 18 0 0 0 5 0 0 0 0 0 0 0 0 0 0 0 0 0 -999 
P1871 2094 5 0 0 7 0 0 0 0 0 2 0 0 0 0 0 0 0 0 0 8 8 0 0 0 0 0 0 0 0 0 4 0 
P1871 2094 6 0 0 0 0 0 0 0 0 0 0 0 26 0 0 0 0 0 0 0 0 0 0 0 0 0 0 0 0 0 0 -999 
P1871 2094 7 0 0 0 0 0 0 0 0 0 0 0 0 0 0 0 0 0 0 0 0 0 0 0 0 0 0 0 0 0 0 0 
P1871 2094 8 0 0 0 0 0 0 0 0 0 0 0 0 0 0 0 0 0 0 0 0 0 0 0 0 0 0 0 0 0 0 14 
P1871 2094 9 0 0 0 0 0 6 6 0 0 0 0 9 0 0 0 0 0 0 0 0 0 18 0 0 7 0 0 0 0 4 -999 
P1871 2094 10 0 0 0 0 0 0 0 0 0 4 0 19 0 20 26 0 25 0 32 0 47 27 48 0 39 36 86 0 0 0 0 
P1871 2094 11 12 0 0 0 0 0 0 4 0 0 0 0 30 64 30 12 14 0 0 28 0 17 40 57 25 0 0 0 0 20 -999 
P1871 2094 12 0 0 0 5 0 0 0 0 1 0 0 0 0 0 5 4 0 0 12 21 0 0 5 5 0 0 0 0 0 0 0 
P1871 2095 1 33 43 43 84 63 27 21 59 90 0 0 13 15 0 0 0 0 0 0 0 0 9 16 26 39 30 27 34 0 11 20 
P1871 2095 2 0 28 18 0 0 7 9 0 10 0 12 0 0 0 0 0 0 0 0 9 0 0 3 0 0 0 0 0 -999 -999 -999 
P1871 2095 3 0 0 0 0 0 0 0 0 0 0 7 0 0 0 0 1 0 0 5 0 0 10 0 0 0 0 0 0 50 27 23 
P1871 2095 4 38 71 120 44 19 9 0 0 9 0 0 0 0 25 0 30 0 0 0 0 0 0 42 53 0 0 0 0 6 0 -999 
P1871 2095 5 0 0 0 0 0 7 0 0 0 0 0 0 0 0 0 0 0 0 0 0 8 0 0 0 0 0 0 0 0 0 0 
P1871 2095 6 13 13 0 0 0 0 36 36 29 0 0 0 13 0 0 0 0 0 0 0 0 0 0 0 0 0 0 0 0 0 -999 
P1871 2095 7 27 16 0 0 0 0 0 0 0 0 0 0 0 0 0 0 0 0 0 0 0 0 0 0 0 0 0 0 0 0 0 
P1871 2095 8 0 0 0 0 0 0 0 0 0 0 0 0 0 0 0 0 0 0 0 0 0 0 0 0 0 0 0 0 0 0 0 
P1871 2095 9 0 0 0 0 0 0 0 0 0 0 0 0 0 0 0 0 0 0 0 0 3 0 7 0 22 0 0 0 8 7 -999 
P1871 2095 10 5 0 9 0 19 0 14 0 0 0 0 0 0 0 0 20 40 0 0 0 7 0 0 0 0 0 0 0 0 0 0 
P1871 2095 11 0 0 0 0 0 0 0 19 25 0 0 30 31 19 0 0 47 24 3 11 35 0 85 0 68 0 5 0 0 0 -999 
P1871 2095 12 1 0 0 3 0 0 13 47 93 51 0 0 0 0 80 0 0 14 0 30 28 11 0 0 56 131 67 0 14 0 0 
P1871 2096 1 74 6 0 0 0 17 23 0 0 57 36 14 8 42 66 0 14 7 3 0 0 0 0 2 0 0 0 0 0 0 0 
P1871 2096 2 14 23 0 20 0 16 10 0 0 0 8 0 7 15 35 38 0 4 0 0 0 0 0 0 0 0 0 11 -999 -999 -999 
P1871 2096 3 0 16 0 0 0 0 0 0 9 11 7 0 0 0 2 0 0 0 16 0 0 98 139 32 7 0 31 54 67 51 0 
P1871 2096 4 0 0 0 6 0 5 9 0 0 0 0 0 0 0 0 0 0 0 0 30 0 0 11 0 0 0 0 0 0 0 -999 
P1871 2096 5 0 0 17 17 0 0 0 0 22 0 0 0 0 0 0 0 0 0 0 0 0 0 0 0 0 0 0 26 0 13 13 
P1871 2096 6 18 29 0 18 0 0 33 22 0 0 17 0 0 0 0 0 0 0 0 0 0 0 0 0 0 0 0 0 0 0 -999 
P1871 2096 7 0 0 0 0 10 0 0 0 0 0 0 0 0 0 0 0 0 0 0 0 0 0 0 0 0 0 0 0 0 0 0 
P1871 2096 8 0 0 13 0 0 0 0 0 0 0 0 0 0 0 0 0 0 0 0 0 17 12 0 0 0 0 0 0 0 0 0 
P1871 2096 9 0 5 0 0 0 0 0 0 0 0 0 0 0 0 0 0 7 11 0 23 0 0 22 0 0 0 0 0 0 0 -999 
P1871 2096 10 0 40 0 0 0 0 0 0 0 0 0 0 0 0 0 0 0 0 56 53 26 0 0 6 0 0 0 0 0 0 0 
P1871 2096 11 0 5 5 4 0 0 0 0 0 0 6 0 0 0 0 0 2 0 0 0 0 0 0 0 0 0 0 0 0 0 -999 
P1871 2096 12 6 4 0 0 0 2 0 0 0 0 17 24 0 26 44 16 0 62 0 3 0 0 19 26 0 0 0 0 0 0 0 
P1871 2097 1 0 20 0 0 1 3 0 6 0 0 0 0 0 0 0 0 0 0 0 0 0 0 0 5 65 53 48 0 22 0 0 
P1871 2097 2 13 0 0 30 0 0 24 0 0 0 6 0 0 0 13 9 0 0 0 9 0 0 0 0 0 0 30 0 -999 -999 -999 
P1871 2097 3 22 35 87 62 0 33 0 0 0 12 0 0 0 0 0 0 0 3 0 0 0 0 0 0 0 0 20 6 33 0 4 
P1871 2097 4 0 0 0 0 0 0 0 35 0 0 29 47 56 0 0 0 0 0 0 0 28 17 9 0 0 0 0 0 5 0 -999 
P1871 2097 5 0 0 0 14 0 0 31 0 16 0 0 0 0 0 0 0 28 22 0 29 0 0 0 38 0 5 0 0 0 0 0 
P1871 2097 6 0 0 0 0 0 0 0 0 0 0 0 0 0 0 0 0 0 0 0 0 0 0 21 0 0 0 10 9 0 0 -999 
P1871 2097 7 0 0 0 0 0 0 11 0 0 0 0 0 0 0 0 0 0 0 0 0 0 0 0 0 0 0 0 0 0 0 0 
P1871 2097 8 0 0 0 0 0 0 0 0 0 0 0 0 0 0 0 0 0 0 0 0 0 0 0 27 0 0 0 0 0 0 0 
P1871 2097 9 0 0 0 0 0 14 0 0 0 0 0 7 0 0 0 0 0 0 0 0 0 0 0 0 0 0 4 0 0 0 -999 
P1871 2097 10 0 0 0 0 0 0 0 0 0 17 0 6 0 0 0 35 0 73 36 18 10 0 28 8 0 0 0 0 0 3 0 
P1871 2097 11 5 4 0 0 8 0 0 0 0 0 0 5 5 0 0 0 0 5 2 0 0 0 0 10 0 0 13 0 11 0 -999 
P1871 2097 12 27 8 9 4 0 0 0 0 0 0 0 0 0 0 2 0 0 0 0 0 0 0 0 0 0 0 0 0 15 21 22 
P1871 2098 1 0 0 18 0 67 35 22 0 0 0 0 0 0 17 0 0 0 0 8 30 42 36 0 31 0 0 8 4 0 0 0 
P1871 2098 2 0 9 0 0 5 0 0 0 22 38 0 35 40 12 19 11 0 0 25 0 0 0 0 0 0 0 0 0 -999 -999 -999 
P1871 2098 3 0 21 0 0 0 31 0 6 0 0 0 0 0 0 0 0 0 19 10 0 0 0 0 0 0 0 0 30 0 0 0 
P1871 2098 4 0 0 0 28 0 0 32 0 0 0 0 0 0 16 4 0 0 0 0 0 0 0 0 25 0 0 0 0 0 0 -999 
P1871 2098 5 0 0 0 0 0 0 55 41 47 0 73 0 0 23 26 28 27 0 11 0 0 24 22 0 0 27 0 0 0 0 0 
P1871 2098 6 0 0 0 0 0 0 0 0 0 18 0 0 0 14 17 0 0 0 0 0 0 0 0 0 0 0 0 10 0 0 -999 
P1871 2098 7 0 0 0 0 0 0 0 0 0 0 0 0 0 0 0 0 0 0 0 11 0 0 0 0 0 0 0 0 0 0 0 
P1871 2098 8 0 26 0 0 0 0 0 0 0 0 0 0 0 0 0 0 0 0 18 0 0 0 0 3 0 0 0 5 0 0 13 
P1871 2098 9 0 0 0 0 0 0 0 0 0 0 0 0 0 0 0 0 0 0 0 0 0 10 0 0 0 10 0 0 7 0 -999 
P1871 2098 10 0 0 0 0 4 0 0 0 9 0 0 0 15 0 0 0 0 56 24 7 11 0 15 0 0 26 35 0 0 0 0 
P1871 2098 11 0 6 0 0 0 0 0 0 11 0 0 13 51 45 32 17 15 24 0 0 0 29 21 0 0 0 0 0 0 0 -999 
P1871 2098 12 0 0 0 0 0 0 0 0 0 0 0 0 0 0 0 0 0 8 0 24 0 20 15 0 31 0 0 0 0 0 0 
P1871 2099 1 0 0 0 0 0 0 0 0 0 15 32 0 61 0 0 0 35 33 10 13 22 25 53 0 8 0 0 0 0 0 0 
P1871 2099 2 3 0 0 0 16 0 0 0 0 0 0 0 0 0 0 0 0 0 0 0 0 0 35 0 93 39 22 26 -999 -999 -999 
P1871 2099 3 50 62 67 81 18 13 0 9 0 0 0 0 0 27 39 0 0 93 149 148 0 17 36 0 0 0 25 24 14 0 0 
P1871 2099 4 0 32 32 13 14 13 0 10 0 0 0 0 0 0 0 0 0 0 0 9 0 27 23 0 40 26 28 0 0 0 -999 
P1871 2099 5 39 0 10 0 11 0 0 0 0 0 0 0 0 0 0 0 0 0 9 0 0 10 0 37 14 0 13 0 0 23 0 
P1871 2099 6 0 0 0 0 0 0 0 0 0 0 0 0 0 0 0 0 0 0 0 0 0 0 0 0 0 0 0 0 0 0 -999 
P1871 2099 7 0 0 0 0 0 0 0 0 0 0 16 0 0 0 0 0 0 0 0 0 0 0 0 0 0 0 0 0 0 0 0 
P1871 2099 8 0 0 10 0 0 0 0 0 0 0 0 0 0 0 0 0 0 0 0 0 0 0 0 0 0 0 0 0 0 0 0 
P1871 2099 9 0 0 0 0 0 0 0 0 0 0 16 15 0 0 0 9 0 4 4 5 0 0 0 0 0 0 0 0 0 0 -999 
P1871 2099 10 0 0 0 0 0 0 0 0 0 27 0 37 34 16 0 0 0 0 0 0 10 0 0 0 14 0 30 18 0 0 0 
P1871 2099 11 0 0 0 15 0 6 5 0 0 0 0 29 16 0 0 0 14 0 0 0 10 17 0 29 33 29 63 60 0 26 -999 
P1871 2099 12 6 0 0 0 0 67 66 36 19 26 22 9 0 0 0 0 0 0 0 0 18 0 0 18 67 137 151 97 63 47 0 
P1871 2100 1 0 0 0 0 31 12 0 0 0 0 55 116 144 66 0 0 13 10 0 0 0 3 0 7 6 0 0 0 0 0 0 
P1871 2100 2 0 32 48 10 0 0 0 0 16 40 0 0 0 0 0 15 27 0 32 0 0 0 0 0 0 4 0 0 -999 -999 -999 
P1871 2100 3 0 0 31 0 0 24 32 0 35 0 48 43 117 0 21 13 7 8 0 0 20 29 35 36 21 63 69 46 65 85 69 
P1871 2100 4 60 48 46 36 23 17 17 17 0 0 32 64 0 0 24 25 20 0 33 33 14 0 0 0 2 0 0 0 0 22 -999 
P1871 2100 5 20 0 0 21 0 15 0 0 14 0 0 12 0 0 0 9 0 0 0 0 0 0 32 39 48 34 0 0 17 14 0 
P1871 2100 6 0 0 0 0 0 11 5 7 0 0 0 0 0 0 17 0 0 0 0 0 0 0 0 16 12 0 0 0 0 0 -999 
P1871 2100 7 0 0 0 0 0 0 0 0 0 0 0 0 0 0 0 0 0 0 0 0 0 0 0 0 0 0 0 0 11 0 0 
P1871 2100 8 0 0 0 0 0 0 0 0 0 0 0 0 0 0 0 0 0 0 0 0 0 0 0 0 0 0 0 0 0 0 0 
P1871 2100 9 0 0 0 4 0 0 0 0 8 0 0 0 0 0 0 0 0 0 0 0 0 0 0 0 0 19 0 0 0 0 -999 
P1871 2100 10 0 0 0 0 0 0 31 40 0 27 32 0 29 39 0 0 0 22 29 0 27 49 102 0 0 0 0 0 20 30 0 
P1871 2100 11 0 0 0 52 62 82 0 36 49 61 0 0 48 80 106 106 62 0 58 36 20 34 68 77 57 0 0 0 0 0 -999 
P1871 2100 12 0 0 3 6 17 12 0 0 0 0 0 0 0 0 0 0 0 1 0 0 0 3 0 0 0 0 2 5 9 0 2 
