precip	MIROC5	RCP60	REGRESION	decimas	1
P1166	37.300	-5.686	182	geo	2006	2100	-1
P1166 2006 1 0 8 0 5 6 15 13 0 10 0 0 153 175 38 67 144 114 103 89 14 6 13 20 0 16 0 0 0 0 0 0 
P1166 2006 2 0 94 0 13 0 0 0 0 0 0 6 24 51 68 44 0 0 0 21 40 10 0 9 0 0 0 0 13 -999 -999 -999 
P1166 2006 3 51 70 110 142 115 119 102 113 59 80 99 23 0 0 0 78 184 192 103 48 73 50 0 26 37 40 35 0 79 0 0 
P1166 2006 4 20 0 45 0 0 0 0 73 3 0 0 0 0 0 0 6 15 13 9 0 0 0 0 0 0 25 0 0 35 0 -999 
P1166 2006 5 0 26 0 38 35 59 19 0 0 0 0 0 0 0 0 0 0 9 15 20 0 0 0 0 0 3 0 11 0 14 0 
P1166 2006 6 0 0 0 0 0 0 0 0 0 9 5 0 0 0 0 0 0 0 0 0 0 0 0 0 0 0 0 0 14 0 -999 
P1166 2006 7 0 0 0 0 0 0 15 0 0 0 0 0 0 0 0 0 0 0 0 0 0 0 0 0 0 0 0 0 0 0 0 
P1166 2006 8 0 0 0 0 0 0 0 0 0 0 0 0 0 11 0 0 0 0 0 0 0 0 0 0 0 0 0 0 0 0 0 
P1166 2006 9 0 0 0 0 0 11 0 0 0 0 0 0 0 0 0 0 0 0 0 0 0 0 10 0 7 3 0 0 0 0 -999 
P1166 2006 10 0 0 0 0 7 0 0 0 0 0 0 28 0 0 18 16 0 0 0 0 23 0 0 0 0 0 0 0 0 0 0 
P1166 2006 11 0 26 0 0 0 0 45 39 0 0 0 0 0 0 0 4 0 0 0 11 0 0 33 43 0 0 0 0 0 0 -999 
P1166 2006 12 0 0 0 0 5 0 0 113 92 66 0 40 0 29 93 145 0 0 0 9 0 48 131 59 59 63 49 40 36 0 0 
P1166 2007 1 27 22 0 0 0 0 0 0 0 0 0 0 0 0 0 0 0 0 0 0 0 5 0 0 15 0 0 16 13 18 0 
P1166 2007 2 11 9 0 14 8 9 35 132 228 154 26 0 0 8 0 0 0 58 33 25 0 54 34 24 30 38 36 33 -999 -999 -999 
P1166 2007 3 18 42 0 0 0 0 0 0 12 7 15 48 45 0 29 0 0 15 0 0 0 19 0 0 0 0 0 0 0 0 0 
P1166 2007 4 0 0 0 0 0 0 0 0 2 0 0 0 0 0 0 12 21 49 55 34 42 0 0 43 0 10 1 2 0 0 -999 
P1166 2007 5 0 0 0 0 68 15 0 0 11 0 0 0 21 0 0 0 0 0 0 0 0 0 0 0 0 0 0 0 0 0 0 
P1166 2007 6 0 13 0 16 0 0 0 0 0 0 0 0 0 0 6 0 0 3 0 0 8 0 0 0 0 0 0 0 0 15 -999 
P1166 2007 7 0 0 0 0 0 0 0 0 17 0 0 0 0 0 0 0 0 0 0 0 0 0 0 0 0 0 0 0 0 0 7 
P1166 2007 8 0 0 0 0 0 0 0 0 0 0 0 0 0 0 0 0 0 0 0 0 0 0 0 0 0 0 0 0 0 0 0 
P1166 2007 9 0 0 0 0 0 0 0 0 0 8 0 0 0 0 0 0 0 0 0 0 0 0 0 0 14 9 0 0 0 0 -999 
P1166 2007 10 0 0 0 0 0 0 0 0 0 0 0 0 49 54 17 0 0 56 0 0 0 47 47 45 0 0 27 16 0 0 0 
P1166 2007 11 3 0 7 0 0 0 0 0 26 31 29 36 0 0 12 0 0 0 0 1 2 0 0 0 1 0 29 0 0 8 -999 
P1166 2007 12 0 0 0 18 14 0 22 15 0 0 0 0 0 0 0 0 47 38 13 6 12 0 0 0 0 0 11 18 0 6 0 
P1166 2008 1 0 0 0 38 14 0 0 0 0 0 0 0 0 38 51 62 23 0 23 30 105 106 0 0 51 129 187 83 61 79 108 
P1166 2008 2 215 48 109 43 34 51 57 96 0 37 90 0 0 16 0 55 0 63 0 104 10 16 0 21 29 27 29 27 -999 -999 -999 
P1166 2008 3 0 0 0 0 0 0 0 0 0 5 0 0 0 8 0 0 0 0 0 0 0 0 0 5 0 0 0 0 0 0 0 
P1166 2008 4 0 0 0 0 0 0 0 0 0 0 0 0 0 21 67 43 0 0 0 0 0 7 0 0 8 0 0 0 0 0 -999 
P1166 2008 5 0 0 0 0 0 0 0 0 0 0 45 24 0 37 21 0 12 0 25 41 34 0 59 0 0 0 0 0 0 0 0 
P1166 2008 6 0 0 12 0 0 0 0 0 0 0 0 0 0 40 0 0 0 0 0 0 0 0 0 0 0 0 0 0 0 3 -999 
P1166 2008 7 0 0 0 0 0 0 0 0 0 0 0 0 0 15 0 0 0 0 0 0 0 0 0 0 0 0 0 0 0 0 0 
P1166 2008 8 0 0 0 0 0 0 0 0 0 10 0 0 0 0 0 0 0 9 0 0 0 0 0 0 0 0 0 7 0 0 4 
P1166 2008 9 0 0 0 0 0 0 0 6 0 0 0 0 0 0 0 0 0 0 12 0 0 0 0 17 0 0 0 0 32 0 -999 
P1166 2008 10 0 0 0 0 0 0 0 0 0 0 0 0 0 13 0 0 0 0 0 0 13 0 0 0 0 29 0 23 0 0 0 
P1166 2008 11 0 0 22 0 0 0 0 0 0 0 21 4 2 0 0 0 14 32 0 0 0 0 6 0 0 0 0 0 0 0 -999 
P1166 2008 12 0 0 0 0 0 0 0 0 0 26 30 7 6 18 0 3 11 0 0 0 0 0 0 0 21 32 27 24 0 0 0 
P1166 2009 1 0 0 0 0 0 0 0 0 0 0 0 10 10 12 0 0 0 0 0 0 0 0 0 0 0 0 0 0 0 0 0 
P1166 2009 2 8 0 7 0 8 0 2 0 0 0 0 0 5 0 0 0 0 0 0 0 0 0 0 0 0 0 1 17 -999 -999 -999 
P1166 2009 3 41 0 60 34 0 0 12 59 60 19 0 0 12 0 24 21 70 60 33 0 2 0 0 0 24 80 73 94 109 63 28 
P1166 2009 4 0 88 0 19 37 60 10 9 0 5 0 21 0 29 20 0 0 0 0 11 12 0 0 0 0 0 0 0 0 0 -999 
P1166 2009 5 33 42 0 0 24 0 0 20 29 41 30 15 4 0 0 0 2 4 0 0 0 31 0 0 0 0 0 0 0 0 5 
P1166 2009 6 0 0 9 0 0 0 19 0 12 0 0 0 0 0 0 0 0 0 0 0 0 0 0 0 0 0 0 0 0 0 -999 
P1166 2009 7 0 0 0 9 15 0 0 0 0 0 0 0 0 0 0 0 0 0 0 0 0 0 0 0 0 0 0 0 0 0 0 
P1166 2009 8 0 0 0 0 0 0 0 0 0 0 0 0 0 0 0 0 0 0 0 0 0 0 0 0 0 0 0 0 18 0 0 
P1166 2009 9 0 16 0 0 0 0 0 0 0 0 18 0 9 0 0 0 0 0 5 0 0 0 0 0 0 0 0 0 0 0 -999 
P1166 2009 10 0 0 0 0 0 0 0 0 0 0 0 16 16 16 0 0 0 0 14 0 17 6 0 43 0 0 0 0 0 0 0 
P1166 2009 11 0 4 0 0 0 0 0 0 0 0 0 3 0 0 0 0 22 0 0 16 0 0 58 51 0 0 0 0 0 27 -999 
P1166 2009 12 0 21 41 0 48 51 94 19 30 76 53 0 15 9 0 0 0 0 23 0 0 10 0 0 0 52 78 73 0 7 14 
P1166 2010 1 23 20 46 108 51 0 0 0 25 15 0 0 0 0 12 0 0 16 0 24 27 0 0 0 0 10 0 0 0 0 19 
P1166 2010 2 16 14 0 0 12 17 0 0 0 0 0 0 0 0 0 0 0 0 0 0 0 0 0 0 1 2 0 0 -999 -999 -999 
P1166 2010 3 0 5 0 0 0 23 36 42 92 70 32 0 0 0 0 0 0 28 58 23 0 0 0 0 0 2 0 0 0 0 0 
P1166 2010 4 0 38 0 24 0 0 0 0 41 0 0 0 0 21 80 48 0 0 8 0 0 0 0 0 26 9 0 5 23 18 -999 
P1166 2010 5 0 7 24 36 0 11 0 0 0 0 0 0 0 0 12 0 0 0 0 1 0 0 12 0 0 43 39 0 16 15 9 
P1166 2010 6 0 28 0 0 0 7 0 0 0 0 0 0 0 0 0 0 0 0 0 0 0 0 0 0 0 0 0 0 0 12 -999 
P1166 2010 7 0 0 0 0 0 0 0 10 0 0 0 0 0 0 0 0 0 0 0 0 0 0 0 0 0 0 0 0 0 0 0 
P1166 2010 8 0 0 0 0 0 0 10 0 0 0 14 0 0 0 0 0 0 0 0 0 0 0 0 0 35 0 0 0 0 0 0 
P1166 2010 9 10 12 0 0 0 0 5 0 0 0 9 20 0 0 0 0 0 0 20 0 0 0 0 7 0 0 0 0 0 0 -999 
P1166 2010 10 0 0 0 0 6 0 0 0 0 48 52 24 0 42 0 0 0 4 0 14 0 41 0 0 12 0 0 0 0 0 0 
P1166 2010 11 0 0 0 0 0 0 0 0 0 0 0 0 0 0 0 8 0 0 0 0 0 0 0 0 0 5 0 0 0 0 -999 
P1166 2010 12 0 0 0 7 0 0 16 14 17 0 0 0 44 38 0 2 0 3 0 0 0 0 0 0 0 0 0 0 0 0 0 
P1166 2011 1 0 0 0 10 18 9 0 0 0 0 0 0 6 0 0 0 0 0 0 0 0 16 0 10 0 0 0 0 0 0 0 
P1166 2011 2 10 0 0 0 0 26 0 0 0 0 0 18 0 0 9 0 0 0 9 0 0 42 26 0 0 0 20 47 -999 -999 -999 
P1166 2011 3 74 44 0 0 0 0 0 0 0 0 20 0 0 0 50 118 153 34 22 32 0 38 0 200 59 15 38 91 0 0 0 
P1166 2011 4 0 0 0 0 0 9 0 0 0 0 0 0 27 9 0 0 0 0 26 0 24 0 0 0 0 0 0 0 0 0 -999 
P1166 2011 5 0 13 0 2 0 0 0 0 0 29 0 0 0 0 0 0 0 0 0 0 0 0 0 0 0 0 0 0 0 17 0 
P1166 2011 6 10 0 0 0 0 0 0 0 0 0 0 0 0 0 0 0 0 0 0 0 0 12 7 0 0 0 0 0 0 0 -999 
P1166 2011 7 0 0 0 0 0 0 0 0 2 0 0 0 0 7 0 0 0 0 0 11 0 0 0 0 0 0 0 0 0 0 0 
P1166 2011 8 0 0 0 0 0 0 0 0 0 0 13 0 0 0 0 0 0 0 0 0 0 0 0 0 0 0 0 0 0 0 0 
P1166 2011 9 0 0 0 0 0 0 0 14 23 0 8 0 0 0 0 0 0 0 0 0 0 0 0 0 0 0 0 7 0 0 -999 
P1166 2011 10 0 18 0 0 0 0 0 0 0 0 12 0 24 0 0 0 7 0 0 0 20 0 8 0 12 8 0 0 18 33 0 
P1166 2011 11 6 0 0 21 62 63 52 0 6 0 10 7 0 0 6 0 45 29 16 7 0 61 52 21 0 0 10 23 3 0 -999 
P1166 2011 12 0 0 33 0 0 8 6 0 0 0 13 0 0 0 0 0 0 52 52 65 87 0 52 0 31 26 0 15 0 0 41 
P1166 2012 1 107 0 0 0 0 0 0 0 0 0 0 0 0 0 0 0 0 0 0 0 9 0 0 0 0 0 0 19 30 46 0 
P1166 2012 2 13 0 0 20 8 0 0 0 0 0 0 0 0 0 0 0 0 0 43 0 0 0 7 6 0 0 0 7 -999 -999 -999 
P1166 2012 3 23 68 39 0 17 0 0 0 0 0 0 4 0 12 0 0 0 20 0 34 0 13 0 0 0 0 0 0 0 0 0 
P1166 2012 4 0 0 0 0 0 0 0 19 0 0 0 0 0 65 64 53 41 0 0 10 9 10 0 44 49 35 90 0 0 36 -999 
P1166 2012 5 21 0 0 15 0 0 0 0 0 16 17 0 0 30 0 0 0 0 0 0 8 0 0 0 32 20 0 0 0 0 0 
P1166 2012 6 0 0 0 0 0 0 9 0 32 0 0 15 0 23 33 0 0 0 0 0 14 7 0 0 0 0 0 0 0 0 -999 
P1166 2012 7 3 0 0 0 0 0 0 0 0 0 0 24 0 0 0 12 0 0 0 7 0 11 0 0 0 0 0 0 0 0 0 
P1166 2012 8 0 0 0 0 0 0 0 0 0 0 0 0 0 0 0 0 5 0 0 0 0 3 0 0 0 0 0 0 0 0 0 
P1166 2012 9 5 0 0 0 0 0 20 0 0 0 0 0 0 0 0 0 3 0 0 0 0 0 0 18 0 0 0 19 0 0 -999 
P1166 2012 10 0 0 0 0 0 0 0 0 0 34 57 0 0 0 0 28 0 31 35 14 0 27 27 0 0 0 0 0 0 0 0 
P1166 2012 11 0 54 41 7 10 0 0 0 0 0 37 0 0 0 0 0 0 45 78 40 13 0 0 0 0 0 0 29 51 0 -999 
P1166 2012 12 0 0 0 0 28 104 82 79 12 17 0 12 32 125 82 55 52 0 0 0 14 29 0 0 12 0 0 0 0 17 48 
P1166 2013 1 26 18 29 73 24 0 17 13 0 0 0 0 0 0 0 0 0 0 0 1 0 0 0 0 0 0 0 10 13 30 0 
P1166 2013 2 0 0 0 0 0 0 0 0 0 0 0 0 38 77 0 0 21 73 101 78 0 59 0 103 0 0 0 0 -999 -999 -999 
P1166 2013 3 0 15 0 22 0 0 0 0 26 73 140 155 86 0 0 0 38 39 39 28 0 0 60 29 0 0 0 0 0 49 80 
P1166 2013 4 0 0 0 22 22 14 0 6 0 0 0 0 0 0 0 0 0 0 9 0 33 15 0 26 60 0 0 0 0 0 -999 
P1166 2013 5 0 0 0 0 0 0 12 0 0 36 36 0 0 0 0 0 29 0 0 0 0 1 0 0 9 4 0 0 0 0 0 
P1166 2013 6 0 29 26 0 11 0 0 26 0 47 0 0 19 13 0 0 0 0 10 6 0 0 0 0 0 0 24 0 0 0 -999 
P1166 2013 7 0 0 0 0 0 17 18 0 0 0 0 0 0 0 0 0 0 0 0 0 0 0 0 0 0 0 0 0 0 0 0 
P1166 2013 8 0 0 0 0 0 16 0 0 0 0 14 10 0 0 0 0 0 0 0 0 0 0 0 0 0 2 0 0 0 13 33 
P1166 2013 9 0 0 0 0 0 0 0 0 0 0 0 0 0 0 2 0 0 0 0 0 0 0 0 0 0 0 0 0 0 0 -999 
P1166 2013 10 0 0 0 0 0 0 0 0 0 16 33 0 0 0 0 9 0 0 8 0 0 0 0 0 0 0 0 0 0 0 0 
P1166 2013 11 0 0 0 0 0 0 0 0 0 5 11 8 0 6 0 0 23 185 226 76 0 162 193 82 0 89 56 0 0 12 -999 
P1166 2013 12 0 53 23 16 0 0 0 0 0 0 0 0 0 18 24 15 7 0 0 0 9 12 16 47 18 24 0 0 0 0 19 
P1166 2014 1 18 8 0 0 29 31 0 0 12 0 0 0 0 0 49 0 0 0 0 0 0 0 0 0 19 0 64 73 140 122 0 
P1166 2014 2 19 38 0 35 43 83 0 95 39 60 8 10 19 0 0 0 0 0 14 0 0 0 0 5 0 0 0 37 -999 -999 -999 
P1166 2014 3 0 0 0 0 0 0 0 0 0 0 0 0 28 34 80 80 76 82 121 62 43 0 0 0 0 0 0 8 0 0 0 
P1166 2014 4 0 25 0 0 63 28 15 11 20 31 0 34 0 31 47 35 47 19 35 0 17 0 12 0 0 0 0 24 0 23 -999 
P1166 2014 5 44 0 0 0 0 0 3 0 0 0 0 0 0 0 0 0 24 0 0 0 0 63 47 42 0 0 0 15 0 37 42 
P1166 2014 6 16 0 0 64 50 0 26 0 13 0 2 0 0 0 0 0 0 0 0 0 0 0 0 0 0 10 0 0 0 14 -999 
P1166 2014 7 0 0 0 0 0 0 0 0 0 0 0 0 0 0 0 0 0 0 0 0 0 0 0 0 0 0 0 0 0 0 0 
P1166 2014 8 0 0 0 0 0 0 0 0 0 0 0 0 0 0 0 0 0 0 0 10 0 0 0 0 0 0 0 0 0 0 0 
P1166 2014 9 0 0 0 0 0 0 5 0 0 0 0 0 0 0 0 41 54 28 0 0 0 0 0 0 0 0 0 0 0 0 -999 
P1166 2014 10 9 14 0 18 0 0 5 0 0 0 0 0 10 6 7 0 0 0 41 52 0 12 0 0 38 46 0 9 10 0 0 
P1166 2014 11 0 0 0 0 0 0 0 0 0 10 0 0 0 0 0 0 0 55 0 52 119 176 63 60 0 0 0 0 0 0 -999 
P1166 2014 12 0 0 0 0 0 0 0 5 0 5 0 0 0 0 0 0 0 0 0 0 0 0 0 0 0 0 0 2 0 0 37 
P1166 2015 1 0 0 0 66 81 29 30 0 0 0 0 0 0 0 0 0 0 0 0 0 0 0 0 0 0 0 12 47 55 27 0 
P1166 2015 2 0 0 0 0 0 0 0 0 0 0 0 0 0 0 0 0 0 0 2 0 0 0 0 24 0 91 81 36 -999 -999 -999 
P1166 2015 3 25 37 49 63 28 5 0 27 39 0 0 0 21 35 0 5 0 0 5 15 0 0 0 25 0 0 0 0 0 4 15 
P1166 2015 4 0 0 0 0 0 0 0 0 0 0 0 0 0 0 0 0 0 0 0 3 0 0 6 0 0 40 0 35 89 0 -999 
P1166 2015 5 90 62 0 12 0 0 0 0 0 0 0 0 0 0 0 5 0 0 0 0 0 0 0 0 0 0 0 66 65 0 0 
P1166 2015 6 0 0 0 0 0 39 0 10 0 0 0 0 0 0 0 0 3 0 0 0 0 0 0 0 0 0 0 0 0 0 -999 
P1166 2015 7 0 0 0 0 0 0 0 0 0 0 0 0 0 0 0 0 0 0 0 0 0 0 0 0 0 0 0 0 0 0 0 
P1166 2015 8 0 0 0 0 0 0 0 0 0 0 0 0 0 0 0 0 11 0 17 0 0 0 0 0 0 0 0 0 0 0 0 
P1166 2015 9 0 0 8 20 0 0 0 0 0 0 0 0 0 0 9 0 0 0 0 0 16 0 0 0 30 0 51 47 34 29 -999 
P1166 2015 10 0 14 0 0 12 0 23 0 0 0 0 0 0 0 0 0 0 0 0 9 0 7 0 0 0 0 0 0 0 0 0 
P1166 2015 11 4 0 0 0 12 0 0 0 0 6 0 0 28 94 72 0 0 0 23 46 42 31 0 0 0 0 0 0 0 0 -999 
P1166 2015 12 36 52 25 36 0 23 172 123 78 80 33 71 76 0 0 0 15 0 0 5 0 0 0 3 0 0 0 0 0 0 0 
P1166 2016 1 0 0 11 6 0 0 0 19 0 22 56 92 70 105 42 0 37 0 0 0 0 0 19 0 16 0 33 0 0 22 0 
P1166 2016 2 0 0 18 26 12 0 0 0 0 9 15 0 0 17 14 0 51 0 0 0 0 0 0 0 0 0 0 14 -999 -999 -999 
P1166 2016 3 11 25 28 0 0 0 0 48 153 0 166 170 77 38 48 0 0 0 16 0 0 39 31 0 0 0 69 124 67 37 62 
P1166 2016 4 0 0 0 0 0 0 0 0 0 67 124 103 0 25 80 31 0 0 0 0 8 0 0 0 0 24 25 0 49 0 -999 
P1166 2016 5 8 0 0 0 0 0 0 4 7 0 23 0 16 13 0 0 0 13 0 0 0 0 7 0 0 0 0 0 26 0 0 
P1166 2016 6 0 0 0 0 0 0 0 0 0 0 0 28 21 0 0 0 0 0 10 0 0 0 8 0 0 0 0 0 0 0 -999 
P1166 2016 7 0 0 0 0 0 0 0 0 0 0 0 0 0 0 0 0 0 0 0 0 0 0 0 0 0 0 0 0 0 0 0 
P1166 2016 8 0 0 0 0 0 0 0 0 0 0 0 0 0 0 0 0 0 0 0 0 0 0 0 0 0 0 0 0 0 0 0 
P1166 2016 9 0 0 11 0 0 0 0 0 5 0 0 0 0 0 0 0 0 0 0 16 0 0 0 0 0 0 0 0 18 0 -999 
P1166 2016 10 10 0 4 0 0 0 4 0 0 0 10 0 0 0 0 0 98 61 64 0 72 63 0 0 10 0 10 6 6 0 0 
P1166 2016 11 0 0 0 10 0 0 12 36 0 0 0 0 0 18 76 32 0 72 56 62 67 24 35 46 83 0 0 0 21 30 -999 
P1166 2016 12 5 0 0 8 0 0 10 0 0 0 34 62 96 0 0 0 0 26 47 50 46 71 35 0 0 24 0 29 0 22 37 
P1166 2017 1 31 7 0 0 0 0 0 0 0 0 0 0 44 106 63 0 10 0 0 4 0 0 0 0 0 0 0 2 0 2 0 
P1166 2017 2 0 0 0 0 0 0 0 0 0 0 0 0 2 0 0 0 0 0 0 0 0 0 6 0 0 0 0 0 -999 -999 -999 
P1166 2017 3 0 0 0 0 0 0 0 0 58 39 20 13 0 39 21 0 4 0 0 0 0 0 0 50 95 95 85 76 0 14 0 
P1166 2017 4 10 12 0 0 13 0 0 0 0 51 0 0 0 0 0 6 0 8 0 0 2 0 0 0 0 0 0 44 0 32 -999 
P1166 2017 5 0 6 10 0 11 0 0 0 0 0 0 0 0 4 0 0 0 0 0 0 0 0 7 11 10 0 0 0 0 0 0 
P1166 2017 6 0 0 0 0 0 0 11 18 0 0 0 0 0 0 0 0 0 0 0 0 0 0 0 0 0 0 0 0 0 18 -999 
P1166 2017 7 0 5 0 0 0 0 0 0 6 0 0 0 0 0 0 0 0 0 0 0 0 0 0 0 0 0 0 0 0 0 0 
P1166 2017 8 0 6 0 0 0 0 0 0 0 12 0 0 0 0 0 0 0 0 0 0 15 15 0 0 0 0 0 0 0 0 0 
P1166 2017 9 0 0 0 0 0 0 0 0 0 13 4 0 0 0 0 0 0 0 0 0 0 0 0 0 24 0 0 20 8 0 -999 
P1166 2017 10 5 0 0 0 0 0 0 0 0 0 0 0 0 0 0 43 0 64 0 26 10 20 24 14 5 0 52 112 161 67 0 
P1166 2017 11 0 0 0 0 24 15 0 43 41 18 63 90 188 167 0 0 0 0 0 17 36 28 0 5 0 9 0 0 15 17 -999 
P1166 2017 12 16 0 0 18 0 0 0 0 118 47 83 0 42 0 67 12 7 0 0 0 9 0 16 20 20 0 0 0 34 77 45 
P1166 2018 1 43 17 0 0 0 0 0 0 55 29 6 0 0 0 0 0 0 0 35 0 0 0 55 16 11 39 50 31 30 0 25 
P1166 2018 2 42 0 62 18 0 11 0 0 13 10 10 0 0 0 0 0 0 0 0 0 14 0 0 0 0 0 0 0 -999 -999 -999 
P1166 2018 3 0 0 0 22 29 26 0 0 0 0 53 84 74 0 0 10 29 33 0 0 0 0 0 0 0 0 35 25 31 35 14 
P1166 2018 4 0 0 0 0 0 0 0 0 10 0 0 0 8 0 0 15 0 0 0 0 0 0 0 32 0 99 74 30 23 27 -999 
P1166 2018 5 0 0 1 0 0 0 0 0 23 0 0 37 43 0 16 0 0 0 33 49 51 37 0 13 0 0 39 0 0 0 0 
P1166 2018 6 0 0 0 0 0 0 0 0 0 0 0 0 0 0 19 0 0 0 0 0 0 0 0 0 0 0 0 0 0 0 -999 
P1166 2018 7 0 0 0 0 0 0 21 15 0 0 0 10 0 0 0 0 0 0 0 0 0 0 0 0 0 0 0 0 0 7 0 
P1166 2018 8 0 0 0 0 0 0 0 0 0 0 0 0 0 0 0 0 0 8 0 0 0 0 0 0 0 0 0 0 0 0 0 
P1166 2018 9 0 0 0 0 0 0 0 0 0 0 0 0 0 0 0 0 0 0 0 6 0 0 10 0 0 0 0 0 0 0 -999 
P1166 2018 10 0 0 0 0 0 0 0 0 20 41 35 12 0 0 0 2 0 0 0 0 0 15 0 0 0 15 0 0 0 0 29 
P1166 2018 11 0 0 0 0 2 15 28 108 75 0 0 0 0 0 4 0 0 0 0 0 0 0 0 0 0 0 0 0 10 0 -999 
P1166 2018 12 18 31 16 19 26 54 100 13 0 8 36 96 97 0 33 22 0 10 0 9 0 0 0 0 39 0 38 63 0 119 60 
P1166 2019 1 102 108 155 147 108 113 135 15 0 0 0 8 0 0 24 0 61 50 93 99 134 131 48 18 33 62 112 0 0 37 92 
P1166 2019 2 84 76 0 0 0 0 0 0 0 70 123 56 134 121 25 0 54 176 174 32 15 17 0 0 0 0 0 0 -999 -999 -999 
P1166 2019 3 0 0 0 8 0 0 14 16 16 0 0 0 0 0 0 0 4 0 0 0 0 0 0 0 0 0 0 57 0 0 0 
P1166 2019 4 19 6 13 0 22 38 0 46 0 19 43 48 32 47 41 45 0 0 0 0 0 0 42 99 0 30 38 29 0 0 -999 
P1166 2019 5 0 0 8 0 0 0 0 0 0 26 14 39 33 31 0 0 0 0 0 0 0 0 0 0 0 0 0 0 0 0 0 
P1166 2019 6 0 0 0 0 0 0 22 0 20 0 0 0 0 0 0 0 0 0 0 0 0 0 0 0 0 0 0 0 0 0 -999 
P1166 2019 7 0 0 0 0 0 0 0 0 0 0 0 0 0 0 0 0 0 0 0 0 0 0 0 0 0 0 0 0 0 0 0 
P1166 2019 8 0 0 0 0 0 0 0 0 0 0 0 0 0 0 0 0 0 0 0 0 0 0 0 0 0 0 2 0 0 0 9 
P1166 2019 9 0 0 0 11 0 0 0 0 0 0 0 0 0 0 0 0 0 20 0 0 0 0 0 33 0 0 0 17 0 0 -999 
P1166 2019 10 0 0 0 27 0 4 0 0 0 0 0 57 55 10 0 0 0 0 0 0 0 0 0 0 0 0 0 0 0 0 0 
P1166 2019 11 0 0 0 0 0 0 17 0 0 0 0 0 0 0 0 0 0 0 24 62 228 245 95 0 98 116 61 26 0 109 -999 
P1166 2019 12 91 65 15 0 0 0 0 0 0 0 0 0 0 2 0 0 0 0 6 0 0 0 0 0 0 0 0 3 0 0 13 
P1166 2020 1 0 16 0 0 0 0 0 0 0 0 0 6 0 0 19 0 0 7 0 0 0 0 0 0 21 0 78 74 46 59 35 
P1166 2020 2 0 21 23 0 0 12 0 35 0 0 0 0 0 0 0 0 8 0 5 0 0 0 0 0 0 0 0 0 -999 -999 -999 
P1166 2020 3 0 0 0 0 24 34 7 0 0 0 0 0 11 10 6 0 0 0 0 0 0 13 14 0 0 34 0 0 0 11 17 
P1166 2020 4 41 0 0 12 0 0 0 0 1 0 17 35 0 0 0 89 94 63 40 46 0 28 8 11 0 2 0 0 0 0 -999 
P1166 2020 5 0 0 14 0 0 0 0 0 0 0 44 0 0 22 35 26 16 0 0 0 0 0 0 15 0 3 0 0 0 0 0 
P1166 2020 6 0 0 0 0 0 0 0 0 0 0 0 6 0 0 0 8 0 0 0 0 0 0 0 0 0 0 8 0 16 0 -999 
P1166 2020 7 0 0 0 0 0 0 0 0 0 0 0 0 0 0 0 6 0 0 0 0 0 0 0 0 0 0 0 0 0 0 0 
P1166 2020 8 0 0 0 0 0 0 0 0 0 6 0 0 0 0 0 0 0 0 0 0 0 18 0 0 0 0 0 0 0 0 0 
P1166 2020 9 16 0 0 0 0 0 0 0 0 1 0 0 0 0 0 0 0 0 0 0 0 0 0 0 0 0 0 0 0 0 -999 
P1166 2020 10 0 0 0 0 0 30 37 37 0 16 0 38 12 23 86 46 0 62 0 0 0 0 0 0 0 25 17 0 0 0 0 
P1166 2020 11 83 87 114 92 0 0 5 10 11 0 0 0 0 12 24 6 9 0 39 132 64 76 48 40 67 63 72 92 0 25 -999 
P1166 2020 12 65 60 83 14 30 0 0 0 24 0 0 0 0 0 0 0 0 0 29 0 0 109 120 95 103 0 134 16 43 0 65 
P1166 2021 1 57 90 40 0 64 0 47 100 70 12 0 0 0 0 0 0 0 0 0 0 0 0 7 0 0 14 24 0 45 0 27 
P1166 2021 2 0 50 0 50 75 0 0 0 0 0 0 0 0 0 0 0 0 0 0 0 0 0 0 3 0 9 0 0 -999 -999 -999 
P1166 2021 3 14 12 8 0 0 0 0 0 0 39 0 0 60 0 0 0 33 0 0 0 42 2 0 0 0 7 0 25 0 0 0 
P1166 2021 4 0 15 0 0 0 0 0 0 0 0 0 0 0 36 0 0 0 0 0 0 0 32 0 29 21 0 13 0 27 44 -999 
P1166 2021 5 64 40 0 15 0 0 0 0 2 0 0 0 0 0 0 0 0 0 0 22 0 0 0 0 0 0 0 21 0 0 0 
P1166 2021 6 0 0 51 0 0 0 0 0 9 0 12 8 0 0 0 0 0 0 0 0 13 0 0 0 0 0 0 0 0 0 -999 
P1166 2021 7 0 0 0 0 0 0 15 0 0 0 0 0 0 0 0 0 0 7 0 0 0 11 0 0 0 0 13 0 8 0 0 
P1166 2021 8 0 0 0 0 0 0 0 0 0 0 0 14 0 0 0 0 0 0 0 0 7 0 0 0 0 23 16 0 0 0 0 
P1166 2021 9 0 0 0 0 0 0 0 5 0 8 0 0 0 0 0 0 0 0 0 0 23 0 0 34 0 26 9 0 15 0 -999 
P1166 2021 10 0 0 0 0 17 0 0 0 20 9 6 5 0 1 0 0 0 8 0 18 36 80 92 71 32 0 17 10 0 5 12 
P1166 2021 11 0 0 37 67 0 52 0 0 0 0 0 10 9 0 0 0 68 42 0 0 3 0 5 12 39 52 60 69 95 39 -999 
P1166 2021 12 59 91 0 0 0 0 0 0 0 0 0 0 0 0 0 60 105 104 0 0 36 0 21 0 0 0 0 0 30 0 0 
P1166 2022 1 0 0 0 0 17 0 0 66 63 0 0 0 33 52 66 51 47 20 0 41 70 56 157 67 0 0 41 0 69 0 53 
P1166 2022 2 132 35 0 47 0 48 153 190 54 90 191 128 177 69 122 69 51 84 29 37 105 38 63 20 75 148 92 0 -999 -999 -999 
P1166 2022 3 12 19 0 0 0 108 57 100 58 73 0 68 0 0 0 0 0 0 0 0 6 0 0 0 0 0 0 0 0 0 8 
P1166 2022 4 0 0 8 4 0 0 0 26 0 9 0 13 7 13 28 0 0 0 0 0 0 0 0 0 0 1 0 0 0 0 -999 
P1166 2022 5 0 0 0 0 9 0 0 0 19 33 48 47 73 68 0 0 21 21 0 0 0 0 0 17 36 47 0 0 4 0 0 
P1166 2022 6 0 0 0 0 10 21 36 10 0 0 0 0 0 0 12 0 0 0 0 0 0 0 0 0 0 0 0 0 0 0 -999 
P1166 2022 7 0 0 0 0 0 0 0 0 0 0 0 0 0 0 0 0 0 0 0 0 0 0 0 6 7 0 0 0 0 0 13 
P1166 2022 8 0 0 0 0 0 0 0 0 0 0 0 0 0 0 0 0 0 0 0 0 0 0 0 0 0 0 0 0 0 0 0 
P1166 2022 9 0 0 0 0 0 0 0 0 0 0 0 0 0 0 0 0 0 8 0 0 16 17 0 0 0 0 0 0 0 0 -999 
P1166 2022 10 0 0 0 0 0 0 0 0 26 0 74 0 0 35 50 34 0 0 0 4 0 0 0 0 0 0 0 0 35 62 31 
P1166 2022 11 0 0 0 0 0 0 0 0 0 0 12 16 0 0 0 0 0 0 0 0 0 0 0 1 0 0 0 20 0 9 -999 
P1166 2022 12 19 59 96 166 56 78 0 0 100 0 8 0 0 0 0 0 0 0 0 0 56 75 99 0 54 27 25 28 0 9 5 
P1166 2023 1 0 0 0 0 8 0 0 0 0 0 0 0 7 0 0 6 0 0 0 0 0 11 0 1 0 0 0 0 0 0 0 
P1166 2023 2 0 0 10 0 0 0 0 8 0 0 0 0 4 0 0 0 0 17 9 0 0 0 0 0 13 16 51 0 -999 -999 -999 
P1166 2023 3 0 21 0 0 0 0 0 0 3 0 16 58 47 0 0 0 0 0 0 0 0 0 0 0 0 0 0 0 0 0 46 
P1166 2023 4 19 9 23 61 58 0 0 22 0 0 4 29 107 161 55 10 48 8 0 0 0 0 0 0 98 57 52 55 7 0 -999 
P1166 2023 5 7 0 0 0 0 0 0 0 0 0 0 0 32 10 0 0 26 36 0 37 0 0 0 0 0 0 0 0 0 0 0 
P1166 2023 6 0 11 0 16 23 0 22 0 0 0 0 0 0 0 0 0 0 0 0 0 0 0 0 0 0 0 5 0 0 0 -999 
P1166 2023 7 0 0 0 0 0 0 0 0 0 0 0 0 0 0 0 0 0 0 0 0 0 0 0 0 0 0 0 0 0 0 7 
P1166 2023 8 0 0 0 0 0 0 0 0 0 0 0 7 0 0 0 0 0 3 0 0 0 0 0 0 0 0 0 0 0 0 9 
P1166 2023 9 0 0 0 0 0 0 0 0 0 0 0 0 0 0 0 0 0 0 0 0 0 0 0 0 0 0 0 0 0 0 -999 
P1166 2023 10 0 0 8 0 0 0 0 0 0 0 5 0 8 29 57 20 0 2 0 0 0 0 0 0 0 0 18 3 0 0 78 
P1166 2023 11 76 0 0 0 0 0 11 0 18 37 20 0 9 0 0 0 0 0 0 0 0 0 0 0 0 8 0 3 0 0 -999 
P1166 2023 12 0 0 0 0 0 1 0 0 7 0 0 0 0 3 0 0 0 13 0 0 1 0 0 0 0 0 2 0 0 0 0 
P1166 2024 1 0 10 0 43 0 62 87 72 56 0 0 0 26 61 53 34 48 75 0 0 0 0 0 0 7 0 0 0 0 13 46 
P1166 2024 2 106 100 159 34 0 0 0 0 0 0 0 0 0 0 0 0 0 0 0 0 0 33 45 131 80 54 0 0 -999 -999 -999 
P1166 2024 3 0 0 0 71 54 0 0 0 0 6 0 13 0 0 0 0 0 0 0 0 0 0 0 30 104 182 99 29 33 0 0 
P1166 2024 4 37 59 70 34 0 8 7 0 0 0 0 0 0 0 0 0 0 0 0 0 0 0 0 0 0 0 17 11 0 0 -999 
P1166 2024 5 0 0 0 0 0 0 0 0 0 0 0 0 0 0 0 0 0 0 0 0 0 0 0 0 0 0 0 0 0 8 0 
P1166 2024 6 0 0 0 0 0 0 0 0 0 0 0 0 0 0 0 0 0 0 25 21 0 0 0 0 0 0 0 0 0 0 -999 
P1166 2024 7 0 0 0 0 0 0 12 0 0 0 0 0 0 0 0 0 0 0 0 0 0 0 0 0 0 0 0 0 0 0 0 
P1166 2024 8 0 0 0 0 0 0 0 0 0 0 0 0 0 0 0 0 0 0 0 4 0 0 0 0 0 0 0 0 0 0 0 
P1166 2024 9 0 0 0 0 0 0 0 0 0 0 0 0 0 0 0 0 0 0 14 0 0 0 0 0 0 0 0 0 0 0 -999 
P1166 2024 10 0 0 0 0 15 0 0 0 0 0 0 0 0 21 84 86 0 0 0 0 0 0 17 0 0 0 0 0 0 0 0 
P1166 2024 11 12 0 0 15 10 0 15 0 8 0 0 0 47 49 12 0 0 14 0 0 0 28 0 0 0 0 0 0 0 0 -999 
P1166 2024 12 0 8 0 21 0 5 0 0 0 0 0 0 6 6 6 0 0 0 0 0 0 0 0 0 0 30 0 0 0 0 0 
P1166 2025 1 0 0 0 0 0 0 0 0 5 16 12 18 13 7 8 0 0 10 0 0 27 0 0 0 39 0 23 4 0 0 18 
P1166 2025 2 0 0 5 0 0 0 39 47 0 0 0 26 0 0 21 19 41 9 0 48 0 34 0 0 0 1 0 0 -999 -999 -999 
P1166 2025 3 0 0 9 24 0 73 157 0 8 0 1 0 0 0 0 0 0 31 45 41 80 106 65 198 69 23 0 0 0 0 0 
P1166 2025 4 20 0 0 0 0 0 0 0 0 0 0 0 0 0 0 0 3 0 15 0 12 0 0 0 0 0 0 0 0 0 -999 
P1166 2025 5 29 0 38 47 49 29 0 27 0 0 28 26 13 0 0 0 0 0 0 0 0 0 0 0 0 0 0 18 17 0 0 
P1166 2025 6 0 0 0 0 0 0 11 0 0 0 6 0 0 5 0 0 0 0 0 0 0 0 0 0 0 0 0 0 0 0 -999 
P1166 2025 7 0 0 0 0 0 0 0 0 0 0 0 0 0 0 0 0 0 14 0 0 0 0 0 10 0 0 5 0 0 0 0 
P1166 2025 8 6 0 0 0 0 0 0 0 0 0 0 0 0 0 0 0 0 0 0 0 0 0 0 0 0 0 0 0 0 0 14 
P1166 2025 9 0 0 0 0 0 0 0 0 0 0 0 0 11 0 0 0 0 21 0 0 0 0 0 0 0 0 0 0 0 0 -999 
P1166 2025 10 0 0 4 0 0 0 23 0 0 8 0 0 0 0 0 0 0 0 0 5 0 0 0 0 31 54 0 96 30 0 0 
P1166 2025 11 0 0 0 0 0 0 0 0 0 0 0 0 0 0 0 28 0 13 0 12 0 0 0 25 0 0 1 0 0 7 -999 
P1166 2025 12 0 60 77 0 0 0 0 0 0 0 0 0 6 0 0 0 0 0 0 16 17 12 10 22 0 27 0 0 0 0 34 
P1166 2026 1 18 0 0 9 0 21 0 0 0 0 0 133 156 15 0 114 144 101 32 0 0 0 0 25 20 21 30 0 0 10 0 
P1166 2026 2 0 0 28 0 10 19 7 0 2 0 19 0 0 0 0 0 0 28 73 159 0 52 34 29 8 0 3 0 -999 -999 -999 
P1166 2026 3 0 0 0 0 0 0 0 0 0 0 0 0 0 0 0 0 0 0 0 0 49 94 58 0 0 0 0 0 0 0 0 
P1166 2026 4 0 0 0 0 0 0 0 54 0 71 111 64 59 33 19 0 0 0 0 0 0 0 0 0 0 0 49 0 53 68 -999 
P1166 2026 5 43 0 5 0 0 0 0 0 7 0 0 0 0 0 0 0 0 0 0 0 0 0 0 0 0 0 0 20 0 0 0 
P1166 2026 6 0 0 0 0 0 0 0 0 23 0 0 0 12 0 0 0 0 0 0 0 0 0 0 0 0 0 0 0 0 0 -999 
P1166 2026 7 0 0 0 0 0 0 0 0 0 0 0 0 0 0 0 0 0 0 0 0 0 0 0 0 0 0 0 0 0 0 0 
P1166 2026 8 0 0 0 0 0 0 0 0 0 0 0 0 0 0 0 0 0 0 0 0 0 0 0 0 19 0 11 0 0 0 7 
P1166 2026 9 0 0 0 0 8 0 0 0 0 0 0 0 0 0 0 0 0 8 0 21 0 0 0 0 0 0 0 0 0 0 -999 
P1166 2026 10 0 0 0 9 0 20 31 0 0 0 0 39 21 0 48 62 0 0 7 0 1 0 51 21 30 0 6 0 30 52 86 
P1166 2026 11 37 0 0 0 0 0 0 0 26 67 81 0 0 17 17 0 0 0 15 23 0 6 0 0 0 1 0 0 25 0 -999 
P1166 2026 12 0 10 19 14 26 0 0 0 58 54 0 0 0 25 59 46 84 92 50 49 0 0 29 0 0 0 0 18 9 28 19 
P1166 2027 1 0 43 99 81 78 73 89 82 46 40 17 0 0 0 0 0 13 6 27 59 29 0 0 0 0 1 0 0 0 0 5 
P1166 2027 2 0 0 0 0 0 0 0 0 0 0 0 0 0 118 76 216 76 96 77 8 8 29 71 35 60 48 30 35 -999 -999 -999 
P1166 2027 3 81 51 24 47 46 52 53 0 13 0 0 0 0 0 0 38 0 24 39 0 0 0 0 0 16 39 55 91 0 0 23 
P1166 2027 4 0 0 34 76 31 18 32 0 0 18 0 0 0 46 41 84 83 91 44 46 95 34 33 29 0 0 7 0 0 0 -999 
P1166 2027 5 0 19 0 44 34 11 0 0 0 0 0 0 0 0 0 0 0 0 0 19 0 0 0 0 37 36 0 0 0 0 0 
P1166 2027 6 0 10 17 16 0 0 0 0 0 0 0 0 0 0 0 0 0 0 0 0 0 0 0 0 0 0 0 0 0 0 -999 
P1166 2027 7 0 0 0 13 0 0 9 0 8 0 0 0 0 0 0 0 0 0 0 0 0 0 0 0 0 6 12 0 0 0 0 
P1166 2027 8 0 0 0 0 0 0 0 0 0 0 14 0 0 0 0 0 0 0 0 0 0 0 0 0 0 0 0 0 0 0 0 
P1166 2027 9 0 0 23 0 0 0 0 0 0 0 0 0 0 0 9 0 0 0 0 0 0 0 0 2 0 0 0 0 0 0 -999 
P1166 2027 10 6 0 0 0 0 5 0 0 0 0 0 0 0 0 0 0 0 0 0 0 0 0 0 0 0 15 12 0 16 0 0 
P1166 2027 11 15 52 172 87 13 27 0 0 0 0 0 0 54 96 49 12 0 11 0 5 0 25 0 79 75 0 66 55 146 121 -999 
P1166 2027 12 44 103 82 10 0 0 164 98 42 63 39 37 0 26 29 21 0 0 0 18 0 0 0 0 0 0 3 0 10 8 8 
P1166 2028 1 0 43 0 11 7 0 22 0 79 87 23 40 89 121 110 15 0 0 0 0 0 0 0 0 0 8 0 0 0 0 0 
P1166 2028 2 0 0 0 0 13 0 0 0 0 0 0 0 0 0 0 0 4 0 0 0 11 16 13 9 15 46 51 45 -999 -999 -999 
P1166 2028 3 41 43 0 0 11 0 0 0 0 0 0 16 0 18 17 23 0 0 9 0 0 0 0 0 0 0 0 0 0 0 0 
P1166 2028 4 0 16 0 0 25 0 26 54 0 0 0 16 9 0 0 0 0 0 9 0 0 0 0 0 0 0 0 16 0 0 -999 
P1166 2028 5 0 27 0 0 0 0 0 0 0 0 0 0 0 2 0 0 0 0 0 0 0 0 0 27 26 0 0 0 0 10 16 
P1166 2028 6 0 0 0 17 0 0 0 0 0 0 7 5 3 0 0 0 0 0 0 0 0 0 0 0 0 0 0 0 0 0 -999 
P1166 2028 7 0 0 0 0 29 0 14 17 0 0 0 0 0 0 0 0 0 0 0 0 0 0 0 17 0 0 6 0 0 0 0 
P1166 2028 8 0 0 0 0 0 0 7 0 0 0 0 0 0 0 0 7 0 0 0 0 0 0 0 0 0 0 0 10 0 0 0 
P1166 2028 9 17 19 0 0 23 0 17 8 0 0 0 0 0 0 0 0 0 0 0 0 5 0 0 17 0 0 8 8 0 0 -999 
P1166 2028 10 0 0 0 0 14 0 0 0 0 0 19 0 2 0 0 0 0 21 0 48 29 0 0 0 0 6 0 0 0 0 36 
P1166 2028 11 42 0 7 0 0 0 52 35 31 40 0 0 0 17 0 36 12 0 0 0 0 0 0 0 0 0 0 0 0 0 -999 
P1166 2028 12 0 0 0 0 24 0 0 0 0 0 0 0 0 0 0 0 0 1 24 49 60 14 70 49 0 18 0 11 0 0 0 
P1166 2029 1 0 31 61 0 12 63 177 50 7 0 0 0 21 0 42 71 0 0 0 32 12 0 0 0 27 113 134 46 0 0 0 
P1166 2029 2 0 0 0 5 0 3 0 8 0 13 0 4 0 0 0 0 0 0 0 0 22 27 0 15 0 0 42 0 -999 -999 -999 
P1166 2029 3 0 0 0 5 0 0 0 0 0 0 0 0 0 0 18 0 21 18 0 0 26 22 41 31 15 2 0 0 0 2 0 
P1166 2029 4 0 0 0 7 0 0 0 0 0 0 13 20 31 0 10 0 0 0 0 14 0 0 5 0 0 8 0 2 0 3 -999 
P1166 2029 5 0 0 0 51 0 13 0 0 0 0 0 0 0 0 0 0 0 0 0 0 0 23 17 0 0 0 0 0 0 0 0 
P1166 2029 6 7 0 22 0 21 0 0 0 0 0 0 0 0 0 0 0 0 0 0 0 0 0 0 0 0 0 0 0 0 0 -999 
P1166 2029 7 11 17 16 13 0 0 0 0 0 0 0 0 0 0 0 0 0 0 0 0 0 0 0 0 0 0 0 0 0 0 0 
P1166 2029 8 0 0 0 0 0 0 0 0 0 0 0 0 0 0 0 0 0 0 0 0 0 0 0 0 0 0 0 0 0 2 0 
P1166 2029 9 0 0 0 0 0 0 0 0 0 3 0 0 0 0 0 9 0 0 0 0 0 0 0 0 16 0 0 0 58 66 -999 
P1166 2029 10 68 0 0 0 0 0 0 0 0 0 0 0 0 0 0 0 0 0 25 0 0 0 0 0 0 0 9 12 0 0 29 
P1166 2029 11 0 0 39 83 39 57 0 0 123 45 25 12 0 0 0 0 0 0 0 13 0 13 0 0 0 13 34 0 100 42 -999 
P1166 2029 12 0 0 0 0 0 0 0 0 0 0 0 0 0 0 0 0 0 0 0 8 0 8 0 0 0 0 0 0 0 0 113 
P1166 2030 1 91 0 0 0 49 30 69 0 28 0 18 0 17 10 0 0 0 0 0 1 10 7 6 0 0 22 15 0 112 133 109 
P1166 2030 2 192 127 72 0 0 48 72 63 58 0 102 47 0 0 78 0 0 0 0 0 0 9 14 0 0 0 0 0 -999 -999 -999 
P1166 2030 3 15 0 0 0 30 0 96 32 0 0 54 0 0 7 12 0 0 0 0 0 0 46 23 0 1 5 0 0 0 0 0 
P1166 2030 4 0 0 0 14 0 0 0 0 0 0 0 0 0 86 79 86 118 193 48 0 37 55 35 24 22 0 0 0 0 0 -999 
P1166 2030 5 0 0 0 0 0 0 0 0 0 0 12 16 0 0 43 0 0 0 0 0 0 0 0 0 4 0 0 0 0 0 0 
P1166 2030 6 0 0 18 17 0 0 30 0 0 29 25 30 0 0 16 0 0 0 0 0 0 0 0 0 0 0 0 0 0 0 -999 
P1166 2030 7 0 0 0 0 0 0 0 0 0 0 0 0 0 0 0 0 0 0 0 0 0 0 0 0 0 0 0 0 0 0 0 
P1166 2030 8 0 17 0 0 0 0 0 0 0 0 0 0 0 0 0 0 0 16 0 0 0 6 0 0 10 0 5 0 0 0 0 
P1166 2030 9 0 0 0 0 0 0 0 0 0 0 0 0 0 0 0 15 28 0 0 0 0 15 0 0 0 0 0 0 0 0 -999 
P1166 2030 10 0 0 8 0 0 0 0 0 22 43 66 42 0 0 0 0 0 0 0 0 0 0 0 0 0 0 0 13 0 0 19 
P1166 2030 11 27 0 43 67 147 102 38 0 0 39 0 0 0 0 0 0 0 36 0 0 0 0 0 0 0 0 0 0 0 93 -999 
P1166 2030 12 122 53 49 38 79 82 49 41 59 18 48 60 26 0 40 0 0 0 0 0 0 0 24 0 0 0 0 0 0 0 0 
P1166 2031 1 0 4 0 0 0 0 0 0 0 0 0 8 39 102 50 0 14 14 44 0 0 29 0 29 0 32 26 16 0 50 0 
P1166 2031 2 27 0 10 25 14 0 32 12 25 44 32 0 0 0 0 0 0 50 25 19 14 57 12 0 0 0 19 26 -999 -999 -999 
P1166 2031 3 23 37 25 0 0 0 0 0 25 32 46 36 42 78 47 33 41 41 39 0 36 0 43 26 24 48 0 36 24 0 28 
P1166 2031 4 32 34 28 39 69 0 0 0 0 0 0 0 0 15 28 0 0 0 0 0 0 23 14 24 24 0 29 28 26 0 -999 
P1166 2031 5 26 0 0 0 0 0 30 35 0 0 14 10 0 24 16 0 12 10 0 0 0 0 0 0 9 7 0 0 0 0 0 
P1166 2031 6 0 0 0 0 0 0 0 0 0 0 0 0 0 0 9 0 0 0 17 0 26 21 0 9 0 0 0 0 0 0 -999 
P1166 2031 7 0 0 0 14 0 0 0 0 0 0 0 0 0 0 0 0 0 0 0 0 0 0 0 0 0 0 0 0 0 0 4 
P1166 2031 8 0 0 0 0 0 0 0 0 0 0 0 0 0 0 0 13 0 0 0 0 0 0 0 0 5 0 0 0 0 0 0 
P1166 2031 9 0 0 0 0 0 0 0 0 0 0 0 42 0 0 0 0 0 10 0 0 0 0 6 0 0 0 0 25 31 0 -999 
P1166 2031 10 8 0 0 0 0 0 0 0 0 0 0 0 0 24 55 58 23 0 0 0 28 24 0 0 41 0 29 0 28 31 70 
P1166 2031 11 62 43 28 0 0 11 0 0 0 0 9 0 54 36 0 76 25 0 18 0 0 0 0 0 0 0 0 53 29 0 -999 
P1166 2031 12 0 97 156 65 43 0 19 10 2 0 0 0 6 0 9 2 0 0 0 0 2 2 0 23 19 13 0 11 0 27 0 
P1166 2032 1 104 160 41 0 45 134 42 131 194 0 0 0 0 0 0 0 17 65 79 0 0 0 0 0 0 0 0 14 26 60 31 
P1166 2032 2 92 96 0 21 0 0 0 0 0 0 0 0 0 0 0 5 0 0 0 0 0 0 0 0 23 0 18 9 -999 -999 -999 
P1166 2032 3 0 6 0 0 0 0 41 26 8 0 0 0 0 0 0 0 0 0 0 0 0 14 0 0 27 0 0 15 10 0 22 
P1166 2032 4 8 14 0 97 65 40 55 31 0 14 0 0 0 0 0 0 0 0 27 20 95 124 131 46 38 8 0 17 45 33 -999 
P1166 2032 5 23 17 0 0 0 36 43 36 32 19 16 0 0 0 0 0 35 37 15 16 21 0 0 0 0 0 0 0 0 0 0 
P1166 2032 6 0 0 0 0 0 21 20 0 0 0 0 23 0 0 0 0 10 0 0 0 0 0 0 0 0 0 0 32 0 21 -999 
P1166 2032 7 0 12 0 15 0 0 0 0 0 0 0 0 0 0 0 0 0 0 0 0 0 0 0 0 0 0 0 0 0 0 0 
P1166 2032 8 0 0 0 0 0 0 0 0 0 0 0 0 0 0 0 0 0 0 19 0 0 0 0 0 0 0 0 0 0 0 0 
P1166 2032 9 0 0 0 0 0 0 0 0 0 0 0 0 0 0 0 17 0 0 0 11 0 0 0 0 0 0 0 0 0 0 -999 
P1166 2032 10 0 0 0 0 4 0 0 0 0 0 0 0 0 0 0 26 19 26 0 72 85 89 0 0 0 0 0 0 0 0 0 
P1166 2032 11 0 0 0 45 77 58 54 50 0 0 0 22 65 8 4 25 26 0 75 87 57 0 0 70 26 51 39 64 25 12 -999 
P1166 2032 12 0 0 0 0 0 34 16 29 47 0 69 22 0 0 0 0 0 0 0 0 0 0 0 0 0 0 0 8 0 0 106 
P1166 2033 1 61 26 0 0 0 25 19 0 10 0 0 0 0 8 5 0 0 0 0 0 0 0 0 0 5 0 14 10 5 0 0 
P1166 2033 2 0 0 8 0 0 0 0 29 6 19 0 0 0 0 55 124 181 96 87 142 170 147 75 49 80 0 0 0 -999 -999 -999 
P1166 2033 3 0 13 0 0 0 0 0 6 0 0 13 0 27 44 40 0 22 0 73 95 72 43 57 58 0 0 0 0 23 12 26 
P1166 2033 4 122 20 0 0 31 0 0 10 16 0 0 0 0 0 0 0 0 41 55 61 35 21 0 0 58 0 0 0 0 0 -999 
P1166 2033 5 0 0 0 0 0 0 0 0 0 0 0 0 0 0 0 0 18 0 7 0 0 0 0 0 0 0 0 0 0 0 0 
P1166 2033 6 0 14 0 0 0 8 0 0 0 0 0 0 0 0 0 0 9 0 0 0 0 7 0 0 0 0 0 0 0 0 -999 
P1166 2033 7 0 0 0 0 0 0 0 0 0 0 0 0 0 0 0 0 0 0 0 21 0 0 0 0 0 0 0 12 0 0 4 
P1166 2033 8 0 0 0 0 0 0 0 0 0 0 0 0 0 0 0 0 0 0 0 0 0 0 0 0 0 0 0 0 0 13 0 
P1166 2033 9 0 0 0 0 0 0 0 0 0 0 0 0 0 0 0 0 0 0 6 0 0 0 0 0 0 0 0 9 0 0 -999 
P1166 2033 10 0 18 25 31 5 0 0 0 0 0 0 0 0 0 0 49 65 0 110 0 0 0 0 0 41 0 14 0 0 40 67 
P1166 2033 11 48 0 93 141 37 112 105 102 0 16 0 26 0 21 116 72 0 13 0 0 0 0 0 0 0 0 1 0 0 15 -999 
P1166 2033 12 0 46 87 67 0 32 63 34 41 22 0 0 0 0 0 0 0 0 0 0 0 0 0 15 0 0 0 9 0 0 10 
P1166 2034 1 4 0 0 0 0 0 0 0 0 0 0 0 0 0 0 0 0 0 0 8 0 20 26 67 0 113 75 0 0 0 0 
P1166 2034 2 0 0 1 0 0 0 29 49 48 0 57 0 0 0 5 0 9 51 156 45 0 30 74 0 0 0 0 0 -999 -999 -999 
P1166 2034 3 0 0 0 0 0 14 0 0 0 0 0 0 0 0 0 0 0 5 0 0 0 0 14 0 0 0 28 0 45 42 0 
P1166 2034 4 0 31 0 98 135 32 0 21 0 0 35 0 0 0 37 31 27 10 0 23 57 82 72 35 0 0 0 0 0 0 -999 
P1166 2034 5 1 0 0 0 0 0 0 0 0 0 0 6 0 0 0 0 0 0 8 0 20 0 17 0 0 0 18 35 0 0 21 
P1166 2034 6 32 44 23 16 0 12 14 0 0 0 0 0 0 0 0 0 0 0 12 0 0 0 0 0 0 0 0 0 0 0 -999 
P1166 2034 7 0 0 0 0 0 0 0 0 0 0 0 0 0 0 0 0 0 0 0 0 0 0 0 0 0 0 0 0 0 0 0 
P1166 2034 8 0 0 0 0 0 0 0 0 0 0 0 0 0 0 0 0 0 0 0 0 0 0 0 0 8 0 0 11 0 0 11 
P1166 2034 9 0 0 0 0 0 0 0 0 0 0 0 0 0 0 0 0 0 0 6 0 0 0 0 0 0 0 0 0 0 0 -999 
P1166 2034 10 0 0 0 0 0 0 0 0 0 0 0 0 0 0 0 27 0 6 0 0 0 0 24 0 0 0 0 0 0 0 0 
P1166 2034 11 0 0 18 25 34 13 0 0 0 0 0 0 0 0 0 0 0 0 0 0 0 9 8 0 0 0 23 18 0 0 -999 
P1166 2034 12 0 0 21 0 0 0 0 0 0 0 10 0 0 0 11 0 0 0 0 10 0 22 41 96 113 132 100 13 28 0 0 
P1166 2035 1 29 42 55 60 37 52 0 24 25 0 0 0 4 0 2 0 2 0 5 0 6 0 2 0 5 0 0 30 21 0 0 
P1166 2035 2 6 6 0 17 0 0 0 0 0 0 0 0 0 8 0 0 0 9 0 26 0 0 73 65 0 31 60 23 -999 -999 -999 
P1166 2035 3 28 45 0 0 0 0 0 0 30 0 0 0 0 30 0 0 0 0 9 0 0 0 5 0 0 0 0 0 73 0 41 
P1166 2035 4 0 0 0 0 40 65 33 56 0 0 17 16 0 0 32 0 0 0 0 44 57 0 59 47 0 0 0 24 38 40 -999 
P1166 2035 5 29 33 7 0 0 0 39 31 0 0 0 0 10 0 0 0 0 0 0 0 0 10 0 0 0 0 0 0 0 0 0 
P1166 2035 6 0 0 0 0 13 0 0 0 0 0 0 0 0 0 0 0 0 0 0 0 0 0 0 0 0 0 0 0 0 0 -999 
P1166 2035 7 0 0 0 0 0 0 0 38 0 0 0 0 0 0 0 0 0 0 0 0 8 0 0 0 0 0 0 0 0 0 0 
P1166 2035 8 13 0 0 0 0 0 0 0 0 0 0 0 0 0 0 0 0 0 0 2 0 0 0 0 0 0 0 0 0 29 0 
P1166 2035 9 0 0 0 0 0 0 0 0 0 0 0 0 5 0 0 0 0 0 0 0 0 0 0 7 0 0 0 18 21 0 -999 
P1166 2035 10 0 0 0 5 0 0 0 0 0 0 45 0 0 0 60 16 9 0 0 0 97 72 0 0 0 0 0 0 5 6 0 
P1166 2035 11 0 31 46 0 0 0 0 0 0 0 0 0 1 0 5 0 0 0 0 0 0 0 0 0 0 0 0 2 0 0 -999 
P1166 2035 12 0 0 0 0 0 0 0 0 0 0 0 7 0 32 40 50 31 52 30 17 0 0 0 25 0 0 0 8 0 41 68 
P1166 2036 1 100 66 0 22 0 90 60 57 43 117 0 0 54 12 0 0 0 31 0 52 24 0 0 0 0 0 0 8 0 0 0 
P1166 2036 2 0 0 0 0 0 1 0 0 6 0 0 7 0 16 0 0 0 0 26 0 0 0 0 26 9 0 0 27 -999 -999 -999 
P1166 2036 3 91 66 23 32 18 0 0 0 0 18 9 0 15 0 44 0 19 0 46 0 0 0 35 0 83 0 70 50 34 25 0 
P1166 2036 4 141 17 14 41 0 0 0 0 21 0 32 45 0 0 0 0 0 0 0 0 28 0 0 0 41 0 0 0 0 0 -999 
P1166 2036 5 0 0 0 0 0 0 0 0 0 0 15 0 0 0 0 0 46 39 56 28 67 69 33 0 0 0 0 0 0 0 0 
P1166 2036 6 0 21 0 0 0 0 0 0 0 0 22 21 23 0 0 27 0 0 0 0 0 0 0 0 0 0 0 0 7 0 -999 
P1166 2036 7 0 6 0 0 0 0 0 0 0 0 0 0 0 0 11 0 0 0 0 0 0 0 0 0 0 0 3 0 0 0 0 
P1166 2036 8 0 0 0 0 0 0 0 0 0 0 0 0 0 0 0 0 0 0 0 8 0 0 0 0 0 0 0 0 0 0 0 
P1166 2036 9 0 0 0 0 0 0 0 0 0 0 0 0 6 0 0 0 0 0 0 0 0 0 0 0 0 0 0 0 0 0 -999 
P1166 2036 10 38 26 0 13 20 59 29 8 25 48 0 0 0 59 49 0 0 0 0 0 0 0 0 9 0 0 0 0 0 0 0 
P1166 2036 11 0 0 0 0 0 46 87 40 26 29 15 0 0 0 0 0 0 0 0 0 0 0 0 0 0 19 0 0 7 0 -999 
P1166 2036 12 0 0 0 0 0 0 0 0 0 0 0 25 28 19 0 0 0 0 0 0 0 0 0 0 0 18 49 0 50 140 117 
P1166 2037 1 46 49 0 23 23 57 16 30 46 0 13 15 31 50 44 109 95 81 71 34 12 0 0 0 0 0 0 8 9 0 0 
P1166 2037 2 0 0 2 0 0 0 0 0 21 0 0 0 27 14 0 0 15 42 58 37 0 0 11 0 0 0 0 0 -999 -999 -999 
P1166 2037 3 11 14 35 92 62 35 76 78 48 0 0 0 0 0 0 0 18 15 0 26 24 95 85 104 62 136 81 0 44 12 20 
P1166 2037 4 0 0 0 0 0 0 0 0 0 0 0 0 60 58 18 9 0 15 10 9 0 0 47 51 52 42 36 29 0 9 -999 
P1166 2037 5 10 0 0 0 32 77 77 24 0 0 0 0 0 0 0 3 0 0 0 0 0 0 0 0 0 0 0 0 12 0 0 
P1166 2037 6 0 0 0 0 11 9 18 0 13 0 0 0 0 0 0 0 0 0 0 17 0 0 0 0 0 16 0 1 0 0 -999 
P1166 2037 7 0 0 0 0 8 0 0 0 0 0 0 0 0 0 0 0 0 0 0 0 0 1 0 0 0 0 0 13 0 0 0 
P1166 2037 8 0 0 0 0 0 0 0 0 0 0 0 0 0 0 0 7 0 0 0 0 0 0 0 0 0 0 0 0 0 0 0 
P1166 2037 9 0 0 0 0 0 0 0 0 0 0 0 0 0 0 0 0 0 0 0 0 0 0 0 0 0 18 17 0 0 0 -999 
P1166 2037 10 0 0 0 7 0 27 0 0 0 0 0 0 0 0 0 0 0 0 0 0 0 0 0 0 0 0 0 0 0 0 0 
P1166 2037 11 0 0 0 11 0 0 0 0 0 0 0 0 9 0 0 50 39 0 0 0 0 0 0 0 33 30 31 0 0 31 -999 
P1166 2037 12 21 25 112 117 120 153 95 0 15 0 0 55 14 10 6 0 0 0 23 38 6 7 0 0 0 0 0 0 0 0 0 
P1166 2038 1 1 0 0 0 0 0 0 0 28 0 44 126 65 0 22 39 17 27 0 0 30 0 0 0 0 15 0 0 0 0 47 
P1166 2038 2 0 0 0 24 30 36 0 14 8 0 0 0 0 0 0 0 0 0 0 0 8 0 0 13 43 37 10 5 -999 -999 -999 
P1166 2038 3 0 0 0 59 28 24 0 19 0 0 12 0 0 35 26 53 68 37 0 0 0 0 0 44 16 0 51 0 0 0 0 
P1166 2038 4 0 0 43 46 6 0 0 38 0 0 0 0 0 0 0 0 20 0 0 0 0 54 11 0 0 0 0 0 0 0 -999 
P1166 2038 5 0 0 0 0 0 0 0 0 0 0 0 0 0 0 18 17 0 0 0 0 0 0 2 0 0 0 0 0 0 0 0 
P1166 2038 6 11 0 5 0 7 0 0 0 0 0 22 16 0 0 0 0 0 0 0 0 0 0 0 0 0 0 0 0 0 0 -999 
P1166 2038 7 0 15 0 13 4 0 0 0 0 0 0 0 0 0 0 0 0 0 0 0 0 0 0 0 0 0 0 0 0 0 0 
P1166 2038 8 0 0 0 0 0 0 0 0 0 0 0 0 0 0 0 0 0 0 0 0 6 0 0 0 0 0 0 0 0 0 0 
P1166 2038 9 0 0 0 0 0 0 0 0 0 0 0 0 0 0 0 0 0 0 0 0 0 0 22 0 23 14 0 0 0 0 -999 
P1166 2038 10 0 0 0 0 0 4 0 0 0 0 0 14 0 0 0 0 0 0 0 0 0 0 0 78 0 0 0 33 0 0 0 
P1166 2038 11 37 9 0 0 76 79 41 22 0 0 0 97 30 0 30 0 17 28 49 0 0 0 0 0 17 13 55 71 85 33 -999 
P1166 2038 12 16 0 0 0 0 0 0 0 26 16 0 0 0 0 0 0 0 0 0 0 0 0 0 26 47 0 26 39 52 0 0 
P1166 2039 1 0 0 65 51 123 26 16 0 0 0 0 101 103 0 37 83 114 52 127 106 56 28 20 44 113 152 207 67 19 10 0 
P1166 2039 2 0 0 0 0 0 0 0 0 0 0 12 0 0 13 28 12 16 8 5 0 49 73 74 45 0 90 56 0 -999 -999 -999 
P1166 2039 3 21 0 0 17 24 24 0 5 19 39 28 30 48 0 0 0 0 0 0 0 61 27 0 6 0 22 9 0 0 2 0 
P1166 2039 4 0 1 0 0 0 0 0 0 0 0 0 0 0 0 0 0 0 0 0 0 0 0 0 0 0 0 0 0 21 0 -999 
P1166 2039 5 40 25 24 0 0 0 0 0 0 58 53 21 0 0 17 0 19 0 0 0 0 17 0 0 0 0 0 29 34 22 0 
P1166 2039 6 13 0 0 0 0 0 0 27 51 29 0 0 6 0 0 0 0 41 18 0 0 0 0 0 0 0 0 0 0 0 -999 
P1166 2039 7 0 0 0 0 0 0 0 0 0 0 0 0 0 0 0 13 0 0 0 0 0 0 0 0 0 0 0 0 0 0 0 
P1166 2039 8 0 0 0 0 0 0 0 0 0 0 0 0 0 0 0 0 0 0 0 0 0 0 0 0 0 0 0 0 0 0 0 
P1166 2039 9 0 0 0 0 0 0 0 17 0 0 0 0 0 0 0 0 0 0 0 0 0 5 0 0 0 0 0 0 0 0 -999 
P1166 2039 10 0 0 0 0 0 0 0 0 0 0 0 0 5 0 0 0 0 0 39 73 0 53 0 65 0 12 0 39 0 0 0 
P1166 2039 11 65 39 5 0 0 3 0 6 0 0 0 0 0 0 0 33 13 0 16 0 0 0 0 0 0 22 0 62 65 0 -999 
P1166 2039 12 41 0 5 6 9 0 0 0 0 2 0 0 0 0 50 33 92 208 52 0 0 0 0 0 0 28 37 0 0 0 0 
P1166 2040 1 0 0 0 0 0 0 0 0 0 0 0 0 0 0 3 14 21 10 0 70 0 0 0 17 0 0 0 0 20 32 114 
P1166 2040 2 40 20 75 75 72 0 0 8 0 0 45 35 28 109 161 96 77 130 122 79 0 43 74 80 45 40 0 0 -999 -999 -999 
P1166 2040 3 26 0 58 53 0 6 21 0 28 31 0 0 0 0 0 13 0 0 0 0 0 0 0 0 0 0 0 0 0 0 0 
P1166 2040 4 0 0 0 0 48 0 21 0 0 0 12 0 0 0 41 0 0 0 0 6 0 0 4 0 21 28 15 0 0 8 -999 
P1166 2040 5 0 0 0 0 13 0 21 0 0 0 0 0 0 0 0 0 0 0 0 0 0 0 0 23 0 0 0 0 0 0 0 
P1166 2040 6 0 0 0 0 0 0 0 0 0 20 17 0 24 0 0 0 0 13 17 0 0 0 0 0 0 0 0 0 0 0 -999 
P1166 2040 7 0 0 0 0 0 0 0 0 0 0 0 0 0 0 0 0 0 0 0 0 0 0 0 0 0 0 0 0 0 0 0 
P1166 2040 8 0 0 0 0 0 0 0 0 0 0 0 0 0 0 0 0 0 0 0 0 0 0 0 0 0 0 0 0 0 0 0 
P1166 2040 9 0 0 0 13 0 0 0 0 0 0 0 0 0 0 16 45 0 0 0 21 0 0 0 0 0 0 0 0 0 0 -999 
P1166 2040 10 0 0 0 0 0 27 0 54 41 0 15 0 0 0 0 0 85 137 0 0 0 0 18 28 22 0 0 0 0 3 0 
P1166 2040 11 0 0 0 0 5 0 0 23 19 0 14 0 0 90 62 98 64 0 24 0 0 0 0 0 14 13 0 19 0 0 -999 
P1166 2040 12 0 0 0 0 0 1 0 0 23 0 0 0 0 0 0 0 0 0 0 0 0 0 0 0 1 0 0 0 0 0 0 
P1166 2041 1 0 0 0 27 0 30 0 0 0 0 29 0 0 0 14 37 0 0 0 0 0 0 39 75 0 32 154 35 22 79 0 
P1166 2041 2 8 0 9 6 0 0 0 21 42 52 50 0 27 28 73 105 28 13 13 15 0 0 0 0 0 0 0 0 -999 -999 -999 
P1166 2041 3 0 0 0 9 0 0 0 0 38 0 0 9 0 2 0 0 0 0 0 0 0 0 3 0 0 0 3 0 0 12 0 
P1166 2041 4 0 16 0 0 0 0 0 0 0 0 0 0 0 0 17 7 0 0 0 0 0 0 0 0 0 0 0 6 0 0 -999 
P1166 2041 5 0 0 0 29 42 40 30 0 0 0 0 24 0 0 0 12 26 39 30 13 0 0 0 0 0 0 0 0 0 0 0 
P1166 2041 6 0 0 0 0 0 0 0 0 0 0 0 0 0 0 0 0 0 0 0 21 0 0 0 0 0 0 0 0 0 0 -999 
P1166 2041 7 0 0 14 0 0 0 0 0 0 0 0 0 0 0 0 0 0 0 0 0 0 0 0 0 0 0 0 0 0 0 0 
P1166 2041 8 0 15 0 0 0 0 0 0 0 0 0 0 0 0 0 0 0 0 0 0 0 0 0 0 0 0 0 0 0 0 0 
P1166 2041 9 0 0 0 7 0 0 0 0 0 0 0 0 0 0 0 0 0 0 0 0 13 0 0 0 0 10 0 0 0 0 -999 
P1166 2041 10 0 0 0 0 0 0 0 0 0 0 0 9 19 0 0 0 0 0 0 0 0 0 0 0 25 8 0 14 0 14 0 
P1166 2041 11 0 95 0 14 6 0 0 9 0 0 0 0 0 0 0 0 0 0 17 0 22 0 0 0 0 27 0 19 17 20 -999 
P1166 2041 12 55 79 146 0 19 0 0 0 24 5 0 0 0 0 0 0 0 0 8 0 0 0 6 0 0 0 0 44 54 48 37 
P1166 2042 1 0 0 83 90 36 0 5 0 16 0 29 0 0 4 0 19 0 0 60 7 2 1 0 32 0 44 75 55 0 0 0 
P1166 2042 2 0 0 0 0 0 0 0 0 0 0 0 11 0 4 0 0 0 0 0 0 0 0 0 25 0 0 0 0 -999 -999 -999 
P1166 2042 3 0 0 0 0 11 0 0 0 14 0 0 0 0 9 0 0 0 31 30 25 38 0 0 53 0 0 0 29 0 0 3 
P1166 2042 4 0 0 0 0 0 11 0 0 0 0 0 0 0 0 0 40 53 0 14 19 0 0 0 8 0 4 0 0 0 34 -999 
P1166 2042 5 34 57 88 61 30 0 0 30 0 45 0 42 72 28 0 11 0 0 0 0 0 0 0 0 0 6 7 7 0 0 0 
P1166 2042 6 0 0 0 25 38 0 29 32 0 0 0 0 0 0 0 0 11 0 16 21 0 0 0 0 0 0 0 7 0 0 -999 
P1166 2042 7 0 0 0 0 0 0 0 0 0 0 0 0 0 0 0 0 0 0 0 0 0 0 0 0 0 0 0 0 0 0 0 
P1166 2042 8 0 0 0 0 0 0 0 0 0 0 0 0 0 0 0 0 0 0 0 0 0 0 0 0 0 0 0 0 0 0 0 
P1166 2042 9 0 0 0 0 0 0 0 0 0 0 0 0 0 0 0 0 0 0 0 0 0 0 0 0 0 0 0 0 0 0 -999 
P1166 2042 10 0 0 0 10 0 0 0 16 0 4 2 0 0 3 0 0 0 0 0 0 0 0 0 0 0 0 0 0 0 0 0 
P1166 2042 11 8 0 0 0 0 0 15 0 0 19 24 52 0 24 0 0 0 0 0 0 0 0 0 7 9 38 25 0 0 15 -999 
P1166 2042 12 22 0 0 24 113 0 23 20 0 0 58 57 0 0 0 0 0 0 38 42 13 0 0 3 0 0 24 0 70 116 57 
P1166 2043 1 0 0 0 0 0 0 0 0 0 0 21 45 0 36 76 58 69 0 0 3 0 0 0 0 0 0 0 0 0 0 0 
P1166 2043 2 0 0 0 0 0 0 0 0 26 59 0 0 0 0 82 69 0 0 0 0 0 13 17 0 0 12 15 0 -999 -999 -999 
P1166 2043 3 0 0 0 0 0 4 7 5 4 0 44 47 49 81 45 62 74 54 55 44 0 46 74 71 42 60 14 26 73 96 44 
P1166 2043 4 0 92 71 22 0 29 22 33 0 0 0 19 50 14 7 0 0 0 0 0 0 0 32 0 0 0 32 47 78 23 -999 
P1166 2043 5 0 0 0 0 0 0 0 0 0 0 0 0 0 0 34 38 67 51 50 62 27 0 0 0 0 0 0 0 0 0 0 
P1166 2043 6 0 0 0 22 0 0 0 0 0 0 0 0 0 0 0 0 0 0 0 0 0 0 0 0 0 0 0 0 0 0 -999 
P1166 2043 7 0 0 0 0 0 0 0 0 0 6 0 0 0 0 0 0 0 7 0 0 5 0 0 0 0 0 14 0 0 7 0 
P1166 2043 8 0 0 0 0 0 0 0 9 0 0 23 0 0 0 0 0 0 0 0 0 0 0 0 11 0 9 0 0 0 0 0 
P1166 2043 9 0 0 0 0 0 0 0 0 0 0 0 0 0 0 0 0 0 0 0 0 0 0 0 0 0 0 0 0 0 0 -999 
P1166 2043 10 0 0 0 0 0 0 0 0 0 0 0 0 27 0 0 0 0 0 28 0 0 0 15 7 0 0 3 0 0 16 7 
P1166 2043 11 0 0 17 28 215 76 0 0 0 0 0 0 0 0 0 0 0 0 38 22 75 0 20 34 62 77 84 0 0 17 -999 
P1166 2043 12 0 0 29 67 59 43 9 0 0 0 0 0 0 0 0 0 0 0 0 0 0 0 2 0 0 1 0 0 2 0 0 
P1166 2044 1 0 0 0 0 0 8 11 14 0 0 54 36 0 23 16 15 25 106 62 0 44 0 0 43 83 82 31 0 0 10 0 
P1166 2044 2 0 0 0 61 19 0 0 5 0 29 0 0 0 0 0 0 24 0 0 2 0 0 0 0 0 0 9 0 -999 -999 -999 
P1166 2044 3 0 0 6 0 0 0 0 0 0 0 0 7 3 0 0 0 0 0 0 0 0 0 0 0 0 9 0 34 0 0 21 
P1166 2044 4 0 0 43 0 27 0 0 0 46 19 0 0 0 0 0 0 0 0 0 4 0 0 0 0 0 0 17 0 27 25 -999 
P1166 2044 5 21 7 0 0 20 31 54 44 38 62 63 53 0 22 24 0 0 0 0 0 0 0 20 0 0 0 0 0 0 0 3 
P1166 2044 6 0 0 0 0 0 4 0 0 0 0 0 0 0 0 22 0 0 0 0 19 0 38 13 0 0 17 0 0 0 0 -999 
P1166 2044 7 15 0 0 0 0 0 0 0 0 0 0 0 0 0 0 0 0 0 0 0 0 0 0 0 0 0 0 0 0 0 0 
P1166 2044 8 0 0 0 0 0 0 0 0 0 0 0 0 0 0 0 0 0 0 0 0 0 0 0 0 0 0 0 0 0 8 0 
P1166 2044 9 0 4 0 0 0 0 0 0 0 0 0 0 0 0 0 0 0 0 0 0 13 0 10 0 0 0 0 0 0 0 -999 
P1166 2044 10 0 0 0 0 0 0 0 0 0 0 0 22 0 0 0 0 0 0 0 0 0 0 27 102 78 0 0 0 0 0 0 
P1166 2044 11 0 0 0 0 0 8 0 0 0 31 49 0 78 59 33 0 0 17 0 0 97 36 0 8 0 16 11 0 0 0 -999 
P1166 2044 12 0 0 0 0 0 0 0 0 0 0 0 0 0 0 0 8 0 46 78 152 29 0 52 21 24 0 25 0 0 0 19 
P1166 2045 1 28 39 84 0 73 0 34 82 133 81 56 73 7 0 8 0 0 0 6 0 0 0 0 0 0 0 0 7 7 0 0 
P1166 2045 2 31 21 0 9 13 23 29 0 0 0 0 88 45 0 0 0 0 0 0 27 45 40 0 0 86 192 246 201 -999 -999 -999 
P1166 2045 3 0 0 0 36 0 0 0 0 70 76 0 53 0 0 0 0 32 30 0 0 0 0 0 0 0 0 0 0 0 0 0 
P1166 2045 4 0 0 0 5 0 0 0 0 0 6 0 27 0 37 61 0 13 0 15 0 9 0 0 0 0 0 0 0 0 0 -999 
P1166 2045 5 0 0 16 45 16 0 0 0 0 0 0 0 0 0 0 0 0 0 0 49 32 0 0 41 28 0 20 38 0 38 0 
P1166 2045 6 0 14 0 0 0 0 0 0 0 0 0 0 22 44 27 0 0 0 11 20 0 0 0 0 0 0 0 0 0 0 -999 
P1166 2045 7 0 0 0 0 0 11 0 0 0 0 0 0 0 0 0 0 0 0 0 0 0 0 0 0 0 0 0 0 0 0 0 
P1166 2045 8 0 0 0 0 0 0 0 0 0 0 0 0 0 0 0 0 0 0 0 0 0 9 0 0 0 0 0 0 0 0 0 
P1166 2045 9 0 0 0 0 0 17 0 0 0 0 0 0 0 0 0 0 0 0 0 0 0 0 0 8 0 0 0 0 0 0 -999 
P1166 2045 10 0 0 0 0 18 0 0 0 11 0 10 8 0 0 0 0 4 0 0 0 0 0 0 0 0 0 0 0 0 0 0 
P1166 2045 11 0 0 0 52 0 0 0 0 0 0 0 0 0 0 0 0 0 0 37 0 0 0 0 0 9 0 0 0 13 0 -999 
P1166 2045 12 0 5 0 0 0 0 0 0 0 29 50 0 0 0 0 0 0 4 0 0 0 0 15 77 49 0 4 0 0 7 0 
P1166 2046 1 10 11 0 13 0 0 11 0 10 0 0 0 0 0 0 0 0 96 0 94 68 71 69 75 53 85 64 44 93 69 70 
P1166 2046 2 0 10 0 0 0 0 0 0 0 14 16 28 53 29 0 120 181 125 0 0 0 0 0 0 0 19 37 41 -999 -999 -999 
P1166 2046 3 18 0 30 36 8 0 0 0 0 0 0 0 1 0 6 0 7 0 0 0 0 0 8 0 0 44 32 0 0 0 27 
P1166 2046 4 44 0 0 0 0 0 0 55 70 62 20 20 37 60 58 0 0 0 0 18 22 0 45 41 57 0 33 0 0 0 -999 
P1166 2046 5 0 0 0 0 0 0 0 12 0 0 0 0 30 0 0 0 14 9 0 0 23 22 57 0 88 37 16 0 0 0 23 
P1166 2046 6 0 0 0 0 70 0 8 0 0 0 0 0 0 0 0 0 0 0 6 0 0 0 0 0 0 0 0 0 0 0 -999 
P1166 2046 7 0 0 0 0 0 0 0 0 0 0 0 0 0 0 0 0 0 0 0 0 0 0 0 0 0 0 0 0 0 0 0 
P1166 2046 8 0 0 0 0 0 0 0 0 0 0 0 0 0 0 0 0 0 0 9 0 0 0 0 0 6 0 12 0 0 0 0 
P1166 2046 9 0 0 0 0 0 0 0 0 0 0 0 0 0 0 0 0 0 0 0 0 0 0 0 0 0 0 0 8 0 0 -999 
P1166 2046 10 0 0 0 0 0 0 0 0 0 30 17 5 0 0 0 0 24 0 0 0 0 0 17 0 0 8 0 0 0 0 0 
P1166 2046 11 0 36 83 56 0 9 0 0 0 0 0 0 0 0 0 0 0 8 0 14 0 0 0 0 8 0 0 0 0 0 -999 
P1166 2046 12 0 0 0 0 0 0 0 0 0 0 0 15 0 14 0 15 11 0 12 0 0 0 0 0 0 0 0 0 0 0 9 
P1166 2047 1 0 27 69 61 0 33 13 9 0 35 33 0 0 0 7 39 12 18 0 6 16 0 0 0 0 0 23 30 0 22 0 
P1166 2047 2 0 5 0 8 0 0 0 0 0 0 0 0 38 0 0 0 0 16 0 50 29 0 37 38 50 0 0 0 -999 -999 -999 
P1166 2047 3 0 0 0 0 20 28 0 0 15 26 26 24 0 0 16 21 17 0 0 5 0 6 0 0 0 6 0 0 0 0 17 
P1166 2047 4 0 0 0 5 0 0 0 0 0 8 13 0 0 0 0 0 0 37 32 25 17 0 0 34 24 0 0 0 27 19 -999 
P1166 2047 5 0 26 0 0 13 0 0 5 0 0 0 0 31 54 62 0 0 0 0 16 0 0 35 15 0 0 0 5 0 0 0 
P1166 2047 6 0 0 0 0 0 0 0 0 0 0 0 0 0 5 0 0 0 0 0 0 0 0 0 0 0 0 0 0 0 0 -999 
P1166 2047 7 0 4 0 0 0 0 0 0 0 0 0 0 0 0 0 0 0 0 0 7 0 0 0 0 0 0 0 0 0 0 0 
P1166 2047 8 0 0 0 0 0 0 0 0 0 0 0 0 0 0 0 0 0 0 0 8 0 0 0 0 0 0 0 18 24 0 0 
P1166 2047 9 15 0 8 0 0 8 0 0 0 9 0 0 0 0 0 0 0 0 0 0 0 0 0 0 0 0 13 10 0 0 -999 
P1166 2047 10 0 39 0 65 0 0 6 0 26 11 0 0 0 0 0 0 0 4 0 0 0 0 0 0 19 0 0 24 0 11 0 
P1166 2047 11 0 0 0 0 0 0 0 0 0 0 0 0 0 0 0 0 0 0 29 29 0 0 0 0 0 0 0 0 27 15 -999 
P1166 2047 12 42 0 19 0 218 236 236 103 9 0 0 0 0 0 0 46 0 40 116 87 28 0 38 0 52 0 0 13 0 17 0 
P1166 2048 1 0 2 0 0 0 0 0 0 0 0 0 0 0 0 0 0 0 0 0 0 0 14 0 0 0 73 92 6 0 12 0 
P1166 2048 2 30 0 9 0 0 12 32 88 0 30 10 0 0 0 0 10 0 44 12 0 0 0 0 7 0 0 0 0 -999 -999 -999 
P1166 2048 3 0 0 0 0 0 0 0 0 0 0 0 0 8 0 0 0 11 0 46 37 0 23 19 0 7 0 0 0 21 19 17 
P1166 2048 4 8 5 8 0 40 0 57 53 18 8 19 62 87 50 17 27 65 61 126 110 43 24 24 19 12 0 0 0 15 0 -999 
P1166 2048 5 7 0 23 0 10 6 0 0 0 0 0 0 0 0 0 0 0 0 0 17 0 41 28 0 23 0 0 0 40 0 0 
P1166 2048 6 0 0 0 0 0 13 7 0 9 0 0 0 0 0 0 0 0 0 0 0 0 0 0 0 0 0 0 0 0 0 -999 
P1166 2048 7 0 0 0 0 0 0 0 0 0 0 0 0 0 0 0 0 0 0 0 0 0 0 0 0 0 0 0 0 0 0 0 
P1166 2048 8 0 0 0 0 0 0 0 0 11 0 0 0 0 0 0 0 0 0 0 0 0 0 0 0 0 3 0 0 0 0 0 
P1166 2048 9 0 0 0 0 0 6 0 0 0 0 14 0 0 0 9 0 0 0 0 0 0 0 0 0 0 0 0 0 13 0 -999 
P1166 2048 10 0 0 0 0 0 0 0 0 0 0 0 0 12 26 0 48 30 0 0 0 0 9 0 26 12 0 0 0 22 0 25 
P1166 2048 11 0 25 0 0 5 0 47 26 0 0 0 0 0 0 0 0 0 14 0 0 0 0 0 0 0 0 0 39 136 113 -999 
P1166 2048 12 64 73 106 37 0 0 0 0 0 0 0 0 12 32 0 22 0 0 57 171 42 14 21 0 0 8 3 0 0 0 0 
P1166 2049 1 0 32 41 0 0 13 0 0 0 0 15 0 0 0 0 0 0 0 0 0 0 0 0 10 9 5 0 0 0 0 0 
P1166 2049 2 0 0 0 0 0 22 40 70 32 57 61 135 177 129 63 176 76 99 0 70 99 0 73 188 115 125 73 32 -999 -999 -999 
P1166 2049 3 48 94 105 119 90 45 31 24 49 68 34 0 0 48 0 0 0 31 0 8 13 0 0 0 0 0 0 3 0 0 19 
P1166 2049 4 35 0 7 0 30 22 9 0 0 0 0 0 0 0 0 0 0 0 0 0 0 0 0 0 0 0 0 0 12 0 -999 
P1166 2049 5 0 28 18 7 0 11 15 23 0 0 0 0 0 0 0 0 0 20 0 0 20 0 0 0 0 0 0 0 0 0 0 
P1166 2049 6 0 0 0 0 0 0 0 0 0 0 0 0 0 0 0 0 0 0 0 0 0 0 0 0 0 0 0 0 0 13 -999 
P1166 2049 7 0 8 0 0 0 0 31 0 0 0 0 0 0 0 0 0 0 0 0 0 0 0 0 0 0 0 0 0 0 0 0 
P1166 2049 8 0 0 4 0 0 0 0 0 0 0 0 0 0 5 0 0 0 0 0 0 0 0 0 0 0 0 0 8 0 0 0 
P1166 2049 9 0 0 0 0 13 0 0 0 0 0 0 0 0 0 0 0 0 0 0 0 9 0 0 0 0 0 6 0 0 0 -999 
P1166 2049 10 0 0 0 0 0 8 0 0 0 0 0 7 0 0 0 0 0 20 21 0 9 7 0 26 27 28 49 34 0 11 0 
P1166 2049 11 0 0 0 0 0 29 98 139 83 0 0 0 0 0 9 0 4 0 0 0 0 0 0 0 0 0 0 45 0 0 -999 
P1166 2049 12 12 0 0 0 0 0 0 0 8 13 4 4 0 0 95 0 0 0 0 0 0 0 22 21 26 19 8 0 0 0 0 
P1166 2050 1 0 0 0 0 5 0 4 0 12 0 99 86 120 90 51 144 99 111 0 0 0 13 17 16 15 25 0 0 0 0 12 
P1166 2050 2 13 0 29 0 0 0 0 0 46 25 0 0 0 0 0 0 0 0 4 0 0 0 0 0 0 0 0 0 -999 -999 -999 
P1166 2050 3 0 0 0 0 0 0 0 0 0 17 0 0 9 19 12 0 0 16 0 24 16 0 45 65 67 29 0 0 25 0 0 
P1166 2050 4 0 0 0 0 0 0 15 0 14 0 60 99 0 0 0 16 40 22 26 33 23 69 26 27 0 0 0 0 0 26 -999 
P1166 2050 5 0 0 16 24 0 16 0 0 13 0 18 0 0 0 0 0 0 0 0 5 0 15 15 0 0 0 0 23 0 12 0 
P1166 2050 6 0 0 0 0 0 0 0 0 0 0 0 0 0 0 0 0 0 0 0 0 0 0 0 0 0 0 0 0 0 0 -999 
P1166 2050 7 0 0 0 0 0 0 0 0 0 0 0 0 0 0 0 0 0 0 0 0 0 0 0 0 0 0 0 0 0 0 0 
P1166 2050 8 0 0 0 0 0 12 0 0 5 0 0 4 0 0 0 0 0 22 0 0 0 0 0 19 0 0 0 0 0 0 0 
P1166 2050 9 0 0 0 0 0 0 0 0 0 0 0 0 0 0 0 0 0 0 0 0 0 0 0 0 0 0 0 0 0 0 -999 
P1166 2050 10 0 0 0 11 0 0 12 0 0 0 0 0 0 0 20 45 0 22 0 0 23 0 0 5 0 0 27 0 34 0 0 
P1166 2050 11 0 16 10 0 0 0 0 1 5 4 0 10 0 18 34 0 0 0 0 12 11 0 0 55 0 0 30 0 0 0 -999 
P1166 2050 12 0 0 33 4 11 0 0 0 0 66 0 27 84 98 54 15 0 25 0 7 0 0 0 0 0 0 0 0 8 0 0 
P1166 2051 1 15 0 0 0 0 0 0 0 9 24 16 30 98 41 0 0 0 0 7 0 0 0 0 0 13 0 0 9 0 0 38 
P1166 2051 2 53 81 43 45 0 16 16 0 0 11 7 0 0 0 15 0 0 0 32 45 22 51 88 36 35 48 53 0 -999 -999 -999 
P1166 2051 3 0 0 48 51 0 30 0 27 0 0 0 0 59 56 0 33 38 21 7 0 0 28 0 17 0 0 0 0 0 0 22 
P1166 2051 4 0 0 0 0 0 0 40 0 66 29 0 0 0 0 81 20 0 0 0 0 0 0 0 7 0 0 0 32 0 2 -999 
P1166 2051 5 0 15 0 0 0 0 0 0 25 0 4 0 0 0 0 0 16 0 0 0 15 0 0 0 0 0 0 15 16 0 0 
P1166 2051 6 0 0 25 0 15 0 0 12 0 0 0 0 5 0 0 0 0 0 0 0 0 0 0 0 0 0 0 0 0 0 -999 
P1166 2051 7 0 0 0 0 0 0 0 0 0 0 0 0 0 0 0 0 0 0 0 0 0 0 0 0 0 0 0 0 0 0 0 
P1166 2051 8 0 0 0 0 0 0 0 0 0 0 0 0 0 0 0 0 0 0 0 0 0 0 0 0 0 0 0 0 0 0 0 
P1166 2051 9 0 0 0 0 0 0 5 0 0 0 14 12 0 0 0 0 0 0 0 0 0 0 0 24 0 0 2 0 0 0 -999 
P1166 2051 10 0 0 0 0 7 0 0 26 0 0 0 12 0 15 0 31 0 0 0 0 0 4 0 0 0 0 0 62 72 0 7 
P1166 2051 11 0 3 10 0 27 0 0 0 0 0 4 0 60 36 29 0 0 32 78 32 29 42 71 40 30 0 0 0 29 0 -999 
P1166 2051 12 6 0 0 0 0 97 83 60 0 0 0 20 0 22 35 58 31 18 67 49 62 39 11 0 0 0 0 0 0 0 7 
P1166 2052 1 0 0 0 0 5 0 0 0 0 0 0 0 0 0 0 0 0 0 0 0 0 0 0 8 0 0 6 1 0 0 0 
P1166 2052 2 0 0 0 0 0 0 0 0 0 0 0 19 16 30 24 0 0 0 0 24 21 0 9 0 35 31 0 0 -999 -999 -999 
P1166 2052 3 0 0 14 14 0 15 59 0 0 0 0 0 0 42 0 0 0 0 0 0 73 58 27 27 45 42 22 0 0 0 2 
P1166 2052 4 0 0 19 0 0 3 0 0 0 4 10 0 0 0 0 0 0 0 0 0 0 0 0 0 0 0 0 0 0 0 -999 
P1166 2052 5 0 0 0 0 0 24 33 0 18 0 0 0 20 0 0 0 0 0 0 0 0 0 0 0 0 14 0 0 0 24 21 
P1166 2052 6 0 0 0 15 0 0 0 0 0 0 0 32 0 0 0 0 15 0 0 0 0 0 0 19 0 6 0 0 0 0 -999 
P1166 2052 7 0 0 0 17 0 0 0 0 0 0 0 4 0 0 0 0 0 0 0 0 0 0 0 0 0 0 0 0 0 0 0 
P1166 2052 8 0 0 0 0 0 0 0 0 0 0 0 0 0 0 0 0 0 0 0 15 0 0 0 0 0 0 0 0 0 0 0 
P1166 2052 9 0 0 0 0 0 0 0 0 0 0 0 0 0 0 0 0 0 0 0 0 0 0 0 0 0 0 0 0 0 0 -999 
P1166 2052 10 0 0 7 0 8 0 0 10 0 0 0 0 0 0 0 16 0 6 0 0 0 0 0 0 0 0 0 0 0 0 0 
P1166 2052 11 0 0 0 0 0 0 0 11 0 0 1 0 0 0 0 0 0 0 0 0 19 15 11 25 46 71 0 21 19 31 -999 
P1166 2052 12 31 0 18 18 26 0 0 10 38 115 67 0 74 67 22 0 20 0 31 0 0 0 0 22 0 8 0 0 0 0 21 
P1166 2053 1 6 0 0 0 0 0 0 0 0 0 0 17 0 0 19 0 4 5 0 0 0 0 0 0 0 0 0 0 0 0 0 
P1166 2053 2 0 58 37 73 62 66 74 26 27 11 11 0 0 2 0 0 0 0 0 0 0 0 0 13 22 0 0 86 -999 -999 -999 
P1166 2053 3 81 0 11 19 37 0 0 0 0 20 19 0 0 0 21 20 51 54 41 0 23 0 0 0 0 0 0 12 0 33 0 
P1166 2053 4 30 0 0 0 0 43 74 0 0 0 33 0 8 11 0 0 0 0 0 0 0 0 0 0 3 0 0 0 0 0 -999 
P1166 2053 5 29 0 0 59 32 73 82 35 0 0 0 0 9 0 0 0 0 15 0 30 0 0 0 0 0 8 8 11 0 0 0 
P1166 2053 6 0 19 15 0 9 10 0 0 0 0 0 0 0 0 0 22 0 3 0 0 0 0 0 0 0 0 0 0 0 0 -999 
P1166 2053 7 0 0 0 0 0 0 0 0 0 0 0 0 0 0 0 0 0 0 0 0 0 0 0 0 0 0 17 0 11 10 0 
P1166 2053 8 0 0 0 0 0 0 0 0 0 0 0 0 10 0 0 0 0 0 0 25 0 0 0 0 0 0 0 0 0 8 0 
P1166 2053 9 0 0 0 0 0 0 0 0 0 0 0 0 0 0 0 0 0 0 0 0 0 0 8 0 0 0 0 0 0 0 -999 
P1166 2053 10 0 0 0 0 0 0 0 10 0 0 0 0 0 6 0 23 10 0 0 7 11 0 0 0 0 0 16 0 11 18 16 
P1166 2053 11 0 0 55 0 20 0 15 0 0 107 51 0 17 22 66 66 58 0 0 12 0 0 16 0 7 0 25 0 19 29 -999 
P1166 2053 12 0 0 16 0 0 0 0 0 0 0 0 7 13 0 20 20 0 0 4 0 0 17 0 21 64 0 32 41 82 54 65 
P1166 2054 1 0 44 117 65 82 87 39 30 62 49 48 67 79 113 0 58 44 0 14 0 0 0 2 0 8 10 29 182 106 24 0 
P1166 2054 2 32 116 90 29 5 0 29 36 0 0 0 27 27 21 11 0 0 0 0 0 0 0 0 0 0 0 0 0 -999 -999 -999 
P1166 2054 3 0 0 0 0 0 0 0 0 0 0 0 0 0 0 0 0 7 24 0 9 10 16 33 0 0 0 0 0 0 33 28 
P1166 2054 4 0 22 20 0 51 78 110 63 27 33 0 0 12 0 0 0 16 0 0 0 0 0 0 0 0 0 0 44 36 46 -999 
P1166 2054 5 32 19 17 17 8 0 0 0 0 13 22 15 9 18 0 31 0 0 0 0 24 39 0 76 64 25 16 18 0 0 0 
P1166 2054 6 0 0 0 0 0 0 0 0 0 0 0 0 7 0 0 0 0 0 0 0 0 0 0 0 0 0 0 0 0 0 -999 
P1166 2054 7 0 0 2 0 0 0 0 0 0 0 0 0 0 0 0 0 0 0 0 0 0 0 0 0 0 0 0 0 0 0 0 
P1166 2054 8 0 0 0 0 0 0 0 0 0 0 0 0 0 0 0 0 0 0 0 0 0 0 0 0 0 21 0 7 5 0 0 
P1166 2054 9 0 0 0 0 0 0 0 0 0 0 8 0 27 0 0 0 0 0 0 0 0 0 32 0 0 0 0 0 0 53 -999 
P1166 2054 10 26 19 0 0 0 4 8 0 0 0 0 0 0 0 0 0 0 0 15 0 0 0 0 30 59 39 18 10 18 0 0 
P1166 2054 11 52 0 0 0 0 0 0 20 84 93 61 41 0 0 117 51 12 24 40 91 28 0 0 0 0 0 32 0 0 0 -999 
P1166 2054 12 7 0 6 0 0 0 0 0 0 0 13 0 35 15 4 0 0 0 0 1 0 8 22 47 93 73 84 89 99 73 63 
P1166 2055 1 22 0 0 44 0 0 13 22 9 40 80 23 22 0 0 0 0 132 90 0 0 10 0 0 0 0 0 9 0 0 0 
P1166 2055 2 0 0 0 23 19 39 64 34 0 0 0 0 0 0 6 0 0 0 1 0 0 7 0 0 0 20 22 0 -999 -999 -999 
P1166 2055 3 26 28 39 0 33 0 0 0 0 0 0 0 34 4 0 0 0 0 0 10 0 0 18 0 0 0 0 20 0 0 0 
P1166 2055 4 3 0 0 0 9 0 0 0 0 21 23 18 0 0 0 0 0 0 0 26 23 34 0 8 14 11 15 0 0 0 -999 
P1166 2055 5 0 0 0 0 0 8 3 2 0 22 68 53 24 0 0 0 0 9 0 0 0 0 0 0 23 47 0 0 0 0 8 
P1166 2055 6 4 0 0 0 0 0 0 0 0 0 0 0 0 0 0 0 0 0 0 0 0 0 0 0 0 0 0 0 0 0 -999 
P1166 2055 7 0 0 0 0 0 0 0 0 0 0 0 0 0 0 0 0 0 0 0 0 0 0 0 0 0 0 0 0 0 0 0 
P1166 2055 8 0 0 0 0 0 13 0 0 0 0 0 0 0 0 0 0 0 0 0 0 0 0 0 0 0 0 0 0 0 0 0 
P1166 2055 9 0 0 0 0 0 0 0 0 0 0 0 0 0 0 0 0 0 0 0 0 0 0 11 0 0 0 0 0 0 0 -999 
P1166 2055 10 30 0 0 29 0 24 0 0 0 17 0 0 12 9 0 74 109 0 0 24 0 0 0 0 0 15 0 0 0 0 0 
P1166 2055 11 0 9 0 0 0 0 63 44 0 0 18 24 0 9 13 22 42 0 0 0 0 0 18 8 0 14 43 31 125 60 -999 
P1166 2055 12 22 6 26 17 33 23 0 0 0 0 0 19 18 12 0 0 0 0 0 0 7 8 0 0 0 0 9 29 44 53 30 
P1166 2056 1 0 0 0 55 67 60 85 82 50 86 48 5 0 0 0 0 10 0 0 0 0 0 0 18 0 0 93 47 0 0 12 
P1166 2056 2 19 44 31 11 70 72 83 0 0 67 106 75 34 110 127 35 17 0 0 117 94 102 0 42 40 0 0 0 -999 -999 -999 
P1166 2056 3 18 32 0 19 64 126 95 85 29 98 96 70 66 137 59 0 20 21 53 103 20 0 0 0 0 0 0 63 55 47 0 
P1166 2056 4 0 36 31 9 0 0 0 0 0 22 14 3 0 0 0 9 0 0 26 12 3 0 6 0 0 0 0 0 0 0 -999 
P1166 2056 5 0 0 0 0 0 0 0 25 36 27 0 0 14 0 0 0 0 0 8 10 0 0 0 0 0 0 0 8 0 0 0 
P1166 2056 6 34 19 7 0 0 0 0 0 0 0 0 0 0 6 0 0 0 0 0 0 0 7 0 0 0 0 7 5 0 0 -999 
P1166 2056 7 0 0 0 0 0 0 0 0 0 0 0 0 0 0 0 0 0 0 0 0 0 0 0 0 0 0 0 0 0 0 0 
P1166 2056 8 0 0 0 0 0 0 0 0 0 0 0 0 0 0 0 0 0 0 0 0 0 0 0 0 0 0 0 0 0 0 0 
P1166 2056 9 0 0 0 8 0 0 0 20 0 0 0 0 0 0 0 0 0 0 0 0 0 0 0 3 0 0 0 0 0 0 -999 
P1166 2056 10 0 13 0 0 0 0 0 23 0 0 0 0 0 0 0 8 0 0 0 0 0 0 29 40 95 131 0 0 0 0 0 
P1166 2056 11 0 0 12 17 16 0 41 56 70 45 36 56 26 22 66 38 0 2 0 0 0 0 0 0 0 0 0 0 0 0 -999 
P1166 2056 12 0 0 0 0 0 0 0 0 0 0 0 0 0 0 0 17 0 59 0 11 0 0 0 0 0 0 0 33 25 22 0 
P1166 2057 1 60 99 71 0 70 0 0 23 0 0 0 0 0 11 11 30 34 62 75 21 0 0 0 3 0 0 46 164 117 27 53 
P1166 2057 2 0 0 0 0 47 20 0 0 24 3 0 2 0 0 0 0 0 0 0 0 0 0 0 16 58 0 66 37 -999 -999 -999 
P1166 2057 3 20 34 27 0 0 1 0 0 0 0 2 4 0 0 37 41 55 114 97 46 16 0 0 0 0 0 0 47 36 34 0 
P1166 2057 4 46 39 36 0 0 0 0 0 0 20 0 35 0 37 55 51 56 59 0 0 0 26 64 12 0 0 0 0 0 0 -999 
P1166 2057 5 30 0 15 0 22 22 23 0 0 23 0 0 0 0 0 6 0 0 0 15 0 0 0 14 0 0 0 9 0 0 0 
P1166 2057 6 0 0 0 0 0 0 13 0 0 0 0 0 0 0 5 0 0 0 0 0 0 0 0 0 0 0 0 0 0 0 -999 
P1166 2057 7 0 0 0 0 0 0 0 0 0 0 0 0 0 0 0 0 0 0 0 0 0 0 0 0 0 0 0 0 0 0 0 
P1166 2057 8 0 0 0 0 0 0 9 0 7 0 0 0 0 0 0 0 0 0 0 0 0 0 0 0 0 0 0 0 0 0 0 
P1166 2057 9 0 0 0 0 0 6 0 0 0 11 0 0 0 0 0 0 0 0 0 0 4 0 0 0 0 22 0 0 0 11 -999 
P1166 2057 10 12 0 0 0 0 0 12 0 24 0 0 14 41 21 0 0 0 0 0 0 26 0 0 0 51 72 82 52 0 3 0 
P1166 2057 11 0 0 0 0 0 0 0 24 0 47 0 66 140 0 0 0 9 0 26 0 19 0 0 0 0 0 0 68 21 69 -999 
P1166 2057 12 64 38 70 0 17 0 0 0 0 0 0 0 0 0 0 0 0 26 55 34 0 38 83 111 53 0 0 0 0 0 0 
P1166 2058 1 16 16 4 0 0 6 11 0 26 39 26 88 0 68 145 206 58 66 23 0 0 0 0 0 2 0 0 67 92 104 55 
P1166 2058 2 0 0 13 25 62 37 26 33 0 18 20 67 10 7 0 0 0 12 0 6 13 0 5 0 0 0 0 0 -999 -999 -999 
P1166 2058 3 0 0 0 21 15 15 0 0 18 0 18 32 0 0 0 0 15 23 0 0 0 0 0 0 0 0 0 0 0 0 0 
P1166 2058 4 57 38 8 0 0 0 46 0 0 27 0 24 0 0 0 0 0 11 0 0 0 0 0 26 34 31 16 0 16 24 -999 
P1166 2058 5 0 16 20 38 26 35 21 0 6 7 5 0 19 0 0 0 0 0 0 0 0 0 0 33 24 0 0 0 0 0 0 
P1166 2058 6 0 0 5 0 0 0 0 15 25 23 0 0 0 0 0 0 0 0 0 0 0 0 0 0 0 0 0 0 0 0 -999 
P1166 2058 7 0 0 0 0 0 0 0 0 0 0 0 0 0 0 0 0 0 0 0 0 0 0 0 0 0 0 0 0 0 0 0 
P1166 2058 8 0 0 0 0 0 0 0 0 0 0 0 0 0 0 0 0 0 0 0 8 0 0 0 0 0 0 0 0 0 0 0 
P1166 2058 9 0 0 0 0 0 0 26 0 0 0 0 0 0 0 0 0 0 0 0 0 0 0 0 0 0 0 0 0 0 19 -999 
P1166 2058 10 0 11 0 79 76 0 0 0 0 0 0 0 0 0 0 0 0 0 0 0 33 0 24 0 0 0 0 0 0 0 0 
P1166 2058 11 0 0 0 0 0 0 0 44 66 0 40 0 0 0 0 0 0 0 0 0 10 0 9 0 0 0 0 0 0 0 -999 
P1166 2058 12 19 0 14 0 13 15 0 0 3 0 0 0 0 0 0 5 0 0 3 0 0 0 0 0 1 0 0 6 0 0 0 
P1166 2059 1 0 0 0 0 0 21 0 49 0 2 0 0 0 6 0 16 0 0 0 0 0 0 0 0 0 0 0 0 0 0 0 
P1166 2059 2 0 0 0 0 0 0 0 0 0 0 21 39 0 0 13 0 0 0 0 0 0 0 7 0 0 0 0 0 -999 -999 -999 
P1166 2059 3 0 0 0 0 0 0 0 0 24 15 0 0 0 0 0 0 0 20 0 0 0 0 0 0 0 0 24 40 42 63 50 
P1166 2059 4 0 0 0 0 10 0 0 0 67 53 40 0 0 0 0 24 0 0 23 0 19 0 40 96 26 0 7 8 0 0 -999 
P1166 2059 5 0 0 0 0 0 0 0 0 0 0 0 0 0 11 24 0 0 49 32 0 0 0 0 0 31 29 0 0 0 0 0 
P1166 2059 6 0 0 0 0 0 0 0 19 4 0 0 0 0 0 0 0 0 0 0 0 0 0 0 0 0 0 17 0 6 0 -999 
P1166 2059 7 14 6 0 0 0 0 0 0 0 0 0 0 0 0 0 0 0 0 0 0 0 0 0 0 0 0 0 0 0 0 0 
P1166 2059 8 0 0 0 0 0 0 0 0 0 0 0 0 0 0 0 0 17 25 0 0 0 0 0 0 0 0 0 0 0 0 0 
P1166 2059 9 0 0 0 0 0 0 0 0 0 14 0 0 0 0 0 0 0 0 0 0 0 0 0 0 0 0 0 0 0 0 -999 
P1166 2059 10 0 27 16 0 0 21 0 0 0 0 0 0 0 0 0 0 0 0 0 0 0 0 0 0 0 0 65 71 0 0 0 
P1166 2059 11 0 39 58 58 42 0 0 5 0 4 0 0 0 0 0 0 0 0 0 0 0 0 0 0 0 0 0 0 0 4 -999 
P1166 2059 12 0 0 0 0 30 38 13 10 0 50 27 37 22 0 0 0 0 0 0 0 0 0 0 18 0 105 95 47 46 29 0 
P1166 2060 1 0 0 20 38 11 15 19 23 0 0 99 96 96 55 0 0 0 0 0 0 0 0 0 0 0 0 4 0 0 0 0 
P1166 2060 2 45 0 5 0 0 0 0 0 0 0 7 21 0 10 1 0 0 0 0 0 0 9 0 0 0 0 0 0 -999 -999 -999 
P1166 2060 3 24 21 11 0 0 0 40 0 10 25 0 0 0 0 0 4 0 0 0 0 28 0 57 40 9 0 0 0 51 25 3 
P1166 2060 4 26 0 18 15 0 0 0 29 47 48 20 16 17 0 0 44 0 0 0 0 0 0 10 0 0 0 15 0 8 0 -999 
P1166 2060 5 0 0 0 0 0 24 7 0 0 0 0 0 3 0 0 18 0 0 0 0 0 0 0 0 0 0 0 0 0 15 0 
P1166 2060 6 20 0 0 0 0 0 0 7 0 0 0 0 1 0 0 0 0 0 0 0 0 0 0 0 13 0 0 0 17 0 -999 
P1166 2060 7 0 0 0 0 0 0 0 0 0 0 0 0 0 0 0 0 0 11 0 0 5 0 0 0 0 0 0 0 0 0 0 
P1166 2060 8 0 0 0 0 0 0 0 0 0 8 0 0 0 0 0 0 0 0 0 0 0 0 0 0 0 0 0 0 0 0 0 
P1166 2060 9 0 0 0 0 0 0 0 0 0 0 0 0 0 0 0 0 0 0 11 0 0 0 0 0 0 0 24 0 0 19 -999 
P1166 2060 10 11 0 0 0 0 0 0 0 0 0 0 0 0 0 0 0 0 0 0 0 0 0 0 0 0 0 0 0 0 0 0 
P1166 2060 11 22 0 0 0 0 40 42 32 68 49 23 0 0 0 0 0 111 99 126 68 0 0 0 13 0 0 0 27 0 0 -999 
P1166 2060 12 0 8 0 0 31 77 66 9 0 0 0 6 0 0 0 0 0 12 0 8 0 10 0 21 13 19 23 31 74 0 13 
P1166 2061 1 9 0 20 11 0 0 51 35 27 0 7 8 5 2 0 0 0 0 0 0 26 21 17 10 0 0 2 0 0 2 0 
P1166 2061 2 13 0 0 0 10 0 0 0 0 31 50 31 16 0 18 0 0 0 0 6 0 18 0 0 13 0 0 24 -999 -999 -999 
P1166 2061 3 36 16 5 0 0 0 15 10 40 0 0 0 0 0 0 0 60 0 31 0 21 34 41 66 122 11 0 7 0 0 0 
P1166 2061 4 28 49 69 56 18 8 16 0 0 26 0 30 2 0 0 0 0 0 0 0 0 0 0 0 0 0 0 0 0 0 -999 
P1166 2061 5 10 0 0 0 10 0 0 9 0 0 0 0 0 0 0 0 0 0 7 0 0 0 0 0 0 0 0 0 0 0 0 
P1166 2061 6 0 0 0 0 2 0 0 0 0 0 0 0 0 0 0 0 0 0 0 0 0 0 0 0 0 0 0 0 0 0 -999 
P1166 2061 7 0 0 0 0 0 0 0 0 0 0 0 0 0 0 0 0 0 0 0 0 0 0 12 0 0 0 0 0 0 0 0 
P1166 2061 8 0 0 0 0 0 0 0 0 0 0 0 0 0 0 0 0 0 0 0 0 0 0 0 0 0 0 0 0 0 0 0 
P1166 2061 9 0 0 0 0 0 0 3 0 0 0 0 0 0 0 0 0 0 10 0 0 0 0 16 0 0 34 0 9 0 19 -999 
P1166 2061 10 0 0 0 0 0 0 0 13 12 19 0 0 0 10 36 68 47 34 65 100 0 21 110 105 0 0 0 0 72 0 0 
P1166 2061 11 0 29 0 0 0 0 0 0 36 82 21 0 0 0 17 34 62 0 0 0 0 0 0 3 0 0 6 43 0 0 -999 
P1166 2061 12 7 0 0 3 0 0 0 5 0 5 0 27 0 6 12 0 16 0 11 13 40 63 0 0 0 2 0 0 14 40 20 
P1166 2062 1 6 0 0 0 0 0 0 0 3 0 0 0 0 0 0 0 0 0 0 0 0 0 2 9 0 63 58 44 0 52 38 
P1166 2062 2 0 0 0 46 0 0 0 0 21 15 21 3 0 0 0 0 0 0 0 0 0 35 0 0 0 54 27 10 -999 -999 -999 
P1166 2062 3 0 0 15 23 32 0 4 7 0 0 73 99 162 192 0 0 0 0 0 0 0 0 38 10 4 0 0 0 0 0 0 
P1166 2062 4 0 1 0 0 0 0 0 0 0 0 10 0 2 2 0 0 0 0 0 0 0 0 0 0 0 0 0 29 40 51 -999 
P1166 2062 5 0 0 0 0 0 0 0 22 0 27 8 0 0 0 0 11 0 0 0 0 0 0 0 0 0 0 0 0 0 0 0 
P1166 2062 6 0 0 0 0 0 0 0 0 0 0 0 0 0 0 0 0 12 0 0 0 0 0 0 0 0 0 8 0 0 0 -999 
P1166 2062 7 0 0 0 0 0 0 0 0 0 0 0 0 0 10 0 6 0 0 0 0 0 0 0 0 0 0 0 0 0 0 0 
P1166 2062 8 0 0 0 0 0 0 0 0 0 0 0 0 0 0 0 0 0 0 0 0 0 20 0 0 0 0 0 0 0 0 0 
P1166 2062 9 0 0 0 0 0 0 0 2 0 0 0 0 0 7 0 0 0 0 0 0 0 0 0 0 0 0 13 0 0 0 -999 
P1166 2062 10 0 0 0 71 145 103 38 0 0 15 27 0 0 0 0 0 35 9 0 0 0 0 0 0 0 0 9 0 0 0 0 
P1166 2062 11 0 0 0 0 0 14 0 28 17 0 0 0 0 56 0 11 15 44 36 2 0 14 38 13 8 0 0 0 0 0 -999 
P1166 2062 12 0 22 0 2 0 10 0 0 0 23 26 0 1 0 0 23 38 87 18 0 2 7 0 0 0 0 0 0 0 9 0 
P1166 2063 1 58 61 101 0 20 69 87 184 126 28 15 0 77 81 92 111 73 77 98 48 92 101 50 34 78 44 0 0 18 0 56 
P1166 2063 2 114 35 36 31 0 18 15 0 14 31 85 47 42 79 85 130 0 0 0 0 0 0 0 0 0 7 0 0 -999 -999 -999 
P1166 2063 3 0 0 0 0 0 20 47 0 0 0 0 0 0 48 57 94 0 0 0 0 0 17 12 34 129 0 54 44 50 45 69 
P1166 2063 4 0 0 0 0 78 66 0 41 100 26 0 0 0 0 0 0 16 6 0 0 0 0 0 0 0 0 0 0 0 0 -999 
P1166 2063 5 0 39 23 0 0 0 0 0 0 0 0 0 0 0 0 18 13 0 0 0 0 0 0 0 0 0 0 0 0 0 9 
P1166 2063 6 0 0 0 0 0 0 0 0 0 0 0 0 0 0 0 0 9 0 0 0 0 0 0 0 0 0 0 0 0 0 -999 
P1166 2063 7 0 0 0 0 0 0 0 0 0 0 0 0 0 0 0 0 0 0 0 0 0 0 0 0 0 0 0 0 0 0 0 
P1166 2063 8 0 0 0 0 0 0 0 0 0 0 0 0 0 0 0 0 0 0 0 0 0 0 0 0 15 0 0 0 0 0 0 
P1166 2063 9 0 0 0 0 0 0 0 0 0 0 0 0 0 0 0 0 0 14 0 0 0 0 16 0 0 0 0 0 0 0 -999 
P1166 2063 10 0 0 0 0 0 0 0 0 0 0 12 0 65 108 27 11 0 0 0 0 0 0 0 0 0 14 5 0 0 0 0 
P1166 2063 11 0 4 0 0 0 0 0 0 0 0 0 0 21 32 0 0 0 0 0 0 45 0 0 0 0 0 0 0 0 1 -999 
P1166 2063 12 0 2 0 0 0 0 0 0 0 0 0 5 4 0 16 0 0 0 0 0 0 0 0 0 0 0 0 0 0 0 0 
P1166 2064 1 0 0 0 0 0 0 0 0 0 0 0 0 6 7 0 66 8 0 0 0 0 0 0 0 13 28 0 13 12 25 16 
P1166 2064 2 17 43 31 20 16 15 9 0 0 0 0 0 2 0 0 0 0 0 0 0 0 0 0 0 0 0 0 0 -999 -999 -999 
P1166 2064 3 15 0 0 0 0 0 0 44 59 57 0 0 18 0 63 0 0 0 31 46 0 0 0 0 25 63 33 0 0 0 0 
P1166 2064 4 0 0 0 75 0 23 0 32 19 0 0 0 0 17 0 24 0 0 0 17 0 18 0 0 38 33 0 0 0 0 -999 
P1166 2064 5 15 0 0 0 0 0 24 0 9 0 0 0 0 0 0 0 0 0 12 16 0 0 0 0 0 0 0 0 0 0 0 
P1166 2064 6 0 0 0 0 0 0 0 0 0 0 0 0 0 0 0 0 0 0 0 0 0 0 0 8 0 0 0 7 0 0 -999 
P1166 2064 7 0 0 0 0 0 0 0 0 10 15 0 0 0 0 0 0 0 0 0 0 0 0 0 0 0 0 0 0 0 0 0 
P1166 2064 8 0 0 0 0 0 0 0 0 0 0 0 0 0 0 0 0 0 0 0 0 0 0 0 0 0 0 0 0 0 0 0 
P1166 2064 9 0 0 0 11 0 0 0 0 0 0 0 0 0 0 0 0 0 0 0 0 0 32 0 0 0 0 0 0 0 6 -999 
P1166 2064 10 0 0 0 0 0 0 0 41 23 0 0 0 0 0 4 0 0 0 0 0 0 0 7 0 0 0 0 13 0 24 0 
P1166 2064 11 9 0 0 0 0 0 0 0 0 0 0 0 26 94 0 0 0 0 0 0 7 0 0 0 0 0 0 24 13 0 -999 
P1166 2064 12 0 29 0 49 85 83 85 158 184 53 19 0 0 0 0 18 0 0 0 0 0 0 0 0 0 0 3 1 0 0 0 
P1166 2065 1 0 0 0 13 15 0 0 0 23 34 0 37 0 77 0 18 0 0 0 0 5 0 0 0 0 0 0 0 0 32 45 
P1166 2065 2 24 0 0 0 0 6 0 0 5 0 0 34 0 82 71 93 92 95 79 71 11 0 0 0 20 0 0 0 -999 -999 -999 
P1166 2065 3 0 0 0 0 0 0 0 0 0 0 0 0 9 0 0 0 0 0 0 0 0 0 8 0 0 25 0 28 5 0 5 
P1166 2065 4 0 0 0 15 0 56 0 0 1 0 0 0 0 0 0 0 0 0 0 0 0 0 0 0 0 0 0 0 0 0 -999 
P1166 2065 5 7 0 0 0 0 0 0 0 0 0 0 0 0 0 0 0 0 0 0 0 0 0 0 0 0 9 0 0 0 0 0 
P1166 2065 6 0 0 5 0 0 0 0 0 0 0 0 0 0 0 0 0 0 0 0 0 9 0 0 3 0 0 0 0 0 0 -999 
P1166 2065 7 0 0 0 0 0 0 0 0 0 0 0 0 0 0 0 0 0 0 0 0 0 0 0 0 0 0 0 0 0 0 0 
P1166 2065 8 0 0 0 0 0 0 0 0 0 0 0 0 0 0 0 0 0 6 0 0 0 0 0 0 0 0 0 0 0 0 0 
P1166 2065 9 0 0 0 0 0 0 0 0 0 0 0 0 0 0 0 0 0 0 0 0 0 0 0 0 20 0 0 4 6 0 -999 
P1166 2065 10 0 0 0 0 0 0 0 29 25 28 0 0 0 0 35 29 0 0 0 56 0 0 66 0 0 47 73 0 52 69 0 
P1166 2065 11 0 2 0 0 0 0 0 0 0 0 0 0 0 0 0 0 0 5 0 0 56 53 16 0 15 0 50 0 0 0 -999 
P1166 2065 12 0 8 0 0 0 0 0 0 0 0 28 94 46 17 0 34 21 30 51 85 55 133 119 198 237 275 172 0 0 0 0 
P1166 2066 1 0 0 0 4 0 9 0 0 0 38 64 122 37 37 73 43 0 28 113 36 0 82 59 0 0 0 0 14 0 0 0 
P1166 2066 2 28 0 0 0 18 19 0 16 37 23 25 0 13 0 0 0 0 0 0 6 0 0 3 5 102 57 28 39 -999 -999 -999 
P1166 2066 3 0 6 0 0 0 17 64 0 0 0 0 0 0 0 0 0 0 0 0 0 0 0 0 0 16 0 0 0 0 0 0 
P1166 2066 4 0 0 0 0 0 0 0 24 6 0 0 0 13 15 0 0 0 0 0 14 0 6 0 6 0 0 0 0 77 49 -999 
P1166 2066 5 11 5 0 0 0 16 0 17 0 0 9 0 0 0 0 0 0 0 29 15 0 0 0 0 0 0 3 0 0 0 0 
P1166 2066 6 0 0 0 0 0 0 0 0 0 0 0 0 0 0 0 0 0 0 0 0 0 0 0 0 0 0 0 0 0 0 -999 
P1166 2066 7 0 0 0 0 0 0 0 0 0 0 0 0 0 0 0 0 0 0 0 0 0 0 0 0 0 0 0 0 0 0 0 
P1166 2066 8 0 0 0 0 0 0 0 0 0 0 0 0 0 0 0 0 0 0 0 0 6 0 0 0 23 0 0 0 0 0 0 
P1166 2066 9 0 0 1 0 0 0 0 0 0 0 0 0 0 0 0 0 0 0 0 0 0 0 0 0 0 29 0 0 0 0 -999 
P1166 2066 10 0 16 12 4 0 0 0 0 0 0 0 0 5 0 0 0 0 0 0 0 0 0 0 0 0 0 0 0 0 0 0 
P1166 2066 11 0 0 7 26 68 0 28 29 22 0 23 28 44 8 0 0 0 0 0 0 0 0 0 0 0 6 0 0 0 0 -999 
P1166 2066 12 0 0 18 0 0 0 0 0 0 0 0 0 11 51 109 0 217 207 104 50 26 0 6 5 5 0 0 15 22 76 75 
P1166 2067 1 22 114 34 0 18 25 18 0 0 27 43 36 39 34 75 58 59 0 44 123 90 0 79 88 128 110 146 0 18 31 76 
P1166 2067 2 88 48 134 51 0 0 62 59 24 53 67 14 40 0 0 11 13 64 109 62 105 55 35 0 0 117 93 9 -999 -999 -999 
P1166 2067 3 0 0 16 0 0 0 0 0 0 0 17 22 68 19 0 0 0 0 0 0 6 0 0 0 0 5 0 0 0 0 4 
P1166 2067 4 0 0 0 0 36 0 0 0 10 0 0 0 0 0 0 17 0 12 0 13 20 13 26 24 15 10 0 0 0 0 -999 
P1166 2067 5 0 0 0 0 13 0 0 0 0 0 23 0 0 0 0 0 9 0 0 28 13 0 0 0 10 0 11 8 0 21 0 
P1166 2067 6 0 0 25 0 0 0 0 0 0 0 0 0 8 0 0 12 0 0 8 0 0 0 0 0 0 0 0 0 0 0 -999 
P1166 2067 7 0 0 0 0 0 0 0 0 0 0 0 0 0 0 0 0 0 0 0 0 0 0 0 0 0 0 0 0 0 0 0 
P1166 2067 8 0 0 0 0 0 0 0 0 0 0 0 0 0 0 0 0 0 0 4 0 0 0 0 0 0 0 0 0 0 0 0 
P1166 2067 9 0 0 5 0 0 0 0 0 0 0 0 0 0 0 20 0 0 0 0 0 0 0 0 0 0 0 0 0 0 4 -999 
P1166 2067 10 0 0 0 0 0 0 0 0 0 0 0 0 0 0 0 6 0 0 0 0 0 0 0 0 0 0 0 0 0 0 0 
P1166 2067 11 35 0 0 0 12 17 0 0 0 0 0 0 0 0 0 11 0 0 0 4 0 0 9 23 27 0 0 0 9 26 -999 
P1166 2067 12 0 0 27 0 43 13 0 0 0 0 18 18 35 0 0 0 9 0 0 0 0 0 0 0 0 15 63 0 0 4 0 
P1166 2068 1 0 0 4 18 44 110 94 27 30 0 0 0 0 0 0 0 0 0 0 0 0 0 1 0 28 24 10 8 13 18 10 
P1166 2068 2 0 0 0 0 0 23 0 11 0 11 25 26 12 0 0 0 0 0 0 0 0 16 0 5 4 9 0 34 -999 -999 -999 
P1166 2068 3 20 46 33 36 131 124 0 19 66 35 0 0 25 0 0 0 72 113 41 0 12 0 60 0 0 17 0 0 0 0 0 
P1166 2068 4 56 37 15 0 5 0 0 68 50 40 18 10 0 11 0 0 1 0 0 0 0 0 0 0 7 0 9 0 7 0 -999 
P1166 2068 5 0 0 17 0 15 0 0 0 13 9 0 18 46 0 15 0 0 0 0 0 0 0 7 0 0 10 0 18 0 12 0 
P1166 2068 6 20 0 0 21 0 0 16 0 0 0 0 0 0 0 0 0 0 0 0 0 0 0 0 0 0 0 0 0 0 0 -999 
P1166 2068 7 0 0 0 0 0 0 0 0 0 0 0 0 0 0 0 0 0 0 0 0 0 0 0 0 0 0 0 0 0 0 0 
P1166 2068 8 0 0 0 0 0 0 0 0 0 0 0 0 0 10 0 0 0 0 0 0 0 0 0 0 0 0 16 0 0 0 0 
P1166 2068 9 0 0 0 0 0 0 0 0 0 0 0 15 0 0 0 18 0 0 0 0 0 3 0 0 0 0 0 0 0 0 -999 
P1166 2068 10 0 0 0 0 0 0 0 0 0 19 0 0 0 0 0 0 0 0 0 0 0 0 0 0 0 0 0 0 0 0 0 
P1166 2068 11 0 0 0 0 0 5 0 0 0 0 6 5 0 0 0 0 0 0 0 0 32 0 0 0 5 0 0 0 0 0 -999 
P1166 2068 12 0 0 0 0 0 0 39 72 35 31 13 6 29 86 0 0 0 0 11 0 12 13 25 28 72 0 0 8 0 20 0 
P1166 2069 1 39 68 0 0 0 0 0 0 0 0 8 14 7 0 0 0 0 0 0 0 0 9 0 0 0 4 12 41 48 0 0 
P1166 2069 2 0 0 36 0 132 27 36 79 95 9 0 0 0 0 0 0 0 0 30 0 50 21 0 0 0 32 27 0 -999 -999 -999 
P1166 2069 3 40 20 0 0 0 24 0 0 0 0 24 12 0 0 0 0 0 0 0 0 0 0 0 0 0 0 25 33 44 24 50 
P1166 2069 4 26 28 0 0 0 7 13 0 0 28 0 0 0 0 0 0 0 0 0 0 12 0 10 0 0 17 0 0 0 0 -999 
P1166 2069 5 0 0 0 15 0 0 0 0 0 0 0 0 0 0 0 0 0 17 17 0 0 21 0 0 0 9 0 0 0 0 0 
P1166 2069 6 0 9 0 0 0 0 0 0 0 0 0 0 0 0 0 0 0 0 0 0 0 0 0 0 0 0 0 0 0 0 -999 
P1166 2069 7 0 0 6 0 0 0 0 0 0 0 0 0 0 0 0 0 0 0 0 0 0 6 0 0 0 0 0 0 0 0 0 
P1166 2069 8 0 0 0 0 0 0 0 0 9 0 0 0 0 0 0 0 0 0 0 0 0 0 0 0 0 6 0 0 0 0 0 
P1166 2069 9 0 0 0 0 0 0 0 0 0 0 0 0 0 0 0 0 0 0 0 0 0 0 0 0 0 0 0 0 0 0 -999 
P1166 2069 10 0 0 7 0 0 0 0 0 0 0 0 0 0 5 19 0 19 51 83 93 39 0 0 0 0 0 52 78 87 0 0 
P1166 2069 11 0 0 18 42 21 15 50 84 71 0 0 0 27 0 0 0 0 0 0 0 0 53 0 0 0 0 0 10 0 0 -999 
P1166 2069 12 0 0 0 0 17 0 0 0 0 9 4 0 0 0 0 0 0 0 0 2 10 30 30 11 0 0 0 0 71 0 0 
P1166 2070 1 0 13 55 0 0 0 108 169 130 43 62 26 0 0 0 0 0 0 0 0 7 0 0 18 0 2 0 0 2 7 0 
P1166 2070 2 0 0 0 0 0 0 0 0 0 0 0 0 0 0 0 9 0 0 8 0 0 23 28 50 35 102 82 22 -999 -999 -999 
P1166 2070 3 0 0 0 0 0 0 0 0 0 0 0 0 0 0 78 0 28 0 82 98 159 0 28 0 0 18 0 0 0 0 15 
P1166 2070 4 0 0 0 0 9 0 0 0 68 36 22 13 19 37 27 29 22 31 15 7 0 0 28 0 15 0 25 20 0 0 -999 
P1166 2070 5 0 0 22 66 73 116 0 28 24 23 0 0 0 14 0 17 0 20 0 0 0 0 0 0 0 6 0 0 0 0 0 
P1166 2070 6 0 0 0 0 0 0 0 0 0 0 16 0 0 0 0 0 0 0 0 0 0 0 0 0 0 0 0 0 0 0 -999 
P1166 2070 7 0 0 0 0 0 0 0 0 0 0 0 0 0 0 0 0 0 0 0 0 0 0 6 0 0 0 0 0 4 0 0 
P1166 2070 8 0 0 0 0 0 0 0 0 0 0 0 0 0 0 0 0 0 0 0 0 0 0 0 0 0 0 0 0 0 0 4 
P1166 2070 9 9 0 0 0 0 0 0 0 0 0 0 0 0 0 0 0 0 0 10 0 0 0 0 0 0 0 0 0 0 11 -999 
P1166 2070 10 19 0 0 0 0 0 0 0 0 0 0 0 60 23 25 31 64 135 43 0 0 6 0 0 0 9 0 0 0 0 0 
P1166 2070 11 0 0 0 0 0 0 0 0 5 0 0 0 3 0 0 0 0 6 0 0 15 12 14 0 0 0 15 76 64 0 -999 
P1166 2070 12 22 55 27 9 8 0 0 0 34 23 64 16 42 0 0 0 29 0 40 55 0 77 63 0 0 40 0 0 99 119 0 
P1166 2071 1 0 0 0 28 41 14 0 18 41 85 57 0 76 36 14 26 42 0 0 0 0 8 6 12 19 55 73 42 25 0 0 
P1166 2071 2 8 11 0 3 18 51 30 12 23 40 47 53 37 18 35 46 51 23 0 29 0 0 0 0 0 0 0 0 -999 -999 -999 
P1166 2071 3 0 0 0 0 0 0 0 0 33 32 0 0 0 49 30 0 15 0 0 0 0 0 0 0 0 0 0 0 0 0 0 
P1166 2071 4 30 54 49 20 0 0 0 0 0 0 0 13 0 0 16 0 0 0 0 0 0 27 0 20 33 23 21 14 0 0 -999 
P1166 2071 5 14 0 0 0 0 0 0 27 26 22 14 11 0 0 0 0 0 0 0 0 0 16 0 0 0 0 0 0 12 0 0 
P1166 2071 6 0 0 15 0 0 5 0 0 16 0 0 0 0 45 0 5 0 0 0 0 0 0 0 0 0 5 0 0 0 0 -999 
P1166 2071 7 0 23 0 0 0 14 0 0 0 0 0 0 0 0 0 0 0 0 0 0 0 0 0 0 0 0 0 0 0 0 0 
P1166 2071 8 0 0 0 0 0 0 0 0 0 0 0 0 0 0 0 0 0 0 0 0 0 0 0 0 0 0 0 0 0 0 0 
P1166 2071 9 0 0 0 0 0 0 0 0 0 0 0 0 0 0 0 0 0 0 4 0 0 0 0 0 0 0 23 31 0 0 -999 
P1166 2071 10 0 0 0 0 0 0 0 0 0 14 11 0 0 0 0 51 63 17 17 0 0 0 28 0 0 0 0 43 42 0 68 
P1166 2071 11 0 64 91 72 0 15 17 0 0 0 0 0 0 0 0 0 0 0 0 26 23 21 0 0 32 21 0 0 0 0 -999 
P1166 2071 12 0 0 25 0 35 116 111 71 81 162 130 137 96 86 38 61 90 86 33 0 0 0 87 139 43 142 48 0 0 25 72 
P1166 2072 1 47 0 7 0 11 15 0 0 0 0 0 0 0 0 4 0 14 15 17 0 39 17 0 16 0 0 46 6 28 0 0 
P1166 2072 2 88 36 39 0 37 0 0 0 2 0 0 0 0 0 0 0 0 8 41 0 0 0 0 0 9 9 0 0 -999 -999 -999 
P1166 2072 3 0 5 0 0 0 0 0 0 0 0 0 0 0 7 0 0 0 0 0 0 0 0 0 31 17 0 17 0 31 0 0 
P1166 2072 4 0 0 0 0 0 0 0 0 0 0 0 0 0 5 0 0 0 0 0 0 0 8 18 0 0 0 0 0 29 30 -999 
P1166 2072 5 0 0 7 0 0 25 11 0 0 31 14 0 27 0 0 0 11 17 0 0 0 0 7 7 10 0 0 0 0 0 0 
P1166 2072 6 0 0 0 0 0 0 0 0 19 0 0 0 0 0 0 0 0 0 0 0 0 0 0 0 0 0 0 0 0 0 -999 
P1166 2072 7 0 0 15 0 0 0 0 0 0 0 0 0 0 0 0 0 8 0 0 0 0 0 0 0 0 0 0 0 0 0 0 
P1166 2072 8 0 0 0 0 0 0 0 0 0 0 0 0 0 0 0 0 0 0 0 0 0 0 0 0 0 0 0 0 0 0 0 
P1166 2072 9 0 0 0 0 0 0 0 0 0 0 0 0 0 0 0 0 0 0 0 0 0 0 0 0 0 0 0 0 0 0 -999 
P1166 2072 10 5 0 0 0 0 12 0 0 0 7 0 6 0 0 20 25 0 21 0 0 0 10 0 3 0 0 0 0 0 0 0 
P1166 2072 11 0 0 0 0 0 22 0 1 0 0 23 0 0 39 0 0 0 0 27 38 0 0 0 0 25 27 46 0 6 0 -999 
P1166 2072 12 5 24 32 22 0 0 0 0 0 0 0 0 0 9 0 0 33 0 0 21 85 34 0 20 59 73 0 6 0 37 0 
P1166 2073 1 0 0 0 0 0 0 0 0 0 0 0 0 0 0 0 20 6 0 32 0 52 34 0 0 0 7 12 0 0 0 0 
P1166 2073 2 52 109 88 0 0 0 0 0 0 0 0 0 0 0 0 0 0 0 16 2 0 0 0 0 20 54 0 0 -999 -999 -999 
P1166 2073 3 75 19 6 5 0 25 31 43 52 43 23 25 37 0 0 0 0 0 11 0 32 23 4 22 31 25 87 144 152 0 0 
P1166 2073 4 10 0 0 0 0 0 0 22 12 0 28 0 34 0 0 0 0 0 0 17 0 17 0 0 88 47 35 18 0 4 -999 
P1166 2073 5 0 16 0 0 0 0 0 0 0 0 0 0 0 0 0 65 0 0 0 0 0 0 0 0 0 0 0 10 0 0 0 
P1166 2073 6 0 0 0 0 0 0 0 0 0 0 0 0 0 0 0 0 0 0 0 0 10 0 0 0 0 0 0 0 0 17 -999 
P1166 2073 7 0 0 0 0 0 0 0 0 0 0 0 0 0 0 0 0 0 0 0 0 0 0 0 0 0 11 0 0 0 0 0 
P1166 2073 8 0 0 0 0 0 0 0 0 0 0 0 0 0 0 0 0 0 0 0 0 0 0 0 0 0 0 0 0 0 0 0 
P1166 2073 9 0 0 0 0 0 0 0 0 0 14 0 0 0 0 0 0 0 0 0 0 0 0 0 25 15 0 0 0 0 0 -999 
P1166 2073 10 0 7 0 0 0 0 0 30 26 0 0 0 0 0 0 0 0 0 0 0 0 0 0 0 0 0 0 0 0 0 0 
P1166 2073 11 17 0 11 0 0 0 0 0 0 0 0 0 0 0 30 0 18 28 110 80 90 117 0 14 19 19 26 8 0 0 -999 
P1166 2073 12 0 0 0 0 0 0 0 0 0 0 0 0 28 0 0 0 0 0 26 0 0 20 0 11 0 0 0 0 111 181 442 
P1166 2074 1 136 31 48 0 186 116 56 0 83 94 63 39 0 0 0 0 0 0 0 5 0 0 0 0 0 0 0 0 0 0 0 
P1166 2074 2 0 0 0 0 0 0 0 0 10 0 17 18 32 24 22 28 47 28 18 36 0 25 0 0 19 0 101 141 -999 -999 -999 
P1166 2074 3 97 16 11 14 0 0 49 24 0 11 0 0 38 0 0 0 0 0 0 12 0 73 0 0 30 0 0 0 0 0 0 
P1166 2074 4 0 0 0 0 0 0 0 13 0 0 0 0 0 31 0 59 0 23 0 0 0 5 6 0 0 0 0 12 0 5 -999 
P1166 2074 5 0 0 0 0 0 0 0 0 0 0 0 34 0 26 33 23 22 25 0 14 0 10 0 8 6 0 0 0 0 0 0 
P1166 2074 6 0 0 0 23 0 0 0 0 0 0 0 0 6 0 3 0 0 0 0 0 0 0 0 0 0 0 0 0 0 0 -999 
P1166 2074 7 0 0 0 0 0 0 0 0 0 0 0 0 0 0 0 0 0 0 0 0 0 0 0 0 0 0 0 0 0 0 0 
P1166 2074 8 0 0 0 0 0 0 0 0 0 0 0 0 0 0 0 0 0 0 0 0 0 0 0 0 0 0 0 0 0 0 0 
P1166 2074 9 0 0 0 10 0 0 0 0 0 0 0 0 0 0 0 0 0 0 0 0 0 0 0 0 0 0 0 0 0 0 -999 
P1166 2074 10 0 0 0 0 0 0 0 0 0 0 0 0 0 0 0 6 0 0 0 0 0 0 45 0 0 0 0 0 0 11 0 
P1166 2074 11 0 0 0 20 0 0 0 13 18 0 0 0 0 0 24 0 0 0 0 0 0 0 0 0 0 6 0 12 0 0 -999 
P1166 2074 12 0 0 0 0 0 0 0 0 0 0 46 50 50 0 8 0 0 0 0 0 0 0 0 0 0 0 0 0 9 35 8 
P1166 2075 1 0 0 0 0 0 0 0 0 0 18 0 20 0 0 32 20 0 0 0 0 0 18 22 27 16 5 0 0 0 0 0 
P1166 2075 2 0 0 23 48 0 75 57 105 129 67 138 185 160 29 13 0 0 0 0 31 0 0 0 50 63 0 0 0 -999 -999 -999 
P1166 2075 3 0 26 0 5 4 0 0 0 0 0 0 0 0 0 10 0 36 40 34 0 0 50 29 0 39 23 16 9 0 0 0 
P1166 2075 4 24 19 31 23 0 0 98 102 0 22 0 0 0 0 4 0 0 0 0 62 0 24 0 0 0 9 0 7 0 0 -999 
P1166 2075 5 0 0 0 31 0 8 0 0 0 0 0 0 0 0 0 0 5 0 0 0 0 0 0 0 0 0 0 0 11 0 0 
P1166 2075 6 0 0 0 15 0 0 0 0 0 0 0 0 0 0 0 0 0 0 0 0 0 0 0 0 0 0 0 0 0 0 -999 
P1166 2075 7 0 0 0 0 0 0 0 0 0 0 0 0 0 0 0 0 0 0 10 0 0 0 0 0 0 0 0 0 0 0 0 
P1166 2075 8 0 0 0 0 0 0 0 0 0 0 0 0 0 0 0 0 0 0 0 0 0 0 0 0 0 0 0 0 0 0 0 
P1166 2075 9 0 0 0 0 0 0 0 0 0 0 0 0 0 0 0 0 0 0 0 0 0 0 0 0 0 10 0 0 0 0 -999 
P1166 2075 10 17 21 26 47 0 0 0 78 0 27 0 0 0 0 0 3 0 0 0 0 0 0 0 0 0 20 0 0 0 92 0 
P1166 2075 11 0 0 0 0 35 0 0 48 16 0 11 0 0 0 117 66 15 22 0 0 0 45 0 0 0 0 0 0 0 6 -999 
P1166 2075 12 0 0 0 48 25 17 0 87 39 16 0 24 0 68 57 28 15 14 0 0 12 0 0 0 0 0 0 0 0 0 0 
P1166 2076 1 0 0 0 0 0 13 0 0 0 6 0 0 0 4 0 0 0 0 0 0 0 0 0 0 0 0 0 0 0 0 0 
P1166 2076 2 79 36 0 0 0 0 0 0 0 0 0 0 0 0 3 0 0 5 7 22 21 0 0 0 0 0 0 0 -999 -999 -999 
P1166 2076 3 26 26 0 0 0 25 0 40 0 32 28 14 0 0 0 0 0 0 0 0 0 17 21 17 0 0 0 0 0 0 0 
P1166 2076 4 0 7 0 0 0 0 0 0 0 0 11 0 0 16 0 38 22 0 0 25 0 0 0 0 0 24 0 12 0 0 -999 
P1166 2076 5 33 0 0 7 15 0 0 0 0 0 0 0 0 24 0 0 13 0 0 0 0 0 3 0 0 0 0 0 0 0 9 
P1166 2076 6 0 0 0 0 0 0 0 0 0 0 0 0 0 0 0 0 0 0 0 0 0 0 0 0 0 0 0 0 0 0 -999 
P1166 2076 7 0 0 0 0 0 0 0 0 0 0 0 0 0 0 0 0 0 0 0 0 0 0 0 0 0 0 0 0 0 0 0 
P1166 2076 8 0 0 0 0 0 0 0 0 0 0 0 0 0 0 0 0 0 0 0 0 0 0 0 0 0 0 0 0 0 0 21 
P1166 2076 9 0 0 7 0 0 0 0 0 4 6 0 0 0 0 0 0 0 6 0 0 0 0 0 7 0 0 0 7 0 0 -999 
P1166 2076 10 0 0 0 0 36 0 0 0 0 0 0 0 0 0 0 0 0 0 0 0 0 0 0 0 0 0 0 84 0 0 0 
P1166 2076 11 0 0 0 0 0 0 0 0 0 6 0 0 0 0 12 0 0 11 0 28 19 0 0 9 1 0 0 52 0 0 -999 
P1166 2076 12 0 0 0 0 1 0 0 14 44 38 45 51 0 0 0 18 0 0 3 0 0 0 0 0 10 10 26 35 26 17 16 
P1166 2077 1 0 0 0 0 0 0 0 0 19 0 0 0 0 0 0 0 0 0 0 0 0 0 0 0 0 7 0 0 0 0 0 
P1166 2077 2 0 34 42 44 17 21 68 34 0 50 17 0 0 0 0 30 48 57 92 41 23 0 8 21 35 24 0 0 -999 -999 -999 
P1166 2077 3 0 0 0 0 23 40 57 53 0 23 0 19 0 9 0 0 0 0 0 0 38 67 45 28 12 9 4 0 0 0 0 
P1166 2077 4 0 13 0 0 0 0 0 0 0 0 0 0 0 7 0 0 0 25 24 0 0 0 12 0 0 26 0 16 0 0 -999 
P1166 2077 5 0 0 0 0 0 0 0 0 0 32 0 0 0 0 0 4 0 0 0 17 0 0 0 0 0 0 0 0 0 0 0 
P1166 2077 6 0 31 41 31 25 24 0 0 0 0 0 6 0 0 0 0 0 0 0 0 0 0 0 0 0 0 0 0 0 0 -999 
P1166 2077 7 0 0 0 0 0 0 0 0 0 0 0 0 0 0 0 0 0 0 0 0 0 0 0 0 0 0 0 0 0 0 0 
P1166 2077 8 0 0 0 0 0 0 0 0 0 0 0 0 0 0 0 2 0 0 11 0 0 0 0 0 0 0 0 0 0 0 0 
P1166 2077 9 0 0 0 0 0 0 0 0 0 14 0 0 0 0 0 0 0 0 0 0 0 19 0 0 0 0 0 0 0 0 -999 
P1166 2077 10 0 0 21 0 0 0 0 0 0 9 0 6 0 0 0 0 0 0 25 0 0 40 69 0 0 0 0 0 46 22 0 
P1166 2077 11 0 0 16 0 7 0 0 0 84 59 39 0 0 0 62 30 39 0 0 34 23 0 41 0 0 0 0 0 0 0 -999 
P1166 2077 12 65 83 85 50 26 60 86 107 15 0 100 0 0 0 0 0 0 0 0 0 0 0 0 0 0 14 16 6 0 0 16 
P1166 2078 1 109 185 143 126 86 92 21 28 95 82 0 0 84 34 91 61 0 0 19 0 0 13 0 0 0 0 0 1 3 0 0 
P1166 2078 2 0 0 0 0 0 0 0 0 0 0 0 0 0 0 0 5 0 0 5 8 0 0 23 13 58 110 42 0 -999 -999 -999 
P1166 2078 3 0 0 16 0 0 0 0 76 0 0 0 0 16 38 68 59 92 98 72 74 56 35 33 70 23 21 0 16 0 9 0 
P1166 2078 4 0 41 0 0 0 0 0 14 0 21 0 0 0 0 0 0 0 15 0 0 0 0 0 0 0 0 16 0 0 0 -999 
P1166 2078 5 0 61 0 18 0 6 0 0 0 21 0 0 0 0 0 0 0 40 25 0 0 0 0 3 6 0 0 0 0 0 0 
P1166 2078 6 0 0 0 0 0 0 0 0 0 0 0 0 0 0 15 0 0 0 0 0 0 0 0 0 0 0 0 0 0 0 -999 
P1166 2078 7 0 0 0 0 0 0 0 0 0 0 0 0 0 0 0 0 0 0 0 0 0 0 0 0 0 0 0 0 0 6 0 
P1166 2078 8 0 0 0 0 0 0 0 0 0 0 9 0 0 0 11 0 0 0 0 0 0 0 0 0 0 0 0 0 0 0 0 
P1166 2078 9 0 0 0 0 0 0 0 0 0 0 0 0 0 0 0 13 16 0 0 0 0 0 0 0 0 0 0 0 0 0 -999 
P1166 2078 10 0 0 0 0 0 0 0 0 0 47 4 0 0 38 0 0 50 47 0 29 51 0 0 0 0 0 0 0 0 17 11 
P1166 2078 11 29 0 0 0 0 0 0 0 0 0 0 0 0 0 0 16 26 52 33 9 0 0 4 6 9 0 0 0 0 0 -999 
P1166 2078 12 0 0 3 4 0 0 0 0 0 15 55 22 0 0 0 0 17 12 0 0 0 29 0 29 12 73 128 49 29 221 203 
P1166 2079 1 0 8 36 38 0 0 0 0 0 0 0 0 0 0 0 0 0 0 0 0 0 16 5 0 0 0 0 0 0 0 0 
P1166 2079 2 0 0 0 0 0 5 0 0 0 0 0 0 0 0 1 0 0 3 0 0 0 0 16 45 39 0 0 0 -999 -999 -999 
P1166 2079 3 13 0 0 14 0 14 0 0 0 0 0 0 0 0 0 0 0 0 0 0 0 5 0 6 0 0 0 2 0 0 0 
P1166 2079 4 0 0 19 21 32 0 0 0 0 0 0 0 0 0 24 24 19 12 10 0 17 0 0 26 19 0 0 0 0 0 -999 
P1166 2079 5 0 0 0 0 0 26 3 6 0 0 0 0 0 0 0 0 0 0 0 0 0 0 0 0 0 0 0 0 0 0 0 
P1166 2079 6 0 0 0 0 0 0 0 0 0 0 0 0 0 7 0 0 0 0 0 0 0 0 0 0 0 0 0 22 0 0 -999 
P1166 2079 7 0 0 0 0 0 0 0 0 0 0 0 0 0 0 0 0 0 0 0 0 0 0 0 0 0 0 0 0 0 0 0 
P1166 2079 8 0 0 0 0 0 0 0 0 0 0 0 0 0 0 0 0 0 0 0 0 0 0 0 0 0 0 0 0 0 0 0 
P1166 2079 9 0 0 0 0 0 0 0 0 0 7 13 0 0 0 0 0 0 0 0 0 0 0 0 0 0 0 0 0 0 0 -999 
P1166 2079 10 9 0 0 0 0 0 0 0 0 0 0 1 0 0 0 0 0 14 0 44 30 0 27 15 0 0 0 0 0 0 0 
P1166 2079 11 0 0 0 0 45 66 57 34 0 0 0 0 0 0 50 63 63 105 58 0 0 16 27 19 27 22 0 0 0 4 -999 
P1166 2079 12 7 32 33 23 0 20 0 0 0 0 0 0 0 0 0 0 0 0 0 0 0 0 0 0 0 0 0 0 0 0 0 
P1166 2080 1 0 9 0 0 0 0 0 0 0 0 0 17 0 13 0 0 0 0 0 0 0 0 0 0 0 0 0 0 0 0 0 
P1166 2080 2 0 4 5 5 13 7 0 26 73 135 145 114 97 36 0 0 0 0 57 91 74 0 0 0 2 0 0 29 -999 -999 -999 
P1166 2080 3 42 49 0 40 30 40 49 55 102 103 89 82 35 0 0 0 0 0 0 0 0 0 0 0 0 0 0 9 0 0 0 
P1166 2080 4 0 0 0 0 0 0 0 0 44 19 22 0 8 6 0 2 0 0 0 0 0 30 0 27 0 0 19 12 0 0 -999 
P1166 2080 5 0 8 0 0 0 0 0 0 0 0 0 0 0 21 0 0 0 0 0 0 0 0 0 0 0 0 0 0 0 0 0 
P1166 2080 6 28 9 0 0 0 0 0 0 0 0 0 0 0 0 0 0 0 13 0 0 0 0 0 0 0 0 0 0 0 7 -999 
P1166 2080 7 0 0 3 0 0 0 0 0 0 0 0 0 0 0 10 9 0 0 0 0 8 0 0 0 0 0 0 0 0 0 0 
P1166 2080 8 0 0 0 0 0 0 0 0 0 0 0 0 0 0 0 0 0 0 0 0 0 0 0 0 0 0 0 0 0 0 0 
P1166 2080 9 0 0 0 0 0 0 0 0 0 0 0 0 11 0 0 0 0 0 0 0 0 0 0 0 0 28 0 0 0 0 -999 
P1166 2080 10 0 30 36 0 70 57 0 71 48 44 0 0 49 23 39 15 0 0 0 9 0 0 0 0 0 0 0 0 0 0 0 
P1166 2080 11 0 31 0 18 0 0 0 0 16 19 0 0 0 0 0 11 0 13 0 5 0 0 0 5 0 0 0 0 0 19 -999 
P1166 2080 12 0 48 83 108 109 101 163 111 60 0 0 0 0 0 9 0 0 0 0 0 0 0 0 0 0 74 16 7 0 0 46 
P1166 2081 1 93 110 172 93 60 0 0 0 0 0 0 0 0 0 47 20 22 0 0 135 119 67 50 0 23 33 55 21 34 12 0 
P1166 2081 2 0 0 22 0 0 0 70 0 23 0 0 0 0 0 0 0 0 14 0 29 13 0 33 70 46 0 0 0 -999 -999 -999 
P1166 2081 3 14 16 0 87 32 30 0 0 0 0 0 0 26 0 25 0 48 116 76 89 71 123 0 0 13 0 41 29 0 43 68 
P1166 2081 4 70 24 22 0 0 0 0 0 0 0 37 0 0 0 25 23 0 0 0 0 0 0 22 0 44 23 0 55 39 87 -999 
P1166 2081 5 56 0 0 33 45 0 10 28 0 68 0 0 26 38 33 18 0 4 0 0 17 0 0 0 0 0 0 0 0 0 0 
P1166 2081 6 19 0 0 0 0 0 6 3 0 0 6 0 0 0 0 0 0 0 22 0 0 0 0 0 0 0 0 0 9 0 -999 
P1166 2081 7 0 0 14 15 0 0 0 0 0 0 0 0 0 0 0 0 0 0 0 0 0 0 0 0 0 0 0 0 0 0 0 
P1166 2081 8 0 0 0 0 0 0 0 0 0 0 0 0 0 0 0 0 0 0 0 0 0 0 0 0 0 0 0 0 0 0 0 
P1166 2081 9 0 0 0 0 0 0 0 0 0 0 0 0 0 0 0 0 0 0 0 0 0 0 0 0 0 0 0 0 0 0 -999 
P1166 2081 10 9 7 0 34 0 0 0 0 0 0 0 11 0 0 0 0 0 0 0 0 0 0 0 0 0 0 0 0 0 0 14 
P1166 2081 11 0 0 0 77 38 0 0 0 0 0 0 0 0 0 0 62 187 163 85 0 0 0 0 0 0 0 0 0 24 47 -999 
P1166 2081 12 19 18 25 0 0 98 68 58 64 43 29 0 125 96 0 0 27 0 0 0 0 0 0 0 0 0 40 0 0 0 0 
P1166 2082 1 0 0 0 23 0 0 0 10 11 23 59 0 0 18 0 0 56 56 22 0 78 162 70 0 0 89 114 26 0 0 1 
P1166 2082 2 0 0 0 0 0 0 0 0 0 0 0 0 0 14 0 0 0 0 0 0 0 0 0 16 0 34 27 30 -999 -999 -999 
P1166 2082 3 30 36 0 31 30 0 0 0 0 0 0 0 0 0 4 0 2 0 0 45 0 0 0 0 0 22 9 0 0 31 0 
P1166 2082 4 11 0 1 0 0 0 0 0 0 4 2 0 0 8 9 16 14 0 0 7 6 11 0 0 0 0 0 0 0 14 -999 
P1166 2082 5 0 11 0 0 0 0 0 0 0 12 0 0 0 0 0 0 0 0 0 0 0 0 0 0 0 0 0 0 0 0 0 
P1166 2082 6 0 0 0 0 0 0 0 2 0 0 0 0 0 0 7 0 0 0 0 0 8 0 0 0 0 0 0 0 0 9 -999 
P1166 2082 7 0 16 0 0 0 0 0 0 0 0 0 0 0 0 0 0 0 0 0 0 0 0 0 0 0 0 1 0 0 0 0 
P1166 2082 8 0 0 0 0 0 0 0 0 0 0 0 0 0 0 0 0 0 0 0 0 0 0 0 0 0 0 18 0 0 0 0 
P1166 2082 9 0 0 0 0 0 0 0 0 0 0 0 0 0 0 0 0 0 0 0 0 0 0 0 0 0 0 0 0 19 0 -999 
P1166 2082 10 0 14 0 0 9 0 0 0 0 0 0 0 0 0 0 0 0 0 0 0 15 0 0 10 0 0 0 0 0 23 11 
P1166 2082 11 47 72 62 15 0 0 0 0 7 17 21 0 0 0 0 0 106 116 23 0 0 4 0 0 0 0 0 0 0 0 -999 
P1166 2082 12 0 31 12 0 0 0 0 0 0 0 0 0 0 0 0 0 0 30 21 0 6 8 0 0 0 0 0 0 0 0 0 
P1166 2083 1 0 0 46 0 0 12 11 45 0 22 0 0 0 0 0 35 30 49 0 0 8 25 0 0 0 0 0 0 13 0 11 
P1166 2083 2 0 46 0 0 6 0 43 39 0 89 101 51 21 17 0 0 48 0 105 85 75 65 33 0 94 165 74 50 -999 -999 -999 
P1166 2083 3 43 0 0 0 2 5 0 0 19 0 0 7 0 0 22 16 4 0 0 0 0 60 117 103 113 0 140 0 2 0 9 
P1166 2083 4 15 12 0 0 0 0 0 0 0 0 0 15 0 0 39 23 18 0 0 0 0 0 0 0 0 0 0 10 0 8 -999 
P1166 2083 5 0 0 0 0 0 0 0 0 36 26 0 0 0 0 0 35 0 32 0 27 8 3 0 0 0 0 84 26 23 18 0 
P1166 2083 6 33 0 0 0 21 9 0 18 0 25 16 0 0 0 0 0 0 0 0 0 0 0 0 0 0 0 0 0 0 0 -999 
P1166 2083 7 11 0 0 0 0 0 0 0 0 0 0 0 0 0 0 0 0 0 7 0 0 0 0 0 0 0 0 0 0 0 0 
P1166 2083 8 0 0 0 0 0 0 0 0 0 0 0 0 0 12 0 0 0 0 0 0 0 0 0 0 0 0 0 0 0 0 0 
P1166 2083 9 0 0 0 0 0 0 0 0 0 0 0 0 0 0 0 0 10 0 0 0 0 0 0 0 0 0 0 0 0 0 -999 
P1166 2083 10 0 0 8 0 0 0 0 0 0 0 0 0 2 0 0 7 0 0 0 0 0 0 0 0 33 0 0 0 0 0 0 
P1166 2083 11 0 0 0 52 52 17 0 30 0 0 0 47 79 38 0 24 0 0 0 1 0 0 0 0 0 0 0 9 0 0 -999 
P1166 2083 12 44 31 0 0 22 19 41 86 134 37 0 0 0 77 156 38 20 0 32 56 25 0 4 0 0 0 4 0 0 9 0 
P1166 2084 1 18 0 15 0 0 5 12 11 0 0 7 0 0 0 10 21 35 43 0 6 18 35 28 0 0 57 0 49 33 50 42 
P1166 2084 2 0 0 6 7 0 0 42 49 43 57 0 0 0 19 0 0 0 0 0 0 0 0 0 0 0 39 0 16 -999 -999 -999 
P1166 2084 3 14 0 0 0 53 7 0 0 0 18 0 0 9 0 23 51 0 94 25 20 0 0 0 0 0 0 0 0 6 0 0 
P1166 2084 4 0 0 0 0 0 0 0 0 0 7 16 12 0 0 12 0 0 0 0 0 0 0 0 0 0 0 0 0 0 18 -999 
P1166 2084 5 0 0 0 0 0 10 22 0 0 0 0 0 0 0 0 9 0 0 0 0 0 0 0 0 0 0 25 0 0 0 0 
P1166 2084 6 0 0 0 0 0 0 0 0 0 0 20 0 0 0 0 0 0 0 0 0 0 0 0 0 0 0 0 0 0 0 -999 
P1166 2084 7 0 0 0 0 0 0 0 0 0 0 0 0 0 0 0 0 0 0 0 0 0 0 0 0 0 0 0 0 0 0 0 
P1166 2084 8 0 0 0 0 0 0 0 0 0 0 0 0 0 0 0 0 0 0 0 0 0 0 0 0 0 0 0 0 0 0 0 
P1166 2084 9 0 0 0 0 0 0 0 0 0 0 0 0 0 0 0 0 0 0 0 0 0 0 0 0 0 0 0 0 0 0 -999 
P1166 2084 10 0 0 0 0 0 4 0 8 9 0 0 0 0 0 0 0 0 0 5 0 7 0 0 0 0 0 0 0 95 116 72 
P1166 2084 11 24 30 82 0 15 27 20 89 117 0 0 0 0 0 0 0 0 0 0 0 0 0 0 0 0 0 0 43 0 16 -999 
P1166 2084 12 12 0 0 0 32 0 0 72 64 0 84 104 0 107 36 0 0 0 0 0 0 0 0 0 0 0 0 0 21 0 0 
P1166 2085 1 0 0 0 0 0 0 0 0 0 0 0 0 0 0 0 22 15 5 9 0 6 10 87 110 0 0 0 10 2 0 0 
P1166 2085 2 0 0 0 14 0 38 0 0 0 0 50 63 29 10 0 0 0 2 0 0 2 0 9 5 0 0 0 0 -999 -999 -999 
P1166 2085 3 0 0 0 0 0 0 0 0 40 72 0 82 109 38 56 58 11 0 0 0 0 0 0 27 0 0 0 8 0 0 0 
P1166 2085 4 0 0 0 1 3 0 0 24 0 0 0 69 72 76 0 58 48 0 0 0 0 0 0 3 8 0 0 5 0 0 -999 
P1166 2085 5 29 0 0 0 0 0 0 55 69 28 0 0 0 0 0 0 0 0 0 0 0 0 0 0 18 0 0 0 0 0 0 
P1166 2085 6 0 0 0 0 3 0 0 0 0 0 0 0 11 0 0 0 0 0 0 0 0 0 0 0 0 0 0 0 0 0 -999 
P1166 2085 7 0 0 0 0 0 0 0 0 0 0 0 0 0 0 0 0 0 0 0 0 0 0 0 0 0 0 0 0 0 0 0 
P1166 2085 8 0 0 0 0 0 0 0 0 0 0 0 0 0 0 0 0 0 0 0 6 0 0 0 0 0 0 0 0 0 0 8 
P1166 2085 9 0 0 14 0 0 0 0 0 0 0 0 0 0 0 0 0 0 0 0 0 0 0 0 0 0 0 0 10 0 0 -999 
P1166 2085 10 0 0 0 0 0 0 0 0 0 19 21 0 20 22 0 0 12 0 0 0 0 0 0 0 0 0 62 34 0 79 19 
P1166 2085 11 0 0 0 16 0 0 0 0 0 0 0 0 0 8 10 36 84 0 17 78 40 34 0 0 0 0 5 30 48 25 -999 
P1166 2085 12 0 59 11 0 0 86 26 5 0 0 0 0 22 0 15 15 0 0 0 0 0 25 25 0 0 0 0 4 0 0 0 
P1166 2086 1 0 4 11 18 0 0 9 0 0 0 0 0 0 61 0 0 55 119 41 77 0 0 0 22 0 0 11 0 0 0 0 
P1166 2086 2 0 27 73 0 0 31 74 85 27 14 11 0 45 0 13 15 24 0 0 0 0 0 2 0 6 0 0 0 -999 -999 -999 
P1166 2086 3 0 0 0 0 0 0 0 4 0 0 7 0 35 0 0 0 0 0 0 0 0 0 0 0 0 0 0 0 0 0 0 
P1166 2086 4 0 0 0 0 0 24 34 0 0 0 0 0 21 0 32 30 0 13 0 0 0 0 0 14 22 0 31 0 0 0 -999 
P1166 2086 5 35 0 18 46 40 0 0 0 8 0 0 0 6 0 0 0 0 0 0 0 0 0 15 0 18 9 0 0 0 0 0 
P1166 2086 6 0 4 0 0 0 0 0 0 0 0 0 0 0 0 0 0 0 0 0 0 0 0 0 0 0 0 0 0 0 3 -999 
P1166 2086 7 0 0 0 0 0 0 0 6 0 0 0 0 0 0 6 0 0 0 0 0 0 0 0 0 0 0 0 0 0 0 0 
P1166 2086 8 4 0 0 0 0 0 0 0 0 0 0 0 0 0 0 0 0 0 0 0 0 0 0 0 0 0 0 0 0 0 0 
P1166 2086 9 0 0 0 0 0 0 0 0 0 0 0 0 24 22 0 0 0 0 0 0 0 9 0 0 0 11 0 0 0 0 -999 
P1166 2086 10 0 0 0 0 0 0 0 0 16 0 0 22 9 0 0 0 0 0 11 0 3 0 0 0 25 26 0 13 0 54 33 
P1166 2086 11 4 15 0 0 0 20 0 0 10 8 0 19 10 13 12 0 0 0 29 0 42 0 0 0 0 0 0 0 25 7 -999 
P1166 2086 12 0 0 0 0 0 1 0 0 0 0 0 0 0 5 7 0 0 0 0 44 19 66 128 57 0 21 0 0 0 0 0 
P1166 2087 1 0 0 0 0 0 0 25 0 45 0 0 0 0 0 0 0 0 0 0 8 11 0 0 0 0 9 6 0 0 0 31 
P1166 2087 2 53 48 9 0 0 0 0 0 0 0 0 11 0 0 18 0 0 0 0 0 0 0 0 0 12 0 0 38 -999 -999 -999 
P1166 2087 3 63 78 53 25 0 0 18 25 0 47 47 85 32 14 0 0 0 0 16 0 0 0 0 36 19 0 9 14 0 0 0 
P1166 2087 4 21 0 0 0 0 0 0 0 0 0 0 0 0 0 0 36 41 0 0 0 18 60 40 44 61 37 20 0 5 0 -999 
P1166 2087 5 0 0 0 33 0 0 0 0 0 0 0 0 0 0 0 0 0 0 0 10 14 0 0 0 0 0 0 0 7 0 0 
P1166 2087 6 0 0 0 0 0 0 0 0 0 0 17 0 0 0 0 0 0 0 0 0 0 0 0 0 0 0 0 0 0 0 -999 
P1166 2087 7 0 0 0 0 0 0 0 0 0 0 0 0 0 0 0 0 0 0 0 0 0 0 0 0 0 0 0 0 0 0 0 
P1166 2087 8 0 0 0 0 14 0 0 0 0 0 0 0 0 0 0 0 0 0 0 0 0 0 0 0 0 0 0 0 0 0 0 
P1166 2087 9 0 12 0 0 0 0 0 0 0 0 0 0 0 0 0 10 0 0 0 0 0 0 0 0 0 0 0 0 0 0 -999 
P1166 2087 10 0 0 0 0 27 17 10 0 0 0 0 0 0 0 0 0 0 17 0 0 0 0 0 0 0 0 0 0 0 0 0 
P1166 2087 11 0 0 0 0 7 3 0 0 0 0 0 6 0 0 0 0 0 0 0 0 0 0 0 0 0 0 0 0 0 0 -999 
P1166 2087 12 12 0 0 0 0 0 6 35 29 10 0 0 0 0 0 0 0 0 11 0 6 23 115 59 25 78 45 25 0 73 26 
P1166 2088 1 20 13 39 0 0 0 5 0 0 0 0 0 0 0 0 0 0 0 0 0 0 0 0 0 0 0 35 20 0 0 0 
P1166 2088 2 0 0 0 0 0 0 100 116 140 0 8 3 0 0 0 0 0 0 40 0 25 0 31 24 0 21 29 28 -999 -999 -999 
P1166 2088 3 38 62 90 63 25 0 10 10 0 0 0 0 0 0 0 0 12 0 0 0 5 0 0 0 0 0 0 0 1 0 0 
P1166 2088 4 0 0 0 0 13 0 69 74 30 0 29 38 0 0 0 0 0 0 5 0 0 20 0 0 0 0 0 0 0 0 -999 
P1166 2088 5 0 0 0 34 31 18 0 26 0 0 0 0 0 0 0 0 0 0 0 0 0 0 0 0 0 0 0 0 0 0 4 
P1166 2088 6 0 9 0 0 0 0 0 0 0 0 0 0 0 0 0 0 0 12 0 0 0 0 0 0 0 0 0 0 0 0 -999 
P1166 2088 7 0 0 0 0 0 0 0 0 0 0 0 0 0 0 5 0 0 0 0 0 0 0 0 11 0 0 0 0 0 0 0 
P1166 2088 8 0 0 0 0 0 0 0 0 0 0 0 0 0 0 0 0 0 0 0 0 0 0 0 0 0 0 0 0 0 15 0 
P1166 2088 9 0 0 0 0 0 0 0 0 0 0 0 0 8 0 0 19 0 0 0 0 0 0 0 0 0 0 0 0 0 0 -999 
P1166 2088 10 0 0 0 0 0 0 0 0 0 0 0 0 0 0 0 0 0 0 0 0 0 27 35 37 52 101 152 0 0 0 0 
P1166 2088 11 0 0 10 0 0 0 0 0 0 17 0 0 14 0 42 0 23 142 0 0 0 0 0 0 0 0 0 0 69 0 -999 
P1166 2088 12 0 0 27 40 58 63 73 72 26 0 0 7 0 0 0 0 0 0 0 0 0 0 0 10 14 23 12 0 0 0 0 
P1166 2089 1 15 0 0 0 46 24 0 44 98 112 137 173 155 0 0 0 0 0 0 0 0 0 0 0 1 0 0 0 10 11 19 
P1166 2089 2 0 23 0 28 55 136 0 99 165 53 36 85 145 67 14 0 0 0 0 0 0 0 0 0 0 7 0 0 -999 -999 -999 
P1166 2089 3 26 33 0 63 15 0 0 0 0 0 0 5 0 37 59 0 54 20 0 0 0 0 10 43 136 44 22 0 0 48 147 
P1166 2089 4 172 115 34 0 0 0 10 0 0 1 0 0 0 0 0 0 0 0 8 18 27 33 24 28 0 66 52 29 13 0 -999 
P1166 2089 5 23 0 7 0 0 0 20 0 0 0 0 0 0 0 0 0 17 7 0 18 0 0 0 0 0 0 0 0 0 0 0 
P1166 2089 6 0 0 0 0 0 0 0 0 0 0 0 0 0 0 0 0 0 0 0 0 0 0 0 0 0 0 0 0 0 0 -999 
P1166 2089 7 0 0 0 0 0 0 0 0 0 0 0 0 0 0 0 0 0 0 0 0 0 0 0 0 0 0 0 0 0 0 0 
P1166 2089 8 0 0 0 0 14 0 0 0 0 0 0 5 0 0 0 8 0 0 0 0 0 0 0 0 0 0 0 0 0 0 0 
P1166 2089 9 0 0 0 0 0 0 0 0 0 0 0 0 0 0 0 0 0 0 15 0 0 0 0 0 0 0 0 0 0 0 -999 
P1166 2089 10 0 0 0 0 0 0 0 0 0 0 0 0 0 3 0 0 0 0 0 0 0 0 0 0 0 15 0 5 0 0 0 
P1166 2089 11 0 19 21 30 0 0 0 0 0 0 0 5 0 0 0 0 0 7 0 0 0 0 0 60 96 60 26 0 42 122 -999 
P1166 2089 12 145 0 0 17 24 0 32 68 59 78 43 0 0 0 0 0 0 4 0 15 0 0 0 2 0 0 0 0 13 0 0 
P1166 2090 1 0 0 0 2 0 0 11 9 33 47 12 30 65 65 63 19 0 0 9 0 0 0 0 0 0 0 14 0 0 0 0 
P1166 2090 2 0 0 0 25 37 0 34 27 24 46 32 39 0 17 0 0 30 0 0 0 0 0 46 28 34 43 76 98 -999 -999 -999 
P1166 2090 3 164 0 23 10 0 0 0 0 0 0 0 0 65 71 76 31 0 0 0 37 0 25 16 12 0 22 0 0 16 22 24 
P1166 2090 4 25 25 0 48 0 18 25 0 29 21 0 22 0 32 0 0 32 7 0 0 0 0 0 0 0 0 0 0 0 0 -999 
P1166 2090 5 0 0 0 0 0 0 0 0 0 0 0 0 0 0 0 0 0 0 0 0 0 0 17 0 0 0 0 0 35 0 29 
P1166 2090 6 31 0 0 0 5 0 9 0 0 4 0 0 0 0 0 0 0 0 5 8 0 0 0 0 0 0 0 0 0 0 -999 
P1166 2090 7 0 0 0 0 0 0 0 0 0 0 0 0 0 0 0 0 0 0 0 0 0 0 0 0 0 0 0 0 0 0 0 
P1166 2090 8 0 0 0 0 0 0 0 0 0 0 0 0 0 0 0 0 0 0 0 0 0 0 0 0 0 0 0 0 0 11 0 
P1166 2090 9 0 0 0 0 0 0 0 0 0 0 0 0 0 0 0 0 0 0 0 0 0 0 0 0 0 0 0 0 16 0 -999 
P1166 2090 10 0 0 9 0 0 38 21 12 0 0 0 18 16 21 21 26 0 0 0 6 0 0 19 0 0 0 0 0 42 0 34 
P1166 2090 11 0 0 0 0 0 0 0 0 0 0 52 0 12 42 46 0 0 36 0 0 0 0 0 33 36 39 24 0 0 0 -999 
P1166 2090 12 0 76 113 31 38 38 0 0 17 31 18 0 16 25 33 0 0 0 0 28 0 0 0 0 25 20 13 0 0 0 0 
P1166 2091 1 0 0 0 8 0 0 0 14 0 0 0 0 30 28 5 0 0 13 31 2 0 0 0 0 4 0 6 0 8 3 0 
P1166 2091 2 0 0 0 2 0 3 12 10 6 6 0 0 0 5 0 0 12 0 178 93 64 67 0 26 0 48 0 0 -999 -999 -999 
P1166 2091 3 24 0 0 0 0 88 37 0 0 0 0 0 0 0 14 26 0 0 0 8 3 12 0 0 0 0 0 0 0 0 0 
P1166 2091 4 0 0 0 0 0 0 0 0 3 0 16 31 32 22 14 0 31 36 28 14 0 0 0 0 0 0 0 2 0 0 -999 
P1166 2091 5 0 0 35 35 0 22 0 0 0 0 0 0 0 0 0 7 0 0 0 0 0 0 10 0 0 0 0 0 0 0 0 
P1166 2091 6 0 0 0 0 0 0 8 0 0 0 0 0 12 19 0 0 0 0 0 0 0 0 0 1 0 0 0 0 0 0 -999 
P1166 2091 7 9 0 0 0 0 0 0 0 10 3 0 0 0 0 0 0 0 0 0 0 0 0 0 0 0 0 0 0 0 0 0 
P1166 2091 8 0 0 0 0 0 0 0 0 0 0 0 0 0 0 0 0 0 0 0 11 0 0 0 0 0 0 0 0 0 0 0 
P1166 2091 9 0 0 0 0 0 0 0 0 0 0 0 0 0 0 0 3 0 0 0 0 0 0 0 0 0 0 0 0 0 0 -999 
P1166 2091 10 0 0 0 0 0 0 0 0 0 0 0 56 44 11 0 0 0 11 0 0 0 0 0 0 0 0 53 73 119 80 58 
P1166 2091 11 77 25 9 0 0 0 0 0 0 0 0 5 0 19 30 0 20 23 16 0 0 0 50 0 0 14 50 0 9 0 -999 
P1166 2091 12 53 46 0 0 0 0 0 0 0 0 0 0 0 0 0 0 0 10 0 0 0 0 10 0 0 0 2 0 8 0 0 
P1166 2092 1 0 0 0 0 0 0 9 0 2 0 0 15 15 16 37 19 73 71 97 170 91 0 0 62 38 24 95 50 82 72 0 
P1166 2092 2 40 54 0 6 16 114 89 0 54 117 35 17 21 65 32 0 46 76 24 54 32 0 31 22 0 0 0 26 -999 -999 -999 
P1166 2092 3 29 0 0 0 0 0 75 35 0 11 0 20 0 0 70 109 50 34 0 55 0 72 105 284 93 72 0 36 46 0 29 
P1166 2092 4 24 36 58 37 37 0 0 0 0 10 0 0 30 0 0 0 0 0 0 0 0 8 0 0 12 18 26 41 51 31 -999 
P1166 2092 5 18 0 0 0 0 0 0 0 0 0 0 0 0 0 0 0 63 31 13 0 0 11 0 0 0 0 0 0 0 0 0 
P1166 2092 6 14 0 0 0 0 0 0 0 0 0 0 0 0 0 0 0 0 0 0 0 0 0 0 0 0 0 0 0 0 0 -999 
P1166 2092 7 0 0 0 0 0 0 0 0 0 0 0 0 0 0 0 0 0 0 0 0 0 0 0 0 0 0 0 0 0 0 0 
P1166 2092 8 0 0 0 0 0 0 0 0 0 13 0 0 0 0 0 0 8 0 0 0 0 0 0 0 0 0 0 0 0 0 0 
P1166 2092 9 14 0 10 0 0 0 0 0 0 0 0 0 0 0 0 0 0 0 12 0 0 0 0 0 0 0 0 0 0 0 -999 
P1166 2092 10 0 0 3 0 0 0 0 0 0 0 43 62 0 0 0 0 0 0 17 0 7 0 0 7 0 0 0 0 0 0 0 
P1166 2092 11 0 0 0 55 32 0 0 8 0 0 0 48 185 137 104 33 0 16 22 32 30 0 0 112 58 32 0 0 0 0 -999 
P1166 2092 12 0 0 0 0 0 23 19 0 40 51 20 0 0 0 23 0 17 19 0 67 167 105 81 60 0 54 0 31 78 51 26 
P1166 2093 1 0 78 66 0 19 27 28 0 0 0 85 0 45 56 99 127 26 46 41 0 9 0 0 7 0 0 0 20 84 79 102 
P1166 2093 2 87 46 0 0 0 0 0 0 0 0 18 0 0 0 27 28 0 0 41 62 57 0 10 0 3 0 0 34 -999 -999 -999 
P1166 2093 3 0 0 4 0 7 0 0 0 38 41 115 44 26 0 7 0 0 0 11 0 8 13 12 0 22 43 0 34 0 11 0 
P1166 2093 4 0 0 0 0 0 0 0 0 17 0 0 0 7 0 37 34 15 0 0 0 0 17 10 20 0 0 44 42 0 24 -999 
P1166 2093 5 0 32 57 0 15 4 0 0 0 0 0 0 0 0 0 0 0 0 0 0 0 0 0 9 0 0 0 0 0 0 0 
P1166 2093 6 0 0 0 0 0 0 0 0 0 0 0 0 0 0 0 0 0 0 0 0 0 0 0 0 0 0 0 0 0 0 -999 
P1166 2093 7 0 0 0 0 0 0 0 0 0 0 0 0 0 0 0 0 0 0 0 0 0 0 0 0 0 0 0 0 0 0 0 
P1166 2093 8 0 0 0 0 0 0 0 0 0 0 0 0 0 0 0 0 0 0 0 11 0 0 0 0 0 0 6 0 0 0 0 
P1166 2093 9 0 0 0 0 0 0 0 0 0 0 0 0 0 0 0 0 0 0 0 0 0 0 0 0 0 0 0 0 0 0 -999 
P1166 2093 10 0 0 0 0 0 0 13 19 0 0 0 0 0 30 33 110 77 43 0 3 0 0 0 0 0 0 0 0 0 6 12 
P1166 2093 11 27 0 11 1 2 0 0 0 0 0 0 0 0 0 0 0 0 0 0 0 17 12 14 0 0 0 0 0 0 0 -999 
P1166 2093 12 0 0 0 0 3 2 0 0 0 0 0 0 0 0 0 0 3 0 0 0 0 0 0 0 0 0 0 0 0 0 0 
P1166 2094 1 0 8 0 0 8 0 10 19 23 23 0 0 0 0 0 0 35 81 83 53 49 125 138 158 156 72 0 134 0 88 54 
P1166 2094 2 75 62 84 104 20 0 0 0 8 0 0 0 0 0 0 0 0 0 0 0 5 0 0 0 0 0 0 0 -999 -999 -999 
P1166 2094 3 0 0 0 0 0 8 0 0 0 0 0 0 3 0 0 6 0 0 0 0 0 22 0 17 0 0 20 0 60 110 82 
P1166 2094 4 144 155 91 0 0 31 56 46 0 0 0 0 0 0 11 0 0 0 0 0 0 0 0 0 0 0 12 0 0 0 -999 
P1166 2094 5 0 0 0 0 0 0 0 0 0 0 0 0 0 0 0 0 0 0 0 2 0 0 0 0 0 0 0 0 0 0 0 
P1166 2094 6 0 0 0 0 0 0 0 0 0 0 0 12 0 0 8 15 18 0 0 0 0 0 0 0 0 0 0 0 0 0 -999 
P1166 2094 7 0 0 0 0 0 0 0 0 0 0 0 0 0 0 0 0 0 0 0 0 0 0 0 0 0 0 0 0 0 0 0 
P1166 2094 8 0 0 0 0 0 0 0 0 0 0 0 0 0 0 0 0 0 0 0 0 0 0 13 0 0 0 0 0 0 12 0 
P1166 2094 9 0 0 0 0 0 0 0 0 0 0 0 0 0 0 0 0 0 0 0 0 0 17 0 0 0 7 0 0 0 0 -999 
P1166 2094 10 0 0 0 0 0 0 0 0 0 0 0 0 14 12 14 13 0 0 39 26 51 0 62 0 0 40 88 0 0 0 0 
P1166 2094 11 0 0 0 0 0 0 0 0 13 22 18 0 0 86 0 0 21 0 16 0 0 0 0 52 25 23 0 0 0 0 -999 
P1166 2094 12 0 0 0 0 0 0 0 0 0 0 0 0 0 0 0 0 0 0 30 24 0 0 2 0 3 0 0 0 0 0 18 
P1166 2095 1 52 55 77 109 56 20 27 82 106 25 0 16 17 0 25 0 0 0 0 0 0 0 0 0 57 69 0 78 16 0 0 
P1166 2095 2 0 0 17 10 0 0 13 0 0 0 0 5 0 0 0 0 0 0 0 0 0 0 0 0 0 0 0 0 -999 -999 -999 
P1166 2095 3 0 0 0 0 0 0 0 0 0 0 0 0 0 0 9 0 0 0 0 0 0 0 0 0 0 0 0 55 55 0 26 
P1166 2095 4 0 89 93 28 0 0 5 5 0 0 0 21 0 22 25 0 0 0 0 0 0 51 46 66 0 0 0 0 0 0 -999 
P1166 2095 5 0 0 0 0 0 0 0 9 0 0 0 0 0 0 0 0 0 0 0 3 0 0 0 0 0 0 0 0 0 0 0 
P1166 2095 6 6 0 0 0 0 0 0 28 0 0 0 20 0 19 0 0 0 0 0 0 0 0 0 0 0 0 0 0 0 0 -999 
P1166 2095 7 18 0 0 0 0 0 0 0 0 0 0 0 0 0 0 0 0 0 0 0 0 0 0 0 0 0 0 0 0 0 0 
P1166 2095 8 0 0 0 0 0 0 0 0 0 0 0 0 0 0 0 0 0 0 0 0 0 0 0 0 0 0 0 0 9 0 0 
P1166 2095 9 0 0 0 0 0 2 0 0 0 0 0 0 27 0 0 0 10 0 0 0 0 0 0 0 0 0 0 0 0 0 -999 
P1166 2095 10 0 0 0 0 0 0 0 12 0 0 0 0 0 0 0 0 46 0 0 5 0 6 0 0 0 0 0 0 0 0 0 
P1166 2095 11 0 0 20 0 19 0 0 34 37 0 16 37 30 0 8 14 24 0 0 11 39 66 72 76 43 0 3 0 0 0 -999 
P1166 2095 12 0 0 0 5 0 0 14 53 77 40 0 0 25 51 98 46 12 14 16 62 43 0 8 13 117 138 56 27 0 0 0 
P1166 2096 1 58 0 0 0 52 0 0 70 72 75 32 13 9 42 56 20 0 4 2 0 0 0 0 0 0 0 0 0 0 0 10 
P1166 2096 2 14 25 41 43 0 0 0 0 0 0 0 0 0 0 71 20 0 0 0 0 0 0 0 0 0 0 0 14 -999 -999 -999 
P1166 2096 3 13 20 0 0 0 0 6 0 0 0 0 4 0 0 0 0 0 0 0 15 0 101 113 17 0 29 32 58 68 44 0 
P1166 2096 4 0 4 0 0 3 0 0 0 0 0 0 0 0 0 0 0 0 0 0 21 0 0 0 0 0 8 6 0 0 0 -999 
P1166 2096 5 0 0 0 0 0 0 19 0 0 0 0 0 0 0 0 0 0 0 0 0 0 0 0 0 0 18 18 20 0 10 0 
P1166 2096 6 21 0 0 0 0 0 23 0 0 0 0 0 0 0 0 0 0 0 0 0 0 0 0 0 0 0 0 0 0 0 -999 
P1166 2096 7 0 0 18 0 0 0 0 0 0 0 0 0 0 0 0 0 0 0 0 0 0 0 0 0 0 0 0 0 0 0 0 
P1166 2096 8 0 0 0 0 0 0 5 0 0 0 0 0 0 0 0 0 0 0 0 0 0 0 0 0 0 0 0 0 0 0 6 
P1166 2096 9 0 0 0 0 0 0 0 0 0 0 0 0 0 0 0 0 0 0 0 0 0 22 0 0 7 0 0 0 0 6 -999 
P1166 2096 10 24 41 0 0 0 0 0 0 0 12 0 0 0 0 0 0 0 0 37 0 0 26 0 4 0 0 0 0 4 0 0 
P1166 2096 11 0 0 0 4 0 0 0 0 0 0 0 0 0 0 0 1 0 0 3 0 0 2 0 0 11 0 0 0 0 0 -999 
P1166 2096 12 0 0 0 0 0 0 0 0 0 9 0 0 0 38 40 0 51 69 0 0 0 0 0 38 0 0 0 0 0 0 0 
P1166 2097 1 17 13 0 2 0 3 0 0 0 0 4 0 2 0 0 0 0 0 0 0 0 0 0 0 51 38 46 0 11 20 0 
P1166 2097 2 0 18 0 27 0 66 0 0 0 0 0 0 0 6 19 0 0 0 0 0 0 0 0 0 0 34 31 0 -999 -999 -999 
P1166 2097 3 0 37 75 25 0 39 18 0 14 0 0 0 0 0 0 0 0 0 0 0 0 0 0 35 31 44 15 0 25 2 0 
P1166 2097 4 0 0 0 0 0 0 36 39 0 24 31 46 70 46 23 10 0 0 0 27 13 0 0 0 23 0 0 2 0 0 -999 
P1166 2097 5 0 0 6 0 0 0 23 11 13 0 0 0 0 0 0 0 18 15 0 29 0 0 30 0 0 3 0 0 0 0 0 
P1166 2097 6 0 0 0 16 0 0 0 0 0 0 0 0 0 0 0 0 0 16 0 0 0 0 0 0 0 0 0 0 0 0 -999 
P1166 2097 7 0 0 0 0 0 0 0 0 0 0 0 0 0 0 0 0 0 0 0 0 0 0 0 0 0 0 0 6 0 0 0 
P1166 2097 8 0 0 0 0 0 0 0 0 0 0 0 0 0 0 0 0 0 0 0 0 0 0 0 0 29 0 0 0 0 9 0 
P1166 2097 9 0 0 0 0 0 0 0 0 0 19 0 0 0 0 0 0 0 0 0 0 0 0 0 0 0 0 0 0 0 0 -999 
P1166 2097 10 0 6 0 0 0 0 0 0 0 8 0 0 0 11 0 0 61 64 0 9 4 0 14 2 0 0 0 0 0 0 0 
P1166 2097 11 0 0 0 7 0 0 0 0 0 0 0 0 0 0 0 0 0 0 0 0 0 0 7 0 0 15 0 14 0 0 -999 
P1166 2097 12 0 0 0 0 0 0 0 0 0 0 0 0 0 0 0 0 0 0 0 0 0 0 0 0 0 0 0 0 22 38 32 
P1166 2098 1 60 0 21 32 81 36 13 0 0 0 6 0 13 0 0 0 0 0 11 73 47 42 20 34 0 0 0 0 0 0 0 
P1166 2098 2 0 11 9 0 0 0 0 34 37 0 36 48 30 0 25 0 0 0 0 0 0 0 0 10 0 0 0 0 -999 -999 -999 
P1166 2098 3 0 0 0 4 8 0 15 0 0 0 0 0 0 0 0 0 0 12 0 0 0 0 0 0 0 0 47 24 0 0 0 
P1166 2098 4 0 24 0 0 15 26 35 0 0 0 0 0 0 0 0 0 0 0 0 0 0 0 56 16 0 0 0 0 0 0 -999 
P1166 2098 5 0 0 0 18 26 0 44 39 47 63 84 74 0 14 15 20 0 0 8 18 0 0 0 36 35 0 0 0 0 0 0 
P1166 2098 6 0 0 0 0 0 0 0 0 0 0 0 0 0 0 9 2 0 0 0 0 0 0 0 0 0 0 0 0 0 0 -999 
P1166 2098 7 0 0 0 0 0 0 0 0 0 0 0 0 0 0 0 0 0 0 0 0 0 0 0 0 0 0 0 0 0 0 0 
P1166 2098 8 0 14 0 0 0 0 0 0 0 0 0 0 0 9 0 0 0 0 13 0 0 0 0 0 0 0 0 0 0 0 0 
P1166 2098 9 0 0 0 0 0 0 0 0 0 0 0 0 0 0 0 0 0 0 0 0 0 0 0 0 0 0 0 7 0 0 -999 
P1166 2098 10 0 0 0 0 0 0 0 0 0 9 0 0 0 0 0 0 0 0 14 0 0 10 0 6 15 29 0 25 0 0 0 
P1166 2098 11 0 0 0 0 0 0 0 0 0 0 0 0 63 39 0 0 19 36 65 0 23 0 22 21 0 0 0 0 0 0 -999 
P1166 2098 12 0 0 0 0 0 0 0 0 0 0 0 0 0 0 0 0 0 0 15 41 39 30 21 27 42 0 0 0 0 0 0 
P1166 2099 1 5 0 0 0 0 0 0 0 0 0 0 19 29 0 0 0 37 19 5 0 0 44 120 0 7 17 10 0 0 0 0 
P1166 2099 2 0 0 0 26 0 0 0 37 0 0 0 0 0 0 0 0 0 0 0 7 9 0 33 102 137 42 25 0 -999 -999 -999 
P1166 2099 3 73 87 104 108 18 0 0 0 7 0 0 0 0 0 0 0 33 114 158 0 16 0 32 0 0 0 17 0 8 19 0 
P1166 2099 4 23 18 0 0 12 9 0 4 3 0 0 0 0 0 0 0 0 0 0 0 0 24 22 0 0 18 36 0 0 0 -999 
P1166 2099 5 0 0 8 8 0 0 8 0 0 0 0 0 0 0 0 0 0 0 0 0 0 0 0 0 0 0 0 0 0 20 5 
P1166 2099 6 0 0 0 0 0 0 0 0 0 0 0 0 0 0 0 12 0 0 0 0 0 0 0 0 0 0 0 0 0 0 -999 
P1166 2099 7 0 0 0 0 0 0 0 0 0 0 0 0 0 0 0 0 0 0 0 0 0 0 0 0 0 0 0 0 0 0 0 
P1166 2099 8 0 0 0 0 0 0 0 0 0 0 0 0 0 0 0 0 0 0 0 0 0 0 0 0 0 0 0 0 0 0 0 
P1166 2099 9 0 0 0 0 0 0 15 7 0 0 0 0 0 0 0 0 0 0 0 0 0 16 0 0 0 0 0 0 0 0 -999 
P1166 2099 10 0 0 0 0 0 0 5 0 0 31 33 52 0 0 0 0 0 0 0 0 0 4 0 6 0 32 20 14 0 0 0 
P1166 2099 11 0 0 0 0 0 0 0 8 0 0 0 24 14 0 0 0 0 0 0 0 6 0 0 26 0 0 50 48 51 0 -999 
P1166 2099 12 0 0 0 4 0 0 44 26 20 32 0 0 0 0 0 0 0 0 0 0 0 0 26 0 118 208 207 158 82 48 0 
P1166 2100 1 34 0 0 16 47 0 0 21 0 0 87 167 162 53 0 0 0 0 12 0 0 0 0 0 5 0 0 0 1 0 11 
P1166 2100 2 0 66 64 0 8 0 0 0 33 64 0 0 0 0 0 16 0 0 0 0 0 0 5 0 0 0 0 0 -999 -999 -999 
P1166 2100 3 0 34 54 0 0 0 0 26 35 37 0 41 92 25 0 0 0 0 0 20 0 39 38 34 0 56 41 0 54 57 48 
P1166 2100 4 52 42 34 22 0 12 0 0 0 17 0 0 36 0 26 0 0 20 0 24 0 0 1 0 0 0 2 0 0 17 -999 
P1166 2100 5 0 0 0 0 0 0 0 0 0 0 0 11 15 7 0 7 0 25 18 32 0 0 26 0 48 22 0 0 13 14 0 
P1166 2100 6 0 0 0 0 0 8 0 0 0 0 0 0 20 15 0 0 0 17 0 0 0 0 0 0 0 0 0 0 0 0 -999 
P1166 2100 7 0 0 0 0 0 0 0 0 0 0 0 0 0 0 0 0 0 0 0 0 0 0 0 0 0 0 0 0 0 0 0 
P1166 2100 8 0 0 0 0 0 0 0 0 0 0 0 0 0 0 0 0 0 0 0 0 0 0 0 0 0 0 0 0 0 0 0 
P1166 2100 9 0 0 0 0 0 0 0 0 0 5 0 0 0 0 0 0 0 0 0 0 0 0 19 0 0 18 0 14 11 0 -999 
P1166 2100 10 0 0 0 0 0 0 28 34 22 0 28 38 24 0 0 0 14 16 18 9 18 49 67 0 0 0 0 0 20 0 0 
P1166 2100 11 0 0 0 47 54 91 33 31 70 57 0 45 60 89 0 0 73 69 0 42 0 0 52 76 0 0 0 0 0 0 -999 
P1166 2100 12 0 0 0 10 26 0 0 0 1 0 0 0 0 0 0 0 0 0 0 0 1 0 7 0 0 0 0 0 0 0 0 
