precip	MIROC5	RCP60	REGRESION	decimas	1
P10529	40.535	0.189	182	geo	2006	2100	-1
P10529 2006 1 0 0 20 0 0 0 0 0 0 0 0 0 39 39 0 10 0 0 0 6 0 0 13 0 0 0 0 19 0 0 0 
P10529 2006 2 0 26 0 0 0 0 0 0 0 0 6 9 0 29 27 54 8 0 1 6 0 35 18 0 0 0 0 3 -999 -999 -999 
P10529 2006 3 0 0 0 0 13 0 0 64 38 30 93 87 0 26 25 33 43 18 0 0 0 0 0 0 35 0 0 0 0 0 0 
P10529 2006 4 0 0 0 0 23 0 0 91 80 0 0 0 0 0 0 0 19 0 0 0 0 0 0 0 0 42 92 99 82 0 -999 
P10529 2006 5 34 0 17 17 10 0 25 0 0 0 0 0 0 31 0 0 28 0 0 0 0 0 0 0 0 10 0 0 0 0 0 
P10529 2006 6 0 0 0 0 0 0 0 0 0 51 0 0 35 0 25 0 0 39 0 0 0 0 0 33 0 64 41 31 0 0 -999 
P10529 2006 7 62 32 0 25 0 52 51 52 14 0 0 0 0 0 0 0 23 0 0 0 31 0 0 34 0 0 0 0 0 0 0 
P10529 2006 8 0 44 0 0 0 0 60 0 0 35 0 0 0 0 0 0 21 25 19 0 0 27 0 0 0 0 0 0 0 28 0 
P10529 2006 9 22 0 0 0 0 29 0 0 20 33 38 0 0 0 0 0 0 0 0 0 0 0 0 0 35 21 0 0 0 15 -999 
P10529 2006 10 5 0 17 0 0 0 0 0 0 0 23 33 0 56 66 68 0 0 9 6 0 0 0 0 0 0 0 0 0 0 0 
P10529 2006 11 0 0 14 0 0 0 23 24 0 0 0 0 0 0 0 0 0 0 0 0 0 0 0 83 0 20 0 0 0 0 -999 
P10529 2006 12 0 0 0 0 0 0 22 24 42 39 50 63 67 0 18 17 0 0 0 0 19 28 0 0 0 0 0 0 0 0 0 
P10529 2007 1 0 0 0 1 0 0 0 0 0 0 0 0 0 0 0 0 0 0 0 0 0 23 0 0 25 60 46 15 13 14 0 
P10529 2007 2 0 0 4 9 10 20 15 68 97 38 47 0 36 0 10 0 12 0 37 42 70 46 57 111 95 0 0 0 -999 -999 -999 
P10529 2007 3 18 0 0 0 47 32 0 0 24 14 11 32 80 29 0 23 0 0 8 0 0 0 55 32 18 0 0 12 0 7 31 
P10529 2007 4 0 0 0 0 22 0 0 0 0 0 0 0 0 22 0 17 31 0 29 0 29 0 32 14 0 0 57 28 0 0 -999 
P10529 2007 5 0 0 10 29 0 23 0 0 0 0 27 47 0 52 0 0 0 43 40 46 0 0 0 0 0 15 0 0 10 22 42 
P10529 2007 6 70 60 39 0 39 64 120 0 0 0 0 32 63 0 62 0 48 0 21 0 0 18 51 0 0 0 0 37 0 0 -999 
P10529 2007 7 41 36 48 81 0 0 0 11 0 33 39 45 0 0 0 27 0 0 0 30 0 0 0 0 0 0 0 0 0 26 0 
P10529 2007 8 0 0 0 39 38 0 0 0 27 0 0 0 0 24 20 0 34 0 47 36 0 6 0 0 59 0 0 0 35 41 10 
P10529 2007 9 0 0 0 0 0 0 0 0 0 27 0 0 0 0 0 30 16 0 0 0 15 24 0 0 0 0 0 0 0 0 -999 
P10529 2007 10 0 0 6 0 0 0 0 0 0 42 68 0 0 16 0 7 0 29 19 0 0 0 0 0 0 0 8 11 0 0 0 
P10529 2007 11 0 0 0 0 0 0 0 0 11 0 0 31 8 0 0 0 0 0 0 0 0 0 0 2 0 0 0 0 44 0 -999 
P10529 2007 12 0 15 0 0 0 84 63 18 0 0 0 0 0 3 0 0 16 0 0 27 0 0 0 0 0 0 0 0 0 0 0 
P10529 2008 1 0 5 0 18 0 0 0 0 78 64 41 0 27 0 34 0 14 0 0 0 0 0 0 0 0 0 5 0 0 0 11 
P10529 2008 2 15 0 0 0 0 0 0 0 0 0 0 0 0 0 0 0 0 0 77 5 0 0 19 84 83 55 0 0 -999 -999 -999 
P10529 2008 3 169 0 0 0 0 0 0 7 9 0 0 12 20 0 0 0 0 0 0 9 0 0 0 0 0 0 4 0 3 0 0 
P10529 2008 4 0 0 0 0 0 51 0 2 0 0 0 0 0 0 54 0 30 0 0 19 0 0 0 0 0 0 0 0 33 66 -999 
P10529 2008 5 46 28 29 0 25 75 62 20 0 0 0 0 0 0 0 33 25 13 26 56 45 0 0 11 0 0 0 0 9 16 0 
P10529 2008 6 35 0 0 26 27 38 26 0 20 0 0 0 0 28 0 16 0 43 0 0 0 0 0 0 0 0 48 0 0 0 -999 
P10529 2008 7 0 0 0 0 0 0 46 0 0 37 53 36 40 77 0 0 0 0 18 16 34 0 0 0 25 0 0 0 0 0 50 
P10529 2008 8 41 54 33 0 0 0 0 0 0 36 19 0 0 0 0 0 0 28 18 9 0 0 0 0 0 0 0 8 13 0 0 
P10529 2008 9 0 0 0 33 51 33 0 0 0 0 0 0 0 0 0 0 0 0 0 0 0 16 0 0 0 25 0 0 20 0 -999 
P10529 2008 10 0 0 0 0 0 0 19 0 0 0 25 27 21 0 0 0 0 0 0 0 33 0 0 0 25 0 15 0 35 0 19 
P10529 2008 11 0 41 0 46 0 0 13 0 23 0 0 38 0 0 0 0 0 0 0 0 0 3 0 0 0 7 0 0 0 0 -999 
P10529 2008 12 0 3 0 0 0 28 0 0 26 0 0 0 0 0 24 13 0 0 0 0 0 0 0 0 0 0 0 0 0 0 0 
P10529 2009 1 0 0 0 0 6 0 0 0 9 0 0 24 42 0 0 0 0 0 0 0 0 0 0 0 0 0 0 8 6 0 0 
P10529 2009 2 0 0 0 0 0 17 33 0 0 0 0 0 0 9 0 0 0 0 0 0 1 0 6 23 0 0 0 5 -999 -999 -999 
P10529 2009 3 0 75 45 0 0 0 0 0 38 60 33 0 0 0 44 16 0 0 0 0 0 0 9 0 0 0 0 40 0 0 0 
P10529 2009 4 0 0 107 28 0 54 65 10 0 0 0 38 0 0 23 0 0 0 0 0 66 80 0 0 21 0 0 14 0 0 -999 
P10529 2009 5 62 43 14 0 50 61 0 0 17 38 0 11 0 0 0 16 0 27 45 50 119 90 59 0 42 0 0 31 0 0 0 
P10529 2009 6 32 32 24 0 0 46 35 21 0 0 0 0 0 0 0 0 0 0 0 0 0 0 0 0 0 0 36 0 0 0 -999 
P10529 2009 7 0 45 32 0 0 44 0 0 0 0 0 0 0 0 23 0 0 18 33 0 41 0 0 60 54 0 40 32 18 0 0 
P10529 2009 8 0 0 0 0 0 0 0 38 0 48 43 27 22 24 9 0 0 0 0 0 0 0 56 0 0 0 19 17 0 0 0 
P10529 2009 9 0 20 0 0 0 0 0 25 0 0 50 0 39 0 0 0 43 38 36 37 0 0 19 0 0 0 0 0 14 0 -999 
P10529 2009 10 0 0 0 44 0 0 0 0 0 0 0 0 15 11 0 29 38 55 0 0 0 0 0 0 10 0 12 0 0 0 0 
P10529 2009 11 0 0 0 0 0 0 19 0 0 0 0 0 3 0 0 16 0 0 0 0 0 0 9 7 0 46 29 0 0 10 -999 
P10529 2009 12 0 0 0 0 0 0 0 34 18 0 19 5 0 0 0 0 0 0 33 0 21 0 0 0 0 0 0 0 17 0 0 
P10529 2010 1 4 8 0 38 0 24 27 0 0 23 0 0 19 18 0 16 0 0 0 0 14 0 0 0 0 0 0 0 8 0 28 
P10529 2010 2 0 0 0 9 0 25 37 0 0 0 0 0 0 7 0 14 0 0 0 0 0 0 0 0 0 0 0 5 -999 -999 -999 
P10529 2010 3 0 0 0 0 5 0 72 74 57 39 39 26 0 0 9 0 0 8 0 112 108 19 0 0 0 0 0 0 0 0 0 
P10529 2010 4 0 0 0 0 27 28 36 65 42 33 0 67 0 52 49 65 43 32 14 0 43 48 28 0 0 39 12 0 0 0 -999 
P10529 2010 5 23 0 0 50 0 40 25 22 0 0 57 90 36 0 38 35 40 0 0 0 0 0 32 0 0 75 0 0 24 0 38 
P10529 2010 6 0 0 34 0 20 22 13 0 0 0 0 0 0 54 0 46 0 0 0 0 0 25 0 0 0 41 0 53 68 0 -999 
P10529 2010 7 18 0 0 0 38 0 33 30 0 0 42 0 0 0 0 0 26 0 0 0 0 47 0 51 0 0 0 26 34 0 0 
P10529 2010 8 0 45 0 0 43 24 0 0 0 0 52 40 31 0 0 46 0 42 0 0 0 0 0 39 0 0 14 0 0 0 29 
P10529 2010 9 0 0 0 0 14 0 0 0 35 80 53 0 0 38 0 0 0 0 0 18 0 0 0 0 0 0 0 0 0 0 -999 
P10529 2010 10 0 0 0 0 0 15 0 20 0 0 14 0 0 0 0 0 18 0 0 15 36 45 43 0 0 0 0 0 0 0 3 
P10529 2010 11 1 0 0 0 0 0 0 0 14 0 0 0 0 0 13 0 0 0 0 0 0 2 0 7 0 11 0 0 0 0 -999 
P10529 2010 12 0 0 0 7 20 0 6 7 0 0 0 0 0 0 32 0 0 4 0 0 0 0 0 0 0 0 0 0 0 0 0 
P10529 2011 1 0 0 0 0 5 0 0 11 0 0 0 0 0 0 0 0 0 0 0 0 0 7 17 25 0 0 0 0 0 0 0 
P10529 2011 2 0 0 0 0 0 0 0 0 0 0 0 2 0 0 0 0 0 0 0 0 0 0 19 0 0 0 0 54 -999 -999 -999 
P10529 2011 3 55 0 51 64 65 0 0 0 0 0 0 0 28 0 0 50 59 12 0 8 0 0 15 14 10 0 0 58 32 0 26 
P10529 2011 4 44 48 0 38 24 0 0 0 0 41 0 0 44 0 0 0 64 68 45 0 0 0 0 0 0 0 0 0 0 29 -999 
P10529 2011 5 0 15 11 0 0 16 20 0 53 0 0 0 0 0 0 0 0 0 0 0 0 51 0 0 0 0 42 38 50 59 28 
P10529 2011 6 0 0 0 7 0 0 0 0 0 0 0 0 0 0 48 0 0 0 0 0 36 0 46 51 48 0 0 30 0 0 -999 
P10529 2011 7 14 0 0 0 0 0 23 0 0 0 0 22 0 40 0 18 0 0 0 0 62 23 0 0 19 22 0 0 0 0 33 
P10529 2011 8 0 0 29 0 11 0 0 0 0 0 0 0 0 0 29 0 0 0 0 0 0 0 0 27 0 0 7 0 23 22 48 
P10529 2011 9 63 0 0 0 0 0 0 0 36 48 0 20 0 0 0 0 0 0 0 0 18 0 0 0 0 0 0 0 0 0 -999 
P10529 2011 10 28 0 0 52 0 35 0 0 0 0 23 28 28 0 0 0 0 11 0 0 0 0 0 0 21 0 0 7 34 46 94 
P10529 2011 11 0 0 0 0 9 0 113 0 41 0 0 37 0 0 0 0 29 27 0 0 0 39 0 57 0 0 0 0 0 0 -999 
P10529 2011 12 0 0 0 102 0 0 0 0 0 0 0 0 0 0 0 0 3 0 0 0 0 0 0 0 8 0 0 0 0 0 0 
P10529 2012 1 0 24 5 0 0 0 0 0 3 0 0 0 0 0 0 0 0 18 0 0 0 0 0 0 0 21 0 0 0 3 0 
P10529 2012 2 0 0 0 36 5 0 3 0 0 0 0 0 0 12 0 8 0 10 11 0 0 23 0 0 11 43 0 0 -999 -999 -999 
P10529 2012 3 10 19 65 142 52 0 0 3 0 0 0 0 2 0 0 0 0 38 0 0 48 0 0 0 0 6 0 0 0 0 0 
P10529 2012 4 0 0 0 9 0 0 0 0 0 19 7 20 0 56 0 20 0 0 0 0 0 20 22 39 0 45 0 0 12 0 -999 
P10529 2012 5 0 0 87 0 0 0 100 98 37 38 0 0 0 28 19 19 0 0 0 21 0 0 25 24 0 31 0 0 10 0 0 
P10529 2012 6 0 0 0 0 0 0 0 0 62 42 0 42 37 62 0 0 0 0 0 0 31 33 0 0 16 0 0 0 38 35 -999 
P10529 2012 7 0 0 12 0 48 0 0 0 0 40 0 0 0 0 19 0 68 125 40 0 32 0 0 0 0 58 0 0 0 37 48 
P10529 2012 8 0 0 0 0 0 0 0 20 0 0 0 0 15 0 0 0 45 33 30 27 0 0 0 0 0 0 17 15 30 24 0 
P10529 2012 9 0 0 0 12 0 0 0 21 0 0 0 41 0 0 0 0 0 0 0 0 0 0 0 0 0 0 0 29 0 53 -999 
P10529 2012 10 0 22 0 0 0 0 0 0 25 0 59 0 0 0 10 0 0 20 0 0 0 0 0 20 26 25 0 11 4 0 0 
P10529 2012 11 0 0 28 53 0 0 0 0 0 0 8 0 0 0 0 0 0 0 0 0 0 0 0 0 6 2 8 0 0 0 -999 
P10529 2012 12 0 0 0 0 0 66 78 13 0 0 17 0 0 0 0 0 19 0 11 0 0 0 0 0 0 0 0 0 0 0 31 
P10529 2013 1 33 21 15 10 0 0 0 0 0 0 0 0 0 0 0 0 0 0 0 6 0 0 0 4 0 0 0 0 0 0 0 
P10529 2013 2 0 0 0 0 0 0 1 0 0 0 0 0 0 0 0 0 0 17 0 8 0 13 0 8 0 0 0 0 -999 -999 -999 
P10529 2013 3 11 0 0 0 12 0 0 83 58 0 0 21 24 23 6 0 25 17 11 0 20 0 50 24 24 0 35 61 92 0 61 
P10529 2013 4 130 0 18 0 0 0 0 0 0 0 0 0 19 0 25 0 0 0 0 0 0 0 0 20 70 46 0 0 16 14 -999 
P10529 2013 5 0 0 25 0 16 0 0 68 46 0 0 0 18 0 44 66 40 0 19 30 0 0 0 0 0 0 0 0 0 0 46 
P10529 2013 6 0 0 0 21 0 0 37 0 80 0 0 0 39 0 0 0 0 20 0 0 0 0 22 0 0 74 0 0 0 0 -999 
P10529 2013 7 28 0 0 0 0 0 0 0 0 0 0 0 40 0 0 0 0 8 0 0 32 37 48 0 0 0 0 33 0 46 0 
P10529 2013 8 0 40 0 0 55 0 42 41 0 22 0 0 10 0 23 65 0 0 0 0 0 0 36 0 34 0 0 0 0 26 0 
P10529 2013 9 0 29 47 0 0 0 0 20 20 0 35 0 0 0 0 24 24 0 0 0 54 62 0 0 23 0 0 0 0 0 -999 
P10529 2013 10 0 0 0 0 0 0 26 0 18 0 0 36 0 0 26 0 25 39 0 0 0 0 0 0 14 21 0 0 0 0 0 
P10529 2013 11 0 0 0 0 0 0 0 11 0 0 0 0 14 0 0 0 0 52 72 0 8 0 0 0 35 0 15 34 10 0 -999 
P10529 2013 12 0 3 0 0 0 0 0 13 0 0 0 0 0 0 0 0 0 0 0 0 0 0 0 17 0 0 22 0 0 34 23 
P10529 2014 1 20 0 0 0 0 0 0 0 0 13 0 0 0 0 0 0 0 0 0 0 0 0 0 0 15 25 0 42 146 0 0 
P10529 2014 2 0 0 0 3 0 0 0 30 0 3 0 0 0 0 0 0 0 0 0 7 0 0 0 0 0 0 0 45 -999 -999 -999 
P10529 2014 3 0 76 85 0 0 0 0 0 0 0 0 0 0 0 24 0 0 23 0 0 19 0 0 0 0 14 25 0 0 0 26 
P10529 2014 4 25 0 40 0 98 56 28 27 30 0 0 14 0 0 83 56 0 0 0 0 0 0 0 28 0 23 33 42 24 0 -999 
P10529 2014 5 30 0 8 36 43 0 0 0 20 0 0 0 0 28 25 38 0 34 61 0 0 48 36 0 0 0 41 0 0 0 25 
P10529 2014 6 0 0 0 0 0 18 22 28 28 18 10 0 0 0 35 24 28 0 0 55 0 0 0 32 38 0 0 0 0 28 -999 
P10529 2014 7 0 0 0 0 0 33 0 0 0 0 0 0 0 0 0 0 22 0 23 38 45 29 0 0 0 0 27 0 0 0 23 
P10529 2014 8 0 0 0 23 0 0 0 0 0 0 0 0 19 16 0 28 28 0 0 0 32 0 0 0 0 0 0 0 0 0 0 
P10529 2014 9 22 31 0 0 0 0 0 0 0 0 0 0 0 0 0 77 0 0 12 0 0 0 0 0 6 0 0 0 0 95 -999 
P10529 2014 10 0 25 20 0 0 33 0 0 0 0 11 0 0 21 0 0 0 0 0 0 0 12 0 0 0 21 0 0 0 0 0 
P10529 2014 11 0 0 0 0 0 8 0 0 0 9 0 0 0 0 0 0 0 0 6 0 0 0 0 0 1 3 0 0 0 0 -999 
P10529 2014 12 0 0 0 0 0 0 0 0 0 0 0 0 0 0 0 0 0 0 0 0 0 0 0 13 0 0 11 0 0 0 0 
P10529 2015 1 0 0 0 12 11 0 0 0 71 45 0 0 0 0 0 0 0 0 7 0 0 0 0 0 9 0 0 0 0 0 0 
P10529 2015 2 0 13 0 0 0 0 0 0 0 3 0 0 0 0 0 0 0 0 0 0 0 0 0 0 0 0 19 26 -999 -999 -999 
P10529 2015 3 0 24 0 19 0 0 0 0 46 77 87 35 0 0 35 0 0 0 0 0 0 0 0 0 0 0 6 0 0 0 0 
P10529 2015 4 81 131 31 0 0 7 0 0 20 0 0 0 0 0 0 0 27 24 0 20 24 26 0 0 12 0 31 0 46 69 -999 
P10529 2015 5 0 0 21 0 7 6 0 0 0 0 9 0 18 0 0 0 0 0 0 0 10 0 14 0 23 37 55 53 40 0 17 
P10529 2015 6 0 0 0 0 64 0 24 0 0 0 18 0 10 0 0 0 0 5 12 0 26 45 0 30 37 0 24 0 0 67 -999 
P10529 2015 7 0 29 0 0 48 0 22 32 0 0 0 0 0 0 47 0 20 0 0 0 28 0 0 0 37 0 0 48 0 0 0 
P10529 2015 8 0 21 29 21 0 19 0 0 0 0 0 42 0 0 0 0 0 0 0 0 27 0 0 36 22 31 57 0 22 21 0 
P10529 2015 9 0 0 48 0 0 0 0 0 0 15 0 0 0 19 0 0 10 0 0 0 0 0 0 15 34 47 26 17 0 0 -999 
P10529 2015 10 0 0 0 0 0 0 17 11 0 0 0 0 22 0 28 39 0 34 0 0 28 0 0 27 0 0 0 0 0 0 0 
P10529 2015 11 5 0 0 0 0 0 0 22 0 0 22 0 11 44 58 0 0 0 9 0 0 0 28 0 0 0 0 0 4 10 -999 
P10529 2015 12 57 91 0 0 23 0 11 21 0 0 0 0 0 0 0 0 0 0 0 0 0 0 0 0 0 0 0 0 0 5 0 
P10529 2016 1 0 9 0 19 0 0 0 0 0 0 0 0 8 0 0 0 0 0 0 0 0 0 0 0 0 0 75 77 52 39 49 
P10529 2016 2 38 0 4 0 0 0 0 0 11 0 0 0 0 0 0 0 20 0 11 0 0 0 0 0 0 0 0 0 -999 -999 -999 
P10529 2016 3 0 0 57 0 38 24 0 17 55 0 20 29 37 109 107 0 0 0 0 0 0 45 0 0 33 0 0 0 0 0 0 
P10529 2016 4 36 12 0 0 6 14 0 0 32 0 17 0 35 0 0 0 0 0 0 37 0 0 0 58 39 0 67 57 51 0 -999 
P10529 2016 5 0 0 16 13 0 0 0 53 0 23 0 48 53 41 31 40 0 0 0 0 0 0 0 0 22 14 0 0 81 74 0 
P10529 2016 6 36 28 0 0 0 0 0 0 0 35 0 0 0 0 31 0 0 0 22 0 0 0 0 0 0 26 33 42 23 14 -999 
P10529 2016 7 0 40 0 0 0 0 0 0 0 0 0 0 0 0 0 0 0 0 52 40 43 0 28 23 0 37 35 0 18 35 0 
P10529 2016 8 21 0 0 35 26 39 51 61 0 49 42 0 14 0 0 0 0 0 0 28 0 0 0 0 0 0 0 94 0 0 0 
P10529 2016 9 32 0 0 0 23 0 0 0 0 0 0 0 0 0 0 0 0 30 30 0 9 0 0 0 0 0 0 0 0 28 -999 
P10529 2016 10 0 0 0 0 0 0 0 17 0 14 0 0 0 0 0 0 89 0 40 29 0 55 0 0 0 0 14 0 0 36 0 
P10529 2016 11 0 73 33 0 25 0 0 21 32 0 0 0 0 5 7 0 0 31 24 56 0 4 0 0 19 0 0 19 0 34 -999 
P10529 2016 12 47 0 0 0 0 3 6 0 0 4 0 0 0 53 26 0 3 0 3 0 0 25 0 0 5 10 0 25 0 0 0 
P10529 2017 1 20 0 0 0 0 0 0 0 0 0 0 21 28 94 116 45 24 0 0 0 7 0 0 0 0 0 3 0 0 0 0 
P10529 2017 2 0 0 0 0 0 0 0 0 0 0 0 0 0 0 11 0 0 0 0 0 0 0 0 0 0 4 0 0 -999 -999 -999 
P10529 2017 3 0 0 0 0 0 6 0 13 0 0 0 26 23 31 24 0 0 0 0 0 2 0 12 0 56 31 0 83 0 0 16 
P10529 2017 4 0 19 0 34 16 3 0 15 0 19 20 18 30 39 0 32 13 0 0 17 28 32 0 48 0 0 29 0 0 34 -999 
P10529 2017 5 63 41 0 0 0 0 0 15 0 0 0 80 68 0 0 0 0 17 18 38 0 0 0 0 0 0 0 0 0 35 0 
P10529 2017 6 26 0 0 0 0 24 21 0 23 28 24 0 0 0 0 0 0 87 74 0 0 37 0 0 29 0 25 48 0 64 -999 
P10529 2017 7 45 0 0 43 35 0 35 0 0 44 0 38 46 0 0 0 0 28 0 0 23 0 23 0 0 0 38 0 0 0 52 
P10529 2017 8 59 65 0 18 23 36 0 43 38 0 0 21 0 29 18 19 0 0 66 72 129 0 0 0 0 0 0 0 0 0 0 
P10529 2017 9 49 47 0 0 0 0 0 0 0 15 0 0 0 0 22 10 0 6 14 0 0 23 0 18 0 0 0 0 0 22 -999 
P10529 2017 10 10 0 0 0 0 11 0 0 31 0 0 0 0 15 25 0 0 0 0 0 0 30 9 0 14 0 0 67 37 0 0 
P10529 2017 11 0 39 0 55 0 0 0 0 0 0 6 21 0 38 0 28 0 0 24 28 30 0 0 0 0 0 0 0 0 0 -999 
P10529 2017 12 0 11 0 0 0 18 29 34 44 15 0 41 0 0 0 0 0 0 14 20 0 0 0 0 8 13 14 22 0 0 22 
P10529 2018 1 55 0 0 0 0 0 0 0 0 0 0 0 12 0 0 0 0 0 0 14 0 0 3 0 0 33 0 0 0 0 0 
P10529 2018 2 0 0 13 0 0 0 0 0 0 0 0 0 0 0 0 17 0 0 0 0 0 17 10 0 0 0 0 0 -999 -999 -999 
P10529 2018 3 0 0 0 0 0 0 0 15 0 0 67 51 0 89 50 49 0 38 0 0 20 0 0 0 20 23 26 19 0 7 40 
P10529 2018 4 0 0 0 0 14 0 5 6 0 0 0 13 0 0 0 0 0 0 0 0 16 0 0 51 50 44 23 0 0 0 -999 
P10529 2018 5 0 57 0 0 0 11 7 0 15 0 61 0 19 0 0 12 0 0 0 50 41 66 61 0 0 44 0 0 34 0 0 
P10529 2018 6 0 15 0 0 24 22 0 0 21 0 0 0 37 0 0 28 16 0 0 0 0 0 21 0 0 0 0 0 0 0 -999 
P10529 2018 7 0 101 68 29 0 17 32 0 18 0 17 0 0 0 0 0 0 55 54 34 0 0 0 0 58 0 0 0 10 0 32 
P10529 2018 8 31 40 44 35 0 17 0 0 0 58 0 29 0 0 41 51 0 0 37 0 0 0 0 0 0 0 42 46 0 0 0 
P10529 2018 9 0 42 0 0 0 0 0 0 0 0 0 0 0 0 0 0 0 31 0 20 0 0 26 0 0 0 0 0 0 0 -999 
P10529 2018 10 0 0 0 34 0 31 0 0 32 0 0 35 21 24 31 0 69 0 20 21 0 0 48 29 0 0 0 0 0 0 29 
P10529 2018 11 0 0 0 42 40 0 16 0 0 48 88 91 0 0 0 1 0 0 0 0 0 0 0 0 0 0 0 0 0 3 -999 
P10529 2018 12 0 9 36 9 9 6 0 0 0 0 7 0 77 105 72 26 0 9 0 0 0 0 0 0 13 13 0 0 0 13 0 
P10529 2019 1 0 6 25 0 0 0 32 0 0 0 0 0 0 0 21 18 19 51 29 0 41 62 33 0 0 0 0 0 0 10 35 
P10529 2019 2 29 0 0 0 0 34 0 0 0 0 26 0 46 0 0 0 0 0 8 14 5 0 0 25 0 0 0 0 -999 -999 -999 
P10529 2019 3 0 0 0 0 0 0 0 0 0 0 0 0 0 0 0 0 0 0 0 0 0 0 0 0 0 0 0 60 113 0 7 
P10529 2019 4 0 0 0 18 0 0 0 18 49 45 40 58 29 53 59 57 49 0 0 0 0 0 35 96 56 26 0 26 54 92 -999 
P10529 2019 5 87 0 47 0 20 0 20 0 0 0 0 28 0 0 0 0 0 0 0 43 0 0 0 0 24 0 0 0 0 0 24 
P10529 2019 6 0 29 0 0 0 0 0 0 86 0 32 0 0 0 13 0 0 0 0 19 0 30 0 0 0 0 0 0 35 0 -999 
P10529 2019 7 0 0 0 50 0 0 0 0 40 0 55 47 0 28 36 0 0 0 0 0 39 23 0 0 42 60 0 0 0 0 18 
P10529 2019 8 0 30 0 0 48 0 45 0 0 8 0 32 27 0 0 0 0 0 0 0 0 0 0 0 0 0 0 24 0 0 0 
P10529 2019 9 49 0 22 0 0 37 78 126 0 89 39 0 0 0 0 0 0 0 0 0 0 0 35 0 0 0 23 27 0 20 -999 
P10529 2019 10 0 0 18 0 0 0 0 17 0 0 18 46 34 0 0 0 0 0 0 0 0 0 0 10 13 16 0 5 0 10 0 
P10529 2019 11 29 0 8 0 8 0 9 0 0 0 0 0 0 0 0 0 0 0 0 0 56 22 35 32 67 41 0 10 0 0 -999 
P10529 2019 12 0 0 0 0 0 0 0 0 0 0 0 0 0 0 7 0 0 0 0 0 0 0 0 0 0 0 0 6 7 0 0 
P10529 2020 1 0 0 0 5 0 0 0 8 0 0 0 0 0 0 0 0 0 0 1 0 0 0 0 6 0 0 29 37 0 0 26 
P10529 2020 2 22 18 0 0 0 0 27 0 0 0 0 0 0 5 0 0 0 0 0 0 0 0 0 0 0 17 0 0 -999 -999 -999 
P10529 2020 3 0 0 1 0 0 3 0 0 0 0 0 6 0 3 0 0 0 0 0 12 18 0 0 0 0 0 25 30 38 25 34 
P10529 2020 4 0 61 48 24 14 0 18 0 0 6 0 0 0 0 0 0 20 0 0 26 23 27 18 0 15 0 7 16 0 12 -999 
P10529 2020 5 0 0 0 0 0 0 0 0 0 0 0 0 0 0 0 0 27 0 0 0 0 30 0 16 18 0 4 0 31 0 32 
P10529 2020 6 29 0 0 34 22 0 0 63 34 30 0 47 38 0 49 40 36 0 0 0 0 0 0 61 0 26 31 0 0 0 -999 
P10529 2020 7 36 0 17 0 0 0 34 0 0 46 0 0 0 0 30 0 0 71 0 27 0 41 0 0 27 0 0 25 35 44 0 
P10529 2020 8 40 33 24 0 0 0 0 0 34 0 0 0 0 0 0 17 0 0 0 0 0 38 0 38 0 0 0 0 23 0 26 
P10529 2020 9 36 0 0 0 0 24 25 19 0 0 0 8 0 0 0 0 0 0 0 19 0 0 0 0 0 0 0 0 0 0 -999 
P10529 2020 10 19 0 0 0 0 54 65 0 32 24 22 11 0 0 12 0 2 8 0 0 0 0 0 13 0 0 38 0 0 9 0 
P10529 2020 11 0 0 43 0 27 77 0 7 0 0 0 0 0 0 19 0 0 0 0 0 38 0 35 20 60 0 0 19 0 10 -999 
P10529 2020 12 0 0 4 0 0 0 0 0 0 0 0 0 0 0 0 0 0 0 0 14 16 0 13 0 0 0 10 0 0 0 0 
P10529 2021 1 25 0 0 0 0 11 0 0 0 0 0 0 0 0 0 0 0 0 26 0 0 0 0 0 0 0 6 0 0 17 15 
P10529 2021 2 0 10 0 7 10 0 12 0 0 0 0 0 0 0 0 0 0 0 0 11 0 0 19 5 0 4 8 0 -999 -999 -999 
P10529 2021 3 0 47 27 0 0 0 0 0 0 26 0 5 0 24 6 0 7 0 0 0 0 0 0 0 0 0 0 7 0 0 0 
P10529 2021 4 0 0 52 43 0 0 0 0 7 0 0 0 0 0 0 0 0 24 33 43 0 0 57 0 44 0 0 16 0 0 -999 
P10529 2021 5 0 17 0 66 51 0 0 0 0 0 0 0 0 0 0 0 0 30 0 17 0 30 0 0 0 36 0 0 10 0 44 
P10529 2021 6 45 79 119 43 0 0 0 0 0 0 28 0 28 0 0 0 20 0 61 0 15 0 0 16 21 30 35 42 45 45 -999 
P10529 2021 7 0 0 0 34 45 0 0 0 0 27 0 0 14 0 0 0 31 36 0 61 0 0 0 0 0 0 71 0 0 13 0 
P10529 2021 8 27 0 0 41 34 0 0 0 0 0 0 0 0 21 0 0 47 0 19 0 0 0 18 13 10 0 0 22 26 13 0 
P10529 2021 9 0 0 0 0 0 0 17 0 0 40 0 0 0 0 0 0 0 29 0 0 0 0 0 0 0 51 23 29 34 24 -999 
P10529 2021 10 0 0 0 0 0 10 18 5 0 0 51 16 15 0 0 0 0 0 0 0 29 20 0 51 0 0 0 5 24 0 0 
P10529 2021 11 0 0 4 0 0 56 60 0 0 29 0 20 0 0 26 0 24 24 0 0 0 0 1 0 1 5 0 19 0 8 -999 
P10529 2021 12 0 0 3 40 14 0 7 0 0 0 0 0 0 8 0 0 0 4 0 0 0 0 0 0 28 0 0 7 0 0 0 
P10529 2022 1 0 0 0 11 0 0 0 0 0 0 0 0 0 0 0 0 0 1 0 0 0 0 0 0 0 0 0 0 0 0 0 
P10529 2022 2 0 0 0 7 0 18 0 0 4 0 0 0 10 6 0 30 21 58 0 8 53 0 29 0 0 0 20 47 -999 -999 -999 
P10529 2022 3 9 0 23 0 196 34 0 0 0 51 0 21 70 82 0 15 0 0 0 14 0 0 0 0 0 12 0 0 0 27 0 
P10529 2022 4 0 14 24 0 0 0 20 0 0 0 30 50 0 0 56 64 0 0 0 53 0 0 0 34 0 47 17 0 0 19 -999 
P10529 2022 5 0 0 0 10 16 0 0 0 0 95 115 65 26 36 58 55 50 0 0 0 28 30 28 0 0 27 0 0 25 0 0 
P10529 2022 6 26 24 0 24 29 39 0 0 0 0 23 0 0 43 0 0 0 0 0 0 0 20 0 0 33 36 0 0 0 0 -999 
P10529 2022 7 27 0 48 0 0 0 0 0 0 0 0 0 0 0 52 18 0 0 0 0 71 0 46 0 55 52 33 0 0 28 34 
P10529 2022 8 16 0 0 17 0 0 0 0 37 0 0 0 49 28 0 0 0 0 29 0 33 0 52 0 0 11 0 0 0 0 0 
P10529 2022 9 0 0 0 0 5 0 0 0 0 0 16 0 33 40 0 29 0 0 0 0 0 30 0 0 8 0 0 0 0 0 -999 
P10529 2022 10 20 18 0 0 0 0 29 0 18 0 29 0 0 0 0 4 0 0 0 5 0 0 0 0 0 0 0 0 0 0 0 
P10529 2022 11 0 12 5 0 0 0 0 0 0 0 0 10 0 0 0 0 75 99 53 0 0 14 0 6 0 0 0 0 0 0 -999 
P10529 2022 12 0 29 36 0 0 20 16 0 0 0 0 0 0 2 0 0 0 8 0 8 0 0 11 0 0 0 0 41 58 0 0 
P10529 2023 1 14 0 26 0 0 0 0 19 0 0 0 0 0 0 1 0 0 0 0 0 0 0 23 13 0 0 0 0 0 0 0 
P10529 2023 2 0 0 14 27 0 0 7 11 0 0 0 0 0 0 0 0 0 0 0 0 0 0 10 8 24 46 50 71 -999 -999 -999 
P10529 2023 3 24 36 0 15 0 0 0 0 0 0 0 0 14 16 0 0 0 0 0 0 0 0 11 0 18 0 16 0 24 0 38 
P10529 2023 4 0 0 25 31 12 30 24 59 61 0 0 16 0 0 45 54 23 45 0 0 0 0 0 0 0 23 44 77 18 0 -999 
P10529 2023 5 0 0 0 9 0 0 0 0 0 0 0 0 28 0 32 60 34 0 0 35 16 0 0 9 0 0 0 0 0 0 0 
P10529 2023 6 18 0 0 0 0 14 0 0 0 29 0 0 0 0 0 0 37 0 65 0 0 0 0 0 0 0 0 0 0 0 -999 
P10529 2023 7 0 0 24 0 34 0 0 18 31 48 0 0 46 37 0 0 39 0 0 35 0 0 60 69 0 0 0 0 0 31 0 
P10529 2023 8 0 0 0 0 0 0 42 0 0 26 0 0 0 37 0 36 0 0 0 0 0 0 0 0 0 0 0 37 0 0 0 
P10529 2023 9 35 51 0 0 0 18 28 0 26 0 17 18 0 0 0 0 0 0 15 0 0 0 0 24 33 27 0 0 49 0 -999 
P10529 2023 10 121 141 158 0 57 0 0 0 28 0 0 13 0 23 36 0 0 0 0 0 0 0 0 0 0 25 0 0 4 0 0 
P10529 2023 11 48 0 20 0 0 15 19 0 33 0 58 34 25 0 0 0 20 17 0 0 0 0 0 9 11 0 0 0 0 0 -999 
P10529 2023 12 0 0 0 0 0 0 0 0 9 0 2 0 0 0 0 0 0 0 0 10 0 0 0 4 0 0 0 0 7 0 0 
P10529 2024 1 0 0 0 0 0 0 0 0 106 36 0 0 0 0 0 0 0 0 0 0 0 0 0 0 0 0 10 0 0 0 0 
P10529 2024 2 93 241 71 0 0 0 0 0 0 0 0 0 0 0 0 37 53 8 0 0 10 0 18 57 0 0 0 0 -999 -999 -999 
P10529 2024 3 15 0 4 0 6 0 0 33 0 0 0 0 20 0 0 0 16 28 0 0 0 0 0 0 85 21 19 0 5 0 0 
P10529 2024 4 20 0 0 13 30 0 0 0 0 0 0 0 13 21 43 0 43 0 43 51 29 0 50 0 9 0 11 0 0 0 -999 
P10529 2024 5 0 0 0 0 0 0 0 0 0 43 0 0 0 0 0 0 0 33 0 0 0 0 0 0 0 30 0 19 0 0 0 
P10529 2024 6 0 0 0 42 0 0 40 0 50 0 17 0 0 0 0 0 0 0 49 59 0 0 27 42 55 65 35 0 0 0 -999 
P10529 2024 7 0 21 0 0 56 57 0 14 30 45 0 0 39 32 40 0 0 0 0 0 0 30 0 0 0 0 0 55 0 0 18 
P10529 2024 8 0 0 0 26 0 27 0 0 0 0 0 0 0 0 0 0 24 0 0 0 0 32 0 0 0 0 46 0 34 0 60 
P10529 2024 9 19 18 0 0 0 0 0 0 0 0 0 0 26 0 0 0 0 32 0 0 0 0 0 0 0 0 0 15 0 9 -999 
P10529 2024 10 0 0 9 0 0 0 7 0 14 23 0 8 0 0 0 0 0 102 0 0 0 26 34 0 0 31 40 35 30 17 0 
P10529 2024 11 0 28 24 0 0 0 0 0 0 0 0 0 0 6 0 0 0 0 0 0 0 0 0 0 0 0 7 0 0 0 -999 
P10529 2024 12 0 6 0 0 0 0 0 0 0 5 12 0 0 0 0 0 0 0 8 0 0 0 0 0 0 0 5 0 0 0 0 
P10529 2025 1 0 0 0 0 0 1 0 0 0 23 0 0 0 0 12 0 0 0 8 0 0 0 20 0 66 48 43 28 0 0 0 
P10529 2025 2 0 0 0 10 0 0 0 37 60 36 0 35 37 0 20 28 0 9 0 0 0 0 46 0 0 0 0 0 -999 -999 -999 
P10529 2025 3 0 0 0 30 0 0 51 123 0 0 0 0 0 0 0 10 0 29 0 109 0 0 0 40 43 18 0 38 7 0 0 
P10529 2025 4 0 30 0 0 0 0 0 0 0 8 12 0 0 0 37 57 0 0 0 0 20 0 0 0 0 0 0 19 36 63 -999 
P10529 2025 5 0 0 26 33 22 0 20 26 37 0 0 30 32 21 0 14 34 75 0 18 23 0 45 79 0 0 0 30 0 0 0 
P10529 2025 6 0 0 14 0 0 41 0 0 57 0 0 0 0 0 0 0 0 20 0 0 32 0 0 62 0 0 0 30 42 0 -999 
P10529 2025 7 0 0 0 0 12 0 0 0 39 0 0 0 41 61 0 0 0 0 0 31 38 0 0 0 0 36 36 0 0 0 0 
P10529 2025 8 0 26 12 21 45 0 0 0 0 0 0 0 0 0 0 0 0 0 0 0 0 0 0 0 0 0 0 21 0 33 52 
P10529 2025 9 44 0 28 0 0 35 40 0 0 0 0 0 0 17 0 0 0 0 0 0 0 21 0 0 0 0 0 0 0 25 -999 
P10529 2025 10 18 0 0 0 17 12 0 0 15 0 0 12 35 0 0 0 13 11 0 0 0 0 0 0 29 0 48 0 82 0 0 
P10529 2025 11 0 0 0 0 0 0 0 0 0 0 0 2 0 0 0 2 17 0 5 0 0 0 0 0 0 0 0 0 0 6 -999 
P10529 2025 12 0 17 0 0 10 0 0 0 0 8 0 0 0 19 0 0 0 0 0 0 0 0 0 0 0 0 0 0 0 0 0 
P10529 2026 1 17 0 0 10 0 0 0 19 0 0 0 0 8 0 0 0 0 0 0 0 0 0 0 0 0 0 0 0 0 0 0 
P10529 2026 2 0 0 0 106 62 15 80 0 0 0 0 87 0 0 0 0 0 0 27 49 26 0 0 5 0 0 21 0 -999 -999 -999 
P10529 2026 3 0 0 0 0 0 0 0 0 0 0 0 0 0 0 13 12 27 35 0 20 33 100 0 0 18 0 10 0 0 0 0 
P10529 2026 4 0 0 0 0 0 0 0 21 31 37 95 28 0 43 19 0 0 0 28 0 0 0 14 0 18 0 0 59 75 0 -999 
P10529 2026 5 41 0 0 0 0 21 0 0 19 0 0 6 0 0 0 0 17 33 29 68 79 36 0 24 0 54 0 29 0 0 0 
P10529 2026 6 0 0 0 0 16 13 0 0 63 0 0 0 0 0 0 33 0 0 0 0 30 34 0 0 0 0 0 0 0 0 -999 
P10529 2026 7 0 0 0 47 0 0 0 0 0 0 0 0 0 0 0 0 0 0 25 0 0 0 0 0 0 37 39 0 0 0 21 
P10529 2026 8 0 0 0 0 21 0 0 0 0 0 0 0 0 19 32 31 0 0 0 0 0 0 0 0 0 0 0 33 0 0 26 
P10529 2026 9 23 0 0 25 0 0 17 0 11 0 0 0 0 0 0 50 0 0 0 40 0 33 0 0 0 26 0 0 20 0 -999 
P10529 2026 10 0 0 0 0 0 0 0 50 0 0 0 0 0 0 0 14 25 0 0 0 0 0 0 0 3 0 0 0 0 11 59 
P10529 2026 11 80 46 24 0 5 0 0 0 12 20 0 18 56 0 18 0 0 0 0 0 0 0 0 0 0 0 0 0 0 0 -999 
P10529 2026 12 0 0 0 0 25 0 0 0 25 27 0 0 0 0 5 0 0 0 0 0 0 0 0 0 0 0 0 0 2 0 0 
P10529 2027 1 0 0 0 0 0 0 0 0 0 0 0 0 0 0 0 0 29 11 0 33 21 0 0 0 0 0 0 0 0 0 0 
P10529 2027 2 0 0 0 0 0 0 0 6 0 0 0 25 0 59 0 49 33 35 46 17 0 0 0 0 0 0 0 17 -999 -999 -999 
P10529 2027 3 57 9 0 16 0 12 0 0 0 0 0 0 0 13 0 0 11 19 0 0 0 43 53 82 54 0 7 14 16 4 0 
P10529 2027 4 25 0 39 59 0 0 20 13 0 0 0 0 28 0 29 0 0 0 24 15 56 0 22 0 0 71 23 0 0 0 -999 
P10529 2027 5 12 0 0 65 0 0 10 0 19 0 0 0 0 46 0 0 56 53 65 46 0 0 23 0 0 32 20 0 0 24 37 
P10529 2027 6 68 21 0 0 21 0 0 26 22 0 54 0 19 21 15 0 0 55 0 50 22 0 18 33 39 0 22 23 0 0 -999 
P10529 2027 7 0 28 0 0 42 48 36 0 0 0 35 0 0 41 0 0 0 0 0 0 0 0 0 47 0 0 0 28 29 0 0 
P10529 2027 8 0 0 0 20 0 24 30 0 29 0 41 0 0 0 15 20 0 0 0 0 0 0 32 0 0 0 0 0 0 0 0 
P10529 2027 9 0 0 29 42 0 34 33 28 0 0 0 0 0 0 19 0 11 0 0 0 0 0 0 0 0 0 24 0 0 0 -999 
P10529 2027 10 9 0 0 0 0 0 0 0 0 0 0 0 0 0 0 0 0 0 0 19 0 0 0 20 0 0 0 0 0 9 0 
P10529 2027 11 0 0 31 47 38 0 44 0 0 0 0 0 0 0 0 0 0 0 0 0 0 0 32 52 0 39 35 11 0 12 -999 
P10529 2027 12 24 111 89 0 0 0 0 0 0 0 17 0 0 0 8 0 0 0 0 0 0 0 0 0 0 0 0 9 0 0 0 
P10529 2028 1 0 22 0 0 0 0 0 0 0 5 0 0 0 0 0 0 0 7 0 0 0 0 0 0 0 0 0 0 0 0 0 
P10529 2028 2 0 0 0 0 0 6 0 0 0 0 0 1 0 0 0 0 0 0 8 0 0 0 0 0 0 48 50 0 -999 -999 -999 
P10529 2028 3 0 46 127 223 22 0 8 0 0 32 29 0 0 30 31 32 0 0 0 0 0 0 28 22 0 3 0 0 20 0 0 
P10529 2028 4 26 0 32 54 0 0 36 68 48 45 55 0 0 0 0 0 0 0 0 0 0 0 0 0 0 17 0 19 0 64 -999 
P10529 2028 5 0 20 0 0 0 0 14 23 32 0 0 0 0 0 16 0 10 10 0 0 0 0 0 0 56 0 25 0 30 27 40 
P10529 2028 6 0 44 76 0 31 0 0 0 36 0 38 47 0 0 0 0 0 0 0 0 51 37 0 0 0 0 0 0 29 0 -999 
P10529 2028 7 0 0 31 28 66 43 37 32 45 0 23 51 0 18 0 21 0 0 22 22 18 0 30 54 0 0 22 0 0 0 46 
P10529 2028 8 0 0 0 10 0 0 41 0 0 0 0 0 48 0 0 35 39 56 52 61 0 0 38 52 50 0 37 0 0 0 0 
P10529 2028 9 0 36 0 0 0 0 0 0 0 0 0 0 0 22 37 0 0 51 57 44 12 0 0 0 0 11 13 13 0 15 -999 
P10529 2028 10 0 0 0 40 47 28 0 9 0 17 48 51 0 21 0 0 0 71 49 35 17 20 0 0 0 0 0 0 0 0 0 
P10529 2028 11 23 26 0 0 0 0 0 64 29 0 17 0 0 0 19 14 15 6 0 0 0 18 0 46 0 0 0 0 0 0 -999 
P10529 2028 12 0 0 0 0 0 0 29 40 0 9 2 0 0 0 0 4 14 0 0 2 0 0 0 0 0 0 0 0 0 0 0 
P10529 2029 1 0 8 0 29 0 0 18 0 0 0 0 0 0 0 0 0 0 0 0 0 0 0 0 7 0 38 36 60 72 0 0 
P10529 2029 2 0 12 0 0 7 0 0 6 0 0 0 23 0 2 0 0 0 8 0 0 0 19 0 0 0 0 0 0 -999 -999 -999 
P10529 2029 3 0 0 0 0 0 4 0 0 14 0 0 0 0 0 0 30 0 30 0 40 32 22 58 176 81 0 7 10 25 30 30 
P10529 2029 4 0 0 0 28 0 0 0 14 0 0 27 39 61 58 0 15 4 0 15 0 0 0 0 0 8 0 0 0 0 14 -999 
P10529 2029 5 0 0 81 41 0 0 41 0 0 0 0 0 0 0 0 0 0 0 0 47 0 41 0 26 0 10 0 0 29 0 0 
P10529 2029 6 0 0 44 0 119 0 0 0 0 0 0 0 35 0 38 42 52 0 61 77 0 61 0 46 34 0 0 0 0 0 -999 
P10529 2029 7 26 0 75 40 0 34 0 38 44 0 18 0 26 0 0 25 0 0 0 0 0 0 0 0 0 0 0 0 0 0 0 
P10529 2029 8 32 35 0 0 0 28 0 0 0 0 0 31 0 27 32 59 0 0 0 0 0 0 0 23 0 45 71 50 0 0 36 
P10529 2029 9 0 43 29 15 15 0 11 0 0 0 0 23 0 0 0 12 0 0 0 31 14 14 35 0 0 37 38 0 76 67 -999 
P10529 2029 10 22 0 0 0 0 0 0 0 0 0 0 0 0 0 0 0 0 0 0 0 16 0 0 0 0 0 23 0 0 19 10 
P10529 2029 11 27 0 18 0 0 0 4 0 0 15 0 0 0 0 7 0 0 0 5 15 10 0 0 32 41 0 0 0 31 27 -999 
P10529 2029 12 0 0 0 0 0 0 0 0 0 0 0 0 0 0 0 0 0 0 0 6 0 0 0 0 0 0 0 0 7 0 0 
P10529 2030 1 0 0 0 4 0 0 5 0 0 0 0 24 62 18 0 0 0 3 0 0 11 0 0 13 0 21 23 0 0 0 6 
P10529 2030 2 21 0 6 0 0 8 16 21 0 0 0 0 0 0 0 0 0 0 0 0 11 0 0 0 0 0 0 0 -999 -999 -999 
P10529 2030 3 0 0 0 0 0 0 0 0 0 0 0 0 25 0 0 0 0 0 76 214 0 0 37 37 36 0 0 0 0 0 0 
P10529 2030 4 5 0 0 0 42 0 0 39 0 13 19 0 0 73 0 0 34 42 0 19 7 10 0 10 0 0 45 67 30 0 -999 
P10529 2030 5 33 0 0 0 0 0 0 0 0 0 9 14 0 27 0 0 37 0 0 0 0 27 0 0 10 0 0 0 0 29 0 
P10529 2030 6 0 62 0 72 70 0 0 0 0 0 0 30 0 22 19 0 0 0 0 76 81 0 0 0 0 41 42 0 0 0 -999 
P10529 2030 7 0 24 0 30 0 45 0 0 47 0 0 0 0 0 0 0 0 0 0 0 0 31 0 33 51 63 0 0 0 0 0 
P10529 2030 8 0 33 0 0 0 0 0 41 37 0 0 31 33 23 0 16 0 0 0 23 0 0 0 0 0 0 21 19 0 0 0 
P10529 2030 9 29 0 28 0 0 53 0 38 32 31 0 24 21 0 0 0 0 26 34 0 0 0 41 48 0 0 0 10 0 0 -999 
P10529 2030 10 0 0 0 18 0 23 0 0 0 127 76 0 0 0 0 0 0 0 0 0 0 0 23 0 0 19 0 0 0 0 0 
P10529 2030 11 0 0 21 0 0 0 0 0 0 23 0 0 0 0 0 0 0 0 19 24 0 0 0 88 42 0 10 0 0 12 -999 
P10529 2030 12 35 0 9 14 17 13 0 0 38 0 0 0 0 0 0 0 0 0 0 0 0 0 0 0 0 0 0 0 0 0 0 
P10529 2031 1 0 0 0 0 75 88 9 0 0 0 14 0 0 23 0 0 0 0 53 142 0 0 0 100 67 0 0 0 41 0 34 
P10529 2031 2 18 0 0 1 8 0 19 0 0 8 0 0 0 0 0 0 0 0 0 0 0 0 5 0 0 0 0 0 -999 -999 -999 
P10529 2031 3 20 0 0 0 0 34 67 22 0 43 22 0 32 64 0 112 0 0 34 0 32 28 44 0 0 79 129 156 94 61 0 
P10529 2031 4 32 0 11 16 0 0 17 14 0 0 0 0 0 0 0 0 0 39 35 0 31 0 27 0 37 42 61 0 0 41 -999 
P10529 2031 5 0 49 48 23 0 0 0 40 35 0 0 0 9 0 18 31 22 0 12 11 0 0 16 0 0 21 0 0 0 0 0 
P10529 2031 6 0 0 0 0 0 0 0 0 0 0 44 0 0 0 0 52 49 0 0 0 31 11 0 0 0 14 0 26 0 0 -999 
P10529 2031 7 0 53 0 0 0 0 25 30 0 50 55 0 0 0 0 33 38 0 0 0 0 0 0 27 0 0 0 0 0 0 18 
P10529 2031 8 18 0 0 0 0 50 0 0 0 0 0 0 0 0 0 0 0 32 43 0 37 26 0 0 0 0 0 24 0 0 0 
P10529 2031 9 29 30 0 0 5 0 0 19 0 0 50 0 0 0 0 0 0 0 0 0 0 19 0 13 30 0 0 0 0 35 -999 
P10529 2031 10 32 0 26 0 0 0 0 0 0 0 0 0 0 29 25 0 0 0 0 34 0 0 4 0 0 0 0 0 11 17 0 
P10529 2031 11 99 38 0 47 48 10 0 0 0 0 20 0 20 13 0 0 0 0 0 0 12 0 0 0 0 0 0 0 23 43 -999 
P10529 2031 12 31 0 64 43 6 0 0 0 0 0 0 0 0 3 0 0 0 0 14 26 8 5 5 0 15 0 0 0 0 0 21 
P10529 2032 1 0 0 0 0 0 61 13 0 104 42 0 1 0 0 0 0 0 0 0 0 0 0 0 0 0 0 0 49 7 13 0 
P10529 2032 2 0 2 1 0 0 0 0 0 0 0 0 0 0 0 0 0 7 0 0 0 0 0 6 0 0 8 0 0 -999 -999 -999 
P10529 2032 3 9 28 56 0 0 0 0 81 119 0 24 0 0 0 0 0 14 0 15 0 0 0 19 0 0 31 0 0 0 0 0 
P10529 2032 4 13 0 0 98 139 162 36 60 0 0 0 15 0 0 11 0 0 0 27 21 31 22 14 0 0 0 0 0 0 15 -999 
P10529 2032 5 0 17 0 24 29 0 0 0 0 0 34 71 62 0 0 0 36 0 0 17 0 0 0 0 17 19 0 0 0 0 0 
P10529 2032 6 38 0 0 0 0 88 86 0 21 20 51 0 0 0 10 0 25 0 0 0 0 0 41 0 0 84 0 0 0 34 -999 
P10529 2032 7 28 0 55 69 0 41 0 19 0 0 52 68 0 0 0 0 78 0 0 0 29 32 0 0 0 0 45 50 0 0 35 
P10529 2032 8 0 40 0 0 48 0 17 0 0 0 0 56 19 0 18 36 0 80 60 0 9 0 20 0 35 32 14 0 0 0 0 
P10529 2032 9 0 0 0 29 0 0 20 19 0 26 34 0 0 0 0 0 0 0 0 0 0 0 0 0 0 0 0 0 0 0 -999 
P10529 2032 10 22 0 0 0 0 0 0 0 0 0 27 0 11 0 45 0 25 0 0 0 24 0 0 0 0 0 0 0 0 0 0 
P10529 2032 11 0 0 18 0 7 0 33 17 0 0 12 0 9 0 0 0 0 0 9 40 0 0 0 3 0 0 0 0 13 1 -999 
P10529 2032 12 0 0 0 0 0 0 0 0 0 0 0 0 0 0 0 0 0 19 25 3 0 0 0 0 0 0 0 0 0 0 2 
P10529 2033 1 17 6 0 0 0 0 0 0 0 0 0 0 7 6 0 0 0 0 0 0 0 0 0 0 0 0 0 0 0 0 0 
P10529 2033 2 0 0 0 0 0 0 0 0 0 85 47 0 0 0 24 28 0 21 0 6 0 7 0 0 0 4 0 0 -999 -999 -999 
P10529 2033 3 0 0 21 0 0 0 0 25 25 0 0 0 0 58 0 19 7 0 0 0 0 20 0 0 0 9 0 0 41 0 0 
P10529 2033 4 71 0 0 0 0 63 24 19 0 26 0 15 0 0 0 12 0 45 36 0 27 29 22 0 0 0 0 0 0 10 -999 
P10529 2033 5 0 0 0 0 0 0 0 0 0 0 0 0 34 0 43 0 59 0 78 0 0 56 0 0 58 0 0 0 0 19 0 
P10529 2033 6 0 40 21 0 38 30 39 0 0 0 0 0 0 24 0 0 0 0 0 40 35 0 33 37 0 0 23 36 39 21 -999 
P10529 2033 7 0 0 36 0 0 38 0 47 0 131 0 0 0 56 0 66 34 17 0 0 68 0 40 0 0 30 42 54 37 0 0 
P10529 2033 8 0 0 0 0 44 27 0 0 88 37 13 0 0 0 0 19 0 39 0 0 0 0 0 0 0 44 0 0 43 0 0 
P10529 2033 9 0 0 0 0 15 0 38 36 0 0 0 0 0 0 0 0 19 0 11 0 0 0 0 0 0 0 0 13 0 0 -999 
P10529 2033 10 0 0 48 43 0 0 0 0 0 0 0 0 0 29 88 42 0 11 0 0 0 0 0 0 34 0 0 0 0 0 0 
P10529 2033 11 20 0 26 0 0 0 0 130 0 0 0 0 5 8 0 27 0 0 0 0 0 0 0 0 0 0 0 0 0 0 -999 
P10529 2033 12 0 0 6 0 0 0 29 0 0 13 22 0 0 0 0 0 0 0 0 0 0 0 37 0 0 0 0 52 41 0 0 
P10529 2034 1 8 0 0 0 0 0 0 0 0 0 0 0 0 0 0 0 0 0 0 8 0 0 3 0 0 0 0 0 0 0 0 
P10529 2034 2 0 0 0 0 29 0 0 38 42 0 50 56 13 0 0 0 0 0 0 0 1 0 0 0 0 0 0 0 -999 -999 -999 
P10529 2034 3 0 0 0 16 0 0 11 0 0 0 0 0 0 0 0 0 0 0 0 0 21 27 0 0 0 0 0 0 11 14 0 
P10529 2034 4 0 0 16 0 17 0 5 0 0 36 39 0 0 0 45 0 68 0 52 0 0 0 0 0 0 0 0 14 0 0 -999 
P10529 2034 5 0 0 0 16 0 0 0 0 0 35 0 0 0 43 0 0 0 0 19 0 0 0 34 0 0 0 0 0 56 60 61 
P10529 2034 6 0 0 0 36 0 0 29 28 0 19 15 0 26 0 0 0 15 57 28 39 0 0 0 0 0 23 29 0 0 17 -999 
P10529 2034 7 36 53 0 0 0 0 0 38 0 0 0 0 82 0 0 0 43 0 0 0 0 0 0 0 0 0 23 0 0 0 0 
P10529 2034 8 0 11 0 29 20 0 0 0 0 0 0 0 34 23 0 0 0 0 25 0 0 0 43 57 0 74 0 0 39 52 0 
P10529 2034 9 0 14 0 0 0 0 0 17 0 0 0 24 13 0 0 0 38 49 0 0 0 0 41 47 0 0 0 0 0 0 -999 
P10529 2034 10 0 0 0 0 0 0 0 0 0 18 0 6 3 0 22 26 18 0 18 0 71 0 0 0 0 0 0 0 21 0 3 
P10529 2034 11 8 5 0 17 5 0 0 0 6 0 13 0 0 0 19 0 0 0 0 14 0 13 19 0 44 109 139 100 35 26 -999 
P10529 2034 12 29 0 28 64 0 0 2 0 0 0 0 13 9 0 0 19 0 14 0 0 17 0 0 0 0 0 0 0 0 0 0 
P10529 2035 1 0 0 0 54 28 0 0 0 3 12 0 0 0 0 0 20 14 0 0 26 26 15 0 0 0 0 0 0 1 0 0 
P10529 2035 2 2 0 0 0 0 0 0 0 0 0 0 0 0 0 0 0 0 0 0 0 0 17 0 19 0 23 0 0 -999 -999 -999 
P10529 2035 3 0 53 0 0 0 0 0 0 16 0 0 15 0 2 0 0 0 0 4 0 0 0 3 0 0 0 0 0 0 17 40 
P10529 2035 4 0 17 0 0 27 37 0 0 0 0 0 51 0 0 49 56 0 23 0 52 0 0 0 0 32 0 16 0 11 0 -999 
P10529 2035 5 9 36 0 0 0 44 62 0 60 0 0 32 32 0 20 0 0 0 0 0 0 36 0 0 0 0 0 4 0 0 0 
P10529 2035 6 0 0 0 0 28 0 32 16 0 0 28 0 0 0 22 0 0 0 0 0 0 0 14 0 23 27 0 0 0 0 -999 
P10529 2035 7 0 0 47 0 0 23 58 56 0 44 0 0 0 16 17 0 0 0 0 56 0 0 0 0 37 0 0 0 16 0 0 
P10529 2035 8 0 0 0 26 0 0 0 35 0 0 0 0 0 0 0 0 0 0 0 13 22 0 0 23 21 0 0 0 74 81 41 
P10529 2035 9 0 0 0 0 0 0 0 0 0 0 32 54 37 0 9 0 0 0 0 0 0 0 0 0 0 0 0 0 0 0 -999 
P10529 2035 10 0 0 0 0 0 0 0 0 0 0 0 0 18 8 10 0 0 0 34 53 0 0 0 0 15 28 0 0 0 0 0 
P10529 2035 11 0 40 79 18 2 0 0 0 0 0 0 0 0 0 0 0 0 0 0 0 0 13 0 0 0 0 0 10 10 0 -999 
P10529 2035 12 0 0 0 0 0 0 9 0 0 0 0 0 0 0 61 64 0 0 0 0 0 0 0 15 20 0 0 0 0 1 0 
P10529 2036 1 0 0 0 0 0 17 0 0 18 0 13 0 0 0 0 0 0 0 0 0 0 0 0 0 0 0 0 0 0 0 0 
P10529 2036 2 0 20 23 27 0 0 0 13 0 10 0 0 0 0 0 0 0 0 0 25 31 0 0 0 125 0 0 0 -999 -999 -999 
P10529 2036 3 0 50 0 0 0 9 0 25 0 19 0 0 0 35 59 32 0 0 64 0 0 0 6 0 27 0 22 37 16 25 16 
P10529 2036 4 0 39 0 7 57 83 205 92 0 22 15 16 0 0 0 0 0 0 0 70 58 0 39 0 45 28 0 0 9 0 -999 
P10529 2036 5 0 0 0 0 60 38 0 0 0 19 0 0 81 0 9 0 38 16 14 0 59 27 17 0 17 0 0 0 0 0 36 
P10529 2036 6 47 0 0 40 0 0 24 0 0 37 0 0 48 0 0 81 50 34 35 0 45 0 0 0 0 42 0 0 19 0 -999 
P10529 2036 7 34 51 0 0 21 11 0 0 0 0 33 0 0 0 0 24 0 20 0 9 0 15 37 28 0 0 0 0 0 0 41 
P10529 2036 8 0 0 0 0 46 53 36 0 0 0 0 0 0 0 19 0 0 32 0 31 0 0 0 0 0 0 0 0 0 0 0 
P10529 2036 9 33 33 0 0 21 0 20 0 0 0 0 0 19 0 0 0 0 10 0 8 0 0 18 0 0 0 0 9 0 0 -999 
P10529 2036 10 0 0 0 0 17 29 0 0 0 0 0 0 0 64 59 0 19 19 31 0 0 0 8 0 19 0 0 0 0 0 0 
P10529 2036 11 2 0 0 0 12 19 0 51 0 40 0 31 0 0 0 0 8 0 7 0 6 11 0 31 0 125 0 11 0 0 -999 
P10529 2036 12 0 0 4 0 0 0 0 0 0 0 0 0 0 0 0 0 0 0 2 0 0 0 0 0 0 0 19 0 0 0 21 
P10529 2037 1 25 18 0 0 1 0 7 9 36 34 0 0 11 26 0 0 127 74 85 91 30 0 0 6 0 0 0 0 0 0 0 
P10529 2037 2 0 0 0 0 39 0 0 0 0 0 0 0 23 19 40 92 0 30 0 0 42 13 6 0 0 11 10 26 -999 -999 -999 
P10529 2037 3 0 18 74 97 0 19 0 45 0 0 0 0 0 0 0 9 19 82 80 0 0 19 15 0 0 0 7 0 45 0 0 
P10529 2037 4 0 0 0 0 0 5 0 0 0 0 0 0 0 65 82 0 39 0 11 0 0 0 0 0 0 42 16 0 0 21 -999 
P10529 2037 5 0 8 0 35 0 49 26 16 0 0 0 0 0 0 0 0 0 20 0 48 0 0 0 0 38 0 0 0 0 30 0 
P10529 2037 6 0 66 0 0 51 0 58 41 0 39 0 0 28 0 37 38 0 52 71 0 27 30 0 0 31 60 0 0 0 0 -999 
P10529 2037 7 0 38 22 0 0 0 26 0 0 35 61 47 0 0 13 0 0 0 0 0 21 20 18 20 0 0 49 56 0 30 0 
P10529 2037 8 61 57 44 33 0 0 0 0 0 25 0 0 0 33 0 0 0 0 0 0 0 39 0 0 0 0 22 17 0 0 0 
P10529 2037 9 0 12 0 26 0 0 28 0 0 31 0 0 0 0 0 0 17 19 12 0 0 0 0 0 0 33 0 0 41 0 -999 
P10529 2037 10 14 10 0 0 0 0 0 0 0 21 0 0 0 0 0 0 0 0 0 0 18 0 0 12 14 14 0 0 0 8 0 
P10529 2037 11 21 0 0 0 0 0 0 9 0 0 0 0 0 0 0 0 0 0 0 19 0 141 29 0 24 0 13 11 20 0 -999 
P10529 2037 12 8 0 0 0 29 77 0 0 0 0 0 0 0 0 0 0 0 0 0 11 0 0 0 0 0 0 0 0 0 0 0 
P10529 2038 1 0 0 0 0 0 0 0 0 0 0 11 0 0 0 0 4 0 0 0 0 0 9 14 0 166 0 0 0 0 0 0 
P10529 2038 2 0 0 8 0 16 0 0 0 9 3 0 0 0 0 0 0 0 0 0 0 0 7 0 0 0 0 0 12 -999 -999 -999 
P10529 2038 3 0 0 0 30 0 0 0 26 0 0 0 0 37 0 52 40 0 0 0 0 0 0 0 0 0 11 0 0 0 0 0 
P10529 2038 4 0 0 0 0 0 0 0 0 0 0 0 0 0 0 0 0 43 0 0 0 0 0 0 0 0 0 0 0 0 0 -999 
P10529 2038 5 0 53 0 0 0 0 0 0 62 0 0 0 0 0 0 0 36 0 0 47 47 43 0 0 0 16 0 0 0 0 26 
P10529 2038 6 0 39 0 13 20 21 0 0 0 0 0 0 11 16 0 0 0 0 0 0 0 42 0 0 0 0 24 24 0 0 -999 
P10529 2038 7 0 49 38 65 0 0 22 0 32 0 54 28 0 30 21 0 0 42 0 0 15 0 36 0 0 0 28 0 0 0 49 
P10529 2038 8 22 16 0 0 0 0 0 0 0 0 0 0 0 0 0 0 30 0 0 0 16 0 0 0 0 0 0 0 0 23 18 
P10529 2038 9 24 0 20 0 0 0 25 26 0 0 0 0 0 0 26 31 0 0 14 0 0 0 0 0 0 7 0 0 0 0 -999 
P10529 2038 10 0 18 0 0 0 0 8 0 0 14 0 0 16 0 0 0 0 19 0 44 0 0 0 23 9 0 39 0 24 0 0 
P10529 2038 11 39 46 28 0 11 0 0 0 12 0 0 51 0 0 0 0 28 49 0 5 0 0 0 0 4 0 8 0 0 14 -999 
P10529 2038 12 5 0 0 0 0 0 0 0 0 0 0 0 0 0 0 0 0 0 0 0 12 0 0 0 33 0 23 37 50 103 106 
P10529 2039 1 48 0 0 24 64 0 0 0 0 0 0 17 0 4 0 0 5 0 0 0 0 0 13 0 31 19 0 0 11 9 0 
P10529 2039 2 0 0 0 0 0 4 0 0 0 0 39 0 0 0 0 0 10 0 4 0 0 0 0 5 0 0 29 25 -999 -999 -999 
P10529 2039 3 0 0 0 0 7 0 0 0 4 0 0 0 15 0 0 10 13 0 8 0 0 16 37 6 4 0 38 0 10 0 0 
P10529 2039 4 0 0 0 0 0 0 0 0 4 0 0 0 0 0 0 44 0 7 17 0 0 0 2 0 5 0 0 0 91 159 -999 
P10529 2039 5 51 29 0 81 75 0 0 0 0 0 39 0 0 31 43 46 58 0 0 0 0 0 30 0 0 0 32 30 35 24 0 
P10529 2039 6 18 0 0 35 44 0 27 0 50 65 80 58 36 0 0 0 66 0 0 0 4 0 0 0 0 0 0 0 0 0 -999 
P10529 2039 7 0 0 45 0 0 0 28 37 26 4 0 0 21 0 0 0 31 24 0 0 0 0 0 0 27 0 0 0 27 0 39 
P10529 2039 8 40 0 0 21 0 0 0 0 26 0 21 0 0 0 0 0 0 35 37 0 0 0 0 0 0 0 0 0 0 0 0 
P10529 2039 9 56 52 21 0 0 0 0 0 0 66 0 38 0 0 0 0 0 32 56 52 0 0 0 20 0 0 0 0 0 0 -999 
P10529 2039 10 0 0 0 0 22 26 0 0 0 0 100 0 51 0 0 0 0 0 20 91 38 0 0 0 15 0 8 0 9 0 18 
P10529 2039 11 37 0 0 0 0 0 0 0 0 0 0 0 0 0 8 10 0 0 0 0 0 0 0 0 0 0 0 16 0 0 -999 
P10529 2039 12 0 0 0 0 0 0 0 0 0 0 0 0 0 16 10 0 27 0 0 0 0 5 0 0 10 0 18 0 0 0 0 
P10529 2040 1 0 0 0 0 0 0 0 0 0 0 0 34 154 0 35 0 19 7 0 16 0 0 0 0 7 0 20 0 0 0 0 
P10529 2040 2 0 0 30 0 0 0 0 0 0 0 28 20 0 0 19 0 0 32 25 102 0 0 0 38 0 0 5 0 -999 -999 -999 
P10529 2040 3 0 10 14 0 3 0 0 0 0 0 0 0 0 27 0 0 0 20 0 6 0 1 0 42 57 46 44 45 32 0 0 
P10529 2040 4 44 64 90 89 57 0 28 17 0 15 0 7 13 0 68 45 40 0 0 0 0 0 12 0 0 0 0 0 5 7 -999 
P10529 2040 5 0 0 11 0 0 0 0 0 32 0 0 0 0 0 0 0 14 0 0 0 0 0 0 71 73 61 0 0 0 0 0 
P10529 2040 6 0 0 0 37 36 26 0 0 0 59 0 23 0 0 0 16 0 22 46 74 23 0 0 0 0 17 25 0 38 41 -999 
P10529 2040 7 47 0 19 24 40 45 0 0 0 33 0 0 0 0 0 37 0 0 0 0 0 0 43 0 65 0 0 0 30 32 0 
P10529 2040 8 0 29 0 31 0 0 0 0 0 0 0 0 0 0 0 0 0 0 0 26 0 0 43 0 0 51 0 0 45 43 0 
P10529 2040 9 0 76 70 0 30 0 35 0 0 0 0 0 0 70 110 72 68 0 140 0 27 0 42 46 0 17 0 0 0 0 -999 
P10529 2040 10 0 0 0 0 0 0 0 53 0 27 30 0 36 0 0 0 53 82 67 0 49 0 18 0 0 0 0 0 0 0 0 
P10529 2040 11 0 0 0 0 0 7 0 0 41 37 0 8 9 0 20 45 0 7 0 0 0 0 0 0 6 0 25 49 13 0 -999 
P10529 2040 12 0 0 24 28 34 0 0 0 0 0 0 0 4 0 0 0 0 0 0 0 0 11 0 0 0 0 0 0 0 0 0 
P10529 2041 1 0 0 0 0 20 0 16 0 0 0 0 0 0 19 0 0 0 15 4 0 0 0 0 26 36 0 19 0 0 0 60 
P10529 2041 2 46 0 0 0 0 0 0 16 0 0 0 183 94 0 30 33 0 0 0 0 0 0 0 0 0 0 0 0 -999 -999 -999 
P10529 2041 3 0 0 0 0 3 0 0 51 33 64 44 16 0 0 0 0 0 0 0 0 0 0 10 0 19 0 0 0 37 32 29 
P10529 2041 4 0 0 0 0 0 29 30 0 0 0 47 0 0 0 0 12 6 0 5 15 16 0 0 0 0 9 9 0 0 0 -999 
P10529 2041 5 0 39 107 188 0 69 56 61 50 0 0 0 0 44 41 0 0 0 30 0 0 0 17 0 0 0 15 3 0 0 26 
P10529 2041 6 0 24 0 0 0 0 0 0 0 38 0 0 49 0 0 0 0 19 46 72 153 0 0 0 0 0 50 94 45 0 -999 
P10529 2041 7 0 0 0 52 0 0 0 0 0 0 0 0 0 58 0 0 48 0 0 0 15 0 0 0 0 0 0 44 0 0 0 
P10529 2041 8 0 0 0 29 27 21 0 0 0 0 34 0 0 0 0 0 0 0 0 0 34 0 0 24 0 37 0 0 12 0 0 
P10529 2041 9 0 0 0 51 0 0 0 0 0 0 0 0 0 0 0 0 0 0 25 0 0 30 10 0 12 0 0 0 0 28 -999 
P10529 2041 10 0 0 17 0 0 0 0 0 0 0 0 0 0 0 11 0 0 0 0 0 0 0 0 0 0 0 16 0 0 0 19 
P10529 2041 11 39 54 0 29 41 22 0 22 0 6 80 0 35 0 0 0 0 0 0 0 0 48 26 0 74 54 42 0 0 15 -999 
P10529 2041 12 73 122 27 33 38 0 0 0 0 0 0 0 0 0 0 0 0 0 0 0 0 5 3 0 0 5 0 11 0 2 0 
P10529 2042 1 10 0 0 0 0 0 9 8 0 0 0 0 0 0 0 0 0 0 0 0 14 0 0 0 0 8 19 15 20 0 0 
P10529 2042 2 0 0 0 0 0 0 0 10 0 0 0 0 0 0 7 0 0 4 0 0 0 0 0 0 0 0 0 0 -999 -999 -999 
P10529 2042 3 0 0 0 0 0 38 44 0 24 0 41 42 0 0 0 0 6 10 25 32 0 103 52 53 65 58 0 31 35 48 0 
P10529 2042 4 41 43 61 44 0 0 0 7 20 0 0 0 0 0 0 0 52 62 0 0 0 0 55 50 0 21 0 0 0 42 -999 
P10529 2042 5 30 84 49 17 28 68 39 0 13 18 23 0 40 0 73 0 0 0 0 26 8 0 29 0 0 0 0 12 0 30 0 
P10529 2042 6 0 0 0 0 23 0 0 51 0 0 11 20 0 0 0 24 31 0 35 0 0 22 0 0 0 62 0 0 16 0 -999 
P10529 2042 7 0 77 0 48 0 0 0 60 20 0 40 0 43 0 0 26 0 0 0 0 0 0 0 0 0 0 0 0 0 0 0 
P10529 2042 8 0 0 42 0 0 0 0 0 0 0 0 36 0 54 0 0 0 0 0 0 49 0 0 42 0 0 0 0 0 0 0 
P10529 2042 9 0 0 52 0 0 0 29 0 8 0 23 0 0 0 0 0 34 0 56 37 0 0 0 0 0 26 0 0 0 0 -999 
P10529 2042 10 0 0 0 0 0 0 0 29 0 0 10 0 11 0 0 6 0 0 0 0 0 0 0 8 0 0 0 0 0 0 0 
P10529 2042 11 0 0 0 0 30 0 34 0 0 17 0 14 0 22 0 0 0 0 0 0 9 0 64 23 0 0 18 0 43 19 -999 
P10529 2042 12 3 0 0 6 0 0 0 19 0 0 0 39 64 64 0 0 0 0 0 0 0 0 3 0 0 0 24 0 0 0 8 
P10529 2043 1 0 0 7 0 0 0 0 0 0 0 0 1 0 0 0 0 56 94 23 0 0 0 0 0 0 0 0 0 0 0 0 
P10529 2043 2 0 0 0 0 0 0 18 0 15 0 8 0 0 11 0 54 0 0 0 4 0 0 0 33 0 19 0 0 -999 -999 -999 
P10529 2043 3 0 0 0 5 0 24 0 0 0 19 0 30 0 52 0 30 165 111 27 0 17 0 63 20 13 51 21 0 0 0 14 
P10529 2043 4 64 53 36 18 0 20 24 43 44 0 0 24 37 53 0 0 8 0 0 0 0 0 17 22 0 0 0 44 56 12 -999 
P10529 2043 5 0 0 0 19 34 0 0 0 16 32 0 36 0 92 40 41 0 0 41 0 0 22 38 0 0 0 0 0 8 0 0 
P10529 2043 6 0 0 0 0 26 0 0 0 0 0 0 0 37 14 0 0 0 24 26 0 26 0 0 0 0 13 20 0 0 0 -999 
P10529 2043 7 0 0 0 0 0 0 0 0 39 56 39 0 0 33 0 59 68 0 25 22 0 0 63 0 0 34 0 46 0 0 0 
P10529 2043 8 38 28 0 0 0 0 49 22 28 0 0 18 0 0 0 0 36 31 27 0 45 0 24 0 0 0 30 0 0 0 0 
P10529 2043 9 0 0 34 0 0 23 0 14 0 0 0 0 25 0 18 0 0 0 21 0 34 32 0 45 0 0 0 0 0 0 -999 
P10529 2043 10 0 0 23 16 0 6 0 0 0 0 0 26 0 8 3 0 0 13 0 0 75 36 20 0 0 0 0 0 0 4 0 
P10529 2043 11 0 6 0 0 90 63 0 0 0 0 0 0 0 0 8 0 0 0 26 0 0 0 0 0 0 0 0 0 32 22 -999 
P10529 2043 12 0 0 12 0 17 0 0 0 0 0 0 0 1 0 0 0 0 0 0 0 0 0 0 2 0 0 0 0 0 0 0 
P10529 2044 1 0 0 0 0 0 0 2 0 0 0 34 0 0 0 0 0 0 0 164 54 0 0 0 0 18 0 0 0 41 21 21 
P10529 2044 2 0 0 10 0 0 0 0 0 0 12 0 0 0 20 0 0 30 44 0 0 0 0 0 0 0 0 0 0 -999 -999 -999 
P10529 2044 3 0 0 0 0 0 0 0 0 0 0 0 40 48 0 0 0 13 12 0 0 0 4 0 9 0 0 35 104 48 0 0 
P10529 2044 4 26 34 38 29 0 20 0 0 0 0 0 6 0 8 7 0 0 55 11 0 13 14 28 40 156 239 72 35 36 38 -999 
P10529 2044 5 25 38 15 28 42 0 58 0 76 24 0 0 0 63 29 19 24 32 0 0 0 23 23 0 0 0 34 0 0 0 0 
P10529 2044 6 0 0 0 0 48 32 0 0 0 0 0 0 0 0 0 0 38 0 0 0 43 28 22 9 0 0 27 28 0 62 -999 
P10529 2044 7 69 0 0 36 57 0 0 0 52 71 0 44 0 0 0 43 0 50 42 17 0 0 38 0 0 0 30 0 0 0 0 
P10529 2044 8 55 0 0 0 0 0 31 0 0 0 0 0 15 0 0 37 26 0 0 0 0 0 0 0 26 26 0 0 38 0 0 
P10529 2044 9 0 0 0 0 23 36 0 0 0 0 27 0 0 0 0 0 33 38 53 44 44 40 0 35 35 0 26 21 0 11 -999 
P10529 2044 10 0 0 0 0 19 0 0 18 0 0 0 0 0 0 0 0 5 0 0 0 111 121 105 0 11 0 0 0 0 0 0 
P10529 2044 11 0 0 13 0 37 0 0 0 0 0 0 0 17 26 0 0 0 7 0 0 12 0 0 0 0 24 0 0 7 0 -999 
P10529 2044 12 0 0 0 0 0 0 0 0 1 0 0 0 0 0 6 0 0 4 0 73 0 0 0 8 0 0 0 0 0 0 0 
P10529 2045 1 0 3 0 0 0 32 18 10 0 0 8 0 0 0 0 0 0 0 0 6 0 0 0 0 0 0 0 0 0 0 0 
P10529 2045 2 0 0 0 0 0 0 0 0 1 0 0 28 0 0 0 0 0 0 0 0 0 19 0 0 80 42 0 9 -999 -999 -999 
P10529 2045 3 0 4 0 26 0 39 0 0 17 0 24 0 16 0 55 29 0 53 64 0 0 0 0 0 0 0 0 0 0 0 0 
P10529 2045 4 0 0 0 0 11 0 25 39 42 0 0 0 26 24 28 0 20 13 18 0 6 0 0 18 0 0 0 0 0 24 -999 
P10529 2045 5 20 0 0 0 16 0 0 0 0 0 0 9 0 0 0 0 0 0 46 0 62 38 0 0 35 0 34 0 0 0 19 
P10529 2045 6 0 0 0 16 20 28 0 40 0 59 75 55 0 62 51 0 0 0 0 52 63 0 0 20 0 35 0 0 27 34 -999 
P10529 2045 7 46 0 0 44 0 0 0 0 48 47 36 0 0 0 0 0 0 44 0 40 45 0 0 0 35 46 0 0 0 0 0 
P10529 2045 8 0 0 0 57 0 28 40 0 0 0 60 0 0 0 0 0 29 0 0 0 0 68 42 39 0 33 0 19 0 0 0 
P10529 2045 9 0 0 49 72 63 52 0 0 0 0 0 0 30 15 5 8 0 0 36 0 59 57 0 31 0 0 20 0 0 16 -999 
P10529 2045 10 14 14 0 0 0 57 0 0 15 0 0 0 7 0 9 0 0 0 0 0 0 0 0 0 0 9 9 0 0 0 0 
P10529 2045 11 0 9 0 0 0 0 0 0 0 40 0 0 0 0 26 18 0 8 0 0 0 0 0 0 0 0 0 0 0 0 -999 
P10529 2045 12 0 0 0 0 0 0 0 0 0 0 0 0 0 1 0 3 0 0 0 0 0 1 0 0 0 19 14 0 0 6 0 
P10529 2046 1 7 13 8 0 0 0 0 0 20 0 0 0 0 8 0 0 0 0 0 0 106 31 15 11 0 0 16 23 0 0 0 
P10529 2046 2 3 0 0 0 0 0 0 0 0 0 0 0 3 0 0 19 49 0 97 79 0 32 38 0 26 0 0 52 -999 -999 -999 
P10529 2046 3 0 0 18 24 0 0 0 0 0 0 0 0 0 0 0 0 0 0 0 0 6 0 0 14 53 42 37 31 0 0 19 
P10529 2046 4 0 0 0 44 15 0 28 60 30 34 25 0 24 0 0 38 0 58 101 87 50 0 29 0 28 0 33 0 0 54 -999 
P10529 2046 5 49 0 0 0 0 0 0 0 0 0 21 0 49 0 0 0 0 16 0 53 0 21 0 0 14 0 0 12 44 0 48 
P10529 2046 6 59 0 0 0 0 0 24 0 0 0 0 38 42 37 64 0 0 47 0 0 0 24 20 15 0 0 0 0 0 0 -999 
P10529 2046 7 0 0 0 0 0 0 59 0 0 0 0 0 0 0 0 22 0 0 0 0 0 0 0 0 0 47 0 0 0 20 0 
P10529 2046 8 0 19 0 0 0 22 0 38 37 0 0 0 27 0 50 0 36 30 35 38 0 32 24 0 0 0 0 0 0 0 0 
P10529 2046 9 0 0 0 0 36 27 0 0 0 0 0 0 0 0 0 13 0 0 0 0 0 0 24 0 0 0 0 0 0 41 -999 
P10529 2046 10 0 31 0 0 0 0 0 0 0 0 0 29 0 0 0 0 0 53 64 80 96 40 0 0 16 15 0 14 0 0 0 
P10529 2046 11 19 44 0 31 52 31 0 0 0 0 0 0 0 0 0 10 0 0 0 0 0 0 0 0 2 2 0 0 0 0 -999 
P10529 2046 12 0 0 0 0 0 0 0 0 0 0 0 0 0 0 0 53 0 14 0 0 0 0 0 0 0 0 13 0 0 5 0 
P10529 2047 1 10 20 0 0 29 26 27 0 0 0 56 0 0 0 0 0 0 0 0 0 4 0 0 0 0 0 0 1 0 0 0 
P10529 2047 2 7 0 9 13 0 0 0 0 0 0 0 0 0 0 36 20 0 6 0 27 0 0 0 0 0 0 0 0 -999 -999 -999 
P10529 2047 3 13 0 0 0 0 0 0 0 0 0 20 0 0 32 0 0 0 0 0 0 5 0 0 0 20 0 0 16 0 0 19 
P10529 2047 4 0 38 34 0 0 0 0 8 0 0 0 0 18 28 0 0 0 52 23 0 0 31 27 41 62 49 61 91 0 71 -999 
P10529 2047 5 0 0 64 36 23 0 69 0 274 128 32 0 0 0 19 0 0 0 0 27 0 34 67 0 0 0 0 16 0 0 0 
P10529 2047 6 16 0 0 0 0 0 0 20 0 29 0 42 0 77 0 0 0 0 0 28 0 0 0 18 0 14 0 0 30 0 -999 
P10529 2047 7 0 0 0 0 54 63 48 44 0 0 0 28 0 31 0 0 0 0 58 0 0 0 0 0 0 37 0 0 33 0 64 
P10529 2047 8 0 0 0 0 0 0 0 28 0 0 84 0 0 27 0 0 0 0 0 0 0 0 0 0 0 8 15 0 0 0 0 
P10529 2047 9 0 0 0 20 24 0 50 63 42 0 0 0 15 16 10 0 0 0 0 0 0 0 0 0 0 0 33 14 0 0 -999 
P10529 2047 10 0 36 56 51 0 0 0 0 0 12 0 9 0 29 0 0 0 0 0 0 0 0 0 0 0 26 35 0 73 43 27 
P10529 2047 11 0 0 50 0 0 0 0 0 0 0 0 0 0 0 0 0 0 20 0 11 0 0 34 25 0 0 0 0 0 0 -999 
P10529 2047 12 0 0 0 10 0 0 21 20 0 0 0 0 0 16 74 55 0 0 23 21 13 0 0 0 0 0 0 0 0 0 0 
P10529 2048 1 0 0 0 0 0 0 0 0 0 0 0 30 0 0 0 0 0 0 0 0 0 0 0 0 11 0 32 38 0 0 0 
P10529 2048 2 85 0 0 0 8 0 0 14 0 4 0 0 0 0 0 0 0 0 8 0 11 17 21 0 0 0 0 0 -999 -999 -999 
P10529 2048 3 0 0 0 0 0 0 0 0 0 0 0 23 12 0 0 0 0 165 122 74 0 0 0 0 27 0 81 0 0 60 35 
P10529 2048 4 0 0 0 0 0 34 60 47 0 42 30 0 0 59 0 41 47 0 42 19 0 57 66 0 0 0 33 36 0 32 -999 
P10529 2048 5 52 19 30 34 0 0 0 12 0 0 63 0 83 43 62 0 0 0 0 0 59 56 19 0 0 0 0 0 25 0 0 
P10529 2048 6 0 0 0 34 0 0 0 25 0 38 0 0 0 0 0 0 0 0 0 0 0 33 0 39 0 0 0 0 0 28 -999 
P10529 2048 7 40 36 34 29 26 0 0 43 38 0 0 25 30 0 28 0 0 0 38 0 0 0 0 0 25 31 0 35 48 0 0 
P10529 2048 8 0 0 54 66 0 0 0 33 0 15 27 0 17 0 12 12 0 0 0 32 0 15 0 0 0 0 0 0 0 20 0 
P10529 2048 9 0 0 0 0 0 11 0 0 0 0 0 27 0 23 31 25 14 0 0 0 0 0 0 0 30 0 29 0 0 0 -999 
P10529 2048 10 0 23 0 28 7 0 0 0 0 0 0 0 0 17 0 0 0 0 0 0 147 73 21 0 21 0 0 1 0 4 5 
P10529 2048 11 0 12 33 52 35 63 17 14 0 0 11 0 0 1 0 0 0 6 0 0 0 0 0 0 0 0 25 37 118 155 -999 
P10529 2048 12 0 0 0 0 0 0 0 0 0 0 0 0 0 0 0 0 0 0 3 13 19 0 0 5 0 0 0 0 0 0 0 
P10529 2049 1 15 0 160 81 17 14 0 0 13 18 16 0 5 0 5 0 0 0 0 0 0 0 0 0 0 0 0 0 0 0 0 
P10529 2049 2 0 0 0 3 0 30 254 236 0 51 0 97 88 57 56 159 66 75 69 36 68 0 0 34 0 0 0 0 -999 -999 -999 
P10529 2049 3 18 0 12 0 0 0 0 0 62 0 26 0 41 46 50 25 0 0 0 68 0 46 37 0 12 0 4 0 0 0 19 
P10529 2049 4 0 0 32 0 0 0 28 0 0 0 0 0 36 67 0 19 0 0 0 0 0 0 27 9 0 0 0 0 0 0 -999 
P10529 2049 5 0 13 31 15 8 24 0 0 0 0 0 0 0 0 0 0 0 0 37 37 0 40 0 0 0 0 0 0 0 23 0 
P10529 2049 6 0 40 9 0 0 0 0 0 0 0 0 0 0 0 0 0 0 0 0 0 28 0 0 0 0 0 39 0 0 0 -999 
P10529 2049 7 34 0 0 0 0 91 0 0 13 0 0 0 0 0 0 0 26 0 0 0 0 0 0 20 0 0 0 24 0 0 0 
P10529 2049 8 0 59 0 27 0 43 0 0 0 25 0 0 0 0 0 0 0 0 0 0 24 0 0 0 0 0 0 0 0 0 0 
P10529 2049 9 0 21 23 0 0 0 0 0 0 0 33 0 0 0 0 0 0 33 0 0 0 0 0 12 14 0 0 0 16 0 -999 
P10529 2049 10 0 0 0 0 0 14 0 0 9 33 59 0 0 17 0 31 0 0 5 0 0 0 0 0 6 0 5 0 0 0 0 
P10529 2049 11 0 0 0 0 31 0 0 31 28 0 6 0 0 0 0 0 0 0 0 0 0 0 0 0 0 0 0 0 0 0 -999 
P10529 2049 12 0 34 115 0 0 14 0 0 22 0 21 0 0 0 0 0 56 0 0 12 0 0 0 0 0 0 0 0 0 0 11 
P10529 2050 1 0 27 0 0 16 0 0 4 0 0 6 0 0 16 0 66 0 43 0 0 0 8 10 15 0 16 6 0 0 0 0 
P10529 2050 2 21 10 0 14 0 0 0 0 0 51 56 27 22 0 0 0 0 0 7 0 0 0 5 13 0 0 0 5 -999 -999 -999 
P10529 2050 3 0 0 0 0 5 0 0 0 0 0 0 0 0 0 0 0 0 13 0 0 18 5 6 0 0 50 42 31 31 0 0 
P10529 2050 4 6 0 0 11 6 14 0 0 0 18 0 0 44 0 27 0 0 38 0 0 32 0 10 26 0 0 0 36 20 21 -999 
P10529 2050 5 0 78 51 0 0 19 35 0 0 25 0 14 15 0 0 64 0 0 0 22 13 21 16 28 35 74 0 0 0 0 49 
P10529 2050 6 0 20 0 56 0 0 0 0 23 27 0 0 48 0 27 0 0 0 0 20 0 0 0 34 34 0 0 37 0 0 -999 
P10529 2050 7 0 0 0 0 0 10 0 0 0 0 0 0 25 0 0 0 0 31 0 0 25 0 0 0 0 0 0 35 0 0 0 
P10529 2050 8 0 22 25 62 0 40 64 0 36 0 87 48 0 0 31 0 0 0 0 0 20 0 30 56 0 0 0 0 0 0 0 
P10529 2050 9 0 29 0 18 21 0 0 0 0 0 0 0 0 0 0 0 0 0 11 0 0 0 0 0 0 0 0 0 0 0 -999 
P10529 2050 10 33 35 0 29 26 0 0 0 0 0 0 12 0 106 171 37 0 0 40 47 0 0 0 16 0 0 0 0 0 0 0 
P10529 2050 11 0 0 62 50 0 0 23 7 21 46 37 0 15 0 14 14 13 11 0 0 3 0 0 0 34 20 0 0 39 0 -999 
P10529 2050 12 14 0 13 29 0 0 0 0 15 0 5 0 0 0 20 0 0 56 68 26 0 0 0 0 12 0 0 0 0 0 0 
P10529 2051 1 0 0 0 0 0 0 7 0 0 0 21 18 0 9 0 13 8 0 0 12 0 0 0 0 4 0 0 0 0 0 30 
P10529 2051 2 30 0 30 0 0 11 0 0 0 0 0 12 0 11 0 0 29 24 13 43 29 0 0 13 0 0 0 0 -999 -999 -999 
P10529 2051 3 0 0 0 18 0 0 15 0 0 31 19 12 0 0 0 0 34 32 33 0 0 0 0 118 71 158 83 0 0 21 0 
P10529 2051 4 21 0 0 0 0 0 66 0 30 129 84 0 0 0 0 0 0 0 0 0 0 0 0 0 20 0 34 109 0 0 -999 
P10529 2051 5 0 0 55 78 47 35 15 0 0 0 0 18 0 0 0 0 32 21 0 39 0 0 51 0 34 0 0 0 0 30 29 
P10529 2051 6 0 0 54 0 0 0 0 0 0 0 39 36 38 0 0 0 0 0 0 0 0 0 0 0 0 0 0 0 0 0 -999 
P10529 2051 7 45 0 54 0 0 23 28 0 0 0 0 0 0 0 0 0 25 49 0 0 0 0 0 0 0 0 0 29 0 0 28 
P10529 2051 8 0 0 49 51 0 35 0 0 0 0 0 46 0 0 0 0 0 0 0 0 0 0 38 0 0 0 0 0 31 12 0 
P10529 2051 9 0 0 0 0 0 0 0 0 34 33 23 0 0 0 22 0 23 0 0 0 0 0 0 13 0 0 0 0 0 0 -999 
P10529 2051 10 29 32 0 0 28 18 0 0 20 0 0 0 0 0 6 4 0 0 0 25 0 0 0 0 28 0 41 0 49 40 0 
P10529 2051 11 26 19 19 0 0 0 0 0 0 0 5 0 0 0 27 20 0 0 37 38 0 15 0 0 0 0 0 0 0 0 -999 
P10529 2051 12 0 0 0 0 10 0 85 49 33 14 0 0 45 29 30 22 0 0 0 0 0 19 60 15 0 0 0 0 0 0 0 
P10529 2052 1 12 13 0 0 0 0 0 0 0 7 0 15 0 0 0 0 0 0 0 7 0 0 0 0 0 6 39 60 22 0 0 
P10529 2052 2 0 2 0 0 0 0 0 0 0 0 42 17 10 0 0 0 8 16 60 0 0 21 0 0 0 0 25 0 -999 -999 -999 
P10529 2052 3 0 0 0 0 0 5 0 63 37 0 18 0 27 62 0 35 0 0 15 0 0 15 18 36 0 0 9 0 0 0 3 
P10529 2052 4 0 0 19 20 0 0 0 0 0 0 0 0 11 0 0 0 0 0 0 0 15 0 0 0 0 0 0 26 25 25 -999 
P10529 2052 5 25 19 10 0 0 42 44 0 20 0 0 53 0 0 0 0 0 0 0 0 22 0 0 43 0 0 0 0 44 28 21 
P10529 2052 6 0 12 20 0 0 0 0 0 0 21 59 72 0 62 20 0 0 9 0 9 0 0 0 35 0 0 11 0 0 0 -999 
P10529 2052 7 42 70 0 0 6 0 0 0 0 0 0 0 41 0 36 0 0 0 36 27 26 0 65 0 0 0 0 0 0 0 61 
P10529 2052 8 0 17 0 0 0 0 19 0 0 0 0 0 0 0 0 25 0 0 0 0 44 0 0 28 0 0 39 0 0 0 0 
P10529 2052 9 28 0 0 0 0 0 36 43 0 0 20 0 0 0 0 0 18 0 27 0 84 0 62 0 0 0 23 24 0 32 -999 
P10529 2052 10 24 0 0 0 0 0 7 0 7 0 0 0 0 8 0 0 0 11 0 0 0 0 0 0 0 0 0 0 0 0 0 
P10529 2052 11 0 0 69 110 121 0 0 0 0 0 0 0 0 0 0 0 57 0 91 0 0 0 15 0 14 23 49 69 28 19 -999 
P10529 2052 12 34 47 9 0 0 0 0 11 14 71 70 72 39 0 1 0 0 0 0 0 0 8 0 0 0 0 0 0 0 0 0 
P10529 2053 1 0 0 0 0 0 0 0 0 0 0 0 0 0 0 0 0 0 0 0 0 0 0 0 6 0 0 0 0 0 0 0 
P10529 2053 2 0 10 0 9 0 0 36 0 21 0 0 8 18 0 0 0 4 9 13 0 0 0 0 7 0 0 0 97 -999 -999 -999 
P10529 2053 3 38 17 0 0 0 0 0 0 0 16 20 42 0 0 22 51 45 87 51 38 0 0 0 0 0 3 6 0 0 0 50 
P10529 2053 4 56 0 0 20 0 0 0 0 0 0 0 0 0 0 0 0 0 0 25 0 0 0 18 23 0 0 0 26 0 0 -999 
P10529 2053 5 0 0 53 88 58 107 0 34 32 0 0 0 36 0 0 0 0 54 0 0 0 0 0 39 0 0 0 11 0 0 17 
P10529 2053 6 0 33 27 0 0 0 0 0 22 0 0 23 18 0 0 0 0 0 0 0 0 0 31 0 36 0 0 0 31 0 -999 
P10529 2053 7 0 0 0 0 0 52 0 33 0 0 0 0 0 0 0 0 0 0 0 0 0 0 30 51 0 0 0 0 0 62 0 
P10529 2053 8 0 0 0 0 0 0 0 0 0 0 48 0 23 0 0 0 15 0 0 50 0 0 0 0 0 0 0 0 0 0 42 
P10529 2053 9 0 25 0 0 20 0 0 0 31 0 0 0 0 0 0 0 0 0 0 35 19 21 0 24 0 0 0 7 0 0 -999 
P10529 2053 10 0 0 0 0 0 0 0 25 0 34 0 65 0 32 23 29 49 0 53 52 0 0 12 0 0 0 0 32 0 0 10 
P10529 2053 11 0 0 55 94 40 25 13 0 0 43 35 27 0 0 3 0 63 0 40 0 0 0 0 0 0 0 0 0 0 0 -999 
P10529 2053 12 0 0 0 1 0 0 0 0 0 0 3 0 0 0 7 0 0 0 0 0 3 0 0 0 0 5 0 0 0 0 0 
P10529 2054 1 12 0 42 10 0 51 0 0 0 0 50 0 28 44 0 0 22 8 0 10 0 0 21 0 0 0 0 0 12 4 0 
P10529 2054 2 0 0 13 0 0 0 0 0 0 0 0 0 6 0 0 0 0 0 0 0 0 0 0 0 0 0 0 0 -999 -999 -999 
P10529 2054 3 0 0 0 0 0 0 0 2 0 0 0 0 0 0 0 0 0 21 20 9 0 0 19 34 18 0 0 0 48 0 34 
P10529 2054 4 29 0 0 19 25 0 0 10 0 0 64 49 0 26 19 25 0 44 53 53 0 0 0 0 0 0 0 55 0 0 -999 
P10529 2054 5 7 0 0 24 19 10 0 0 0 0 25 45 0 0 32 45 53 39 0 0 0 48 46 39 0 25 0 0 19 14 0 
P10529 2054 6 0 0 0 0 0 0 0 22 0 0 0 65 0 31 0 0 29 27 0 0 29 32 0 0 0 22 0 0 0 0 -999 
P10529 2054 7 0 0 28 35 0 0 0 0 0 20 27 65 0 0 27 0 0 0 0 0 35 40 0 0 0 37 31 29 0 0 0 
P10529 2054 8 0 0 0 0 0 0 56 0 0 0 0 0 0 0 0 20 0 0 26 0 0 0 0 25 52 54 0 32 26 0 0 
P10529 2054 9 0 0 0 23 0 0 0 18 0 0 0 0 55 33 0 0 0 0 12 0 21 0 0 0 21 0 0 0 0 0 -999 
P10529 2054 10 0 15 0 0 14 5 9 6 0 0 0 0 0 0 0 0 21 0 0 0 0 0 0 42 36 20 0 0 12 16 14 
P10529 2054 11 37 60 31 0 0 0 0 20 0 0 0 11 0 0 78 0 24 5 0 49 43 38 0 0 0 0 0 0 0 11 -999 
P10529 2054 12 0 0 0 35 0 0 15 18 0 0 0 0 37 73 0 6 0 0 0 0 0 0 0 0 0 0 0 0 0 0 0 
P10529 2055 1 0 0 0 0 0 0 8 38 0 0 0 0 0 24 0 0 0 0 0 82 124 68 0 0 0 0 0 0 0 3 0 
P10529 2055 2 0 5 0 0 5 0 0 0 0 0 0 0 0 0 0 0 0 0 0 0 0 0 0 0 51 0 73 0 -999 -999 -999 
P10529 2055 3 0 29 65 65 68 0 83 0 29 0 0 31 67 0 0 0 0 0 0 0 19 0 11 0 0 0 0 7 0 0 0 
P10529 2055 4 0 16 0 0 0 5 0 2 0 0 26 0 13 0 0 0 0 48 0 71 46 0 22 4 0 0 0 31 20 6 -999 
P10529 2055 5 0 0 0 0 0 0 0 0 0 0 103 70 0 0 18 0 0 23 0 19 14 0 0 0 0 64 0 0 24 0 0 
P10529 2055 6 0 0 0 23 18 0 0 12 0 0 28 45 0 0 31 0 0 0 0 0 43 0 37 0 0 0 0 0 0 0 -999 
P10529 2055 7 26 0 0 0 0 0 0 0 0 0 0 0 0 0 0 0 0 0 0 0 0 0 0 0 0 0 0 44 0 45 0 
P10529 2055 8 0 36 0 0 39 76 59 0 55 82 70 32 54 56 0 0 25 0 0 0 0 0 0 19 27 0 0 0 0 0 0 
P10529 2055 9 0 0 0 0 0 26 17 0 0 23 0 0 0 0 0 0 0 0 0 0 0 0 0 16 25 0 0 0 25 0 -999 
P10529 2055 10 22 17 0 0 0 0 20 20 15 0 0 0 13 0 32 0 0 14 0 15 0 5 0 0 0 0 0 0 0 0 0 
P10529 2055 11 0 9 0 8 0 6 18 45 44 27 0 0 0 33 31 0 54 0 0 0 16 0 0 0 2 0 0 39 27 18 -999 
P10529 2055 12 0 0 0 0 0 27 12 7 7 0 0 0 0 0 0 0 0 0 0 0 6 0 8 0 0 0 0 0 8 18 34 
P10529 2056 1 0 18 0 0 0 0 0 0 0 0 0 0 0 0 0 0 0 18 17 0 0 0 0 11 0 0 15 14 4 0 0 
P10529 2056 2 0 59 66 18 24 40 26 0 17 0 0 0 0 0 0 0 0 0 0 0 0 0 0 0 0 61 67 183 -999 -999 -999 
P10529 2056 3 66 33 45 0 6 0 0 0 0 0 0 49 33 33 0 37 8 0 17 38 15 0 0 48 0 0 0 71 99 15 41 
P10529 2056 4 24 0 30 29 0 0 0 0 0 0 0 19 0 22 0 19 0 39 0 52 0 5 0 0 0 0 0 0 0 0 -999 
P10529 2056 5 8 0 0 0 31 37 0 26 0 25 68 18 0 0 15 0 0 77 0 34 36 47 0 26 0 0 0 33 0 0 57 
P10529 2056 6 0 0 20 30 0 0 0 0 43 33 0 0 0 33 39 0 36 44 37 0 69 78 69 44 39 28 0 14 0 0 -999 
P10529 2056 7 0 41 71 0 52 20 0 0 22 0 0 0 0 41 37 0 0 35 25 0 0 0 0 37 0 0 0 0 0 0 0 
P10529 2056 8 0 0 0 0 0 0 0 0 0 0 42 0 0 0 0 0 25 0 0 35 48 0 0 27 0 16 17 45 26 8 0 
P10529 2056 9 0 0 10 0 0 0 0 11 13 18 56 0 0 0 0 29 0 20 15 24 0 0 38 20 14 0 0 0 0 0 -999 
P10529 2056 10 0 0 0 0 0 0 19 22 0 0 0 0 0 0 27 0 0 0 30 0 27 0 24 26 0 0 0 3 0 0 0 
P10529 2056 11 12 10 0 0 0 0 0 0 12 0 23 37 10 0 0 9 0 0 0 3 0 4 0 5 0 0 0 0 0 0 -999 
P10529 2056 12 0 0 0 0 0 3 0 0 0 0 0 0 0 0 0 0 0 0 0 29 0 0 0 0 0 6 0 12 0 0 0 
P10529 2057 1 0 0 6 0 0 0 0 0 0 0 8 0 0 24 0 74 49 29 57 36 14 0 4 5 0 0 16 90 23 21 0 
P10529 2057 2 32 0 0 0 0 0 0 0 0 0 0 0 0 0 0 0 0 0 0 0 0 0 4 0 0 0 37 0 -999 -999 -999 
P10529 2057 3 24 19 0 0 0 0 0 0 0 0 0 0 0 0 15 46 0 37 35 0 0 0 0 10 0 0 0 121 0 45 0 
P10529 2057 4 33 47 27 0 15 0 0 18 0 15 21 0 0 0 0 0 0 21 45 13 0 0 0 90 96 0 0 0 0 0 -999 
P10529 2057 5 77 152 61 0 35 41 0 49 81 0 0 0 0 0 0 0 0 13 0 0 0 0 0 0 0 0 0 0 0 0 0 
P10529 2057 6 12 0 0 0 0 26 0 0 0 24 0 47 27 0 0 0 0 39 0 0 18 0 16 0 0 25 16 0 0 0 -999 
P10529 2057 7 0 0 46 32 0 0 0 0 0 0 38 0 44 0 41 51 76 43 0 0 13 12 0 40 0 0 0 0 0 25 26 
P10529 2057 8 35 36 0 29 0 0 38 43 38 40 41 0 33 0 0 0 25 0 0 0 0 0 53 29 0 0 0 0 0 0 0 
P10529 2057 9 0 24 55 0 8 0 0 0 33 0 0 0 0 0 0 0 0 52 34 0 0 0 0 55 41 0 0 0 0 0 -999 
P10529 2057 10 18 22 0 0 32 0 0 0 0 0 17 20 29 16 0 0 0 0 8 0 10 0 0 0 0 0 0 0 0 3 0 
P10529 2057 11 0 0 0 0 1 0 0 0 5 0 0 0 24 0 44 41 0 0 0 0 0 0 0 0 0 0 0 59 8 0 -999 
P10529 2057 12 0 0 5 0 0 0 4 0 0 0 0 0 11 0 0 0 0 0 0 0 0 0 0 12 0 0 0 13 15 14 0 
P10529 2058 1 0 0 0 0 0 0 11 0 0 0 0 0 19 5 0 9 0 0 0 0 0 0 0 0 0 0 0 110 104 46 0 
P10529 2058 2 0 0 0 14 0 19 0 6 0 0 6 0 0 0 0 4 8 0 0 15 7 0 0 27 35 0 0 0 -999 -999 -999 
P10529 2058 3 0 0 0 0 15 16 0 0 0 0 18 0 0 0 0 0 0 0 0 26 0 0 0 0 0 0 0 13 34 18 20 
P10529 2058 4 47 0 30 27 0 0 0 35 0 0 0 114 192 0 0 0 62 74 0 0 0 0 34 33 40 26 12 30 36 38 -999 
P10529 2058 5 25 0 0 33 37 0 0 13 0 0 0 0 50 74 108 117 0 76 106 96 0 0 0 0 0 0 0 0 0 27 32 
P10529 2058 6 58 0 0 0 25 26 0 41 0 30 12 26 0 0 51 0 0 0 0 30 0 0 24 0 0 0 0 0 0 0 -999 
P10529 2058 7 0 0 0 0 0 34 0 50 0 0 15 30 0 51 0 0 0 0 0 0 0 0 0 41 0 0 0 0 0 23 0 
P10529 2058 8 0 0 0 47 36 0 0 0 0 0 120 66 0 20 0 17 0 32 0 0 0 0 0 0 17 0 0 44 34 0 0 
P10529 2058 9 0 12 27 0 0 0 0 0 0 98 0 0 0 0 0 16 0 0 0 0 0 0 0 0 0 7 0 0 0 0 -999 
P10529 2058 10 0 0 46 0 47 26 0 0 1 0 18 15 0 0 0 0 0 0 0 0 95 0 0 13 30 0 14 0 24 0 0 
P10529 2058 11 3 0 0 0 0 0 0 30 0 49 43 38 0 0 0 12 0 0 0 0 0 0 16 0 4 0 0 0 0 0 -999 
P10529 2058 12 0 0 0 0 0 0 28 70 0 0 0 6 0 0 0 0 0 0 0 0 6 0 39 15 9 0 0 0 0 0 0 
P10529 2059 1 0 0 6 6 0 0 0 0 0 0 0 0 0 0 0 0 0 0 0 0 0 0 0 0 0 0 0 0 0 0 0 
P10529 2059 2 0 0 0 6 0 0 0 0 0 10 38 144 55 6 3 0 0 0 0 0 0 0 0 0 0 0 0 0 -999 -999 -999 
P10529 2059 3 0 0 0 0 1 0 4 0 0 9 11 15 0 0 0 0 11 0 0 0 0 0 0 0 0 0 132 64 0 67 0 
P10529 2059 4 51 33 0 22 0 0 0 33 34 0 0 0 0 23 0 0 0 12 36 33 0 0 12 0 0 0 0 0 0 16 -999 
P10529 2059 5 0 0 0 0 31 35 0 0 0 13 0 32 56 0 0 36 102 69 0 20 21 0 0 0 68 0 21 0 0 26 50 
P10529 2059 6 0 0 40 0 44 0 0 0 99 54 0 0 0 33 25 23 49 0 0 0 0 0 0 0 0 0 58 0 23 32 -999 
P10529 2059 7 0 0 0 0 33 0 0 0 0 0 0 0 26 14 0 30 0 20 37 39 26 59 0 0 0 0 15 0 0 0 0 
P10529 2059 8 0 0 0 0 0 0 0 0 0 0 0 23 0 0 0 0 0 56 29 21 0 0 38 0 0 0 0 18 0 0 0 
P10529 2059 9 0 17 0 21 19 18 0 0 0 41 0 0 0 20 0 0 0 21 0 0 0 0 0 0 0 0 25 0 0 0 -999 
P10529 2059 10 0 23 0 0 20 0 25 0 15 0 0 9 0 0 0 0 0 18 12 0 0 0 0 0 0 17 0 20 0 0 27 
P10529 2059 11 0 0 0 11 3 0 5 0 0 0 0 0 0 0 11 0 7 8 0 0 8 0 0 0 0 0 0 0 0 0 -999 
P10529 2059 12 0 0 0 0 0 33 65 89 0 0 50 0 53 30 0 0 0 0 0 0 0 0 9 0 0 9 0 0 0 0 0 
P10529 2060 1 0 0 0 15 0 11 0 0 0 0 34 145 130 0 50 51 0 0 0 0 0 0 0 0 0 0 0 0 0 0 0 
P10529 2060 2 19 33 0 0 0 0 0 0 12 6 0 0 0 8 0 0 3 0 7 0 0 0 0 0 0 0 0 0 -999 -999 -999 
P10529 2060 3 0 5 0 41 75 221 228 145 65 43 0 0 0 0 0 0 0 10 0 0 0 32 70 132 32 0 39 45 46 76 29 
P10529 2060 4 20 45 32 0 42 0 0 33 62 56 45 0 0 0 0 0 0 0 0 0 29 0 0 10 6 36 89 0 0 16 -999 
P10529 2060 5 0 0 0 32 23 16 0 0 0 40 46 0 0 0 17 38 0 0 35 0 34 30 31 13 0 0 10 0 30 65 57 
P10529 2060 6 0 22 0 0 0 0 40 0 0 38 26 0 0 40 0 50 0 58 60 0 50 0 44 29 0 0 39 48 62 0 -999 
P10529 2060 7 0 0 31 26 0 0 0 0 0 43 0 0 33 0 0 21 0 23 0 0 0 0 0 0 0 0 0 0 0 35 0 
P10529 2060 8 44 0 0 0 0 0 0 0 0 47 0 0 43 0 0 0 0 35 0 0 43 25 15 0 0 0 0 0 24 0 0 
P10529 2060 9 0 0 0 0 0 0 44 28 0 0 69 129 57 0 0 0 39 0 0 20 26 21 0 0 0 26 0 0 0 41 -999 
P10529 2060 10 39 0 0 0 0 0 0 0 0 0 0 0 0 0 0 0 4 0 0 0 5 0 0 0 0 0 17 0 0 24 0 
P10529 2060 11 0 0 31 41 0 0 0 13 0 0 0 23 0 6 0 0 0 17 60 0 0 0 13 0 0 0 0 0 0 20 -999 
P10529 2060 12 0 0 0 0 0 0 13 0 0 0 5 0 0 12 0 0 0 0 0 0 0 0 22 0 8 0 0 17 0 83 0 
P10529 2061 1 37 20 22 0 0 15 0 0 39 12 0 0 0 0 0 0 3 0 0 0 7 13 0 0 0 0 0 7 0 0 0 
P10529 2061 2 0 0 0 0 0 0 0 0 0 0 0 0 0 0 0 0 0 0 5 0 0 0 0 0 74 0 34 35 -999 -999 -999 
P10529 2061 3 0 0 0 0 7 0 0 0 32 64 106 31 0 21 0 33 57 0 44 43 49 0 0 35 56 0 0 0 0 0 21 
P10529 2061 4 39 46 0 0 23 11 21 0 50 0 21 0 0 0 0 0 0 0 20 0 0 17 0 0 0 0 0 75 73 0 -999 
P10529 2061 5 0 33 0 0 25 33 0 0 11 0 0 0 0 57 91 0 27 0 0 25 14 25 31 0 0 0 9 0 0 0 0 
P10529 2061 6 0 0 22 0 0 13 0 0 0 0 0 0 43 0 44 0 0 35 23 0 0 21 0 0 0 31 0 0 0 27 -999 
P10529 2061 7 21 15 0 46 41 0 0 0 0 72 68 0 40 0 0 0 0 0 0 0 0 0 0 0 0 0 0 0 36 0 42 
P10529 2061 8 30 0 0 0 43 0 31 0 0 0 0 0 0 0 0 0 0 0 0 0 0 0 0 17 0 0 0 25 31 0 0 
P10529 2061 9 0 0 0 0 0 0 0 0 32 0 0 0 0 0 0 0 18 0 0 23 0 0 0 0 0 26 0 0 16 0 -999 
P10529 2061 10 0 0 0 23 13 0 0 29 0 0 0 0 0 9 0 0 0 0 0 12 0 11 0 16 17 0 14 0 0 0 10 
P10529 2061 11 32 0 0 0 29 0 0 0 0 0 0 0 0 0 0 5 12 29 7 0 0 0 0 0 0 0 0 27 120 0 -999 
P10529 2061 12 0 0 0 0 0 0 0 0 4 0 0 14 2 0 0 0 0 0 14 0 33 34 41 35 0 0 5 0 0 9 0 
P10529 2062 1 0 2 0 0 0 0 0 0 0 0 0 0 0 0 11 0 0 0 43 0 0 0 0 0 0 0 0 0 0 0 0 
P10529 2062 2 0 0 0 0 0 34 0 40 0 0 0 0 0 3 0 0 0 0 6 5 0 0 0 0 45 0 0 0 -999 -999 -999 
P10529 2062 3 0 0 0 0 19 40 0 0 6 0 0 25 33 56 45 53 0 0 57 59 0 0 0 23 0 0 0 0 0 0 0 
P10529 2062 4 0 0 0 0 15 0 0 15 0 15 0 7 10 8 7 0 0 0 30 39 47 61 0 0 0 48 49 27 25 32 -999 
P10529 2062 5 0 0 0 0 0 0 0 0 53 39 49 0 0 0 0 0 0 0 0 31 0 34 0 40 58 0 0 0 0 24 0 
P10529 2062 6 0 0 60 107 106 0 0 0 0 0 0 0 33 28 32 0 0 0 30 0 54 0 0 48 46 54 0 0 0 0 -999 
P10529 2062 7 63 0 38 0 0 0 38 25 0 0 0 0 0 42 0 26 0 0 33 0 0 0 0 0 0 0 0 0 0 0 0 
P10529 2062 8 0 0 47 0 0 51 69 0 31 0 0 0 43 25 0 20 0 0 0 0 0 0 0 0 0 0 0 32 0 0 7 
P10529 2062 9 0 0 0 30 0 9 0 11 0 15 19 27 0 0 0 0 0 0 0 0 0 24 0 0 0 0 0 0 0 23 -999 
P10529 2062 10 0 35 60 119 33 0 0 26 0 10 0 43 0 0 0 0 0 2 0 10 0 5 0 31 0 0 0 17 0 30 0 
P10529 2062 11 0 0 0 0 0 0 16 19 0 0 0 0 0 13 0 0 0 0 0 20 0 5 0 0 0 19 74 36 0 0 -999 
P10529 2062 12 0 23 0 0 0 0 0 12 0 0 0 73 0 2 0 0 0 0 0 0 0 0 0 0 0 0 0 0 0 0 0 
P10529 2063 1 85 69 0 0 0 0 0 0 3 0 0 0 26 0 0 0 0 20 0 0 36 0 11 0 58 0 0 0 0 0 0 
P10529 2063 2 0 0 0 0 0 0 0 0 0 0 0 6 11 0 0 7 55 54 0 0 17 0 0 19 13 0 0 0 -999 -999 -999 
P10529 2063 3 0 0 0 0 11 0 0 0 10 0 0 66 36 36 26 36 108 45 0 0 0 0 0 0 60 0 23 7 0 2 5 
P10529 2063 4 0 0 0 33 0 0 46 143 42 0 15 0 0 0 49 27 0 9 0 38 0 0 0 9 0 13 0 0 0 22 -999 
P10529 2063 5 36 0 16 0 8 0 7 0 0 0 0 57 52 0 40 0 17 0 13 0 0 0 0 35 0 38 0 0 8 0 0 
P10529 2063 6 0 0 28 36 0 0 0 0 0 0 0 0 0 0 0 0 79 0 0 63 0 0 0 24 0 0 20 28 39 0 -999 
P10529 2063 7 0 0 0 0 0 0 0 0 0 0 0 0 0 0 0 0 0 0 0 0 0 0 0 0 0 0 0 0 0 0 0 
P10529 2063 8 0 33 0 0 27 0 0 0 0 64 0 23 0 0 0 0 27 29 21 0 10 12 21 0 25 0 0 33 0 0 0 
P10529 2063 9 0 32 0 0 0 0 0 0 0 0 12 21 0 42 40 0 0 0 0 16 31 0 0 29 81 70 58 0 0 0 -999 
P10529 2063 10 0 0 0 0 16 0 0 0 0 0 0 0 0 0 0 10 0 0 16 0 0 0 0 24 0 0 14 8 0 0 0 
P10529 2063 11 0 0 0 0 0 0 0 0 0 0 0 0 0 0 0 0 0 0 2 0 0 0 0 0 0 0 0 0 0 0 -999 
P10529 2063 12 0 0 0 0 0 0 0 0 0 0 0 0 0 0 0 0 0 0 0 0 8 0 0 0 0 0 0 0 0 0 6 
P10529 2064 1 0 0 0 0 0 0 0 0 5 8 0 0 0 5 0 0 4 0 0 0 0 0 0 0 3 0 0 0 0 4 0 
P10529 2064 2 0 0 0 37 0 26 0 0 4 0 0 0 0 4 0 0 0 0 0 0 0 0 0 0 0 5 0 14 -999 -999 -999 
P10529 2064 3 0 7 5 0 0 82 30 23 0 38 0 0 17 41 0 112 168 77 50 0 58 51 0 0 36 44 0 9 0 0 15 
P10529 2064 4 0 0 0 0 42 0 95 40 0 0 50 121 114 0 50 0 0 36 0 0 25 40 55 63 0 30 38 39 25 43 -999 
P10529 2064 5 0 0 0 40 0 0 24 0 0 0 0 9 0 18 24 66 0 37 0 0 41 25 0 28 37 39 43 25 0 0 0 
P10529 2064 6 0 0 0 0 0 0 0 0 0 0 0 64 0 74 0 0 0 0 0 30 0 0 0 0 0 0 0 0 0 65 -999 
P10529 2064 7 0 0 54 0 54 49 0 74 61 50 51 53 0 0 17 0 0 0 0 0 0 0 0 0 0 0 0 0 36 0 23 
P10529 2064 8 0 0 0 0 0 0 0 33 0 0 0 0 0 40 27 0 0 0 0 0 0 0 0 24 0 0 85 70 0 0 36 
P10529 2064 9 0 96 15 0 0 0 0 0 14 0 0 0 30 0 0 88 0 0 0 0 45 0 0 0 0 0 0 0 0 0 -999 
P10529 2064 10 0 0 0 0 0 0 32 38 0 15 0 0 0 15 0 0 0 0 0 0 0 9 0 0 7 0 0 0 0 0 0 
P10529 2064 11 0 0 0 3 6 5 0 0 0 0 0 5 0 0 0 17 0 2 0 0 3 0 0 0 0 0 0 0 0 4 -999 
P10529 2064 12 11 0 0 0 0 4 0 0 0 0 0 0 0 0 0 0 17 0 0 28 0 60 102 0 0 0 0 0 0 0 0 
P10529 2065 1 0 0 0 0 0 0 0 0 0 0 0 0 0 0 11 0 0 0 0 0 0 0 0 0 0 0 0 0 0 0 0 
P10529 2065 2 0 0 0 8 0 0 0 0 0 0 0 0 0 78 315 83 0 40 0 33 43 0 0 0 0 21 18 0 -999 -999 -999 
P10529 2065 3 0 0 0 0 0 0 0 0 0 0 26 0 0 20 5 20 0 51 0 0 0 52 153 162 119 76 75 93 43 58 54 
P10529 2065 4 41 0 0 0 0 0 0 7 0 0 0 0 14 21 0 36 31 0 0 0 0 16 0 0 0 0 0 0 31 0 -999 
P10529 2065 5 0 0 0 0 0 0 0 0 0 0 0 31 0 0 0 12 0 18 0 0 63 32 0 0 29 0 29 0 0 29 24 
P10529 2065 6 0 0 40 36 0 0 0 0 0 27 0 0 0 0 94 42 0 20 0 0 34 0 0 0 0 0 0 0 0 0 -999 
P10529 2065 7 0 30 0 37 20 0 27 0 0 0 0 0 0 0 0 0 17 0 0 0 36 0 0 17 0 30 31 0 52 0 0 
P10529 2065 8 0 0 0 0 0 0 0 34 23 0 37 45 26 0 0 0 0 0 0 0 0 0 0 0 0 0 0 0 0 0 0 
P10529 2065 9 41 0 0 0 0 0 0 0 0 0 0 0 0 0 0 0 0 0 18 0 0 22 0 25 36 46 35 44 0 31 -999 
P10529 2065 10 23 0 0 0 0 45 0 0 105 61 0 0 0 15 0 0 8 0 0 63 0 8 0 46 0 11 0 0 0 0 0 
P10529 2065 11 0 0 0 0 0 0 0 0 0 0 0 0 0 0 0 0 0 0 3 0 20 0 0 0 0 0 0 42 0 0 -999 
P10529 2065 12 10 13 19 0 0 0 0 0 0 0 0 150 26 0 0 0 0 0 0 16 0 22 0 9 0 0 0 0 0 0 0 
P10529 2066 1 0 2 1 0 0 0 0 13 19 31 22 79 13 0 7 0 1 0 14 14 4 0 19 35 0 0 0 0 0 0 20 
P10529 2066 2 21 0 0 0 0 0 4 0 0 0 0 0 0 0 0 0 0 0 4 0 0 0 0 0 19 36 0 0 -999 -999 -999 
P10529 2066 3 47 29 0 0 0 0 1 0 0 0 9 0 0 0 0 0 0 0 0 0 0 0 0 0 0 0 35 0 0 0 0 
P10529 2066 4 0 57 33 15 0 0 0 23 0 0 28 0 0 22 29 46 49 0 0 0 18 0 0 0 0 0 37 45 0 12 -999 
P10529 2066 5 0 10 0 19 0 10 0 28 0 19 0 0 32 0 0 0 0 0 51 24 12 0 0 0 0 0 0 11 0 0 0 
P10529 2066 6 0 0 0 45 46 0 0 0 0 0 33 0 0 0 46 0 28 0 0 0 0 0 0 41 0 0 0 0 0 30 -999 
P10529 2066 7 0 37 0 0 0 0 0 0 0 0 0 63 0 24 0 0 55 0 0 0 0 0 0 0 0 0 0 71 0 0 0 
P10529 2066 8 0 0 0 0 0 0 0 35 22 0 0 0 0 35 0 0 0 44 41 0 0 0 0 0 0 0 35 0 0 0 0 
P10529 2066 9 33 0 0 116 0 0 0 0 0 38 0 0 0 0 0 0 0 0 0 36 0 0 0 0 0 0 29 17 0 43 -999 
P10529 2066 10 0 0 42 73 61 0 0 0 31 32 0 0 0 0 0 0 0 24 0 26 0 0 14 0 0 0 23 0 73 0 0 
P10529 2066 11 0 0 18 25 0 0 0 0 23 0 0 0 16 27 0 0 6 0 0 82 42 0 0 0 0 17 0 0 0 0 -999 
P10529 2066 12 0 0 0 0 10 0 0 0 0 0 0 0 0 6 0 0 29 22 12 14 0 0 0 1 0 0 0 0 0 0 0 
P10529 2067 1 4 0 19 0 0 0 6 0 0 0 38 125 27 28 0 35 47 88 0 27 54 120 0 52 6 13 27 45 0 0 0 
P10529 2067 2 0 0 0 11 12 0 0 0 5 5 0 0 0 10 0 0 0 15 0 44 0 0 0 0 3 0 0 14 -999 -999 -999 
P10529 2067 3 0 6 23 16 15 0 13 0 0 67 0 0 0 0 0 0 0 0 0 18 0 0 0 0 8 0 0 0 0 6 0 
P10529 2067 4 0 0 20 0 13 0 0 0 47 0 38 0 0 0 0 0 20 43 0 0 0 13 27 65 0 20 14 0 0 0 -999 
P10529 2067 5 0 0 59 0 68 84 0 0 14 0 66 59 0 0 0 31 35 0 30 0 41 27 14 19 0 0 0 0 0 20 0 
P10529 2067 6 0 29 63 0 29 0 0 21 0 0 0 51 49 54 0 40 64 63 0 18 0 21 0 27 27 0 0 41 31 48 -999 
P10529 2067 7 91 0 0 24 0 0 0 0 0 0 0 0 43 0 0 54 0 41 0 0 16 0 0 33 44 37 0 43 0 24 0 
P10529 2067 8 0 28 38 0 0 0 0 0 0 32 0 0 0 48 0 0 26 0 36 57 0 49 0 0 26 33 0 42 20 0 0 
P10529 2067 9 0 38 28 0 0 0 0 0 0 0 26 0 0 0 25 0 0 0 0 0 0 0 0 21 0 0 0 0 53 0 -999 
P10529 2067 10 0 40 0 0 0 0 0 0 0 0 8 0 0 20 16 0 27 0 12 0 0 0 0 0 0 0 11 0 0 0 0 
P10529 2067 11 9 0 0 6 0 0 0 0 0 0 0 0 0 6 7 0 14 24 12 0 0 0 2 0 0 0 0 0 0 0 -999 
P10529 2067 12 0 0 11 21 0 0 0 0 0 0 0 0 0 0 4 0 0 0 2 4 0 0 0 0 0 0 16 12 0 0 0 
P10529 2068 1 0 0 0 4 10 25 0 0 0 0 0 0 0 0 0 0 0 0 0 0 0 0 0 3 0 0 28 0 10 0 0 
P10529 2068 2 0 0 0 0 0 41 96 117 32 0 0 14 0 0 0 0 0 0 0 0 0 0 79 0 0 6 14 0 -999 -999 -999 
P10529 2068 3 0 18 9 19 38 45 55 12 0 0 0 0 0 0 0 4 0 11 0 0 0 0 0 0 0 2 0 0 0 0 0 
P10529 2068 4 0 0 0 0 0 0 10 66 0 0 0 15 26 0 0 0 53 35 0 6 0 0 0 0 0 0 29 0 0 35 -999 
P10529 2068 5 0 46 77 0 21 0 62 25 0 0 0 28 0 76 28 50 0 66 0 0 0 0 0 0 0 41 30 41 0 0 0 
P10529 2068 6 0 0 0 22 0 12 0 0 0 0 0 0 0 0 0 0 0 0 0 82 0 0 53 71 0 0 0 0 0 0 -999 
P10529 2068 7 0 0 17 25 50 0 0 39 69 0 0 0 0 44 42 0 0 26 20 0 39 0 0 34 0 0 33 38 37 29 0 
P10529 2068 8 0 38 0 0 19 0 0 0 53 0 0 0 0 0 0 0 29 0 0 45 0 23 0 0 0 0 42 27 0 0 0 
P10529 2068 9 0 0 0 0 36 0 0 0 41 0 96 42 0 0 22 35 0 0 0 0 17 0 0 32 0 0 34 0 0 0 -999 
P10529 2068 10 0 0 23 0 0 0 21 0 0 0 0 0 0 0 0 0 0 0 5 0 0 25 0 0 0 0 4 0 0 0 0 
P10529 2068 11 78 0 0 0 0 0 0 0 0 0 0 12 0 0 0 0 0 16 0 0 0 0 0 0 0 0 0 0 0 0 -999 
P10529 2068 12 0 0 0 0 0 0 0 8 0 0 9 4 0 25 36 12 0 0 0 0 0 20 9 0 20 58 39 0 0 0 43 
P10529 2069 1 0 19 60 0 0 0 0 0 0 0 0 0 5 0 0 0 0 3 0 0 0 0 0 0 0 0 0 0 0 0 0 
P10529 2069 2 0 0 17 0 30 10 0 0 0 0 0 0 0 20 0 0 0 0 0 0 27 0 25 0 0 18 46 0 -999 -999 -999 
P10529 2069 3 0 0 0 0 0 0 6 0 0 0 31 0 53 0 23 0 0 0 0 0 0 0 0 0 44 48 0 25 18 43 108 
P10529 2069 4 112 0 50 0 20 0 56 0 33 48 0 38 0 27 0 0 0 0 0 19 13 0 24 0 23 48 15 0 0 0 -999 
P10529 2069 5 0 0 0 0 0 0 14 15 0 0 0 32 0 0 104 216 102 54 39 48 95 0 0 0 0 28 0 26 26 0 24 
P10529 2069 6 34 0 32 0 0 0 56 0 47 0 0 19 32 0 0 0 0 27 0 17 27 0 0 0 0 17 0 10 0 25 -999 
P10529 2069 7 53 34 60 23 0 0 0 27 0 0 0 0 41 46 0 0 0 0 0 0 21 28 0 0 15 0 0 0 0 0 0 
P10529 2069 8 0 0 42 0 0 0 28 34 0 0 29 0 0 33 0 37 39 0 0 0 0 0 29 0 0 0 29 39 0 11 0 
P10529 2069 9 0 0 0 0 0 0 0 28 0 0 0 21 0 0 0 0 0 0 0 0 0 0 0 0 32 0 0 0 0 0 -999 
P10529 2069 10 17 0 0 0 0 0 0 0 12 0 9 0 3 0 0 23 0 0 70 53 0 0 0 0 10 0 0 5 13 8 0 
P10529 2069 11 0 2 0 7 0 0 0 0 7 0 0 0 0 0 0 0 0 0 0 0 0 0 0 0 0 0 0 0 0 0 -999 
P10529 2069 12 18 0 0 0 18 0 0 22 0 0 14 0 0 0 9 92 0 0 37 58 0 0 15 8 0 0 0 0 0 0 15 
P10529 2070 1 0 0 0 0 0 0 0 0 43 0 18 0 0 0 0 0 0 0 0 0 0 0 0 0 0 0 0 0 19 0 345 
P10529 2070 2 122 54 0 0 24 0 0 0 0 0 0 0 0 0 5 0 0 12 0 0 0 0 52 0 66 0 0 22 -999 -999 -999 
P10529 2070 3 0 0 0 0 0 0 0 0 13 0 0 0 0 0 44 0 12 27 0 0 53 89 0 98 55 0 0 0 54 47 16 
P10529 2070 4 27 0 41 42 0 0 0 0 0 0 24 0 0 0 0 41 0 0 0 0 0 0 0 0 0 0 0 0 0 67 -999 
P10529 2070 5 0 42 40 107 72 0 0 0 0 0 0 22 19 0 0 93 0 0 0 35 57 0 19 0 29 0 5 6 0 0 0 
P10529 2070 6 0 0 0 0 0 0 0 0 0 87 0 0 0 0 0 0 0 0 0 30 0 0 0 0 0 0 0 50 0 0 -999 
P10529 2070 7 58 30 0 0 0 0 0 0 0 53 0 0 0 0 0 43 0 0 39 0 26 35 32 0 0 0 70 0 0 36 0 
P10529 2070 8 0 0 49 0 0 0 14 0 27 0 0 0 0 26 0 33 0 0 0 0 0 0 0 0 0 0 28 0 0 0 40 
P10529 2070 9 0 56 0 0 38 0 0 21 22 20 22 29 0 0 0 0 0 0 0 21 0 0 0 0 0 0 0 0 0 0 -999 
P10529 2070 10 19 0 0 0 0 21 0 0 0 0 0 0 29 0 13 0 0 0 7 0 0 0 0 0 0 0 0 0 0 0 0 
P10529 2070 11 0 0 0 0 0 0 0 0 0 0 0 0 10 14 8 5 0 0 0 0 0 0 0 0 0 41 52 0 11 0 -999 
P10529 2070 12 0 3 0 16 0 0 0 0 0 0 0 0 0 0 14 0 37 0 0 7 0 0 25 0 0 26 0 0 0 105 114 
P10529 2071 1 0 0 0 0 0 0 0 14 12 16 0 9 23 37 21 0 0 151 184 28 0 0 0 0 0 0 36 15 0 31 0 
P10529 2071 2 0 0 0 20 0 0 0 0 0 4 0 0 0 0 0 0 0 0 0 39 101 202 149 52 85 0 0 0 -999 -999 -999 
P10529 2071 3 0 0 79 0 20 44 75 0 0 31 0 45 35 0 43 32 23 0 125 23 0 0 0 0 0 0 0 4 0 0 0 
P10529 2071 4 51 49 101 36 0 0 0 0 0 0 0 0 0 0 29 0 0 16 8 0 29 105 48 0 0 44 0 28 0 0 -999 
P10529 2071 5 0 0 31 27 62 0 47 36 44 37 17 25 0 0 0 0 42 13 0 0 25 37 32 0 0 0 0 0 28 38 0 
P10529 2071 6 0 0 0 0 0 5 0 0 27 0 0 42 0 92 40 15 0 70 0 0 22 0 0 0 0 0 0 0 0 0 -999 
P10529 2071 7 69 0 0 31 0 0 0 0 0 0 0 0 41 0 65 38 0 40 0 0 15 20 0 0 40 0 0 0 0 0 0 
P10529 2071 8 52 26 0 0 0 0 0 0 0 0 0 27 12 0 0 0 0 0 28 0 56 0 0 31 0 47 46 59 0 0 0 
P10529 2071 9 0 0 21 0 0 0 0 0 0 26 24 0 14 0 12 0 0 0 0 0 0 0 0 0 35 0 0 0 38 64 -999 
P10529 2071 10 32 0 0 0 0 0 0 21 0 0 0 0 0 0 32 63 65 17 15 0 0 0 0 0 21 0 0 0 0 0 23 
P10529 2071 11 34 0 0 0 0 0 0 27 0 0 0 0 0 0 0 13 23 0 0 0 0 0 0 0 25 44 0 0 7 0 -999 
P10529 2071 12 0 0 0 0 0 69 34 26 0 19 4 14 26 0 0 0 0 0 0 0 8 0 0 0 9 0 0 0 0 0 0 
P10529 2072 1 47 0 8 0 0 11 0 0 0 0 0 0 0 0 1 0 0 0 0 0 0 0 3 1 0 0 26 13 4 13 0 
P10529 2072 2 0 62 89 0 26 0 33 23 44 43 0 0 0 0 0 0 4 0 0 37 71 58 0 10 10 0 0 19 -999 -999 -999 
P10529 2072 3 0 23 14 0 0 14 0 0 0 0 0 0 0 0 20 0 0 0 44 43 0 52 86 0 42 67 104 72 0 34 0 
P10529 2072 4 0 0 0 0 0 48 7 0 0 38 0 0 0 12 0 0 10 0 0 0 0 0 0 0 0 0 0 0 0 0 -999 
P10529 2072 5 0 0 19 0 0 58 34 0 0 0 16 20 26 40 0 0 0 44 0 0 0 22 0 13 0 12 0 0 0 0 0 
P10529 2072 6 17 15 18 0 0 43 0 0 0 51 35 31 0 0 38 0 0 0 0 0 13 0 29 0 0 0 0 0 0 0 -999 
P10529 2072 7 0 0 0 0 47 0 85 0 28 40 0 0 0 47 0 0 25 0 0 38 0 0 22 0 0 0 0 0 0 0 0 
P10529 2072 8 0 0 27 0 0 0 0 0 34 0 33 36 0 0 56 0 32 0 32 0 0 0 11 26 37 34 0 0 0 0 0 
P10529 2072 9 0 0 22 0 0 0 0 11 0 0 0 25 0 0 0 0 0 0 0 40 76 37 0 0 0 25 15 0 0 9 -999 
P10529 2072 10 0 0 0 16 0 0 13 18 0 27 0 19 0 0 0 0 0 19 0 0 0 0 0 0 0 0 0 0 0 0 0 
P10529 2072 11 0 0 0 0 0 0 16 23 0 0 0 0 0 0 16 0 0 0 0 0 0 0 0 0 0 0 0 0 9 0 -999 
P10529 2072 12 0 9 0 21 0 0 16 0 0 0 0 0 0 0 0 16 25 18 18 22 30 31 0 0 0 74 0 10 5 0 0 
P10529 2073 1 0 0 0 0 0 0 0 0 0 0 0 0 0 0 0 0 19 0 0 54 0 12 0 0 83 121 0 0 0 8 0 
P10529 2073 2 0 0 0 0 0 31 22 6 0 3 8 0 0 0 0 0 0 0 0 7 0 0 0 0 0 0 15 0 -999 -999 -999 
P10529 2073 3 95 105 0 0 18 0 8 26 53 72 0 8 0 0 43 0 39 32 0 17 49 0 73 0 0 0 0 46 45 78 75 
P10529 2073 4 95 0 0 0 13 35 0 28 21 0 31 50 53 0 0 0 0 42 0 0 0 18 29 121 134 0 0 35 19 12 -999 
P10529 2073 5 0 11 0 0 0 0 0 0 0 9 0 0 53 137 0 11 0 8 0 0 14 23 0 24 0 0 7 0 0 0 14 
P10529 2073 6 11 0 29 0 36 0 38 0 34 0 0 0 0 53 0 51 0 0 0 51 0 91 0 0 0 31 0 0 49 76 -999 
P10529 2073 7 0 0 0 0 89 0 0 24 0 68 0 0 28 0 41 37 0 34 53 0 0 0 0 56 0 0 38 56 56 82 54 
P10529 2073 8 19 0 0 0 0 0 0 0 0 0 0 0 29 0 0 0 0 0 19 33 0 0 0 9 0 0 0 21 0 0 0 
P10529 2073 9 0 0 32 28 0 0 34 0 0 0 0 34 46 34 0 51 0 0 0 0 0 0 0 0 14 6 0 0 0 0 -999 
P10529 2073 10 0 0 0 0 0 0 0 0 0 0 0 0 0 0 0 0 0 6 0 0 0 0 0 0 6 0 0 0 0 0 0 
P10529 2073 11 0 0 11 0 0 0 0 0 0 0 0 0 0 0 13 0 0 0 76 54 21 20 30 0 21 30 12 30 0 0 -999 
P10529 2073 12 4 0 0 0 0 14 17 0 0 0 0 20 0 17 27 7 0 5 0 0 36 0 0 0 0 0 0 0 64 28 80 
P10529 2074 1 38 19 0 0 61 225 108 51 39 0 53 71 111 49 0 0 0 0 0 0 0 0 0 0 0 0 0 0 0 0 0 
P10529 2074 2 0 0 0 0 0 0 0 10 0 0 35 0 0 82 119 0 0 52 20 0 43 0 24 35 0 0 53 47 -999 -999 -999 
P10529 2074 3 24 12 7 0 0 18 33 92 47 35 10 0 0 3 0 0 0 0 0 0 0 4 0 0 25 0 0 0 0 0 0 
P10529 2074 4 0 22 0 0 0 0 0 14 24 0 0 0 0 55 54 0 0 0 0 16 0 10 13 0 0 0 28 26 63 92 -999 
P10529 2074 5 110 0 0 82 56 0 17 24 32 49 35 56 15 0 0 0 0 0 13 0 29 25 0 0 0 0 0 33 0 0 0 
P10529 2074 6 0 47 0 0 0 0 0 0 0 31 0 11 0 5 0 0 0 36 0 0 0 0 0 0 0 35 0 41 0 0 -999 
P10529 2074 7 0 0 0 25 46 0 0 0 0 74 0 0 0 31 0 0 0 22 0 0 0 0 23 0 0 0 36 0 48 41 0 
P10529 2074 8 0 0 0 0 0 0 0 0 16 0 0 31 0 40 34 0 0 31 24 30 0 0 0 0 0 0 0 0 21 0 0 
P10529 2074 9 0 0 0 27 0 12 20 0 0 0 0 0 0 0 0 0 0 0 0 0 26 0 21 0 0 0 0 18 0 0 -999 
P10529 2074 10 0 0 0 0 22 0 0 0 0 0 0 0 0 0 0 0 0 11 18 0 0 0 82 0 0 0 0 0 0 3 0 
P10529 2074 11 0 0 0 0 0 0 0 0 0 0 12 0 0 0 7 0 0 0 0 2 2 4 0 0 0 1 0 1 0 0 -999 
P10529 2074 12 0 0 0 0 0 0 0 0 14 0 10 33 37 0 0 0 0 0 0 0 17 11 0 0 0 0 1 0 0 0 0 
P10529 2075 1 0 5 0 0 0 0 0 0 0 0 0 0 0 1 0 0 0 0 0 0 6 0 0 0 3 0 0 0 0 0 0 
P10529 2075 2 0 0 0 0 35 0 0 15 52 15 27 42 20 18 10 0 0 0 0 32 0 0 0 0 0 0 38 0 -999 -999 -999 
P10529 2075 3 0 29 43 9 2 0 0 19 0 16 0 18 0 9 15 0 22 20 0 0 0 64 0 93 0 6 0 0 0 0 0 
P10529 2075 4 15 0 0 33 34 0 0 72 43 0 21 13 0 0 0 0 0 0 0 0 0 41 52 38 0 27 68 39 22 25 -999 
P10529 2075 5 29 0 102 87 0 0 0 0 0 0 0 65 68 77 0 15 0 0 0 21 39 41 24 25 0 27 21 0 21 0 12 
P10529 2075 6 0 0 0 0 29 0 33 0 86 0 0 35 0 0 29 0 0 0 0 0 0 0 0 0 18 13 0 0 0 0 -999 
P10529 2075 7 0 23 0 27 0 0 40 0 0 0 35 0 0 0 17 26 0 0 37 0 0 0 0 50 53 0 0 0 0 0 0 
P10529 2075 8 0 0 0 0 33 0 0 0 40 0 0 40 33 48 0 0 0 0 42 0 43 39 32 0 0 31 0 0 16 15 19 
P10529 2075 9 0 27 40 62 32 14 0 0 15 0 0 0 0 0 0 11 0 0 19 0 0 0 0 0 0 28 0 0 25 0 -999 
P10529 2075 10 25 0 30 0 30 0 32 0 0 0 0 0 10 24 0 0 0 0 0 0 3 0 3 0 0 0 0 0 0 0 58 
P10529 2075 11 46 0 0 0 36 0 0 0 0 0 9 20 38 42 39 19 0 0 0 0 0 0 0 0 0 0 0 0 0 0 -999 
P10529 2075 12 0 0 0 0 0 0 12 0 40 17 0 41 0 16 0 0 37 14 0 0 0 14 0 0 0 0 0 0 0 4 0 
P10529 2076 1 0 0 0 0 0 8 0 0 0 0 0 0 0 0 0 0 0 0 0 0 0 0 0 0 0 0 0 0 0 0 0 
P10529 2076 2 0 6 0 0 12 0 0 0 0 0 0 0 0 0 0 0 0 0 0 0 0 0 0 0 30 44 122 92 -999 -999 -999 
P10529 2076 3 56 0 38 0 37 0 0 24 0 16 24 42 15 4 0 3 5 0 0 0 0 0 0 0 0 0 0 0 0 0 0 
P10529 2076 4 0 0 0 0 0 18 0 40 0 44 15 17 62 33 0 38 23 49 53 37 0 0 39 0 27 40 0 29 0 0 -999 
P10529 2076 5 0 92 38 36 20 0 0 0 0 13 0 0 0 70 35 28 0 0 0 57 40 0 0 0 22 0 0 0 61 0 0 
P10529 2076 6 38 0 0 0 0 0 0 0 0 0 0 26 0 37 0 0 27 0 0 0 91 0 0 0 0 0 0 0 0 0 -999 
P10529 2076 7 44 0 0 0 45 0 39 36 0 0 0 48 0 30 0 0 0 0 0 0 46 58 0 33 0 24 0 0 0 0 0 
P10529 2076 8 0 0 0 0 0 0 0 0 0 0 24 14 0 0 66 0 0 25 0 11 0 0 0 0 0 35 0 48 49 0 63 
P10529 2076 9 0 0 0 0 0 0 0 8 0 13 0 0 0 0 20 0 0 0 0 31 0 21 0 0 0 20 0 15 0 0 -999 
P10529 2076 10 0 25 0 0 20 0 0 0 0 0 0 0 0 9 0 0 0 0 0 0 0 0 0 0 10 20 0 0 0 0 0 
P10529 2076 11 0 0 0 5 0 0 0 0 0 0 0 18 31 0 0 10 0 25 62 236 226 98 34 20 0 0 0 20 0 0 -999 
P10529 2076 12 0 0 0 12 13 0 0 0 11 28 0 10 0 0 0 0 0 0 0 0 0 0 0 0 0 0 0 24 0 0 0 
P10529 2077 1 4 0 3 0 6 0 1 0 0 8 0 0 0 0 0 0 3 0 0 5 0 0 0 0 0 0 0 0 0 18 0 
P10529 2077 2 0 0 0 0 20 0 0 0 0 20 0 0 0 0 0 0 49 29 0 10 0 0 0 0 0 0 65 0 -999 -999 -999 
P10529 2077 3 0 0 19 0 29 94 135 73 0 18 33 23 14 0 0 0 21 0 0 0 0 37 33 49 59 0 0 0 0 0 0 
P10529 2077 4 0 0 0 0 31 0 28 0 0 0 0 0 0 26 0 40 0 40 25 0 59 0 0 0 0 0 0 16 0 0 -999 
P10529 2077 5 41 46 78 34 0 0 0 0 48 108 61 27 0 0 0 38 0 0 0 0 0 0 0 0 0 0 0 0 0 0 0 
P10529 2077 6 0 57 0 0 27 0 0 29 59 0 0 15 29 0 0 31 0 0 42 0 0 0 0 0 53 0 43 0 0 52 -999 
P10529 2077 7 0 0 0 0 43 0 74 0 62 35 0 20 30 39 0 0 68 0 0 0 0 0 0 0 37 0 0 0 0 32 0 
P10529 2077 8 0 0 0 0 0 0 0 37 0 0 72 0 18 0 22 0 0 0 0 0 37 0 0 28 0 0 0 0 0 32 0 
P10529 2077 9 0 0 0 0 23 23 0 0 0 0 0 7 0 0 0 0 0 20 32 0 0 0 0 0 0 0 0 15 0 0 -999 
P10529 2077 10 0 64 51 33 0 0 0 28 0 33 22 0 0 0 0 0 0 0 40 25 0 0 0 43 0 0 0 0 0 21 32 
P10529 2077 11 47 0 75 75 43 0 0 0 23 0 0 0 0 0 14 0 0 0 0 0 0 0 0 8 0 0 0 0 0 0 -999 
P10529 2077 12 13 0 0 0 15 0 17 35 0 0 33 75 0 0 0 0 0 0 0 0 0 5 0 0 0 0 0 14 40 10 0 
P10529 2078 1 55 0 59 0 0 13 0 10 12 34 45 30 21 0 0 0 15 0 0 0 0 4 0 0 10 17 0 0 0 0 0 
P10529 2078 2 0 0 0 0 0 0 0 0 0 0 4 0 0 7 0 0 0 0 0 0 0 0 0 0 25 50 0 0 -999 -999 -999 
P10529 2078 3 0 0 0 0 0 0 0 0 20 14 16 0 16 15 51 0 44 40 54 72 44 37 0 45 62 84 131 59 0 0 0 
P10529 2078 4 0 0 0 11 24 39 64 0 18 0 0 42 24 19 0 23 0 0 18 11 0 0 0 30 0 41 0 15 0 0 -999 
P10529 2078 5 20 73 96 20 23 36 0 0 30 0 0 0 0 0 23 0 0 24 0 9 0 0 0 0 0 0 0 0 30 51 0 
P10529 2078 6 50 0 38 0 0 110 0 23 0 0 34 0 23 0 0 0 0 0 0 0 0 27 40 0 0 46 0 0 0 0 -999 
P10529 2078 7 0 34 21 0 19 0 0 0 0 0 44 0 0 24 0 35 0 0 46 0 0 0 0 0 0 0 0 0 42 0 58 
P10529 2078 8 0 0 18 0 0 0 33 0 0 0 31 0 0 0 0 0 0 0 0 29 0 80 0 50 41 0 0 0 0 0 27 
P10529 2078 9 0 0 0 30 0 0 0 0 0 0 0 0 0 25 0 36 0 0 0 12 0 0 0 0 0 0 0 0 0 0 -999 
P10529 2078 10 0 0 0 0 0 0 0 0 0 0 0 0 0 0 0 0 19 0 0 0 0 12 0 0 0 0 0 0 0 0 0 
P10529 2078 11 0 0 0 0 0 0 0 0 0 0 0 0 4 0 11 0 0 0 10 0 0 11 6 0 0 0 0 2 0 0 -999 
P10529 2078 12 0 0 11 12 0 0 0 0 0 0 0 29 0 0 0 0 0 0 0 7 7 12 0 0 9 12 28 62 10 8 0 
P10529 2079 1 60 0 0 0 0 0 0 0 0 6 0 0 0 0 0 0 0 0 6 0 0 0 0 0 0 0 12 0 0 0 0 
P10529 2079 2 0 0 10 0 0 0 0 0 0 0 0 0 0 0 0 0 0 0 0 0 0 0 0 0 0 0 6 0 -999 -999 -999 
P10529 2079 3 29 0 0 0 0 0 0 0 17 0 0 0 0 12 0 0 0 8 36 0 39 52 0 41 45 0 66 0 0 27 0 
P10529 2079 4 34 0 0 147 66 0 31 0 0 0 0 0 0 55 53 0 0 14 0 31 0 23 0 0 0 35 17 0 0 0 -999 
P10529 2079 5 0 28 23 0 85 79 91 0 0 0 0 0 0 0 5 0 0 0 0 0 0 27 0 0 17 31 0 0 0 0 0 
P10529 2079 6 0 0 0 0 0 0 0 0 0 0 0 0 0 0 0 0 30 28 26 0 0 0 0 0 25 0 0 0 0 0 -999 
P10529 2079 7 0 0 0 0 0 0 0 0 0 50 0 55 0 0 0 0 0 0 0 0 0 0 51 0 0 0 43 0 0 0 0 
P10529 2079 8 0 31 0 0 36 0 0 38 44 46 0 0 0 0 0 31 0 0 0 0 50 0 0 0 0 0 0 0 0 0 0 
P10529 2079 9 0 0 0 0 0 0 29 0 0 0 0 0 0 30 0 0 18 0 0 15 0 0 0 15 0 0 0 0 0 0 -999 
P10529 2079 10 27 29 0 0 0 0 0 0 0 0 8 0 0 0 0 0 0 0 0 0 10 0 0 0 19 0 0 0 0 0 0 
P10529 2079 11 0 9 0 0 0 0 0 0 0 2 0 0 0 0 18 33 0 65 27 28 0 0 0 0 13 0 13 0 0 0 -999 
P10529 2079 12 6 10 12 0 13 0 45 0 0 13 15 9 0 0 0 0 0 0 0 0 0 0 8 11 0 7 0 0 0 0 6 
P10529 2080 1 0 0 7 0 0 0 0 0 0 0 0 0 7 0 0 0 0 0 2 0 0 0 0 0 0 0 0 6 32 111 87 
P10529 2080 2 0 0 0 0 0 0 0 0 42 0 0 45 49 20 0 0 0 0 16 15 41 0 23 0 0 0 0 0 -999 -999 -999 
P10529 2080 3 27 38 0 0 0 49 31 0 38 0 33 0 36 14 0 0 0 0 0 0 0 0 0 16 0 0 0 0 28 54 0 
P10529 2080 4 0 0 0 12 0 0 0 0 111 93 51 75 57 53 32 0 0 0 0 0 40 52 0 70 83 42 34 0 0 46 -999 
P10529 2080 5 0 0 29 0 33 0 33 34 46 0 0 21 0 0 0 0 0 36 30 0 0 0 0 0 0 0 0 0 0 0 124 
P10529 2080 6 104 35 0 83 48 0 45 0 0 20 20 15 27 0 0 71 0 0 80 0 0 31 0 21 0 0 34 0 56 25 -999 
P10529 2080 7 44 43 0 9 0 0 21 33 0 0 0 25 0 0 0 120 0 0 0 0 0 39 0 0 0 0 0 34 0 0 0 
P10529 2080 8 0 0 0 0 0 0 0 0 39 0 0 0 0 0 29 0 0 0 23 40 0 0 38 0 0 14 27 32 0 0 0 
P10529 2080 9 35 52 0 0 0 0 26 34 0 0 0 0 0 0 0 0 0 0 0 18 0 26 0 0 17 0 0 18 0 0 -999 
P10529 2080 10 11 0 32 23 0 0 0 27 11 0 0 0 10 0 0 0 0 0 0 0 0 5 0 0 0 0 0 0 11 12 0 
P10529 2080 11 11 0 5 0 3 0 0 0 0 31 8 0 16 0 0 25 0 16 19 19 56 112 0 0 0 0 0 0 0 20 -999 
P10529 2080 12 16 17 33 0 0 0 0 0 0 0 0 0 0 0 0 0 0 0 0 0 0 0 0 0 0 0 0 0 0 0 0 
P10529 2081 1 0 0 0 0 0 11 0 0 0 0 0 0 0 0 0 5 0 0 0 0 0 0 27 10 16 0 19 6 0 0 0 
P10529 2081 2 2 0 0 0 0 0 10 0 0 0 0 0 0 0 0 0 0 0 0 17 0 0 0 63 0 0 0 0 -999 -999 -999 
P10529 2081 3 0 0 22 0 30 15 0 0 0 42 56 48 0 18 31 0 0 30 0 0 9 37 23 0 0 0 0 0 0 51 16 
P10529 2081 4 0 3 0 0 0 0 39 28 0 0 14 0 0 0 0 19 0 17 0 42 38 0 37 60 0 18 20 20 21 32 -999 
P10529 2081 5 18 0 0 26 0 29 11 0 0 0 29 0 0 0 28 53 0 17 0 0 31 0 0 18 0 19 0 0 21 77 111 
P10529 2081 6 0 0 0 0 17 0 0 0 0 0 0 54 56 0 37 0 0 0 0 28 27 10 16 21 0 41 0 0 0 0 -999 
P10529 2081 7 0 0 0 0 29 0 0 43 61 0 30 27 0 0 0 0 0 0 62 0 39 0 0 0 0 0 0 45 0 59 0 
P10529 2081 8 0 36 24 29 40 0 0 46 0 0 0 35 0 0 0 0 0 21 0 27 0 0 0 0 0 0 0 0 0 0 0 
P10529 2081 9 0 0 0 0 0 0 0 0 0 29 0 0 0 0 64 0 31 43 0 0 39 0 0 0 0 0 0 0 0 19 -999 
P10529 2081 10 0 0 0 0 0 0 0 0 0 0 0 15 0 0 6 0 15 0 0 4 0 0 0 0 0 24 0 0 0 23 0 
P10529 2081 11 18 13 11 0 0 0 0 0 0 0 0 0 0 0 0 0 0 0 16 0 0 0 0 0 26 0 0 0 0 0 -999 
P10529 2081 12 23 0 21 24 0 0 0 15 22 17 32 41 0 86 0 0 0 18 20 11 13 0 9 0 0 7 0 0 0 17 0 
P10529 2082 1 0 0 0 0 35 0 0 0 0 0 16 0 0 9 0 0 0 0 0 0 19 0 0 0 0 0 0 0 0 0 1 
P10529 2082 2 0 0 0 0 7 10 0 0 6 0 0 0 0 0 0 0 0 0 0 17 0 0 0 0 22 26 0 10 -999 -999 -999 
P10529 2082 3 0 0 121 0 59 0 0 21 35 28 0 0 0 0 57 0 0 0 0 0 0 0 0 0 0 0 6 0 0 0 5 
P10529 2082 4 0 0 0 0 0 10 0 0 41 16 0 0 13 40 0 27 0 0 0 20 20 0 0 0 0 0 0 0 0 0 -999 
P10529 2082 5 0 0 0 0 14 28 21 0 58 44 0 13 0 0 0 0 43 0 40 65 0 0 0 0 0 0 0 0 0 0 0 
P10529 2082 6 0 0 50 52 0 0 0 22 44 0 0 0 64 48 0 0 25 46 0 0 0 0 28 24 0 0 0 0 25 0 -999 
P10529 2082 7 23 36 19 31 41 0 24 0 0 45 32 0 49 0 0 0 0 0 0 50 0 0 0 0 0 39 0 0 0 0 0 
P10529 2082 8 0 0 41 0 0 0 0 0 0 0 28 0 31 0 0 0 44 0 0 0 12 0 0 27 0 25 0 21 16 0 0 
P10529 2082 9 0 0 0 0 0 0 0 0 11 0 0 0 0 14 0 0 24 0 0 0 0 0 0 0 0 0 0 0 27 0 -999 
P10529 2082 10 51 47 37 0 0 0 0 0 0 0 0 0 17 0 0 0 8 0 0 0 0 0 0 0 16 0 0 0 0 11 31 
P10529 2082 11 0 9 0 19 40 58 0 0 0 0 0 0 0 41 15 0 54 0 0 0 0 0 16 0 4 0 0 0 0 0 -999 
P10529 2082 12 0 0 0 0 0 0 0 0 0 0 0 0 0 0 0 18 21 41 0 0 0 0 0 0 0 0 0 0 0 0 3 
P10529 2083 1 0 0 20 32 26 3 0 0 0 0 0 0 0 0 0 0 25 0 0 32 0 0 0 0 0 0 0 0 82 61 57 
P10529 2083 2 58 52 0 48 24 6 0 21 0 38 21 0 0 32 0 0 15 0 59 0 18 22 0 15 88 59 0 0 -999 -999 -999 
P10529 2083 3 4 0 0 15 0 0 0 0 0 0 0 0 0 36 55 86 94 58 41 0 0 54 68 78 27 0 0 0 58 0 0 
P10529 2083 4 0 23 0 19 0 24 44 29 0 0 0 0 0 0 55 0 37 0 0 43 0 38 0 0 0 30 0 0 0 0 -999 
P10529 2083 5 37 43 30 0 31 0 70 0 33 0 0 0 32 21 40 0 0 0 24 0 0 29 0 35 43 41 0 0 0 0 0 
P10529 2083 6 64 46 0 0 0 35 27 0 0 58 0 19 0 0 0 0 0 25 0 0 0 0 0 0 0 0 0 0 0 0 -999 
P10529 2083 7 49 0 0 0 0 43 0 40 0 0 0 0 0 81 0 0 25 0 0 0 0 0 0 0 0 0 27 61 0 62 0 
P10529 2083 8 36 44 0 0 0 0 25 0 0 47 25 21 0 0 39 0 0 0 0 0 0 32 0 0 28 0 32 0 0 27 0 
P10529 2083 9 22 0 0 0 0 0 0 0 0 0 0 0 0 0 39 0 42 30 0 0 0 0 0 0 0 0 0 0 0 21 -999 
P10529 2083 10 20 0 13 25 0 0 44 0 0 16 0 0 60 0 47 36 22 0 20 0 0 40 0 0 31 0 15 0 0 19 32 
P10529 2083 11 22 9 0 0 0 0 18 23 0 0 0 25 13 7 0 0 19 0 16 0 7 0 0 0 0 0 0 0 11 36 -999 
P10529 2083 12 119 0 0 0 4 0 0 0 0 0 0 0 0 0 20 0 0 0 0 0 0 0 0 0 0 0 2 0 0 8 8 
P10529 2084 1 0 0 0 0 0 0 7 0 0 0 6 0 0 0 0 0 0 0 0 0 0 0 29 0 0 0 27 0 3 0 8 
P10529 2084 2 6 0 0 0 0 0 0 10 12 42 0 0 0 0 10 0 0 0 6 0 0 0 0 11 0 0 0 2 -999 -999 -999 
P10529 2084 3 0 0 0 0 0 0 0 0 0 0 0 0 0 0 17 30 93 32 0 0 0 0 0 0 0 0 18 21 0 0 43 
P10529 2084 4 35 0 0 49 69 90 215 107 33 27 0 0 0 0 0 23 0 0 19 0 0 25 12 0 6 0 0 0 0 43 -999 
P10529 2084 5 26 0 0 17 37 0 24 0 0 10 0 19 19 47 0 0 0 0 0 0 33 0 0 0 0 49 0 82 73 0 0 
P10529 2084 6 0 0 0 0 0 0 0 15 0 0 0 0 0 0 0 0 0 0 0 0 0 0 0 0 0 0 0 0 0 46 -999 
P10529 2084 7 0 0 32 0 0 33 0 0 56 0 0 63 0 0 0 0 0 0 0 24 0 0 0 0 0 0 0 0 0 0 0 
P10529 2084 8 0 0 0 0 36 0 25 0 0 0 0 0 0 0 0 0 0 16 0 38 0 0 0 0 0 0 50 0 15 18 0 
P10529 2084 9 0 0 0 0 0 32 0 0 0 0 34 0 0 0 0 0 0 0 0 24 25 30 0 0 0 0 0 0 0 11 -999 
P10529 2084 10 0 0 0 0 0 7 0 0 21 0 0 0 0 0 0 0 0 0 0 0 0 0 0 0 0 0 22 0 0 16 0 
P10529 2084 11 3 23 28 28 0 0 0 27 0 0 0 0 0 0 0 0 0 0 23 23 0 5 0 0 0 0 0 0 25 0 -999 
P10529 2084 12 0 0 65 0 0 0 0 0 0 0 0 23 0 0 0 0 0 0 3 0 0 0 0 0 0 0 0 0 0 0 0 
P10529 2085 1 0 0 0 3 0 15 8 0 0 0 0 0 0 0 0 0 0 0 0 0 0 0 0 37 0 30 0 0 0 0 0 
P10529 2085 2 0 0 0 0 0 0 94 35 21 27 51 0 0 3 0 0 0 0 0 6 0 0 1 0 0 0 0 0 -999 -999 -999 
P10529 2085 3 9 0 10 0 0 0 3 0 17 31 26 0 24 6 16 0 45 0 0 0 0 6 0 0 0 10 0 0 0 5 0 
P10529 2085 4 0 0 0 13 0 23 26 0 0 46 0 68 0 31 0 33 63 0 31 0 0 0 0 0 0 0 0 10 0 41 -999 
P10529 2085 5 57 34 0 0 0 49 0 47 42 26 0 28 30 0 0 0 0 0 0 0 0 28 32 32 0 37 45 0 14 0 0 
P10529 2085 6 0 23 0 0 0 0 0 0 0 0 32 43 0 0 0 0 0 0 0 0 0 0 28 0 0 40 38 0 45 41 -999 
P10529 2085 7 0 0 26 0 0 53 68 0 36 0 0 0 0 30 0 0 0 38 38 0 49 0 0 0 0 0 0 0 0 0 0 
P10529 2085 8 0 0 0 0 0 0 0 32 47 0 29 28 27 28 0 0 0 29 0 0 23 0 21 0 0 36 0 0 19 0 22 
P10529 2085 9 0 0 0 42 0 36 31 24 0 0 27 0 30 0 0 0 9 0 0 0 0 0 0 0 0 0 45 41 10 0 -999 
P10529 2085 10 0 0 0 0 39 0 46 40 0 0 0 0 0 39 56 50 0 0 5 0 0 0 0 0 0 0 14 0 6 28 25 
P10529 2085 11 24 0 0 26 26 0 7 0 0 0 0 0 0 0 0 0 0 12 0 0 0 0 0 0 0 0 0 0 9 0 -999 
P10529 2085 12 0 10 0 0 0 43 94 0 0 0 0 0 0 2 0 0 0 0 0 0 0 57 0 49 0 28 0 0 0 0 5 
P10529 2086 1 0 0 0 0 0 0 0 5 0 7 0 5 0 10 0 25 4 49 0 0 0 0 0 0 0 0 0 0 0 0 0 
P10529 2086 2 24 0 0 0 0 0 30 81 0 0 0 0 35 58 0 25 35 0 0 0 0 0 0 0 7 0 0 0 -999 -999 -999 
P10529 2086 3 0 0 0 0 0 0 0 0 0 0 0 0 0 0 0 11 21 0 0 0 8 10 0 0 0 0 0 0 0 0 0 
P10529 2086 4 0 0 0 0 12 0 0 69 51 0 0 0 16 36 0 16 0 0 0 0 0 0 0 16 26 43 0 0 0 0 -999 
P10529 2086 5 0 0 0 0 0 40 0 0 0 0 0 0 48 0 0 0 28 20 0 29 37 16 10 0 0 0 0 0 0 0 0 
P10529 2086 6 0 21 0 0 0 0 0 0 0 0 0 31 27 0 0 0 48 65 62 32 0 0 26 0 0 31 0 0 0 0 -999 
P10529 2086 7 33 76 0 41 0 0 0 0 0 0 0 26 0 0 58 0 49 0 28 0 0 0 65 0 60 0 0 56 63 60 0 
P10529 2086 8 49 0 0 0 0 0 0 0 0 0 0 0 0 0 0 42 51 0 42 0 0 40 0 0 0 0 0 25 42 0 0 
P10529 2086 9 19 22 0 37 0 0 0 0 0 0 0 0 53 35 0 0 0 0 11 0 0 37 40 22 24 21 18 0 0 0 -999 
P10529 2086 10 0 0 0 0 0 0 0 0 0 0 0 0 0 9 0 0 0 0 0 9 0 0 8 0 0 0 0 0 0 37 0 
P10529 2086 11 0 0 0 25 0 0 0 0 0 31 51 242 83 0 38 0 0 0 0 47 26 63 44 0 0 16 0 0 0 0 -999 
P10529 2086 12 0 0 0 0 0 1 3 0 0 6 4 0 0 0 0 0 0 0 0 54 80 0 0 74 76 84 51 7 3 0 0 
P10529 2087 1 3 0 0 0 8 0 0 0 113 135 0 0 0 0 0 0 0 0 0 0 0 0 0 0 2 0 0 0 0 17 0 
P10529 2087 2 0 0 25 0 0 0 0 0 0 0 0 0 0 0 0 28 33 0 0 0 12 0 0 0 0 0 0 40 -999 -999 -999 
P10529 2087 3 0 36 20 0 0 0 0 0 41 34 63 65 49 33 41 52 33 0 0 0 40 0 201 107 46 0 41 0 0 10 13 
P10529 2087 4 19 0 0 0 0 0 30 9 0 0 20 25 0 0 0 93 71 0 0 0 9 0 17 26 15 16 0 6 0 0 -999 
P10529 2087 5 0 77 46 43 20 30 0 0 22 0 0 0 29 0 0 36 25 0 0 0 25 0 0 33 0 0 0 43 30 0 28 
P10529 2087 6 0 0 0 0 0 0 0 0 20 0 38 0 0 0 0 0 20 25 0 0 0 0 0 0 0 66 0 0 0 21 -999 
P10529 2087 7 31 0 0 0 0 0 0 24 0 0 13 0 0 0 23 32 0 0 0 0 0 0 24 0 30 24 0 36 0 38 0 
P10529 2087 8 0 32 0 0 0 35 0 18 0 0 0 33 45 53 0 0 0 0 0 0 0 23 0 22 29 0 0 0 0 0 0 
P10529 2087 9 25 15 26 33 0 0 0 8 0 0 39 35 0 13 0 14 19 0 0 0 34 0 0 0 0 0 20 0 0 0 -999 
P10529 2087 10 0 0 0 0 0 15 0 0 0 7 28 31 0 19 0 0 0 0 0 18 0 0 0 0 0 0 0 0 0 0 0 
P10529 2087 11 0 0 0 0 0 0 0 0 0 0 0 0 13 0 0 0 0 0 0 0 3 0 0 0 10 6 0 0 0 19 -999 
P10529 2087 12 0 17 34 0 3 0 0 0 0 0 0 0 0 0 0 4 0 0 0 0 0 4 0 0 0 12 32 34 0 0 0 
P10529 2088 1 0 0 1 0 3 2 0 0 0 0 0 0 1 0 0 0 0 0 0 0 0 0 0 0 0 5 0 0 0 0 0 
P10529 2088 2 0 0 0 16 17 60 0 80 43 0 21 0 0 0 0 0 9 10 18 0 0 14 0 19 0 27 0 20 -999 -999 -999 
P10529 2088 3 22 26 35 0 30 35 0 0 0 0 0 0 0 0 25 0 0 19 0 35 44 0 11 33 60 0 0 0 0 0 0 
P10529 2088 4 0 0 0 25 47 55 0 0 39 0 49 44 117 64 0 0 0 0 27 20 54 62 69 140 0 121 0 70 0 89 -999 
P10529 2088 5 80 0 0 41 31 25 0 31 0 0 32 0 37 26 0 29 29 0 0 32 23 13 0 0 0 0 0 0 0 0 22 
P10529 2088 6 0 0 21 0 0 0 0 0 0 0 0 38 0 0 0 0 0 0 59 0 0 0 0 0 0 41 0 36 0 0 -999 
P10529 2088 7 0 0 0 0 0 0 0 0 0 23 0 20 0 0 70 0 0 0 0 0 54 33 0 0 0 0 0 0 0 0 0 
P10529 2088 8 0 0 0 0 50 0 0 0 0 31 0 15 0 0 0 56 0 47 0 0 0 0 0 0 18 0 0 33 0 0 0 
P10529 2088 9 0 40 0 0 15 0 0 0 0 0 0 0 26 0 52 50 0 0 0 0 0 0 0 0 0 0 0 0 0 0 -999 
P10529 2088 10 0 0 0 27 0 0 0 0 66 0 36 107 0 0 0 0 12 0 0 0 35 0 0 0 9 0 18 13 7 0 19 
P10529 2088 11 19 12 0 0 0 0 0 0 0 0 0 0 28 0 24 0 0 0 0 0 0 0 0 0 0 0 0 0 0 0 -999 
P10529 2088 12 0 0 0 9 0 1 0 0 0 0 12 9 0 0 0 7 0 0 0 0 12 9 0 0 44 20 0 0 0 0 0 
P10529 2089 1 0 0 0 0 0 43 27 0 0 0 26 23 0 42 0 3 0 0 0 0 0 0 0 0 0 0 0 4 0 0 0 
P10529 2089 2 0 34 55 17 0 0 66 71 84 14 0 0 20 33 0 0 0 4 0 0 3 0 0 19 0 0 0 0 -999 -999 -999 
P10529 2089 3 13 0 0 124 52 19 0 8 0 63 28 0 11 0 0 30 43 173 0 0 0 0 0 0 68 123 0 0 14 37 35 
P10529 2089 4 16 0 0 10 0 0 0 0 36 48 0 0 9 0 0 34 0 0 21 28 0 46 24 13 0 70 18 0 13 0 -999 
P10529 2089 5 77 39 0 4 0 0 0 33 45 35 18 0 0 9 0 0 71 50 0 23 0 18 0 0 0 0 38 0 0 35 32 
P10529 2089 6 0 0 30 0 0 33 0 0 0 0 12 0 0 0 27 25 0 0 0 0 0 0 0 0 0 0 0 0 29 58 -999 
P10529 2089 7 69 38 23 0 0 0 0 42 57 0 0 0 0 0 82 0 0 0 0 0 0 0 43 24 0 0 32 0 0 22 0 
P10529 2089 8 0 0 0 0 0 0 28 46 0 35 0 0 0 0 0 0 0 0 0 0 17 0 0 0 0 0 0 36 21 0 17 
P10529 2089 9 0 0 0 0 0 0 15 0 0 0 0 15 0 23 36 0 0 42 0 0 0 19 0 0 0 16 0 0 0 0 -999 
P10529 2089 10 0 0 0 0 0 0 7 0 0 0 0 0 0 0 18 22 0 0 0 0 0 0 0 0 0 0 0 3 0 0 0 
P10529 2089 11 0 0 0 0 0 23 0 0 17 0 0 0 0 51 38 0 0 0 11 0 0 0 0 0 0 0 0 9 20 0 -999 
P10529 2089 12 0 0 0 0 0 0 16 0 0 0 16 10 0 0 0 0 0 0 0 0 0 13 0 0 0 0 0 0 0 0 0 
P10529 2090 1 0 0 0 2 0 0 6 0 0 0 0 0 0 0 0 0 0 0 0 0 0 0 0 0 0 0 0 0 0 0 0 
P10529 2090 2 7 0 0 0 18 42 50 23 11 22 20 0 0 0 7 13 0 0 0 25 0 0 0 0 0 0 0 37 -999 -999 -999 
P10529 2090 3 0 23 0 0 0 0 0 0 0 0 0 12 0 0 0 23 0 0 0 37 29 0 13 0 58 75 34 0 34 0 0 
P10529 2090 4 0 0 44 48 24 7 27 0 0 0 29 43 0 21 59 52 67 44 0 0 0 0 0 0 19 0 0 0 29 0 -999 
P10529 2090 5 29 33 0 74 56 0 19 0 0 0 0 0 42 78 105 0 0 51 0 0 0 0 0 0 36 0 0 26 0 25 0 
P10529 2090 6 31 17 0 0 0 8 0 0 0 27 0 0 0 33 0 0 0 17 0 0 26 0 0 0 35 0 0 0 16 0 -999 
P10529 2090 7 0 0 0 77 0 0 23 0 0 0 32 44 0 98 38 20 21 49 34 36 0 0 0 0 0 0 42 0 31 0 0 
P10529 2090 8 0 0 0 0 0 0 0 0 0 0 0 0 0 0 0 0 0 0 0 18 35 34 0 0 0 0 0 24 0 29 31 
P10529 2090 9 0 0 0 0 0 0 0 21 24 0 0 0 21 0 0 0 32 0 0 26 31 0 16 0 0 0 0 0 0 0 -999 
P10529 2090 10 0 0 0 0 19 31 0 0 0 0 0 0 0 7 0 0 56 0 0 0 0 0 0 0 11 11 0 0 0 8 0 
P10529 2090 11 76 0 0 0 0 0 0 0 0 22 38 28 7 0 16 64 39 15 0 0 0 0 0 12 0 47 56 0 0 0 -999 
P10529 2090 12 0 0 0 0 0 16 31 25 20 0 32 0 4 0 0 0 0 4 0 0 0 0 0 0 20 41 73 58 0 0 0 
P10529 2091 1 0 0 0 0 0 17 0 0 0 0 0 0 2 0 0 0 16 0 0 0 0 0 1 0 0 0 0 0 0 0 0 
P10529 2091 2 0 21 0 0 0 0 0 0 5 0 12 5 0 4 0 0 0 0 177 31 0 12 58 27 0 28 83 29 -999 -999 -999 
P10529 2091 3 0 0 0 0 0 0 5 4 0 0 0 0 0 0 13 0 0 0 0 0 6 0 0 4 0 0 0 0 0 0 0 
P10529 2091 4 52 0 0 0 0 0 36 121 271 264 103 77 0 0 0 37 0 84 0 71 53 58 0 0 0 0 0 0 0 17 -999 
P10529 2091 5 0 0 89 140 0 30 0 0 0 0 0 25 0 0 0 0 0 21 0 21 0 0 0 27 0 0 25 0 24 0 0 
P10529 2091 6 0 42 48 44 45 78 0 0 0 21 30 0 26 0 51 0 0 0 0 17 0 0 0 0 0 0 0 0 0 0 -999 
P10529 2091 7 0 0 0 0 34 17 25 47 34 0 0 0 0 0 0 37 0 85 59 0 0 47 0 0 0 28 0 0 0 0 0 
P10529 2091 8 0 0 0 0 0 0 0 0 0 33 33 0 35 0 0 0 0 38 0 38 36 0 33 0 36 0 13 0 0 0 0 
P10529 2091 9 0 0 19 23 0 0 0 0 0 0 0 0 0 60 28 0 0 30 56 0 51 47 21 0 0 0 0 0 0 0 -999 
P10529 2091 10 0 0 7 0 7 0 0 0 0 18 0 77 31 0 28 0 49 0 16 27 0 0 0 15 0 12 0 42 100 0 0 
P10529 2091 11 39 0 0 18 27 0 0 0 0 0 10 12 0 39 29 26 0 0 0 0 0 0 0 41 21 0 0 0 0 0 -999 
P10529 2091 12 0 0 0 0 0 0 0 0 0 0 0 0 0 0 0 0 7 0 0 7 0 0 0 0 0 0 0 0 28 34 0 
P10529 2092 1 0 0 7 0 0 6 0 11 0 0 4 21 65 0 0 8 0 19 0 0 27 53 43 25 0 0 0 14 0 0 0 
P10529 2092 2 0 0 0 0 12 0 0 24 21 0 58 22 0 0 29 0 0 0 0 0 0 0 0 0 0 0 0 20 -999 -999 -999 
P10529 2092 3 26 57 71 5 0 0 59 0 29 42 0 0 17 0 64 36 30 0 11 0 0 0 0 0 14 0 31 0 7 0 0 
P10529 2092 4 0 0 65 0 0 22 0 29 23 0 38 176 216 91 0 0 0 36 50 45 0 0 42 60 48 48 63 94 35 0 -999 
P10529 2092 5 74 121 49 18 0 0 45 67 0 0 0 17 18 18 0 11 27 0 0 0 0 0 35 0 12 0 0 0 24 34 0 
P10529 2092 6 37 0 18 9 5 0 0 0 0 0 0 23 0 50 0 0 0 65 0 0 31 43 49 0 0 0 0 0 0 52 -999 
P10529 2092 7 0 0 44 0 52 54 0 0 0 0 0 46 0 0 0 0 45 39 0 40 0 0 0 0 0 0 0 0 0 16 0 
P10529 2092 8 20 0 0 0 0 0 0 0 20 0 0 49 17 0 29 50 32 0 17 0 0 0 0 0 0 0 0 104 0 30 0 
P10529 2092 9 34 0 29 32 43 0 0 0 0 0 0 0 29 0 0 0 0 0 0 0 0 35 0 0 0 0 21 0 0 0 -999 
P10529 2092 10 12 0 0 0 24 0 0 11 24 0 0 0 30 14 0 6 0 0 0 13 25 9 0 0 0 0 0 0 0 0 0 
P10529 2092 11 0 0 31 0 65 84 61 0 0 0 0 27 0 18 0 0 5 9 0 17 15 0 11 14 0 0 0 19 0 0 -999 
P10529 2092 12 0 0 8 0 0 0 0 0 22 22 0 0 0 3 0 0 0 2 0 15 0 0 0 13 0 0 24 10 0 27 18 
P10529 2093 1 66 0 75 34 0 0 0 10 0 0 0 0 0 0 35 0 0 0 34 0 1 0 0 0 0 0 0 0 0 0 0 
P10529 2093 2 0 0 0 0 6 0 0 0 0 0 0 0 0 13 26 0 55 0 30 59 23 23 0 0 0 0 0 0 -999 -999 -999 
P10529 2093 3 0 0 65 269 93 35 26 19 0 48 81 52 39 32 0 14 0 16 12 18 13 0 0 0 0 0 0 0 0 22 0 
P10529 2093 4 0 0 0 0 0 6 0 0 21 47 42 0 0 0 0 0 11 18 6 0 0 41 0 0 0 103 80 32 52 50 -999 
P10529 2093 5 0 0 0 0 0 0 0 0 0 0 0 0 0 37 0 0 0 40 0 0 0 0 42 0 24 0 11 22 13 20 0 
P10529 2093 6 67 48 0 0 29 35 0 109 102 71 0 0 0 0 0 29 0 0 0 0 0 0 58 0 0 33 19 0 32 0 -999 
P10529 2093 7 0 0 0 0 0 0 57 38 26 0 0 41 0 21 0 0 0 0 0 0 30 0 0 0 42 29 0 0 31 0 0 
P10529 2093 8 0 0 0 0 0 0 0 41 54 51 0 50 68 54 0 0 0 0 25 34 0 0 0 0 37 32 0 0 0 0 0 
P10529 2093 9 0 0 0 0 0 0 36 32 0 0 0 0 0 0 0 23 14 23 0 53 0 0 0 0 0 0 0 0 22 0 -999 
P10529 2093 10 0 0 0 0 0 0 0 0 24 0 0 0 0 0 0 0 20 0 0 0 0 0 0 0 0 0 22 27 0 0 0 
P10529 2093 11 0 0 22 0 0 10 0 12 0 0 0 0 0 0 0 0 0 0 0 0 9 0 0 0 0 0 0 0 0 0 -999 
P10529 2093 12 0 0 0 0 0 0 0 0 0 0 0 0 0 3 0 0 0 0 0 0 0 0 0 0 0 0 0 0 6 0 0 
P10529 2094 1 0 0 0 17 0 0 0 0 9 0 0 0 0 0 0 0 0 20 30 47 36 0 36 24 42 24 0 0 0 0 0 
P10529 2094 2 0 20 0 11 13 4 0 0 0 0 1 0 0 0 0 0 0 0 0 0 0 0 0 0 0 0 0 1 -999 -999 -999 
P10529 2094 3 0 0 0 0 0 0 0 0 0 13 0 0 0 0 0 0 0 0 0 0 0 0 34 32 0 0 38 23 36 0 0 
P10529 2094 4 0 0 13 0 3 0 0 16 0 0 42 76 73 64 0 0 0 0 49 0 0 0 24 0 0 20 13 13 56 0 -999 
P10529 2094 5 38 36 16 0 62 38 22 19 28 0 0 0 0 0 13 0 0 20 15 0 0 0 13 0 28 0 0 0 0 11 0 
P10529 2094 6 0 0 0 0 24 29 21 0 18 22 0 29 37 0 57 0 82 0 0 0 0 30 0 0 0 0 0 32 0 0 -999 
P10529 2094 7 0 36 0 25 0 0 0 0 17 0 0 0 0 0 0 0 0 0 0 0 41 0 0 0 0 0 0 0 0 0 0 
P10529 2094 8 0 40 0 0 0 0 0 0 0 0 0 0 0 0 0 0 27 0 36 0 72 60 0 0 16 0 0 0 0 0 35 
P10529 2094 9 0 0 0 30 23 0 24 28 31 0 0 0 0 23 0 0 0 0 0 0 19 0 38 0 0 0 0 0 0 0 -999 
P10529 2094 10 0 0 0 0 0 0 10 0 0 22 0 14 0 0 0 0 23 0 0 46 66 42 41 0 72 31 0 0 0 0 0 
P10529 2094 11 2 0 0 0 0 0 0 0 0 0 1 0 13 21 0 0 0 0 7 0 0 0 0 0 0 27 17 0 50 0 -999 
P10529 2094 12 29 17 0 0 0 0 0 3 0 0 0 0 0 0 0 0 0 0 0 0 0 0 0 0 0 0 0 12 0 0 0 
P10529 2095 1 23 0 0 8 0 0 0 9 0 0 0 1 0 0 0 0 0 0 0 0 0 0 0 23 40 36 0 0 0 0 17 
P10529 2095 2 0 0 21 0 7 0 4 0 0 0 0 0 0 0 0 0 0 0 0 0 0 0 0 0 0 0 0 0 -999 -999 -999 
P10529 2095 3 0 0 0 0 0 0 0 0 0 0 0 0 0 0 0 0 0 0 0 0 0 0 0 0 19 39 113 0 0 26 25 
P10529 2095 4 0 31 0 31 27 23 10 0 0 0 38 61 0 0 0 26 0 24 0 23 0 56 53 0 0 0 10 0 0 3 -999 
P10529 2095 5 0 0 0 0 0 0 0 0 0 0 0 25 0 0 0 0 0 0 0 21 0 0 0 0 0 0 0 0 0 0 0 
P10529 2095 6 20 0 0 0 0 0 0 29 0 24 0 62 18 0 36 0 0 0 0 64 0 0 17 0 0 32 0 0 14 0 -999 
P10529 2095 7 22 28 0 26 0 0 0 0 0 0 0 0 16 0 0 40 0 49 0 0 0 0 0 0 38 0 41 39 50 50 0 
P10529 2095 8 0 43 0 0 0 0 35 0 0 30 0 0 0 0 26 0 0 0 0 0 24 0 0 0 0 0 66 0 39 0 0 
P10529 2095 9 0 0 0 0 0 0 0 0 0 0 0 0 27 0 0 26 0 0 19 0 12 0 18 0 43 0 60 30 0 0 -999 
P10529 2095 10 0 0 0 0 34 26 0 0 10 0 0 0 0 0 18 23 23 8 0 0 0 0 27 0 0 0 0 0 0 0 0 
P10529 2095 11 0 0 0 0 0 0 0 68 72 73 52 0 12 17 0 12 0 0 0 0 0 18 0 54 40 0 0 12 0 10 -999 
P10529 2095 12 0 0 0 0 0 0 0 0 10 30 0 4 10 28 0 106 46 0 4 15 0 29 9 7 0 59 0 0 0 0 0 
P10529 2096 1 5 6 0 0 0 0 0 0 26 0 0 0 0 0 0 41 22 0 0 0 0 0 0 0 0 5 0 4 0 17 17 
P10529 2096 2 0 30 94 82 0 0 0 0 0 0 2 0 0 0 0 97 34 0 0 0 0 0 0 0 0 0 0 0 -999 -999 -999 
P10529 2096 3 0 0 32 0 19 0 22 0 18 0 0 8 12 0 5 0 0 0 28 0 0 16 10 3 0 0 29 59 0 50 51 
P10529 2096 4 33 0 0 0 0 0 0 0 0 0 0 5 19 0 30 0 0 97 120 51 35 0 0 0 0 0 20 19 30 0 -999 
P10529 2096 5 0 35 0 36 0 0 0 0 35 0 0 9 17 0 0 0 0 0 0 0 0 0 0 0 0 48 37 30 40 44 0 
P10529 2096 6 25 58 0 39 0 34 0 14 0 0 26 0 0 10 0 0 0 0 19 0 0 0 0 47 0 0 0 40 0 0 -999 
P10529 2096 7 0 0 0 0 0 0 25 0 67 0 0 0 0 0 0 0 0 0 0 0 14 0 0 56 0 0 44 0 51 0 0 
P10529 2096 8 18 0 38 26 0 44 0 0 0 31 0 0 0 0 0 0 0 0 0 0 0 0 29 40 0 34 0 22 0 33 0 
P10529 2096 9 0 0 0 0 0 0 0 0 0 70 0 0 0 16 37 62 45 20 24 0 23 24 0 23 0 0 0 0 0 0 -999 
P10529 2096 10 35 15 0 0 0 0 0 9 0 0 15 15 0 0 9 0 14 58 0 30 44 0 15 0 0 0 0 0 0 0 0 
P10529 2096 11 18 0 0 0 0 0 0 0 0 0 0 0 0 6 19 0 4 5 0 0 0 0 0 0 0 0 0 0 0 0 -999 
P10529 2096 12 15 0 0 11 0 0 0 3 0 0 0 0 0 7 0 0 18 9 0 0 0 0 0 0 0 0 0 0 0 0 9 
P10529 2097 1 0 0 0 0 0 0 0 0 0 0 0 0 0 0 0 0 0 4 0 6 0 47 0 0 10 0 27 0 10 0 34 
P10529 2097 2 0 0 0 44 31 0 0 22 39 0 0 0 0 0 0 0 0 0 9 6 0 0 0 0 0 0 0 22 -999 -999 -999 
P10529 2097 3 24 0 39 100 35 15 43 57 7 0 0 0 0 0 0 0 7 0 10 0 0 0 0 46 0 0 33 22 0 86 0 
P10529 2097 4 0 0 0 18 0 10 16 0 65 38 0 64 33 47 0 0 0 22 59 37 21 20 0 41 99 49 27 0 22 0 -999 
P10529 2097 5 0 0 17 0 25 0 18 0 0 0 0 0 0 0 49 0 34 0 0 0 0 59 0 0 0 0 0 0 0 0 0 
P10529 2097 6 12 18 0 43 36 0 0 0 0 0 0 65 40 0 0 28 0 0 0 0 0 0 44 0 0 29 23 0 0 0 -999 
P10529 2097 7 0 39 0 38 0 0 0 0 0 41 30 0 46 0 30 0 43 0 0 22 0 29 35 0 0 0 0 39 0 26 34 
P10529 2097 8 0 63 0 30 25 0 34 0 0 0 0 0 0 0 0 0 0 0 0 0 0 0 0 0 26 0 30 0 0 0 23 
P10529 2097 9 22 13 0 0 0 0 0 0 0 68 46 22 0 0 0 0 10 0 0 0 0 0 16 0 0 12 0 0 0 0 -999 
P10529 2097 10 0 53 15 0 0 19 0 12 0 0 0 0 0 0 0 0 0 0 24 0 0 4 0 0 0 0 0 0 0 0 0 
P10529 2097 11 11 0 0 0 0 0 0 0 0 0 0 0 6 0 0 0 8 0 0 0 0 0 9 16 0 4 0 0 0 0 -999 
P10529 2097 12 0 0 0 3 0 5 0 3 2 0 2 0 0 0 0 0 0 0 0 6 0 0 0 0 0 6 0 0 0 22 0 
P10529 2098 1 0 0 0 0 35 0 25 8 0 0 6 8 0 0 0 0 13 0 0 0 0 9 0 0 6 0 0 0 26 0 0 
P10529 2098 2 0 0 0 0 0 0 0 0 0 18 0 0 0 0 0 0 0 0 0 13 16 0 0 0 0 0 0 0 -999 -999 -999 
P10529 2098 3 0 0 0 0 0 0 67 48 0 0 0 0 5 0 0 0 26 22 0 8 0 0 0 0 0 0 0 0 0 0 0 
P10529 2098 4 0 0 0 22 0 19 0 0 0 12 0 0 0 27 0 0 0 0 0 0 20 0 0 20 3 0 0 0 0 0 -999 
P10529 2098 5 0 0 0 44 105 83 28 0 0 41 60 40 0 0 0 44 0 0 0 20 0 28 30 72 53 0 23 0 7 0 0 
P10529 2098 6 0 0 0 19 0 60 0 0 0 29 27 0 0 34 0 0 0 0 0 0 35 0 32 64 0 0 0 0 0 31 -999 
P10529 2098 7 0 0 0 39 42 0 0 46 0 0 34 29 0 60 0 0 0 0 33 0 43 0 0 0 0 0 0 0 65 46 0 
P10529 2098 8 52 0 0 0 0 0 0 0 32 15 33 0 0 0 12 0 0 47 0 0 39 0 0 0 0 0 0 57 47 32 42 
P10529 2098 9 0 24 12 4 0 0 0 0 0 0 15 0 0 0 0 0 0 0 32 0 32 0 0 0 0 0 31 23 0 0 -999 
P10529 2098 10 0 0 0 0 0 0 13 0 17 0 0 0 0 27 0 0 34 0 16 0 0 10 21 0 0 0 6 4 0 7 0 
P10529 2098 11 5 0 6 0 0 12 7 0 0 18 0 0 0 0 0 0 12 0 0 0 0 0 0 0 0 0 0 0 0 0 -999 
P10529 2098 12 0 0 0 0 0 0 0 0 0 0 0 3 0 0 0 0 0 14 0 0 0 0 0 0 6 0 0 0 8 0 0 
P10529 2099 1 0 0 9 5 0 0 0 0 0 17 0 31 62 144 0 0 0 0 0 0 0 0 45 0 0 0 0 0 0 0 0 
P10529 2099 2 0 0 0 0 0 0 0 0 4 0 0 0 0 0 0 0 0 0 0 0 0 21 52 0 48 0 0 13 -999 -999 -999 
P10529 2099 3 42 47 24 0 20 0 0 44 42 0 0 0 16 51 50 35 0 0 30 18 53 0 0 49 0 64 35 0 0 0 45 
P10529 2099 4 80 85 38 27 7 0 0 24 0 0 0 1 0 13 23 0 0 0 0 0 0 40 47 0 33 27 51 0 0 38 -999 
P10529 2099 5 96 64 0 0 0 0 0 0 0 14 0 0 0 0 0 0 25 12 20 56 36 0 0 55 9 0 0 0 26 52 0 
P10529 2099 6 0 0 0 45 0 0 0 32 49 62 0 0 0 0 33 0 0 0 0 46 52 52 0 38 0 0 41 0 0 0 -999 
P10529 2099 7 0 0 0 0 0 0 0 34 0 0 67 0 0 56 25 39 0 0 0 0 40 0 37 0 69 0 0 0 31 31 0 
P10529 2099 8 0 0 36 0 0 0 37 0 0 0 0 0 32 19 0 32 29 0 0 32 0 0 0 36 0 0 0 13 11 0 0 
P10529 2099 9 0 50 0 0 28 0 0 0 111 35 52 0 0 0 0 0 30 0 0 0 0 0 39 0 18 0 6 0 0 0 -999 
P10529 2099 10 0 0 26 0 0 28 0 0 57 89 0 0 20 20 0 0 0 0 0 0 0 0 0 0 0 0 9 0 0 0 15 
P10529 2099 11 18 12 0 0 0 0 0 0 0 0 0 0 4 0 5 0 0 0 0 0 0 0 0 10 15 0 61 54 134 38 -999 
P10529 2099 12 0 0 0 2 0 31 0 0 0 37 49 0 0 0 0 0 0 0 0 0 0 0 0 0 22 0 26 44 0 34 0 
P10529 2100 1 0 0 0 0 0 0 0 10 0 0 8 0 0 7 0 0 0 11 0 0 0 0 12 0 0 0 0 0 0 0 0 
P10529 2100 2 0 0 9 0 0 0 0 0 11 0 0 0 0 0 0 0 0 0 0 65 0 55 30 17 0 0 17 0 -999 -999 -999 
P10529 2100 3 0 0 0 47 0 0 0 32 0 24 28 0 168 51 11 0 8 0 29 0 0 0 114 113 83 0 73 52 51 99 0 
P10529 2100 4 26 28 30 31 0 17 0 0 0 0 0 31 0 26 0 0 36 0 38 0 0 35 0 0 0 0 0 0 0 0 -999 
P10529 2100 5 10 17 31 37 0 0 52 0 33 0 40 0 19 33 21 0 0 71 0 40 40 0 0 29 16 0 0 34 22 35 58 
P10529 2100 6 18 0 0 0 46 0 19 0 0 0 0 30 46 0 0 0 14 0 0 24 0 0 26 39 34 48 0 0 0 0 -999 
P10529 2100 7 0 0 0 0 0 0 0 0 44 0 0 0 0 0 0 0 0 0 38 0 0 54 0 47 0 0 0 38 41 0 0 
P10529 2100 8 41 0 0 48 0 33 0 0 0 0 28 0 0 0 43 0 0 0 0 0 0 0 0 0 0 32 0 31 0 0 29 
P10529 2100 9 0 0 0 0 21 0 0 18 0 0 25 0 0 0 0 0 0 13 0 37 28 0 0 0 0 19 28 0 0 27 -999 
P10529 2100 10 0 0 94 93 0 0 0 55 23 29 0 31 0 10 0 0 0 0 13 0 0 32 0 37 0 0 0 0 0 11 0 
P10529 2100 11 0 0 33 19 0 27 0 0 12 0 0 0 19 14 0 0 9 0 0 0 16 72 24 6 0 0 23 0 0 0 -999 
P10529 2100 12 0 0 0 0 7 7 0 0 0 0 0 0 0 0 0 0 2 0 0 0 0 0 18 0 0 0 0 0 0 0 5 
