precip	MIROC5	RCP60	REGRESION	decimas	1
P8573	40.050	-6.065	182	geo	2006	2100	-1
P8573 2006 1 0 0 0 13 0 40 23 0 0 0 0 189 276 31 139 165 151 116 51 17 7 36 0 11 30 0 39 0 52 59 0 
P8573 2006 2 47 142 50 0 21 0 0 0 0 0 0 36 0 0 29 0 22 14 56 30 0 0 8 7 0 3 0 19 -999 -999 -999 
P8573 2006 3 65 103 167 191 130 166 135 126 69 82 68 22 31 40 56 131 229 205 140 83 88 85 81 56 65 79 73 88 106 77 60 
P8573 2006 4 33 0 0 51 36 0 0 0 0 0 0 0 11 0 8 0 0 0 7 0 0 0 0 0 0 41 54 34 0 0 -999 
P8573 2006 5 0 38 38 0 0 91 32 0 0 0 0 0 0 0 26 20 22 12 36 0 7 0 0 0 0 0 0 0 0 0 0 
P8573 2006 6 0 0 0 0 0 0 0 0 0 0 0 0 0 0 0 0 0 0 0 0 0 0 0 0 0 0 0 14 0 0 -999 
P8573 2006 7 0 0 0 0 0 0 19 0 0 0 0 0 0 0 0 0 0 0 0 0 0 0 0 0 0 0 0 0 0 0 0 
P8573 2006 8 0 0 0 0 0 0 0 0 0 0 0 0 0 0 11 0 0 0 0 0 0 0 0 11 11 0 0 0 0 25 0 
P8573 2006 9 0 0 0 0 0 0 0 0 24 0 0 0 0 0 0 0 0 0 0 16 0 0 0 14 0 0 7 13 0 6 -999 
P8573 2006 10 0 0 0 0 0 21 0 0 0 0 0 17 32 0 0 0 0 0 0 0 0 0 0 0 0 32 16 0 0 20 0 
P8573 2006 11 0 16 0 0 0 22 71 53 0 0 0 0 0 0 0 0 0 0 0 0 19 16 33 0 0 7 0 0 0 0 -999 
P8573 2006 12 0 0 0 0 0 0 0 143 137 77 0 0 38 45 147 167 0 0 0 0 32 103 186 65 89 81 69 74 107 65 30 
P8573 2007 1 35 0 0 6 0 0 0 0 0 0 0 0 0 13 7 0 0 0 4 2 0 0 0 5 8 8 7 15 0 21 19 
P8573 2007 2 0 20 20 10 0 0 38 117 227 131 31 26 10 13 0 0 0 58 29 31 0 31 54 46 79 79 81 0 -999 -999 -999 
P8573 2007 3 0 0 30 0 111 0 19 0 0 11 27 0 38 105 37 0 52 32 25 70 0 26 0 5 0 0 0 0 0 0 0 
P8573 2007 4 1 0 0 0 5 22 1 0 0 0 0 59 75 0 0 0 43 75 96 60 34 0 36 39 10 0 1 0 0 0 -999 
P8573 2007 5 0 0 0 32 87 18 0 0 0 0 0 26 21 37 0 28 0 0 0 0 0 0 0 0 0 0 0 0 0 0 15 
P8573 2007 6 17 0 0 14 0 17 0 0 0 11 0 0 24 0 0 0 0 0 0 0 7 0 0 0 0 20 0 19 0 0 -999 
P8573 2007 7 0 0 0 0 0 0 0 0 0 24 0 0 0 0 10 0 0 0 0 0 0 0 0 0 0 0 0 0 0 0 0 
P8573 2007 8 0 0 0 0 0 0 0 0 0 0 0 0 0 0 0 0 12 0 0 0 0 0 0 0 0 18 0 17 0 0 0 
P8573 2007 9 0 0 0 0 0 0 0 0 0 0 0 0 11 20 0 0 0 0 0 0 0 0 0 0 23 0 0 14 0 0 -999 
P8573 2007 10 0 22 15 0 0 0 0 0 0 18 14 0 70 0 0 0 0 0 0 0 0 76 103 69 20 0 65 0 0 0 0 
P8573 2007 11 0 4 9 0 9 0 0 0 0 45 98 76 36 58 0 0 8 0 0 4 0 0 0 6 1 0 0 0 0 0 -999 
P8573 2007 12 0 0 0 14 0 0 0 0 0 0 0 0 0 0 0 15 40 33 16 0 18 0 0 0 44 21 30 11 0 4 0 
P8573 2008 1 11 0 27 48 14 0 0 0 0 0 0 0 17 31 25 24 16 0 35 42 115 121 34 31 0 190 176 87 93 107 166 
P8573 2008 2 241 96 201 91 78 121 83 135 0 55 82 0 29 0 93 75 55 111 53 0 0 0 13 11 0 38 0 22 -999 -999 -999 
P8573 2008 3 0 0 0 0 0 0 0 0 0 0 0 0 0 12 0 0 0 0 0 0 0 0 0 0 27 0 0 0 0 0 0 
P8573 2008 4 0 6 0 0 0 0 0 0 0 0 6 0 0 29 85 71 0 20 0 9 0 0 0 0 0 0 0 0 0 0 -999 
P8573 2008 5 0 0 1 0 0 0 0 4 17 0 79 0 0 49 0 0 0 0 0 44 25 53 75 16 0 10 0 9 0 0 0 
P8573 2008 6 0 9 0 0 0 25 13 0 38 0 0 0 22 72 0 0 16 20 0 0 8 0 0 0 0 0 0 0 0 0 -999 
P8573 2008 7 0 0 0 0 0 0 0 0 0 0 9 0 0 0 0 0 0 0 0 0 0 0 0 0 0 0 0 0 0 0 0 
P8573 2008 8 0 0 0 0 0 0 0 0 0 0 12 0 0 0 0 0 0 0 0 0 0 0 0 0 0 0 0 0 0 0 0 
P8573 2008 9 0 7 0 0 0 0 0 0 0 0 0 0 0 0 0 0 0 0 0 0 0 0 29 0 0 0 0 37 62 31 -999 
P8573 2008 10 47 35 0 0 0 0 0 0 0 0 0 51 0 0 0 0 0 0 20 0 0 0 0 33 0 0 54 0 18 0 31 
P8573 2008 11 16 0 26 0 0 0 0 0 0 0 19 0 0 0 0 0 44 0 0 0 0 0 0 3 0 0 0 0 0 0 -999 
P8573 2008 12 0 0 0 0 0 1 0 4 13 31 0 6 11 13 0 0 0 10 11 0 0 0 19 26 73 50 36 25 0 2 0 
P8573 2009 1 0 0 0 0 0 4 1 5 0 0 0 10 7 15 12 5 1 0 0 0 0 0 0 0 0 0 0 0 0 0 0 
P8573 2009 2 0 0 7 12 4 3 1 1 0 0 2 0 0 0 2 1 0 1 0 0 0 0 0 0 0 0 0 0 -999 -999 -999 
P8573 2009 3 0 52 57 31 0 11 20 85 32 0 0 0 7 18 0 40 135 121 83 50 6 0 60 45 50 115 79 126 127 86 0 
P8573 2009 4 0 0 6 0 33 0 0 10 0 7 16 21 23 0 0 0 0 10 0 0 0 0 0 0 0 0 0 29 54 0 -999 
P8573 2009 5 47 0 0 0 0 31 23 19 0 18 0 0 0 0 0 0 0 7 0 0 0 0 16 15 10 0 0 0 0 0 0 
P8573 2009 6 6 0 0 0 0 0 0 0 17 0 0 0 0 0 0 0 0 0 0 0 0 0 0 0 0 0 0 0 0 0 -999 
P8573 2009 7 0 0 0 0 0 0 0 0 0 0 0 0 29 10 0 0 0 0 11 0 0 0 0 0 0 0 0 0 0 0 0 
P8573 2009 8 0 0 0 0 0 0 0 0 0 0 0 0 0 0 0 0 0 0 0 0 0 0 0 0 10 0 0 0 0 29 0 
P8573 2009 9 37 0 0 0 0 0 0 0 0 0 0 16 0 0 0 0 0 0 0 0 0 0 0 17 0 0 0 0 7 0 -999 
P8573 2009 10 0 0 0 0 0 0 0 0 0 0 0 0 17 17 0 24 0 21 11 0 18 9 43 0 10 0 0 7 0 0 0 
P8573 2009 11 0 0 0 0 0 0 0 16 7 0 0 14 16 0 0 23 0 0 21 46 11 35 115 0 0 4 11 0 0 0 -999 
P8573 2009 12 33 65 93 41 129 64 53 26 0 87 0 21 41 24 15 0 45 112 62 0 0 0 39 47 85 104 99 97 40 30 41 
P8573 2010 1 46 39 78 138 60 12 0 0 0 0 0 0 0 0 21 19 28 23 0 67 0 0 0 0 0 0 0 13 0 0 20 
P8573 2010 2 16 10 0 0 19 16 0 0 2 0 0 0 0 0 0 0 0 0 0 1 0 0 0 0 2 5 0 0 -999 -999 -999 
P8573 2010 3 0 0 0 0 0 0 0 0 85 75 0 12 9 0 0 0 0 44 98 0 0 0 0 0 0 2 0 6 0 5 0 
P8573 2010 4 23 0 0 0 0 0 0 51 64 44 21 17 12 23 91 0 0 0 0 33 0 10 0 24 0 0 5 10 26 0 -999 
P8573 2010 5 0 0 25 0 16 0 0 0 0 0 0 0 0 0 0 0 0 0 0 0 0 0 0 0 0 52 41 0 0 14 0 
P8573 2010 6 0 22 0 0 0 0 0 0 0 0 5 0 0 0 26 29 0 0 0 0 0 8 0 0 0 0 0 0 0 15 -999 
P8573 2010 7 29 32 0 0 0 0 0 0 0 0 0 0 0 0 7 0 0 0 0 0 0 0 0 0 0 0 0 0 0 0 0 
P8573 2010 8 0 0 0 11 0 0 0 0 0 0 0 0 8 0 0 22 0 0 0 0 0 0 7 0 0 0 0 0 0 0 0 
P8573 2010 9 0 0 35 0 0 0 0 23 0 9 11 0 0 0 13 0 0 0 0 0 0 0 15 0 0 0 0 4 0 0 -999 
P8573 2010 10 0 0 0 0 0 0 0 0 33 62 91 0 101 46 31 0 7 12 0 0 0 32 0 0 26 0 0 13 0 0 14 
P8573 2010 11 10 0 17 13 0 0 0 0 0 0 0 0 1 0 0 0 16 0 0 8 17 0 0 0 0 12 0 0 0 0 -999 
P8573 2010 12 0 0 3 0 0 13 0 0 0 0 0 0 65 25 0 7 20 0 7 0 0 0 0 0 0 0 0 0 2 0 0 
P8573 2011 1 0 0 18 31 52 5 0 0 0 0 0 0 0 24 58 0 0 1 0 0 0 33 45 16 35 16 19 0 1 0 0 
P8573 2011 2 24 0 0 68 88 91 71 31 0 0 0 34 18 12 0 0 0 0 0 0 0 0 0 0 0 0 0 54 -999 -999 -999 
P8573 2011 3 54 38 0 10 0 8 0 0 12 0 0 0 17 19 49 116 50 0 22 39 0 53 132 288 67 27 63 125 0 0 0 
P8573 2011 4 0 0 27 0 0 0 0 0 0 0 0 0 18 0 0 0 0 0 0 23 0 15 0 0 0 2 0 0 0 0 -999 
P8573 2011 5 0 16 0 0 0 0 0 0 0 39 0 0 0 0 0 0 0 0 0 0 43 13 9 17 0 17 0 0 9 0 9 
P8573 2011 6 0 16 0 0 0 0 0 0 0 0 0 0 0 0 0 0 0 0 0 0 0 0 0 0 0 18 18 0 0 0 -999 
P8573 2011 7 0 0 0 0 0 0 0 0 0 0 0 0 0 0 0 0 0 0 7 0 0 0 0 0 0 0 0 0 0 0 0 
P8573 2011 8 0 0 0 0 0 0 0 0 0 0 0 0 0 0 0 0 0 0 0 0 0 0 0 0 0 0 0 0 0 0 0 
P8573 2011 9 0 0 0 0 0 0 0 0 0 46 0 0 0 0 0 0 0 0 0 0 0 0 0 0 0 0 0 0 0 0 -999 
P8573 2011 10 0 0 0 0 0 0 8 0 0 18 0 18 0 0 24 0 0 0 0 0 20 24 0 19 0 0 18 14 14 20 0 
P8573 2011 11 3 0 9 31 72 0 25 1 0 0 0 0 14 10 0 0 78 28 0 0 22 73 0 0 0 0 13 0 0 0 -999 
P8573 2011 12 0 55 44 0 0 9 0 0 0 0 0 0 0 0 0 104 87 111 94 86 92 45 0 0 71 0 52 42 61 49 124 
P8573 2012 1 103 14 4 0 0 0 0 0 0 1 0 0 1 1 0 0 0 0 0 3 0 0 0 3 0 0 14 30 0 32 0 
P8573 2012 2 0 0 0 0 0 0 0 0 0 4 0 0 0 0 0 0 0 26 68 0 12 9 12 9 11 0 2 13 -999 -999 -999 
P8573 2012 3 46 53 0 0 0 0 0 0 0 0 0 0 26 0 0 51 0 18 31 0 63 0 0 0 0 0 0 0 0 0 0 
P8573 2012 4 0 0 0 0 0 0 30 28 0 0 0 6 16 90 78 43 30 0 5 0 0 0 14 67 63 41 63 89 55 48 -999 
P8573 2012 5 0 20 16 12 0 7 0 7 21 0 0 21 27 0 43 31 26 25 0 0 0 0 0 13 0 26 0 0 0 0 0 
P8573 2012 6 0 0 0 0 0 0 0 0 40 0 0 14 19 0 26 7 0 0 14 0 13 0 0 4 0 0 0 0 0 0 -999 
P8573 2012 7 0 0 0 0 0 0 0 17 0 0 0 0 0 0 0 0 0 0 0 0 0 0 6 0 24 0 0 0 0 0 0 
P8573 2012 8 6 0 0 0 0 0 0 0 0 0 12 0 0 9 0 0 0 0 0 0 0 0 0 0 0 0 0 0 6 0 0 
P8573 2012 9 0 9 0 0 0 0 0 3 0 0 0 0 0 0 0 0 0 0 0 6 5 0 0 0 0 0 0 12 19 0 -999 
P8573 2012 10 0 0 0 0 0 0 0 0 0 0 103 0 0 0 0 49 52 0 0 21 25 35 21 0 0 19 0 27 34 82 21 
P8573 2012 11 70 65 0 13 25 46 11 0 17 68 42 0 0 0 4 0 0 87 120 80 38 0 8 0 15 20 0 0 72 18 -999 
P8573 2012 12 0 6 0 18 31 134 127 114 0 0 39 23 0 97 69 75 54 21 0 0 43 55 18 62 26 0 0 8 0 0 57 
P8573 2013 1 0 21 28 78 34 11 52 24 0 0 26 0 0 0 0 0 6 1 0 0 0 0 0 0 0 3 0 0 40 64 0 
P8573 2013 2 0 0 0 0 0 12 9 0 22 7 0 0 54 122 0 10 0 130 156 108 78 92 88 126 0 8 0 10 -999 -999 -999 
P8573 2013 3 0 33 34 0 24 8 0 39 24 103 197 176 96 37 59 0 64 61 74 42 29 83 66 63 62 22 0 53 49 58 84 
P8573 2013 4 37 8 0 29 13 0 0 0 0 0 0 0 0 0 0 0 0 0 18 18 58 25 0 50 0 0 0 0 0 0 -999 
P8573 2013 5 0 0 8 0 7 0 0 38 29 52 46 16 0 0 0 38 0 35 0 0 8 0 0 0 0 0 0 0 0 0 0 
P8573 2013 6 0 0 31 31 0 0 0 54 72 73 0 47 0 11 0 0 0 0 15 0 0 0 0 0 0 25 47 48 47 19 -999 
P8573 2013 7 0 7 0 8 0 28 0 0 0 5 0 5 0 0 0 0 0 0 0 0 0 0 0 0 0 0 0 0 0 0 0 
P8573 2013 8 0 0 0 0 0 18 0 0 0 0 15 0 0 0 0 0 0 0 0 0 0 0 0 13 0 0 0 18 0 0 55 
P8573 2013 9 0 18 0 0 0 0 0 0 0 0 0 0 5 0 0 0 0 0 0 0 0 10 0 1 0 0 0 6 0 0 -999 
P8573 2013 10 0 0 0 0 0 0 0 0 0 38 0 0 0 5 7 15 0 0 8 0 0 0 0 0 0 0 0 0 0 0 0 
P8573 2013 11 0 0 0 0 2 0 0 0 0 0 6 0 3 5 6 0 31 205 217 52 0 210 220 75 0 246 0 23 0 18 -999 
P8573 2013 12 30 83 52 30 0 0 0 0 20 0 0 0 0 0 41 22 0 0 0 0 22 47 49 97 58 88 0 0 0 47 27 
P8573 2014 1 38 16 0 0 0 57 0 69 18 0 40 35 44 0 0 27 2 0 0 0 0 0 8 0 27 48 96 103 111 89 43 
P8573 2014 2 41 65 40 71 84 150 102 0 62 57 0 0 48 0 0 0 0 22 0 0 0 0 0 0 5 8 15 28 -999 -999 -999 
P8573 2014 3 15 0 0 4 0 0 0 2 0 0 1 0 0 0 84 117 121 0 218 90 34 23 14 0 0 6 0 0 0 10 0 
P8573 2014 4 0 0 37 28 37 14 13 0 0 0 43 47 60 0 31 32 0 33 74 37 0 41 14 34 87 35 0 32 0 63 -999 
P8573 2014 5 95 24 0 49 0 0 0 0 0 0 0 0 0 16 0 0 0 0 0 76 56 0 85 75 36 0 0 27 38 53 61 
P8573 2014 6 27 0 56 97 72 40 0 27 18 0 0 0 0 0 0 7 0 0 0 0 0 0 0 0 0 0 0 0 0 0 -999 
P8573 2014 7 0 0 0 0 0 0 0 0 0 0 0 0 0 6 0 0 0 0 0 0 0 0 0 0 0 0 0 0 0 0 9 
P8573 2014 8 0 18 0 0 0 0 0 0 0 0 0 0 0 0 0 0 0 0 0 0 0 0 0 0 0 0 0 0 0 0 0 
P8573 2014 9 0 0 3 0 0 0 0 0 0 0 19 0 0 0 0 38 66 45 0 0 0 0 0 9 4 0 0 0 12 0 -999 
P8573 2014 10 0 0 0 27 0 0 0 0 0 0 0 0 14 0 0 14 0 0 0 84 26 21 0 0 68 0 7 0 0 0 0 
P8573 2014 11 0 0 0 5 0 7 0 7 0 0 0 0 0 22 14 0 19 99 43 78 210 266 94 176 0 42 0 0 0 0 -999 
P8573 2014 12 1 0 0 0 0 0 16 10 14 0 0 9 0 0 0 0 0 0 0 0 0 0 12 18 9 0 0 0 32 33 0 
P8573 2015 1 9 0 0 107 106 42 44 27 0 0 0 0 0 0 0 0 0 0 0 0 0 0 0 0 0 0 16 115 0 65 29 
P8573 2015 2 25 0 0 0 0 0 0 0 4 0 0 7 5 2 0 0 0 6 0 0 4 0 0 29 94 0 68 36 -999 -999 -999 
P8573 2015 3 23 39 0 0 30 14 63 50 50 0 0 0 35 50 0 7 0 0 0 0 35 47 0 24 19 0 0 0 0 0 0 
P8573 2015 4 0 22 19 11 0 0 0 13 0 6 0 0 0 0 0 11 0 5 0 0 0 0 10 0 0 0 0 51 120 54 -999 
P8573 2015 5 0 50 34 8 9 15 0 0 0 0 0 0 0 0 0 0 0 0 0 0 0 0 0 0 0 0 37 80 78 25 10 
P8573 2015 6 0 0 0 0 37 0 26 0 6 0 0 0 0 12 0 0 0 0 0 0 0 0 0 0 0 0 0 0 0 0 -999 
P8573 2015 7 0 0 0 0 0 23 0 0 0 0 0 0 0 0 0 0 0 0 0 0 0 0 0 0 0 0 0 0 0 0 0 
P8573 2015 8 0 0 0 0 0 0 0 0 0 0 0 0 6 0 0 0 0 0 0 0 0 0 0 55 0 0 0 0 0 0 0 
P8573 2015 9 0 0 0 0 33 26 9 3 0 0 0 0 0 0 7 0 0 0 0 0 0 0 0 28 56 89 93 52 0 67 -999 
P8573 2015 10 40 0 0 6 22 0 32 80 0 4 0 20 0 16 0 0 0 0 14 0 0 8 0 0 8 0 0 0 0 0 0 
P8573 2015 11 0 0 0 0 0 0 0 11 0 0 12 19 0 0 14 0 0 0 34 81 0 44 0 0 13 0 0 0 0 0 -999 
P8573 2015 12 26 39 23 46 33 35 188 126 103 68 40 115 102 19 32 0 34 0 0 0 0 0 0 9 0 0 0 6 0 0 0 
P8573 2016 1 0 19 20 0 0 0 43 47 0 0 75 132 73 144 62 0 0 41 0 0 0 0 17 19 0 22 24 15 0 18 0 
P8573 2016 2 0 0 34 22 16 17 0 0 6 0 16 0 18 25 26 0 82 34 19 0 18 0 0 0 0 0 0 24 -999 -999 -999 
P8573 2016 3 0 20 0 0 27 0 47 57 184 124 164 204 99 40 36 36 33 46 0 19 0 45 46 27 0 0 90 159 126 63 84 
P8573 2016 4 10 6 0 0 0 0 0 0 28 84 108 90 23 44 157 46 70 31 0 92 21 0 0 16 21 13 21 33 18 12 -999 
P8573 2016 5 0 18 0 21 0 0 0 0 8 13 34 0 0 0 17 0 23 12 4 0 0 0 0 0 0 0 0 9 0 19 0 
P8573 2016 6 30 11 4 0 0 0 0 0 0 0 0 0 0 0 0 0 0 0 0 0 0 4 10 0 0 0 0 0 0 0 -999 
P8573 2016 7 0 0 0 0 14 0 0 0 0 0 0 0 0 0 0 0 0 0 0 0 0 0 0 0 0 0 0 0 0 0 0 
P8573 2016 8 0 0 9 0 0 21 14 0 0 0 0 0 0 0 0 4 0 0 0 0 0 0 0 0 0 0 0 0 20 0 0 
P8573 2016 9 0 0 0 0 0 0 0 0 0 0 0 0 0 0 0 0 0 0 0 24 0 14 0 0 0 0 0 0 0 0 -999 
P8573 2016 10 0 0 0 0 0 0 0 21 0 0 0 0 0 0 34 117 125 74 79 69 49 34 15 0 11 0 0 0 0 0 0 
P8573 2016 11 12 12 0 11 10 10 34 0 0 0 6 30 24 41 157 0 0 104 61 49 69 26 0 53 58 0 0 0 51 49 -999 
P8573 2016 12 0 14 0 0 4 0 10 0 31 21 45 102 81 32 13 0 0 56 107 123 101 123 66 0 28 0 0 0 0 0 50 
P8573 2017 1 0 12 23 4 0 0 0 0 0 0 0 0 81 132 54 15 0 0 0 6 0 0 0 0 0 0 0 3 0 0 0 
P8573 2017 2 0 0 0 0 0 0 0 0 0 0 0 0 0 0 0 0 23 0 0 0 0 0 0 0 0 0 0 0 -999 -999 -999 
P8573 2017 3 0 7 0 0 0 0 0 51 0 0 0 0 0 33 19 5 9 0 11 0 0 0 0 0 99 97 72 62 0 0 7 
P8573 2017 4 0 12 10 0 10 0 0 0 0 28 0 13 9 0 9 0 9 11 9 5 0 12 0 25 0 28 0 0 89 52 -999 
P8573 2017 5 18 0 16 28 9 0 0 0 0 0 0 0 0 9 0 0 0 0 0 0 0 19 13 0 0 15 22 0 0 0 0 
P8573 2017 6 0 0 0 0 0 0 0 0 0 0 16 13 0 0 0 0 0 0 0 0 0 0 0 0 0 0 0 0 0 0 -999 
P8573 2017 7 0 0 0 0 0 0 0 0 0 0 0 0 0 12 0 0 0 0 0 0 0 0 0 0 0 0 0 0 0 0 0 
P8573 2017 8 0 0 0 0 0 0 0 0 0 13 0 0 15 0 6 8 0 0 0 20 0 10 0 0 0 5 0 0 0 0 0 
P8573 2017 9 0 0 0 0 0 0 0 0 0 0 0 0 0 0 0 0 0 0 0 0 0 0 0 32 0 0 0 0 0 21 -999 
P8573 2017 10 0 0 0 0 0 0 0 0 0 0 0 0 0 0 24 92 0 151 71 38 0 33 0 16 0 0 126 0 209 69 0 
P8573 2017 11 10 15 0 35 0 19 21 68 49 25 79 84 227 68 10 13 0 21 0 28 42 23 18 9 24 31 0 0 0 53 -999 
P8573 2017 12 38 65 57 30 0 0 29 90 167 0 0 0 81 153 139 15 0 0 0 0 0 0 11 19 0 15 23 0 0 0 0 
P8573 2018 1 0 0 0 0 11 8 0 42 73 39 8 12 0 0 0 0 26 0 31 0 0 21 111 0 33 28 79 47 31 0 62 
P8573 2018 2 52 15 118 0 42 28 25 0 29 0 17 0 13 10 0 0 11 0 0 39 19 0 0 0 0 0 0 0 -999 -999 -999 
P8573 2018 3 0 0 0 0 31 0 0 0 0 0 0 59 0 54 30 7 30 21 0 0 0 5 0 0 0 0 45 36 57 42 0 
P8573 2018 4 0 8 0 0 0 0 11 0 31 0 0 0 21 0 84 0 0 0 14 0 0 0 0 45 71 94 86 39 0 0 -999 
P8573 2018 5 0 4 0 0 0 0 21 13 45 52 50 0 59 0 22 62 78 66 56 0 0 0 47 0 16 23 27 0 0 4 0 
P8573 2018 6 0 0 0 0 0 0 0 0 0 0 0 0 0 0 0 0 0 0 0 0 22 0 0 0 0 0 0 0 0 0 -999 
P8573 2018 7 0 0 15 0 0 0 0 25 18 0 0 0 11 0 0 0 0 0 0 0 0 0 0 0 18 15 0 0 0 0 0 
P8573 2018 8 0 0 0 0 0 0 0 0 0 0 11 0 0 0 0 0 0 0 12 0 0 0 0 0 0 0 0 0 0 0 0 
P8573 2018 9 0 1 1 0 13 24 0 0 0 0 0 0 0 21 0 0 0 0 0 0 0 0 0 0 0 0 0 0 0 0 -999 
P8573 2018 10 0 0 7 0 0 0 12 0 0 39 0 0 0 0 0 0 0 0 2 0 0 24 0 7 0 0 0 0 5 0 0 
P8573 2018 11 8 0 0 0 0 18 40 149 46 60 0 0 0 8 4 0 0 15 0 65 43 0 30 16 7 10 0 6 11 0 -999 
P8573 2018 12 0 36 25 41 50 65 64 0 15 18 0 123 89 38 0 0 12 0 0 0 34 0 0 43 65 54 75 130 119 87 75 
P8573 2019 1 174 126 76 129 157 120 133 5 0 0 0 0 11 0 0 0 0 0 86 83 102 114 38 19 0 69 158 10 0 30 76 
P8573 2019 2 118 146 21 0 0 0 0 0 21 88 123 66 143 130 0 0 67 237 225 26 32 29 0 10 0 0 0 0 -999 -999 -999 
P8573 2019 3 0 0 0 13 0 0 0 24 39 22 0 0 0 0 0 0 0 0 0 5 0 0 0 0 0 0 0 0 24 34 0 
P8573 2019 4 33 11 0 0 0 71 0 80 0 0 31 0 0 39 52 52 0 21 0 0 0 0 0 48 23 48 60 55 48 0 -999 
P8573 2019 5 23 0 0 0 0 0 0 0 0 0 0 0 36 0 0 0 0 0 4 0 0 3 0 0 0 0 0 0 0 0 0 
P8573 2019 6 0 0 0 0 0 0 0 32 21 22 0 31 19 23 26 0 0 0 0 0 0 0 0 0 0 0 0 0 0 0 -999 
P8573 2019 7 0 0 25 0 0 0 0 0 0 0 0 0 0 0 0 0 0 11 0 0 0 0 0 0 0 0 0 0 0 0 0 
P8573 2019 8 0 11 0 0 0 10 0 0 0 0 0 0 0 8 0 0 20 0 0 0 5 0 0 0 0 0 0 0 0 0 0 
P8573 2019 9 13 0 11 12 17 0 0 0 0 0 0 7 0 0 6 0 33 0 38 43 12 0 0 39 20 0 0 0 0 0 -999 
P8573 2019 10 0 0 0 0 0 0 0 0 0 0 0 103 0 12 0 0 0 0 0 0 0 0 0 0 0 0 0 0 0 13 0 
P8573 2019 11 0 0 9 0 16 36 23 0 20 4 0 0 0 0 0 0 0 0 26 50 191 188 0 0 70 91 49 31 0 177 -999 
P8573 2019 12 112 0 26 0 22 0 4 0 0 0 0 0 2 0 0 0 0 0 0 0 17 0 0 0 0 0 0 0 0 0 43 
P8573 2020 1 46 0 23 0 0 0 0 0 1 0 0 0 48 95 31 22 0 0 6 0 0 0 11 0 16 0 51 77 60 44 29 
P8573 2020 2 22 0 19 19 22 25 36 56 0 26 13 29 24 40 26 16 9 0 0 0 0 0 0 0 0 0 0 0 -999 -999 -999 
P8573 2020 3 1 0 0 0 62 0 0 6 0 0 0 0 37 0 0 0 0 0 0 0 0 25 0 0 34 33 0 0 0 0 27 
P8573 2020 4 27 0 12 0 4 0 0 0 0 0 0 75 15 0 82 0 132 81 0 78 81 15 0 6 1 0 0 21 0 0 -999 
P8573 2020 5 0 0 0 0 0 0 0 6 0 0 0 0 46 49 70 28 0 0 0 0 0 6 13 15 5 0 0 10 0 0 0 
P8573 2020 6 7 0 0 0 0 0 0 0 14 0 0 0 0 9 0 0 6 0 0 0 0 10 0 0 0 0 0 0 24 0 -999 
P8573 2020 7 0 0 0 0 0 6 0 0 0 25 16 0 0 0 0 0 0 0 12 0 0 0 0 0 0 0 0 0 0 8 0 
P8573 2020 8 0 0 0 0 0 0 0 0 0 0 3 0 0 0 0 0 0 0 0 0 0 0 0 0 37 25 0 0 0 0 0 
P8573 2020 9 0 0 0 0 0 0 0 0 1 0 0 0 0 0 0 7 5 0 3 0 8 0 0 8 0 0 4 0 0 0 -999 
P8573 2020 10 20 0 0 0 20 31 38 50 101 0 46 0 21 28 129 84 0 101 0 10 0 1 0 0 0 18 0 0 0 8 28 
P8573 2020 11 58 98 66 65 50 0 4 19 0 0 0 0 0 0 18 0 9 0 0 142 93 71 0 0 56 68 101 140 0 0 -999 
P8573 2020 12 0 0 54 37 59 20 0 46 51 0 0 0 0 0 0 0 0 0 34 33 40 200 126 101 85 107 142 16 0 56 108 
P8573 2021 1 0 168 49 0 54 84 0 136 105 0 0 0 0 0 0 0 0 0 18 0 0 0 0 0 0 0 0 38 74 0 61 
P8573 2021 2 76 88 98 66 0 0 0 0 3 12 0 28 13 0 0 0 0 0 0 0 0 18 8 4 12 14 0 0 -999 -999 -999 
P8573 2021 3 12 10 0 0 0 15 0 0 41 90 24 0 96 0 0 0 64 0 0 0 71 4 0 0 0 25 0 46 0 0 0 
P8573 2021 4 29 16 0 0 19 0 0 0 0 0 18 0 0 0 0 0 0 0 0 0 0 28 45 0 0 14 0 0 0 0 -999 
P8573 2021 5 90 65 0 0 0 0 0 0 0 0 9 0 0 0 0 0 0 0 64 0 0 0 0 16 16 0 26 0 0 0 41 
P8573 2021 6 0 57 52 0 0 0 0 0 0 0 0 8 0 0 0 0 13 0 0 19 30 0 0 3 0 0 0 0 0 0 -999 
P8573 2021 7 0 0 0 0 19 0 0 0 0 0 0 0 0 0 0 0 0 0 0 0 14 0 0 0 0 0 28 30 19 0 0 
P8573 2021 8 0 0 0 0 0 0 13 0 0 10 0 30 0 0 0 10 0 0 0 0 0 0 0 0 0 0 27 0 0 0 0 
P8573 2021 9 0 0 0 0 0 0 0 0 5 0 0 0 0 0 0 0 0 0 0 47 0 0 25 0 0 26 0 0 0 0 -999 
P8573 2021 10 0 0 0 0 0 16 0 0 22 0 0 0 0 1 0 0 0 0 0 25 72 150 145 98 56 54 36 0 0 0 37 
P8573 2021 11 43 51 69 135 111 39 9 0 0 0 18 11 12 15 0 0 0 65 23 0 5 0 7 30 59 0 73 0 93 43 -999 
P8573 2021 12 118 178 0 13 0 0 12 0 15 0 34 0 0 0 28 118 136 153 44 0 0 69 39 20 0 0 0 0 0 31 0 
P8573 2022 1 7 0 0 24 27 22 29 84 107 61 89 50 77 96 0 52 75 38 0 92 104 97 111 74 49 0 66 73 70 117 123 
P8573 2022 2 181 22 18 92 62 61 189 266 67 145 184 178 155 95 144 0 0 0 41 71 158 60 78 0 0 178 118 5 -999 -999 -999 
P8573 2022 3 16 24 0 0 126 104 85 138 70 87 62 66 48 9 0 0 2 0 0 0 0 0 0 0 0 0 0 0 0 22 18 
P8573 2022 4 10 0 9 0 0 0 0 49 10 0 0 0 9 23 57 36 27 13 0 0 0 0 9 0 0 0 0 0 0 0 -999 
P8573 2022 5 0 0 0 6 9 0 33 0 0 53 63 52 83 53 25 18 18 0 32 24 0 0 0 18 35 54 27 0 5 0 0 
P8573 2022 6 2 0 0 0 10 29 0 0 0 1 0 0 0 0 0 23 19 0 16 0 0 0 0 0 0 0 0 0 0 0 -999 
P8573 2022 7 0 0 0 0 0 0 0 0 36 46 0 0 0 0 0 0 0 0 0 0 0 0 0 0 0 0 0 0 0 0 0 
P8573 2022 8 0 15 0 0 0 0 0 0 0 0 0 0 0 0 0 0 0 0 0 0 0 33 0 0 0 0 0 0 0 0 0 
P8573 2022 9 0 15 13 0 0 0 0 0 0 5 0 0 0 0 0 0 9 8 0 0 0 22 0 0 0 0 0 0 0 0 -999 
P8573 2022 10 0 0 9 0 0 0 0 0 51 36 38 0 28 88 100 66 31 11 0 12 0 0 0 0 12 8 15 0 98 112 0 
P8573 2022 11 0 0 0 0 0 0 0 0 0 0 0 17 3 0 0 8 0 0 0 0 0 0 0 0 0 0 17 57 44 15 -999 
P8573 2022 12 38 102 141 208 75 117 28 26 126 20 0 21 24 0 0 21 14 9 7 0 61 151 172 71 64 44 48 0 13 10 0 
P8573 2023 1 3 0 3 1 11 0 0 0 0 0 0 0 0 17 0 23 7 0 5 0 8 0 1 0 0 0 0 0 0 0 0 
P8573 2023 2 0 38 9 13 0 0 13 0 18 0 0 0 0 9 12 21 33 44 17 11 0 41 60 24 10 0 33 0 -999 -999 -999 
P8573 2023 3 0 39 0 0 7 0 0 0 5 0 0 69 44 0 0 0 0 6 0 5 0 5 0 0 0 4 0 0 0 0 0 
P8573 2023 4 24 0 42 90 63 0 23 0 4 0 4 43 106 145 72 12 63 9 0 0 0 0 0 0 89 60 50 29 12 0 -999 
P8573 2023 5 0 0 0 0 0 0 0 0 0 0 0 0 42 0 0 0 53 56 66 40 0 0 11 0 0 4 0 0 0 0 5 
P8573 2023 6 0 0 0 0 43 0 0 0 0 0 0 0 0 0 0 8 0 0 0 0 8 9 0 0 0 0 0 0 0 0 -999 
P8573 2023 7 2 0 0 0 0 0 4 0 0 0 0 0 0 0 0 0 0 0 0 0 0 0 0 0 0 0 0 0 6 0 0 
P8573 2023 8 0 0 0 0 0 0 0 0 0 0 0 0 0 0 0 0 0 0 0 9 0 0 0 0 0 0 0 0 0 0 21 
P8573 2023 9 28 0 0 0 0 0 0 0 0 0 0 0 0 0 0 0 0 0 0 0 0 0 11 0 0 0 0 28 8 0 -999 
P8573 2023 10 0 0 0 6 0 0 11 0 0 0 0 0 0 52 118 0 0 0 0 0 0 0 0 0 0 58 19 9 15 0 118 
P8573 2023 11 48 0 0 0 0 0 12 25 38 54 34 0 18 6 13 11 0 0 0 0 0 0 0 16 20 0 0 0 0 0 -999 
P8573 2023 12 0 0 0 0 0 7 0 0 11 0 9 9 0 0 4 0 0 0 11 1 0 0 11 0 13 0 1 0 10 0 0 
P8573 2024 1 0 0 80 50 0 112 0 0 74 39 21 0 48 146 90 79 79 143 12 0 0 0 0 13 0 5 0 0 17 0 35 
P8573 2024 2 79 90 0 36 0 25 0 45 7 0 3 2 0 0 0 6 0 1 1 0 33 68 92 171 159 0 27 0 -999 -999 -999 
P8573 2024 3 61 91 90 112 97 103 0 49 53 0 0 0 17 0 0 0 0 18 0 0 0 0 0 0 0 96 41 36 76 0 42 
P8573 2024 4 95 71 98 45 18 12 0 0 0 0 0 0 0 0 0 0 0 4 0 0 0 36 16 35 0 0 18 0 1 0 -999 
P8573 2024 5 0 0 0 0 0 0 0 0 0 0 10 0 10 0 0 0 0 0 16 0 0 0 0 0 9 0 0 0 0 0 0 
P8573 2024 6 0 0 0 0 0 0 0 0 0 17 0 0 0 0 0 0 0 0 17 0 0 0 0 0 0 0 0 0 0 0 -999 
P8573 2024 7 5 0 0 0 0 0 0 11 0 0 0 0 0 0 0 0 0 0 0 0 0 0 0 0 0 0 0 0 0 0 0 
P8573 2024 8 0 0 0 0 0 0 0 0 0 0 0 0 0 0 0 0 0 0 0 0 0 0 0 0 0 0 0 0 0 0 0 
P8573 2024 9 0 26 0 9 0 0 0 0 0 0 0 13 0 0 0 0 0 37 0 0 0 0 0 0 0 0 9 5 0 0 -999 
P8573 2024 10 0 0 0 0 16 0 0 0 0 41 0 0 3 0 162 99 0 17 0 0 28 0 0 0 0 0 0 0 0 0 11 
P8573 2024 11 18 41 0 0 0 0 45 0 0 0 25 55 72 58 12 0 0 0 0 26 0 0 0 6 0 1 0 1 0 6 -999 
P8573 2024 12 5 28 18 70 0 14 0 0 0 0 0 0 0 0 6 0 0 0 0 0 6 6 0 0 15 58 0 3 0 21 0 
P8573 2025 1 0 0 0 15 14 10 0 0 0 22 0 0 0 0 4 0 0 12 20 34 0 36 30 0 37 33 0 0 20 35 0 
P8573 2025 2 0 13 0 13 0 0 51 48 0 27 35 0 12 38 0 35 87 24 0 95 55 40 29 0 0 0 0 0 -999 -999 -999 
P8573 2025 3 12 65 10 42 93 0 263 26 6 0 0 0 0 0 5 0 0 0 43 0 138 0 98 287 97 47 93 0 0 15 0 
P8573 2025 4 0 0 21 0 0 0 0 0 0 0 0 0 0 0 0 14 0 0 31 26 0 7 0 0 0 0 0 0 0 42 -999 
P8573 2025 5 37 0 0 66 65 40 48 0 19 19 0 0 0 8 0 7 11 0 0 0 1 0 0 0 13 0 17 0 0 15 0 
P8573 2025 6 0 0 0 0 0 0 0 0 10 6 0 0 7 0 5 0 0 0 0 0 0 0 0 0 0 0 0 0 0 17 -999 
P8573 2025 7 14 0 0 16 0 0 0 0 0 9 0 0 0 0 16 0 0 0 0 0 0 0 0 0 0 0 0 0 0 0 0 
P8573 2025 8 0 28 0 0 0 0 0 0 0 0 0 0 0 0 0 0 0 0 0 0 0 0 0 0 0 0 0 0 0 0 24 
P8573 2025 9 20 12 10 0 0 0 0 0 0 0 0 0 0 0 21 0 0 19 0 5 2 0 0 1 0 0 0 0 0 0 -999 
P8573 2025 10 0 11 11 11 11 0 37 32 0 0 0 0 0 0 0 0 0 16 9 0 0 0 12 28 45 47 0 67 0 0 32 
P8573 2025 11 25 0 0 0 0 0 11 0 8 19 0 0 0 0 0 54 0 0 20 27 0 0 0 0 48 0 0 0 0 0 -999 
P8573 2025 12 0 37 0 18 19 34 91 99 0 4 0 0 0 9 0 0 9 14 0 0 13 14 0 36 71 67 36 0 0 0 50 
P8573 2026 1 27 39 23 17 15 29 0 0 0 0 63 183 180 0 0 206 206 124 51 0 0 0 0 38 27 48 61 0 23 0 0 
P8573 2026 2 0 9 55 16 0 24 0 0 8 0 0 0 0 0 0 0 0 0 77 0 63 78 68 25 21 0 1 4 -999 -999 -999 
P8573 2026 3 0 0 0 0 3 0 0 0 0 0 0 0 0 0 0 0 0 0 0 0 64 110 0 0 0 3 0 6 0 0 0 
P8573 2026 4 0 0 0 0 0 0 62 62 67 101 113 53 54 0 21 0 1 0 0 10 0 0 0 0 0 0 0 61 49 44 -999 
P8573 2026 5 27 0 0 3 0 6 0 0 0 0 0 0 0 0 0 0 0 0 22 0 0 0 0 22 0 41 0 26 0 0 0 
P8573 2026 6 0 0 0 0 0 0 0 24 41 0 0 0 0 0 18 0 0 0 0 0 0 0 0 0 0 0 0 0 0 0 -999 
P8573 2026 7 0 0 0 0 0 24 0 0 0 0 0 0 0 0 7 0 0 0 0 0 0 0 0 0 0 0 0 0 0 0 0 
P8573 2026 8 0 0 0 0 0 0 0 0 0 0 0 0 0 0 0 0 0 0 0 0 0 0 0 48 0 0 0 0 0 0 0 
P8573 2026 9 0 0 0 0 0 0 0 15 0 0 0 0 0 12 0 0 0 0 0 0 0 0 0 0 0 0 4 0 17 0 -999 
P8573 2026 10 11 0 0 0 0 0 47 0 0 0 50 75 0 61 85 78 2 0 0 0 0 0 108 31 52 29 11 0 83 0 116 
P8573 2026 11 56 19 11 14 30 40 29 0 0 135 90 0 15 31 0 0 0 0 30 0 0 0 0 13 10 0 0 44 36 8 -999 
P8573 2026 12 15 15 0 24 40 29 0 19 57 48 22 0 34 69 71 90 125 125 85 46 21 0 43 0 31 35 24 31 21 58 0 
P8573 2027 1 0 0 106 130 123 78 139 116 0 0 27 0 0 0 0 0 10 10 53 96 0 19 4 0 0 0 11 35 0 10 0 
P8573 2027 2 15 0 0 0 0 0 0 0 0 0 17 0 57 142 86 243 117 141 35 9 0 0 35 69 89 81 40 70 -999 -999 -999 
P8573 2027 3 105 60 43 70 98 0 104 49 26 0 0 0 0 36 49 85 64 50 55 0 0 0 0 21 21 54 80 54 0 28 47 
P8573 2027 4 47 102 79 89 35 28 43 17 44 0 0 0 0 40 73 136 133 148 68 78 48 31 48 44 0 0 0 4 0 0 -999 
P8573 2027 5 30 0 0 0 0 0 0 7 0 0 0 0 0 11 8 0 0 19 0 0 22 24 19 0 65 80 48 0 0 0 0 
P8573 2027 6 0 0 31 0 31 0 0 0 0 0 11 0 13 0 0 0 0 0 0 0 0 0 0 0 0 0 11 0 0 4 -999 
P8573 2027 7 0 0 0 0 0 0 8 0 0 0 0 0 0 0 0 0 0 0 0 0 0 0 0 0 0 0 0 0 2 0 0 
P8573 2027 8 0 0 20 0 0 0 0 0 0 0 0 0 0 0 0 0 0 0 0 0 0 0 0 0 0 0 0 0 0 0 0 
P8573 2027 9 0 0 0 0 0 4 0 6 0 0 0 0 0 0 0 0 0 0 5 0 0 0 0 0 0 0 0 0 0 8 -999 
P8573 2027 10 0 0 0 0 0 0 0 0 0 0 0 0 0 0 0 7 0 0 0 0 0 24 0 0 23 0 16 0 38 13 0 
P8573 2027 11 0 107 186 122 0 40 0 0 0 0 0 45 104 110 0 0 0 18 0 7 21 0 137 114 96 46 85 83 104 104 -999 
P8573 2027 12 23 0 15 4 26 0 161 132 62 66 33 23 15 0 96 54 0 34 0 68 0 14 0 0 0 0 4 0 0 0 0 
P8573 2028 1 0 52 0 0 0 0 44 57 176 145 38 104 161 222 164 17 10 0 0 0 0 0 0 0 0 0 13 0 2 0 0 
P8573 2028 2 0 0 0 0 11 0 0 0 0 0 0 0 0 0 5 6 0 0 0 0 13 18 14 13 0 0 76 0 -999 -999 -999 
P8573 2028 3 66 67 36 0 0 0 0 0 13 19 22 0 11 0 0 0 20 18 0 0 0 21 18 0 0 0 0 0 0 0 3 
P8573 2028 4 0 0 0 18 21 21 0 45 0 33 21 16 0 0 5 0 0 0 11 0 0 0 0 5 0 0 0 14 23 0 -999 
P8573 2028 5 0 0 16 0 0 8 0 0 0 0 0 7 0 0 0 0 0 0 0 13 0 0 0 0 13 0 0 3 0 0 8 
P8573 2028 6 0 22 0 21 0 0 0 0 0 30 0 9 0 0 0 7 0 0 0 0 0 0 0 0 0 0 0 0 0 0 -999 
P8573 2028 7 0 0 0 18 40 32 0 35 0 9 0 0 0 27 0 0 0 0 9 0 4 0 0 0 16 0 0 0 0 0 0 
P8573 2028 8 0 0 0 0 0 0 0 0 0 0 0 0 0 0 0 0 0 0 0 0 0 0 0 0 0 0 0 0 0 9 0 
P8573 2028 9 0 0 36 44 41 32 0 5 6 0 0 0 0 19 0 0 0 0 0 0 0 0 14 0 0 0 0 0 0 9 -999 
P8573 2028 10 0 0 0 12 0 0 17 18 11 0 21 0 0 0 0 0 0 0 24 54 24 8 0 0 0 0 22 0 0 0 117 
P8573 2028 11 89 31 15 37 54 0 92 48 50 0 20 0 0 0 44 64 13 10 14 0 0 0 0 2 0 0 0 0 0 0 -999 
P8573 2028 12 0 46 0 0 79 55 0 0 0 0 0 0 0 0 6 0 0 0 67 54 71 32 116 70 31 0 16 20 30 27 9 
P8573 2029 1 0 65 80 8 53 147 189 55 20 17 0 39 63 68 94 91 33 16 55 0 0 8 0 0 44 102 109 0 0 0 0 
P8573 2029 2 0 0 15 8 0 0 0 0 0 17 10 0 0 0 1 0 0 0 0 0 0 37 49 38 0 0 106 15 -999 -999 -999 
P8573 2029 3 0 0 0 15 0 0 0 0 0 0 0 0 0 17 0 26 41 32 0 0 14 24 0 0 6 2 3 0 0 0 1 
P8573 2029 4 0 0 9 0 0 18 0 3 13 0 22 26 0 9 5 5 0 0 5 9 0 0 0 0 0 0 0 1 0 2 -999 
P8573 2029 5 0 0 0 0 15 0 0 0 0 0 0 2 0 0 6 0 0 0 0 0 0 0 0 17 0 2 0 0 0 0 0 
P8573 2029 6 0 18 25 17 0 0 17 0 0 0 0 0 0 0 0 0 0 0 0 0 0 25 23 15 0 25 0 0 9 0 -999 
P8573 2029 7 0 0 0 0 0 0 0 0 0 0 0 0 0 0 0 0 0 0 0 0 0 0 0 0 0 0 0 0 0 0 0 
P8573 2029 8 0 0 0 0 0 0 0 0 0 0 0 0 0 0 0 0 11 0 0 0 0 0 0 0 0 0 0 0 0 0 0 
P8573 2029 9 0 29 0 0 19 0 0 0 5 0 0 14 0 0 0 0 0 0 0 0 22 50 75 0 0 0 23 77 55 38 -999 
P8573 2029 10 82 21 0 0 0 0 1 1 0 0 0 0 0 0 0 0 0 20 35 0 0 22 27 33 0 27 16 0 33 0 58 
P8573 2029 11 0 0 97 149 67 107 46 0 179 63 0 0 0 0 0 17 0 0 0 20 0 0 26 0 0 0 23 0 127 51 -999 
P8573 2029 12 0 20 13 0 18 14 0 0 22 18 0 0 10 0 0 0 0 0 23 13 0 0 0 0 0 0 5 5 0 0 212 
P8573 2030 1 136 66 0 0 93 65 0 36 63 0 0 13 2 0 0 0 0 0 0 0 0 7 3 6 0 17 14 37 154 176 147 
P8573 2030 2 195 167 126 31 0 75 91 111 100 110 0 72 59 0 0 103 0 0 73 51 0 10 0 0 65 75 0 52 -999 -999 -999 
P8573 2030 3 0 0 0 0 0 38 131 52 25 0 0 0 0 9 0 22 0 0 0 5 0 65 20 0 0 0 0 4 0 0 0 
P8573 2030 4 0 0 0 0 14 0 22 0 0 0 0 0 0 0 79 88 0 223 0 48 76 117 49 36 45 61 30 0 0 0 -999 
P8573 2030 5 0 0 0 0 0 0 0 0 12 0 0 0 0 61 48 38 24 0 23 0 0 0 0 0 0 0 0 0 0 0 42 
P8573 2030 6 0 44 0 0 26 28 32 0 0 40 43 49 32 0 0 0 0 0 0 0 0 23 0 0 0 0 0 0 0 0 -999 
P8573 2030 7 0 0 0 0 0 0 0 0 0 0 0 0 0 0 0 0 0 0 0 0 0 0 0 0 0 0 0 0 0 0 0 
P8573 2030 8 0 0 0 0 0 0 0 0 0 0 0 7 0 0 0 0 0 0 0 0 0 0 0 0 0 0 0 0 0 0 5 
P8573 2030 9 0 0 0 0 0 0 0 0 10 0 0 0 0 0 0 0 0 24 0 0 0 11 0 11 0 0 0 0 0 0 -999 
P8573 2030 10 0 0 0 0 0 0 0 0 44 45 0 54 0 10 0 0 0 24 0 0 0 0 28 0 22 0 0 0 0 0 43 
P8573 2030 11 48 38 94 85 194 124 58 17 0 0 50 0 22 0 0 0 50 68 0 0 0 0 0 0 3 14 54 0 36 137 -999 
P8573 2030 12 150 0 74 60 108 120 61 48 41 24 77 107 0 0 62 28 0 0 0 0 8 24 43 15 26 0 0 0 0 6 10 
P8573 2031 1 0 0 3 0 0 0 35 12 6 8 8 11 91 117 65 25 0 0 0 0 0 31 31 54 38 37 25 0 43 47 55 
P8573 2031 2 41 23 29 0 33 80 22 19 58 115 72 48 0 0 0 0 24 89 42 23 0 74 15 0 0 0 0 0 -999 -999 -999 
P8573 2031 3 25 38 0 0 0 0 23 0 26 35 36 25 33 0 0 0 66 60 63 0 0 81 84 0 28 53 71 46 35 36 48 
P8573 2031 4 38 41 39 59 116 111 23 0 12 3 0 0 0 0 0 0 0 0 0 0 0 0 0 46 43 33 0 38 20 0 -999 
P8573 2031 5 22 0 8 0 21 30 0 47 0 30 0 0 33 0 31 21 24 0 8 0 0 0 0 0 0 7 0 0 0 0 0 
P8573 2031 6 8 0 0 0 0 26 0 0 0 0 0 0 0 0 0 0 0 0 20 0 0 29 17 10 6 0 0 0 0 4 -999 
P8573 2031 7 0 0 10 0 0 0 0 0 0 0 22 0 0 0 0 0 0 0 0 0 0 0 0 0 0 0 0 0 0 0 0 
P8573 2031 8 0 0 0 0 0 0 0 0 0 0 0 0 0 0 0 0 0 0 0 0 0 0 0 0 6 10 0 0 0 5 0 
P8573 2031 9 0 0 0 0 0 0 0 0 0 0 0 65 26 0 0 0 0 0 0 0 0 8 0 9 0 0 0 0 0 10 -999 
P8573 2031 10 0 0 0 0 7 0 0 0 0 0 0 30 0 23 59 49 0 0 0 0 53 36 59 0 0 0 63 113 59 42 136 
P8573 2031 11 42 23 31 0 14 16 7 0 16 0 0 20 0 0 71 137 26 7 15 0 0 0 7 0 0 21 60 59 0 0 -999 
P8573 2031 12 64 0 0 71 76 26 0 8 0 0 0 0 0 14 8 2 0 2 0 0 0 2 0 19 0 0 0 11 0 0 51 
P8573 2032 1 73 115 0 0 0 125 42 0 0 6 8 0 0 0 8 7 0 142 82 0 0 4 0 0 0 0 36 0 45 76 56 
P8573 2032 2 166 171 26 53 121 48 29 0 0 0 0 0 0 0 0 0 0 0 0 0 0 0 0 10 28 37 0 0 -999 -999 -999 
P8573 2032 3 0 4 0 0 0 0 54 58 5 0 1 0 0 0 0 0 0 0 0 0 0 0 0 17 41 46 39 0 0 34 34 
P8573 2032 4 9 0 106 139 67 0 0 0 25 17 0 21 0 0 0 0 0 0 34 30 120 166 182 48 31 0 0 38 81 53 -999 
P8573 2032 5 0 0 0 42 51 0 67 65 52 0 32 20 7 0 14 19 84 62 28 0 35 3 0 0 0 0 5 0 0 0 0 
P8573 2032 6 17 0 0 20 0 19 13 0 0 0 19 0 13 4 0 0 0 0 0 0 2 0 0 0 0 0 0 0 0 22 -999 
P8573 2032 7 17 0 0 0 0 0 0 0 0 0 0 0 0 0 0 0 0 0 0 0 0 0 0 0 0 0 4 0 0 0 0 
P8573 2032 8 0 0 0 0 0 0 0 0 0 0 0 0 0 0 0 0 0 44 0 0 0 0 0 18 0 0 0 0 0 0 0 
P8573 2032 9 0 0 0 0 0 0 0 0 0 0 0 0 0 0 0 0 0 0 0 0 0 0 0 0 0 0 0 0 0 0 -999 
P8573 2032 10 0 0 0 0 0 0 0 0 0 0 0 23 25 0 0 29 32 38 123 108 105 98 0 0 0 14 0 0 0 0 0 
P8573 2032 11 12 0 0 92 135 82 88 75 20 0 0 49 111 11 7 57 0 87 80 102 0 43 64 116 0 60 74 0 38 0 -999 
P8573 2032 12 1 0 0 16 20 48 0 75 114 171 151 44 28 0 0 0 0 0 0 0 0 0 0 3 0 0 0 12 0 12 174 
P8573 2033 1 61 54 17 0 0 46 26 8 18 0 0 0 0 0 0 10 0 0 0 0 0 0 0 0 2 0 0 18 12 0 0 
P8573 2033 2 0 0 0 13 0 15 22 6 0 0 0 11 0 27 68 175 207 104 106 148 169 131 75 79 115 52 45 0 -999 -999 -999 
P8573 2033 3 0 20 0 18 11 0 0 0 21 0 0 0 22 0 14 14 26 60 70 116 64 0 111 119 114 0 0 15 39 0 0 
P8573 2033 4 192 32 0 23 0 0 0 0 23 17 9 0 7 9 0 0 55 67 108 92 47 23 0 39 80 17 0 0 0 3 -999 
P8573 2033 5 3 0 0 0 0 0 0 0 0 0 0 0 0 0 0 0 0 0 9 14 0 0 0 0 16 0 0 0 0 0 0 
P8573 2033 6 0 18 0 36 13 0 0 0 0 0 0 0 0 0 0 0 0 0 0 0 16 0 0 0 10 0 0 0 0 0 -999 
P8573 2033 7 0 0 0 0 0 0 0 0 0 0 11 10 0 12 0 0 0 0 18 0 0 0 0 0 0 0 0 0 12 0 0 
P8573 2033 8 0 0 0 0 0 0 0 0 0 0 13 0 0 5 0 0 0 0 0 0 0 0 0 0 9 0 0 0 0 0 0 
P8573 2033 9 0 0 0 0 0 0 0 35 19 0 0 0 0 5 0 0 0 0 0 0 0 0 0 0 0 0 0 0 0 0 -999 
P8573 2033 10 0 0 0 40 0 0 0 0 0 0 0 0 0 0 33 55 104 73 132 0 18 19 0 0 37 0 12 0 0 66 84 
P8573 2033 11 73 25 116 143 38 145 112 52 15 20 21 0 0 54 155 65 0 24 14 0 0 0 0 0 21 17 0 0 0 0 -999 
P8573 2033 12 62 66 146 123 33 85 89 62 43 22 0 0 9 0 0 0 0 0 0 0 0 5 0 25 0 0 0 26 27 24 0 
P8573 2034 1 6 5 0 0 0 8 0 0 0 0 0 0 0 7 1 0 0 0 0 15 29 25 49 173 106 148 119 0 6 0 0 
P8573 2034 2 0 0 0 0 8 0 34 60 58 0 40 0 5 23 4 5 0 75 255 92 0 50 105 40 22 0 0 26 -999 -999 -999 
P8573 2034 3 0 0 0 0 0 0 0 18 0 28 47 17 0 4 9 0 0 0 0 0 0 27 0 0 0 0 40 29 66 70 28 
P8573 2034 4 32 53 45 108 149 0 13 31 59 64 0 0 31 61 59 34 0 14 0 32 76 134 100 38 0 11 0 1 0 0 -999 
P8573 2034 5 0 0 0 0 0 0 0 0 0 0 0 0 0 31 35 0 0 0 9 14 0 0 0 20 20 0 0 42 0 0 0 
P8573 2034 6 16 0 25 0 14 0 0 0 0 12 0 7 6 0 0 5 0 30 0 35 0 0 0 0 0 0 0 0 0 0 -999 
P8573 2034 7 0 0 0 0 0 0 0 0 0 0 0 0 0 0 0 0 0 0 0 0 0 0 0 0 5 0 0 0 0 0 0 
P8573 2034 8 0 0 0 0 0 0 0 0 0 0 0 0 0 0 0 35 0 0 0 3 0 0 0 0 0 0 0 14 0 2 0 
P8573 2034 9 5 0 3 0 0 0 19 0 0 0 19 8 7 0 0 0 27 10 0 0 0 0 0 1 0 0 13 8 15 0 -999 
P8573 2034 10 0 0 0 0 0 0 0 0 11 0 0 36 15 13 0 37 0 0 0 0 0 0 30 0 0 0 0 0 8 19 11 
P8573 2034 11 0 0 27 35 70 0 10 0 0 0 0 0 0 0 0 0 0 0 0 11 13 12 12 15 0 18 13 12 25 0 -999 
P8573 2034 12 18 29 23 0 0 0 0 0 0 0 20 0 0 0 17 0 0 0 0 0 20 25 73 190 220 151 118 23 60 107 71 
P8573 2035 1 0 76 82 82 88 131 0 45 55 0 8 0 0 0 0 1 1 0 6 0 5 0 3 3 14 31 0 60 52 31 0 
P8573 2035 2 0 12 29 48 46 1 0 0 0 0 26 6 0 0 0 0 0 0 0 32 0 0 62 76 43 0 118 41 -999 -999 -999 
P8573 2035 3 40 61 4 0 0 0 19 0 41 0 0 0 39 49 8 0 0 0 14 0 0 0 7 0 0 0 0 99 134 0 58 
P8573 2035 4 0 0 37 0 0 92 54 0 51 27 24 33 0 26 28 0 20 0 0 66 0 0 69 46 0 0 15 0 92 66 -999 
P8573 2035 5 40 0 14 0 0 0 56 24 0 18 0 8 0 4 0 0 0 0 0 0 0 0 0 0 0 0 5 0 0 0 0 
P8573 2035 6 0 0 0 40 0 0 0 2 0 0 0 0 0 0 0 0 0 0 0 0 0 0 0 0 0 0 0 0 0 0 -999 
P8573 2035 7 15 0 0 0 0 0 17 32 0 0 5 7 0 0 0 0 0 0 0 0 0 0 0 0 0 6 0 0 0 0 0 
P8573 2035 8 0 0 36 0 0 0 0 0 0 0 0 0 0 0 0 13 0 0 0 0 8 0 0 0 0 0 0 0 0 46 47 
P8573 2035 9 0 0 0 0 0 0 0 0 0 0 0 0 0 0 0 0 0 9 0 0 0 12 0 0 10 12 0 30 39 0 -999 
P8573 2035 10 34 0 0 0 0 0 24 0 0 0 0 103 0 73 0 29 0 18 44 84 110 64 37 0 0 14 0 0 0 12 0 
P8573 2035 11 0 42 40 14 0 21 0 10 0 0 0 0 0 7 0 0 17 0 0 0 0 0 0 0 0 0 0 0 0 0 -999 
P8573 2035 12 0 0 0 0 0 0 0 26 29 34 33 15 20 50 0 60 69 145 0 0 30 0 36 60 49 0 28 12 19 84 198 
P8573 2036 1 214 0 34 77 126 144 63 104 96 130 91 75 98 32 48 51 99 57 87 103 53 37 0 28 0 0 0 0 15 0 0 
P8573 2036 2 0 48 92 0 0 0 0 0 0 0 0 11 0 19 0 0 11 0 0 0 0 0 30 0 0 5 6 33 -999 -999 -999 
P8573 2036 3 86 63 24 31 0 6 0 0 0 21 0 22 12 0 0 27 0 0 0 24 0 41 0 72 140 133 99 62 46 0 38 
P8573 2036 4 182 13 23 0 8 0 0 0 20 44 75 78 46 13 0 0 0 0 25 0 27 8 0 0 49 0 0 0 0 0 -999 
P8573 2036 5 0 0 0 0 0 13 13 17 26 0 0 0 0 0 0 0 67 58 87 51 105 95 0 0 0 0 0 0 0 0 0 
P8573 2036 6 0 0 0 0 0 0 0 0 0 28 28 28 0 0 0 0 0 0 0 0 12 0 0 0 0 0 5 0 0 0 -999 
P8573 2036 7 0 11 24 19 0 0 0 0 0 0 0 0 0 0 18 0 0 0 0 0 0 0 0 0 0 0 0 0 0 0 0 
P8573 2036 8 0 0 0 30 0 0 0 0 0 5 0 0 0 0 0 0 0 0 0 0 0 0 0 0 0 0 0 0 0 0 0 
P8573 2036 9 0 0 0 0 0 0 0 0 0 34 9 0 0 0 0 0 0 0 0 0 0 0 17 35 0 10 0 0 0 0 -999 
P8573 2036 10 0 0 9 0 32 0 23 11 0 126 0 11 41 84 48 0 13 0 0 5 0 4 0 17 19 12 0 0 0 0 0 
P8573 2036 11 2 0 0 0 0 68 89 40 29 24 0 7 0 0 0 0 0 0 0 3 0 0 0 0 25 25 0 9 0 10 -999 
P8573 2036 12 0 0 0 0 0 0 0 0 0 0 0 36 27 18 16 0 0 0 0 16 0 0 0 0 0 0 57 71 0 215 139 
P8573 2037 1 92 78 71 41 26 0 16 27 0 12 17 0 42 75 78 145 78 44 50 19 9 15 25 2 0 0 0 13 0 9 0 
P8573 2037 2 0 0 0 0 0 0 21 0 0 0 0 0 0 0 0 0 13 40 51 0 37 19 0 0 0 0 20 0 -999 -999 -999 
P8573 2037 3 0 24 30 0 60 53 66 120 99 27 0 0 0 0 0 0 0 0 0 29 32 153 108 89 67 157 103 53 52 20 33 
P8573 2037 4 2 0 8 18 17 36 0 12 0 0 0 0 80 68 12 0 0 0 6 0 0 0 74 81 53 0 40 40 0 12 -999 
P8573 2037 5 0 0 23 0 0 105 77 0 0 0 0 0 0 0 7 0 0 10 0 0 0 0 0 11 0 0 5 0 10 0 0 
P8573 2037 6 0 0 0 0 0 0 13 23 10 5 0 0 0 0 0 0 0 0 0 0 0 0 0 0 0 0 0 0 0 0 -999 
P8573 2037 7 0 0 0 0 0 9 0 0 0 0 11 0 0 0 0 0 0 0 0 0 0 0 0 0 0 0 0 0 0 0 0 
P8573 2037 8 0 0 0 0 0 0 0 0 0 8 0 0 0 0 0 0 11 0 0 0 0 0 0 0 9 0 0 0 0 0 0 
P8573 2037 9 0 8 0 0 0 17 0 15 0 0 16 0 0 0 0 0 0 0 0 0 0 0 0 0 0 13 0 0 0 0 -999 
P8573 2037 10 0 0 0 0 31 0 0 0 0 7 0 0 0 0 0 0 0 0 0 11 0 0 0 0 0 3 0 0 0 0 0 
P8573 2037 11 59 63 0 0 13 30 0 0 0 0 5 0 0 39 0 79 55 12 0 0 2 0 0 20 0 0 35 24 0 0 -999 
P8573 2037 12 45 0 88 0 127 102 78 25 0 0 0 114 27 35 0 18 11 13 51 51 0 14 39 0 0 0 0 0 0 0 0 
P8573 2038 1 0 0 0 0 0 0 0 24 59 26 74 216 103 0 46 65 0 58 20 68 42 24 0 0 10 10 0 17 0 0 41 
P8573 2038 2 0 0 0 0 0 33 0 0 14 0 0 2 0 0 0 0 0 0 0 19 20 23 29 55 80 49 0 10 -999 -999 -999 
P8573 2038 3 14 0 0 36 0 0 0 0 0 0 34 54 22 0 21 77 90 55 0 0 64 0 104 56 20 126 107 37 0 12 4 
P8573 2038 4 17 86 68 36 0 9 36 74 0 13 0 19 1 2 0 25 0 0 0 0 0 87 23 0 0 0 0 0 0 0 -999 
P8573 2038 5 0 0 0 0 0 0 0 0 10 17 0 0 12 0 0 0 18 0 0 0 0 9 0 0 11 0 11 0 0 0 0 
P8573 2038 6 0 0 0 0 0 0 0 0 0 0 0 0 13 0 14 0 0 0 0 0 0 0 0 0 0 0 0 0 0 19 -999 
P8573 2038 7 0 20 0 0 0 0 0 0 0 0 0 0 0 0 0 0 0 0 0 0 0 0 0 0 0 0 0 0 0 0 0 
P8573 2038 8 0 0 0 0 0 0 0 0 4 5 0 0 0 0 0 0 0 0 0 0 10 0 0 0 0 0 0 0 0 0 0 
P8573 2038 9 10 22 0 0 0 0 0 0 0 0 0 0 0 0 7 0 0 0 0 0 0 0 53 52 0 0 0 0 0 0 -999 
P8573 2038 10 8 0 0 7 0 7 0 0 0 0 0 0 0 10 10 0 0 0 71 56 0 97 113 0 75 0 52 0 22 0 0 
P8573 2038 11 53 0 0 52 148 105 67 0 14 0 47 118 0 0 45 0 21 0 91 25 0 0 16 0 17 0 119 115 98 33 -999 
P8573 2038 12 28 23 13 20 34 28 0 59 57 33 15 0 0 0 0 0 0 0 0 0 0 0 9 0 50 26 30 64 0 0 4 
P8573 2039 1 0 36 71 55 157 0 22 0 0 27 59 127 112 55 0 139 147 83 198 153 55 32 31 70 152 180 216 56 24 13 35 
P8573 2039 2 0 0 0 0 0 0 0 0 0 0 0 0 0 17 23 12 19 0 5 21 79 105 119 65 0 0 51 0 -999 -999 -999 
P8573 2039 3 36 9 0 0 38 39 12 10 0 51 34 0 74 0 19 0 39 0 125 151 131 22 0 8 13 16 0 0 2 3 4 
P8573 2039 4 0 0 2 0 0 0 0 0 0 0 0 0 14 0 0 0 0 0 0 0 0 5 0 0 0 0 0 0 0 0 -999 
P8573 2039 5 35 0 35 0 0 14 7 0 27 73 50 21 0 18 0 17 0 4 13 0 20 0 0 0 0 0 26 27 34 28 0 
P8573 2039 6 0 23 0 0 0 0 0 37 61 0 0 0 0 5 0 0 0 0 0 0 0 0 0 0 0 0 0 0 0 0 -999 
P8573 2039 7 0 0 0 0 0 0 0 0 0 0 0 5 0 0 0 19 0 0 0 0 7 0 0 0 0 0 0 0 0 0 0 
P8573 2039 8 0 0 0 0 0 0 0 0 0 0 0 0 0 0 0 0 0 0 0 0 0 0 0 0 0 0 0 0 0 0 16 
P8573 2039 9 0 0 0 10 0 0 0 0 0 0 0 0 0 0 0 0 0 0 0 0 7 8 0 0 5 0 0 0 0 0 -999 
P8573 2039 10 45 4 0 0 0 0 0 0 0 0 8 0 0 6 0 7 0 0 38 66 37 49 49 86 82 13 0 80 69 0 52 
P8573 2039 11 96 0 0 0 0 0 0 0 8 21 0 0 0 0 0 66 27 29 0 0 88 52 25 0 53 28 0 107 103 96 -999 
P8573 2039 12 44 0 0 26 47 0 0 0 0 0 0 18 0 47 68 30 44 163 57 49 54 0 0 0 0 0 50 0 0 0 0 
P8573 2040 1 0 0 0 0 0 0 0 0 0 0 3 0 0 0 2 13 0 17 48 133 0 0 13 25 1 0 0 8 32 38 138 
P8573 2040 2 72 35 106 141 0 0 0 0 0 0 40 39 59 218 182 105 82 142 133 46 32 69 141 0 65 87 0 89 -999 -999 -999 
P8573 2040 3 0 0 141 118 58 0 41 49 79 0 1 0 0 0 0 18 0 18 26 0 0 0 7 0 0 0 0 0 0 17 0 
P8573 2040 4 38 29 27 0 46 43 23 30 0 13 18 0 0 29 37 11 5 0 0 16 0 27 5 0 50 40 30 11 10 19 -999 
P8573 2040 5 0 0 0 0 23 0 35 0 20 0 0 18 0 0 0 0 0 0 0 0 0 0 0 0 0 0 0 0 0 0 0 
P8573 2040 6 0 0 10 0 0 0 0 0 0 14 0 0 30 26 0 0 0 0 0 0 0 0 0 0 0 0 0 3 0 0 -999 
P8573 2040 7 0 0 0 0 0 0 0 0 0 0 0 0 0 0 0 0 0 0 0 0 0 0 0 0 0 0 0 0 0 0 0 
P8573 2040 8 0 0 0 0 0 0 0 0 0 0 0 0 0 0 0 0 0 0 0 0 0 0 0 0 0 0 0 0 0 0 0 
P8573 2040 9 0 0 13 0 0 0 0 0 0 13 0 0 18 2 0 54 0 0 8 31 0 0 15 0 0 0 0 0 0 0 -999 
P8573 2040 10 0 0 0 0 0 0 36 77 36 0 0 25 20 16 0 0 90 0 0 0 0 0 0 0 44 0 0 6 0 0 0 
P8573 2040 11 0 0 0 0 4 0 23 38 17 6 0 0 0 139 87 102 60 27 0 0 0 0 36 52 0 0 16 24 0 0 -999 
P8573 2040 12 12 0 0 0 0 0 25 31 24 27 0 33 0 0 0 3 4 0 0 0 0 0 0 0 0 0 0 19 12 0 12 
P8573 2041 1 0 0 0 0 38 24 11 0 0 0 46 34 5 0 42 46 0 0 0 4 7 32 54 37 27 33 135 0 38 161 56 
P8573 2041 2 18 26 17 0 0 0 0 0 47 88 56 46 26 30 59 0 21 15 34 43 59 9 0 0 0 0 0 0 -999 -999 -999 
P8573 2041 3 0 0 0 9 0 0 25 0 0 0 0 0 5 0 0 0 0 0 0 0 0 0 0 0 0 0 0 16 24 0 0 
P8573 2041 4 10 0 0 18 0 0 0 0 0 0 0 0 0 0 0 0 0 0 0 0 8 15 0 0 0 0 0 0 0 0 -999 
P8573 2041 5 0 0 0 27 0 34 0 14 21 0 28 29 0 0 0 0 0 0 56 28 3 0 0 0 0 0 0 0 0 0 0 
P8573 2041 6 0 0 0 0 0 0 0 0 12 0 0 44 25 19 7 0 0 0 0 14 0 0 0 0 0 0 0 0 0 0 -999 
P8573 2041 7 0 10 0 0 0 0 0 0 0 0 0 0 21 0 0 0 0 0 0 0 0 0 0 0 0 0 0 0 0 0 0 
P8573 2041 8 0 0 0 0 0 0 0 0 0 0 0 0 0 0 0 0 0 0 0 0 0 0 0 5 0 0 0 0 0 0 0 
P8573 2041 9 0 0 0 4 8 0 0 0 21 0 0 0 0 0 0 0 0 22 21 0 0 0 0 0 0 0 0 0 0 0 -999 
P8573 2041 10 0 0 0 0 0 0 0 0 0 0 0 16 17 0 22 0 0 0 0 12 0 0 50 50 47 16 22 27 30 0 0 
P8573 2041 11 75 0 22 0 7 14 0 0 0 0 0 0 0 0 0 0 0 19 0 16 0 0 3 0 0 0 22 18 0 0 -999 
P8573 2041 12 42 74 74 14 13 12 36 96 93 19 0 0 0 0 23 0 0 0 0 0 64 0 0 0 0 0 15 48 46 68 0 
P8573 2042 1 72 103 152 76 0 24 8 0 16 27 0 0 0 0 0 0 0 71 105 13 6 7 0 89 118 139 207 74 7 0 0 
P8573 2042 2 5 0 0 0 0 0 0 0 0 0 0 0 0 0 0 0 0 0 0 0 0 0 17 13 0 0 0 0 -999 -999 -999 
P8573 2042 3 0 3 1 0 15 0 1 12 0 0 0 7 0 0 0 0 0 43 45 31 65 53 63 60 45 22 0 18 14 3 0 
P8573 2042 4 2 1 0 2 5 6 0 0 14 7 0 0 0 0 0 0 0 24 20 33 29 36 65 9 0 0 0 0 33 61 -999 
P8573 2042 5 46 85 106 104 43 0 32 0 47 99 60 35 65 28 0 0 9 0 0 0 0 0 0 2 0 0 0 7 0 0 26 
P8573 2042 6 24 0 0 27 38 0 37 37 0 0 0 0 0 0 0 0 0 0 0 0 0 0 0 0 0 0 0 0 0 0 -999 
P8573 2042 7 0 0 0 0 0 11 0 0 0 0 0 0 0 0 0 0 0 0 0 0 0 0 0 0 0 0 0 0 0 0 0 
P8573 2042 8 0 0 0 0 0 0 0 0 0 0 0 0 0 0 0 0 0 0 37 0 0 0 0 0 0 0 0 0 0 0 0 
P8573 2042 9 0 0 0 0 17 0 0 0 0 0 0 7 0 0 0 0 0 0 0 0 0 0 0 0 0 16 17 0 0 0 -999 
P8573 2042 10 0 0 0 0 0 0 0 0 23 5 3 0 0 0 0 0 0 0 0 0 0 0 42 0 0 0 0 0 0 0 0 
P8573 2042 11 0 0 0 0 0 28 22 0 29 23 40 103 96 0 0 0 0 0 0 0 16 40 20 17 27 54 29 17 0 0 -999 
P8573 2042 12 30 17 0 64 150 0 54 34 21 0 66 0 0 0 0 17 0 0 0 57 26 32 0 0 0 0 0 0 46 0 0 
P8573 2043 1 0 0 0 0 0 0 7 16 19 36 53 78 31 80 71 71 0 0 0 0 1 0 0 0 0 0 0 0 0 0 0 
P8573 2043 2 0 0 0 0 0 0 0 0 52 143 44 29 0 18 43 0 0 0 0 0 0 0 20 0 0 0 38 0 -999 -999 -999 
P8573 2043 3 15 12 4 0 0 0 6 7 0 0 45 46 54 95 50 0 111 71 68 65 34 60 70 93 43 47 0 27 111 135 41 
P8573 2043 4 0 64 101 0 0 47 23 33 47 32 0 26 40 0 5 0 0 0 0 0 0 0 0 9 0 0 0 0 86 0 -999 
P8573 2043 5 0 0 0 7 0 0 0 0 0 0 0 0 0 26 43 52 111 79 72 93 41 0 0 0 0 0 0 0 0 0 0 
P8573 2043 6 0 0 0 0 0 0 0 0 0 2 0 0 0 0 0 2 0 0 0 0 0 0 3 0 0 0 0 0 0 0 -999 
P8573 2043 7 0 0 0 5 0 0 0 0 9 0 0 0 0 0 0 0 0 0 0 0 0 0 0 0 13 0 0 0 0 0 0 
P8573 2043 8 0 0 0 10 0 0 0 0 0 0 0 0 0 0 0 0 11 0 0 0 0 0 0 13 0 0 0 0 0 0 0 
P8573 2043 9 0 0 0 0 0 0 6 0 0 0 0 0 0 0 0 6 0 7 0 0 0 0 0 5 0 0 0 0 0 8 -999 
P8573 2043 10 0 0 0 0 0 0 0 0 7 0 0 0 88 40 0 17 0 0 0 0 13 0 22 0 0 0 4 0 13 18 10 
P8573 2043 11 0 0 18 32 132 23 7 4 0 0 0 0 0 0 13 0 0 24 0 39 138 124 0 47 82 106 0 0 43 21 -999 
P8573 2043 12 0 0 76 71 78 41 0 0 0 0 2 0 0 0 0 0 0 26 0 0 0 0 0 0 0 0 4 6 0 0 0 
P8573 2044 1 0 0 0 0 0 0 17 35 0 0 53 0 0 25 14 18 43 129 62 0 0 19 14 51 95 130 48 0 12 0 0 
P8573 2044 2 0 21 45 97 44 0 1 0 20 41 32 0 20 0 0 25 26 0 0 0 0 0 0 0 0 0 0 0 -999 -999 -999 
P8573 2044 3 0 0 0 3 6 0 0 0 0 8 0 0 2 0 0 20 0 17 0 0 6 0 3 0 0 0 28 35 22 22 21 
P8573 2044 4 29 0 71 50 48 0 21 0 33 0 0 0 0 5 0 0 16 0 0 0 0 0 0 0 0 0 0 14 0 0 -999 
P8573 2044 5 20 0 28 0 29 65 72 37 33 87 60 64 50 32 0 16 13 0 12 26 0 0 0 31 14 0 0 7 0 0 0 
P8573 2044 6 0 0 0 0 0 0 0 0 5 0 0 0 0 0 0 0 0 21 0 0 33 0 18 0 0 0 0 0 0 0 -999 
P8573 2044 7 20 0 0 0 0 0 0 0 0 0 0 0 0 0 0 0 0 0 0 0 3 0 0 0 0 0 0 0 0 0 0 
P8573 2044 8 0 0 15 0 0 0 0 0 0 0 0 12 0 0 0 0 0 0 0 0 0 0 0 0 0 0 0 0 0 11 0 
P8573 2044 9 5 0 0 0 0 0 0 0 0 0 0 0 0 0 0 0 0 18 0 8 4 0 7 0 0 0 12 0 6 0 -999 
P8573 2044 10 0 0 0 0 0 0 0 0 13 18 0 29 0 0 0 19 0 0 0 0 36 10 35 153 123 72 0 0 27 0 0 
P8573 2044 11 0 0 0 0 0 10 17 18 0 55 76 49 147 69 98 93 66 31 32 0 121 32 0 0 24 17 0 13 0 0 -999 
P8573 2044 12 0 0 0 0 16 15 0 0 0 0 0 0 0 0 0 0 43 69 104 52 0 0 92 35 67 125 45 0 28 80 63 
P8573 2045 1 88 67 103 0 0 23 71 114 223 105 0 73 0 32 19 17 44 37 0 0 4 6 0 0 0 0 0 6 0 9 24 
P8573 2045 2 0 25 10 11 18 0 45 10 0 0 84 104 31 7 0 0 0 0 0 0 43 41 0 0 0 135 329 184 -999 -999 -999 
P8573 2045 3 11 0 44 47 0 10 0 62 83 75 69 77 60 0 27 21 0 0 0 3 0 0 0 0 0 0 0 0 0 0 0 
P8573 2045 4 0 0 0 0 14 0 14 0 4 0 0 23 14 57 47 0 0 8 16 0 12 0 7 0 0 0 0 0 17 24 -999 
P8573 2045 5 0 0 27 78 34 0 11 0 0 0 0 0 0 0 0 0 0 0 0 41 48 66 64 53 0 0 0 32 58 45 0 
P8573 2045 6 14 0 10 0 0 0 0 0 0 0 0 0 0 64 75 51 0 17 16 0 0 0 0 0 0 0 0 0 0 0 -999 
P8573 2045 7 0 0 0 0 0 0 0 0 0 0 0 0 0 0 0 0 0 0 0 0 0 0 0 0 0 0 0 0 0 0 0 
P8573 2045 8 0 0 0 0 0 0 0 0 10 11 0 0 0 0 0 0 0 0 0 26 44 0 0 0 0 7 0 0 0 0 0 
P8573 2045 9 0 0 0 0 0 0 0 37 0 0 0 0 0 0 0 0 0 0 6 5 0 0 0 0 0 0 0 0 0 0 -999 
P8573 2045 10 0 0 0 0 0 0 0 12 7 0 7 6 0 0 0 0 0 0 0 0 43 0 0 0 0 0 11 0 0 0 0 
P8573 2045 11 0 0 47 92 30 0 0 7 0 0 0 0 0 0 0 0 38 110 54 11 1 0 0 12 19 27 35 23 23 0 -999 
P8573 2045 12 30 0 0 0 0 6 0 0 0 76 49 0 0 0 0 0 0 0 0 2 0 9 34 127 14 7 0 13 0 11 12 
P8573 2046 1 22 9 19 0 9 9 0 0 0 0 0 0 13 9 13 20 0 213 173 0 83 0 108 108 87 123 73 61 161 92 0 
P8573 2046 2 68 24 0 16 22 0 0 0 0 0 0 57 69 0 67 150 141 0 38 0 4 0 0 0 0 0 46 38 -999 -999 -999 
P8573 2046 3 23 16 0 38 0 0 0 0 0 0 0 0 0 0 0 0 0 3 0 0 0 0 0 14 17 53 0 20 22 20 55 
P8573 2046 4 73 0 19 12 0 17 28 40 61 56 19 25 50 70 0 85 0 0 5 0 0 0 62 65 0 0 0 28 25 21 -999 
P8573 2046 5 0 17 0 0 0 0 0 0 0 0 22 0 30 0 0 18 18 12 25 34 35 33 85 76 89 74 31 0 0 26 0 
P8573 2046 6 0 16 0 49 97 0 10 0 0 0 0 0 0 0 0 55 0 0 0 0 0 0 0 0 0 0 0 0 0 0 -999 
P8573 2046 7 0 0 0 0 0 0 0 0 0 0 0 0 0 0 0 0 0 0 0 0 0 0 0 0 0 0 0 0 0 0 0 
P8573 2046 8 0 0 0 0 0 0 0 0 7 0 0 0 0 0 0 0 0 8 0 8 0 13 0 0 0 0 0 0 0 0 0 
P8573 2046 9 0 0 0 0 0 0 0 0 0 0 0 0 0 0 0 0 0 6 0 0 0 8 0 0 5 0 0 0 0 0 -999 
P8573 2046 10 0 0 32 21 0 20 30 20 0 73 0 0 12 0 22 24 0 0 0 0 0 23 0 0 0 0 0 0 0 0 0 
P8573 2046 11 0 24 44 0 0 0 3 0 0 0 0 0 0 0 0 0 0 0 0 0 0 0 0 42 0 0 0 0 0 10 -999 
P8573 2046 12 0 25 0 0 0 0 0 4 0 0 0 0 0 34 0 0 0 31 25 0 15 0 0 0 16 44 0 0 0 0 0 
P8573 2047 1 33 35 128 91 78 0 0 0 38 31 0 0 5 6 0 0 0 0 0 0 24 20 0 0 0 0 62 56 32 56 81 
P8573 2047 2 0 0 9 0 0 0 0 0 0 0 0 0 0 0 0 0 0 0 31 56 62 64 65 84 102 14 0 0 -999 -999 -999 
P8573 2047 3 0 30 0 31 32 55 33 0 23 49 40 43 0 84 33 58 45 58 12 0 0 0 0 0 0 0 0 8 0 11 0 
P8573 2047 4 19 0 0 0 0 11 0 0 6 15 26 21 0 0 0 0 0 32 20 21 20 35 0 0 37 24 0 22 23 0 -999 
P8573 2047 5 0 0 0 0 24 75 24 0 0 0 0 0 0 76 92 36 0 0 0 0 0 23 27 0 0 0 0 0 0 6 0 
P8573 2047 6 0 0 0 0 0 0 11 0 0 0 0 0 0 0 0 0 0 0 0 0 0 0 0 0 0 0 0 0 0 0 -999 
P8573 2047 7 0 0 0 0 0 0 0 0 0 0 0 0 0 0 11 0 0 0 0 0 0 0 0 0 0 0 0 0 0 0 0 
P8573 2047 8 0 0 0 0 0 0 0 0 0 0 0 0 0 0 0 0 0 0 0 0 0 0 0 0 0 0 0 33 40 0 38 
P8573 2047 9 0 0 0 0 0 0 0 0 0 0 0 0 0 0 0 0 0 0 0 0 0 0 0 0 0 37 0 0 21 0 -999 
P8573 2047 10 0 0 43 84 44 0 0 16 39 21 10 11 34 23 0 0 0 0 0 0 0 0 0 0 30 26 0 24 0 0 0 
P8573 2047 11 0 0 0 0 0 4 3 0 0 16 0 4 0 15 0 0 25 46 103 37 15 0 0 0 0 7 27 83 31 0 -999 
P8573 2047 12 81 88 20 101 306 326 341 142 0 27 0 0 0 17 84 61 35 123 181 79 0 147 0 98 85 45 37 0 51 32 0 
P8573 2048 1 0 0 0 0 0 0 0 0 0 0 0 5 0 0 0 0 0 0 0 0 21 30 10 0 0 95 0 1 0 20 0 
P8573 2048 2 42 0 18 26 0 30 73 134 35 69 0 0 0 0 40 39 53 105 0 0 23 18 0 0 0 25 0 0 -999 -999 -999 
P8573 2048 3 0 0 0 0 0 1 0 0 0 0 0 13 11 7 4 0 0 0 56 54 28 26 22 0 0 0 0 0 0 17 0 
P8573 2048 4 8 4 0 0 0 0 52 51 16 7 0 84 85 63 0 0 89 0 127 151 50 29 0 17 13 23 0 3 0 0 -999 
P8573 2048 5 0 12 0 17 0 0 0 0 7 21 0 0 23 0 6 0 0 0 0 0 0 0 33 0 0 0 15 30 36 0 0 
P8573 2048 6 0 0 0 0 0 0 0 0 0 9 6 0 0 0 0 0 0 0 8 0 0 0 0 0 0 0 0 0 0 0 -999 
P8573 2048 7 0 10 0 0 0 15 0 0 0 0 0 10 0 0 0 0 0 0 0 0 14 7 0 0 0 0 0 0 0 0 0 
P8573 2048 8 0 0 0 0 0 0 0 0 21 0 0 24 0 0 0 0 0 11 0 0 0 0 0 0 0 0 0 0 0 0 0 
P8573 2048 9 0 0 0 0 14 0 0 0 0 0 16 0 0 0 0 0 0 0 0 0 0 0 0 0 0 0 0 0 0 0 -999 
P8573 2048 10 0 0 113 60 0 0 0 0 0 0 0 0 0 38 44 87 0 0 0 10 3 0 0 31 13 0 25 32 47 0 52 
P8573 2048 11 41 35 13 0 0 10 55 32 10 31 61 32 8 0 0 41 82 16 3 0 0 0 0 0 0 0 10 50 115 114 -999 
P8573 2048 12 96 140 156 13 0 0 1 0 0 0 0 14 0 0 27 32 23 88 83 142 32 0 37 0 0 0 15 7 0 0 0 
P8573 2049 1 4 0 0 0 14 15 0 0 0 0 0 10 8 0 10 0 0 0 0 0 0 0 0 0 0 0 0 0 0 5 0 
P8573 2049 2 0 3 0 0 0 0 0 82 26 0 63 149 170 154 0 111 124 97 90 77 125 73 0 291 143 193 100 48 -999 -999 -999 
P8573 2049 3 0 115 131 98 136 71 0 33 0 52 41 0 0 63 0 18 65 40 12 0 0 0 0 4 0 5 0 0 0 0 28 
P8573 2049 4 0 0 0 0 75 0 0 3 10 0 5 0 0 0 0 0 8 0 0 0 0 0 0 0 0 0 8 0 25 0 -999 
P8573 2049 5 36 38 0 11 0 0 0 0 0 0 0 0 0 0 0 0 0 0 22 0 0 10 0 0 0 0 29 0 0 0 0 
P8573 2049 6 0 35 0 0 0 0 0 0 0 0 0 0 0 0 0 0 0 0 0 0 0 0 0 0 0 0 0 0 0 0 -999 
P8573 2049 7 0 0 0 19 20 0 0 7 6 0 0 0 0 0 0 0 0 0 0 0 0 0 0 3 0 0 0 0 0 0 0 
P8573 2049 8 0 0 5 0 0 0 0 10 0 0 0 0 0 0 0 0 0 0 0 0 0 0 0 0 0 0 0 0 0 0 0 
P8573 2049 9 0 0 0 0 0 0 0 0 0 26 0 11 0 0 4 0 0 10 0 8 12 0 0 0 0 0 0 0 13 0 -999 
P8573 2049 10 7 0 0 0 0 0 0 0 9 0 0 0 30 0 63 83 35 45 30 18 23 0 0 62 44 57 103 53 0 11 0 
P8573 2049 11 0 0 0 22 0 59 0 126 88 0 0 0 0 0 0 3 5 18 0 0 0 4 0 16 21 0 0 49 75 0 -999 
P8573 2049 12 0 0 3 0 5 11 0 3 8 0 2 0 0 0 127 97 2 0 0 0 0 0 14 24 44 54 11 0 0 0 0 
P8573 2050 1 0 0 9 0 0 0 0 7 18 0 169 116 119 141 71 85 74 126 16 15 2 0 26 0 30 67 45 13 0 0 0 
P8573 2050 2 11 0 97 20 0 0 0 24 32 0 0 0 0 0 0 0 0 0 0 0 0 0 0 0 4 0 0 0 -999 -999 -999 
P8573 2050 3 0 0 0 0 0 0 0 0 0 0 0 6 0 0 0 16 0 18 0 13 0 0 87 96 72 30 10 35 33 8 0 
P8573 2050 4 0 0 0 15 18 0 0 0 14 19 98 83 1 0 0 0 50 42 37 64 47 0 47 52 40 0 0 0 0 0 -999 
P8573 2050 5 0 31 17 38 46 0 46 21 0 80 0 0 0 0 32 0 0 0 0 0 0 36 0 0 0 0 48 53 0 10 4 
P8573 2050 6 0 5 0 0 0 0 4 0 0 0 10 24 19 0 0 0 0 0 0 0 0 0 0 0 0 8 0 0 0 0 -999 
P8573 2050 7 0 0 0 0 0 0 0 0 0 0 0 0 0 0 0 0 0 9 0 0 0 0 0 0 0 0 0 0 41 0 0 
P8573 2050 8 0 19 0 0 0 0 0 0 0 0 0 0 0 0 0 0 0 28 0 20 0 0 0 0 0 0 0 0 0 0 10 
P8573 2050 9 0 6 0 17 0 0 0 0 0 0 0 0 0 0 0 0 0 0 0 0 0 0 0 21 0 0 0 0 0 0 -999 
P8573 2050 10 0 0 0 0 0 0 0 0 0 0 0 0 0 0 0 73 55 20 0 23 22 0 0 0 0 0 60 61 49 66 112 
P8573 2050 11 71 22 10 0 0 0 0 0 3 0 0 6 12 22 0 6 0 0 0 17 0 31 84 0 0 10 52 0 0 0 -999 
P8573 2050 12 11 25 55 11 30 0 0 54 0 115 0 37 150 126 89 14 0 0 13 0 0 21 0 0 0 14 20 0 0 0 0 
P8573 2051 1 15 0 23 0 0 0 0 0 0 21 12 91 96 61 0 8 10 33 7 3 8 0 0 11 0 0 3 0 0 31 45 
P8573 2051 2 54 97 58 31 0 0 22 19 8 0 0 6 0 0 0 26 25 16 33 46 0 60 135 78 74 95 75 0 -999 -999 -999 
P8573 2051 3 0 0 92 112 92 0 0 0 61 83 109 79 94 0 0 0 50 17 0 14 0 23 30 0 0 0 12 0 0 17 0 
P8573 2051 4 28 0 0 0 0 0 0 40 0 27 6 0 16 0 134 0 2 0 0 0 0 0 0 10 0 0 0 0 0 0 -999 
P8573 2051 5 0 20 20 0 0 0 0 0 38 0 0 0 0 0 33 0 20 0 0 34 34 0 0 0 15 0 11 0 0 0 5 
P8573 2051 6 0 0 27 0 0 0 0 28 0 67 17 0 0 0 0 0 0 36 0 0 0 0 0 0 0 0 0 0 0 14 -999 
P8573 2051 7 0 0 0 0 0 0 0 0 0 0 0 0 0 0 0 0 0 0 0 0 0 0 0 0 0 0 0 0 0 0 0 
P8573 2051 8 0 0 0 0 16 0 0 0 0 0 0 0 0 0 0 0 0 0 0 0 12 0 0 0 0 0 0 0 0 0 0 
P8573 2051 9 0 12 0 0 0 0 0 17 0 0 0 0 0 1 0 0 0 0 0 20 0 0 0 0 18 0 0 0 0 15 -999 
P8573 2051 10 0 0 0 0 0 0 22 30 38 0 0 0 56 37 85 0 0 0 0 0 5 0 0 0 0 0 65 78 0 0 0 
P8573 2051 11 0 0 14 0 0 0 0 0 0 0 6 37 61 0 0 10 0 60 73 38 0 65 101 0 77 90 33 0 0 92 -999 
P8573 2051 12 0 0 0 0 0 0 59 32 0 18 19 27 0 50 44 49 33 0 60 0 93 98 27 15 0 7 0 0 0 0 0 
P8573 2052 1 12 18 0 0 4 3 1 0 0 0 0 1 0 0 0 0 0 0 0 0 0 0 0 0 0 0 0 1 0 0 0 
P8573 2052 2 0 0 0 10 0 0 0 0 0 0 0 31 0 44 39 18 19 0 0 31 30 15 0 56 88 49 0 0 -999 -999 -999 
P8573 2052 3 0 0 0 26 0 36 102 33 0 6 9 0 0 0 41 34 21 0 0 0 93 48 0 41 81 79 51 31 0 0 0 
P8573 2052 4 0 0 31 0 0 0 5 4 0 10 9 0 1 0 0 0 0 0 5 0 0 0 0 0 0 0 0 0 0 20 -999 
P8573 2052 5 0 0 0 0 0 30 58 56 0 0 0 0 37 0 0 0 0 0 31 0 12 0 0 0 10 24 0 54 27 31 0 
P8573 2052 6 22 14 0 14 0 0 0 0 0 0 0 28 22 0 19 0 26 0 0 0 19 0 0 0 0 0 0 0 0 0 -999 
P8573 2052 7 0 0 0 0 0 0 0 0 0 0 0 0 0 0 0 0 0 0 0 0 0 0 0 0 0 0 0 0 0 0 0 
P8573 2052 8 0 0 0 0 0 0 0 0 5 0 0 0 0 0 0 0 0 0 0 0 14 14 10 0 0 0 16 0 0 10 0 
P8573 2052 9 0 0 0 0 0 0 0 30 9 0 0 6 0 0 0 0 0 0 0 32 0 0 0 0 0 0 0 0 0 0 -999 
P8573 2052 10 11 0 0 0 0 0 0 20 23 0 0 32 0 0 0 0 0 0 0 0 0 0 0 0 0 0 0 0 0 0 0 
P8573 2052 11 0 0 0 0 0 5 11 0 0 6 1 0 0 20 0 0 0 0 0 15 0 0 13 23 35 69 64 0 13 28 -999 
P8573 2052 12 42 35 20 24 33 0 6 0 0 96 37 24 107 80 36 20 75 73 51 33 0 0 28 0 38 20 0 0 24 81 42 
P8573 2053 1 0 0 0 0 0 0 0 0 0 0 0 0 0 22 17 6 0 0 0 0 0 2 0 0 1 0 0 0 6 0 9 
P8573 2053 2 0 0 33 79 43 41 72 28 28 10 12 5 0 0 0 0 0 0 4 0 0 0 0 14 0 0 0 56 -999 -999 -999 
P8573 2053 3 47 0 13 37 0 16 9 8 26 0 0 0 11 17 24 14 58 43 36 23 0 0 0 5 0 0 0 0 57 71 33 
P8573 2053 4 30 0 0 41 84 87 113 71 36 58 0 86 14 0 0 6 0 0 0 0 0 0 0 5 0 0 0 0 0 31 -999 
P8573 2053 5 53 29 0 73 0 59 89 41 0 19 25 21 0 0 0 0 0 0 25 36 0 0 37 33 0 11 9 0 13 0 0 
P8573 2053 6 0 27 21 0 0 0 0 0 0 0 13 13 0 8 0 0 16 0 8 0 0 0 0 0 0 0 0 0 0 0 -999 
P8573 2053 7 0 0 0 0 0 0 0 0 0 0 0 0 0 0 0 0 0 0 0 0 0 0 0 0 0 0 0 0 0 0 0 
P8573 2053 8 0 0 0 0 0 0 18 0 0 0 0 0 0 0 0 0 0 0 0 19 0 0 0 0 0 0 0 0 0 0 0 
P8573 2053 9 0 0 0 0 0 0 0 0 19 0 0 0 0 0 0 0 0 0 0 0 0 8 0 0 0 0 0 0 0 0 -999 
P8573 2053 10 0 0 0 0 0 0 4 0 0 0 0 0 5 0 33 23 0 0 1 0 0 0 0 19 0 0 29 0 16 0 25 
P8573 2053 11 15 25 54 0 0 0 0 0 107 108 0 0 40 42 103 113 119 60 0 26 13 39 29 30 7 42 0 33 73 39 -999 
P8573 2053 12 0 29 26 0 0 0 0 0 0 0 0 0 0 0 24 13 0 5 4 0 8 30 0 36 110 86 44 0 75 58 79 
P8573 2054 1 66 53 162 82 108 101 50 43 107 67 93 135 0 124 0 73 85 18 0 0 0 0 0 0 14 11 59 236 94 0 84 
P8573 2054 2 74 145 113 31 6 0 73 68 26 27 0 76 31 16 9 29 7 11 37 7 0 13 0 0 0 0 0 0 -999 -999 -999 
P8573 2054 3 0 0 0 0 0 6 0 0 0 0 0 0 0 0 0 0 10 23 6 10 13 0 50 15 0 0 0 0 45 42 38 
P8573 2054 4 0 37 0 0 88 0 178 102 42 0 79 56 7 5 0 0 22 0 0 0 0 0 0 0 0 0 32 59 44 37 -999 
P8573 2054 5 38 22 0 17 11 28 14 2 0 14 0 0 12 0 43 39 0 0 0 0 0 0 22 0 111 30 30 37 0 29 0 
P8573 2054 6 0 0 0 4 0 0 9 4 0 0 0 0 8 0 0 0 0 0 0 0 0 0 0 0 0 0 0 0 0 0 -999 
P8573 2054 7 0 0 0 0 0 0 0 0 0 0 0 0 0 0 0 0 0 0 0 0 0 0 0 0 0 0 0 0 0 0 0 
P8573 2054 8 0 0 0 0 0 0 12 0 0 8 0 0 0 0 0 0 0 0 0 27 26 0 0 0 0 32 0 0 0 0 0 
P8573 2054 9 0 0 0 0 0 0 0 0 0 9 0 0 34 0 0 0 0 0 0 0 0 0 52 54 0 4 0 8 0 68 -999 
P8573 2054 10 40 42 104 34 0 9 0 0 0 0 0 0 0 0 97 28 0 0 39 0 0 0 12 0 46 52 24 12 29 11 0 
P8573 2054 11 0 0 6 0 0 0 0 44 164 151 96 48 40 0 122 38 23 39 50 124 22 15 0 0 9 17 62 0 0 0 -999 
P8573 2054 12 8 7 0 0 0 0 0 0 0 0 0 62 41 20 0 0 0 0 6 0 0 12 55 94 100 0 131 145 155 96 128 
P8573 2055 1 30 0 69 58 19 0 0 0 0 111 136 0 0 7 0 0 59 192 0 0 6 1 2 0 0 0 0 0 0 0 0 
P8573 2055 2 0 0 24 0 50 62 94 43 0 0 0 0 4 10 0 6 5 0 0 0 0 8 0 0 0 0 0 0 -999 -999 -999 
P8573 2055 3 0 25 37 35 0 30 0 26 25 25 0 46 47 0 9 0 29 30 0 16 0 0 31 50 42 33 0 43 0 0 0 
P8573 2055 4 0 0 0 0 10 0 0 0 0 32 44 0 0 0 0 0 0 0 0 0 0 26 0 5 8 0 0 8 0 0 -999 
P8573 2055 5 10 4 0 0 0 0 1 0 0 27 73 0 0 6 0 0 0 0 0 0 0 0 0 20 39 38 14 8 0 0 0 
P8573 2055 6 4 0 0 0 0 0 0 0 0 0 0 0 0 0 0 0 0 0 28 0 0 0 0 0 0 0 0 0 0 0 -999 
P8573 2055 7 0 0 0 0 0 0 0 0 0 0 0 0 0 0 0 5 0 13 0 0 0 0 0 0 0 0 0 0 0 0 0 
P8573 2055 8 0 0 0 0 0 0 0 0 0 0 0 0 5 0 0 0 0 0 0 0 0 0 0 0 0 0 0 0 0 0 0 
P8573 2055 9 0 0 0 0 0 0 0 0 0 0 3 0 0 0 0 0 0 0 0 0 0 0 24 0 0 0 0 0 0 55 -999 
P8573 2055 10 69 0 0 62 0 43 0 0 15 38 79 46 0 0 58 89 114 0 0 29 4 2 24 0 0 34 0 0 14 0 25 
P8573 2055 11 0 0 0 44 46 70 65 42 0 13 48 0 0 21 17 36 36 15 0 0 0 22 15 8 0 23 56 57 174 65 -999 
P8573 2055 12 23 10 58 0 52 18 0 25 0 0 0 0 0 0 0 0 0 0 0 0 9 6 0 3 0 0 0 51 0 42 0 
P8573 2056 1 0 0 47 117 136 109 132 116 88 155 49 6 0 0 0 0 16 0 0 0 8 0 0 29 29 57 165 35 0 0 0 
P8573 2056 2 0 0 13 13 0 88 138 47 41 72 113 76 51 193 99 0 0 87 97 193 160 189 67 94 32 0 0 0 -999 -999 -999 
P8573 2056 3 21 0 13 26 108 176 145 63 37 200 155 121 0 119 39 0 0 0 94 122 33 12 32 0 0 18 56 105 68 51 0 
P8573 2056 4 15 74 0 13 0 0 0 0 0 0 0 0 0 0 0 13 0 0 0 0 0 0 10 21 0 0 0 0 0 0 -999 
P8573 2056 5 0 0 0 0 0 0 32 42 71 0 0 41 30 0 0 15 0 0 10 8 0 0 0 13 0 0 0 0 0 0 50 
P8573 2056 6 28 0 0 21 0 0 0 12 12 0 4 0 0 10 11 14 26 0 0 0 0 0 0 7 0 0 0 0 0 0 -999 
P8573 2056 7 0 0 0 26 0 0 0 0 0 0 0 0 0 0 0 0 0 17 0 0 0 0 0 0 0 0 0 0 0 0 0 
P8573 2056 8 0 0 0 0 0 0 0 0 0 0 0 0 0 0 0 0 0 0 0 0 0 0 0 0 0 0 0 0 17 0 0 
P8573 2056 9 0 0 0 0 0 0 78 0 25 0 0 0 0 0 0 16 0 0 24 0 0 0 0 0 0 0 0 0 0 0 -999 
P8573 2056 10 0 0 0 0 0 0 0 33 24 0 0 0 0 0 0 0 0 32 0 6 9 24 0 63 180 133 0 0 0 10 0 
P8573 2056 11 37 33 0 21 19 0 0 86 87 46 55 0 61 56 134 67 0 7 9 36 0 0 0 0 0 0 0 0 0 0 -999 
P8573 2056 12 0 0 0 0 0 0 0 0 0 0 0 0 0 7 20 22 0 93 0 0 0 0 0 0 1 0 0 37 0 0 135 
P8573 2057 1 126 126 67 74 131 83 86 56 73 95 104 21 0 8 0 27 0 41 0 13 0 3 4 0 0 33 86 244 98 31 40 
P8573 2057 2 0 0 0 18 0 34 40 0 48 6 0 0 0 0 0 13 0 8 0 3 0 0 0 0 0 0 93 0 -999 -999 -999 
P8573 2057 3 37 81 37 11 3 0 0 5 0 0 2 0 4 21 54 39 41 104 104 0 21 2 0 0 0 0 0 0 69 63 57 
P8573 2057 4 78 77 54 0 5 0 8 0 0 24 28 0 0 74 53 62 88 63 10 0 0 48 0 0 0 0 0 0 0 0 -999 
P8573 2057 5 0 0 0 32 32 23 0 26 0 18 0 0 0 0 0 0 0 0 0 0 0 21 0 0 0 0 16 0 0 0 0 
P8573 2057 6 0 0 0 0 0 0 13 0 0 0 0 0 0 0 0 0 0 0 0 0 0 0 0 0 0 0 0 0 0 0 -999 
P8573 2057 7 0 0 0 0 0 0 0 0 0 0 0 0 0 0 0 0 0 0 0 0 0 0 0 0 0 0 0 0 0 0 0 
P8573 2057 8 0 0 0 0 0 0 0 0 0 0 13 0 0 0 0 0 0 0 0 0 0 0 0 0 0 0 0 0 0 0 0 
P8573 2057 9 14 0 0 0 0 0 0 0 0 0 0 0 0 0 0 0 0 0 0 0 0 0 0 57 0 0 0 19 0 16 -999 
P8573 2057 10 16 17 29 0 30 0 0 0 31 0 8 0 65 33 0 7 0 0 0 0 46 65 45 0 78 90 145 87 0 0 0 
P8573 2057 11 0 0 21 22 27 0 0 0 0 0 105 144 189 0 0 12 0 20 0 42 46 0 0 0 16 27 0 74 42 200 -999 
P8573 2057 12 71 93 85 12 32 0 0 0 13 0 0 0 36 0 0 0 17 0 127 53 79 32 93 170 39 0 26 0 0 0 0 
P8573 2058 1 0 0 0 0 0 6 11 8 36 38 0 117 146 97 175 269 78 0 10 0 0 0 0 0 0 0 33 36 77 100 93 
P8573 2058 2 29 0 17 48 96 52 45 53 56 37 25 88 0 0 0 0 0 0 0 0 0 0 0 0 0 0 0 0 -999 -999 -999 
P8573 2058 3 0 0 24 30 24 0 0 0 0 0 0 0 0 0 0 0 0 0 35 27 0 0 0 0 0 0 0 0 3 0 25 
P8573 2058 4 0 32 0 0 0 0 53 39 20 0 9 17 0 0 0 0 0 0 9 0 0 0 15 0 47 42 22 0 18 0 -999 
P8573 2058 5 18 23 30 74 0 56 25 10 10 0 0 0 0 0 0 11 8 0 0 0 0 0 0 37 0 0 0 0 0 0 0 
P8573 2058 6 0 0 0 3 0 0 0 0 27 27 0 0 0 5 0 0 0 0 0 0 0 0 0 0 3 0 0 0 0 0 -999 
P8573 2058 7 0 0 26 0 0 0 0 0 0 0 0 0 0 0 0 0 0 0 0 0 0 0 0 0 0 0 0 0 0 0 0 
P8573 2058 8 0 0 0 0 0 0 0 0 0 0 0 0 0 0 0 0 7 0 0 0 0 0 0 0 0 0 0 0 0 0 0 
P8573 2058 9 0 0 0 0 0 0 0 0 0 22 0 0 26 0 0 0 0 0 0 0 0 0 0 0 0 0 0 0 0 0 -999 
P8573 2058 10 12 12 46 99 55 0 15 0 7 0 0 0 0 0 0 15 0 13 38 0 37 0 52 0 0 4 6 0 0 0 0 
P8573 2058 11 0 6 9 0 13 14 0 0 74 0 53 0 16 24 17 0 0 0 0 15 0 11 4 1 0 3 0 0 13 0 -999 
P8573 2058 12 0 28 22 24 0 16 0 0 8 0 0 0 0 0 0 0 0 0 2 0 0 0 0 0 0 0 0 0 0 0 0 
P8573 2059 1 0 0 0 0 8 31 60 67 19 0 0 0 0 0 0 36 83 11 0 0 0 0 0 0 0 0 0 0 0 0 0 
P8573 2059 2 0 0 0 0 0 0 0 0 0 0 0 13 33 29 0 0 0 0 0 0 2 0 0 0 0 0 0 0 -999 -999 -999 
P8573 2059 3 0 0 0 0 0 0 9 0 40 21 8 0 0 0 0 0 0 24 35 0 0 0 0 0 0 19 0 0 36 0 0 
P8573 2059 4 0 0 0 0 0 41 37 0 105 56 68 82 0 0 33 69 50 75 24 10 41 75 62 99 0 0 0 12 0 0 -999 
P8573 2059 5 1 0 0 0 0 0 0 1 0 0 11 0 0 0 25 22 0 59 40 0 0 0 19 0 34 28 18 0 0 0 0 
P8573 2059 6 0 0 0 0 0 0 28 20 0 0 0 0 0 11 9 0 0 0 0 0 0 0 0 0 0 0 0 0 0 0 -999 
P8573 2059 7 0 0 0 0 0 0 0 0 0 0 0 0 0 0 0 0 0 0 0 0 0 0 0 4 0 0 0 0 0 0 0 
P8573 2059 8 0 0 0 0 0 0 0 0 0 24 0 0 0 0 0 0 0 0 0 0 0 0 0 0 0 42 0 0 0 0 0 
P8573 2059 9 0 0 0 0 0 0 0 0 0 0 0 0 0 0 0 0 0 0 0 0 0 0 0 0 0 0 21 0 0 0 -999 
P8573 2059 10 24 0 18 28 0 0 67 0 0 0 0 0 0 0 0 29 37 0 0 0 29 7 0 0 0 0 160 96 60 67 56 
P8573 2059 11 0 0 63 77 59 0 14 0 5 0 5 0 0 0 0 12 0 0 0 9 0 7 27 0 0 0 0 0 0 5 -999 
P8573 2059 12 0 11 22 46 92 40 10 0 34 83 46 70 0 3 8 0 0 0 0 0 0 0 0 0 38 61 58 0 0 55 17 
P8573 2060 1 0 0 44 0 0 19 0 29 39 0 99 107 120 0 0 0 0 0 0 0 0 1 0 0 0 0 0 0 0 0 26 
P8573 2060 2 84 4 12 0 0 0 0 19 0 0 37 23 6 0 0 0 0 0 36 21 13 10 0 17 3 0 0 48 -999 -999 -999 
P8573 2060 3 0 44 0 0 0 0 0 37 18 37 0 0 0 0 0 0 0 0 7 0 0 0 93 64 0 0 35 0 34 14 3 
P8573 2060 4 22 0 13 0 6 0 15 20 34 30 14 14 16 32 0 91 24 0 0 0 0 0 16 0 0 0 3 1 0 0 -999 
P8573 2060 5 0 0 0 42 0 53 0 25 0 0 0 18 6 0 0 42 0 0 0 0 0 0 17 0 0 0 0 0 0 0 18 
P8573 2060 6 0 0 0 0 0 0 0 0 0 0 0 0 0 0 0 0 0 0 0 0 0 0 0 24 0 0 0 0 0 0 -999 
P8573 2060 7 0 0 0 0 0 0 0 5 0 0 0 0 0 0 0 0 0 0 0 0 0 0 0 0 0 0 0 0 0 0 0 
P8573 2060 8 0 0 0 0 19 0 0 0 0 0 0 0 0 0 0 0 0 0 0 0 0 0 0 0 0 0 0 0 0 0 0 
P8573 2060 9 0 0 0 0 0 0 0 0 0 0 0 7 22 0 0 17 0 11 0 0 0 0 0 0 0 0 0 12 14 24 -999 
P8573 2060 10 0 0 0 0 0 0 0 0 0 9 0 0 0 3 0 0 0 0 13 0 0 0 0 0 0 0 22 0 0 0 43 
P8573 2060 11 0 0 0 24 55 53 70 46 106 72 32 81 19 13 20 0 171 107 170 51 17 0 9 18 0 0 0 0 0 11 -999 
P8573 2060 12 8 0 0 0 53 192 107 0 0 0 0 0 0 0 0 0 0 0 0 0 12 0 0 21 18 39 35 50 0 0 0 
P8573 2061 1 6 19 21 18 15 0 0 0 21 0 26 21 0 0 0 0 0 0 0 0 31 0 13 11 0 4 4 0 0 0 22 
P8573 2061 2 0 50 28 0 0 0 0 0 0 46 97 78 27 36 41 0 0 0 17 38 0 0 0 8 0 14 0 29 -999 -999 -999 
P8573 2061 3 54 28 0 0 0 40 0 15 56 7 2 14 0 0 0 0 67 44 0 0 0 36 54 80 125 13 25 0 0 0 0 
P8573 2061 4 30 52 66 46 21 12 19 0 19 30 47 0 0 0 0 0 0 0 47 7 0 0 0 0 0 18 0 0 8 0 -999 
P8573 2061 5 19 0 16 0 0 10 0 0 0 0 6 6 0 0 0 24 0 6 11 0 0 0 0 0 0 0 0 0 14 0 0 
P8573 2061 6 0 0 0 0 0 0 0 0 0 0 0 14 0 18 0 0 0 0 0 0 0 0 0 0 14 0 0 0 0 0 -999 
P8573 2061 7 0 0 0 13 0 0 0 0 0 0 0 0 0 0 0 0 0 0 0 0 0 0 0 0 17 0 0 0 0 0 0 
P8573 2061 8 0 0 0 0 0 0 0 0 0 0 0 0 0 0 0 0 0 0 0 0 0 0 0 0 0 0 0 0 10 0 0 
P8573 2061 9 0 0 0 0 0 0 0 0 0 0 0 27 0 23 0 0 0 0 0 0 0 0 0 17 0 0 49 0 0 41 -999 
P8573 2061 10 14 0 0 0 0 0 24 0 0 0 0 0 0 11 30 0 71 51 75 107 0 0 96 100 14 0 0 101 143 56 0 
P8573 2061 11 0 43 12 22 0 13 0 0 55 117 50 16 0 7 27 75 71 0 0 12 27 4 20 4 0 7 0 64 0 19 -999 
P8573 2061 12 12 0 0 0 0 0 0 0 0 9 34 35 13 10 0 0 0 14 0 37 106 83 0 0 0 0 0 0 0 115 27 
P8573 2062 1 42 53 20 0 3 0 0 7 6 0 0 0 0 0 5 0 0 63 0 2 0 1 10 30 48 147 88 117 95 95 37 
P8573 2062 2 69 0 0 65 0 0 47 28 44 0 27 7 7 0 31 55 21 0 0 0 35 0 0 67 57 34 0 10 -999 -999 -999 
P8573 2062 3 9 0 19 42 25 0 4 0 0 0 76 97 191 160 0 5 0 32 33 0 0 34 73 0 6 9 0 0 0 0 0 
P8573 2062 4 0 0 0 0 14 0 0 0 0 17 15 0 0 0 15 16 7 0 0 0 0 3 0 0 0 0 26 43 66 75 -999 
P8573 2062 5 24 0 0 0 0 0 0 0 0 31 10 0 0 5 0 0 0 0 0 0 0 0 0 0 12 0 0 0 0 15 0 
P8573 2062 6 0 0 32 0 12 3 0 0 0 6 0 0 5 0 0 0 0 0 0 0 8 0 0 0 7 0 0 0 0 0 -999 
P8573 2062 7 0 0 20 0 0 0 0 0 0 0 0 0 0 0 0 0 0 0 0 0 0 0 0 0 0 0 0 0 0 0 0 
P8573 2062 8 0 0 0 0 0 0 0 0 0 0 0 0 0 0 0 0 0 0 0 0 0 0 0 0 0 0 0 0 0 0 0 
P8573 2062 9 0 0 6 0 0 0 0 5 0 0 0 0 0 0 13 0 0 0 0 0 0 6 0 15 0 11 0 0 0 0 -999 
P8573 2062 10 0 0 20 0 179 102 29 0 0 27 0 6 0 0 0 42 56 10 0 45 0 0 57 0 7 0 13 0 0 19 0 
P8573 2062 11 0 0 0 9 0 0 0 0 0 0 0 20 76 98 55 29 53 88 56 1 0 37 0 12 0 16 0 0 0 0 -999 
P8573 2062 12 0 22 0 0 0 27 27 0 30 30 42 15 4 15 0 64 58 154 29 7 0 0 0 0 0 0 0 0 9 0 29 
P8573 2063 1 83 66 89 28 0 77 126 189 216 43 29 0 0 51 81 107 53 0 144 51 77 111 0 0 118 57 0 0 0 83 80 
P8573 2063 2 133 55 60 47 0 68 21 0 0 0 96 0 0 119 117 0 0 0 0 0 0 0 0 4 11 10 6 0 -999 -999 -999 
P8573 2063 3 0 0 0 0 0 23 0 36 0 0 0 24 33 40 0 49 0 10 6 0 0 16 0 45 192 111 0 79 78 120 123 
P8573 2063 4 29 18 31 29 0 115 0 0 78 27 0 0 0 0 0 0 25 13 0 0 0 0 16 0 18 23 8 17 0 71 -999 
P8573 2063 5 61 62 33 0 0 0 0 0 0 0 0 25 29 16 0 0 0 0 0 0 0 0 0 0 0 0 0 0 0 0 0 
P8573 2063 6 0 0 0 19 0 0 0 0 0 0 0 0 0 0 0 0 11 0 0 13 0 0 0 0 7 0 0 0 0 0 -999 
P8573 2063 7 0 0 0 0 0 0 0 0 0 0 0 0 0 0 0 0 0 0 0 12 0 0 0 0 0 0 0 0 0 0 0 
P8573 2063 8 0 0 0 0 0 0 0 0 0 28 0 0 0 0 4 0 0 0 0 0 0 0 0 0 0 0 12 0 16 0 0 
P8573 2063 9 0 0 0 25 0 0 0 0 0 0 0 0 0 0 0 0 0 27 0 0 0 0 0 0 0 0 0 0 0 0 -999 
P8573 2063 10 0 0 0 6 0 0 0 0 0 0 0 35 0 136 38 0 0 0 15 0 0 0 0 0 0 10 0 0 0 0 0 
P8573 2063 11 0 14 0 0 0 0 0 0 0 9 0 28 38 0 0 0 9 7 15 23 0 0 11 0 0 0 0 0 0 0 -999 
P8573 2063 12 5 0 0 0 0 0 0 2 0 0 0 0 0 0 26 0 0 0 2 0 1 3 0 0 0 0 0 0 0 0 0 
P8573 2064 1 0 0 0 0 1 3 0 0 0 0 5 0 0 21 102 50 0 0 0 0 0 0 0 0 16 0 0 18 19 46 19 
P8573 2064 2 0 45 23 0 0 0 0 0 0 0 0 0 0 0 3 0 0 0 0 0 0 0 0 0 0 0 0 0 -999 -999 -999 
P8573 2064 3 0 0 0 0 0 0 43 63 64 76 0 27 0 32 32 0 0 45 0 0 33 19 0 18 37 86 60 33 43 44 0 
P8573 2064 4 0 0 88 117 0 24 19 0 18 10 15 0 0 25 32 36 0 6 0 0 0 0 30 64 43 0 0 0 0 12 -999 
P8573 2064 5 0 0 0 0 8 0 29 21 0 10 0 0 0 0 0 0 8 0 0 24 0 0 0 0 0 0 0 0 0 0 0 
P8573 2064 6 0 0 0 0 0 0 0 6 0 0 8 0 0 0 44 0 0 0 0 0 0 0 0 0 0 0 0 0 0 0 -999 
P8573 2064 7 0 0 0 0 0 0 8 0 0 0 0 0 0 0 0 0 0 0 0 0 0 0 0 0 0 0 0 0 0 17 0 
P8573 2064 8 0 0 0 0 0 0 0 0 0 0 0 0 0 0 0 0 0 0 0 0 0 0 0 0 0 0 0 0 3 0 0 
P8573 2064 9 0 0 11 0 0 0 0 0 0 0 0 0 0 0 17 0 0 0 0 0 29 46 25 0 0 0 9 11 0 0 -999 
P8573 2064 10 0 0 0 0 13 0 0 30 0 0 5 0 0 0 0 17 0 0 0 20 18 0 0 63 0 0 0 0 12 74 0 
P8573 2064 11 26 27 25 47 37 0 1 0 0 0 0 59 57 143 36 5 4 0 0 0 10 0 0 0 0 0 30 25 0 0 -999 
P8573 2064 12 24 0 44 87 126 99 0 261 198 67 29 54 75 0 17 48 0 0 0 0 8 0 0 0 0 0 0 0 4 2 0 
P8573 2065 1 3 0 0 0 22 0 16 22 57 76 50 0 77 112 33 0 19 0 9 0 15 0 0 0 9 10 8 0 59 55 107 
P8573 2065 2 29 0 0 0 4 0 0 29 4 0 17 86 108 98 83 119 125 131 89 80 18 0 7 0 26 0 0 0 -999 -999 -999 
P8573 2065 3 0 0 0 0 0 0 0 0 0 0 0 0 0 0 3 0 0 10 5 0 4 0 0 0 12 0 0 17 0 0 6 
P8573 2065 4 8 0 0 0 0 72 0 18 0 0 0 0 0 0 0 0 0 48 31 0 0 0 0 0 0 8 0 0 0 0 -999 
P8573 2065 5 0 0 0 0 0 0 0 0 0 0 0 7 7 0 0 0 0 0 0 0 36 0 0 0 11 13 0 0 0 0 0 
P8573 2065 6 0 0 0 0 0 0 16 0 0 0 0 0 6 0 11 12 0 0 0 5 0 0 0 6 0 0 0 0 0 0 -999 
P8573 2065 7 0 0 0 0 6 0 0 0 0 0 0 0 0 0 16 0 0 0 0 0 0 0 0 0 0 0 0 0 0 0 0 
P8573 2065 8 0 0 0 0 0 0 0 0 0 0 0 0 0 0 0 0 0 0 0 0 0 0 0 0 0 0 0 0 0 0 0 
P8573 2065 9 0 0 0 0 0 0 0 0 0 0 0 0 0 0 0 0 0 0 0 0 0 24 0 0 0 0 0 0 0 3 -999 
P8573 2065 10 0 0 0 0 0 0 49 0 0 35 0 54 35 0 95 36 0 22 0 92 30 0 103 118 39 54 55 0 90 123 65 
P8573 2065 11 0 0 0 0 0 0 0 0 0 0 0 0 0 0 0 0 0 0 0 0 114 68 16 13 58 39 112 30 13 37 -999 
P8573 2065 12 31 0 0 11 3 10 0 0 0 0 0 107 87 38 19 43 34 0 78 86 58 158 124 226 286 347 197 22 0 0 0 
P8573 2066 1 0 0 0 0 0 0 0 0 33 57 68 71 38 63 72 75 34 95 169 28 0 178 117 0 15 0 0 0 0 31 0 
P8573 2066 2 53 0 0 13 23 28 0 57 69 51 43 0 33 41 0 0 13 15 7 7 0 5 4 0 111 35 27 35 -999 -999 -999 
P8573 2066 3 0 4 0 0 0 31 117 0 0 0 0 0 0 0 0 0 0 0 0 2 0 0 0 0 23 49 0 0 5 10 0 
P8573 2066 4 24 21 7 0 10 0 0 35 0 0 9 13 35 0 0 21 20 14 0 27 4 12 10 0 0 0 0 0 96 62 -999 
P8573 2066 5 12 0 0 0 0 0 0 0 0 10 0 0 0 5 0 0 0 17 16 0 9 0 0 0 0 0 0 0 0 0 5 
P8573 2066 6 0 3 0 0 0 0 0 0 0 0 0 0 0 0 12 0 0 0 0 0 0 0 0 0 0 0 0 0 12 0 -999 
P8573 2066 7 0 0 0 0 0 0 0 0 0 3 0 0 0 0 0 0 0 15 7 7 0 0 0 11 0 0 0 0 0 0 0 
P8573 2066 8 0 0 0 0 0 0 0 0 0 0 0 0 0 0 0 0 0 12 0 0 8 0 0 0 17 32 32 0 0 0 0 
P8573 2066 9 0 0 0 0 0 0 0 0 24 0 0 0 0 0 0 0 0 0 0 0 0 0 0 29 0 33 10 0 0 0 -999 
P8573 2066 10 0 0 9 0 0 0 6 0 0 0 0 5 10 17 0 0 0 0 0 0 0 36 0 0 0 15 0 93 0 5 0 
P8573 2066 11 0 10 16 0 137 67 0 44 25 27 83 60 57 0 0 0 0 0 0 0 0 0 0 0 0 0 0 0 0 9 -999 
P8573 2066 12 0 0 0 46 0 0 0 3 8 0 0 0 0 65 142 179 142 173 106 45 34 19 6 12 8 0 0 59 90 209 110 
P8573 2067 1 45 0 54 27 63 68 22 0 17 0 30 38 58 30 0 49 0 29 124 171 155 149 56 120 117 124 0 0 25 84 111 
P8573 2067 2 130 0 206 0 0 24 0 71 63 114 111 0 102 120 62 19 27 99 145 84 148 83 50 31 0 181 84 6 -999 -999 -999 
P8573 2067 3 3 0 19 2 0 0 0 0 0 18 27 47 95 26 0 0 0 0 0 0 0 1 0 9 0 8 9 0 11 0 0 
P8573 2067 4 0 0 0 41 63 0 0 0 0 0 9 0 0 0 0 0 0 12 12 18 31 21 0 12 0 0 0 0 0 0 -999 
P8573 2067 5 13 0 7 0 0 2 0 0 0 0 0 0 0 0 2 0 0 0 55 36 0 13 16 0 12 14 15 0 44 41 0 
P8573 2067 6 0 0 0 0 0 0 0 0 0 0 0 0 0 0 0 0 0 0 5 2 0 0 0 0 0 0 0 0 0 13 -999 
P8573 2067 7 0 0 0 0 0 0 0 0 0 0 0 0 0 22 0 9 0 0 0 0 0 0 0 0 12 0 0 0 0 0 0 
P8573 2067 8 0 0 0 0 0 0 0 0 0 16 0 0 0 0 0 0 0 0 0 0 0 0 0 0 0 0 0 0 0 17 0 
P8573 2067 9 15 0 0 0 0 0 0 0 0 0 11 0 0 16 21 0 7 0 0 0 0 0 0 0 0 0 0 0 0 9 -999 
P8573 2067 10 0 0 0 0 0 0 0 0 0 0 0 0 0 0 0 0 0 0 0 0 0 0 0 0 0 0 2 0 0 32 39 
P8573 2067 11 63 31 23 28 38 0 17 1 0 1 0 0 0 0 0 14 0 0 0 0 0 0 39 56 69 0 0 0 0 32 -999 
P8573 2067 12 0 25 38 0 62 23 19 71 55 19 28 0 81 0 0 0 0 6 0 0 0 0 0 0 4 25 84 33 30 6 30 
P8573 2068 1 2 3 0 0 51 160 112 52 71 0 0 28 13 1 0 0 2 0 0 0 0 0 0 0 46 0 30 0 20 33 0 
P8573 2068 2 0 0 0 0 29 16 10 0 0 13 44 38 11 0 0 0 0 0 0 0 0 16 0 0 0 0 120 44 -999 -999 -999 
P8573 2068 3 0 79 60 89 192 0 0 43 130 48 0 0 62 10 0 0 95 131 79 37 0 87 103 7 21 0 0 0 0 0 0 
P8573 2068 4 78 43 12 5 0 2 0 0 61 56 18 0 0 6 4 0 3 5 0 0 0 30 19 17 0 5 0 7 0 0 -999 
P8573 2068 5 0 0 26 22 0 0 0 20 14 0 0 0 51 37 22 0 0 21 0 0 0 0 0 8 0 0 0 0 0 0 16 
P8573 2068 6 26 0 17 34 0 0 23 14 7 0 0 0 0 0 0 17 0 0 0 0 0 0 0 0 0 0 0 0 0 0 -999 
P8573 2068 7 0 0 0 0 0 0 0 0 0 0 0 0 0 0 0 0 0 0 0 0 0 0 0 0 0 0 0 0 0 0 0 
P8573 2068 8 0 0 0 0 0 0 0 0 4 0 0 0 0 13 0 4 0 0 0 0 0 0 0 0 0 0 0 0 0 0 0 
P8573 2068 9 0 0 0 0 0 0 0 0 0 49 0 0 0 12 0 28 0 0 0 0 0 0 0 0 0 0 0 0 0 0 -999 
P8573 2068 10 0 0 0 0 0 0 0 0 0 34 46 0 0 0 43 0 0 0 0 0 0 5 0 0 0 0 0 0 0 0 0 
P8573 2068 11 0 13 0 0 0 0 0 0 2 0 0 34 21 0 0 0 0 0 0 0 0 0 0 0 9 0 0 0 4 0 -999 
P8573 2068 12 0 0 0 0 0 38 65 98 47 37 0 9 69 72 37 11 0 0 25 14 0 19 57 60 170 31 1 10 34 0 18 
P8573 2069 1 81 74 0 0 0 1 0 0 0 0 8 0 0 4 13 2 0 0 0 0 31 13 0 0 0 0 26 87 114 19 27 
P8573 2069 2 0 0 0 204 200 62 91 147 97 0 3 0 0 0 0 14 31 31 0 24 0 33 28 0 0 0 35 46 -999 -999 -999 
P8573 2069 3 0 0 84 45 31 54 0 0 0 0 48 0 0 0 0 0 0 0 0 0 0 0 0 0 0 0 34 44 66 30 87 
P8573 2069 4 0 0 0 22 19 0 0 15 0 0 0 38 0 0 0 0 0 30 29 17 0 0 0 13 0 0 0 6 0 0 -999 
P8573 2069 5 6 0 0 0 0 0 0 0 4 0 10 0 28 21 0 0 0 0 22 34 23 14 10 0 0 6 0 4 0 0 0 
P8573 2069 6 0 0 0 0 0 0 3 0 0 0 0 0 0 0 0 0 0 0 0 0 0 0 0 0 0 0 0 0 0 0 -999 
P8573 2069 7 0 0 0 0 0 0 0 0 0 0 0 0 0 0 0 0 0 0 0 0 0 0 0 0 0 0 0 0 0 0 1 
P8573 2069 8 0 0 0 12 0 14 0 7 0 0 0 0 0 0 0 0 0 0 0 0 0 0 0 0 0 0 0 0 0 0 0 
P8573 2069 9 0 0 0 0 0 0 0 0 0 0 0 0 0 0 0 0 4 0 0 14 0 0 0 0 0 0 0 0 38 26 -999 
P8573 2069 10 21 21 0 0 0 0 0 0 0 0 0 14 11 20 0 0 0 60 0 91 57 51 78 0 0 47 99 124 124 88 16 
P8573 2069 11 41 0 0 94 35 0 120 110 77 0 0 42 71 53 21 0 31 27 0 0 93 80 13 8 0 0 10 19 16 0 -999 
P8573 2069 12 0 10 0 18 0 0 0 12 0 0 0 11 14 0 0 0 0 0 0 0 0 27 28 11 0 0 32 62 0 42 0 
P8573 2070 1 0 24 98 0 25 58 175 266 196 77 141 0 0 26 77 0 0 6 7 17 16 20 47 52 27 0 0 0 0 0 0 
P8573 2070 2 0 9 0 0 0 0 0 0 0 12 0 0 0 0 0 0 0 0 0 0 17 0 0 0 43 46 0 27 -999 -999 -999 
P8573 2070 3 60 63 0 0 0 0 0 0 0 0 0 34 35 0 69 68 49 93 117 140 195 58 25 12 20 21 23 37 26 0 0 
P8573 2070 4 0 28 0 0 13 0 0 70 103 44 16 0 0 0 46 20 33 35 24 0 0 42 55 0 0 0 0 24 0 12 -999 
P8573 2070 5 0 9 0 80 78 159 56 50 0 56 34 0 13 0 19 0 27 46 0 0 39 0 29 0 0 0 16 8 0 0 0 
P8573 2070 6 0 0 0 0 27 0 0 0 0 0 0 0 0 0 0 0 0 0 0 0 0 0 30 0 0 0 0 0 0 0 -999 
P8573 2070 7 0 0 0 0 0 0 0 0 0 0 0 0 0 0 0 0 0 0 0 0 0 0 0 0 0 0 0 0 0 0 0 
P8573 2070 8 0 0 0 0 0 0 0 0 0 0 0 0 0 0 0 0 0 0 0 12 0 0 18 0 9 0 0 0 0 0 0 
P8573 2070 9 20 0 18 0 0 0 0 0 0 0 0 0 0 0 0 0 0 0 0 0 0 0 0 0 0 0 0 0 0 0 -999 
P8573 2070 10 0 18 18 23 0 0 0 0 0 45 0 66 82 29 33 35 137 189 41 9 0 0 0 0 0 0 0 12 0 0 55 
P8573 2070 11 24 0 0 0 0 0 0 0 0 0 0 0 0 0 0 3 0 6 4 0 38 16 0 0 0 0 21 121 111 30 -999 
P8573 2070 12 41 92 0 13 0 0 0 0 78 44 109 0 50 37 6 0 33 0 78 76 38 130 56 0 39 64 11 59 205 153 0 
P8573 2071 1 17 27 0 42 48 0 0 0 66 113 72 74 0 0 22 52 41 0 0 0 0 0 15 28 44 84 126 40 0 7 0 
P8573 2071 2 0 0 0 0 0 49 0 14 38 72 97 78 38 30 77 120 0 33 38 42 17 0 0 0 17 0 0 0 -999 -999 -999 
P8573 2071 3 0 0 2 0 0 0 0 0 54 53 50 24 20 51 0 0 0 0 19 0 10 16 29 0 26 0 0 0 0 0 0 
P8573 2071 4 43 51 35 24 0 0 0 0 0 0 0 0 0 0 0 0 12 12 0 24 18 16 16 27 0 0 15 15 14 0 -999 
P8573 2071 5 0 18 28 27 0 37 0 24 25 0 0 11 9 0 0 0 9 0 14 0 0 0 0 11 0 0 0 0 0 0 0 
P8573 2071 6 0 0 0 0 13 0 0 0 0 31 20 29 46 50 29 0 0 37 0 0 0 0 0 4 0 0 0 0 0 0 -999 
P8573 2071 7 0 29 22 0 18 0 0 0 0 0 0 0 0 0 0 0 0 0 0 0 0 0 0 0 0 0 0 0 0 0 0 
P8573 2071 8 0 0 0 0 0 0 0 0 0 0 0 0 0 0 0 0 0 0 0 0 0 0 0 7 0 0 0 0 0 0 7 
P8573 2071 9 0 0 0 0 0 0 0 7 0 10 0 0 0 0 0 0 0 0 0 0 0 0 0 0 0 0 0 0 0 0 -999 
P8573 2071 10 0 0 0 0 0 0 0 0 0 24 0 0 0 0 0 0 0 0 19 16 0 82 0 0 0 0 0 0 54 32 76 
P8573 2071 11 33 104 120 87 0 31 25 0 0 0 11 0 0 0 0 21 0 7 5 47 44 26 30 44 32 0 6 0 29 0 -999 
P8573 2071 12 0 0 50 51 47 183 159 91 94 0 191 233 130 98 74 100 0 144 58 0 0 0 110 130 54 130 61 19 20 40 135 
P8573 2072 1 69 42 23 0 19 0 13 27 48 48 9 0 2 0 0 0 0 30 0 82 45 0 39 10 27 135 61 0 79 23 58 
P8573 2072 2 152 71 89 44 0 15 0 0 0 0 0 0 0 0 0 0 0 0 0 33 0 0 12 11 12 11 0 2 -999 -999 -999 
P8573 2072 3 0 0 0 0 0 0 0 0 0 0 0 0 0 0 0 0 0 0 15 0 0 13 0 42 40 26 34 0 50 0 33 
P8573 2072 4 0 0 0 32 0 0 0 3 15 0 0 0 0 0 0 0 0 0 3 0 0 18 21 6 0 0 0 0 31 0 -999 
P8573 2072 5 0 31 8 7 0 22 0 0 0 0 0 0 0 9 13 0 10 0 13 14 9 3 0 0 0 0 0 0 0 0 0 
P8573 2072 6 0 11 0 0 0 0 0 0 0 0 0 0 0 0 0 0 0 0 0 7 0 0 8 0 0 0 0 0 0 0 -999 
P8573 2072 7 9 0 0 0 0 0 0 0 0 0 0 0 0 0 4 0 0 0 0 0 6 0 0 0 0 0 0 0 10 0 0 
P8573 2072 8 0 0 0 0 0 0 0 0 0 0 0 0 0 0 0 0 0 0 0 0 0 0 0 0 0 17 0 0 0 0 0 
P8573 2072 9 0 17 0 0 0 0 0 0 0 0 0 0 0 0 0 0 0 0 0 0 0 0 0 0 0 0 0 0 0 0 -999 
P8573 2072 10 7 0 0 0 0 0 0 0 11 0 0 0 0 0 0 0 13 25 0 6 11 0 0 0 0 0 18 0 0 0 0 
P8573 2072 11 0 0 0 0 6 24 0 0 15 61 39 5 49 52 0 4 0 0 0 73 20 0 0 38 48 0 49 0 0 0 -999 
P8573 2072 12 0 0 31 23 0 0 0 0 14 0 0 0 0 17 14 0 15 0 0 23 81 0 16 0 162 90 18 0 29 75 0 
P8573 2073 1 6 0 0 0 0 0 0 18 0 0 0 0 9 0 22 36 9 0 0 18 0 35 0 0 6 11 0 0 0 0 0 
P8573 2073 2 36 111 84 49 0 0 0 0 23 0 0 0 0 0 0 5 0 0 17 5 0 0 0 0 39 119 0 0 -999 -999 -999 
P8573 2073 3 50 11 4 6 16 36 27 0 42 50 0 21 0 26 24 0 15 14 14 17 0 0 0 45 60 36 135 145 107 0 0 
P8573 2073 4 5 0 21 0 0 0 55 31 0 29 45 0 47 51 22 6 0 0 0 21 32 0 22 54 54 32 0 0 4 0 -999 
P8573 2073 5 0 23 0 0 0 0 0 0 0 0 0 0 0 0 33 90 0 15 0 0 0 0 0 0 0 0 17 0 0 0 0 
P8573 2073 6 0 0 0 0 0 0 6 0 0 0 0 0 0 0 0 9 0 0 0 0 0 0 27 21 7 0 0 0 0 0 -999 
P8573 2073 7 0 0 0 0 0 0 0 0 0 0 5 0 0 0 0 0 0 0 0 0 0 0 0 0 20 0 0 0 0 0 0 
P8573 2073 8 0 0 0 0 0 0 0 0 0 0 0 0 7 16 0 0 0 0 0 0 0 0 0 0 0 0 6 0 0 0 0 
P8573 2073 9 0 0 0 0 0 0 0 0 0 0 0 0 0 0 0 0 0 0 0 0 0 0 0 0 21 0 0 0 17 0 -999 
P8573 2073 10 0 0 0 0 0 0 51 67 56 10 0 28 0 0 4 0 0 0 0 12 10 0 0 0 0 0 0 12 10 0 23 
P8573 2073 11 0 58 0 0 0 0 0 0 0 0 0 0 0 0 0 109 42 55 107 67 87 93 0 0 19 22 35 7 4 0 -999 
P8573 2073 12 0 0 12 0 12 0 0 25 0 14 8 33 56 0 0 0 3 9 37 23 0 19 12 0 0 0 0 29 84 133 394 
P8573 2074 1 150 0 65 179 170 154 60 0 56 75 46 33 0 0 0 7 0 0 0 0 0 9 0 21 0 31 51 0 53 10 0 
P8573 2074 2 0 0 3 0 0 0 0 0 0 0 0 23 35 26 14 31 0 0 30 0 0 38 0 0 0 139 151 201 -999 -999 -999 
P8573 2074 3 148 0 0 0 0 53 60 0 0 0 0 0 81 0 0 0 0 0 20 0 0 98 47 91 49 13 1 12 12 0 0 
P8573 2074 4 0 0 29 32 0 0 0 0 0 0 0 0 0 0 35 94 33 64 81 0 26 0 0 0 0 0 0 0 2 0 -999 
P8573 2074 5 1 3 0 0 0 0 9 8 12 25 23 33 35 40 44 22 0 0 13 0 0 0 0 12 0 15 0 0 0 0 0 
P8573 2074 6 0 0 0 0 9 0 0 0 0 20 0 0 0 0 0 0 0 0 0 6 0 0 0 0 0 17 0 0 0 0 -999 
P8573 2074 7 0 0 0 0 6 0 0 8 0 0 0 0 0 0 0 0 0 7 0 0 0 0 0 0 0 0 0 0 0 0 0 
P8573 2074 8 0 0 0 0 0 0 0 0 0 0 0 0 0 0 0 0 0 0 0 0 0 0 0 0 0 0 0 0 0 0 12 
P8573 2074 9 0 0 0 0 0 0 0 0 0 0 11 0 0 0 8 0 0 0 0 0 0 0 0 0 0 5 0 0 0 0 -999 
P8573 2074 10 0 0 0 0 0 0 0 0 0 0 0 0 0 0 0 0 0 0 0 0 0 0 28 12 0 0 0 0 0 18 0 
P8573 2074 11 0 0 0 44 0 0 0 0 25 0 0 0 0 21 0 0 38 14 49 116 50 0 28 50 40 11 17 0 4 0 -999 
P8573 2074 12 0 0 0 0 0 0 0 0 0 0 70 0 69 0 5 4 0 0 6 5 4 3 0 7 4 0 0 16 39 56 0 
P8573 2075 1 0 0 0 0 0 0 0 0 0 0 0 0 34 24 79 22 23 22 21 34 0 0 0 29 18 0 0 8 0 5 0 
P8573 2075 2 0 36 0 0 60 118 75 62 0 43 0 180 111 17 0 0 11 19 0 0 38 0 47 96 47 0 0 0 -999 -999 -999 
P8573 2075 3 0 25 0 7 10 17 0 0 0 0 0 0 2 0 15 0 42 52 48 0 26 85 0 61 55 38 35 18 10 0 26 
P8573 2075 4 0 0 56 35 23 38 59 82 50 11 7 0 15 0 0 0 13 0 0 54 0 20 13 2 0 12 0 3 0 0 -999 
P8573 2075 5 11 25 0 20 0 0 14 0 0 0 30 25 0 0 0 0 0 0 0 0 0 0 0 0 0 0 8 0 17 0 0 
P8573 2075 6 0 26 27 19 15 0 0 0 0 8 0 0 0 0 0 0 0 0 0 0 5 0 0 0 0 0 0 0 0 0 -999 
P8573 2075 7 0 0 0 0 0 0 0 0 0 0 0 0 0 0 0 0 0 0 0 0 0 0 0 0 0 0 0 0 0 0 0 
P8573 2075 8 0 0 0 0 0 0 0 0 0 0 0 0 0 0 0 0 8 0 0 0 0 0 0 0 0 0 0 0 0 0 0 
P8573 2075 9 7 0 0 0 0 0 0 0 0 0 0 0 0 0 0 0 0 0 0 0 0 0 0 0 5 0 0 0 0 10 -999 
P8573 2075 10 0 0 31 0 20 0 67 131 113 32 0 0 0 0 0 0 0 0 0 0 0 0 0 0 0 0 51 0 98 137 57 
P8573 2075 11 0 0 0 0 0 0 66 38 0 0 0 0 46 45 148 0 19 0 27 0 77 95 78 0 23 0 0 0 0 14 -999 
P8573 2075 12 0 49 96 91 31 0 22 64 0 24 32 26 0 49 87 43 42 40 0 0 0 0 0 0 0 0 4 0 0 0 0 
P8573 2076 1 0 0 0 9 19 31 0 8 12 12 0 0 0 0 0 0 0 0 0 0 9 0 0 0 0 0 8 0 0 35 115 
P8573 2076 2 0 69 16 0 0 0 0 0 0 0 3 0 0 0 0 3 0 0 12 51 0 0 0 0 0 0 0 0 -999 -999 -999 
P8573 2076 3 0 0 0 20 0 26 0 22 20 34 33 0 0 0 8 0 0 0 0 0 0 0 30 0 29 27 0 0 0 0 0 
P8573 2076 4 0 8 0 0 0 0 0 0 0 18 9 19 17 17 47 0 36 0 0 0 0 0 7 0 0 0 0 12 0 0 -999 
P8573 2076 5 0 68 22 5 0 0 0 0 0 0 0 0 0 0 0 15 20 24 0 0 0 0 0 35 0 0 0 0 0 0 0 
P8573 2076 6 0 0 0 0 0 0 0 7 0 0 0 0 0 0 0 0 0 0 0 0 0 0 0 0 0 0 0 0 0 0 -999 
P8573 2076 7 0 0 0 0 0 0 0 0 0 0 0 0 0 0 0 0 0 0 0 0 0 0 0 0 0 0 0 0 0 0 0 
P8573 2076 8 0 0 0 0 0 0 0 0 0 0 0 0 0 0 0 0 0 0 0 0 0 0 0 0 0 0 0 0 0 31 30 
P8573 2076 9 0 0 0 0 0 0 0 0 0 0 0 0 0 0 0 0 0 0 0 19 0 0 0 7 0 0 0 0 0 0 -999 
P8573 2076 10 13 0 0 62 0 0 0 0 0 0 0 0 0 0 0 0 0 0 0 0 0 0 0 22 0 0 0 109 0 9 7 
P8573 2076 11 14 15 0 0 0 0 0 0 0 0 0 0 0 0 0 0 17 0 16 0 15 28 0 9 0 0 51 62 15 19 -999 
P8573 2076 12 0 2 0 0 0 0 0 30 50 73 54 75 24 0 0 26 0 0 0 0 0 0 0 0 16 0 0 0 0 0 12 
P8573 2077 1 0 0 0 0 0 0 0 0 0 0 0 0 13 0 66 0 0 0 0 16 23 11 0 0 0 0 0 0 0 0 32 
P8573 2077 2 0 0 48 39 23 50 110 63 48 59 0 0 0 0 18 0 0 93 127 43 35 0 0 0 60 31 0 0 -999 -999 -999 
P8573 2077 3 0 0 0 0 0 14 41 0 17 22 0 19 0 0 0 0 0 0 0 39 0 80 40 0 8 8 3 0 0 0 9 
P8573 2077 4 11 0 0 0 0 2 0 0 0 0 0 0 0 0 0 24 0 18 0 0 0 15 28 0 0 0 0 29 0 0 -999 
P8573 2077 5 0 0 44 16 0 0 0 0 43 29 0 0 0 0 0 0 0 0 0 0 0 12 0 0 0 0 27 0 32 12 0 
P8573 2077 6 0 0 61 0 36 35 28 0 0 0 0 0 0 0 0 0 0 0 0 0 0 0 0 0 0 34 0 0 0 0 -999 
P8573 2077 7 0 0 0 0 0 0 0 0 0 17 0 0 0 0 0 0 13 0 0 0 0 0 0 0 0 0 0 0 0 0 0 
P8573 2077 8 0 0 0 0 0 0 0 0 0 0 0 0 0 0 0 0 0 0 0 0 0 0 0 0 0 0 0 0 0 0 0 
P8573 2077 9 0 0 0 0 0 0 0 0 0 0 0 0 0 0 0 0 0 0 0 0 0 0 0 0 0 0 0 0 0 0 -999 
P8573 2077 10 29 0 48 0 0 4 0 16 0 0 8 0 0 0 0 0 17 40 0 15 0 40 42 0 13 0 0 0 62 0 50 
P8573 2077 11 0 0 34 19 0 0 12 38 147 131 79 0 21 0 88 0 49 0 20 56 42 21 77 82 18 0 0 0 0 0 -999 
P8573 2077 12 65 122 91 59 42 130 148 138 24 100 112 0 0 0 0 0 0 0 0 0 0 0 0 0 0 14 0 9 0 11 65 
P8573 2078 1 205 234 189 124 102 114 0 72 162 75 20 23 100 0 118 95 75 27 17 0 29 12 0 0 0 5 4 0 0 5 0 
P8573 2078 2 8 0 10 0 0 0 0 0 0 0 0 0 1 0 0 0 0 8 0 9 5 23 24 24 132 202 79 0 -999 -999 -999 
P8573 2078 3 8 0 36 0 0 0 0 92 44 0 0 0 0 34 65 50 107 110 74 71 55 34 34 38 0 0 7 0 0 10 25 
P8573 2078 4 88 54 15 11 0 0 0 0 12 0 21 14 26 61 0 0 26 0 27 0 0 0 0 41 0 51 0 0 0 0 -999 
P8573 2078 5 63 97 50 18 0 0 0 21 0 0 0 0 0 0 0 34 0 51 35 8 0 0 0 0 5 11 0 0 0 0 0 
P8573 2078 6 0 22 25 25 0 0 0 0 0 0 9 0 0 0 0 16 0 0 5 0 0 0 0 0 0 10 0 0 0 0 -999 
P8573 2078 7 0 0 0 0 0 0 0 0 0 0 0 0 0 0 0 0 0 0 0 0 0 0 0 0 0 0 0 0 0 0 0 
P8573 2078 8 0 0 0 0 0 0 0 0 0 0 0 6 0 0 0 0 0 0 0 0 0 0 0 0 0 0 0 0 0 0 0 
P8573 2078 9 0 0 0 0 8 0 0 0 0 0 0 0 0 0 0 0 20 0 14 0 0 4 0 0 0 0 3 0 0 0 -999 
P8573 2078 10 0 0 0 0 11 18 0 0 0 57 0 0 0 60 0 0 87 76 0 50 109 11 0 33 29 0 0 0 0 22 0 
P8573 2078 11 58 58 0 0 32 9 0 0 0 0 0 0 0 6 7 20 43 89 0 0 12 0 0 0 0 0 0 0 0 0 -999 
P8573 2078 12 0 0 0 10 12 0 0 0 0 0 68 21 23 44 0 0 60 27 0 0 28 0 0 0 16 116 121 36 29 192 126 
P8573 2079 1 9 17 83 63 37 0 0 0 0 0 0 6 0 0 5 0 0 0 0 0 50 46 5 2 0 0 0 10 9 0 0 
P8573 2079 2 0 0 0 16 0 0 0 0 0 7 0 0 0 0 0 0 0 0 0 0 0 0 0 57 32 13 0 11 -999 -999 -999 
P8573 2079 3 0 11 14 10 28 10 0 0 1 0 0 0 6 0 0 0 0 0 0 3 0 0 0 0 0 0 0 0 0 0 0 
P8573 2079 4 0 15 19 0 56 25 14 0 0 10 0 0 0 19 30 35 29 0 25 0 0 0 0 52 18 0 8 5 0 0 -999 
P8573 2079 5 0 0 0 0 22 0 0 3 8 0 0 0 20 0 0 0 0 0 0 0 0 0 0 6 0 0 0 5 0 0 0 
P8573 2079 6 0 0 0 0 0 0 0 0 0 0 0 0 0 0 0 0 0 0 0 8 0 0 0 0 0 0 0 0 0 7 -999 
P8573 2079 7 0 0 0 0 0 0 0 0 0 0 0 0 19 0 0 0 0 0 0 0 0 0 0 0 0 0 0 0 0 0 0 
P8573 2079 8 0 0 0 0 0 0 0 4 0 0 16 0 0 0 0 0 0 0 0 0 0 0 0 0 0 0 0 0 0 0 0 
P8573 2079 9 0 0 0 0 0 0 0 0 0 0 0 20 0 0 0 0 2 0 0 0 0 0 0 0 0 0 0 0 0 0 -999 
P8573 2079 10 0 0 0 0 0 7 0 0 0 5 0 0 0 0 0 7 0 0 23 0 34 0 0 24 0 51 39 14 0 0 18 
P8573 2079 11 0 22 0 63 132 98 111 49 0 0 0 0 0 0 49 33 67 0 85 26 24 28 54 0 36 0 0 0 0 0 -999 
P8573 2079 12 9 39 36 22 8 13 0 0 0 0 0 0 0 0 0 0 0 0 0 0 0 0 0 0 0 0 0 27 0 34 0 
P8573 2080 1 0 0 0 0 0 0 0 0 0 0 0 39 0 0 0 0 0 0 0 0 0 0 0 18 0 36 37 17 0 0 0 
P8573 2080 2 0 4 0 0 14 10 16 47 96 181 209 133 98 0 0 0 42 84 0 93 43 0 0 0 0 0 0 0 -999 -999 -999 
P8573 2080 3 90 78 15 0 56 41 65 64 101 120 0 0 15 3 0 1 0 0 5 0 0 0 0 0 10 11 9 0 0 0 7 
P8573 2080 4 0 0 0 0 0 0 12 0 36 22 37 35 0 0 4 0 0 12 0 0 0 0 33 0 15 20 11 0 0 0 -999 
P8573 2080 5 0 0 0 0 17 0 0 0 0 3 0 49 0 0 0 0 0 0 0 0 0 0 0 0 0 0 0 0 21 0 0 
P8573 2080 6 0 9 8 0 0 13 0 0 0 0 0 0 0 0 0 0 0 0 28 0 17 0 0 0 0 0 0 15 0 0 -999 
P8573 2080 7 0 0 0 0 0 0 0 0 0 0 0 5 0 0 0 0 0 0 0 0 0 0 0 0 0 0 0 0 0 0 0 
P8573 2080 8 0 0 0 0 0 0 0 0 3 0 0 0 0 0 0 0 0 0 0 0 0 0 0 4 0 0 0 8 0 0 0 
P8573 2080 9 0 0 0 0 0 0 0 0 0 0 0 0 0 3 0 0 0 0 0 0 0 0 0 0 0 0 0 0 0 0 -999 
P8573 2080 10 0 0 69 0 0 85 50 134 0 81 40 117 92 54 64 0 0 0 0 0 0 3 0 4 0 0 0 0 0 4 0 
P8573 2080 11 0 45 44 31 72 28 0 0 0 17 0 0 0 0 0 0 12 18 12 0 0 0 5 5 0 9 5 0 0 18 -999 
P8573 2080 12 0 40 121 145 154 157 193 171 98 24 0 0 0 43 0 0 0 0 0 0 0 0 0 0 0 106 32 0 25 35 103 
P8573 2081 1 116 106 0 145 84 0 5 0 31 30 35 29 0 49 89 30 40 0 66 200 164 70 0 50 0 92 0 0 67 29 68 
P8573 2081 2 13 16 0 0 79 0 61 0 41 0 0 0 7 0 0 0 0 0 0 0 0 0 56 61 46 0 0 26 -999 -999 -999 
P8573 2081 3 20 23 57 142 51 32 0 0 78 0 0 0 20 0 0 16 93 158 141 133 135 206 130 85 29 28 80 50 0 62 121 
P8573 2081 4 121 41 48 18 18 0 0 14 0 54 80 0 0 0 0 38 0 22 0 0 0 22 0 0 85 0 25 93 63 117 -999 
P8573 2081 5 100 85 39 0 0 11 15 52 73 72 16 25 32 0 41 0 0 0 0 0 0 0 0 0 0 0 0 0 0 0 26 
P8573 2081 6 0 8 0 0 0 0 0 8 0 0 0 20 0 0 0 14 0 30 0 0 0 0 0 0 0 0 0 0 11 0 -999 
P8573 2081 7 0 0 0 0 0 0 0 0 0 0 0 0 0 0 0 0 0 0 0 12 0 0 0 0 0 0 0 0 0 0 0 
P8573 2081 8 0 0 0 0 0 0 0 11 0 0 0 0 0 0 0 0 0 0 0 11 0 0 0 0 0 0 0 0 0 0 0 
P8573 2081 9 0 0 0 0 0 0 0 0 0 0 0 0 0 0 0 0 0 0 20 10 0 0 0 0 0 4 0 0 0 0 -999 
P8573 2081 10 0 17 0 0 14 0 0 0 14 0 0 0 0 14 0 0 0 0 20 0 16 0 0 0 0 12 9 0 0 0 0 
P8573 2081 11 47 37 120 134 47 5 4 0 0 8 11 0 0 0 0 83 103 174 120 0 0 0 11 0 0 0 0 10 69 52 -999 
P8573 2081 12 33 26 42 0 44 92 96 119 77 0 33 94 111 111 68 53 31 0 9 0 0 0 33 20 26 0 90 19 0 0 11 
P8573 2082 1 66 0 21 17 0 0 0 0 23 33 56 16 48 16 20 0 69 86 45 63 168 290 98 86 122 101 0 22 0 0 0 
P8573 2082 2 3 0 0 0 0 0 0 0 0 0 3 0 10 17 0 0 0 0 0 3 9 9 0 0 49 44 41 50 -999 -999 -999 
P8573 2082 3 52 0 34 0 42 30 0 17 0 10 0 0 0 0 0 0 0 17 0 82 26 0 0 60 52 0 0 20 99 0 18 
P8573 2082 4 26 0 0 0 0 0 0 0 0 0 0 0 0 0 0 17 0 0 0 0 2 7 0 7 0 0 0 0 0 0 -999 
P8573 2082 5 0 0 3 0 0 0 0 31 19 11 0 0 0 0 20 10 0 0 0 0 0 0 0 0 0 0 0 0 0 0 0 
P8573 2082 6 0 0 0 0 0 0 0 0 0 0 0 0 0 17 0 0 0 0 0 0 0 4 0 0 0 0 0 0 20 0 -999 
P8573 2082 7 17 0 0 0 0 0 0 0 0 0 0 0 0 0 0 0 0 0 0 0 0 0 0 0 0 0 0 0 0 0 0 
P8573 2082 8 0 0 0 0 0 0 0 0 0 0 0 0 0 0 0 0 0 0 0 0 0 0 0 0 0 0 0 0 0 0 0 
P8573 2082 9 0 0 0 0 0 0 0 0 0 0 0 0 3 0 5 0 0 0 0 0 0 0 0 0 0 0 0 0 0 0 -999 
P8573 2082 10 0 16 0 0 0 0 0 0 0 0 0 0 0 0 0 0 0 25 0 0 0 67 0 12 3 2 0 9 0 19 29 
P8573 2082 11 115 112 81 0 0 0 0 7 13 0 0 0 0 0 8 53 90 136 0 0 0 0 0 0 0 1 0 0 0 0 -999 
P8573 2082 12 0 42 0 0 0 0 0 0 0 0 0 0 0 0 12 0 0 0 0 11 0 21 0 16 0 0 0 18 0 0 0 
P8573 2083 1 0 40 62 67 22 10 9 0 15 13 0 0 11 0 0 41 30 0 29 0 21 86 0 25 5 0 0 0 18 28 0 
P8573 2083 2 15 35 0 12 0 0 55 45 48 113 136 49 26 12 0 49 71 253 141 149 128 69 42 0 105 242 109 83 -999 -999 -999 
P8573 2083 3 112 32 65 26 5 12 0 44 27 0 19 0 0 16 0 18 0 0 0 0 0 66 118 155 108 0 228 70 2 0 17 
P8573 2083 4 27 23 18 0 0 50 90 0 0 0 0 0 0 0 46 38 0 0 3 0 0 0 0 0 0 0 50 10 0 0 -999 
P8573 2083 5 0 0 0 0 0 0 0 0 49 0 0 0 23 0 0 0 67 0 37 43 0 0 12 29 45 0 120 24 0 0 0 
P8573 2083 6 36 28 17 13 26 0 0 24 0 0 36 0 0 0 0 0 0 0 0 0 0 0 0 0 0 0 0 0 0 0 -999 
P8573 2083 7 8 0 0 0 0 0 0 0 0 0 0 0 0 0 0 0 0 0 0 0 0 0 0 0 0 0 0 0 0 0 0 
P8573 2083 8 0 0 0 0 0 0 0 0 0 0 0 0 0 0 0 5 0 0 0 0 0 0 0 0 0 0 0 0 0 0 0 
P8573 2083 9 0 0 0 0 0 3 0 0 0 0 0 0 0 0 0 0 6 0 0 0 0 0 0 0 0 0 0 0 0 0 -999 
P8573 2083 10 0 0 0 0 57 0 0 0 0 15 15 4 0 0 0 11 0 0 0 0 0 47 0 23 0 0 0 0 0 23 0 
P8573 2083 11 0 10 0 121 74 43 34 34 0 14 0 104 157 55 26 0 80 52 0 0 0 1 0 10 0 0 9 0 0 0 -999 
P8573 2083 12 0 19 6 0 33 40 110 168 261 36 0 42 0 152 183 45 39 43 68 102 52 0 0 0 19 3 0 0 14 0 0 
P8573 2084 1 15 0 13 0 0 0 0 0 0 8 0 0 0 0 0 19 0 68 16 6 39 0 41 27 74 112 81 78 48 71 40 
P8573 2084 2 13 9 0 0 0 12 0 41 39 27 0 0 0 16 0 0 0 0 0 0 0 0 13 0 29 70 69 45 -999 -999 -999 
P8573 2084 3 50 0 0 74 89 14 8 0 0 37 0 0 0 0 0 54 173 126 0 0 0 0 0 0 0 31 0 0 0 13 0 
P8573 2084 4 0 0 0 0 37 0 0 2 0 27 0 0 0 20 0 7 0 0 5 0 0 0 2 7 0 8 0 0 0 20 -999 
P8573 2084 5 11 0 0 0 0 0 42 0 0 0 0 0 0 0 0 0 17 0 0 0 0 0 7 0 0 34 23 8 0 0 0 
P8573 2084 6 0 0 0 0 0 0 0 14 0 22 0 31 0 0 0 0 0 0 0 0 0 0 0 0 0 0 0 0 0 0 -999 
P8573 2084 7 0 0 0 0 0 0 0 0 0 0 0 0 0 0 0 0 0 0 0 0 0 0 0 0 0 0 0 0 0 0 0 
P8573 2084 8 0 0 0 0 0 0 0 0 4 5 0 0 0 0 0 0 0 0 0 0 0 0 0 0 0 0 0 0 0 0 0 
P8573 2084 9 0 0 0 0 0 0 0 0 0 0 0 0 0 23 34 52 0 0 0 5 0 0 0 0 0 5 0 4 0 0 -999 
P8573 2084 10 0 0 0 0 21 0 0 0 0 0 0 0 0 0 0 0 0 13 0 0 18 0 0 0 0 0 0 0 197 188 86 
P8573 2084 11 45 36 112 0 0 30 0 101 92 0 0 0 0 0 0 0 0 0 30 17 16 0 0 0 0 0 0 78 28 0 -999 
P8573 2084 12 0 0 0 9 54 18 0 123 105 126 183 164 211 124 50 20 0 0 0 0 0 0 0 0 0 0 12 30 40 12 0 
P8573 2085 1 0 0 0 3 0 0 0 0 0 1 0 0 0 0 0 51 21 7 9 0 17 18 104 108 0 0 7 0 6 0 0 
P8573 2085 2 0 0 0 0 0 0 24 0 0 0 55 61 32 9 0 5 0 0 0 0 2 0 23 6 16 1 0 0 -999 -999 -999 
P8573 2085 3 0 0 8 11 0 0 0 0 49 0 36 111 104 54 84 43 0 0 0 0 13 0 26 0 35 0 0 0 0 0 0 
P8573 2085 4 0 0 0 0 0 15 22 0 0 26 0 87 77 73 0 77 43 0 0 0 4 3 0 4 9 6 0 9 21 0 -999 
P8573 2085 5 56 60 25 0 0 0 0 70 87 34 0 18 31 0 13 0 0 0 0 0 0 0 0 0 0 0 0 6 0 0 0 
P8573 2085 6 0 0 6 4 3 0 0 23 0 0 0 0 11 0 0 0 0 0 0 0 0 0 0 0 0 0 0 0 0 0 -999 
P8573 2085 7 0 0 0 0 0 0 10 0 0 0 0 0 0 0 0 0 0 0 0 0 0 0 0 0 0 0 0 0 0 0 0 
P8573 2085 8 0 0 0 0 0 0 11 0 0 0 0 0 0 0 0 0 0 0 0 10 0 0 0 0 0 14 0 0 0 0 0 
P8573 2085 9 0 0 0 15 0 0 0 0 0 0 0 0 0 0 0 0 4 0 0 0 0 28 0 0 0 0 0 0 0 0 -999 
P8573 2085 10 0 46 0 0 0 0 0 8 0 24 22 0 0 0 0 0 33 0 0 0 11 0 0 0 0 26 81 55 0 138 28 
P8573 2085 11 6 28 0 19 0 17 12 0 0 0 0 0 1 6 8 64 73 0 23 108 45 40 10 0 0 0 19 47 84 21 -999 
P8573 2085 12 151 89 16 0 0 116 18 9 6 0 0 17 48 72 0 0 24 0 0 0 23 40 27 0 0 2 0 0 0 0 18 
P8573 2086 1 0 0 22 26 18 22 0 27 0 0 0 0 0 64 23 0 0 96 47 0 0 4 0 0 79 30 0 0 17 0 32 
P8573 2086 2 42 0 115 0 0 52 57 48 0 0 20 48 18 0 0 16 24 0 0 0 0 0 0 13 7 0 0 0 -999 -999 -999 
P8573 2086 3 0 0 0 0 0 0 0 0 0 0 0 0 73 0 0 0 0 0 0 0 0 0 0 5 8 0 0 12 0 0 31 
P8573 2086 4 5 5 0 0 0 0 32 0 0 0 9 16 34 0 35 20 0 0 0 0 0 0 0 15 0 42 48 0 0 0 -999 
P8573 2086 5 0 25 29 75 0 8 38 11 0 0 0 0 0 0 0 0 0 5 0 0 8 0 0 12 0 0 0 0 0 0 0 
P8573 2086 6 0 0 0 0 0 0 0 0 0 0 0 0 0 0 0 0 0 0 0 0 0 0 0 0 0 0 0 0 0 0 -999 
P8573 2086 7 0 0 0 16 0 0 0 0 0 0 0 0 10 0 0 0 0 0 0 0 0 0 0 0 0 0 0 0 0 0 0 
P8573 2086 8 0 0 0 0 0 0 5 0 0 0 0 0 0 0 0 0 0 0 0 0 14 0 0 0 0 0 0 0 0 0 0 
P8573 2086 9 0 0 0 0 0 0 0 0 0 0 0 0 0 20 0 0 13 0 0 6 0 18 0 0 7 6 0 0 0 0 -999 
P8573 2086 10 0 0 0 0 0 0 15 0 0 0 0 34 0 13 9 0 0 0 0 13 3 11 0 25 0 45 0 37 0 115 0 
P8573 2086 11 0 0 46 19 72 0 7 7 0 0 0 0 0 0 0 0 0 0 47 29 41 0 0 0 0 9 0 0 51 18 -999 
P8573 2086 12 19 5 9 0 0 0 0 0 0 0 2 0 0 5 0 0 0 0 79 38 36 112 170 51 0 21 5 0 2 0 0 
P8573 2087 1 0 0 14 0 15 23 0 79 0 14 0 0 0 0 0 2 0 0 6 0 19 26 0 10 0 0 0 0 0 0 0 
P8573 2087 2 45 28 5 2 0 0 0 0 0 0 0 17 0 35 0 0 0 0 0 1 0 2 0 0 0 0 0 37 -999 -999 -999 
P8573 2087 3 112 103 86 28 0 0 19 46 59 94 88 91 31 0 11 0 0 0 0 0 0 0 0 52 23 0 9 18 21 0 0 
P8573 2087 4 44 0 0 13 0 0 0 0 15 0 0 0 0 0 0 0 34 5 0 0 55 85 69 57 93 0 0 8 0 12 -999 
P8573 2087 5 0 1 12 0 0 21 0 19 0 22 44 0 0 0 0 0 0 0 0 0 12 0 0 0 0 0 0 0 0 0 0 
P8573 2087 6 0 0 0 0 0 0 0 0 0 0 0 0 0 0 0 0 0 0 37 0 0 0 0 0 0 0 0 0 0 0 -999 
P8573 2087 7 0 0 0 0 0 0 0 0 0 0 0 0 0 0 3 0 0 0 0 0 0 0 0 0 0 0 0 0 0 0 0 
P8573 2087 8 0 0 0 18 0 0 0 0 0 0 0 0 0 0 0 0 0 0 0 0 0 0 0 0 0 0 0 0 0 0 0 
P8573 2087 9 0 0 0 0 0 0 0 0 0 0 0 0 0 0 0 0 0 0 0 0 0 0 0 0 2 0 0 0 0 0 -999 
P8573 2087 10 0 9 0 0 0 20 0 0 8 0 0 0 0 2 0 2 6 28 0 0 0 0 0 0 0 0 0 0 0 0 0 
P8573 2087 11 4 0 0 0 0 0 0 2 0 0 0 0 2 0 0 0 0 0 0 5 4 0 0 0 0 0 0 0 0 13 -999 
P8573 2087 12 14 10 0 2 0 3 0 51 0 0 6 10 19 7 0 0 0 0 11 0 0 0 188 82 36 152 58 19 92 114 66 
P8573 2088 1 0 38 0 14 14 0 9 0 0 0 0 0 0 1 8 0 0 0 0 0 0 0 8 0 0 0 34 27 0 0 12 
P8573 2088 2 0 0 0 0 0 0 0 67 178 48 0 0 0 0 20 0 0 21 0 0 20 0 0 0 22 0 0 0 -999 -999 -999 
P8573 2088 3 38 60 119 62 0 0 14 0 0 0 0 0 0 0 0 0 0 31 0 1 0 0 0 0 9 7 38 11 0 0 0 
P8573 2088 4 0 0 0 10 0 50 71 84 45 0 28 0 22 0 0 16 17 11 0 4 0 18 25 0 0 0 0 0 0 0 -999 
P8573 2088 5 0 0 24 48 51 0 24 27 25 0 15 12 0 22 30 31 0 24 0 11 0 0 0 0 0 0 0 0 0 0 0 
P8573 2088 6 3 0 0 0 0 3 0 0 0 0 0 0 0 0 0 0 0 0 0 0 0 0 0 0 0 0 0 0 0 0 -999 
P8573 2088 7 15 0 0 0 0 0 0 0 0 0 0 0 0 0 0 0 14 0 0 0 0 0 14 0 0 0 0 0 0 0 0 
P8573 2088 8 0 0 0 0 0 0 0 0 0 0 0 0 0 0 0 0 0 0 0 0 0 0 4 0 0 8 0 0 0 12 0 
P8573 2088 9 0 0 0 0 0 0 0 0 0 0 0 0 0 0 0 0 0 0 0 0 0 0 0 0 0 0 0 0 0 0 -999 
P8573 2088 10 0 0 0 0 0 0 0 17 0 0 0 0 15 0 0 0 0 1 0 0 0 0 69 0 113 157 166 59 0 13 30 
P8573 2088 11 0 0 0 12 0 0 0 0 0 29 71 0 16 0 44 32 23 150 0 0 0 0 4 0 0 0 0 0 143 46 -999 
P8573 2088 12 28 59 39 63 119 59 119 111 33 0 0 0 0 5 0 0 0 0 0 0 0 0 0 0 23 38 0 0 14 0 0 
P8573 2089 1 0 0 0 0 17 15 0 57 113 138 136 163 78 0 0 0 0 0 0 0 0 0 0 2 0 0 0 10 0 0 21 
P8573 2089 2 0 0 0 42 78 64 42 99 180 73 72 151 193 70 0 7 0 0 0 0 0 4 0 10 0 0 26 31 -999 -999 -999 
P8573 2089 3 31 26 54 25 0 19 0 17 0 0 7 0 22 40 73 75 50 15 7 0 14 0 11 44 0 41 0 33 0 59 174 
P8573 2089 4 167 187 49 0 0 0 13 0 20 1 0 0 0 0 0 0 0 17 0 0 24 0 31 0 73 69 63 37 16 23 -999 
P8573 2089 5 21 0 11 0 0 23 0 0 0 6 0 0 0 0 0 0 0 0 0 0 17 8 9 0 0 0 0 0 0 5 0 
P8573 2089 6 0 0 0 3 0 3 0 0 0 0 0 0 0 0 0 0 6 0 0 0 0 0 0 0 0 0 0 0 0 0 -999 
P8573 2089 7 0 0 0 0 0 0 0 0 0 0 0 0 0 0 0 0 0 0 0 0 0 0 0 0 0 0 0 0 0 0 0 
P8573 2089 8 2 0 0 0 0 0 0 0 0 0 7 0 0 0 0 0 13 0 0 0 0 0 0 0 0 0 0 0 0 0 0 
P8573 2089 9 0 0 0 0 0 0 0 0 0 0 0 0 0 0 0 0 0 0 0 0 0 0 0 0 0 0 0 0 0 0 -999 
P8573 2089 10 0 0 0 0 0 0 0 0 0 0 7 0 0 0 0 0 0 0 0 0 0 0 0 0 0 20 0 0 0 0 25 
P8573 2089 11 0 0 28 0 0 0 0 0 0 0 0 0 0 7 0 16 0 0 0 18 0 0 0 96 154 99 39 0 0 152 -999 
P8573 2089 12 268 41 41 56 47 46 43 109 75 73 24 6 0 1 0 0 0 0 0 0 0 4 0 0 0 0 0 0 23 0 0 
P8573 2090 1 0 0 0 9 0 1 16 0 0 62 28 65 129 111 93 28 19 0 0 38 7 0 0 0 0 0 22 0 10 0 0 
P8573 2090 2 0 0 0 20 31 0 36 24 0 0 65 78 68 50 47 23 0 0 0 9 0 0 30 24 71 74 119 0 -999 -999 -999 
P8573 2090 3 173 0 0 7 0 0 0 0 0 0 0 55 99 85 50 14 10 29 78 62 16 43 0 9 12 0 0 4 0 0 32 
P8573 2090 4 29 20 29 0 0 32 29 34 41 0 31 37 18 0 74 50 24 0 3 0 0 0 0 0 23 29 13 12 0 19 -999 
P8573 2090 5 34 0 37 0 0 0 0 0 0 0 0 0 0 0 0 21 0 0 0 0 0 0 26 0 0 0 0 0 80 81 0 
P8573 2090 6 45 0 0 0 0 0 0 0 0 2 0 0 0 0 0 0 0 0 0 0 0 0 0 0 0 14 0 0 0 0 -999 
P8573 2090 7 0 0 15 0 0 5 0 0 11 0 0 0 0 0 0 0 0 0 0 0 0 0 0 0 0 0 0 0 0 0 0 
P8573 2090 8 0 0 0 0 0 0 9 0 0 0 0 0 0 0 0 0 0 0 0 0 0 0 0 0 0 0 0 0 0 0 0 
P8573 2090 9 0 0 0 0 0 0 0 0 0 0 0 17 0 0 14 7 2 0 0 0 0 11 0 0 0 0 0 0 0 0 -999 
P8573 2090 10 0 0 23 65 59 65 0 20 16 43 47 0 0 54 60 0 0 23 26 0 0 0 0 0 23 0 0 38 105 40 32 
P8573 2090 11 0 0 0 0 0 28 0 0 0 39 51 33 19 65 58 0 7 33 0 0 0 0 0 0 44 0 0 6 10 0 -999 
P8573 2090 12 47 122 149 70 75 37 18 0 14 0 0 7 21 41 57 0 0 0 0 0 0 0 7 0 42 18 11 0 0 0 0 
P8573 2091 1 0 0 9 0 0 0 0 40 0 0 29 35 112 20 0 21 17 0 52 0 0 0 10 0 0 0 0 0 0 0 0 
P8573 2091 2 38 16 1 2 0 11 17 9 0 0 0 0 0 0 0 0 4 0 90 150 100 78 44 33 37 0 20 36 -999 -999 -999 
P8573 2091 3 30 15 13 38 100 164 0 0 0 0 0 0 0 0 0 53 0 0 31 17 0 19 6 0 0 0 0 0 0 0 0 
P8573 2091 4 0 0 0 0 0 8 0 0 0 0 0 24 22 15 18 28 36 32 18 8 16 0 0 0 0 0 1 0 0 0 -999 
P8573 2091 5 0 0 0 0 20 7 0 0 0 0 0 0 0 0 0 9 0 0 0 0 0 0 0 0 13 0 18 0 0 0 0 
P8573 2091 6 0 0 0 0 0 9 0 4 0 0 0 0 15 0 37 0 0 0 0 0 0 0 0 0 0 0 0 0 0 0 -999 
P8573 2091 7 11 0 0 0 0 0 0 38 0 0 0 0 0 0 0 0 0 0 0 0 0 0 0 0 0 0 0 0 0 0 0 
P8573 2091 8 0 0 4 0 0 0 0 0 0 0 0 0 0 0 0 0 0 0 0 0 0 0 0 0 0 0 0 0 0 0 0 
P8573 2091 9 0 0 6 0 0 0 0 0 0 0 0 0 10 0 0 0 0 0 0 20 0 0 0 0 0 0 30 0 0 0 -999 
P8573 2091 10 0 0 0 0 0 0 0 0 0 0 56 51 24 0 17 28 49 0 0 0 0 0 35 0 34 68 75 121 0 113 97 
P8573 2091 11 0 0 17 0 28 0 0 0 0 0 0 0 0 27 37 29 29 26 0 0 0 28 0 35 0 26 101 33 23 31 -999 
P8573 2091 12 129 0 0 0 0 39 36 44 0 0 0 0 0 0 0 0 15 0 14 0 4 6 0 32 59 11 0 42 0 0 0 
P8573 2092 1 0 0 0 0 0 0 17 0 0 0 0 0 10 0 0 59 129 95 161 194 109 0 0 112 52 0 137 86 0 131 0 
P8573 2092 2 84 135 66 9 59 200 83 39 109 154 76 54 39 79 47 66 0 76 28 59 33 16 94 27 0 23 0 0 -999 -999 -999 
P8573 2092 3 0 31 0 0 3 0 70 102 31 14 15 28 27 0 67 89 27 35 37 142 97 109 158 284 103 92 32 79 82 34 40 
P8573 2092 4 0 0 75 51 52 0 5 3 0 0 10 0 0 0 9 6 0 0 8 11 0 0 12 0 33 0 35 45 0 0 -999 
P8573 2092 5 0 0 5 0 6 0 0 0 0 0 0 0 0 0 0 0 0 25 0 7 0 0 5 0 0 0 0 0 0 20 28 
P8573 2092 6 0 0 16 0 0 0 0 0 0 0 0 0 0 0 0 23 0 0 0 0 0 0 0 0 0 0 0 0 0 0 -999 
P8573 2092 7 0 0 0 0 0 0 0 0 0 0 0 0 0 0 0 0 0 0 0 0 0 0 0 0 0 0 0 0 0 0 0 
P8573 2092 8 0 0 15 0 0 0 0 0 0 0 17 0 0 0 0 0 0 0 2 0 0 0 0 0 0 0 0 0 0 0 0 
P8573 2092 9 0 0 8 0 8 0 0 0 0 0 0 0 0 9 0 0 0 0 0 0 0 0 0 0 5 0 0 0 0 0 -999 
P8573 2092 10 17 0 0 18 0 0 0 0 0 0 0 0 8 15 0 0 0 0 0 0 0 0 3 14 0 7 0 0 0 0 0 
P8573 2092 11 0 0 0 42 0 0 0 11 0 14 0 72 207 179 114 0 16 14 18 31 39 24 0 126 70 45 0 0 0 8 -999 
P8573 2092 12 16 0 41 0 0 0 21 24 94 102 36 0 0 0 22 0 44 0 0 131 247 142 136 78 43 118 34 109 161 88 30 
P8573 2093 1 44 109 110 55 0 0 44 0 0 0 91 120 40 0 127 71 27 52 0 0 24 13 0 0 44 0 0 45 178 127 146 
P8573 2093 2 133 68 0 0 0 0 0 6 0 0 33 0 0 0 47 41 0 32 65 98 0 34 0 10 10 0 45 0 -999 -999 -999 
P8573 2093 3 18 0 0 0 9 0 11 26 49 0 0 0 0 0 4 0 0 4 0 0 12 19 20 0 0 54 55 66 18 28 77 
P8573 2093 4 39 52 38 36 46 0 0 0 0 44 0 0 0 0 48 64 32 36 34 0 0 0 0 0 39 36 46 55 0 26 -999 
P8573 2093 5 0 27 52 47 8 0 0 0 0 0 10 0 0 0 0 0 9 0 0 0 0 27 13 0 22 16 0 0 0 11 27 
P8573 2093 6 0 5 6 0 0 17 0 0 0 0 0 0 15 0 0 0 0 0 0 0 0 0 0 0 0 0 0 0 0 0 -999 
P8573 2093 7 0 0 0 0 0 0 0 0 0 7 0 0 0 0 0 0 0 0 0 0 0 0 0 0 0 0 0 0 0 0 0 
P8573 2093 8 0 0 0 0 0 0 0 0 0 16 0 0 0 0 0 0 0 0 0 0 0 0 0 0 0 0 0 12 0 14 0 
P8573 2093 9 0 0 0 0 0 0 9 0 0 0 0 0 0 0 0 0 0 0 0 0 0 0 0 0 0 0 13 0 0 53 -999 
P8573 2093 10 0 0 0 0 0 0 0 0 0 0 0 0 78 35 0 120 111 56 6 0 0 0 0 0 22 17 0 4 0 7 37 
P8573 2093 11 65 42 0 0 0 0 0 0 0 0 0 0 16 0 0 0 0 0 0 13 0 16 0 0 0 0 0 0 0 0 -999 
P8573 2093 12 0 0 3 0 0 0 0 0 0 0 0 0 0 0 4 0 0 0 14 0 0 0 0 0 0 0 0 0 0 0 0 
P8573 2094 1 0 10 0 18 0 0 0 19 22 20 0 0 0 0 0 32 75 184 138 108 81 142 174 160 127 79 71 130 38 159 0 
P8573 2094 2 37 0 0 111 20 11 5 13 13 0 0 0 0 0 0 0 0 0 0 9 0 0 0 0 0 0 0 0 -999 -999 -999 
P8573 2094 3 0 0 0 0 0 4 0 0 0 0 0 0 0 0 0 0 16 16 14 31 35 0 0 0 0 0 23 0 83 0 61 
P8573 2094 4 164 157 89 18 0 46 115 111 25 0 0 14 0 0 12 0 0 0 0 0 0 0 12 0 0 28 33 0 49 0 -999 
P8573 2094 5 0 0 3 0 0 0 0 0 0 0 0 0 0 0 0 0 0 0 1 0 0 0 0 0 7 0 0 0 0 0 0 
P8573 2094 6 0 0 0 0 0 0 0 0 0 0 0 0 0 9 0 0 0 0 0 0 0 0 0 0 0 0 0 0 0 0 -999 
P8573 2094 7 0 0 0 0 0 0 0 0 0 0 0 0 0 0 0 0 0 0 0 0 0 0 0 0 0 0 0 0 0 0 0 
P8573 2094 8 0 0 0 0 0 0 0 0 0 0 0 0 0 0 0 0 0 0 0 0 0 0 0 0 0 0 15 0 0 0 0 
P8573 2094 9 0 0 0 0 0 8 0 0 0 10 0 6 0 0 0 0 0 0 0 0 0 0 0 0 0 0 0 0 9 0 -999 
P8573 2094 10 0 7 0 0 0 0 0 0 0 0 15 0 0 23 18 18 18 16 42 37 0 20 58 34 0 38 0 17 0 0 0 
P8573 2094 11 0 0 0 9 0 0 0 0 29 0 39 0 0 146 54 19 0 0 49 76 48 50 58 0 48 0 0 0 0 0 -999 
P8573 2094 12 0 0 0 0 0 0 0 0 4 6 0 20 0 17 0 0 0 0 60 0 6 0 6 4 0 0 0 0 0 24 0 
P8573 2095 1 107 50 146 160 108 36 0 145 86 42 94 38 44 0 66 0 0 0 0 0 0 0 27 0 0 167 111 107 34 18 0 
P8573 2095 2 22 0 21 19 19 0 0 22 12 0 24 0 0 0 0 0 0 0 0 0 0 0 8 0 0 0 0 0 -999 -999 -999 
P8573 2095 3 0 0 0 0 0 7 0 15 11 0 0 6 7 0 9 1 0 0 0 0 0 0 0 0 0 0 0 39 61 43 28 
P8573 2095 4 35 59 64 34 11 5 5 0 0 0 0 27 0 20 29 0 0 0 47 31 69 71 0 54 0 0 0 0 0 0 -999 
P8573 2095 5 0 0 0 0 0 0 0 0 0 20 0 0 0 0 0 0 0 0 0 0 0 0 0 0 0 3 0 0 0 0 0 
P8573 2095 6 11 22 17 0 0 0 0 46 26 0 0 0 0 0 0 0 0 0 0 0 49 16 0 18 0 0 0 0 0 0 -999 
P8573 2095 7 34 0 0 0 0 0 0 0 0 0 0 0 0 0 0 0 0 0 0 0 0 0 0 0 0 5 0 0 0 0 0 
P8573 2095 8 0 0 0 0 0 0 0 0 0 0 0 0 0 0 0 0 0 0 0 0 0 0 0 0 0 0 0 0 7 7 0 
P8573 2095 9 0 6 2 0 0 0 0 0 0 0 0 0 0 0 0 0 0 0 4 3 0 0 15 22 0 0 0 0 0 0 -999 
P8573 2095 10 0 0 12 0 0 0 0 21 0 25 0 0 0 0 0 44 88 23 0 0 0 0 0 0 0 0 0 0 0 0 0 
P8573 2095 11 0 0 0 57 0 24 0 0 47 0 0 0 21 11 19 0 53 9 0 37 86 94 76 0 25 0 1 0 5 0 -999 
P8573 2095 12 0 0 4 8 0 9 48 168 84 61 0 0 29 43 0 0 0 0 22 93 0 0 19 81 235 261 127 42 0 34 58 
P8573 2096 1 71 6 18 35 109 0 105 111 0 106 51 11 0 13 0 0 3 0 6 0 0 0 0 0 0 3 0 0 0 14 6 
P8573 2096 2 27 33 0 59 0 0 4 0 0 0 0 0 0 65 135 36 6 0 0 0 0 0 0 0 0 0 0 0 -999 -999 -999 
P8573 2096 3 12 0 18 0 0 0 0 0 0 0 0 7 0 3 4 7 0 0 0 26 55 117 143 22 0 22 0 73 52 19 0 
P8573 2096 4 0 0 2 1 0 0 0 7 0 0 0 6 26 0 0 24 12 0 0 20 9 0 14 0 0 0 0 0 0 0 -999 
P8573 2096 5 0 0 0 16 0 0 0 21 0 0 0 0 0 0 0 7 0 0 1 0 0 0 0 0 0 0 12 14 0 7 11 
P8573 2096 6 0 0 9 0 19 30 23 0 0 0 0 7 0 0 0 0 4 3 0 0 0 7 0 0 0 0 0 0 0 0 -999 
P8573 2096 7 19 0 0 0 0 0 0 0 15 0 0 0 0 0 0 0 0 0 0 0 0 0 0 0 0 0 0 0 0 0 0 
P8573 2096 8 0 0 0 0 0 0 0 0 0 0 0 0 0 0 3 0 0 7 0 0 0 0 0 0 0 0 0 0 0 0 0 
P8573 2096 9 0 0 0 0 0 11 0 0 0 0 0 0 0 0 7 0 7 0 0 0 0 0 13 8 0 0 0 0 0 0 -999 
P8573 2096 10 0 0 0 0 0 0 0 0 0 0 0 0 0 0 0 0 0 66 0 53 0 67 25 14 0 0 0 11 0 0 0 
P8573 2096 11 8 0 0 0 0 0 0 3 0 0 0 0 0 0 0 0 0 5 0 7 0 0 0 0 17 0 0 0 0 0 -999 
P8573 2096 12 0 0 0 0 0 2 8 0 0 0 45 50 18 47 41 0 41 27 0 0 0 0 50 67 14 0 0 0 53 17 18 
P8573 2097 1 0 0 17 0 0 0 0 0 0 11 0 0 0 0 0 0 3 0 0 0 0 0 0 3 73 65 36 0 0 0 0 
P8573 2097 2 0 26 0 28 36 40 0 0 0 0 0 0 0 0 36 0 0 15 21 4 0 0 0 0 0 0 0 0 -999 -999 -999 
P8573 2097 3 0 99 72 0 12 39 11 4 44 7 0 0 0 0 0 0 0 0 0 0 0 0 0 31 0 33 0 12 35 3 0 
P8573 2097 4 0 0 0 0 27 0 0 0 33 0 33 0 0 0 31 0 4 0 0 32 9 0 0 53 0 0 0 0 0 0 -999 
P8573 2097 5 0 7 0 0 0 0 47 29 0 17 0 0 0 0 0 0 29 37 54 78 28 19 29 17 1 0 0 0 0 0 0 
P8573 2097 6 0 0 0 0 12 0 0 0 0 0 0 0 0 0 0 0 0 0 0 0 0 0 10 0 10 0 0 0 0 0 -999 
P8573 2097 7 0 0 0 0 0 0 0 0 0 0 0 0 0 0 0 0 0 0 0 0 0 0 0 0 0 0 0 0 0 0 0 
P8573 2097 8 0 0 0 0 0 10 0 0 0 0 0 0 0 0 0 0 0 0 0 0 0 0 19 0 31 0 0 0 0 14 0 
P8573 2097 9 0 0 0 0 16 0 12 0 0 12 0 0 0 0 0 0 0 17 0 0 0 0 0 0 0 0 0 0 0 0 -999 
P8573 2097 10 0 0 0 0 0 0 0 0 0 9 0 0 7 18 60 48 81 60 0 10 4 0 11 2 0 0 0 0 0 0 0 
P8573 2097 11 0 0 0 0 7 0 1 0 0 0 9 0 0 0 0 13 0 2 0 0 0 0 11 0 0 50 0 0 42 79 -999 
P8573 2097 12 20 11 0 0 0 0 0 0 0 0 0 0 0 0 0 0 0 0 0 3 0 0 0 0 0 0 0 0 0 42 64 
P8573 2098 1 88 10 20 0 160 55 0 0 14 0 0 20 24 17 0 0 15 18 0 112 61 71 0 54 0 0 0 0 0 0 0 
P8573 2098 2 0 11 0 9 0 0 0 36 56 66 52 84 46 15 54 0 0 0 0 0 29 0 0 0 15 0 0 0 -999 -999 -999 
P8573 2098 3 0 36 0 8 18 54 0 0 0 0 0 0 0 0 12 0 0 0 0 0 0 0 0 0 0 0 0 36 0 10 0 
P8573 2098 4 0 0 0 0 30 60 81 0 0 0 0 0 0 10 0 0 0 0 0 0 0 0 106 0 0 0 0 0 0 0 -999 
P8573 2098 5 5 0 0 0 23 33 0 69 65 102 82 0 0 0 13 25 0 0 0 31 29 0 40 0 42 24 0 0 0 0 4 
P8573 2098 6 0 0 0 0 0 0 0 0 0 0 0 0 0 0 8 0 0 0 0 0 0 0 0 0 0 0 0 0 0 0 -999 
P8573 2098 7 0 0 11 0 0 0 0 0 29 27 0 0 0 0 0 0 0 0 0 0 0 0 0 0 0 0 0 0 0 0 0 
P8573 2098 8 16 0 0 0 0 0 0 0 0 0 0 0 0 0 0 0 5 0 0 0 0 0 0 0 0 0 0 0 0 0 0 
P8573 2098 9 16 6 0 0 0 0 0 0 0 0 0 0 0 0 0 0 0 0 0 0 0 0 14 0 0 10 0 0 0 0 -999 
P8573 2098 10 0 0 0 0 0 0 0 0 0 0 0 0 0 0 0 0 69 65 0 11 0 0 0 19 34 90 97 30 0 0 39 
P8573 2098 11 0 0 0 0 0 6 0 0 0 0 15 41 94 48 44 49 41 0 120 36 40 56 36 18 4 0 0 0 0 0 -999 
P8573 2098 12 0 0 0 0 0 0 0 0 0 0 0 0 0 0 0 11 0 19 46 89 52 66 25 39 63 0 0 30 65 0 13 
P8573 2099 1 12 0 0 0 0 0 0 0 0 66 0 48 23 2 0 34 58 24 6 50 67 92 187 43 16 39 17 0 0 17 0 
P8573 2099 2 0 0 21 78 23 0 51 70 8 0 0 0 0 0 0 4 0 0 0 0 0 19 46 127 138 45 0 40 -999 -999 -999 
P8573 2099 3 105 142 150 156 32 0 0 0 22 19 0 10 0 45 43 37 40 131 159 134 0 0 27 6 0 9 15 7 0 20 25 
P8573 2099 4 0 13 9 0 0 11 0 0 0 0 0 2 0 0 0 0 0 4 4 0 0 0 0 38 0 23 57 70 48 63 -999 
P8573 2099 5 63 16 0 9 0 0 0 0 0 0 0 0 0 0 18 0 20 11 0 0 0 9 0 64 34 23 40 0 0 0 0 
P8573 2099 6 0 0 0 0 0 0 0 0 0 0 0 0 0 0 34 0 0 17 0 10 0 0 0 0 0 0 0 0 0 0 -999 
P8573 2099 7 0 0 0 0 0 0 0 0 0 0 0 10 0 0 0 0 0 0 8 0 0 0 0 0 0 0 0 0 0 0 0 
P8573 2099 8 0 0 0 0 0 0 0 0 0 0 0 0 0 0 0 0 0 0 0 0 0 0 0 0 0 0 0 0 0 0 0 
P8573 2099 9 0 0 0 0 0 0 0 0 0 0 0 0 0 0 0 0 0 0 0 0 0 0 0 0 12 13 0 0 0 0 -999 
P8573 2099 10 0 0 0 0 0 0 0 10 35 0 61 0 37 0 10 0 0 0 0 0 0 0 5 0 30 0 39 27 18 0 0 
P8573 2099 11 0 39 0 15 0 0 0 0 0 0 22 44 28 0 17 54 0 3 1 5 8 13 0 0 0 0 33 0 37 10 -999 
P8573 2099 12 11 0 8 10 0 58 0 27 0 0 8 10 3 0 0 0 0 0 0 0 0 0 41 66 181 247 286 245 151 54 0 
P8573 2100 1 58 0 13 0 78 7 15 40 0 0 140 226 135 52 0 0 0 29 0 5 0 0 0 9 0 0 0 0 2 0 0 
P8573 2100 2 29 136 128 0 0 23 24 15 57 116 61 17 0 12 15 35 85 57 0 21 0 0 0 0 0 0 0 22 -999 -999 -999 
P8573 2100 3 0 45 0 43 20 14 16 0 17 32 32 30 0 0 12 6 0 0 27 0 40 60 0 0 0 0 0 22 36 33 34 
P8573 2100 4 46 0 35 14 12 11 17 10 11 52 91 145 64 0 41 0 19 0 0 22 0 0 0 0 0 0 0 0 23 31 -999 
P8573 2100 5 7 0 0 0 0 0 0 6 0 0 0 0 12 7 0 0 0 0 25 0 21 0 39 56 88 0 0 0 0 0 0 
P8573 2100 6 9 0 0 0 0 0 0 0 0 0 0 0 0 13 9 0 0 0 0 0 0 0 0 0 0 0 0 0 0 0 -999 
P8573 2100 7 0 0 4 0 0 0 0 0 0 0 0 0 0 0 0 0 0 0 0 0 0 0 0 0 0 0 0 0 0 0 0 
P8573 2100 8 0 0 0 0 0 0 0 0 0 0 0 0 0 0 0 0 0 0 0 0 0 0 0 0 0 0 0 0 0 0 0 
P8573 2100 9 0 0 0 0 0 0 0 0 0 0 0 0 0 0 0 0 0 0 0 0 0 0 0 0 0 0 0 0 0 0 -999 
P8573 2100 10 0 2 0 0 0 0 30 31 0 0 0 58 52 52 0 0 0 23 0 11 25 73 43 0 0 0 5 0 61 0 0 
P8573 2100 11 34 30 47 0 0 89 41 36 140 109 19 82 87 106 150 0 69 79 73 66 34 0 0 110 25 0 11 0 0 0 -999 
P8573 2100 12 0 16 0 17 24 4 1 0 0 0 0 0 3 0 2 0 0 0 0 0 0 0 12 12 0 0 6 0 0 0 0 
