precip	MIROC5	RCP60	REGRESION	decimas	1
P1029	37.243	-7.254	182	geo	2006	2100	-1
P1029 2006 1 0 0 0 13 0 28 32 36 33 0 32 165 118 18 88 81 70 0 0 0 7 18 0 0 0 22 0 0 0 0 7 
P1029 2006 2 0 127 28 0 0 0 0 0 0 0 0 23 52 62 35 0 7 0 18 18 0 0 8 0 0 0 0 0 -999 -999 -999 
P1029 2006 3 46 52 102 90 71 84 78 90 38 123 145 0 0 32 50 96 192 143 56 36 44 43 0 29 38 0 24 0 56 42 38 
P1029 2006 4 13 0 0 0 0 0 0 36 0 0 0 0 0 8 0 0 0 0 0 0 0 0 0 0 0 0 0 22 0 15 -999 
P1029 2006 5 13 19 28 30 29 42 0 0 0 0 0 0 0 0 0 0 0 0 12 9 0 0 0 0 0 0 0 0 0 0 0 
P1029 2006 6 0 0 0 0 0 0 0 0 0 0 10 0 8 0 0 0 0 0 0 0 0 0 0 0 0 0 0 9 0 16 -999 
P1029 2006 7 0 0 0 0 0 0 0 0 0 0 0 0 0 0 0 0 0 0 0 0 0 0 0 0 0 0 0 0 0 0 0 
P1029 2006 8 0 0 0 0 0 0 0 0 0 0 0 0 0 0 0 0 0 0 0 0 0 0 0 0 0 0 0 5 0 0 0 
P1029 2006 9 0 0 0 0 0 0 0 0 0 0 0 0 0 0 0 0 0 0 0 0 0 0 0 0 0 0 2 3 0 0 -999 
P1029 2006 10 0 0 0 0 0 0 0 0 0 0 0 0 33 0 26 19 0 0 0 0 0 7 0 0 17 0 0 0 6 5 0 
P1029 2006 11 0 19 0 0 0 0 56 0 0 0 0 0 0 0 0 0 0 3 0 0 12 0 22 0 0 0 0 0 6 0 -999 
P1029 2006 12 0 0 0 0 0 0 34 180 207 104 0 0 49 39 112 114 0 0 0 0 27 58 107 0 45 47 45 52 55 38 0 
P1029 2007 1 28 18 0 0 0 0 0 0 0 0 0 0 0 0 0 0 0 0 0 0 0 0 0 0 8 0 6 5 0 14 15 
P1029 2007 2 0 10 0 3 5 10 57 155 157 0 21 0 6 7 14 18 0 55 42 0 71 29 25 36 65 53 51 0 -999 -999 -999 
P1029 2007 3 26 0 41 126 0 0 26 0 0 0 0 0 37 53 0 0 0 14 0 0 0 0 0 0 0 0 13 0 0 0 0 
P1029 2007 4 0 0 0 0 0 0 0 0 0 0 0 0 41 0 0 26 0 0 51 32 0 0 15 27 0 0 1 0 0 0 -999 
P1029 2007 5 0 0 0 0 0 0 0 0 0 0 0 0 12 0 19 0 0 32 0 15 3 0 0 0 3 0 0 0 7 0 0 
P1029 2007 6 0 0 0 10 0 29 23 0 0 12 0 0 12 0 7 0 5 0 0 0 8 0 0 9 10 0 0 0 0 0 -999 
P1029 2007 7 0 14 0 0 0 0 0 0 0 0 25 0 0 0 0 0 0 0 0 7 0 0 0 0 0 0 0 0 0 0 0 
P1029 2007 8 0 0 0 0 0 0 0 0 0 0 0 0 0 0 0 0 0 0 0 0 0 0 0 0 0 0 0 0 0 7 0 
P1029 2007 9 0 0 0 0 0 0 0 0 0 0 0 0 0 0 0 0 0 0 0 0 0 0 0 16 0 12 0 0 0 0 -999 
P1029 2007 10 0 0 0 0 0 0 0 0 0 0 0 0 0 36 16 32 59 0 0 0 0 39 41 25 0 0 0 0 0 0 0 
P1029 2007 11 0 0 1 0 0 0 0 0 0 33 0 0 0 16 0 0 5 0 0 0 0 5 0 0 0 10 49 0 0 0 -999 
P1029 2007 12 0 0 0 20 15 0 21 24 13 0 0 0 0 5 0 0 92 53 0 0 0 0 0 0 0 11 13 0 0 11 0 
P1029 2008 1 0 0 0 0 0 0 0 0 0 12 0 0 33 70 39 60 0 0 12 18 59 59 26 0 61 156 169 52 66 0 113 
P1029 2008 2 171 48 101 38 30 43 62 73 0 53 71 0 20 18 37 36 63 0 0 78 0 14 19 22 19 22 39 41 -999 -999 -999 
P1029 2008 3 0 0 9 0 0 0 9 0 5 0 0 0 0 0 0 0 0 0 0 0 0 0 0 0 0 7 0 0 0 0 0 
P1029 2008 4 0 0 0 0 0 0 3 0 0 0 0 0 0 31 0 17 18 0 0 0 12 0 0 0 0 0 0 0 27 0 -999 
P1029 2008 5 0 0 0 0 0 0 0 0 12 0 0 0 30 30 0 0 0 13 0 37 16 45 45 0 0 0 0 0 0 0 0 
P1029 2008 6 2 3 0 0 18 21 0 0 29 0 0 11 0 28 0 7 0 0 0 0 0 0 0 0 0 0 0 0 0 0 -999 
P1029 2008 7 0 0 0 0 0 0 0 0 0 0 0 0 0 0 0 0 0 0 1 0 0 0 0 7 0 0 0 0 0 0 0 
P1029 2008 8 0 0 0 0 7 0 0 0 0 0 0 0 0 0 0 0 0 0 0 0 0 0 0 0 0 14 0 0 0 0 0 
P1029 2008 9 0 0 0 0 0 0 0 0 14 0 0 0 0 0 0 0 0 0 0 0 0 0 0 16 0 0 5 17 0 18 -999 
P1029 2008 10 0 10 0 0 0 0 0 0 0 0 0 18 22 7 0 0 0 0 0 0 0 17 0 0 0 0 17 12 0 0 0 
P1029 2008 11 9 3 8 0 0 0 0 0 0 2 0 0 0 0 0 0 0 0 7 4 0 0 0 0 0 0 0 0 0 0 -999 
P1029 2008 12 0 0 0 0 5 0 0 0 7 13 15 0 5 7 0 0 12 0 0 0 0 0 13 0 0 20 0 0 0 0 0 
P1029 2009 1 0 0 0 0 0 0 0 0 0 0 0 8 10 0 17 0 3 0 7 0 0 0 0 0 0 0 0 0 0 0 0 
P1029 2009 2 0 0 0 0 0 0 0 0 0 0 0 0 0 6 6 0 0 0 0 0 0 0 0 0 13 0 0 0 -999 -999 -999 
P1029 2009 3 24 0 0 0 34 0 0 52 26 0 14 0 20 0 0 16 43 36 19 13 0 0 26 0 28 60 75 72 78 39 20 
P1029 2009 4 44 48 0 0 35 38 0 7 0 0 0 0 0 19 0 0 0 0 0 0 0 0 0 0 0 6 0 28 0 0 -999 
P1029 2009 5 25 24 0 0 0 0 25 27 33 0 11 0 3 0 5 0 0 0 0 0 0 0 0 24 0 0 0 0 0 0 0 
P1029 2009 6 0 0 10 0 0 0 16 0 0 2 0 0 0 0 0 0 0 0 0 0 0 0 0 0 0 0 0 0 0 0 -999 
P1029 2009 7 0 0 0 0 0 0 0 0 0 0 0 0 0 0 0 0 0 0 8 0 0 0 0 0 0 0 0 0 0 0 0 
P1029 2009 8 0 0 0 0 0 0 0 0 0 0 0 5 0 0 0 0 0 0 0 0 0 0 0 0 0 0 0 0 0 18 25 
P1029 2009 9 0 0 0 0 0 0 0 0 0 24 0 0 0 0 0 0 0 0 0 0 0 0 10 9 0 0 0 0 7 0 -999 
P1029 2009 10 0 0 0 0 0 0 0 0 0 0 0 20 0 19 24 0 0 0 0 0 15 0 0 0 13 12 0 0 0 0 5 
P1029 2009 11 0 0 0 0 0 0 0 0 0 0 0 0 0 6 0 0 0 0 0 14 0 0 48 0 0 0 0 0 0 0 -999 
P1029 2009 12 0 0 26 12 28 16 39 9 16 37 25 10 14 0 0 9 0 53 21 0 0 0 12 22 51 93 0 78 0 0 0 
P1029 2010 1 24 29 86 0 25 0 0 0 0 0 0 0 31 13 14 8 15 14 0 0 0 0 0 20 0 0 0 0 0 0 0 
P1029 2010 2 0 0 0 0 0 0 0 0 2 0 0 0 0 0 0 0 0 0 3 0 0 0 0 0 0 0 0 11 -999 -999 -999 
P1029 2010 3 12 0 0 0 0 20 28 0 114 87 66 0 10 9 0 16 0 0 58 0 0 0 0 0 0 0 7 0 0 0 0 
P1029 2010 4 0 53 0 0 0 0 0 46 0 0 0 15 0 13 53 0 0 0 0 34 15 7 0 0 0 0 0 0 0 8 -999 
P1029 2010 5 6 6 24 45 0 14 0 0 0 0 0 0 17 0 0 12 0 10 0 0 4 0 0 0 0 0 21 0 0 0 0 
P1029 2010 6 0 15 15 0 0 0 0 0 0 0 0 0 0 0 0 0 0 0 0 0 0 0 0 0 0 0 0 0 0 0 -999 
P1029 2010 7 0 0 0 0 0 0 0 0 0 0 0 0 0 0 0 0 0 0 0 0 0 0 0 0 0 0 0 0 0 0 0 
P1029 2010 8 0 0 0 0 0 0 0 0 0 0 0 0 0 0 0 0 0 0 0 0 0 0 0 0 0 0 0 0 0 10 11 
P1029 2010 9 0 0 0 0 0 0 0 0 9 0 0 0 6 0 0 0 0 0 0 0 0 0 0 0 0 0 0 0 0 0 -999 
P1029 2010 10 0 0 0 0 0 15 0 0 0 0 30 18 0 0 0 0 2 0 0 0 0 35 0 0 0 7 0 0 5 0 5 
P1029 2010 11 3 0 0 0 0 0 0 0 0 6 0 0 0 0 0 4 0 4 0 4 0 0 0 0 0 0 8 0 0 0 -999 
P1029 2010 12 4 0 0 0 0 0 15 0 0 0 10 33 40 0 0 0 4 0 2 0 0 0 0 0 0 0 0 7 0 0 0 
P1029 2011 1 0 0 0 0 22 10 0 0 0 0 0 0 0 0 36 0 0 0 0 0 2 12 0 8 8 5 3 0 1 0 0 
P1029 2011 2 0 0 0 0 31 0 27 0 0 0 0 0 0 0 0 0 0 0 17 0 0 58 0 0 0 10 31 60 -999 -999 -999 
P1029 2011 3 76 71 0 0 0 10 0 0 0 0 24 32 9 0 50 92 59 23 17 23 17 30 76 147 32 0 0 93 0 0 0 
P1029 2011 4 0 0 0 0 0 0 0 0 0 0 0 0 0 0 0 0 96 0 0 0 23 0 0 7 0 4 0 0 0 0 -999 
P1029 2011 5 0 0 0 0 0 0 10 0 25 21 0 0 12 0 0 0 0 0 0 0 0 0 0 0 0 0 0 0 0 0 0 
P1029 2011 6 0 0 0 0 0 0 0 0 0 0 21 0 0 0 0 0 0 0 0 0 0 0 0 0 0 9 11 0 0 0 -999 
P1029 2011 7 3 0 0 0 0 0 0 0 0 0 0 0 0 0 0 0 0 0 13 0 0 0 0 0 0 0 0 0 0 0 0 
P1029 2011 8 0 0 0 0 0 0 0 0 0 0 0 0 0 0 0 0 0 0 0 0 0 0 0 0 0 0 8 0 0 0 0 
P1029 2011 9 0 0 0 0 0 0 0 0 0 0 0 0 0 0 0 2 1 0 0 0 0 0 0 0 11 0 0 0 0 0 -999 
P1029 2011 10 0 0 0 0 0 0 0 0 0 0 0 0 41 32 0 13 0 15 0 0 24 0 0 18 12 0 0 0 0 0 0 
P1029 2011 11 0 0 3 8 27 49 0 0 0 0 11 0 13 0 0 0 44 29 24 0 21 0 29 0 0 0 12 14 2 7 -999 
P1029 2011 12 0 37 19 0 0 11 11 0 0 0 0 16 0 5 0 37 25 39 30 45 41 29 23 0 43 15 9 0 0 15 0 
P1029 2012 1 65 15 4 0 6 0 0 0 0 0 0 0 0 0 0 0 0 0 0 0 0 0 0 0 10 0 0 33 43 30 0 
P1029 2012 2 0 0 38 0 13 16 14 0 0 0 0 0 0 0 0 0 0 0 31 0 0 0 0 0 0 0 0 0 -999 -999 -999 
P1029 2012 3 12 36 41 0 0 0 0 0 0 1 0 2 0 10 0 49 28 26 0 68 51 0 27 38 14 0 0 0 0 9 0 
P1029 2012 4 0 0 0 0 9 17 7 6 2 1 0 0 0 31 0 50 0 0 0 7 8 12 14 37 27 27 70 62 34 0 -999 
P1029 2012 5 18 0 0 0 0 0 0 0 19 0 0 0 21 24 0 14 0 0 0 0 0 11 0 0 0 10 0 0 0 0 0 
P1029 2012 6 0 0 0 0 0 0 0 0 26 0 0 0 0 17 20 0 0 0 0 0 0 0 0 0 0 0 0 0 3 0 -999 
P1029 2012 7 0 0 0 0 0 0 0 0 0 0 0 0 0 0 0 0 0 0 0 0 0 0 0 0 0 0 0 0 0 0 0 
P1029 2012 8 0 0 0 0 0 5 0 0 0 0 0 0 0 0 0 0 0 0 4 0 0 0 0 0 0 0 0 0 0 6 0 
P1029 2012 9 6 0 0 0 0 0 0 0 0 0 0 0 0 0 0 0 0 0 0 0 0 8 0 0 0 0 0 27 0 0 -999 
P1029 2012 10 0 0 0 0 0 0 0 0 0 36 54 0 5 0 0 25 33 0 46 0 0 0 0 0 0 0 0 9 0 0 5 
P1029 2012 11 14 25 24 0 10 0 0 0 0 0 14 0 0 0 0 0 0 46 62 0 0 0 0 16 0 0 0 0 53 0 -999 
P1029 2012 12 9 0 0 23 68 151 78 53 0 27 29 0 65 80 59 32 28 14 0 0 19 21 6 0 5 0 0 0 0 12 16 
P1029 2013 1 10 25 24 32 11 7 16 7 0 0 13 0 0 0 0 0 0 0 0 2 0 0 0 0 0 0 7 0 17 28 8 
P1029 2013 2 0 0 0 0 0 5 2 0 0 6 9 0 48 39 0 8 26 83 71 46 38 43 48 41 39 0 8 15 -999 -999 -999 
P1029 2013 3 25 40 49 0 14 0 0 54 32 112 115 139 61 17 33 42 40 0 43 25 34 89 50 57 44 0 37 62 54 43 0 
P1029 2013 4 0 0 15 30 0 0 7 0 0 0 0 0 0 0 0 0 0 0 0 0 17 0 0 30 50 0 4 0 0 0 -999 
P1029 2013 5 0 0 0 0 0 0 0 0 15 24 18 8 0 17 30 20 20 17 0 0 0 0 0 0 0 0 0 0 0 0 0 
P1029 2013 6 0 0 0 0 0 0 0 0 45 0 0 25 0 0 0 0 0 0 0 0 0 0 0 0 0 0 0 0 0 0 -999 
P1029 2013 7 0 0 0 0 0 0 12 0 0 0 0 0 0 0 0 0 0 0 0 0 0 0 0 0 0 0 0 0 0 0 0 
P1029 2013 8 0 0 0 0 0 10 0 0 0 0 0 0 0 0 0 0 0 0 0 0 0 0 0 0 0 0 0 0 0 0 24 
P1029 2013 9 12 0 0 0 5 0 0 11 0 0 0 0 0 0 0 0 0 0 0 0 0 0 0 0 0 0 0 0 0 0 -999 
P1029 2013 10 0 0 0 0 0 0 0 0 0 0 33 0 14 0 0 0 0 19 0 0 0 0 0 0 2 0 2 0 0 0 0 
P1029 2013 11 0 0 0 0 0 0 0 0 0 2 0 7 0 5 0 0 23 142 137 31 98 131 111 29 0 98 29 0 5 5 -999 
P1029 2013 12 12 25 0 4 0 0 0 0 17 0 0 0 0 30 35 20 12 7 0 0 17 36 44 91 30 38 0 19 65 22 35 
P1029 2014 1 0 0 0 0 21 0 0 30 0 0 6 5 5 16 31 0 0 0 0 0 0 0 0 30 38 0 103 112 138 95 0 
P1029 2014 2 17 22 12 20 35 78 34 60 0 22 0 6 12 0 0 0 0 11 0 0 0 0 0 0 0 0 0 0 -999 -999 -999 
P1029 2014 3 26 0 0 0 0 0 0 0 5 0 2 0 28 42 81 61 62 115 89 40 35 29 0 14 0 0 0 0 0 0 25 
P1029 2014 4 0 33 35 39 0 0 17 0 17 0 26 28 0 38 0 25 21 19 25 0 18 0 0 0 54 18 0 19 0 33 -999 
P1029 2014 5 0 0 23 28 0 0 0 0 0 0 0 0 0 0 0 0 15 0 0 0 35 51 48 35 0 0 21 0 31 0 28 
P1029 2014 6 15 22 0 47 31 20 25 15 0 0 0 0 0 0 0 0 0 0 0 0 0 0 0 0 0 0 0 0 0 0 -999 
P1029 2014 7 0 0 0 0 0 0 0 0 0 0 12 0 0 0 0 0 0 0 0 0 0 0 0 0 0 0 0 0 0 0 0 
P1029 2014 8 13 13 0 0 0 0 0 0 0 0 0 0 0 0 0 0 0 0 0 14 0 0 0 0 0 0 0 0 0 0 0 
P1029 2014 9 0 0 0 0 0 0 0 0 0 0 0 0 0 0 0 47 44 23 0 0 0 0 0 0 0 0 0 0 0 16 -999 
P1029 2014 10 13 0 0 36 14 0 0 11 0 0 14 0 10 0 0 8 0 0 0 0 0 0 0 0 25 22 16 11 13 9 0 
P1029 2014 11 6 0 0 0 0 0 0 0 12 15 0 3 0 0 0 0 11 32 16 27 71 104 32 47 24 0 0 0 0 5 -999 
P1029 2014 12 0 0 0 0 0 0 14 11 12 0 12 5 0 0 0 0 0 2 0 0 5 0 0 0 0 0 0 0 8 14 0 
P1029 2015 1 3 1 0 67 49 0 22 23 0 0 0 0 0 0 0 0 0 0 0 0 0 0 0 0 0 0 0 67 50 30 0 
P1029 2015 2 21 0 0 12 0 0 0 0 0 0 0 0 0 0 0 0 0 0 0 0 0 0 0 0 0 59 51 23 -999 -999 -999 
P1029 2015 3 0 26 36 53 0 9 26 29 28 0 0 0 23 0 0 0 0 0 0 0 0 0 42 13 0 0 0 0 0 0 0 
P1029 2015 4 0 12 11 0 0 0 12 0 3 0 0 0 0 0 0 7 0 0 0 0 0 0 7 0 0 0 0 46 92 77 -999 
P1029 2015 5 75 37 20 8 0 5 0 0 0 0 0 0 0 0 0 0 0 0 2 0 0 0 0 0 0 0 0 52 49 0 5 
P1029 2015 6 7 0 0 0 0 0 0 0 0 0 0 0 0 0 0 0 0 2 0 9 0 0 0 11 0 10 0 0 6 7 -999 
P1029 2015 7 0 0 0 0 0 0 0 0 0 0 0 0 0 0 11 0 0 0 0 0 0 0 0 0 0 0 0 0 0 0 0 
P1029 2015 8 0 0 0 0 0 0 0 0 0 0 0 0 0 0 0 0 0 0 0 0 0 0 0 0 7 0 0 0 0 4 0 
P1029 2015 9 0 8 0 0 28 0 0 0 0 0 0 11 0 0 0 0 0 0 0 0 0 0 7 0 0 0 35 39 22 22 -999 
P1029 2015 10 20 0 0 0 0 0 18 28 13 4 0 0 0 8 0 8 0 0 0 6 0 0 0 0 0 0 0 0 0 0 0 
P1029 2015 11 0 0 0 0 0 0 0 0 15 0 0 22 28 77 36 0 0 0 26 37 26 26 14 0 0 0 0 0 0 0 -999 
P1029 2015 12 27 0 21 37 36 0 157 82 71 41 19 67 39 17 34 53 33 0 4 0 0 0 0 0 0 0 0 0 0 0 0 
P1029 2016 1 0 27 28 0 21 36 54 38 27 40 109 101 64 74 31 0 42 21 0 7 0 0 0 0 0 0 0 0 0 0 7 
P1029 2016 2 7 0 0 12 10 10 0 0 12 13 25 0 0 26 17 21 58 18 0 0 0 0 0 0 30 0 0 16 -999 -999 -999 
P1029 2016 3 0 35 0 0 24 0 30 81 146 87 137 138 74 48 49 0 41 72 0 0 0 54 40 0 52 0 107 111 45 0 29 
P1029 2016 4 6 5 0 0 13 0 0 0 30 77 101 74 0 0 66 0 29 24 0 30 0 0 0 0 18 12 9 0 21 13 -999 
P1029 2016 5 0 0 0 0 0 0 0 0 0 0 42 0 14 16 21 0 12 0 0 0 1 2 8 0 0 0 0 0 0 13 25 
P1029 2016 6 14 4 0 0 0 0 0 0 0 0 0 0 0 0 11 0 0 0 0 17 0 6 0 0 0 0 0 0 0 0 -999 
P1029 2016 7 0 0 0 0 0 0 0 0 0 0 0 0 0 0 0 0 0 0 0 0 0 0 0 0 0 0 0 0 0 0 0 
P1029 2016 8 0 0 9 0 0 0 0 0 0 0 0 0 0 0 0 5 0 0 0 0 0 0 0 0 0 0 0 0 19 0 0 
P1029 2016 9 0 0 0 0 0 0 0 0 3 0 0 0 0 0 0 0 0 0 0 0 0 0 0 0 0 5 0 0 0 0 -999 
P1029 2016 10 0 11 0 0 0 0 0 0 0 0 11 0 0 0 33 97 83 38 52 0 83 0 0 0 0 0 0 0 0 0 13 
P1029 2016 11 0 0 0 0 0 9 16 0 0 0 0 0 6 18 69 16 26 35 51 50 36 0 32 0 39 13 0 0 0 11 -999 
P1029 2016 12 3 0 0 0 0 2 4 0 0 0 0 62 0 0 0 0 8 33 68 88 77 72 34 32 36 55 61 0 0 0 38 
P1029 2017 1 0 0 0 0 14 0 0 0 0 0 0 18 56 161 59 9 0 4 0 0 4 0 5 0 0 0 0 0 0 0 0 
P1029 2017 2 0 0 0 0 0 0 0 0 0 0 0 0 0 0 0 0 0 5 0 0 0 0 0 0 0 0 10 0 -999 -999 -999 
P1029 2017 3 0 0 0 0 0 0 0 57 82 0 0 0 30 20 11 3 3 0 0 0 0 0 0 50 116 107 0 77 0 11 0 
P1029 2017 4 12 23 17 0 0 0 0 0 0 29 0 0 0 0 0 0 12 0 0 0 0 0 0 0 16 0 0 65 64 34 -999 
P1029 2017 5 0 8 0 12 0 0 0 0 0 0 0 0 0 0 0 0 0 0 0 0 0 5 0 0 0 0 0 0 0 0 0 
P1029 2017 6 0 0 0 0 0 0 0 0 0 0 0 0 0 0 0 0 0 0 0 0 0 0 0 0 0 0 0 0 0 15 -999 
P1029 2017 7 7 0 0 0 0 0 0 0 0 0 0 0 3 0 0 0 0 0 0 0 2 0 0 0 0 0 0 0 7 0 8 
P1029 2017 8 0 0 0 0 0 0 0 0 0 0 0 0 0 0 0 0 0 0 0 0 0 0 0 0 0 0 0 0 6 0 0 
P1029 2017 9 0 0 0 0 0 0 0 0 0 0 0 1 0 0 0 0 0 0 0 0 0 0 0 0 0 0 0 0 0 9 -999 
P1029 2017 10 0 0 0 3 0 7 0 0 0 0 0 0 0 0 0 36 42 54 0 0 13 0 17 9 0 4 44 94 160 79 0 
P1029 2017 11 0 8 0 0 0 0 13 22 13 12 38 94 140 64 0 0 0 0 0 0 39 0 0 0 0 6 0 0 20 0 -999 
P1029 2017 12 23 43 40 29 0 0 0 105 94 46 68 23 66 121 54 13 0 10 0 0 0 0 19 27 0 0 42 41 0 49 0 
P1029 2018 1 50 0 0 0 7 3 2 0 17 9 3 3 0 0 0 0 0 0 55 10 0 0 45 0 11 0 26 16 8 9 19 
P1029 2018 2 22 11 23 6 11 11 7 2 0 0 10 6 12 0 0 0 0 0 0 0 43 0 0 0 0 0 5 0 -999 -999 -999 
P1029 2018 3 0 0 0 48 0 40 0 0 0 35 54 65 40 39 0 14 51 0 0 0 7 0 0 0 25 42 43 17 14 14 7 
P1029 2018 4 0 0 0 0 0 0 0 0 16 0 0 0 0 5 0 8 0 0 0 0 8 0 0 28 0 74 41 0 24 30 -999 
P1029 2018 5 20 0 0 10 0 0 7 6 17 0 0 31 26 14 16 28 39 0 40 52 59 68 0 0 13 32 42 0 0 0 0 
P1029 2018 6 0 0 0 0 7 0 0 0 0 0 0 0 0 0 0 13 0 0 0 0 0 0 0 0 0 0 0 0 0 0 -999 
P1029 2018 7 0 0 0 0 0 10 18 15 11 0 0 0 0 0 0 0 0 0 5 0 0 0 0 0 0 0 0 0 0 0 0 
P1029 2018 8 0 0 0 0 0 0 0 0 0 0 0 0 0 0 0 0 0 0 0 0 0 0 0 0 0 0 0 0 0 0 0 
P1029 2018 9 0 0 0 0 0 0 0 0 0 0 0 0 0 0 11 0 0 10 0 0 0 0 0 0 7 0 0 0 0 10 -999 
P1029 2018 10 0 0 18 0 0 0 0 0 0 0 0 6 0 0 0 0 4 8 0 0 0 0 0 0 16 0 0 0 0 0 0 
P1029 2018 11 0 0 0 0 2 0 16 68 52 43 0 0 0 0 0 0 3 0 0 0 12 11 0 0 0 0 4 0 7 7 -999 
P1029 2018 12 10 0 0 13 8 31 50 6 8 11 63 180 98 0 49 49 17 0 0 0 28 43 0 0 34 0 26 43 55 63 0 
P1029 2019 1 49 74 81 107 89 137 104 0 0 7 15 0 0 26 0 0 57 35 67 112 182 130 32 17 30 80 62 9 0 0 78 
P1029 2019 2 49 46 9 0 0 0 20 0 0 0 93 0 137 96 22 0 0 151 98 19 0 9 0 0 0 0 0 0 -999 -999 -999 
P1029 2019 3 0 0 0 0 18 20 0 17 14 0 0 0 0 9 0 0 0 0 0 0 0 0 0 0 0 0 0 57 0 0 0 
P1029 2019 4 16 0 17 0 28 39 0 44 0 0 63 40 34 0 28 49 36 22 0 22 0 0 65 70 0 26 0 0 43 40 -999 
P1029 2019 5 0 10 0 0 0 0 16 0 0 0 0 0 32 0 9 0 0 0 0 0 0 0 0 0 0 0 0 0 0 0 0 
P1029 2019 6 0 0 0 0 0 26 0 0 0 0 0 15 0 0 0 17 0 0 0 0 0 0 0 0 0 0 0 0 0 0 -999 
P1029 2019 7 0 0 0 0 0 0 0 0 0 0 0 0 0 0 0 0 0 0 0 0 0 0 0 0 0 0 0 0 0 0 0 
P1029 2019 8 0 0 0 0 0 0 0 0 8 0 0 0 0 0 0 0 0 0 0 0 0 0 0 0 0 0 0 0 0 0 0 
P1029 2019 9 0 0 0 0 0 0 0 1 0 0 0 0 0 0 9 31 27 0 29 23 0 0 0 30 0 0 0 0 0 0 -999 
P1029 2019 10 0 0 0 0 0 6 0 2 0 0 0 44 22 6 0 0 0 0 0 0 0 0 0 0 0 0 0 0 0 0 0 
P1029 2019 11 0 6 0 0 11 0 17 30 11 0 0 0 0 4 0 0 0 0 38 45 188 168 60 86 0 100 0 23 0 105 -999 
P1029 2019 12 81 79 0 25 44 0 0 0 0 0 0 0 0 0 0 0 0 0 17 0 0 0 0 0 0 0 0 0 0 10 8 
P1029 2020 1 0 0 13 0 0 0 0 0 0 0 0 0 0 33 12 0 0 0 0 0 0 0 0 0 0 61 94 62 41 47 0 
P1029 2020 2 34 37 53 59 45 0 0 21 8 0 0 0 0 0 14 10 0 0 0 0 0 0 0 0 0 0 0 0 -999 -999 -999 
P1029 2020 3 0 0 0 0 22 27 0 0 0 0 0 24 0 0 0 3 0 0 0 0 21 0 0 54 0 0 0 0 28 0 24 
P1029 2020 4 27 20 17 0 0 0 0 0 4 0 13 0 0 0 57 74 70 58 35 48 63 0 6 0 0 0 0 0 0 0 -999 
P1029 2020 5 0 0 0 0 0 0 0 8 0 0 40 0 24 22 26 0 0 0 0 0 0 0 0 0 0 0 0 0 0 0 0 
P1029 2020 6 0 0 0 0 5 0 0 0 0 2 0 0 5 0 0 0 0 0 0 0 0 0 0 0 0 0 0 0 11 0 -999 
P1029 2020 7 0 0 4 0 0 0 0 0 0 0 0 0 0 0 0 0 0 0 0 0 0 0 0 0 0 0 0 0 0 0 0 
P1029 2020 8 0 0 0 0 0 0 0 0 0 0 0 0 0 0 0 0 0 12 0 0 0 0 0 0 0 0 0 0 0 0 0 
P1029 2020 9 0 0 0 0 0 0 0 0 0 0 0 0 0 0 0 0 0 0 0 0 0 0 0 7 0 0 0 0 0 0 -999 
P1029 2020 10 17 0 0 0 0 37 0 36 47 0 23 0 0 21 47 20 11 32 10 5 0 0 0 0 0 38 23 0 0 0 0 
P1029 2020 11 82 109 138 64 0 17 0 8 0 0 0 3 0 0 0 0 8 0 50 149 32 57 0 35 0 34 76 45 0 37 -999 
P1029 2020 12 47 34 31 0 11 0 0 0 0 0 0 0 0 0 0 0 0 7 31 23 41 155 76 82 59 85 83 15 0 50 82 
P1029 2021 1 55 84 33 29 79 0 73 120 0 11 0 0 0 0 0 0 0 0 0 0 0 0 0 0 23 23 33 0 51 17 38 
P1029 2021 2 45 0 65 0 58 0 0 0 0 0 0 6 0 4 0 0 0 0 11 0 0 17 0 3 6 6 0 5 -999 -999 -999 
P1029 2021 3 6 9 7 7 0 0 46 0 34 51 14 0 0 0 0 22 41 1 0 13 28 0 0 0 0 11 23 32 0 0 9 
P1029 2021 4 0 0 0 8 0 0 0 0 0 0 0 0 46 0 64 0 0 0 0 17 0 0 34 29 0 0 16 20 31 39 -999 
P1029 2021 5 52 32 43 0 0 0 0 0 0 0 0 0 0 0 0 0 0 0 35 0 0 0 0 0 0 0 0 14 0 0 24 
P1029 2021 6 0 49 0 0 0 0 0 0 0 0 0 0 9 0 0 2 0 0 0 0 11 0 0 0 0 0 0 0 0 3 -999 
P1029 2021 7 9 13 0 0 12 0 0 8 0 0 0 0 0 0 0 0 0 0 0 0 0 0 4 2 0 0 19 0 0 0 0 
P1029 2021 8 0 0 0 0 0 0 0 0 0 0 0 0 3 0 0 0 0 0 0 0 0 0 0 0 6 0 0 0 0 0 0 
P1029 2021 9 0 0 0 0 0 0 0 0 0 3 0 1 0 0 0 0 0 0 0 40 0 20 26 68 0 11 0 0 0 0 -999 
P1029 2021 10 3 0 0 13 0 15 0 6 0 0 0 0 0 0 0 0 0 0 0 0 0 131 114 47 20 19 0 0 0 4 11 
P1029 2021 11 12 25 35 64 82 0 0 0 0 0 0 21 22 24 0 55 80 0 0 0 0 0 0 7 16 21 36 60 58 23 -999 
P1029 2021 12 61 67 31 15 0 0 13 18 0 0 0 0 10 0 0 64 66 0 14 15 32 30 16 0 0 0 0 0 0 59 0 
P1029 2022 1 0 0 0 39 56 33 55 98 61 50 64 29 35 53 43 43 28 0 0 36 0 40 64 44 23 0 47 0 48 40 46 
P1029 2022 2 96 0 8 52 34 40 108 123 27 80 127 107 103 68 85 0 0 0 24 53 0 30 76 17 65 109 0 0 -999 -999 -999 
P1029 2022 3 13 16 0 0 113 63 44 59 53 77 36 46 47 0 0 0 0 0 0 0 0 0 0 0 0 0 0 0 39 0 0 
P1029 2022 4 0 0 0 0 0 20 0 0 0 9 11 0 0 22 0 19 13 17 0 12 0 0 0 0 0 0 0 0 0 0 -999 
P1029 2022 5 0 5 0 0 0 0 0 0 39 0 0 60 76 47 28 0 0 21 0 0 0 0 13 0 42 32 0 4 0 0 0 
P1029 2022 6 0 0 0 0 5 14 20 6 0 0 0 0 0 0 0 0 0 0 0 0 0 0 0 0 0 0 0 0 0 0 -999 
P1029 2022 7 0 0 0 0 0 0 0 0 0 0 0 0 0 0 0 0 0 0 0 0 0 0 0 0 0 0 0 0 0 0 0 
P1029 2022 8 0 0 0 0 0 0 0 0 0 0 0 0 0 0 0 0 0 0 0 0 0 0 13 0 0 0 0 0 0 0 0 
P1029 2022 9 0 0 0 0 0 0 0 0 0 0 0 0 16 32 0 0 11 0 0 0 0 0 0 0 0 0 0 0 0 0 -999 
P1029 2022 10 0 0 0 0 0 0 0 34 40 36 38 11 22 26 33 19 12 0 0 0 0 8 0 0 0 0 0 0 0 33 14 
P1029 2022 11 28 0 0 0 0 0 0 0 0 0 0 10 0 0 0 0 0 0 0 6 0 0 0 4 0 0 0 35 25 19 -999 
P1029 2022 12 30 87 0 167 74 84 12 21 86 0 0 0 10 0 0 0 6 0 0 0 108 115 77 44 40 19 32 26 0 4 4 
P1029 2023 1 0 6 0 0 4 0 0 0 0 0 0 0 0 0 0 0 0 1 0 0 0 6 0 0 0 0 0 0 0 0 0 
P1029 2023 2 0 0 0 3 0 0 0 0 14 0 0 0 0 0 16 0 0 33 21 0 20 31 43 16 0 11 0 13 -999 -999 -999 
P1029 2023 3 33 0 0 0 0 0 0 0 10 0 0 0 20 0 7 0 0 0 0 0 0 0 0 15 0 0 0 33 0 0 0 
P1029 2023 4 0 7 0 0 0 0 0 0 0 0 0 24 60 86 42 6 22 3 2 0 0 0 0 48 85 40 69 0 0 0 -999 
P1029 2023 5 0 9 10 0 0 0 0 0 0 0 0 0 21 0 0 38 28 47 42 35 0 0 8 0 0 0 0 0 0 0 0 
P1029 2023 6 0 0 0 10 16 0 0 0 6 0 0 0 0 0 0 0 0 0 0 0 0 0 0 0 0 0 0 0 0 0 -999 
P1029 2023 7 0 0 0 0 0 0 0 0 0 0 0 0 0 0 0 0 0 0 0 0 0 0 0 0 0 0 0 0 0 0 0 
P1029 2023 8 0 0 0 0 0 0 0 0 0 0 0 0 0 0 4 0 0 0 0 0 0 0 0 0 0 0 0 0 0 0 0 
P1029 2023 9 0 0 0 0 6 0 0 0 0 0 0 0 4 0 0 0 0 0 0 0 8 11 0 0 0 9 0 0 7 0 -999 
P1029 2023 10 0 0 0 0 0 0 0 0 0 0 0 0 13 0 0 0 5 0 0 0 0 0 0 0 0 20 0 5 10 13 53 
P1029 2023 11 0 25 0 0 0 0 16 0 13 43 0 20 10 0 0 0 0 0 0 0 0 0 0 0 0 7 0 0 0 0 -999 
P1029 2023 12 0 0 0 0 0 1 1 0 0 0 2 0 0 0 0 6 0 14 0 0 0 0 0 21 0 0 5 7 0 0 0 
P1029 2024 1 9 10 32 25 21 63 59 120 0 0 15 25 37 89 36 44 65 81 0 0 0 0 0 16 0 9 0 0 0 0 94 
P1029 2024 2 150 206 128 19 0 0 4 9 0 0 0 0 5 0 0 0 0 4 0 0 0 0 0 134 69 43 14 0 -999 -999 -999 
P1029 2024 3 0 63 49 47 51 0 0 0 26 7 0 0 0 0 0 0 0 0 0 10 0 6 12 0 99 124 61 21 0 34 19 
P1029 2024 4 42 0 45 0 13 9 3 0 0 0 0 0 0 0 0 0 0 0 0 10 0 0 0 10 0 0 0 0 0 0 -999 
P1029 2024 5 0 0 0 0 0 3 0 0 0 0 0 0 0 0 0 0 5 0 0 0 0 0 0 0 0 0 0 0 0 0 0 
P1029 2024 6 0 0 0 0 0 0 0 0 0 0 0 0 0 0 5 0 0 0 0 0 8 0 0 0 0 0 0 0 0 0 -999 
P1029 2024 7 0 7 0 0 0 0 0 0 0 0 0 0 0 0 0 0 0 0 0 0 0 0 0 0 0 16 0 0 0 0 0 
P1029 2024 8 0 0 0 0 0 0 0 0 0 0 0 0 0 0 0 0 0 0 0 0 0 0 0 0 0 0 0 0 0 20 0 
P1029 2024 9 0 0 0 0 0 13 0 0 0 0 0 0 0 6 2 0 0 0 0 0 0 0 0 0 0 3 0 0 0 0 -999 
P1029 2024 10 0 0 0 0 0 4 0 0 0 0 0 8 0 0 73 94 40 0 0 0 0 0 0 0 0 0 0 0 0 0 0 
P1029 2024 11 9 0 0 16 17 0 0 6 0 0 0 0 45 0 0 0 0 0 0 0 0 0 23 8 0 0 0 0 11 13 -999 
P1029 2024 12 0 0 0 21 0 5 0 0 0 0 0 0 6 0 15 0 24 0 9 0 0 0 0 0 0 21 10 0 0 5 0 
P1029 2025 1 0 0 0 4 2 0 0 0 3 0 0 0 0 0 0 0 16 21 0 43 0 37 0 44 37 0 0 0 31 0 0 
P1029 2025 2 0 0 0 0 0 0 45 55 57 0 28 29 17 44 45 0 33 0 36 54 23 43 13 0 1 0 0 0 -999 -999 -999 
P1029 2025 3 11 0 0 16 35 112 195 0 0 0 0 0 0 0 10 0 0 33 53 33 93 68 72 200 46 0 38 0 0 0 32 
P1029 2025 4 0 0 5 0 0 0 0 0 0 0 0 0 0 0 0 0 0 0 0 0 8 0 0 0 0 0 0 0 0 0 -999 
P1029 2025 5 23 0 54 0 45 31 35 28 0 25 0 0 0 0 0 0 16 0 0 0 0 0 2 0 0 24 0 0 0 0 0 
P1029 2025 6 0 2 0 0 0 0 0 0 0 0 0 0 0 0 0 0 0 0 0 0 0 0 0 0 0 0 0 0 0 0 -999 
P1029 2025 7 0 0 0 0 0 0 0 0 0 0 0 0 0 0 12 0 0 0 0 0 0 0 0 0 0 0 0 0 0 0 0 
P1029 2025 8 0 0 0 0 0 0 0 0 0 0 0 0 0 0 0 0 0 0 0 0 0 0 0 0 0 6 0 0 0 0 0 
P1029 2025 9 0 4 4 0 0 0 0 0 0 0 0 0 24 0 0 19 0 0 0 0 0 0 0 0 0 0 0 0 0 0 -999 
P1029 2025 10 0 0 9 0 0 0 0 0 0 0 0 0 0 0 21 5 0 0 0 0 0 0 10 15 23 39 30 106 24 3 9 
P1029 2025 11 0 0 0 0 0 0 0 0 1 0 2 0 0 0 0 0 0 0 14 0 0 0 0 0 21 2 0 2 0 0 -999 
P1029 2025 12 0 71 60 14 0 0 62 0 0 0 0 0 0 0 0 0 0 0 13 14 0 9 12 41 79 39 29 23 28 58 36 
P1029 2026 1 22 0 0 0 3 0 1 0 7 0 0 117 66 7 0 116 115 40 12 13 0 0 20 22 18 0 0 12 13 0 0 
P1029 2026 2 0 0 21 9 8 11 0 0 4 10 0 0 0 0 0 0 0 35 69 92 33 33 17 12 0 0 0 0 -999 -999 -999 
P1029 2026 3 0 0 0 0 0 0 0 0 0 0 0 0 10 0 0 0 0 0 0 22 74 195 90 21 0 0 5 0 6 0 0 
P1029 2026 4 0 0 0 11 24 0 62 56 64 0 0 48 44 0 0 0 0 0 0 0 0 0 0 10 0 0 37 47 57 77 -999 
P1029 2026 5 0 0 0 0 7 0 0 5 3 0 0 0 0 0 0 0 0 0 0 21 0 0 0 0 0 28 16 17 0 0 0 
P1029 2026 6 0 0 0 0 4 9 0 0 0 0 0 0 0 0 0 0 0 0 0 4 0 0 0 0 0 0 0 0 0 0 -999 
P1029 2026 7 0 0 0 0 0 0 0 0 0 0 0 0 0 0 0 0 0 0 0 0 0 0 0 0 0 0 0 0 0 0 0 
P1029 2026 8 0 0 0 0 0 0 0 0 0 0 0 0 0 0 0 0 0 0 0 0 0 0 15 0 0 0 0 0 0 0 0 
P1029 2026 9 0 0 0 4 0 4 0 8 0 0 0 0 10 0 0 0 0 0 0 27 0 0 0 0 0 0 0 0 0 0 -999 
P1029 2026 10 0 0 0 9 11 22 27 0 0 0 27 34 15 22 0 40 0 0 6 0 0 9 0 11 20 0 0 0 25 43 86 
P1029 2026 11 32 13 0 0 0 0 9 0 0 59 52 21 0 15 0 0 0 7 0 17 0 0 0 0 0 0 0 13 0 5 -999 
P1029 2026 12 0 0 0 0 40 40 26 0 0 57 17 11 0 0 24 37 54 67 40 31 16 0 0 0 14 15 15 14 9 15 0 
P1029 2027 1 8 31 81 50 61 37 56 39 26 23 0 5 1 0 0 0 0 0 41 70 0 0 0 0 0 0 0 0 11 0 0 
P1029 2027 2 0 0 0 0 0 0 11 0 0 14 0 0 52 129 73 149 59 0 38 0 15 60 32 31 36 31 0 44 -999 -999 -999 
P1029 2027 3 69 25 38 42 66 44 0 0 0 0 0 0 0 0 16 0 28 0 0 24 0 0 0 31 0 35 38 57 0 0 0 
P1029 2027 4 0 0 44 66 0 25 30 0 0 12 0 0 0 30 0 77 77 75 37 43 57 23 29 22 28 11 7 10 0 0 -999 
P1029 2027 5 0 0 0 43 25 11 0 0 0 0 0 0 0 0 0 0 0 0 0 0 0 13 0 0 0 32 15 9 0 0 0 
P1029 2027 6 0 0 17 0 13 0 0 0 4 0 0 0 0 0 0 0 0 0 0 0 0 0 0 0 0 0 0 0 0 0 -999 
P1029 2027 7 0 0 0 0 0 0 0 0 8 0 0 0 0 0 0 0 0 0 0 0 0 0 0 0 0 0 0 0 0 0 0 
P1029 2027 8 0 0 0 0 0 5 0 0 0 0 0 7 0 0 0 0 0 0 0 0 0 0 0 0 0 0 0 0 0 0 0 
P1029 2027 9 0 0 0 0 0 0 0 0 0 0 0 0 0 0 0 0 0 0 3 0 0 0 0 0 0 0 0 0 0 10 -999 
P1029 2027 10 0 0 0 0 0 0 0 0 0 0 0 0 0 0 0 0 0 0 0 11 0 0 13 0 28 0 0 0 0 5 0 
P1029 2027 11 0 45 112 46 0 21 0 0 2 0 0 18 34 47 23 0 0 10 3 0 0 0 0 70 49 39 63 41 113 53 -999 
P1029 2027 12 0 0 22 6 31 135 129 55 20 0 25 36 0 32 34 18 0 18 0 0 20 0 0 16 0 0 0 0 0 15 18 
P1029 2028 1 56 49 23 0 9 0 23 29 82 52 17 40 69 124 73 9 10 0 0 0 0 0 0 0 0 10 0 0 0 0 0 
P1029 2028 2 0 0 0 13 9 0 0 0 0 0 0 0 0 0 0 0 0 0 8 0 0 22 21 0 0 63 77 70 -999 -999 -999 
P1029 2028 3 74 64 64 0 0 0 0 0 0 0 0 43 14 14 20 28 29 15 0 0 0 0 0 0 7 0 0 0 0 0 0 
P1029 2028 4 14 26 0 0 23 0 0 0 0 0 0 0 0 0 0 0 0 0 0 0 0 0 0 0 0 0 0 0 0 0 -999 
P1029 2028 5 0 20 0 8 0 0 0 0 0 0 0 0 4 0 0 0 0 0 4 0 0 0 0 0 0 0 0 0 0 0 0 
P1029 2028 6 23 26 0 0 0 0 0 0 0 0 0 0 0 0 0 0 0 0 0 0 0 0 0 0 0 0 0 0 0 0 -999 
P1029 2028 7 0 0 0 0 0 0 14 0 14 6 0 0 0 0 8 0 0 0 6 0 0 0 0 0 0 0 0 0 0 0 0 
P1029 2028 8 0 0 0 1 0 0 0 0 0 0 0 0 0 0 0 0 0 0 0 0 0 0 0 0 0 0 0 0 0 0 0 
P1029 2028 9 0 17 17 22 0 0 0 0 13 0 0 0 0 0 21 0 0 0 0 7 0 0 0 0 4 0 0 0 0 0 -999 
P1029 2028 10 0 0 0 0 0 0 0 5 0 0 0 6 0 0 0 0 0 0 0 24 0 5 0 0 0 0 0 0 12 0 54 
P1029 2028 11 44 0 0 29 24 0 46 15 23 26 13 0 3 0 22 19 0 0 1 0 0 0 0 0 0 0 0 0 1 0 -999 
P1029 2028 12 0 0 0 0 0 31 0 1 4 0 0 0 0 0 0 0 0 0 19 18 11 7 30 21 0 0 0 14 0 0 0 
P1029 2029 1 6 33 38 4 11 60 118 0 8 3 0 0 0 18 0 40 12 0 13 0 0 0 0 0 33 102 119 24 0 2 3 
P1029 2029 2 0 0 0 0 0 0 8 0 0 12 0 0 0 4 0 0 0 0 0 0 0 23 18 0 0 0 0 0 -999 -999 -999 
P1029 2029 3 0 0 0 0 0 0 0 0 0 0 0 0 0 0 35 0 0 19 0 0 15 22 48 36 0 0 0 0 0 0 0 
P1029 2029 4 0 0 0 0 0 20 0 0 0 0 0 24 0 0 0 0 0 0 0 0 0 0 0 0 0 0 0 0 0 0 -999 
P1029 2029 5 0 0 88 0 15 0 0 0 0 0 0 0 0 0 0 0 0 0 0 0 30 23 0 0 0 0 0 0 0 0 0 
P1029 2029 6 0 0 17 0 0 0 0 0 0 0 0 0 0 0 0 0 0 0 0 15 20 0 0 0 0 0 0 0 0 5 -999 
P1029 2029 7 0 0 0 0 0 0 0 0 0 0 0 0 0 0 0 0 0 0 0 0 0 0 0 0 0 0 0 0 0 0 0 
P1029 2029 8 0 0 0 0 0 0 0 0 0 0 0 0 0 0 0 0 0 0 0 0 0 0 0 0 0 0 0 0 0 0 0 
P1029 2029 9 0 0 12 4 0 0 9 0 5 0 0 8 0 0 0 0 0 0 0 5 0 25 0 34 0 27 16 42 50 55 -999 
P1029 2029 10 33 0 0 0 0 0 0 0 0 0 0 0 0 0 35 0 0 0 0 0 0 6 3 11 0 0 0 6 0 0 12 
P1029 2029 11 0 16 36 56 29 0 0 0 106 22 0 8 7 0 0 0 3 0 0 0 2 0 0 23 5 0 26 0 128 26 -999 
P1029 2029 12 5 15 0 3 0 7 0 7 0 0 0 0 0 0 0 0 0 0 0 0 0 0 0 0 0 0 0 0 14 37 131 
P1029 2030 1 49 19 0 22 47 26 39 0 0 0 0 46 13 11 0 0 0 0 6 0 0 20 0 0 10 0 0 36 82 94 79 
P1029 2030 2 156 121 44 0 40 63 89 66 89 0 99 0 30 0 70 31 11 0 28 0 0 11 0 0 48 45 0 34 -999 -999 -999 
P1029 2030 3 0 0 0 0 0 0 87 0 0 0 45 0 0 0 0 35 0 0 0 0 0 0 0 0 0 0 0 0 0 0 0 
P1029 2030 4 0 0 0 13 0 0 0 8 8 18 0 0 0 77 41 47 120 0 22 0 29 50 20 20 0 0 0 0 0 2 -999 
P1029 2030 5 0 0 0 0 0 0 0 0 0 0 0 0 67 26 43 24 0 0 0 0 0 0 0 0 1 0 0 0 0 0 0 
P1029 2030 6 0 28 22 0 0 30 0 0 24 0 26 32 0 0 11 0 0 0 24 0 36 13 6 9 0 0 0 11 0 0 -999 
P1029 2030 7 0 0 0 0 0 0 0 0 0 0 0 0 0 0 0 0 0 0 0 0 0 0 0 0 0 0 7 0 0 0 2 
P1029 2030 8 0 0 0 0 0 0 0 0 0 0 0 0 0 0 0 0 0 0 0 0 0 0 0 0 0 0 0 0 0 0 0 
P1029 2030 9 0 0 0 0 0 0 0 0 0 0 0 0 0 0 0 25 31 0 3 0 0 0 16 0 0 0 0 0 0 0 -999 
P1029 2030 10 0 0 0 0 0 0 0 0 0 0 90 60 27 0 0 0 0 0 0 0 0 0 0 0 17 0 0 14 0 0 0 
P1029 2030 11 23 25 51 57 125 57 22 22 0 45 0 0 0 0 0 0 0 33 13 0 0 0 0 1 0 6 30 0 28 99 -999 
P1029 2030 12 92 27 43 0 49 46 23 26 20 11 0 37 18 26 52 0 0 0 0 0 0 0 8 0 7 0 0 0 0 0 0 
P1029 2031 1 0 0 0 0 0 0 0 0 0 0 0 7 36 74 37 12 0 23 0 0 0 0 0 46 46 55 27 0 48 55 47 
P1029 2031 2 0 0 0 9 10 41 0 12 32 38 20 0 0 2 0 0 0 0 10 0 13 22 8 0 0 0 0 0 -999 -999 -999 
P1029 2031 3 20 0 43 37 47 0 0 10 22 28 47 34 62 84 45 34 55 51 33 28 66 0 78 38 0 81 85 42 0 0 40 
P1029 2031 4 40 0 33 36 79 0 0 0 0 0 0 0 0 0 0 0 0 0 12 0 21 0 0 20 0 0 0 29 26 0 -999 
P1029 2031 5 0 0 7 0 0 5 16 0 0 9 7 11 25 0 0 11 0 0 0 0 0 0 9 0 0 0 0 0 0 0 0 
P1029 2031 6 0 0 0 0 0 0 0 0 0 0 0 0 0 0 0 0 0 0 0 0 0 16 12 0 0 0 0 0 0 0 -999 
P1029 2031 7 0 0 0 18 0 0 0 0 0 0 10 0 0 0 0 0 0 0 0 0 0 0 0 0 0 0 0 0 0 0 0 
P1029 2031 8 0 0 0 0 0 0 0 0 0 0 0 0 0 0 18 0 0 0 0 11 0 0 0 0 0 0 0 0 0 0 0 
P1029 2031 9 0 0 0 1 0 0 10 10 0 0 0 24 6 0 0 0 0 0 0 0 0 0 14 0 0 5 0 27 21 0 -999 
P1029 2031 10 12 0 0 0 0 0 0 0 0 0 0 0 0 0 54 0 15 9 0 0 0 18 0 30 0 10 16 30 17 16 68 
P1029 2031 11 62 49 51 0 0 5 0 0 0 0 0 0 54 30 42 35 8 0 15 7 0 0 7 0 0 0 27 31 0 0 -999 
P1029 2031 12 42 78 113 26 30 0 0 6 0 0 0 0 4 0 7 0 0 0 1 3 0 5 11 31 22 18 0 18 16 37 62 
P1029 2032 1 128 128 19 0 65 95 32 180 89 8 0 0 0 0 0 0 0 74 51 0 0 0 0 0 0 0 17 6 17 21 16 
P1029 2032 2 64 52 0 24 33 0 6 19 0 0 0 0 0 0 0 0 0 0 0 0 0 0 0 0 0 31 16 0 -999 -999 -999 
P1029 2032 3 0 0 0 4 10 0 31 31 0 4 0 0 0 0 0 0 0 0 0 0 0 0 0 0 0 0 0 11 13 0 16 
P1029 2032 4 0 0 61 105 93 33 37 0 0 13 26 0 0 0 0 0 16 26 22 23 87 105 73 21 0 0 0 0 0 19 -999 
P1029 2032 5 15 8 0 0 26 23 41 34 28 0 0 15 0 11 0 0 28 23 14 12 9 0 0 0 0 0 0 0 0 0 0 
P1029 2032 6 0 0 0 0 0 0 0 0 0 0 19 0 0 0 0 0 0 0 0 0 0 0 10 0 0 0 0 0 0 18 -999 
P1029 2032 7 0 0 0 9 0 0 0 0 0 0 0 0 0 0 0 0 0 0 0 0 0 3 0 0 0 3 0 0 0 0 0 
P1029 2032 8 0 0 0 0 0 0 0 0 0 0 0 0 0 0 0 0 0 0 0 0 0 0 0 6 0 0 0 0 0 0 0 
P1029 2032 9 0 0 0 0 0 0 0 0 0 0 0 0 0 15 0 0 0 0 0 0 0 0 0 0 0 0 0 0 9 0 -999 
P1029 2032 10 0 0 0 12 0 0 0 0 0 0 16 0 0 0 0 0 0 31 55 54 0 43 0 0 3 4 0 0 0 0 0 
P1029 2032 11 0 0 0 40 0 41 53 31 0 6 0 24 39 0 5 28 17 35 39 45 27 0 32 48 23 44 26 33 10 0 -999 
P1029 2032 12 0 0 6 8 0 18 0 42 59 78 51 13 5 0 0 0 0 0 0 0 1 0 2 0 0 0 21 0 7 0 69 
P1029 2033 1 29 18 1 0 0 0 0 0 0 0 0 0 0 0 11 0 0 0 0 0 0 0 0 0 0 16 26 21 0 0 0 
P1029 2033 2 2 0 16 0 0 0 0 15 0 20 15 33 0 33 68 124 142 73 70 110 138 109 55 33 41 25 0 13 -999 -999 -999 
P1029 2033 3 0 8 0 4 0 0 0 0 0 0 0 27 42 42 23 0 12 30 61 73 45 41 40 52 44 0 0 0 24 14 52 
P1029 2033 4 131 11 0 0 34 0 0 9 0 17 12 0 0 0 0 0 0 27 50 32 0 12 14 30 29 0 3 0 0 0 -999 
P1029 2033 5 0 0 0 0 0 0 0 0 0 0 0 0 0 0 0 0 15 0 0 0 18 0 0 0 0 0 0 0 0 0 0 
P1029 2033 6 0 0 0 0 0 0 0 0 0 0 0 0 0 0 0 0 0 0 0 0 0 0 0 0 0 0 0 0 0 0 -999 
P1029 2033 7 0 0 0 0 0 0 0 0 0 0 0 0 0 0 0 0 0 0 0 27 0 0 0 0 0 0 0 0 0 0 0 
P1029 2033 8 0 0 0 0 0 4 0 0 3 0 0 0 0 0 0 0 3 0 0 0 0 0 0 0 0 0 0 0 0 0 0 
P1029 2033 9 0 0 0 0 0 0 0 9 0 0 0 0 0 0 0 0 0 0 0 0 0 0 0 7 8 0 0 0 0 0 -999 
P1029 2033 10 25 0 0 0 0 10 0 6 0 0 0 0 0 34 0 58 54 48 84 12 0 0 0 14 35 21 10 0 0 34 40 
P1029 2033 11 25 0 88 74 18 73 56 22 5 0 4 0 0 0 74 0 0 14 11 0 0 0 0 0 0 0 0 0 0 0 -999 
P1029 2033 12 0 40 67 48 19 42 38 24 0 19 15 0 4 0 0 3 3 0 5 0 0 0 0 0 0 0 0 0 18 0 0 
P1029 2034 1 0 0 0 0 7 0 0 0 0 0 0 0 0 0 0 0 0 0 11 0 0 26 35 73 60 90 47 0 0 0 0 
P1029 2034 2 0 1 0 0 0 49 65 94 0 0 39 0 0 0 0 5 0 75 129 24 16 41 53 19 0 15 0 18 -999 -999 -999 
P1029 2034 3 0 0 0 0 0 0 0 0 0 0 0 0 0 0 0 0 0 0 0 0 28 0 0 7 0 25 0 20 34 27 0 
P1029 2034 4 0 23 33 0 112 0 0 29 44 0 36 0 35 48 0 31 45 0 0 29 51 64 45 15 0 0 0 1 0 0 -999 
P1029 2034 5 0 0 0 0 0 0 0 0 0 0 0 10 0 0 16 5 3 0 0 0 0 0 0 0 13 0 0 37 0 0 0 
P1029 2034 6 31 0 14 0 0 0 0 0 0 6 0 0 0 0 0 0 0 8 14 15 0 0 0 0 0 0 0 0 0 0 -999 
P1029 2034 7 0 0 0 0 0 0 0 0 0 0 0 0 0 0 0 0 0 0 0 0 0 0 0 0 0 0 0 0 0 0 0 
P1029 2034 8 0 0 0 0 0 0 0 0 0 0 0 0 0 0 0 0 0 0 0 0 0 0 0 0 0 0 13 0 0 0 0 
P1029 2034 9 0 0 0 0 0 0 0 0 0 0 0 0 0 0 0 0 28 0 4 0 0 0 0 0 0 0 0 0 0 0 -999 
P1029 2034 10 0 0 0 0 0 0 0 0 0 0 1 0 0 0 24 0 0 0 0 0 0 0 0 0 0 0 0 0 0 0 0 
P1029 2034 11 4 5 14 16 24 0 0 0 0 0 0 0 0 0 0 15 9 0 0 13 0 0 0 15 0 0 19 0 0 0 -999 
P1029 2034 12 12 19 9 0 0 0 0 0 0 0 5 0 0 0 25 37 30 19 0 23 27 37 55 75 61 75 0 15 39 56 26 
P1029 2035 1 32 50 0 55 50 56 32 32 0 0 0 5 5 0 0 4 0 0 0 8 0 0 4 0 5 7 16 16 17 0 10 
P1029 2035 2 0 10 0 23 0 0 0 0 0 0 0 0 15 8 0 0 0 0 0 59 0 0 80 56 23 0 62 22 -999 -999 -999 
P1029 2035 3 55 0 0 0 0 4 0 0 0 0 0 0 9 10 0 0 0 0 0 0 0 2 0 0 0 15 0 0 47 0 0 
P1029 2035 4 50 0 0 36 58 47 40 53 0 0 0 28 0 0 0 0 0 0 0 0 46 44 65 0 15 0 0 0 26 21 -999 
P1029 2035 5 21 13 0 0 0 0 28 0 0 0 0 0 0 0 0 0 0 0 0 0 0 0 0 9 0 0 0 0 0 0 0 
P1029 2035 6 0 0 0 0 0 0 0 0 0 0 0 0 0 0 0 0 0 0 0 0 0 0 0 0 0 0 0 0 0 0 -999 
P1029 2035 7 0 0 0 0 0 0 0 32 18 0 7 0 0 0 0 0 0 0 0 0 0 0 0 0 0 0 0 0 0 0 0 
P1029 2035 8 0 0 0 0 0 0 0 0 0 0 0 16 9 0 0 0 0 0 0 0 0 0 0 0 0 0 0 0 0 0 25 
P1029 2035 9 0 0 0 0 0 0 0 0 0 0 0 0 0 0 5 0 0 0 0 3 0 0 0 10 14 0 0 11 0 0 -999 
P1029 2035 10 12 8 0 4 0 0 15 0 0 0 29 0 18 21 41 8 0 0 30 67 112 62 0 0 8 0 0 0 11 13 13 
P1029 2035 11 0 34 30 0 0 0 7 0 0 0 0 0 0 2 0 0 5 0 0 0 0 0 0 0 0 0 0 0 0 0 -999 
P1029 2035 12 0 0 0 0 0 0 0 0 0 0 24 18 0 27 0 41 41 66 0 17 19 18 32 53 0 0 15 0 19 53 96 
P1029 2036 1 136 32 13 29 88 77 37 47 22 66 36 0 27 6 0 0 0 24 0 35 0 12 14 0 0 0 0 0 0 0 0 
P1029 2036 2 0 0 57 0 0 0 0 0 15 0 0 0 18 0 0 0 0 0 38 0 0 0 0 12 0 0 0 25 -999 -999 -999 
P1029 2036 3 65 28 18 44 17 0 0 0 0 0 5 0 0 0 46 23 23 43 46 17 0 21 0 0 76 78 56 31 21 0 32 
P1029 2036 4 117 0 7 30 0 0 0 0 0 0 33 0 0 0 0 7 0 0 0 0 37 0 0 0 0 0 0 0 0 0 -999 
P1029 2036 5 0 0 0 0 0 0 0 13 15 15 0 0 0 0 0 0 27 31 43 0 64 56 0 0 0 0 0 0 0 7 0 
P1029 2036 6 0 0 6 0 0 0 0 0 0 0 0 19 25 0 0 25 0 0 0 0 0 0 0 0 0 0 0 0 0 0 -999 
P1029 2036 7 0 0 0 0 0 0 0 0 0 0 0 0 0 0 0 0 0 0 0 0 0 0 0 0 0 0 0 0 0 0 0 
P1029 2036 8 0 0 0 0 0 0 0 0 0 0 0 0 0 0 0 0 0 0 0 0 0 0 0 0 0 0 0 0 0 0 0 
P1029 2036 9 0 0 0 0 0 0 0 0 0 0 0 0 0 3 0 0 0 0 0 0 0 10 0 0 0 0 0 0 0 0 -999 
P1029 2036 10 0 0 0 0 16 54 0 0 32 34 0 0 0 0 0 0 0 10 0 0 0 7 0 8 0 0 5 0 0 0 1 
P1029 2036 11 0 1 0 20 30 83 87 0 20 17 0 0 0 12 22 30 0 0 0 0 0 0 0 27 0 24 0 0 0 0 -999 
P1029 2036 12 10 0 0 0 0 0 0 0 0 19 0 64 50 30 0 0 14 0 0 0 0 13 14 11 0 0 62 37 67 156 82 
P1029 2037 1 33 24 17 0 32 61 9 24 24 0 0 29 63 71 48 140 63 42 75 24 0 0 0 0 0 0 0 0 0 7 0 
P1029 2037 2 0 0 0 0 0 0 0 35 42 0 0 0 24 0 0 0 32 0 0 55 32 17 18 15 12 0 27 15 -999 -999 -999 
P1029 2037 3 19 0 0 88 43 43 123 68 41 0 0 0 0 0 0 6 0 0 0 0 26 78 50 51 65 79 64 36 21 0 0 
P1029 2037 4 0 0 0 2 4 0 0 0 0 0 0 0 0 49 0 0 0 9 0 0 0 19 31 38 44 35 0 29 0 0 -999 
P1029 2037 5 8 0 0 0 0 93 63 0 0 6 0 0 0 0 0 0 0 0 0 0 0 0 6 0 0 0 0 0 0 0 0 
P1029 2037 6 0 0 0 0 0 0 11 0 0 0 0 0 0 0 0 0 0 0 11 0 7 0 6 0 0 0 0 0 0 0 -999 
P1029 2037 7 0 0 0 0 0 0 0 0 0 0 0 0 0 0 0 0 0 0 0 0 0 0 0 0 0 0 0 0 0 0 0 
P1029 2037 8 0 0 0 0 0 0 0 0 0 0 0 0 0 0 0 0 0 2 0 0 0 0 0 0 0 0 0 0 0 0 0 
P1029 2037 9 0 0 0 0 9 0 0 0 0 0 0 0 0 0 0 0 0 0 1 0 0 0 0 0 0 0 0 0 0 0 -999 
P1029 2037 10 0 0 0 0 0 23 0 0 0 0 0 0 0 0 0 0 0 0 0 0 0 0 6 0 9 0 2 0 0 0 0 
P1029 2037 11 35 23 0 0 0 0 0 0 0 0 0 0 0 0 0 47 0 0 0 0 6 6 19 0 0 24 30 0 54 0 -999 
P1029 2037 12 31 42 114 98 0 100 62 0 10 0 33 31 9 7 0 3 0 0 13 0 5 0 0 0 0 0 0 0 0 0 0 
P1029 2038 1 0 0 0 0 0 1 0 0 0 0 88 103 38 0 0 25 15 16 0 13 15 7 2 0 0 0 23 0 21 0 35 
P1029 2038 2 0 22 44 34 37 25 0 0 8 0 0 0 0 0 0 0 7 0 0 0 11 13 0 0 31 0 0 5 -999 -999 -999 
P1029 2038 3 0 0 26 46 0 0 0 36 26 0 20 32 37 39 0 75 55 26 0 0 32 45 40 27 0 50 33 0 19 0 0 
P1029 2038 4 0 0 33 25 0 7 16 26 12 0 0 0 0 0 0 0 0 3 0 0 0 0 0 3 0 0 0 0 0 0 -999 
P1029 2038 5 0 0 0 0 0 5 0 0 0 19 0 0 0 0 0 0 0 0 0 0 0 0 0 0 0 0 0 0 0 0 0 
P1029 2038 6 0 0 0 0 0 0 0 0 0 0 0 0 0 0 0 0 0 0 0 0 0 0 0 6 0 0 0 0 0 0 -999 
P1029 2038 7 14 0 0 0 0 0 0 0 0 0 0 3 0 0 0 0 0 0 0 0 0 0 0 0 0 0 0 0 0 0 0 
P1029 2038 8 0 0 0 0 0 0 0 0 0 0 0 0 0 0 0 0 0 0 0 0 0 0 0 11 0 0 0 0 0 0 10 
P1029 2038 9 0 0 0 0 0 0 0 0 0 6 3 0 0 0 0 9 6 0 0 0 0 0 0 0 0 0 0 0 0 0 -999 
P1029 2038 10 0 0 0 2 5 0 0 0 0 0 0 19 0 0 0 0 0 39 0 0 0 64 76 0 0 0 0 38 0 0 22 
P1029 2038 11 0 0 27 21 60 38 0 20 0 0 66 79 0 0 40 0 0 0 35 8 0 3 0 20 9 0 47 48 48 16 -999 
P1029 2038 12 14 0 0 0 12 17 23 29 27 0 0 1 0 0 7 2 0 0 0 0 0 0 6 24 0 24 53 0 64 0 11 
P1029 2039 1 26 43 62 90 85 18 0 0 4 0 23 0 74 19 31 57 52 23 48 76 0 27 23 31 67 87 206 0 7 5 11 
P1029 2039 2 0 0 10 0 0 0 0 0 0 9 0 2 0 6 9 7 11 7 0 10 29 42 0 0 27 91 53 25 -999 -999 -999 
P1029 2039 3 0 4 0 0 13 14 0 7 24 0 21 0 0 5 0 24 26 24 0 62 37 0 0 0 0 35 0 0 0 4 0 
P1029 2039 4 4 0 0 0 0 12 4 0 0 0 0 12 0 8 0 0 0 0 0 0 7 0 0 0 0 0 0 0 0 40 -999 
P1029 2039 5 26 30 38 26 20 0 0 0 0 0 0 0 0 0 0 0 0 0 7 16 0 0 0 0 19 0 29 0 0 0 0 
P1029 2039 6 0 17 14 0 0 0 0 0 0 30 0 0 0 0 12 0 28 24 12 0 0 0 0 0 0 0 0 0 0 0 -999 
P1029 2039 7 0 0 0 0 0 0 0 0 0 0 0 0 0 0 0 0 4 0 0 0 0 0 0 0 0 0 0 0 0 0 0 
P1029 2039 8 0 0 0 0 0 0 0 0 0 0 0 0 0 0 0 0 0 0 0 0 0 0 0 0 0 0 0 0 0 0 0 
P1029 2039 9 0 0 0 0 0 0 0 17 0 0 0 0 0 6 0 24 40 0 0 0 0 0 0 0 0 0 0 0 0 0 -999 
P1029 2039 10 0 0 0 0 0 0 0 0 0 26 0 0 0 0 0 0 0 20 47 67 21 25 32 36 0 7 18 42 0 0 0 
P1029 2039 11 61 0 0 0 0 0 0 0 0 13 0 0 0 0 11 0 7 12 0 31 26 16 0 0 39 0 0 55 37 26 -999 
P1029 2039 12 0 0 5 0 0 0 0 0 0 2 0 0 0 24 30 19 69 136 23 0 15 0 0 0 0 42 38 0 9 0 0 
P1029 2040 1 0 0 0 0 0 0 0 0 0 0 0 0 0 0 0 15 20 0 23 60 0 0 5 0 0 0 0 0 15 33 96 
P1029 2040 2 22 32 90 72 0 0 0 0 0 0 75 29 33 135 107 42 58 70 96 40 0 53 103 74 42 0 40 63 -999 -999 -999 
P1029 2040 3 20 0 65 0 0 0 21 0 0 14 0 0 0 0 0 0 0 16 0 0 5 0 0 0 0 0 0 0 0 25 33 
P1029 2040 4 65 0 26 0 47 31 0 0 0 9 9 0 9 0 33 0 0 0 2 0 0 0 1 0 17 13 0 0 0 0 -999 
P1029 2040 5 0 8 0 0 0 0 12 0 0 0 0 0 0 0 0 0 0 0 0 0 0 0 0 0 0 0 0 0 0 0 5 
P1029 2040 6 0 0 0 0 0 0 0 0 0 9 0 0 23 14 0 0 0 0 0 0 0 0 0 0 0 0 0 0 0 0 -999 
P1029 2040 7 0 0 0 0 0 0 0 0 0 0 0 0 0 0 0 0 0 0 0 0 0 0 0 0 0 0 0 0 0 0 0 
P1029 2040 8 0 0 0 0 0 0 0 0 0 0 0 0 0 0 0 0 0 0 0 0 0 0 11 0 0 0 0 13 0 0 0 
P1029 2040 9 0 0 0 11 0 0 0 0 0 8 14 0 17 0 0 44 0 0 0 0 19 13 0 0 7 0 0 0 0 0 -999 
P1029 2040 10 0 0 0 0 0 0 0 74 0 0 0 0 0 0 0 0 123 72 0 0 0 0 17 23 11 0 0 0 0 0 0 
P1029 2040 11 0 0 0 0 0 0 22 0 0 0 0 0 42 0 43 57 32 14 19 0 0 0 0 27 0 0 0 0 19 0 -999 
P1029 2040 12 14 7 0 0 0 0 0 11 11 10 0 0 0 0 0 0 3 3 0 0 0 0 0 0 0 0 0 0 0 0 9 
P1029 2041 1 0 0 0 59 0 59 0 14 15 0 55 23 0 3 28 115 53 5 0 0 0 5 27 0 0 28 152 25 0 122 0 
P1029 2041 2 10 13 11 0 0 0 0 30 47 57 0 44 0 0 87 76 0 12 0 19 22 0 0 0 0 0 6 0 -999 -999 -999 
P1029 2041 3 0 0 0 0 0 0 36 31 40 21 15 0 0 0 0 0 0 0 0 0 0 0 0 0 0 0 0 18 0 0 0 
P1029 2041 4 0 0 0 0 0 0 0 0 0 0 0 0 0 0 15 0 0 0 0 0 6 0 0 0 0 0 0 0 0 0 -999 
P1029 2041 5 4 0 0 0 42 34 36 0 0 0 0 0 0 0 0 0 0 0 17 7 0 0 0 0 0 0 0 0 5 0 0 
P1029 2041 6 0 0 0 0 0 0 0 0 0 8 15 0 0 0 0 0 0 0 0 0 0 3 0 0 0 0 0 0 0 0 -999 
P1029 2041 7 0 0 0 0 0 0 0 0 0 0 0 9 5 9 0 0 0 0 0 2 7 0 0 0 0 4 0 0 0 0 0 
P1029 2041 8 0 0 0 0 3 0 0 0 0 0 0 0 0 0 0 0 0 0 0 0 0 3 0 0 0 0 0 0 0 0 0 
P1029 2041 9 0 0 0 0 0 0 0 0 0 0 0 0 0 0 0 0 0 14 0 0 0 0 0 0 0 0 0 0 0 0 -999 
P1029 2041 10 0 0 0 0 0 0 0 10 0 0 0 0 10 4 0 0 0 0 14 0 13 19 0 33 0 0 0 14 0 0 0 
P1029 2041 11 39 46 0 0 0 0 0 0 1 0 0 0 0 20 0 0 0 0 0 7 0 0 0 0 35 0 0 0 23 0 -999 
P1029 2041 12 75 72 82 0 12 0 14 24 22 0 0 0 0 0 0 0 0 0 0 22 42 15 11 0 8 5 0 33 38 51 0 
P1029 2042 1 42 58 87 63 36 0 0 0 0 66 0 0 0 0 0 0 29 0 41 0 2 4 0 39 61 74 119 0 0 0 0 
P1029 2042 2 0 0 0 0 0 0 0 0 0 0 0 20 15 0 0 0 0 0 0 0 0 0 0 0 12 0 0 12 -999 -999 -999 
P1029 2042 3 0 1 0 0 0 0 4 19 0 0 0 0 0 0 0 0 0 16 20 16 44 57 68 66 0 0 0 0 0 5 0 
P1029 2042 4 0 0 0 0 0 16 16 0 0 0 0 6 0 0 0 0 38 19 10 0 11 21 30 0 0 0 0 0 11 0 -999 
P1029 2042 5 32 65 98 0 34 38 0 23 28 53 31 58 0 15 0 0 10 0 0 0 0 0 10 0 1 0 0 0 0 0 0 
P1029 2042 6 0 19 16 20 34 28 0 0 0 0 0 0 7 0 0 0 0 0 0 0 5 0 0 0 0 0 0 0 3 4 -999 
P1029 2042 7 0 0 0 0 0 0 0 0 0 0 0 0 0 0 0 0 0 0 0 0 0 0 0 0 0 0 0 0 0 0 0 
P1029 2042 8 0 0 0 0 0 2 0 0 0 0 0 0 0 0 0 0 0 0 0 0 0 0 0 0 0 0 0 0 0 0 0 
P1029 2042 9 0 0 0 0 0 0 0 0 7 0 0 0 0 0 0 0 0 0 0 1 0 0 0 0 0 0 5 0 0 0 -999 
P1029 2042 10 0 0 0 0 0 0 0 0 0 2 2 0 1 0 0 0 0 0 0 0 0 12 0 0 0 0 0 0 0 0 0 
P1029 2042 11 0 0 18 0 0 0 23 17 28 16 30 59 66 19 12 0 0 0 0 0 8 18 0 7 0 0 0 0 0 0 -999 
P1029 2042 12 21 10 0 32 87 0 33 13 0 32 112 128 0 0 0 11 8 0 36 19 9 12 8 0 2 11 49 71 163 171 68 
P1029 2043 1 0 0 0 0 0 0 3 0 0 0 17 24 13 19 0 28 52 0 0 2 0 0 0 0 0 0 0 0 0 0 0 
P1029 2043 2 0 0 0 0 0 0 0 0 0 71 0 0 0 31 73 42 0 0 2 0 0 0 14 7 0 14 0 8 -999 -999 -999 
P1029 2043 3 0 0 0 0 0 6 11 0 0 0 45 47 59 85 50 0 84 45 69 35 30 68 64 58 37 0 8 22 74 52 41 
P1029 2043 4 75 0 68 0 21 0 17 25 29 25 0 0 70 19 0 4 0 0 0 0 0 40 0 0 0 0 37 52 47 0 -999 
P1029 2043 5 19 9 0 0 0 0 0 0 0 22 0 0 0 0 0 45 61 48 48 47 20 0 0 0 0 0 0 0 0 0 0 
P1029 2043 6 0 0 0 18 0 0 0 0 0 0 0 0 0 0 4 0 0 6 0 0 0 0 0 4 0 0 0 0 0 0 -999 
P1029 2043 7 0 0 0 0 0 0 0 0 0 0 0 0 0 0 0 0 0 0 0 0 0 0 0 0 12 0 0 0 0 0 0 
P1029 2043 8 0 0 0 0 0 0 0 0 0 0 0 0 0 0 0 0 0 0 0 0 6 0 0 0 0 0 11 0 0 5 0 
P1029 2043 9 0 0 0 0 0 0 0 0 0 0 0 0 0 0 0 0 0 0 0 0 0 0 0 0 0 0 0 0 0 0 -999 
P1029 2043 10 0 0 0 0 0 0 0 0 0 0 0 0 18 12 8 0 0 0 0 0 8 7 7 3 0 0 0 0 0 6 4 
P1029 2043 11 0 7 12 0 169 0 0 2 0 1 0 0 0 0 0 0 0 0 50 0 55 38 17 0 71 86 97 0 0 6 -999 
P1029 2043 12 2 0 35 46 45 0 0 0 0 0 0 0 0 0 0 0 0 15 0 0 7 0 6 0 0 0 0 1 0 0 0 
P1029 2044 1 0 0 0 0 0 8 0 0 20 39 127 0 25 25 0 20 0 144 65 0 0 20 0 61 0 80 0 20 0 0 0 
P1029 2044 2 0 0 41 0 15 5 0 0 0 0 0 8 0 0 0 30 0 0 0 0 0 0 0 0 0 0 0 0 -999 -999 -999 
P1029 2044 3 24 0 0 0 9 0 0 0 0 0 0 0 0 0 15 0 0 0 0 0 0 0 0 0 0 0 0 56 30 22 26 
P1029 2044 4 37 54 49 38 0 0 0 0 49 0 0 0 0 0 0 0 0 0 0 0 0 0 9 0 0 0 14 0 18 16 -999 
P1029 2044 5 10 0 0 0 25 40 0 46 0 49 44 0 0 0 12 9 0 0 12 19 28 0 0 0 0 0 0 0 0 0 0 
P1029 2044 6 0 0 7 11 0 0 0 0 0 0 0 0 0 9 14 0 0 0 0 0 16 16 0 0 0 0 0 0 13 0 -999 
P1029 2044 7 0 0 0 0 0 0 0 0 0 0 0 0 0 0 0 0 0 0 0 0 0 0 0 0 0 0 0 0 0 0 0 
P1029 2044 8 0 0 10 0 0 0 0 0 0 0 0 0 0 0 0 0 0 0 0 0 0 0 0 0 0 0 0 0 0 0 0 
P1029 2044 9 0 0 0 0 0 0 0 0 0 0 0 0 0 0 0 0 21 0 13 0 0 0 0 0 0 0 0 0 6 4 -999 
P1029 2044 10 0 0 0 0 0 0 0 0 0 14 0 10 0 0 12 0 0 11 0 57 0 0 33 75 63 0 0 0 0 0 6 
P1029 2044 11 0 0 0 0 25 9 9 0 0 0 35 0 76 0 34 31 22 15 0 22 65 11 0 0 0 12 18 0 0 0 -999 
P1029 2044 12 4 0 0 0 0 0 0 0 0 0 0 0 0 0 0 0 22 28 40 84 0 28 32 14 23 41 0 0 12 26 28 
P1029 2045 1 0 32 33 0 58 13 53 59 122 51 48 44 0 0 0 0 0 0 7 0 5 0 0 0 0 0 0 16 0 0 0 
P1029 2045 2 0 29 17 16 31 0 15 2 11 0 52 53 26 0 0 0 0 0 0 41 0 40 19 0 142 188 279 147 -999 -999 -999 
P1029 2045 3 12 18 31 27 0 0 12 35 46 46 0 49 54 56 0 8 21 0 18 0 0 4 0 0 0 0 0 0 0 0 0 
P1029 2045 4 0 0 0 0 17 0 0 0 0 0 0 0 0 33 46 0 6 0 5 0 0 0 0 0 0 0 0 0 12 0 -999 
P1029 2045 5 0 0 11 25 9 0 0 0 0 0 0 0 0 0 0 0 0 8 0 0 25 0 35 0 0 8 17 65 77 41 20 
P1029 2045 6 0 9 0 0 0 0 0 0 0 0 0 0 0 42 0 19 0 7 0 0 0 0 4 0 0 0 0 0 0 0 -999 
P1029 2045 7 0 0 0 0 0 0 0 0 0 0 0 0 0 0 0 0 0 0 0 0 0 0 0 0 0 14 0 0 0 0 0 
P1029 2045 8 0 0 0 0 0 0 0 0 0 0 0 0 0 0 0 0 0 0 0 0 15 4 0 0 0 8 0 0 0 0 0 
P1029 2045 9 0 0 0 8 0 0 0 0 0 0 0 0 0 0 0 0 0 0 0 0 0 0 0 10 0 0 0 0 0 0 -999 
P1029 2045 10 0 0 0 0 0 0 0 0 15 0 0 0 0 7 2 0 0 0 18 19 18 0 0 0 0 0 0 0 0 0 0 
P1029 2045 11 0 0 33 0 0 0 0 0 0 0 0 0 0 0 0 0 0 50 0 6 0 9 12 11 0 0 0 0 12 7 -999 
P1029 2045 12 0 0 0 0 0 0 0 0 0 0 24 0 0 0 0 0 0 0 0 0 0 0 0 52 20 0 0 0 0 13 10 
P1029 2046 1 0 8 0 0 0 20 0 13 0 16 0 0 0 0 0 0 0 146 136 203 78 51 58 50 42 67 52 29 50 50 90 
P1029 2046 2 22 16 0 0 7 0 0 0 0 14 14 15 23 13 32 93 201 137 0 0 0 0 0 0 0 0 47 39 -999 -999 -999 
P1029 2046 3 0 0 37 24 0 0 0 0 0 0 0 3 0 0 16 0 16 0 0 0 0 0 0 0 0 46 0 0 0 0 0 
P1029 2046 4 40 12 0 0 8 0 0 0 68 42 0 0 0 66 69 0 0 0 0 17 0 0 35 44 39 0 26 19 0 20 -999 
P1029 2046 5 0 0 0 0 0 0 0 0 0 0 0 19 18 0 0 4 6 8 21 0 0 21 43 0 43 22 9 0 0 16 0 
P1029 2046 6 0 0 0 0 43 15 0 4 0 0 0 0 0 0 0 0 0 0 0 0 0 0 0 0 0 0 0 0 0 0 -999 
P1029 2046 7 0 0 0 0 0 0 0 0 0 0 0 0 0 0 0 0 0 0 0 0 0 0 0 0 0 0 0 0 0 0 0 
P1029 2046 8 0 0 0 0 0 0 0 0 0 0 0 0 0 0 0 0 0 0 0 0 0 0 0 0 0 0 0 0 0 0 0 
P1029 2046 9 0 0 0 0 0 0 0 0 0 0 0 0 0 0 0 0 7 0 0 0 0 0 0 0 7 0 0 0 0 0 -999 
P1029 2046 10 0 0 0 5 0 5 7 8 0 27 0 3 0 0 0 0 0 0 0 0 6 29 0 9 0 0 0 0 0 0 0 
P1029 2046 11 0 0 0 24 0 8 6 0 0 0 0 0 0 0 0 0 0 15 0 0 14 0 0 14 6 0 0 0 0 0 -999 
P1029 2046 12 0 10 0 0 0 0 0 0 0 15 0 0 0 40 0 0 30 0 27 0 0 0 10 0 0 21 0 0 12 8 0 
P1029 2047 1 20 31 126 58 49 28 0 13 18 22 19 0 0 0 0 0 0 0 4 6 10 0 0 0 0 0 0 22 0 0 23 
P1029 2047 2 0 0 10 0 0 0 0 0 0 0 13 0 0 25 17 0 0 0 47 68 0 36 47 49 40 0 0 6 -999 -999 -999 
P1029 2047 3 0 0 16 12 0 23 18 0 0 31 0 0 61 0 23 26 25 19 0 9 0 0 0 0 13 0 0 0 0 20 0 
P1029 2047 4 0 0 0 0 14 17 0 0 0 0 0 0 11 0 0 9 8 0 0 0 0 0 0 0 0 0 0 0 0 9 -999 
P1029 2047 5 0 0 0 11 0 0 0 0 0 0 0 18 0 42 44 40 21 0 18 15 15 0 0 0 0 5 0 0 0 0 0 
P1029 2047 6 0 0 0 0 0 0 0 0 0 0 0 0 0 0 0 0 0 0 0 0 0 0 0 0 0 0 0 0 0 0 -999 
P1029 2047 7 0 0 0 0 0 0 0 0 0 0 0 0 0 0 0 0 0 0 0 0 0 0 0 0 0 0 0 0 0 0 0 
P1029 2047 8 0 0 0 0 0 0 0 0 0 0 0 10 0 0 0 0 0 0 0 0 0 0 0 0 1 0 0 14 0 0 0 
P1029 2047 9 7 0 0 0 9 0 0 0 0 0 11 0 0 0 0 0 0 0 0 0 0 0 0 0 0 12 9 10 0 0 -999 
P1029 2047 10 0 30 29 59 0 0 0 0 11 6 0 0 0 0 7 0 0 0 0 0 9 0 0 0 31 0 39 30 0 0 0 
P1029 2047 11 0 0 0 0 4 3 0 8 7 0 0 0 0 0 0 17 28 42 51 18 0 0 0 0 0 7 10 20 11 16 -999 
P1029 2047 12 0 41 0 75 167 231 270 64 0 8 0 0 0 32 113 0 26 49 96 43 17 31 25 24 0 20 0 0 0 10 0 
P1029 2048 1 0 0 0 0 0 0 0 0 0 0 0 0 2 0 0 0 0 0 0 0 18 23 0 6 0 71 42 0 0 0 0 
P1029 2048 2 0 24 22 19 14 18 36 52 13 29 0 0 3 13 19 0 37 62 8 0 13 0 0 0 0 13 0 0 -999 -999 -999 
P1029 2048 3 0 0 0 0 0 0 0 0 0 0 0 0 0 0 0 0 0 47 50 36 0 28 21 14 18 0 0 39 0 0 0 
P1029 2048 4 4 0 0 0 45 0 53 27 0 0 42 54 0 20 8 38 74 73 110 89 32 19 16 10 0 16 13 0 14 0 -999 
P1029 2048 5 0 0 0 0 9 0 0 0 0 0 0 0 0 0 0 0 0 0 0 0 0 23 18 0 0 0 0 46 18 3 0 
P1029 2048 6 0 0 18 0 0 7 0 3 3 4 0 0 3 0 0 0 0 0 0 0 0 0 0 0 0 0 0 0 0 0 -999 
P1029 2048 7 0 0 0 0 7 0 0 0 4 0 0 0 0 0 0 0 0 0 0 0 0 0 0 0 0 0 0 0 0 0 0 
P1029 2048 8 0 0 0 0 0 0 0 0 0 0 0 0 0 9 0 0 0 0 0 0 0 0 9 0 0 0 0 0 0 0 0 
P1029 2048 9 0 0 0 0 0 0 0 0 0 0 0 5 10 11 10 0 12 0 0 2 0 0 0 0 0 0 0 8 0 0 -999 
P1029 2048 10 0 0 0 0 0 0 0 0 3 0 0 0 17 0 0 29 0 0 0 0 6 0 16 0 9 7 0 0 0 0 0 
P1029 2048 11 17 20 0 0 0 0 36 0 0 8 16 0 0 0 0 20 0 6 1 0 0 0 0 0 0 0 0 0 134 80 -999 
P1029 2048 12 58 87 90 18 0 0 0 0 0 0 6 8 16 38 0 0 0 51 34 71 0 16 0 0 0 0 0 4 0 3 0 
P1029 2049 1 0 19 0 6 0 0 13 0 0 22 0 15 0 0 0 0 0 4 0 0 0 0 0 0 14 0 11 0 9 0 0 
P1029 2049 2 0 0 0 0 0 36 71 98 46 72 75 216 150 115 82 149 51 98 52 101 89 44 116 117 75 78 50 30 -999 -999 -999 
P1029 2049 3 37 89 94 129 58 0 0 0 75 77 0 0 0 40 0 8 33 0 0 0 9 0 0 0 0 0 0 3 0 0 0 
P1029 2049 4 25 16 0 0 20 8 4 1 0 1 0 0 0 0 0 0 0 0 0 0 11 0 0 0 0 0 0 0 0 0 -999 
P1029 2049 5 8 0 0 0 0 0 0 0 0 0 0 0 0 0 0 0 0 34 0 0 22 9 0 0 10 0 0 0 15 0 0 
P1029 2049 6 0 0 0 0 0 0 0 0 0 0 0 0 0 0 0 0 0 0 9 0 12 0 7 0 0 0 0 0 0 0 -999 
P1029 2049 7 0 0 0 0 0 17 9 0 0 0 0 0 0 0 0 0 0 0 0 0 0 0 0 0 0 0 0 0 0 0 0 
P1029 2049 8 0 0 0 0 0 0 0 0 0 0 0 0 0 0 0 0 0 0 0 0 0 0 0 0 0 0 0 0 0 0 0 
P1029 2049 9 0 0 0 0 0 0 0 3 0 0 0 0 0 0 0 0 0 0 0 6 0 0 0 0 0 0 0 0 0 0 -999 
P1029 2049 10 0 0 0 0 0 0 0 7 0 0 0 0 0 0 28 23 13 11 9 0 0 0 0 20 0 18 0 13 6 3 2 
P1029 2049 11 0 27 12 8 0 32 73 104 47 0 0 0 0 0 0 0 5 0 0 0 0 0 0 0 0 0 0 44 68 0 -999 
P1029 2049 12 19 0 0 0 0 6 0 0 11 0 6 0 10 0 119 41 0 0 0 0 0 17 29 24 0 16 9 0 5 0 0 
P1029 2050 1 0 0 12 0 0 10 0 0 3 20 57 75 103 59 74 91 146 50 0 0 2 17 0 0 0 0 8 0 0 8 10 
P1029 2050 2 6 8 37 0 0 0 0 39 67 22 0 0 0 0 0 0 0 0 0 0 2 0 0 0 6 11 0 0 -999 -999 -999 
P1029 2050 3 14 27 9 0 0 0 0 0 0 0 0 0 0 33 18 0 17 0 0 0 0 25 52 57 58 27 12 40 0 0 0 
P1029 2050 4 0 0 0 0 0 0 0 0 12 14 61 61 0 0 0 22 34 0 0 0 22 48 0 34 0 0 21 0 10 0 -999 
P1029 2050 5 0 50 0 21 21 0 19 0 0 23 16 0 9 0 0 0 0 0 0 0 0 8 12 0 0 0 24 0 7 0 0 
P1029 2050 6 0 0 0 0 0 0 0 0 0 0 0 0 0 0 0 0 0 0 0 0 0 0 0 0 0 0 22 6 0 0 -999 
P1029 2050 7 0 0 0 0 0 0 6 0 0 0 0 0 0 0 0 0 0 0 0 0 0 0 0 0 0 0 0 0 0 0 0 
P1029 2050 8 0 5 4 0 0 0 0 0 0 0 0 0 0 0 0 0 0 0 0 0 0 0 0 0 0 0 0 0 0 0 0 
P1029 2050 9 0 0 0 0 0 0 0 0 0 0 0 0 13 0 0 0 0 0 0 0 0 0 0 0 0 0 0 0 23 0 -999 
P1029 2050 10 0 0 0 0 0 0 0 0 0 0 0 0 0 0 0 32 0 0 0 22 0 0 0 0 0 7 27 21 21 51 0 
P1029 2050 11 0 0 0 0 0 0 0 0 0 3 5 0 0 0 20 0 0 0 0 6 5 12 26 19 0 5 21 14 0 8 -999 
P1029 2050 12 0 14 0 0 9 15 0 34 73 50 0 50 114 77 43 16 0 42 0 14 0 0 0 0 0 0 0 0 0 0 15 
P1029 2051 1 0 24 0 0 18 0 0 0 0 19 17 38 66 31 0 11 13 0 0 2 5 0 4 0 0 0 5 0 0 29 44 
P1029 2051 2 77 123 0 85 0 0 30 22 0 0 11 0 0 0 0 0 0 26 55 42 30 73 80 36 0 52 56 0 -999 -999 -999 
P1029 2051 3 0 0 81 62 62 30 0 0 40 0 0 39 47 44 0 50 28 0 0 0 28 36 0 23 0 0 0 0 0 0 25 
P1029 2051 4 0 0 0 13 0 0 47 28 82 11 0 10 11 42 65 0 0 0 0 0 0 0 0 0 0 0 0 0 0 2 -999 
P1029 2051 5 0 26 26 0 0 0 0 0 15 6 4 0 0 0 0 0 0 0 0 0 0 0 0 0 0 0 0 0 0 0 0 
P1029 2051 6 0 0 11 0 9 0 7 12 24 0 0 0 8 0 0 0 0 0 0 0 0 0 0 0 0 0 0 0 0 0 -999 
P1029 2051 7 0 0 0 0 0 0 0 0 0 0 0 0 0 0 0 0 0 0 0 0 0 0 0 0 0 0 0 0 0 12 0 
P1029 2051 8 0 0 0 0 0 0 0 0 0 0 0 0 0 0 0 0 0 0 0 0 0 0 0 0 0 0 0 0 0 0 0 
P1029 2051 9 0 0 0 0 0 0 0 0 0 0 0 0 0 0 0 0 0 0 24 0 0 0 0 0 0 0 0 0 0 0 -999 
P1029 2051 10 0 0 0 0 0 0 0 21 0 0 0 0 0 13 23 19 0 0 0 0 0 10 0 0 0 0 73 71 59 0 0 
P1029 2051 11 0 0 0 32 0 0 0 0 0 0 0 0 41 19 0 0 0 79 93 18 25 44 54 29 29 38 0 20 0 34 -999 
P1029 2051 12 4 0 0 0 0 75 57 0 0 0 0 0 57 58 61 84 0 0 106 87 107 0 0 7 0 0 0 8 0 0 0 
P1029 2052 1 0 15 0 0 3 0 0 0 0 4 0 0 0 0 0 0 0 0 0 0 0 0 0 7 12 0 3 0 0 0 3 
P1029 2052 2 0 0 0 0 0 0 0 0 0 0 33 50 44 0 0 14 0 56 37 0 26 0 14 34 60 0 8 0 -999 -999 -999 
P1029 2052 3 9 0 13 0 0 0 0 0 5 9 0 0 33 50 47 41 40 23 0 0 67 43 31 0 25 27 19 0 0 0 1 
P1029 2052 4 0 0 0 0 0 0 0 0 0 0 0 0 0 0 0 0 0 0 0 0 0 0 0 0 0 0 0 0 0 0 -999 
P1029 2052 5 0 0 0 0 0 0 26 0 12 12 0 0 0 0 0 0 0 8 0 0 0 0 0 0 0 9 0 0 0 0 0 
P1029 2052 6 0 0 10 0 8 4 0 0 0 0 0 0 0 0 15 26 12 0 0 0 0 0 0 0 0 0 0 0 0 0 -999 
P1029 2052 7 0 0 0 0 0 0 0 0 0 0 0 0 0 0 0 0 0 0 0 0 0 0 0 0 7 0 0 0 0 0 0 
P1029 2052 8 0 0 0 0 0 0 0 0 0 0 0 0 0 0 0 0 0 0 0 0 0 0 6 0 0 0 0 0 0 0 0 
P1029 2052 9 0 0 0 0 10 0 0 0 0 0 0 0 3 0 0 7 0 0 19 0 0 6 0 0 0 0 0 0 0 0 -999 
P1029 2052 10 0 9 0 0 0 0 8 0 0 0 0 0 0 0 0 0 0 0 0 0 0 0 0 0 0 0 0 0 0 0 0 
P1029 2052 11 0 0 0 0 0 0 0 0 4 0 0 0 0 10 6 0 0 0 0 0 0 24 24 43 68 74 44 0 11 25 -999 
P1029 2052 12 32 0 0 11 12 4 0 0 31 0 0 0 40 0 9 0 19 0 32 0 0 0 26 0 0 0 0 0 0 22 11 
P1029 2053 1 0 0 0 0 0 0 0 0 0 0 13 25 0 0 33 0 0 0 0 0 0 0 0 3 0 0 0 0 0 0 0 
P1029 2053 2 0 0 30 0 45 65 56 23 18 5 6 0 2 5 0 0 16 0 4 0 0 0 0 0 0 0 79 44 -999 -999 -999 
P1029 2053 3 46 0 0 0 0 0 2 0 0 0 13 0 0 0 0 0 0 0 28 17 0 0 0 0 4 0 0 0 44 54 0 
P1029 2053 4 0 0 0 0 0 52 75 27 0 24 32 23 6 0 0 0 0 0 0 0 0 0 0 0 0 0 0 0 0 0 -999 
P1029 2053 5 0 16 67 77 0 86 58 0 0 0 0 0 0 0 0 0 0 0 0 29 25 0 28 20 0 0 0 0 0 0 11 
P1029 2053 6 0 0 0 0 0 0 0 0 18 0 0 0 0 0 0 0 0 0 0 0 0 0 0 0 0 0 0 0 0 0 -999 
P1029 2053 7 0 0 0 0 0 0 0 0 0 0 0 0 0 0 0 0 0 0 0 0 0 0 0 0 0 0 0 0 0 0 0 
P1029 2053 8 0 0 0 0 0 0 0 0 0 0 4 0 0 0 0 0 0 0 0 21 0 2 0 0 0 0 0 0 0 0 0 
P1029 2053 9 0 0 0 0 0 0 0 17 0 0 0 0 0 0 0 0 11 0 0 0 0 5 0 0 1 0 0 0 0 0 -999 
P1029 2053 10 0 6 0 0 0 0 0 7 2 0 0 0 0 0 0 0 0 0 3 0 10 0 0 11 0 24 0 0 0 11 7 
P1029 2053 11 0 0 47 0 16 0 6 23 66 121 0 21 13 16 35 45 0 0 4 11 0 16 12 8 0 12 12 9 15 9 -999 
P1029 2053 12 1 0 5 0 0 0 1 0 0 0 0 0 0 0 0 19 0 1 3 0 0 0 14 22 54 37 20 28 63 30 65 
P1029 2054 1 42 45 125 49 95 58 22 24 42 51 0 75 59 94 34 71 27 11 14 0 0 0 0 0 0 0 46 127 56 19 27 
P1029 2054 2 38 115 75 24 6 0 37 18 6 0 0 31 21 0 6 10 0 0 0 0 0 0 0 0 0 0 0 0 -999 -999 -999 
P1029 2054 3 0 0 0 0 0 7 0 0 0 0 0 0 0 0 0 0 4 9 0 7 10 20 28 7 6 0 0 0 0 16 14 
P1029 2054 4 10 16 15 0 61 62 82 35 30 0 0 0 0 0 22 0 10 11 11 0 0 0 0 0 0 0 0 0 0 0 -999 
P1029 2054 5 38 18 12 0 0 0 6 0 0 16 13 0 0 0 29 0 0 6 0 0 25 26 0 47 43 22 22 25 19 0 0 
P1029 2054 6 0 0 0 0 0 12 0 0 0 0 0 0 0 0 0 0 0 0 0 0 0 0 0 0 0 0 0 0 0 0 -999 
P1029 2054 7 0 0 0 0 0 0 0 0 0 0 0 0 0 0 0 0 0 0 0 0 0 0 0 0 0 0 0 0 0 0 0 
P1029 2054 8 6 0 0 0 0 0 0 0 0 0 0 0 0 0 0 9 0 0 7 0 0 0 0 0 0 17 0 0 0 0 0 
P1029 2054 9 0 0 0 0 6 0 0 0 0 0 0 0 17 7 0 9 0 4 2 0 0 18 0 0 0 2 0 0 15 33 -999 
P1029 2054 10 0 17 0 17 0 0 7 0 0 0 0 0 0 0 50 16 24 21 0 0 0 10 0 0 32 52 0 0 18 0 14 
P1029 2054 11 41 8 0 0 0 15 22 0 76 68 40 0 26 77 183 27 0 16 0 0 0 25 0 0 0 11 35 0 0 9 -999 
P1029 2054 12 0 0 0 0 0 0 0 0 0 0 0 63 34 14 6 0 0 0 0 0 0 0 18 28 36 35 46 58 67 59 72 
P1029 2055 1 10 0 18 24 0 0 0 14 15 40 43 20 18 13 0 0 33 127 64 0 0 0 0 0 0 0 5 7 0 0 0 
P1029 2055 2 0 0 23 38 0 56 90 15 5 0 0 0 1 0 0 0 2 0 0 0 0 0 0 0 0 0 31 0 -999 -999 -999 
P1029 2055 3 31 38 0 42 0 0 0 40 34 27 0 65 16 5 0 20 23 17 0 0 0 0 0 21 0 5 7 0 0 0 0 
P1029 2055 4 5 0 0 0 0 5 0 0 0 0 40 0 6 0 0 0 0 0 0 0 0 18 4 0 0 9 0 0 2 0 -999 
P1029 2055 5 4 1 1 0 0 0 0 0 0 0 63 0 0 0 0 0 0 0 0 11 0 11 0 0 25 0 0 0 0 0 0 
P1029 2055 6 0 0 0 0 0 0 0 0 0 0 0 0 0 0 0 0 0 0 0 0 0 0 0 0 0 0 0 0 0 0 -999 
P1029 2055 7 0 0 0 0 0 0 0 0 0 0 0 0 0 0 0 0 0 0 0 0 0 0 0 0 0 0 0 0 0 0 0 
P1029 2055 8 0 0 0 0 0 0 0 0 0 0 0 0 0 0 0 0 0 0 0 0 0 4 0 0 0 0 0 0 0 0 0 
P1029 2055 9 0 0 0 0 0 0 0 0 0 0 0 0 0 0 0 0 0 0 0 0 0 0 0 0 0 0 0 0 0 0 -999 
P1029 2055 10 21 0 17 26 0 0 0 5 0 15 0 15 0 0 42 66 87 14 0 7 1 0 0 0 0 0 11 0 0 0 0 
P1029 2055 11 8 0 6 11 13 0 39 0 20 8 28 13 0 10 0 0 0 0 0 0 0 0 0 5 0 12 0 25 52 22 -999 
P1029 2055 12 11 4 14 10 19 12 9 15 0 0 0 29 32 16 0 4 0 0 0 0 0 9 0 0 2 0 0 24 30 46 34 
P1029 2056 1 36 32 0 57 51 34 42 35 27 44 22 4 15 12 0 0 0 0 0 11 0 0 0 26 32 45 92 0 0 0 0 
P1029 2056 2 0 0 14 21 99 0 86 23 36 0 80 42 24 84 79 0 23 0 55 93 94 0 0 47 0 0 0 0 -999 -999 -999 
P1029 2056 3 19 0 9 27 49 80 71 46 31 90 115 53 87 99 35 11 35 0 76 74 13 13 50 0 0 32 71 85 48 26 5 
P1029 2056 4 0 0 22 7 0 0 0 0 0 23 0 0 9 0 0 0 0 13 16 0 2 0 13 0 0 0 0 0 0 0 -999 
P1029 2056 5 0 0 0 0 0 0 0 0 0 28 0 20 0 0 0 0 0 0 7 0 0 0 0 0 0 0 0 0 0 0 46 
P1029 2056 6 0 0 8 0 0 0 0 0 0 0 0 0 0 0 0 0 0 0 0 0 0 0 0 0 0 7 0 0 0 0 -999 
P1029 2056 7 0 0 0 0 0 10 0 0 0 0 0 0 0 0 0 0 0 0 0 0 0 0 0 0 0 0 0 0 0 0 0 
P1029 2056 8 0 0 0 0 0 0 0 0 0 0 0 0 0 0 0 0 0 0 0 0 0 0 0 0 0 0 0 15 0 0 0 
P1029 2056 9 0 0 0 0 0 0 18 10 6 0 11 0 0 0 0 0 0 0 0 0 0 0 0 0 0 0 0 0 0 0 -999 
P1029 2056 10 18 0 4 0 0 0 0 0 0 0 0 0 0 0 0 0 0 12 0 0 0 8 0 35 94 94 0 0 0 1 0 
P1029 2056 11 0 16 0 17 18 32 35 50 59 0 38 29 21 21 34 15 4 1 2 0 3 0 0 0 0 0 0 0 0 0 -999 
P1029 2056 12 0 0 0 0 0 0 0 0 0 0 0 0 0 0 0 0 0 47 0 9 8 4 0 0 0 0 0 0 12 0 47 
P1029 2057 1 51 69 41 0 63 36 38 0 35 48 47 0 0 0 0 0 53 60 0 0 0 3 0 0 0 0 0 119 43 18 49 
P1029 2057 2 5 0 0 19 27 12 13 0 0 0 0 0 0 0 0 9 0 0 0 0 0 0 2 26 93 0 103 0 -999 -999 -999 
P1029 2057 3 0 21 10 0 3 2 0 0 0 0 3 0 0 0 27 0 90 112 83 0 6 1 0 0 0 0 0 27 37 0 0 
P1029 2057 4 0 46 34 0 0 0 10 0 0 0 0 41 0 0 45 0 53 56 0 0 14 45 51 0 0 0 0 0 0 0 -999 
P1029 2057 5 0 0 0 0 15 19 0 0 26 0 0 4 1 0 0 0 0 0 0 0 0 0 9 0 0 0 13 0 0 0 0 
P1029 2057 6 0 0 0 0 0 0 0 0 0 0 7 0 0 0 0 0 0 0 0 0 0 0 0 0 0 0 0 0 0 0 -999 
P1029 2057 7 0 0 0 8 0 0 0 0 0 0 0 0 0 0 0 0 0 0 0 0 0 0 0 0 0 5 0 0 0 0 0 
P1029 2057 8 0 0 0 0 0 0 0 0 0 12 7 0 0 0 0 0 0 0 0 0 0 0 0 0 0 0 0 0 0 0 0 
P1029 2057 9 0 0 0 3 0 0 0 0 12 0 0 0 0 0 0 0 21 0 0 0 0 0 0 0 0 11 0 3 11 0 -999 
P1029 2057 10 10 0 0 25 0 0 0 0 18 0 0 0 0 12 5 0 6 0 0 0 0 20 15 34 34 0 45 57 17 0 0 
P1029 2057 11 0 0 0 0 0 0 0 14 35 36 57 75 113 35 0 10 12 17 49 19 19 0 0 0 0 32 0 55 18 64 -999 
P1029 2057 12 31 32 28 0 8 0 8 0 0 0 0 0 0 0 0 0 20 0 61 26 37 42 121 93 30 0 0 20 0 0 0 
P1029 2058 1 0 0 0 4 0 1 3 0 18 19 36 136 78 63 103 157 42 45 13 0 0 0 0 0 0 1 0 39 111 105 49 
P1029 2058 2 16 12 13 0 46 22 21 24 16 0 28 63 0 0 0 0 8 0 0 0 0 0 0 0 0 0 5 0 -999 -999 -999 
P1029 2058 3 0 0 0 28 0 0 0 0 0 12 0 0 3 0 0 25 0 0 0 0 0 0 0 0 0 0 0 0 0 0 30 
P1029 2058 4 74 21 4 3 7 0 0 19 21 19 0 0 0 82 0 0 0 17 0 0 0 8 14 15 26 15 0 0 11 12 -999 
P1029 2058 5 0 0 0 0 0 0 14 6 6 0 0 30 41 0 0 15 19 11 0 0 0 32 0 42 0 0 0 0 0 0 0 
P1029 2058 6 0 0 0 0 0 0 15 0 22 14 0 0 0 0 2 12 0 22 0 0 0 12 0 0 3 0 0 0 0 0 -999 
P1029 2058 7 0 0 0 0 0 0 0 0 0 0 0 0 0 0 0 0 0 0 0 0 0 0 0 0 0 0 0 0 0 0 0 
P1029 2058 8 0 6 0 0 0 4 0 0 0 0 0 0 0 0 0 0 0 0 0 7 0 0 0 2 0 0 0 0 0 0 0 
P1029 2058 9 0 0 0 0 0 0 0 0 0 17 10 10 0 0 0 0 0 0 0 0 0 0 6 0 2 0 0 0 0 0 -999 
P1029 2058 10 3 0 0 106 79 0 0 0 0 0 0 0 0 0 0 0 0 0 0 0 0 0 25 13 0 0 0 0 0 0 0 
P1029 2058 11 0 0 0 0 0 0 0 0 0 0 39 4 5 9 0 1 1 0 0 0 9 0 0 0 0 0 0 0 0 0 -999 
P1029 2058 12 32 24 18 16 13 11 0 0 0 0 0 0 0 0 0 0 0 0 0 0 0 0 0 0 2 2 1 1 0 0 0 
P1029 2059 1 0 0 0 0 0 8 13 18 6 0 0 0 0 14 0 34 32 5 0 0 0 0 0 0 0 3 0 0 0 0 0 
P1029 2059 2 0 0 0 0 0 0 0 0 0 0 0 23 37 0 0 0 0 0 0 0 0 0 11 10 0 0 0 0 -999 -999 -999 
P1029 2059 3 0 0 0 0 0 0 0 0 0 0 0 0 0 0 0 0 0 24 0 0 0 0 0 0 0 42 0 71 79 79 0 
P1029 2059 4 0 0 0 11 0 25 0 84 70 35 57 0 29 0 0 26 27 0 0 0 16 28 34 44 0 0 0 0 0 0 -999 
P1029 2059 5 0 0 0 0 0 0 0 0 0 0 0 0 0 12 0 17 27 22 0 0 0 0 0 0 30 21 0 9 0 0 34 
P1029 2059 6 0 0 0 0 0 10 13 10 0 0 0 0 0 0 0 0 0 0 0 0 0 0 0 0 0 0 0 0 0 0 -999 
P1029 2059 7 0 0 0 0 0 0 0 7 0 0 0 0 0 0 0 0 0 0 0 0 0 0 0 0 0 0 0 0 0 0 0 
P1029 2059 8 0 0 0 0 0 0 0 0 0 0 0 0 0 0 0 0 0 0 0 0 0 0 0 0 0 0 0 0 0 0 0 
P1029 2059 9 0 0 0 0 0 0 0 0 0 0 0 2 0 0 0 0 0 0 0 0 0 0 0 0 0 0 0 0 0 0 -999 
P1029 2059 10 0 0 8 0 13 0 33 0 7 4 0 0 0 0 0 0 12 0 0 16 6 0 0 0 0 35 85 0 0 0 30 
P1029 2059 11 23 0 45 44 32 0 0 9 0 0 3 0 0 0 0 0 0 0 0 0 5 0 0 0 9 0 0 0 0 0 -999 
P1029 2059 12 0 10 25 27 0 23 0 0 38 51 16 56 14 0 0 0 0 0 0 0 0 0 16 23 53 82 72 50 54 0 0 
P1029 2060 1 17 23 30 37 0 21 0 49 0 35 91 106 77 60 37 29 0 17 0 0 0 0 0 0 0 0 6 0 0 0 22 
P1029 2060 2 31 0 0 0 9 0 0 11 0 0 12 0 0 0 0 0 0 17 30 0 0 0 0 0 0 0 0 16 -999 -999 -999 
P1029 2060 3 10 0 11 0 0 3 37 0 0 25 0 0 0 4 0 15 0 0 0 0 0 0 103 33 0 31 0 0 0 0 3 
P1029 2060 4 13 10 20 0 0 14 0 29 35 27 0 0 0 37 65 0 0 7 0 15 0 0 0 0 0 0 0 0 0 0 -999 
P1029 2060 5 3 0 0 21 23 15 0 0 0 0 0 0 0 0 13 0 0 0 0 0 0 0 0 0 0 0 0 0 0 0 0 
P1029 2060 6 0 0 0 0 0 0 0 0 0 0 0 0 0 0 0 0 0 0 0 0 0 0 0 0 0 0 0 0 0 0 -999 
P1029 2060 7 0 6 0 0 0 0 0 0 0 0 0 0 0 0 0 0 0 0 0 0 0 0 9 0 0 0 0 0 0 0 0 
P1029 2060 8 0 0 0 0 0 0 0 0 0 0 0 0 0 0 0 0 0 0 0 0 0 0 0 0 0 0 0 0 0 0 0 
P1029 2060 9 0 0 0 0 0 4 0 0 0 0 0 0 0 0 0 0 0 0 0 0 0 0 0 0 0 23 0 0 0 0 -999 
P1029 2060 10 0 0 0 5 1 0 0 0 0 0 0 0 0 0 0 0 0 0 0 0 0 0 8 0 0 12 0 0 0 30 0 
P1029 2060 11 0 0 0 0 34 0 46 0 55 30 20 44 0 0 0 0 100 80 112 50 0 0 0 22 0 0 0 40 0 25 -999 
P1029 2060 12 0 0 0 14 0 94 0 0 0 0 0 0 1 0 0 0 27 0 0 15 0 14 17 0 0 24 0 0 53 0 0 
P1029 2061 1 8 20 25 14 19 0 59 0 0 3 7 0 4 0 0 0 0 0 0 0 25 20 0 0 14 0 0 0 0 0 15 
P1029 2061 2 24 36 0 0 0 0 0 0 0 38 61 0 17 0 0 0 0 9 7 13 0 0 0 0 0 0 0 0 -999 -999 -999 
P1029 2061 3 48 15 0 0 0 0 0 0 31 11 0 0 0 0 48 54 90 52 0 26 0 31 46 77 108 6 0 0 1 0 8 
P1029 2061 4 16 51 0 38 0 0 0 21 0 0 0 10 0 0 0 0 0 0 0 0 0 0 0 0 0 0 0 0 0 0 -999 
P1029 2061 5 0 0 0 0 0 9 0 0 0 0 0 0 0 0 0 23 0 0 5 0 0 0 0 0 0 0 0 0 0 0 0 
P1029 2061 6 0 0 0 0 0 0 0 0 0 0 0 0 0 0 0 0 0 0 0 0 0 0 0 0 0 0 0 0 0 0 -999 
P1029 2061 7 0 0 0 0 0 0 0 0 0 0 0 0 0 0 5 0 0 0 0 0 0 0 0 0 0 0 0 0 0 0 0 
P1029 2061 8 0 0 0 0 0 0 0 0 0 0 0 0 0 0 0 0 0 0 0 0 0 4 0 0 0 0 0 0 0 3 0 
P1029 2061 9 0 0 0 0 0 0 0 0 11 0 0 0 0 0 0 0 0 5 0 0 0 0 0 7 0 26 20 0 0 0 -999 
P1029 2061 10 0 0 0 0 11 0 0 0 0 0 0 0 8 0 38 49 33 36 66 65 0 0 132 49 0 0 26 0 47 19 0 
P1029 2061 11 0 10 0 0 0 0 6 0 0 44 0 0 0 5 9 0 40 0 0 3 3 0 0 0 0 0 9 0 9 0 -999 
P1029 2061 12 18 6 0 0 0 8 0 0 0 0 0 9 3 4 0 0 0 0 27 32 98 38 0 0 0 0 4 0 0 54 0 
P1029 2062 1 6 12 0 0 0 0 0 5 2 0 0 0 0 0 1 0 4 19 1 0 0 0 0 6 18 56 33 35 0 0 0 
P1029 2062 2 55 0 44 31 0 0 38 0 0 8 5 3 0 10 0 7 0 5 0 0 36 37 0 0 54 64 26 0 -999 -999 -999 
P1029 2062 3 0 10 14 11 14 0 5 0 10 23 66 76 134 95 0 0 0 0 0 0 0 28 0 0 0 0 0 0 0 0 0 
P1029 2062 4 0 0 0 0 0 0 0 22 0 0 0 3 0 0 7 0 0 0 0 0 0 8 0 0 0 0 0 18 47 27 -999 
P1029 2062 5 12 0 0 0 0 0 0 0 0 15 0 0 0 6 0 0 0 0 0 0 0 0 0 0 0 0 0 0 0 0 0 
P1029 2062 6 0 0 0 0 13 0 6 0 0 0 0 0 0 0 0 0 0 0 0 0 0 0 0 0 0 0 0 0 0 0 -999 
P1029 2062 7 0 5 0 0 0 0 0 0 0 0 0 0 6 0 0 0 0 0 0 0 0 0 0 0 0 0 0 0 0 0 0 
P1029 2062 8 0 0 0 0 0 0 0 0 0 0 0 0 0 0 0 0 0 0 0 0 0 0 0 0 0 0 0 0 0 0 0 
P1029 2062 9 0 0 0 0 1 0 0 0 0 0 0 0 0 0 0 3 0 0 0 0 0 0 0 0 14 0 0 0 0 0 -999 
P1029 2062 10 0 0 29 0 154 68 0 0 0 10 0 0 0 0 0 8 11 3 6 0 0 0 0 0 0 0 0 0 0 0 0 
P1029 2062 11 0 7 0 0 0 0 28 0 0 0 0 0 48 44 0 7 0 25 6 0 0 0 31 0 8 9 0 0 0 0 -999 
P1029 2062 12 0 15 0 5 0 0 16 0 6 0 14 5 0 0 0 0 31 45 9 4 0 15 0 0 0 0 0 0 0 0 33 
P1029 2063 1 60 89 82 0 23 51 70 138 67 20 16 28 90 57 84 95 34 50 65 50 128 68 0 38 102 21 0 0 0 55 50 
P1029 2063 2 50 12 16 0 0 0 8 0 0 0 0 0 0 63 62 82 21 4 0 0 0 0 4 5 0 0 6 0 -999 -999 -999 
P1029 2063 3 0 0 0 15 38 38 82 38 0 0 0 0 36 27 51 0 0 0 0 0 24 18 10 40 101 42 21 33 28 37 43 
P1029 2063 4 11 9 16 0 0 0 0 0 89 0 0 0 0 0 0 0 0 0 0 0 0 10 11 0 0 0 0 0 0 0 -999 
P1029 2063 5 0 36 0 0 0 0 0 0 0 0 0 0 0 14 18 0 0 0 0 0 0 0 0 0 0 0 0 0 0 0 0 
P1029 2063 6 0 0 2 8 0 0 0 0 0 0 0 0 0 0 0 0 0 0 0 0 0 0 0 0 0 0 0 0 0 0 -999 
P1029 2063 7 0 0 0 0 0 0 0 0 0 0 0 0 0 0 0 0 0 0 0 0 0 0 0 0 0 0 0 0 0 0 0 
P1029 2063 8 0 0 0 0 0 0 0 0 0 0 0 0 0 0 0 0 0 0 0 0 0 0 0 0 0 0 0 0 0 0 0 
P1029 2063 9 0 0 0 16 0 0 0 0 0 0 0 0 0 0 9 0 0 0 0 0 0 0 0 0 0 0 0 0 0 0 -999 
P1029 2063 10 0 0 0 0 0 0 0 0 0 0 0 0 68 88 16 0 0 0 0 9 0 6 0 0 0 5 4 0 0 0 0 
P1029 2063 11 0 9 0 0 0 0 0 0 0 0 7 9 0 18 0 0 4 0 0 0 44 12 0 0 3 0 0 3 0 0 -999 
P1029 2063 12 0 0 0 0 0 0 0 0 0 0 0 0 4 4 7 0 0 0 3 0 1 1 0 0 0 0 0 0 0 3 0 
P1029 2064 1 0 9 0 0 0 0 0 0 0 0 0 0 0 0 0 39 0 0 0 0 0 0 0 0 0 15 14 11 11 16 5 
P1029 2064 2 6 18 16 0 0 0 13 9 0 1 0 0 0 0 2 0 0 0 0 0 0 0 0 0 0 0 0 0 -999 -999 -999 
P1029 2064 3 0 0 0 0 0 0 42 51 0 38 15 0 26 49 56 0 0 0 0 0 0 15 0 0 58 68 0 19 0 0 0 
P1029 2064 4 0 0 0 81 54 42 0 18 18 0 0 0 0 33 0 0 0 0 0 22 0 0 0 0 41 0 0 0 0 0 -999 
P1029 2064 5 0 0 0 0 0 9 16 0 0 0 5 0 0 0 0 0 0 9 0 21 0 0 0 0 0 0 0 0 0 0 0 
P1029 2064 6 0 0 0 0 0 0 0 0 0 0 0 0 0 0 32 11 0 0 0 0 0 0 0 0 0 0 0 0 6 0 -999 
P1029 2064 7 0 0 0 0 0 0 0 0 0 0 0 0 0 0 4 0 0 0 0 0 0 0 0 0 0 0 0 0 0 0 0 
P1029 2064 8 0 0 0 0 0 0 0 0 0 0 0 0 0 0 0 0 0 10 0 0 0 0 0 0 0 0 0 0 0 0 0 
P1029 2064 9 0 0 0 0 0 0 0 0 0 0 0 0 0 0 0 0 17 0 0 0 0 0 0 0 0 0 0 0 0 0 -999 
P1029 2064 10 0 0 0 0 18 0 33 26 0 0 0 0 0 0 0 10 0 0 0 15 0 0 0 0 0 0 0 6 0 0 0 
P1029 2064 11 0 0 8 0 19 3 0 1 0 0 0 24 21 67 0 3 0 0 0 0 0 0 0 0 0 0 10 10 9 13 -999 
P1029 2064 12 32 31 41 0 95 74 0 164 98 24 13 24 25 18 0 15 0 1 0 3 0 0 0 0 0 0 4 0 0 0 0 
P1029 2065 1 0 0 0 23 15 0 0 0 35 33 38 66 0 0 24 27 0 0 0 7 0 0 0 0 0 0 0 0 48 46 86 
P1029 2065 2 0 0 0 0 0 9 0 0 4 0 0 48 70 84 130 118 84 89 75 55 0 0 0 0 18 0 0 0 -999 -999 -999 
P1029 2065 3 0 0 0 0 0 0 0 0 0 0 0 0 0 0 0 0 0 0 0 10 0 0 0 13 0 0 0 0 0 9 0 
P1029 2065 4 0 0 0 0 0 0 0 0 0 0 0 0 15 30 56 0 0 38 0 0 0 0 0 0 0 0 0 0 0 0 -999 
P1029 2065 5 0 0 0 0 0 0 0 0 0 0 0 0 0 0 7 0 0 0 0 0 0 0 0 0 0 0 0 0 0 0 0 
P1029 2065 6 0 0 0 0 0 0 0 0 0 0 0 0 0 0 0 0 0 0 0 0 0 0 0 0 0 8 0 0 0 0 -999 
P1029 2065 7 0 0 0 0 0 0 0 0 0 0 0 0 0 0 0 0 0 0 0 0 0 0 0 0 0 0 0 0 0 0 0 
P1029 2065 8 0 0 0 0 0 0 0 0 0 0 0 0 0 0 0 0 0 0 16 0 0 0 0 0 0 0 0 0 0 0 0 
P1029 2065 9 0 0 0 0 0 0 0 0 0 0 0 0 0 0 0 0 0 0 0 8 0 0 0 0 0 0 0 0 0 0 -999 
P1029 2065 10 0 0 0 0 0 0 0 0 0 45 38 37 0 0 26 15 9 19 57 47 0 0 0 40 15 51 40 0 72 42 29 
P1029 2065 11 0 0 0 0 0 0 6 0 0 0 0 0 0 0 0 0 0 0 4 0 41 23 0 7 0 11 57 0 12 0 -999 
P1029 2065 12 16 0 0 5 3 0 0 0 0 18 43 78 37 27 0 56 0 0 45 63 0 91 101 136 256 224 128 0 0 0 10 
P1029 2066 1 0 0 0 0 12 15 0 0 16 23 32 50 0 27 39 27 0 29 89 18 22 78 0 0 11 0 0 0 0 0 0 
P1029 2066 2 0 54 0 0 0 14 0 9 15 0 6 7 10 0 0 0 0 0 5 0 0 0 0 0 81 26 0 24 -999 -999 -999 
P1029 2066 3 0 5 0 0 0 0 43 0 0 0 9 0 0 0 0 0 0 0 0 0 0 0 0 9 0 0 0 0 0 0 0 
P1029 2066 4 0 0 0 0 0 0 0 11 0 0 0 11 0 0 10 12 8 0 0 0 0 0 3 4 19 0 0 0 63 30 -999 
P1029 2066 5 0 0 0 4 0 10 0 0 0 0 7 0 0 0 0 0 0 0 16 0 0 0 0 0 0 0 0 0 0 0 0 
P1029 2066 6 0 0 0 0 0 0 0 0 0 0 0 0 0 0 0 0 0 0 0 0 0 0 0 12 0 0 0 0 0 0 -999 
P1029 2066 7 0 0 0 0 0 0 0 0 0 0 0 0 0 0 0 0 0 0 0 0 0 0 0 0 0 0 0 0 0 0 0 
P1029 2066 8 0 0 0 0 0 0 0 0 0 0 0 0 0 0 0 0 9 0 0 0 0 0 0 0 0 0 0 0 0 0 0 
P1029 2066 9 0 0 0 0 0 0 0 0 0 0 0 0 0 0 0 0 0 0 0 0 0 0 0 19 0 0 0 0 0 0 -999 
P1029 2066 10 0 0 0 7 0 8 0 6 0 7 0 0 9 0 0 0 0 0 9 9 25 0 0 0 0 0 30 0 0 4 10 
P1029 2066 11 13 0 17 48 70 0 0 25 0 11 21 24 0 0 10 0 0 0 0 0 0 0 0 0 10 0 0 0 0 0 -999 
P1029 2066 12 0 14 35 32 7 0 4 0 0 0 0 3 0 21 67 92 154 0 71 27 12 0 3 5 5 0 0 28 44 68 35 
P1029 2067 1 19 80 16 12 17 0 14 0 25 47 31 26 36 35 62 49 0 11 43 63 85 80 88 68 61 74 74 22 14 23 57 
P1029 2067 2 65 41 102 40 6 0 79 35 29 41 33 9 35 55 24 15 16 58 83 42 59 30 20 0 57 96 51 6 -999 -999 -999 
P1029 2067 3 0 0 0 0 0 0 0 0 0 0 14 19 27 9 0 0 0 0 0 0 0 0 7 7 3 6 0 0 0 0 0 
P1029 2067 4 8 0 0 36 0 0 0 0 0 0 0 0 0 0 0 0 0 0 6 10 16 0 0 0 0 0 0 0 0 0 -999 
P1029 2067 5 0 0 0 0 0 0 0 0 0 0 0 0 0 0 0 0 0 0 0 0 0 0 0 0 0 6 6 0 0 0 0 
P1029 2067 6 0 0 25 0 0 0 0 0 0 0 0 0 3 0 0 0 0 13 0 0 0 0 0 0 0 0 0 0 0 0 -999 
P1029 2067 7 0 0 0 0 0 0 0 0 0 0 0 0 0 0 0 5 0 0 0 0 0 0 0 0 0 0 0 0 0 0 0 
P1029 2067 8 0 0 0 0 0 0 0 7 0 0 0 0 0 0 0 0 0 0 0 0 0 0 0 0 0 0 0 0 0 0 0 
P1029 2067 9 0 0 0 0 0 0 0 0 0 0 0 0 9 10 0 0 0 0 0 0 0 0 0 0 0 0 0 0 0 0 -999 
P1029 2067 10 9 0 0 0 0 0 0 0 0 0 3 0 0 0 0 0 0 0 0 4 0 0 0 0 0 0 0 0 12 15 0 
P1029 2067 11 0 0 0 5 7 8 4 0 0 0 0 0 0 0 0 0 0 0 0 0 1 0 6 13 12 0 0 0 0 14 -999 
P1029 2067 12 8 9 19 0 21 0 9 0 17 0 15 17 29 0 0 0 0 0 0 0 0 0 0 0 0 0 33 0 6 0 0 
P1029 2068 1 0 0 0 28 0 107 41 21 18 0 11 0 0 0 0 0 0 0 0 0 0 0 0 0 10 14 11 6 0 12 0 
P1029 2068 2 0 0 0 0 0 13 0 0 0 0 0 26 0 0 0 0 0 0 0 0 0 0 0 3 0 0 52 21 -999 -999 -999 
P1029 2068 3 22 46 26 45 111 97 11 14 34 20 11 0 0 0 0 0 70 76 29 0 0 39 22 0 7 10 0 0 0 0 0 
P1029 2068 4 51 0 9 0 0 0 0 70 27 28 0 0 0 0 0 0 0 0 0 0 0 0 0 6 0 2 0 0 0 0 -999 
P1029 2068 5 0 19 0 0 0 24 0 9 6 4 0 0 30 17 15 42 0 0 18 0 0 0 0 0 0 0 14 0 0 0 0 
P1029 2068 6 0 0 0 0 11 0 0 0 0 0 0 0 0 3 0 0 0 0 0 0 0 0 0 0 0 0 0 0 12 0 -999 
P1029 2068 7 0 0 0 0 0 0 0 0 0 0 0 0 0 0 0 0 0 0 2 0 0 0 0 0 0 0 0 0 0 0 0 
P1029 2068 8 0 0 0 0 0 0 0 0 0 0 0 0 0 0 0 0 0 0 0 0 0 0 0 0 0 0 10 0 0 0 0 
P1029 2068 9 0 0 0 0 0 0 0 0 0 0 0 4 0 0 0 0 0 0 6 0 0 0 0 3 0 0 0 0 0 0 -999 
P1029 2068 10 0 0 0 0 0 0 0 0 0 22 0 0 0 0 0 0 0 0 4 0 0 3 0 0 0 0 0 0 0 0 11 
P1029 2068 11 9 0 14 0 7 0 7 0 0 13 14 0 9 0 0 0 0 0 21 0 0 0 0 8 0 0 11 0 0 0 -999 
P1029 2068 12 0 0 0 0 0 16 30 53 13 0 0 6 0 37 0 4 0 0 0 16 0 22 38 54 140 0 0 6 32 0 20 
P1029 2069 1 63 53 0 0 0 0 0 0 0 0 0 0 0 0 0 0 0 0 0 0 9 2 0 0 0 0 0 69 0 0 24 
P1029 2069 2 0 0 74 154 93 28 42 77 59 0 0 0 0 29 0 36 0 0 29 0 0 22 18 0 0 35 21 25 -999 -999 -999 
P1029 2069 3 20 0 36 0 0 21 0 19 0 28 0 8 0 0 0 0 0 0 0 0 0 0 0 0 0 0 34 33 0 0 59 
P1029 2069 4 38 0 0 0 0 0 9 0 0 30 0 0 0 0 0 0 0 0 0 0 0 0 0 0 0 0 1 0 0 0 -999 
P1029 2069 5 0 0 0 0 0 0 0 0 0 0 0 0 0 0 0 12 0 0 0 0 0 0 0 0 0 0 0 0 0 0 0 
P1029 2069 6 0 0 0 0 0 0 0 0 0 2 0 0 0 0 20 0 0 0 0 0 0 0 0 0 0 0 0 0 0 0 -999 
P1029 2069 7 0 0 0 0 0 0 0 0 0 0 0 15 0 0 0 0 0 0 0 0 0 0 0 0 0 0 0 0 0 0 0 
P1029 2069 8 0 0 0 0 0 0 0 0 0 0 0 0 0 0 0 0 0 0 0 0 0 0 0 0 0 0 0 0 0 0 0 
P1029 2069 9 0 0 0 0 0 0 0 0 0 0 0 0 0 0 0 0 0 0 0 0 0 0 0 0 0 0 0 0 23 0 -999 
P1029 2069 10 0 0 0 0 0 0 0 0 0 0 0 0 2 0 11 0 13 81 70 91 0 32 26 7 0 24 37 45 59 0 0 
P1029 2069 11 0 9 0 35 11 0 37 54 0 0 4 0 21 0 0 0 0 0 0 0 0 0 0 0 0 0 0 0 0 0 -999 
P1029 2069 12 0 17 0 34 0 37 0 0 0 0 0 7 12 0 0 0 0 0 0 3 11 0 0 0 0 17 31 77 77 0 15 
P1029 2070 1 0 0 57 0 15 38 0 232 127 44 73 27 20 29 0 0 0 0 0 0 0 9 0 19 10 0 0 0 0 9 0 
P1029 2070 2 0 0 0 0 0 0 0 6 11 20 0 0 0 0 0 0 0 20 0 0 0 0 0 0 25 70 47 14 -999 -999 -999 
P1029 2070 3 36 0 34 23 0 0 0 0 0 0 0 18 0 0 50 32 34 63 61 84 168 0 35 0 0 19 0 0 0 0 0 
P1029 2070 4 0 0 26 0 0 0 30 0 37 20 9 14 0 40 0 0 0 0 7 6 20 0 0 0 0 11 0 14 0 0 -999 
P1029 2070 5 7 0 0 75 125 140 38 25 0 25 0 0 0 0 0 10 0 21 0 0 0 0 0 10 6 0 5 0 0 0 0 
P1029 2070 6 0 0 0 0 0 0 0 0 0 0 0 0 0 0 0 0 0 0 0 0 0 0 0 0 0 0 0 0 0 0 -999 
P1029 2070 7 0 0 0 0 0 0 0 0 0 0 0 0 18 0 0 0 0 0 0 0 9 0 0 15 0 0 0 0 0 0 0 
P1029 2070 8 0 0 0 0 0 0 0 0 0 0 0 0 0 0 0 0 0 0 0 0 5 0 0 1 4 0 0 0 6 0 0 
P1029 2070 9 0 0 0 0 0 3 0 0 0 0 0 0 0 0 0 14 19 0 9 0 0 0 0 0 0 0 0 0 0 0 -999 
P1029 2070 10 10 0 0 0 0 0 0 0 0 0 0 61 42 14 0 39 59 107 16 4 0 0 0 0 0 10 0 4 0 0 40 
P1029 2070 11 0 0 0 0 0 0 0 0 0 0 0 0 0 0 0 0 0 0 0 8 0 0 0 0 0 0 14 68 42 13 -999 
P1029 2070 12 20 35 0 0 0 0 0 0 22 0 29 19 0 0 0 27 31 0 56 36 33 77 28 0 42 21 4 46 158 89 0 
P1029 2071 1 0 24 0 53 59 0 0 0 75 89 42 67 81 0 0 0 112 57 0 0 0 0 0 16 0 101 67 45 43 18 11 
P1029 2071 2 13 11 0 5 17 22 0 13 23 35 48 36 19 23 52 81 65 0 0 0 22 0 18 21 0 18 0 0 -999 -999 -999 
P1029 2071 3 0 0 0 0 0 19 20 35 74 34 34 18 22 46 27 23 0 0 0 5 0 0 0 0 0 0 0 0 7 0 0 
P1029 2071 4 0 0 57 0 0 0 0 0 0 0 8 0 0 0 0 0 0 0 8 15 17 11 0 0 16 13 17 0 0 10 -999 
P1029 2071 5 14 0 0 0 0 39 0 0 0 11 13 0 0 7 0 0 0 0 0 0 0 0 0 0 0 0 0 0 0 12 0 
P1029 2071 6 0 9 13 0 0 0 0 0 0 11 8 13 39 0 0 0 0 19 0 0 0 0 0 0 0 0 0 0 0 0 -999 
P1029 2071 7 0 0 0 0 18 0 0 0 4 0 0 0 0 0 0 0 0 0 0 0 0 0 0 0 0 0 0 0 0 0 0 
P1029 2071 8 2 0 0 0 0 0 0 0 0 0 0 0 0 0 0 0 0 0 0 11 0 0 0 0 0 0 0 0 0 0 0 
P1029 2071 9 0 0 0 0 0 0 12 0 0 0 9 0 0 0 0 0 0 0 0 0 0 0 10 0 0 0 0 0 0 0 -999 
P1029 2071 10 0 0 0 5 0 0 0 0 0 8 7 7 0 14 0 63 36 0 16 0 18 50 15 2 0 0 26 57 0 40 59 
P1029 2071 11 0 48 59 33 0 15 0 0 0 3 0 0 0 0 0 0 3 3 0 12 7 5 8 0 22 9 0 0 21 15 -999 
P1029 2071 12 24 54 46 26 54 116 87 44 76 114 130 107 94 64 52 59 79 0 0 0 0 17 64 70 35 90 0 0 0 31 142 
P1029 2072 1 85 0 10 0 0 12 0 0 0 0 0 0 0 0 0 0 13 15 17 20 15 10 24 9 9 39 21 0 0 9 38 
P1029 2072 2 114 36 28 15 29 8 0 0 1 2 7 0 0 0 0 0 6 10 22 64 0 0 0 15 0 21 0 0 -999 -999 -999 
P1029 2072 3 0 0 0 0 0 0 0 0 5 0 0 0 0 0 0 0 0 0 0 0 0 0 0 38 37 0 0 52 0 0 0 
P1029 2072 4 9 0 0 0 0 0 6 0 0 0 0 0 0 9 0 0 0 0 0 0 0 5 6 3 0 0 0 0 0 0 -999 
P1029 2072 5 0 15 0 0 0 0 7 0 0 29 10 0 0 5 0 0 0 0 6 0 0 3 0 3 0 0 0 0 0 0 2 
P1029 2072 6 0 0 0 0 10 0 0 15 23 0 0 0 5 0 0 5 0 0 0 0 0 0 0 0 4 8 0 0 0 0 -999 
P1029 2072 7 0 20 0 0 14 0 9 0 0 0 2 0 0 0 0 0 0 0 0 0 0 2 0 0 0 0 0 0 0 0 0 
P1029 2072 8 0 0 0 0 0 0 0 0 0 0 0 0 3 0 0 0 0 0 0 0 0 0 0 11 0 0 0 0 0 0 0 
P1029 2072 9 0 0 0 0 0 0 0 8 0 0 0 0 0 0 0 0 0 0 0 0 0 7 0 0 0 25 0 0 0 0 -999 
P1029 2072 10 0 0 0 0 0 29 0 0 0 0 0 0 0 0 29 42 0 12 0 0 0 0 0 0 0 0 0 0 0 0 0 
P1029 2072 11 0 0 0 0 0 4 0 0 0 13 8 0 9 11 0 0 0 13 0 42 18 36 33 28 28 23 26 0 0 0 -999 
P1029 2072 12 14 65 87 40 0 0 0 0 0 0 4 0 0 0 25 25 29 0 0 15 27 18 0 0 75 0 0 0 28 38 0 
P1029 2073 1 0 0 0 0 0 0 0 0 0 0 4 0 0 0 0 0 7 0 41 0 40 49 0 0 0 13 0 0 19 0 0 
P1029 2073 2 70 113 79 72 23 0 7 16 17 0 0 0 0 0 0 0 0 0 0 2 3 0 0 0 0 75 0 0 -999 -999 -999 
P1029 2073 3 0 5 0 0 9 0 32 46 58 42 21 38 40 0 48 0 0 0 0 0 0 17 3 29 15 0 79 162 79 0 0 
P1029 2073 4 0 0 15 14 0 0 32 0 17 0 33 0 0 21 8 0 0 0 0 0 0 0 0 80 97 38 31 0 4 0 -999 
P1029 2073 5 0 0 0 0 0 0 0 0 0 0 0 0 0 18 18 41 22 7 4 0 0 2 0 0 0 0 8 0 0 0 0 
P1029 2073 6 0 0 0 0 0 0 0 0 0 0 0 0 0 0 0 0 0 0 0 0 0 0 0 0 0 0 0 0 0 0 -999 
P1029 2073 7 0 0 0 0 0 0 2 4 0 0 0 0 0 0 0 0 0 0 0 0 0 0 0 0 0 0 0 0 0 0 0 
P1029 2073 8 0 0 0 0 0 0 0 0 0 17 0 0 0 0 0 0 6 0 0 0 0 0 0 0 0 0 0 0 0 0 0 
P1029 2073 9 0 0 0 0 0 0 10 0 0 0 0 0 0 0 0 0 10 9 0 0 0 0 0 0 8 0 0 0 0 0 -999 
P1029 2073 10 0 0 0 0 0 0 0 0 0 0 0 0 1 0 0 0 0 2 0 0 0 0 0 0 0 4 0 0 0 0 0 
P1029 2073 11 12 0 10 0 0 0 0 0 0 0 0 0 0 0 39 49 22 0 154 53 68 81 0 10 17 14 16 0 0 0 -999 
P1029 2073 12 0 0 0 0 0 0 0 23 0 0 0 35 0 0 0 0 0 0 0 0 11 0 0 17 0 0 0 50 89 271 466 
P1029 2074 1 62 20 46 92 202 76 0 0 115 89 0 57 0 0 13 0 6 0 14 0 6 0 0 0 9 9 9 0 0 0 0 
P1029 2074 2 0 0 0 0 10 0 0 0 0 0 22 0 33 0 16 42 39 0 12 0 0 19 7 5 34 200 81 104 -999 -999 -999 
P1029 2074 3 0 9 10 11 15 25 28 8 11 10 6 0 26 9 0 0 12 15 0 0 34 0 0 45 23 0 0 6 0 0 0 
P1029 2074 4 0 0 0 0 0 3 13 18 0 0 0 0 0 0 30 0 0 0 37 41 0 0 0 0 0 0 0 0 0 0 -999 
P1029 2074 5 0 0 15 0 0 0 0 0 0 0 0 13 0 0 28 24 0 19 0 0 14 0 2 0 6 0 0 0 0 0 0 
P1029 2074 6 0 0 0 18 0 0 0 0 0 0 0 5 4 0 0 0 0 0 0 0 0 0 0 0 0 0 0 0 0 0 -999 
P1029 2074 7 0 0 0 0 0 0 0 0 0 0 0 0 0 0 0 0 0 0 0 0 0 0 0 0 0 0 0 0 0 0 0 
P1029 2074 8 0 0 0 0 0 0 0 0 0 0 0 0 0 0 0 0 0 0 0 4 0 0 0 0 0 0 0 0 0 14 0 
P1029 2074 9 3 0 10 0 0 7 0 0 2 0 0 0 0 0 0 0 0 0 0 0 0 0 0 0 0 0 0 0 0 0 -999 
P1029 2074 10 0 0 0 12 0 0 0 0 0 0 0 0 0 0 0 0 0 0 0 0 0 0 0 0 0 0 0 0 0 0 0 
P1029 2074 11 0 0 0 15 0 0 4 0 22 0 0 0 0 0 19 0 8 0 0 26 0 6 0 15 0 3 0 0 0 3 -999 
P1029 2074 12 0 0 0 0 3 0 0 0 0 0 24 31 62 0 0 0 1 0 0 0 0 0 0 0 0 0 0 0 8 15 0 
P1029 2075 1 4 0 0 0 0 0 0 0 0 0 0 0 16 8 22 6 8 11 24 0 18 20 30 23 10 0 0 0 5 0 0 
P1029 2075 2 0 0 46 92 0 73 48 111 68 74 177 0 97 27 24 18 10 0 39 0 0 20 47 69 0 0 0 0 -999 -999 -999 
P1029 2075 3 0 0 0 1 2 0 0 0 0 0 0 0 0 0 0 0 68 37 36 0 35 72 46 63 15 10 12 0 0 0 0 
P1029 2075 4 0 0 26 0 0 62 68 56 0 0 0 8 0 0 0 0 0 0 0 62 0 26 8 1 0 0 0 0 0 0 -999 
P1029 2075 5 0 0 0 28 0 0 0 0 0 0 0 0 0 0 0 0 0 0 0 0 0 0 0 0 0 0 0 0 0 0 0 
P1029 2075 6 0 0 0 8 6 0 13 20 0 0 0 10 0 0 0 0 0 0 0 0 0 0 0 0 0 0 0 0 0 0 -999 
P1029 2075 7 0 0 0 0 0 0 0 0 0 0 0 0 0 0 0 0 0 0 0 0 0 0 0 0 0 0 0 0 0 0 0 
P1029 2075 8 0 0 0 0 0 0 0 8 0 0 0 0 0 0 0 0 0 0 0 0 0 0 0 0 0 0 0 0 0 0 0 
P1029 2075 9 0 0 0 0 0 0 0 0 0 0 0 0 0 0 0 0 0 0 4 0 0 0 0 0 0 4 9 0 0 0 -999 
P1029 2075 10 0 0 22 31 17 0 36 60 0 15 12 0 0 15 3 5 0 0 0 0 0 0 0 0 9 0 0 0 0 149 0 
P1029 2075 11 14 0 0 0 62 136 99 60 21 14 0 0 30 0 109 30 16 19 6 0 19 33 0 14 7 6 0 2 0 0 -999 
P1029 2075 12 0 25 37 30 17 0 0 0 24 14 21 0 33 85 68 0 32 19 19 0 12 2 0 0 0 0 0 0 0 0 0 
P1029 2076 1 0 0 0 6 0 24 0 13 0 13 9 0 0 0 0 0 0 0 0 0 0 0 0 0 0 0 0 0 0 20 57 
P1029 2076 2 69 20 4 0 0 0 0 0 0 0 0 0 0 0 0 5 5 0 0 23 11 0 0 0 0 0 0 0 -999 -999 -999 
P1029 2076 3 0 0 0 0 26 35 38 0 0 19 20 0 3 10 0 0 0 0 0 0 0 25 0 22 0 0 0 0 0 0 0 
P1029 2076 4 0 13 0 0 0 0 22 21 0 21 11 18 18 0 33 0 0 20 0 0 0 4 0 0 0 0 5 7 0 21 -999 
P1029 2076 5 0 59 29 0 9 0 6 0 0 0 0 0 0 0 0 0 0 13 0 0 0 0 0 0 0 0 0 0 0 0 0 
P1029 2076 6 0 0 0 0 0 0 0 0 0 0 0 0 0 0 0 0 0 0 0 0 0 0 0 0 0 0 0 0 0 0 -999 
P1029 2076 7 0 0 0 0 0 0 7 0 0 0 0 0 0 0 0 0 0 0 0 0 0 0 0 0 0 0 0 0 0 0 0 
P1029 2076 8 0 0 0 0 0 0 0 0 0 0 0 0 0 0 0 0 0 0 0 0 0 0 0 0 0 0 0 0 0 0 0 
P1029 2076 9 25 0 0 0 0 0 6 0 0 0 0 0 0 0 0 0 0 0 0 0 8 0 0 0 0 0 0 0 0 0 -999 
P1029 2076 10 0 0 0 0 0 0 0 0 0 0 0 0 10 2 0 0 0 0 0 0 0 0 0 0 0 0 0 66 0 0 0 
P1029 2076 11 0 0 0 0 0 0 0 0 0 0 0 0 0 7 0 0 34 0 14 0 0 23 10 4 0 0 20 22 0 0 -999 
P1029 2076 12 0 0 0 1 2 0 0 0 30 29 28 34 19 0 0 31 0 12 0 0 0 0 0 19 33 28 43 0 31 0 20 
P1029 2077 1 0 0 0 0 0 0 0 0 0 0 0 0 0 0 21 0 0 0 0 0 0 0 0 0 0 0 0 0 0 0 0 
P1029 2077 2 45 47 0 0 12 35 75 18 0 38 0 0 0 0 0 0 47 43 54 27 0 0 0 31 0 0 0 0 -999 -999 -999 
P1029 2077 3 0 0 0 24 0 0 37 0 13 18 0 0 0 20 0 0 0 0 0 0 74 78 28 0 7 0 0 0 0 0 0 
P1029 2077 4 0 0 0 0 0 0 6 0 7 0 0 0 0 0 14 0 0 0 0 0 0 0 6 0 0 35 0 11 5 0 -999 
P1029 2077 5 0 0 0 0 0 0 0 17 0 0 0 0 0 0 0 0 0 0 0 0 0 0 0 0 0 0 0 0 0 0 0 
P1029 2077 6 25 40 0 33 27 23 13 0 0 0 0 0 0 0 0 0 0 0 0 0 0 0 0 0 0 0 0 0 0 0 -999 
P1029 2077 7 0 0 0 0 0 14 0 0 0 0 1 0 0 0 0 0 0 0 0 0 0 0 0 0 0 0 0 0 0 0 0 
P1029 2077 8 0 0 0 0 0 0 0 0 0 0 0 0 0 0 0 0 0 0 0 0 0 0 0 0 0 11 0 0 0 0 0 
P1029 2077 9 0 0 0 0 0 0 0 0 0 0 0 0 0 0 0 0 0 11 0 0 0 24 0 0 0 0 0 0 27 0 -999 
P1029 2077 10 39 38 0 0 0 0 0 0 0 0 0 0 0 0 0 0 14 27 0 0 0 44 68 0 0 0 0 52 44 27 56 
P1029 2077 11 47 0 0 0 16 0 0 43 61 39 23 0 23 59 60 34 32 0 21 0 13 0 0 0 6 0 15 0 26 65 -999 
P1029 2077 12 72 82 61 26 26 62 92 0 13 70 27 0 0 0 0 0 0 0 0 0 0 0 0 0 0 0 12 4 1 0 32 
P1029 2078 1 140 207 122 90 86 48 15 42 71 104 0 0 61 0 79 0 54 0 0 14 18 10 0 0 0 0 0 5 0 9 0 
P1029 2078 2 0 0 8 4 2 2 0 0 0 0 0 0 4 0 8 9 0 0 7 0 0 0 0 16 89 92 34 0 -999 -999 -999 
P1029 2078 3 0 0 0 12 0 25 70 87 0 18 0 0 0 63 75 67 94 68 0 46 30 0 30 48 20 0 16 14 12 0 0 
P1029 2078 4 65 27 13 0 0 0 21 0 14 0 0 0 0 39 15 26 20 0 0 0 0 0 0 0 0 0 0 0 0 0 -999 
P1029 2078 5 0 0 0 0 4 3 11 16 0 0 0 0 0 0 19 0 0 29 13 0 1 4 0 0 0 0 0 0 0 0 0 
P1029 2078 6 0 0 12 17 0 0 20 0 0 0 0 0 0 0 0 0 0 10 0 0 0 0 0 0 0 0 0 0 0 0 -999 
P1029 2078 7 0 0 0 0 0 0 0 0 0 0 0 0 0 0 0 0 0 0 0 0 0 0 0 0 0 0 0 0 0 0 0 
P1029 2078 8 0 0 0 0 0 0 0 0 0 0 0 0 0 0 0 0 0 0 0 0 0 0 0 0 0 0 0 0 0 0 0 
P1029 2078 9 0 0 0 0 0 0 0 0 0 0 0 0 0 0 0 0 0 0 0 0 0 0 0 0 0 0 0 0 0 0 -999 
P1029 2078 10 0 0 0 0 0 0 4 0 0 26 0 0 0 44 0 0 43 31 0 0 29 0 0 10 8 0 0 0 0 0 0 
P1029 2078 11 0 11 2 0 0 0 0 0 4 0 0 0 0 0 5 0 0 53 0 0 0 0 7 0 0 0 0 0 0 0 -999 
P1029 2078 12 0 0 7 14 0 21 14 9 6 0 46 9 11 0 0 0 27 9 0 5 0 0 8 0 0 75 88 0 22 121 119 
P1029 2079 1 7 10 29 18 0 0 0 4 0 0 6 0 0 0 0 0 0 6 0 16 27 0 3 0 0 0 0 0 0 0 0 
P1029 2079 2 0 0 0 0 17 13 0 15 0 0 0 0 0 0 0 0 0 6 0 0 0 0 35 68 0 0 0 0 -999 -999 -999 
P1029 2079 3 0 0 0 0 17 11 0 0 0 0 3 0 0 0 0 6 0 0 0 0 0 0 0 0 0 0 0 0 0 0 0 
P1029 2079 4 17 0 0 28 36 0 0 0 0 0 0 0 0 0 0 33 30 24 0 0 0 0 0 19 0 8 8 0 0 0 -999 
P1029 2079 5 0 0 0 0 0 0 0 5 0 0 0 0 0 0 0 0 0 0 0 0 0 0 0 0 0 0 0 0 0 0 0 
P1029 2079 6 0 0 0 0 0 0 0 0 0 0 0 0 0 0 0 0 0 0 0 0 0 0 0 0 6 0 0 0 0 0 -999 
P1029 2079 7 0 0 0 0 0 0 0 6 0 0 0 0 0 0 0 0 0 0 0 0 0 0 0 0 0 0 0 0 0 0 0 
P1029 2079 8 5 0 0 0 0 0 0 0 0 0 0 0 0 0 0 0 0 0 0 5 0 0 0 0 0 0 0 0 0 7 0 
P1029 2079 9 0 0 0 0 0 0 0 0 0 0 0 12 0 0 0 0 0 0 0 0 0 0 8 0 0 0 0 0 0 0 -999 
P1029 2079 10 0 0 0 7 0 5 0 0 0 0 0 2 0 0 0 0 0 9 0 39 0 0 21 0 0 0 18 0 0 0 0 
P1029 2079 11 0 0 0 14 34 46 31 17 3 0 0 20 0 44 53 49 64 155 89 0 30 0 20 11 0 9 0 1 0 0 -999 
P1029 2079 12 0 13 11 0 7 0 0 1 1 0 0 0 0 1 1 0 0 0 0 4 0 0 0 7 0 0 0 0 0 0 11 
P1029 2080 1 9 0 0 0 0 0 0 0 0 0 0 0 0 0 0 0 0 0 0 0 0 0 0 0 0 18 18 0 0 0 0 
P1029 2080 2 0 0 0 0 4 4 5 0 0 153 172 162 100 0 12 20 39 63 43 61 36 0 0 2 0 0 17 0 -999 -999 -999 
P1029 2080 3 65 37 0 0 38 46 0 52 62 69 55 58 0 0 2 2 0 0 0 8 0 0 0 0 0 0 0 0 28 0 0 
P1029 2080 4 10 0 0 0 0 0 0 42 57 0 0 0 0 0 0 0 0 0 0 0 0 0 0 0 0 0 0 0 0 22 -999 
P1029 2080 5 20 0 0 0 0 0 0 0 9 0 10 0 18 0 0 0 0 0 0 0 0 0 8 0 0 0 0 0 16 0 0 
P1029 2080 6 0 0 0 0 0 0 0 0 2 0 0 0 0 0 0 0 0 0 0 0 0 0 1 0 7 0 0 0 0 0 -999 
P1029 2080 7 0 0 0 0 0 0 0 0 0 0 0 0 0 0 0 0 0 0 0 0 0 0 3 0 0 0 0 0 0 0 0 
P1029 2080 8 0 0 0 0 0 0 0 0 0 0 0 0 0 0 0 0 0 0 0 0 0 0 0 0 0 0 0 0 0 0 0 
P1029 2080 9 0 0 0 0 0 0 0 0 0 37 0 12 0 0 0 0 0 0 0 0 0 0 0 12 0 0 0 0 0 0 -999 
P1029 2080 10 0 33 37 56 38 31 22 64 0 30 16 28 25 14 20 0 0 0 0 0 0 1 0 0 0 0 0 3 1 0 0 
P1029 2080 11 12 16 9 6 0 19 3 0 0 0 0 0 0 53 51 24 0 22 17 0 0 0 0 0 0 0 3 4 0 0 -999 
P1029 2080 12 0 68 68 120 87 93 137 97 47 0 0 0 0 0 4 0 0 0 0 0 0 0 0 14 0 48 0 12 22 30 44 
P1029 2081 1 62 72 73 75 0 0 0 0 0 0 0 0 0 62 46 26 0 0 0 139 75 50 33 22 0 13 13 0 18 12 30 
P1029 2081 2 3 0 0 0 0 24 31 0 0 0 0 0 0 0 0 0 15 0 17 21 0 5 39 49 34 0 0 29 -999 -999 -999 
P1029 2081 3 0 0 78 93 23 23 6 0 48 0 0 23 0 47 0 8 65 78 73 53 67 125 62 28 10 15 47 0 39 37 51 
P1029 2081 4 36 16 0 0 0 0 0 0 0 0 25 4 0 0 0 0 0 0 0 0 0 0 0 0 38 22 19 51 30 85 -999 
P1029 2081 5 48 44 21 43 33 0 0 27 0 39 5 0 0 31 33 0 0 0 0 0 0 0 0 0 8 11 0 0 0 0 0 
P1029 2081 6 0 0 0 0 0 0 0 0 0 0 0 0 0 4 0 0 0 0 0 0 0 0 0 0 0 0 0 0 0 0 -999 
P1029 2081 7 0 0 0 0 0 0 0 0 0 0 0 0 0 0 0 0 0 0 0 5 0 0 0 0 0 0 0 0 0 0 0 
P1029 2081 8 0 0 0 0 0 0 0 0 0 0 0 0 0 0 0 0 0 0 0 0 0 0 0 0 0 0 3 0 0 0 0 
P1029 2081 9 0 0 0 0 0 0 0 0 0 0 0 0 0 0 0 0 0 0 11 0 0 0 0 0 0 0 0 0 0 0 -999 
P1029 2081 10 0 0 0 0 0 2 0 0 0 0 9 0 0 6 0 6 0 0 0 0 0 0 0 0 0 0 0 0 0 12 0 
P1029 2081 11 42 11 35 36 20 3 0 0 0 0 0 0 0 0 0 0 123 121 41 0 0 0 0 0 0 0 0 0 19 24 -999 
P1029 2081 12 15 16 0 0 14 39 37 41 0 28 35 91 132 104 0 30 22 0 0 0 0 0 0 0 0 0 40 17 0 0 0 
P1029 2082 1 13 10 8 0 0 18 0 0 0 23 37 12 20 0 15 0 79 0 0 0 133 183 34 33 45 62 71 12 0 0 1 
P1029 2082 2 0 0 0 0 1 0 0 0 0 0 0 0 0 6 0 0 0 0 0 3 0 0 10 28 0 19 14 0 -999 -999 -999 
P1029 2082 3 0 53 36 31 32 28 0 28 0 7 0 0 6 15 0 0 0 0 56 0 0 8 0 0 0 0 5 0 34 15 0 
P1029 2082 4 9 0 0 0 0 0 0 0 0 0 0 0 0 0 6 0 0 0 0 0 0 17 0 0 0 0 0 0 0 0 -999 
P1029 2082 5 0 7 0 0 0 0 0 27 0 11 0 0 0 0 11 7 0 0 0 0 0 0 0 0 0 0 0 0 0 0 0 
P1029 2082 6 0 0 0 0 0 0 0 0 5 5 0 0 0 0 0 0 0 0 0 0 5 4 0 0 0 0 0 0 0 0 -999 
P1029 2082 7 0 0 0 0 0 0 0 0 0 0 0 0 0 0 0 0 0 0 0 0 0 0 0 0 0 1 0 0 0 0 0 
P1029 2082 8 0 0 0 0 0 0 0 0 0 0 0 0 0 0 0 0 0 0 0 0 0 0 0 0 0 0 0 0 0 0 8 
P1029 2082 9 0 0 0 0 0 0 0 0 0 0 0 0 0 0 0 0 0 0 0 0 0 5 0 0 0 0 0 0 0 0 -999 
P1029 2082 10 0 21 8 0 0 0 3 0 0 0 0 0 0 0 0 0 0 14 0 0 7 0 24 4 0 3 0 5 0 0 0 
P1029 2082 11 0 32 27 14 0 8 0 0 0 0 21 0 14 0 0 16 48 50 7 0 0 4 0 0 0 0 0 0 0 0 -999 
P1029 2082 12 0 31 0 0 0 0 0 0 13 0 0 0 0 0 0 26 0 38 15 0 0 0 0 0 12 17 18 14 10 0 0 
P1029 2083 1 28 0 61 39 0 13 0 37 34 0 0 0 0 26 0 36 26 41 0 0 0 20 7 0 0 0 0 0 23 47 0 
P1029 2083 2 0 38 64 0 0 0 49 32 40 101 70 20 0 7 0 0 38 133 72 68 65 54 27 39 138 112 0 39 -999 -999 -999 
P1029 2083 3 45 0 0 8 2 0 0 16 0 0 0 0 0 0 0 13 0 0 0 0 50 69 143 103 0 57 136 0 1 0 6 
P1029 2083 4 12 0 0 0 20 0 54 0 0 0 0 8 0 27 33 22 12 0 0 0 0 0 0 0 0 0 24 0 0 13 -999 
P1029 2083 5 0 0 0 0 0 0 0 42 37 0 19 0 15 0 0 41 0 19 12 14 4 5 12 0 32 59 43 0 27 0 0 
P1029 2083 6 28 0 0 0 18 0 10 16 0 0 14 9 0 0 0 0 0 0 0 0 0 0 0 0 0 0 0 0 0 0 -999 
P1029 2083 7 0 0 0 0 0 0 0 0 0 0 0 0 9 0 0 8 0 0 0 0 0 0 0 0 0 0 0 0 0 0 0 
P1029 2083 8 0 0 0 0 0 0 0 0 0 0 0 0 0 0 0 2 0 10 0 0 0 0 0 0 0 0 0 0 0 0 0 
P1029 2083 9 0 0 0 0 0 0 0 0 0 0 0 0 0 0 0 0 0 0 0 0 0 0 0 0 7 0 0 0 0 0 -999 
P1029 2083 10 0 0 0 0 0 0 0 0 6 0 17 0 0 0 12 0 10 0 0 0 0 50 0 0 28 5 0 0 0 0 0 
P1029 2083 11 0 4 0 38 31 0 23 0 0 8 0 50 62 21 0 0 28 31 0 0 0 3 0 0 0 17 0 0 0 0 -999 
P1029 2083 12 22 18 0 0 9 0 31 53 67 17 15 16 0 0 111 0 14 17 0 36 0 0 6 0 5 2 2 0 0 0 0 
P1029 2084 1 19 17 0 16 0 0 0 0 25 0 12 0 8 0 0 51 55 67 0 0 40 50 24 17 49 42 0 36 34 31 20 
P1029 2084 2 0 7 11 0 10 0 51 53 45 50 25 47 72 0 0 10 0 0 0 0 0 0 0 0 16 0 15 0 -999 -999 -999 
P1029 2084 3 0 0 0 0 29 5 0 0 0 0 0 0 0 23 0 83 145 71 28 36 0 0 0 0 0 0 0 0 0 0 0 
P1029 2084 4 0 0 0 0 37 0 0 4 0 0 0 0 0 0 0 11 0 0 6 0 0 0 0 0 0 7 0 0 0 0 -999 
P1029 2084 5 0 9 0 0 0 0 0 0 0 0 0 4 0 0 0 14 0 0 0 0 0 0 0 0 0 15 12 0 0 0 0 
P1029 2084 6 2 0 0 0 0 0 0 0 0 9 0 0 0 0 0 11 0 0 0 0 0 0 0 0 0 0 0 0 0 0 -999 
P1029 2084 7 0 0 0 0 0 0 0 0 0 0 0 0 0 0 0 0 0 0 0 0 0 0 0 0 0 0 0 0 0 0 0 
P1029 2084 8 0 0 0 0 0 0 0 0 0 0 0 0 0 0 0 0 0 0 0 0 0 0 0 0 21 0 0 0 0 0 0 
P1029 2084 9 0 0 0 0 12 0 0 9 0 0 0 11 0 0 0 0 0 0 0 6 0 0 0 0 0 0 3 0 0 0 -999 
P1029 2084 10 7 0 0 0 0 0 11 0 0 0 0 0 0 0 0 0 0 0 0 9 9 0 0 0 0 0 14 0 80 98 37 
P1029 2084 11 20 37 63 0 12 11 14 73 69 12 0 0 0 0 0 14 0 0 0 11 0 0 0 0 0 0 0 51 0 11 -999 
P1029 2084 12 0 0 0 7 23 0 0 63 52 55 96 98 118 67 17 0 0 0 0 0 0 0 0 0 0 0 0 0 10 0 2 
P1029 2085 1 0 0 2 0 0 0 0 0 0 0 0 0 0 0 2 8 5 3 9 2 5 0 0 74 59 0 0 0 0 0 0 
P1029 2085 2 0 0 13 0 42 30 0 0 0 0 37 37 20 0 0 0 0 0 0 2 0 0 0 0 0 0 0 0 -999 -999 -999 
P1029 2085 3 0 5 0 0 4 0 0 0 24 52 0 65 55 24 0 0 0 0 0 0 0 0 0 0 14 0 0 0 0 0 0 
P1029 2085 4 0 0 0 0 0 0 35 0 0 23 36 85 80 87 96 76 68 52 0 0 5 0 0 0 0 0 0 8 0 27 -999 
P1029 2085 5 0 35 0 0 0 0 41 69 66 18 10 0 0 0 0 0 0 0 0 0 0 0 0 0 0 0 0 0 4 0 0 
P1029 2085 6 0 0 0 0 0 0 0 0 0 0 18 0 0 0 0 0 0 0 0 0 0 3 0 0 0 0 0 0 0 0 -999 
P1029 2085 7 0 0 0 0 0 0 0 7 0 0 0 0 0 0 0 0 0 0 0 0 0 0 0 0 0 0 0 0 0 0 0 
P1029 2085 8 0 0 0 0 0 0 0 0 0 0 0 0 0 0 0 9 5 0 0 0 0 0 0 0 0 0 0 0 0 0 0 
P1029 2085 9 0 0 0 9 0 15 0 0 15 16 0 0 0 0 0 0 0 0 0 0 0 8 0 0 0 0 0 0 0 10 -999 
P1029 2085 10 0 12 0 0 0 0 0 0 0 15 0 23 26 33 0 0 17 0 0 0 0 0 0 0 0 0 46 19 31 60 0 
P1029 2085 11 0 0 17 0 0 4 0 0 0 0 0 0 0 0 0 30 47 12 11 52 16 0 3 0 0 0 0 0 29 17 -999 
P1029 2085 12 0 27 9 0 64 80 0 0 0 0 0 0 27 36 0 0 0 0 0 0 0 46 63 0 0 0 0 9 0 12 0 
P1029 2086 1 0 5 0 0 11 15 0 15 0 0 0 26 0 0 0 6 50 68 30 56 0 0 0 0 31 15 0 14 0 0 0 
P1029 2086 2 31 67 0 0 26 0 0 69 0 10 0 0 35 0 0 0 38 0 0 0 0 0 0 14 0 0 8 0 -999 -999 -999 
P1029 2086 3 9 0 0 0 0 0 0 0 0 0 0 21 43 0 0 0 0 6 0 0 0 0 0 0 0 0 0 0 17 22 0 
P1029 2086 4 0 0 0 0 0 0 26 0 0 2 3 0 0 0 16 0 0 16 0 0 3 0 0 0 0 0 0 34 0 17 -999 
P1029 2086 5 31 0 0 22 13 5 22 0 0 0 0 0 0 0 0 0 0 0 0 0 4 0 0 0 10 0 0 0 0 0 0 
P1029 2086 6 0 0 0 0 0 0 0 0 0 0 0 0 0 0 0 0 0 0 0 0 0 0 0 0 0 0 0 0 0 0 -999 
P1029 2086 7 0 12 11 0 0 0 0 0 0 0 0 0 0 0 0 0 0 0 0 0 0 0 0 0 0 0 0 0 0 0 0 
P1029 2086 8 0 0 0 0 0 0 0 0 0 0 0 0 0 0 0 0 0 0 0 0 0 0 0 0 0 0 0 0 0 0 0 
P1029 2086 9 0 0 0 0 0 0 0 0 0 0 0 0 0 0 0 11 0 0 0 0 0 0 0 0 0 0 0 0 0 0 -999 
P1029 2086 10 0 0 0 0 0 0 0 6 0 0 0 8 6 4 0 0 0 0 0 0 0 0 0 0 0 20 0 0 16 53 0 
P1029 2086 11 3 17 17 13 32 13 0 0 0 0 0 18 6 0 0 7 0 0 21 0 16 0 0 0 7 0 0 0 0 4 -999 
P1029 2086 12 4 0 0 0 0 0 0 0 0 2 0 0 0 0 0 0 0 0 40 19 17 0 61 19 6 13 0 0 0 0 3 
P1029 2087 1 0 0 18 0 0 0 40 43 0 0 10 0 4 6 0 0 0 0 0 0 0 0 10 0 8 0 0 0 0 17 28 
P1029 2087 2 41 28 0 0 0 0 0 0 0 0 0 14 0 0 0 0 0 0 0 0 0 0 0 0 0 28 0 30 -999 -999 -999 
P1029 2087 3 57 52 33 26 32 0 0 0 0 87 77 81 24 0 0 0 0 0 0 0 0 0 0 0 0 0 12 0 0 0 0 
P1029 2087 4 0 0 0 0 0 0 0 0 0 0 0 0 3 0 16 0 18 8 11 0 0 32 34 32 46 15 15 0 0 0 -999 
P1029 2087 5 0 0 0 0 0 0 0 0 0 0 31 11 8 0 18 0 2 0 0 0 0 0 0 0 0 0 0 0 0 0 0 
P1029 2087 6 0 0 0 0 0 0 0 0 0 0 0 0 2 0 0 0 0 22 0 0 0 0 0 0 0 0 0 0 0 0 -999 
P1029 2087 7 0 0 0 0 0 0 0 0 0 0 0 0 0 0 0 0 0 0 0 0 0 0 0 0 0 0 0 4 0 0 0 
P1029 2087 8 0 0 0 0 7 0 0 0 0 0 0 0 0 0 0 0 0 0 0 0 0 0 0 0 0 0 0 0 0 0 0 
P1029 2087 9 0 0 0 0 0 0 0 0 0 0 0 0 0 0 0 0 0 7 0 0 0 0 0 0 0 0 0 0 0 0 -999 
P1029 2087 10 0 0 0 25 14 9 6 0 0 16 0 0 0 0 2 2 6 0 0 0 0 0 5 0 0 4 0 0 0 0 0 
P1029 2087 11 0 0 0 0 6 0 0 1 0 0 5 0 0 0 0 0 0 0 0 0 0 0 0 0 0 0 0 0 0 17 -999 
P1029 2087 12 0 0 0 3 0 0 0 17 16 0 1 0 4 0 0 0 0 0 5 3 10 25 114 28 21 86 23 17 63 36 19 
P1029 2088 1 0 12 0 0 0 0 2 0 0 0 0 0 0 0 0 0 0 0 0 0 0 0 0 0 0 0 0 0 14 0 0 
P1029 2088 2 0 7 0 0 0 44 91 127 94 0 0 0 0 0 0 0 10 0 34 30 0 39 38 42 39 0 0 43 -999 -999 -999 
P1029 2088 3 0 94 85 0 0 0 0 0 10 0 0 9 0 0 0 10 17 0 0 0 0 0 20 0 0 0 13 0 0 0 0 
P1029 2088 4 0 0 0 0 22 0 78 73 51 0 0 46 43 0 24 0 16 0 0 6 0 0 0 0 0 0 0 0 0 0 -999 
P1029 2088 5 0 0 0 42 29 16 21 0 0 0 0 0 4 16 15 0 0 0 0 0 0 0 0 4 3 0 0 0 0 0 0 
P1029 2088 6 0 11 0 0 0 0 0 5 0 0 0 0 0 0 0 0 0 0 0 0 0 0 6 0 0 0 0 0 0 0 -999 
P1029 2088 7 0 0 0 0 0 0 0 0 0 0 0 0 0 0 0 0 0 0 0 0 0 0 0 0 0 0 0 0 0 0 0 
P1029 2088 8 0 0 0 0 0 0 0 0 0 0 0 4 0 0 0 0 0 0 0 0 0 0 0 0 0 0 0 0 0 0 0 
P1029 2088 9 48 0 0 0 0 0 0 0 0 0 0 0 0 0 0 0 0 0 0 0 0 0 0 0 0 0 0 0 0 0 -999 
P1029 2088 10 0 0 14 0 0 0 0 0 0 0 0 15 6 0 0 0 0 0 0 0 0 25 32 47 53 107 99 26 16 0 17 
P1029 2088 11 0 0 9 0 0 0 0 0 0 17 0 21 0 17 31 0 19 69 0 0 0 0 5 0 0 0 0 52 59 0 -999 
P1029 2088 12 0 44 37 55 56 42 61 51 0 8 0 0 0 0 0 0 12 0 0 0 0 0 19 0 0 0 28 0 30 0 0 
P1029 2089 1 0 0 0 0 0 16 21 59 94 92 99 157 98 0 0 0 0 0 0 0 0 3 0 0 0 0 0 0 12 0 0 
P1029 2089 2 0 23 7 0 52 104 0 102 123 40 53 113 120 43 9 0 0 0 0 0 0 0 0 0 0 0 0 0 -999 -999 -999 
P1029 2089 3 0 32 55 52 0 21 18 0 0 0 4 0 16 0 43 0 58 0 0 14 10 0 0 58 113 0 0 25 26 60 116 
P1029 2089 4 116 75 21 0 0 0 0 0 6 1 0 0 7 0 0 0 0 0 0 9 0 0 0 0 0 74 42 23 15 0 -999 
P1029 2089 5 28 0 2 4 2 0 0 0 0 0 0 0 0 0 0 0 0 0 12 0 0 0 6 0 0 0 0 0 0 0 0 
P1029 2089 6 0 0 0 0 0 0 0 0 0 0 0 0 0 0 0 0 0 0 0 0 0 0 0 0 0 0 0 0 0 0 -999 
P1029 2089 7 0 0 0 0 0 0 0 0 0 0 0 0 0 0 0 0 0 0 0 0 0 0 0 0 0 0 0 0 0 0 0 
P1029 2089 8 0 0 0 0 0 0 0 0 0 0 0 0 0 0 0 0 0 0 0 0 0 0 0 0 0 0 0 0 0 0 0 
P1029 2089 9 0 4 0 0 0 0 0 6 0 0 0 0 0 0 0 0 0 0 0 0 0 0 0 0 0 0 0 0 0 0 -999 
P1029 2089 10 0 0 0 0 0 0 0 0 0 0 0 5 0 5 5 0 0 0 0 0 0 0 0 7 0 0 0 0 0 0 0 
P1029 2089 11 29 0 0 48 0 9 0 0 0 0 0 0 0 0 0 0 0 0 0 11 0 0 0 93 80 39 21 0 40 120 -999 
P1029 2089 12 163 0 0 0 15 20 24 33 24 59 0 0 2 0 0 0 0 4 4 0 0 0 0 0 0 0 0 0 12 0 0 
P1029 2090 1 2 0 0 0 0 0 0 4 14 31 14 38 58 46 34 7 0 6 13 0 0 0 0 0 0 0 0 0 10 0 0 
P1029 2090 2 3 0 0 0 79 73 49 26 36 0 37 0 17 22 21 0 0 0 0 9 0 20 41 0 32 34 50 113 -999 -999 -999 
P1029 2090 3 122 42 12 0 0 0 0 0 0 0 0 0 0 47 0 0 0 0 0 0 0 24 12 0 0 11 0 6 0 0 31 
P1029 2090 4 27 0 0 28 0 0 0 0 0 24 0 30 0 44 58 14 15 0 4 0 0 0 0 0 0 6 0 0 0 14 -999 
P1029 2090 5 0 0 0 0 0 0 0 0 0 0 0 0 0 0 0 0 0 0 0 0 0 0 0 17 0 0 0 0 38 42 0 
P1029 2090 6 28 0 0 0 0 0 0 0 0 0 3 0 0 35 0 0 0 0 0 0 0 0 0 0 0 0 0 2 0 0 -999 
P1029 2090 7 0 0 0 0 0 0 0 0 0 0 0 0 0 21 0 0 0 0 0 0 0 0 0 0 0 0 0 0 0 0 0 
P1029 2090 8 0 0 0 0 0 0 0 0 0 0 0 0 0 0 0 0 0 0 0 0 0 0 0 0 0 0 0 0 0 0 0 
P1029 2090 9 0 0 0 0 0 0 0 0 0 0 0 0 0 0 0 0 0 0 0 0 0 0 0 0 0 0 0 0 0 0 -999 
P1029 2090 10 0 0 9 21 23 26 13 0 0 14 0 0 17 15 0 0 0 0 5 0 0 0 0 29 0 0 26 0 21 0 0 
P1029 2090 11 0 0 7 4 0 0 5 0 0 0 35 0 9 30 26 0 0 19 0 0 0 0 0 0 0 35 14 0 13 16 -999 
P1029 2090 12 0 97 79 32 38 0 0 0 0 48 0 0 30 46 28 11 12 0 0 25 0 0 0 27 25 9 0 14 0 0 1 
P1029 2091 1 0 7 0 11 10 0 41 59 17 0 16 18 36 0 0 11 11 18 16 0 0 8 0 0 0 0 0 0 15 0 0 
P1029 2091 2 0 0 0 0 5 0 31 0 0 0 0 0 0 0 0 0 16 55 135 70 62 58 0 0 0 73 0 23 -999 -999 -999 
P1029 2091 3 11 8 6 23 42 98 0 0 4 0 0 0 0 0 23 21 0 0 0 4 0 10 0 0 4 0 0 0 0 0 0 
P1029 2091 4 0 0 0 0 0 0 6 12 0 0 19 33 30 0 0 25 0 0 0 5 9 14 0 0 3 0 0 0 0 0 -999 
P1029 2091 5 14 0 0 0 0 0 0 0 0 0 0 0 0 0 0 0 0 0 0 0 0 0 0 0 13 0 11 4 0 0 0 
P1029 2091 6 0 0 0 8 0 0 0 0 0 0 0 0 0 0 0 0 24 0 0 0 0 5 0 0 0 0 0 0 0 0 -999 
P1029 2091 7 0 0 0 0 0 3 0 16 0 0 0 0 0 0 0 0 0 0 0 0 0 0 0 0 0 0 0 0 0 0 0 
P1029 2091 8 0 0 0 7 0 0 0 0 0 0 3 0 0 0 0 0 11 0 0 0 0 0 0 9 5 0 0 0 0 0 0 
P1029 2091 9 0 0 0 0 0 0 0 0 0 0 0 0 0 0 0 0 0 0 0 0 0 0 0 0 0 0 0 0 0 0 -999 
P1029 2091 10 0 6 0 0 0 0 0 0 0 0 0 70 0 0 15 0 24 0 8 0 0 0 0 0 0 64 65 94 97 56 42 
P1029 2091 11 42 0 10 0 0 0 0 5 6 0 0 3 0 0 0 27 0 15 0 5 0 18 0 0 8 13 26 9 7 17 -999 
P1029 2091 12 51 24 0 0 0 20 0 0 0 0 0 0 0 0 0 16 0 12 0 11 0 0 32 34 23 0 2 14 0 0 0 
P1029 2092 1 0 0 0 0 0 0 19 0 0 0 0 0 12 0 40 33 117 51 159 115 63 16 18 44 27 23 93 49 0 56 28 
P1029 2092 2 26 58 0 5 26 119 63 0 77 148 0 18 36 66 19 0 23 51 0 46 0 0 0 0 16 0 36 30 -999 -999 -999 
P1029 2092 3 33 0 0 0 10 0 0 67 0 15 0 23 26 0 86 81 0 23 21 50 69 62 141 246 0 60 15 31 32 21 35 
P1029 2092 4 0 0 64 0 0 0 0 0 0 0 0 38 0 22 0 0 0 0 0 0 0 13 0 0 0 0 37 54 40 0 -999 
P1029 2092 5 0 0 0 0 0 0 0 0 0 0 0 0 0 0 0 21 34 0 0 0 0 0 0 0 0 0 0 0 0 0 0 
P1029 2092 6 0 6 0 0 5 0 0 0 0 0 0 0 0 0 0 0 0 0 0 0 0 0 0 0 0 0 0 0 0 0 -999 
P1029 2092 7 0 0 0 0 0 0 0 0 0 0 0 0 0 0 0 0 0 0 0 0 0 0 0 0 0 0 0 0 0 0 0 
P1029 2092 8 0 0 0 0 0 0 0 0 0 0 0 0 0 0 0 0 0 0 0 0 0 0 0 0 0 0 0 0 0 0 0 
P1029 2092 9 0 0 0 0 0 0 0 0 0 0 0 0 0 0 0 0 0 0 0 0 0 0 0 0 0 0 0 0 0 0 -999 
P1029 2092 10 0 0 0 0 0 0 0 0 0 20 0 35 0 3 0 0 0 0 0 0 0 1 4 0 0 0 0 4 5 0 0 
P1029 2092 11 0 16 30 98 61 0 0 0 0 0 0 54 123 97 61 15 11 0 39 0 35 18 0 87 0 18 0 0 2 0 -999 
P1029 2092 12 0 12 0 4 0 0 15 0 70 40 15 9 0 0 0 0 20 12 0 85 143 60 81 37 27 58 15 36 0 0 31 
P1029 2093 1 57 57 0 33 44 56 31 19 0 0 86 110 0 101 0 94 0 40 17 0 0 0 0 11 0 20 18 0 61 44 80 
P1029 2093 2 57 24 0 0 0 0 0 0 0 0 29 0 0 0 37 61 0 24 50 53 63 0 0 0 8 0 11 11 -999 -999 -999 
P1029 2093 3 0 0 0 0 0 11 10 45 85 0 89 0 19 23 0 0 0 0 0 0 0 11 9 0 40 0 53 27 0 0 0 
P1029 2093 4 0 0 0 11 0 0 0 0 0 0 6 0 12 0 0 28 0 0 0 0 0 0 0 15 0 36 0 44 0 0 -999 
P1029 2093 5 0 0 32 0 0 0 3 0 0 0 0 0 0 0 0 0 0 0 0 0 0 0 0 0 0 0 0 0 0 10 0 
P1029 2093 6 4 0 0 0 0 0 0 0 25 0 0 0 0 0 0 0 0 0 0 0 3 0 0 0 0 0 0 0 0 0 -999 
P1029 2093 7 0 0 3 0 0 0 0 0 0 0 0 0 0 0 0 0 0 0 0 0 0 0 4 0 0 0 0 0 0 0 0 
P1029 2093 8 0 0 0 0 0 0 0 0 0 0 6 0 4 0 0 0 0 0 0 0 0 0 0 0 5 0 3 0 0 0 0 
P1029 2093 9 0 0 0 0 0 0 0 0 0 0 0 0 0 0 0 0 0 0 0 0 0 0 0 0 0 0 0 0 0 23 -999 
P1029 2093 10 0 0 0 0 0 0 0 0 0 0 0 17 23 0 31 112 48 25 0 6 0 0 0 7 11 0 0 5 0 3 10 
P1029 2093 11 18 18 0 0 4 0 0 0 0 8 0 0 0 0 0 0 0 0 4 0 8 0 4 0 0 0 0 3 0 0 -999 
P1029 2093 12 0 0 0 0 0 0 0 0 0 0 0 0 0 0 0 0 0 11 20 19 0 0 0 0 0 0 0 0 0 0 0 
P1029 2094 1 0 0 20 0 22 0 18 33 39 26 0 0 11 0 0 31 74 91 73 52 0 83 120 116 109 32 44 101 20 67 30 
P1029 2094 2 42 52 75 64 0 0 0 0 1 0 0 0 0 0 0 0 0 0 0 0 0 0 0 0 0 0 0 0 -999 -999 -999 
P1029 2094 3 0 0 0 0 0 0 1 0 0 0 0 0 0 0 0 0 17 0 16 35 0 0 25 0 0 0 0 0 63 107 50 
P1029 2094 4 107 113 55 11 20 0 56 27 11 0 30 0 0 5 16 0 0 0 0 0 0 27 5 0 10 0 6 0 0 0 -999 
P1029 2094 5 0 0 0 0 0 7 0 0 0 0 0 0 0 0 0 0 0 0 0 0 0 0 0 0 0 0 0 0 0 0 0 
P1029 2094 6 0 0 0 0 0 0 0 0 0 0 0 0 0 0 0 0 0 0 0 0 0 0 0 0 0 0 0 0 0 0 -999 
P1029 2094 7 0 0 0 0 0 0 0 0 0 0 0 0 0 0 0 0 7 0 0 0 0 0 0 0 0 0 0 0 0 0 0 
P1029 2094 8 0 0 0 0 0 0 0 0 0 0 0 0 0 0 0 0 0 0 0 8 0 0 0 0 0 0 0 0 0 0 0 
P1029 2094 9 0 0 9 0 0 0 0 0 0 0 0 0 0 0 0 0 0 0 0 0 0 13 0 0 0 0 19 0 0 0 -999 
P1029 2094 10 0 0 0 12 0 0 0 0 0 0 10 0 0 0 6 8 13 16 33 27 47 0 67 0 0 42 49 0 0 9 0 
P1029 2094 11 0 0 1 0 0 0 0 0 0 0 9 0 63 0 16 13 26 0 17 0 0 0 45 0 0 27 30 0 0 0 -999 
P1029 2094 12 7 0 0 0 0 0 3 0 0 11 0 0 25 0 0 0 0 0 34 0 0 0 1 0 0 0 0 4 0 14 23 
P1029 2095 1 61 0 80 78 31 15 35 70 61 17 20 16 0 0 23 0 0 0 0 0 15 0 18 0 75 125 123 0 0 0 57 
P1029 2095 2 41 23 0 0 11 13 17 16 5 0 6 0 0 0 0 0 0 0 0 11 0 0 0 0 0 0 0 0 -999 -999 -999 
P1029 2095 3 0 0 0 0 0 0 0 0 0 0 12 0 0 0 4 0 0 0 0 0 12 0 0 0 25 0 0 0 48 0 33 
P1029 2095 4 36 94 42 0 8 7 0 12 0 0 0 26 0 20 0 15 0 0 0 0 0 56 52 65 0 0 0 0 0 0 -999 
P1029 2095 5 0 0 0 7 0 0 0 0 0 0 0 6 0 0 0 0 0 0 0 0 0 0 0 0 0 0 0 0 4 0 3 
P1029 2095 6 0 0 0 0 0 14 0 16 0 0 0 0 0 0 0 0 0 19 0 0 23 0 0 8 0 0 0 0 0 0 -999 
P1029 2095 7 0 5 0 0 0 0 0 0 0 0 0 0 0 0 0 0 0 0 0 0 0 3 0 0 0 0 0 0 0 0 0 
P1029 2095 8 0 0 0 0 0 0 0 0 0 0 0 0 0 0 0 0 0 0 0 0 0 0 0 0 0 0 0 0 0 9 0 
P1029 2095 9 0 0 0 0 0 3 0 0 0 0 0 0 27 0 0 0 0 0 0 0 0 0 0 0 0 0 0 0 7 0 -999 
P1029 2095 10 0 0 0 7 0 0 11 0 8 0 0 0 0 0 0 0 33 0 0 0 0 0 2 1 0 0 0 0 0 0 0 
P1029 2095 11 0 0 0 76 36 0 56 72 0 0 0 36 0 0 0 2 6 0 0 0 37 0 46 0 18 3 0 0 0 3 -999 
P1029 2095 12 0 0 5 0 7 3 13 40 0 0 0 0 0 67 87 49 0 18 24 95 0 0 0 26 135 89 0 20 0 10 24 
P1029 2096 1 25 4 0 23 57 0 105 98 86 56 0 16 0 0 0 0 3 6 3 0 1 0 0 0 0 0 0 0 0 0 8 
P1029 2096 2 0 0 0 71 49 0 0 11 0 0 0 0 0 99 89 0 4 0 1 0 0 0 0 0 0 0 0 0 -999 -999 -999 
P1029 2096 3 0 0 0 0 0 0 0 0 0 0 0 0 0 0 0 0 0 0 0 29 0 73 57 8 9 0 0 50 61 0 9 
P1029 2096 4 0 0 0 3 0 0 0 0 0 0 0 0 0 0 78 64 31 25 15 0 0 0 0 0 0 0 0 0 0 0 -999 
P1029 2096 5 0 0 0 0 0 0 0 0 0 0 0 0 0 0 0 0 0 0 0 0 0 0 0 0 0 0 0 0 9 7 0 
P1029 2096 6 0 0 0 0 0 20 15 0 6 0 0 0 0 0 0 0 0 0 0 0 0 0 5 0 0 0 0 0 0 0 -999 
P1029 2096 7 0 0 11 0 1 0 0 0 0 0 0 0 0 0 0 0 0 0 0 0 0 0 0 0 0 0 0 0 0 0 0 
P1029 2096 8 0 0 0 6 0 0 0 0 0 0 0 0 0 0 0 0 0 0 0 0 0 0 0 0 0 0 0 0 0 0 0 
P1029 2096 9 0 0 0 0 0 6 0 0 0 0 0 0 0 0 0 0 0 18 0 0 18 0 19 11 0 0 3 0 0 0 -999 
P1029 2096 10 0 26 0 0 0 0 0 0 0 0 0 0 0 7 0 0 0 0 17 16 5 18 8 3 0 0 0 0 0 0 0 
P1029 2096 11 0 3 0 0 0 0 0 0 0 0 0 0 0 0 2 1 0 0 0 7 0 0 9 0 0 0 0 0 0 0 -999 
P1029 2096 12 4 0 0 0 0 0 0 0 0 0 0 0 18 41 0 14 64 46 0 6 0 0 0 0 12 9 0 0 30 0 0 
P1029 2097 1 0 6 0 0 0 0 0 0 0 0 0 0 0 0 0 0 0 0 0 0 0 0 0 0 23 29 0 0 4 4 0 
P1029 2097 2 0 0 0 0 0 61 0 0 0 1 0 0 0 0 0 0 0 9 0 0 0 0 0 0 0 43 0 0 -999 -999 -999 
P1029 2097 3 0 0 41 10 8 35 6 0 0 0 0 0 0 0 0 0 0 0 0 0 0 0 0 57 20 0 0 9 0 2 2 
P1029 2097 4 0 0 0 12 0 32 0 0 0 24 37 43 61 40 0 0 0 0 0 12 0 0 0 39 0 0 1 0 0 0 -999 
P1029 2097 5 0 0 0 0 0 0 15 9 0 0 0 0 0 0 0 0 10 0 16 23 0 0 0 0 0 0 0 0 0 0 0 
P1029 2097 6 0 0 0 0 0 0 0 0 0 0 0 0 0 0 0 0 0 0 0 0 0 0 0 0 0 0 0 0 0 0 -999 
P1029 2097 7 0 0 0 0 0 0 0 0 0 0 0 0 0 0 0 0 0 0 0 0 0 0 0 0 0 0 0 0 0 0 0 
P1029 2097 8 0 0 0 0 0 0 0 0 0 0 0 0 0 0 0 0 0 0 0 0 0 0 0 0 0 0 0 0 0 0 0 
P1029 2097 9 0 0 0 0 16 0 0 0 0 0 0 0 0 3 0 2 5 0 0 0 0 0 0 0 0 0 0 0 0 0 -999 
P1029 2097 10 0 0 0 0 0 0 0 0 0 3 0 0 0 0 28 28 0 26 0 4 0 0 0 0 3 0 0 0 6 0 0 
P1029 2097 11 0 0 9 0 0 9 6 0 0 4 0 9 0 0 0 0 0 0 0 0 1 0 8 0 5 0 12 0 0 27 -999 
P1029 2097 12 0 0 5 0 0 0 0 0 0 0 0 0 0 0 0 0 0 0 6 0 0 0 0 0 0 0 0 0 47 56 45 
P1029 2098 1 0 0 19 0 64 30 0 0 0 0 0 0 9 0 0 0 0 0 32 116 0 36 0 29 3 0 0 0 0 0 15 
P1029 2098 2 18 0 15 0 0 17 38 79 57 83 0 54 18 17 28 0 0 31 17 0 0 0 0 0 0 0 0 0 -999 -999 -999 
P1029 2098 3 0 0 0 0 0 0 0 5 0 20 0 0 0 0 0 0 0 0 0 0 0 0 0 0 0 0 38 0 4 14 0 
P1029 2098 4 0 0 0 0 17 26 0 0 0 0 0 9 0 3 0 0 0 0 0 0 0 0 43 0 0 0 0 0 0 0 -999 
P1029 2098 5 0 0 0 0 0 20 29 31 0 81 87 65 0 0 0 0 15 0 0 15 28 0 45 52 42 0 0 0 0 0 0 
P1029 2098 6 0 0 0 0 0 0 0 21 10 0 0 9 0 4 0 0 0 0 0 0 0 0 0 0 0 0 0 0 0 0 -999 
P1029 2098 7 0 0 0 0 0 0 0 0 0 0 0 0 0 0 0 0 0 0 0 0 0 0 0 0 0 0 0 0 0 0 0 
P1029 2098 8 0 0 0 0 0 0 0 0 0 0 0 0 0 0 0 0 0 0 0 0 0 0 0 0 0 0 0 0 0 0 0 
P1029 2098 9 0 2 0 0 0 0 0 0 0 0 0 0 0 0 0 0 0 0 0 0 0 6 0 0 10 0 0 0 0 0 -999 
P1029 2098 10 0 4 0 0 0 0 0 0 0 0 0 0 0 0 0 0 0 20 0 4 0 8 0 0 13 28 28 14 0 0 12 
P1029 2098 11 2 0 0 0 0 0 0 0 0 22 0 43 52 30 17 19 0 35 0 0 0 33 0 0 0 0 0 0 0 0 -999 
P1029 2098 12 0 0 0 0 0 0 0 7 0 0 0 0 0 0 0 0 11 14 0 44 33 32 21 27 40 12 8 0 29 0 0 
P1029 2099 1 16 0 0 0 0 0 0 0 0 45 43 0 0 0 0 0 23 0 3 0 0 62 204 17 0 0 0 0 0 0 0 
P1029 2099 2 0 0 0 34 9 10 0 0 0 0 0 0 0 0 0 0 0 0 0 0 0 0 0 103 112 0 36 66 -999 -999 -999 
P1029 2099 3 0 97 111 89 21 0 0 0 17 0 0 0 0 0 0 17 25 92 113 98 0 8 0 0 0 0 0 0 8 21 24 
P1029 2099 4 0 0 0 5 18 0 0 0 0 0 0 0 0 0 0 0 0 2 0 0 0 0 0 0 14 17 48 34 0 42 -999 
P1029 2099 5 0 11 10 0 8 0 0 0 0 0 1 0 0 0 0 0 0 0 0 0 0 0 0 0 8 5 0 9 0 0 2 
P1029 2099 6 0 0 0 0 0 0 0 0 0 0 0 0 0 0 0 0 0 0 0 10 0 15 0 6 0 3 0 0 0 0 -999 
P1029 2099 7 0 0 0 0 0 0 0 0 0 0 0 0 0 0 0 0 0 0 0 0 0 0 0 11 12 0 0 0 0 0 0 
P1029 2099 8 0 0 0 0 0 0 0 0 0 0 0 0 0 0 15 0 10 0 0 0 0 0 0 0 0 0 0 0 0 0 0 
P1029 2099 9 0 0 0 0 0 0 0 0 0 10 0 0 0 0 0 0 0 0 0 0 0 0 0 0 0 0 0 0 0 6 -999 
P1029 2099 10 0 0 15 0 0 0 0 0 22 29 44 45 19 0 0 0 0 0 0 11 0 7 0 9 0 19 11 12 0 0 0 
P1029 2099 11 10 19 0 0 0 0 0 0 0 0 0 15 11 0 0 15 0 0 0 0 5 0 0 0 16 19 37 48 83 0 -999 
P1029 2099 12 0 0 8 6 0 32 25 0 0 0 0 0 0 0 6 0 0 0 11 0 31 21 29 60 144 209 185 150 70 40 19 
P1029 2100 1 0 0 0 12 34 0 11 0 0 0 98 135 100 27 0 0 0 0 0 0 0 0 0 0 0 6 0 0 0 0 14 
P1029 2100 2 0 107 51 0 0 0 14 12 57 52 21 0 0 6 0 17 0 0 0 21 0 0 0 3 0 0 0 0 -999 -999 -999 
P1029 2100 3 0 0 83 0 0 19 0 37 42 37 31 59 58 11 8 0 0 0 0 0 49 61 0 0 0 42 0 16 44 42 35 
P1029 2100 4 43 38 0 0 0 0 0 0 0 13 0 95 0 47 28 0 17 11 6 0 0 0 0 0 0 0 0 0 0 0 -999 
P1029 2100 5 0 7 0 0 0 0 0 0 11 0 0 9 0 0 0 0 0 0 19 0 16 11 0 27 25 9 0 0 12 0 0 
P1029 2100 6 0 22 0 0 0 0 0 9 0 0 0 0 0 0 0 0 0 0 0 0 0 0 0 0 0 0 0 0 0 0 -999 
P1029 2100 7 0 0 0 0 0 0 0 0 0 0 0 0 0 0 0 0 0 0 0 0 0 0 0 0 0 7 0 0 0 0 0 
P1029 2100 8 0 0 0 0 0 0 0 0 0 0 0 0 0 0 0 0 0 0 0 0 0 0 0 0 0 0 0 0 0 0 0 
P1029 2100 9 0 0 0 0 0 0 0 0 0 0 0 0 0 0 0 0 0 0 0 0 14 0 0 0 0 0 0 0 0 0 -999 
P1029 2100 10 10 0 0 0 0 0 22 25 0 0 21 23 19 14 10 12 0 0 9 0 11 45 24 0 4 0 0 0 13 4 2 
P1029 2100 11 0 0 0 34 30 65 0 19 65 29 0 40 56 69 100 0 61 66 46 0 19 52 30 48 0 0 0 9 0 0 -999 
P1029 2100 12 0 0 0 0 0 0 0 0 0 0 0 0 0 0 2 0 0 0 0 0 6 10 0 0 10 0 0 0 2 0 0 
