precip	MIROC5	RCP60	REGRESION	decimas	1
P1522	37.441	-4.554	182	geo	2006	2100	-1
P1522 2006 1 0 7 7 0 0 0 6 9 0 0 0 0 176 66 42 137 115 117 100 19 6 0 0 0 12 17 0 0 0 35 0 
P1522 2006 2 11 62 0 0 0 0 0 0 0 0 0 24 43 60 51 27 0 0 0 0 19 14 13 9 6 0 0 0 -999 -999 -999 
P1522 2006 3 55 79 95 143 136 127 114 119 73 51 71 0 30 0 29 64 132 177 115 52 83 48 44 26 34 0 40 0 0 49 101 
P1522 2006 4 0 0 0 52 0 0 0 0 11 0 0 0 0 0 10 0 0 0 0 0 0 0 0 0 0 0 60 54 49 31 -999 
P1522 2006 5 0 33 28 39 0 64 21 0 0 0 0 0 0 44 24 0 0 17 0 30 9 8 12 0 0 0 0 0 0 0 0 
P1522 2006 6 0 0 0 0 0 0 0 0 35 22 0 0 23 0 0 0 0 0 0 0 0 0 0 0 0 0 0 0 0 0 -999 
P1522 2006 7 0 0 0 0 0 34 0 31 0 0 0 0 0 0 0 0 0 0 0 0 0 0 0 0 0 0 0 0 0 0 0 
P1522 2006 8 0 0 0 0 0 0 0 0 0 0 0 0 0 0 0 0 0 0 0 0 0 0 0 0 0 23 0 0 0 0 30 
P1522 2006 9 0 0 26 0 0 0 0 0 0 0 0 0 0 0 0 0 0 0 0 0 0 0 0 0 22 8 0 11 0 15 -999 
P1522 2006 10 0 0 0 0 0 5 0 0 21 0 0 0 0 0 0 0 0 10 0 0 0 0 0 0 0 0 0 0 24 0 0 
P1522 2006 11 0 0 0 0 0 0 36 0 0 0 0 0 0 0 0 5 0 5 0 0 26 0 0 0 23 0 2 0 0 0 -999 
P1522 2006 12 0 0 0 0 0 0 27 0 41 0 0 0 44 0 62 117 38 0 0 0 14 36 0 68 60 64 44 0 0 0 19 
P1522 2007 1 0 25 0 0 0 0 0 0 0 0 0 0 0 0 0 0 0 0 15 0 0 0 0 0 24 0 0 28 26 0 17 
P1522 2007 2 0 9 23 34 13 0 27 94 218 184 31 0 0 10 13 0 20 55 34 21 33 55 37 19 18 24 0 0 -999 -999 -999 
P1522 2007 3 0 42 0 44 0 46 20 17 0 0 18 60 0 67 39 0 0 16 0 31 0 0 0 0 0 0 13 0 0 0 0 
P1522 2007 4 0 0 0 0 21 22 6 3 0 0 0 0 0 0 0 0 0 51 50 0 0 35 0 50 0 18 0 0 0 0 -999 
P1522 2007 5 0 0 0 0 0 0 0 0 0 0 0 0 0 0 0 20 19 0 32 27 0 0 0 0 0 12 0 0 0 0 0 
P1522 2007 6 43 0 0 24 0 0 0 0 0 0 23 0 0 0 0 0 0 0 19 22 0 0 0 23 18 0 0 28 31 0 -999 
P1522 2007 7 0 23 0 0 0 0 0 0 0 0 0 0 0 0 0 0 0 0 0 0 0 0 0 0 0 0 0 0 0 0 0 
P1522 2007 8 0 0 0 0 0 0 0 0 0 0 0 0 0 0 0 0 0 0 0 0 0 0 0 0 0 0 0 30 0 0 9 
P1522 2007 9 12 0 0 0 0 13 0 0 0 0 0 0 0 0 52 0 0 0 0 6 0 0 0 0 0 0 0 0 0 7 -999 
P1522 2007 10 0 0 0 0 0 0 0 0 36 0 22 0 51 61 22 19 0 0 0 0 0 0 48 58 27 0 36 25 0 6 0 
P1522 2007 11 0 0 0 0 0 0 6 0 27 0 24 0 13 0 0 0 4 0 0 1 0 0 0 0 3 8 18 16 0 0 -999 
P1522 2007 12 0 0 0 16 17 14 21 12 0 0 0 0 0 3 0 7 0 0 14 0 7 0 10 11 0 0 0 24 0 0 0 
P1522 2008 1 15 0 0 0 20 1 0 0 2 0 0 0 0 0 0 47 27 0 0 0 113 114 0 25 0 107 137 89 50 72 90 
P1522 2008 2 173 48 80 45 33 49 49 94 0 0 0 0 13 15 33 58 0 64 43 93 18 0 16 0 0 27 21 22 -999 -999 -999 
P1522 2008 3 0 3 0 0 0 3 0 0 0 0 0 13 0 0 5 0 3 0 0 0 6 8 0 0 0 0 0 0 0 0 0 
P1522 2008 4 0 0 14 25 6 0 7 0 0 0 0 0 0 0 0 0 38 0 11 0 11 0 10 0 0 11 0 0 0 0 -999 
P1522 2008 5 0 16 0 12 23 0 6 10 0 0 51 0 0 44 0 0 20 0 0 44 52 39 60 24 0 0 0 0 0 0 0 
P1522 2008 6 0 0 20 0 0 0 15 0 21 0 0 27 0 0 0 11 0 18 0 0 0 0 0 0 0 0 0 0 0 14 -999 
P1522 2008 7 0 0 0 0 0 0 0 0 0 0 0 0 0 0 0 0 0 0 0 0 0 0 0 30 0 0 0 0 0 0 0 
P1522 2008 8 0 0 0 0 0 0 0 0 0 0 0 0 0 0 0 0 0 31 0 14 0 0 0 0 14 0 0 0 0 0 10 
P1522 2008 9 0 0 0 0 0 0 0 0 0 0 0 0 0 36 0 0 0 0 0 0 0 0 0 23 0 20 0 0 47 0 -999 
P1522 2008 10 0 0 17 16 0 0 0 21 0 0 0 0 0 24 0 0 0 0 0 0 17 0 0 0 0 40 54 0 28 0 0 
P1522 2008 11 24 5 36 8 6 0 2 0 0 5 34 11 0 0 0 0 0 37 0 0 0 7 0 0 0 0 0 0 0 0 -999 
P1522 2008 12 0 0 0 0 2 0 3 0 0 29 39 9 0 28 0 0 8 6 0 0 0 0 0 0 20 0 30 0 0 0 0 
P1522 2009 1 0 0 0 0 0 0 0 0 0 0 3 0 12 0 17 0 1 0 0 0 2 0 0 0 0 0 0 0 4 3 0 
P1522 2009 2 0 0 0 14 10 0 0 2 1 2 0 0 0 0 2 0 0 0 0 0 0 0 3 0 7 4 0 35 -999 -999 -999 
P1522 2009 3 53 0 67 29 24 0 0 47 77 32 0 15 13 15 35 26 66 65 43 0 0 0 31 0 25 70 64 93 100 68 34 
P1522 2009 4 0 104 42 20 33 0 20 14 0 7 0 26 0 31 0 0 0 0 0 18 0 14 0 4 0 0 0 24 49 0 -999 
P1522 2009 5 38 43 0 0 25 0 23 0 35 54 51 24 0 3 6 6 0 0 35 35 0 42 0 0 24 12 0 13 0 0 0 
P1522 2009 6 0 0 0 0 0 0 0 0 17 23 0 0 9 0 0 0 0 0 0 0 0 0 0 0 0 0 0 0 0 0 -999 
P1522 2009 7 0 0 0 0 0 0 0 0 0 0 0 0 0 0 0 0 15 0 0 0 0 0 0 0 0 0 20 0 0 0 0 
P1522 2009 8 0 0 0 0 0 0 0 0 0 0 0 0 0 0 0 0 0 0 0 0 0 0 0 0 0 0 13 0 32 0 0 
P1522 2009 9 29 26 0 0 0 6 0 0 0 0 0 0 17 0 0 0 0 0 0 0 0 0 32 0 0 8 0 0 0 0 -999 
P1522 2009 10 11 0 0 0 0 0 0 0 0 0 28 25 21 23 0 32 31 27 25 20 21 0 0 48 0 0 0 7 0 8 0 
P1522 2009 11 0 0 0 0 0 0 0 0 0 0 0 4 0 0 0 0 0 0 0 0 0 18 55 56 9 0 7 0 0 0 -999 
P1522 2009 12 0 21 41 28 51 83 124 32 35 0 75 0 0 0 0 11 11 29 23 0 0 0 13 0 0 31 0 48 0 7 0 
P1522 2010 1 0 0 0 94 61 31 0 9 0 0 0 0 0 6 11 17 13 0 0 18 20 0 0 0 0 0 0 0 0 10 0 
P1522 2010 2 0 13 0 0 0 25 0 0 3 2 0 0 0 0 0 0 0 0 0 6 0 8 0 0 0 3 0 0 -999 -999 -999 
P1522 2010 3 0 0 0 0 22 33 45 0 62 51 0 0 0 0 10 7 10 24 48 34 0 0 0 0 0 0 0 0 0 0 0 
P1522 2010 4 0 0 62 0 0 0 0 0 0 35 0 40 30 0 71 63 0 0 0 0 32 0 0 20 44 0 8 0 0 0 -999 
P1522 2010 5 0 0 26 37 36 15 8 0 0 0 0 21 0 0 0 0 21 0 0 5 8 0 0 23 0 43 49 0 0 0 0 
P1522 2010 6 0 37 30 0 0 0 0 17 0 0 0 0 0 22 0 0 0 0 0 0 0 0 0 0 0 24 0 0 0 0 -999 
P1522 2010 7 0 0 0 0 0 0 0 19 27 0 0 0 0 0 0 0 0 0 0 0 0 0 0 0 0 0 0 0 0 15 0 
P1522 2010 8 0 0 0 0 0 0 0 0 0 0 0 0 24 0 0 23 0 0 0 0 0 0 0 0 0 0 0 18 14 0 0 
P1522 2010 9 0 22 0 0 0 0 0 0 0 30 0 35 33 21 0 0 0 21 0 0 0 0 0 0 0 0 0 0 0 0 -999 
P1522 2010 10 0 0 0 0 0 0 0 0 0 0 64 31 0 57 0 16 6 0 0 0 30 40 0 0 0 0 0 0 0 20 0 
P1522 2010 11 0 0 0 0 8 0 4 0 0 0 3 0 0 0 0 0 0 0 0 0 0 0 0 0 3 0 0 0 3 0 -999 
P1522 2010 12 0 2 0 11 0 0 18 10 13 0 0 0 37 51 0 0 6 0 14 0 0 0 0 0 2 0 0 8 0 0 0 
P1522 2011 1 0 0 0 0 12 0 0 0 0 0 0 0 0 0 0 0 0 0 0 0 0 0 44 0 14 0 0 0 1 0 0 
P1522 2011 2 8 0 0 0 0 21 17 0 0 0 0 26 0 0 13 0 0 0 0 0 0 34 0 0 0 0 16 33 -999 -999 -999 
P1522 2011 3 63 0 0 4 0 6 9 0 0 17 24 30 0 0 52 123 213 42 0 35 0 41 61 173 76 0 0 73 0 0 6 
P1522 2011 4 0 0 0 17 0 0 15 0 0 0 0 29 36 18 0 0 0 55 0 35 29 0 0 0 10 0 0 0 0 0 -999 
P1522 2011 5 0 0 11 6 0 0 0 0 0 0 0 0 0 0 0 0 0 0 0 0 0 0 0 0 0 0 0 0 0 30 0 
P1522 2011 6 0 17 0 13 0 0 0 0 16 0 0 0 0 0 0 26 0 0 0 0 0 0 0 0 0 0 0 24 21 13 -999 
P1522 2011 7 0 0 0 0 0 0 0 0 0 0 0 0 0 0 0 0 0 0 0 0 0 0 0 0 0 0 0 0 0 0 0 
P1522 2011 8 0 0 0 0 0 0 0 0 0 0 0 0 0 0 0 0 0 0 0 0 0 0 4 0 0 0 11 0 0 0 0 
P1522 2011 9 0 0 0 0 0 0 0 0 0 60 0 0 0 0 0 0 0 0 0 0 0 0 0 0 0 0 9 0 0 0 -999 
P1522 2011 10 0 26 0 0 0 0 0 0 0 0 13 0 0 0 11 0 0 19 0 0 0 0 0 0 0 0 0 0 0 43 0 
P1522 2011 11 11 0 11 35 84 67 78 0 0 0 0 7 0 2 0 0 34 27 13 6 0 70 61 44 0 0 0 24 0 0 -999 
P1522 2011 12 6 0 35 0 0 0 0 5 0 0 0 30 0 0 0 41 59 52 0 72 100 0 70 0 0 36 30 0 21 0 0 
P1522 2012 1 108 39 4 1 0 0 0 0 0 0 0 0 0 0 0 0 0 0 2 7 0 0 0 0 1 0 0 11 21 0 0 
P1522 2012 2 0 0 0 28 6 7 4 0 0 0 0 0 0 0 0 0 0 0 0 0 25 11 0 0 0 3 0 0 -999 -999 -999 
P1522 2012 3 0 86 0 0 20 19 0 0 0 0 0 0 26 0 0 0 0 0 20 31 0 0 13 0 0 0 0 0 0 0 0 
P1522 2012 4 0 0 0 0 0 0 46 29 0 0 4 0 22 79 68 52 50 0 16 14 14 12 0 39 0 0 64 49 67 43 -999 
P1522 2012 5 26 0 0 22 0 0 0 0 31 0 25 0 0 36 35 23 19 22 0 0 13 23 0 21 47 0 28 16 0 0 0 
P1522 2012 6 0 0 0 9 0 0 0 0 0 0 0 27 26 0 0 32 0 0 0 0 0 0 0 0 9 0 0 0 0 0 -999 
P1522 2012 7 0 0 0 0 0 0 0 0 0 0 0 0 0 0 22 0 0 32 0 0 0 0 0 28 0 25 0 0 0 0 0 
P1522 2012 8 0 0 0 0 0 0 0 0 0 0 0 0 0 0 25 0 0 0 0 0 0 10 0 0 0 0 0 0 0 0 0 
P1522 2012 9 0 0 0 0 0 0 0 0 0 0 0 0 0 0 0 0 0 0 0 0 0 10 0 0 0 0 0 0 0 0 -999 
P1522 2012 10 0 0 0 0 0 0 0 0 27 0 55 0 0 0 0 35 0 0 0 19 0 0 0 16 0 0 29 21 15 0 45 
P1522 2012 11 33 82 57 15 12 0 0 0 0 0 58 0 0 0 0 0 0 0 74 43 0 0 3 0 0 0 0 0 43 30 -999 
P1522 2012 12 0 0 12 0 18 61 70 73 0 0 15 7 0 118 87 67 60 31 15 14 0 24 6 0 0 10 0 0 0 0 0 
P1522 2013 1 42 14 26 87 35 0 14 0 0 0 0 0 0 0 5 4 0 0 4 1 0 0 0 0 1 0 3 0 12 27 0 
P1522 2013 2 0 0 0 0 0 3 0 0 0 0 0 0 0 89 59 17 20 51 94 86 66 65 0 129 37 0 0 0 -999 -999 -999 
P1522 2013 3 0 0 0 0 16 0 0 0 0 48 123 129 94 28 21 32 0 40 36 31 0 41 64 0 0 18 0 0 43 57 88 
P1522 2013 4 0 0 0 20 32 0 44 11 0 0 0 0 0 0 0 0 0 0 14 0 47 0 0 0 0 0 0 0 0 0 -999 
P1522 2013 5 0 0 10 18 29 0 0 31 0 47 52 28 0 0 0 0 0 31 0 0 18 3 0 0 0 0 0 0 0 0 0 
P1522 2013 6 0 39 0 31 0 0 0 0 0 0 49 44 31 0 0 0 22 0 0 15 0 0 0 0 0 0 35 0 0 0 -999 
P1522 2013 7 0 0 0 0 26 0 0 0 0 0 0 0 0 0 19 0 0 0 0 0 0 0 0 0 0 0 0 0 0 0 0 
P1522 2013 8 0 0 0 0 34 0 0 30 0 0 0 0 13 0 0 0 0 0 0 0 0 0 0 0 0 0 0 0 0 0 46 
P1522 2013 9 30 0 0 9 0 0 0 0 0 0 0 0 0 0 0 0 0 0 0 0 21 0 0 0 0 0 0 0 0 0 -999 
P1522 2013 10 0 0 0 0 0 0 0 0 0 16 0 0 0 0 0 0 0 0 14 9 0 9 0 0 0 3 0 8 0 0 0 
P1522 2013 11 2 0 0 0 0 0 0 0 13 10 0 0 0 0 7 18 0 160 234 121 92 137 188 113 29 59 76 35 0 20 -999 
P1522 2013 12 23 63 29 34 0 0 0 0 0 0 0 0 0 14 17 13 0 0 2 0 0 0 0 0 12 16 26 24 44 0 15 
P1522 2014 1 16 0 0 0 31 27 0 22 15 0 7 18 0 0 0 18 0 0 0 0 0 4 0 0 0 21 38 53 110 130 0 
P1522 2014 2 22 43 23 0 41 66 38 83 42 87 0 13 0 9 0 0 0 17 24 0 0 0 9 0 0 0 0 0 -999 -999 -999 
P1522 2014 3 0 6 0 0 0 0 0 0 0 0 0 11 32 30 66 76 72 71 117 71 49 27 16 0 6 0 0 0 3 0 0 
P1522 2014 4 32 28 36 43 71 47 19 16 22 34 30 35 34 32 62 49 65 20 0 19 0 0 17 0 0 0 18 29 0 24 -999 
P1522 2014 5 0 0 0 47 0 0 0 0 0 0 0 0 0 0 18 0 0 0 0 0 43 59 40 42 0 0 0 21 0 43 46 
P1522 2014 6 20 0 49 68 58 32 33 0 22 0 6 0 0 0 0 0 0 0 0 0 0 0 0 0 34 0 0 0 0 0 -999 
P1522 2014 7 0 0 0 0 0 36 0 0 0 0 0 0 0 0 0 0 0 0 0 0 0 0 0 0 0 0 0 0 0 0 0 
P1522 2014 8 0 0 0 0 0 27 0 0 0 0 0 0 0 0 0 0 0 0 0 0 0 0 0 0 0 0 0 0 0 0 0 
P1522 2014 9 0 0 9 0 0 0 0 0 0 0 0 0 0 0 0 42 57 38 0 0 0 0 19 0 0 0 0 0 0 20 -999 
P1522 2014 10 15 19 0 15 0 0 0 0 0 0 0 26 16 0 0 0 0 0 51 0 23 0 0 8 0 56 0 0 13 7 0 
P1522 2014 11 3 0 0 0 2 0 7 0 0 0 0 0 0 0 17 7 0 60 30 64 125 182 74 51 40 0 0 0 16 0 -999 
P1522 2014 12 0 0 0 0 0 0 0 3 4 4 0 0 0 0 0 0 0 0 2 0 0 0 0 0 3 3 0 5 16 21 45 
P1522 2015 1 7 2 0 48 78 36 34 0 0 20 0 0 0 0 0 0 0 0 0 0 0 0 0 0 0 0 0 0 47 24 0 
P1522 2015 2 0 3 0 0 0 0 0 0 0 0 0 0 0 0 0 0 0 0 0 0 0 5 13 27 64 0 83 44 -999 -999 -999 
P1522 2015 3 0 0 46 57 0 0 18 0 41 18 2 0 0 36 0 8 0 0 0 0 0 0 0 42 14 0 0 7 0 6 0 
P1522 2015 4 0 20 9 0 0 0 0 0 0 0 0 0 0 0 0 0 0 11 0 6 12 0 7 11 0 0 0 0 0 79 -999 
P1522 2015 5 0 0 49 19 0 18 4 0 0 0 0 0 0 0 0 0 0 0 0 10 0 2 0 0 0 0 0 75 77 32 16 
P1522 2015 6 13 0 0 0 37 0 37 0 0 0 0 0 0 0 0 42 0 9 0 0 0 0 0 0 0 0 0 0 0 32 -999 
P1522 2015 7 0 0 0 0 0 0 0 0 0 0 0 0 0 0 0 0 0 0 0 0 0 0 0 0 0 0 0 0 0 0 0 
P1522 2015 8 0 0 0 0 0 28 0 0 0 0 0 0 0 0 0 0 0 0 0 0 0 0 0 0 0 0 0 29 0 0 21 
P1522 2015 9 0 11 0 0 0 0 22 0 0 19 0 0 0 0 25 0 0 0 17 0 0 0 9 16 34 47 0 52 0 0 -999 
P1522 2015 10 41 0 13 0 0 34 31 0 32 7 0 0 23 0 20 0 0 0 17 17 20 0 0 0 0 17 5 0 4 3 0 
P1522 2015 11 0 7 4 0 0 0 0 0 0 0 0 0 36 97 100 0 6 7 0 46 54 0 31 0 0 0 3 0 0 0 -999 
P1522 2015 12 38 49 29 29 0 27 120 133 76 101 43 61 91 9 0 23 13 0 0 0 0 0 0 0 0 0 0 0 0 0 0 
P1522 2016 1 0 0 0 0 4 0 0 0 0 16 0 69 67 0 44 0 0 40 0 0 11 0 0 0 10 19 0 25 21 33 0 
P1522 2016 2 9 0 21 34 13 7 0 0 9 9 11 9 9 0 0 0 43 20 0 0 0 0 0 0 0 0 0 0 -999 -999 -999 
P1522 2016 3 0 0 0 0 26 0 0 39 125 109 151 159 82 46 0 0 0 29 16 11 0 32 0 0 47 32 54 103 0 44 0 
P1522 2016 4 0 8 0 0 0 0 0 0 0 61 115 113 0 0 0 0 32 0 49 44 16 0 0 0 30 0 42 61 73 0 -999 
P1522 2016 5 0 21 0 0 0 0 0 0 0 0 26 0 28 20 0 0 38 25 0 8 11 7 0 0 0 0 0 33 57 0 0 
P1522 2016 6 27 0 7 0 0 0 0 0 0 0 0 0 0 27 0 0 14 0 0 21 0 0 0 31 0 0 0 0 0 0 -999 
P1522 2016 7 0 0 0 0 0 0 0 0 0 0 0 0 0 0 0 0 0 0 0 0 0 0 0 0 0 0 0 0 0 0 0 
P1522 2016 8 0 23 0 0 0 0 0 0 0 0 0 0 0 0 0 0 0 0 0 0 0 0 0 0 35 0 0 0 32 0 0 
P1522 2016 9 0 26 0 0 0 0 0 23 14 0 0 0 0 0 0 0 0 37 28 29 15 0 0 0 0 0 0 0 0 0 -999 
P1522 2016 10 16 0 0 0 0 0 0 21 20 0 0 0 0 0 22 53 93 79 76 78 65 72 0 0 0 0 13 7 0 0 0 
P1522 2016 11 19 0 14 0 0 7 0 40 0 10 0 13 19 0 65 51 0 83 56 74 77 27 33 48 99 19 0 0 0 43 -999 
P1522 2016 12 0 9 0 0 0 0 15 0 12 0 35 58 91 33 0 0 5 19 0 28 24 47 33 24 28 0 0 27 21 20 32 
P1522 2017 1 37 0 8 0 0 0 0 0 0 0 9 0 0 70 61 0 0 0 0 0 0 0 0 0 0 0 0 0 0 0 0 
P1522 2017 2 0 0 0 0 0 0 0 0 9 0 0 0 0 0 0 0 7 0 0 0 0 0 0 0 0 0 0 0 -999 -999 -999 
P1522 2017 3 7 0 0 0 0 0 9 0 44 0 0 0 53 0 33 0 7 0 0 9 0 0 0 0 74 81 66 65 0 21 0 
P1522 2017 4 12 0 0 0 0 0 0 0 27 61 0 0 0 0 7 0 11 10 0 0 3 0 0 0 29 24 29 0 57 35 -999 
P1522 2017 5 0 10 0 0 22 0 10 0 0 0 0 0 0 0 0 0 0 0 0 0 0 0 0 0 0 0 17 0 0 0 23 
P1522 2017 6 0 0 0 0 0 0 0 36 0 0 0 0 0 0 0 0 0 0 0 0 0 0 0 0 0 0 0 0 0 29 -999 
P1522 2017 7 0 0 0 0 0 0 0 0 0 0 0 0 23 30 0 9 13 0 0 0 0 0 0 0 0 0 0 0 0 0 0 
P1522 2017 8 0 0 0 15 18 0 0 26 0 27 0 0 0 24 0 0 23 0 0 0 0 0 15 0 0 0 0 0 15 34 0 
P1522 2017 9 0 0 16 0 0 0 0 0 0 0 0 0 0 0 0 3 0 17 10 0 0 0 0 0 37 30 0 0 0 0 -999 
P1522 2017 10 0 0 0 0 0 0 0 0 0 0 0 0 0 16 0 0 0 68 0 0 0 0 29 21 0 4 0 101 117 54 0 
P1522 2017 11 0 0 44 54 32 19 12 48 62 26 66 79 165 185 32 18 0 12 0 17 38 40 0 0 9 0 0 0 0 0 -999 
P1522 2017 12 0 0 0 20 0 25 0 43 115 55 85 0 29 48 54 0 0 0 0 0 0 0 19 17 22 0 0 21 0 82 43 
P1522 2018 1 0 0 1 0 0 0 0 0 73 42 0 11 0 0 0 0 15 0 27 0 4 0 0 26 10 0 54 33 50 15 24 
P1522 2018 2 0 0 76 37 0 0 21 0 0 0 11 5 0 0 0 0 0 3 0 9 5 0 0 2 0 0 0 0 -999 -999 -999 
P1522 2018 3 0 0 0 15 24 0 0 0 16 0 61 0 104 56 39 13 23 33 19 8 0 0 0 14 24 0 26 0 43 0 29 
P1522 2018 4 0 14 0 0 0 16 0 0 0 0 0 0 11 0 0 23 5 0 0 13 0 0 0 41 63 102 84 40 0 30 -999 
P1522 2018 5 45 15 0 0 0 0 0 0 32 0 45 37 46 32 0 32 37 36 0 0 49 32 0 0 18 33 0 0 19 0 10 
P1522 2018 6 17 0 0 0 0 0 0 0 0 0 0 18 0 0 0 0 0 0 0 0 0 0 0 0 0 0 0 0 0 0 -999 
P1522 2018 7 0 19 31 0 0 21 32 0 22 0 0 0 0 0 0 0 0 0 0 0 0 0 0 0 0 0 0 0 0 0 0 
P1522 2018 8 0 0 0 0 0 0 0 0 0 51 0 18 0 0 37 0 0 0 0 0 0 0 0 0 0 0 0 0 0 0 0 
P1522 2018 9 0 0 0 0 0 0 0 0 0 0 0 0 0 0 0 0 0 0 0 0 0 0 0 0 0 0 0 0 0 0 -999 
P1522 2018 10 0 0 0 0 8 0 0 0 23 0 0 0 0 0 0 0 0 0 0 0 0 26 0 8 0 20 12 3 0 0 0 
P1522 2018 11 0 8 10 6 5 0 38 105 86 77 36 0 0 0 11 0 0 0 0 37 0 21 0 19 0 0 10 0 13 16 -999 
P1522 2018 12 25 39 25 21 0 63 112 19 11 8 27 55 84 45 29 0 12 12 0 0 0 0 0 0 38 0 0 59 104 134 70 
P1522 2019 1 0 108 182 131 94 82 114 34 0 0 0 0 0 0 22 0 49 56 102 89 88 99 52 18 29 43 109 36 0 0 76 
P1522 2019 2 90 77 36 0 0 0 0 12 0 0 111 48 111 110 0 0 0 150 181 0 0 22 0 0 0 1 0 0 -999 -999 -999 
P1522 2019 3 0 0 0 0 0 0 11 14 0 16 0 0 0 0 7 0 0 0 0 0 0 0 0 0 0 0 0 68 0 0 0 
P1522 2019 4 21 0 0 17 23 34 37 42 0 26 0 0 36 55 51 42 53 27 0 0 24 17 0 99 54 0 39 0 0 0 -999 
P1522 2019 5 0 29 0 0 15 0 12 0 0 0 0 0 0 41 0 0 9 0 0 0 0 0 0 0 0 0 13 0 0 0 0 
P1522 2019 6 0 0 6 0 0 0 0 31 30 0 0 0 0 0 23 24 0 0 20 0 0 0 0 0 0 0 0 0 0 0 -999 
P1522 2019 7 0 0 0 0 0 0 0 0 0 0 0 0 0 0 0 0 0 0 0 0 0 0 0 0 0 0 0 0 0 0 0 
P1522 2019 8 0 0 0 0 0 0 0 0 0 0 0 0 0 0 0 0 0 13 11 0 0 0 0 0 0 0 0 0 0 0 26 
P1522 2019 9 0 25 19 17 0 0 10 0 0 6 0 0 0 16 0 22 0 0 0 33 0 17 33 0 0 0 0 0 0 0 -999 
P1522 2019 10 0 0 0 0 0 8 0 0 0 0 0 62 0 18 0 0 0 0 0 0 0 0 0 0 15 0 0 0 0 0 12 
P1522 2019 11 0 0 0 0 0 18 21 20 0 7 0 0 0 0 0 8 0 0 24 77 207 238 120 0 68 99 72 0 36 0 -999 
P1522 2019 12 84 56 14 0 20 18 0 2 0 0 0 0 0 0 0 0 0 0 0 0 0 0 0 0 0 0 1 0 0 0 15 
P1522 2020 1 0 16 0 0 0 0 0 0 0 0 0 7 0 0 24 0 0 0 4 0 0 0 0 21 21 31 52 70 51 66 0 
P1522 2020 2 31 18 0 0 0 13 0 43 0 13 0 0 0 0 0 17 12 0 0 0 0 0 0 0 0 0 0 0 -999 -999 -999 
P1522 2020 3 0 0 0 0 0 39 12 4 0 0 0 0 15 0 0 0 0 0 0 12 0 0 0 0 0 0 30 0 33 17 19 
P1522 2020 4 48 35 22 13 0 0 0 0 1 0 0 37 0 19 77 88 93 60 43 47 59 0 13 0 6 0 0 0 21 0 -999 
P1522 2020 5 0 0 0 0 0 0 0 0 0 0 0 55 45 26 0 0 0 0 0 0 0 0 0 0 0 9 0 0 0 0 0 
P1522 2020 6 0 0 0 0 0 0 0 0 0 18 11 0 0 0 0 0 0 9 0 0 0 0 0 0 20 0 0 0 0 27 -999 
P1522 2020 7 0 0 20 0 0 0 0 0 0 0 0 0 0 0 0 18 0 0 0 0 0 24 0 0 0 16 0 0 0 0 0 
P1522 2020 8 0 0 0 0 0 0 0 0 0 0 0 0 0 0 0 0 0 0 25 0 0 0 0 0 0 0 0 0 0 0 0 
P1522 2020 9 0 0 0 13 0 0 0 0 0 0 0 15 0 11 12 0 0 0 0 0 0 0 30 26 0 0 0 0 12 0 -999 
P1522 2020 10 33 24 0 0 0 0 0 0 68 0 29 53 25 0 98 68 24 72 28 14 0 0 3 0 0 22 0 0 0 8 0 
P1522 2020 11 79 76 87 0 57 0 11 11 17 0 3 0 0 0 0 12 12 0 32 0 86 78 60 43 78 79 57 119 0 0 -999 
P1522 2020 12 67 72 114 18 40 10 0 27 0 0 0 0 0 0 0 0 0 0 26 36 0 67 113 84 116 105 133 0 27 0 49 
P1522 2021 1 51 75 47 0 45 37 37 73 67 0 0 0 0 3 0 0 0 0 0 5 0 0 0 0 7 0 0 27 37 0 0 
P1522 2021 2 19 0 0 0 66 0 0 0 4 0 0 0 25 13 0 1 0 4 0 0 0 33 0 0 0 0 0 0 -999 -999 -999 
P1522 2021 3 23 15 10 0 0 0 0 0 0 35 0 0 54 3 0 0 26 0 0 0 0 0 0 0 0 0 20 0 0 0 0 
P1522 2021 4 0 21 25 19 0 0 0 0 0 0 0 0 0 0 0 0 0 0 17 14 0 0 0 0 0 22 0 23 0 53 -999 
P1522 2021 5 63 48 0 0 0 0 0 0 0 0 10 0 0 0 0 0 0 0 41 0 0 0 0 32 32 19 0 32 0 0 0 
P1522 2021 6 0 0 59 0 8 0 0 0 0 26 21 0 0 0 16 17 0 0 0 15 0 0 0 5 0 0 0 0 0 0 -999 
P1522 2021 7 0 0 0 0 0 23 0 0 0 0 0 0 0 0 0 0 0 0 0 0 0 0 0 0 0 16 0 0 0 0 0 
P1522 2021 8 0 0 0 0 0 0 0 0 0 0 0 0 0 0 0 0 0 0 0 0 0 0 0 0 0 0 27 0 0 0 0 
P1522 2021 9 0 0 14 0 0 0 0 0 0 20 0 0 0 0 0 0 0 0 0 0 0 0 0 0 0 38 0 0 24 0 -999 
P1522 2021 10 0 0 0 0 0 33 0 0 0 0 0 12 0 2 0 0 0 0 19 0 33 0 79 78 44 0 20 0 8 9 13 
P1522 2021 11 0 0 0 64 83 66 0 8 0 11 0 0 0 0 0 25 63 0 0 0 0 0 9 19 57 74 74 66 102 51 -999 
P1522 2021 12 50 88 46 49 0 4 5 0 0 9 0 0 0 0 0 49 105 117 0 0 0 56 22 0 22 0 0 0 24 0 0 
P1522 2022 1 0 0 6 0 0 0 0 0 51 47 60 0 28 44 69 49 51 23 20 39 74 56 175 0 0 17 31 0 70 57 46 
P1522 2022 2 117 54 17 32 85 50 150 184 74 71 182 121 181 58 113 84 66 81 30 28 94 41 51 29 62 140 105 16 -999 -999 -999 
P1522 2022 3 12 0 0 0 0 114 62 108 57 71 0 0 91 30 0 0 4 0 0 10 8 0 0 0 0 0 0 0 0 0 10 
P1522 2022 4 0 0 0 0 5 0 0 0 19 13 22 19 9 14 0 0 25 16 0 0 0 0 0 0 0 0 0 0 0 0 -999 
P1522 2022 5 0 0 0 0 0 0 19 0 0 52 45 44 60 76 0 44 33 27 0 0 25 0 0 25 39 53 0 22 0 0 0 
P1522 2022 6 0 0 0 0 22 30 44 0 0 0 0 0 0 0 0 0 0 0 0 0 0 0 0 0 0 0 0 0 0 0 -999 
P1522 2022 7 0 0 0 0 0 0 0 0 0 0 0 0 0 0 0 0 0 0 0 0 0 20 0 18 17 0 0 0 0 0 0 
P1522 2022 8 19 20 0 0 0 0 0 0 0 0 0 0 0 0 0 0 0 0 0 0 0 0 0 0 0 0 0 0 0 0 0 
P1522 2022 9 0 0 0 0 0 0 0 0 0 9 0 0 23 43 0 25 0 14 0 0 0 0 0 0 0 0 0 0 0 0 -999 
P1522 2022 10 0 0 0 0 0 0 0 0 0 0 96 49 22 41 0 47 27 13 8 0 0 0 0 0 16 0 0 0 40 78 48 
P1522 2022 11 0 0 0 0 0 2 0 0 0 0 0 0 0 0 0 0 0 0 0 0 0 0 0 2 0 0 0 0 0 7 -999 
P1522 2022 12 0 0 69 119 47 59 19 0 88 33 0 0 0 0 0 0 15 11 0 0 0 49 86 68 61 32 24 37 25 0 7 
P1522 2023 1 9 10 0 0 0 0 0 0 0 0 0 0 0 6 0 0 0 0 0 0 0 13 9 1 0 0 0 0 0 0 0 
P1522 2023 2 0 12 0 7 0 0 7 0 0 0 0 0 0 0 0 0 12 11 0 0 0 11 33 31 23 20 69 21 -999 -999 -999 
P1522 2023 3 19 16 8 0 2 5 3 0 0 2 0 0 61 0 0 0 0 0 0 0 0 0 8 0 0 6 0 0 0 0 0 
P1522 2023 4 34 14 24 0 57 0 32 31 14 0 7 28 118 181 63 0 0 20 4 0 0 10 0 27 92 63 47 77 0 10 -999 
P1522 2023 5 0 0 0 0 0 0 0 0 0 0 0 0 45 0 12 26 31 39 0 0 0 0 0 0 0 0 0 0 0 0 0 
P1522 2023 6 0 0 0 25 29 0 0 0 21 0 0 0 0 0 0 0 0 0 0 0 0 15 0 0 0 0 0 0 10 0 -999 
P1522 2023 7 0 0 0 0 0 0 0 0 0 0 0 0 26 0 0 0 0 0 0 0 0 0 27 0 0 0 0 0 0 0 22 
P1522 2023 8 0 0 0 0 0 0 0 0 0 0 0 23 0 0 0 0 0 0 0 0 0 0 0 0 0 0 0 0 0 0 0 
P1522 2023 9 30 0 0 0 0 0 0 0 0 0 0 0 0 8 0 0 0 0 0 0 0 0 0 0 0 0 40 0 0 0 -999 
P1522 2023 10 0 0 0 12 8 0 0 0 0 18 0 0 0 0 60 0 0 9 5 0 0 0 19 0 0 38 0 0 10 0 79 
P1522 2023 11 100 38 22 7 0 0 12 18 23 30 20 0 0 0 0 6 0 0 0 0 1 0 5 0 13 0 0 0 0 0 -999 
P1522 2023 12 0 0 0 0 0 2 0 0 0 2 2 0 10 0 3 0 0 0 10 0 0 0 0 0 0 0 0 1 0 0 0 
P1522 2024 1 0 9 0 44 15 45 82 54 56 30 0 0 0 0 51 0 35 0 11 0 0 0 0 0 0 0 0 0 0 0 0 
P1522 2024 2 0 68 135 46 0 0 0 0 0 0 0 0 0 0 0 0 0 3 0 0 21 35 0 108 66 48 0 0 -999 -999 -999 
P1522 2024 3 0 0 0 71 0 0 0 0 30 0 0 0 0 0 0 0 0 34 15 0 14 0 0 0 0 178 123 39 27 0 0 
P1522 2024 4 36 65 73 38 15 0 0 0 0 0 0 0 0 0 7 0 0 0 0 0 0 0 39 31 0 0 0 0 0 0 -999 
P1522 2024 5 0 0 0 0 0 0 18 0 24 0 0 0 0 0 0 0 0 0 0 0 28 0 0 0 0 0 0 0 0 0 0 
P1522 2024 6 0 0 0 0 0 0 0 0 0 41 0 16 0 0 0 0 0 0 43 0 0 24 0 30 0 35 0 0 0 0 -999 
P1522 2024 7 0 0 0 0 0 0 0 0 0 0 0 0 0 0 0 0 0 0 0 0 0 0 0 0 0 0 0 0 28 0 0 
P1522 2024 8 0 0 0 0 0 0 0 0 0 0 0 0 0 0 0 0 0 0 0 0 0 0 0 0 0 0 0 0 0 20 0 
P1522 2024 9 0 0 0 0 0 0 0 0 0 0 0 0 0 37 0 0 0 0 0 0 0 0 0 0 0 0 0 0 14 0 -999 
P1522 2024 10 0 0 0 0 0 0 0 0 0 20 0 33 9 0 78 75 0 0 0 0 0 0 20 0 0 0 0 0 0 0 0 
P1522 2024 11 0 23 0 0 12 11 0 0 0 0 21 0 0 56 0 0 0 0 0 0 0 24 42 0 0 0 4 0 4 0 -999 
P1522 2024 12 0 0 11 0 27 7 0 0 4 0 0 0 6 0 0 0 6 0 0 0 0 0 0 0 0 0 0 0 2 0 0 
P1522 2025 1 0 0 0 0 0 0 0 0 0 23 0 0 0 0 7 0 6 0 0 13 21 0 32 0 50 41 0 0 0 0 17 
P1522 2025 2 16 15 7 0 0 0 36 39 50 0 0 30 20 0 14 15 38 0 0 0 31 0 38 0 0 2 0 0 -999 -999 -999 
P1522 2025 3 6 0 0 27 47 57 125 0 12 0 0 0 0 0 0 0 0 39 51 57 69 0 59 151 87 0 53 0 0 0 0 
P1522 2025 4 0 0 12 0 4 0 4 0 0 0 11 0 0 0 0 0 10 0 22 34 0 10 0 0 0 7 0 0 0 0 -999 
P1522 2025 5 40 19 39 0 49 0 0 31 0 33 0 33 0 17 0 10 31 30 11 0 0 0 0 0 0 19 0 0 0 0 26 
P1522 2025 6 9 0 0 0 40 25 0 0 0 0 0 14 12 0 0 0 0 0 0 0 0 0 0 0 0 0 0 15 0 0 -999 
P1522 2025 7 27 0 0 0 0 0 0 0 0 0 0 0 0 0 0 0 0 0 0 0 20 0 0 0 0 0 23 0 0 0 0 
P1522 2025 8 0 0 0 0 0 0 0 0 0 0 0 0 0 0 0 0 0 0 0 0 0 0 0 0 0 0 15 0 0 0 0 
P1522 2025 9 30 19 19 17 0 0 0 0 0 0 0 0 0 0 0 0 39 0 0 0 0 0 0 0 0 0 0 0 20 0 -999 
P1522 2025 10 0 0 0 0 0 0 26 0 0 18 0 0 0 0 0 18 0 0 15 14 2 0 0 0 35 60 0 77 0 0 22 
P1522 2025 11 29 0 0 0 0 0 0 22 12 0 0 0 0 0 0 0 0 12 16 0 0 0 0 0 27 9 0 0 0 0 -999 
P1522 2025 12 0 48 0 0 0 18 52 53 17 0 0 0 0 0 0 0 0 0 20 0 24 16 0 17 29 0 13 0 0 0 35 
P1522 2026 1 17 0 0 0 0 34 7 0 5 21 0 107 182 26 13 82 120 0 50 24 0 0 0 25 0 17 0 9 6 13 0 
P1522 2026 2 0 0 29 0 0 24 0 0 2 12 0 0 0 0 0 7 0 30 80 190 55 0 38 36 9 23 5 0 -999 -999 -999 
P1522 2026 3 0 3 0 0 0 0 0 0 0 0 0 0 0 0 0 0 9 15 17 28 38 0 59 0 6 0 0 0 0 0 0 
P1522 2026 4 0 0 0 0 0 0 0 0 57 64 114 71 66 34 0 11 0 5 0 0 0 0 0 0 0 0 0 0 60 62 -999 
P1522 2026 5 0 0 0 0 0 7 0 0 0 0 0 0 0 0 0 0 0 0 0 0 0 0 16 31 23 45 47 0 0 17 0 
P1522 2026 6 17 0 9 0 0 0 0 0 0 0 0 0 0 0 0 0 0 0 0 0 0 0 0 0 0 0 0 0 0 0 -999 
P1522 2026 7 0 0 0 0 0 0 0 0 0 0 0 0 0 0 0 0 0 0 0 0 0 0 0 0 0 0 0 0 0 0 0 
P1522 2026 8 0 0 0 0 0 0 0 0 0 0 0 0 0 0 0 0 0 0 0 0 0 0 0 0 30 0 0 0 0 0 20 
P1522 2026 9 0 0 0 0 0 14 14 0 25 0 0 0 42 0 0 9 0 16 21 0 32 26 0 0 0 0 14 0 22 13 -999 
P1522 2026 10 0 0 0 15 0 0 34 0 0 0 0 43 0 30 0 0 25 7 10 0 0 0 68 35 34 0 12 4 31 57 0 
P1522 2026 11 0 17 0 10 9 0 0 0 0 0 93 18 0 0 25 0 13 0 19 0 0 0 0 0 0 0 0 27 39 0 -999 
P1522 2026 12 6 0 0 17 0 0 11 0 44 54 0 0 0 0 76 49 0 86 51 57 10 0 26 19 0 0 0 23 0 36 28 
P1522 2027 1 13 48 0 94 73 90 0 102 57 52 0 0 0 0 0 0 23 0 17 0 33 11 0 0 0 1 0 0 0 0 5 
P1522 2027 2 12 0 0 0 0 0 4 0 8 7 0 0 47 99 72 201 97 105 105 10 6 16 0 31 65 51 0 29 -999 -999 -999 
P1522 2027 3 74 64 18 40 35 50 55 37 0 0 0 0 0 0 31 40 0 25 34 23 15 0 0 0 19 0 65 99 0 12 22 
P1522 2027 4 23 0 38 81 47 17 0 0 0 0 0 20 0 0 0 86 0 82 50 45 101 46 36 31 0 24 11 6 0 0 -999 
P1522 2027 5 0 0 39 50 40 17 0 0 0 0 0 0 0 12 0 0 0 0 0 0 0 0 0 29 0 43 24 16 0 0 0 
P1522 2027 6 29 0 0 0 0 0 0 0 0 0 0 0 27 0 0 0 0 0 0 0 0 0 0 0 0 0 0 0 0 0 -999 
P1522 2027 7 0 0 0 0 0 0 20 0 15 0 0 0 0 0 0 0 0 0 0 0 0 0 0 0 0 0 0 0 0 0 0 
P1522 2027 8 0 0 0 0 0 0 0 0 0 0 0 0 0 0 0 0 0 0 0 0 0 0 0 0 0 0 0 0 0 0 0 
P1522 2027 9 0 0 0 0 0 0 0 0 0 0 0 0 0 0 0 0 14 0 0 8 0 0 0 0 0 12 0 0 0 0 -999 
P1522 2027 10 0 0 0 5 0 0 0 0 0 0 2 0 0 0 0 0 0 0 0 0 0 39 19 0 0 0 14 0 21 0 0 
P1522 2027 11 21 50 152 104 28 32 22 0 0 0 0 0 55 112 62 0 0 0 0 6 0 0 47 66 76 56 0 0 134 160 -999 
P1522 2027 12 0 116 131 0 16 81 150 108 57 49 0 35 0 20 0 22 0 0 0 0 0 0 0 0 0 0 0 0 0 8 0 
P1522 2028 1 13 32 20 12 7 9 0 31 0 95 0 36 85 96 102 18 0 0 0 0 0 0 0 0 0 0 0 0 0 0 0 
P1522 2028 2 0 0 6 0 15 7 0 0 0 1 0 0 0 0 0 0 0 0 4 0 0 0 0 10 16 37 0 35 -999 -999 -999 
P1522 2028 3 31 0 31 19 0 0 0 0 0 12 0 0 15 0 22 24 0 16 14 0 3 12 0 12 0 0 0 0 0 0 0 
P1522 2028 4 13 0 0 0 24 19 0 0 0 0 30 0 0 0 5 0 0 0 0 0 0 0 0 0 0 0 0 0 0 0 -999 
P1522 2028 5 0 0 0 0 0 0 0 0 14 0 16 21 0 0 0 0 0 10 0 0 0 0 0 0 41 0 0 14 0 0 30 
P1522 2028 6 0 0 0 0 0 0 0 0 0 0 0 13 0 0 0 0 0 0 0 0 0 0 0 0 0 0 0 0 0 0 -999 
P1522 2028 7 0 0 0 0 44 0 22 0 0 0 0 0 0 0 0 23 0 14 19 0 0 0 0 0 0 0 0 0 0 0 0 
P1522 2028 8 0 0 0 0 0 0 0 0 0 0 0 0 0 0 0 0 0 33 0 0 19 0 0 0 0 0 16 19 0 0 0 
P1522 2028 9 0 0 35 0 0 0 25 15 12 0 0 0 8 0 0 0 0 0 0 0 0 0 24 0 0 0 14 12 0 0 -999 
P1522 2028 10 0 0 0 0 0 0 0 13 15 14 0 9 0 0 0 0 0 43 56 60 47 18 0 0 0 0 12 0 0 0 29 
P1522 2028 11 39 0 0 0 31 0 0 56 36 45 27 0 0 17 0 44 22 0 9 0 1 0 0 0 0 0 0 0 0 0 -999 
P1522 2028 12 0 0 0 0 0 29 0 0 3 0 0 0 0 2 0 0 0 0 21 68 112 0 90 61 0 0 0 0 13 16 0 
P1522 2029 1 0 27 57 8 10 51 155 56 6 9 0 0 23 0 38 77 31 0 0 41 0 0 0 0 0 97 116 61 0 0 2 
P1522 2029 2 0 0 0 8 0 0 0 0 0 15 18 0 0 2 0 0 0 0 0 0 0 25 0 0 9 10 0 0 -999 -999 -999 
P1522 2029 3 0 0 0 0 7 0 0 0 0 0 0 0 0 25 0 0 0 17 0 0 43 29 41 0 0 0 0 0 4 0 0 
P1522 2029 4 0 0 0 0 0 0 17 0 0 0 0 0 0 28 0 14 0 0 0 17 13 0 8 0 0 22 0 4 4 0 -999 
P1522 2029 5 9 0 0 0 26 0 8 10 0 0 0 0 0 0 0 0 0 0 0 0 0 0 33 28 0 9 0 0 0 0 8 
P1522 2029 6 0 0 0 35 0 28 0 25 0 0 11 0 6 0 0 0 0 0 0 0 31 0 0 0 0 0 0 26 0 0 -999 
P1522 2029 7 0 0 30 23 0 0 0 0 0 0 0 0 0 0 0 0 0 0 0 0 0 0 0 0 0 0 0 0 0 0 0 
P1522 2029 8 0 0 0 0 0 0 0 0 0 0 0 0 0 21 0 0 0 0 0 0 0 0 0 0 0 0 0 12 0 0 0 
P1522 2029 9 0 0 0 0 0 26 0 9 8 9 0 0 0 0 25 0 20 27 0 0 0 42 0 0 0 0 0 0 72 78 -999 
P1522 2029 10 0 35 0 0 0 0 0 0 0 0 0 0 0 0 0 29 0 0 35 0 0 0 23 32 0 0 0 0 0 0 0 
P1522 2029 11 0 19 40 84 45 52 0 0 102 64 0 0 0 0 0 13 0 0 0 26 10 0 26 30 15 10 34 38 67 48 -999 
P1522 2029 12 0 0 37 0 11 0 0 0 0 0 0 0 0 0 0 6 0 0 0 0 0 0 0 0 0 0 0 0 0 15 68 
P1522 2030 1 98 0 0 0 0 28 74 0 0 22 0 0 22 8 1 0 0 0 3 0 5 3 0 0 11 27 17 0 94 117 110 
P1522 2030 2 149 93 71 14 0 0 57 57 47 0 0 51 0 0 70 52 0 0 0 24 0 10 0 0 0 21 0 0 -999 -999 -999 
P1522 2030 3 0 0 0 0 0 0 0 0 0 0 57 0 0 0 13 15 0 0 0 0 0 44 0 14 0 0 0 4 0 0 0 
P1522 2030 4 0 0 0 0 25 0 0 0 0 20 0 0 0 0 104 106 95 186 75 35 38 53 52 26 0 0 0 0 0 0 -999 
P1522 2030 5 0 0 0 3 0 0 18 0 0 0 0 0 55 36 41 57 36 0 0 0 0 0 0 0 0 0 0 0 0 0 0 
P1522 2030 6 32 26 0 0 28 32 0 22 21 32 0 0 0 0 0 0 0 0 0 0 0 0 0 0 0 0 0 0 0 0 -999 
P1522 2030 7 0 0 0 0 0 0 0 0 0 0 0 0 0 0 0 0 0 0 0 0 0 0 0 0 0 0 0 0 0 0 0 
P1522 2030 8 0 0 0 0 0 0 0 0 0 0 0 0 0 29 21 0 0 0 0 0 0 0 0 0 0 0 0 0 0 0 0 
P1522 2030 9 0 0 0 0 0 0 0 0 0 0 0 0 0 0 0 18 0 0 0 0 0 0 0 0 0 0 0 0 11 0 -999 
P1522 2030 10 0 0 0 0 0 0 0 0 0 51 52 32 0 0 0 0 17 0 15 7 0 0 0 25 0 0 0 14 0 0 21 
P1522 2030 11 0 25 41 0 122 115 47 17 37 39 0 0 0 0 0 0 30 0 0 14 0 0 19 5 3 0 0 20 23 63 -999 
P1522 2030 12 122 0 46 45 94 104 77 46 96 28 43 68 0 0 42 38 0 0 0 15 0 0 44 0 0 0 0 1 0 0 0 
P1522 2031 1 0 0 1 0 0 0 0 0 0 0 0 9 0 100 60 0 17 0 35 0 0 20 0 0 0 24 0 0 0 0 0 
P1522 2031 2 24 0 0 41 21 36 42 0 0 39 36 25 0 2 0 1 0 57 44 0 0 73 17 4 0 0 0 0 -999 -999 -999 
P1522 2031 3 0 30 0 0 0 19 0 25 25 38 47 0 36 68 52 39 0 39 42 18 29 45 0 0 25 0 47 40 25 19 0 
P1522 2031 4 28 38 0 41 60 89 39 7 0 0 0 0 0 30 0 0 0 0 0 13 0 0 0 33 31 0 0 33 34 0 -999 
P1522 2031 5 33 26 29 9 30 0 43 49 24 0 26 0 16 0 0 0 19 0 0 0 0 0 0 0 0 0 0 0 19 23 0 
P1522 2031 6 0 0 0 9 0 36 0 0 0 0 0 0 0 18 0 0 0 0 0 26 0 0 0 15 0 0 0 0 0 0 -999 
P1522 2031 7 0 14 0 0 33 0 0 0 0 0 0 0 0 0 0 0 0 0 0 0 0 0 0 0 0 0 39 31 0 0 13 
P1522 2031 8 0 0 0 0 0 0 0 0 0 0 0 0 0 0 0 0 0 0 0 0 35 19 0 11 0 0 0 0 0 0 0 
P1522 2031 9 0 0 0 0 0 0 0 0 0 0 0 0 23 0 0 0 0 0 0 0 0 0 10 0 0 0 0 0 40 25 -999 
P1522 2031 10 0 0 0 0 0 0 0 0 0 0 0 0 0 33 53 64 33 18 0 0 0 29 0 0 46 0 34 86 38 37 46 
P1522 2031 11 47 40 0 0 23 20 0 0 8 0 0 0 45 39 42 84 0 0 19 17 5 4 0 0 0 0 31 62 0 41 -999 
P1522 2031 12 0 90 123 88 44 0 0 15 3 0 0 0 0 0 11 0 0 0 0 0 0 2 5 16 15 10 10 0 0 0 49 
P1522 2032 1 75 137 59 0 0 121 54 79 216 0 5 0 0 0 0 0 0 0 0 0 0 0 0 0 0 0 0 24 27 86 44 
P1522 2032 2 89 102 34 0 0 21 15 0 0 0 0 0 0 0 0 8 0 0 0 0 0 0 0 0 19 38 0 11 -999 -999 -999 
P1522 2032 3 0 0 3 0 0 0 42 24 0 0 2 0 1 0 3 0 0 0 0 0 0 0 0 0 26 0 0 21 12 15 28 
P1522 2032 4 0 16 0 0 51 0 66 49 0 0 0 0 0 19 0 18 24 0 34 27 83 116 135 62 41 16 9 0 46 41 -999 
P1522 2032 5 28 0 14 0 0 45 44 37 36 24 0 37 0 0 21 27 45 51 21 0 34 6 0 6 0 0 0 0 0 0 0 
P1522 2032 6 0 17 0 0 0 0 37 24 0 0 0 27 0 0 0 0 0 0 0 0 0 0 0 0 0 0 40 0 0 31 -999 
P1522 2032 7 21 0 0 0 0 0 0 0 0 0 0 0 0 0 0 0 0 0 0 10 0 0 0 0 0 0 0 0 0 0 0 
P1522 2032 8 0 0 0 0 17 0 0 0 0 0 0 0 0 0 0 0 31 0 0 0 0 0 0 0 0 0 0 0 0 0 0 
P1522 2032 9 0 15 0 0 0 0 0 0 26 0 0 11 0 0 0 0 0 0 18 0 0 0 0 0 0 0 0 0 0 0 -999 
P1522 2032 10 0 0 0 11 0 0 0 6 0 31 0 0 0 26 44 0 0 26 58 76 89 111 35 0 0 15 9 0 0 0 0 
P1522 2032 11 0 0 0 0 0 68 0 0 23 0 0 0 68 0 6 25 34 0 87 111 76 30 43 71 31 0 48 79 45 0 -999 
P1522 2032 12 0 0 0 0 0 0 19 22 32 0 61 27 0 0 0 0 0 5 0 0 0 0 0 2 1 0 3 0 20 0 91 
P1522 2033 1 82 28 13 0 5 30 0 0 0 9 0 0 3 0 0 0 0 0 0 0 0 0 0 0 4 0 9 0 0 0 0 
P1522 2033 2 0 0 0 0 0 3 10 0 0 19 0 0 0 17 45 105 160 100 0 128 151 145 0 52 90 35 35 22 -999 -999 -999 
P1522 2033 3 0 16 0 0 0 8 0 0 11 0 13 16 0 48 60 15 28 0 74 99 0 41 57 55 66 11 0 0 25 0 0 
P1522 2033 4 0 30 0 0 0 42 0 0 19 15 0 0 0 0 0 0 0 56 49 73 51 0 27 33 66 26 0 3 0 0 -999 
P1522 2033 5 0 0 3 0 0 0 0 0 0 0 0 0 0 0 0 0 0 0 16 28 0 0 0 0 0 0 0 0 0 0 0 
P1522 2033 6 0 0 31 33 0 0 0 0 0 0 0 0 0 0 0 0 0 0 0 0 0 0 0 0 0 0 0 0 0 0 -999 
P1522 2033 7 0 0 0 0 0 34 0 0 0 0 26 0 0 0 0 0 0 0 0 0 0 0 0 0 24 0 0 0 0 0 0 
P1522 2033 8 0 0 0 0 0 0 0 0 0 23 0 0 0 0 0 0 0 0 0 0 0 0 0 0 19 23 0 0 0 0 15 
P1522 2033 9 13 15 0 10 0 0 0 35 0 0 0 0 0 9 0 5 0 0 0 0 0 0 0 13 12 0 0 0 0 0 -999 
P1522 2033 10 0 0 0 0 10 0 0 0 7 0 0 0 0 0 0 48 66 0 109 0 0 0 0 15 45 48 24 0 13 44 82 
P1522 2033 11 68 35 82 162 54 108 131 188 0 22 16 34 21 20 0 96 0 12 0 0 0 1 1 0 0 0 0 0 0 0 -999 
P1522 2033 12 20 0 75 64 0 0 70 35 52 0 0 0 12 0 0 0 0 0 0 0 0 0 0 0 0 3 6 8 0 0 6 
P1522 2034 1 0 0 1 1 0 0 0 0 0 0 0 0 0 19 0 0 0 0 5 7 0 16 20 48 82 0 80 16 0 0 0 
P1522 2034 2 0 0 0 0 0 0 20 0 0 31 71 37 8 13 10 0 7 36 115 54 0 0 72 24 0 0 0 0 -999 -999 -999 
P1522 2034 3 22 0 0 3 0 0 9 12 0 0 0 0 0 0 0 0 0 0 0 0 0 0 0 0 0 0 25 22 43 48 20 
P1522 2034 4 28 38 35 91 120 0 9 19 0 0 0 16 0 27 0 39 0 0 17 26 60 80 0 46 0 12 7 2 0 0 -999 
P1522 2034 5 3 0 0 0 0 0 0 0 0 0 0 10 0 0 33 0 14 16 15 0 24 0 0 0 0 0 23 41 38 0 34 
P1522 2034 6 36 51 0 0 0 0 23 0 20 21 0 0 0 0 0 0 0 0 0 29 0 0 0 0 0 0 0 0 0 0 -999 
P1522 2034 7 0 0 0 0 0 0 0 0 0 0 0 0 0 0 0 0 0 0 0 0 0 0 0 0 0 0 0 0 0 0 0 
P1522 2034 8 0 19 0 0 0 0 0 0 0 0 0 0 0 0 0 0 0 0 0 0 0 0 0 0 0 0 0 20 0 0 0 
P1522 2034 9 0 0 0 8 0 0 0 0 0 0 25 19 16 0 0 0 0 0 13 0 0 0 24 0 0 0 0 0 0 12 -999 
P1522 2034 10 0 0 0 0 0 0 0 0 0 3 0 0 0 0 0 42 14 0 0 16 25 16 30 8 0 0 0 0 0 0 0 
P1522 2034 11 8 0 22 0 0 0 0 0 0 0 0 0 0 0 0 0 0 0 0 0 0 0 8 9 14 0 30 20 0 25 -999 
P1522 2034 12 13 16 0 0 0 0 0 0 0 0 0 1 0 0 7 0 0 10 0 0 0 19 30 76 118 133 140 12 20 48 0 
P1522 2035 1 0 35 43 50 0 36 23 0 0 0 0 0 5 0 3 0 0 1 0 19 7 5 0 0 0 18 24 0 21 0 0 
P1522 2035 2 0 0 0 0 21 0 0 0 1 0 0 0 11 10 0 0 0 0 0 0 0 0 58 59 33 0 54 25 -999 -999 -999 
P1522 2035 3 0 45 0 0 0 0 0 0 0 3 0 0 0 0 0 0 0 0 16 0 0 0 8 0 0 0 0 0 70 0 0 
P1522 2035 4 0 0 0 41 0 66 31 0 26 19 17 15 0 0 36 0 0 0 29 49 63 47 0 45 0 16 0 23 0 49 -999 
P1522 2035 5 36 55 15 0 0 0 45 37 0 0 0 0 0 0 0 0 22 0 0 0 0 0 0 0 0 11 0 0 0 0 0 
P1522 2035 6 0 0 0 0 25 18 0 8 0 0 0 0 0 0 0 0 0 0 0 0 0 0 0 0 0 0 0 0 0 0 -999 
P1522 2035 7 0 0 0 0 12 0 26 0 41 0 0 0 0 0 0 0 0 0 0 0 0 0 0 0 35 0 0 0 0 0 0 
P1522 2035 8 0 0 0 0 0 0 0 0 0 0 0 0 0 0 0 0 0 0 0 0 0 0 48 0 0 0 0 0 0 0 0 
P1522 2035 9 0 0 0 0 0 0 0 0 0 20 0 0 0 7 3 0 0 0 0 0 0 15 16 0 0 0 23 29 0 0 -999 
P1522 2035 10 0 0 0 0 0 0 0 0 0 0 0 0 39 23 67 27 0 0 0 43 0 58 0 21 0 17 0 0 0 7 11 
P1522 2035 11 0 28 0 0 0 12 0 0 0 0 0 0 0 0 0 0 11 0 7 0 0 6 4 0 0 0 0 3 0 0 -999 
P1522 2035 12 0 0 0 2 0 0 0 10 0 0 0 5 10 0 50 51 23 33 0 17 0 8 0 0 15 27 32 12 9 0 46 
P1522 2036 1 0 0 11 0 52 72 61 48 57 118 0 0 0 16 0 0 0 31 36 53 24 0 12 0 0 0 0 0 0 0 0 
P1522 2036 2 0 15 0 0 0 0 0 6 0 0 0 0 0 12 5 4 5 10 27 0 0 10 16 34 0 9 0 24 -999 -999 -999 
P1522 2036 3 0 79 26 25 21 0 0 0 0 23 14 27 0 29 40 0 0 0 41 0 0 0 0 0 0 79 0 63 0 0 26 
P1522 2036 4 112 42 20 41 18 16 0 0 0 25 35 0 0 0 0 0 0 0 0 0 0 0 0 0 0 0 0 0 0 0 -999 
P1522 2036 5 0 0 14 0 27 0 0 0 0 21 0 0 0 0 0 0 56 0 57 29 67 0 49 20 0 0 0 0 0 0 0 
P1522 2036 6 0 0 0 0 0 0 0 0 0 0 36 28 0 0 0 0 0 0 0 0 0 0 0 0 0 0 0 0 0 0 -999 
P1522 2036 7 0 0 0 26 0 0 0 0 0 0 0 0 0 0 29 0 20 0 0 0 0 0 0 0 0 0 0 0 0 0 0 
P1522 2036 8 0 0 0 0 0 0 0 0 0 0 0 0 0 0 0 0 15 0 0 0 0 0 0 0 0 0 0 0 0 0 0 
P1522 2036 9 0 0 0 0 0 0 0 0 0 0 0 0 16 0 9 0 0 0 0 0 0 8 0 0 0 0 0 0 0 0 -999 
P1522 2036 10 0 0 17 0 27 56 54 12 22 57 0 0 0 52 63 30 18 0 0 9 0 10 0 16 0 0 0 0 0 0 0 
P1522 2036 11 0 0 7 7 0 29 64 0 0 39 18 7 0 0 0 0 0 0 0 3 0 0 11 16 0 0 0 0 0 0 -999 
P1522 2036 12 0 0 0 0 0 2 0 0 9 0 6 12 0 14 10 0 0 0 5 0 8 0 0 0 0 0 39 53 41 104 113 
P1522 2037 1 52 67 57 0 20 56 0 34 56 13 10 0 0 25 0 68 108 0 78 50 14 0 7 0 0 0 0 0 0 0 0 
P1522 2037 2 0 0 4 0 0 8 5 0 0 10 0 0 0 0 0 0 0 0 57 0 8 5 0 12 0 17 0 0 -999 -999 -999 
P1522 2037 3 11 11 0 88 0 0 48 69 43 21 0 0 14 5 0 5 16 0 14 26 24 77 90 126 57 140 81 45 59 0 24 
P1522 2037 4 4 0 0 13 0 32 0 0 0 0 7 0 0 52 0 0 0 23 0 17 0 19 53 54 56 50 0 30 22 0 -999 
P1522 2037 5 15 0 0 0 38 65 0 0 19 13 8 0 0 0 13 0 0 12 0 36 0 10 0 0 0 0 0 0 0 0 0 
P1522 2037 6 0 0 0 0 0 22 0 26 0 14 16 0 0 0 0 0 0 0 0 0 0 0 0 21 33 0 0 0 0 0 -999 
P1522 2037 7 0 0 0 0 0 0 0 0 0 0 0 0 0 0 0 0 0 0 0 0 0 0 0 0 0 0 0 32 0 21 0 
P1522 2037 8 29 0 0 0 0 0 0 0 0 0 0 0 26 0 0 0 0 0 0 0 0 0 0 0 0 0 0 0 0 0 0 
P1522 2037 9 0 0 0 0 0 0 0 0 0 0 0 0 0 0 0 0 0 0 0 0 0 0 0 0 10 31 28 0 13 0 -999 
P1522 2037 10 0 0 14 0 0 0 17 0 0 0 0 0 0 0 0 0 0 0 12 0 0 16 21 27 21 9 0 0 0 0 0 
P1522 2037 11 36 50 14 12 0 0 0 0 0 17 0 0 0 33 0 49 54 18 0 3 0 6 0 0 27 31 31 27 43 26 -999 
P1522 2037 12 15 0 96 113 127 171 102 0 0 0 0 63 19 14 0 0 0 0 34 0 0 0 13 0 0 0 0 0 0 0 0 
P1522 2038 1 0 0 0 0 0 0 0 6 17 17 24 101 68 0 21 43 20 30 0 0 39 19 5 0 0 0 0 0 0 0 50 
P1522 2038 2 0 0 16 20 0 45 23 0 0 0 2 0 0 0 0 0 0 0 0 10 10 0 8 0 47 39 17 7 -999 -999 -999 
P1522 2038 3 10 9 0 0 35 0 0 15 0 0 0 19 0 0 0 0 0 0 0 0 0 0 57 52 22 0 0 20 0 0 4 
P1522 2038 4 0 0 50 56 16 0 0 0 32 0 8 18 0 0 0 0 0 0 0 0 22 0 17 4 0 0 0 0 26 0 -999 
P1522 2038 5 0 0 0 0 0 0 0 0 0 21 22 0 0 0 0 0 0 0 0 0 0 0 0 0 0 0 0 0 0 0 0 
P1522 2038 6 0 28 15 15 0 0 0 0 0 0 0 27 0 12 0 0 0 0 0 0 0 0 0 0 0 31 0 0 0 0 -999 
P1522 2038 7 34 0 24 27 0 0 0 0 0 0 0 0 0 0 0 0 0 0 0 0 0 0 0 0 0 0 0 0 0 0 0 
P1522 2038 8 0 0 0 0 0 0 0 0 0 0 0 0 0 0 0 0 0 0 0 0 0 0 0 0 0 0 16 0 0 0 0 
P1522 2038 9 0 0 28 30 0 0 0 0 0 0 0 0 0 0 0 0 0 0 0 0 40 0 0 0 0 0 0 0 0 0 -999 
P1522 2038 10 0 0 0 0 0 0 0 0 0 0 0 17 0 0 0 0 0 34 0 0 0 0 0 0 0 0 0 36 27 0 0 
P1522 2038 11 0 0 0 36 71 108 55 26 12 0 0 97 0 17 29 44 23 0 49 25 0 0 0 31 0 16 0 81 98 47 -999 
P1522 2038 12 15 0 0 0 0 0 0 0 0 20 0 3 0 1 3 8 0 2 0 0 0 10 0 26 0 0 20 0 56 85 48 
P1522 2039 1 27 23 58 37 113 33 19 8 0 0 0 0 100 0 35 80 127 69 166 115 73 0 20 44 134 0 165 116 28 17 23 
P1522 2039 2 0 0 0 0 2 0 0 0 0 0 18 1 4 20 43 15 17 11 0 11 52 82 77 50 23 78 59 0 -999 -999 -999 
P1522 2039 3 26 0 0 18 33 29 0 0 0 36 0 36 56 0 0 0 46 0 0 83 68 36 9 6 0 0 0 0 3 2 0 
P1522 2039 4 3 4 0 0 0 15 0 0 0 0 0 0 0 0 0 0 0 0 0 0 0 0 0 0 0 0 0 0 0 0 -999 
P1522 2039 5 52 0 0 0 0 0 0 0 0 0 0 34 0 0 0 0 33 0 21 0 0 0 0 0 31 0 30 0 36 29 0 
P1522 2039 6 0 22 0 0 0 0 0 40 54 31 0 0 0 0 0 0 0 0 0 0 0 0 0 0 0 0 0 0 0 0 -999 
P1522 2039 7 0 0 0 0 0 0 0 0 0 0 0 0 0 0 0 32 0 0 13 0 0 0 0 0 0 0 0 0 0 0 0 
P1522 2039 8 0 0 0 0 0 0 23 0 0 0 0 0 0 0 0 0 0 0 36 0 0 0 0 0 0 0 0 0 0 0 0 
P1522 2039 9 25 0 0 0 0 0 0 0 0 0 0 24 0 0 0 0 0 35 0 0 0 0 0 0 0 0 0 0 0 0 -999 
P1522 2039 10 38 0 0 0 7 0 0 0 0 0 0 0 11 0 0 0 0 0 37 75 68 79 47 0 87 19 10 33 0 0 31 
P1522 2039 11 0 0 0 2 0 0 0 0 0 0 0 0 6 0 0 39 16 7 15 0 0 0 0 0 0 28 0 61 66 41 -999 
P1522 2039 12 59 0 0 0 0 19 0 0 0 0 0 0 0 30 51 0 92 207 77 14 14 0 0 0 0 21 30 24 0 0 0 
P1522 2040 1 0 0 0 2 0 0 0 0 1 0 6 0 0 0 0 14 19 10 0 0 0 0 0 21 0 0 0 0 20 27 85 
P1522 2040 2 0 14 60 0 78 11 7 0 0 0 0 35 25 79 156 122 72 148 126 0 42 35 55 0 0 0 0 61 -999 -999 -999 
P1522 2040 3 33 0 0 50 0 0 0 35 0 46 0 0 0 0 0 0 0 6 15 0 0 0 0 0 0 0 0 0 0 0 23 
P1522 2040 4 0 0 0 28 54 53 0 24 16 13 16 0 12 33 50 0 0 0 0 0 0 0 10 0 26 0 19 0 0 0 -999 
P1522 2040 5 0 0 0 0 0 0 33 0 0 0 0 0 0 0 0 0 0 0 0 0 0 0 0 24 0 0 14 0 0 0 0 
P1522 2040 6 0 0 0 0 0 0 0 11 24 36 0 0 0 24 0 0 0 0 0 0 28 0 0 15 0 21 0 0 19 0 -999 
P1522 2040 7 0 0 0 0 0 0 0 0 0 0 0 0 0 0 0 0 0 0 0 0 0 0 0 0 0 0 0 0 0 0 0 
P1522 2040 8 0 0 0 0 0 0 0 0 0 0 0 0 0 0 0 0 0 0 0 0 0 0 0 0 0 0 0 0 0 0 0 
P1522 2040 9 0 0 0 0 0 0 20 0 0 0 0 0 0 35 0 39 0 0 0 26 0 0 0 0 0 0 0 0 0 0 -999 
P1522 2040 10 0 0 0 0 0 35 0 48 50 52 0 25 30 0 0 0 68 156 45 0 0 10 0 31 0 0 0 0 0 0 0 
P1522 2040 11 0 0 0 0 0 0 0 0 28 0 16 0 0 91 67 115 72 22 0 6 3 0 0 0 17 0 19 28 29 23 -999 
P1522 2040 12 0 0 0 4 3 0 6 21 32 15 0 0 0 0 0 0 0 0 0 0 0 0 0 0 0 0 0 0 0 0 5 
P1522 2041 1 0 0 0 0 0 0 15 13 9 0 0 17 0 0 8 0 12 0 5 3 5 0 0 96 0 31 90 45 0 46 50 
P1522 2041 2 0 0 0 0 0 0 0 20 39 43 0 42 24 0 59 109 0 0 11 0 0 0 0 0 0 0 0 0 -999 -999 -999 
P1522 2041 3 0 0 0 0 0 0 0 20 35 0 13 7 0 2 0 0 0 0 2 0 0 0 0 7 0 0 0 0 0 0 0 
P1522 2041 4 0 0 0 0 0 16 0 0 0 0 0 27 31 19 0 0 0 0 0 0 10 0 0 3 0 2 0 0 12 0 -999 
P1522 2041 5 0 0 33 34 0 49 32 0 25 0 0 0 0 13 0 19 0 48 43 0 0 0 11 0 0 0 0 0 0 0 0 
P1522 2041 6 0 0 0 0 0 0 0 0 0 0 35 0 0 0 0 0 0 0 0 0 0 0 0 0 0 0 0 0 0 0 -999 
P1522 2041 7 0 0 0 0 0 17 0 0 0 0 0 0 48 0 0 0 0 0 0 0 0 0 0 0 0 0 0 0 0 0 0 
P1522 2041 8 0 0 0 0 21 20 0 0 0 0 0 0 0 0 0 0 0 0 28 0 0 0 0 0 0 0 0 0 0 0 0 
P1522 2041 9 0 0 40 0 21 0 0 0 24 0 0 0 0 0 0 0 0 0 0 0 0 0 0 0 16 0 8 0 0 0 -999 
P1522 2041 10 0 16 0 0 0 0 0 0 0 0 0 15 31 0 0 0 6 0 0 11 0 0 0 0 30 0 0 0 0 0 0 
P1522 2041 11 0 121 37 25 0 0 0 0 0 0 0 0 0 0 7 10 0 0 20 0 30 16 0 26 54 0 0 0 0 15 -999 
P1522 2041 12 34 65 129 60 0 17 0 19 23 7 0 0 0 0 9 0 0 0 0 0 0 0 5 0 0 0 17 44 60 41 42 
P1522 2042 1 30 52 65 79 0 0 0 0 0 35 27 0 0 5 0 14 0 29 0 0 3 0 0 0 0 0 43 57 10 0 0 
P1522 2042 2 0 0 4 0 0 0 0 0 4 0 0 0 0 4 0 0 0 5 1 0 0 0 0 36 0 0 0 0 -999 -999 -999 
P1522 2042 3 9 0 1 0 0 0 0 0 13 0 0 0 0 15 6 0 0 41 33 0 33 31 0 43 0 40 29 0 29 12 5 
P1522 2042 4 0 7 4 0 3 0 0 0 0 0 0 0 0 0 0 60 65 68 20 0 0 31 53 18 5 0 10 0 29 0 -999 
P1522 2042 5 39 51 67 63 0 49 40 38 0 0 45 41 79 0 24 0 17 0 0 0 9 0 0 0 0 10 14 12 16 0 26 
P1522 2042 6 26 0 33 34 41 34 25 35 0 0 15 0 16 0 0 36 0 0 27 0 0 0 0 0 0 0 0 0 0 0 -999 
P1522 2042 7 0 0 0 0 0 0 0 0 21 0 14 0 0 0 0 0 0 0 0 0 0 0 0 0 0 0 0 0 0 0 0 
P1522 2042 8 0 0 0 0 0 0 0 0 0 0 0 0 0 0 0 0 0 0 0 0 0 0 0 0 0 0 0 0 0 0 0 
P1522 2042 9 0 0 0 12 0 0 0 0 0 0 0 0 0 0 0 0 0 0 64 0 0 0 0 0 0 24 0 0 0 0 -999 
P1522 2042 10 0 0 0 0 0 13 0 0 0 12 7 7 0 0 0 0 0 10 0 0 0 0 0 0 0 0 0 0 0 0 6 
P1522 2042 11 0 0 0 0 0 0 0 14 19 23 28 0 68 0 0 0 17 0 0 0 20 44 28 0 0 37 0 0 0 19 -999 
P1522 2042 12 17 0 9 0 93 17 19 26 13 0 38 32 0 8 0 0 0 12 32 55 17 37 27 0 0 0 15 18 34 75 49 
P1522 2043 1 10 0 0 0 0 2 0 4 5 0 0 49 0 42 98 70 61 51 0 0 3 0 0 0 0 0 0 0 0 0 0 
P1522 2043 2 0 0 0 0 0 0 0 0 28 42 33 0 6 0 0 82 0 0 0 0 13 0 19 14 5 12 0 0 -999 -999 -999 
P1522 2043 3 0 20 0 0 5 6 6 5 0 14 42 42 44 68 0 49 62 54 0 41 15 0 77 72 48 59 28 29 60 119 49 
P1522 2043 4 103 99 64 26 0 29 32 0 0 0 24 0 37 0 0 0 0 3 0 0 0 35 50 0 0 0 34 44 82 31 -999 
P1522 2043 5 0 0 0 0 0 0 0 0 0 0 0 33 0 0 43 38 66 52 53 61 0 0 0 9 0 0 0 0 0 0 0 
P1522 2043 6 0 29 0 0 22 0 0 0 0 0 0 0 13 0 0 0 0 0 0 0 0 0 0 0 0 0 0 0 17 0 -999 
P1522 2043 7 0 0 0 0 0 0 0 0 0 0 0 7 0 0 0 0 0 0 24 0 0 0 0 0 27 29 0 0 0 0 0 
P1522 2043 8 0 0 0 0 0 0 0 0 0 0 0 0 0 0 0 0 0 0 0 0 9 0 0 30 0 0 0 0 0 0 0 
P1522 2043 9 0 0 0 22 0 0 0 0 0 0 0 0 0 0 0 0 0 0 0 8 0 0 0 0 9 0 0 17 0 0 -999 
P1522 2043 10 0 0 11 0 9 0 0 0 0 0 0 0 36 0 18 0 0 0 0 0 0 0 25 0 0 0 0 0 21 0 0 
P1522 2043 11 0 24 26 37 164 126 21 0 0 0 2 0 0 0 0 0 0 0 28 20 69 79 25 26 53 68 71 0 48 32 -999 
P1522 2043 12 20 0 25 71 60 46 0 0 0 0 0 0 0 0 0 0 0 0 0 0 4 0 0 0 0 0 0 0 0 0 0 
P1522 2044 1 0 0 0 3 0 0 13 0 0 0 28 0 0 24 0 0 18 68 0 34 33 17 11 31 0 67 0 13 0 0 17 
P1522 2044 2 21 0 0 0 19 11 1 3 9 0 24 0 0 14 0 9 24 0 0 0 0 0 0 0 0 5 0 0 -999 -999 -999 
P1522 2044 3 0 0 0 4 0 0 0 0 0 0 0 0 0 7 0 20 0 20 8 0 0 0 0 0 0 14 0 25 21 20 23 
P1522 2044 4 29 37 40 0 21 0 0 0 42 0 0 0 0 0 0 0 29 0 0 6 3 5 10 9 0 0 26 0 39 35 -999 
P1522 2044 5 30 11 22 25 0 27 50 51 50 67 73 63 0 25 33 15 17 14 12 0 0 0 0 21 12 0 14 0 0 10 0 
P1522 2044 6 0 0 0 0 0 0 0 0 0 0 0 0 0 0 37 27 0 0 0 32 38 0 0 0 26 0 22 0 0 28 -999 
P1522 2044 7 0 19 0 0 0 0 0 0 0 0 0 0 28 22 0 0 0 0 0 0 0 0 0 0 0 0 0 0 0 0 0 
P1522 2044 8 0 37 0 0 0 0 0 0 0 0 0 0 0 0 0 0 0 0 0 17 0 0 0 0 0 0 0 0 0 0 0 
P1522 2044 9 9 0 6 0 0 0 0 0 0 0 0 0 0 0 0 0 0 0 0 29 26 17 19 0 20 0 0 0 0 0 -999 
P1522 2044 10 20 0 0 0 0 0 0 0 0 0 26 39 0 0 0 0 0 0 0 67 0 0 26 0 76 47 0 0 0 9 0 
P1522 2044 11 0 0 0 0 22 12 11 0 0 35 56 0 74 72 26 32 40 0 0 0 98 55 0 0 13 19 0 0 0 0 -999 
P1522 2044 12 4 0 0 0 0 0 0 0 0 0 0 0 0 6 0 7 19 50 103 196 53 39 60 26 0 44 35 0 7 0 14 
P1522 2045 1 24 41 106 0 68 30 21 73 0 92 0 76 0 0 0 10 0 32 0 0 0 0 0 0 0 0 0 5 5 0 0 
P1522 2045 2 0 19 13 0 0 19 36 9 4 17 54 91 0 13 0 4 0 0 0 0 40 37 31 0 0 151 181 0 -999 -999 -999 
P1522 2045 3 36 9 25 38 24 14 0 50 81 86 74 50 57 0 0 24 36 0 0 0 0 0 8 0 2 0 0 0 0 0 2 
P1522 2045 4 0 0 0 0 0 0 0 0 11 9 17 24 0 43 69 41 23 0 23 0 13 0 0 10 0 0 0 0 0 20 -999 
P1522 2045 5 0 0 30 64 0 0 0 0 0 0 0 0 0 0 0 0 7 0 0 62 0 39 0 0 0 27 0 35 43 37 23 
P1522 2045 6 29 21 15 0 0 0 0 0 0 0 0 25 34 49 0 24 26 0 21 31 0 0 0 13 0 22 18 0 0 0 -999 
P1522 2045 7 0 0 0 0 0 0 0 0 0 0 0 0 0 0 0 0 0 0 0 0 0 0 0 0 0 0 0 0 0 0 0 
P1522 2045 8 0 0 28 0 0 0 0 0 0 0 0 0 0 0 0 0 0 0 0 0 0 0 0 0 0 0 0 0 0 0 0 
P1522 2045 9 0 0 0 0 34 0 0 0 0 0 0 0 0 0 7 0 0 0 0 0 0 0 0 0 0 0 0 35 0 8 -999 
P1522 2045 10 0 0 0 0 25 0 17 24 0 0 0 12 0 0 11 0 0 0 17 28 0 0 0 0 0 0 0 0 0 0 0 
P1522 2045 11 0 0 33 0 34 0 0 0 5 0 0 0 0 0 0 8 0 0 0 17 0 4 0 0 0 14 18 0 15 0 -999 
P1522 2045 12 0 0 0 0 0 0 0 0 0 0 60 0 0 0 0 0 0 0 1 0 3 0 0 66 61 0 0 0 6 0 8 
P1522 2046 1 0 16 9 0 0 0 0 0 0 0 0 0 9 8 8 0 13 48 75 48 0 73 63 80 0 75 68 60 96 0 0 
P1522 2046 2 51 0 11 0 0 0 0 0 0 17 0 37 64 0 46 104 122 0 0 0 13 0 13 16 0 19 35 41 -999 -999 -999 
P1522 2046 3 0 0 0 42 14 0 0 0 7 0 0 0 0 0 0 0 0 1 0 0 6 0 12 21 31 43 31 0 0 0 29 
P1522 2046 4 0 0 0 0 16 22 31 0 66 69 0 0 39 0 54 50 62 40 0 0 27 0 50 38 53 42 38 32 31 36 -999 
P1522 2046 5 0 0 0 0 0 0 0 21 0 0 0 0 47 0 0 0 26 14 0 27 27 0 0 61 109 45 26 0 0 0 0 
P1522 2046 6 0 0 22 0 85 42 17 14 12 0 0 20 0 0 0 0 0 0 0 0 0 0 0 0 0 0 0 0 0 0 -999 
P1522 2046 7 0 0 0 0 0 0 0 38 0 0 0 0 0 0 0 0 0 0 0 0 0 0 0 0 0 0 0 0 0 0 0 
P1522 2046 8 0 0 0 0 0 0 0 0 0 0 0 0 0 0 0 0 0 0 0 0 0 0 0 0 0 0 0 0 0 0 0 
P1522 2046 9 0 0 0 0 29 0 0 0 0 0 0 0 0 0 0 0 0 0 0 0 0 0 0 0 0 0 14 16 0 0 -999 
P1522 2046 10 0 0 0 0 0 0 31 0 34 0 28 11 0 0 0 0 0 0 0 0 12 0 0 0 0 11 0 0 5 0 0 
P1522 2046 11 0 43 79 89 21 12 4 0 0 0 0 0 2 0 4 0 0 0 0 11 0 0 0 0 0 0 0 0 0 0 -999 
P1522 2046 12 0 10 0 0 0 0 0 0 0 6 0 0 0 0 0 0 7 8 0 0 0 0 0 0 6 15 6 0 0 0 8 
P1522 2047 1 17 23 36 52 28 35 15 0 25 38 42 8 0 6 6 47 18 20 12 0 0 20 0 0 2 0 0 0 0 0 0 
P1522 2047 2 38 9 3 5 0 0 0 0 6 0 0 0 42 0 25 0 0 0 16 0 26 23 0 32 0 0 6 0 -999 -999 -999 
P1522 2047 3 0 0 0 18 24 0 24 0 16 26 0 0 0 47 15 19 0 24 0 0 0 0 0 0 7 0 0 0 0 0 0 
P1522 2047 4 0 25 18 0 0 0 0 0 0 0 0 0 0 0 0 0 0 51 0 0 0 28 26 0 0 0 0 32 0 38 -999 
P1522 2047 5 25 0 0 0 18 44 0 0 0 0 0 0 43 57 65 0 19 0 0 0 36 36 53 0 0 12 11 0 0 0 0 
P1522 2047 6 0 0 0 0 0 0 21 0 0 0 0 0 0 0 0 0 0 0 0 0 0 0 0 0 0 0 0 0 0 0 -999 
P1522 2047 7 0 0 0 0 0 0 0 0 0 0 0 0 0 0 0 0 0 0 37 0 0 0 0 24 0 0 0 0 0 0 0 
P1522 2047 8 0 0 0 0 0 0 0 0 0 0 0 0 0 0 0 0 0 0 0 0 0 0 0 31 13 0 0 0 0 0 0 
P1522 2047 9 0 0 21 0 0 0 33 0 0 0 0 0 0 0 0 0 0 0 0 15 0 0 0 0 0 53 0 15 16 0 -999 
P1522 2047 10 0 0 33 61 0 0 0 11 0 0 0 7 0 24 0 0 0 0 23 0 0 0 0 0 0 22 0 28 0 16 0 
P1522 2047 11 23 0 4 0 0 0 0 9 0 11 0 0 0 0 0 10 0 15 21 37 0 0 0 3 0 0 17 32 38 0 -999 
P1522 2047 12 0 76 0 55 181 0 172 103 0 0 0 0 0 17 66 0 14 28 96 111 0 52 41 57 60 38 0 11 0 20 0 
P1522 2048 1 0 0 0 0 0 0 3 0 0 0 0 0 5 0 0 0 0 0 0 0 15 11 0 7 11 50 96 0 0 0 0 
P1522 2048 2 28 16 5 5 0 0 26 0 0 24 0 0 0 0 0 0 0 31 16 0 0 14 8 7 0 9 0 0 -999 -999 -999 
P1522 2048 3 8 0 0 0 0 0 0 0 0 0 3 0 0 0 0 0 0 0 38 32 25 24 0 0 0 0 0 0 0 28 27 
P1522 2048 4 0 0 12 0 0 0 69 84 0 13 0 59 79 68 0 30 60 0 117 105 53 0 0 32 19 29 28 0 0 0 -999 
P1522 2048 5 13 15 27 25 0 14 0 0 0 0 0 0 0 0 0 0 0 0 0 0 52 54 0 26 0 0 0 51 54 0 0 
P1522 2048 6 9 0 0 0 23 25 17 21 22 0 0 0 0 0 0 0 0 0 0 0 0 0 0 0 0 0 0 0 0 0 -999 
P1522 2048 7 0 0 0 0 0 0 0 0 0 0 19 0 0 0 0 0 0 0 0 0 0 0 0 0 0 0 0 0 0 0 0 
P1522 2048 8 0 0 0 0 0 0 0 0 28 25 0 0 0 0 0 14 0 0 24 0 0 0 0 0 0 0 0 0 0 0 0 
P1522 2048 9 0 0 0 0 0 0 0 0 0 0 0 0 0 17 0 11 14 0 0 0 0 0 0 0 0 0 14 0 0 22 -999 
P1522 2048 10 0 0 0 0 0 0 12 0 0 0 8 0 0 39 29 58 42 18 14 0 0 0 0 0 0 0 21 0 0 32 34 
P1522 2048 11 24 30 19 10 0 16 49 0 0 0 24 0 0 0 0 19 54 24 2 0 0 11 10 0 0 0 0 33 119 120 -999 
P1522 2048 12 0 49 76 48 0 0 0 0 0 0 0 0 0 0 32 0 0 0 67 210 81 12 0 0 0 0 4 0 0 0 0 
P1522 2049 1 0 35 64 16 14 13 0 0 0 4 0 0 0 0 0 0 0 0 0 0 0 0 0 6 8 0 0 0 0 0 0 
P1522 2049 2 0 0 0 5 9 17 31 52 29 48 0 92 163 109 60 154 93 88 73 54 92 0 50 178 112 124 77 0 -999 -999 -999 
P1522 2049 3 51 77 91 93 92 38 32 22 0 55 36 0 16 0 29 8 22 30 0 8 0 0 0 0 0 0 0 0 0 0 0 
P1522 2049 4 0 31 0 9 0 0 0 0 0 0 0 0 0 0 0 4 0 0 0 0 0 0 0 0 0 0 0 15 22 12 -999 
P1522 2049 5 0 0 0 0 0 0 0 0 0 0 6 10 0 0 0 0 16 0 0 0 30 0 0 0 0 0 0 0 0 0 0 
P1522 2049 6 0 0 18 0 0 0 0 0 0 0 0 0 0 0 0 0 0 0 0 0 0 0 0 0 0 0 0 28 0 0 -999 
P1522 2049 7 0 0 0 0 0 0 0 0 0 0 0 0 0 0 0 0 0 0 0 0 0 0 0 0 0 0 0 0 0 0 0 
P1522 2049 8 0 0 0 0 0 0 0 0 0 0 0 0 0 0 0 0 0 0 0 0 0 0 0 0 0 0 0 0 0 0 0 
P1522 2049 9 0 0 0 0 0 0 0 0 0 0 0 0 0 10 0 0 0 14 0 0 0 0 0 0 0 0 0 0 0 0 -999 
P1522 2049 10 0 0 0 0 0 0 0 0 0 25 28 0 0 0 0 76 25 29 0 14 13 0 0 0 47 0 0 0 0 26 5 
P1522 2049 11 0 0 0 26 14 24 94 139 100 0 0 0 5 0 0 9 6 0 0 0 7 0 0 11 0 0 0 43 0 14 -999 
P1522 2049 12 0 26 32 0 0 18 0 4 8 14 5 3 6 0 56 79 0 0 0 0 0 6 20 19 23 26 12 0 5 4 0 
P1522 2050 1 0 0 0 1 4 0 0 0 26 42 107 78 110 93 39 137 77 127 32 0 0 8 0 0 0 22 0 0 6 0 14 
P1522 2050 2 0 0 0 0 0 0 0 25 40 32 11 0 0 0 0 0 0 0 0 0 0 0 0 0 0 0 0 0 -999 -999 -999 
P1522 2050 3 0 0 0 3 0 0 0 0 0 0 0 20 13 0 0 0 0 17 44 28 17 19 33 59 70 0 10 15 0 0 0 
P1522 2050 4 0 0 0 0 0 0 0 0 19 0 0 100 0 0 0 21 0 28 0 0 26 67 0 0 24 0 0 23 0 38 -999 
P1522 2050 5 0 0 27 29 25 25 0 31 0 0 0 0 29 0 0 29 4 0 0 0 0 29 0 24 0 0 0 0 27 0 0 
P1522 2050 6 18 18 0 0 0 0 0 11 0 0 20 0 0 0 0 0 0 0 10 0 0 0 0 0 0 0 0 0 0 0 -999 
P1522 2050 7 0 0 0 0 0 0 0 0 0 0 0 0 0 0 0 0 0 30 0 0 0 23 0 0 0 0 0 0 0 0 0 
P1522 2050 8 0 0 0 0 0 0 0 0 0 0 0 0 15 0 0 0 0 0 0 0 0 0 0 0 0 0 0 0 0 0 0 
P1522 2050 9 0 0 0 0 0 0 7 0 6 0 0 0 13 0 0 32 0 0 0 0 0 0 0 0 0 0 0 0 0 0 -999 
P1522 2050 10 0 0 0 0 11 0 0 0 0 0 0 0 0 14 41 46 37 32 28 0 29 0 19 0 0 0 29 46 0 0 0 
P1522 2050 11 42 19 0 0 0 0 0 0 12 9 0 12 0 22 41 12 6 10 0 20 22 9 34 77 0 5 28 26 0 6 -999 
P1522 2050 12 0 0 29 10 0 12 0 0 0 61 13 0 57 0 58 18 0 0 0 8 0 0 0 0 0 0 0 0 0 0 0 
P1522 2051 1 0 17 0 0 0 0 5 0 13 26 18 26 0 39 62 0 5 9 0 0 7 0 0 0 16 0 0 0 0 0 32 
P1522 2051 2 0 53 42 37 0 15 12 0 7 11 0 0 0 0 0 10 19 0 25 46 24 37 0 35 0 0 0 39 -999 -999 -999 
P1522 2051 3 0 13 43 0 44 30 0 0 0 37 32 0 0 0 31 30 0 0 12 13 24 0 26 18 21 19 13 0 0 0 0 
P1522 2051 4 0 0 0 0 0 0 0 0 56 51 0 0 0 29 81 35 0 0 0 0 12 7 0 0 0 0 0 0 0 0 -999 
P1522 2051 5 0 0 21 0 13 0 0 0 33 13 9 8 0 0 0 0 26 0 0 0 0 0 0 0 20 0 15 0 0 0 0 
P1522 2051 6 0 32 38 0 0 0 0 0 37 0 0 0 0 0 0 0 35 0 25 0 0 0 0 0 0 0 0 0 0 0 -999 
P1522 2051 7 0 0 0 0 0 0 0 0 0 0 0 0 0 0 0 0 0 0 0 0 0 0 0 0 0 0 0 0 0 0 0 
P1522 2051 8 0 0 22 0 0 0 0 0 0 0 0 0 0 0 0 27 0 0 0 0 0 0 0 0 0 0 0 0 0 0 0 
P1522 2051 9 0 0 0 0 7 0 0 0 26 0 0 32 0 5 0 0 0 0 0 0 0 0 0 0 0 0 0 0 0 0 -999 
P1522 2051 10 0 15 0 0 0 29 0 33 35 26 20 16 27 0 0 44 0 0 33 11 0 0 0 0 0 0 0 55 67 0 0 
P1522 2051 11 0 0 11 38 0 0 0 0 2 0 0 0 0 49 0 0 0 20 56 46 0 40 70 46 32 0 0 0 0 41 -999 
P1522 2051 12 0 10 0 0 17 89 88 55 0 0 9 0 11 13 0 44 0 17 0 34 32 24 0 0 0 0 0 4 0 0 0 
P1522 2052 1 0 0 0 11 8 2 0 0 0 0 0 0 2 0 0 0 0 0 0 0 0 0 0 10 5 0 12 2 0 0 0 
P1522 2052 2 0 0 0 0 2 0 0 0 0 0 0 9 0 0 0 0 24 0 0 16 0 0 0 0 0 27 0 0 -999 -999 -999 
P1522 2052 3 0 0 0 0 0 0 54 33 0 0 0 9 0 0 38 21 0 16 0 0 78 71 32 0 54 0 25 0 0 0 5 
P1522 2052 4 0 0 0 0 9 5 0 3 0 0 0 0 2 3 0 0 0 0 0 0 0 0 0 0 0 0 0 0 0 0 -999 
P1522 2052 5 22 27 0 0 20 41 41 31 0 19 0 0 32 0 0 19 0 0 0 28 0 0 0 0 0 25 0 42 0 37 0 
P1522 2052 6 0 17 0 0 31 15 0 12 0 0 0 49 0 0 25 41 24 0 0 0 0 0 0 0 0 0 0 0 0 0 -999 
P1522 2052 7 0 0 0 0 0 0 0 0 17 0 0 0 0 0 0 0 0 0 0 19 0 0 0 0 0 0 0 0 0 0 0 
P1522 2052 8 0 0 0 0 0 0 0 0 0 0 0 0 0 0 0 0 0 0 0 0 0 27 0 0 0 0 0 0 0 0 0 
P1522 2052 9 0 0 29 0 0 0 0 0 0 0 0 0 0 0 0 0 0 0 0 0 0 0 0 0 0 0 25 0 0 0 -999 
P1522 2052 10 0 0 18 0 0 0 0 21 0 0 0 0 0 0 0 0 0 0 0 0 0 0 0 0 0 0 0 2 0 0 5 
P1522 2052 11 0 0 0 0 0 0 0 14 13 0 0 0 0 0 0 0 0 8 10 0 18 15 12 23 40 60 109 0 28 39 -999 
P1522 2052 12 37 0 0 21 35 0 8 16 39 127 103 0 83 93 32 10 20 42 0 0 0 0 0 0 14 8 0 0 0 42 26 
P1522 2053 1 0 0 0 0 0 0 0 0 0 0 11 0 0 12 12 0 3 0 0 0 0 3 0 0 0 0 0 0 0 0 0 
P1522 2053 2 0 52 0 70 70 0 77 30 31 18 0 0 0 0 2 0 0 0 6 0 0 0 0 17 0 22 49 118 -999 -999 -999 
P1522 2053 3 103 30 15 0 45 39 5 0 20 35 0 18 15 19 0 27 0 64 45 31 0 0 12 0 0 0 0 0 26 0 0 
P1522 2053 4 35 0 0 0 43 0 0 51 19 0 0 60 14 0 0 0 0 0 0 18 0 0 0 0 5 7 0 0 0 0 -999 
P1522 2053 5 31 29 0 0 34 0 0 49 34 0 0 0 0 0 0 22 0 0 0 0 0 0 38 0 21 0 15 18 0 15 18 
P1522 2053 6 0 0 0 0 0 0 0 0 0 0 0 0 0 0 0 37 0 0 0 0 0 0 0 0 0 0 0 0 0 0 -999 
P1522 2053 7 0 0 0 0 0 0 0 15 0 0 0 0 0 0 0 0 0 0 0 0 0 0 0 0 0 0 0 0 0 0 0 
P1522 2053 8 0 0 0 0 0 0 0 0 0 32 35 0 0 0 0 0 0 0 0 0 21 0 0 0 0 0 0 0 0 0 0 
P1522 2053 9 0 0 25 0 0 0 0 0 0 0 0 0 0 0 0 0 0 0 0 0 0 0 0 0 0 0 0 0 0 0 -999 
P1522 2053 10 0 0 0 0 0 0 0 0 32 4 0 0 0 0 22 37 0 26 10 0 0 0 0 18 0 0 0 0 0 0 0 
P1522 2053 11 23 0 51 0 29 0 29 0 47 84 45 52 0 25 68 68 0 0 14 0 0 14 19 23 0 17 35 0 19 48 -999 
P1522 2053 12 0 0 0 0 0 0 0 0 0 0 0 0 0 11 0 23 15 0 6 1 4 0 0 0 62 81 42 46 0 66 0 
P1522 2054 1 0 0 91 71 0 79 0 33 64 51 52 53 81 110 0 46 48 13 12 0 0 0 0 0 0 14 18 141 119 27 25 
P1522 2054 2 30 97 82 0 0 0 0 44 21 11 0 27 34 0 16 16 0 0 0 0 0 0 2 1 0 0 0 0 -999 -999 -999 
P1522 2054 3 0 0 1 0 3 0 0 0 0 0 0 5 0 0 0 13 10 0 11 13 12 0 0 17 0 0 13 0 50 45 41 
P1522 2054 4 16 0 27 20 46 82 102 75 32 0 0 70 0 0 17 43 23 27 28 0 0 0 0 0 0 0 27 61 44 50 -999 
P1522 2054 5 34 23 24 28 15 0 24 0 0 17 36 27 15 0 0 39 0 21 0 0 0 47 30 79 69 30 0 0 0 0 0 
P1522 2054 6 0 0 0 0 0 0 0 0 18 0 0 0 0 15 0 0 0 0 0 0 0 0 0 0 0 0 0 0 0 0 -999 
P1522 2054 7 5 0 0 0 0 0 0 0 29 0 0 0 0 0 0 0 0 0 0 0 0 0 0 0 0 0 14 0 0 0 0 
P1522 2054 8 0 0 0 0 0 0 0 0 0 0 0 0 0 0 22 0 0 0 0 0 40 0 0 0 0 0 0 0 0 0 0 
P1522 2054 9 17 0 0 0 0 0 0 0 0 0 0 0 0 30 0 0 0 0 0 0 0 0 0 0 28 13 0 13 24 70 -999 
P1522 2054 10 0 26 0 0 0 0 0 0 0 0 0 0 0 0 0 0 0 0 0 0 0 0 0 0 72 0 0 0 19 0 0 
P1522 2054 11 0 25 9 0 0 0 0 0 71 97 68 48 20 0 75 67 0 30 39 84 28 0 0 0 0 0 0 17 7 0 -999 
P1522 2054 12 9 8 9 2 0 9 4 4 0 0 0 37 0 0 0 0 0 6 0 0 0 0 0 0 118 0 103 94 100 0 53 
P1522 2055 1 29 0 24 51 0 0 10 28 7 37 90 24 21 0 0 0 37 104 89 0 0 0 3 0 0 0 0 0 6 1 0 
P1522 2055 2 0 0 0 16 0 28 46 42 0 2 0 0 0 0 0 0 8 0 0 0 0 0 0 0 0 0 0 0 -999 -999 -999 
P1522 2055 3 0 0 33 0 36 0 0 0 15 10 7 0 0 0 0 0 12 0 8 0 0 0 19 41 37 0 12 0 0 0 0 
P1522 2055 4 5 0 6 0 17 14 0 0 0 0 0 17 7 0 0 0 0 0 0 0 0 49 20 14 0 0 22 19 8 13 -999 
P1522 2055 5 0 6 1 7 0 19 0 5 10 0 65 0 0 18 0 7 6 0 0 13 16 22 0 0 28 48 42 0 0 0 15 
P1522 2055 6 0 0 0 0 0 0 0 0 0 0 0 0 0 0 0 0 0 0 0 0 0 0 0 0 0 0 0 0 14 0 -999 
P1522 2055 7 0 0 0 0 0 0 0 0 0 0 0 0 0 0 0 0 0 0 0 0 0 0 0 0 0 0 0 31 0 21 0 
P1522 2055 8 0 0 0 0 0 0 0 0 0 0 0 0 0 0 0 0 0 0 0 0 0 0 0 0 0 0 0 0 0 0 0 
P1522 2055 9 0 0 0 0 0 0 0 0 0 0 0 0 0 0 0 0 0 0 15 0 0 0 21 0 13 0 0 0 0 68 -999 
P1522 2055 10 42 0 0 39 0 0 0 14 0 0 47 0 0 0 37 69 92 77 17 43 10 0 0 0 0 0 17 0 0 0 0 
P1522 2055 11 0 17 0 28 0 63 70 54 30 0 14 31 10 10 14 18 45 0 0 0 4 22 37 13 0 0 58 37 150 91 -999 
P1522 2055 12 0 9 29 24 37 34 14 0 0 4 0 17 0 11 0 0 0 0 0 0 0 10 5 0 0 0 15 30 48 51 29 
P1522 2056 1 22 35 0 40 59 69 97 102 62 95 59 0 8 0 9 0 0 10 11 0 0 0 8 14 0 36 74 68 0 0 0 
P1522 2056 2 0 43 43 0 43 0 60 16 0 0 100 87 38 92 126 40 0 0 0 116 0 0 0 0 50 0 0 0 -999 -999 -999 
P1522 2056 3 31 44 20 0 57 116 84 104 0 81 86 77 49 132 86 16 0 23 0 0 0 0 0 0 9 17 34 56 54 52 0 
P1522 2056 4 10 0 38 0 9 0 5 0 0 0 0 0 0 0 0 0 0 0 0 22 0 0 0 0 0 0 0 0 0 0 -999 
P1522 2056 5 0 0 0 0 0 35 0 0 0 32 0 34 0 0 0 0 0 0 0 0 0 0 0 0 0 0 0 0 0 0 52 
P1522 2056 6 0 26 0 0 0 0 0 22 32 0 0 0 0 0 0 0 0 24 0 0 0 20 0 21 0 0 21 0 0 0 -999 
P1522 2056 7 0 0 0 44 0 0 0 0 0 0 0 0 0 0 0 0 0 0 0 0 0 0 0 0 0 0 0 0 0 0 0 
P1522 2056 8 0 0 0 0 0 0 0 0 0 0 0 0 0 0 0 0 0 0 0 0 0 0 0 0 0 0 0 0 0 13 0 
P1522 2056 9 0 0 0 0 24 0 0 36 20 0 0 0 9 18 0 0 0 0 0 26 0 0 19 0 0 0 0 0 0 0 -999 
P1522 2056 10 0 0 0 0 0 0 0 45 0 0 0 0 0 0 0 19 0 0 24 0 0 0 31 43 78 126 0 0 0 0 0 
P1522 2056 11 0 0 0 18 0 25 0 0 78 0 0 67 28 25 73 53 0 0 6 16 0 7 0 0 0 0 0 0 0 0 -999 
P1522 2056 12 0 0 0 0 0 0 0 10 0 0 0 0 0 0 13 0 18 51 0 0 9 15 0 0 0 0 13 43 35 18 48 
P1522 2057 1 54 94 81 32 55 0 30 0 0 14 0 0 9 9 0 0 30 61 104 0 12 0 4 0 5 13 36 134 154 33 43 
P1522 2057 2 0 0 0 0 52 0 0 0 0 0 0 0 0 0 0 0 24 5 3 3 0 0 0 0 0 27 0 36 -999 -999 -999 
P1522 2057 3 19 37 39 12 0 1 0 0 0 17 0 7 0 14 42 0 40 81 78 66 0 7 0 0 0 0 15 61 35 30 23 
P1522 2057 4 0 0 36 0 12 9 0 0 10 0 28 35 0 0 63 55 51 53 0 7 0 22 0 29 0 0 0 0 0 0 -999 
P1522 2057 5 0 0 0 0 34 0 0 0 0 30 0 6 0 0 12 13 0 0 0 28 46 0 0 0 0 26 29 0 0 0 0 
P1522 2057 6 0 0 0 0 0 0 0 0 0 0 0 0 0 0 0 6 0 0 0 0 0 0 0 0 0 0 0 0 0 0 -999 
P1522 2057 7 0 0 0 0 0 0 0 0 0 0 0 0 0 0 0 0 21 0 0 10 0 13 0 0 0 0 41 0 0 0 0 
P1522 2057 8 0 0 0 0 0 0 0 0 0 0 0 0 0 0 0 0 0 0 0 0 0 0 0 0 0 0 0 0 0 0 13 
P1522 2057 9 0 43 21 0 15 0 0 11 0 19 21 0 0 0 0 0 0 0 0 0 0 0 0 0 0 35 10 0 0 23 -999 
P1522 2057 10 0 0 0 22 31 0 0 0 32 0 0 19 0 28 13 0 0 0 0 16 35 23 22 31 61 0 97 0 55 0 0 
P1522 2057 11 0 0 0 0 0 0 0 35 0 0 0 0 128 35 0 0 9 0 0 34 21 11 0 0 0 0 0 90 0 50 -999 
P1522 2057 12 77 36 91 0 0 0 0 0 0 0 0 0 0 0 0 0 0 19 0 36 40 0 0 104 63 0 17 0 0 0 1 
P1522 2058 1 0 18 0 3 5 0 19 0 24 46 19 49 105 62 135 174 66 70 34 0 0 0 0 0 0 0 44 87 74 71 0 
P1522 2058 2 19 0 0 26 61 47 23 31 0 18 0 54 0 6 0 0 0 9 0 0 0 0 0 11 11 0 2 0 -999 -999 -999 
P1522 2058 3 0 0 0 0 19 0 0 0 0 0 27 0 0 0 0 0 22 0 0 16 0 0 0 0 0 0 8 0 0 0 15 
P1522 2058 4 46 0 19 0 0 0 0 24 0 0 25 0 0 32 0 0 0 0 0 0 0 0 20 45 41 43 20 22 23 0 -999 
P1522 2058 5 22 21 0 0 28 39 30 0 0 9 0 0 0 0 0 21 16 0 15 0 0 0 0 0 0 0 0 0 0 0 0 
P1522 2058 6 0 0 0 0 13 16 0 0 0 0 0 0 0 0 0 0 23 0 0 0 0 0 0 15 0 0 0 0 0 0 -999 
P1522 2058 7 0 0 0 0 0 0 0 0 0 0 0 0 0 0 0 0 0 0 0 0 0 0 0 0 0 0 0 0 0 0 0 
P1522 2058 8 0 0 0 0 0 0 0 0 0 0 0 0 0 0 0 0 0 0 0 22 17 0 0 0 0 0 0 0 0 38 0 
P1522 2058 9 0 0 0 0 0 0 0 0 0 36 0 0 0 31 0 0 0 0 0 0 0 0 0 0 0 0 0 0 0 0 -999 
P1522 2058 10 0 0 37 0 63 34 0 0 0 0 0 0 0 0 0 0 14 0 0 23 46 0 0 29 0 0 0 8 0 0 0 
P1522 2058 11 0 0 0 0 0 0 0 42 77 0 0 13 0 0 28 0 2 0 0 6 16 0 14 0 0 5 0 0 9 0 -999 
P1522 2058 12 0 0 0 17 18 21 19 5 0 0 0 0 0 0 0 4 0 6 0 3 6 0 3 0 3 0 12 14 0 0 0 
P1522 2059 1 0 0 0 1 4 33 34 73 25 0 1 0 0 0 10 0 25 0 0 0 0 0 0 0 0 0 0 0 0 0 0 
P1522 2059 2 1 0 0 0 0 0 0 0 0 0 22 46 39 25 16 0 0 0 0 0 0 0 0 0 0 0 0 0 -999 -999 -999 
P1522 2059 3 0 3 0 0 0 0 0 0 0 20 0 0 0 0 0 0 0 28 37 0 0 0 0 0 9 0 0 0 33 54 0 
P1522 2059 4 30 0 0 0 0 22 0 0 64 67 35 53 0 0 0 28 36 0 40 0 0 51 41 115 44 0 0 0 0 0 -999 
P1522 2059 5 0 0 0 0 0 0 0 0 0 0 0 0 0 17 0 0 48 62 48 17 0 18 0 0 39 0 0 16 0 0 0 
P1522 2059 6 0 0 0 0 0 0 0 0 0 12 0 0 0 0 16 0 0 0 0 0 0 0 0 0 0 0 29 0 0 0 -999 
P1522 2059 7 0 0 0 0 0 0 0 0 0 0 0 0 0 0 0 0 0 0 0 0 0 0 0 18 0 0 0 0 0 0 0 
P1522 2059 8 0 0 0 0 0 0 0 0 0 0 0 0 0 0 0 0 0 39 0 0 0 0 0 0 0 103 16 0 0 0 0 
P1522 2059 9 0 0 0 0 0 0 0 0 0 0 0 0 0 0 0 0 0 6 0 18 0 0 0 0 0 0 0 0 0 27 -999 
P1522 2059 10 0 0 0 0 0 0 0 0 13 5 0 0 0 0 0 0 0 22 0 0 17 10 6 0 0 0 51 62 0 30 0 
P1522 2059 11 21 0 0 65 0 0 0 9 0 0 0 0 0 0 0 0 0 25 0 0 6 0 11 0 0 0 0 0 0 0 -999 
P1522 2059 12 0 0 0 0 0 44 15 0 0 30 0 24 26 3 0 5 0 0 0 3 0 5 0 0 30 88 84 43 36 32 0 
P1522 2060 1 11 0 0 29 0 0 0 0 0 0 84 0 96 53 38 0 0 6 3 0 0 0 0 0 0 0 0 0 0 0 0 
P1522 2060 2 41 0 3 0 0 3 0 0 8 0 7 30 6 0 0 0 4 8 12 0 0 10 0 0 0 0 0 0 -999 -999 -999 
P1522 2060 3 0 0 0 9 0 0 38 0 10 19 18 0 0 1 0 0 6 7 0 0 0 0 40 41 0 16 0 0 62 39 0 
P1522 2060 4 34 21 19 0 0 0 0 0 0 57 26 0 0 0 0 0 0 0 0 14 0 0 0 0 0 0 40 0 0 11 -999 
P1522 2060 5 0 18 45 47 0 0 14 20 0 0 0 0 9 0 0 0 29 0 0 0 0 0 0 0 0 0 0 0 0 0 23 
P1522 2060 6 0 0 0 0 0 0 0 0 0 15 0 0 0 0 0 0 0 0 0 34 0 0 0 0 0 0 0 0 28 0 -999 
P1522 2060 7 0 0 0 0 0 0 0 0 0 0 0 0 0 0 0 0 0 0 0 0 0 0 0 0 0 0 0 0 0 0 0 
P1522 2060 8 0 0 0 0 0 0 0 0 0 0 0 0 0 26 0 0 0 0 0 0 0 0 0 0 0 0 0 0 0 0 0 
P1522 2060 9 0 0 0 0 39 0 0 0 0 0 0 0 0 0 27 0 0 0 0 23 0 0 0 0 0 0 0 0 27 23 -999 
P1522 2060 10 0 0 0 0 0 0 8 0 0 0 6 6 0 0 0 0 0 0 0 0 4 6 0 0 0 0 0 0 0 0 0 
P1522 2060 11 0 19 0 24 0 51 36 0 69 52 28 0 0 0 0 0 92 104 105 69 25 0 7 10 0 0 0 23 0 0 -999 
P1522 2060 12 10 0 0 17 25 53 71 0 0 0 0 0 0 0 0 0 13 9 0 8 0 9 0 28 0 15 26 33 68 0 17 
P1522 2061 1 14 19 19 0 0 18 43 0 0 0 6 0 0 0 0 0 0 0 3 0 0 0 14 11 0 0 0 0 0 0 0 
P1522 2061 2 0 12 0 0 0 0 0 0 27 24 0 31 0 16 0 0 0 0 0 0 0 16 0 0 0 0 0 26 -999 -999 -999 
P1522 2061 3 0 15 0 0 0 0 0 0 0 36 5 0 0 0 30 0 0 66 31 0 0 37 36 52 93 0 13 0 0 4 23 
P1522 2061 4 42 50 73 0 24 0 19 0 0 0 30 0 0 0 0 0 0 0 43 20 0 4 0 0 0 0 0 0 0 0 -999 
P1522 2061 5 0 0 10 0 0 25 0 17 0 0 0 0 0 0 0 0 0 0 0 0 10 0 0 0 0 16 0 0 0 0 0 
P1522 2061 6 0 0 0 0 0 0 0 0 0 0 0 0 0 0 0 0 0 20 0 0 0 0 0 0 0 22 0 0 0 0 -999 
P1522 2061 7 0 0 0 0 0 0 0 0 0 0 0 0 0 0 0 0 0 0 0 0 0 0 0 0 0 0 0 0 0 0 0 
P1522 2061 8 0 0 0 0 0 0 0 0 0 0 0 0 0 0 0 0 0 0 0 0 0 0 0 0 0 0 0 0 21 0 0 
P1522 2061 9 0 0 0 0 0 0 0 0 0 0 0 0 0 0 15 0 0 0 20 0 0 23 0 0 0 0 40 0 0 0 -999 
P1522 2061 10 0 14 0 0 0 0 0 0 0 0 0 0 0 0 43 0 60 0 0 103 48 23 93 129 24 7 12 0 78 33 0 
P1522 2061 11 0 50 5 0 0 16 0 0 58 96 33 18 0 5 20 32 64 28 0 0 0 0 0 7 0 0 0 0 0 0 -999 
P1522 2061 12 4 0 0 0 0 0 0 0 0 0 0 0 14 0 0 0 0 0 7 7 0 51 12 0 0 0 0 5 12 0 24 
P1522 2062 1 6 13 13 0 0 0 0 0 0 0 0 0 0 0 9 0 0 36 0 0 0 0 0 15 21 57 63 37 0 0 0 
P1522 2062 2 27 0 0 0 22 0 0 0 18 0 34 6 0 0 0 0 13 0 0 0 0 0 0 73 0 41 0 0 -999 -999 -999 
P1522 2062 3 6 0 0 36 49 10 4 0 0 0 69 102 144 228 92 0 0 21 65 0 11 0 46 0 0 0 0 0 0 0 0 
P1522 2062 4 0 0 0 0 0 0 0 36 0 0 0 0 0 0 0 0 0 0 0 0 0 0 6 0 0 0 0 40 38 61 -999 
P1522 2062 5 20 0 0 0 0 0 0 0 0 38 0 0 0 0 0 16 0 0 0 0 0 0 0 0 0 0 0 0 0 0 0 
P1522 2062 6 0 0 0 0 0 0 0 0 0 0 0 0 0 0 0 0 0 0 0 27 0 0 0 0 0 0 0 0 0 0 -999 
P1522 2062 7 0 0 0 34 0 0 0 11 0 0 0 0 0 0 0 0 0 0 0 0 0 0 0 0 58 0 0 0 0 0 0 
P1522 2062 8 0 0 0 0 0 0 0 0 0 0 0 27 0 0 0 0 0 0 0 0 0 0 0 0 9 0 0 0 0 0 0 
P1522 2062 9 0 0 0 0 0 0 0 0 10 0 0 0 0 0 0 21 0 0 0 0 0 0 0 0 0 0 0 0 0 0 -999 
P1522 2062 10 0 0 0 63 0 107 0 21 13 0 44 0 0 0 0 0 62 0 0 0 0 0 0 20 5 0 0 0 17 0 0 
P1522 2062 11 0 0 0 0 0 0 0 0 18 0 0 13 0 0 0 0 0 56 0 6 3 0 31 0 0 33 0 0 0 0 -999 
P1522 2062 12 0 0 4 0 0 0 0 0 9 0 30 0 0 3 0 24 38 95 22 4 0 0 0 0 0 4 0 0 0 0 0 
P1522 2063 1 42 39 75 0 19 61 0 167 138 33 15 0 69 85 0 97 0 90 0 47 0 102 58 36 0 56 0 0 0 0 57 
P1522 2063 2 128 48 48 46 0 0 0 0 0 39 102 0 55 0 90 136 0 20 4 0 0 1 0 0 0 0 0 3 -999 -999 -999 
P1522 2063 3 2 0 0 0 0 15 0 0 0 0 0 0 0 58 50 0 0 0 10 7 0 18 17 30 109 67 81 44 0 0 72 
P1522 2063 4 33 0 0 27 0 0 0 0 78 33 0 0 0 0 0 0 0 0 0 12 0 0 0 0 0 24 0 0 0 0 -999 
P1522 2063 5 39 43 35 0 0 0 0 0 0 0 0 0 0 0 26 24 0 16 0 0 33 0 0 34 25 22 0 3 0 0 0 
P1522 2063 6 0 0 0 0 0 0 0 0 0 0 0 0 0 0 0 0 0 0 0 0 0 0 0 0 0 0 0 0 0 0 -999 
P1522 2063 7 0 0 0 0 0 0 0 0 0 0 0 0 0 0 0 0 0 0 0 0 0 0 0 0 0 0 0 0 0 0 0 
P1522 2063 8 0 0 0 0 0 0 0 0 0 0 0 0 0 0 0 0 18 0 0 0 0 0 0 0 33 25 0 0 0 0 0 
P1522 2063 9 0 0 0 0 0 0 0 0 0 0 0 0 0 0 0 0 18 0 0 0 0 0 0 0 0 24 21 0 0 0 -999 
P1522 2063 10 4 0 0 0 0 5 0 0 0 0 0 0 0 104 40 0 0 0 0 0 0 14 0 0 0 29 9 0 0 0 0 
P1522 2063 11 0 0 0 3 0 0 0 1 0 0 0 9 23 0 2 0 0 0 0 0 41 32 0 0 0 0 0 0 0 0 -999 
P1522 2063 12 0 0 0 0 0 0 0 0 0 0 0 10 0 3 0 6 0 0 10 5 0 1 1 0 0 0 0 0 0 1 0 
P1522 2064 1 0 0 0 0 0 5 2 0 0 0 0 0 0 0 0 67 0 0 0 0 0 0 0 0 0 0 28 14 11 23 26 
P1522 2064 2 0 53 39 0 17 0 0 0 0 0 0 0 0 5 0 0 0 0 0 0 0 0 0 0 0 0 0 0 -999 -999 -999 
P1522 2064 3 15 0 0 0 0 0 23 34 48 0 23 15 0 0 68 0 44 44 28 34 21 19 0 0 21 0 37 15 19 0 19 
P1522 2064 4 0 0 0 66 0 0 0 43 23 19 0 0 19 0 0 0 0 0 0 0 0 0 0 0 0 39 0 12 0 28 -999 
P1522 2064 5 21 0 10 0 0 26 32 0 0 0 13 15 0 0 0 0 6 0 0 0 0 0 0 0 0 0 0 0 0 0 0 
P1522 2064 6 0 0 0 0 0 0 0 0 0 0 0 0 0 0 0 0 0 0 0 0 0 0 0 0 0 0 0 0 0 0 -999 
P1522 2064 7 0 0 0 0 0 0 0 0 0 0 0 0 0 0 0 0 0 0 0 0 0 0 0 0 0 0 0 0 0 0 0 
P1522 2064 8 0 0 0 0 0 0 0 0 0 0 0 0 0 0 0 0 0 0 0 0 0 0 0 0 0 0 0 0 0 15 33 
P1522 2064 9 0 0 23 0 0 0 0 0 0 0 0 0 0 0 0 17 0 0 0 0 0 0 0 0 0 0 0 0 0 0 -999 
P1522 2064 10 0 0 0 0 23 0 0 0 0 0 0 0 0 0 0 14 0 0 0 0 0 0 0 0 22 0 20 22 8 35 22 
P1522 2064 11 15 0 0 20 58 0 0 0 0 0 0 0 32 0 50 0 0 0 0 0 0 0 0 0 4 0 20 36 17 0 -999 
P1522 2064 12 19 0 0 40 0 0 65 117 179 66 22 0 0 30 14 19 0 0 0 4 4 0 4 0 0 0 0 0 0 0 0 
P1522 2065 1 0 0 0 11 16 15 0 0 17 0 26 29 0 66 0 16 0 0 0 0 0 0 0 0 0 0 0 0 0 22 26 
P1522 2065 2 28 0 0 0 0 0 0 18 0 0 0 23 0 71 0 63 80 80 70 0 20 0 0 6 0 0 11 0 -999 -999 -999 
P1522 2065 3 0 0 0 0 0 0 0 10 0 0 3 4 14 0 6 3 0 0 0 9 7 0 0 0 0 34 25 26 0 0 0 
P1522 2065 4 5 0 0 0 0 0 0 0 0 0 0 0 0 16 0 21 0 0 0 0 0 0 0 0 0 16 0 0 0 0 -999 
P1522 2065 5 0 5 0 0 0 0 0 7 0 0 0 0 0 8 0 32 0 0 0 0 0 22 0 0 0 0 0 0 0 0 0 
P1522 2065 6 0 0 0 17 0 0 0 0 0 24 0 16 0 0 0 29 0 0 0 0 0 0 0 0 10 0 0 30 0 0 -999 
P1522 2065 7 0 0 0 0 0 0 0 0 0 0 0 0 0 0 35 0 0 0 0 0 0 0 0 0 0 0 0 0 0 0 0 
P1522 2065 8 0 0 0 0 0 0 0 0 0 0 0 0 0 0 0 0 13 0 0 0 0 0 0 0 0 0 0 0 0 0 0 
P1522 2065 9 0 0 0 18 0 0 0 0 0 0 0 0 5 0 0 0 0 0 0 0 16 0 0 0 0 0 0 0 0 0 -999 
P1522 2065 10 0 0 8 0 23 0 0 33 0 0 0 29 27 16 0 44 0 0 0 60 35 0 0 108 0 45 91 0 41 76 0 
P1522 2065 11 0 0 0 0 0 0 0 0 0 0 0 3 0 0 0 0 0 0 13 0 0 75 21 0 17 0 0 0 14 0 -999 
P1522 2065 12 0 0 5 0 5 0 0 0 0 10 0 82 40 0 0 23 23 32 51 90 61 132 110 185 172 221 149 28 0 0 0 
P1522 2066 1 0 0 0 0 8 0 0 0 32 42 85 156 56 40 0 0 0 23 87 48 13 62 0 15 0 0 0 0 0 0 0 
P1522 2066 2 0 0 0 0 18 22 0 0 50 28 45 27 19 0 0 0 0 0 0 0 0 0 5 5 73 74 33 43 -999 -999 -999 
P1522 2066 3 0 0 5 0 0 18 63 0 0 0 0 0 0 0 0 0 0 0 0 0 0 0 0 0 18 0 0 0 0 0 0 
P1522 2066 4 0 0 10 8 0 0 39 35 0 11 6 5 0 0 26 24 0 21 0 24 0 0 12 12 22 0 0 0 79 56 -999 
P1522 2066 5 21 0 23 0 0 24 0 26 0 0 0 11 0 0 0 0 0 0 54 21 12 0 0 0 0 0 0 0 0 0 0 
P1522 2066 6 0 0 0 0 0 0 0 0 0 0 0 0 0 0 32 0 0 0 0 0 0 0 23 0 0 0 0 0 0 0 -999 
P1522 2066 7 0 0 0 0 0 0 0 0 0 0 9 0 0 0 0 0 42 0 20 0 0 0 0 0 0 0 0 0 0 0 0 
P1522 2066 8 0 0 0 0 0 0 0 0 0 0 0 0 0 0 0 0 0 0 0 0 0 0 0 0 0 0 0 0 0 0 0 
P1522 2066 9 0 0 0 0 0 0 0 0 16 31 0 0 0 0 0 0 9 0 0 0 0 0 0 0 0 0 0 0 0 0 -999 
P1522 2066 10 0 25 0 0 0 0 10 0 0 9 0 0 0 0 0 0 0 0 0 15 0 0 9 9 10 14 0 0 19 11 0 
P1522 2066 11 0 0 8 0 54 37 0 33 37 17 0 32 57 0 0 0 0 0 0 0 0 0 5 0 7 5 0 0 0 0 -999 
P1522 2066 12 0 0 0 25 24 0 0 0 0 14 0 0 17 67 120 113 206 211 109 63 38 23 9 0 7 10 0 10 0 49 92 
P1522 2067 1 24 105 49 0 0 23 24 0 0 0 46 37 33 32 72 60 63 0 35 146 89 92 78 82 144 106 182 42 0 32 74 
P1522 2067 2 82 47 115 48 0 0 0 0 20 48 80 18 32 0 73 10 0 55 113 75 107 66 0 0 0 110 101 14 -999 -999 -999 
P1522 2067 3 0 0 0 6 0 1 0 3 5 9 21 0 81 27 0 0 0 0 0 9 14 6 0 17 0 5 6 0 13 8 0 
P1522 2067 4 0 0 0 0 0 0 0 0 0 0 0 0 0 0 49 0 15 21 20 17 0 16 31 35 21 0 0 0 0 0 -999 
P1522 2067 5 0 33 30 18 27 15 0 0 25 0 43 0 9 0 9 15 0 0 34 0 27 0 23 14 0 26 19 0 0 0 0 
P1522 2067 6 0 0 0 0 0 0 0 0 0 0 0 31 0 0 22 24 0 0 0 0 0 0 0 0 0 0 0 0 0 0 -999 
P1522 2067 7 0 0 0 0 0 0 0 0 0 0 0 0 0 0 0 0 0 0 0 24 0 0 0 0 0 0 0 0 0 0 0 
P1522 2067 8 0 0 0 0 0 0 0 0 0 0 0 0 0 0 0 0 0 0 0 0 0 0 0 0 0 0 0 0 0 0 0 
P1522 2067 9 0 0 0 0 0 0 0 0 0 0 0 20 0 24 0 23 0 0 0 0 0 0 0 0 0 0 7 0 0 9 -999 
P1522 2067 10 11 0 0 0 0 0 10 0 0 0 0 0 0 0 18 0 0 0 0 0 0 0 0 0 14 0 0 0 0 0 0 
P1522 2067 11 0 30 8 0 0 27 36 1 1 0 0 0 0 7 0 13 0 0 0 0 7 0 0 30 41 0 0 0 0 0 -999 
P1522 2067 12 0 0 31 26 0 17 0 23 0 11 21 0 38 0 0 0 0 0 0 2 0 0 0 0 4 16 73 45 62 8 28 
P1522 2068 1 0 0 0 12 0 79 106 29 33 0 0 0 0 0 0 0 0 0 0 0 0 0 0 0 42 31 11 12 12 0 0 
P1522 2068 2 0 0 0 0 13 32 0 22 12 0 22 25 0 0 0 0 0 0 4 0 0 21 0 12 5 0 39 0 -999 -999 -999 
P1522 2068 3 0 0 38 31 112 127 46 23 67 44 0 12 0 15 0 0 82 125 0 0 0 55 80 10 0 26 0 0 0 0 0 
P1522 2068 4 51 50 0 0 7 0 14 57 62 38 24 0 25 0 0 0 0 0 0 7 0 0 29 21 0 9 16 0 0 0 -999 
P1522 2068 5 0 0 0 0 21 0 33 0 23 16 11 26 51 41 21 0 0 25 0 21 0 18 0 0 18 20 21 28 22 21 0 
P1522 2068 6 0 0 0 35 0 16 0 0 10 0 0 0 0 0 0 0 0 0 0 0 0 0 0 0 0 0 0 0 0 0 -999 
P1522 2068 7 0 0 0 0 0 0 0 0 0 0 19 0 0 0 0 0 0 0 0 0 0 0 0 0 0 0 0 0 0 0 0 
P1522 2068 8 0 0 0 0 0 0 0 0 0 0 0 0 0 0 0 0 0 0 0 0 0 0 0 0 0 0 0 0 0 0 0 
P1522 2068 9 0 0 0 0 18 0 0 0 0 0 0 0 0 14 22 0 0 0 0 0 0 0 0 0 0 0 10 0 0 0 -999 
P1522 2068 10 0 0 0 0 0 0 0 0 0 0 0 0 0 11 0 0 0 7 0 0 19 15 0 0 0 0 0 0 0 0 0 
P1522 2068 11 0 11 20 17 7 0 0 0 1 0 0 0 0 0 0 6 0 0 20 0 0 0 0 0 0 0 0 0 0 0 -999 
P1522 2068 12 0 0 0 0 0 0 39 69 51 0 21 6 23 108 0 0 0 0 0 0 0 0 17 0 30 59 0 7 11 15 0 
P1522 2069 1 0 57 0 6 0 0 0 0 0 0 0 0 0 2 0 0 0 2 0 0 0 16 0 0 0 0 0 27 0 0 0 
P1522 2069 2 0 0 0 69 112 0 28 0 0 0 0 0 0 0 0 0 0 19 31 0 62 24 0 0 0 0 32 32 -999 -999 -999 
P1522 2069 3 47 18 32 25 0 0 0 10 7 9 23 0 0 0 0 0 0 0 0 0 0 0 12 0 0 17 0 37 37 27 45 
P1522 2069 4 29 0 0 0 0 0 24 20 0 0 0 18 0 0 0 0 0 36 0 0 18 0 17 15 41 41 0 0 7 0 -999 
P1522 2069 5 8 0 0 0 0 0 0 0 0 0 0 0 0 0 13 0 45 33 0 29 0 31 0 0 0 0 14 0 0 0 28 
P1522 2069 6 0 0 0 0 0 0 0 0 0 0 14 0 0 0 0 0 0 0 0 0 0 0 33 0 0 25 0 13 0 0 -999 
P1522 2069 7 0 0 0 0 0 0 0 0 0 0 0 0 0 0 0 0 0 0 0 0 0 0 0 0 0 0 0 0 0 0 0 
P1522 2069 8 0 0 0 0 0 0 0 0 0 0 0 0 0 0 0 0 0 0 0 0 0 0 24 0 0 0 0 0 0 0 0 
P1522 2069 9 0 0 0 0 0 0 0 0 0 0 0 0 32 0 0 0 8 0 0 0 0 0 0 0 0 0 0 0 0 0 -999 
P1522 2069 10 0 0 14 0 0 0 21 0 0 0 0 0 0 0 0 42 0 35 73 72 47 27 0 0 0 0 0 91 95 68 0 
P1522 2069 11 0 15 21 0 33 20 51 97 80 0 5 0 0 21 13 0 0 0 0 0 0 68 10 0 0 0 7 0 13 0 -999 
P1522 2069 12 0 0 0 0 0 0 0 8 0 0 0 0 0 0 0 0 0 0 0 3 0 27 31 11 0 7 0 0 56 39 0 
P1522 2070 1 10 0 42 0 16 0 93 0 102 0 47 0 0 25 0 0 0 0 0 10 10 0 17 0 6 4 0 0 0 5 0 
P1522 2070 2 0 0 0 0 0 0 0 0 0 10 0 0 0 0 5 0 11 7 7 0 0 0 27 58 43 94 103 0 -999 -999 -999 
P1522 2070 3 28 16 0 0 0 0 0 0 0 0 0 20 0 0 92 44 27 41 80 91 124 60 35 24 24 0 0 0 0 0 0 
P1522 2070 4 0 0 0 0 0 0 36 0 76 45 36 0 23 41 0 41 35 45 24 0 0 0 39 0 0 0 0 28 0 0 -999 
P1522 2070 5 0 15 0 60 53 77 42 32 29 0 0 0 0 0 0 24 23 0 0 0 0 0 20 0 0 0 17 0 0 0 0 
P1522 2070 6 0 0 0 0 0 0 0 0 27 0 33 0 0 0 0 0 0 0 0 0 0 0 0 0 0 0 0 0 0 0 -999 
P1522 2070 7 0 0 0 0 0 0 0 0 0 0 0 0 0 0 0 0 0 0 0 0 0 0 0 0 0 0 0 22 16 0 0 
P1522 2070 8 0 0 0 0 0 0 0 0 0 0 0 0 0 0 0 0 0 0 0 0 0 0 0 0 0 0 0 0 0 0 0 
P1522 2070 9 0 0 0 0 0 0 0 0 0 0 0 0 0 0 0 0 0 0 0 0 0 0 0 0 0 0 0 0 0 0 -999 
P1522 2070 10 0 19 0 0 0 24 0 0 0 0 37 35 67 34 32 32 60 124 73 0 0 0 0 0 0 0 0 0 0 0 0 
P1522 2070 11 0 6 0 0 0 0 8 0 10 0 0 0 0 0 0 0 12 12 6 6 0 17 0 0 0 0 16 59 63 23 -999 
P1522 2070 12 22 56 35 11 0 9 0 0 38 0 0 0 46 0 0 15 26 0 0 60 0 58 81 0 0 44 7 13 51 91 13 
P1522 2071 1 0 0 0 0 20 0 6 0 0 58 53 44 67 0 0 0 0 36 25 0 22 5 5 9 0 31 51 30 0 0 9 
P1522 2071 2 9 12 0 5 0 62 41 12 0 37 42 56 48 14 23 0 0 27 0 25 12 0 0 0 0 0 0 0 -999 -999 -999 
P1522 2071 3 0 0 9 0 0 11 18 22 16 0 0 18 0 37 0 0 16 16 0 0 0 0 0 0 18 0 0 0 0 0 0 
P1522 2071 4 0 70 54 0 0 0 0 0 0 0 0 23 0 22 25 0 18 18 0 0 0 49 39 0 46 37 28 22 0 24 -999 
P1522 2071 5 22 0 34 0 0 0 48 0 40 33 17 17 13 0 18 15 0 0 20 0 0 19 14 18 0 37 0 0 0 0 0 
P1522 2071 6 0 22 0 26 0 10 0 0 0 31 0 0 0 0 54 0 0 0 0 0 20 0 16 0 0 0 0 0 0 0 -999 
P1522 2071 7 0 0 0 31 0 0 0 0 0 0 0 0 0 0 0 0 0 0 0 0 0 0 0 0 0 0 0 0 0 0 0 
P1522 2071 8 0 0 0 0 0 0 0 0 0 0 0 0 13 0 0 0 0 0 0 0 0 0 0 9 0 0 0 0 0 11 14 
P1522 2071 9 24 0 0 0 0 0 0 0 0 0 0 19 0 0 0 0 0 0 0 0 0 0 0 0 0 0 0 0 0 0 -999 
P1522 2071 10 0 0 20 0 0 0 0 0 0 25 18 8 0 0 0 0 68 29 23 0 0 40 44 0 5 0 0 40 0 0 64 
P1522 2071 11 0 0 99 107 41 18 19 0 0 0 0 0 0 0 0 22 0 6 0 34 37 44 0 38 40 33 4 4 0 0 -999 
P1522 2071 12 0 0 18 28 29 96 100 89 79 162 0 130 81 77 31 55 87 0 35 0 0 0 79 146 0 129 51 12 0 0 43 
P1522 2072 1 0 23 0 0 0 0 13 0 11 0 0 0 0 0 0 0 0 0 0 31 53 22 23 0 0 65 68 0 22 13 0 
P1522 2072 2 0 0 37 17 37 15 0 0 0 1 0 0 0 0 0 0 3 10 52 27 0 0 0 0 0 0 0 0 -999 -999 -999 
P1522 2072 3 0 0 0 0 0 0 0 0 0 0 0 0 0 0 0 0 0 13 16 20 0 0 0 0 16 0 0 33 29 32 30 
P1522 2072 4 0 0 0 27 18 0 0 0 0 36 0 0 0 0 0 19 0 0 0 0 38 0 32 5 0 0 0 0 0 0 -999 
P1522 2072 5 0 0 0 0 0 37 0 10 0 0 0 0 0 26 0 0 0 26 0 20 22 0 0 17 0 0 0 0 0 0 14 
P1522 2072 6 10 0 0 0 0 46 0 0 29 29 0 0 0 0 0 0 0 0 0 0 0 0 0 0 0 0 0 0 0 0 -999 
P1522 2072 7 0 0 0 21 0 0 0 20 0 0 0 0 0 0 0 0 0 0 0 0 0 0 0 0 0 0 0 0 0 0 0 
P1522 2072 8 21 0 0 0 0 0 0 0 0 0 0 0 0 0 0 0 0 0 0 0 0 0 0 0 0 0 0 0 0 0 0 
P1522 2072 9 0 0 0 0 0 0 0 0 0 0 0 0 0 0 0 0 0 0 0 0 28 22 16 0 0 55 0 0 0 22 -999 
P1522 2072 10 0 10 0 0 0 0 0 0 0 0 0 0 0 12 24 0 0 0 6 0 0 17 0 0 0 0 0 0 0 0 0 
P1522 2072 11 0 0 0 0 0 47 3 0 0 20 40 0 22 66 0 0 0 0 0 29 0 0 18 0 24 0 56 0 0 1 -999 
P1522 2072 12 4 0 0 15 0 0 0 10 0 5 0 0 0 0 0 0 40 0 0 0 122 47 13 0 45 75 26 5 0 0 43 
P1522 2073 1 8 0 0 0 0 0 0 6 0 0 0 0 0 0 0 16 7 0 28 0 50 0 10 0 0 0 8 0 0 0 16 
P1522 2073 2 40 91 89 88 35 28 10 0 0 0 0 0 0 21 0 0 0 0 0 3 0 0 0 7 18 0 0 0 -999 -999 -999 
P1522 2073 3 91 47 0 0 14 26 0 37 43 38 0 25 31 0 10 13 0 0 0 24 38 0 11 16 45 32 88 0 172 34 0 
P1522 2073 4 14 16 18 15 0 0 42 0 0 0 0 0 0 0 0 0 0 4 0 0 0 24 0 69 91 64 43 30 11 0 -999 
P1522 2073 5 0 0 0 0 0 0 0 0 0 0 0 0 0 75 0 69 45 18 10 0 0 0 0 0 0 0 17 0 0 0 0 
P1522 2073 6 0 0 0 0 0 0 0 0 0 0 0 0 0 0 0 0 0 0 0 0 0 0 29 0 0 0 0 28 0 0 -999 
P1522 2073 7 0 0 0 0 0 0 0 0 20 0 0 0 0 0 0 0 0 0 0 0 15 15 0 0 27 0 0 0 0 0 0 
P1522 2073 8 0 0 0 0 0 0 0 0 0 0 0 0 0 0 0 0 0 0 0 0 0 0 0 0 0 0 0 0 0 0 0 
P1522 2073 9 0 0 0 0 0 0 0 0 0 0 0 0 0 0 0 0 0 0 10 0 0 0 0 41 28 0 0 0 0 0 -999 
P1522 2073 10 0 0 0 0 0 0 0 45 43 9 0 23 0 0 0 0 7 0 0 0 15 0 0 16 0 0 0 0 0 0 14 
P1522 2073 11 0 0 0 0 0 0 0 0 0 0 0 0 0 0 0 0 0 0 73 95 0 115 34 18 21 24 28 0 0 0 -999 
P1522 2073 12 0 0 0 0 0 0 0 0 0 0 0 12 0 0 0 0 0 0 0 33 20 23 0 0 38 6 0 28 107 128 309 
P1522 2074 1 178 0 49 147 149 138 0 0 61 88 53 30 0 5 7 2 0 0 0 4 0 0 0 0 0 0 0 0 0 5 0 
P1522 2074 2 0 0 0 0 6 0 0 0 0 0 0 0 27 34 25 24 0 35 0 33 0 0 20 9 14 89 0 125 -999 -999 -999 
P1522 2074 3 103 0 13 0 15 0 0 49 17 15 12 17 43 0 13 0 0 0 0 0 0 0 0 0 33 0 0 0 0 0 33 
P1522 2074 4 31 0 0 0 23 6 0 0 0 23 0 15 0 48 32 0 0 25 0 67 23 0 13 5 0 0 0 0 0 16 -999 
P1522 2074 5 0 0 11 0 0 0 0 0 0 37 0 54 41 34 0 27 29 35 23 0 0 24 5 11 13 0 0 0 0 0 0 
P1522 2074 6 0 0 0 0 0 0 0 0 0 0 26 0 13 0 12 0 0 0 24 0 0 0 0 0 0 0 0 0 16 0 -999 
P1522 2074 7 0 0 0 0 0 0 0 0 0 0 0 0 0 0 0 0 0 0 0 0 0 0 0 0 0 0 0 0 0 0 0 
P1522 2074 8 0 0 0 27 0 0 0 0 0 0 0 0 0 0 0 0 0 0 0 0 0 0 0 0 0 0 0 0 18 15 0 
P1522 2074 9 28 0 0 0 0 0 0 0 17 0 0 26 0 0 0 0 0 0 0 0 0 0 0 0 0 0 0 0 0 0 -999 
P1522 2074 10 0 22 0 0 27 19 0 0 0 0 0 0 0 0 0 0 0 0 0 0 27 0 0 27 0 0 2 0 0 26 0 
P1522 2074 11 0 0 0 26 0 0 0 19 0 0 0 0 0 0 28 0 0 0 22 0 0 10 0 31 0 13 11 24 9 0 -999 
P1522 2074 12 0 0 0 0 0 0 0 0 13 0 48 59 0 13 0 0 0 0 6 0 0 2 0 6 0 0 0 0 11 45 12 
P1522 2075 1 0 1 0 0 0 0 0 0 0 16 20 0 15 12 30 37 0 9 0 19 17 17 21 26 0 0 0 0 0 0 0 
P1522 2075 2 0 0 0 0 40 62 64 87 150 61 101 143 161 0 0 5 0 10 20 34 23 0 0 0 0 0 0 12 -999 -999 -999 
P1522 2075 3 0 32 26 14 9 23 5 0 0 0 9 3 0 4 0 0 25 0 33 25 0 33 25 0 60 31 0 0 0 12 0 
P1522 2075 4 0 29 0 0 26 0 109 122 127 47 0 9 0 0 0 0 0 0 0 63 56 0 30 0 12 18 12 0 0 0 -999 
P1522 2075 5 0 0 0 41 30 14 18 0 0 0 0 26 0 0 6 0 11 7 0 0 0 0 0 0 0 0 0 0 0 0 0 
P1522 2075 6 0 0 0 26 15 0 0 0 0 0 0 0 0 0 0 0 0 15 0 0 0 0 0 0 0 0 0 0 0 0 -999 
P1522 2075 7 0 0 0 0 0 0 0 0 0 0 0 0 0 0 0 0 0 0 0 0 0 0 0 0 0 0 0 0 0 0 0 
P1522 2075 8 0 0 0 0 0 0 27 0 0 0 0 0 0 0 0 13 12 0 0 0 0 0 22 17 0 0 0 0 0 0 0 
P1522 2075 9 0 0 0 0 0 0 0 13 0 0 33 0 0 0 13 0 0 0 0 0 4 0 0 0 28 0 15 0 0 0 -999 
P1522 2075 10 0 0 36 57 0 0 0 81 105 0 18 13 0 0 0 0 0 0 0 0 0 0 0 0 15 0 0 0 64 64 37 
P1522 2075 11 0 0 0 0 0 56 68 0 0 0 0 0 0 0 0 89 0 25 31 0 30 45 37 29 0 0 0 0 6 0 -999 
P1522 2075 12 0 0 61 0 36 0 37 83 46 16 12 21 21 0 0 22 0 0 0 10 13 0 0 0 0 0 0 0 0 0 0 
P1522 2076 1 0 0 0 5 0 0 0 3 0 4 3 0 0 0 0 0 0 0 0 0 0 0 1 2 0 0 4 0 0 0 25 
P1522 2076 2 64 0 20 0 0 0 0 0 0 0 3 0 0 0 5 6 5 0 0 19 26 0 0 0 0 0 0 10 -999 -999 -999 
P1522 2076 3 17 17 10 10 0 0 33 48 40 41 36 0 3 0 0 0 10 0 0 0 0 23 0 21 0 0 18 13 0 0 0 
P1522 2076 4 0 0 0 0 36 0 0 0 0 0 18 0 57 24 50 0 27 29 36 32 0 0 0 0 19 39 29 0 0 0 -999 
P1522 2076 5 0 51 0 21 24 0 0 12 0 0 0 0 0 44 23 0 25 0 0 0 0 0 0 33 0 0 0 0 42 0 0 
P1522 2076 6 24 0 0 0 0 0 0 0 0 0 0 0 0 0 0 0 0 0 0 0 0 0 0 0 22 27 0 0 0 0 -999 
P1522 2076 7 0 0 0 0 0 0 0 0 0 0 0 0 0 0 0 0 0 0 0 0 0 0 0 0 0 0 0 0 0 0 0 
P1522 2076 8 0 0 0 0 0 0 0 0 0 0 0 0 0 0 0 0 0 0 0 0 0 0 0 0 0 28 0 0 0 0 0 
P1522 2076 9 36 0 18 0 0 0 0 0 14 0 0 0 0 0 0 0 0 15 0 0 0 0 0 21 0 0 0 0 0 0 -999 
P1522 2076 10 0 0 0 0 47 30 0 0 0 0 0 0 0 0 0 0 0 0 0 0 0 0 0 0 30 0 0 78 44 0 0 
P1522 2076 11 0 0 0 0 0 0 0 0 0 12 0 23 0 9 11 13 14 0 0 0 0 42 39 15 0 0 30 71 30 0 -999 
P1522 2076 12 0 0 0 0 1 0 0 0 51 43 50 57 22 0 0 14 9 0 0 0 0 2 0 0 4 0 0 36 25 0 0 
P1522 2077 1 0 0 0 0 0 0 0 0 23 0 0 0 11 10 0 30 1 0 0 0 0 0 0 0 0 5 0 0 0 0 8 
P1522 2077 2 0 21 35 45 0 0 46 0 0 48 0 0 5 0 0 0 52 65 104 52 27 0 0 18 33 25 0 0 -999 -999 -999 
P1522 2077 3 0 0 0 0 25 46 72 71 21 0 19 21 14 8 0 10 0 0 40 0 0 51 57 46 0 12 7 0 0 0 0 
P1522 2077 4 0 22 7 0 0 0 0 0 0 0 0 0 0 0 18 22 21 0 0 0 11 0 0 15 0 0 68 0 0 0 -999 
P1522 2077 5 0 0 0 0 0 0 0 36 37 0 0 0 7 0 0 0 0 0 0 0 0 0 0 0 0 9 0 0 0 15 17 
P1522 2077 6 0 0 43 0 0 32 27 0 0 26 0 0 0 38 0 22 0 22 0 0 0 0 0 0 0 0 0 0 0 0 -999 
P1522 2077 7 0 0 0 0 0 0 0 0 0 28 0 24 0 0 0 0 0 0 0 0 0 0 0 0 0 0 0 0 0 0 0 
P1522 2077 8 0 0 0 0 0 0 0 19 0 0 0 0 0 0 11 0 0 0 0 0 0 0 0 0 0 0 0 0 0 0 0 
P1522 2077 9 0 0 0 0 0 0 0 0 0 42 0 0 0 0 0 0 0 0 0 0 0 27 0 0 0 0 0 0 0 0 -999 
P1522 2077 10 0 0 0 0 0 0 0 0 0 0 0 11 0 0 0 0 0 32 36 15 0 39 61 54 0 0 0 0 45 25 30 
P1522 2077 11 43 36 0 10 9 0 0 0 81 65 48 22 0 0 0 30 39 18 11 38 0 0 0 48 0 0 0 0 0 48 -999 
P1522 2077 12 0 65 89 71 0 50 0 120 0 31 133 0 0 0 0 0 0 0 4 0 0 0 0 0 0 0 22 12 1 2 0 
P1522 2078 1 59 112 128 125 73 96 0 20 84 54 0 0 71 0 73 57 0 30 0 0 15 0 7 0 0 5 0 0 0 3 0 
P1522 2078 2 0 0 0 3 2 2 0 0 0 0 0 0 0 0 0 6 0 0 0 14 0 0 27 15 42 92 0 0 -999 -999 -999 
P1522 2078 3 8 0 0 32 0 0 44 66 0 0 0 0 18 0 75 0 84 108 87 94 76 48 0 69 31 0 23 0 14 11 0 
P1522 2078 4 0 46 0 0 0 0 0 16 18 0 35 25 26 67 0 21 24 0 0 0 0 0 0 51 0 41 0 0 13 20 -999 
P1522 2078 5 0 0 0 0 22 0 0 22 0 0 0 0 0 0 25 0 0 0 0 13 0 5 0 0 0 0 0 0 0 0 0 
P1522 2078 6 27 0 0 32 0 0 0 0 0 0 24 0 0 17 29 0 0 14 0 0 0 0 0 0 0 0 0 0 0 0 -999 
P1522 2078 7 0 0 0 0 18 0 0 0 0 0 0 0 0 0 0 0 0 0 0 0 29 0 0 0 0 0 0 0 0 22 0 
P1522 2078 8 0 0 0 0 0 0 0 0 0 0 0 0 0 0 0 0 0 0 0 0 0 0 0 0 0 0 0 0 0 0 0 
P1522 2078 9 0 0 0 0 0 14 0 0 0 0 0 0 0 0 0 0 21 0 0 0 0 0 0 0 0 0 0 0 0 0 -999 
P1522 2078 10 0 0 0 0 14 0 0 0 0 64 0 0 0 0 0 0 0 0 22 0 0 15 8 0 0 0 4 0 0 0 0 
P1522 2078 11 0 41 0 0 0 0 0 0 5 0 0 0 0 15 12 17 0 0 39 0 11 0 0 0 8 0 0 0 0 0 -999 
P1522 2078 12 0 0 0 0 0 0 0 0 0 15 57 0 17 0 0 0 13 14 0 10 17 0 0 35 0 58 0 90 34 219 208 
P1522 2079 1 47 7 28 48 0 0 0 0 0 0 0 4 0 0 4 0 0 0 0 0 9 10 7 0 0 0 0 0 0 0 8 
P1522 2079 2 0 7 0 0 0 4 0 0 0 3 0 0 0 0 0 0 0 0 0 0 3 0 10 25 39 0 0 0 -999 -999 -999 
P1522 2079 3 0 0 23 0 19 0 0 0 0 2 0 6 0 0 3 0 6 4 0 0 2 0 0 0 0 0 0 2 5 0 6 
P1522 2079 4 0 13 0 0 28 0 0 0 0 0 0 0 0 34 0 24 16 0 0 0 0 15 18 0 0 18 0 9 0 0 -999 
P1522 2079 5 0 0 11 0 0 0 0 0 17 22 0 0 0 0 0 0 0 0 0 0 0 0 0 0 0 0 0 0 0 0 0 
P1522 2079 6 0 0 12 0 0 0 0 0 0 0 0 22 0 0 0 0 0 0 0 0 0 0 0 0 0 0 0 0 38 0 -999 
P1522 2079 7 0 0 0 0 0 0 0 0 0 0 0 0 0 0 0 0 0 0 0 0 0 0 0 0 0 0 0 0 0 0 0 
P1522 2079 8 0 0 0 0 0 0 0 0 0 0 0 18 0 0 0 0 0 0 21 0 0 0 0 0 0 0 0 0 0 0 0 
P1522 2079 9 9 0 0 0 0 0 0 0 0 14 22 28 26 16 0 0 0 0 16 0 0 0 0 0 0 0 0 0 0 0 -999 
P1522 2079 10 0 0 8 10 8 0 0 0 0 0 0 0 0 0 0 0 0 0 0 0 39 0 0 0 0 0 0 0 0 0 0 
P1522 2079 11 26 15 17 0 0 71 68 51 24 0 0 0 0 61 51 66 64 0 43 0 0 20 32 31 0 34 0 1 0 6 -999 
P1522 2079 12 12 45 58 30 13 30 8 0 0 0 0 0 0 0 0 0 0 0 0 1 0 0 0 5 0 0 0 0 0 0 16 
P1522 2080 1 5 0 0 0 0 0 0 5 0 0 6 0 0 0 0 10 0 0 0 0 0 0 0 0 0 0 0 22 0 7 0 
P1522 2080 2 0 4 7 8 24 13 22 28 0 94 102 76 85 0 9 10 0 35 69 96 95 16 0 0 0 2 0 0 -999 -999 -999 
P1522 2080 3 0 44 0 33 31 46 49 61 125 120 96 75 45 7 0 1 0 4 0 0 0 0 0 2 0 0 0 0 0 33 46 
P1522 2080 4 12 0 0 0 0 0 0 0 41 0 0 50 0 0 0 0 0 0 0 0 0 0 47 31 26 27 0 0 0 0 -999 
P1522 2080 5 0 0 0 0 0 0 24 0 0 0 17 34 0 0 0 0 0 8 0 0 0 0 0 22 0 0 0 0 0 0 0 
P1522 2080 6 0 0 0 37 0 0 0 12 0 0 0 17 0 0 0 0 25 0 0 0 33 0 0 18 30 0 0 0 0 22 -999 
P1522 2080 7 0 0 0 0 15 0 0 0 0 0 0 0 0 0 27 0 0 0 0 0 0 0 0 0 0 0 0 0 0 0 0 
P1522 2080 8 0 0 0 0 0 0 0 0 0 0 0 0 0 0 0 0 0 0 0 0 0 0 0 0 0 0 22 0 0 0 0 
P1522 2080 9 0 0 0 0 0 0 0 0 0 0 0 0 0 0 0 0 0 0 0 0 0 0 0 0 0 37 0 0 18 0 -999 
P1522 2080 10 0 0 37 55 84 75 29 66 56 0 22 34 64 31 50 25 0 0 0 16 15 0 0 0 0 0 2 0 8 0 0 
P1522 2080 11 0 0 57 37 0 0 0 0 15 0 0 0 0 0 0 11 12 0 0 0 0 0 6 0 0 0 0 0 13 0 -999 
P1522 2080 12 19 33 81 80 103 88 135 0 0 0 0 0 0 0 14 2 0 0 0 0 0 15 0 0 17 67 21 0 0 0 41 
P1522 2081 1 88 104 208 0 64 0 1 0 7 0 0 0 0 0 39 0 0 0 0 107 115 71 53 29 31 0 90 29 43 15 0 
P1522 2081 2 12 8 25 0 0 60 0 35 24 12 0 2 0 0 0 8 7 0 23 0 0 8 22 74 47 11 0 17 -999 -999 -999 
P1522 2081 3 18 0 0 68 35 29 0 15 0 38 25 0 29 34 31 0 37 110 62 94 69 105 97 0 16 0 0 0 0 0 69 
P1522 2081 4 89 31 0 0 0 19 30 22 23 0 0 10 0 0 0 0 7 0 0 0 22 0 32 0 46 25 0 48 0 69 -999 
P1522 2081 5 57 0 37 0 54 0 15 0 52 76 37 20 32 47 37 0 0 0 10 0 26 0 0 0 18 0 0 0 0 0 0 
P1522 2081 6 28 0 0 7 0 0 13 0 0 0 0 0 0 0 0 0 25 0 0 0 0 0 0 0 0 0 0 0 0 0 -999 
P1522 2081 7 0 0 0 0 0 0 0 0 0 0 0 24 0 0 0 0 0 0 0 0 0 0 0 0 0 0 0 0 0 0 0 
P1522 2081 8 0 0 0 0 0 0 0 0 0 0 0 0 0 0 0 0 0 0 0 0 0 0 0 0 0 0 23 0 0 0 0 
P1522 2081 9 0 0 0 0 0 0 0 0 0 0 0 0 0 0 0 0 0 0 0 0 0 0 0 0 0 0 0 0 0 0 -999 
P1522 2081 10 0 0 0 0 0 0 0 0 0 32 0 17 26 19 0 8 0 0 0 0 0 0 10 0 0 0 0 0 0 0 0 
P1522 2081 11 0 25 0 94 52 0 0 0 0 0 0 0 0 0 0 0 183 148 96 0 0 0 0 0 42 0 0 0 27 61 -999 
P1522 2081 12 23 18 0 15 15 114 80 62 0 0 26 86 105 78 50 44 30 0 0 0 0 6 0 0 0 0 35 16 0 0 0 
P1522 2082 1 0 0 0 22 0 0 0 0 11 0 60 0 31 0 15 0 44 59 25 0 0 108 0 50 63 97 125 0 0 0 1 
P1522 2082 2 0 0 0 0 2 0 0 0 0 0 0 0 0 21 2 0 0 0 0 7 7 7 8 0 44 47 36 0 -999 -999 -999 
P1522 2082 3 0 0 0 0 30 29 0 18 12 0 0 0 0 18 0 0 5 10 0 0 0 9 11 42 0 0 16 0 52 42 0 
P1522 2082 4 15 0 0 0 0 0 0 0 0 0 0 0 0 27 18 23 23 12 18 0 0 0 0 15 0 5 0 0 0 0 -999 
P1522 2082 5 41 22 0 0 0 0 0 0 25 19 0 0 0 39 24 0 0 0 0 0 0 0 0 0 0 0 0 0 0 0 0 
P1522 2082 6 0 0 0 0 0 0 0 0 0 0 0 0 0 0 0 0 35 0 0 31 0 0 0 0 0 0 0 0 0 17 -999 
P1522 2082 7 0 0 0 0 20 0 0 0 0 0 0 0 0 0 0 0 0 0 0 0 0 0 0 0 0 0 0 0 0 0 0 
P1522 2082 8 0 0 0 0 0 0 0 0 0 0 0 0 0 0 0 0 0 0 0 0 0 0 0 0 0 0 0 0 0 0 0 
P1522 2082 9 0 0 0 0 0 0 0 0 0 0 0 0 9 0 0 0 0 0 0 0 0 0 17 0 0 0 0 0 0 0 -999 
P1522 2082 10 0 0 0 0 0 0 0 0 0 0 0 0 0 0 0 0 0 0 30 0 0 29 71 24 0 0 0 7 0 0 0 
P1522 2082 11 47 86 79 0 0 0 0 0 8 0 0 14 15 0 0 0 146 133 41 0 0 0 0 4 0 3 0 2 1 0 -999 
P1522 2082 12 0 0 19 0 0 0 0 0 0 8 13 0 0 0 0 0 0 37 29 9 0 7 0 0 0 0 14 12 0 5 0 
P1522 2083 1 0 0 41 39 32 11 10 41 21 0 0 5 5 0 0 35 33 53 0 23 9 22 15 0 0 0 0 0 7 10 0 
P1522 2083 2 14 52 0 0 9 11 29 35 0 63 91 65 0 28 0 22 48 127 120 78 69 61 0 30 74 154 79 44 -999 -999 -999 
P1522 2083 3 33 28 0 23 0 8 0 0 0 0 0 13 0 19 0 15 0 0 0 8 0 49 83 101 128 51 111 73 10 0 0 
P1522 2083 4 20 0 0 0 0 0 0 0 0 0 0 0 20 0 47 27 26 0 0 0 0 0 0 0 0 0 0 23 0 0 -999 
P1522 2083 5 0 0 0 23 0 26 0 0 0 0 0 0 0 0 0 0 43 44 24 0 17 0 21 51 35 55 96 0 27 26 0 
P1522 2083 6 0 0 0 0 0 0 0 0 0 33 24 0 13 0 0 0 0 0 0 0 0 0 0 0 0 0 0 0 0 0 -999 
P1522 2083 7 0 0 0 0 0 0 0 0 0 0 0 0 0 0 0 28 0 25 0 0 0 0 0 0 0 0 0 0 23 0 0 
P1522 2083 8 0 0 0 0 0 0 0 0 0 0 28 0 0 0 0 0 0 0 0 0 0 0 0 0 21 0 0 0 0 28 0 
P1522 2083 9 0 0 10 0 0 0 0 0 0 0 0 0 0 0 0 0 0 0 0 28 13 0 7 0 0 0 12 0 0 0 -999 
P1522 2083 10 0 0 0 0 0 41 0 19 13 26 0 0 0 0 0 12 0 0 0 0 0 46 43 0 0 0 8 10 0 0 0 
P1522 2083 11 0 14 0 61 0 21 0 36 0 0 14 0 74 52 0 0 32 46 0 0 0 0 0 0 0 0 0 8 0 17 -999 
P1522 2083 12 62 0 18 11 31 20 0 91 0 56 0 0 0 0 149 58 24 0 0 60 0 0 0 0 26 5 5 2 0 9 10 
P1522 2084 1 0 0 12 0 0 0 0 0 0 0 6 3 0 0 6 0 21 21 0 7 11 23 29 15 0 59 0 49 34 0 54 
P1522 2084 2 19 7 0 0 0 0 34 44 50 73 0 0 0 20 7 0 0 0 0 0 0 0 0 0 0 0 61 16 -999 -999 -999 
P1522 2084 3 0 0 0 0 62 0 4 3 0 0 0 0 0 16 0 0 122 93 28 0 0 0 0 0 18 0 0 0 10 0 0 
P1522 2084 4 0 0 0 0 27 0 0 0 3 0 0 0 0 26 0 0 12 10 0 0 0 0 0 0 0 9 0 0 0 0 -999 
P1522 2084 5 0 0 0 0 30 0 0 0 0 0 0 0 0 0 0 0 0 0 0 0 0 0 0 0 28 0 37 0 17 0 0 
P1522 2084 6 0 0 0 0 0 0 0 0 0 0 35 0 0 0 0 0 0 0 0 0 0 22 28 0 0 0 0 0 0 0 -999 
P1522 2084 7 0 0 0 0 0 0 0 0 0 0 0 0 0 0 0 0 0 0 0 0 0 0 0 0 0 0 0 0 0 0 0 
P1522 2084 8 0 0 0 0 0 0 0 0 0 0 0 0 0 0 0 0 0 0 0 0 0 0 0 0 0 0 0 0 0 0 0 
P1522 2084 9 0 0 0 0 0 0 0 0 0 0 0 0 0 0 0 0 0 0 0 0 0 0 0 9 0 0 0 0 0 0 -999 
P1522 2084 10 0 0 0 0 27 0 0 16 17 0 0 0 0 0 0 0 7 9 0 0 0 0 0 0 0 0 0 45 92 105 91 
P1522 2084 11 31 32 83 0 19 0 0 88 131 57 11 0 0 0 0 0 0 0 0 0 0 0 0 0 0 0 13 31 0 0 -999 
P1522 2084 12 21 15 18 0 31 13 0 61 63 0 65 84 130 119 48 0 0 0 5 0 0 0 0 0 0 0 0 38 28 20 0 
P1522 2085 1 0 3 6 3 0 0 0 0 1 0 0 0 1 0 0 33 29 10 0 5 6 0 86 127 75 0 0 21 4 9 0 
P1522 2085 2 0 0 0 0 0 45 32 38 0 0 0 75 37 17 12 0 0 0 0 9 3 0 0 8 11 0 0 0 -999 -999 -999 
P1522 2085 3 0 0 0 0 0 0 0 0 48 0 51 77 129 46 47 56 0 13 0 0 0 23 19 0 26 14 0 0 0 0 0 
P1522 2085 4 0 0 0 0 0 15 0 23 0 0 24 63 63 72 84 0 42 0 0 11 0 0 6 0 0 9 0 0 0 0 -999 
P1522 2085 5 0 42 0 0 0 0 38 0 0 39 0 22 25 0 0 0 0 0 0 0 0 0 0 25 34 0 0 0 0 0 0 
P1522 2085 6 0 0 0 0 0 0 0 0 0 0 36 0 0 0 0 0 0 0 0 0 0 0 0 0 0 0 0 0 0 0 -999 
P1522 2085 7 0 0 0 0 0 0 0 0 0 0 23 0 0 0 0 0 0 0 0 0 0 25 0 0 0 0 0 0 0 0 0 
P1522 2085 8 0 0 0 0 0 0 0 0 0 0 0 0 0 0 0 0 0 0 0 0 0 0 0 0 0 0 0 0 0 0 0 
P1522 2085 9 0 0 0 0 0 0 0 0 0 0 0 0 0 0 0 0 0 0 0 0 0 0 0 0 0 0 0 0 0 0 -999 
P1522 2085 10 0 0 39 14 0 0 0 0 0 0 0 0 0 0 21 12 0 0 0 0 11 16 6 0 0 0 0 0 0 81 0 
P1522 2085 11 0 0 16 0 0 12 0 0 0 0 0 0 0 0 0 36 93 34 22 70 58 65 20 4 0 0 0 0 50 34 -999 
P1522 2085 12 64 78 16 12 40 0 0 0 0 0 0 0 0 0 0 0 0 0 0 0 0 15 0 0 2 1 0 0 0 4 0 
P1522 2086 1 0 0 0 0 0 8 0 0 0 0 0 0 0 60 0 0 46 130 47 69 0 0 0 0 0 0 0 7 0 0 0 
P1522 2086 2 0 20 49 0 17 27 0 85 37 0 0 30 56 0 18 19 19 0 0 0 0 0 0 6 0 0 0 0 -999 -999 -999 
P1522 2086 3 4 0 0 0 0 0 4 0 0 0 0 0 0 0 0 9 0 0 8 0 0 0 6 6 0 0 0 0 0 0 0 
P1522 2086 4 0 0 0 0 0 0 0 0 0 0 10 0 0 0 46 0 25 0 0 0 0 0 0 0 0 0 0 53 38 0 -999 
P1522 2086 5 0 0 0 58 62 0 35 0 0 0 0 0 19 5 0 0 0 0 0 0 0 0 0 24 0 0 0 10 0 0 0 
P1522 2086 6 0 0 11 0 0 0 0 0 0 0 0 0 0 0 0 0 0 0 0 0 0 0 0 0 25 0 0 0 0 0 -999 
P1522 2086 7 0 0 0 0 0 0 0 0 0 0 0 0 0 0 0 0 0 0 0 0 0 0 0 0 0 0 0 0 0 0 0 
P1522 2086 8 0 0 0 0 0 0 0 0 0 0 0 0 0 0 0 0 0 0 0 0 0 0 0 0 0 0 0 0 0 0 0 
P1522 2086 9 0 0 0 0 0 0 0 0 0 0 0 0 40 0 0 0 23 0 0 0 0 0 22 0 21 20 0 0 0 0 -999 
P1522 2086 10 0 0 0 0 0 0 0 16 28 0 40 0 19 8 0 0 0 0 0 0 8 12 0 0 0 0 34 0 17 58 43 
P1522 2086 11 8 14 0 0 0 27 0 12 13 11 21 0 23 0 18 0 0 0 36 53 58 0 0 0 0 21 0 0 33 0 -999 
P1522 2086 12 12 0 0 0 0 0 0 0 0 0 0 0 0 0 11 4 0 0 27 66 20 75 141 91 0 0 0 0 0 0 0 
P1522 2087 1 0 0 0 0 0 8 18 51 55 0 17 0 0 0 0 0 0 6 0 0 0 0 0 0 0 0 0 0 0 11 0 
P1522 2087 2 50 53 12 0 0 0 0 0 0 0 0 9 0 0 0 0 3 0 0 0 0 0 0 0 0 31 25 43 -999 -999 -999 
P1522 2087 3 62 87 63 0 0 0 0 0 0 0 0 61 0 0 0 0 0 0 0 0 0 0 0 47 23 0 0 0 20 0 0 
P1522 2087 4 0 0 0 0 0 0 10 0 0 0 0 11 5 0 36 0 60 0 0 0 31 75 43 49 55 53 23 0 0 10 -999 
P1522 2087 5 0 0 0 0 20 29 28 0 0 20 34 27 0 0 0 0 0 0 0 18 0 0 0 0 0 0 0 0 18 0 0 
P1522 2087 6 0 0 0 0 0 0 0 0 0 0 0 32 0 0 0 0 0 0 0 0 0 0 0 0 0 0 21 0 0 0 -999 
P1522 2087 7 0 0 0 0 0 0 0 0 0 0 0 0 0 0 0 0 0 0 0 0 0 0 0 0 0 0 0 0 0 0 0 
P1522 2087 8 0 0 0 0 0 0 0 0 0 0 0 0 0 0 0 0 0 0 0 0 0 0 0 0 0 0 0 0 0 0 0 
P1522 2087 9 0 0 0 0 0 0 0 0 0 0 0 0 0 22 0 0 0 0 0 0 0 0 0 0 0 0 0 0 0 0 -999 
P1522 2087 10 0 0 0 0 0 33 22 11 9 0 0 0 23 14 5 0 0 0 0 0 0 0 0 0 0 0 0 0 0 0 0 
P1522 2087 11 0 0 2 3 0 0 0 0 0 0 4 0 0 5 0 0 0 0 0 8 0 0 0 0 0 0 0 0 4 0 -999 
P1522 2087 12 9 0 0 0 0 0 6 43 36 14 4 0 0 8 6 0 6 10 21 4 0 23 90 0 0 49 0 32 55 82 28 
P1522 2088 1 0 0 44 0 0 0 0 0 0 0 0 0 0 0 0 0 0 0 0 9 0 0 0 0 0 0 34 0 12 5 0 
P1522 2088 2 0 11 15 0 0 60 91 0 126 45 0 3 7 0 0 0 0 0 46 18 0 29 33 0 0 0 34 25 -999 -999 -999 
P1522 2088 3 0 42 79 70 36 0 0 11 0 8 0 0 0 0 0 0 0 0 18 0 0 0 23 0 41 9 40 26 2 0 0 
P1522 2088 4 0 0 0 0 0 37 57 0 0 0 0 0 0 53 0 0 0 17 0 0 0 32 33 0 20 0 0 0 0 0 -999 
P1522 2088 5 0 0 0 0 0 28 34 0 37 0 0 23 14 0 34 30 20 0 0 0 0 0 0 7 0 0 0 0 0 0 0 
P1522 2088 6 0 14 0 0 0 0 0 0 0 0 0 0 0 0 0 0 0 0 0 0 0 0 0 0 0 0 0 0 0 0 -999 
P1522 2088 7 0 0 0 0 0 0 0 0 0 0 0 0 0 0 0 0 0 0 0 0 0 0 0 0 0 0 0 0 0 0 0 
P1522 2088 8 0 0 0 0 0 0 0 0 0 0 0 0 0 0 0 0 0 0 0 0 0 0 0 0 0 0 0 0 0 0 0 
P1522 2088 9 0 0 0 0 0 26 0 0 0 0 0 0 28 0 0 0 0 0 9 7 0 0 0 0 0 0 0 0 0 0 -999 
P1522 2088 10 0 0 0 0 0 0 0 0 21 0 0 0 0 0 0 0 0 0 0 0 0 0 0 0 51 0 152 81 20 0 0 
P1522 2088 11 0 0 0 0 0 0 0 10 0 19 0 0 20 19 47 0 30 151 57 15 0 11 10 0 0 0 0 22 63 0 -999 
P1522 2088 12 0 27 24 0 48 66 69 72 31 0 0 0 0 0 0 16 0 0 0 0 0 9 0 0 0 0 8 0 0 6 12 
P1522 2089 1 18 11 0 0 61 35 0 36 0 109 140 148 179 47 0 0 0 1 0 0 0 0 0 0 0 0 0 0 0 11 16 
P1522 2089 2 21 0 16 22 47 118 81 90 159 54 26 58 115 67 0 8 0 0 0 0 0 0 0 0 0 0 0 15 -999 -999 -999 
P1522 2089 3 0 38 63 0 24 0 0 0 0 0 0 0 17 43 61 66 52 0 19 0 17 0 9 33 105 82 28 0 0 45 123 
P1522 2089 4 178 121 0 0 5 0 0 12 43 0 0 0 0 0 0 0 0 0 0 29 39 0 31 0 55 65 0 34 0 24 -999 
P1522 2089 5 27 0 18 0 0 0 0 0 0 0 0 0 0 0 0 0 0 19 18 0 23 0 0 0 0 0 0 0 0 0 0 
P1522 2089 6 0 0 0 0 0 0 0 0 0 0 0 0 0 0 0 0 0 0 0 0 0 0 0 0 0 0 0 0 0 0 -999 
P1522 2089 7 0 0 0 0 0 0 0 0 0 0 27 0 10 0 0 0 25 0 0 0 0 0 0 0 0 0 0 0 0 0 0 
P1522 2089 8 0 0 0 41 0 0 0 0 17 0 0 0 0 0 0 0 0 0 0 0 0 0 0 0 0 0 0 20 0 0 0 
P1522 2089 9 0 0 0 0 0 0 21 16 0 0 0 0 0 0 0 0 0 0 0 0 0 0 0 0 0 0 0 0 0 0 -999 
P1522 2089 10 0 0 0 0 0 0 0 0 0 0 0 0 5 0 0 6 0 0 0 0 0 0 0 0 16 22 0 0 0 0 13 
P1522 2089 11 0 0 0 0 0 0 0 0 0 0 0 0 0 0 0 0 0 10 0 0 0 0 0 40 87 66 32 0 0 102 -999 
P1522 2089 12 112 0 0 0 31 33 39 82 85 78 70 4 0 0 0 0 0 0 10 26 14 0 0 0 0 0 0 0 16 0 0 
P1522 2090 1 0 4 10 4 0 0 18 17 49 50 12 20 56 68 70 29 6 0 0 0 0 0 0 0 0 0 8 0 0 0 0 
P1522 2090 2 0 0 7 24 23 51 0 0 23 51 29 0 0 0 40 0 27 0 8 5 0 0 0 0 35 0 88 81 -999 -999 -999 
P1522 2090 3 155 95 31 12 0 0 3 0 0 0 0 0 0 0 76 43 0 0 37 46 0 24 20 10 0 0 15 0 18 22 0 
P1522 2090 4 29 0 48 0 38 23 33 27 30 22 0 21 19 31 79 68 0 0 0 0 0 0 0 0 0 27 14 0 0 13 -999 
P1522 2090 5 0 0 0 0 0 4 0 0 0 0 0 0 0 0 29 0 0 0 0 0 0 0 0 0 0 0 0 0 40 0 0 
P1522 2090 6 39 0 0 0 0 24 26 0 33 0 0 0 0 0 0 0 0 0 0 0 0 0 0 0 0 0 0 16 0 0 -999 
P1522 2090 7 0 0 0 0 0 0 0 0 0 0 0 0 0 0 0 0 0 0 0 0 0 0 0 0 0 0 0 0 0 0 0 
P1522 2090 8 0 0 0 0 0 0 0 0 0 0 0 0 0 0 0 0 0 0 0 0 0 0 0 0 0 0 0 0 0 0 0 
P1522 2090 9 0 0 0 0 0 0 0 0 0 0 0 0 0 0 0 0 0 0 0 0 0 0 0 0 0 0 0 0 0 0 -999 
P1522 2090 10 0 0 0 33 0 49 32 19 0 0 40 32 20 26 0 0 0 18 16 0 12 13 0 35 0 0 40 0 64 0 46 
P1522 2090 11 0 0 12 10 0 0 28 0 10 0 0 43 17 42 59 40 9 0 0 0 0 8 24 0 43 39 0 0 8 12 -999 
P1522 2090 12 0 0 108 0 34 42 38 16 15 0 22 0 0 14 27 0 0 0 0 0 0 0 0 0 19 0 13 0 0 0 0 
P1522 2091 1 2 4 0 8 0 0 0 6 0 0 7 0 21 26 0 0 8 10 0 0 0 0 0 0 0 6 0 0 5 2 0 
P1522 2091 2 14 0 0 2 2 0 5 0 6 0 8 0 0 5 0 0 12 31 172 111 57 64 95 34 27 0 0 32 -999 -999 -999 
P1522 2091 3 31 8 10 13 0 72 46 0 0 0 0 0 0 0 0 0 0 0 0 14 4 0 0 0 7 0 0 0 0 0 0 
P1522 2091 4 0 0 0 0 0 17 0 45 0 0 21 35 40 31 0 27 0 0 47 31 21 18 0 0 0 0 0 0 0 14 -999 
P1522 2091 5 33 60 58 0 0 0 0 0 0 0 0 0 0 0 0 0 0 0 0 0 0 0 0 0 0 0 0 0 0 0 0 
P1522 2091 6 0 37 0 29 20 0 0 0 0 0 0 0 0 39 45 0 0 0 0 0 0 0 0 0 0 0 0 0 0 0 -999 
P1522 2091 7 0 0 0 0 0 0 0 0 28 12 0 0 0 0 0 0 0 0 0 0 0 0 0 0 0 0 10 0 0 0 0 
P1522 2091 8 0 0 0 0 0 0 0 0 0 0 0 0 0 0 0 0 0 0 0 0 0 34 0 0 34 0 0 0 0 0 0 
P1522 2091 9 0 0 0 0 0 0 0 0 0 0 0 0 0 0 11 0 0 0 0 0 0 20 0 0 0 0 0 0 0 0 -999 
P1522 2091 10 0 0 0 0 0 0 0 0 0 0 33 45 0 0 0 0 0 17 0 0 0 0 0 0 0 23 0 60 99 81 0 
P1522 2091 11 102 0 0 0 0 0 11 19 0 0 0 0 0 0 32 0 29 30 24 19 0 0 46 53 26 0 56 31 0 0 -999 
P1522 2091 12 50 55 0 0 0 35 0 0 0 0 0 0 0 0 0 0 15 0 0 0 0 2 0 0 9 7 0 0 24 1 0 
P1522 2092 1 0 2 0 0 0 0 0 0 0 3 7 0 24 15 0 15 45 72 60 164 93 54 0 60 47 26 73 48 69 66 0 
P1522 2092 2 0 43 0 11 0 0 97 0 39 0 0 0 17 55 48 46 58 78 34 45 0 12 26 30 14 0 23 0 -999 -999 -999 
P1522 2092 3 33 43 0 0 0 0 45 17 0 0 0 20 0 0 0 110 83 0 27 50 66 77 0 229 118 72 0 0 53 0 0 
P1522 2092 4 0 30 51 0 0 0 0 0 0 12 0 0 38 17 12 0 0 0 13 0 0 12 0 0 0 0 0 0 0 0 -999 
P1522 2092 5 27 0 0 0 0 0 0 0 29 0 0 0 0 0 0 0 85 0 22 0 0 0 0 0 0 0 0 0 0 0 0 
P1522 2092 6 0 0 0 0 27 0 0 0 0 0 0 0 0 0 0 24 0 0 0 0 0 0 0 0 0 0 0 0 0 0 -999 
P1522 2092 7 29 0 0 0 0 0 0 0 0 0 0 0 0 21 0 0 0 0 0 0 0 0 0 0 26 0 0 41 0 0 0 
P1522 2092 8 0 0 0 0 0 0 0 0 0 0 0 0 0 0 0 40 0 0 10 0 0 0 0 0 0 0 0 0 0 0 0 
P1522 2092 9 0 0 0 0 0 0 0 0 0 0 0 0 0 0 0 0 0 0 0 0 0 0 0 0 12 0 0 0 0 0 -999 
P1522 2092 10 0 0 0 0 0 0 0 0 0 0 0 73 0 0 18 0 0 0 0 0 20 0 0 0 18 0 0 0 0 8 0 
P1522 2092 11 0 0 29 49 30 0 0 15 0 15 0 45 174 142 115 0 19 18 0 22 0 0 0 109 82 51 14 0 0 0 -999 
P1522 2092 12 0 0 0 0 0 24 23 0 0 0 26 0 0 0 27 11 15 26 18 50 128 118 0 71 0 42 0 24 83 0 26 
P1522 2093 1 90 0 49 25 0 16 24 15 0 0 79 74 0 0 68 124 0 46 0 0 10 5 0 0 0 0 27 0 76 93 98 
P1522 2093 2 91 0 0 0 0 0 0 0 0 0 16 0 0 0 0 25 44 38 33 54 43 57 13 12 0 0 37 0 -999 -999 -999 
P1522 2093 3 20 0 0 0 0 21 5 0 0 0 90 61 31 23 9 10 0 0 12 15 0 0 16 11 0 0 0 38 14 0 0 
P1522 2093 4 19 0 0 0 0 0 0 0 0 19 16 0 0 0 0 0 0 0 24 0 0 31 19 31 0 0 45 44 32 0 -999 
P1522 2093 5 0 0 69 0 0 0 9 0 0 0 0 0 0 0 0 0 0 0 0 0 0 0 20 0 0 0 0 0 0 0 0 
P1522 2093 6 0 0 11 11 0 0 0 0 0 0 0 0 0 0 0 0 25 0 0 0 29 0 0 0 0 0 0 0 0 0 -999 
P1522 2093 7 0 0 0 0 0 0 0 0 0 0 0 0 0 0 0 0 0 0 0 0 0 27 0 0 0 0 0 0 0 0 0 
P1522 2093 8 0 0 0 0 0 0 0 0 0 0 0 0 0 0 0 0 0 0 35 0 25 0 0 0 0 0 0 0 0 0 0 
P1522 2093 9 0 0 0 0 0 0 0 0 0 0 0 0 0 0 0 0 18 0 0 0 0 0 0 0 0 0 0 0 0 0 -999 
P1522 2093 10 0 0 0 7 7 0 0 0 0 22 0 0 47 42 41 97 102 60 11 0 4 0 7 8 8 0 0 0 0 12 15 
P1522 2093 11 0 46 0 0 0 4 0 0 0 0 0 0 20 0 0 0 0 0 0 0 27 22 26 1 0 0 5 6 0 0 -999 
P1522 2093 12 4 0 0 0 0 0 3 0 0 2 0 0 16 0 0 1 3 0 0 0 0 0 0 0 0 0 0 0 0 0 0 
P1522 2094 1 0 0 0 7 0 0 7 14 0 22 0 0 0 0 0 0 19 52 70 48 0 126 115 154 158 99 54 116 39 69 66 
P1522 2094 2 88 64 74 105 28 9 4 0 17 0 0 1 0 0 0 0 0 0 0 0 0 0 1 1 0 1 2 0 -999 -999 -999 
P1522 2094 3 0 0 0 0 0 0 0 1 0 0 0 0 0 3 5 0 0 0 9 24 36 0 0 0 0 0 29 0 60 101 107 
P1522 2094 4 135 150 105 21 0 0 62 58 0 0 0 0 18 0 17 0 0 0 0 0 0 0 0 0 16 0 0 0 0 0 -999 
P1522 2094 5 0 0 0 0 0 0 0 0 0 0 0 0 0 0 0 0 0 0 0 0 0 0 0 0 0 0 0 0 0 0 0 
P1522 2094 6 0 0 0 0 0 0 0 0 0 0 0 0 0 0 0 0 0 0 0 0 0 0 0 0 0 0 0 0 0 0 -999 
P1522 2094 7 0 0 0 0 0 0 0 0 0 0 0 0 0 0 0 0 0 0 0 0 0 0 0 0 0 0 0 0 0 0 0 
P1522 2094 8 0 0 0 0 0 0 0 0 0 0 0 0 0 0 0 0 0 0 0 0 0 0 0 0 0 0 0 0 0 0 0 
P1522 2094 9 0 0 0 0 0 13 0 0 0 0 0 0 0 0 0 0 0 0 0 14 0 0 34 0 11 0 0 16 0 0 -999 
P1522 2094 10 0 0 0 0 0 0 0 0 0 0 0 28 0 23 0 22 0 0 39 0 53 30 58 61 0 41 100 39 0 9 0 
P1522 2094 11 0 0 0 0 0 0 0 8 16 0 0 0 0 83 31 0 0 0 0 0 25 0 55 61 0 20 0 0 0 0 -999 
P1522 2094 12 0 7 0 0 3 0 2 0 1 0 0 0 0 6 0 0 0 13 0 25 10 0 0 0 0 0 0 0 0 0 0 
P1522 2095 1 39 49 54 99 65 25 22 0 102 28 0 0 0 11 27 0 0 0 0 0 8 0 0 26 46 0 0 42 0 0 0 
P1522 2095 2 27 0 19 12 0 9 13 13 0 0 0 7 0 0 0 0 0 0 0 0 0 0 0 0 0 0 0 0 -999 -999 -999 
P1522 2095 3 0 0 0 0 0 0 0 0 0 0 0 0 0 0 17 0 1 0 0 0 0 14 0 0 0 0 0 46 54 30 29 
P1522 2095 4 45 82 127 0 16 0 6 0 0 0 0 0 0 0 0 0 0 45 0 0 0 57 0 61 0 9 0 0 7 0 -999 
P1522 2095 5 0 0 0 0 10 0 0 0 0 0 0 0 0 0 0 0 0 0 0 0 0 0 0 0 18 0 0 0 0 33 0 
P1522 2095 6 0 0 0 0 0 0 36 0 0 0 0 0 0 31 0 0 0 0 0 41 47 0 0 0 0 0 0 0 0 0 -999 
P1522 2095 7 0 0 0 0 0 0 0 0 0 0 0 0 0 0 0 0 0 0 0 0 0 0 0 0 0 0 0 0 0 0 0 
P1522 2095 8 0 0 0 0 0 0 0 0 0 0 0 0 0 0 0 0 0 0 0 0 23 0 0 0 0 0 0 0 0 0 0 
P1522 2095 9 0 0 0 0 9 7 6 0 0 0 0 0 0 0 0 0 0 16 0 0 0 0 0 0 0 0 0 0 0 0 -999 
P1522 2095 10 0 0 0 0 0 14 0 0 0 0 0 0 0 0 0 23 49 0 0 0 0 0 0 0 5 0 0 0 0 0 0 
P1522 2095 11 0 0 0 0 0 10 0 0 0 0 17 36 0 0 14 0 50 23 0 12 0 0 86 109 62 0 0 4 0 0 -999 
P1522 2095 12 0 0 0 5 0 6 13 52 95 45 0 3 14 37 85 51 14 13 0 35 31 0 6 8 66 135 63 29 0 0 0 
P1522 2096 1 76 4 0 14 39 21 0 49 54 64 0 13 8 0 65 0 9 3 1 0 0 0 0 0 0 0 6 5 0 0 13 
P1522 2096 2 0 21 26 23 0 0 0 0 9 0 0 0 6 18 43 32 8 0 0 0 0 0 0 0 0 0 0 15 -999 -999 -999 
P1522 2096 3 0 0 0 5 0 0 0 0 0 12 0 0 0 0 0 0 0 0 21 0 36 108 138 28 6 0 34 60 67 51 19 
P1522 2096 4 0 0 0 0 0 0 0 0 3 0 0 0 0 0 0 0 39 0 0 0 25 7 14 0 0 0 0 0 0 0 -999 
P1522 2096 5 0 0 0 0 0 21 0 0 0 0 11 0 0 0 0 12 0 11 0 0 0 0 0 0 0 0 0 0 0 18 19 
P1522 2096 6 0 0 28 0 35 0 0 0 0 0 0 0 10 0 0 0 0 9 0 0 0 0 0 0 0 0 0 0 0 0 -999 
P1522 2096 7 0 0 41 27 0 0 0 0 0 0 0 0 0 0 0 0 0 0 0 0 0 0 0 0 0 23 0 24 0 0 0 
P1522 2096 8 0 0 0 0 0 0 0 0 0 0 0 0 6 0 0 0 0 0 0 0 0 0 0 0 0 0 0 0 0 0 0 
P1522 2096 9 0 0 0 0 0 0 0 0 0 0 0 0 0 10 0 0 13 0 0 0 0 0 0 0 13 7 0 0 0 0 -999 
P1522 2096 10 0 0 0 0 21 0 0 0 0 0 0 0 0 0 0 0 0 0 58 53 0 0 0 6 0 0 0 7 8 0 0 
P1522 2096 11 0 0 0 6 0 0 0 0 0 0 0 15 0 0 0 3 1 0 0 0 0 0 0 9 10 0 0 0 0 0 -999 
P1522 2096 12 0 0 0 0 5 0 0 0 0 0 0 27 0 33 48 0 44 0 0 0 10 0 26 32 0 0 0 0 0 0 9 
P1522 2097 1 0 0 7 0 1 0 7 0 0 0 0 0 0 0 0 0 0 0 0 0 0 9 0 0 58 42 0 0 0 0 0 
P1522 2097 2 0 0 22 26 27 41 0 0 0 1 0 0 0 0 0 8 2 0 13 0 0 0 0 0 12 0 0 0 -999 -999 -999 
P1522 2097 3 20 0 81 47 0 0 33 0 13 0 3 0 0 0 0 0 0 0 0 0 0 0 0 30 0 49 19 6 34 0 0 
P1522 2097 4 0 2 0 0 0 0 0 0 0 28 0 48 61 0 0 0 0 0 0 0 22 0 8 66 35 0 0 0 6 0 -999 
P1522 2097 5 0 0 0 0 0 0 31 15 18 19 0 0 0 0 0 0 33 22 21 36 27 33 41 0 0 7 0 0 0 0 0 
P1522 2097 6 0 0 0 0 23 0 0 0 0 0 0 0 0 0 0 0 0 0 0 0 0 0 0 0 0 0 19 0 0 0 -999 
P1522 2097 7 0 0 0 0 0 0 0 0 0 0 0 0 0 0 0 0 0 0 0 0 0 0 0 0 0 0 0 0 0 0 0 
P1522 2097 8 0 0 0 0 0 0 0 0 0 0 0 0 0 0 0 0 0 0 0 0 0 0 0 0 47 0 0 0 17 19 0 
P1522 2097 9 0 0 0 0 0 0 0 0 0 0 0 0 0 0 25 0 16 0 0 0 0 0 0 0 0 0 0 0 0 0 -999 
P1522 2097 10 0 0 0 0 0 0 24 0 0 0 0 0 0 0 0 51 69 82 33 16 0 0 26 6 0 0 0 0 0 0 0 
P1522 2097 11 0 0 0 0 0 6 0 0 2 0 0 0 0 0 0 0 0 0 0 3 2 0 0 9 0 0 16 0 0 0 -999 
P1522 2097 12 31 0 0 0 0 0 0 0 0 0 0 0 4 0 0 0 0 0 0 0 0 0 0 0 0 0 0 16 14 22 24 
P1522 2098 1 57 18 23 29 74 0 0 0 0 0 0 9 0 0 11 5 4 0 0 38 44 35 0 36 0 0 0 0 6 0 0 
P1522 2098 2 0 10 0 8 4 0 8 0 28 47 34 36 40 11 0 0 0 31 27 0 0 0 0 0 0 0 0 0 -999 -999 -999 
P1522 2098 3 0 0 0 0 0 33 0 0 0 0 0 0 0 0 0 0 20 0 0 0 0 0 0 0 0 0 0 31 7 0 0 
P1522 2098 4 0 30 0 37 23 0 0 22 0 0 0 0 0 15 0 0 0 0 0 0 0 0 66 0 2 0 7 0 0 0 -999 
P1522 2098 5 0 0 0 0 0 37 53 42 49 0 79 82 0 0 27 30 0 0 0 0 32 0 0 39 0 34 26 0 0 13 0 
P1522 2098 6 3 0 0 0 0 0 0 0 0 0 0 0 0 18 22 0 9 0 0 0 0 0 0 0 0 0 0 0 0 0 -999 
P1522 2098 7 0 0 0 0 0 0 0 0 0 0 0 0 0 0 0 0 0 0 0 0 0 0 0 0 0 0 0 0 0 0 0 
P1522 2098 8 0 0 0 0 0 0 0 0 0 0 0 0 0 0 0 0 0 0 0 0 44 0 0 0 0 5 0 0 0 0 0 
P1522 2098 9 0 0 0 0 0 0 0 0 0 0 0 0 0 0 0 0 0 0 32 0 0 17 0 0 0 0 0 0 0 0 -999 
P1522 2098 10 0 0 0 0 6 0 0 0 0 0 0 0 0 0 0 0 44 61 25 8 0 0 17 11 0 31 46 37 0 0 0 
P1522 2098 11 9 0 0 0 0 5 0 13 0 11 0 16 62 45 32 0 18 35 58 34 27 42 0 0 0 0 0 0 0 0 -999 
P1522 2098 12 0 0 0 0 6 0 0 0 0 0 0 0 0 0 0 0 0 8 10 30 36 0 0 28 41 22 0 0 21 0 0 
P1522 2099 1 0 0 5 0 0 0 0 4 0 0 38 17 55 0 1 8 36 27 7 0 21 29 0 24 8 0 0 0 0 0 0 
P1522 2099 2 4 8 0 0 20 0 18 37 7 0 0 0 0 0 0 0 0 0 0 0 8 0 37 81 101 37 0 0 -999 -999 -999 
P1522 2099 3 60 70 81 96 0 13 0 0 0 0 0 0 0 0 38 32 0 99 157 150 0 0 35 0 0 0 0 19 0 21 29 
P1522 2099 4 34 26 26 0 12 12 0 0 6 2 0 4 2 0 0 0 0 0 0 0 29 0 29 0 39 0 36 38 0 37 -999 
P1522 2099 5 48 0 12 0 17 26 23 0 0 0 0 14 0 0 0 0 0 0 0 0 33 0 0 45 15 0 0 0 0 32 0 
P1522 2099 6 0 0 0 0 0 0 0 0 0 0 0 0 0 0 0 0 0 0 0 0 25 0 25 0 0 0 0 0 0 0 -999 
P1522 2099 7 0 0 0 0 0 0 0 0 0 0 0 34 0 0 0 0 27 0 27 0 0 0 0 0 0 0 0 0 17 0 0 
P1522 2099 8 0 0 0 0 0 0 0 0 0 40 0 0 0 0 0 0 0 0 0 0 0 0 0 0 0 0 0 0 0 0 0 
P1522 2099 9 15 0 0 0 0 0 0 0 0 0 0 0 0 0 0 0 0 0 0 0 0 0 0 0 0 15 0 0 0 0 -999 
P1522 2099 10 0 0 0 0 0 0 0 11 0 36 0 45 0 0 0 0 0 0 0 0 0 0 5 0 0 41 31 19 16 0 0 
P1522 2099 11 0 0 0 0 11 0 0 0 0 11 20 0 17 20 17 42 0 7 0 7 9 15 0 0 0 0 62 0 0 20 -999 
P1522 2099 12 5 0 0 0 0 60 57 31 18 31 24 0 0 0 0 0 0 0 7 0 19 0 0 0 82 163 169 113 70 53 0 
P1522 2100 1 36 0 0 0 44 0 0 20 0 0 73 146 159 67 0 36 0 0 0 0 6 0 0 9 0 0 0 0 0 0 0 
P1522 2100 2 0 0 57 0 0 0 0 10 0 58 44 0 0 0 0 21 0 0 37 45 21 0 0 0 0 0 0 0 -999 -999 -999 
P1522 2100 3 0 0 38 29 0 0 31 0 0 0 43 41 119 0 16 9 0 7 12 0 26 34 39 0 0 0 0 39 57 71 59 
P1522 2100 4 54 0 41 29 18 14 14 0 9 0 34 0 38 0 30 29 21 31 30 32 0 0 0 0 4 6 0 0 12 0 -999 
P1522 2100 5 25 0 0 25 11 0 0 0 18 30 0 16 0 0 0 0 0 0 0 0 32 0 0 41 51 0 0 0 0 0 0 
P1522 2100 6 0 0 0 0 0 0 0 13 0 0 0 0 0 0 0 0 0 0 0 0 0 0 0 0 0 0 0 0 0 0 -999 
P1522 2100 7 0 0 0 0 0 0 0 0 0 0 0 0 0 0 0 0 0 0 0 0 0 0 0 0 0 0 0 0 24 0 0 
P1522 2100 8 0 0 0 0 0 0 0 0 0 0 0 0 0 0 0 0 0 0 0 0 0 0 0 0 0 0 0 0 0 0 0 
P1522 2100 9 0 0 0 0 19 0 0 0 0 0 0 0 0 0 0 0 0 0 0 0 0 0 0 0 0 0 0 0 0 0 -999 
P1522 2100 10 0 0 0 0 0 0 40 45 34 33 0 52 33 45 0 17 20 0 0 19 26 49 98 37 0 0 0 0 25 39 0 
P1522 2100 11 0 0 0 57 68 92 51 38 60 70 16 47 55 87 119 0 67 58 0 38 21 44 68 81 55 0 0 0 0 0 -999 
P1522 2100 12 0 0 0 0 0 0 0 0 0 0 0 0 0 0 0 0 0 1 0 0 0 0 8 0 9 0 2 5 9 2 0 
