precip	MIROC5	RCP60	REGRESION	decimas	1
P8932	40.083	-2.078	182	geo	2006	2100	-1
P8932 2006 1 0 9 12 0 0 0 5 0 16 0 17 72 184 90 33 103 69 76 60 20 0 7 28 19 0 13 0 0 26 0 0 
P8932 2006 2 0 40 0 0 0 0 0 0 0 0 0 0 39 49 42 0 0 0 19 42 33 21 18 0 0 0 11 0 -999 -999 -999 
P8932 2006 3 38 60 72 97 103 88 100 96 57 35 59 50 34 29 0 52 105 111 78 30 48 33 34 0 29 28 26 36 64 44 85 
P8932 2006 4 28 32 0 0 0 15 18 50 18 0 2 0 0 0 0 0 18 0 13 0 0 3 0 15 0 28 54 62 46 36 -999 
P8932 2006 5 0 0 0 0 30 0 0 0 0 0 0 14 25 33 19 12 0 0 0 24 0 0 0 0 0 0 12 0 0 0 0 
P8932 2006 6 0 0 0 0 0 0 0 0 0 0 13 0 0 12 0 0 0 0 0 0 0 0 0 16 0 15 0 0 16 0 -999 
P8932 2006 7 21 19 0 11 15 28 0 0 0 0 0 0 0 0 0 0 0 0 15 0 0 0 15 15 0 0 0 0 0 0 0 
P8932 2006 8 0 0 0 0 0 0 23 0 0 0 0 0 11 0 21 0 0 0 12 0 0 0 0 0 16 0 11 0 0 0 22 
P8932 2006 9 0 0 0 16 21 15 0 0 20 0 0 0 0 0 0 0 0 35 0 0 0 0 0 0 0 0 0 0 0 0 -999 
P8932 2006 10 0 2 0 0 0 0 0 0 0 16 0 0 0 0 25 22 0 0 0 0 17 0 0 0 0 17 0 0 0 9 0 
P8932 2006 11 0 0 0 0 0 0 22 21 0 0 0 0 0 0 6 0 5 0 0 0 0 28 29 59 26 0 4 0 0 0 -999 
P8932 2006 12 0 0 0 3 0 0 25 50 0 24 27 0 31 23 0 73 31 0 0 7 0 44 94 61 40 35 0 18 0 20 0 
P8932 2007 1 0 0 0 0 0 0 0 0 0 0 0 0 0 0 0 0 0 0 0 24 17 0 9 17 32 33 21 0 37 28 0 
P8932 2007 2 13 0 33 42 22 15 0 95 197 160 34 27 18 0 15 0 0 42 32 0 31 29 40 0 27 26 0 34 -999 -999 -999 
P8932 2007 3 0 30 32 35 45 0 21 0 0 13 25 72 75 86 54 24 22 14 0 25 0 0 14 6 0 12 15 0 0 5 3 
P8932 2007 4 0 1 0 0 0 26 10 4 0 3 0 25 51 0 12 0 0 0 43 31 33 0 39 46 25 0 10 0 0 0 -999 
P8932 2007 5 0 0 0 0 0 31 0 0 0 0 0 28 33 0 0 19 0 0 0 0 0 0 0 0 0 0 0 0 0 0 24 
P8932 2007 6 35 24 0 23 0 0 0 0 0 0 14 0 0 0 0 0 0 6 0 15 0 16 30 18 0 0 0 23 0 0 -999 
P8932 2007 7 0 19 0 0 0 0 0 8 0 34 0 0 19 9 0 0 0 0 22 0 0 0 11 11 0 0 0 0 16 0 0 
P8932 2007 8 0 0 0 0 0 9 0 0 0 0 0 21 31 15 0 0 0 0 22 23 19 0 0 0 16 0 22 23 21 0 0 
P8932 2007 9 4 0 0 0 0 0 0 0 0 0 0 0 0 0 0 0 0 0 0 0 0 0 0 11 0 0 0 0 0 0 -999 
P8932 2007 10 0 0 0 0 0 0 0 0 0 27 28 25 41 0 0 0 0 0 0 0 0 37 35 39 0 0 0 0 0 0 0 
P8932 2007 11 0 0 18 0 0 11 9 0 0 0 0 20 0 0 0 0 5 0 0 0 0 0 6 14 7 0 10 23 0 0 -999 
P8932 2007 12 0 12 17 24 24 25 25 0 6 3 6 0 3 0 0 0 24 32 0 0 10 7 11 0 0 9 12 16 5 8 0 
P8932 2008 1 22 35 46 54 24 0 0 0 0 0 0 0 12 0 32 27 28 0 18 26 58 66 35 19 0 63 79 52 30 49 57 
P8932 2008 2 113 49 65 38 27 43 32 67 23 0 56 0 0 14 0 0 0 52 0 40 0 14 0 23 27 0 27 26 -999 -999 -999 
P8932 2008 3 0 0 0 9 0 0 0 0 0 0 13 0 0 0 8 5 0 0 0 0 0 0 0 0 0 0 0 0 0 0 4 
P8932 2008 4 0 0 0 27 27 0 0 0 0 0 0 0 0 0 39 47 42 31 0 0 0 0 0 7 0 0 0 0 0 0 -999 
P8932 2008 5 20 0 0 10 0 0 0 0 0 0 50 20 20 37 24 25 0 0 0 47 46 26 39 21 8 0 0 9 0 0 0 
P8932 2008 6 13 0 0 0 16 26 13 0 0 20 0 20 0 37 0 6 0 0 0 0 0 0 0 0 0 0 15 0 22 0 -999 
P8932 2008 7 0 0 0 0 0 0 0 0 0 0 0 0 0 0 0 0 0 0 7 13 23 0 0 19 0 0 0 0 0 0 0 
P8932 2008 8 0 0 0 8 0 0 18 0 0 20 0 0 0 0 0 10 13 0 0 0 0 0 0 3 0 0 0 0 0 0 0 
P8932 2008 9 0 10 0 0 0 0 0 11 0 16 0 23 0 0 0 0 0 0 14 0 0 0 0 0 0 0 0 0 41 33 -999 
P8932 2008 10 0 18 0 18 7 0 0 23 0 0 35 39 32 0 0 6 0 0 13 0 16 0 0 0 0 30 46 30 30 0 0 
P8932 2008 11 21 7 35 23 0 0 0 5 0 0 30 16 0 0 0 0 0 22 8 0 2 0 0 0 0 0 0 0 0 0 -999 
P8932 2008 12 0 0 0 0 2 7 0 0 0 32 39 12 18 24 0 0 10 7 7 0 0 0 0 4 0 21 0 15 10 3 0 
P8932 2009 1 0 0 0 4 8 0 0 0 7 0 0 21 26 21 23 0 2 0 0 0 0 3 0 0 1 0 0 0 0 0 0 
P8932 2009 2 0 14 15 20 0 0 14 0 0 7 0 0 0 6 0 0 0 1 0 0 4 0 0 0 13 0 8 42 -999 -999 -999 
P8932 2009 3 77 75 70 0 26 17 0 43 77 42 28 19 0 22 52 41 66 44 26 0 0 0 0 27 0 64 0 0 72 54 0 
P8932 2009 4 25 65 0 17 0 63 25 19 0 0 17 33 0 0 41 27 0 0 0 0 33 20 9 10 10 6 0 20 0 0 -999 
P8932 2009 5 41 40 34 0 25 40 0 0 23 39 0 0 0 0 0 0 0 11 27 27 29 33 31 0 0 0 0 0 0 0 13 
P8932 2009 6 0 14 0 0 0 0 25 0 0 20 0 0 0 0 0 0 14 11 7 0 0 0 0 0 12 9 0 0 0 11 -999 
P8932 2009 7 0 0 0 0 0 0 0 0 0 0 0 0 23 15 0 12 0 0 0 0 0 0 0 0 0 0 0 0 0 0 0 
P8932 2009 8 26 0 0 11 0 0 0 0 15 0 18 0 0 0 0 0 0 0 0 0 0 0 24 25 0 0 0 0 0 25 0 
P8932 2009 9 0 0 5 0 0 5 0 0 0 13 0 21 16 0 0 0 0 10 0 0 0 0 0 18 0 8 0 0 0 0 -999 
P8932 2009 10 0 0 0 0 6 0 0 0 8 0 0 21 0 17 19 28 28 26 0 16 0 0 12 36 0 0 0 0 0 0 0 
P8932 2009 11 0 0 0 0 5 0 0 0 0 4 0 0 4 0 0 11 0 0 14 0 0 0 0 0 0 21 0 0 13 22 -999 
P8932 2009 12 0 0 0 0 0 57 84 28 23 59 51 15 0 0 0 0 0 15 28 0 0 14 0 13 0 0 0 34 22 0 0 
P8932 2010 1 14 11 0 74 73 0 0 11 17 19 0 0 0 0 0 0 12 0 0 0 0 0 0 0 6 0 7 0 11 18 18 
P8932 2010 2 12 0 0 8 0 0 0 12 11 0 0 0 0 0 0 0 0 4 0 10 0 0 0 20 6 5 0 0 -999 -999 -999 
P8932 2010 3 6 0 0 0 0 27 36 32 47 42 29 18 0 0 8 8 12 27 57 60 20 0 0 0 2 0 0 0 0 6 0 
P8932 2010 4 15 0 0 0 0 15 0 30 37 42 33 35 39 27 45 74 33 0 0 19 35 27 0 19 50 0 12 13 38 33 -999 
P8932 2010 5 22 0 26 0 36 20 0 0 0 0 20 0 0 0 29 0 26 0 0 0 0 13 0 14 24 42 0 18 19 0 0 
P8932 2010 6 20 0 25 17 0 0 0 0 0 0 8 0 0 0 0 0 15 0 0 0 0 0 0 0 0 16 14 0 0 0 -999 
P8932 2010 7 22 0 0 0 12 0 0 0 0 19 0 0 0 0 0 0 0 0 0 0 0 0 0 0 0 0 0 0 0 0 0 
P8932 2010 8 0 17 0 0 0 0 0 0 17 0 21 0 15 0 0 0 0 0 0 0 0 0 12 0 0 0 0 0 0 0 0 
P8932 2010 9 0 0 0 17 0 0 0 0 0 0 18 0 0 0 35 0 0 0 23 0 10 0 0 0 0 0 0 0 0 0 -999 
P8932 2010 10 0 0 2 0 0 0 0 16 0 36 42 0 0 41 20 0 12 0 0 0 27 0 0 9 10 8 0 0 13 0 8 
P8932 2010 11 0 0 0 0 0 0 0 0 0 0 0 0 0 0 7 12 14 0 9 0 11 0 0 0 0 0 0 0 0 0 -999 
P8932 2010 12 7 9 0 0 0 20 19 10 14 0 5 15 0 40 0 0 0 0 0 0 0 0 0 0 0 0 0 11 0 0 0 
P8932 2011 1 0 0 0 7 10 0 0 0 0 0 6 0 0 7 13 0 2 0 0 3 0 28 74 29 20 0 0 0 3 0 5 
P8932 2011 2 0 6 0 18 0 0 0 6 0 0 0 0 0 10 15 0 0 0 0 10 0 0 18 0 0 0 0 41 -999 -999 -999 
P8932 2011 3 51 27 0 10 0 0 0 0 0 25 0 0 30 29 44 100 164 62 36 40 0 49 66 133 0 0 30 0 24 0 9 
P8932 2011 4 16 0 0 18 15 16 0 19 0 31 0 30 0 0 0 0 0 42 34 30 0 15 0 6 5 0 0 0 0 0 -999 
P8932 2011 5 8 0 0 0 8 0 0 15 0 33 12 9 15 13 16 0 0 0 0 0 0 0 0 15 21 0 30 0 0 0 22 
P8932 2011 6 0 14 0 0 8 0 0 0 0 0 0 0 0 0 19 0 0 0 4 0 9 19 0 18 0 0 25 0 0 0 -999 
P8932 2011 7 0 0 0 0 24 0 0 0 0 0 0 0 0 18 18 0 0 0 0 15 0 19 0 0 0 0 0 0 0 0 0 
P8932 2011 8 0 0 0 9 0 0 0 0 0 0 0 0 0 0 11 12 11 0 14 0 0 0 0 9 0 0 0 0 0 0 0 
P8932 2011 9 0 0 0 13 17 0 0 16 41 47 18 0 5 0 0 0 0 0 0 0 4 0 0 0 8 0 7 0 0 0 -999 
P8932 2011 10 0 15 0 7 0 0 0 0 0 0 0 16 16 14 0 0 7 8 0 7 0 19 0 18 20 8 9 13 28 38 35 
P8932 2011 11 10 0 0 33 0 70 83 0 6 0 9 0 0 0 4 0 40 29 9 0 0 72 83 78 18 0 0 12 0 0 -999 
P8932 2011 12 0 13 31 0 11 0 6 0 0 0 0 0 16 7 12 34 48 0 54 51 75 32 33 19 15 37 21 16 0 20 0 
P8932 2012 1 67 36 6 0 2 0 0 0 0 0 0 0 0 0 0 0 0 7 0 0 13 0 0 0 3 0 0 0 13 20 0 
P8932 2012 2 8 0 50 32 12 9 0 0 0 0 0 0 0 0 0 0 0 0 29 30 0 15 8 0 22 0 0 0 -999 -999 -999 
P8932 2012 3 0 86 0 32 33 0 13 0 0 0 0 0 21 15 12 0 32 0 24 35 34 20 0 0 0 0 0 0 15 0 6 
P8932 2012 4 0 11 0 0 0 0 40 34 14 0 6 16 0 87 0 0 44 35 24 0 17 0 0 39 71 63 51 45 45 41 -999 
P8932 2012 5 0 0 0 0 0 0 0 19 32 24 20 0 33 37 34 24 0 0 0 0 0 0 17 0 0 36 32 13 0 0 0 
P8932 2012 6 6 5 0 0 0 0 0 0 0 0 0 22 21 28 22 17 0 0 0 0 0 11 0 7 0 0 16 0 29 15 -999 
P8932 2012 7 0 0 0 0 0 0 0 0 0 0 0 0 0 0 0 0 0 0 0 0 0 0 0 0 23 0 0 0 0 15 0 
P8932 2012 8 0 0 0 0 0 0 13 0 0 0 0 0 9 0 0 0 12 0 0 0 8 0 0 0 11 17 17 0 0 0 0 
P8932 2012 9 0 0 0 0 0 0 29 11 0 0 0 0 0 0 7 0 8 0 0 0 0 8 0 0 0 0 0 0 0 0 -999 
P8932 2012 10 8 0 0 0 0 0 0 0 25 29 44 0 0 0 0 22 0 0 0 0 22 42 21 0 0 0 0 0 0 37 36 
P8932 2012 11 30 0 57 0 10 0 0 0 0 29 45 0 0 0 0 0 8 0 57 43 18 0 0 0 0 0 13 0 0 0 -999 
P8932 2012 12 19 0 14 0 14 44 0 40 0 0 0 0 0 77 0 52 46 32 18 0 7 0 0 0 0 0 0 0 12 0 72 
P8932 2013 1 46 15 22 51 28 9 12 0 6 0 0 0 0 0 0 0 0 0 0 1 0 0 0 0 0 0 0 0 0 18 10 
P8932 2013 2 0 0 0 0 0 3 0 0 6 0 0 0 0 78 53 19 24 44 70 55 45 51 44 85 0 0 0 3 -999 -999 -999 
P8932 2013 3 9 0 0 0 0 0 17 45 39 51 94 79 70 0 0 27 36 27 25 27 19 0 45 0 0 0 0 35 0 45 88 
P8932 2013 4 0 0 0 0 0 24 0 14 6 0 0 0 23 28 0 29 12 0 0 13 43 31 17 0 61 0 0 0 0 0 -999 
P8932 2013 5 0 0 10 23 24 0 15 0 29 42 50 33 0 0 0 0 0 32 23 19 15 0 3 0 11 0 0 0 8 0 0 
P8932 2013 6 0 0 29 23 0 0 25 0 43 44 0 35 0 22 0 0 0 0 13 6 0 9 0 0 0 0 0 0 26 22 -999 
P8932 2013 7 16 0 0 0 20 29 31 0 0 0 0 8 0 0 12 0 0 0 0 13 21 0 0 0 0 0 0 0 12 0 0 
P8932 2013 8 0 0 18 0 31 0 22 24 0 0 0 0 0 0 0 0 13 0 0 0 0 0 0 17 0 0 0 0 0 21 33 
P8932 2013 9 0 0 19 0 0 0 0 9 0 0 0 0 0 0 0 0 0 0 0 0 0 0 0 0 3 0 0 0 0 0 -999 
P8932 2013 10 0 0 0 0 0 0 0 0 0 0 17 0 0 0 12 19 37 26 14 0 0 0 6 7 0 0 0 0 0 0 0 
P8932 2013 11 0 0 0 0 2 0 0 9 16 16 25 18 0 8 0 10 0 0 172 95 43 74 110 98 40 54 59 36 0 0 -999 
P8932 2013 12 0 44 28 29 3 0 9 13 14 0 0 0 0 0 0 0 5 0 0 7 0 0 0 0 0 0 23 0 29 34 0 
P8932 2014 1 23 9 0 0 0 0 11 0 14 0 0 0 14 12 18 0 0 0 0 0 0 0 0 0 0 22 36 0 98 92 41 
P8932 2014 2 34 49 0 26 24 38 38 75 32 55 10 0 0 0 5 0 0 0 29 0 0 0 0 0 5 0 0 35 -999 -999 -999 
P8932 2014 3 32 11 0 0 0 0 0 0 0 0 0 20 45 28 60 56 60 60 107 67 35 30 0 0 0 9 11 11 0 0 0 
P8932 2014 4 31 0 39 38 62 61 0 25 0 0 0 43 40 35 64 0 59 21 0 13 0 0 0 27 0 27 0 0 0 0 -999 
P8932 2014 5 49 0 0 40 0 0 4 0 0 0 0 0 0 15 0 0 31 0 33 0 37 50 35 0 0 23 35 0 0 39 32 
P8932 2014 6 14 0 0 51 48 27 27 26 0 0 0 0 0 0 0 0 14 0 0 14 0 0 0 28 0 0 17 0 0 0 -999 
P8932 2014 7 0 0 12 16 0 26 0 0 0 0 0 0 0 11 13 0 0 0 0 0 0 0 0 0 0 0 0 0 0 0 0 
P8932 2014 8 0 10 0 12 0 0 0 0 0 0 0 0 0 0 0 15 0 0 0 0 0 0 0 0 0 0 0 0 0 0 0 
P8932 2014 9 0 0 0 0 0 0 0 0 0 0 0 0 0 31 0 41 0 28 0 0 11 17 0 0 0 8 0 0 0 0 -999 
P8932 2014 10 12 0 0 0 0 0 0 0 0 9 10 21 0 0 0 0 10 17 0 39 19 19 0 0 43 43 18 0 9 0 7 
P8932 2014 11 4 0 0 2 0 0 0 0 0 0 0 9 0 0 15 0 0 49 22 45 64 118 58 40 25 19 0 0 0 0 -999 
P8932 2014 12 4 0 0 0 0 0 0 0 0 4 7 5 2 0 0 0 0 1 0 0 1 0 0 9 0 0 10 0 17 17 20 
P8932 2015 1 12 4 0 41 64 42 35 37 0 0 0 0 0 0 0 0 0 0 0 0 0 0 0 3 0 14 0 0 0 11 0 
P8932 2015 2 0 0 0 0 0 0 0 0 0 0 0 6 0 0 0 0 0 2 0 0 2 0 0 0 49 85 59 40 -999 -999 -999 
P8932 2015 3 26 37 0 51 0 9 20 0 60 35 0 11 17 31 22 12 0 6 0 0 21 0 26 50 18 0 0 0 0 0 0 
P8932 2015 4 44 32 0 9 0 0 0 0 0 0 0 0 0 0 0 13 43 0 16 10 0 13 0 0 0 51 41 29 0 69 -999 
P8932 2015 5 55 0 39 0 0 19 0 0 0 0 0 0 0 0 0 0 0 0 6 0 0 0 0 0 0 35 0 58 73 29 0 
P8932 2015 6 0 11 0 0 31 37 29 12 0 0 0 9 8 0 0 33 0 6 0 13 0 0 12 15 0 0 0 0 0 0 -999 
P8932 2015 7 0 0 0 20 25 19 0 15 15 0 0 0 0 0 18 0 0 0 0 0 0 24 0 0 14 0 0 0 0 0 0 
P8932 2015 8 0 0 0 14 0 0 0 0 0 23 0 0 0 0 13 0 0 0 0 0 0 0 31 27 0 0 0 0 0 0 12 
P8932 2015 9 0 0 0 23 0 24 0 0 0 0 0 0 0 0 0 0 11 10 0 14 0 0 0 0 0 39 48 40 32 29 -999 
P8932 2015 10 28 0 0 8 15 0 25 37 22 0 0 0 0 18 0 20 0 12 19 15 20 0 0 21 22 0 0 0 0 0 0 
P8932 2015 11 0 6 0 0 0 0 14 0 0 0 0 0 0 42 42 18 8 0 20 38 44 0 25 9 0 0 6 0 0 0 -999 
P8932 2015 12 38 57 49 0 37 41 73 115 59 0 51 0 84 0 12 0 0 0 0 0 0 0 0 0 0 0 0 2 0 0 0 
P8932 2016 1 0 0 0 11 0 0 31 15 9 0 0 45 37 54 0 12 0 0 0 0 0 0 0 0 19 0 44 36 40 48 28 
P8932 2016 2 23 14 26 22 8 5 0 0 9 21 18 14 14 0 0 13 0 17 7 0 0 0 0 0 0 16 0 0 -999 -999 -999 
P8932 2016 3 0 0 31 0 37 42 47 43 93 73 97 109 86 0 63 45 21 0 24 0 23 42 43 43 42 31 46 66 57 49 62 
P8932 2016 4 0 8 0 0 0 0 23 0 28 51 80 92 0 30 60 26 0 15 32 38 21 0 0 26 24 36 0 68 0 22 -999 
P8932 2016 5 0 0 0 0 0 0 19 16 0 0 17 31 0 0 0 0 36 0 0 0 0 0 8 0 0 0 12 0 41 43 30 
P8932 2016 6 0 0 0 0 0 0 0 0 0 17 0 0 22 19 21 0 9 0 0 0 0 6 9 0 0 0 0 0 0 0 -999 
P8932 2016 7 0 0 0 0 20 0 0 0 0 0 8 13 0 13 0 0 16 0 0 0 0 0 0 0 0 22 0 16 0 0 0 
P8932 2016 8 0 0 0 0 0 0 0 0 0 0 0 0 0 0 0 0 0 0 0 0 0 0 0 0 18 17 0 0 0 0 0 
P8932 2016 9 0 20 21 13 14 0 13 0 0 0 0 0 0 0 0 0 0 0 0 0 10 0 14 0 0 0 0 0 24 22 -999 
P8932 2016 10 8 0 5 0 0 0 11 0 0 0 0 0 15 0 0 27 0 68 53 60 0 44 30 19 0 0 0 0 13 0 0 
P8932 2016 11 22 0 16 0 0 8 14 38 0 14 0 12 16 19 0 37 0 0 65 73 54 20 19 34 56 0 19 18 0 45 -999 
P8932 2016 12 9 0 16 7 0 7 0 0 0 0 25 44 78 51 0 0 0 0 0 0 15 32 0 21 0 10 21 27 27 23 27 
P8932 2017 1 31 11 12 0 6 0 0 0 0 0 13 0 32 79 86 22 0 0 0 0 0 5 0 0 0 0 0 0 0 0 0 
P8932 2017 2 0 0 0 0 0 0 0 0 0 0 0 0 0 0 0 0 0 0 0 0 0 0 4 0 0 0 0 0 -999 -999 -999 
P8932 2017 3 0 0 0 0 0 0 0 0 32 53 39 18 48 61 0 12 12 10 14 0 0 0 21 47 65 60 48 56 0 21 0 
P8932 2017 4 0 0 16 23 20 0 0 19 24 42 12 0 0 0 0 0 0 8 11 10 9 0 0 22 29 27 28 0 50 0 -999 
P8932 2017 5 0 0 9 0 0 0 0 0 0 20 0 0 0 0 15 0 0 0 0 24 28 32 16 18 26 8 0 0 0 0 0 
P8932 2017 6 0 0 0 0 23 0 15 0 0 0 18 0 14 0 0 0 0 0 0 0 0 0 21 25 0 0 0 0 0 24 -999 
P8932 2017 7 0 0 0 0 0 0 0 0 0 0 0 24 0 0 0 0 0 0 0 0 0 0 0 0 0 0 0 0 0 0 0 
P8932 2017 8 0 0 0 0 0 0 0 0 0 0 12 0 0 0 8 0 0 0 0 0 0 42 0 0 0 0 0 0 0 0 0 
P8932 2017 9 0 0 0 0 0 0 0 0 0 14 0 0 0 10 16 0 0 0 6 4 0 0 0 0 0 0 0 0 13 18 -999 
P8932 2017 10 0 0 0 0 0 0 0 11 0 7 9 11 0 0 25 43 0 0 0 30 0 0 25 18 0 0 0 0 81 36 0 
P8932 2017 11 23 31 40 46 0 16 13 35 56 0 0 49 108 0 40 19 13 0 0 22 40 0 22 0 0 12 0 0 0 0 -999 
P8932 2017 12 0 0 0 0 19 0 26 33 95 55 48 35 35 32 0 0 0 0 11 9 10 0 20 17 0 15 24 30 49 71 47 
P8932 2018 1 45 20 5 0 0 0 0 18 48 47 16 11 0 0 0 6 0 15 23 0 8 0 28 23 16 50 0 32 29 12 19 
P8932 2018 2 48 0 65 40 33 9 0 0 0 9 0 4 0 0 0 0 0 0 0 14 0 0 0 0 0 0 0 0 -999 -999 -999 
P8932 2018 3 8 9 7 0 0 0 0 10 0 36 58 80 98 78 42 16 24 28 0 13 0 0 0 12 22 23 0 34 46 41 0 
P8932 2018 4 0 21 0 8 0 0 0 7 0 0 0 0 11 0 36 23 0 0 0 0 10 0 0 0 0 83 0 0 24 27 -999 
P8932 2018 5 46 20 0 0 16 18 22 0 33 46 0 37 37 29 13 0 0 0 29 50 39 0 0 13 0 28 0 0 0 5 0 
P8932 2018 6 0 0 0 0 0 8 0 0 0 0 0 0 0 0 0 0 0 7 0 0 21 0 0 0 0 0 0 0 0 0 -999 
P8932 2018 7 0 21 26 0 0 0 24 20 0 0 0 0 0 0 0 0 0 0 0 0 12 0 0 0 0 0 18 0 0 0 0 
P8932 2018 8 0 0 0 0 0 7 0 0 0 0 0 0 9 0 22 0 14 0 19 0 7 0 0 0 0 9 0 13 0 9 0 
P8932 2018 9 0 3 0 0 0 19 18 0 0 0 0 13 0 14 0 7 0 0 0 0 0 0 0 0 7 7 6 0 0 0 -999 
P8932 2018 10 0 0 8 0 0 0 11 14 0 0 0 0 11 0 22 12 8 0 0 0 14 30 0 0 15 17 0 0 5 0 22 
P8932 2018 11 0 0 9 0 0 18 31 95 73 73 53 0 10 0 13 0 0 0 0 31 16 0 0 16 0 21 0 17 0 10 -999 
P8932 2018 12 0 0 0 0 53 35 0 22 12 9 17 34 59 47 0 23 21 0 11 0 0 0 0 0 25 17 0 40 67 91 58 
P8932 2019 1 84 71 103 0 58 58 84 47 0 0 12 16 11 0 32 23 61 59 66 66 48 70 37 11 20 29 84 33 10 24 50 
P8932 2019 2 79 49 43 11 20 24 18 0 0 38 74 35 0 67 0 0 38 111 154 46 21 0 22 0 0 0 0 0 -999 -999 -999 
P8932 2019 3 0 0 6 11 0 0 0 0 0 0 0 0 0 0 0 0 0 0 0 0 0 0 0 0 0 0 0 51 78 41 25 
P8932 2019 4 19 0 0 0 0 34 42 33 50 0 36 40 37 0 58 49 50 22 12 17 0 0 28 61 51 34 35 33 38 48 -999 
P8932 2019 5 47 0 18 0 13 0 13 16 0 0 0 0 30 0 12 0 0 0 17 14 0 0 0 0 0 0 0 3 0 0 0 
P8932 2019 6 0 9 8 0 0 23 0 0 0 0 0 22 16 18 18 19 0 0 15 0 0 0 0 0 0 0 0 0 0 0 -999 
P8932 2019 7 0 0 0 0 0 0 0 0 18 0 0 0 0 0 0 0 0 0 0 0 0 11 11 0 21 0 17 0 0 0 0 
P8932 2019 8 0 0 0 0 0 0 0 0 0 0 0 0 0 0 0 0 0 6 0 0 22 0 0 0 0 0 0 0 5 11 21 
P8932 2019 9 32 0 0 0 0 0 0 0 6 0 9 11 0 0 0 0 27 22 0 0 0 0 0 0 0 8 0 0 0 12 -999 
P8932 2019 10 0 0 11 0 14 0 10 0 0 0 0 46 61 18 0 0 0 0 0 4 0 0 0 0 0 0 9 0 0 7 0 
P8932 2019 11 15 0 0 0 0 0 14 0 0 2 0 0 0 0 0 0 0 0 24 56 138 162 105 39 0 0 54 0 23 60 -999 
P8932 2019 12 53 43 0 0 0 0 0 0 0 0 0 0 0 0 0 3 0 0 0 0 0 0 0 0 0 0 0 5 0 0 15 
P8932 2020 1 0 0 0 0 1 0 0 0 0 0 2 0 18 40 0 12 8 7 6 0 0 0 7 18 0 25 41 50 50 44 36 
P8932 2020 2 32 0 22 0 17 15 26 46 15 0 9 0 9 0 0 0 0 8 0 0 0 0 0 0 0 0 0 7 -999 -999 -999 
P8932 2020 3 4 0 0 0 0 33 0 3 0 0 0 0 17 0 6 0 2 0 2 11 0 0 0 0 27 28 22 0 30 24 36 
P8932 2020 4 41 0 23 19 0 6 3 0 3 0 12 30 0 8 36 0 71 0 41 50 61 0 0 0 6 0 0 0 0 13 -999 
P8932 2020 5 8 0 0 0 0 6 7 0 0 16 52 0 0 30 0 27 0 0 0 0 0 0 0 23 14 0 0 0 0 0 0 
P8932 2020 6 0 15 0 19 0 0 17 0 0 16 0 0 0 0 0 0 9 8 0 0 0 0 0 0 14 0 0 0 0 0 -999 
P8932 2020 7 15 0 15 0 0 0 0 0 0 0 0 0 0 0 0 0 0 0 25 0 0 17 24 23 0 0 0 0 0 0 0 
P8932 2020 8 0 0 0 8 0 0 14 16 0 0 10 0 0 0 0 0 0 0 0 0 0 0 0 0 0 0 0 0 0 14 0 
P8932 2020 9 23 0 0 0 0 0 0 0 0 0 0 0 4 7 10 12 0 0 0 0 0 0 0 0 0 0 0 0 9 0 -999 
P8932 2020 10 20 0 0 23 0 0 39 31 45 0 0 0 22 0 64 57 18 49 0 18 10 0 3 6 11 21 20 14 0 0 0 
P8932 2020 11 52 56 59 0 44 27 0 9 13 0 0 0 3 14 48 20 0 13 32 70 88 57 60 39 70 79 0 104 0 0 -999 
P8932 2020 12 45 41 50 22 0 0 0 0 17 0 0 0 0 0 0 0 0 7 14 25 0 58 78 46 57 45 75 0 17 22 28 
P8932 2021 1 36 61 38 0 0 29 0 35 0 0 3 0 0 0 0 0 12 0 0 9 0 0 9 0 0 0 14 16 0 0 16 
P8932 2021 2 0 23 23 0 0 10 0 0 6 0 0 0 0 0 5 0 0 4 6 0 0 0 22 0 0 0 0 18 -999 -999 -999 
P8932 2021 3 28 24 17 0 5 10 26 28 0 42 0 10 0 10 0 0 0 6 0 4 43 0 0 0 0 0 0 20 51 0 0 
P8932 2021 4 12 0 0 23 0 0 0 0 0 0 0 0 38 29 0 0 0 0 0 0 0 29 0 28 25 19 13 15 28 45 -999 
P8932 2021 5 41 0 0 0 17 0 0 7 0 0 0 0 0 0 0 0 29 28 0 0 20 0 0 0 33 0 0 0 0 0 25 
P8932 2021 6 0 0 0 0 5 0 0 0 15 0 0 0 0 0 0 14 16 0 0 0 0 0 4 0 0 0 10 12 0 0 -999 
P8932 2021 7 0 0 0 0 0 16 0 0 17 0 0 0 0 0 12 0 15 0 0 0 0 0 18 0 0 0 0 0 17 0 0 
P8932 2021 8 0 0 0 0 0 11 0 0 0 0 0 0 0 0 0 14 0 0 11 0 0 0 0 0 0 34 20 0 0 7 0 
P8932 2021 9 16 0 0 0 0 19 10 0 0 19 0 0 0 0 0 0 0 0 7 0 0 0 0 0 0 0 0 0 22 0 -999 
P8932 2021 10 0 0 0 0 0 0 30 18 22 24 0 0 0 0 2 0 0 0 11 15 0 0 0 0 38 20 0 15 0 11 0 
P8932 2021 11 0 0 20 44 56 46 13 11 0 0 0 0 0 12 0 17 0 40 0 0 0 6 6 13 41 41 48 39 78 36 -999 
P8932 2021 12 0 62 0 31 0 2 4 0 8 6 0 0 0 0 10 25 58 66 0 6 0 24 14 13 12 7 0 0 0 0 0 
P8932 2022 1 0 6 9 19 0 0 14 0 22 20 24 0 0 0 0 0 29 15 0 23 44 34 92 53 61 15 22 40 41 37 35 
P8932 2022 2 68 59 22 0 61 40 95 119 72 51 113 85 117 37 80 48 62 57 29 26 91 52 60 38 0 84 81 25 -999 -999 -999 
P8932 2022 3 0 19 0 30 89 94 48 65 36 63 64 55 76 39 15 9 0 2 0 0 0 0 0 3 0 0 0 15 0 21 0 
P8932 2022 4 0 10 0 0 0 0 23 36 34 0 23 0 0 16 34 32 0 14 0 0 14 0 21 0 0 7 0 0 16 11 -999 
P8932 2022 5 0 0 0 0 0 0 13 0 0 55 0 28 35 53 44 42 0 0 28 0 22 21 17 22 0 0 19 0 10 0 0 
P8932 2022 6 0 0 0 30 25 29 38 0 0 0 0 5 0 0 29 18 17 0 11 12 0 9 0 0 0 0 0 0 0 0 -999 
P8932 2022 7 0 0 0 0 0 0 0 0 0 0 0 0 0 14 0 0 0 11 11 0 0 11 0 13 0 13 0 12 0 0 0 
P8932 2022 8 0 14 0 16 0 0 0 0 0 0 18 17 16 0 0 0 0 0 0 0 9 20 0 0 0 0 0 0 0 0 0 
P8932 2022 9 0 0 18 5 0 0 0 0 0 7 0 12 0 30 33 14 0 10 0 0 15 28 0 0 0 0 0 0 0 0 -999 
P8932 2022 10 0 0 0 0 0 8 12 0 0 29 55 31 0 24 36 33 22 13 0 0 0 0 0 10 16 0 0 0 34 59 42 
P8932 2022 11 22 0 9 0 0 0 0 0 7 0 15 16 5 0 0 0 0 0 0 0 4 0 0 2 0 0 0 14 0 0 -999 
P8932 2022 12 21 35 58 72 27 0 16 0 66 43 18 0 0 0 0 0 0 0 0 15 0 31 65 55 57 34 26 50 40 0 14 
P8932 2023 1 16 18 0 0 21 25 0 0 0 0 0 0 0 0 0 0 0 0 0 0 0 15 13 3 0 0 0 0 0 0 0 
P8932 2023 2 0 14 0 0 0 0 7 7 0 0 0 4 3 0 0 9 0 14 0 0 0 0 0 0 0 24 62 0 -999 -999 -999 
P8932 2023 3 21 0 14 0 0 0 1 0 0 0 0 31 53 0 0 0 0 0 0 0 0 0 0 0 12 7 0 0 17 0 55 
P8932 2023 4 45 22 36 63 50 38 25 38 24 0 13 25 74 117 63 0 46 21 6 0 0 6 0 0 69 59 47 58 13 0 -999 
P8932 2023 5 0 7 11 0 0 7 0 0 0 0 0 0 41 0 0 26 35 32 0 0 0 0 0 0 0 0 0 0 0 0 0 
P8932 2023 6 0 0 37 0 0 0 31 0 0 0 0 6 0 0 9 0 0 0 0 0 0 11 0 0 0 0 0 7 0 0 -999 
P8932 2023 7 0 0 8 0 0 0 0 8 0 0 15 0 13 0 0 0 0 0 0 0 0 0 20 0 0 0 0 0 0 0 0 
P8932 2023 8 10 0 0 0 20 0 0 9 0 0 0 14 22 0 21 0 0 0 0 0 0 15 19 10 0 0 0 0 0 0 0 
P8932 2023 9 0 0 24 13 0 0 16 0 0 0 0 0 7 0 0 18 0 0 0 0 0 0 9 0 0 0 0 53 22 0 -999 
P8932 2023 10 0 0 0 0 10 9 0 14 0 0 0 0 0 24 0 0 15 0 0 1 0 0 0 0 14 33 24 0 0 16 62 
P8932 2023 11 85 51 18 0 0 0 0 15 22 28 24 14 0 0 0 0 0 0 2 0 3 0 0 0 0 12 0 2 0 0 -999 
P8932 2023 12 0 0 0 0 1 0 0 8 11 4 4 6 11 11 5 2 0 0 13 6 6 4 0 9 0 0 0 0 0 0 0 
P8932 2024 1 0 0 19 32 8 0 55 0 62 33 0 0 13 27 37 0 0 24 9 0 3 7 0 10 10 0 0 0 12 0 30 
P8932 2024 2 67 0 80 40 0 15 10 20 8 0 0 0 0 3 0 32 0 6 3 7 0 39 41 77 0 37 0 9 -999 -999 -999 
P8932 2024 3 0 0 0 0 30 48 0 0 29 8 10 13 0 0 0 10 0 0 19 0 10 0 14 45 88 111 73 36 21 41 17 
P8932 2024 4 28 68 62 0 22 0 0 0 1 0 0 0 0 0 0 4 0 8 0 18 25 62 0 31 15 0 22 0 0 0 -999 
P8932 2024 5 0 0 2 5 0 5 0 14 0 51 0 11 0 0 0 0 0 0 12 0 0 9 0 0 0 0 0 0 0 0 0 
P8932 2024 6 3 0 0 0 11 0 0 0 20 0 0 0 8 0 0 0 11 0 0 30 0 16 0 0 0 0 0 0 0 0 -999 
P8932 2024 7 0 0 0 0 0 18 21 0 0 0 0 17 0 0 0 0 0 0 0 0 0 0 0 22 0 0 0 19 0 0 12 
P8932 2024 8 0 0 0 0 0 0 0 0 0 0 0 0 0 0 0 0 0 0 0 0 9 0 0 5 0 0 0 11 0 0 0 
P8932 2024 9 0 0 0 0 9 0 0 0 0 0 0 0 19 0 0 6 13 0 0 0 0 0 0 0 0 0 0 0 0 0 -999 
P8932 2024 10 0 0 0 0 0 0 0 0 14 16 0 0 0 20 0 53 29 27 21 0 15 0 19 25 16 0 0 0 0 0 0 
P8932 2024 11 0 0 24 0 15 0 19 0 0 12 0 0 29 38 10 0 0 0 0 0 13 15 0 14 5 0 7 0 0 0 -999 
P8932 2024 12 7 0 9 0 23 0 0 0 0 0 3 0 8 0 0 0 0 0 0 0 0 0 0 0 0 33 0 11 0 9 0 
P8932 2025 1 0 0 0 0 0 0 6 10 0 0 14 0 0 9 8 10 11 0 0 15 15 18 30 45 56 44 0 0 8 0 0 
P8932 2025 2 0 0 0 9 21 27 0 34 45 0 32 31 28 24 27 25 40 0 0 0 32 27 36 0 0 0 4 0 -999 -999 -999 
P8932 2025 3 0 0 40 37 54 55 116 57 0 0 0 3 0 0 0 0 0 0 54 72 65 99 44 121 91 30 44 0 4 0 0 
P8932 2025 4 0 0 0 11 6 0 0 0 0 7 0 14 0 0 38 54 0 0 0 0 0 12 12 0 0 0 0 15 31 54 -999 
P8932 2025 5 42 0 31 0 29 0 0 22 27 25 28 24 20 0 0 12 0 0 0 10 0 0 13 23 0 15 0 0 0 0 0 
P8932 2025 6 0 0 6 0 0 15 0 12 0 13 0 0 0 0 0 0 0 6 0 0 0 0 0 0 0 0 0 0 13 0 -999 
P8932 2025 7 0 0 0 21 0 0 0 0 0 13 0 0 0 19 0 0 0 0 17 0 14 0 0 0 0 0 0 7 0 0 0 
P8932 2025 8 16 16 0 0 0 0 0 0 0 0 0 0 0 0 0 10 0 0 0 0 0 21 0 5 0 0 0 0 0 0 0 
P8932 2025 9 0 0 14 0 0 0 0 0 0 4 0 10 0 0 0 0 0 0 0 0 10 0 0 0 0 0 0 0 0 0 -999 
P8932 2025 10 0 0 0 0 0 15 0 0 0 0 8 0 0 12 21 13 9 0 0 16 0 0 0 0 32 55 57 43 49 0 0 
P8932 2025 11 25 0 0 0 0 0 0 0 14 28 0 0 0 0 0 26 15 8 0 0 0 0 0 0 0 0 2 0 0 0 -999 
P8932 2025 12 13 27 43 22 0 0 25 23 0 0 0 0 0 0 0 3 0 10 0 13 26 19 18 16 19 0 0 0 11 0 24 
P8932 2026 1 0 0 18 19 9 28 13 0 0 0 0 59 137 19 8 43 79 94 30 0 0 0 0 0 0 0 0 0 0 0 0 
P8932 2026 2 0 0 42 53 20 31 28 0 8 9 26 0 0 0 0 0 0 28 61 117 64 56 41 0 0 23 0 11 -999 -999 -999 
P8932 2026 3 23 6 0 0 0 0 1 0 0 4 0 0 0 0 6 0 13 23 26 37 45 72 51 0 11 0 0 0 3 0 3 
P8932 2026 4 0 0 0 0 0 0 0 38 50 52 95 70 57 0 0 0 0 0 0 0 0 19 0 0 12 25 41 55 58 50 -999 
P8932 2026 5 38 0 12 5 0 0 0 26 0 11 0 0 9 0 0 0 0 23 20 26 19 0 0 33 0 33 40 0 23 16 0 
P8932 2026 6 13 0 12 0 0 0 0 0 26 0 0 9 24 0 0 0 0 0 0 0 5 0 6 0 0 0 0 0 0 0 -999 
P8932 2026 7 0 15 0 0 0 0 0 0 0 0 0 0 0 0 0 0 0 0 0 0 0 0 0 0 0 0 0 0 0 0 0 
P8932 2026 8 0 0 0 0 0 0 0 0 0 0 0 0 0 0 0 0 0 0 0 0 0 15 0 0 20 0 14 0 0 0 14 
P8932 2026 9 14 0 0 0 0 0 0 0 0 0 0 0 24 0 14 0 0 0 0 0 22 18 0 0 0 18 10 0 19 13 -999 
P8932 2026 10 8 0 0 10 0 18 0 18 0 0 21 0 0 0 41 42 0 0 7 0 0 12 0 38 27 22 0 6 23 31 51 
P8932 2026 11 0 0 0 12 0 13 0 0 0 51 76 0 0 0 0 10 17 14 16 13 0 0 0 6 10 0 0 0 35 11 -999 
P8932 2026 12 6 0 11 0 18 16 12 0 37 51 32 0 0 17 60 37 62 54 0 44 0 0 0 0 0 0 0 13 0 31 0 
P8932 2027 1 12 0 30 69 42 40 0 62 36 0 25 0 4 0 0 0 19 0 35 53 31 13 0 0 6 0 0 9 6 4 0 
P8932 2027 2 0 11 0 0 0 0 0 0 0 9 0 25 0 83 58 138 101 98 79 16 0 0 63 31 60 55 32 31 -999 -999 -999 
P8932 2027 3 66 59 17 34 29 34 0 0 0 0 0 0 0 20 33 40 36 31 0 31 21 25 0 28 29 34 63 73 24 0 0 
P8932 2027 4 26 46 0 69 0 16 0 11 15 0 0 0 0 39 39 65 54 58 0 0 82 49 24 0 0 29 12 0 0 0 -999 
P8932 2027 5 20 0 0 50 39 0 0 8 0 0 0 0 11 0 0 0 22 0 0 0 23 33 24 0 0 40 27 16 0 0 0 
P8932 2027 6 36 0 19 0 0 13 0 0 0 0 0 20 0 0 0 0 12 0 16 20 0 0 0 0 0 0 0 10 0 9 -999 
P8932 2027 7 0 0 20 0 22 0 0 0 0 0 0 0 0 19 8 6 0 0 0 0 0 0 0 0 14 0 0 0 0 0 9 
P8932 2027 8 0 0 0 0 22 0 0 0 0 0 0 28 0 0 7 0 9 0 9 0 0 0 0 21 0 0 11 0 10 0 0 
P8932 2027 9 0 0 0 0 16 0 12 0 0 0 0 12 0 0 0 16 8 4 0 0 0 8 0 0 0 0 16 0 0 0 -999 
P8932 2027 10 0 0 0 0 0 0 0 0 0 0 0 0 0 10 10 0 0 0 0 8 0 21 12 0 17 19 0 10 0 17 12 
P8932 2027 11 23 49 113 94 0 26 28 13 0 4 0 13 0 0 62 26 0 16 0 0 9 17 31 54 62 0 52 50 66 115 -999 
P8932 2027 12 0 39 101 17 15 59 95 82 47 27 45 18 0 0 0 0 0 9 0 0 0 0 0 0 0 0 3 0 7 7 0 
P8932 2028 1 17 23 18 0 0 9 0 0 37 74 18 22 0 42 59 14 0 5 0 0 0 0 0 0 0 0 0 0 0 0 1 
P8932 2028 2 0 0 0 0 0 0 0 0 0 0 0 0 0 0 0 0 0 0 0 0 11 0 0 11 15 45 45 39 -999 -999 -999 
P8932 2028 3 29 0 41 36 18 0 5 0 15 0 16 0 21 25 35 33 26 15 0 2 2 13 0 0 0 0 0 0 5 0 0 
P8932 2028 4 11 15 20 0 22 19 26 47 33 39 0 25 16 12 0 0 0 0 0 16 0 0 0 0 0 0 0 16 31 0 -999 
P8932 2028 5 0 0 0 0 0 0 12 15 13 0 0 0 0 0 6 4 0 6 17 19 0 7 21 48 0 0 0 0 16 0 0 
P8932 2028 6 0 0 0 19 0 11 0 0 0 0 0 0 0 0 0 0 0 0 0 0 0 0 0 0 0 0 0 0 0 0 -999 
P8932 2028 7 0 0 15 0 0 0 14 0 20 0 0 0 0 17 0 0 0 0 0 12 0 12 0 19 0 23 0 7 0 0 0 
P8932 2028 8 0 0 0 0 0 0 0 0 0 0 0 0 0 0 15 0 0 24 0 0 0 0 0 0 0 14 0 0 0 14 0 
P8932 2028 9 22 0 0 23 22 19 0 0 0 10 0 0 0 11 0 16 10 0 0 0 8 0 0 0 0 17 0 0 0 12 -999 
P8932 2028 10 9 0 7 14 0 0 21 0 0 0 0 13 0 0 8 0 25 38 48 0 0 0 0 0 0 0 0 0 0 8 0 
P8932 2028 11 24 22 0 0 26 0 36 67 0 41 0 0 0 0 42 41 26 0 11 0 0 0 0 17 14 9 0 0 0 3 -999 
P8932 2028 12 0 0 0 21 0 25 12 6 0 2 0 0 0 0 0 6 3 3 22 0 95 24 0 48 0 0 0 0 8 0 0 
P8932 2029 1 0 18 44 18 0 43 116 61 0 6 0 10 15 0 0 0 27 0 0 32 10 5 4 0 0 62 88 67 0 10 5 
P8932 2029 2 0 21 20 0 0 0 0 0 0 0 0 9 0 0 0 2 0 0 0 0 0 0 0 0 0 7 0 5 -999 -999 -999 
P8932 2029 3 0 0 0 0 0 0 0 0 0 0 0 0 0 0 0 19 28 23 0 46 43 40 61 0 29 6 4 0 0 0 9 
P8932 2029 4 0 0 0 0 21 22 0 0 0 0 0 22 29 26 14 0 10 0 0 15 0 0 0 9 0 0 0 0 0 0 -999 
P8932 2029 5 0 12 43 42 25 20 0 0 0 0 0 0 0 0 0 0 0 0 0 0 18 0 0 0 14 0 0 0 0 0 0 
P8932 2029 6 0 16 0 0 32 25 24 0 0 8 0 0 7 0 0 0 0 0 0 0 0 0 18 0 13 0 0 0 11 0 -999 
P8932 2029 7 18 31 27 0 13 15 0 12 0 0 0 0 0 0 0 0 0 0 0 0 0 0 0 0 0 0 16 0 0 10 0 
P8932 2029 8 0 0 0 0 0 0 0 0 0 0 0 0 0 0 17 0 0 0 0 0 0 0 0 0 0 0 16 0 0 0 0 
P8932 2029 9 0 0 0 0 19 0 0 0 5 5 11 0 0 0 0 9 0 0 21 0 0 0 0 0 0 23 0 0 68 68 -999 
P8932 2029 10 71 0 0 7 10 0 0 0 0 0 6 0 0 0 21 19 0 0 28 0 0 0 0 25 18 25 23 11 0 0 0 
P8932 2029 11 0 14 38 66 0 40 0 16 0 51 20 0 0 11 9 0 0 0 8 0 13 16 0 36 25 0 16 0 37 34 -999 
P8932 2029 12 0 0 40 25 17 0 0 5 8 12 0 0 0 0 0 0 0 0 19 0 0 0 0 0 0 0 0 0 0 19 57 
P8932 2030 1 70 0 5 0 25 0 64 24 23 16 16 25 18 0 1 0 2 0 0 7 10 0 7 0 0 32 22 22 64 65 72 
P8932 2030 2 108 53 54 11 0 0 32 0 37 41 51 0 16 0 29 0 0 0 0 0 0 0 13 0 0 0 0 0 -999 -999 -999 
P8932 2030 3 10 0 0 0 21 27 65 0 0 0 0 0 19 0 12 0 12 0 20 18 0 43 57 16 0 7 0 0 0 2 2 
P8932 2030 4 0 0 18 24 0 0 21 16 11 0 21 0 0 68 89 78 60 149 88 38 0 53 55 26 20 39 0 37 0 0 -999 
P8932 2030 5 0 0 0 0 0 0 9 0 0 13 0 0 32 0 0 44 25 0 0 0 0 0 0 4 6 0 0 23 14 0 0 
P8932 2030 6 0 0 20 0 0 0 31 0 0 0 0 31 0 0 0 0 0 0 0 0 36 0 0 7 0 29 0 0 0 0 -999 
P8932 2030 7 0 0 7 0 0 12 0 0 0 0 0 0 0 0 0 0 0 0 20 0 0 0 0 0 0 0 0 0 0 14 0 
P8932 2030 8 0 0 0 0 0 0 0 0 0 0 0 0 16 0 0 7 0 25 0 0 0 0 0 0 10 0 0 0 8 0 0 
P8932 2030 9 0 0 0 0 0 0 0 0 0 0 0 0 0 0 0 0 13 0 17 17 0 0 0 0 11 0 0 9 0 6 -999 
P8932 2030 10 0 0 0 0 16 0 0 0 0 49 37 0 0 0 0 0 0 0 0 0 0 8 0 0 0 0 0 0 11 0 22 
P8932 2030 11 24 0 0 45 0 76 36 0 19 0 0 0 10 0 0 18 0 28 31 17 0 0 24 0 10 8 0 20 17 41 -999 
P8932 2030 12 88 52 0 0 0 70 65 32 49 25 31 44 23 19 23 0 0 8 0 8 0 8 0 18 14 17 6 0 0 0 0 
P8932 2031 1 0 0 0 0 0 0 0 0 0 0 11 10 35 113 71 33 0 11 34 0 13 17 0 51 46 21 0 19 35 38 41 
P8932 2031 2 0 0 0 28 0 33 36 0 19 0 39 25 13 0 3 0 6 49 43 44 19 49 0 0 0 0 14 26 -999 -999 -999 
P8932 2031 3 0 29 18 12 0 25 37 0 16 37 34 35 36 61 62 40 32 33 38 0 26 0 0 0 0 40 53 51 37 30 29 
P8932 2031 4 30 34 22 28 0 63 0 0 0 0 3 0 0 19 0 0 0 25 0 0 0 32 23 0 33 33 34 25 27 0 -999 
P8932 2031 5 27 33 0 0 21 22 42 59 34 35 31 0 0 0 20 21 21 13 0 0 0 0 0 0 0 0 0 0 0 0 0 
P8932 2031 6 0 0 0 0 0 22 9 0 0 0 11 0 0 0 18 0 0 0 18 18 0 0 15 0 0 0 0 0 0 0 -999 
P8932 2031 7 0 9 0 0 0 0 0 15 0 0 0 0 0 0 0 0 0 0 12 0 0 0 0 0 0 0 0 0 0 0 0 
P8932 2031 8 15 0 0 0 0 0 0 0 0 0 0 0 0 0 0 0 0 23 39 31 26 0 0 0 0 16 0 0 0 0 0 
P8932 2031 9 0 8 0 0 0 5 0 0 0 0 41 53 20 0 0 0 0 12 0 0 0 0 0 0 0 0 12 18 31 17 -999 
P8932 2031 10 0 0 0 0 0 6 0 0 10 0 0 0 0 0 0 41 0 0 10 23 27 19 0 0 35 0 25 61 34 33 0 
P8932 2031 11 26 26 0 0 30 22 13 0 5 21 0 21 40 0 26 79 0 0 0 0 4 0 0 0 0 29 26 39 25 42 -999 
P8932 2031 12 47 98 92 103 50 0 0 19 5 0 0 0 0 16 13 0 0 4 0 0 6 0 6 0 0 0 15 10 0 0 37 
P8932 2032 1 53 68 40 0 18 86 67 35 111 26 10 3 0 0 4 0 0 0 58 12 0 0 0 7 5 0 18 33 26 50 35 
P8932 2032 2 56 66 0 0 42 0 0 0 0 0 0 0 0 0 3 0 0 0 3 0 0 0 0 0 0 0 8 0 -999 -999 -999 
P8932 2032 3 17 0 12 3 0 25 60 0 20 0 0 0 0 0 0 0 0 0 0 0 13 15 0 16 26 0 27 18 8 0 23 
P8932 2032 4 12 0 0 65 60 57 0 46 44 0 0 20 0 21 0 13 22 35 34 0 66 88 101 42 30 0 0 15 37 38 -999 
P8932 2032 5 0 0 0 0 37 37 40 34 0 0 26 0 0 0 10 0 44 49 19 0 0 0 0 0 13 11 0 8 0 0 16 
P8932 2032 6 0 0 10 0 33 0 43 26 10 14 0 24 0 13 0 0 0 0 0 0 0 0 10 0 0 0 24 0 0 0 -999 
P8932 2032 7 19 0 0 0 0 0 0 9 0 0 0 18 0 0 0 0 0 0 0 0 0 0 0 0 0 0 0 0 0 0 0 
P8932 2032 8 0 0 0 12 0 12 0 0 9 12 0 26 0 0 0 0 0 0 24 0 6 0 0 0 0 0 0 0 0 19 8 
P8932 2032 9 0 0 0 10 0 0 19 17 0 16 0 0 0 0 0 0 0 0 0 0 0 0 0 0 0 0 0 0 0 0 -999 
P8932 2032 10 0 0 0 0 0 0 0 0 0 21 31 26 0 0 0 31 20 17 42 61 0 81 32 8 8 0 0 0 0 0 12 
P8932 2032 11 13 0 0 24 52 49 44 45 0 15 9 13 53 0 0 0 0 0 58 79 0 0 23 0 0 0 0 33 0 17 -999 
P8932 2032 12 0 0 6 0 0 36 0 14 0 30 37 0 0 0 0 0 0 0 0 0 0 3 1 0 0 0 4 0 26 0 70 
P8932 2033 1 82 28 14 0 0 0 41 18 18 0 5 0 0 0 0 0 0 0 0 0 0 0 4 0 3 0 0 0 0 0 0 
P8932 2033 2 0 0 0 0 0 4 0 21 25 0 8 4 0 17 37 81 99 70 52 72 73 78 0 32 46 25 42 18 -999 -999 -999 
P8932 2033 3 0 17 8 12 9 0 9 14 0 19 15 17 0 0 46 0 25 0 46 0 56 25 43 42 59 7 0 0 31 0 0 
P8932 2033 4 58 35 14 0 36 0 0 15 0 0 0 0 0 0 9 0 30 56 43 0 59 35 26 0 52 31 17 0 3 0 -999 
P8932 2033 5 0 0 0 0 0 0 0 0 0 0 0 0 0 0 0 0 0 21 0 28 0 0 25 0 0 21 14 10 0 16 0 
P8932 2033 6 0 23 21 27 20 14 0 0 26 0 0 0 17 0 14 0 0 0 0 0 0 0 14 0 6 0 0 0 0 0 -999 
P8932 2033 7 0 0 0 16 0 0 0 17 23 23 0 13 0 0 0 0 12 0 9 0 0 0 0 0 0 0 0 0 0 0 0 
P8932 2033 8 0 0 8 0 0 0 0 0 35 0 0 0 0 0 0 0 0 0 0 0 0 0 0 0 0 0 0 0 0 0 0 
P8932 2033 9 0 0 4 0 0 0 0 34 0 0 0 0 0 6 0 0 0 0 11 0 0 8 0 0 0 0 5 0 0 0 -999 
P8932 2033 10 0 0 0 0 0 0 0 0 0 0 0 0 0 0 0 0 35 25 64 19 0 12 0 0 36 0 25 0 0 34 56 
P8932 2033 11 50 0 0 116 41 74 104 133 28 0 0 0 0 22 88 84 0 0 0 0 0 0 0 2 0 0 0 0 0 7 -999 
P8932 2033 12 0 0 48 46 12 20 60 29 32 14 0 18 0 0 0 0 0 0 0 0 0 0 9 10 9 0 0 0 19 10 0 
P8932 2034 1 0 0 0 0 1 0 0 0 0 0 0 2 0 24 11 0 0 0 0 0 0 11 0 23 33 46 57 0 0 0 0 
P8932 2034 2 0 0 0 0 0 9 21 39 40 34 74 43 0 0 16 5 0 0 66 40 0 14 40 0 0 9 0 0 -999 -999 -999 
P8932 2034 3 0 0 0 0 0 0 0 0 0 0 0 32 0 0 0 0 0 0 9 0 0 0 17 0 0 25 0 0 0 39 0 
P8932 2034 4 20 29 32 64 71 0 12 0 0 0 29 0 21 0 0 42 0 0 0 30 44 59 56 31 11 6 0 2 0 0 -999 
P8932 2034 5 0 0 0 6 9 0 0 0 8 10 8 0 0 32 37 16 10 0 0 15 21 0 0 0 16 0 0 0 36 36 0 
P8932 2034 6 27 41 0 18 16 0 0 19 0 0 0 0 0 0 0 0 0 40 21 0 0 0 0 0 0 14 0 0 5 0 -999 
P8932 2034 7 0 0 0 0 0 0 0 0 0 0 0 0 0 0 0 0 0 21 0 0 0 0 0 0 0 0 14 0 0 0 0 
P8932 2034 8 0 0 0 0 9 0 0 0 0 12 0 0 0 0 0 0 0 0 0 6 0 0 0 0 0 0 0 0 0 17 15 
P8932 2034 9 0 6 0 0 0 0 0 0 18 0 0 10 0 15 13 15 17 16 5 0 0 0 0 4 0 0 0 0 0 0 -999 
P8932 2034 10 0 0 0 0 0 0 0 0 0 0 0 21 0 0 0 40 18 15 0 0 0 23 30 15 0 5 0 16 0 19 8 
P8932 2034 11 9 8 16 20 29 0 5 0 0 0 0 0 0 0 0 0 0 0 0 0 0 0 12 0 0 27 33 27 23 30 -999 
P8932 2034 12 0 19 39 0 4 0 0 0 0 0 0 0 0 0 9 15 0 0 10 13 0 0 0 0 71 70 110 10 0 27 24 
P8932 2035 1 0 0 0 41 26 23 0 0 7 0 0 0 0 0 0 7 7 0 0 23 18 17 0 0 0 0 15 29 0 0 0 
P8932 2035 2 0 0 0 0 0 0 0 0 0 0 0 0 0 0 0 0 0 0 0 0 0 0 0 35 21 0 46 24 -999 -999 -999 
P8932 2035 3 19 43 0 0 0 0 0 0 0 0 0 18 26 44 17 0 30 0 20 0 0 5 0 0 18 15 15 0 0 0 29 
P8932 2035 4 0 0 33 0 38 47 23 43 27 0 0 0 22 0 33 41 39 15 0 41 48 35 0 0 0 13 20 28 47 44 -999 
P8932 2035 5 31 45 22 0 0 0 41 43 29 0 0 10 0 0 0 0 0 0 0 0 0 23 0 10 0 0 0 0 0 16 0 
P8932 2035 6 5 0 0 35 24 0 0 6 4 9 0 18 0 0 0 0 0 11 0 0 0 0 8 0 0 0 13 0 0 12 -999 
P8932 2035 7 0 0 0 0 5 0 22 27 0 15 0 0 0 0 0 0 0 0 0 0 0 0 0 0 0 0 0 0 0 0 0 
P8932 2035 8 0 0 0 0 0 0 19 13 0 0 0 35 0 0 0 14 0 0 0 0 14 0 31 0 13 0 7 19 45 0 27 
P8932 2035 9 0 0 0 0 0 3 0 9 12 0 0 0 14 0 0 0 8 0 0 0 4 0 11 7 0 18 18 0 24 0 -999 
P8932 2035 10 0 19 10 0 0 0 0 0 0 0 0 0 0 19 51 28 0 0 0 0 0 32 0 17 0 16 0 11 0 0 0 
P8932 2035 11 0 29 37 0 0 0 0 0 0 0 0 0 0 0 0 0 0 0 0 0 9 0 0 0 8 0 0 0 0 6 -999 
P8932 2035 12 3 3 0 0 0 0 0 0 11 0 7 7 0 0 0 74 21 27 21 0 9 0 0 0 25 30 33 16 0 18 0 
P8932 2036 1 40 62 11 0 33 56 62 38 72 99 59 24 44 11 0 0 0 26 0 0 22 13 0 0 0 3 0 8 0 0 0 
P8932 2036 2 0 17 34 0 0 2 0 8 0 8 13 0 0 12 0 6 0 0 0 25 22 15 20 33 0 15 17 27 -999 -999 -999 
P8932 2036 3 0 86 25 21 0 13 6 0 13 29 22 0 33 0 45 27 17 21 41 29 0 0 23 33 77 59 65 52 37 0 24 
P8932 2036 4 88 0 25 0 30 41 16 0 22 25 31 46 21 0 0 0 0 0 36 40 0 0 14 14 0 21 11 4 0 0 -999 
P8932 2036 5 0 11 0 0 0 0 15 0 0 0 22 0 38 0 13 0 0 34 40 0 0 0 37 15 0 0 0 0 0 0 0 
P8932 2036 6 0 0 0 0 0 0 14 0 0 35 41 0 25 0 22 0 15 0 0 0 0 0 0 0 0 0 0 0 0 15 -999 
P8932 2036 7 0 16 0 0 8 0 0 22 0 0 0 0 0 0 0 18 16 0 0 0 0 0 0 0 0 0 0 0 0 0 0 
P8932 2036 8 0 0 0 0 0 0 14 0 0 10 0 0 0 0 0 0 0 0 0 0 12 10 0 0 0 0 0 0 7 0 0 
P8932 2036 9 17 0 9 0 11 0 10 0 0 0 0 0 0 0 4 0 0 0 0 0 0 0 0 0 24 0 0 0 17 0 -999 
P8932 2036 10 0 22 12 0 25 0 0 0 23 0 0 0 0 38 54 25 18 19 21 11 5 6 0 0 25 0 5 0 0 0 4 
P8932 2036 11 8 8 0 0 0 0 38 32 0 37 22 0 0 0 0 0 0 0 0 0 0 0 0 25 30 31 0 0 0 0 -999 
P8932 2036 12 0 0 6 0 5 0 0 0 0 0 5 0 0 0 0 0 0 7 0 9 0 0 11 0 8 0 0 40 27 64 92 
P8932 2037 1 46 47 40 0 0 45 0 22 33 21 0 10 17 0 30 58 102 78 94 80 31 0 0 4 0 0 0 0 0 5 0 
P8932 2037 2 0 0 0 7 11 0 0 0 9 9 0 0 0 16 0 19 14 36 53 29 0 0 11 0 0 0 0 19 -999 -999 -999 
P8932 2037 3 0 0 40 0 64 31 38 54 36 22 0 0 11 0 0 5 19 34 28 29 23 61 67 94 0 113 62 56 56 19 23 
P8932 2037 4 0 0 4 0 0 24 0 12 0 0 0 0 35 49 40 0 0 0 10 12 0 0 46 54 48 51 46 33 22 13 -999 
P8932 2037 5 15 0 19 0 0 51 44 20 0 10 0 0 0 0 0 0 10 0 28 28 0 0 0 11 0 0 0 0 15 0 0 
P8932 2037 6 0 0 19 10 0 28 0 30 0 13 0 0 0 0 0 21 0 0 20 18 0 9 0 11 19 0 0 6 0 0 -999 
P8932 2037 7 0 0 0 12 0 0 0 0 0 0 0 0 14 0 0 0 4 0 0 0 0 0 6 0 0 17 0 0 14 0 0 
P8932 2037 8 0 0 0 8 0 0 0 0 0 16 0 0 14 0 0 12 0 0 0 0 0 0 0 0 0 0 5 8 0 0 0 
P8932 2037 9 0 7 0 0 0 0 0 0 0 0 0 0 0 0 0 0 0 12 0 0 0 0 0 0 0 0 20 0 14 0 -999 
P8932 2037 10 13 13 0 0 0 0 0 18 11 13 0 0 0 0 0 0 0 0 0 13 0 8 18 33 0 12 4 1 0 4 0 
P8932 2037 11 0 45 10 0 0 0 0 0 0 6 3 0 8 18 0 30 0 20 3 4 0 0 16 15 19 20 23 21 19 0 -999 
P8932 2037 12 0 0 49 73 81 131 80 0 21 0 15 0 12 0 0 5 0 0 16 0 16 0 0 0 0 0 4 0 0 0 0 
P8932 2038 1 0 0 0 0 0 0 0 0 14 12 0 62 57 25 14 26 0 0 0 0 20 0 0 0 0 0 26 15 11 0 0 
P8932 2038 2 0 9 15 20 0 44 0 0 16 0 4 0 0 0 0 4 0 0 0 0 6 0 0 0 39 39 22 0 -999 -999 -999 
P8932 2038 3 9 0 0 37 0 0 0 20 14 0 16 0 0 28 34 39 56 37 11 18 0 23 37 0 0 48 50 0 0 7 0 
P8932 2038 4 8 0 42 41 27 0 16 37 32 20 6 0 0 0 0 0 0 16 0 6 0 60 0 0 0 0 0 0 0 0 -999 
P8932 2038 5 0 0 3 0 0 0 0 0 0 21 0 17 0 0 0 0 0 0 0 0 0 0 0 13 13 14 0 0 14 0 0 
P8932 2038 6 19 18 0 9 0 0 0 22 0 0 0 0 0 10 0 0 14 0 0 0 16 11 0 0 0 0 0 0 14 18 -999 
P8932 2038 7 29 0 18 0 0 0 0 0 0 0 0 0 0 0 0 0 9 0 20 16 0 12 22 0 7 0 0 0 0 0 0 
P8932 2038 8 0 8 0 0 0 0 0 0 0 0 0 0 13 0 19 0 0 0 0 0 0 0 13 12 0 10 12 15 0 0 12 
P8932 2038 9 0 0 17 13 0 0 12 0 0 0 0 0 5 0 0 0 0 16 0 13 18 0 0 0 0 12 0 0 8 0 -999 
P8932 2038 10 0 0 0 0 0 11 0 4 0 0 0 0 0 0 0 0 0 0 21 0 0 0 0 0 28 0 0 0 0 0 18 
P8932 2038 11 24 17 0 27 51 79 50 0 0 15 0 80 43 0 25 38 23 27 38 0 0 0 0 0 0 0 42 53 76 41 -999 
P8932 2038 12 15 18 0 0 0 0 0 12 0 15 11 0 2 0 0 0 3 0 0 0 0 21 0 21 36 0 0 36 0 60 67 
P8932 2039 1 42 29 0 0 71 27 15 0 0 0 0 48 60 0 21 52 78 40 112 111 73 0 21 38 106 166 126 136 30 0 21 
P8932 2039 2 0 0 3 0 0 0 0 0 0 0 20 0 0 27 52 26 24 21 12 17 51 76 78 49 23 41 0 29 -999 -999 -999 
P8932 2039 3 30 0 5 25 49 31 21 0 0 0 23 0 37 0 0 26 26 0 30 0 56 32 11 0 0 0 12 5 0 4 0 
P8932 2039 4 0 2 0 0 5 0 12 10 12 0 0 0 0 8 12 24 14 7 0 0 12 0 4 0 0 0 13 0 29 0 -999 
P8932 2039 5 0 0 23 0 26 0 0 0 0 0 62 46 0 0 0 0 0 17 15 16 26 0 16 20 0 29 28 0 31 27 0 
P8932 2039 6 0 16 0 0 0 17 18 30 0 36 15 0 0 0 9 13 0 32 0 0 0 0 0 18 0 0 0 0 0 0 -999 
P8932 2039 7 0 0 0 0 0 0 0 0 0 3 9 9 0 0 0 0 0 0 0 0 0 0 0 0 0 0 0 0 0 0 0 
P8932 2039 8 0 0 0 0 0 0 0 0 0 0 0 0 0 0 0 0 0 0 0 0 8 4 0 0 0 0 0 0 0 0 25 
P8932 2039 9 0 0 0 13 0 0 0 0 19 23 22 0 0 0 8 0 0 0 0 0 0 0 0 0 0 0 0 21 25 20 -999 
P8932 2039 10 33 0 0 0 6 0 6 0 0 19 0 0 0 0 0 0 0 11 22 55 49 52 47 76 80 0 0 0 32 0 27 
P8932 2039 11 53 48 0 0 0 0 5 0 0 0 0 0 0 0 7 0 0 0 7 0 0 0 0 0 0 15 0 47 43 28 -999 
P8932 2039 12 33 17 0 0 0 0 0 0 0 0 0 0 0 26 38 25 50 147 62 0 0 0 0 0 0 0 0 19 0 0 0 
P8932 2040 1 0 1 0 0 0 0 0 0 0 0 10 0 12 0 0 0 26 0 0 0 0 0 0 16 0 10 0 10 14 0 61 
P8932 2040 2 52 14 39 55 58 17 0 4 0 0 22 28 24 56 111 97 40 99 97 137 47 27 42 54 35 31 0 44 -999 -999 -999 
P8932 2040 3 27 15 37 38 29 0 23 30 20 28 6 0 0 0 6 14 15 0 14 0 0 0 5 0 9 0 0 0 0 21 22 
P8932 2040 4 33 39 42 40 53 54 0 32 0 0 18 0 0 34 57 0 18 8 0 9 0 0 0 0 20 37 20 0 0 0 -999 
P8932 2040 5 7 12 0 0 0 47 0 0 0 0 0 0 0 0 0 0 11 0 0 0 0 10 17 0 0 0 0 0 0 0 0 
P8932 2040 6 0 23 0 0 19 0 0 0 18 0 31 0 0 18 12 13 0 0 0 31 23 11 0 0 8 0 13 0 0 0 -999 
P8932 2040 7 0 0 0 0 0 13 0 18 0 0 0 0 0 0 11 0 0 0 24 0 0 0 0 18 20 0 0 0 10 0 0 
P8932 2040 8 13 0 0 0 0 0 0 12 0 0 0 0 0 0 0 0 0 0 0 10 0 0 0 22 0 0 0 0 0 0 0 
P8932 2040 9 0 0 0 17 15 11 0 0 0 0 0 0 0 0 41 29 0 15 0 0 0 0 12 0 0 0 0 0 0 0 -999 
P8932 2040 10 0 0 0 6 17 0 0 0 45 0 20 0 25 15 9 0 53 86 0 0 0 9 0 23 0 0 0 0 8 7 0 
P8932 2040 11 0 0 12 8 8 0 0 23 0 0 14 0 30 89 64 110 59 22 18 0 0 0 0 0 0 13 0 31 20 0 -999 
P8932 2040 12 0 13 0 0 16 8 0 18 25 18 0 0 0 3 0 0 0 0 0 0 0 0 0 0 0 0 0 0 6 0 0 
P8932 2041 1 0 0 0 0 22 0 0 12 8 9 0 0 0 0 0 28 0 13 0 0 5 0 30 86 57 0 60 65 18 41 67 
P8932 2041 2 0 7 0 0 0 0 9 21 39 41 30 46 28 27 43 84 41 16 15 12 0 4 0 5 0 0 0 0 -999 -999 -999 
P8932 2041 3 0 0 8 0 0 0 25 29 0 0 17 9 0 0 0 0 1 0 0 0 0 0 0 0 8 7 0 16 0 18 0 
P8932 2041 4 0 0 0 0 0 0 0 0 0 0 0 30 26 16 0 13 0 0 0 0 0 0 10 0 0 0 0 7 0 0 -999 
P8932 2041 5 0 22 30 35 0 46 37 0 24 0 34 33 22 0 0 0 0 0 0 30 0 0 0 0 14 0 0 1 0 0 0 
P8932 2041 6 31 0 13 0 17 0 0 16 0 26 0 34 20 0 0 4 0 0 43 32 0 0 0 0 0 0 0 25 19 0 -999 
P8932 2041 7 0 0 0 22 0 12 0 0 0 0 0 0 0 28 0 8 0 0 0 0 0 0 0 0 0 0 0 0 0 0 0 
P8932 2041 8 0 0 0 24 10 14 0 0 19 0 0 0 0 0 0 17 0 0 18 20 0 0 0 0 0 0 0 6 0 7 0 
P8932 2041 9 0 0 0 26 22 12 11 0 0 0 0 0 0 8 0 21 0 0 24 0 22 12 0 12 9 0 0 0 0 0 -999 
P8932 2041 10 0 0 0 5 5 0 0 8 0 0 0 17 0 0 0 8 0 7 0 0 0 11 0 21 26 0 0 0 12 14 0 
P8932 2041 11 62 124 53 40 0 0 0 0 0 0 0 0 5 0 11 15 0 14 22 13 29 22 0 33 63 41 0 0 0 0 -999 
P8932 2041 12 34 0 68 63 22 16 0 22 23 0 0 0 5 0 0 0 0 0 0 0 0 0 0 0 0 12 24 43 0 20 22 
P8932 2042 1 0 0 48 49 0 0 0 0 17 17 18 11 0 0 9 0 26 31 58 19 6 5 0 0 0 0 37 50 0 6 0 
P8932 2042 2 0 0 0 0 0 0 0 0 6 0 13 0 10 0 0 0 0 6 0 0 1 0 0 0 17 0 0 0 -999 -999 -999 
P8932 2042 3 0 12 3 13 33 13 0 0 0 0 0 0 12 0 7 0 0 41 36 54 46 0 41 0 47 43 0 24 29 21 15 
P8932 2042 4 0 18 6 4 0 15 22 12 0 0 6 0 0 8 13 0 0 51 23 25 0 21 56 24 0 0 9 0 0 54 -999 
P8932 2042 5 44 54 51 48 0 45 39 28 0 34 39 36 0 40 18 0 0 0 15 0 0 0 0 0 0 0 0 0 0 0 0 
P8932 2042 6 0 0 0 23 33 0 0 26 10 0 0 0 0 9 0 25 0 16 0 0 0 9 6 0 0 0 0 0 0 0 -999 
P8932 2042 7 0 0 0 0 0 15 0 0 15 0 9 0 0 0 0 0 0 0 0 0 0 0 0 0 0 0 0 0 0 0 0 
P8932 2042 8 0 0 12 0 0 0 0 0 0 0 0 0 0 0 0 0 0 0 0 0 22 0 11 0 0 0 0 0 0 0 0 
P8932 2042 9 0 0 0 0 9 0 13 0 0 0 0 0 0 0 0 0 0 0 0 0 0 0 0 0 0 0 17 0 0 0 -999 
P8932 2042 10 0 0 0 0 0 0 0 0 29 13 9 0 0 0 0 0 0 0 0 0 0 0 0 0 0 0 0 0 5 0 0 
P8932 2042 11 0 0 10 16 25 28 18 0 0 0 0 0 0 0 0 0 0 0 8 0 20 47 41 21 15 0 38 34 36 23 -999 
P8932 2042 12 0 0 0 0 61 37 23 26 18 16 26 0 30 19 0 14 11 13 36 51 0 31 18 0 0 0 28 32 30 0 0 
P8932 2043 1 0 0 1 0 0 0 0 9 0 15 0 50 21 38 72 67 71 41 14 0 0 0 0 0 0 0 0 0 0 0 0 
P8932 2043 2 0 0 0 0 2 0 0 0 35 0 37 0 11 0 35 49 10 22 0 10 15 0 0 0 0 21 0 0 -999 -999 -999 
P8932 2043 3 28 27 8 0 0 14 14 12 13 24 40 38 0 0 34 39 61 44 30 38 16 37 64 62 42 58 0 28 55 104 46 
P8932 2043 4 69 63 42 0 0 27 0 48 40 28 0 0 0 0 0 0 0 0 0 0 0 0 36 0 0 0 32 38 70 34 -999 
P8932 2043 5 0 0 0 0 9 0 0 0 0 0 0 0 0 54 0 30 49 47 44 0 0 0 0 0 0 0 0 0 0 0 0 
P8932 2043 6 0 0 0 28 0 0 5 0 0 0 0 13 0 0 0 0 15 24 0 0 0 0 0 0 0 0 0 0 0 0 -999 
P8932 2043 7 9 0 0 6 0 0 0 0 0 0 9 0 0 0 0 0 0 0 0 0 0 0 17 0 0 0 15 14 0 0 0 
P8932 2043 8 0 0 18 0 0 0 14 0 0 0 0 0 0 0 0 14 0 0 0 0 0 0 0 0 0 0 0 19 0 7 8 
P8932 2043 9 0 0 0 0 0 0 0 7 0 0 0 0 0 0 0 0 11 8 0 0 0 0 0 0 0 0 0 11 0 8 -999 
P8932 2043 10 0 0 0 0 0 0 0 0 0 9 0 28 37 33 0 0 0 0 26 48 35 22 0 16 0 0 0 0 20 29 0 
P8932 2043 11 0 21 26 43 104 99 19 0 0 0 0 0 0 0 0 0 0 0 0 0 44 65 0 0 0 0 42 32 44 37 -999 
P8932 2043 12 17 0 22 66 54 43 16 0 0 0 0 0 0 0 0 0 0 13 0 0 0 0 0 0 0 0 2 0 2 0 1 
P8932 2044 1 0 0 0 0 7 14 14 16 17 15 0 35 0 20 16 13 0 48 61 41 23 0 7 18 43 48 25 0 12 0 0 
P8932 2044 2 17 15 0 49 0 12 0 0 0 0 22 0 0 0 0 0 26 0 0 3 0 0 0 0 0 0 0 0 -999 -999 -999 
P8932 2044 3 0 0 8 0 0 0 0 0 0 0 0 0 22 0 0 23 18 18 0 0 0 0 0 0 0 0 0 0 27 23 21 
P8932 2044 4 22 31 32 20 0 15 20 0 34 29 0 0 0 7 7 0 30 30 11 5 5 10 14 0 19 0 0 29 39 30 -999 
P8932 2044 5 0 0 0 0 25 27 45 52 69 59 64 0 0 0 0 0 0 0 11 11 19 0 0 15 0 12 0 0 0 0 0 
P8932 2044 6 0 0 0 14 0 12 0 7 0 0 0 0 17 28 33 19 0 20 0 28 33 30 24 0 0 16 0 15 17 20 -999 
P8932 2044 7 0 0 0 0 0 0 0 0 10 0 17 0 0 0 0 0 0 0 0 0 0 0 0 0 0 0 0 0 0 0 0 
P8932 2044 8 28 0 21 0 0 0 0 0 0 0 0 0 0 0 0 0 0 0 0 0 0 0 0 0 0 0 0 0 0 19 6 
P8932 2044 9 0 0 0 0 0 0 0 0 0 0 0 0 12 9 0 0 0 0 0 21 18 0 0 0 17 0 0 0 0 0 -999 
P8932 2044 10 0 15 0 0 0 0 4 0 0 13 18 0 0 0 17 0 13 0 0 47 0 29 28 0 52 38 0 0 0 9 0 
P8932 2044 11 0 0 0 0 0 12 0 0 0 0 0 0 57 67 22 27 16 0 0 13 59 43 0 9 16 20 0 10 7 0 -999 
P8932 2044 12 0 2 0 0 0 0 0 0 0 0 0 0 0 0 0 6 15 33 67 99 0 33 46 17 0 0 24 0 0 0 0 
P8932 2045 1 16 0 85 0 0 33 14 42 70 0 0 53 0 17 0 0 10 21 8 0 0 0 0 0 1 0 3 8 0 0 0 
P8932 2045 2 8 0 0 0 0 17 36 11 6 0 39 71 39 13 4 0 0 0 0 0 0 29 0 28 59 81 125 128 -999 -999 -999 
P8932 2045 3 0 7 22 36 37 15 18 33 69 62 47 0 52 49 48 0 27 0 12 0 5 0 0 0 0 0 0 0 0 0 0 
P8932 2045 4 5 9 0 0 0 0 0 0 0 0 16 22 25 0 62 0 0 12 22 0 9 25 0 13 10 10 0 0 0 0 -999 
P8932 2045 5 0 0 23 55 20 0 0 0 0 0 0 13 0 0 0 0 0 0 28 0 43 32 44 0 0 18 0 27 36 0 0 
P8932 2045 6 23 0 0 0 0 0 0 0 0 0 0 0 22 41 28 20 18 0 0 0 0 0 0 0 12 0 0 0 0 0 -999 
P8932 2045 7 0 0 12 0 0 17 0 0 0 18 0 0 0 0 0 8 0 0 0 0 0 14 12 11 0 0 0 0 0 0 0 
P8932 2045 8 0 0 0 14 0 0 0 12 17 0 0 0 0 0 0 0 0 11 0 0 0 21 0 0 0 0 0 0 0 0 0 
P8932 2045 9 0 0 0 0 31 17 0 0 0 14 0 25 16 0 0 0 0 0 0 0 0 0 0 0 0 0 0 30 0 6 -999 
P8932 2045 10 0 0 0 8 15 0 16 12 12 15 9 6 0 30 0 4 0 0 15 18 0 0 0 0 0 0 0 0 0 0 0 
P8932 2045 11 0 0 0 40 30 13 10 0 0 3 0 0 0 0 0 0 0 0 0 0 0 0 0 0 0 13 0 0 14 0 -999 
P8932 2045 12 0 0 0 0 0 0 0 0 12 21 52 0 0 0 0 0 0 10 0 0 0 0 10 46 0 0 9 0 0 0 0 
P8932 2046 1 14 19 11 0 4 0 0 0 10 0 0 0 0 7 0 0 17 41 0 46 68 56 52 70 43 64 52 0 58 36 0 
P8932 2046 2 44 6 11 0 0 0 0 0 3 0 0 14 0 23 32 75 90 65 38 46 0 0 15 0 20 19 39 45 -999 -999 -999 
P8932 2046 3 0 11 24 37 16 0 0 5 10 6 5 0 6 0 0 14 8 0 0 0 0 0 0 21 43 47 0 27 40 30 33 
P8932 2046 4 44 0 23 0 0 15 30 49 63 63 28 0 35 52 43 47 51 0 22 0 25 29 0 35 46 39 38 0 31 38 -999 
P8932 2046 5 34 0 0 0 0 0 0 0 0 12 0 0 0 25 0 0 23 16 22 26 0 0 39 46 80 48 0 14 24 35 33 
P8932 2046 6 30 0 0 33 61 41 0 10 10 0 0 19 0 0 21 0 22 0 12 0 0 0 0 0 0 0 13 0 0 0 -999 
P8932 2046 7 0 0 0 0 0 0 0 0 0 0 0 0 0 11 0 0 0 0 0 0 0 0 0 0 0 25 0 13 21 0 0 
P8932 2046 8 12 0 0 0 0 0 0 0 0 0 0 12 14 0 0 23 0 0 0 0 0 12 0 10 0 0 0 14 0 0 0 
P8932 2046 9 0 0 12 0 0 0 0 0 0 0 7 0 0 6 12 0 0 7 0 12 0 0 0 0 0 0 0 0 19 0 -999 
P8932 2046 10 17 14 0 0 0 15 19 0 0 0 0 0 0 0 0 0 23 0 0 0 0 0 0 0 9 0 9 0 0 0 0 
P8932 2046 11 0 31 46 54 19 0 6 0 0 0 0 0 0 0 0 6 0 0 12 9 0 0 0 0 0 0 0 0 0 0 -999 
P8932 2046 12 0 0 0 0 0 0 0 0 3 0 0 21 18 0 13 17 16 14 13 0 0 0 0 6 0 0 0 0 0 0 0 
P8932 2047 1 13 0 0 45 31 0 0 0 28 30 45 12 0 9 11 0 0 18 15 0 14 0 0 0 0 8 0 22 17 0 16 
P8932 2047 2 0 11 2 0 10 0 0 10 0 0 0 0 37 34 33 0 11 13 0 0 26 19 15 13 30 0 0 5 -999 -999 -999 
P8932 2047 3 10 18 17 21 19 24 17 14 12 27 0 0 0 39 15 20 0 0 8 0 0 0 11 0 10 0 9 0 0 0 0 
P8932 2047 4 22 0 18 18 11 0 0 0 0 0 0 0 0 15 0 13 43 72 54 29 0 0 0 26 0 27 27 0 48 40 -999 
P8932 2047 5 25 0 0 23 0 40 0 22 13 0 0 0 0 52 54 0 0 10 0 0 28 27 58 21 0 0 0 0 0 0 0 
P8932 2047 6 0 0 0 0 0 0 14 0 0 0 0 0 0 10 0 0 0 0 0 0 0 0 0 0 0 0 0 0 0 15 -999 
P8932 2047 7 0 7 0 0 0 0 0 0 0 0 0 0 0 0 0 0 0 0 0 0 0 0 0 0 0 0 20 0 14 0 0 
P8932 2047 8 0 0 0 0 0 0 0 0 0 29 0 0 0 0 0 0 12 0 0 0 0 0 18 0 0 4 0 0 0 0 0 
P8932 2047 9 0 9 12 14 12 14 0 22 0 0 0 0 0 0 0 4 0 0 0 0 12 0 7 0 24 38 0 0 0 0 -999 
P8932 2047 10 0 32 0 39 0 0 0 0 29 25 10 8 13 0 0 0 0 0 0 0 0 0 0 12 0 14 0 0 18 12 0 
P8932 2047 11 21 10 0 0 0 5 0 6 6 0 0 0 7 8 0 0 0 17 0 23 0 9 0 0 0 0 0 22 24 0 -999 
P8932 2047 12 26 52 18 36 112 96 95 72 0 0 8 0 9 15 48 0 0 30 73 104 29 41 0 0 26 14 14 5 16 0 6 
P8932 2048 1 0 0 0 0 0 0 0 2 0 0 0 6 0 0 0 0 0 0 0 0 17 0 8 0 0 35 80 0 0 9 30 
P8932 2048 2 40 0 6 5 0 13 25 72 0 0 15 0 0 0 6 0 0 0 0 0 0 18 0 8 0 0 0 0 -999 -999 -999 
P8932 2048 3 4 0 0 0 0 0 0 0 0 5 0 0 12 0 0 0 15 33 38 0 21 25 0 0 11 20 28 0 0 38 0 
P8932 2048 4 0 0 0 7 21 42 63 88 39 16 16 48 61 63 0 33 0 51 81 76 0 0 42 0 0 0 26 20 16 0 -999 
P8932 2048 5 19 0 22 28 0 0 0 0 0 0 0 0 29 29 18 6 0 0 0 20 35 47 36 0 31 0 0 0 0 0 0 
P8932 2048 6 0 8 0 0 14 0 0 0 0 0 14 0 0 0 0 0 10 8 0 0 0 6 0 0 0 0 0 0 9 0 -999 
P8932 2048 7 0 0 13 0 15 26 0 13 0 0 0 0 0 0 0 0 0 0 0 0 0 0 0 0 0 0 0 14 0 0 0 
P8932 2048 8 0 0 0 0 0 0 0 21 0 0 25 0 15 22 0 0 0 0 0 0 0 11 0 0 0 0 0 0 0 0 0 
P8932 2048 9 0 0 0 0 0 0 0 0 0 0 0 18 0 0 0 0 0 0 0 15 11 0 0 0 0 0 12 0 0 0 -999 
P8932 2048 10 0 0 0 0 0 0 9 0 0 0 0 7 0 28 0 46 0 21 0 15 7 0 16 26 20 15 0 0 0 24 29 
P8932 2048 11 24 30 26 0 0 12 0 28 0 0 0 25 3 0 0 11 0 0 0 0 0 0 0 7 0 19 0 50 126 128 -999 
P8932 2048 12 43 24 41 15 0 0 0 1 0 0 0 0 9 0 14 0 0 0 47 120 67 7 0 0 0 0 0 0 0 0 0 
P8932 2049 1 22 44 56 22 22 22 7 2 0 0 0 0 0 0 0 0 1 0 0 0 0 0 0 0 0 0 0 0 0 0 0 
P8932 2049 2 0 0 0 0 9 24 49 48 29 50 55 89 97 66 60 110 89 79 70 0 92 49 34 110 68 91 67 39 -999 -999 -999 
P8932 2049 3 0 0 70 51 60 0 28 0 0 0 36 18 24 39 41 0 0 30 24 0 18 10 0 6 8 0 12 13 0 13 0 
P8932 2049 4 31 0 0 12 0 0 19 4 0 0 0 0 0 16 0 0 0 3 0 0 0 11 0 0 0 0 0 0 24 14 -999 
P8932 2049 5 23 39 33 0 11 0 15 22 0 0 3 0 4 0 0 0 15 0 25 31 28 0 0 0 8 0 0 0 21 19 0 
P8932 2049 6 0 38 12 0 0 0 0 0 0 0 7 0 11 0 0 0 0 0 0 0 8 0 0 0 0 0 0 0 18 0 -999 
P8932 2049 7 0 0 0 0 0 34 41 0 0 0 0 0 19 0 0 0 0 0 0 0 0 0 0 0 0 0 0 0 0 0 0 
P8932 2049 8 0 0 0 0 0 13 15 0 0 0 12 13 0 0 0 0 0 0 0 0 0 0 0 0 0 0 0 0 0 0 0 
P8932 2049 9 0 0 0 0 20 13 13 0 12 22 0 0 0 0 0 0 0 0 0 0 10 0 0 0 0 0 8 0 9 0 -999 
P8932 2049 10 0 0 0 0 0 0 12 0 0 0 0 11 0 13 37 71 0 0 0 0 12 0 0 30 44 0 47 0 0 20 5 
P8932 2049 11 0 0 28 0 16 19 56 104 81 0 0 0 3 0 15 15 0 0 0 0 10 12 9 0 0 0 0 18 0 15 -999 
P8932 2049 12 0 20 43 15 9 25 16 0 0 24 0 0 11 17 44 62 0 0 0 0 0 8 14 24 22 0 7 5 0 5 0 
P8932 2050 1 0 0 0 0 5 0 0 10 0 36 87 69 106 82 42 103 54 87 26 0 0 0 17 21 16 21 0 9 0 5 0 
P8932 2050 2 0 9 0 0 0 0 0 0 0 0 17 0 0 0 0 0 0 0 0 0 0 0 0 0 0 9 7 0 -999 -999 -999 
P8932 2050 3 0 0 0 0 0 0 0 0 0 18 0 0 12 19 0 12 0 18 34 29 0 0 28 38 47 43 0 0 31 0 0 
P8932 2050 4 11 0 0 17 17 20 19 0 0 16 40 77 21 0 10 0 44 30 0 47 28 59 30 25 0 19 24 0 0 31 -999 
P8932 2050 5 0 41 39 22 21 20 0 28 0 43 22 0 23 0 24 0 0 0 0 0 15 29 20 0 0 0 0 28 31 24 0 
P8932 2050 6 12 0 14 0 21 13 0 0 0 0 18 0 0 23 20 0 0 0 0 0 0 0 0 0 0 0 0 14 0 13 -999 
P8932 2050 7 0 0 18 0 0 0 0 15 0 0 0 0 0 0 0 0 0 0 0 0 0 12 0 0 0 0 0 0 0 0 0 
P8932 2050 8 0 0 0 0 29 17 0 0 0 0 0 0 0 0 0 0 0 0 23 0 0 0 0 0 0 0 0 0 0 0 0 
P8932 2050 9 0 0 0 26 11 0 0 0 2 1 0 0 0 0 0 0 0 10 0 0 0 0 13 0 0 0 0 0 0 0 -999 
P8932 2050 10 0 0 0 0 0 0 0 0 0 0 0 0 0 0 48 48 31 25 24 0 26 20 0 11 0 0 0 39 0 34 0 
P8932 2050 11 0 15 28 10 0 0 7 8 0 17 0 0 0 0 39 17 7 15 0 28 24 14 36 0 19 0 22 22 0 0 -999 
P8932 2050 12 10 0 29 29 0 0 0 0 28 39 0 18 0 53 49 0 0 31 0 14 8 9 0 0 0 0 0 0 0 0 0 
P8932 2051 1 0 15 0 6 5 0 8 0 17 31 28 56 107 40 42 0 0 14 15 0 12 11 0 0 19 0 28 24 13 25 40 
P8932 2051 2 36 40 0 33 0 0 11 8 0 7 0 0 0 0 0 18 0 0 21 38 0 28 40 27 28 36 38 0 -999 -999 -999 
P8932 2051 3 13 0 28 37 0 22 0 0 23 36 29 28 0 36 24 23 46 22 16 0 19 0 33 0 0 23 0 0 0 0 0 
P8932 2051 4 21 23 0 19 0 0 44 28 44 67 0 0 0 19 0 0 0 0 6 20 0 0 0 0 0 0 23 39 0 0 -999 
P8932 2051 5 0 0 0 18 0 0 5 8 21 0 0 4 0 0 0 0 24 0 12 0 0 17 0 10 0 10 0 0 0 15 0 
P8932 2051 6 14 26 31 16 22 0 0 0 31 50 34 0 0 0 10 0 21 15 0 0 0 14 6 6 0 0 0 0 0 0 -999 
P8932 2051 7 20 0 0 16 0 0 0 0 0 0 0 12 0 0 0 0 8 0 0 0 0 0 0 0 0 0 0 0 13 0 0 
P8932 2051 8 0 0 0 0 0 17 0 0 0 0 0 0 0 0 0 0 0 0 0 21 0 0 0 0 0 0 0 0 0 0 0 
P8932 2051 9 0 0 0 0 0 0 0 0 0 0 0 26 0 0 0 0 0 0 0 0 0 0 0 24 0 0 0 0 0 0 -999 
P8932 2051 10 0 0 0 0 0 0 0 0 26 0 0 12 21 0 32 23 0 0 0 0 0 0 0 0 0 0 25 41 0 0 0 
P8932 2051 11 0 0 10 0 0 0 3 0 0 0 0 0 47 43 0 11 0 0 42 40 18 26 44 0 0 20 0 0 0 23 -999 
P8932 2051 12 0 0 8 0 13 36 59 34 21 13 0 21 17 0 25 0 0 0 27 0 21 0 0 0 0 0 0 0 0 0 0 
P8932 2052 1 8 0 11 0 0 6 0 0 0 0 0 2 4 0 0 0 0 0 0 0 0 0 0 13 12 0 26 0 4 1 0 
P8932 2052 2 0 0 2 0 0 0 0 0 0 0 0 0 0 0 17 10 13 0 21 23 18 0 0 16 0 26 0 0 -999 -999 -999 
P8932 2052 3 0 6 0 0 0 0 34 42 13 0 10 0 22 34 33 27 0 0 18 31 69 55 0 42 58 43 0 16 0 0 0 
P8932 2052 4 0 13 22 0 11 0 0 0 6 7 17 0 0 0 0 0 0 0 7 8 0 0 0 0 0 0 0 14 0 42 -999 
P8932 2052 5 20 25 0 8 0 47 45 31 29 13 21 30 29 0 0 0 12 0 0 0 0 0 0 0 0 26 0 31 27 0 22 
P8932 2052 6 11 11 0 0 24 11 0 0 0 15 30 0 0 0 0 0 23 0 0 0 0 0 0 0 18 0 9 0 0 0 -999 
P8932 2052 7 19 0 0 0 0 0 0 0 0 0 9 0 0 0 0 0 8 0 0 0 0 0 24 0 17 0 0 0 0 0 0 
P8932 2052 8 0 0 0 0 0 0 13 0 0 12 0 0 0 0 14 0 0 0 0 0 25 0 0 0 15 0 0 0 0 0 0 
P8932 2052 9 0 0 0 0 0 0 0 0 0 0 0 0 0 0 0 0 0 0 0 0 22 18 0 0 0 0 0 9 0 0 -999 
P8932 2052 10 19 13 0 10 0 0 18 0 0 0 0 0 16 0 0 13 9 0 0 0 0 0 0 4 13 0 0 0 0 3 0 
P8932 2052 11 14 20 8 0 0 0 0 6 0 8 0 0 5 15 0 0 17 0 0 0 21 15 0 0 0 36 68 45 0 39 -999 
P8932 2052 12 54 53 29 21 32 0 10 15 35 113 110 52 0 67 36 11 0 23 0 0 0 0 0 0 0 0 5 0 11 0 0 
P8932 2053 1 0 0 0 0 0 0 0 0 0 0 11 11 12 12 9 0 0 2 2 0 0 0 0 6 0 0 0 2 4 5 0 
P8932 2053 2 9 32 0 55 52 50 62 39 34 0 16 0 0 5 0 3 0 0 0 0 0 0 6 0 20 18 37 91 -999 -999 -999 
P8932 2053 3 105 38 23 26 33 31 0 0 20 33 40 0 23 23 0 42 51 69 45 35 28 26 0 8 0 0 3 0 20 30 40 
P8932 2053 4 37 0 0 0 0 41 0 0 0 26 34 53 0 12 0 0 10 0 0 0 26 0 0 0 0 0 11 0 14 29 -999 
P8932 2053 5 0 29 31 0 0 49 0 36 29 0 15 25 0 0 0 14 0 25 26 35 37 0 0 0 0 15 0 13 0 0 0 
P8932 2053 6 14 25 21 24 0 7 0 0 0 0 17 0 0 0 0 31 21 0 0 0 0 0 0 0 0 0 0 0 0 0 -999 
P8932 2053 7 0 0 0 0 0 22 0 0 0 0 0 12 0 0 0 0 0 0 0 0 0 14 25 0 0 0 0 0 0 0 0 
P8932 2053 8 0 0 0 0 11 0 0 22 0 0 22 0 0 0 22 0 0 0 0 31 0 0 0 0 0 16 0 0 0 0 0 
P8932 2053 9 18 0 0 0 0 10 0 9 0 0 0 18 0 0 0 0 0 0 0 0 0 0 0 17 9 0 0 0 0 0 -999 
P8932 2053 10 0 0 0 9 0 0 0 20 27 0 3 0 0 14 24 36 28 22 0 0 0 0 0 0 0 0 0 0 0 0 0 
P8932 2053 11 20 25 0 30 22 32 23 10 0 58 37 48 26 21 55 61 114 81 0 0 13 19 20 19 0 15 0 0 19 0 -999 
P8932 2053 12 0 0 20 0 0 0 0 0 0 0 0 0 10 0 0 0 0 12 7 0 0 0 9 0 29 0 31 0 39 44 32 
P8932 2054 1 37 33 69 59 41 47 39 26 42 34 58 46 54 0 44 37 34 0 0 2 4 11 12 0 0 0 20 78 67 26 25 
P8932 2054 2 0 49 0 0 0 7 0 39 15 0 0 0 23 22 18 13 0 0 0 0 0 0 6 0 0 0 0 0 -999 -999 -999 
P8932 2054 3 0 0 0 0 0 5 0 1 0 0 0 0 3 3 0 18 17 39 18 0 0 0 44 0 0 6 0 0 46 48 48 
P8932 2054 4 0 22 0 0 40 66 0 63 29 0 0 59 0 0 14 37 22 0 27 0 0 0 0 7 11 0 0 0 51 48 -999 
P8932 2054 5 0 19 17 26 0 17 20 11 0 12 0 0 0 22 0 39 34 19 13 20 0 31 31 61 70 28 0 20 18 0 0 
P8932 2054 6 0 0 0 0 0 0 17 0 0 0 0 0 0 0 7 0 0 0 0 0 0 0 0 0 0 14 0 0 0 0 -999 
P8932 2054 7 0 0 7 0 0 0 0 14 0 0 0 0 0 0 0 0 0 0 0 0 0 0 0 0 0 0 0 0 0 0 0 
P8932 2054 8 0 0 32 0 0 15 0 0 0 0 0 0 0 0 0 0 0 0 0 0 0 0 0 0 0 22 0 0 9 0 0 
P8932 2054 9 0 0 0 0 0 0 0 0 0 0 0 28 0 22 0 0 0 19 0 0 6 0 27 34 25 0 0 0 0 59 -999 
P8932 2054 10 0 19 31 0 0 6 0 11 0 0 6 0 0 0 37 0 0 25 22 0 0 0 0 37 62 42 0 17 0 0 0 
P8932 2054 11 45 33 10 0 0 11 0 17 0 82 58 37 0 20 56 44 0 22 24 67 0 0 0 0 0 0 0 0 0 8 -999 
P8932 2054 12 0 0 0 0 4 0 8 8 0 0 0 0 0 26 12 0 6 0 0 0 0 0 12 34 74 55 69 51 0 0 0 
P8932 2055 1 0 0 0 39 19 0 12 0 5 27 48 0 0 0 11 14 24 79 68 0 22 17 0 0 0 2 0 0 0 0 0 
P8932 2055 2 0 0 0 13 12 0 27 36 0 0 0 0 0 0 0 0 13 7 0 0 0 0 11 0 16 0 14 0 -999 -999 -999 
P8932 2055 3 14 18 39 47 46 37 31 20 16 0 0 0 0 13 0 0 0 0 5 0 0 0 15 30 34 29 13 25 0 0 0 
P8932 2055 4 4 0 0 0 14 10 8 7 19 20 16 0 0 0 0 0 0 0 0 0 32 0 18 0 23 11 0 20 0 12 -999 
P8932 2055 5 0 0 2 0 16 0 0 0 8 0 0 48 0 17 0 5 0 0 0 0 0 13 16 0 0 43 0 16 12 0 0 
P8932 2055 6 0 0 0 0 0 14 0 0 10 0 0 0 0 0 0 0 0 0 29 0 0 0 0 0 0 0 0 0 0 8 -999 
P8932 2055 7 0 0 0 5 0 0 0 0 0 0 0 0 0 0 7 0 0 0 0 0 0 0 0 0 0 0 0 0 0 0 0 
P8932 2055 8 0 0 0 0 15 0 0 0 14 0 0 0 0 0 0 0 0 0 0 20 16 13 0 0 0 0 0 0 0 14 0 
P8932 2055 9 0 0 0 0 0 0 0 0 0 0 0 0 0 0 0 0 0 0 0 16 0 38 17 0 0 10 0 0 33 41 -999 
P8932 2055 10 32 0 0 26 34 0 16 0 0 24 40 37 0 0 31 45 0 51 0 39 0 0 0 0 0 9 0 0 0 0 0 
P8932 2055 11 0 0 0 30 0 47 55 52 30 0 0 21 11 0 14 0 0 0 0 0 7 28 35 19 0 0 75 61 142 105 -999 
P8932 2055 12 0 0 25 0 21 19 0 20 11 6 0 13 16 14 8 2 0 0 0 0 19 15 7 0 0 0 0 22 0 32 21 
P8932 2056 1 0 24 27 35 44 54 62 56 36 0 0 0 0 0 0 12 0 0 0 0 5 0 0 17 20 27 60 63 0 0 0 
P8932 2056 2 31 48 47 15 34 39 0 13 0 29 69 67 42 73 87 29 0 31 0 0 0 0 19 0 48 27 0 0 -999 -999 -999 
P8932 2056 3 46 42 28 16 0 76 0 70 24 69 67 77 0 95 0 19 0 0 30 76 23 0 0 23 0 0 29 57 54 30 0 
P8932 2056 4 0 0 37 0 0 0 0 0 0 0 24 0 0 0 12 22 0 24 0 29 0 0 9 15 0 0 0 0 0 0 -999 
P8932 2056 5 0 0 0 0 0 0 32 27 34 29 42 31 0 15 0 16 0 0 0 0 0 0 25 0 0 7 0 0 0 24 0 
P8932 2056 6 31 20 11 0 28 0 0 0 0 0 12 11 0 0 0 0 19 0 0 0 0 17 0 17 0 0 12 0 0 0 -999 
P8932 2056 7 0 0 0 34 0 0 0 0 0 0 0 0 0 16 0 0 0 18 0 0 0 0 0 0 0 0 0 0 0 0 13 
P8932 2056 8 0 0 0 0 0 0 0 0 0 0 22 0 0 0 0 0 0 0 0 0 0 0 0 0 0 0 0 0 0 0 0 
P8932 2056 9 5 0 0 0 0 0 34 31 0 13 0 9 0 0 0 0 13 0 0 0 0 0 0 0 0 0 0 4 5 0 -999 
P8932 2056 10 0 0 14 0 0 0 19 32 0 8 0 0 0 0 20 19 11 19 0 0 0 14 0 42 62 0 0 12 0 0 10 
P8932 2056 11 0 35 14 0 16 0 25 0 43 28 0 63 23 0 57 56 16 9 6 19 9 0 4 0 0 0 0 0 0 0 -999 
P8932 2056 12 0 0 0 2 0 0 0 0 0 0 0 0 0 0 14 24 23 42 33 0 21 22 0 2 0 0 0 58 47 20 46 
P8932 2057 1 43 63 42 19 0 17 0 0 0 0 30 12 0 9 0 35 0 53 98 33 14 10 0 0 0 19 47 125 139 44 26 
P8932 2057 2 15 0 0 5 0 18 0 0 16 0 0 0 0 0 0 9 22 8 0 6 0 0 0 0 29 24 35 26 -999 -999 -999 
P8932 2057 3 25 0 39 16 12 0 0 0 0 17 0 11 11 0 49 45 43 0 63 61 36 0 0 0 0 0 0 65 51 32 0 
P8932 2057 4 29 44 35 19 0 0 0 0 13 24 31 0 35 0 0 48 35 39 23 6 0 0 0 39 0 0 0 0 0 0 -999 
P8932 2057 5 28 0 0 32 0 0 32 0 0 0 0 0 0 0 0 5 9 0 0 0 0 0 0 23 26 0 31 15 0 0 0 
P8932 2057 6 0 10 11 0 10 0 0 20 16 0 0 0 0 0 0 0 0 0 0 0 0 0 0 0 0 0 0 0 0 0 -999 
P8932 2057 7 0 0 0 0 0 6 0 0 0 13 0 0 0 0 0 14 0 19 0 0 0 0 10 0 0 0 32 0 0 0 0 
P8932 2057 8 14 0 0 0 21 0 0 0 0 0 0 0 0 0 0 0 0 0 0 0 0 0 0 7 0 0 0 0 0 0 0 
P8932 2057 9 15 30 0 0 0 8 0 0 0 0 0 11 0 0 7 11 14 0 0 0 0 0 0 0 18 27 0 0 15 17 -999 
P8932 2057 10 17 0 21 21 0 0 14 0 26 16 0 0 0 24 0 0 0 0 0 11 26 19 0 16 0 34 67 29 45 0 0 
P8932 2057 11 9 0 0 0 10 4 0 15 26 27 42 0 89 36 0 0 0 0 0 38 23 0 5 11 0 0 43 89 0 43 -999 
P8932 2057 12 56 29 74 0 16 0 0 0 0 0 0 0 0 0 0 0 0 0 0 21 27 17 38 69 0 0 0 10 0 0 0 
P8932 2058 1 0 11 12 5 0 0 28 14 0 38 13 34 78 39 78 90 48 28 19 0 0 0 0 0 0 6 67 123 89 59 0 
P8932 2058 2 19 12 0 45 71 59 27 36 25 17 0 38 23 0 0 0 0 0 11 10 0 0 0 14 13 5 3 0 -999 -999 -999 
P8932 2058 3 2 0 0 20 21 0 0 0 0 0 14 0 13 0 0 18 0 0 0 19 0 0 2 0 0 0 0 0 0 0 0 
P8932 2058 4 37 0 0 0 0 0 51 0 21 30 22 0 42 0 20 20 0 20 16 0 0 0 0 0 45 48 0 26 0 41 -999 
P8932 2058 5 0 20 18 0 31 37 0 0 6 0 0 0 0 0 25 0 0 0 0 0 0 12 0 0 0 0 0 0 0 0 0 
P8932 2058 6 0 9 0 0 0 0 0 0 0 25 11 0 0 0 18 15 0 19 19 0 0 0 0 0 0 0 0 0 0 0 -999 
P8932 2058 7 0 0 0 0 0 0 0 0 22 0 0 0 0 0 0 0 0 0 0 0 0 0 0 0 0 0 21 0 0 0 0 
P8932 2058 8 0 0 0 23 0 0 0 0 0 44 35 0 0 0 0 0 17 0 15 0 0 0 0 0 0 0 0 9 0 0 0 
P8932 2058 9 0 0 0 0 0 25 0 25 20 0 0 0 16 0 0 0 0 0 0 0 7 0 0 0 5 0 0 0 0 0 -999 
P8932 2058 10 12 0 0 0 36 19 17 0 0 2 0 0 0 0 0 0 0 10 0 28 0 0 20 0 13 8 7 7 0 10 6 
P8932 2058 11 0 0 0 7 0 0 20 0 74 0 0 0 0 0 0 5 3 0 0 0 0 12 0 0 0 5 7 5 0 6 -999 
P8932 2058 12 14 0 0 0 0 0 17 6 0 0 7 0 6 0 0 0 0 0 0 4 0 22 0 0 7 0 18 16 7 0 5 
P8932 2059 1 0 0 0 0 8 27 37 0 26 0 0 0 0 6 0 0 17 0 0 0 0 0 0 0 0 0 0 0 0 0 0 
P8932 2059 2 0 0 0 2 0 0 0 0 0 0 22 36 39 0 0 6 4 0 0 0 0 0 0 0 5 0 0 0 -999 -999 -999 
P8932 2059 3 0 0 0 0 0 0 12 13 19 0 0 0 0 6 0 9 15 0 37 11 0 3 3 0 0 27 37 35 35 44 49 
P8932 2059 4 0 11 0 0 0 20 0 53 49 65 0 43 0 24 0 0 0 38 0 19 29 52 35 86 48 0 0 15 2 0 -999 
P8932 2059 5 0 0 0 0 0 11 0 0 0 0 0 0 16 0 0 38 38 53 46 15 0 0 0 38 0 0 0 10 7 0 15 
P8932 2059 6 23 17 0 0 0 0 0 0 16 0 0 17 0 18 10 0 0 0 0 0 0 0 0 25 0 0 0 13 0 13 -999 
P8932 2059 7 0 0 0 0 14 0 21 0 0 0 21 0 0 0 0 0 0 0 0 21 0 0 0 0 14 0 0 0 0 0 0 
P8932 2059 8 0 0 0 0 20 0 0 0 0 0 0 11 0 0 0 13 0 23 0 0 0 0 18 0 0 62 0 10 21 0 0 
P8932 2059 9 10 0 0 0 0 5 0 10 13 0 0 0 0 0 27 0 4 0 9 0 0 0 0 0 0 0 0 0 0 0 -999 
P8932 2059 10 19 0 0 18 27 22 0 15 13 4 0 0 0 0 0 20 0 19 7 0 16 0 0 0 0 0 25 34 21 22 0 
P8932 2059 11 13 16 32 0 28 0 0 0 0 0 0 0 0 0 0 11 0 0 17 12 6 0 0 0 0 0 0 0 0 0 -999 
P8932 2059 12 0 0 0 0 20 44 30 22 19 26 0 28 39 0 0 0 0 0 0 0 3 0 0 0 0 36 35 26 31 0 13 
P8932 2060 1 19 16 0 0 15 0 13 0 0 17 43 73 86 56 32 27 15 9 0 0 0 0 0 0 0 0 0 0 0 0 0 
P8932 2060 2 41 20 9 3 0 0 0 0 0 0 0 26 0 0 0 0 0 5 0 13 0 0 9 0 0 0 13 26 -999 -999 -999 
P8932 2060 3 28 0 0 18 6 12 0 22 0 0 0 0 4 4 0 0 5 8 0 16 0 32 37 38 0 22 43 48 57 0 0 
P8932 2060 4 32 29 0 23 17 0 18 28 52 63 30 0 0 20 0 0 16 13 16 16 0 11 16 0 0 27 0 0 12 0 -999 
P8932 2060 5 5 0 0 52 24 25 0 16 0 0 0 27 0 0 7 0 0 0 0 0 0 0 0 0 0 0 0 0 0 30 24 
P8932 2060 6 0 0 0 0 18 0 0 0 0 0 9 0 0 0 10 0 0 0 0 0 0 0 0 0 0 0 0 0 0 0 -999 
P8932 2060 7 9 0 0 0 0 0 0 0 0 0 0 0 0 0 0 18 0 22 7 0 10 0 0 0 0 19 0 0 0 0 0 
P8932 2060 8 17 0 0 0 0 0 0 14 0 0 0 0 0 0 0 0 0 0 0 0 0 16 5 7 0 19 21 0 0 0 0 
P8932 2060 9 0 0 0 0 0 0 0 0 9 0 0 13 0 17 0 0 0 0 0 13 0 0 0 7 9 0 0 15 21 0 -999 
P8932 2060 10 0 7 0 0 0 0 0 0 0 6 0 0 0 0 0 0 5 0 0 0 0 0 0 0 0 0 0 0 0 0 0 
P8932 2060 11 0 12 0 17 0 46 0 36 0 43 24 39 0 13 0 0 56 76 91 53 0 7 0 13 17 0 0 0 0 0 -999 
P8932 2060 12 12 0 18 0 23 0 52 0 0 3 0 0 0 0 0 10 15 0 0 0 8 0 23 33 21 12 22 0 0 51 0 
P8932 2061 1 21 17 24 17 0 0 42 31 0 10 0 0 0 0 0 0 0 0 0 0 16 0 10 14 11 8 0 0 0 0 4 
P8932 2061 2 0 0 13 0 8 0 0 10 23 24 31 31 18 16 18 4 2 0 0 0 0 0 0 12 22 18 23 31 -999 -999 -999 
P8932 2061 3 0 14 0 0 0 0 0 13 37 47 0 12 0 0 0 0 34 42 25 20 28 0 37 50 75 24 0 0 4 0 0 
P8932 2061 4 0 62 70 50 22 13 16 26 30 0 27 36 0 0 0 25 0 0 0 0 9 0 0 0 0 0 31 23 0 23 -999 
P8932 2061 5 21 0 11 0 0 0 0 0 0 0 0 0 16 0 0 23 25 0 0 0 0 5 0 0 0 0 0 0 0 0 21 
P8932 2061 6 0 0 0 0 8 0 0 11 0 0 0 0 0 0 27 0 0 0 0 0 0 0 0 0 0 0 0 24 0 0 -999 
P8932 2061 7 15 0 0 0 0 0 0 0 0 15 0 0 0 0 0 0 0 0 0 0 0 0 0 14 0 0 0 0 0 0 0 
P8932 2061 8 0 7 0 0 0 0 0 0 0 16 0 0 0 16 0 0 0 0 0 0 0 13 21 0 14 17 0 0 0 0 11 
P8932 2061 9 0 0 0 0 0 0 0 0 0 0 0 0 0 30 0 0 0 28 0 0 0 0 24 0 0 31 28 0 0 19 -999 
P8932 2061 10 11 10 0 0 14 0 0 0 15 0 12 0 0 0 0 0 33 23 36 0 40 0 52 80 0 8 11 0 52 24 0 
P8932 2061 11 0 0 8 0 0 17 0 0 48 62 0 15 0 6 0 29 51 29 0 0 0 0 0 7 1 0 6 30 39 0 -999 
P8932 2061 12 0 0 0 0 0 0 0 0 0 0 16 0 15 0 23 22 0 14 11 0 0 51 19 0 0 0 0 5 0 0 0 
P8932 2062 1 6 0 0 0 0 0 0 0 0 0 0 0 2 0 0 0 5 27 0 3 0 0 0 0 0 41 52 26 0 24 17 
P8932 2062 2 0 0 0 0 0 0 0 0 22 24 34 13 0 12 0 0 0 0 7 0 11 0 18 47 35 0 19 0 -999 -999 -999 
P8932 2062 3 10 0 20 39 44 16 0 0 0 18 52 73 102 185 82 29 10 17 50 0 14 0 39 16 9 10 0 0 0 0 4 
P8932 2062 4 0 0 0 0 0 11 0 0 0 17 15 13 0 4 13 25 13 0 18 0 0 0 0 0 0 0 31 41 0 61 -999 
P8932 2062 5 20 0 0 0 0 0 0 0 0 38 0 0 0 0 0 14 14 0 0 0 0 0 0 12 20 22 0 0 0 0 9 
P8932 2062 6 9 0 21 0 26 0 0 0 0 10 0 0 14 0 13 0 0 0 0 0 15 0 0 0 0 0 15 0 0 0 -999 
P8932 2062 7 0 0 20 0 0 13 0 0 0 0 0 0 0 0 0 0 0 0 0 0 0 0 0 0 0 30 0 0 0 0 0 
P8932 2062 8 0 0 0 0 0 0 0 17 0 0 14 17 0 0 0 0 0 0 0 12 0 0 0 0 0 0 0 0 0 0 0 
P8932 2062 9 0 0 14 22 0 0 0 0 0 14 0 0 0 0 0 18 0 0 0 0 0 10 0 0 0 0 16 0 0 0 -999 
P8932 2062 10 7 15 19 42 65 62 30 0 6 0 33 16 0 11 0 0 45 24 7 0 0 8 24 21 0 0 11 0 0 0 0 
P8932 2062 11 0 0 0 0 0 0 11 0 0 0 0 0 0 0 19 0 0 26 46 0 0 0 28 0 0 22 0 3 0 0 -999 
P8932 2062 12 0 24 0 0 0 0 0 0 0 0 32 40 0 0 7 0 25 74 21 0 0 0 0 0 0 0 6 9 0 11 22 
P8932 2063 1 38 34 42 31 0 48 49 75 99 37 0 19 30 0 33 56 88 60 72 38 0 63 36 21 46 49 0 0 10 42 34 
P8932 2063 2 96 0 0 0 0 21 16 0 0 26 0 31 23 0 55 73 33 0 0 0 0 0 0 0 11 0 5 0 -999 -999 -999 
P8932 2063 3 0 0 0 0 0 0 0 23 0 15 34 0 45 51 38 81 0 0 0 0 13 20 21 29 113 99 56 0 47 43 59 
P8932 2063 4 0 7 0 0 42 0 0 0 0 29 0 7 0 20 34 0 29 0 13 16 16 0 16 0 0 20 0 0 20 37 -999 
P8932 2063 5 0 35 0 0 7 0 0 2 0 0 19 25 36 35 0 18 13 0 0 18 27 0 0 0 0 0 0 0 4 0 10 
P8932 2063 6 19 0 15 24 22 0 0 0 0 0 0 0 0 0 0 0 0 30 18 0 0 0 0 0 0 0 0 0 0 21 -999 
P8932 2063 7 0 0 17 0 0 0 0 0 0 0 0 0 0 0 0 0 0 0 0 0 0 0 0 0 0 0 0 0 0 0 0 
P8932 2063 8 0 0 0 0 0 11 0 0 0 0 0 0 0 0 0 0 0 0 0 0 0 9 13 16 23 0 0 0 0 0 0 
P8932 2063 9 0 0 0 0 0 0 0 0 0 0 0 0 0 0 19 0 0 0 0 0 21 0 24 17 0 0 0 0 14 0 -999 
P8932 2063 10 0 0 0 0 0 0 0 2 0 0 0 12 26 69 0 0 0 16 14 0 15 0 0 0 19 30 0 0 0 0 0 
P8932 2063 11 0 0 0 0 0 0 0 0 0 0 0 7 0 31 0 0 8 5 9 10 0 16 6 0 0 0 9 0 0 0 -999 
P8932 2063 12 0 0 0 0 0 0 0 0 0 0 0 16 0 0 22 11 13 0 10 0 0 0 0 0 0 0 0 0 0 0 0 
P8932 2064 1 0 0 0 0 0 0 2 2 2 3 0 0 0 0 0 31 0 0 0 2 0 0 0 0 0 23 0 0 0 26 0 
P8932 2064 2 29 31 22 24 19 0 0 0 6 0 3 0 0 0 0 0 0 0 0 4 0 0 0 0 0 0 7 8 -999 -999 -999 
P8932 2064 3 13 8 0 6 13 27 28 28 35 45 33 17 19 33 51 54 0 40 29 27 35 28 0 13 0 48 25 0 15 16 0 
P8932 2064 4 0 0 0 60 36 0 0 0 0 18 0 27 20 0 26 29 22 17 18 20 0 0 28 40 0 0 0 0 19 26 -999 
P8932 2064 5 26 0 16 11 21 35 0 27 0 0 0 9 0 0 0 0 0 0 13 0 0 0 0 0 22 12 0 0 10 0 0 
P8932 2064 6 0 0 0 0 0 0 0 18 0 0 0 0 0 0 0 0 13 0 0 0 8 0 0 12 0 0 0 0 0 0 -999 
P8932 2064 7 0 0 19 0 10 0 0 0 0 0 0 0 0 0 0 0 0 0 0 0 0 0 0 0 0 0 0 0 23 0 0 
P8932 2064 8 0 0 0 0 0 0 0 0 0 0 0 0 13 0 0 0 0 7 0 0 12 0 0 0 0 0 0 0 0 0 0 
P8932 2064 9 0 0 0 0 0 10 7 0 0 0 0 0 0 0 0 0 0 0 0 17 0 30 22 0 0 0 0 11 0 0 -999 
P8932 2064 10 0 0 0 15 0 15 0 0 0 0 0 0 0 0 0 0 0 5 0 0 10 7 0 0 0 17 0 15 6 32 0 
P8932 2064 11 10 0 12 19 39 0 0 0 4 0 0 16 0 62 52 10 0 0 0 0 11 0 0 0 0 0 0 0 13 0 -999 
P8932 2064 12 13 19 0 0 0 40 0 84 115 61 19 0 0 19 0 18 15 0 0 11 0 9 0 0 5 6 0 0 0 0 0 
P8932 2065 1 0 0 0 5 0 0 0 0 17 0 0 0 22 44 0 0 0 0 5 0 0 0 0 0 0 0 0 0 14 0 20 
P8932 2065 2 22 0 0 0 0 0 0 0 8 3 9 30 0 62 78 55 66 61 55 85 0 0 0 0 0 0 10 7 -999 -999 -999 
P8932 2065 3 0 0 0 0 0 0 0 6 0 18 0 0 0 0 0 4 0 18 0 10 5 11 12 0 34 44 0 33 10 12 0 
P8932 2065 4 10 8 0 0 14 40 0 0 0 0 0 0 18 0 0 0 14 0 0 0 6 0 0 0 0 0 0 13 0 19 -999 
P8932 2065 5 0 0 0 0 9 9 0 8 0 0 0 12 0 12 0 0 13 0 0 0 36 0 0 0 0 0 0 0 0 0 0 
P8932 2065 6 0 0 0 0 14 15 0 18 0 17 0 9 10 0 17 0 0 0 0 0 0 0 0 0 0 0 0 0 0 0 -999 
P8932 2065 7 0 0 0 21 0 9 0 0 0 0 0 0 0 0 0 0 0 0 0 0 0 0 0 0 0 0 0 0 18 0 0 
P8932 2065 8 0 0 0 25 0 0 0 0 18 21 0 0 0 0 0 0 0 12 17 0 11 6 9 0 0 0 0 0 0 0 0 
P8932 2065 9 0 0 0 0 7 0 0 0 0 0 0 0 0 0 0 0 8 0 0 0 0 0 0 0 19 0 14 0 8 0 -999 
P8932 2065 10 0 0 0 0 17 34 28 22 37 21 14 0 14 12 36 0 10 0 0 0 30 0 37 83 35 27 58 0 0 0 0 
P8932 2065 11 24 0 0 0 0 0 11 0 0 0 0 0 0 0 0 0 0 0 0 18 47 66 16 0 15 0 24 41 0 0 -999 
P8932 2065 12 15 0 8 0 0 0 0 0 0 0 31 77 34 0 0 15 0 17 34 57 42 83 68 114 85 131 88 0 0 0 0 
P8932 2066 1 0 0 0 4 0 9 0 22 30 39 59 98 55 29 50 33 0 0 64 0 11 41 50 0 0 0 0 6 0 6 0 
P8932 2066 2 0 0 0 15 15 19 0 25 43 28 0 0 13 15 3 0 0 0 7 11 19 18 14 11 62 98 41 44 -999 -999 -999 
P8932 2066 3 39 21 7 3 0 0 30 8 0 0 0 5 0 0 0 0 0 0 0 0 0 0 0 0 14 26 0 0 0 0 0 
P8932 2066 4 27 29 11 0 0 0 0 24 11 0 10 10 26 27 0 26 30 18 0 18 0 11 13 0 0 33 36 0 63 0 -999 
P8932 2066 5 0 6 0 0 0 0 0 31 31 17 0 0 0 8 0 0 3 0 34 14 0 0 0 0 7 0 0 11 0 0 7 
P8932 2066 6 0 0 0 0 0 0 0 7 0 0 0 0 0 0 23 0 0 0 0 0 0 0 0 0 0 0 0 0 0 0 -999 
P8932 2066 7 0 0 0 0 0 0 15 0 0 0 0 0 0 0 0 0 0 0 0 9 0 0 0 14 0 0 18 0 0 0 0 
P8932 2066 8 0 0 0 0 0 0 0 0 9 0 0 0 12 0 16 23 0 0 0 9 10 0 16 16 0 0 0 0 0 0 0 
P8932 2066 9 0 0 0 0 0 10 5 7 0 0 0 20 13 0 0 0 0 0 0 0 0 19 0 28 0 0 0 0 0 19 -999 
P8932 2066 10 19 24 0 0 0 0 0 0 0 0 0 0 8 0 0 17 0 0 0 10 22 0 0 0 0 9 13 0 0 0 8 
P8932 2066 11 0 0 0 20 35 28 0 24 33 0 0 0 40 0 0 11 0 0 2 0 0 0 0 5 5 0 0 0 0 0 -999 
P8932 2066 12 0 0 0 0 0 0 0 0 0 13 0 17 16 57 101 106 138 157 84 49 43 26 14 11 0 11 10 16 0 36 79 
P8932 2067 1 0 67 51 11 0 0 15 0 0 0 27 33 30 0 41 40 53 45 36 117 89 127 0 61 101 73 145 51 0 23 0 
P8932 2067 2 41 21 64 30 0 9 0 48 17 35 65 20 0 84 68 8 9 0 110 79 58 29 18 8 0 62 62 15 -999 -999 -999 
P8932 2067 3 0 0 21 0 0 3 0 0 11 23 29 29 0 22 0 3 0 0 11 16 0 14 16 0 8 0 0 0 9 7 0 
P8932 2067 4 0 0 0 0 0 0 0 0 0 0 0 11 0 0 41 0 18 28 28 23 0 0 0 40 0 0 0 0 0 16 -999 
P8932 2067 5 0 28 27 19 31 0 0 8 0 26 0 0 0 0 0 0 0 25 0 31 0 0 0 0 0 19 16 13 0 23 0 
P8932 2067 6 17 0 35 0 0 6 16 0 0 0 0 26 19 0 0 0 0 0 0 5 0 0 0 5 0 10 0 0 0 0 -999 
P8932 2067 7 0 0 0 0 0 0 0 0 0 0 0 0 0 0 0 0 0 0 5 0 0 18 0 0 0 0 14 0 14 0 0 
P8932 2067 8 6 0 13 0 0 0 0 0 12 18 0 12 0 0 0 0 0 0 0 0 0 0 0 0 0 0 0 0 0 0 13 
P8932 2067 9 0 0 10 0 11 0 0 0 0 10 13 0 13 0 29 0 8 0 3 0 5 0 9 0 0 0 0 0 0 11 -999 
P8932 2067 10 13 0 9 0 0 0 0 10 0 0 0 14 0 18 0 0 0 7 0 0 4 0 0 10 0 6 6 0 0 0 19 
P8932 2067 11 26 21 7 0 18 16 29 0 0 0 0 0 0 0 0 0 0 0 0 0 0 4 12 21 28 0 0 0 10 24 -999 
P8932 2067 12 19 14 0 26 39 15 5 13 25 6 0 0 0 0 0 0 0 0 0 0 2 0 0 0 0 18 72 0 65 0 24 
P8932 2068 1 0 5 5 9 23 53 85 20 20 4 0 0 0 0 0 0 0 0 0 0 0 0 0 11 0 46 29 17 0 0 0 
P8932 2068 2 13 0 0 0 17 0 39 33 0 0 23 0 0 0 0 0 0 0 0 0 13 0 0 29 11 11 0 39 -999 -999 -999 
P8932 2068 3 16 0 31 0 90 101 0 19 41 0 0 14 0 14 0 16 53 76 32 12 0 36 72 0 9 0 10 6 0 0 48 
P8932 2068 4 41 35 0 9 0 7 0 48 59 33 22 0 25 19 13 0 0 0 0 0 0 12 0 27 10 0 16 17 14 11 -999 
P8932 2068 5 0 21 27 21 0 26 0 0 0 21 0 0 50 40 25 23 0 22 25 23 0 0 9 0 0 19 0 21 0 0 0 
P8932 2068 6 33 25 0 0 0 12 17 0 0 0 0 0 0 0 0 0 23 0 0 0 0 0 10 0 0 0 0 0 0 0 -999 
P8932 2068 7 0 0 6 0 0 0 0 0 0 0 0 0 0 0 0 0 0 0 0 0 0 0 9 0 0 7 0 0 9 0 0 
P8932 2068 8 0 0 0 5 0 0 0 0 0 0 8 0 11 0 0 0 0 0 0 0 0 0 0 0 0 0 0 9 0 0 0 
P8932 2068 9 0 0 0 0 0 0 0 12 0 0 58 0 0 10 0 0 0 0 0 7 0 0 0 0 0 0 0 0 0 0 -999 
P8932 2068 10 0 0 0 0 0 0 0 0 7 14 31 17 9 9 0 0 0 6 5 0 0 10 0 0 0 0 0 0 0 0 0 
P8932 2068 11 11 0 0 18 0 0 0 0 0 0 0 0 0 0 0 0 0 0 0 20 0 23 0 0 0 0 0 0 0 0 -999 
P8932 2068 12 0 0 0 0 0 0 23 47 54 38 0 0 25 104 65 42 0 0 0 19 0 0 18 19 0 53 18 0 19 18 0 
P8932 2069 1 27 43 58 0 0 1 0 0 0 0 0 0 0 0 0 0 6 0 0 4 0 0 0 0 0 0 0 0 34 0 0 
P8932 2069 2 0 0 0 0 0 0 0 42 75 16 0 0 0 13 0 0 0 0 0 0 29 31 0 0 0 0 0 0 -999 -999 -999 
P8932 2069 3 38 12 24 21 19 0 7 0 0 0 0 18 0 0 0 0 0 0 0 0 0 0 11 0 26 31 39 40 34 0 56 
P8932 2069 4 27 34 31 0 18 15 23 0 0 0 0 0 15 14 0 13 0 0 0 0 0 17 0 0 33 41 0 0 0 0 -999 
P8932 2069 5 0 9 10 0 0 0 0 10 0 17 21 0 25 0 0 0 51 34 31 34 42 23 0 0 0 0 0 0 0 12 0 
P8932 2069 6 0 0 11 0 0 0 0 0 20 0 0 0 0 0 0 0 0 0 0 0 0 0 21 25 0 0 0 0 9 0 -999 
P8932 2069 7 0 0 0 0 0 0 0 0 0 0 0 0 0 0 0 0 0 0 0 0 0 0 0 8 0 0 0 0 0 0 0 
P8932 2069 8 0 0 0 0 0 8 0 12 0 0 0 0 0 0 0 0 0 0 0 0 14 14 0 0 0 0 0 0 0 0 0 
P8932 2069 9 0 0 0 0 0 0 0 0 0 11 0 0 0 0 0 19 0 0 0 0 0 8 0 0 0 0 0 0 21 0 -999 
P8932 2069 10 0 0 0 0 17 0 0 17 0 4 0 16 11 13 22 33 24 28 54 44 36 19 0 0 9 21 44 62 60 59 9 
P8932 2069 11 13 13 19 45 0 0 40 59 54 0 8 0 29 0 0 0 0 0 0 10 0 0 12 0 0 0 0 0 11 0 -999 
P8932 2069 12 0 0 0 0 0 0 0 0 13 6 0 10 0 11 0 25 0 11 11 0 0 0 28 7 0 0 0 20 0 0 0 
P8932 2070 1 0 0 22 0 0 0 54 71 80 40 0 0 11 0 0 0 0 0 5 0 0 4 0 0 0 0 0 0 0 0 0 
P8932 2070 2 27 0 13 0 0 0 0 0 0 14 19 0 9 0 0 10 0 0 0 19 0 0 36 54 52 44 69 36 -999 -999 -999 
P8932 2070 3 0 0 0 0 0 0 0 8 0 0 27 19 0 0 69 43 28 43 74 66 97 76 0 37 26 0 0 25 27 25 0 
P8932 2070 4 14 0 25 28 13 10 0 0 0 28 23 0 0 0 35 0 31 40 0 0 0 0 36 24 24 18 36 0 21 0 -999 
P8932 2070 5 0 0 0 61 46 44 26 0 0 22 0 0 0 0 0 0 26 0 24 0 0 0 19 0 15 0 0 6 0 0 0 
P8932 2070 6 0 0 20 0 0 0 0 0 0 0 0 15 0 0 0 0 0 0 0 0 0 0 0 0 0 0 0 0 0 0 -999 
P8932 2070 7 20 0 0 0 5 8 0 0 0 0 0 0 0 0 0 0 0 0 0 0 10 0 0 0 0 0 0 0 0 0 0 
P8932 2070 8 0 0 0 19 21 0 0 9 0 0 10 0 0 10 0 9 12 0 0 13 0 14 0 0 14 0 0 0 0 0 0 
P8932 2070 9 15 21 0 0 15 0 0 0 0 0 0 0 0 0 13 0 14 0 14 0 0 0 0 0 0 14 0 0 0 18 -999 
P8932 2070 10 29 0 0 0 0 0 16 0 22 0 22 0 0 26 0 0 47 78 52 9 6 0 0 0 0 0 0 0 0 0 0 
P8932 2070 11 0 0 0 0 0 5 0 6 0 7 5 0 5 0 0 0 0 16 0 9 18 29 17 0 0 0 0 53 54 19 -999 
P8932 2070 12 0 41 22 13 0 0 9 0 0 0 55 0 28 24 14 10 28 0 19 33 0 46 63 13 0 33 12 0 0 74 43 
P8932 2071 1 12 8 10 14 0 0 0 0 17 34 0 22 29 22 0 0 33 42 0 0 25 0 13 0 0 23 36 19 0 16 0 
P8932 2071 2 0 15 0 16 0 51 39 0 25 47 60 56 0 10 16 0 0 36 0 26 0 0 0 11 12 15 0 0 -999 -999 -999 
P8932 2071 3 11 10 0 0 21 21 34 25 18 25 30 26 13 27 26 0 17 0 26 0 0 0 0 0 0 0 0 0 0 0 16 
P8932 2071 4 0 78 64 51 18 0 0 0 0 0 8 15 0 0 0 0 15 15 0 30 35 65 55 46 58 41 0 24 24 0 -999 
P8932 2071 5 23 24 0 0 41 49 47 36 37 0 14 0 0 10 12 17 0 0 13 0 15 17 0 20 0 0 15 0 0 0 0 
P8932 2071 6 0 20 0 0 0 0 0 0 25 28 0 0 35 39 41 12 0 0 16 0 0 16 0 0 9 0 0 0 0 0 -999 
P8932 2071 7 0 0 0 0 0 0 0 0 0 0 0 0 0 0 0 0 0 0 0 0 0 0 0 11 0 0 0 0 0 0 0 
P8932 2071 8 0 0 0 0 0 0 0 0 0 19 13 0 0 6 0 9 0 0 0 0 14 0 0 0 0 21 34 0 0 0 0 
P8932 2071 9 14 0 0 0 0 0 9 0 0 0 13 0 0 0 0 0 0 0 0 0 0 0 0 0 12 0 0 0 23 0 -999 
P8932 2071 10 5 4 14 0 0 0 0 13 0 21 0 0 0 13 0 36 0 0 0 0 0 28 31 14 7 0 12 0 28 21 0 
P8932 2071 11 0 47 66 68 38 16 0 0 6 0 0 4 0 0 0 0 23 13 0 0 34 28 14 25 28 28 5 0 0 0 -999 
P8932 2071 12 0 0 0 21 23 81 77 89 0 95 0 89 57 45 0 0 0 44 21 17 0 2 36 80 39 83 39 0 0 0 0 
P8932 2072 1 22 19 10 0 0 21 13 0 0 18 0 0 0 0 0 0 10 0 0 19 31 0 15 14 0 0 43 0 21 0 17 
P8932 2072 2 37 34 48 0 0 19 0 14 11 0 0 0 0 0 0 0 0 10 40 29 22 18 0 0 0 10 10 0 -999 -999 -999 
P8932 2072 3 5 0 0 5 6 0 0 0 0 0 0 0 0 9 11 0 18 0 0 25 0 0 22 31 0 0 34 0 44 38 0 
P8932 2072 4 15 0 11 0 25 0 0 0 0 0 0 0 0 0 0 0 6 0 5 0 35 26 36 0 0 0 0 0 0 21 -999 
P8932 2072 5 0 0 13 8 0 0 0 0 13 0 0 0 22 0 0 0 0 0 0 0 20 0 13 0 0 16 0 0 28 24 15 
P8932 2072 6 9 0 0 0 0 38 0 0 22 0 18 30 0 0 14 27 0 0 0 0 0 13 0 0 0 0 0 0 0 0 -999 
P8932 2072 7 0 0 0 0 0 0 0 0 0 0 0 0 11 0 0 0 0 0 0 10 0 5 0 0 0 0 0 0 0 0 0 
P8932 2072 8 0 0 0 0 0 0 0 0 0 0 16 0 0 0 0 0 0 0 0 16 0 0 6 0 0 0 0 0 0 0 0 
P8932 2072 9 0 0 0 11 0 0 0 0 0 0 0 0 0 0 0 0 0 0 11 0 30 0 0 0 27 41 24 0 0 0 -999 
P8932 2072 10 0 7 0 0 0 14 0 0 0 0 0 0 17 0 0 24 21 21 0 0 0 11 0 5 0 0 15 0 0 0 0 
P8932 2072 11 0 11 19 28 9 42 0 0 9 19 38 0 21 69 0 0 0 0 0 17 10 0 0 0 0 0 33 0 0 0 -999 
P8932 2072 12 0 0 20 0 8 7 0 0 0 0 0 0 0 0 11 0 0 0 43 0 124 46 19 17 44 70 18 6 8 20 0 
P8932 2073 1 0 0 0 0 0 0 0 0 6 0 3 0 0 0 8 13 11 0 0 31 27 20 0 8 0 14 10 0 0 0 0 
P8932 2073 2 25 50 58 38 0 30 0 0 9 0 0 0 0 0 23 0 0 8 16 0 0 0 0 0 0 0 0 0 -999 -999 -999 
P8932 2073 3 68 61 0 0 0 0 21 23 35 0 22 17 21 22 0 21 0 14 0 26 41 0 0 13 33 23 69 83 124 44 19 
P8932 2073 4 19 0 0 0 16 0 41 0 15 23 0 32 0 0 22 13 0 0 13 20 25 21 0 64 63 59 31 25 12 9 -999 
P8932 2073 5 0 0 0 11 13 17 0 13 0 4 0 14 0 76 58 49 40 0 0 0 0 0 9 11 0 0 0 0 0 0 0 
P8932 2073 6 0 0 0 0 0 0 0 0 0 0 0 0 0 0 0 0 0 0 0 0 0 0 0 0 10 0 0 0 0 0 -999 
P8932 2073 7 0 0 0 0 0 0 8 0 0 0 0 0 0 0 0 0 0 0 12 0 0 0 0 0 0 0 0 0 13 0 0 
P8932 2073 8 9 0 0 0 0 0 0 0 10 0 0 0 0 0 0 0 17 0 0 0 0 0 0 0 0 0 0 0 0 0 0 
P8932 2073 9 0 0 0 10 0 0 0 0 0 0 0 0 0 13 0 30 0 0 0 0 0 0 0 0 20 0 7 0 13 0 -999 
P8932 2073 10 0 0 0 0 0 0 0 28 32 7 10 0 0 0 0 6 0 0 0 0 7 0 0 0 3 4 0 0 0 0 17 
P8932 2073 11 0 25 12 0 6 0 0 0 10 0 0 0 0 0 22 43 0 18 57 73 74 69 30 0 23 33 23 0 6 3 -999 
P8932 2073 12 0 0 0 0 0 0 14 0 0 0 0 18 0 19 0 0 0 0 0 37 0 13 0 0 19 8 0 27 90 63 164 
P8932 2074 1 140 0 29 100 131 133 59 0 42 54 37 34 28 12 7 0 0 0 0 0 0 0 0 0 0 8 0 0 0 0 2 
P8932 2074 2 0 0 0 0 7 0 0 0 9 0 25 23 0 42 26 26 56 37 16 21 16 0 0 10 14 57 81 114 -999 -999 -999 
P8932 2074 3 95 25 9 0 14 39 0 45 24 20 15 0 28 0 0 0 0 0 0 0 24 50 0 41 0 13 1 0 9 0 23 
P8932 2074 4 21 0 0 19 0 0 7 0 25 20 0 0 18 50 0 60 19 20 38 48 25 0 0 0 8 12 0 19 22 0 -999 
P8932 2074 5 0 0 0 19 0 0 13 0 0 0 40 60 43 32 37 20 24 29 18 15 25 25 3 0 0 0 0 0 0 0 0 
P8932 2074 6 0 0 0 0 22 0 0 0 13 0 0 0 0 5 0 0 9 0 18 0 6 0 0 0 14 0 0 15 0 0 -999 
P8932 2074 7 10 0 0 0 12 0 0 0 0 0 0 0 0 0 0 0 0 0 0 0 0 0 0 11 0 0 10 0 0 0 0 
P8932 2074 8 0 0 0 0 0 0 0 0 0 0 5 0 0 0 0 0 0 0 0 0 0 0 11 0 11 0 0 0 0 0 8 
P8932 2074 9 0 0 0 0 0 0 0 0 0 11 0 0 0 0 0 0 0 0 0 8 0 0 0 0 0 0 0 0 0 0 -999 
P8932 2074 10 0 0 0 0 12 0 11 0 0 0 0 0 0 0 0 0 12 0 16 0 24 35 0 0 0 2 0 0 0 20 7 
P8932 2074 11 0 0 0 0 0 9 0 0 0 0 0 0 0 0 0 13 0 0 19 0 0 0 10 26 0 0 10 0 12 5 -999 
P8932 2074 12 0 0 0 0 0 0 0 0 11 12 39 56 45 20 17 6 0 0 8 12 0 0 0 0 5 0 1 7 0 38 15 
P8932 2075 1 0 0 0 0 0 0 0 5 13 19 0 0 0 14 0 37 11 0 0 0 0 0 0 0 0 0 0 0 0 0 0 
P8932 2075 2 0 0 0 0 36 50 57 53 84 36 62 93 100 19 0 5 4 0 0 32 23 0 0 21 0 0 17 0 -999 -999 -999 
P8932 2075 3 0 38 40 0 0 23 9 0 0 8 0 7 0 0 8 10 14 19 28 24 16 37 38 62 70 0 0 0 0 0 0 
P8932 2075 4 12 0 0 24 0 53 81 133 123 48 16 9 0 11 0 3 0 0 36 57 48 35 0 0 0 0 0 0 0 0 -999 
P8932 2075 5 0 28 0 0 0 13 16 12 0 0 0 26 16 0 0 0 0 0 0 0 0 0 18 0 0 0 0 0 0 0 13 
P8932 2075 6 0 0 31 27 0 12 0 0 0 0 25 18 0 13 8 0 0 0 0 0 0 0 0 7 8 0 0 0 0 0 -999 
P8932 2075 7 0 9 0 11 0 14 0 12 0 0 0 0 0 0 0 0 17 0 0 0 0 0 0 0 0 0 0 0 0 0 0 
P8932 2075 8 10 0 0 0 0 0 14 0 0 0 0 0 0 0 11 0 0 0 0 0 0 0 0 10 0 0 0 0 0 0 0 
P8932 2075 9 0 0 15 20 0 0 8 0 0 0 0 0 0 0 0 4 0 0 0 0 0 0 0 8 13 15 11 12 0 0 -999 
P8932 2075 10 0 22 24 0 24 0 23 55 66 34 13 0 0 0 10 0 0 12 0 0 0 4 0 0 0 0 0 0 0 32 34 
P8932 2075 11 13 11 0 0 0 42 0 0 11 0 0 0 0 0 66 63 0 20 0 0 25 39 29 0 0 4 0 0 0 0 -999 
P8932 2075 12 0 0 35 37 31 18 0 41 46 0 17 20 0 15 0 0 0 18 15 7 0 0 0 0 0 0 0 0 0 0 0 
P8932 2076 1 0 4 0 0 0 0 0 6 0 0 0 0 0 5 0 0 0 0 0 0 0 0 0 0 0 0 0 0 0 0 0 
P8932 2076 2 42 38 0 0 0 3 0 0 4 0 0 0 0 0 0 9 8 7 9 21 33 10 4 0 0 0 0 0 -999 -999 -999 
P8932 2076 3 0 17 16 0 0 0 0 35 0 48 45 0 0 0 0 0 0 0 0 11 0 0 31 28 0 0 18 0 5 0 0 
P8932 2076 4 6 0 0 0 0 0 0 15 0 0 0 22 0 28 58 50 0 0 39 29 22 0 0 0 0 38 39 0 0 0 -999 
P8932 2076 5 22 43 0 25 18 14 13 0 6 5 9 10 0 49 26 23 0 20 0 0 0 0 0 0 0 10 0 0 0 8 13 
P8932 2076 6 0 18 0 0 0 0 0 0 0 0 0 0 0 0 0 0 0 0 0 0 0 18 0 10 0 0 0 0 0 0 -999 
P8932 2076 7 0 0 0 0 0 0 16 10 0 0 0 0 0 0 0 0 0 0 0 0 0 0 0 0 0 0 0 0 0 0 0 
P8932 2076 8 0 0 0 0 0 0 0 0 0 17 0 0 0 0 0 0 0 0 0 0 0 0 0 0 0 0 0 0 0 26 26 
P8932 2076 9 29 15 9 0 0 0 0 0 7 0 0 0 18 0 0 0 0 6 0 0 0 0 21 0 0 0 0 11 0 0 -999 
P8932 2076 10 0 0 0 0 0 0 0 0 0 0 8 0 0 0 0 0 0 0 0 0 0 0 0 0 0 0 0 39 43 0 0 
P8932 2076 11 11 0 0 0 0 0 5 0 0 14 0 0 25 0 11 0 0 20 0 31 34 46 41 0 0 4 0 65 34 22 -999 
P8932 2076 12 0 9 0 0 3 1 0 24 49 46 45 58 32 15 0 25 0 0 0 0 0 0 3 0 0 0 17 23 0 6 0 
P8932 2077 1 0 0 0 0 0 0 0 6 28 0 0 0 8 4 0 0 0 0 0 0 0 0 0 6 7 5 0 0 0 0 16 
P8932 2077 2 0 0 18 38 34 11 29 29 0 39 20 0 7 12 20 37 54 77 105 48 29 10 0 15 25 23 0 0 -999 -999 -999 
P8932 2077 3 0 0 14 0 29 53 66 0 24 33 31 0 15 11 10 0 16 0 0 23 0 41 49 50 27 0 0 5 0 0 0 
P8932 2077 4 0 0 0 0 0 4 0 0 0 0 8 0 0 17 21 0 0 0 24 24 0 0 0 0 0 22 44 20 0 0 -999 
P8932 2077 5 0 0 38 16 0 0 15 29 32 0 37 12 0 0 0 0 0 20 14 0 0 14 0 0 0 0 16 0 0 0 13 
P8932 2077 6 0 26 0 0 0 28 0 0 0 16 0 0 0 0 0 0 9 0 9 0 0 0 0 0 20 0 0 0 22 0 -999 
P8932 2077 7 0 0 0 0 0 0 0 0 0 0 0 0 0 16 0 20 0 0 0 10 0 13 16 0 0 0 0 0 0 0 0 
P8932 2077 8 0 0 0 0 0 0 19 0 0 0 0 21 0 0 0 0 9 13 0 0 0 0 0 0 0 0 0 0 0 0 0 
P8932 2077 9 0 21 0 20 0 0 0 10 18 0 0 0 0 0 16 0 0 9 0 0 0 0 17 0 0 0 0 0 0 0 -999 
P8932 2077 10 0 0 0 0 4 0 0 13 15 0 11 10 0 3 0 0 0 0 0 0 16 0 40 48 18 0 0 0 23 15 0 
P8932 2077 11 0 22 18 13 11 0 0 18 58 0 43 0 0 19 0 0 0 13 0 0 27 0 0 35 17 0 0 0 0 0 -999 
P8932 2077 12 21 38 50 0 24 38 0 97 18 19 71 0 0 0 0 0 0 0 0 0 0 0 0 0 0 18 24 35 0 0 25 
P8932 2078 1 71 92 106 0 46 68 26 15 53 44 31 22 53 0 0 0 29 0 14 0 10 0 7 0 0 0 0 0 0 5 2 
P8932 2078 2 0 0 0 0 0 0 0 0 0 0 0 0 0 0 0 6 0 8 0 15 0 0 0 16 42 80 36 0 -999 -999 -999 
P8932 2078 3 0 0 20 24 0 0 21 46 49 0 11 10 16 23 62 63 74 95 81 111 81 55 0 51 39 38 32 0 0 0 17 
P8932 2078 4 0 37 14 0 0 23 28 27 20 22 33 30 34 0 0 21 20 14 0 0 0 0 0 0 0 0 0 8 0 0 -999 
P8932 2078 5 0 71 38 24 0 0 0 0 0 0 0 0 0 0 0 0 0 37 0 0 6 0 5 0 0 0 14 19 0 0 0 
P8932 2078 6 27 0 0 0 0 0 0 0 0 0 0 0 8 0 0 0 0 0 0 0 0 0 0 0 0 0 0 0 0 0 -999 
P8932 2078 7 0 0 0 0 0 0 0 0 0 0 0 0 0 0 0 0 0 0 0 0 0 0 0 0 0 0 0 0 0 0 0 
P8932 2078 8 0 0 0 0 0 8 0 0 0 0 0 0 0 0 0 0 0 0 0 0 22 0 0 0 0 0 0 0 0 14 0 
P8932 2078 9 0 0 0 0 0 0 0 0 0 5 0 0 0 0 0 13 0 16 0 0 12 0 0 0 0 0 0 0 0 4 -999 
P8932 2078 10 0 0 0 0 0 7 7 0 0 0 0 0 0 0 27 0 0 0 0 24 52 13 7 12 0 0 3 7 13 19 13 
P8932 2078 11 29 0 0 0 15 14 0 0 0 0 0 0 0 0 19 0 26 41 0 0 0 8 0 5 6 0 0 0 0 4 -999 
P8932 2078 12 7 7 0 0 7 6 0 0 8 0 37 40 14 13 0 7 0 0 7 0 0 0 13 0 0 44 120 120 37 102 144 
P8932 2079 1 61 8 15 29 0 0 0 0 0 0 0 4 0 0 0 0 0 0 0 0 0 6 0 1 0 0 0 0 0 0 0 
P8932 2079 2 0 11 0 0 0 0 0 0 0 0 0 0 0 3 0 0 0 0 3 3 0 0 0 0 24 11 8 0 -999 -999 -999 
P8932 2079 3 19 0 15 0 23 25 10 8 0 7 0 0 0 0 5 0 0 0 0 6 0 0 8 0 9 0 14 0 0 0 0 
P8932 2079 4 0 17 0 28 29 16 0 24 21 14 11 0 20 27 40 0 0 0 0 0 32 0 20 34 0 0 0 8 0 0 -999 
P8932 2079 5 0 21 15 0 31 0 14 0 0 0 22 18 0 0 0 0 5 0 0 0 0 0 0 9 0 0 0 0 0 0 0 
P8932 2079 6 0 13 0 9 0 0 29 0 0 0 0 0 0 0 0 0 0 0 5 0 0 0 0 0 0 0 0 0 22 10 -999 
P8932 2079 7 0 0 0 0 0 0 0 0 0 13 0 0 0 0 0 0 0 0 7 0 0 0 0 0 0 0 0 0 0 0 0 
P8932 2079 8 0 0 0 0 0 0 0 0 0 0 9 0 0 0 0 0 0 0 14 0 0 0 0 0 0 0 0 11 0 0 0 
P8932 2079 9 0 0 0 0 0 0 0 8 4 0 15 0 17 0 0 0 0 0 0 0 10 0 0 0 0 0 0 0 0 0 -999 
P8932 2079 10 10 0 0 0 0 9 0 0 0 0 0 0 0 0 0 0 0 0 0 34 0 0 0 0 0 23 0 0 0 0 16 
P8932 2079 11 25 20 0 0 35 42 51 25 11 4 9 0 0 30 0 36 0 43 27 0 12 0 21 0 37 0 0 0 0 0 -999 
P8932 2079 12 14 46 75 42 18 29 0 5 2 2 0 3 0 0 0 0 0 0 0 1 0 0 0 0 0 0 6 6 0 10 0 
P8932 2080 1 7 0 0 0 0 5 0 0 0 0 0 0 0 0 0 0 0 0 0 0 0 0 0 0 0 0 0 0 40 0 0 
P8932 2080 2 0 5 7 13 30 0 27 0 57 70 82 60 62 29 8 0 0 19 57 77 83 29 0 0 0 0 8 19 -999 -999 -999 
P8932 2080 3 28 0 11 23 30 0 39 49 131 147 85 58 0 0 0 0 3 0 0 0 0 0 0 0 0 0 0 0 0 25 28 
P8932 2080 4 0 9 0 0 0 9 16 0 0 0 40 63 0 0 0 0 0 0 0 27 33 0 0 0 0 0 0 0 18 0 -999 
P8932 2080 5 0 0 19 22 24 0 22 20 22 19 0 30 25 0 0 0 24 0 0 0 29 23 22 0 0 17 0 25 0 0 0 
P8932 2080 6 0 0 0 0 37 35 14 0 0 0 0 0 0 0 13 32 0 0 0 0 0 0 0 14 0 0 0 0 0 0 -999 
P8932 2080 7 0 0 0 0 0 0 0 0 0 0 0 0 0 0 0 0 0 0 0 21 0 0 0 0 0 0 0 0 0 0 0 
P8932 2080 8 0 0 0 0 0 0 0 0 0 14 0 0 0 0 0 10 0 0 0 0 0 0 0 0 0 0 0 0 0 17 0 
P8932 2080 9 0 0 0 0 0 0 0 0 0 0 0 0 0 0 0 0 0 0 0 0 0 0 8 0 13 0 0 0 0 0 -999 
P8932 2080 10 0 0 27 0 55 50 0 48 34 31 15 29 44 24 40 0 0 0 5 0 12 0 0 0 9 0 0 9 9 0 0 
P8932 2080 11 36 30 0 21 33 29 10 0 18 0 0 0 0 0 0 0 0 18 15 13 10 0 7 0 0 14 12 6 13 27 -999 
P8932 2080 12 33 28 54 0 53 43 49 0 24 0 4 0 0 22 14 0 0 0 0 0 0 0 0 0 0 0 23 0 17 0 0 
P8932 2081 1 63 53 143 70 50 9 2 2 0 0 0 0 12 23 0 0 0 8 16 0 73 43 39 0 0 36 0 0 23 0 0 
P8932 2081 2 0 6 0 0 22 36 44 32 20 11 5 3 0 6 0 8 0 14 16 24 26 10 0 78 43 14 11 18 -999 -999 -999 
P8932 2081 3 22 19 0 46 0 19 0 15 0 43 25 0 28 27 33 23 39 94 0 70 45 78 70 45 14 0 0 17 36 44 59 
P8932 2081 4 78 25 0 0 19 0 0 0 22 24 43 12 9 0 27 39 8 0 18 0 0 25 39 43 0 0 13 0 0 45 -999 
P8932 2081 5 59 46 29 0 38 0 0 0 41 65 38 17 0 0 40 29 0 0 8 0 0 0 0 12 0 12 0 0 0 0 0 
P8932 2081 6 0 13 0 0 0 10 0 9 0 0 0 0 0 0 0 0 0 20 0 19 8 0 0 0 0 0 0 0 0 0 -999 
P8932 2081 7 0 0 0 0 11 0 0 0 0 0 0 0 0 27 0 0 0 0 0 0 0 0 0 0 0 0 0 0 0 20 0 
P8932 2081 8 0 0 7 0 0 15 0 0 0 0 0 0 0 0 0 12 0 12 0 0 0 0 0 0 0 0 0 0 0 23 0 
P8932 2081 9 10 0 0 0 10 0 0 0 0 0 0 0 0 0 0 0 0 24 21 11 0 0 0 0 0 12 0 0 0 0 -999 
P8932 2081 10 0 0 0 26 33 0 0 0 11 20 30 0 24 18 0 7 0 0 0 0 0 0 0 8 0 0 0 0 0 0 9 
P8932 2081 11 0 0 27 64 0 0 0 0 0 0 0 0 0 0 0 37 98 96 74 0 0 5 0 8 0 0 0 6 28 49 -999 
P8932 2081 12 25 0 28 0 0 89 72 69 62 0 26 64 99 78 38 28 23 0 11 9 0 0 13 0 0 0 19 0 0 0 0 
P8932 2082 1 17 17 0 0 12 0 14 0 0 0 0 29 0 22 0 0 31 47 0 14 32 0 51 27 33 35 64 30 0 3 0 
P8932 2082 2 0 0 0 0 0 1 0 0 0 0 0 0 0 22 4 0 3 12 14 16 14 8 0 13 29 42 29 0 -999 -999 -999 
P8932 2082 3 25 33 0 0 40 15 10 0 19 0 7 0 6 0 0 0 0 0 21 0 0 9 0 28 33 0 13 11 41 33 0 
P8932 2082 4 13 0 0 0 17 0 0 47 32 0 0 0 17 0 0 25 0 17 0 0 11 14 15 18 0 0 3 0 0 20 -999 
P8932 2082 5 0 19 0 0 10 0 22 0 0 17 17 9 0 36 20 0 18 0 14 0 0 0 0 0 0 0 0 0 0 0 0 
P8932 2082 6 33 0 0 0 0 0 0 0 0 0 0 0 21 0 11 0 0 0 21 0 0 0 0 0 0 0 0 0 22 0 -999 
P8932 2082 7 0 17 0 0 13 0 0 0 0 0 0 0 0 0 0 0 0 0 0 0 0 0 0 0 0 0 6 0 0 0 0 
P8932 2082 8 0 0 0 0 0 0 0 0 0 0 0 0 0 0 0 0 27 0 8 0 0 0 0 0 0 0 0 0 0 0 0 
P8932 2082 9 0 6 0 0 0 0 0 0 0 0 0 0 0 0 0 0 0 0 0 0 0 0 0 0 0 13 11 13 0 0 -999 
P8932 2082 10 0 0 9 9 0 0 0 0 0 0 0 0 0 0 0 15 0 0 0 0 0 28 40 23 0 0 0 6 0 0 0 
P8932 2082 11 44 68 69 0 0 15 18 0 0 14 0 0 17 27 0 0 145 112 44 0 0 0 11 0 0 0 0 0 0 1 -999 
P8932 2082 12 0 25 14 3 0 0 0 0 0 9 14 19 0 0 0 23 34 43 0 0 0 0 0 0 0 0 0 0 0 3 0 
P8932 2083 1 28 37 41 46 36 0 9 0 0 22 0 0 0 0 9 23 27 35 40 31 0 0 0 0 0 0 0 10 0 14 17 
P8932 2083 2 19 52 51 26 0 0 0 43 25 0 67 0 26 30 0 30 57 113 132 73 61 51 0 25 72 125 85 38 -999 -999 -999 
P8932 2083 3 31 0 19 0 0 0 0 22 25 0 0 0 8 20 27 21 0 0 0 17 23 42 65 101 88 32 81 0 0 4 7 
P8932 2083 4 16 16 16 0 0 22 0 0 0 0 0 27 0 34 45 30 30 0 0 5 0 5 0 0 0 0 0 0 0 0 -999 
P8932 2083 5 12 11 12 0 16 0 34 33 0 21 0 0 0 23 0 35 35 0 17 33 0 0 0 52 36 43 71 24 0 23 0 
P8932 2083 6 0 34 23 0 0 0 13 20 20 28 0 0 10 0 0 0 0 0 1 0 0 0 0 0 0 0 0 0 0 0 -999 
P8932 2083 7 0 0 0 0 0 0 0 0 11 13 0 0 0 0 0 0 18 0 0 10 0 0 0 12 0 0 0 0 0 0 0 
P8932 2083 8 0 0 0 0 0 0 0 0 0 0 0 0 0 0 0 11 0 11 0 0 0 0 0 0 0 0 0 18 0 0 0 
P8932 2083 9 0 0 0 0 0 0 0 0 0 9 12 0 0 0 0 0 17 13 0 12 0 3 0 0 0 0 0 0 0 10 -999 
P8932 2083 10 0 0 9 0 0 34 0 0 0 0 0 0 0 0 10 0 8 0 0 15 0 0 35 0 0 0 9 0 0 0 9 
P8932 2083 11 14 0 0 44 0 0 16 0 10 0 13 34 48 33 0 20 30 34 0 2 0 0 6 0 12 0 11 0 12 19 -999 
P8932 2083 12 40 37 26 0 26 0 35 70 113 27 17 15 0 0 88 46 13 0 0 0 17 0 0 12 32 10 7 3 0 0 0 
P8932 2084 1 0 0 13 0 0 5 8 0 12 0 0 0 0 0 0 10 0 16 13 0 19 0 22 0 24 55 41 0 27 45 42 
P8932 2084 2 18 0 0 7 0 14 21 32 35 46 0 10 0 0 8 4 0 0 0 0 0 0 0 0 0 0 57 0 -999 -999 -999 
P8932 2084 3 0 0 0 0 46 10 0 0 0 0 0 0 10 0 28 34 82 0 23 0 0 7 0 8 0 0 0 0 0 0 0 
P8932 2084 4 14 22 0 30 38 0 15 0 0 15 21 24 25 25 19 0 0 8 0 0 0 0 0 7 7 0 0 0 0 26 -999 
P8932 2084 5 0 9 0 0 0 0 39 16 0 0 0 0 0 20 0 0 19 0 0 0 0 0 16 0 0 0 0 22 0 0 0 
P8932 2084 6 0 0 0 0 11 0 0 0 0 0 27 0 0 0 0 0 0 0 0 0 0 0 0 0 0 0 0 0 14 22 -999 
P8932 2084 7 0 0 0 0 0 0 0 0 0 0 16 0 0 0 0 0 0 0 0 0 0 0 0 0 0 0 0 0 0 0 0 
P8932 2084 8 0 0 13 0 8 0 0 0 0 0 0 0 10 0 0 0 0 0 0 0 10 0 10 0 0 18 0 0 6 0 0 
P8932 2084 9 0 0 0 14 0 14 0 0 7 0 0 0 0 0 26 33 9 0 6 0 9 0 0 0 5 0 0 0 0 0 -999 
P8932 2084 10 0 6 14 36 0 0 0 12 13 0 0 0 0 0 0 0 0 10 0 0 0 0 0 8 0 0 0 36 73 70 63 
P8932 2084 11 0 0 65 23 0 29 19 50 80 41 9 0 0 0 9 12 17 13 13 0 0 2 0 0 2 4 11 0 0 0 -999 
P8932 2084 12 27 0 28 0 27 0 8 0 34 43 44 53 78 62 34 0 24 0 0 0 0 0 0 0 0 0 0 30 28 0 10 
P8932 2085 1 0 0 0 0 0 0 4 0 0 0 0 0 3 0 0 35 35 16 0 11 13 15 61 107 50 0 5 19 0 8 7 
P8932 2085 2 4 0 8 0 18 34 0 30 20 31 66 69 51 24 18 0 0 3 0 13 7 3 0 6 10 0 0 0 -999 -999 -999 
P8932 2085 3 0 0 0 0 0 0 0 8 42 63 53 70 109 51 44 56 21 0 0 0 16 0 21 22 23 0 8 0 12 0 0 
P8932 2085 4 0 0 0 0 12 19 24 0 18 20 25 47 42 48 57 0 31 25 0 0 0 4 0 0 0 14 0 0 16 28 -999 
P8932 2085 5 32 31 18 0 0 18 39 43 42 33 19 18 20 0 19 0 0 0 0 10 0 15 0 0 0 17 0 0 0 0 0 
P8932 2085 6 0 0 0 0 0 8 14 0 0 28 0 0 0 10 0 11 0 0 0 0 0 0 0 0 0 0 13 0 0 0 -999 
P8932 2085 7 0 0 0 7 0 0 18 0 11 0 0 16 0 0 0 0 0 0 0 0 0 0 0 0 0 0 0 0 0 0 0 
P8932 2085 8 0 0 0 0 0 0 0 0 0 0 0 0 0 0 0 0 0 0 0 0 14 0 0 13 0 0 0 0 0 0 0 
P8932 2085 9 0 0 0 0 0 29 0 0 0 0 21 0 0 0 0 0 0 0 0 0 0 0 0 0 11 0 0 18 0 7 -999 
P8932 2085 10 0 0 0 0 9 0 0 0 0 14 0 0 0 0 0 13 0 17 0 0 0 0 7 9 0 0 0 35 16 0 29 
P8932 2085 11 0 0 17 17 18 11 0 24 0 5 0 0 0 0 0 30 82 38 21 41 39 50 26 0 0 0 0 39 46 30 -999 
P8932 2085 12 59 65 17 12 24 0 43 0 0 0 0 0 0 16 0 0 0 0 8 0 16 26 17 0 0 2 0 0 4 7 0 
P8932 2086 1 0 0 0 0 0 10 0 0 0 0 0 11 14 0 0 0 29 78 55 33 19 0 0 0 0 9 0 0 0 0 0 
P8932 2086 2 0 0 37 0 10 0 35 57 0 0 0 25 38 28 0 0 22 0 0 0 0 0 0 0 6 0 5 5 -999 -999 -999 
P8932 2086 3 3 0 0 0 0 0 0 0 0 0 0 0 23 0 5 0 0 0 0 0 0 0 0 0 9 0 9 0 12 16 22 
P8932 2086 4 12 0 0 0 0 0 44 36 0 0 0 0 26 38 53 35 0 0 14 0 0 0 10 0 18 0 34 41 0 18 -999 
P8932 2086 5 0 0 23 50 53 0 23 0 12 0 5 0 17 0 0 13 0 10 10 11 0 14 19 0 0 16 12 0 0 6 8 
P8932 2086 6 0 0 0 0 0 0 0 0 0 0 0 0 9 19 0 0 20 0 0 0 0 0 9 0 0 0 0 0 0 0 -999 
P8932 2086 7 0 0 0 0 0 0 0 0 0 21 0 0 0 0 0 0 0 0 0 0 0 0 0 0 0 0 0 0 0 0 0 
P8932 2086 8 0 0 0 0 0 0 0 12 0 0 0 0 0 0 0 0 0 0 0 0 0 0 0 0 0 0 0 0 0 0 0 
P8932 2086 9 0 11 18 0 0 9 0 0 0 0 0 13 23 0 0 0 0 0 0 0 0 0 0 20 10 10 0 0 0 7 -999 
P8932 2086 10 0 0 14 0 0 8 0 0 18 0 0 40 22 0 8 0 13 0 0 0 0 10 0 0 0 16 0 0 0 0 0 
P8932 2086 11 0 0 45 0 27 0 0 0 0 18 0 44 0 0 21 11 0 0 0 64 52 30 10 0 0 0 0 0 29 10 -999 
P8932 2086 12 11 8 0 13 0 0 0 0 0 0 0 0 0 9 0 10 0 0 29 67 0 66 113 116 22 0 12 0 0 0 0 
P8932 2087 1 0 0 0 0 12 0 26 73 75 24 0 0 0 0 0 2 0 6 5 0 12 14 0 0 0 0 0 1 0 25 34 
P8932 2087 2 37 0 0 0 3 0 0 0 0 5 9 0 0 16 0 0 0 0 1 0 1 0 0 0 13 21 0 0 -999 -999 -999 
P8932 2087 3 61 94 62 28 16 0 19 35 0 23 37 0 0 0 12 0 0 0 0 0 0 0 0 0 0 0 0 12 0 0 0 
P8932 2087 4 0 0 0 10 0 0 0 3 7 16 17 0 0 9 28 89 56 0 9 0 32 68 41 42 0 50 21 14 0 0 -999 
P8932 2087 5 17 13 0 40 20 0 0 0 0 18 24 24 13 14 0 0 0 0 0 0 17 0 0 0 18 0 32 0 14 0 17 
P8932 2087 6 0 8 0 0 11 0 0 0 0 0 0 0 0 0 0 0 0 16 0 0 8 0 0 0 0 0 20 8 0 0 -999 
P8932 2087 7 0 0 0 0 0 0 0 0 16 0 0 0 0 0 0 0 0 9 0 0 0 0 0 0 0 0 0 0 12 0 14 
P8932 2087 8 0 0 0 0 0 0 0 0 0 0 0 0 0 21 0 0 9 0 0 0 0 0 0 14 0 0 0 0 0 0 13 
P8932 2087 9 10 0 8 0 17 20 5 0 0 0 0 0 0 0 10 0 15 0 0 17 9 0 0 0 3 0 0 0 0 0 -999 
P8932 2087 10 0 0 0 40 36 0 0 0 0 0 17 0 15 9 0 0 0 0 14 0 0 0 0 0 0 0 0 0 0 0 0 
P8932 2087 11 0 0 0 0 0 0 0 0 0 0 0 0 0 0 0 0 0 0 7 9 6 0 0 0 0 0 0 0 0 14 -999 
P8932 2087 12 0 0 23 15 0 0 0 25 0 0 0 0 0 0 0 0 5 11 16 0 0 0 43 62 14 39 47 0 24 0 19 
P8932 2088 1 0 0 0 0 6 0 0 0 0 0 0 0 0 0 0 0 0 0 0 5 0 0 0 0 11 13 18 0 0 0 0 
P8932 2088 2 0 6 0 0 24 0 47 62 72 0 0 0 0 6 0 0 0 24 22 13 0 0 16 17 25 0 34 19 -999 -999 -999 
P8932 2088 3 27 32 49 49 0 0 12 0 0 0 0 9 0 0 0 0 0 0 0 0 10 0 0 29 31 22 43 28 0 0 0 
P8932 2088 4 0 0 7 19 29 35 40 41 0 27 0 40 40 0 0 0 24 0 0 13 0 36 0 32 22 0 11 12 13 0 -999 
P8932 2088 5 0 0 0 0 0 0 24 32 0 28 21 0 0 0 35 0 0 0 0 0 0 0 0 0 0 0 0 11 21 0 0 
P8932 2088 6 0 0 10 0 0 0 0 0 11 0 0 0 0 0 0 0 0 0 0 0 11 0 0 0 0 0 0 0 0 0 -999 
P8932 2088 7 0 0 0 0 0 0 0 0 0 0 0 0 0 0 0 0 11 0 0 0 0 0 0 23 0 0 0 0 0 0 0 
P8932 2088 8 13 0 0 0 21 0 0 0 0 0 0 0 0 0 0 0 0 0 0 0 0 0 0 0 0 12 0 0 0 0 15 
P8932 2088 9 0 32 0 0 0 0 0 0 10 19 0 0 0 0 19 25 0 0 0 0 0 0 0 0 0 0 0 0 0 0 -999 
P8932 2088 10 7 0 0 0 0 11 8 0 0 0 0 21 15 0 19 0 0 0 0 0 0 0 0 25 33 49 82 46 0 0 10 
P8932 2088 11 0 0 0 0 5 0 0 0 0 13 27 25 0 12 31 57 23 103 0 0 0 14 0 0 0 0 0 0 34 14 -999 
P8932 2088 12 0 0 12 20 19 0 23 31 18 0 0 0 0 0 0 13 0 0 0 0 11 9 0 14 21 17 0 12 0 0 0 
P8932 2089 1 0 0 0 0 23 0 29 48 0 82 102 103 137 0 9 0 0 0 0 0 0 0 0 3 0 0 0 0 0 0 14 
P8932 2089 2 0 39 30 0 0 47 65 92 159 48 21 0 73 51 13 4 0 0 0 0 0 0 0 0 10 0 0 0 -999 -999 -999 
P8932 2089 3 0 21 0 55 34 29 14 18 31 22 22 0 0 45 59 59 59 54 24 0 0 11 9 25 72 92 29 33 22 43 87 
P8932 2089 4 109 93 39 9 0 0 14 13 36 0 2 0 0 0 0 0 0 10 13 23 0 41 31 26 46 0 0 23 15 0 -999 
P8932 2089 5 32 0 0 0 0 17 25 0 13 15 14 0 11 0 0 15 40 26 0 0 0 0 0 23 0 0 0 0 0 7 0 
P8932 2089 6 0 0 0 0 0 0 0 0 0 0 0 0 0 0 0 0 0 0 0 0 0 0 0 0 0 0 0 0 0 0 -999 
P8932 2089 7 13 0 0 0 0 0 0 0 0 18 0 0 0 0 0 0 0 4 0 6 0 0 0 0 0 0 0 0 0 12 0 
P8932 2089 8 0 0 0 25 0 0 0 0 17 0 0 9 0 0 0 0 0 0 0 0 0 0 0 0 0 22 0 14 0 0 0 
P8932 2089 9 0 0 0 0 14 0 0 0 4 0 6 0 0 0 10 10 0 0 0 0 0 0 0 0 0 0 0 0 0 0 -999 
P8932 2089 10 0 0 0 0 0 0 0 0 0 0 0 0 8 11 8 0 0 0 0 0 0 0 0 0 0 0 0 0 0 0 0 
P8932 2089 11 0 11 0 0 0 0 0 9 0 11 0 8 0 0 0 0 10 0 0 0 0 8 0 27 54 49 0 0 24 40 -999 
P8932 2089 12 0 0 14 0 28 34 42 77 65 48 56 0 0 0 1 0 0 0 12 34 0 0 0 0 0 0 0 0 0 0 5 
P8932 2090 1 0 0 0 0 27 6 0 13 42 0 0 0 0 0 45 25 0 0 0 6 0 0 0 0 4 0 7 0 0 0 0 
P8932 2090 2 2 0 9 22 23 42 0 0 0 0 31 0 20 0 0 0 0 0 11 0 0 0 0 0 32 35 64 0 -999 -999 -999 
P8932 2090 3 122 74 27 8 5 0 0 4 0 0 0 30 51 61 46 0 14 0 35 47 26 27 27 0 19 29 22 0 0 25 25 
P8932 2090 4 34 0 41 51 43 30 52 35 30 22 28 33 16 0 0 0 44 17 2 0 0 0 0 0 30 0 15 10 0 17 -999 
P8932 2090 5 0 0 0 24 0 0 0 0 0 0 0 0 13 0 0 0 0 0 15 0 0 0 0 0 0 21 0 31 0 38 0 
P8932 2090 6 28 0 13 4 0 9 13 18 0 0 0 0 0 0 0 17 0 0 0 0 0 0 0 0 0 0 0 0 0 0 -999 
P8932 2090 7 0 0 0 0 0 0 0 0 0 0 0 0 0 34 0 0 0 0 0 0 0 0 0 0 0 10 0 0 0 0 0 
P8932 2090 8 0 0 0 0 0 0 0 0 0 0 0 0 0 0 0 0 0 0 0 0 0 12 0 0 0 0 0 0 0 0 0 
P8932 2090 9 0 0 0 0 0 0 0 0 0 0 10 0 0 25 32 0 0 0 6 0 0 0 0 0 0 6 0 9 0 0 -999 
P8932 2090 10 0 0 13 0 0 36 0 0 0 0 0 26 0 0 21 0 0 0 13 0 5 9 0 0 0 0 0 24 46 39 35 
P8932 2090 11 32 14 15 0 9 14 0 7 10 0 57 42 0 26 49 48 15 24 7 0 0 0 0 25 34 28 32 0 9 0 -999 
P8932 2090 12 0 28 78 25 27 0 26 0 14 0 0 0 0 0 0 7 0 0 0 0 0 0 0 11 0 0 28 9 4 2 0 
P8932 2091 1 0 0 0 0 5 0 0 0 10 0 0 4 15 11 6 0 10 13 36 0 0 0 0 0 0 8 0 0 8 0 0 
P8932 2091 2 9 0 0 0 0 0 0 0 0 0 0 7 5 6 0 5 10 38 131 122 56 49 74 40 26 37 48 37 -999 -999 -999 
P8932 2091 3 0 0 10 11 23 45 37 8 0 0 0 0 0 0 0 20 0 17 19 0 8 0 0 0 0 8 21 0 3 0 0 
P8932 2091 4 0 0 0 0 0 11 30 46 19 11 22 30 40 37 0 23 0 40 55 0 29 22 16 0 0 0 0 0 0 0 -999 
P8932 2091 5 0 0 0 39 41 0 10 0 0 0 0 0 0 15 0 0 0 0 0 0 0 8 0 0 0 0 0 0 0 15 0 
P8932 2091 6 0 0 0 0 0 0 12 0 0 0 0 0 0 35 38 0 0 0 0 0 0 0 0 0 0 8 0 0 0 0 -999 
P8932 2091 7 11 0 0 0 0 0 0 0 0 0 0 0 0 0 0 0 0 0 0 0 0 5 0 0 0 0 0 0 6 0 0 
P8932 2091 8 0 0 0 8 8 0 0 0 0 0 0 0 12 0 0 18 0 0 0 14 0 0 0 0 0 0 0 0 0 0 0 
P8932 2091 9 0 0 8 0 0 0 0 0 0 0 0 14 0 15 0 0 0 0 0 15 0 0 0 10 0 8 0 13 0 0 -999 
P8932 2091 10 0 0 11 0 0 0 0 0 0 14 0 0 0 0 0 21 28 10 0 0 12 15 0 0 0 10 30 43 65 56 49 
P8932 2091 11 61 0 0 0 0 14 10 0 0 3 0 12 25 32 31 0 0 25 0 18 0 0 0 43 16 0 33 26 0 0 -999 
P8932 2091 12 30 45 0 0 0 15 0 0 0 0 0 0 0 0 0 0 9 0 10 0 0 3 7 9 6 0 0 0 0 0 0 
P8932 2092 1 0 0 0 0 0 0 12 11 6 0 0 31 37 18 25 12 30 49 36 116 0 55 0 44 37 0 44 0 52 52 36 
P8932 2092 2 31 30 55 0 14 46 79 25 35 52 47 0 0 42 66 49 0 58 35 0 39 0 26 0 0 0 0 0 -999 -999 -999 
P8932 2092 3 24 58 0 0 0 9 0 0 17 20 17 23 0 25 46 84 69 44 0 50 0 57 0 137 92 0 0 21 40 0 0 
P8932 2092 4 0 0 49 28 0 0 0 0 0 13 0 25 0 19 9 0 0 0 14 17 0 0 20 0 18 0 0 40 45 37 -999 
P8932 2092 5 0 0 0 8 0 11 0 27 0 0 0 0 0 4 0 0 60 0 16 0 0 0 0 0 0 0 0 0 0 17 0 
P8932 2092 6 0 0 0 0 13 0 0 0 0 0 0 0 0 0 13 0 22 0 0 8 9 0 12 0 10 0 0 0 0 18 -999 
P8932 2092 7 0 0 0 0 0 0 0 0 0 0 0 0 0 0 0 0 0 18 0 0 0 0 0 0 0 0 0 34 0 0 0 
P8932 2092 8 0 0 0 0 0 0 0 0 0 15 0 0 0 0 0 0 19 0 0 0 0 0 0 0 0 0 0 25 8 10 15 
P8932 2092 9 0 0 0 0 0 9 0 0 0 0 0 18 0 0 0 7 0 0 0 12 11 0 0 0 0 0 0 0 0 0 -999 
P8932 2092 10 0 0 0 0 0 0 0 0 24 0 36 48 19 0 0 4 6 0 0 30 0 0 3 0 13 0 0 0 8 0 0 
P8932 2092 11 0 11 0 38 26 0 0 0 0 12 20 35 129 92 76 36 0 13 0 0 15 0 0 54 57 43 0 0 0 0 -999 
P8932 2092 12 7 0 30 0 0 0 0 20 34 0 0 0 0 0 0 16 15 19 12 29 69 73 0 56 20 36 21 0 65 0 22 
P8932 2093 1 69 54 0 23 0 0 0 12 11 0 0 0 29 0 0 63 29 33 47 6 6 0 0 0 0 0 0 0 0 73 0 
P8932 2093 2 72 0 0 0 0 0 0 0 0 0 0 0 0 17 24 0 35 35 25 55 0 27 0 0 0 18 0 42 -999 -999 -999 
P8932 2093 3 0 0 0 0 16 0 0 14 27 35 64 53 0 20 0 0 10 0 18 0 18 23 0 10 0 33 28 0 0 16 0 
P8932 2093 4 23 0 24 0 17 0 9 0 0 0 18 8 0 17 28 42 0 0 0 0 40 37 0 0 41 41 0 0 33 0 -999 
P8932 2093 5 0 0 52 40 23 0 0 0 0 0 14 0 0 0 11 10 0 0 0 0 21 26 0 12 19 0 0 0 0 0 0 
P8932 2093 6 0 0 9 0 0 0 0 0 29 0 0 0 0 0 0 12 13 0 0 0 0 0 0 0 0 0 0 0 0 0 -999 
P8932 2093 7 0 0 0 0 0 0 0 0 0 0 0 0 24 0 0 0 0 0 0 0 0 0 0 0 17 0 0 0 0 0 0 
P8932 2093 8 0 0 0 0 0 0 0 0 0 0 0 0 0 0 0 0 0 0 19 15 0 0 0 0 14 0 0 0 0 0 0 
P8932 2093 9 0 11 0 0 0 0 0 0 0 0 0 0 0 0 18 0 0 0 14 18 14 6 0 0 0 0 9 0 0 0 -999 
P8932 2093 10 0 0 0 5 0 0 16 0 19 0 0 0 0 0 0 57 80 44 8 0 0 6 0 0 0 12 21 0 13 12 0 
P8932 2093 11 0 0 0 0 0 0 0 0 0 0 0 20 0 0 0 0 5 0 0 7 15 26 0 0 0 0 4 0 0 0 -999 
P8932 2093 12 0 0 0 0 0 0 0 3 0 2 0 0 0 0 0 0 0 0 0 0 0 0 0 3 0 0 0 0 0 0 0 
P8932 2094 1 0 0 13 0 0 5 0 7 0 21 12 0 0 0 0 13 0 32 56 57 50 106 96 134 118 93 49 104 39 49 28 
P8932 2094 2 37 30 39 74 31 10 0 0 18 0 0 0 0 0 0 0 0 0 0 0 0 0 2 0 0 0 0 0 -999 -999 -999 
P8932 2094 3 0 0 0 0 10 0 0 0 0 0 0 3 0 0 0 0 0 0 0 25 0 0 21 20 0 0 0 22 53 61 72 
P8932 2094 4 94 100 75 18 0 25 40 46 0 0 20 0 0 9 16 0 0 0 0 0 0 38 0 0 0 33 26 0 33 0 -999 
P8932 2094 5 0 22 0 11 0 5 0 0 6 0 0 0 0 0 0 0 0 0 0 0 0 0 0 14 17 12 0 0 0 0 0 
P8932 2094 6 0 0 0 0 0 0 0 9 0 0 0 0 19 13 14 0 0 0 0 0 0 0 0 0 0 0 0 0 0 0 -999 
P8932 2094 7 0 0 0 0 0 0 0 0 0 0 0 0 0 0 0 0 0 0 0 16 10 0 0 0 0 0 0 0 0 15 0 
P8932 2094 8 0 0 0 0 0 0 0 0 19 0 0 0 0 0 0 0 0 0 14 0 0 0 0 10 0 0 0 0 0 0 0 
P8932 2094 9 0 0 0 0 0 0 0 0 0 0 9 0 0 0 17 0 0 0 0 0 14 16 21 0 0 10 0 10 6 0 -999 
P8932 2094 10 0 0 0 0 0 8 0 8 0 0 0 0 0 18 0 19 25 0 20 0 35 32 38 62 38 24 48 29 12 7 6 
P8932 2094 11 0 0 0 0 0 0 0 0 0 0 21 0 0 52 27 9 0 0 0 26 21 0 29 0 0 22 0 16 0 0 -999 
P8932 2094 12 11 0 0 0 0 0 0 0 0 0 0 0 0 0 0 0 0 10 0 0 12 0 0 0 0 0 0 0 0 0 0 
P8932 2095 1 31 35 34 63 50 25 0 0 66 0 14 11 0 0 0 0 0 0 0 0 9 10 20 33 41 33 32 29 15 13 0 
P8932 2095 2 25 25 19 12 0 0 6 0 0 0 0 0 0 0 0 0 0 20 14 11 0 4 0 0 0 0 0 0 -999 -999 -999 
P8932 2095 3 5 0 0 0 2 0 0 0 0 0 0 0 0 0 15 2 0 0 0 0 0 0 13 0 0 16 26 34 43 0 0 
P8932 2095 4 40 57 105 0 20 0 0 5 0 0 0 0 0 24 38 0 0 0 0 0 32 0 35 0 21 0 0 0 0 0 -999 
P8932 2095 5 0 0 0 0 0 0 0 0 0 0 0 0 0 0 0 0 0 0 0 0 0 0 0 0 0 9 0 10 16 27 17 
P8932 2095 6 0 17 0 0 0 0 50 35 33 0 0 0 0 21 0 12 0 0 0 37 0 23 11 0 23 0 0 0 0 0 -999 
P8932 2095 7 25 18 0 0 0 0 0 0 0 0 0 0 0 0 0 0 0 0 0 0 0 0 0 0 0 0 0 0 0 0 0 
P8932 2095 8 0 0 0 0 0 0 0 0 0 0 0 0 0 0 0 0 0 8 0 0 0 9 0 13 0 0 0 0 0 0 11 
P8932 2095 9 0 0 0 0 0 3 0 0 0 0 0 0 0 0 16 0 11 8 0 0 0 0 0 0 0 13 10 11 0 8 -999 
P8932 2095 10 0 0 8 12 14 12 15 15 0 14 0 13 0 0 0 23 41 24 0 0 10 10 9 0 0 5 0 0 0 0 0 
P8932 2095 11 0 0 0 0 0 0 0 22 0 0 13 20 0 15 0 0 48 0 0 0 34 89 67 97 57 0 0 5 0 0 -999 
P8932 2095 12 0 0 0 0 0 0 10 40 70 47 13 0 10 33 59 0 23 13 0 26 24 16 9 0 54 127 74 0 0 0 0 
P8932 2096 1 61 0 0 0 24 17 0 23 0 0 33 0 0 34 34 25 14 9 0 0 0 0 0 2 1 0 0 0 0 23 18 
P8932 2096 2 15 30 29 21 13 0 0 8 0 0 8 0 8 0 35 61 15 0 0 0 0 0 0 0 0 0 0 0 -999 -999 -999 
P8932 2096 3 14 0 0 0 0 6 0 10 16 0 5 7 7 6 0 5 0 0 19 16 0 76 112 31 8 18 25 48 48 0 0 
P8932 2096 4 12 9 0 0 0 0 8 0 3 0 3 0 0 0 0 54 0 19 22 32 0 0 12 9 0 0 9 0 0 0 -999 
P8932 2096 5 0 26 0 17 0 0 20 25 0 0 0 0 0 0 9 0 0 0 0 0 0 0 0 0 24 0 0 23 0 0 0 
P8932 2096 6 0 0 25 20 0 0 25 0 0 11 0 0 0 0 0 26 0 0 0 0 0 0 0 0 0 0 0 0 0 0 -999 
P8932 2096 7 0 0 0 16 0 0 0 0 0 0 0 0 0 0 0 0 0 0 0 0 0 0 0 0 0 0 0 0 0 0 0 
P8932 2096 8 0 0 0 0 0 0 0 0 0 0 0 0 0 0 0 0 0 0 0 0 0 0 0 0 18 0 0 0 0 0 0 
P8932 2096 9 0 0 0 0 0 0 10 0 10 0 0 0 0 0 10 0 0 12 0 0 14 0 0 0 9 0 0 3 3 0 -999 
P8932 2096 10 0 0 0 0 0 0 11 0 0 0 0 0 0 0 0 0 15 45 53 41 29 32 0 7 3 0 0 0 0 0 0 
P8932 2096 11 0 0 0 5 0 0 0 5 3 3 0 0 0 0 0 8 2 0 0 0 0 0 0 11 0 0 0 0 0 0 -999 
P8932 2096 12 0 0 0 5 0 0 0 0 0 0 0 14 0 17 31 12 0 42 0 0 8 0 13 23 0 8 0 0 0 0 6 
P8932 2097 1 11 23 14 0 0 0 9 6 0 0 0 0 0 0 0 0 0 2 0 2 13 0 7 0 52 53 38 20 21 0 0 
P8932 2097 2 11 0 26 30 34 0 19 0 0 8 0 0 4 5 0 0 0 0 0 8 9 0 0 0 12 19 0 0 -999 -999 -999 
P8932 2097 3 0 0 75 0 0 0 0 8 0 0 0 0 0 0 0 0 0 0 0 0 0 0 0 0 36 41 0 14 0 10 0 
P8932 2097 4 0 0 0 8 0 0 0 0 58 0 0 0 39 33 23 15 0 0 0 39 0 0 0 60 58 0 7 8 0 0 -999 
P8932 2097 5 0 0 15 0 0 31 29 21 15 16 0 0 0 15 23 0 33 0 22 35 0 23 38 0 7 0 0 0 0 0 5 
P8932 2097 6 0 0 0 0 16 0 0 0 0 10 0 0 0 0 11 0 0 0 0 0 0 0 0 0 19 0 0 0 0 0 -999 
P8932 2097 7 14 0 0 0 0 0 0 0 0 15 0 0 0 12 0 0 0 0 0 0 0 0 0 0 0 0 0 0 0 0 0 
P8932 2097 8 19 0 0 0 0 0 0 0 0 0 0 0 0 0 0 0 0 0 0 0 0 0 0 33 26 0 0 0 0 17 0 
P8932 2097 9 0 0 0 0 0 0 0 0 0 0 0 0 0 0 0 0 10 0 10 0 9 0 0 0 0 4 0 0 0 0 -999 
P8932 2097 10 30 0 0 6 0 0 15 0 0 0 6 6 0 0 0 28 36 68 0 0 9 26 26 11 3 0 0 0 3 0 7 
P8932 2097 11 0 5 7 0 7 0 0 0 3 4 0 0 0 5 5 16 11 0 0 0 0 3 10 0 8 12 0 0 12 16 -999 
P8932 2097 12 23 9 0 0 0 0 0 0 0 0 0 0 0 0 0 0 5 7 0 0 0 0 0 0 0 0 0 24 0 20 24 
P8932 2098 1 46 0 13 0 61 27 19 0 0 0 10 11 0 0 0 0 7 0 13 31 35 24 14 24 0 0 10 0 9 0 0 
P8932 2098 2 0 7 8 0 0 0 0 0 12 0 31 28 33 0 0 10 8 19 0 0 25 17 0 0 9 11 14 0 -999 -999 -999 
P8932 2098 3 0 20 19 0 9 0 47 0 0 0 0 0 0 10 0 0 0 15 0 0 2 0 0 0 0 14 0 0 0 0 12 
P8932 2098 4 0 0 19 31 0 0 28 0 0 0 6 0 0 0 0 3 0 0 0 0 0 0 0 0 0 0 0 0 0 0 -999 
P8932 2098 5 6 0 0 0 44 43 45 33 40 41 0 58 37 21 23 0 25 0 7 15 0 0 18 0 0 22 0 4 0 6 0 
P8932 2098 6 0 0 0 0 0 0 16 29 0 0 0 22 18 14 0 0 0 0 0 0 0 0 0 0 0 22 0 0 0 0 -999 
P8932 2098 7 0 0 0 0 9 0 0 0 22 0 0 0 0 0 0 0 0 0 0 0 0 0 0 13 0 0 0 0 0 0 0 
P8932 2098 8 0 0 0 0 0 0 0 0 0 0 0 0 0 0 0 0 0 0 0 0 0 22 0 0 0 0 0 0 0 0 0 
P8932 2098 9 0 0 0 0 0 0 0 0 0 0 0 0 0 0 0 0 0 0 21 0 12 0 0 0 8 0 0 0 0 0 -999 
P8932 2098 10 0 7 0 0 0 0 0 0 0 0 0 0 0 17 14 25 40 47 0 0 0 0 0 0 0 0 0 0 6 0 30 
P8932 2098 11 0 5 0 0 0 0 0 14 0 0 13 14 42 39 24 13 12 17 31 27 18 0 0 0 0 0 0 0 0 0 -999 
P8932 2098 12 0 0 0 0 0 5 0 0 0 0 0 2 0 5 0 9 9 11 0 22 0 11 0 15 0 0 0 0 0 0 0 
P8932 2099 1 0 0 0 0 0 0 0 0 0 0 26 0 82 12 0 0 0 30 0 0 0 0 45 43 0 0 10 0 0 0 0 
P8932 2099 2 0 5 0 0 10 4 0 0 0 0 0 0 0 0 5 0 0 0 17 9 8 0 48 68 71 34 0 0 -999 -999 -999 
P8932 2099 3 41 52 60 59 0 20 19 0 0 0 13 12 0 0 43 38 43 59 108 104 47 0 26 24 0 0 0 24 13 24 37 
P8932 2099 4 45 28 26 13 0 10 14 11 0 0 0 6 0 0 0 0 0 0 0 12 22 0 0 29 43 26 33 0 21 0 -999 
P8932 2099 5 0 25 10 0 9 15 0 0 0 0 11 12 0 0 0 0 0 0 10 0 27 11 31 0 13 0 0 0 14 26 0 
P8932 2099 6 0 0 0 0 0 0 0 0 0 0 0 0 0 0 0 0 0 0 0 19 0 27 19 0 0 5 0 0 0 0 -999 
P8932 2099 7 8 0 0 0 0 0 0 0 0 0 0 0 0 0 0 0 0 0 0 0 18 19 0 0 0 0 0 0 0 0 0 
P8932 2099 8 0 16 0 0 0 0 0 0 0 0 0 0 0 0 0 0 0 0 0 9 0 0 0 0 0 0 0 0 0 0 0 
P8932 2099 9 0 9 0 0 0 0 0 0 0 20 20 0 12 0 0 12 0 0 0 0 13 16 0 0 0 0 0 0 0 0 -999 
P8932 2099 10 0 0 0 0 0 14 0 0 0 32 0 28 0 11 0 8 5 0 0 0 11 0 7 12 20 37 0 0 0 0 0 
P8932 2099 11 0 0 20 13 9 0 0 0 0 3 0 29 0 0 0 31 0 11 0 0 13 16 0 30 0 27 60 64 64 26 -999 
P8932 2099 12 10 0 8 0 0 63 52 32 0 16 0 0 0 0 2 0 4 0 0 0 18 0 0 0 52 97 115 76 56 46 9 
P8932 2100 1 0 0 0 0 0 9 0 15 0 0 38 88 104 0 0 19 7 8 0 0 0 0 7 0 4 2 0 0 0 0 0 
P8932 2100 2 0 0 0 0 0 0 6 0 14 0 0 0 5 0 7 0 26 42 0 0 0 17 11 0 0 0 0 0 -999 -999 -999 
P8932 2100 3 0 18 0 37 28 0 26 23 28 43 0 45 88 52 20 0 0 8 18 24 24 0 48 35 22 0 63 43 56 83 53 
P8932 2100 4 44 40 44 32 18 0 15 18 0 21 0 0 33 0 30 31 0 32 0 0 0 0 0 0 0 0 0 0 0 0 -999 
P8932 2100 5 0 0 0 24 0 16 0 0 0 0 0 8 0 0 0 14 0 33 0 0 0 15 30 36 0 31 0 0 0 0 0 
P8932 2100 6 13 0 0 18 0 0 0 8 0 0 0 0 30 0 0 0 9 0 0 0 10 0 0 0 0 0 0 0 0 0 -999 
P8932 2100 7 0 0 0 0 0 0 0 0 0 0 0 0 0 14 0 0 0 0 10 0 0 0 0 0 0 20 0 9 0 0 0 
P8932 2100 8 0 8 0 0 0 0 0 0 0 0 0 0 0 0 0 0 0 0 0 0 16 0 0 0 0 17 0 0 8 0 9 
P8932 2100 9 0 0 0 0 0 0 0 0 0 0 0 0 0 0 0 0 0 0 0 0 0 16 11 0 13 0 15 0 0 0 -999 
P8932 2100 10 0 0 0 0 0 0 33 33 0 0 0 41 25 0 0 0 12 19 25 0 30 47 101 45 0 0 0 0 19 0 0 
P8932 2100 11 0 16 27 38 33 63 43 0 39 53 10 31 39 0 72 62 0 45 40 28 0 37 65 56 48 18 0 0 0 0 -999 
P8932 2100 12 0 0 4 0 0 0 0 4 0 0 0 1 0 2 0 0 0 0 1 0 0 0 0 12 0 0 0 0 0 5 0 
