precip	MIROC5	RCP60	REGRESION	decimas	1
P174	36.596	-5.006	182	geo	2006	2100	-1
P174 2006 1 0 27 32 0 20 43 25 29 21 0 35 326 364 0 114 278 194 170 195 0 0 0 0 0 36 36 0 0 0 98 0 
P174 2006 2 38 206 45 23 0 0 0 0 0 0 11 49 99 120 119 0 0 7 29 64 16 20 19 14 0 0 8 0 -999 -999 -999 
P174 2006 3 95 110 173 224 235 245 0 232 102 123 262 68 0 40 63 137 292 353 159 56 0 49 46 0 51 0 0 0 0 71 0 
P174 2006 4 24 0 70 0 0 0 0 180 0 0 4 0 20 20 0 11 0 0 0 0 0 0 0 0 0 0 82 69 58 38 -999 
P174 2006 5 35 41 0 58 0 80 0 13 0 0 0 0 0 0 0 0 0 8 19 0 0 0 0 0 0 0 0 0 0 0 0 
P174 2006 6 0 0 0 0 0 0 0 0 0 0 0 0 0 0 0 0 0 0 0 0 0 0 0 0 0 0 0 8 0 0 -999 
P174 2006 7 0 0 0 0 9 0 0 0 0 0 0 0 0 0 0 0 0 0 0 0 0 0 0 0 0 0 0 0 0 0 0 
P174 2006 8 0 0 0 0 0 0 0 0 0 0 0 0 0 0 0 0 0 0 0 0 0 0 0 0 0 0 8 0 0 0 0 
P174 2006 9 0 0 30 43 0 0 0 0 0 0 0 0 0 0 0 0 0 0 2 0 0 0 0 0 0 0 0 0 0 4 -999 
P174 2006 10 1 0 0 0 0 0 0 0 0 0 73 0 0 0 0 0 14 0 0 0 32 0 0 0 0 0 0 0 0 5 0 
P174 2006 11 16 0 18 0 0 0 87 72 0 14 0 0 0 0 0 15 5 0 6 23 40 0 47 85 41 8 7 0 0 0 -999 
P174 2006 12 0 0 0 0 0 0 0 261 207 165 89 101 121 0 178 237 0 0 0 0 0 0 265 123 92 100 71 56 45 52 0 
P174 2007 1 0 0 0 0 0 0 0 2 0 0 9 0 0 19 0 6 0 8 14 0 41 0 19 14 37 0 22 35 0 37 0 
P174 2007 2 31 0 24 15 0 18 86 312 475 332 36 0 0 0 0 19 0 113 66 68 0 169 72 40 58 0 63 0 -999 -999 -999 
P174 2007 3 0 83 36 141 135 67 37 0 26 0 34 112 94 118 53 18 0 0 29 64 0 0 0 0 0 0 0 12 0 0 0 
P174 2007 4 0 0 0 0 12 0 2 0 0 0 0 82 60 0 0 0 31 55 46 0 66 37 37 0 0 0 2 0 0 0 -999 
P174 2007 5 1 0 0 58 0 0 0 0 0 0 0 0 0 41 23 0 21 29 0 37 0 0 0 0 0 0 0 0 0 0 0 
P174 2007 6 0 0 0 0 26 0 0 0 0 13 0 0 0 0 11 10 0 4 0 0 0 0 0 0 0 0 0 0 16 0 -999 
P174 2007 7 0 0 0 0 0 0 15 0 16 0 0 13 0 0 0 0 0 0 0 0 0 0 0 0 0 0 0 0 0 0 0 
P174 2007 8 0 0 0 0 0 0 0 0 0 0 0 15 0 0 0 0 0 0 0 18 0 0 0 0 0 0 25 0 0 0 0 
P174 2007 9 0 0 0 0 0 5 0 0 0 0 0 0 0 0 0 0 0 0 0 0 0 0 0 0 18 13 0 0 0 0 -999 
P174 2007 10 0 0 0 0 0 0 0 0 0 0 0 0 0 67 0 31 0 78 0 0 0 49 59 0 0 0 0 0 0 0 0 
P174 2007 11 0 0 0 0 0 0 0 0 49 47 40 0 8 0 0 0 8 0 0 0 0 0 0 0 0 8 58 0 40 0 -999 
P174 2007 12 0 0 0 0 39 0 43 43 16 2 0 0 0 5 0 7 114 94 36 0 34 0 39 0 0 0 0 0 2 0 10 
P174 2008 1 0 43 0 64 26 7 0 5 0 29 37 0 50 88 0 128 0 0 40 27 146 184 0 47 0 233 276 164 106 137 176 
P174 2008 2 367 79 174 0 60 0 84 163 0 0 227 0 0 0 0 75 0 115 86 278 0 31 39 40 51 0 32 0 -999 -999 -999 
P174 2008 3 0 3 0 15 6 0 0 0 0 0 0 0 0 0 0 4 7 0 0 0 0 0 0 0 0 0 0 3 0 0 0 
P174 2008 4 0 0 0 61 22 0 0 0 2 0 0 0 15 0 96 67 51 36 0 11 0 13 13 0 0 0 0 7 16 0 -999 
P174 2008 5 0 0 8 15 26 17 0 0 22 0 0 0 36 33 21 0 0 0 0 70 57 53 88 0 8 0 0 0 0 0 0 
P174 2008 6 0 8 20 0 27 29 16 0 0 0 0 8 0 0 12 8 0 6 0 0 0 0 0 0 0 0 0 0 7 0 -999 
P174 2008 7 0 0 0 0 0 0 0 0 0 0 0 0 0 0 0 11 0 0 0 0 0 0 0 0 0 0 0 0 0 0 0 
P174 2008 8 0 0 0 0 0 0 0 0 0 0 0 0 0 0 0 0 0 0 0 0 0 0 0 0 0 0 0 0 0 0 0 
P174 2008 9 0 0 0 0 0 0 0 0 6 0 0 0 0 0 0 0 0 0 0 6 0 0 0 0 0 0 0 0 24 0 -999 
P174 2008 10 11 0 0 0 4 0 0 0 0 0 0 0 0 25 0 4 0 0 11 0 0 0 0 0 0 31 43 30 0 0 15 
P174 2008 11 0 2 0 0 0 4 0 0 0 0 0 0 0 0 0 0 14 0 0 1 0 0 0 0 8 0 0 11 0 0 -999 
P174 2008 12 0 0 0 0 0 0 18 0 0 40 54 15 9 26 12 12 0 0 0 4 0 0 0 0 0 0 40 0 0 0 0 
P174 2009 1 0 4 0 0 0 6 4 0 0 6 4 26 23 33 0 0 0 5 0 0 14 0 0 0 0 1 0 0 16 0 0 
P174 2009 2 0 0 13 29 30 0 0 0 0 0 0 0 0 0 12 0 0 0 0 0 0 0 0 0 0 0 0 0 -999 -999 -999 
P174 2009 3 78 0 150 82 102 0 0 111 132 0 38 42 0 35 0 0 100 0 0 19 0 0 0 0 34 131 139 171 199 109 39 
P174 2009 4 67 185 40 31 0 122 0 0 0 10 20 0 0 67 0 0 10 0 0 0 29 35 0 0 0 0 19 0 0 0 -999 
P174 2009 5 29 73 27 30 0 49 0 0 0 61 0 0 7 0 4 0 0 0 0 23 0 0 0 0 0 0 0 9 0 0 0 
P174 2009 6 0 0 0 0 16 0 0 0 0 0 0 0 3 0 8 0 0 0 0 0 0 0 0 0 0 0 0 0 0 0 -999 
P174 2009 7 0 0 0 0 0 0 0 0 0 0 0 0 9 0 0 0 3 0 0 0 0 0 0 0 0 0 0 0 0 0 0 
P174 2009 8 0 0 0 0 6 0 0 0 0 0 0 0 0 0 0 0 0 0 0 0 0 0 0 0 0 0 0 0 19 0 0 
P174 2009 9 0 0 0 0 0 0 0 0 0 0 12 0 15 0 0 9 0 0 5 0 0 0 0 0 0 0 0 0 0 0 -999 
P174 2009 10 0 8 3 0 0 0 0 0 0 0 0 36 30 0 33 44 0 0 0 19 0 0 0 0 26 0 0 0 0 0 0 
P174 2009 11 0 0 0 0 0 0 0 0 0 0 0 6 6 0 0 0 29 0 18 0 16 44 0 75 10 0 0 0 0 0 -999 
P174 2009 12 0 0 0 0 0 0 158 21 42 0 79 19 20 0 0 0 0 64 33 0 0 20 13 0 26 0 0 117 36 0 0 
P174 2010 1 0 34 102 247 110 64 27 35 61 41 16 0 0 23 29 20 16 0 0 0 54 21 0 0 0 0 0 0 30 39 54 
P174 2010 2 53 37 0 29 0 30 22 14 0 0 0 0 0 0 5 1 0 3 0 0 0 0 0 0 0 0 0 18 -999 -999 -999 
P174 2010 3 0 0 0 0 0 0 76 112 205 0 38 55 17 0 0 19 0 61 92 0 0 0 1 0 0 0 6 0 0 0 0 
P174 2010 4 0 69 117 0 0 0 0 31 0 39 0 0 43 28 122 103 0 6 16 52 67 0 7 17 40 34 11 0 33 0 -999 
P174 2010 5 27 12 48 73 71 22 0 0 0 0 0 44 0 33 0 54 0 0 0 0 0 0 0 0 30 47 70 0 16 15 0 
P174 2010 6 25 52 30 0 0 11 0 0 0 0 0 0 0 12 0 0 0 0 11 0 0 0 0 0 0 12 0 0 0 0 -999 
P174 2010 7 0 0 0 3 0 0 0 0 0 10 0 0 0 0 0 0 0 0 0 0 0 0 0 0 0 0 0 0 0 0 0 
P174 2010 8 0 0 0 0 0 0 0 0 0 0 0 0 0 0 0 0 0 0 0 0 3 0 0 0 0 0 0 0 6 0 0 
P174 2010 9 0 0 0 9 0 0 4 0 0 0 10 0 14 18 20 0 0 21 0 0 0 15 0 0 27 12 0 3 0 0 -999 
P174 2010 10 0 0 0 0 0 0 29 38 0 0 53 25 0 42 0 0 0 4 24 0 0 66 0 0 0 0 11 0 0 0 0 
P174 2010 11 0 0 0 0 12 0 0 0 0 0 0 0 0 0 0 11 0 0 0 0 0 12 0 0 0 0 9 0 0 0 -999 
P174 2010 12 6 0 0 0 21 26 21 33 0 0 19 0 0 101 0 0 2 0 0 0 0 0 0 0 0 0 0 14 0 0 0 
P174 2011 1 0 0 0 11 16 0 10 0 0 16 0 0 18 0 40 0 0 0 0 2 0 19 0 0 0 0 0 1 0 0 0 
P174 2011 2 0 0 0 0 41 0 26 0 0 0 0 13 0 0 0 0 0 0 17 0 46 77 0 0 0 0 0 65 -999 -999 -999 
P174 2011 3 148 76 16 0 16 0 12 9 0 18 0 63 24 22 99 223 366 68 0 63 37 0 121 357 102 0 0 0 0 0 0 
P174 2011 4 0 0 0 0 0 0 0 0 0 0 0 0 0 19 0 0 0 141 67 74 0 20 0 0 6 0 0 0 0 0 -999 
P174 2011 5 0 21 0 4 0 0 0 0 0 34 0 0 0 0 0 0 0 0 0 0 0 0 0 0 19 0 14 0 0 0 19 
P174 2011 6 17 0 0 0 0 0 0 0 0 0 0 0 0 0 0 0 3 0 0 0 0 0 0 0 0 10 0 0 11 0 -999 
P174 2011 7 0 0 0 0 0 0 0 0 0 0 0 0 0 0 0 0 0 0 0 0 0 0 0 0 0 0 0 0 0 0 0 
P174 2011 8 0 0 0 0 0 0 0 0 0 0 15 0 0 0 0 0 0 0 0 0 0 0 0 0 0 0 0 0 7 0 0 
P174 2011 9 0 0 4 0 0 0 0 0 0 35 0 0 0 0 0 0 0 0 0 0 0 0 0 0 0 0 3 0 0 0 -999 
P174 2011 10 0 0 0 0 0 0 0 12 0 18 0 37 46 0 0 0 15 0 0 0 0 14 0 0 0 0 17 0 0 0 0 
P174 2011 11 11 0 0 25 103 129 148 8 8 13 27 21 0 11 14 24 91 64 49 14 21 120 113 62 0 0 12 0 5 9 -999 
P174 2011 12 13 26 0 0 0 12 0 18 30 18 0 0 0 0 21 68 64 72 65 106 0 45 0 0 0 40 0 0 0 0 0 
P174 2012 1 203 0 3 2 0 0 4 0 0 0 0 0 0 0 0 0 0 2 8 46 0 19 12 0 0 15 25 50 45 0 0 
P174 2012 2 40 0 92 37 0 27 0 0 0 0 0 0 0 0 0 0 6 30 75 99 0 35 20 14 28 3 0 0 -999 -999 -999 
P174 2012 3 37 161 96 64 43 50 0 0 3 0 0 9 0 22 0 0 43 27 36 64 0 0 0 0 0 0 0 0 0 0 0 
P174 2012 4 0 0 0 0 0 0 0 21 4 3 0 0 0 130 113 102 0 0 19 0 0 0 0 73 101 75 208 113 118 0 -999 
P174 2012 5 0 0 0 0 0 0 0 28 34 25 0 36 0 44 0 0 20 0 0 0 0 21 20 20 45 0 0 0 10 6 0 
P174 2012 6 0 0 0 0 0 0 0 0 0 0 24 0 0 41 48 31 0 2 0 0 0 7 0 0 0 0 0 0 0 0 -999 
P174 2012 7 0 0 0 0 0 0 0 0 0 0 0 0 0 0 0 0 0 0 0 0 0 0 0 0 0 0 0 0 0 0 0 
P174 2012 8 0 0 0 0 0 0 0 0 0 0 0 0 0 0 0 0 0 0 0 0 0 0 0 0 0 0 0 0 0 9 0 
P174 2012 9 0 0 0 0 0 0 0 0 0 0 0 0 0 0 0 0 0 0 0 0 0 4 0 20 0 0 0 28 36 0 -999 
P174 2012 10 5 3 0 0 0 0 5 0 27 0 0 0 3 0 0 0 0 0 0 0 0 41 53 16 0 0 0 11 0 0 0 
P174 2012 11 0 52 67 0 8 0 0 0 0 20 0 0 0 0 0 0 0 71 130 46 19 1 0 0 0 0 22 46 91 38 -999 
P174 2012 12 20 0 0 0 61 151 144 139 0 24 30 16 0 244 148 78 64 37 23 8 11 35 0 0 0 0 0 0 0 17 65 
P174 2013 1 0 0 80 0 0 9 25 11 0 0 0 0 0 0 0 0 0 0 0 0 0 0 0 0 2 0 8 0 0 0 17 
P174 2013 2 0 0 0 0 0 0 0 3 0 0 0 0 0 113 62 15 41 139 151 133 0 92 99 149 0 0 0 14 -999 -999 -999 
P174 2013 3 0 28 54 42 29 0 0 0 0 146 261 315 190 0 0 0 0 58 57 41 40 96 108 32 30 0 0 0 0 83 182 
P174 2013 4 106 0 19 42 0 0 23 0 0 0 0 0 0 0 0 0 0 0 14 0 0 19 14 43 77 0 0 0 0 0 -999 
P174 2013 5 5 0 0 0 0 0 0 0 0 0 54 21 0 0 0 0 31 29 33 20 0 0 0 0 0 6 0 0 0 0 0 
P174 2013 6 0 0 0 20 0 0 0 0 0 55 53 49 0 0 0 0 0 0 0 9 0 0 0 0 0 0 0 0 0 0 -999 
P174 2013 7 0 0 0 5 0 0 0 0 0 0 0 0 0 0 0 0 0 0 0 0 0 0 3 0 0 0 0 0 0 0 0 
P174 2013 8 0 0 0 0 10 0 0 0 0 0 0 0 0 0 0 0 0 0 0 0 0 0 0 0 0 0 4 0 0 0 29 
P174 2013 9 0 0 8 4 0 0 0 0 0 0 0 0 0 0 0 0 0 0 0 0 0 0 0 0 0 0 3 0 0 0 -999 
P174 2013 10 0 0 0 0 0 0 8 0 0 0 0 27 10 0 10 21 0 40 0 0 15 0 0 0 2 2 0 0 0 0 0 
P174 2013 11 0 0 0 0 4 0 0 0 21 4 0 0 0 0 3 0 0 380 441 110 172 0 390 154 0 129 128 47 7 0 -999 
P174 2013 12 0 52 18 0 0 0 0 0 29 0 0 0 37 0 39 21 0 5 0 0 0 17 0 67 34 0 74 0 0 0 38 
P174 2014 1 44 15 0 0 0 52 10 0 0 0 0 0 0 0 67 0 0 0 0 0 19 14 0 0 0 60 133 143 319 280 121 
P174 2014 2 0 0 0 44 75 0 46 0 63 100 0 0 0 0 0 7 0 14 0 0 0 9 22 18 6 0 0 102 -999 -999 -999 
P174 2014 3 70 15 0 0 0 0 0 0 6 0 0 0 84 87 147 154 131 147 208 112 84 64 45 23 12 0 0 24 0 19 44 
P174 2014 4 0 57 72 88 119 52 0 27 48 72 50 0 51 54 99 61 79 0 0 0 0 0 0 0 67 15 0 0 17 31 -999 
P174 2014 5 63 0 0 0 0 0 3 0 0 0 0 0 0 0 0 0 0 0 0 0 0 69 56 49 0 0 0 0 0 0 0 
P174 2014 6 0 0 0 0 70 36 35 0 0 0 0 0 0 0 0 0 0 0 0 0 0 0 0 0 0 0 0 0 0 0 -999 
P174 2014 7 0 0 0 0 0 0 0 0 0 0 0 0 0 0 0 0 0 0 0 0 0 0 0 0 0 0 0 0 0 0 0 
P174 2014 8 0 0 6 9 0 0 0 0 0 0 0 0 0 9 0 0 0 0 0 0 0 0 0 0 0 5 0 0 0 7 0 
P174 2014 9 0 0 0 0 0 0 0 0 0 0 0 0 0 0 0 29 53 0 0 0 11 16 0 0 0 0 0 0 7 0 -999 
P174 2014 10 0 0 27 14 0 0 0 0 0 13 8 23 0 10 15 0 0 33 0 61 13 0 0 0 62 0 0 0 25 0 0 
P174 2014 11 0 0 0 0 0 0 16 9 12 19 14 0 0 13 0 0 0 77 25 73 155 264 92 79 0 10 0 0 0 0 -999 
P174 2014 12 0 0 1 0 0 17 33 22 25 16 0 0 0 0 0 0 0 0 0 0 5 0 0 22 0 0 0 6 0 22 66 
P174 2015 1 4 0 0 151 173 0 80 0 34 0 0 0 0 0 0 0 0 0 0 0 0 0 0 0 0 0 24 87 96 0 0 
P174 2015 2 31 0 0 0 0 0 0 0 0 0 0 15 0 0 1 0 0 0 0 0 0 0 0 41 0 175 146 0 -999 -999 -999 
P174 2015 3 46 73 96 96 0 5 0 0 0 0 0 13 0 73 14 8 0 0 11 34 37 38 0 0 0 13 0 0 0 0 0 
P174 2015 4 0 0 18 9 0 0 0 24 0 0 0 12 0 0 0 0 0 0 0 0 0 5 0 0 26 0 0 0 138 136 -999 
P174 2015 5 159 112 58 17 21 0 0 0 1 0 3 0 0 0 0 0 14 0 0 0 0 0 0 0 0 0 0 89 88 30 14 
P174 2015 6 12 10 0 0 0 0 41 15 0 0 4 7 0 0 0 0 0 0 0 0 0 0 12 10 0 0 0 0 0 9 -999 
P174 2015 7 0 0 0 0 0 0 0 0 0 0 0 0 0 0 0 0 0 0 0 0 0 0 0 0 0 0 0 0 0 0 0 
P174 2015 8 0 0 0 0 0 0 14 0 0 0 0 0 0 0 0 0 0 0 17 0 0 0 0 0 0 0 0 9 0 0 0 
P174 2015 9 7 0 0 0 25 0 0 0 0 0 0 0 13 18 0 13 0 10 0 0 0 0 0 19 0 46 65 77 60 33 -999 
P174 2015 10 34 0 5 0 0 35 24 50 0 0 0 11 0 0 0 0 0 0 0 0 0 0 11 0 28 21 0 0 0 0 0 
P174 2015 11 0 0 0 0 0 0 0 13 0 0 0 0 50 157 167 0 0 0 0 78 67 53 0 0 19 0 0 0 0 35 -999 
P174 2015 12 0 121 0 79 94 0 361 0 140 193 53 143 176 0 0 88 26 0 0 0 0 0 0 2 0 0 0 0 0 0 0 
P174 2016 1 0 0 19 15 12 0 82 33 0 0 118 166 125 165 56 0 0 0 0 0 0 0 37 0 46 0 91 63 0 0 28 
P174 2016 2 31 0 0 0 20 0 0 0 27 37 42 0 41 42 29 0 98 21 0 0 0 0 0 0 0 0 0 0 -999 -999 -999 
P174 2016 3 18 51 74 60 54 60 0 0 335 204 334 346 139 0 97 0 0 78 33 25 49 92 0 0 96 61 122 0 98 48 0 
P174 2016 4 0 7 0 0 0 0 0 24 0 113 224 187 76 41 122 41 45 22 0 23 0 0 0 0 0 0 52 92 102 0 -999 
P174 2016 5 0 0 24 0 0 0 0 0 15 0 0 0 0 16 35 28 0 17 0 0 7 7 0 15 0 0 0 0 35 0 0 
P174 2016 6 0 0 0 0 0 4 0 0 0 0 0 0 0 0 0 0 5 0 13 0 0 0 0 0 0 0 0 0 0 7 -999 
P174 2016 7 6 0 0 0 0 0 0 0 0 0 0 0 0 0 0 0 0 0 0 0 0 0 0 0 0 0 0 0 0 0 0 
P174 2016 8 0 0 0 0 0 0 0 0 0 0 0 0 0 0 0 0 2 0 0 0 0 0 0 0 24 0 0 14 0 15 0 
P174 2016 9 0 18 14 12 0 0 0 0 4 0 0 1 0 0 0 0 0 0 0 18 5 0 0 4 0 0 0 0 0 21 -999 
P174 2016 10 17 12 0 0 13 0 0 0 0 0 0 0 12 0 0 100 142 91 122 121 123 138 0 18 16 19 21 0 18 0 23 
P174 2016 11 32 0 0 21 15 0 24 110 21 16 7 0 0 0 0 82 0 141 206 132 96 34 68 85 0 0 36 29 0 41 -999 
P174 2016 12 0 6 0 0 0 0 8 0 0 0 53 122 238 54 17 0 0 26 0 55 0 120 67 61 61 45 47 97 52 0 96 
P174 2017 1 87 0 0 5 0 0 0 0 0 0 24 28 81 249 209 13 0 0 0 0 0 0 0 0 0 0 0 0 0 2 0 
P174 2017 2 0 0 0 0 0 0 0 0 0 7 3 0 0 0 0 0 0 6 0 0 0 0 0 0 0 0 0 0 -999 -999 -999 
P174 2017 3 0 0 0 0 0 0 0 35 97 58 60 0 84 70 33 5 8 0 0 3 4 0 0 0 131 177 139 131 0 20 23 
P174 2017 4 26 31 0 0 21 0 0 29 43 85 0 0 22 13 13 0 20 0 14 0 0 0 0 0 36 37 0 43 68 37 -999 
P174 2017 5 0 0 0 0 14 0 10 0 0 0 0 0 0 0 12 0 0 0 0 0 0 0 6 0 12 0 0 0 0 0 0 
P174 2017 6 0 8 0 0 0 0 0 0 18 0 0 0 0 12 0 0 0 0 2 0 0 2 0 0 0 0 0 0 0 0 -999 
P174 2017 7 0 0 0 0 0 0 0 0 0 0 0 0 0 17 0 0 0 0 0 0 0 2 0 0 0 0 0 0 0 0 0 
P174 2017 8 0 0 0 0 0 0 0 0 13 8 0 0 0 0 0 0 0 0 12 0 14 0 1 0 3 0 5 0 0 21 0 
P174 2017 9 0 0 0 0 0 0 0 0 0 0 0 0 0 0 0 0 0 0 0 0 0 0 0 0 0 0 0 0 0 0 -999 
P174 2017 10 0 3 0 0 0 0 0 0 0 0 0 0 0 0 0 56 0 0 55 0 0 23 28 19 9 4 83 174 303 129 24 
P174 2017 11 15 29 0 87 0 28 16 67 42 17 71 0 0 427 33 0 0 0 25 34 79 68 0 0 0 0 0 0 0 0 -999 
P174 2017 12 0 44 0 0 43 56 0 132 281 89 254 47 67 0 109 0 15 0 21 29 25 36 37 47 46 0 0 70 105 147 107 
P174 2018 1 94 0 0 0 0 0 0 0 0 34 5 0 0 0 0 0 62 0 0 0 8 0 0 30 13 0 90 50 0 18 38 
P174 2018 2 0 0 0 0 0 0 20 0 0 0 0 0 8 0 0 0 9 13 18 42 28 0 0 0 0 0 0 0 -999 -999 -999 
P174 2018 3 0 0 0 0 0 0 39 0 46 68 0 163 189 86 115 19 60 76 53 21 12 0 20 0 45 44 0 38 0 44 0 
P174 2018 4 0 0 0 0 0 0 0 0 0 0 0 0 2 6 26 16 4 0 0 0 0 0 0 0 95 174 135 0 0 35 -999 
P174 2018 5 0 0 0 0 0 0 0 0 35 0 36 56 74 36 23 0 0 0 0 54 58 35 40 0 0 39 67 0 24 0 0 
P174 2018 6 0 0 0 0 0 0 0 0 0 0 0 14 0 0 0 0 0 0 0 0 0 0 0 3 0 0 0 0 0 0 -999 
P174 2018 7 0 11 25 22 0 0 0 10 0 0 0 0 0 0 0 0 0 0 0 0 0 0 0 0 17 17 0 0 0 0 0 
P174 2018 8 0 0 0 0 0 0 0 0 0 0 0 0 0 9 0 0 0 6 0 0 0 0 0 0 0 0 0 0 0 0 0 
P174 2018 9 0 0 0 0 11 0 0 0 0 0 7 0 6 0 0 0 15 0 0 0 11 12 0 0 0 4 0 0 0 0 -999 
P174 2018 10 0 0 0 0 0 0 0 0 0 70 62 20 12 0 0 0 0 14 0 0 0 0 0 0 19 24 0 0 0 0 51 
P174 2018 11 0 0 0 0 0 0 45 210 183 142 50 0 8 0 5 0 0 0 0 0 0 0 0 0 2 0 17 0 12 0 -999 
P174 2018 12 0 43 0 30 0 64 162 17 0 12 81 191 214 89 0 47 0 26 0 0 0 0 0 0 56 35 55 0 126 251 0 
P174 2019 1 162 200 303 250 196 224 279 32 0 12 48 18 0 0 60 22 134 0 0 209 321 334 61 0 56 120 210 35 36 85 204 
P174 2019 2 146 116 0 0 0 0 0 30 0 0 242 93 242 249 40 17 118 299 324 72 21 20 0 15 18 2 0 0 -999 -999 -999 
P174 2019 3 0 0 0 0 0 28 27 0 24 0 0 0 0 0 0 0 0 0 0 0 0 0 0 0 0 0 0 0 105 0 0 
P174 2019 4 0 0 22 0 43 51 0 61 0 27 95 67 73 99 0 85 112 34 0 0 25 0 75 180 53 42 54 0 39 0 -999 
P174 2019 5 0 24 0 0 0 27 0 0 0 0 0 0 33 0 0 0 0 0 0 9 0 0 0 0 0 24 0 0 0 0 0 
P174 2019 6 0 0 0 4 0 20 0 0 21 0 0 0 0 0 0 15 0 0 0 0 0 0 0 0 0 0 0 0 0 0 -999 
P174 2019 7 0 0 0 5 0 0 0 0 0 0 0 0 0 0 0 0 0 0 0 0 0 0 0 0 0 0 0 0 0 0 0 
P174 2019 8 0 0 0 0 0 0 0 0 0 0 0 0 0 0 0 0 0 0 0 0 0 0 0 0 0 0 0 0 3 4 0 
P174 2019 9 11 0 17 0 0 0 0 0 1 2 0 0 0 16 0 26 33 18 23 0 0 0 38 39 0 0 0 20 0 0 -999 
P174 2019 10 18 0 0 0 0 0 0 5 0 0 0 81 85 10 0 0 0 0 3 0 0 0 0 0 25 26 0 0 0 8 0 
P174 2019 11 0 0 0 0 0 0 0 29 0 0 0 0 0 0 0 0 0 0 0 157 500 499 227 154 240 300 151 0 0 200 -999 
P174 2019 12 163 109 0 27 43 0 0 0 0 0 0 0 0 0 0 0 0 0 0 0 0 0 0 0 0 0 0 8 0 0 0 
P174 2020 1 0 0 0 0 0 0 0 0 0 0 0 0 0 0 0 11 0 0 8 0 0 0 0 45 0 91 182 170 75 116 68 
P174 2020 2 79 48 0 76 43 0 34 64 0 0 8 0 0 25 29 0 0 0 0 0 12 0 0 0 0 29 23 0 -999 -999 -999 
P174 2020 3 10 0 0 20 47 58 9 0 0 0 0 0 0 0 0 0 0 0 0 0 0 33 0 0 0 44 34 55 58 31 0 
P174 2020 4 88 58 46 0 17 0 0 5 4 0 0 53 0 32 94 110 165 99 57 62 86 43 15 0 0 0 0 0 0 0 -999 
P174 2020 5 0 0 0 0 0 0 0 0 0 0 0 65 49 30 51 0 0 0 0 0 0 0 8 0 0 6 0 0 0 0 8 
P174 2020 6 0 6 0 0 0 0 0 0 0 0 0 0 0 0 15 6 2 0 0 0 0 0 0 15 0 0 9 0 0 0 -999 
P174 2020 7 0 0 0 0 0 0 0 0 0 0 0 0 0 0 0 0 0 0 0 0 0 0 0 0 0 0 0 0 0 0 0 
P174 2020 8 0 0 0 0 0 0 0 0 0 0 0 0 0 0 0 0 0 0 0 0 0 0 0 0 0 0 0 0 0 0 0 
P174 2020 9 0 10 0 0 0 0 0 0 0 0 0 0 0 7 0 0 0 0 0 0 0 0 28 24 0 0 0 0 0 0 -999 
P174 2020 10 33 0 24 31 0 0 58 53 93 0 36 53 8 27 123 51 14 75 0 0 0 0 0 0 0 43 48 58 0 0 0 
P174 2020 11 156 176 251 191 98 34 0 0 12 0 0 0 13 28 46 0 21 31 87 280 106 166 0 77 212 0 132 188 0 47 -999 
P174 2020 12 121 63 106 16 0 0 0 78 41 0 0 0 0 0 0 0 0 0 54 65 51 199 261 163 182 179 235 19 0 45 112 
P174 2021 1 0 148 0 52 138 67 0 156 0 0 0 0 0 0 5 0 0 46 34 0 0 22 0 0 0 0 56 58 89 72 0 
P174 2021 2 0 88 0 122 0 0 0 0 0 0 0 0 13 0 7 0 0 0 17 0 0 53 0 3 0 0 24 11 -999 -999 -999 
P174 2021 3 25 20 18 8 0 0 0 0 39 84 36 17 88 0 0 0 44 0 0 0 0 0 0 0 0 6 29 45 92 0 0 
P174 2021 4 0 0 32 0 0 0 0 0 0 0 0 0 0 0 0 37 0 0 0 0 22 0 0 0 0 0 25 28 0 49 -999 
P174 2021 5 76 56 83 31 0 0 0 0 0 0 0 0 0 0 0 0 0 16 0 0 0 0 0 0 23 9 0 17 10 0 19 
P174 2021 6 25 29 65 13 2 0 0 0 0 21 0 0 0 0 0 0 0 0 0 4 0 0 0 0 0 0 0 0 0 0 -999 
P174 2021 7 0 0 0 0 0 0 0 0 0 0 0 0 0 0 0 0 0 0 0 0 0 0 0 0 0 0 0 0 0 0 0 
P174 2021 8 0 0 0 0 0 0 0 0 0 0 0 0 0 0 0 0 0 0 0 0 0 0 0 0 0 15 11 0 8 0 0 
P174 2021 9 0 0 4 0 0 19 0 0 0 0 0 0 0 0 0 0 0 0 0 0 0 0 16 57 33 39 11 0 15 0 -999 
P174 2021 10 0 0 0 0 15 0 30 7 26 11 12 0 0 0 0 0 0 0 0 0 0 0 188 114 36 18 15 0 0 7 0 
P174 2021 11 7 17 40 105 159 94 0 9 0 0 0 0 0 0 22 0 136 61 0 0 0 0 9 0 43 0 75 106 185 61 -999 
P174 2021 12 83 107 60 60 4 0 16 35 0 11 0 0 0 0 32 93 220 175 25 0 50 65 0 41 29 0 0 38 0 46 0 
P174 2022 1 0 0 26 0 0 0 0 0 79 87 136 54 0 0 137 81 65 0 13 45 95 78 237 117 62 0 76 92 134 72 62 
P174 2022 2 204 57 24 89 123 0 250 312 81 146 334 246 334 105 205 164 120 204 47 67 0 50 160 32 121 234 171 0 -999 -999 -999 
P174 2022 3 14 27 0 0 236 211 90 153 90 84 140 113 176 0 0 0 0 0 22 0 17 0 2 0 0 0 0 0 49 13 0 
P174 2022 4 0 0 0 0 0 0 0 25 0 17 34 0 0 24 29 42 0 0 0 0 0 0 0 9 7 2 0 0 13 0 -999 
P174 2022 5 0 0 0 11 0 0 0 29 0 0 49 62 100 119 0 51 0 28 0 26 0 0 0 0 0 69 0 19 0 0 11 
P174 2022 6 0 3 0 0 0 19 0 0 0 0 0 5 0 0 0 0 0 0 0 0 0 0 0 0 0 0 0 0 0 0 -999 
P174 2022 7 0 0 0 0 0 0 0 0 0 0 0 0 0 0 0 0 0 0 0 0 0 0 0 0 8 0 0 0 0 6 0 
P174 2022 8 2 0 0 0 0 0 0 0 0 0 0 0 0 0 0 5 0 0 0 0 0 0 0 0 0 0 0 0 0 0 0 
P174 2022 9 0 0 0 0 0 0 0 0 0 0 0 0 0 0 35 0 0 0 4 5 0 0 0 0 0 0 0 0 0 0 -999 
P174 2022 10 0 0 0 7 0 0 0 0 32 62 109 0 0 0 50 28 14 10 0 0 0 0 20 0 0 0 0 0 0 65 37 
P174 2022 11 56 0 0 0 0 0 0 0 0 25 0 0 0 0 0 0 0 4 0 26 0 0 0 2 0 0 0 0 10 0 -999 
P174 2022 12 32 0 197 309 98 120 0 0 160 57 0 0 0 0 0 0 10 5 11 62 114 119 170 134 0 38 54 104 0 0 6 
P174 2023 1 14 17 14 9 16 0 0 0 0 0 0 9 0 0 0 0 0 0 0 0 0 12 4 2 0 0 0 0 0 4 0 
P174 2023 2 20 42 20 0 0 12 24 0 22 0 0 23 14 0 28 37 34 30 0 6 0 0 86 38 27 0 0 0 -999 -999 -999 
P174 2023 3 47 49 25 0 0 0 0 0 12 15 0 113 0 0 0 0 0 0 0 0 0 0 10 22 28 0 0 0 0 83 0 
P174 2023 4 0 13 32 110 104 66 0 0 16 0 0 43 160 292 92 0 74 8 0 0 0 0 0 42 161 82 64 0 0 11 -999 
P174 2023 5 0 0 0 0 0 0 0 0 0 0 0 0 27 0 0 29 24 40 0 0 0 0 13 0 0 0 0 0 0 0 0 
P174 2023 6 0 0 0 0 0 0 0 0 0 0 0 0 0 0 0 0 0 0 0 0 0 0 0 0 0 0 0 0 0 0 -999 
P174 2023 7 0 0 0 0 0 0 0 0 0 0 0 0 0 0 0 0 7 10 14 0 0 4 0 0 0 0 0 0 0 0 0 
P174 2023 8 0 0 0 0 0 0 0 0 0 0 0 0 0 0 0 0 0 0 0 0 0 0 0 0 0 0 0 0 0 8 0 
P174 2023 9 0 0 0 0 0 0 0 0 0 0 0 0 0 0 0 0 0 0 0 0 0 0 0 0 0 0 0 32 0 0 -999 
P174 2023 10 0 0 14 0 8 5 0 0 0 22 0 0 0 40 77 25 10 0 0 0 0 6 0 0 0 0 0 0 15 0 0 
P174 2023 11 176 69 0 0 0 0 0 41 36 79 0 19 0 0 0 0 0 0 0 0 0 0 0 0 0 0 0 0 0 0 -999 
P174 2023 12 0 0 0 0 0 0 0 0 0 0 0 0 0 3 0 6 0 0 0 0 0 0 0 20 0 7 10 0 0 0 0 
P174 2024 1 0 23 34 0 26 87 175 157 122 0 29 33 0 107 91 51 0 115 0 0 0 0 0 0 0 0 0 0 20 0 0 
P174 2024 2 255 209 350 50 0 26 0 0 0 0 0 0 0 0 15 0 0 0 0 0 41 0 0 231 110 0 0 0 -999 -999 -999 
P174 2024 3 0 0 0 0 69 62 0 0 0 0 0 0 0 13 0 0 17 0 0 0 0 20 0 0 165 407 281 38 0 52 0 
P174 2024 4 54 80 0 52 20 14 0 0 0 0 0 0 5 8 11 2 0 0 8 0 0 0 25 23 0 0 27 0 4 3 -999 
P174 2024 5 1 0 0 0 0 0 0 0 0 0 0 0 0 0 0 0 0 0 0 0 0 1 0 3 0 0 0 0 0 0 0 
P174 2024 6 0 0 0 0 11 0 0 0 0 25 0 0 0 0 0 0 0 0 0 0 0 0 0 0 16 16 0 0 0 0 -999 
P174 2024 7 0 0 0 0 0 0 0 0 0 0 0 0 0 0 0 0 0 0 0 0 0 0 0 0 0 0 0 10 0 0 0 
P174 2024 8 0 0 0 0 0 0 0 0 0 0 0 0 0 0 0 0 0 0 0 0 0 0 0 0 0 0 0 0 0 0 33 
P174 2024 9 0 0 0 0 0 6 15 0 0 0 0 0 0 0 0 0 0 0 0 0 0 0 0 0 0 0 0 0 0 0 -999 
P174 2024 10 0 0 0 0 0 0 0 0 0 0 19 0 4 0 93 105 0 0 26 0 0 0 26 0 33 0 0 0 0 0 0 
P174 2024 11 0 31 19 22 0 0 0 0 0 0 0 0 0 71 0 0 0 0 0 0 0 0 71 0 0 0 0 6 8 0 -999 
P174 2024 12 0 0 10 27 0 0 0 0 0 0 0 0 0 21 0 0 24 0 0 12 0 0 24 0 20 57 0 5 0 2 0 
P174 2025 1 0 0 0 0 0 0 0 0 0 0 21 54 0 21 28 0 0 0 21 46 53 59 70 77 96 68 52 6 28 0 0 
P174 2025 2 0 34 12 0 47 0 0 74 116 55 0 58 0 57 0 44 0 8 28 71 0 68 0 0 0 0 0 0 -999 -999 -999 
P174 2025 3 0 0 13 48 58 135 370 0 9 0 0 0 0 0 0 0 30 59 88 85 140 0 100 416 150 27 0 0 2 0 32 
P174 2025 4 26 0 0 0 0 2 0 0 0 0 0 0 0 16 56 0 5 5 29 0 15 0 0 0 0 0 0 0 0 0 -999 
P174 2025 5 0 0 45 60 0 30 42 44 42 38 0 0 0 24 0 0 35 24 0 0 0 5 0 0 44 0 0 0 0 26 0 
P174 2025 6 0 0 0 15 62 0 0 0 0 0 8 0 8 0 0 0 1 0 0 0 0 0 0 0 0 0 0 0 0 15 -999 
P174 2025 7 0 0 0 0 0 0 0 0 0 0 0 0 0 0 0 0 0 0 0 0 0 0 0 0 0 0 0 0 0 0 0 
P174 2025 8 0 0 0 0 0 0 0 0 0 0 0 0 0 0 0 0 0 0 0 0 0 0 0 0 0 0 0 0 0 0 0 
P174 2025 9 0 0 10 0 0 0 0 0 0 0 0 0 0 0 0 0 0 0 0 0 3 4 0 4 0 0 0 0 18 0 -999 
P174 2025 10 16 0 0 0 0 0 0 0 31 5 1 0 7 0 12 0 0 5 0 0 0 0 0 0 0 93 116 221 0 0 0 
P174 2025 11 0 0 0 0 2 0 0 0 0 0 0 0 0 0 7 28 0 0 0 0 0 0 0 0 0 0 0 0 0 0 -999 
P174 2025 12 0 134 0 42 0 33 95 0 0 0 0 0 0 0 0 0 22 0 0 35 0 0 21 51 100 35 0 0 0 0 0 
P174 2026 1 0 0 0 0 4 25 0 0 0 0 0 229 264 0 0 172 260 154 35 0 10 0 0 43 0 35 68 22 0 0 0 
P174 2026 2 0 0 55 0 0 32 12 0 0 16 0 0 0 0 7 0 21 65 151 370 64 76 47 0 14 46 13 0 -999 -999 -999 
P174 2026 3 32 12 0 2 5 0 0 1 0 2 0 0 0 0 0 0 18 0 34 59 87 155 207 62 0 4 0 0 0 0 0 
P174 2026 4 0 0 0 10 0 0 0 62 73 115 240 0 144 87 0 0 0 0 0 0 0 0 0 0 0 0 98 62 82 123 -999 
P174 2026 5 0 0 0 0 6 5 0 15 0 0 0 0 0 0 0 0 0 21 0 0 0 0 15 0 0 61 50 21 0 0 0 
P174 2026 6 0 0 0 0 0 0 0 0 15 0 0 0 0 0 0 0 0 0 0 0 0 0 0 0 0 0 0 0 0 0 -999 
P174 2026 7 0 0 0 0 0 0 0 0 0 0 0 0 0 0 0 0 0 0 0 0 0 0 0 0 0 0 0 0 0 0 0 
P174 2026 8 0 0 0 0 0 0 0 0 0 0 0 0 0 0 0 0 0 0 0 0 0 0 0 0 0 0 0 0 0 0 7 
P174 2026 9 0 0 0 0 0 0 4 0 5 0 0 0 0 0 0 0 0 11 0 25 0 0 0 0 0 0 0 11 19 11 -999 
P174 2026 10 5 0 0 10 12 0 0 0 0 0 0 0 26 29 0 60 0 0 0 0 0 0 0 22 36 0 5 0 49 0 161 
P174 2026 11 0 15 15 12 0 0 0 6 35 101 113 12 0 0 0 0 0 0 0 0 0 0 0 0 0 0 0 0 0 0 -999 
P174 2026 12 0 0 26 0 58 54 27 26 131 132 0 0 0 0 71 60 137 162 89 100 0 0 40 0 0 0 0 0 0 32 0 
P174 2027 1 0 55 128 117 113 0 0 110 62 58 0 12 2 0 0 0 0 14 66 118 52 18 0 0 13 0 0 0 18 0 0 
P174 2027 2 15 0 0 0 0 17 0 0 21 16 0 56 95 242 125 454 147 157 0 0 0 67 141 0 95 78 53 64 -999 -999 -999 
P174 2027 3 162 72 30 0 72 0 68 0 0 0 0 0 0 35 0 41 40 37 74 42 0 0 0 0 26 67 0 190 0 0 43 
P174 2027 4 44 0 50 158 0 17 54 0 0 0 0 0 37 60 0 108 120 128 67 58 193 54 48 43 70 19 0 0 0 20 -999 
P174 2027 5 23 0 0 0 43 13 0 4 0 0 0 0 6 0 0 0 0 0 0 0 0 0 21 0 39 0 17 0 15 0 0 
P174 2027 6 0 0 0 0 14 0 0 0 0 0 0 0 0 6 0 0 0 0 0 7 0 0 0 2 0 0 14 0 0 0 -999 
P174 2027 7 0 0 0 0 0 15 0 0 9 0 0 0 0 0 0 0 0 0 0 0 0 0 0 0 0 3 0 0 0 0 0 
P174 2027 8 0 0 0 14 11 0 0 0 9 10 0 0 0 0 0 0 0 0 0 0 0 0 0 0 0 0 0 0 0 0 0 
P174 2027 9 0 0 0 0 0 0 0 0 0 0 6 0 0 12 0 0 5 0 0 3 0 0 0 0 0 0 0 0 0 0 -999 
P174 2027 10 0 0 0 0 0 0 9 0 0 0 0 0 0 0 0 0 0 0 0 0 73 0 0 0 0 0 20 0 21 13 0 
P174 2027 11 0 0 300 173 0 0 0 0 0 0 0 0 0 0 82 12 0 0 4 0 0 0 114 137 154 114 124 90 305 0 -999 
P174 2027 12 111 367 183 19 43 208 393 0 0 100 0 96 11 36 0 0 28 0 0 0 0 0 0 0 0 0 0 0 0 19 0 
P174 2028 1 43 0 0 0 16 22 0 0 0 142 24 63 108 169 153 18 0 0 0 0 0 0 0 0 0 0 15 0 0 0 0 
P174 2028 2 0 0 0 0 0 0 0 0 0 0 0 0 0 0 0 0 10 30 0 14 30 52 42 19 29 93 76 93 -999 -999 -999 
P174 2028 3 83 0 66 28 0 0 16 13 24 28 44 32 28 36 43 0 79 35 16 0 3 33 40 26 0 0 0 0 0 0 0 
P174 2028 4 0 39 32 32 0 37 44 74 0 0 0 0 19 0 0 4 0 23 0 0 0 0 0 10 10 12 0 34 0 0 -999 
P174 2028 5 0 0 0 0 0 0 0 0 0 0 0 0 0 5 0 0 5 0 0 0 0 0 0 0 0 0 0 0 0 15 29 
P174 2028 6 16 0 0 0 0 9 0 0 0 0 0 0 0 0 0 0 0 0 0 0 0 0 0 0 0 0 0 0 0 0 -999 
P174 2028 7 0 0 0 0 0 0 0 0 8 0 0 0 0 0 0 0 0 0 7 0 0 0 13 0 0 13 0 0 0 0 0 
P174 2028 8 0 0 0 0 0 0 0 0 0 0 0 0 0 0 0 0 12 0 0 0 11 0 0 0 0 2 0 0 0 0 0 
P174 2028 9 17 11 0 15 0 0 0 13 9 0 0 0 0 0 0 0 0 0 0 7 8 0 14 0 0 10 11 15 0 0 -999 
P174 2028 10 0 0 0 0 0 0 0 6 13 17 23 4 0 0 0 0 23 42 0 92 42 13 0 0 0 0 0 0 0 25 45 
P174 2028 11 63 30 0 0 0 0 0 0 58 84 30 9 0 34 0 50 0 0 0 0 0 0 0 0 0 0 0 0 0 0 -999 
P174 2028 12 0 0 43 43 42 54 0 0 0 14 0 0 0 0 14 0 3 4 36 77 72 0 95 61 0 0 18 0 0 0 0 
P174 2029 1 6 55 86 0 8 81 340 84 0 0 0 10 0 0 0 108 0 0 15 0 0 0 0 0 59 235 287 121 0 0 0 
P174 2029 2 17 0 0 0 0 0 0 0 0 0 28 12 6 0 0 0 0 0 7 0 0 56 0 20 0 0 52 0 -999 -999 -999 
P174 2029 3 0 0 15 0 0 0 0 0 0 0 0 0 0 0 0 0 26 0 24 35 43 43 87 71 33 0 0 0 8 0 0 
P174 2029 4 10 0 0 0 11 29 33 10 0 14 0 26 54 60 0 9 0 0 0 29 22 9 0 0 0 0 0 0 0 8 -999 
P174 2029 5 0 0 65 117 34 27 0 0 0 0 0 0 0 0 0 0 0 0 0 0 0 24 21 0 0 0 0 0 0 0 0 
P174 2029 6 0 0 0 23 30 0 0 10 0 5 0 0 0 0 0 0 0 0 0 0 0 0 0 0 0 0 0 8 0 0 -999 
P174 2029 7 9 0 0 0 0 0 0 0 0 0 0 0 0 0 0 0 0 0 0 0 0 0 0 0 0 0 0 0 0 0 0 
P174 2029 8 12 0 0 0 0 0 0 0 0 0 0 0 0 0 12 0 12 0 0 1 0 0 0 0 0 0 0 0 0 0 0 
P174 2029 9 0 0 0 0 0 16 0 0 0 0 0 0 0 0 0 14 14 0 0 0 0 0 0 69 12 29 19 0 122 135 -999 
P174 2029 10 118 27 0 9 16 15 0 0 6 0 0 0 0 0 69 33 0 0 31 0 0 0 0 17 0 0 12 12 0 0 0 
P174 2029 11 5 16 49 114 53 0 0 0 0 60 0 0 0 0 0 0 0 0 14 0 0 18 0 65 11 0 0 71 197 74 -999 
P174 2029 12 0 12 36 0 0 12 0 0 0 0 0 0 0 0 0 24 23 0 43 25 0 0 10 0 0 0 0 0 0 42 205 
P174 2030 1 0 30 0 0 66 36 112 0 35 0 45 99 69 32 0 0 0 0 0 0 36 34 15 0 16 45 25 67 202 230 207 
P174 2030 2 367 208 110 0 0 0 0 97 110 0 99 0 0 0 0 0 0 0 0 0 15 0 0 0 0 0 0 0 -999 -999 -999 
P174 2030 3 0 0 0 68 0 0 150 44 0 0 93 0 0 0 22 33 18 0 32 0 0 98 0 12 0 10 0 0 0 0 0 
P174 2030 4 0 0 18 0 0 0 0 0 0 0 39 0 0 185 134 146 178 336 0 0 47 77 58 0 0 60 0 0 0 0 -999 
P174 2030 5 0 0 0 0 0 0 0 0 24 0 21 0 91 0 51 80 0 23 0 0 5 0 0 0 0 0 0 0 0 0 13 
P174 2030 6 0 0 15 0 23 0 36 0 0 35 26 0 29 31 15 0 0 0 0 0 0 0 0 0 0 0 5 0 0 0 -999 
P174 2030 7 0 0 0 0 0 0 0 0 0 0 0 0 0 0 0 0 0 0 0 0 0 0 0 0 4 0 0 0 0 0 0 
P174 2030 8 0 0 0 0 0 0 0 0 0 0 0 0 0 0 0 0 9 16 0 0 0 0 0 0 12 0 0 0 0 0 0 
P174 2030 9 0 0 0 0 0 0 0 19 0 0 0 0 0 0 0 26 35 0 0 0 0 28 11 9 0 0 0 0 0 0 -999 
P174 2030 10 0 0 0 0 0 0 0 0 0 60 87 53 30 0 0 0 0 24 8 0 0 0 0 0 0 0 0 0 0 43 0 
P174 2030 11 47 38 58 108 235 199 0 24 74 0 0 0 0 0 0 0 0 0 0 6 0 0 0 1 0 6 0 0 0 147 -999 
P174 2030 12 288 0 0 0 149 121 0 48 0 0 0 0 0 0 0 0 0 0 0 0 0 0 0 0 0 0 0 0 0 0 0 
P174 2031 1 0 0 0 0 0 27 0 0 0 0 0 13 66 232 114 0 0 0 161 46 0 67 70 116 72 72 48 37 83 107 96 
P174 2031 2 77 0 0 35 16 70 69 0 50 63 41 0 0 0 0 0 0 81 0 0 0 0 0 0 0 0 46 63 -999 -999 -999 
P174 2031 3 56 76 0 46 0 0 0 39 46 56 0 0 84 166 109 0 74 90 0 35 64 0 37 0 0 95 102 52 56 30 45 
P174 2031 4 47 68 48 66 102 133 39 0 0 1 0 0 28 0 0 0 0 0 19 0 0 0 0 32 30 0 0 0 0 0 -999 
P174 2031 5 0 33 0 0 0 0 34 70 0 0 0 0 0 0 0 15 0 0 0 0 0 0 0 0 0 0 0 0 0 10 0 
P174 2031 6 0 0 0 0 0 0 0 0 0 0 0 0 0 0 0 0 0 0 0 0 0 0 0 0 0 0 0 0 0 0 -999 
P174 2031 7 0 5 5 0 0 0 0 0 0 0 0 0 0 0 0 0 0 0 0 0 0 0 0 0 0 0 0 0 0 0 5 
P174 2031 8 0 0 0 0 0 0 0 0 0 0 0 0 0 0 0 0 0 0 0 28 25 10 1 5 0 0 0 1 0 0 0 
P174 2031 9 2 0 0 0 0 0 0 0 0 0 0 45 9 0 0 0 0 0 0 36 37 0 0 15 0 0 0 0 44 21 -999 
P174 2031 10 8 0 0 0 0 0 10 18 0 0 33 0 40 0 88 102 0 0 0 24 0 0 0 0 48 0 0 0 23 44 104 
P174 2031 11 147 123 51 0 0 0 0 5 20 0 14 0 93 54 77 104 0 0 0 16 0 0 0 0 22 0 0 0 0 66 -999 
P174 2031 12 72 218 371 148 88 71 0 21 0 0 0 0 0 0 14 8 0 0 0 0 0 5 0 61 60 45 46 32 0 74 0 
P174 2032 1 237 330 0 0 101 266 76 307 470 0 7 4 0 0 0 0 31 0 149 0 0 0 0 0 0 0 23 0 35 73 0 
P174 2032 2 116 122 0 36 79 0 0 0 0 0 0 7 0 0 0 0 0 12 0 0 0 0 0 0 0 71 27 0 -999 -999 -999 
P174 2032 3 0 12 3 0 0 0 80 0 0 0 2 0 0 0 0 0 0 0 37 0 0 32 0 30 0 0 31 0 24 0 0 
P174 2032 4 8 0 76 135 0 66 0 56 50 29 0 45 0 0 0 0 0 0 0 31 153 206 202 58 46 13 0 0 0 41 -999 
P174 2032 5 0 0 0 42 25 45 0 0 41 0 0 40 0 0 21 0 41 0 0 20 0 0 0 0 0 0 0 0 0 0 0 
P174 2032 6 0 0 0 0 0 0 0 0 0 0 0 39 0 0 0 0 0 0 2 0 0 0 0 0 0 0 0 31 0 0 -999 
P174 2032 7 9 0 0 0 0 0 0 0 0 0 0 0 0 0 0 0 0 0 0 0 0 0 0 0 0 0 0 0 0 6 0 
P174 2032 8 0 0 0 0 0 0 0 0 0 0 0 0 0 0 0 0 0 0 0 0 0 0 15 0 0 0 0 0 0 0 0 
P174 2032 9 0 0 0 0 0 0 0 0 0 0 0 0 0 0 0 0 0 0 0 0 0 0 6 0 0 0 0 0 0 11 -999 
P174 2032 10 0 6 0 0 0 0 0 0 0 0 0 36 24 0 0 33 0 33 95 94 0 160 0 0 0 0 0 0 0 0 0 
P174 2032 11 0 0 0 70 103 82 77 0 37 28 0 27 85 0 0 0 31 0 0 148 80 28 56 100 43 92 0 79 0 0 -999 
P174 2032 12 0 0 0 0 0 50 0 35 0 0 91 0 0 0 0 0 0 1 0 0 0 0 0 0 0 33 0 22 0 9 149 
P174 2033 1 138 54 0 0 0 0 23 0 10 0 0 3 0 0 0 0 0 0 0 0 0 0 0 0 18 18 33 28 0 0 4 
P174 2033 2 0 0 0 0 0 0 0 54 28 47 24 0 33 0 119 223 349 0 151 229 286 248 143 67 110 0 0 18 -999 -999 -999 
P174 2033 3 0 0 0 0 0 0 0 12 0 0 0 0 68 93 94 17 34 46 107 0 135 73 76 72 97 12 0 0 35 17 38 
P174 2033 4 132 27 15 0 49 0 9 16 38 28 11 5 10 0 0 0 0 39 59 91 0 0 0 0 80 0 0 0 0 0 -999 
P174 2033 5 0 3 0 0 0 0 0 0 0 8 0 0 0 0 0 0 0 0 14 0 0 0 0 0 0 0 0 0 0 0 0 
P174 2033 6 0 0 0 10 0 0 0 0 0 0 0 0 2 0 0 0 0 0 0 0 0 0 4 0 0 0 0 0 0 0 -999 
P174 2033 7 0 0 0 0 0 0 0 0 0 0 8 0 0 0 10 0 12 0 0 0 0 0 0 0 0 0 0 0 0 0 0 
P174 2033 8 0 0 0 0 0 0 0 0 0 0 0 0 0 0 0 0 0 0 0 0 0 0 0 0 0 0 0 0 11 0 0 
P174 2033 9 5 7 0 0 0 0 0 15 0 0 13 5 6 0 0 0 0 0 0 0 8 5 0 0 0 0 0 0 0 0 -999 
P174 2033 10 0 0 0 0 0 0 0 0 0 0 0 10 0 0 19 58 82 0 189 0 0 0 0 18 0 0 0 0 0 0 0 
P174 2033 11 0 27 160 288 48 215 0 0 0 0 0 0 0 23 208 0 4 24 0 0 0 0 0 0 0 0 0 0 0 0 -999 
P174 2033 12 0 0 130 95 21 57 0 0 0 0 23 0 8 0 0 2 0 0 0 0 0 25 71 0 35 0 20 17 17 20 26 
P174 2034 1 0 0 0 0 0 0 0 0 0 4 6 0 0 0 0 0 1 0 0 0 27 28 0 0 123 146 110 0 0 0 0 
P174 2034 2 0 0 0 0 20 48 107 0 82 95 141 46 4 0 0 0 0 76 221 0 0 39 104 0 0 0 0 0 -999 -999 -999 
P174 2034 3 0 7 0 0 0 0 0 27 0 39 0 0 0 0 0 9 0 0 0 0 0 0 0 0 0 0 47 33 77 0 0 
P174 2034 4 0 0 0 123 0 58 10 0 37 0 37 16 0 0 25 31 45 22 0 32 0 103 93 0 0 18 0 1 0 0 -999 
P174 2034 5 0 0 0 0 6 0 0 0 0 0 0 0 0 0 0 0 0 11 15 0 14 0 0 0 0 0 20 0 45 36 38 
P174 2034 6 0 93 0 0 0 0 0 0 0 0 0 0 0 5 0 0 0 0 0 10 0 0 0 0 5 0 0 0 0 0 -999 
P174 2034 7 0 0 0 0 0 0 0 0 0 0 0 0 0 0 0 0 0 0 0 0 0 0 0 0 0 0 0 0 0 0 0 
P174 2034 8 0 0 0 0 0 0 0 0 0 0 0 0 0 0 0 0 0 0 3 0 0 0 0 0 0 0 0 0 0 0 15 
P174 2034 9 0 0 0 0 0 5 0 0 20 0 0 14 12 0 0 14 0 12 0 0 0 0 10 0 0 0 0 11 0 5 -999 
P174 2034 10 0 0 0 0 0 0 0 0 0 0 0 14 0 8 0 0 0 0 6 0 0 26 54 0 0 0 0 0 0 0 0 
P174 2034 11 0 0 23 0 34 0 0 0 0 0 0 0 0 0 0 0 0 0 0 0 0 23 23 0 45 0 96 60 36 0 -999 
P174 2034 12 0 34 0 0 0 0 0 3 0 0 0 0 0 0 0 0 29 30 0 0 40 49 83 0 0 178 138 0 45 97 0 
P174 2035 1 0 70 98 129 72 0 50 38 0 0 0 10 6 6 0 0 0 0 0 27 0 0 3 0 0 0 0 0 0 0 0 
P174 2035 2 0 0 0 0 0 0 0 0 0 0 0 23 28 0 0 16 0 0 0 37 7 0 0 118 0 0 77 36 -999 -999 -999 
P174 2035 3 0 71 0 0 0 0 13 0 34 0 0 0 0 0 0 0 0 0 0 0 8 0 0 0 0 23 0 88 0 30 0 
P174 2035 4 73 0 0 0 0 98 37 67 0 25 0 0 0 0 0 42 0 0 38 36 85 71 86 66 39 18 0 30 38 0 -999 
P174 2035 5 23 41 11 13 0 0 0 61 20 0 0 0 0 0 0 0 0 0 0 0 0 0 0 0 0 0 0 5 0 0 0 
P174 2035 6 0 0 0 0 7 0 0 3 0 0 0 0 0 0 0 0 0 0 0 0 0 0 0 6 0 0 0 0 0 0 -999 
P174 2035 7 0 0 0 0 0 0 0 0 0 0 0 0 0 0 0 0 0 0 0 0 0 0 0 0 0 0 0 0 0 0 0 
P174 2035 8 0 0 0 0 0 0 0 0 0 0 0 0 0 0 2 0 0 0 0 0 0 0 0 0 7 0 0 0 0 0 0 
P174 2035 9 0 0 0 0 0 0 0 0 0 12 0 18 0 0 0 0 0 0 0 0 0 0 0 10 15 0 29 31 26 0 -999 
P174 2035 10 0 0 0 0 0 0 0 0 0 0 0 0 32 0 62 12 0 0 0 0 128 102 0 23 0 22 0 0 11 9 0 
P174 2035 11 0 43 0 0 0 0 0 0 0 0 0 0 0 0 0 0 0 0 10 0 0 15 18 18 0 0 0 6 0 0 -999 
P174 2035 12 0 0 0 0 0 2 0 0 0 20 13 0 26 0 122 0 47 71 63 40 28 13 25 37 43 0 0 0 19 0 0 
P174 2036 1 134 152 0 43 132 156 126 103 50 228 0 0 0 0 0 0 82 41 82 85 0 0 0 0 0 0 0 22 0 0 0 
P174 2036 2 0 0 0 0 0 0 0 16 0 0 0 0 22 0 11 13 0 0 0 68 45 22 0 0 20 23 0 41 -999 -999 -999 
P174 2036 3 179 143 42 65 0 12 0 0 0 31 13 41 0 68 82 33 38 45 0 0 41 0 56 0 0 101 107 0 0 0 0 
P174 2036 4 257 33 0 70 20 0 16 27 38 44 0 61 10 0 0 0 0 0 0 41 0 0 0 0 42 0 0 0 0 0 -999 
P174 2036 5 0 0 0 0 0 0 0 0 26 0 14 11 0 13 19 0 62 43 0 30 120 114 60 12 0 0 0 0 0 0 0 
P174 2036 6 0 0 0 0 0 0 0 0 0 25 0 14 0 0 0 0 0 0 0 0 0 0 0 0 0 0 0 0 0 0 -999 
P174 2036 7 0 7 0 9 0 0 0 5 0 0 0 0 0 0 0 0 0 0 0 0 0 7 0 0 0 0 0 0 0 0 0 
P174 2036 8 0 0 0 0 0 0 0 0 0 0 0 0 0 0 0 0 0 0 0 0 0 0 0 0 0 0 0 0 0 0 8 
P174 2036 9 0 0 0 0 0 0 5 0 0 0 0 0 0 4 0 0 0 0 0 0 5 0 0 0 0 0 10 0 0 0 -999 
P174 2036 10 44 29 0 0 27 101 43 0 33 61 0 0 0 71 0 0 0 31 0 14 0 0 0 0 0 0 0 0 0 0 0 
P174 2036 11 0 0 8 0 37 79 149 66 0 56 20 0 9 0 0 38 0 0 0 0 0 0 26 0 0 0 10 0 0 0 -999 
P174 2036 12 16 14 0 0 0 0 0 35 38 0 31 51 54 37 29 23 0 15 16 19 0 30 24 0 0 0 86 89 97 317 259 
P174 2037 1 70 66 0 0 50 151 18 0 104 16 29 30 52 94 110 286 256 160 174 84 0 14 16 0 7 0 0 0 0 0 0 
P174 2037 2 0 0 4 0 18 0 0 42 54 42 64 0 52 33 22 36 0 0 118 74 0 24 25 0 0 26 0 21 -999 -999 -999 
P174 2037 3 0 32 79 270 0 60 119 145 76 0 0 24 19 0 0 12 48 35 0 0 45 158 0 181 97 252 126 73 0 11 27 
P174 2037 4 0 0 0 0 0 0 0 0 0 0 0 0 0 74 46 0 0 0 22 19 0 36 61 73 111 81 72 0 28 13 -999 
P174 2037 5 19 0 0 0 30 81 104 0 23 14 7 0 0 0 0 0 0 0 0 0 0 0 0 0 0 0 0 0 0 0 0 
P174 2037 6 0 0 0 0 17 0 30 0 21 11 14 0 0 0 0 21 0 0 12 0 0 0 7 13 0 0 0 0 0 0 -999 
P174 2037 7 0 0 0 0 0 0 0 0 0 0 0 0 0 0 0 0 0 0 0 0 0 0 0 0 0 0 0 8 0 0 0 
P174 2037 8 0 0 0 0 0 0 0 0 0 0 0 0 16 0 0 0 0 0 15 0 0 0 0 0 0 0 0 0 0 0 0 
P174 2037 9 0 0 0 0 0 0 0 0 0 0 0 0 0 0 0 14 0 0 0 0 0 0 0 0 5 33 0 0 0 0 -999 
P174 2037 10 0 0 6 0 30 29 11 0 0 0 15 0 0 0 0 0 0 0 0 0 0 0 0 0 0 6 0 0 0 4 0 
P174 2037 11 0 52 0 0 0 0 0 0 0 0 0 0 0 55 0 87 65 0 1 0 0 7 0 60 51 58 53 46 96 42 -999 
P174 2037 12 0 53 212 233 263 427 204 35 19 0 49 0 0 0 0 0 0 0 0 36 0 0 0 0 28 0 0 0 0 0 0 
P174 2038 1 0 0 0 2 1 0 0 19 42 0 83 247 0 29 0 58 0 25 0 0 30 15 3 0 0 27 61 0 0 0 0 
P174 2038 2 0 33 54 50 63 59 0 29 17 10 0 0 0 0 0 0 0 0 0 0 14 0 13 0 63 66 0 5 -999 -999 -999 
P174 2038 3 7 0 26 0 0 39 0 31 0 0 23 49 57 110 77 100 143 0 12 0 0 0 77 0 0 0 46 16 0 0 3 
P174 2038 4 0 0 56 0 0 0 27 0 0 18 0 0 1 0 0 29 30 17 5 0 0 56 3 3 0 0 0 0 0 0 -999 
P174 2038 5 0 0 0 0 0 0 0 0 16 26 0 0 0 0 0 0 0 15 0 0 0 1 0 0 0 0 0 0 0 0 0 
P174 2038 6 0 0 0 8 8 0 0 0 0 0 0 0 0 0 0 0 0 0 0 0 0 0 0 0 0 11 0 0 0 0 -999 
P174 2038 7 14 0 0 7 0 0 0 0 0 0 0 0 0 0 0 0 0 0 0 0 0 0 0 0 0 0 0 0 0 0 0 
P174 2038 8 0 0 0 0 0 1 0 0 0 0 7 0 0 0 0 0 0 0 0 0 0 0 0 0 0 0 0 16 0 0 0 
P174 2038 9 0 0 0 0 0 0 0 0 0 0 0 0 0 0 0 0 0 0 0 0 0 0 0 0 0 0 0 0 0 0 -999 
P174 2038 10 0 0 0 0 0 0 0 7 0 0 0 0 14 0 0 0 11 37 0 0 0 0 0 0 0 47 50 48 0 0 0 
P174 2038 11 46 14 0 28 92 116 0 34 0 37 85 165 59 16 48 0 32 0 0 0 0 0 0 28 0 0 67 112 0 46 -999 
P174 2038 12 21 6 0 0 0 17 0 0 31 0 0 0 0 0 9 0 0 0 0 0 0 0 0 0 83 0 55 59 191 185 52 
P174 2039 1 0 51 115 106 248 0 25 0 0 0 0 0 174 0 0 144 181 61 0 230 121 53 43 0 205 295 414 141 0 9 0 
P174 2039 2 0 0 0 0 11 0 0 0 0 28 28 0 7 15 47 23 36 20 0 15 66 105 100 62 40 0 104 39 -999 -999 -999 
P174 2039 3 0 8 0 36 35 36 0 0 0 59 0 47 0 0 0 0 0 0 80 0 61 41 0 0 15 0 29 14 0 5 2 
P174 2039 4 2 0 0 0 0 17 0 0 0 0 0 0 0 0 0 0 0 0 0 0 0 0 0 0 0 0 0 0 0 22 -999 
P174 2039 5 0 0 29 0 26 0 0 0 0 77 0 0 8 20 0 49 0 0 19 30 0 24 0 23 0 0 35 37 51 0 0 
P174 2039 6 0 0 0 0 0 0 26 0 64 56 0 0 8 8 0 0 22 0 16 0 0 0 0 0 0 0 0 0 0 0 -999 
P174 2039 7 0 0 0 0 0 0 0 0 0 0 0 0 1 0 0 0 0 0 0 0 0 0 0 0 0 0 0 0 0 0 0 
P174 2039 8 0 0 0 0 0 0 0 0 0 0 0 0 0 0 0 0 0 0 8 0 0 0 0 0 0 0 0 0 9 0 0 
P174 2039 9 0 0 0 0 0 0 0 0 0 0 0 0 5 0 0 0 0 0 0 0 0 5 0 0 0 0 0 0 0 0 -999 
P174 2039 10 0 7 1 0 0 0 0 0 0 0 0 0 0 7 0 0 0 0 56 120 63 75 0 104 0 12 19 65 0 0 0 
P174 2039 11 92 93 0 0 0 8 14 0 0 0 0 0 0 0 0 0 0 8 25 0 0 0 0 13 0 36 0 116 79 50 -999 
P174 2039 12 0 0 0 0 0 6 2 0 0 0 0 0 42 0 72 50 225 477 90 0 17 0 0 0 17 48 0 40 0 11 0 
P174 2040 1 0 0 0 0 0 4 3 0 0 0 0 0 13 12 0 42 51 0 0 125 22 0 0 0 0 0 4 0 0 57 222 
P174 2040 2 64 40 163 108 144 13 0 0 0 0 0 66 0 195 283 146 114 227 279 172 50 61 128 141 71 0 0 0 -999 -999 -999 
P174 2040 3 0 0 86 0 0 0 0 32 31 0 0 0 0 0 16 0 38 19 31 1 0 0 0 0 11 0 16 0 0 0 45 
P174 2040 4 40 0 0 52 89 0 0 0 0 0 23 0 0 0 67 0 0 0 0 0 0 0 0 0 0 0 0 12 0 0 -999 
P174 2040 5 0 0 0 0 0 0 0 7 0 0 0 0 0 0 0 0 0 0 0 0 0 0 0 0 36 0 0 0 0 5 9 
P174 2040 6 0 0 0 0 38 0 0 0 0 28 0 0 0 16 17 0 0 0 0 0 0 0 0 8 0 0 0 0 0 0 -999 
P174 2040 7 0 5 0 0 0 0 0 0 0 0 0 0 0 0 0 0 0 0 0 0 0 0 0 0 0 0 0 0 0 0 0 
P174 2040 8 0 0 0 0 0 0 0 0 0 0 0 0 0 0 10 0 0 0 0 0 0 0 0 0 0 0 0 9 14 0 6 
P174 2040 9 0 0 0 0 0 0 0 0 8 0 0 0 0 15 36 53 0 0 15 0 0 0 0 7 0 0 0 0 0 0 -999 
P174 2040 10 0 0 0 14 0 0 41 86 0 86 0 22 33 0 0 0 160 332 55 10 10 0 21 0 0 0 0 0 0 0 0 
P174 2040 11 0 0 0 3 0 16 0 0 0 9 30 0 0 158 111 224 99 0 0 6 0 0 0 0 0 0 0 40 39 43 -999 
P174 2040 12 0 0 0 0 6 0 0 0 0 0 9 0 0 0 0 0 1 0 0 4 0 0 2 0 0 0 0 0 0 0 0 
P174 2041 1 0 0 0 0 58 82 27 0 30 0 53 0 4 4 34 89 76 0 10 0 0 0 55 181 81 70 372 83 0 133 88 
P174 2041 2 0 11 0 0 0 0 32 65 99 86 86 99 0 0 0 258 50 25 22 0 25 0 0 0 0 3 0 0 -999 -999 -999 
P174 2041 3 0 0 0 0 0 0 37 0 104 85 48 39 0 0 0 0 0 0 0 0 0 0 0 0 12 0 9 0 0 0 0 
P174 2041 4 0 0 0 0 0 0 0 0 28 0 0 0 0 19 28 0 0 0 0 0 0 18 0 2 0 0 4 0 0 0 -999 
P174 2041 5 0 0 36 46 0 73 0 24 0 0 35 0 26 20 0 0 0 36 0 15 0 5 0 0 0 0 0 0 0 0 20 
P174 2041 6 0 0 14 12 7 0 0 19 0 0 21 0 0 0 0 3 0 0 0 28 12 0 0 0 0 0 0 0 0 0 -999 
P174 2041 7 0 0 0 0 0 5 0 0 0 0 0 0 0 0 0 0 0 0 0 1 0 0 0 0 0 0 0 0 0 0 0 
P174 2041 8 0 0 0 3 0 8 0 0 0 0 0 0 0 0 0 0 0 0 0 0 0 0 0 0 0 0 0 0 0 0 0 
P174 2041 9 0 0 0 0 15 7 0 0 0 0 0 0 0 0 0 0 0 0 28 28 14 0 0 10 0 0 0 0 0 0 -999 
P174 2041 10 0 0 0 0 0 0 0 0 0 0 17 0 32 7 0 0 0 0 0 0 0 16 47 0 26 7 0 18 0 0 0 
P174 2041 11 74 189 0 23 9 0 0 0 0 0 0 0 0 30 22 18 0 19 27 0 0 15 0 29 175 0 46 41 47 58 -999 
P174 2041 12 127 185 386 0 0 0 0 0 26 0 0 0 0 0 0 2 0 0 0 20 0 21 0 7 0 0 21 80 107 84 0 
P174 2042 1 52 91 148 171 67 44 0 0 46 111 73 28 0 0 0 43 73 60 116 7 2 0 0 0 0 59 85 85 0 0 0 
P174 2042 2 0 0 21 0 0 0 0 0 20 0 30 25 15 0 11 0 0 0 0 0 0 0 0 60 0 5 0 0 -999 -999 -999 
P174 2042 3 0 0 0 0 0 0 0 0 0 0 0 0 0 0 0 0 0 47 35 53 67 40 66 80 0 81 65 0 0 19 16 
P174 2042 4 0 9 12 0 5 23 33 0 0 0 0 0 0 0 0 78 64 86 0 25 12 0 0 8 0 9 11 0 0 40 -999 
P174 2042 5 38 59 123 0 48 0 50 43 29 0 47 78 134 57 21 0 0 0 0 0 0 0 0 0 0 0 0 0 0 0 17 
P174 2042 6 16 0 0 0 50 36 0 28 0 0 0 0 0 0 0 0 0 7 0 0 5 0 0 0 0 0 0 0 0 0 -999 
P174 2042 7 0 0 0 0 0 0 0 0 0 0 0 0 0 0 0 0 0 0 0 0 0 0 0 0 0 0 0 0 0 0 0 
P174 2042 8 0 0 0 0 0 0 0 0 0 0 0 0 0 0 0 0 0 15 0 0 0 0 0 0 0 0 0 0 0 0 0 
P174 2042 9 0 0 0 0 0 0 0 0 0 0 0 0 0 0 0 0 0 0 0 0 0 0 0 16 0 0 0 0 0 0 -999 
P174 2042 10 0 0 0 0 0 0 0 0 0 0 6 0 0 0 0 0 0 0 0 0 0 0 23 0 0 11 0 0 0 0 0 
P174 2042 11 0 0 18 0 46 28 0 0 36 0 46 0 0 0 0 0 0 13 11 0 0 35 0 10 0 50 0 0 0 31 -999 
P174 2042 12 0 23 12 40 183 0 0 24 0 0 115 0 95 0 0 0 15 0 54 51 0 0 0 0 0 24 88 74 110 214 135 
P174 2043 1 0 9 1 0 0 0 0 2 0 0 23 50 33 43 114 106 140 104 0 0 4 0 0 0 0 0 0 0 0 0 0 
P174 2043 2 0 0 0 0 0 0 0 0 0 81 47 0 14 0 175 164 0 0 0 5 0 23 0 0 0 0 0 0 -999 -999 -999 
P174 2043 3 30 26 0 0 0 17 25 19 0 34 0 88 100 134 75 106 97 0 101 76 34 113 0 103 69 134 0 0 130 158 71 
P174 2043 4 205 180 111 40 0 34 30 64 0 65 39 34 124 0 20 9 0 0 0 0 0 48 0 0 0 0 0 61 126 31 -999 
P174 2043 5 0 0 0 0 0 0 4 6 0 0 0 37 0 0 0 55 65 40 54 86 38 0 0 0 0 0 0 0 0 0 0 
P174 2043 6 0 0 0 0 0 0 0 0 0 0 0 0 0 0 0 0 0 18 0 0 0 0 0 0 0 0 0 0 0 0 -999 
P174 2043 7 0 0 0 0 0 16 0 0 0 0 0 0 0 0 0 0 0 0 0 0 0 0 0 0 0 0 0 0 0 0 0 
P174 2043 8 0 0 0 0 0 9 0 0 0 0 0 0 0 0 0 0 0 0 0 0 0 0 7 0 0 8 14 0 0 0 0 
P174 2043 9 0 0 0 0 0 0 0 0 0 0 0 9 0 0 0 1 0 0 0 0 0 0 0 0 0 0 0 0 0 7 -999 
P174 2043 10 7 0 0 0 0 0 0 0 0 0 0 0 0 0 0 0 0 0 0 0 0 0 22 0 0 3 6 0 10 0 9 
P174 2043 11 0 0 0 54 523 227 0 0 0 0 0 0 0 0 0 0 0 37 80 42 0 0 0 0 115 133 162 64 0 0 -999 
P174 2043 12 0 0 0 106 106 0 0 0 0 0 0 0 0 0 0 0 0 29 0 22 8 7 0 0 0 0 0 0 0 0 0 
P174 2044 1 0 5 0 0 0 0 0 26 29 39 111 107 49 44 34 27 0 223 154 0 138 38 24 85 153 146 0 0 0 0 0 
P174 2044 2 0 0 27 87 20 0 0 0 30 70 0 0 0 0 0 23 54 3 0 0 11 0 0 0 0 0 0 11 -999 -999 -999 
P174 2044 3 33 0 0 0 0 14 0 0 0 0 0 15 12 0 28 46 0 36 0 0 0 0 0 4 0 0 49 0 53 49 49 
P174 2044 4 58 78 62 0 26 0 0 0 91 0 0 0 16 0 0 0 0 34 0 10 0 0 16 0 13 41 48 39 48 42 -999 
P174 2044 5 32 0 0 0 0 48 69 0 95 96 0 86 49 0 42 13 0 16 14 0 0 0 11 0 0 0 0 9 6 0 0 
P174 2044 6 0 0 0 11 0 0 0 0 0 0 9 0 0 15 0 12 0 0 0 0 39 59 17 0 0 0 8 0 0 13 -999 
P174 2044 7 0 0 0 0 0 0 0 0 0 0 0 0 0 0 0 0 0 0 0 0 0 0 0 0 0 0 0 0 0 0 0 
P174 2044 8 0 0 0 0 0 0 0 0 0 0 0 0 0 0 0 0 0 0 0 0 0 0 0 0 0 0 0 6 0 0 0 
P174 2044 9 0 0 1 0 0 0 0 0 0 0 0 0 0 0 0 0 0 0 0 0 29 0 19 19 0 19 0 0 0 12 -999 
P174 2044 10 0 0 0 0 0 0 0 0 0 0 0 0 0 0 0 0 0 0 0 73 14 0 30 0 127 0 0 0 16 0 0 
P174 2044 11 0 0 0 11 0 19 15 0 0 0 73 36 136 91 41 0 38 0 0 42 163 0 0 0 14 0 22 19 0 0 -999 
P174 2044 12 0 0 0 0 0 16 0 0 2 0 0 0 0 0 0 0 36 69 166 455 43 60 0 26 0 54 0 0 0 0 27 
P174 2045 1 47 61 137 0 0 0 45 120 200 132 86 105 0 13 0 0 0 0 0 0 0 0 0 0 0 0 3 25 21 0 76 
P174 2045 2 0 35 11 17 0 55 32 3 0 43 103 158 79 8 11 0 0 0 0 0 84 61 0 0 163 363 443 397 -999 -999 -999 
P174 2045 3 42 0 41 58 0 0 0 75 115 133 98 0 82 128 101 0 52 78 0 0 0 3 0 0 0 0 0 3 0 2 0 
P174 2045 4 0 0 0 7 0 0 0 0 15 0 30 49 17 49 0 54 27 10 23 6 0 20 0 0 0 0 0 0 0 0 -999 
P174 2045 5 0 0 21 0 13 0 0 0 0 0 0 0 19 0 0 0 5 0 0 56 29 45 0 57 47 0 0 52 48 37 14 
P174 2045 6 0 0 0 0 3 4 0 0 0 0 0 0 0 32 0 0 14 0 0 0 0 0 0 0 0 0 0 0 0 0 -999 
P174 2045 7 0 0 0 0 0 0 0 0 0 0 0 0 0 0 0 0 0 0 0 0 0 0 0 0 0 0 0 0 0 0 0 
P174 2045 8 0 0 0 0 0 0 0 0 0 0 0 0 13 0 0 0 0 0 0 0 0 0 0 0 0 0 0 0 0 0 0 
P174 2045 9 0 0 0 0 0 0 0 41 17 0 0 0 0 8 0 1 0 0 0 0 2 0 0 0 0 0 0 0 3 0 -999 
P174 2045 10 0 0 0 0 34 39 24 0 25 0 14 0 0 30 0 0 0 0 0 0 0 0 0 0 0 0 12 0 0 0 0 
P174 2045 11 0 0 0 0 46 12 0 12 0 0 0 0 0 0 0 0 0 80 59 0 0 9 0 0 18 0 0 0 0 0 -999 
P174 2045 12 0 0 0 0 0 0 0 0 27 42 108 0 0 0 0 0 0 0 0 0 9 0 0 152 0 0 18 0 0 0 0 
P174 2046 1 0 0 22 31 16 0 0 0 0 22 0 0 5 0 0 0 36 184 253 278 226 176 127 0 74 154 0 0 0 0 0 
P174 2046 2 77 0 0 0 0 0 0 0 0 0 0 38 48 0 61 0 335 226 0 54 17 18 30 0 28 0 72 0 -999 -999 -999 
P174 2046 3 0 0 0 0 0 0 0 0 23 10 0 3 0 0 0 0 0 0 7 13 11 0 0 0 29 107 0 34 24 27 36 
P174 2046 4 0 16 31 32 0 36 53 87 106 112 0 32 75 89 0 0 113 74 0 37 0 0 71 0 75 47 57 38 39 0 -999 
P174 2046 5 0 0 0 0 0 0 0 0 0 0 0 48 36 0 0 0 0 15 25 30 0 0 83 50 110 41 0 9 0 0 26 
P174 2046 6 0 0 0 0 61 34 0 13 6 0 0 0 0 0 0 10 0 0 7 0 0 0 0 0 0 0 0 0 0 0 -999 
P174 2046 7 0 0 0 0 0 0 0 0 0 0 0 0 0 0 0 0 0 0 0 0 0 0 0 0 0 0 0 0 0 0 0 
P174 2046 8 0 0 0 0 0 0 0 0 0 0 0 0 0 0 0 0 0 0 0 0 10 0 0 0 0 0 0 0 0 0 0 
P174 2046 9 0 0 0 0 0 0 0 0 0 0 0 0 0 0 0 0 0 6 0 0 0 8 0 0 8 0 0 0 0 0 -999 
P174 2046 10 0 0 38 0 0 0 0 0 0 0 0 0 0 0 0 0 0 0 0 2 8 25 0 0 0 0 9 0 0 0 0 
P174 2046 11 47 0 144 121 28 32 10 0 0 0 0 0 0 0 0 0 0 0 0 0 0 0 0 0 0 0 3 0 0 0 -999 
P174 2046 12 0 0 0 0 0 1 0 0 0 0 0 36 35 0 0 0 42 0 23 0 0 0 0 0 13 35 0 1 16 12 0 
P174 2047 1 34 52 187 155 75 65 23 0 36 0 64 0 16 0 0 61 0 0 15 0 0 0 0 0 6 27 0 36 0 0 0 
P174 2047 2 0 0 6 0 22 18 0 28 13 0 17 0 94 0 0 0 23 0 0 108 0 59 66 55 0 0 0 0 -999 -999 -999 
P174 2047 3 0 54 0 0 0 43 0 22 27 0 0 0 0 52 0 0 0 0 0 0 0 0 0 0 0 15 0 0 3 0 0 
P174 2047 4 0 39 43 18 23 24 0 0 0 0 0 21 34 32 0 0 57 75 0 0 0 0 0 0 14 17 25 0 0 31 -999 
P174 2047 5 0 41 0 0 19 48 15 0 0 0 0 0 52 71 0 54 21 0 19 0 0 0 42 0 0 9 7 0 0 3 0 
P174 2047 6 0 0 0 0 0 0 0 0 0 0 0 0 0 0 0 0 0 0 0 0 0 0 0 0 0 0 0 0 0 0 -999 
P174 2047 7 0 0 0 0 0 0 0 0 0 0 0 0 0 0 0 0 0 0 0 5 0 0 0 0 0 0 0 2 0 0 0 
P174 2047 8 0 0 0 0 0 0 0 0 0 0 0 0 0 0 0 0 0 0 0 0 0 0 0 0 0 0 0 0 0 0 0 
P174 2047 9 0 0 0 0 0 0 22 34 0 0 0 0 0 0 0 0 0 0 0 0 0 0 0 0 0 0 13 0 10 0 -999 
P174 2047 10 0 0 0 99 0 12 0 0 0 0 6 0 0 36 0 1 0 0 0 0 0 0 0 0 0 37 52 47 25 33 0 
P174 2047 11 46 0 0 0 7 7 0 17 0 0 0 0 0 0 9 0 27 29 43 53 0 0 0 0 0 0 21 28 27 20 -999 
P174 2047 12 73 0 0 127 395 404 493 190 0 0 0 9 0 0 0 100 0 0 178 158 0 54 58 0 0 37 0 0 0 0 0 
P174 2048 1 9 0 0 0 0 0 0 0 0 0 0 0 0 0 4 0 0 0 0 0 32 32 0 10 14 125 0 12 0 0 98 
P174 2048 2 90 0 17 0 20 0 67 170 18 0 0 0 1 0 0 0 44 0 14 0 0 0 0 13 19 16 0 0 -999 -999 -999 
P174 2048 3 0 0 0 0 0 0 0 0 0 0 16 25 0 0 0 0 33 61 85 64 41 49 0 11 0 0 0 34 31 0 23 
P174 2048 4 0 0 0 0 51 0 87 94 29 0 0 134 144 78 0 49 104 100 200 175 65 35 33 27 0 33 0 20 38 51 -999 
P174 2048 5 0 27 0 0 0 0 0 0 0 0 0 0 0 0 0 0 0 0 11 0 54 0 0 24 0 25 27 52 60 0 0 
P174 2048 6 0 4 0 0 0 0 0 0 0 0 0 0 0 0 2 0 0 0 0 0 0 0 0 0 7 0 0 0 0 0 -999 
P174 2048 7 0 0 0 0 0 8 0 0 5 0 7 0 0 0 2 0 0 0 0 0 0 0 0 0 0 0 0 0 0 0 0 
P174 2048 8 0 0 0 0 0 0 0 0 0 0 14 0 0 0 1 0 0 0 0 0 0 0 0 0 0 1 0 0 0 0 0 
P174 2048 9 0 0 0 0 0 0 0 0 0 0 0 0 0 0 0 0 0 0 0 0 0 0 0 0 0 0 0 0 0 0 -999 
P174 2048 10 0 56 0 0 0 0 0 0 0 0 0 0 0 31 0 57 0 12 0 9 2 14 17 35 0 0 0 0 27 0 0 
P174 2048 11 0 37 20 15 8 18 70 0 0 0 0 0 1 0 0 0 0 0 1 0 0 0 0 0 0 0 0 84 377 300 -999 
P174 2048 12 119 122 122 70 0 0 0 0 0 0 0 0 14 33 49 28 0 73 0 281 54 0 19 0 0 0 0 1 0 0 0 
P174 2049 1 0 68 140 31 0 0 0 21 0 20 43 0 0 19 0 12 0 0 0 0 0 0 0 0 20 0 5 0 0 0 0 
P174 2049 2 0 0 0 0 22 68 100 0 75 137 127 283 420 269 143 414 111 188 115 147 181 116 124 345 176 202 138 0 -999 -999 -999 
P174 2049 3 0 136 136 195 148 75 52 46 95 138 50 24 27 92 27 0 0 61 73 0 38 18 0 0 0 0 0 0 0 0 0 
P174 2049 4 0 0 0 13 39 24 0 0 0 0 0 0 8 0 0 0 0 0 0 0 0 0 0 0 0 0 0 0 0 0 -999 
P174 2049 5 0 20 0 0 0 0 0 0 0 0 0 0 6 11 0 0 14 19 0 0 0 0 0 0 0 0 0 0 0 0 0 
P174 2049 6 0 0 4 4 0 0 0 4 0 0 0 0 0 0 0 0 0 0 0 0 0 0 0 0 0 19 0 0 0 0 -999 
P174 2049 7 0 0 0 0 0 31 0 0 0 0 0 4 0 0 7 0 0 0 0 0 0 0 0 0 0 0 0 0 0 0 0 
P174 2049 8 0 0 0 0 0 0 0 0 0 0 0 0 0 0 0 0 0 0 0 0 0 0 0 0 0 0 0 0 0 0 0 
P174 2049 9 0 0 0 0 0 0 0 0 12 15 0 0 0 0 0 0 5 0 0 0 0 0 0 0 0 0 0 0 0 0 -999 
P174 2049 10 0 0 0 0 0 0 0 8 0 32 0 0 17 0 0 71 0 0 0 0 0 0 0 0 24 27 0 0 0 9 0 
P174 2049 11 0 0 0 0 24 53 180 284 187 0 0 0 0 0 0 0 0 0 11 0 0 5 0 0 0 0 0 100 96 27 -999 
P174 2049 12 0 0 47 0 0 0 18 18 24 50 0 17 0 62 169 134 0 0 1 0 0 0 47 0 58 39 17 10 0 0 0 
P174 2050 1 14 16 8 7 17 0 8 0 0 0 153 185 309 0 101 288 254 210 0 15 0 19 36 39 0 0 0 0 0 0 16 
P174 2050 2 21 0 0 0 0 0 0 82 114 49 12 2 0 0 1 0 3 0 0 0 0 0 0 9 21 15 0 0 -999 -999 -999 
P174 2050 3 0 0 7 0 0 0 0 0 0 0 0 15 26 39 31 34 22 0 84 42 36 44 66 102 131 0 0 0 38 0 0 
P174 2050 4 29 0 0 0 0 15 20 32 23 0 102 152 0 0 2 0 0 0 0 0 0 0 33 0 15 0 0 0 0 0 -999 
P174 2050 5 0 99 0 26 0 0 0 0 0 38 0 0 0 0 0 0 0 0 0 0 0 15 11 0 0 0 0 13 15 0 0 
P174 2050 6 0 0 0 17 0 0 0 0 0 0 9 0 0 0 0 0 0 0 0 0 0 0 0 0 0 0 0 0 0 0 -999 
P174 2050 7 8 0 0 0 0 0 0 0 0 0 0 0 0 0 0 0 0 0 0 0 0 0 0 0 0 0 0 0 0 0 0 
P174 2050 8 0 0 0 0 0 0 0 1 0 0 0 2 0 0 0 0 22 0 0 0 0 0 0 0 0 0 0 0 0 0 0 
P174 2050 9 0 0 0 8 0 1 0 0 0 0 0 0 0 0 20 0 0 0 0 0 0 0 0 0 0 0 19 0 0 0 -999 
P174 2050 10 0 0 24 0 0 28 0 0 21 0 0 0 20 17 65 72 0 0 0 0 0 31 32 0 0 0 0 42 51 0 0 
P174 2050 11 0 33 23 0 0 0 0 0 0 0 0 27 42 0 64 17 7 15 0 0 13 16 55 94 0 0 45 0 0 12 -999 
P174 2050 12 7 0 53 5 0 0 18 20 64 109 0 58 143 186 110 0 0 69 0 0 15 0 0 0 0 0 35 0 0 20 0 
P174 2051 1 38 0 41 0 0 0 0 0 0 40 37 82 217 62 107 0 18 0 14 2 7 0 3 0 0 0 18 0 0 52 0 
P174 2051 2 153 157 0 171 0 33 41 0 0 0 0 0 22 0 31 0 64 43 72 72 0 107 145 0 0 0 0 0 -999 -999 -999 
P174 2051 3 14 0 0 0 59 48 0 0 33 0 0 0 0 91 0 0 59 48 0 0 0 51 0 0 38 36 0 0 0 0 47 
P174 2051 4 0 0 0 24 0 0 44 0 0 0 0 0 0 0 0 0 0 0 0 0 0 0 0 0 0 22 0 79 21 0 -999 
P174 2051 5 0 0 0 0 0 0 0 0 34 0 0 0 0 0 0 13 13 0 0 21 0 0 0 8 0 8 0 0 0 0 0 
P174 2051 6 0 0 25 10 0 14 0 0 25 0 9 0 8 0 0 0 0 0 5 0 0 0 0 0 0 0 0 0 8 0 -999 
P174 2051 7 0 0 0 0 3 0 0 0 0 0 0 0 0 0 9 0 0 0 0 0 0 0 0 0 0 0 0 0 0 0 0 
P174 2051 8 0 0 0 0 0 0 0 0 0 0 0 0 0 0 0 0 0 0 0 0 0 0 0 0 0 0 0 0 0 0 0 
P174 2051 9 0 0 0 0 0 0 0 0 0 0 0 0 0 0 0 0 0 0 0 0 0 0 0 21 0 0 0 0 0 0 -999 
P174 2051 10 0 0 0 0 15 34 0 40 0 16 0 12 19 0 27 0 0 0 0 0 0 0 0 0 15 0 0 87 128 50 0 
P174 2051 11 0 5 0 65 0 0 0 0 0 0 7 0 105 66 0 0 28 62 162 0 0 71 116 53 37 0 0 0 41 58 -999 
P174 2051 12 0 0 0 0 0 237 183 165 55 0 0 52 0 35 0 121 0 42 122 78 0 0 0 0 0 0 0 0 15 0 0 
P174 2052 1 0 31 0 0 10 0 5 0 0 0 0 0 0 0 0 0 0 0 0 0 0 0 0 13 0 0 0 4 0 0 0 
P174 2052 2 0 3 0 10 0 0 0 0 0 0 0 51 0 0 0 0 0 0 46 43 46 16 0 0 68 68 0 0 -999 -999 -999 
P174 2052 3 0 0 0 0 0 0 0 0 0 0 0 0 0 0 66 33 54 33 25 0 100 0 50 45 0 54 25 0 0 0 0 
P174 2052 4 0 0 0 0 0 0 7 4 0 0 0 0 0 0 3 0 0 0 0 0 0 0 12 0 0 0 0 8 0 0 -999 
P174 2052 5 0 0 0 0 0 34 0 33 0 0 26 0 0 0 0 0 0 0 0 0 0 0 0 0 0 19 0 34 10 0 0 
P174 2052 6 3 7 15 0 14 0 12 0 0 15 0 44 0 0 16 0 11 0 0 0 0 0 0 0 7 0 0 0 0 0 -999 
P174 2052 7 0 0 0 0 0 0 0 0 0 0 0 0 0 0 0 0 0 0 0 0 0 0 0 0 0 0 0 0 0 0 0 
P174 2052 8 0 0 0 0 0 0 0 0 0 0 0 0 0 0 0 0 0 0 0 0 0 2 0 0 0 0 0 0 0 0 0 
P174 2052 9 0 0 0 0 0 0 0 0 0 0 0 0 0 0 0 0 0 0 0 0 0 0 0 0 0 0 0 11 0 0 -999 
P174 2052 10 0 15 0 5 0 0 12 8 0 0 10 18 17 9 0 0 0 0 0 0 0 0 0 0 0 0 0 0 0 0 0 
P174 2052 11 0 22 0 0 0 0 0 25 0 0 0 0 0 0 0 19 0 12 0 0 48 0 30 0 88 124 174 0 0 58 -999 
P174 2052 12 52 56 0 29 46 0 0 0 0 264 189 35 0 76 20 10 0 52 0 0 0 0 0 40 0 0 0 3 0 42 17 
P174 2053 1 0 0 0 0 0 0 0 0 17 0 27 0 41 0 32 0 0 0 0 0 8 4 0 0 0 0 0 0 0 0 0 
P174 2053 2 0 95 67 130 126 150 131 31 0 0 0 10 5 0 0 0 0 0 0 0 0 0 0 0 54 55 201 217 -999 -999 -999 
P174 2053 3 216 60 28 28 0 0 0 0 0 0 0 28 27 46 0 41 112 111 81 0 45 0 25 0 0 0 7 22 54 67 0 
P174 2053 4 0 0 0 0 75 0 84 52 0 0 38 53 7 0 0 0 0 0 0 0 0 0 0 0 11 0 0 0 0 0 -999 
P174 2053 5 0 20 0 54 0 96 0 0 0 0 25 0 0 23 24 0 0 16 0 0 37 29 42 51 10 0 0 20 21 16 20 
P174 2053 6 0 11 0 15 0 0 0 16 0 0 0 0 0 0 0 0 11 0 0 0 0 0 0 0 0 0 0 0 0 0 -999 
P174 2053 7 0 0 0 0 0 0 0 0 0 0 0 0 0 0 0 0 0 0 0 0 0 0 0 0 0 0 0 0 0 0 0 
P174 2053 8 0 0 0 0 0 0 0 0 0 0 0 0 10 0 0 0 0 0 0 0 0 0 0 0 0 0 0 0 0 0 0 
P174 2053 9 0 0 0 0 0 0 0 7 0 0 0 0 0 0 0 0 0 0 0 0 0 0 0 0 0 0 0 0 0 0 -999 
P174 2053 10 0 0 0 0 0 5 0 0 0 0 0 0 0 12 0 0 13 25 0 9 18 0 0 19 0 0 0 0 0 19 0 
P174 2053 11 0 0 112 28 0 0 0 0 0 198 99 55 0 32 97 118 124 0 0 0 0 16 0 13 0 0 22 0 0 0 -999 
P174 2053 12 0 0 0 0 0 0 0 0 0 0 0 0 0 0 50 0 19 2 0 0 0 0 19 26 74 95 0 44 118 0 0 
P174 2054 1 0 0 237 113 0 152 0 45 92 85 72 85 132 236 71 101 59 12 0 0 0 0 13 0 0 0 52 294 209 26 0 
P174 2054 2 58 208 115 0 6 7 0 39 0 0 0 0 40 21 0 10 0 0 0 0 0 0 0 0 0 0 0 0 -999 -999 -999 
P174 2054 3 0 0 0 0 0 0 0 0 4 0 3 0 0 0 0 0 0 39 0 0 15 0 54 0 0 0 22 0 75 42 46 
P174 2054 4 0 37 27 25 92 118 146 85 0 0 44 81 16 0 31 55 21 0 0 29 0 0 0 6 0 0 0 61 0 104 -999 
P174 2054 5 53 33 0 30 10 0 0 0 0 22 37 0 0 0 0 40 0 0 21 39 50 87 0 0 88 0 0 0 15 0 0 
P174 2054 6 0 0 0 0 0 0 0 0 0 0 0 0 0 0 0 0 0 0 0 0 0 0 0 0 0 0 0 0 0 0 -999 
P174 2054 7 0 0 0 0 0 0 0 0 0 0 0 0 0 0 0 0 0 0 0 0 0 0 0 0 0 0 0 0 0 0 0 
P174 2054 8 0 0 0 0 2 0 0 0 0 0 0 0 0 0 0 0 0 0 0 20 0 0 0 0 0 0 9 0 0 7 7 
P174 2054 9 0 0 0 0 0 0 0 0 0 0 0 24 0 0 0 0 0 0 0 0 0 19 0 0 0 0 0 11 28 0 -999 
P174 2054 10 0 20 0 0 0 0 0 0 0 0 0 0 0 0 0 0 0 0 0 0 0 0 0 0 79 67 0 13 0 0 0 
P174 2054 11 98 0 0 0 0 14 0 0 129 149 92 65 0 0 212 120 0 25 71 145 55 25 0 0 0 0 51 19 0 33 -999 
P174 2054 12 19 0 9 1 0 0 4 4 0 0 0 102 65 0 0 23 0 19 6 0 0 0 23 52 144 109 119 126 127 0 82 
P174 2055 1 19 0 0 0 17 12 0 43 13 66 113 25 30 0 10 17 55 194 152 28 37 0 0 0 0 8 9 0 0 1 0 
P174 2055 2 0 14 25 53 0 59 101 0 0 0 10 0 0 0 0 0 0 0 0 0 0 16 20 0 0 52 40 17 -999 -999 -999 
P174 2055 3 75 51 0 110 66 49 0 29 0 25 0 47 52 0 0 0 23 0 0 25 0 0 34 57 24 0 0 0 0 0 2 
P174 2055 4 0 0 0 12 0 11 0 14 0 0 34 0 0 3 0 0 0 0 0 37 0 53 13 0 0 0 29 0 0 0 -999 
P174 2055 5 0 0 0 0 0 0 7 6 8 31 78 97 53 0 0 0 0 0 18 0 16 0 0 0 0 58 52 0 0 16 0 
P174 2055 6 0 0 0 0 0 0 0 0 0 0 2 0 0 0 0 0 0 0 0 0 0 0 0 0 0 0 0 0 0 0 -999 
P174 2055 7 0 0 0 0 0 0 0 0 0 0 0 0 0 0 0 0 0 0 0 0 0 0 0 0 0 0 0 0 0 0 4 
P174 2055 8 0 0 0 0 0 0 0 0 0 0 0 0 0 0 0 0 0 0 0 0 0 0 0 0 0 0 0 0 0 0 0 
P174 2055 9 0 0 0 0 0 0 0 0 0 0 0 0 0 0 0 0 0 0 0 0 0 0 0 0 0 0 0 0 0 61 -999 
P174 2055 10 20 0 0 32 0 12 0 0 13 0 47 26 0 0 57 0 0 0 0 0 0 0 0 0 0 0 18 11 0 0 0 
P174 2055 11 0 0 0 0 0 58 100 0 0 12 33 0 0 0 20 48 92 0 0 0 6 0 22 0 0 18 0 52 231 95 -999 
P174 2055 12 32 7 23 0 0 0 0 34 0 0 0 0 39 27 0 0 0 0 0 0 5 14 14 3 0 0 0 35 67 128 66 
P174 2056 1 51 56 27 0 93 81 117 0 0 80 0 4 29 0 0 0 20 0 0 11 12 0 0 49 75 0 0 105 0 0 31 
P174 2056 2 0 93 82 21 157 130 147 0 47 115 195 0 43 176 221 52 0 80 0 0 143 0 0 0 65 7 21 0 -999 -999 -999 
P174 2056 3 51 0 20 30 97 210 133 119 45 115 113 91 111 273 144 10 30 0 90 167 0 0 0 0 0 0 66 100 84 75 0 
P174 2056 4 0 61 0 0 0 4 0 6 0 32 0 0 0 36 0 0 0 26 74 0 5 0 10 0 0 0 0 0 0 0 -999 
P174 2056 5 0 0 0 14 0 0 0 0 0 0 29 35 0 0 0 0 0 0 0 0 0 0 0 0 0 0 0 0 0 0 0 
P174 2056 6 0 0 9 19 0 0 0 0 0 6 0 0 8 0 0 0 8 0 0 0 0 0 22 0 0 0 0 3 0 0 -999 
P174 2056 7 0 0 0 0 0 0 0 0 0 0 0 0 0 0 0 0 0 0 0 0 0 0 0 0 0 0 0 0 0 0 0 
P174 2056 8 0 0 0 0 0 0 0 0 0 0 0 0 0 0 0 0 0 0 0 0 0 0 0 0 0 4 0 0 11 0 0 
P174 2056 9 0 0 0 0 0 0 0 14 0 0 0 5 0 0 14 0 0 0 0 0 0 0 0 0 0 0 0 0 0 0 -999 
P174 2056 10 0 0 12 6 0 0 0 0 0 0 0 0 0 0 0 0 0 0 10 0 7 17 53 50 136 269 0 3 0 0 0 
P174 2056 11 0 41 0 26 0 0 58 90 108 78 43 89 29 19 77 49 0 0 0 0 0 0 0 0 0 0 0 0 0 0 -999 
P174 2056 12 0 0 0 7 0 0 0 0 0 0 0 2 3 10 27 33 0 117 0 18 0 13 0 0 0 0 22 0 47 37 84 
P174 2057 1 81 159 110 0 0 0 0 58 0 0 0 0 19 23 32 64 0 150 214 55 22 7 0 0 0 18 78 311 223 42 0 
P174 2057 2 0 9 0 0 89 0 0 0 32 0 0 0 0 0 0 0 0 0 0 0 0 0 0 39 0 0 132 90 -999 -999 -999 
P174 2057 3 39 49 30 0 3 1 0 10 0 0 0 11 0 26 69 90 95 205 178 98 16 0 0 0 0 1 0 86 56 0 0 
P174 2057 4 0 40 41 0 0 18 0 20 11 0 0 0 51 0 0 0 83 98 0 0 0 0 82 25 0 0 0 0 0 0 -999 
P174 2057 5 0 0 0 43 0 32 30 0 0 26 20 0 0 6 9 0 10 0 0 0 0 0 14 0 0 13 0 18 0 0 2 
P174 2057 6 0 3 0 0 0 0 0 0 0 0 0 0 0 0 0 0 0 0 0 0 0 0 5 0 0 0 0 0 0 5 -999 
P174 2057 7 0 0 0 0 0 0 0 2 0 0 0 5 0 9 0 0 0 0 0 0 0 0 0 0 0 0 10 0 0 0 0 
P174 2057 8 0 0 0 0 0 0 0 0 0 0 0 0 0 0 0 0 0 0 0 0 20 0 0 0 0 0 0 0 0 0 0 
P174 2057 9 9 0 0 0 0 0 0 0 0 0 0 0 0 0 0 0 0 0 0 0 0 18 0 0 0 0 1 0 0 11 -999 
P174 2057 10 0 0 0 0 0 0 0 0 35 0 17 16 52 25 6 0 0 0 0 0 33 0 16 0 58 96 106 54 43 0 7 
P174 2057 11 0 0 0 0 0 0 0 0 0 52 0 0 218 37 17 0 18 0 38 44 29 8 0 0 0 65 0 193 20 79 -999 
P174 2057 12 86 50 0 0 12 0 0 0 0 0 0 0 0 0 0 0 25 0 67 65 0 56 141 179 80 32 44 0 0 3 3 
P174 2058 1 16 40 8 6 0 12 13 10 50 67 0 169 227 101 257 352 124 141 53 0 0 0 0 0 0 0 43 219 266 275 0 
P174 2058 2 0 23 28 50 102 63 0 0 0 0 31 137 0 0 0 0 0 0 14 0 0 0 0 33 0 0 0 0 -999 -999 -999 
P174 2058 3 0 0 26 82 37 0 19 0 0 0 37 0 0 0 0 0 0 17 16 16 0 0 0 0 0 0 0 3 11 12 27 
P174 2058 4 84 0 0 9 5 0 83 20 0 0 12 43 100 66 0 0 0 25 20 0 0 7 0 47 44 54 21 25 23 53 -999 
P174 2058 5 21 19 29 46 0 0 31 0 0 12 0 0 0 0 23 0 0 0 0 0 0 0 0 0 0 0 0 0 0 0 0 
P174 2058 6 0 0 0 0 0 11 0 0 0 34 0 0 14 0 16 22 0 0 0 0 0 11 13 0 0 0 0 0 0 0 -999 
P174 2058 7 0 0 0 0 0 0 0 0 0 0 0 0 0 0 0 0 0 0 0 0 0 0 0 0 0 0 0 0 0 0 0 
P174 2058 8 0 0 0 0 0 0 0 0 0 0 0 0 0 0 0 0 0 0 6 0 0 0 0 0 0 0 0 9 0 0 0 
P174 2058 9 0 0 0 0 0 0 0 0 0 22 0 0 0 0 0 0 0 0 0 0 0 0 0 0 0 0 0 0 0 0 -999 
P174 2058 10 0 0 0 0 0 40 0 8 0 0 0 0 0 0 0 9 0 0 0 26 43 0 33 28 21 0 5 7 7 0 0 
P174 2058 11 0 0 5 0 11 0 22 68 119 0 65 0 0 7 0 0 0 0 1 0 0 0 0 13 0 0 3 5 0 8 -999 
P174 2058 12 0 26 17 0 18 0 0 0 0 0 0 0 0 0 0 0 0 12 0 0 0 0 0 0 0 0 4 0 0 0 0 
P174 2059 1 0 0 0 0 0 20 0 56 12 0 0 0 0 0 0 0 71 0 0 0 0 0 0 0 0 0 0 0 0 0 0 
P174 2059 2 0 10 0 14 0 0 0 0 0 0 61 113 136 62 0 0 2 0 0 1 3 0 14 0 0 0 0 0 -999 -999 -999 
P174 2059 3 1 0 0 0 0 0 0 0 0 0 0 0 0 0 0 0 0 38 0 9 0 0 0 0 25 62 61 77 65 120 110 
P174 2059 4 33 0 0 0 0 0 0 0 77 86 59 0 0 0 15 0 0 0 0 0 0 54 62 158 38 0 12 0 0 0 -999 
P174 2059 5 0 0 0 0 0 0 0 0 0 0 0 0 0 21 0 0 32 0 46 0 0 0 0 22 0 47 24 0 0 14 0 
P174 2059 6 0 0 0 0 0 0 0 0 4 6 0 0 0 0 0 0 0 0 0 0 0 0 0 0 0 0 14 0 0 0 -999 
P174 2059 7 0 0 0 0 0 6 0 0 0 0 0 0 0 0 4 0 0 0 0 0 0 0 0 0 0 0 0 0 2 0 0 
P174 2059 8 0 0 0 0 0 0 0 0 0 0 0 0 0 0 0 0 0 0 0 0 0 0 0 0 44 111 0 0 0 0 0 
P174 2059 9 0 0 0 0 0 0 0 0 0 0 0 0 0 12 0 0 0 1 0 0 0 4 0 0 0 0 0 0 0 20 -999 
P174 2059 10 0 26 16 0 0 18 0 6 0 5 0 0 0 0 0 0 0 0 5 24 0 3 0 0 0 0 94 125 0 0 29 
P174 2059 11 0 56 86 100 64 0 0 0 10 4 0 0 0 0 0 24 33 32 20 0 0 0 0 0 23 0 0 1 0 0 -999 
P174 2059 12 10 0 23 47 0 83 0 29 47 102 54 76 39 3 16 14 0 0 0 0 0 0 17 44 82 203 176 98 82 56 0 
P174 2060 1 0 0 0 73 30 37 34 58 0 0 206 193 180 129 100 74 0 24 0 0 0 0 0 10 0 0 0 0 0 0 0 
P174 2060 2 95 4 6 0 2 0 0 20 0 0 10 0 7 14 0 0 0 0 22 21 0 20 0 0 0 0 0 43 -999 -999 -999 
P174 2060 3 0 0 0 23 0 0 121 0 0 0 0 0 0 0 4 21 0 0 0 0 0 80 0 59 0 36 0 84 79 39 6 
P174 2060 4 53 33 56 35 30 25 41 0 94 107 0 40 33 53 80 38 7 0 12 0 0 0 0 0 0 0 0 9 18 0 -999 
P174 2060 5 0 0 57 0 0 23 0 10 0 0 17 0 0 0 0 0 0 8 0 0 0 0 0 0 4 0 0 0 0 0 0 
P174 2060 6 0 0 0 0 8 28 10 0 0 0 0 0 0 0 0 0 0 0 0 18 0 0 0 0 0 0 0 6 0 0 -999 
P174 2060 7 0 0 0 0 0 0 0 0 0 0 0 0 0 0 0 0 0 0 0 0 0 0 0 0 0 0 0 0 0 0 0 
P174 2060 8 0 11 0 0 0 0 0 0 0 0 0 0 0 0 0 0 0 0 0 0 0 0 0 0 4 0 18 0 0 0 0 
P174 2060 9 0 0 0 0 0 0 0 0 0 0 0 0 13 0 0 0 14 0 0 0 0 0 0 0 0 0 0 0 16 23 -999 
P174 2060 10 29 8 0 7 0 0 0 0 0 0 0 0 0 0 0 0 0 0 0 0 5 0 0 8 0 0 0 0 0 0 0 
P174 2060 11 37 31 0 41 48 75 60 0 120 71 35 88 0 0 0 0 151 180 194 160 63 0 14 28 70 0 35 77 43 0 -999 
P174 2060 12 0 0 0 19 0 0 144 0 0 0 0 0 0 0 0 19 52 37 27 25 0 25 33 43 22 24 0 47 221 134 0 
P174 2061 1 21 44 51 22 0 60 136 0 0 0 0 0 0 0 0 0 0 0 0 0 39 34 49 0 25 21 0 8 0 4 15 
P174 2061 2 28 39 0 12 0 0 0 32 53 51 0 47 0 0 0 0 0 0 0 0 0 44 38 0 0 0 23 46 -999 -999 -999 
P174 2061 3 46 30 0 0 0 0 17 0 65 66 4 0 0 0 61 83 81 142 69 52 0 77 0 0 242 0 21 0 0 0 0 
P174 2061 4 0 119 158 103 25 0 22 0 0 48 0 0 0 0 11 0 0 0 28 0 0 3 0 0 0 0 9 0 0 0 -999 
P174 2061 5 0 0 0 0 0 0 25 0 0 0 0 0 0 0 23 35 0 0 0 0 0 0 0 0 0 0 0 0 0 0 0 
P174 2061 6 0 0 0 0 0 0 0 0 0 0 0 0 0 24 0 0 2 0 0 0 0 0 0 0 0 0 0 0 3 0 -999 
P174 2061 7 0 0 0 0 0 1 0 0 0 0 0 0 0 0 0 0 0 0 0 0 0 0 0 0 0 0 0 0 0 0 0 
P174 2061 8 0 0 0 0 0 0 0 0 0 0 0 0 0 0 0 0 0 0 0 0 0 0 0 0 0 0 0 0 0 0 0 
P174 2061 9 0 0 0 0 0 0 0 0 0 0 0 0 28 0 0 0 0 19 0 0 3 23 0 0 0 0 0 0 0 0 -999 
P174 2061 10 0 0 11 0 0 0 0 0 16 32 41 0 0 0 0 109 0 44 0 153 0 0 174 129 0 0 0 67 64 0 0 
P174 2061 11 0 31 0 17 0 0 0 0 0 112 18 0 0 0 27 39 91 0 0 0 0 0 0 0 0 0 0 0 0 0 -999 
P174 2061 12 0 8 5 0 0 0 0 0 7 0 0 35 0 8 0 45 43 39 38 0 80 142 9 0 0 0 0 0 0 36 0 
P174 2062 1 0 0 9 0 0 0 0 0 0 0 0 0 8 0 0 0 0 44 0 0 0 0 0 9 0 103 89 0 0 0 0 
P174 2062 2 45 0 54 0 0 0 26 25 0 0 22 2 3 11 0 14 0 5 0 0 0 0 0 119 0 110 63 0 -999 -999 -999 
P174 2062 3 0 0 30 36 40 0 7 0 0 37 134 183 355 344 0 0 0 0 0 0 0 40 0 0 0 0 0 0 0 0 0 
P174 2062 4 0 0 0 0 0 0 0 0 0 0 0 6 0 0 0 0 0 0 0 0 6 22 0 0 15 0 0 31 37 55 -999 
P174 2062 5 0 0 1 0 0 0 0 0 48 0 0 8 0 7 0 13 0 0 0 0 0 0 0 0 0 0 18 8 0 0 0 
P174 2062 6 0 0 0 0 0 0 0 0 0 0 0 0 0 0 0 0 0 0 0 0 0 0 0 0 6 0 0 0 0 0 -999 
P174 2062 7 0 0 0 0 0 0 0 0 0 0 0 0 0 5 0 0 0 0 0 0 0 0 0 0 0 0 0 0 0 0 0 
P174 2062 8 0 0 0 0 0 0 0 0 0 2 0 0 0 0 0 0 0 0 0 0 0 0 0 0 0 0 0 0 0 0 0 
P174 2062 9 0 0 0 0 0 0 0 0 0 0 14 0 0 0 0 0 0 0 0 0 0 0 0 0 0 8 0 0 0 0 -999 
P174 2062 10 3 0 30 113 214 200 0 19 0 0 0 0 0 0 1 13 32 0 0 15 0 0 0 0 1 10 17 0 0 0 19 
P174 2062 11 0 0 0 0 0 24 36 0 32 0 0 0 44 91 0 0 0 37 24 0 0 0 55 18 0 43 0 0 0 0 -999 
P174 2062 12 28 0 0 0 0 0 31 17 0 28 0 0 0 0 0 0 0 117 17 0 0 0 0 0 0 0 0 0 0 0 0 
P174 2063 1 131 107 205 64 34 102 0 283 182 33 18 45 139 139 153 236 143 129 141 0 168 0 112 62 107 68 7 9 0 0 0 
P174 2063 2 205 0 37 0 0 0 0 0 0 0 0 81 0 97 148 212 98 0 11 7 4 0 6 0 14 0 4 0 -999 -999 -999 
P174 2063 3 0 0 0 0 0 38 0 52 0 0 87 69 0 87 0 196 65 0 0 0 0 29 25 0 226 134 99 61 70 0 0 
P174 2063 4 0 8 0 0 139 0 0 0 155 41 8 0 0 22 0 10 16 7 0 0 18 17 25 0 0 0 0 0 0 0 -999 
P174 2063 5 0 36 0 0 0 0 0 0 0 0 0 0 45 0 0 0 20 0 11 0 0 5 0 0 0 12 0 0 0 0 0 
P174 2063 6 0 0 0 0 0 0 0 0 0 0 0 0 0 0 0 0 0 0 0 0 0 0 0 0 0 0 0 0 0 0 -999 
P174 2063 7 0 0 0 0 0 0 0 0 0 0 0 0 0 0 0 0 0 0 0 0 0 0 0 0 0 0 0 0 0 0 4 
P174 2063 8 0 0 0 0 0 0 0 0 0 0 0 0 0 0 0 0 0 0 0 0 0 0 13 13 0 0 0 0 0 0 0 
P174 2063 9 0 0 0 0 0 0 0 0 0 0 0 0 0 19 11 20 9 0 13 0 0 0 13 0 0 0 23 24 19 0 -999 
P174 2063 10 1 0 0 0 0 0 0 0 0 0 0 0 0 174 33 0 0 0 0 9 0 12 0 0 0 18 8 0 0 0 0 
P174 2063 11 0 0 0 0 0 0 0 0 0 0 6 7 0 52 0 0 0 0 11 0 68 25 0 8 0 0 20 0 0 0 -999 
P174 2063 12 0 3 0 0 0 0 0 3 0 0 0 0 11 7 21 0 0 0 0 0 0 0 0 0 0 0 0 0 0 0 0 
P174 2064 1 0 0 4 0 0 0 0 0 0 0 0 0 0 0 0 113 18 0 0 0 0 0 0 0 19 52 35 27 29 54 26 
P174 2064 2 0 0 0 41 42 0 36 22 0 2 0 1 0 4 0 0 0 0 0 0 0 0 0 0 0 0 0 8 -999 -999 -999 
P174 2064 3 38 0 16 0 37 77 0 80 95 0 0 23 0 0 123 80 0 88 0 66 0 24 0 26 40 88 0 0 0 0 0 
P174 2064 4 0 30 0 0 0 0 72 0 0 27 30 9 22 0 22 31 15 0 19 0 0 0 0 51 45 0 0 16 0 39 -999 
P174 2064 5 0 0 0 0 16 0 44 0 0 0 0 16 10 0 0 0 0 10 0 28 0 0 19 10 0 1 0 0 0 0 0 
P174 2064 6 0 0 0 0 0 0 0 0 0 0 0 0 0 17 0 0 0 0 0 0 0 4 0 0 0 0 0 0 0 0 -999 
P174 2064 7 0 15 0 0 4 0 0 0 0 0 0 0 0 17 0 0 0 0 0 0 0 0 0 0 0 0 0 0 0 0 0 
P174 2064 8 0 0 0 0 0 0 0 0 0 0 0 0 0 0 0 0 0 0 0 0 0 0 0 0 0 0 0 0 0 0 17 
P174 2064 9 0 40 0 0 9 0 0 0 0 0 0 0 0 0 0 11 0 0 0 0 0 0 0 0 0 0 0 0 0 0 -999 
P174 2064 10 0 0 2 0 22 35 47 51 33 0 0 0 0 0 8 0 0 0 0 0 0 9 0 0 0 0 0 0 0 0 0 
P174 2064 11 0 13 0 16 0 0 0 0 0 0 11 33 0 155 67 0 0 0 0 0 13 0 0 0 0 0 0 0 0 0 -999 
P174 2064 12 43 0 50 0 155 173 124 216 341 89 0 28 0 42 21 0 0 0 4 0 0 15 0 0 0 0 0 0 0 0 0 
P174 2065 1 0 0 0 13 0 0 0 0 44 0 65 85 0 143 22 32 0 0 0 0 13 0 0 0 0 0 0 0 65 65 78 
P174 2065 2 42 0 0 0 0 19 0 0 0 0 0 0 0 175 130 213 193 196 146 138 14 0 0 10 41 0 26 0 -999 -999 -999 
P174 2065 3 0 0 0 0 0 0 0 0 0 0 0 0 0 2 0 0 0 0 14 20 17 0 31 29 67 0 39 101 0 20 0 
P174 2065 4 0 13 25 38 0 97 0 0 1 0 0 0 0 0 0 0 0 0 9 0 0 0 0 0 0 0 0 0 0 0 -999 
P174 2065 5 18 0 0 0 0 0 0 0 5 0 0 0 0 0 0 18 0 0 0 0 29 14 0 0 0 0 0 0 0 0 0 
P174 2065 6 0 24 0 0 0 0 8 16 0 0 0 0 0 0 0 0 0 0 0 0 0 0 0 0 0 4 0 0 6 8 -999 
P174 2065 7 0 0 0 0 0 0 0 0 0 0 0 0 0 4 0 0 0 0 0 0 0 0 0 0 0 0 0 0 0 0 0 
P174 2065 8 0 0 0 0 0 0 0 0 0 0 0 0 0 0 0 0 0 0 0 0 0 0 0 0 0 0 0 0 0 0 0 
P174 2065 9 0 0 8 0 0 0 0 0 0 0 0 0 0 0 0 0 0 0 0 0 0 0 0 0 24 0 0 0 0 0 -999 
P174 2065 10 0 0 0 6 17 0 0 0 21 0 0 22 0 0 42 34 0 0 0 0 0 0 102 133 0 67 122 0 0 86 0 
P174 2065 11 24 2 0 0 0 0 0 0 0 0 0 0 0 0 0 0 6 0 0 0 0 0 20 0 0 0 72 0 14 30 -999 
P174 2065 12 15 0 5 0 3 8 0 0 13 46 0 234 67 0 0 63 31 0 71 172 93 255 217 377 465 493 304 0 0 0 12 
P174 2066 1 0 0 0 0 0 12 11 0 0 0 106 205 0 63 111 78 0 0 164 62 21 116 0 0 0 6 28 28 0 41 56 
P174 2066 2 0 49 27 0 38 38 0 16 38 0 22 13 13 9 0 1 0 0 7 0 17 0 0 10 198 107 0 84 -999 -999 -999 
P174 2066 3 49 0 4 0 0 0 62 0 0 0 0 0 0 0 0 0 0 0 0 0 0 0 0 0 0 41 0 0 11 0 10 
P174 2066 4 0 0 0 0 0 23 30 15 8 22 0 0 21 24 0 0 18 14 0 16 0 6 0 6 32 25 0 0 88 75 -999 
P174 2066 5 16 0 25 0 0 23 0 0 44 0 0 0 0 0 0 0 0 0 45 31 13 0 0 0 0 0 0 0 0 0 0 
P174 2066 6 0 0 0 0 0 0 0 0 0 0 0 0 0 0 0 0 0 0 0 0 0 0 0 0 0 0 0 0 0 0 -999 
P174 2066 7 0 0 0 0 0 0 0 0 0 0 0 0 0 0 0 0 0 11 9 0 0 0 1 0 0 0 0 0 4 0 0 
P174 2066 8 0 0 0 0 0 0 0 0 0 0 0 0 0 0 0 0 0 0 0 4 0 0 0 0 0 0 12 0 0 0 0 
P174 2066 9 0 0 0 0 0 0 0 0 0 0 0 0 10 0 0 0 0 0 0 0 0 0 0 0 0 0 0 0 0 0 -999 
P174 2066 10 0 23 15 0 0 0 0 0 0 0 0 3 7 0 0 0 0 0 0 0 28 17 0 5 0 0 0 57 0 8 0 
P174 2066 11 7 0 0 0 94 40 47 0 38 0 0 0 57 0 5 20 0 0 0 0 0 0 0 0 0 20 0 0 0 0 -999 
P174 2066 12 0 0 26 61 0 5 0 0 1 0 0 0 0 0 228 218 638 482 0 93 38 0 0 0 0 0 0 30 0 145 88 
P174 2067 1 24 0 52 14 22 31 18 0 0 0 63 61 72 80 147 114 113 0 0 207 177 204 178 162 256 196 293 0 25 45 0 
P174 2067 2 134 67 184 68 0 0 0 0 30 65 85 0 0 158 95 11 0 111 209 117 163 0 0 0 0 124 0 11 -999 -999 -999 
P174 2067 3 0 12 0 4 0 1 0 23 38 16 32 0 89 0 4 0 0 0 0 0 17 0 0 0 0 0 0 10 0 0 0 
P174 2067 4 6 0 0 0 0 0 0 0 0 0 7 0 0 0 49 23 0 0 0 19 30 0 39 0 0 18 11 0 0 0 -999 
P174 2067 5 29 40 40 15 21 0 0 9 0 0 39 0 4 0 0 12 0 0 16 31 24 0 18 0 14 0 0 0 0 16 0 
P174 2067 6 0 6 0 6 0 0 0 0 0 0 0 8 4 0 0 0 0 0 10 0 0 0 0 0 0 0 0 0 0 0 -999 
P174 2067 7 0 2 0 0 0 0 0 0 0 0 0 0 0 0 0 0 0 0 0 0 0 0 0 0 0 0 0 0 0 0 0 
P174 2067 8 0 0 0 0 0 0 0 0 0 0 0 4 0 1 0 0 0 0 0 0 0 0 0 0 0 0 0 9 0 0 0 
P174 2067 9 0 0 0 0 0 0 0 0 0 0 0 0 6 0 22 0 2 0 0 0 0 0 0 0 0 0 0 0 5 0 -999 
P174 2067 10 0 0 0 0 0 5 0 0 0 0 9 0 0 0 0 0 0 0 0 0 0 0 15 18 13 0 0 0 0 0 0 
P174 2067 11 0 0 0 0 0 0 11 0 0 1 0 0 1 7 0 0 0 0 0 0 0 0 0 16 0 0 0 5 0 0 -999 
P174 2067 12 12 18 36 30 51 14 6 0 41 0 14 0 45 0 0 0 0 0 0 13 12 0 0 0 3 18 118 63 44 0 0 
P174 2068 1 0 0 0 42 67 191 161 27 31 0 0 0 0 0 0 0 0 0 0 0 0 0 0 0 41 59 15 0 0 23 9 
P174 2068 2 0 0 0 0 0 54 0 0 16 21 0 56 0 0 0 0 0 0 0 0 0 35 19 0 5 0 85 0 -999 -999 -999 
P174 2068 3 0 81 0 53 223 273 51 0 73 50 11 21 0 0 0 0 0 184 52 18 0 76 66 0 0 0 0 0 0 0 0 
P174 2068 4 57 0 21 0 16 0 0 106 86 53 29 16 0 31 0 0 0 7 0 0 0 0 0 27 9 0 0 0 16 7 -999 
P174 2068 5 0 15 0 0 27 29 0 13 16 16 0 0 54 0 0 31 0 0 0 0 25 0 0 16 0 0 0 31 0 0 19 
P174 2068 6 12 19 0 18 13 0 0 0 4 4 0 0 0 0 0 0 0 0 0 0 3 0 0 0 0 0 0 0 0 0 -999 
P174 2068 7 0 0 0 0 0 0 0 0 0 0 0 0 0 0 0 0 0 0 0 2 0 0 0 0 2 0 0 0 0 0 0 
P174 2068 8 0 0 0 0 0 0 0 0 0 0 0 0 0 10 0 0 0 0 0 0 0 0 0 0 0 0 0 0 0 0 0 
P174 2068 9 0 0 0 0 0 0 0 0 0 0 53 0 0 10 0 0 0 0 0 0 0 0 0 0 0 0 4 0 0 0 -999 
P174 2068 10 0 0 0 0 0 0 0 0 15 24 0 22 0 11 0 0 0 0 0 0 0 0 11 0 0 0 0 0 0 0 0 
P174 2068 11 0 37 33 0 8 0 0 0 0 9 10 8 6 0 7 0 0 0 0 70 0 0 0 0 0 0 0 0 0 0 -999 
P174 2068 12 0 0 0 0 13 21 0 110 0 49 0 7 0 209 0 0 0 0 15 44 0 0 54 56 76 101 0 16 34 48 12 
P174 2069 1 73 183 0 0 6 0 0 0 4 0 0 0 10 0 0 0 0 0 0 0 0 0 0 0 0 0 0 0 66 0 28 
P174 2069 2 0 0 65 213 234 0 44 123 157 14 0 8 0 0 0 0 0 0 0 0 131 28 0 0 0 0 26 35 -999 -999 -999 
P174 2069 3 50 0 0 0 0 0 0 11 0 0 0 0 0 0 0 0 0 0 0 0 0 22 0 13 17 33 51 61 63 41 54 
P174 2069 4 0 0 0 0 49 0 36 31 34 31 0 0 0 0 0 0 0 0 13 0 19 0 0 19 0 0 7 0 0 0 -999 
P174 2069 5 0 0 11 0 0 0 2 0 0 16 0 0 32 0 10 33 0 29 0 0 49 0 0 0 0 0 10 0 0 0 0 
P174 2069 6 0 0 0 0 0 0 0 0 0 8 0 0 0 0 0 0 0 0 0 0 0 0 0 0 0 0 0 3 0 0 -999 
P174 2069 7 0 14 0 0 0 0 0 0 0 0 0 0 0 0 0 0 0 0 0 0 0 0 0 0 0 0 0 0 0 0 0 
P174 2069 8 0 0 0 0 0 0 0 0 0 5 0 0 0 0 0 0 0 0 0 0 0 0 4 0 0 0 2 0 0 0 0 
P174 2069 9 0 0 0 0 0 0 0 2 2 0 0 73 0 20 22 22 3 1 0 0 0 0 0 0 0 4 0 0 0 0 -999 
P174 2069 10 0 0 7 0 0 0 0 0 0 0 0 0 0 0 21 29 32 71 105 144 54 31 53 0 0 0 52 110 121 59 0 
P174 2069 11 0 0 29 0 0 0 0 112 84 0 2 0 45 19 0 0 0 0 0 0 0 0 0 0 0 0 9 0 26 0 -999 
P174 2069 12 0 17 0 0 0 32 0 18 0 0 0 0 22 10 8 0 0 0 0 7 0 59 65 0 0 0 0 73 158 0 0 
P174 2070 1 17 26 93 0 0 0 211 0 226 72 118 49 0 0 0 0 0 0 0 0 0 0 0 27 0 0 0 0 18 0 0 
P174 2070 2 47 0 0 0 2 0 0 0 0 22 0 0 0 0 20 29 32 0 20 39 0 59 79 102 0 227 191 0 -999 -999 -999 
P174 2070 3 64 25 0 0 0 0 21 20 20 23 0 0 27 0 206 46 39 80 0 157 272 0 58 0 36 34 0 26 0 0 17 
P174 2070 4 0 0 0 0 15 0 0 0 84 0 26 0 33 0 0 30 27 50 0 0 0 0 0 0 6 0 0 0 0 0 -999 
P174 2070 5 0 0 0 83 93 167 0 28 0 23 28 15 0 0 0 0 0 0 0 0 13 15 10 0 0 0 13 0 2 0 0 
P174 2070 6 0 0 0 0 7 0 0 0 0 0 0 7 0 0 0 0 0 0 0 0 0 0 0 0 0 0 0 0 0 0 -999 
P174 2070 7 0 0 0 0 0 0 0 0 0 0 0 0 0 0 0 0 0 0 0 0 0 0 0 0 0 0 0 0 0 1 0 
P174 2070 8 0 0 0 0 0 0 0 0 0 0 0 0 0 0 0 0 0 0 0 0 0 0 0 0 0 0 0 0 0 0 0 
P174 2070 9 0 0 0 0 0 0 0 0 0 0 0 0 1 0 0 8 0 0 0 0 0 2 0 0 0 0 0 0 0 0 -999 
P174 2070 10 0 0 0 0 0 0 0 0 0 0 0 40 0 27 32 44 0 0 0 0 0 0 12 0 0 0 0 0 0 0 49 
P174 2070 11 0 0 2 0 0 0 0 0 3 0 9 0 0 0 0 0 0 5 5 0 24 0 39 0 0 0 44 138 113 32 -999 
P174 2070 12 37 0 0 0 0 0 0 0 0 0 0 0 56 23 0 35 60 0 63 72 0 107 109 0 0 65 0 30 0 220 15 
P174 2071 1 0 0 21 52 83 0 28 51 0 153 0 89 147 0 0 0 82 109 0 32 0 23 0 28 49 148 167 97 72 33 0 
P174 2071 2 16 26 0 15 33 100 67 26 46 0 75 87 62 32 0 0 90 46 48 50 0 0 0 0 22 0 0 0 -999 -999 -999 
P174 2071 3 0 16 0 0 31 46 55 0 70 61 63 27 29 99 52 44 34 25 0 0 0 0 0 23 14 0 0 0 0 0 0 
P174 2071 4 0 105 123 42 0 0 0 0 0 0 0 27 0 19 0 0 21 0 0 0 38 50 0 42 0 43 38 32 26 29 -999 
P174 2071 5 27 0 0 21 0 69 58 47 38 34 18 0 0 20 0 0 0 0 20 12 0 31 16 0 33 30 0 0 0 0 0 
P174 2071 6 0 0 14 0 0 3 9 0 0 0 0 17 0 0 0 0 12 0 0 0 0 0 0 0 0 0 0 1 0 0 -999 
P174 2071 7 0 0 0 0 0 20 3 0 0 2 0 0 0 0 0 0 0 0 0 0 0 0 0 0 0 0 0 0 0 0 0 
P174 2071 8 0 0 0 0 0 0 0 0 0 0 0 0 0 0 0 0 0 0 0 0 0 0 0 0 0 0 0 0 0 0 0 
P174 2071 9 0 0 0 0 0 0 0 0 8 11 0 0 0 0 0 0 0 0 0 0 0 0 0 0 0 0 35 0 0 0 -999 
P174 2071 10 0 0 0 0 0 0 3 11 0 14 0 0 0 0 0 43 72 0 25 0 0 44 31 0 0 0 0 0 0 0 99 
P174 2071 11 0 0 141 106 0 0 24 0 0 0 0 0 0 0 0 18 0 6 0 0 0 23 0 0 0 0 4 0 0 0 -999 
P174 2071 12 0 0 30 0 0 231 210 0 158 300 0 252 172 169 0 98 0 112 0 33 0 0 0 227 0 215 70 0 0 50 127 
P174 2072 1 139 54 10 0 0 0 0 0 10 0 0 0 0 0 0 0 0 0 30 47 0 0 0 0 0 73 69 0 0 0 0 
P174 2072 2 141 56 0 0 0 0 0 0 2 2 0 0 0 0 0 0 7 0 100 72 0 35 24 0 21 21 12 2 -999 -999 -999 
P174 2072 3 0 0 0 0 0 15 6 0 0 0 0 0 0 0 0 0 22 34 0 51 24 0 0 0 24 0 31 81 58 51 0 
P174 2072 4 0 10 0 0 9 0 0 0 0 0 0 0 7 0 0 0 0 0 0 0 0 0 16 0 0 0 0 0 0 0 -999 
P174 2072 5 0 0 0 4 0 29 0 0 12 23 0 0 0 0 0 0 0 27 0 0 10 5 0 0 0 0 0 0 0 0 2 
P174 2072 6 0 0 0 0 0 0 0 0 0 0 0 0 0 0 0 0 0 0 0 0 0 0 0 0 0 10 0 0 0 0 -999 
P174 2072 7 0 0 9 0 0 0 0 0 0 0 0 0 0 0 0 0 0 0 0 0 0 0 0 0 0 0 0 0 0 0 0 
P174 2072 8 0 0 0 0 0 0 0 0 0 0 0 0 6 6 0 0 0 0 0 0 0 0 0 0 0 0 0 0 0 0 0 
P174 2072 9 0 0 0 0 0 0 0 0 0 0 0 0 0 0 0 0 0 0 9 0 0 0 9 0 0 0 12 13 0 0 -999 
P174 2072 10 0 0 0 0 0 0 0 0 0 4 12 0 0 0 33 36 0 28 0 0 0 0 0 0 0 0 0 1 0 0 0 
P174 2072 11 0 0 0 0 0 33 0 0 0 0 24 0 13 44 0 0 0 0 0 51 0 35 0 0 0 0 0 9 0 0 -999 
P174 2072 12 0 0 0 54 0 0 25 0 0 13 0 0 0 0 0 36 69 0 0 43 173 56 18 33 127 180 0 0 25 0 73 
P174 2073 1 6 0 0 0 0 0 0 0 0 0 0 4 0 0 0 38 14 29 71 90 155 0 39 0 0 0 0 0 0 0 0 
P174 2073 2 99 178 158 0 0 0 0 0 0 0 8 0 0 0 0 0 0 0 0 1 0 0 0 0 0 91 73 0 -999 -999 -999 
P174 2073 3 168 0 6 0 0 0 44 0 81 0 0 0 67 50 0 0 25 21 28 0 109 0 0 0 0 0 139 277 402 0 0 
P174 2073 4 14 22 0 0 0 0 0 0 16 0 42 37 38 0 26 11 0 0 0 0 0 0 0 113 178 156 63 37 0 0 -999 
P174 2073 5 0 25 0 0 0 0 0 0 0 0 0 0 0 74 0 81 37 0 0 0 0 2 12 0 0 0 11 0 0 0 0 
P174 2073 6 0 0 0 0 0 0 0 0 0 0 0 0 0 0 0 0 0 0 0 0 0 0 0 0 0 0 0 0 10 0 -999 
P174 2073 7 0 0 0 0 0 0 2 0 0 0 0 0 6 0 0 0 0 0 0 0 0 0 0 0 0 0 0 0 0 0 0 
P174 2073 8 0 0 0 0 0 0 0 0 0 0 0 0 0 0 0 0 0 2 0 0 0 0 0 1 0 0 0 0 0 0 0 
P174 2073 9 0 0 0 0 0 0 0 0 0 0 0 0 7 0 0 0 0 0 0 0 0 0 0 15 7 0 0 0 0 0 -999 
P174 2073 10 0 0 0 0 0 0 0 0 0 0 0 0 0 0 0 0 0 0 0 0 7 0 0 0 0 0 0 0 0 0 0 
P174 2073 11 0 0 12 0 0 0 0 0 0 0 0 0 0 11 44 88 0 42 188 188 146 248 0 15 25 0 0 21 4 0 -999 
P174 2073 12 0 0 0 18 0 0 0 0 0 0 0 25 0 29 0 0 0 0 40 0 0 36 0 19 68 0 9 75 209 418 955 
P174 2074 1 299 0 62 0 418 212 0 0 159 203 139 137 54 15 0 5 0 0 14 0 0 0 14 0 0 0 7 0 0 0 0 
P174 2074 2 0 15 13 0 12 16 0 0 25 28 47 55 83 64 38 65 85 44 26 85 4 37 27 0 39 326 190 256 -999 -999 -999 
P174 2074 3 167 0 15 25 24 57 74 27 0 19 17 31 44 0 0 0 0 0 0 0 56 0 0 0 17 0 0 0 0 0 0 
P174 2074 4 0 0 0 11 0 0 14 16 0 0 0 0 21 0 21 87 0 26 50 42 0 0 9 0 0 0 0 0 0 15 -999 
P174 2074 5 0 0 0 0 0 0 0 0 0 31 40 44 0 0 43 37 31 33 0 0 20 0 0 0 0 0 0 0 0 0 0 
P174 2074 6 0 0 0 0 0 0 0 0 0 0 0 7 0 0 0 0 0 0 0 0 0 0 0 0 0 0 0 0 5 3 -999 
P174 2074 7 0 0 0 0 0 0 0 0 0 0 0 0 0 0 0 0 0 0 0 0 0 0 0 0 0 0 0 0 0 0 0 
P174 2074 8 0 0 0 0 0 0 0 0 0 0 0 0 0 0 0 0 0 0 0 0 0 0 0 0 0 0 0 0 0 0 0 
P174 2074 9 0 0 0 0 0 9 0 0 0 0 0 0 0 0 0 0 0 0 0 0 0 8 0 11 0 0 0 0 0 0 -999 
P174 2074 10 0 0 0 0 27 0 0 5 3 0 0 0 0 0 0 0 0 0 0 0 0 23 0 0 0 0 1 0 0 0 1 
P174 2074 11 0 0 0 16 0 0 0 0 0 0 0 0 0 0 36 0 22 0 0 47 0 7 14 0 0 0 5 9 0 0 -999 
P174 2074 12 3 0 0 0 0 2 0 0 0 0 56 84 96 40 0 8 0 0 0 0 0 5 0 2 0 0 0 14 0 35 7 
P174 2075 1 0 0 0 0 0 0 0 0 37 0 55 51 28 15 40 21 6 0 0 0 21 23 0 33 24 0 0 0 17 0 0 
P174 2075 2 0 0 0 0 72 146 99 185 294 115 247 350 424 52 25 0 21 23 0 0 0 0 59 55 153 21 0 0 -999 -999 -999 
P174 2075 3 0 42 17 6 2 13 3 9 0 15 30 0 0 0 21 17 74 80 54 35 48 64 48 62 0 33 21 0 0 19 0 
P174 2075 4 0 0 39 33 37 104 175 185 183 0 0 0 0 0 0 0 0 0 0 0 78 0 0 0 0 13 0 0 0 0 -999 
P174 2075 5 0 0 30 52 0 0 0 0 0 0 0 0 0 0 0 0 0 0 0 0 0 0 0 0 0 0 0 0 0 0 0 
P174 2075 6 0 0 0 11 0 0 0 0 0 0 0 0 2 0 0 0 0 0 0 0 0 0 0 0 0 0 11 0 0 0 -999 
P174 2075 7 0 0 0 0 0 0 0 0 0 0 0 0 0 0 0 0 0 0 0 0 0 0 0 0 0 0 0 0 0 0 0 
P174 2075 8 0 0 0 0 0 0 0 0 0 0 0 0 4 0 0 0 2 0 0 0 0 3 0 0 0 0 0 0 0 0 0 
P174 2075 9 0 0 0 0 0 0 0 0 0 0 0 0 0 0 0 0 0 0 0 0 0 0 0 0 0 0 0 0 0 0 -999 
P174 2075 10 0 0 29 72 0 0 46 98 0 0 10 0 0 0 0 0 9 0 0 0 0 0 0 0 0 0 0 0 0 168 0 
P174 2075 11 7 0 15 0 0 124 158 83 0 0 0 0 27 62 199 135 19 0 27 0 0 0 0 24 0 4 0 0 0 0 -999 
P174 2075 12 0 0 0 71 0 29 0 194 70 20 0 0 0 0 93 44 0 0 34 0 0 0 0 0 0 0 0 0 8 0 0 
P174 2076 1 0 0 0 0 0 0 0 0 23 18 0 0 0 11 9 0 0 0 4 0 0 0 0 0 0 0 0 7 0 30 64 
P174 2076 2 0 40 21 0 5 0 0 0 5 0 0 0 0 0 0 14 23 17 14 0 38 0 0 0 0 0 0 0 -999 -999 -999 
P174 2076 3 48 50 0 0 0 0 0 68 0 49 53 32 0 0 0 0 14 14 38 0 0 64 0 0 0 0 0 0 0 0 0 
P174 2076 4 6 0 0 0 0 0 0 0 0 17 0 0 51 23 74 51 30 36 0 50 0 0 23 38 33 49 0 17 0 0 -999 
P174 2076 5 0 0 0 13 21 0 14 0 0 0 0 0 0 22 17 0 0 6 0 0 0 2 0 0 0 0 0 0 0 0 10 
P174 2076 6 0 0 0 0 0 0 0 0 0 0 0 0 0 0 0 0 0 0 0 0 0 0 0 0 0 0 0 0 0 0 -999 
P174 2076 7 0 0 0 0 0 0 0 0 0 0 0 0 0 0 0 0 0 0 0 0 0 0 0 0 0 0 0 0 0 0 0 
P174 2076 8 0 0 0 0 0 0 0 0 0 0 4 0 0 0 0 0 0 0 0 0 0 0 0 0 0 0 0 0 0 0 0 
P174 2076 9 0 4 0 0 0 0 0 2 0 0 0 0 0 0 0 0 5 0 0 0 0 0 0 0 0 9 0 0 0 0 -999 
P174 2076 10 0 0 23 0 47 0 0 0 0 0 0 0 0 0 0 0 0 0 0 0 0 0 0 0 32 0 0 136 49 0 0 
P174 2076 11 9 0 0 0 0 0 0 0 0 0 11 0 0 0 25 0 43 28 19 48 0 60 43 0 0 0 0 77 17 26 -999 
P174 2076 12 0 0 0 0 0 0 0 0 0 59 82 85 28 0 0 51 0 0 0 0 0 0 0 0 28 18 48 74 0 0 0 
P174 2077 1 0 0 0 0 0 0 0 0 35 0 0 0 0 0 0 29 1 0 0 0 0 15 0 0 0 16 0 0 0 0 41 
P174 2077 2 58 0 110 127 30 0 98 38 25 86 0 0 0 0 0 57 0 0 141 68 36 0 13 46 0 52 0 0 -999 -999 -999 
P174 2077 3 0 33 38 0 58 121 128 139 30 0 39 53 0 25 0 26 22 20 77 0 60 76 73 43 0 0 7 0 0 0 8 
P174 2077 4 0 20 0 0 0 2 0 0 0 0 0 0 0 0 41 48 40 55 0 17 0 0 0 9 0 0 0 8 0 0 -999 
P174 2077 5 0 0 0 0 0 0 0 0 21 0 0 0 0 0 0 0 0 0 0 0 0 0 0 0 0 0 0 0 0 4 0 
P174 2077 6 0 0 30 25 0 0 0 0 0 0 0 0 0 0 0 0 0 0 0 0 0 0 0 0 0 0 0 0 4 0 -999 
P174 2077 7 0 0 0 0 0 0 0 0 0 0 0 0 0 0 0 0 0 0 0 0 0 0 0 0 0 0 0 0 0 0 0 
P174 2077 8 0 0 0 0 0 0 0 0 0 0 0 0 0 0 0 0 0 0 0 0 0 0 0 0 0 0 0 0 0 0 0 
P174 2077 9 0 0 0 0 0 0 0 0 13 0 0 0 0 0 0 0 0 0 0 0 28 0 0 0 0 0 0 0 0 15 -999 
P174 2077 10 14 0 0 0 0 0 0 0 0 0 0 8 0 0 0 12 0 61 39 11 29 66 154 75 0 8 0 0 63 0 46 
P174 2077 11 71 46 0 0 0 17 14 39 119 73 0 30 0 0 87 0 0 19 22 0 0 0 0 0 12 0 0 0 0 98 -999 
P174 2077 12 114 141 184 75 0 88 129 184 0 75 158 0 0 0 0 0 0 19 0 0 0 0 0 0 0 21 32 8 1 3 38 
P174 2078 1 237 538 298 277 172 180 0 37 160 159 104 0 150 55 0 96 74 46 0 0 0 0 0 0 0 0 0 5 13 0 0 
P174 2078 2 0 14 10 8 0 0 0 0 0 0 0 0 0 0 11 14 0 0 0 16 0 0 37 21 0 174 0 0 -999 -999 -999 
P174 2078 3 0 8 0 0 0 0 0 116 53 0 21 0 32 69 127 95 173 0 150 0 119 64 53 165 38 0 38 22 0 0 42 
P174 2078 4 70 60 0 0 0 0 35 34 0 45 43 23 27 108 34 0 35 0 0 19 0 0 0 51 0 30 0 0 0 0 -999 
P174 2078 5 0 0 65 0 0 0 11 0 0 0 0 0 0 0 0 0 0 0 0 0 0 3 5 0 0 11 0 0 0 0 3 
P174 2078 6 0 0 29 0 0 0 0 4 0 0 0 0 0 0 0 10 14 6 0 0 0 0 0 0 0 0 0 0 0 0 -999 
P174 2078 7 0 0 0 0 0 0 0 0 0 0 0 0 0 0 0 0 0 0 0 0 0 0 0 0 0 0 0 0 0 0 0 
P174 2078 8 0 0 0 0 0 0 0 0 0 0 0 0 0 0 0 0 0 0 0 2 0 0 0 0 0 0 0 0 0 0 0 
P174 2078 9 0 0 0 0 0 0 0 0 0 0 0 0 0 0 0 25 0 35 0 0 0 0 0 0 0 3 0 0 0 0 -999 
P174 2078 10 0 0 0 11 0 0 0 4 0 0 4 0 0 0 0 0 0 51 0 29 0 0 0 0 11 3 0 11 0 0 0 
P174 2078 11 0 0 1 0 0 0 0 0 0 12 11 0 0 0 7 21 0 0 51 0 22 16 0 0 20 16 10 0 0 0 -999 
P174 2078 12 0 0 13 0 0 0 15 0 0 25 115 34 15 30 0 18 0 0 0 0 18 0 0 0 11 0 279 0 45 401 462 
P174 2079 1 0 8 37 41 0 0 0 0 0 0 0 18 17 9 0 0 0 0 0 0 0 16 0 2 0 0 0 14 0 25 0 
P174 2079 2 0 0 0 0 0 16 0 0 0 0 0 8 0 0 0 0 0 0 0 0 0 0 37 105 86 16 0 34 -999 -999 -999 
P174 2079 3 0 25 45 0 39 28 7 0 0 5 9 12 0 0 0 0 6 0 0 0 0 0 24 0 0 19 15 0 13 15 0 
P174 2079 4 0 32 0 0 64 0 0 0 0 0 0 0 0 67 0 32 25 0 0 0 0 0 11 28 0 0 0 0 1 0 -999 
P174 2079 5 0 0 0 5 0 0 0 0 0 22 0 0 0 0 0 0 0 0 0 0 0 0 0 0 0 0 0 0 0 0 0 
P174 2079 6 0 0 0 0 0 21 0 0 0 0 0 0 0 0 0 0 4 0 0 0 9 0 0 0 0 0 0 0 0 0 -999 
P174 2079 7 0 0 0 0 0 0 0 0 0 0 0 0 0 0 0 0 0 0 0 0 0 0 0 0 0 0 0 0 0 0 0 
P174 2079 8 0 0 0 0 0 0 0 0 0 0 4 0 0 0 0 0 0 0 0 0 0 0 0 0 0 0 0 0 0 0 0 
P174 2079 9 0 0 0 0 0 0 0 0 0 0 0 19 0 0 1 0 0 0 0 0 0 0 0 0 0 5 0 0 3 0 -999 
P174 2079 10 0 16 0 8 0 0 0 0 0 0 4 0 0 0 0 0 0 0 0 49 31 0 0 0 0 28 24 0 0 0 0 
P174 2079 11 16 13 17 0 66 85 68 0 0 0 0 0 56 55 0 119 126 0 89 52 0 0 43 25 35 29 0 0 1 0 -999 
P174 2079 12 12 55 48 0 0 41 0 0 0 0 1 0 0 0 0 0 0 0 3 8 0 0 0 0 0 0 0 0 0 0 0 
P174 2080 1 15 0 9 0 0 0 0 0 0 0 0 22 0 0 0 0 0 0 0 0 0 0 0 0 0 0 0 0 93 0 0 
P174 2080 2 0 8 0 7 16 10 0 44 118 226 227 205 232 64 0 0 44 0 83 155 153 0 0 0 0 0 26 59 -999 -999 -999 
P174 2080 3 86 86 0 86 0 84 80 96 200 214 172 133 72 0 0 0 1 0 0 0 0 0 4 0 0 0 0 0 0 0 0 
P174 2080 4 0 0 3 0 0 0 0 0 126 67 53 88 17 0 0 0 0 0 0 0 41 0 0 0 0 0 31 0 0 0 -999 
P174 2080 5 0 0 0 18 0 0 0 0 0 0 14 0 23 0 0 0 0 1 0 0 0 0 0 7 0 0 0 0 0 0 0 
P174 2080 6 26 9 0 0 57 0 0 0 0 0 5 0 0 0 0 0 0 0 0 0 0 0 0 0 0 0 0 7 0 2 -999 
P174 2080 7 0 0 0 0 0 0 0 0 0 0 0 0 0 0 0 0 0 0 0 0 0 0 3 0 0 0 0 0 0 0 0 
P174 2080 8 0 0 0 0 0 0 0 0 0 0 0 0 0 0 0 0 0 0 0 0 0 0 0 0 0 0 0 0 0 0 0 
P174 2080 9 0 0 0 0 0 0 0 0 0 0 0 0 0 0 0 0 0 0 0 0 0 0 0 0 0 30 0 0 0 0 -999 
P174 2080 10 0 31 0 58 87 0 21 73 51 38 0 0 0 0 43 19 0 0 3 0 4 0 0 0 0 0 0 4 0 0 0 
P174 2080 11 26 0 0 12 0 0 0 0 0 0 0 0 0 0 53 0 20 25 0 0 0 2 0 12 0 0 0 0 27 34 -999 
P174 2080 12 0 101 161 169 0 143 246 174 0 0 0 0 0 36 0 0 0 0 0 0 0 17 0 0 0 0 18 9 0 69 67 
P174 2081 1 0 189 319 161 116 0 0 0 5 0 0 0 0 61 66 0 0 0 0 214 169 0 99 0 34 0 0 28 0 0 0 
P174 2081 2 0 0 32 0 22 0 75 0 0 0 0 2 0 0 0 17 0 33 0 68 25 12 47 156 109 10 22 0 -999 -999 -999 
P174 2081 3 31 42 61 147 47 0 10 23 66 33 0 22 46 64 56 0 76 210 116 146 97 139 180 81 15 0 0 0 0 0 111 
P174 2081 4 0 26 0 0 20 21 35 20 0 0 0 0 0 0 34 16 2 0 0 0 0 0 0 40 0 22 22 77 58 143 -999 
P174 2081 5 70 76 37 0 68 0 0 39 50 69 23 0 30 65 51 28 0 0 7 0 25 0 0 0 14 0 0 0 1 0 36 
P174 2081 6 0 0 0 0 0 4 12 0 0 0 0 0 0 0 0 0 0 4 0 0 0 0 0 0 0 0 0 0 0 0 -999 
P174 2081 7 0 0 10 0 3 0 0 0 0 0 0 0 0 0 0 0 0 0 0 0 0 0 0 0 0 0 0 0 0 0 0 
P174 2081 8 0 0 0 0 0 0 0 0 0 0 0 0 0 0 0 0 9 0 6 0 0 0 0 0 0 0 0 0 0 0 0 
P174 2081 9 0 0 0 0 0 0 0 0 0 0 0 0 0 0 0 0 0 0 0 0 0 0 0 0 0 0 0 0 0 3 -999 
P174 2081 10 0 0 0 0 0 0 0 0 0 36 0 0 0 0 0 0 3 0 0 0 0 0 0 0 0 0 0 0 0 0 28 
P174 2081 11 0 0 49 72 49 0 0 0 0 0 0 0 0 0 0 96 306 294 139 0 0 5 0 28 72 0 0 0 0 86 -999 
P174 2081 12 25 27 0 0 0 207 132 98 132 104 63 295 316 219 121 0 59 25 25 0 0 20 0 22 25 41 0 18 11 0 8 
P174 2082 1 0 27 0 0 0 0 18 25 0 0 102 0 0 0 22 37 113 77 28 0 138 256 111 62 0 0 219 0 0 0 0 
P174 2082 2 0 0 0 0 1 1 2 1 0 0 0 0 0 0 0 0 0 0 0 10 13 30 0 33 116 0 0 37 -999 -999 -999 
P174 2082 3 0 60 41 0 0 0 7 0 14 8 0 0 0 27 0 0 0 18 0 0 14 0 21 0 0 26 0 0 0 30 0 
P174 2082 4 10 0 0 0 34 0 0 0 0 5 4 0 0 0 12 0 0 0 0 0 0 0 0 0 4 0 0 0 0 0 -999 
P174 2082 5 36 0 0 0 0 0 17 0 0 21 14 0 17 0 0 0 0 0 5 0 0 0 0 0 0 0 0 0 0 0 0 
P174 2082 6 0 0 0 0 0 0 0 0 0 0 0 0 0 0 0 0 0 0 0 0 0 0 0 0 0 0 0 0 0 0 -999 
P174 2082 7 9 0 0 0 0 0 0 0 0 0 0 0 0 0 0 0 0 0 0 0 0 0 0 0 0 0 0 0 0 0 0 
P174 2082 8 0 0 0 0 0 0 0 0 0 0 0 0 9 0 0 0 0 0 0 0 0 0 0 0 0 0 0 0 0 0 0 
P174 2082 9 0 0 0 0 0 0 0 0 0 0 0 0 0 0 0 0 0 8 0 0 0 4 0 0 0 0 0 0 0 0 -999 
P174 2082 10 11 0 0 14 0 0 0 0 0 0 0 0 0 0 0 28 8 0 0 0 0 20 67 0 0 0 2 0 0 18 0 
P174 2082 11 58 82 91 0 0 0 0 0 11 0 0 23 0 0 0 0 235 240 0 0 6 0 0 0 0 7 0 0 0 0 -999 
P174 2082 12 0 0 0 0 0 0 3 11 0 18 30 48 31 0 0 0 61 100 42 0 0 0 0 0 0 18 18 0 0 0 0 
P174 2083 1 0 61 101 57 0 18 22 96 65 54 13 5 0 0 0 48 45 117 91 0 0 29 0 0 0 0 0 18 42 46 0 
P174 2083 2 32 106 203 45 0 26 92 70 44 138 176 85 32 0 0 0 80 296 242 156 150 138 59 64 216 291 142 88 -999 -999 -999 
P174 2083 3 0 0 0 18 0 0 9 0 17 0 0 0 8 37 35 30 0 0 0 0 0 98 223 192 220 72 211 130 0 0 0 
P174 2083 4 0 0 0 0 21 34 0 0 0 0 0 0 0 0 54 43 0 0 4 0 7 0 0 0 0 0 30 0 0 0 -999 
P174 2083 5 23 0 0 0 0 22 0 0 44 30 12 0 0 21 0 0 40 47 0 0 7 0 17 0 44 0 119 0 0 0 0 
P174 2083 6 36 43 31 0 0 0 0 0 0 0 0 0 0 0 0 0 0 0 0 0 0 0 0 0 0 0 0 0 0 0 -999 
P174 2083 7 0 0 0 0 0 0 0 0 0 0 0 0 0 0 0 0 0 0 6 0 0 0 0 0 0 0 0 0 0 0 0 
P174 2083 8 0 0 0 0 0 0 0 0 0 0 0 0 0 0 0 0 0 0 0 0 0 0 0 0 0 0 0 0 0 0 0 
P174 2083 9 0 0 0 0 0 0 0 0 0 0 0 0 0 0 0 0 0 0 0 0 0 0 0 0 0 0 3 0 0 0 -999 
P174 2083 10 0 0 0 0 0 0 0 17 0 26 0 7 0 0 12 10 0 0 0 0 0 0 75 49 54 17 0 0 7 13 0 
P174 2083 11 0 0 31 72 52 0 0 0 0 0 17 64 100 50 0 0 0 41 0 0 3 0 0 0 0 0 22 0 28 49 -999 
P174 2083 12 140 57 0 0 21 0 44 106 166 40 0 0 0 95 287 58 24 0 0 61 0 0 0 0 0 2 4 0 0 0 11 
P174 2084 1 42 23 41 31 0 16 0 0 0 36 0 0 21 13 32 0 78 79 0 0 38 0 0 26 54 81 0 0 51 0 74 
P174 2084 2 0 0 0 22 0 0 99 104 83 0 0 0 91 38 0 0 0 0 0 0 0 0 0 0 0 55 0 0 -999 -999 -999 
P174 2084 3 0 0 0 80 48 0 0 0 0 0 0 0 0 0 0 84 271 191 43 0 0 0 0 0 28 0 0 0 0 10 3 
P174 2084 4 6 0 0 0 0 0 15 6 6 14 26 0 17 32 0 0 11 13 0 0 0 0 0 5 0 0 0 3 0 0 -999 
P174 2084 5 0 0 0 0 0 0 0 0 0 0 0 0 0 0 0 0 0 20 0 0 0 6 0 0 15 0 24 0 0 0 0 
P174 2084 6 0 0 0 0 0 0 0 0 0 0 0 0 0 0 0 0 0 0 0 0 0 0 0 0 0 0 0 0 0 0 -999 
P174 2084 7 0 0 0 0 0 0 0 0 0 0 0 0 0 0 0 0 0 0 0 0 0 0 0 0 0 0 0 0 0 0 0 
P174 2084 8 0 0 0 0 0 0 0 0 0 0 0 0 0 0 0 0 0 0 0 0 0 0 0 0 0 0 0 0 0 0 4 
P174 2084 9 0 0 0 0 0 0 0 0 0 0 0 0 13 0 0 0 0 0 0 0 0 0 0 0 0 2 0 0 0 0 -999 
P174 2084 10 0 7 0 0 8 0 0 0 0 0 0 0 0 0 0 0 5 6 5 0 6 0 0 0 9 0 25 0 89 118 113 
P174 2084 11 27 0 132 0 0 31 22 113 197 46 0 0 11 16 0 20 0 8 0 9 4 0 0 0 0 0 0 0 0 0 -999 
P174 2084 12 0 21 0 0 44 0 0 0 116 111 126 161 233 226 43 0 0 22 0 0 0 0 0 0 0 0 0 0 21 0 0 
P174 2085 1 0 1 0 1 13 0 0 0 5 0 0 0 0 0 0 0 15 6 15 0 10 0 154 279 209 0 3 8 1 0 0 
P174 2085 2 0 0 0 0 0 0 0 0 40 60 0 126 55 0 0 0 0 0 0 4 3 0 0 5 0 0 0 0 -999 -999 -999 
P174 2085 3 12 0 0 0 0 0 0 0 68 140 74 156 210 58 0 104 0 13 0 0 0 0 0 57 0 13 0 0 0 0 6 
P174 2085 4 0 0 0 0 0 0 23 22 0 0 0 110 118 156 171 73 70 82 0 0 0 0 0 0 0 0 11 12 12 0 -999 
P174 2085 5 0 55 0 0 0 0 22 47 0 38 17 0 0 12 0 0 0 0 0 0 0 0 0 0 0 0 0 0 0 0 0 
P174 2085 6 0 0 0 0 0 0 0 0 0 0 16 0 0 0 0 0 0 0 0 0 0 0 0 0 0 0 0 0 0 0 -999 
P174 2085 7 0 0 0 0 0 0 0 0 0 0 0 0 8 0 0 0 0 0 5 0 7 0 0 0 0 0 0 0 0 0 0 
P174 2085 8 0 0 0 0 0 0 0 0 0 0 0 0 0 0 0 0 0 0 0 0 12 0 0 0 0 0 0 0 0 0 0 
P174 2085 9 0 0 0 0 0 34 22 0 0 0 22 7 0 0 0 0 0 0 0 0 0 0 0 0 0 0 0 0 0 0 -999 
P174 2085 10 0 0 0 0 0 0 0 11 0 25 0 28 0 21 24 0 14 0 0 0 0 2 0 0 0 0 0 36 0 103 20 
P174 2085 11 0 0 0 0 0 0 0 0 0 0 0 0 0 0 0 0 140 0 24 126 0 41 6 0 0 0 0 33 58 39 -999 
P174 2085 12 95 87 0 0 110 165 0 0 0 0 0 0 0 0 27 0 0 0 0 0 0 0 68 0 0 2 0 10 0 0 0 
P174 2086 1 0 0 22 29 27 0 0 0 0 0 0 0 0 0 0 0 103 233 0 260 0 0 0 0 0 0 0 0 0 18 18 
P174 2086 2 0 57 129 29 23 49 146 248 44 0 14 46 86 72 50 46 69 0 0 0 0 0 0 19 18 9 11 16 -999 -999 -999 
P174 2086 3 0 0 0 0 0 11 0 0 0 0 0 0 62 38 0 0 3 0 3 0 0 0 0 0 0 13 0 0 8 0 0 
P174 2086 4 13 0 0 0 0 0 0 0 8 0 0 18 0 0 60 48 44 0 0 0 0 0 0 29 30 19 0 67 0 25 -999 
P174 2086 5 43 0 0 56 0 0 0 0 0 0 0 14 0 0 0 0 14 0 0 0 3 6 0 0 0 0 0 0 0 0 0 
P174 2086 6 0 0 0 0 0 0 0 0 0 0 0 0 0 0 0 0 15 0 0 0 0 0 0 0 0 0 0 0 0 0 -999 
P174 2086 7 0 0 0 0 0 0 0 0 0 0 0 0 0 0 0 0 0 0 0 0 0 0 0 0 0 0 0 0 0 0 0 
P174 2086 8 0 6 0 0 0 0 0 0 0 0 0 0 0 0 0 0 0 0 0 0 0 0 0 0 0 0 0 0 0 0 0 
P174 2086 9 0 0 0 0 6 0 0 0 0 0 0 0 31 23 0 0 0 5 2 0 0 0 0 0 15 17 3 0 0 0 -999 
P174 2086 10 2 0 0 0 0 0 6 0 19 0 0 13 14 8 0 0 0 0 15 0 0 0 0 0 28 0 0 0 0 65 37 
P174 2086 11 0 18 44 0 26 28 0 0 28 24 52 48 0 17 13 10 0 0 43 49 78 0 0 0 0 23 0 19 0 0 -999 
P174 2086 12 0 4 0 0 0 0 0 0 0 0 0 0 0 0 0 6 0 0 50 96 23 104 235 0 16 0 0 0 0 0 0 
P174 2087 1 0 0 15 28 0 24 59 115 107 19 18 0 1 0 0 0 0 0 0 21 0 0 0 0 0 0 0 0 8 37 76 
P174 2087 2 93 88 0 0 1 1 0 0 0 0 0 15 0 0 30 0 0 0 0 0 4 0 0 0 0 0 31 70 -999 -999 -999 
P174 2087 3 112 150 87 41 37 0 0 0 35 58 0 120 62 0 0 14 0 34 53 0 0 77 78 47 0 0 14 0 0 0 0 
P174 2087 4 0 0 0 0 0 0 0 3 0 0 0 0 0 0 38 0 65 0 0 20 15 56 46 0 83 0 0 16 0 0 -999 
P174 2087 5 0 3 0 64 24 42 27 0 16 21 42 0 0 17 0 0 0 0 0 0 0 0 0 0 0 0 0 0 0 0 0 
P174 2087 6 0 0 0 0 0 0 0 0 0 0 0 0 0 0 0 0 0 0 0 0 0 0 0 0 0 0 1 0 0 0 -999 
P174 2087 7 0 0 0 0 0 0 0 0 0 0 0 0 0 0 0 0 0 0 0 0 0 0 0 0 0 0 2 0 0 0 0 
P174 2087 8 0 0 0 0 0 0 0 0 0 0 0 0 0 0 0 0 0 0 0 0 0 0 0 0 0 0 0 0 0 0 0 
P174 2087 9 0 0 6 0 0 4 0 0 0 0 0 0 0 0 11 7 0 0 0 0 0 0 18 0 0 0 0 0 0 0 -999 
P174 2087 10 0 0 0 39 0 18 13 0 0 0 0 0 22 0 0 0 0 0 0 0 0 0 0 0 0 0 0 0 0 0 0 
P174 2087 11 0 0 0 0 0 0 0 0 0 0 0 0 0 0 0 0 0 0 0 0 0 8 13 15 0 0 0 0 0 29 -999 
P174 2087 12 27 0 0 0 0 1 0 35 0 0 2 0 0 3 0 0 0 0 0 0 9 0 186 109 42 143 70 0 111 97 28 
P174 2088 1 0 10 0 0 0 0 0 0 0 0 0 0 0 0 0 0 0 0 0 18 0 0 0 0 0 36 60 0 0 13 0 
P174 2088 2 0 0 0 0 0 0 199 255 279 0 9 0 0 0 0 0 26 39 93 0 39 0 58 0 36 61 57 61 -999 -999 -999 
P174 2088 3 70 98 148 124 50 0 17 18 17 7 0 0 0 4 0 0 0 40 0 8 0 0 34 55 0 6 43 16 1 0 0 
P174 2088 4 0 0 9 14 0 67 0 113 0 22 0 0 61 0 0 40 0 26 0 6 0 33 64 0 32 29 11 0 0 0 -999 
P174 2088 5 14 0 0 0 18 0 30 0 0 17 0 0 0 22 0 0 8 0 0 0 0 0 0 0 0 0 0 0 0 0 0 
P174 2088 6 0 0 0 0 0 0 0 0 4 0 0 0 0 0 0 0 0 0 0 0 0 0 0 0 0 0 0 0 0 0 -999 
P174 2088 7 0 0 0 0 0 0 0 0 0 0 0 0 0 0 0 0 0 0 0 0 0 0 0 0 0 0 0 0 0 0 0 
P174 2088 8 0 0 0 0 0 0 0 0 0 0 0 0 0 0 0 0 0 0 0 0 0 0 0 0 0 0 0 0 0 0 0 
P174 2088 9 53 0 2 0 0 0 0 0 0 0 0 0 0 0 7 0 0 0 0 0 0 0 0 0 0 0 0 0 0 0 -999 
P174 2088 10 0 0 0 17 0 0 8 0 0 0 0 31 0 0 0 0 0 0 0 0 0 0 41 52 0 0 238 77 0 0 0 
P174 2088 11 0 0 0 0 6 0 0 0 0 0 0 0 0 23 81 0 0 237 0 0 0 0 0 0 0 0 0 41 96 19 -999 
P174 2088 12 0 52 0 0 83 82 77 92 0 0 0 0 0 0 0 0 12 0 0 0 0 28 25 25 0 53 0 0 26 15 0 
P174 2089 1 0 23 0 0 108 0 39 82 200 257 295 392 365 83 0 0 0 0 0 0 0 0 0 0 0 0 0 0 0 19 51 
P174 2089 2 58 53 0 0 95 235 113 204 289 79 65 174 213 99 15 0 0 0 0 0 0 0 0 13 0 0 0 0 -999 -999 -999 
P174 2089 3 0 0 0 148 34 0 32 0 0 36 21 0 0 66 0 152 126 68 0 21 0 0 17 81 249 69 23 0 0 91 249 
P174 2089 4 280 166 55 9 0 0 0 8 0 1 0 0 5 0 19 0 0 0 8 0 0 71 45 0 0 66 84 42 0 25 -999 
P174 2089 5 33 0 0 5 0 0 22 0 0 0 0 0 0 0 0 0 26 0 0 0 0 8 0 0 0 0 0 11 0 0 0 
P174 2089 6 0 0 0 0 0 0 0 0 0 0 0 0 0 0 0 0 0 0 0 0 0 0 0 0 0 0 0 0 0 0 -999 
P174 2089 7 0 0 0 0 0 0 0 0 0 0 0 0 0 0 0 0 0 0 0 0 0 0 0 0 0 0 0 0 0 0 0 
P174 2089 8 0 0 0 0 0 0 0 0 0 0 0 0 0 0 0 0 0 0 0 0 0 0 0 0 0 0 0 0 0 0 0 
P174 2089 9 0 0 0 10 0 0 0 0 0 0 0 0 0 0 0 0 0 0 0 0 0 0 0 0 0 0 0 0 0 0 -999 
P174 2089 10 0 0 0 0 0 0 0 0 0 0 0 0 0 0 0 0 0 3 0 0 0 0 0 6 0 0 0 0 4 0 0 
P174 2089 11 0 42 43 76 0 0 4 0 20 0 19 10 6 0 0 0 0 0 0 0 0 0 0 103 157 0 34 0 0 166 -999 
P174 2089 12 257 0 0 0 0 37 57 111 78 131 83 3 0 0 0 9 6 0 0 25 0 0 15 6 0 0 0 0 14 0 0 
P174 2090 1 4 0 0 1 10 0 12 0 0 0 0 0 71 92 86 16 0 0 0 21 5 0 0 11 0 0 30 0 7 0 0 
P174 2090 2 0 0 0 0 84 165 0 50 44 81 0 0 30 0 51 0 0 33 0 10 16 0 109 0 0 45 95 0 -999 -999 -999 
P174 2090 3 325 202 0 18 0 0 0 0 0 0 0 0 91 101 116 55 0 0 58 0 0 43 26 27 40 51 0 0 47 0 41 
P174 2090 4 42 46 83 115 36 24 47 37 0 0 40 44 27 0 0 0 42 0 4 0 0 0 0 0 0 0 0 0 0 0 -999 
P174 2090 5 0 0 0 0 0 0 0 0 0 0 0 0 0 0 24 0 0 0 7 0 0 0 0 0 0 0 0 0 31 0 0 
P174 2090 6 19 13 0 0 0 12 0 0 0 0 0 0 0 0 0 0 0 0 0 0 0 0 0 0 0 0 0 0 0 0 -999 
P174 2090 7 0 0 0 0 0 0 0 0 0 0 0 0 0 28 0 0 0 0 0 0 0 0 0 0 2 0 0 0 0 0 0 
P174 2090 8 0 0 0 0 0 0 0 0 0 0 6 0 0 0 0 0 0 0 0 0 0 0 0 5 0 0 0 0 0 0 0 
P174 2090 9 0 0 0 0 0 0 0 9 0 0 0 18 0 35 0 0 0 0 0 0 11 0 0 0 0 0 0 0 0 0 -999 
P174 2090 10 0 0 6 29 0 25 26 0 17 0 0 12 0 21 0 0 0 8 0 0 0 0 0 0 56 40 0 0 0 0 0 
P174 2090 11 0 0 7 4 0 0 0 0 0 50 100 0 13 62 64 40 0 60 0 0 0 20 52 54 0 49 36 5 11 0 -999 
P174 2090 12 0 101 195 0 0 63 49 0 31 76 67 0 38 43 44 14 0 0 0 0 0 0 0 17 43 44 0 0 0 1 0 
P174 2091 1 0 0 0 0 0 0 36 0 0 0 0 13 37 34 0 15 0 21 54 0 0 0 0 0 0 0 0 0 0 0 0 
P174 2091 2 0 0 12 0 0 30 0 0 0 0 0 0 0 0 10 0 31 88 448 195 106 112 216 0 50 125 104 47 -999 -999 -999 
P174 2091 3 0 0 0 21 0 114 0 6 0 0 0 0 0 10 0 0 23 0 0 0 4 0 0 0 10 0 0 0 0 0 10 
P174 2091 4 0 0 4 1 0 0 33 63 0 0 29 60 75 50 0 42 47 42 63 0 20 30 27 0 0 0 0 0 0 0 -999 
P174 2091 5 23 34 0 0 88 55 0 0 0 0 0 0 0 0 0 0 0 0 0 1 0 0 0 0 0 0 0 5 0 0 0 
P174 2091 6 0 0 26 21 14 0 0 4 2 0 0 0 0 0 0 0 0 0 0 0 0 0 0 0 0 0 0 0 0 0 -999 
P174 2091 7 0 0 0 0 0 1 0 0 0 0 0 0 0 0 0 0 0 3 0 0 0 0 0 0 0 0 0 0 0 0 0 
P174 2091 8 0 0 0 0 0 0 0 0 0 3 0 0 0 0 0 0 0 0 0 0 0 0 0 0 0 0 2 0 0 0 6 
P174 2091 9 0 0 0 0 0 0 0 6 0 0 0 0 7 0 3 0 0 0 0 0 0 0 0 0 2 0 0 0 0 0 -999 
P174 2091 10 0 0 0 0 0 0 0 0 0 27 28 0 99 17 0 0 0 0 0 0 0 0 27 0 0 35 100 0 197 0 0 
P174 2091 11 167 0 0 0 0 0 0 0 13 0 0 8 0 25 62 41 26 30 21 11 0 25 0 0 0 14 59 0 0 0 -999 
P174 2091 12 72 61 3 0 0 0 0 0 0 0 0 0 0 0 9 27 0 0 0 0 0 0 0 0 0 0 0 25 0 2 0 
P174 2092 1 0 0 0 8 0 0 15 0 0 11 23 39 32 39 74 20 125 144 166 349 163 60 19 104 0 28 159 79 135 96 58 
P174 2092 2 56 65 76 0 0 165 186 45 68 219 47 17 42 132 0 0 65 167 38 110 61 0 0 0 0 0 0 42 -999 -999 -999 
P174 2092 3 68 0 0 0 9 36 124 42 0 17 0 37 31 32 111 188 107 0 39 90 0 0 171 416 159 127 30 46 65 28 44 
P174 2092 4 0 48 75 0 0 0 14 11 0 20 0 0 62 33 0 0 0 0 23 0 0 0 11 0 0 0 0 50 84 47 -999 
P174 2092 5 0 22 0 0 0 0 0 0 0 12 0 16 6 0 0 0 55 43 16 8 0 0 0 0 0 0 0 0 0 0 0 
P174 2092 6 0 0 12 0 0 0 0 0 0 0 0 0 0 0 0 0 0 0 0 0 0 0 0 0 0 0 0 0 0 0 -999 
P174 2092 7 0 0 0 0 0 0 0 0 0 0 0 0 0 0 0 0 0 0 0 0 0 0 0 0 0 0 7 0 0 0 0 
P174 2092 8 3 0 0 0 0 0 0 0 0 0 0 0 0 0 0 0 0 0 0 0 0 0 0 0 0 0 0 0 1 0 0 
P174 2092 9 0 0 0 0 0 0 0 0 0 0 0 0 8 0 0 0 0 0 0 0 0 0 0 0 0 0 0 19 0 0 -999 
P174 2092 10 0 0 0 0 0 0 0 0 0 0 0 77 0 0 0 0 0 0 0 0 0 3 0 0 0 0 0 0 0 0 0 
P174 2092 11 0 0 46 115 71 11 0 0 0 15 12 0 381 232 180 36 11 29 40 57 51 0 52 199 97 47 0 0 0 0 -999 
P174 2092 12 0 0 0 0 0 33 0 0 66 0 26 0 0 0 0 0 0 0 0 90 271 197 0 121 0 0 0 0 130 0 0 
P174 2093 1 251 105 126 0 0 51 59 28 57 0 116 134 0 103 165 300 0 0 0 0 0 0 0 0 0 0 0 24 129 0 195 
P174 2093 2 126 0 0 0 0 0 0 0 0 0 0 0 0 0 93 70 108 0 54 0 115 128 0 28 0 0 26 0 -999 -999 -999 
P174 2093 3 22 22 0 0 0 0 0 0 62 71 187 95 0 0 17 0 0 19 0 19 0 27 0 17 0 79 48 35 0 0 0 
P174 2093 4 0 0 19 0 0 0 0 0 0 0 0 0 0 0 0 20 0 0 0 0 0 0 0 46 0 0 52 47 0 26 -999 
P174 2093 5 0 0 77 0 29 0 0 0 0 0 18 0 0 0 0 0 0 5 0 0 0 0 0 0 16 8 0 0 0 0 0 
P174 2093 6 0 4 0 3 0 0 0 0 0 0 5 0 4 0 0 0 5 0 0 0 0 0 0 0 0 0 0 0 0 0 -999 
P174 2093 7 0 0 0 0 0 0 0 0 0 0 0 0 0 0 0 0 0 0 0 0 0 0 0 0 0 0 0 0 0 0 0 
P174 2093 8 0 0 0 0 0 0 0 0 0 0 0 0 0 0 0 0 0 0 0 0 0 0 0 0 0 0 0 0 0 0 0 
P174 2093 9 0 0 0 0 0 0 0 0 0 0 0 0 0 0 0 0 0 0 0 0 0 0 0 0 0 0 0 0 0 0 -999 
P174 2093 10 0 0 0 0 0 6 0 0 21 0 0 0 30 0 37 189 138 63 0 0 0 0 0 11 7 0 0 3 0 7 0 
P174 2093 11 0 39 0 0 0 0 0 0 0 0 0 27 14 0 0 0 0 0 0 0 0 0 0 0 0 0 6 0 0 0 -999 
P174 2093 12 0 0 0 0 0 8 0 0 0 0 0 0 0 10 4 0 0 0 0 0 0 0 0 0 0 0 0 0 0 0 0 
P174 2094 1 0 15 0 0 20 0 0 0 0 0 0 0 0 14 0 0 74 166 147 89 100 288 277 383 407 143 85 303 54 0 71 
P174 2094 2 101 103 135 152 0 11 0 0 0 0 0 0 0 0 0 0 0 0 0 0 14 1 0 0 0 0 6 0 -999 -999 -999 
P174 2094 3 0 0 0 0 0 0 0 2 0 0 0 0 0 0 0 13 0 27 0 0 0 32 0 0 0 12 0 23 65 167 133 
P174 2094 4 213 265 175 15 0 39 0 36 0 0 0 0 0 7 21 0 0 0 0 0 0 0 0 0 0 25 0 6 0 0 -999 
P174 2094 5 0 0 0 0 0 0 0 3 0 0 0 0 0 0 0 0 0 0 0 0 0 0 0 0 0 0 0 0 0 0 0 
P174 2094 6 0 0 0 0 0 0 0 0 0 0 0 10 0 0 0 0 0 0 4 0 0 0 0 0 0 0 0 0 0 0 -999 
P174 2094 7 0 0 0 0 0 0 0 0 0 0 0 0 0 0 0 0 0 0 0 0 0 0 0 0 0 0 0 0 0 0 0 
P174 2094 8 0 0 0 0 0 0 0 0 0 0 0 0 0 0 0 0 0 0 0 0 0 0 0 0 0 0 3 0 0 0 0 
P174 2094 9 0 0 0 0 0 0 0 0 0 0 0 0 0 0 0 0 0 0 2 0 0 15 0 0 5 0 6 0 0 0 -999 
P174 2094 10 0 0 0 0 0 0 0 0 0 0 0 0 16 0 12 10 19 22 64 30 124 34 101 0 28 55 0 0 8 0 0 
P174 2094 11 0 0 0 0 2 0 0 0 0 32 0 11 72 116 0 0 24 0 0 0 17 0 0 76 0 0 0 0 0 32 -999 
P174 2094 12 0 0 0 0 0 0 0 0 0 0 0 32 20 0 22 0 0 0 55 56 0 0 0 0 0 0 0 0 0 34 46 
P174 2095 1 108 117 157 194 70 0 45 107 145 0 24 0 0 0 0 0 0 0 0 0 0 0 37 0 119 138 0 126 0 0 0 
P174 2095 2 54 57 0 21 9 21 25 0 16 0 0 0 0 0 0 0 27 0 18 0 0 0 0 0 0 0 0 0 -999 -999 -999 
P174 2095 3 0 0 7 0 0 0 0 0 0 0 9 0 0 0 0 0 0 0 0 0 0 0 0 0 0 0 0 112 99 42 48 
P174 2095 4 65 141 197 0 15 15 0 10 0 25 0 23 0 0 0 0 0 48 0 0 0 30 0 87 0 0 0 0 0 0 -999 
P174 2095 5 0 2 8 7 0 0 12 0 0 0 0 0 0 0 0 0 0 0 0 0 0 0 0 0 0 0 0 0 0 0 0 
P174 2095 6 0 0 0 0 0 0 17 34 18 0 0 16 0 0 0 0 0 0 0 27 42 0 0 0 8 0 0 0 0 0 -999 
P174 2095 7 0 2 0 0 0 0 0 0 0 0 0 0 0 0 0 0 0 0 0 0 0 0 0 0 0 0 0 0 0 0 0 
P174 2095 8 0 0 0 0 0 0 0 0 0 0 0 0 0 0 0 0 0 0 0 0 0 0 0 0 0 0 0 0 8 6 0 
P174 2095 9 0 0 0 0 0 4 0 0 0 1 0 0 0 0 0 0 0 0 0 0 0 0 0 0 0 27 13 0 0 0 -999 
P174 2095 10 0 0 0 0 0 8 16 0 7 0 0 0 0 0 0 0 54 8 0 10 0 0 0 1 0 0 0 0 0 0 0 
P174 2095 11 0 0 0 58 28 0 38 77 74 11 23 61 0 0 6 13 0 0 0 0 0 0 126 167 107 0 0 0 0 0 -999 
P174 2095 12 0 0 0 7 0 0 15 0 122 68 0 3 39 149 224 129 27 27 33 0 147 31 0 0 172 313 101 0 0 0 0 
P174 2096 1 0 4 0 17 52 0 58 119 87 120 0 0 0 100 134 0 0 8 2 0 0 0 0 1 0 3 17 8 0 29 17 
P174 2096 2 0 60 77 92 39 0 0 0 0 0 0 12 0 80 147 39 0 0 0 0 0 0 0 0 0 22 0 0 -999 -999 -999 
P174 2096 3 0 0 0 0 0 0 0 0 0 0 8 0 5 0 5 0 0 22 0 0 0 149 208 20 7 0 0 0 141 0 0 
P174 2096 4 27 0 0 8 0 0 0 0 0 0 0 0 0 66 81 83 0 0 20 0 18 0 0 0 21 0 0 0 7 0 -999 
P174 2096 5 0 25 0 0 0 0 26 0 13 0 0 0 7 0 0 0 0 0 0 0 0 0 0 0 0 0 0 0 0 17 0 
P174 2096 6 0 0 0 0 0 0 26 0 0 0 0 0 0 0 0 0 0 2 4 0 0 0 0 0 1 0 0 0 0 0 -999 
P174 2096 7 0 0 0 0 0 0 0 0 0 0 0 0 0 0 0 0 0 0 0 0 0 0 0 0 0 0 0 0 0 0 0 
P174 2096 8 0 0 2 0 0 0 0 0 0 0 0 0 0 0 0 0 0 0 0 0 0 0 0 0 0 0 0 0 0 0 0 
P174 2096 9 0 0 0 0 0 0 0 0 0 0 0 0 0 0 0 0 0 0 0 14 0 24 0 16 0 4 1 0 0 0 -999 
P174 2096 10 0 0 0 0 0 0 0 0 0 0 0 0 0 0 0 0 0 0 50 58 0 0 18 0 0 0 0 0 0 0 0 
P174 2096 11 0 0 0 9 0 0 0 5 0 0 0 0 0 1 10 0 0 0 0 0 0 0 8 20 0 0 0 0 0 1 -999 
P174 2096 12 0 0 0 0 0 0 0 0 0 0 0 0 0 66 95 0 0 114 9 0 28 0 55 0 22 18 0 0 0 0 0 
P174 2097 1 26 33 0 0 0 0 30 35 0 0 16 0 6 0 0 0 0 0 0 0 0 0 0 4 77 76 139 0 0 0 4 
P174 2097 2 15 0 20 48 80 181 0 0 0 0 0 0 0 0 37 0 0 6 0 0 0 0 0 0 28 66 0 43 -999 -999 -999 
P174 2097 3 26 53 127 46 0 51 0 0 0 11 0 0 0 0 0 0 0 8 0 0 0 0 0 0 52 78 52 9 31 2 0 
P174 2097 4 0 0 0 10 23 0 0 0 34 0 0 88 117 73 0 15 0 0 0 47 0 0 0 107 0 0 4 0 0 0 -999 
P174 2097 5 2 0 0 0 0 0 0 10 21 0 0 0 0 0 0 0 13 0 12 0 0 0 24 26 0 0 0 0 0 0 0 
P174 2097 6 0 0 0 0 0 0 0 0 0 0 0 0 0 0 0 0 0 0 0 0 20 0 0 0 0 0 0 0 0 0 -999 
P174 2097 7 0 0 0 0 0 0 0 0 0 0 0 0 0 0 0 0 0 0 0 2 0 0 0 0 0 0 0 0 0 0 0 
P174 2097 8 0 0 0 0 0 0 0 0 0 0 0 0 0 0 0 0 0 0 0 0 0 0 0 41 0 0 0 0 0 0 7 
P174 2097 9 9 0 0 0 0 24 0 0 0 0 0 0 0 0 0 0 0 0 0 0 0 0 0 0 0 0 0 0 0 0 -999 
P174 2097 10 0 6 0 1 0 0 0 0 0 0 0 0 0 0 0 38 0 85 29 12 6 0 20 0 0 0 0 2 0 0 0 
P174 2097 11 0 0 0 19 15 0 0 2 0 0 0 7 0 0 0 8 6 8 0 0 0 0 0 7 9 0 0 0 16 0 -999 
P174 2097 12 34 0 8 0 0 0 0 0 0 0 0 0 0 0 0 0 0 13 0 0 0 0 0 4 0 0 0 0 50 92 68 
P174 2098 1 128 0 45 0 126 48 0 0 0 0 0 0 0 0 31 0 16 0 0 0 112 68 0 0 0 0 0 0 23 19 0 
P174 2098 2 19 24 22 0 0 0 0 59 0 127 63 0 48 0 0 13 0 0 0 15 0 0 0 0 0 0 0 0 -999 -999 -999 
P174 2098 3 0 0 14 0 0 0 23 0 0 0 0 0 0 0 0 0 8 20 0 0 0 0 0 0 0 0 0 0 0 0 0 
P174 2098 4 0 0 0 0 0 29 31 0 0 0 0 0 0 0 0 0 0 0 0 0 0 65 0 8 0 0 0 0 0 0 -999 
P174 2098 5 0 0 0 0 22 42 83 57 55 77 153 168 50 0 21 0 0 0 0 21 32 0 0 0 0 0 0 0 0 0 0 
P174 2098 6 0 0 0 0 0 0 0 0 0 12 0 0 0 0 7 0 0 0 0 0 0 0 0 0 0 0 0 0 0 0 -999 
P174 2098 7 0 0 0 0 0 0 0 0 0 0 0 0 0 0 0 0 0 0 0 0 0 0 0 0 0 0 0 0 0 0 0 
P174 2098 8 0 0 0 0 0 0 0 0 0 0 0 0 0 0 0 0 0 0 0 0 0 0 0 0 0 0 0 0 0 0 0 
P174 2098 9 0 0 0 0 0 0 0 0 0 0 0 0 0 0 0 0 0 0 12 0 0 0 0 9 0 0 0 11 9 0 -999 
P174 2098 10 0 0 0 0 0 4 0 0 0 0 0 0 0 0 0 28 40 68 16 0 0 0 0 0 0 39 0 20 0 0 0 
P174 2098 11 0 0 0 0 0 0 0 0 19 18 0 0 96 55 43 23 34 61 0 38 0 0 35 0 0 0 0 0 0 0 -999 
P174 2098 12 0 0 0 0 0 7 13 0 0 0 0 0 0 9 0 0 0 0 30 72 0 0 0 0 52 24 0 21 0 0 6 
P174 2099 1 0 22 0 0 0 0 0 0 0 47 0 40 0 0 0 0 0 25 6 0 0 66 236 45 0 0 10 0 0 0 0 
P174 2099 2 0 0 0 0 0 0 0 0 0 0 0 0 0 0 0 0 0 0 21 0 21 0 56 165 261 0 54 84 -999 -999 -999 
P174 2099 3 139 146 166 142 18 17 0 0 14 0 0 0 0 0 0 0 53 200 285 277 20 0 57 0 0 0 34 0 14 34 51 
P174 2099 4 42 0 0 0 0 25 0 0 0 0 0 0 0 0 0 0 0 0 0 0 0 43 0 0 40 0 44 0 21 0 -999 
P174 2099 5 0 0 0 11 0 0 11 0 0 10 0 6 0 0 0 0 7 0 0 0 0 0 21 16 0 0 0 9 0 0 0 
P174 2099 6 0 0 0 0 0 0 0 0 0 0 0 0 0 0 0 0 0 8 0 0 0 0 0 0 0 0 0 0 0 0 -999 
P174 2099 7 0 0 0 0 0 0 0 0 0 0 0 0 0 0 0 0 0 0 0 0 0 0 0 0 0 0 0 0 0 0 0 
P174 2099 8 0 0 0 0 0 0 0 0 0 0 6 0 0 0 0 0 0 0 0 0 0 0 0 0 0 0 0 0 0 0 0 
P174 2099 9 0 0 0 0 0 0 17 0 0 10 11 0 0 0 0 3 0 2 0 0 0 0 0 0 0 0 0 0 0 0 -999 
P174 2099 10 0 0 0 0 0 5 0 4 0 0 26 65 47 20 0 9 0 0 0 10 17 0 0 0 0 37 23 0 15 0 0 
P174 2099 11 0 0 0 0 10 0 4 0 0 0 0 25 12 0 0 41 0 0 0 8 10 0 0 0 0 35 97 88 111 27 -999 
P174 2099 12 0 0 0 8 0 94 0 50 41 109 0 13 0 0 0 0 12 0 0 37 46 34 50 0 225 524 479 278 133 109 0 
P174 2100 1 0 0 0 0 63 0 0 0 0 43 155 328 337 89 0 0 31 0 0 9 15 0 0 0 9 10 0 0 0 22 0 
P174 2100 2 0 92 116 0 0 26 0 0 0 101 0 0 0 0 0 0 0 102 56 78 0 0 11 9 0 0 0 0 -999 -999 -999 
P174 2100 3 41 0 127 0 0 0 48 65 89 93 62 105 0 0 22 13 11 0 0 35 52 53 65 83 0 0 91 54 145 0 104 
P174 2100 4 108 89 0 40 32 29 29 0 13 30 55 145 44 0 0 0 0 27 31 42 0 0 0 0 1 0 5 0 0 0 -999 
P174 2100 5 0 12 0 13 0 0 0 10 15 32 0 19 0 0 0 0 0 0 0 42 26 15 0 0 52 0 0 13 0 0 13 
P174 2100 6 0 22 0 0 12 0 0 0 9 14 0 0 0 0 0 0 0 0 5 0 0 0 0 0 0 0 0 0 0 0 -999 
P174 2100 7 0 0 0 0 0 0 0 0 0 0 0 0 0 0 0 0 0 0 0 0 0 0 0 0 0 3 0 0 0 0 0 
P174 2100 8 0 0 0 0 0 0 0 0 0 0 0 0 0 0 0 0 0 1 0 0 0 0 0 0 0 0 0 0 3 0 0 
P174 2100 9 0 0 0 1 0 0 0 0 3 0 0 6 0 0 0 0 0 0 0 0 0 0 0 42 0 0 19 0 0 0 -999 
P174 2100 10 0 0 0 9 0 0 30 55 39 0 0 44 0 0 16 10 0 19 17 0 28 90 132 0 0 0 0 0 26 0 0 
P174 2100 11 0 0 51 57 78 180 0 37 79 0 13 0 85 147 240 225 121 104 108 0 26 105 76 109 66 15 0 0 0 0 -999 
P174 2100 12 0 0 5 0 49 0 0 1 0 0 0 0 0 0 0 0 0 0 0 0 4 0 0 20 0 12 0 11 6 0 0 
