precip	MIROC5	RCP60	REGRESION	decimas	1
P7017	39.499	-5.611	182	geo	2006	2100	-1
P7017 2006 1 0 11 11 12 0 30 0 0 0 8 0 160 235 36 101 154 128 108 61 0 0 27 30 0 27 34 0 0 0 50 0 
P7017 2006 2 0 115 42 35 15 0 11 0 0 0 0 0 0 51 33 16 20 12 41 35 0 10 9 7 5 0 0 17 -999 -999 -999 
P7017 2006 3 61 87 136 164 118 141 123 116 63 75 71 24 30 35 49 108 205 182 123 65 78 68 66 0 52 61 57 0 96 66 70 
P7017 2006 4 28 70 0 0 0 0 0 30 0 0 4 0 0 0 0 16 24 0 0 2 0 0 10 0 28 39 0 0 0 18 -999 
P7017 2006 5 0 36 0 54 0 81 0 14 11 0 0 0 0 29 0 0 0 0 0 26 7 7 13 0 0 0 0 25 0 0 0 
P7017 2006 6 0 0 0 0 0 0 0 0 0 0 0 0 0 0 0 9 0 0 0 0 0 7 0 0 0 0 0 0 19 0 -999 
P7017 2006 7 0 0 0 0 0 0 0 0 9 0 0 0 24 0 0 0 0 0 0 0 0 0 0 0 0 0 0 0 9 0 0 
P7017 2006 8 0 0 0 0 0 0 0 0 0 0 0 0 0 0 0 0 0 0 0 0 15 0 0 0 0 0 0 0 15 27 0 
P7017 2006 9 0 0 24 34 0 0 0 0 0 0 0 10 12 0 0 0 0 0 0 14 0 0 0 0 0 0 0 12 0 0 -999 
P7017 2006 10 1 0 0 0 0 0 0 0 0 30 21 23 35 0 0 0 0 11 0 0 32 15 0 16 0 0 0 38 18 0 0 
P7017 2006 11 0 0 10 0 0 0 0 0 0 0 0 2 0 0 0 0 0 0 5 0 23 0 32 0 0 0 0 0 0 0 -999 
P7017 2006 12 0 0 0 0 0 0 24 124 111 65 40 35 0 39 118 162 0 0 0 0 0 0 165 58 75 69 59 0 75 52 24 
P7017 2007 1 31 36 0 0 0 0 0 0 0 0 0 0 0 13 0 0 0 3 0 3 0 0 0 0 0 0 0 18 0 20 19 
P7017 2007 2 11 0 20 13 0 8 35 115 224 147 0 27 0 12 15 9 29 62 0 0 31 38 55 38 58 61 60 38 -999 -999 -999 
P7017 2007 3 0 38 27 85 98 0 19 14 0 10 25 36 39 87 0 0 37 0 21 54 0 0 0 6 0 0 0 0 5 1 0 
P7017 2007 4 0 0 2 0 0 21 0 0 0 0 20 0 72 15 0 28 37 69 80 50 0 0 0 41 0 10 0 0 0 0 -999 
P7017 2007 5 0 3 0 32 0 21 0 0 24 0 0 0 0 37 0 0 0 0 0 14 0 0 0 0 0 0 0 0 0 0 0 
P7017 2007 6 0 0 14 0 21 0 0 0 0 11 0 0 0 16 0 0 0 4 0 0 0 15 0 0 0 0 0 0 0 0 -999 
P7017 2007 7 20 21 21 0 0 0 0 0 23 0 0 0 0 0 0 0 0 0 0 0 0 0 0 0 0 0 0 0 0 0 0 
P7017 2007 8 0 0 0 0 0 0 0 0 0 0 0 0 0 0 0 0 0 0 23 0 20 0 0 0 0 0 0 21 0 0 0 
P7017 2007 9 0 0 0 0 0 0 0 0 0 0 0 9 0 20 45 0 0 0 0 0 0 6 0 17 0 0 0 0 0 0 -999 
P7017 2007 10 0 0 0 0 0 0 0 0 0 22 17 26 0 68 26 32 50 102 20 0 33 0 78 65 20 21 0 0 0 0 0 
P7017 2007 11 0 0 10 0 0 0 0 0 0 39 69 61 26 41 0 0 7 0 0 0 0 0 2 7 2 0 0 7 0 0 -999 
P7017 2007 12 0 0 0 0 8 0 17 0 4 0 0 0 0 0 0 12 39 35 17 0 18 0 18 0 0 16 0 0 0 6 5 
P7017 2008 1 0 0 0 0 0 0 0 0 0 0 0 0 16 32 0 26 0 10 30 38 103 108 37 0 56 165 174 85 78 0 141 
P7017 2008 2 223 78 164 0 62 96 74 118 34 46 76 0 22 27 72 68 52 94 49 40 0 13 14 0 0 0 42 22 -999 -999 -999 
P7017 2008 3 0 5 0 0 0 0 8 0 0 0 0 0 25 0 5 0 0 0 0 0 0 0 0 0 0 0 0 0 0 0 0 
P7017 2008 4 0 0 16 0 12 0 0 0 0 0 0 0 0 0 80 67 44 0 0 0 0 0 0 0 7 0 0 0 0 18 -999 
P7017 2008 5 0 0 0 7 14 5 4 0 0 31 0 35 32 0 0 0 0 13 31 0 0 46 68 0 0 10 0 0 14 0 0 
P7017 2008 6 8 0 13 0 0 28 16 0 0 0 0 0 0 65 0 0 16 0 0 0 0 0 0 0 0 0 0 0 0 0 -999 
P7017 2008 7 5 0 0 0 0 0 0 0 0 0 0 0 0 0 0 0 0 0 0 13 0 0 0 18 0 15 0 0 0 0 0 
P7017 2008 8 0 0 0 0 0 0 0 0 0 0 0 0 0 0 0 0 0 0 3 0 0 0 0 0 0 0 10 0 0 0 0 
P7017 2008 9 0 0 0 11 0 10 0 0 13 0 24 29 0 39 0 0 19 0 21 0 0 0 28 0 0 0 0 0 57 30 -999 
P7017 2008 10 0 30 0 11 0 0 0 8 0 8 47 0 0 0 0 0 0 0 19 0 0 0 29 0 0 53 0 0 0 0 22 
P7017 2008 11 17 0 27 0 0 0 0 0 0 0 0 0 0 0 7 15 0 61 20 0 0 0 0 0 0 0 0 2 0 0 -999 
P7017 2008 12 0 0 0 0 1 0 0 0 0 0 26 0 11 14 0 4 0 0 0 0 0 0 0 19 50 0 32 26 0 0 0 
P7017 2009 1 0 0 0 2 0 4 0 0 7 0 0 0 0 15 0 5 0 0 0 0 0 0 0 0 0 0 0 0 0 0 0 
P7017 2009 2 0 0 7 13 5 0 0 1 1 0 0 0 0 0 2 0 0 0 0 0 0 0 0 1 0 0 2 17 -999 -999 -999 
P7017 2009 3 46 50 59 31 0 11 0 75 44 0 0 15 0 0 25 32 113 95 65 0 0 12 0 0 40 107 73 115 113 77 0 
P7017 2009 4 26 36 0 19 0 38 0 0 7 0 16 0 25 0 0 0 0 0 0 0 0 0 0 6 0 0 0 29 0 0 -999 
P7017 2009 5 0 48 32 32 0 34 0 18 28 25 0 0 4 2 0 0 0 0 22 0 0 0 22 19 0 7 0 0 0 0 0 
P7017 2009 6 0 0 0 0 16 0 22 0 0 0 0 2 0 0 27 0 0 0 0 0 0 0 0 0 0 0 0 0 0 14 -999 
P7017 2009 7 26 0 0 0 0 0 0 0 0 22 0 0 0 0 0 0 0 0 13 0 0 0 0 0 0 0 0 0 0 12 0 
P7017 2009 8 0 0 0 0 0 0 17 0 0 0 0 0 0 0 0 0 0 0 0 0 0 0 0 0 0 11 0 0 0 0 30 
P7017 2009 9 0 25 3 0 0 0 0 0 0 0 0 0 0 0 0 0 0 0 0 0 0 22 25 0 0 0 0 7 0 0 -999 
P7017 2009 10 10 0 0 0 0 0 0 0 0 0 0 0 18 18 0 27 32 0 0 0 0 0 32 70 0 0 0 8 0 0 0 
P7017 2009 11 0 0 9 0 0 0 0 0 7 0 0 11 0 14 0 22 24 0 21 34 0 0 88 56 0 0 0 0 31 46 -999 
P7017 2009 12 27 47 80 34 99 58 59 0 28 0 0 18 34 0 13 0 32 84 49 0 17 0 0 34 59 78 0 87 0 0 0 
P7017 2010 1 0 0 61 119 68 0 13 16 0 0 0 0 26 10 17 18 0 21 23 50 0 0 5 0 0 0 0 0 0 0 21 
P7017 2010 2 15 10 6 0 0 18 0 0 2 0 0 0 0 0 1 0 1 0 0 0 0 0 3 0 0 5 3 10 -999 -999 -999 
P7017 2010 3 9 0 0 13 0 19 0 22 81 0 35 13 0 0 0 10 14 40 0 22 0 0 0 0 0 0 0 0 0 0 0 
P7017 2010 4 0 0 0 0 0 22 0 45 0 0 0 22 0 22 87 0 0 0 7 0 21 0 0 20 26 0 0 0 0 17 -999 
P7017 2010 5 0 0 25 0 0 0 0 4 0 0 14 0 0 0 16 29 16 29 0 0 0 0 0 0 0 56 0 18 21 0 0 
P7017 2010 6 0 25 25 0 0 0 11 0 0 0 7 0 0 0 0 0 0 0 0 0 0 0 0 0 0 0 0 0 0 0 -999 
P7017 2010 7 0 0 0 0 0 0 19 0 0 0 0 0 0 0 0 0 0 0 0 6 0 0 0 0 0 17 0 0 0 0 0 
P7017 2010 8 0 0 0 0 0 9 0 0 0 0 0 0 0 0 0 0 0 17 0 0 0 0 0 0 0 0 0 0 0 0 0 
P7017 2010 9 0 13 0 0 0 0 0 23 0 13 12 0 0 0 0 0 0 0 27 0 0 0 0 0 32 0 6 0 0 0 -999 
P7017 2010 10 0 0 0 0 0 0 20 0 0 56 75 50 81 44 0 14 0 0 0 0 0 36 0 0 0 10 0 0 0 0 12 
P7017 2010 11 0 0 0 13 0 0 0 0 0 0 0 0 0 0 0 0 0 0 10 0 17 0 0 7 0 0 4 0 0 0 -999 
P7017 2010 12 0 0 0 9 0 0 0 9 0 11 0 0 55 27 0 5 15 0 8 0 0 1 0 0 0 0 0 16 0 0 0 
P7017 2011 1 0 15 0 22 40 6 0 0 0 0 0 0 0 19 43 14 3 0 0 0 6 28 45 0 28 0 16 0 1 0 0 
P7017 2011 2 18 0 0 49 60 63 0 0 0 0 0 0 16 0 0 12 0 0 0 0 22 53 0 9 0 0 0 54 -999 -999 -999 
P7017 2011 3 0 41 0 0 0 0 7 0 0 0 0 34 18 0 46 120 77 37 0 39 0 46 107 245 0 22 54 108 0 0 0 
P7017 2011 4 0 35 0 0 0 0 0 0 23 0 22 24 25 0 0 0 39 0 21 0 27 15 0 0 0 0 0 1 0 0 -999 
P7017 2011 5 0 0 6 4 0 0 0 13 0 0 0 11 0 0 0 0 0 0 0 0 0 0 0 0 0 0 0 0 0 13 0 
P7017 2011 6 0 0 0 0 0 0 0 0 0 0 0 0 0 0 0 0 0 0 0 0 0 0 0 0 12 0 0 0 13 0 -999 
P7017 2011 7 0 0 0 0 0 0 0 0 0 0 0 0 0 0 0 0 0 0 0 19 31 0 0 0 0 0 0 0 0 0 0 
P7017 2011 8 0 0 0 1 0 0 0 0 0 0 0 0 0 0 0 10 0 0 12 0 0 0 0 0 0 0 8 0 0 0 0 
P7017 2011 9 0 0 8 0 0 0 0 0 31 49 0 0 0 0 0 0 0 0 0 0 0 0 7 9 0 0 0 0 0 0 -999 
P7017 2011 10 0 0 0 0 0 0 0 0 0 20 19 20 0 32 19 13 0 0 0 0 23 24 0 20 13 0 17 0 17 0 0 
P7017 2011 11 0 0 0 29 67 83 30 0 0 3 0 0 0 9 0 14 66 29 0 0 19 78 46 0 0 11 0 0 0 0 -999 
P7017 2011 12 0 44 44 0 0 0 0 4 8 0 17 25 11 4 17 77 71 94 79 73 90 40 46 0 54 0 44 35 0 40 92 
P7017 2012 1 105 0 0 0 0 0 0 0 0 0 0 0 0 0 0 0 1 1 1 0 0 0 0 0 0 0 0 25 0 36 0 
P7017 2012 2 0 0 0 13 9 16 14 9 0 4 0 0 0 6 0 0 0 23 58 0 15 11 11 0 0 0 0 0 -999 -999 -999 
P7017 2012 3 40 0 34 0 0 19 9 0 0 0 0 0 0 13 16 50 0 0 0 56 0 20 0 38 0 0 0 0 0 0 0 
P7017 2012 4 0 0 0 0 5 31 30 27 0 0 0 0 0 85 73 0 0 13 0 0 0 0 0 0 63 43 72 84 59 48 -999 
P7017 2012 5 0 22 0 0 0 0 0 8 0 0 0 0 0 0 38 27 0 0 0 0 0 16 0 15 0 26 19 0 0 0 0 
P7017 2012 6 0 0 0 0 0 0 0 0 0 0 0 17 0 0 28 9 0 0 0 0 0 0 0 0 0 0 0 0 0 0 -999 
P7017 2012 7 0 0 0 0 0 0 0 0 0 0 21 0 0 0 0 0 0 0 0 0 0 0 0 0 0 0 0 0 0 0 0 
P7017 2012 8 0 0 0 0 15 0 0 0 0 0 0 0 0 0 0 0 0 0 5 0 0 0 7 7 0 0 0 0 0 8 0 
P7017 2012 9 0 0 0 0 0 0 0 0 0 0 0 8 0 0 8 0 6 0 5 0 0 0 0 0 0 0 0 0 23 0 -999 
P7017 2012 10 0 0 0 0 0 0 0 0 0 0 90 24 0 0 42 41 42 0 58 0 0 36 22 0 0 17 50 23 25 66 22 
P7017 2012 11 54 63 42 0 0 38 0 0 0 0 0 0 0 0 0 0 0 77 105 62 28 0 0 10 14 18 16 35 63 0 -999 
P7017 2012 12 0 0 0 0 29 111 107 98 0 0 30 0 0 104 68 68 0 0 0 14 0 50 0 44 23 0 0 0 0 19 0 
P7017 2013 1 0 18 25 74 32 10 37 21 0 17 0 0 0 0 0 0 0 0 0 0 0 0 0 2 0 3 7 22 0 52 10 
P7017 2013 2 0 3 0 0 0 9 7 0 0 7 0 0 46 104 0 0 25 104 134 92 68 76 76 121 0 0 0 0 -999 -999 -999 
P7017 2013 3 0 0 0 37 0 0 19 0 24 92 169 0 86 31 0 57 0 0 59 0 27 69 62 48 50 0 28 0 44 0 0 
P7017 2013 4 32 0 12 28 0 28 28 9 0 5 0 0 0 0 0 0 0 0 0 0 51 0 0 0 0 0 0 9 8 0 -999 
P7017 2013 5 0 0 0 0 0 0 0 41 0 48 0 18 0 0 36 0 33 34 0 16 0 0 0 0 0 0 0 0 0 0 0 
P7017 2013 6 0 26 0 0 16 14 0 0 64 66 0 44 0 0 0 0 13 16 16 0 0 0 0 0 0 0 0 36 0 0 -999 
P7017 2013 7 0 0 6 0 21 0 0 0 0 0 0 0 0 0 0 0 0 0 0 0 0 0 0 0 0 0 0 14 0 0 26 
P7017 2013 8 0 0 0 0 20 0 0 0 0 0 0 0 7 9 0 19 0 0 0 0 11 0 0 0 0 0 0 0 0 20 50 
P7017 2013 9 34 0 6 0 0 0 0 0 0 0 0 0 0 0 0 0 9 0 23 0 0 0 0 0 0 0 0 0 0 0 -999 
P7017 2013 10 0 0 0 0 0 0 0 11 16 31 0 15 0 0 8 0 0 0 0 0 11 0 0 0 0 0 0 0 0 0 0 
P7017 2013 11 0 0 0 0 0 0 0 10 0 7 8 7 0 0 0 0 28 187 213 61 115 176 204 90 0 178 47 24 0 0 -999 
P7017 2013 12 28 73 40 29 3 0 9 0 0 16 0 0 15 0 35 20 10 0 6 0 18 30 32 72 42 60 25 0 75 41 24 
P7017 2014 1 32 14 0 27 0 44 0 52 0 8 26 28 35 0 51 0 0 0 0 0 0 0 0 0 0 40 78 87 106 94 40 
P7017 2014 2 33 57 32 59 70 117 77 109 52 57 0 26 40 10 0 0 0 0 22 0 13 11 0 0 0 8 15 0 -999 -999 -999 
P7017 2014 3 0 6 0 0 4 0 1 2 0 0 0 0 0 37 0 98 0 84 170 79 36 24 0 10 0 0 0 0 0 0 0 
P7017 2014 4 22 28 0 29 0 0 14 0 22 0 39 44 49 0 36 0 54 27 61 0 31 0 14 33 77 0 0 0 29 0 -999 
P7017 2014 5 78 18 38 49 0 0 4 0 0 0 0 0 0 0 0 0 0 0 0 66 0 81 67 62 30 0 32 0 0 0 55 
P7017 2014 6 23 25 0 84 68 35 34 0 0 0 3 0 0 0 0 0 0 0 0 0 0 0 0 0 0 0 0 0 0 0 -999 
P7017 2014 7 0 0 0 0 0 36 0 0 0 0 0 0 0 0 0 0 0 0 0 0 0 0 0 0 0 0 0 0 0 11 0 
P7017 2014 8 13 0 15 0 0 0 0 0 0 0 15 0 0 0 0 0 27 0 0 0 0 0 0 3 0 8 0 0 0 0 0 
P7017 2014 9 0 0 0 0 0 0 0 20 0 0 0 0 0 36 0 0 65 42 0 0 0 0 13 0 0 0 0 0 14 0 -999 
P7017 2014 10 0 0 0 0 0 0 0 0 0 10 17 0 0 0 12 0 0 0 44 0 0 19 0 0 0 55 0 6 0 0 7 
P7017 2014 11 4 0 0 0 0 0 0 0 0 11 7 0 0 17 0 0 0 80 35 68 170 223 0 0 49 34 0 0 0 0 -999 
P7017 2014 12 0 0 0 2 0 12 0 9 13 10 14 7 0 0 0 0 2 0 0 0 0 0 11 16 9 0 0 0 0 28 26 
P7017 2015 1 8 0 0 85 95 0 0 26 0 0 0 0 0 0 0 0 0 0 0 0 0 0 0 0 0 0 0 86 88 0 20 
P7017 2015 2 17 0 7 8 0 0 0 0 0 0 5 0 4 0 0 2 0 0 0 0 4 0 0 26 83 85 74 0 -999 -999 -999 
P7017 2015 3 23 0 46 83 32 0 46 44 51 0 0 0 0 45 0 0 0 0 8 17 36 43 54 0 0 0 0 0 0 3 0 
P7017 2015 4 33 22 17 0 0 0 0 0 9 0 0 6 0 0 0 0 20 0 5 0 6 0 0 10 0 52 0 44 108 56 -999 
P7017 2015 5 79 54 34 0 11 15 0 0 0 0 0 0 0 0 0 6 0 0 0 0 0 0 0 0 0 0 38 73 74 26 0 
P7017 2015 6 0 0 0 0 0 44 0 0 0 0 0 0 0 14 0 0 0 0 0 8 0 0 0 0 0 0 0 0 0 0 -999 
P7017 2015 7 0 0 0 0 0 0 0 0 0 0 0 0 0 0 21 0 0 0 0 0 14 0 0 0 0 0 0 0 0 0 0 
P7017 2015 8 0 0 0 0 0 0 0 0 0 27 0 0 0 0 0 0 21 0 0 0 0 0 0 0 0 0 0 0 0 0 3 
P7017 2015 9 0 0 0 27 0 26 11 0 0 0 0 0 0 13 0 0 0 0 0 0 0 0 0 0 0 73 79 50 33 53 -999 
P7017 2015 10 0 25 0 6 0 0 29 63 21 0 0 0 29 0 0 0 0 0 14 0 15 0 0 0 10 0 0 0 0 0 9 
P7017 2015 11 0 6 0 0 0 0 0 0 0 0 0 21 25 49 25 0 0 0 31 70 55 0 0 0 0 0 0 4 0 14 -999 
P7017 2015 12 0 47 0 41 0 32 179 113 85 74 37 91 95 0 0 44 0 8 0 0 2 0 0 0 1 0 0 0 7 0 0 
P7017 2016 1 0 0 18 0 12 20 39 38 20 0 0 111 67 123 52 38 0 38 0 0 0 22 18 0 18 22 0 18 24 21 0 
P7017 2016 2 2 0 29 0 0 14 7 0 0 14 16 13 0 22 23 22 68 29 0 0 0 0 17 0 18 26 0 0 -999 -999 -999 
P7017 2016 3 0 23 0 0 26 30 42 0 161 116 153 177 97 0 39 38 0 42 23 0 32 0 0 0 41 0 0 139 98 55 79 
P7017 2016 4 0 0 0 4 0 0 0 27 0 77 107 96 0 37 122 41 57 26 71 72 18 0 0 0 0 0 0 38 0 0 -999 
P7017 2016 5 0 0 14 20 0 0 0 0 9 14 34 0 0 15 20 33 26 0 0 4 5 0 0 0 0 0 10 0 0 0 0 
P7017 2016 6 29 0 0 4 0 0 5 0 0 0 31 0 0 0 0 21 0 11 0 0 0 0 12 0 0 0 0 0 0 0 -999 
P7017 2016 7 0 0 0 0 0 0 0 0 0 0 0 0 0 0 0 0 0 0 0 0 0 0 0 0 0 0 0 0 0 0 0 
P7017 2016 8 9 0 0 0 0 0 0 0 0 0 0 0 0 0 0 0 10 0 5 0 0 0 0 0 0 0 0 0 0 0 9 
P7017 2016 9 0 13 0 0 0 0 0 0 0 0 4 0 0 0 0 0 0 17 0 24 11 14 0 0 0 0 0 0 0 0 -999 
P7017 2016 10 0 10 0 0 7 0 0 0 0 0 0 41 0 0 32 93 115 0 0 69 0 46 0 10 12 0 0 0 0 0 0 
P7017 2016 11 0 14 0 0 0 0 0 0 0 13 0 23 0 34 128 0 31 95 55 0 67 0 24 51 63 0 15 17 44 45 -999 
P7017 2016 12 0 0 0 0 4 7 0 18 25 19 45 0 0 0 13 0 9 42 81 85 82 103 53 48 28 0 0 0 15 0 0 
P7017 2017 1 0 0 0 0 0 0 0 0 0 0 0 0 0 0 53 14 0 6 7 0 5 0 0 0 0 0 2 0 0 6 0 
P7017 2017 2 5 0 0 0 0 0 0 0 0 6 0 0 0 0 0 0 0 0 0 3 0 0 0 0 0 0 0 3 -999 -999 -999 
P7017 2017 3 7 0 8 0 0 0 8 0 67 43 15 13 38 35 0 5 0 0 0 0 4 0 0 63 95 93 0 63 0 10 8 
P7017 2017 4 0 0 11 0 0 0 0 16 31 37 10 0 0 0 0 0 0 0 0 6 0 0 18 0 26 0 45 63 0 43 -999 
P7017 2017 5 0 0 0 0 0 0 0 0 0 0 0 0 0 0 0 0 0 9 0 0 0 0 0 18 0 0 19 0 0 0 0 
P7017 2017 6 0 0 0 0 0 0 0 17 22 17 0 0 0 0 0 0 0 0 5 0 10 0 0 0 0 0 0 0 0 0 -999 
P7017 2017 7 18 9 0 0 0 0 0 0 0 0 0 0 0 16 0 0 0 0 0 0 0 0 6 0 0 0 0 0 0 0 12 
P7017 2017 8 0 0 0 0 0 0 0 0 0 0 0 0 0 0 0 0 0 19 0 0 0 0 0 0 0 0 0 0 0 0 0 
P7017 2017 9 0 16 0 0 0 0 0 10 0 0 0 0 0 0 0 0 4 0 0 4 0 0 17 0 37 0 0 0 0 0 -999 
P7017 2017 10 0 0 0 0 0 0 8 0 0 0 0 0 13 18 0 73 75 0 60 0 15 0 42 0 5 0 101 145 185 69 0 
P7017 2017 11 0 0 0 35 26 0 17 61 0 23 85 93 208 91 0 0 15 0 0 0 40 25 0 7 19 21 0 0 0 0 -999 
P7017 2017 12 0 0 0 28 0 0 27 78 146 52 0 0 66 120 106 17 0 7 0 0 0 0 14 19 17 16 0 0 39 64 0 
P7017 2018 1 24 7 0 0 10 0 0 35 68 35 8 12 0 0 0 0 24 0 32 0 4 16 90 0 23 0 65 41 0 17 47 
P7017 2018 2 52 13 99 17 0 20 23 11 23 0 0 0 0 9 0 0 9 6 0 30 0 10 0 0 0 0 0 0 -999 -999 -999 
P7017 2018 3 0 0 0 0 29 27 0 0 0 0 0 67 0 53 32 8 27 24 15 9 6 5 0 0 20 29 42 33 48 40 0 
P7017 2018 4 15 9 0 0 23 17 0 20 27 0 0 0 17 10 66 19 0 0 0 0 0 0 0 45 68 91 87 39 26 31 -999 
P7017 2018 5 0 5 0 0 0 0 21 12 38 0 44 50 53 31 19 49 58 55 49 0 59 0 0 0 0 0 33 0 7 5 6 
P7017 2018 6 0 12 0 0 0 0 0 0 0 11 0 0 0 0 0 0 9 0 0 0 24 0 0 0 6 0 0 0 0 0 -999 
P7017 2018 7 0 0 0 0 0 0 0 24 0 0 0 12 0 0 0 0 0 0 0 0 0 0 0 0 0 0 0 0 12 0 0 
P7017 2018 8 0 0 0 0 0 0 0 0 0 0 0 0 0 0 0 0 0 0 0 0 0 0 0 0 8 0 0 0 0 0 4 
P7017 2018 9 0 0 0 0 14 0 0 0 0 0 0 0 11 20 0 0 0 0 9 0 0 0 0 0 0 6 0 0 0 0 -999 
P7017 2018 10 0 0 0 0 0 0 0 0 24 41 26 0 10 0 22 0 0 18 0 0 23 25 0 0 0 22 0 2 0 0 0 
P7017 2018 11 10 0 0 0 0 0 37 141 54 64 0 0 4 0 5 0 0 12 0 56 32 46 0 0 0 10 0 0 11 0 -999 
P7017 2018 12 0 34 23 34 47 62 0 17 14 15 35 104 89 41 35 24 13 8 0 0 0 50 0 0 0 43 62 103 115 93 67 
P7017 2019 1 142 114 95 129 129 0 129 0 0 0 21 0 0 0 22 13 75 49 83 86 100 115 41 19 44 63 148 15 9 29 77 
P7017 2019 2 106 115 0 15 0 0 23 20 0 82 0 0 127 119 26 0 62 205 197 28 26 26 0 0 0 1 0 0 -999 -999 -999 
P7017 2019 3 0 0 0 13 16 21 0 0 33 0 0 0 0 0 0 0 0 0 0 0 0 0 0 0 0 0 0 37 0 31 31 
P7017 2019 4 28 0 0 0 27 65 41 70 0 0 0 0 31 0 51 49 0 0 0 0 0 0 40 62 0 40 51 46 0 43 -999 
P7017 2019 5 0 0 0 0 0 0 0 0 25 0 0 0 0 27 0 0 5 0 0 3 3 0 0 0 0 0 0 0 0 0 0 
P7017 2019 6 0 9 0 0 0 0 0 0 0 20 0 0 0 0 0 31 0 0 0 0 0 0 0 0 0 0 0 11 0 0 -999 
P7017 2019 7 11 0 0 0 0 0 0 16 0 0 0 0 0 0 0 0 0 0 0 0 0 0 0 0 0 0 0 0 0 0 0 
P7017 2019 8 0 0 0 0 0 0 0 0 0 0 0 0 0 0 0 0 0 3 4 0 0 0 0 4 0 0 0 0 0 0 0 
P7017 2019 9 0 0 13 0 19 0 0 0 0 3 0 0 0 0 7 17 34 0 0 40 0 17 0 0 0 0 0 22 0 0 -999 
P7017 2019 10 0 0 0 0 0 0 0 0 0 0 0 87 72 0 0 0 7 0 0 0 0 0 0 0 0 10 0 6 0 0 0 
P7017 2019 11 0 7 0 7 0 33 0 0 0 4 0 0 0 0 0 0 0 12 26 0 195 208 75 49 0 94 53 29 68 151 -999 
P7017 2019 12 104 66 0 0 0 0 0 0 0 0 0 0 0 0 0 0 0 7 11 0 0 0 0 0 0 0 0 0 0 0 34 
P7017 2020 1 36 30 16 0 0 0 0 0 0 0 4 0 41 77 0 18 11 8 0 0 0 0 0 0 0 31 54 0 0 0 0 
P7017 2020 2 0 0 20 0 0 0 29 51 16 22 12 22 0 0 0 14 0 0 0 0 0 5 4 0 0 0 10 5 -999 -999 -999 
P7017 2020 3 0 0 0 0 0 53 0 0 0 0 6 36 27 0 0 11 0 0 0 0 27 0 0 23 33 34 20 0 20 0 26 
P7017 2020 4 0 0 15 11 5 0 0 1 0 0 0 0 0 26 74 116 119 74 0 62 77 20 0 0 0 6 0 0 17 12 -999 
P7017 2020 5 0 0 24 0 0 0 0 0 0 0 57 54 43 37 59 0 0 0 0 0 0 0 0 0 0 0 0 13 0 0 0 
P7017 2020 6 0 0 0 0 0 0 0 0 15 0 0 0 0 12 0 14 0 0 0 0 0 0 0 0 0 0 0 0 0 0 -999 
P7017 2020 7 9 0 0 0 0 0 0 0 0 0 0 0 0 0 9 8 0 0 0 0 0 0 0 0 0 0 0 0 0 0 0 
P7017 2020 8 0 0 0 0 16 0 0 0 0 0 0 5 0 0 0 0 0 0 0 0 0 0 0 0 39 26 0 0 0 0 18 
P7017 2020 9 0 0 0 6 0 0 7 0 0 0 0 0 0 0 0 0 6 0 0 0 9 0 0 0 0 0 0 0 0 0 -999 
P7017 2020 10 0 0 21 0 0 0 40 0 0 24 37 51 19 26 118 68 0 89 0 11 0 0 0 5 0 0 0 11 0 0 0 
P7017 2020 11 60 93 75 73 0 0 4 16 13 0 0 0 0 0 22 0 10 0 34 130 87 70 43 0 56 64 84 119 15 0 -999 
P7017 2020 12 74 90 61 26 56 17 0 41 0 0 0 0 0 0 0 0 0 0 0 0 0 160 126 96 84 96 140 17 38 0 0 
P7017 2021 1 0 133 0 0 0 0 46 117 92 18 6 0 0 0 0 0 20 0 18 13 9 0 9 0 0 22 36 32 0 0 45 
P7017 2021 2 0 67 87 65 58 0 0 0 0 0 0 0 0 0 0 0 0 0 11 0 14 0 8 4 0 13 0 12 -999 -999 -999 
P7017 2021 3 0 11 0 0 0 0 0 0 34 71 0 16 81 0 0 0 53 0 0 0 0 0 0 7 0 19 30 0 0 0 0 
P7017 2021 4 24 0 0 20 16 4 0 0 0 18 0 15 36 0 0 0 0 0 0 0 0 32 0 0 0 0 0 0 0 0 -999 
P7017 2021 5 78 56 0 16 11 0 0 0 0 0 0 0 0 0 0 0 0 0 0 0 0 0 12 0 0 8 0 38 22 0 0 
P7017 2021 6 0 0 51 0 0 0 0 0 0 0 0 10 0 0 0 0 0 0 0 0 24 7 0 0 0 5 0 0 0 0 -999 
P7017 2021 7 0 0 0 0 23 0 0 12 0 0 0 0 0 0 0 0 0 0 0 0 0 0 0 0 0 17 0 0 0 0 0 
P7017 2021 8 0 0 0 0 0 0 0 0 0 0 0 0 0 0 0 0 0 0 0 0 0 0 0 0 0 0 0 0 0 0 0 
P7017 2021 9 0 0 0 0 0 0 0 0 0 0 3 0 0 0 0 0 0 0 0 0 33 26 0 36 45 29 0 0 0 8 -999 
P7017 2021 10 0 0 0 0 0 0 0 0 22 0 0 4 0 0 0 0 0 0 0 0 0 114 0 89 48 0 31 0 0 12 0 
P7017 2021 11 0 0 60 107 107 50 0 0 11 24 0 0 0 16 27 0 0 58 0 7 0 10 0 24 55 0 72 69 98 42 -999 
P7017 2021 12 93 141 45 0 0 0 12 28 0 15 26 0 0 0 0 95 114 125 36 0 58 60 32 0 0 0 0 0 0 28 0 
P7017 2022 1 0 0 0 22 0 0 0 67 88 56 77 40 59 73 0 48 63 30 0 71 88 78 128 0 48 0 53 59 64 96 93 
P7017 2022 2 161 0 0 71 62 0 172 222 0 124 179 150 157 79 141 0 0 58 0 57 144 51 69 23 77 160 108 0 -999 -999 -999 
P7017 2022 3 0 0 0 0 114 107 0 119 63 81 0 64 57 0 0 6 0 0 0 0 0 0 0 0 0 0 0 0 56 0 15 
P7017 2022 4 0 11 0 7 10 18 0 45 0 0 0 0 10 22 50 0 0 14 0 0 10 0 0 0 0 0 0 0 8 0 -999 
P7017 2022 5 0 4 4 7 0 0 0 0 35 0 57 50 79 60 0 0 0 0 31 24 23 0 16 0 0 0 0 0 6 0 0 
P7017 2022 6 0 0 0 0 0 29 51 0 0 0 0 0 0 0 0 0 16 8 0 0 11 0 0 0 0 0 0 0 0 0 -999 
P7017 2022 7 0 0 0 0 0 0 0 0 37 0 0 19 0 0 0 0 0 0 0 0 0 0 0 0 0 0 14 0 0 13 0 
P7017 2022 8 0 0 0 0 0 6 0 0 0 0 0 0 0 0 0 0 0 0 0 0 9 0 0 16 0 0 5 0 10 0 0 
P7017 2022 9 0 0 0 0 0 0 0 0 0 0 8 0 0 0 0 12 10 0 0 14 0 0 0 1 5 0 0 0 9 0 -999 
P7017 2022 10 0 0 0 0 0 0 0 0 41 38 0 22 0 68 84 55 0 0 0 9 0 0 0 0 0 0 0 0 0 92 40 
P7017 2022 11 0 0 15 0 0 0 0 0 0 0 0 0 0 1 0 0 0 0 0 0 0 0 0 0 0 0 0 0 0 13 -999 
P7017 2022 12 31 81 120 174 0 97 0 20 113 21 13 0 0 0 0 18 0 0 0 18 58 112 141 68 58 39 0 28 0 0 0 
P7017 2023 1 0 0 0 1 12 0 0 0 0 0 0 0 0 0 16 0 0 0 0 0 0 18 0 0 0 0 1 0 0 2 0 
P7017 2023 2 0 31 0 11 3 0 0 0 0 0 0 0 4 0 0 0 29 37 15 0 0 33 56 28 0 18 40 0 -999 -999 -999 
P7017 2023 3 30 0 11 0 0 7 0 0 0 6 20 65 0 0 0 0 0 0 0 0 0 0 0 0 0 0 0 0 0 0 0 
P7017 2023 4 0 14 37 78 62 0 26 0 0 0 0 36 99 129 64 12 57 0 0 0 2 0 0 0 89 64 52 0 10 12 -999 
P7017 2023 5 11 0 0 0 0 0 0 0 0 0 0 0 41 0 0 0 0 51 60 0 14 0 12 0 0 0 0 0 0 0 0 
P7017 2023 6 0 0 36 28 39 0 33 0 14 0 0 0 0 6 0 0 0 0 0 0 10 0 0 0 0 0 0 0 3 0 -999 
P7017 2023 7 0 0 0 0 0 0 0 0 0 0 0 0 0 0 0 0 0 0 0 0 0 15 0 0 0 0 0 0 0 0 0 
P7017 2023 8 0 0 0 0 23 0 0 0 0 0 0 0 0 0 0 0 0 0 0 0 0 11 0 0 0 0 0 0 0 11 0 
P7017 2023 9 0 42 0 0 0 0 0 0 0 0 0 0 0 0 0 0 0 0 11 0 10 0 12 0 0 0 0 0 0 0 -999 
P7017 2023 10 0 0 0 8 6 0 0 0 0 11 0 8 0 47 92 33 0 0 0 0 0 0 0 0 0 0 19 6 14 0 106 
P7017 2023 11 0 0 12 0 0 0 0 0 33 49 0 0 0 6 0 0 0 0 0 0 1 0 0 16 20 0 0 0 0 0 -999 
P7017 2023 12 0 0 0 0 0 4 0 0 0 0 0 0 0 5 4 0 0 22 0 0 0 0 10 0 12 0 0 4 0 0 0 
P7017 2024 1 0 0 56 48 0 93 68 72 65 34 20 0 38 105 78 0 57 114 0 0 0 0 0 0 0 0 0 0 14 0 38 
P7017 2024 2 86 0 129 0 0 22 14 37 0 0 0 0 0 0 0 0 0 0 0 0 0 0 75 145 124 95 24 0 -999 -999 -999 
P7017 2024 3 0 84 0 98 79 82 0 45 46 11 0 0 0 0 0 0 18 0 0 0 0 0 0 0 97 113 48 0 56 75 32 
P7017 2024 4 71 0 87 42 16 10 14 4 0 0 0 0 0 0 0 0 0 4 0 0 0 41 16 30 0 0 0 0 0 0 -999 
P7017 2024 5 0 0 0 0 0 0 11 0 0 0 0 0 0 0 0 0 0 0 0 0 0 0 0 0 0 0 0 0 0 0 0 
P7017 2024 6 0 0 0 0 0 0 0 0 0 0 11 0 0 0 0 0 0 0 0 20 0 0 17 0 0 0 0 0 0 0 -999 
P7017 2024 7 0 8 0 22 0 26 0 0 0 23 0 0 0 0 0 0 0 0 0 0 0 0 0 0 0 0 0 0 0 0 0 
P7017 2024 8 0 0 0 0 0 0 0 0 0 0 0 0 0 0 0 0 0 0 0 0 0 0 0 0 0 0 0 0 10 0 0 
P7017 2024 9 0 0 19 0 0 18 20 0 0 0 0 0 16 0 0 0 0 0 24 18 0 0 0 0 0 0 0 6 0 0 -999 
P7017 2024 10 0 0 0 9 0 0 0 0 0 35 0 24 0 0 133 95 28 17 0 0 0 32 26 0 0 0 0 0 0 0 0 
P7017 2024 11 15 36 18 19 0 18 36 16 15 0 22 47 64 0 12 0 0 0 0 0 0 0 0 0 0 0 0 0 0 0 -999 
P7017 2024 12 0 20 15 47 31 0 9 0 3 0 0 0 0 7 0 0 0 8 0 0 6 0 8 0 14 50 23 0 0 0 0 
P7017 2025 1 0 0 0 0 0 9 0 0 0 20 0 18 13 0 0 0 0 0 0 0 33 0 31 0 37 0 22 5 18 27 30 
P7017 2025 2 0 0 9 12 0 0 0 0 47 28 0 18 14 33 35 31 67 18 23 75 46 37 0 0 0 1 0 0 -999 -999 -999 
P7017 2025 3 11 0 0 39 73 97 204 0 0 0 0 0 0 0 0 0 21 0 45 43 107 119 82 231 83 37 77 0 5 0 44 
P7017 2025 4 0 0 17 0 0 0 0 0 0 0 0 0 0 0 0 0 5 0 26 0 15 8 0 3 0 8 0 13 21 47 -999 
P7017 2025 5 0 0 56 57 0 0 43 0 0 0 0 17 0 0 0 0 0 0 0 0 0 0 0 0 17 0 0 0 0 0 16 
P7017 2025 6 0 0 0 0 0 0 0 0 0 0 0 7 0 0 0 0 0 0 8 0 0 0 0 0 0 0 0 0 9 21 -999 
P7017 2025 7 0 0 0 0 0 0 0 0 12 0 0 0 0 0 0 0 0 0 0 0 0 0 0 18 0 0 0 0 0 0 0 
P7017 2025 8 9 0 0 0 0 0 0 0 0 0 0 0 0 0 0 0 16 0 0 0 0 0 0 0 0 0 0 0 0 0 0 
P7017 2025 9 0 12 0 0 14 0 0 0 0 0 0 0 16 21 21 0 0 0 0 0 0 0 0 0 0 0 0 0 0 0 -999 
P7017 2025 10 0 0 0 0 14 19 37 35 0 0 0 0 0 0 36 8 5 0 9 0 0 0 0 27 45 0 44 71 0 0 28 
P7017 2025 11 0 0 0 0 0 0 0 0 8 19 0 0 0 0 0 46 12 0 19 22 13 0 0 0 42 0 1 0 7 0 -999 
P7017 2025 12 0 41 58 18 18 28 74 75 16 0 0 0 0 0 4 0 0 14 0 0 0 14 17 0 56 0 31 0 0 0 0 
P7017 2026 1 0 32 23 15 11 29 2 0 7 0 0 153 0 0 26 161 177 116 43 34 0 9 22 0 0 38 51 0 0 11 0 
P7017 2026 2 0 8 51 0 0 24 0 0 6 0 0 0 0 2 0 0 14 0 77 0 55 70 56 0 16 23 0 0 -999 -999 -999 
P7017 2026 3 0 0 0 0 0 0 0 0 0 0 0 4 0 3 0 4 0 0 13 23 56 104 34 13 6 0 0 0 0 0 0 
P7017 2026 4 0 0 0 0 0 0 0 0 66 90 112 56 52 33 20 9 0 7 0 0 0 0 0 6 0 0 0 60 0 0 -999 
P7017 2026 5 0 0 0 0 5 0 0 0 0 0 0 0 0 0 0 0 27 32 0 0 0 0 0 0 0 41 39 0 0 0 12 
P7017 2026 6 9 6 6 0 0 0 0 0 0 0 0 0 0 0 0 0 0 0 0 0 2 0 0 0 0 0 0 0 0 0 -999 
P7017 2026 7 0 0 0 0 0 0 0 0 0 0 0 0 0 0 0 0 0 0 0 0 0 0 0 0 0 0 13 0 0 0 0 
P7017 2026 8 0 0 0 0 0 0 0 0 17 0 0 0 0 0 0 8 0 0 0 0 0 0 0 39 0 0 0 0 0 0 0 
P7017 2026 9 0 0 0 14 0 0 0 17 6 0 0 21 0 0 0 0 0 0 0 0 0 0 0 0 0 25 0 10 20 10 -999 
P7017 2026 10 0 0 12 0 0 30 44 0 0 20 42 65 25 52 76 76 0 0 0 0 0 17 93 0 47 0 11 6 61 68 111 
P7017 2026 11 51 17 0 0 0 32 0 13 33 104 89 32 0 25 0 0 16 0 25 0 0 0 9 0 0 0 0 37 0 7 -999 
P7017 2026 12 0 0 0 0 0 27 0 19 56 53 0 0 24 53 69 69 107 106 70 0 17 0 37 0 0 26 0 0 17 47 0 
P7017 2027 1 0 0 101 114 104 79 114 99 56 0 26 10 0 0 0 0 0 9 45 83 0 17 4 0 10 0 0 26 0 8 0 
P7017 2027 2 14 0 0 0 8 0 12 0 0 11 0 26 56 128 77 221 96 122 50 8 0 30 45 54 77 69 0 54 -999 -999 -999 
P7017 2027 3 90 0 33 0 74 72 81 0 22 0 0 0 9 0 39 66 53 0 50 27 0 0 0 0 22 49 70 64 13 22 37 
P7017 2027 4 0 80 65 83 34 25 40 0 36 31 0 0 35 43 0 113 108 123 55 66 64 31 41 40 36 0 9 0 0 0 -999 
P7017 2027 5 31 0 0 0 55 0 0 8 0 0 0 0 0 0 9 0 0 0 0 0 23 0 0 0 57 62 0 17 0 0 0 
P7017 2027 6 0 0 0 0 27 0 0 0 0 10 0 0 15 0 0 0 0 0 0 0 0 0 0 0 10 0 0 0 0 0 -999 
P7017 2027 7 0 0 18 0 0 17 10 0 0 0 0 0 0 0 0 0 0 0 0 0 0 0 0 0 0 15 0 0 0 0 0 
P7017 2027 8 0 0 22 0 21 0 0 0 0 0 0 23 0 0 0 0 0 0 0 0 0 0 0 0 0 0 0 0 0 0 0 
P7017 2027 9 0 0 24 0 0 0 0 0 0 0 0 0 34 0 0 14 0 0 7 0 0 0 0 0 0 0 0 0 0 0 -999 
P7017 2027 10 0 0 0 0 0 0 0 0 0 0 0 0 0 0 0 8 7 0 0 0 0 33 13 0 0 0 17 0 33 0 0 
P7017 2027 11 0 89 180 108 0 35 0 0 0 0 4 0 85 100 75 13 11 17 0 0 19 0 105 102 88 41 74 72 109 112 -999 
P7017 2027 12 0 0 0 6 0 0 147 115 56 61 0 24 0 47 67 42 0 31 0 45 47 10 0 0 0 0 4 0 0 0 0 
P7017 2028 1 26 0 17 0 10 16 36 45 140 123 32 72 125 176 143 17 9 5 0 0 0 0 0 0 0 0 0 0 0 0 0 
P7017 2028 2 0 0 0 21 0 0 0 0 0 0 0 3 0 0 0 0 0 0 0 0 14 18 15 0 17 54 73 51 -999 -999 -999 
P7017 2028 3 56 58 0 13 14 3 0 0 0 0 22 0 13 14 16 21 22 17 8 0 0 21 22 0 0 0 3 0 6 0 0 
P7017 2028 4 0 0 0 20 23 22 39 0 29 0 25 0 0 0 0 4 0 0 0 12 0 0 0 0 0 0 0 17 0 20 -999 
P7017 2028 5 0 0 0 0 0 9 0 0 0 0 0 0 0 0 3 0 0 5 0 0 4 0 16 27 0 4 0 0 0 9 12 
P7017 2028 6 0 24 24 0 18 14 0 0 0 0 0 0 0 0 0 0 0 6 0 0 25 0 0 0 0 0 0 0 0 0 -999 
P7017 2028 7 0 0 0 0 0 28 0 0 0 0 12 0 0 0 0 0 0 0 0 0 0 0 24 0 0 0 0 0 0 0 0 
P7017 2028 8 0 0 0 0 0 0 11 7 7 0 28 0 0 0 0 0 0 0 0 16 12 0 0 0 0 0 0 0 0 0 0 
P7017 2028 9 0 0 32 0 0 0 16 0 0 0 0 0 0 0 0 0 0 0 0 5 0 0 16 0 0 0 8 0 16 0 -999 
P7017 2028 10 0 0 0 13 0 0 18 0 0 0 0 0 0 11 0 0 0 0 0 56 0 0 0 0 0 0 0 0 14 39 85 
P7017 2028 11 73 0 13 0 0 0 0 47 41 62 0 13 4 18 0 55 0 10 12 0 0 0 0 0 0 0 0 0 0 0 -999 
P7017 2028 12 0 0 0 0 55 54 0 0 0 2 0 0 0 0 0 0 0 0 51 51 70 26 93 63 0 24 14 0 0 0 0 
P7017 2029 1 9 46 75 7 37 119 190 55 14 14 0 26 45 51 71 83 31 0 40 61 0 0 0 30 39 101 111 41 0 1 0 
P7017 2029 2 0 14 13 0 0 0 0 15 0 0 0 0 3 2 0 0 0 0 0 17 0 34 38 0 15 0 0 0 -999 -999 -999 
P7017 2029 3 6 0 18 0 0 0 0 0 0 0 0 0 0 0 21 0 0 33 0 30 18 24 0 29 0 2 0 0 0 0 2 
P7017 2029 4 7 0 0 0 0 19 20 0 0 0 0 0 27 0 0 0 0 3 0 0 0 8 0 0 0 0 0 0 0 0 -999 
P7017 2029 5 0 0 0 0 0 0 0 0 0 3 0 0 0 0 0 0 0 0 14 0 0 0 0 0 0 0 0 0 10 0 0 
P7017 2029 6 0 0 0 0 29 0 0 0 0 0 0 0 0 0 0 0 0 0 0 0 25 27 0 0 0 0 0 0 0 0 -999 
P7017 2029 7 20 0 0 0 0 0 0 0 0 0 0 0 0 0 0 0 0 0 0 0 0 0 0 0 0 0 0 0 0 0 0 
P7017 2029 8 0 0 0 0 0 0 0 0 0 0 0 15 0 0 0 0 0 0 0 0 0 0 13 11 0 0 0 0 0 0 0 
P7017 2029 9 0 0 0 0 0 0 7 0 0 0 0 0 0 0 0 9 0 27 0 14 19 0 63 62 0 0 0 67 56 47 -999 
P7017 2029 10 81 25 0 0 0 0 0 0 0 7 0 0 0 0 39 0 0 0 37 8 0 0 24 32 0 0 15 0 28 0 47 
P7017 2029 11 0 34 0 126 0 90 0 34 153 0 35 13 7 0 0 15 0 4 19 21 0 0 24 28 10 14 27 36 110 49 -999 
P7017 2029 12 13 0 18 0 0 0 0 9 0 0 0 0 0 0 0 0 0 0 0 12 7 0 6 0 0 0 0 0 13 32 165 
P7017 2030 1 116 0 0 19 0 51 100 31 51 0 0 0 3 5 0 0 0 0 3 0 0 0 0 6 12 0 14 32 128 149 124 
P7017 2030 2 182 142 102 25 0 62 0 90 0 0 119 61 0 31 93 83 24 28 0 0 21 10 21 0 51 0 41 0 -999 -999 -999 
P7017 2030 3 0 21 48 72 0 45 121 0 0 49 54 0 12 0 15 22 12 0 0 0 0 59 24 0 2 0 0 0 0 0 0 
P7017 2030 4 6 0 0 15 0 0 0 0 9 17 25 20 0 74 78 86 115 213 54 0 63 96 44 30 0 53 32 20 0 6 -999 
P7017 2030 5 0 0 0 0 0 0 8 0 0 0 0 18 58 50 0 42 26 16 23 0 0 0 0 0 0 0 0 0 0 0 0 
P7017 2030 6 41 0 0 0 0 0 33 0 22 0 37 43 31 35 0 11 0 0 29 0 0 0 0 0 0 0 0 0 0 0 -999 
P7017 2030 7 0 0 0 0 0 0 0 0 0 0 0 0 0 0 0 0 0 0 0 0 0 0 0 0 0 0 0 0 0 0 0 
P7017 2030 8 0 0 0 0 0 0 0 0 0 0 0 0 0 0 0 0 0 0 0 0 0 0 0 0 0 0 0 5 0 5 0 
P7017 2030 9 0 0 0 0 10 0 0 0 0 0 0 0 0 0 6 0 30 0 0 0 0 14 0 0 0 0 0 7 0 7 -999 
P7017 2030 10 0 0 0 26 12 0 0 0 41 0 57 0 0 0 0 0 15 25 9 0 3 0 0 0 0 0 0 16 0 35 35 
P7017 2030 11 41 32 0 79 173 112 50 0 35 0 0 0 0 0 0 22 0 56 31 0 0 0 19 0 0 0 39 0 32 124 -999 
P7017 2030 12 133 38 67 50 92 101 0 45 44 23 0 89 0 27 58 30 0 0 0 0 0 0 0 0 22 0 0 0 0 0 8 
P7017 2031 1 0 0 4 0 0 0 30 0 0 0 0 0 69 113 61 0 0 0 24 7 14 32 33 47 0 33 25 24 40 48 51 
P7017 2031 2 36 18 24 30 26 66 0 17 0 89 59 40 10 0 0 0 18 78 37 24 28 71 0 0 0 0 25 31 -999 -999 -999 
P7017 2031 3 25 39 41 24 0 0 0 0 0 34 38 0 34 68 47 0 54 53 55 30 52 70 70 40 29 0 63 45 0 33 43 
P7017 2031 4 0 42 35 51 95 103 25 0 0 0 0 0 0 0 0 0 0 0 0 20 21 0 0 0 38 0 34 35 0 16 -999 
P7017 2031 5 23 16 0 0 0 25 44 46 0 28 20 15 29 44 26 0 21 0 0 2 0 0 0 0 0 0 0 0 20 12 0 
P7017 2031 6 0 0 0 0 0 0 4 0 0 0 0 0 0 0 0 0 0 0 0 0 0 28 0 0 0 0 0 0 0 0 -999 
P7017 2031 7 0 0 0 0 0 0 0 0 0 22 0 0 0 0 0 0 0 0 0 0 0 0 0 0 0 0 0 0 0 0 0 
P7017 2031 8 0 0 0 0 0 0 0 0 0 0 0 0 0 0 0 15 0 0 24 30 20 0 0 0 0 0 0 0 0 0 0 
P7017 2031 9 6 8 0 0 0 0 13 0 0 0 0 0 0 0 0 0 0 0 0 0 0 11 0 0 0 0 0 41 0 0 -999 
P7017 2031 10 0 0 0 0 9 6 0 0 30 0 0 0 0 0 0 51 23 0 0 24 43 0 49 74 0 20 54 100 46 41 115 
P7017 2031 11 0 30 0 23 0 0 0 0 14 0 8 0 73 0 61 120 27 0 15 0 3 0 0 0 0 20 0 0 0 34 -999 
P7017 2031 12 53 120 109 76 67 30 20 10 0 0 0 0 0 0 0 2 1 0 0 0 2 0 6 0 18 18 18 13 0 0 0 
P7017 2032 1 78 122 0 7 32 131 43 53 0 0 0 5 6 0 0 0 0 106 80 0 6 0 0 0 0 0 31 20 0 68 0 
P7017 2032 2 134 137 0 0 96 38 24 0 0 1 7 0 0 0 0 0 0 0 0 0 0 2 0 0 26 0 0 0 -999 -999 -999 
P7017 2032 3 0 0 1 0 6 43 53 0 0 0 0 0 0 0 0 0 0 0 13 0 0 0 0 0 40 39 0 0 11 0 29 
P7017 2032 4 9 17 86 0 69 0 0 29 0 18 0 0 0 0 0 19 34 51 0 26 104 146 163 50 34 0 0 30 69 44 -999 
P7017 2032 5 36 0 16 0 0 52 58 55 44 34 0 0 0 0 0 0 65 53 26 24 34 0 0 0 0 0 0 0 0 0 0 
P7017 2032 6 0 0 18 0 0 0 16 0 0 0 0 0 17 0 2 5 8 0 0 0 0 0 0 0 0 24 0 0 20 26 -999 
P7017 2032 7 0 0 0 0 0 0 0 0 0 0 0 0 0 0 0 0 0 0 5 0 5 0 0 0 0 0 0 0 0 0 0 
P7017 2032 8 0 0 0 0 0 0 0 0 0 0 0 0 0 0 0 0 0 42 0 0 0 0 17 0 0 0 0 0 0 0 0 
P7017 2032 9 0 0 0 0 8 0 0 0 0 0 0 0 0 0 0 21 0 0 0 0 0 9 0 0 0 0 0 0 16 0 -999 
P7017 2032 10 0 0 0 13 11 0 2 0 0 0 0 0 23 0 0 28 27 35 100 0 91 95 0 0 0 0 8 0 0 0 19 
P7017 2032 11 0 0 0 75 114 73 0 67 20 0 12 39 97 10 0 45 32 64 73 95 63 35 57 99 21 54 61 56 0 19 -999 
P7017 2032 12 0 2 0 0 0 46 0 55 80 127 114 38 0 0 0 0 0 0 0 0 0 0 0 4 7 0 0 12 15 0 152 
P7017 2033 1 59 43 15 4 0 37 0 0 16 0 0 0 0 16 0 0 0 0 0 0 0 0 0 0 3 6 15 17 0 0 0 
P7017 2033 2 0 0 0 0 0 10 0 0 0 0 0 0 0 0 64 150 184 95 91 139 153 129 0 68 99 44 38 0 -999 -999 -999 
P7017 2033 3 0 0 0 14 0 0 0 0 20 25 0 17 0 27 0 0 0 47 65 103 65 46 88 93 99 8 0 0 36 0 0 
P7017 2033 4 156 0 0 25 34 34 0 0 22 0 10 0 8 0 0 0 53 0 87 82 0 0 0 36 77 18 6 0 0 0 -999 
P7017 2033 5 4 0 0 0 0 0 0 0 0 0 0 0 0 0 0 0 16 0 11 0 0 0 17 0 0 0 0 0 8 0 0 
P7017 2033 6 0 0 21 0 0 0 0 0 0 0 0 0 0 0 0 0 0 0 12 0 0 0 0 0 0 13 0 0 0 0 -999 
P7017 2033 7 0 0 0 0 0 0 0 0 0 0 0 0 0 0 0 0 0 13 0 0 0 0 0 0 0 0 0 18 15 0 0 
P7017 2033 8 0 2 0 8 0 0 0 0 0 0 0 0 0 0 0 0 0 0 7 0 0 0 0 0 0 15 0 0 23 0 0 
P7017 2033 9 0 0 0 0 11 0 0 32 22 11 0 0 0 0 0 0 0 0 0 0 0 0 0 0 0 0 7 0 0 0 -999 
P7017 2033 10 0 0 36 42 0 0 0 0 0 0 0 0 20 0 27 0 88 61 119 16 16 17 0 0 39 26 14 0 20 57 76 
P7017 2033 11 65 0 0 139 0 128 109 69 15 19 0 47 0 0 141 72 5 21 0 0 0 0 0 3 0 0 0 0 16 0 -999 
P7017 2033 12 46 60 120 99 27 59 79 52 48 23 14 0 0 0 0 0 0 4 0 0 0 0 20 23 0 8 0 0 22 19 20 
P7017 2034 1 0 4 0 0 0 6 0 0 0 0 0 0 0 0 1 0 0 0 0 13 26 0 41 0 100 0 102 0 6 0 0 
P7017 2034 2 0 0 0 0 7 0 32 58 0 0 45 0 5 19 0 0 0 61 205 75 0 41 89 33 0 0 0 0 -999 -999 -999 
P7017 2034 3 25 13 1 0 0 0 0 0 20 25 40 24 0 0 0 0 0 0 9 11 19 0 15 0 0 24 0 0 59 57 25 
P7017 2034 4 0 47 40 99 137 22 11 29 49 52 0 0 0 50 56 0 30 0 18 31 68 108 94 38 6 0 0 1 0 0 -999 
P7017 2034 5 1 0 0 0 0 3 0 0 0 0 0 0 0 32 0 0 10 0 0 0 0 0 0 0 0 0 0 44 32 19 0 
P7017 2034 6 20 0 0 18 0 0 0 0 0 12 0 0 0 0 0 0 0 0 0 0 0 0 0 0 0 0 0 0 0 0 -999 
P7017 2034 7 0 11 0 0 0 0 0 0 0 0 0 0 0 0 0 0 0 0 0 0 5 0 0 0 0 0 0 0 0 0 0 
P7017 2034 8 0 0 0 0 0 0 0 0 0 0 0 0 0 0 0 0 0 0 0 0 0 0 0 0 0 0 0 17 0 0 0 
P7017 2034 9 0 0 0 0 0 0 0 0 18 0 21 0 0 11 0 0 0 0 0 0 0 0 0 0 0 7 0 9 14 0 -999 
P7017 2034 10 0 0 0 0 0 0 0 0 0 0 0 30 0 12 0 0 13 0 0 16 0 0 31 5 0 0 0 0 9 18 0 
P7017 2034 11 0 0 25 33 63 20 0 7 0 0 0 13 0 0 0 0 0 0 0 11 0 0 12 0 20 0 0 0 24 0 -999 
P7017 2034 12 0 24 0 0 2 0 0 0 0 0 19 0 0 0 17 0 0 12 0 0 20 25 0 149 175 138 113 18 44 86 56 
P7017 2035 1 50 60 73 72 64 103 0 36 0 0 0 0 0 0 0 0 1 0 0 0 0 3 0 0 11 0 27 49 38 25 0 
P7017 2035 2 0 0 0 0 36 0 0 0 0 8 25 0 0 10 0 0 13 0 0 0 0 0 59 72 39 0 95 35 -999 -999 -999 
P7017 2035 3 36 59 0 0 0 0 0 19 0 1 0 19 0 45 0 0 0 0 15 4 0 4 0 0 19 24 0 86 112 0 0 
P7017 2035 4 0 0 0 48 52 77 46 71 0 23 24 0 0 28 35 0 0 0 0 62 56 40 0 0 13 0 15 50 0 60 -999 
P7017 2035 5 0 28 0 0 0 0 0 27 0 0 0 0 0 0 0 11 0 0 0 0 0 17 0 0 0 0 0 0 0 13 0 
P7017 2035 6 0 0 0 0 22 9 0 0 0 0 0 41 0 0 0 0 0 0 0 0 0 0 0 0 0 0 0 0 0 0 -999 
P7017 2035 7 0 0 0 0 0 0 0 0 22 0 0 0 0 0 0 0 0 0 0 20 0 0 0 0 0 0 0 0 0 0 0 
P7017 2035 8 0 0 0 0 0 0 0 0 0 0 0 0 0 0 0 14 0 0 0 0 0 0 0 0 0 0 0 0 0 0 0 
P7017 2035 9 0 4 6 0 0 0 0 0 0 11 0 0 0 6 0 0 0 0 0 0 7 0 10 0 0 0 0 0 33 38 -999 
P7017 2035 10 0 0 0 0 0 11 0 30 29 71 64 76 39 54 112 25 0 0 0 78 102 0 38 15 15 16 0 0 8 11 16 
P7017 2035 11 0 0 0 0 10 18 0 0 0 2 3 0 0 0 0 7 0 0 0 0 0 2 0 0 0 0 2 0 0 0 -999 
P7017 2035 12 0 0 0 0 0 0 0 0 0 27 24 13 18 45 0 56 51 102 0 0 25 23 0 47 39 36 0 11 0 63 142 
P7017 2036 1 160 64 24 49 0 119 65 82 79 125 77 55 84 26 37 36 77 45 67 84 44 30 0 0 27 0 0 0 0 0 0 
P7017 2036 2 0 0 77 0 0 3 0 0 0 13 0 11 0 19 0 8 0 15 20 0 0 0 0 0 0 0 0 0 -999 -999 -999 
P7017 2036 3 0 67 23 0 20 7 0 0 16 0 0 0 0 0 36 0 23 0 40 24 0 34 0 59 0 111 86 55 42 30 0 
P7017 2036 4 158 0 21 42 0 0 0 0 20 37 57 67 33 0 0 0 0 0 0 0 29 0 0 0 48 15 0 0 0 0 -999 
P7017 2036 5 0 0 0 21 0 0 0 0 24 0 0 16 0 15 0 0 63 0 71 46 90 0 34 17 0 0 0 0 0 0 0 
P7017 2036 6 0 0 0 0 0 0 14 19 0 0 32 30 36 29 30 0 0 0 0 0 0 0 0 0 0 0 0 0 0 0 -999 
P7017 2036 7 0 12 24 0 0 0 0 0 0 10 0 0 0 0 0 0 0 0 0 0 0 0 0 0 0 0 0 0 0 0 0 
P7017 2036 8 0 0 26 0 0 0 0 0 0 0 0 0 0 0 0 0 0 0 0 0 0 0 0 0 0 0 0 0 0 6 0 
P7017 2036 9 0 0 0 0 8 0 0 0 0 35 0 0 10 0 0 0 6 0 6 0 0 0 0 0 0 0 0 0 0 0 -999 
P7017 2036 10 0 0 10 0 29 54 0 0 0 94 19 10 37 74 0 23 13 20 0 0 0 5 0 16 22 0 0 0 0 0 0 
P7017 2036 11 0 0 0 0 0 58 86 43 29 0 0 6 0 11 0 0 7 0 0 0 0 0 0 25 24 0 0 0 0 0 -999 
P7017 2036 12 0 0 0 0 0 0 0 0 0 0 0 0 0 19 15 0 10 0 0 0 13 0 0 0 0 26 54 62 64 171 128 
P7017 2037 1 73 69 60 35 24 50 17 0 0 0 17 0 35 62 65 125 79 50 54 24 9 0 23 2 0 0 0 0 0 8 0 
P7017 2037 2 0 0 0 0 0 16 19 0 0 17 0 26 0 0 12 10 0 43 0 48 30 0 23 20 16 0 0 19 -999 -999 -999 
P7017 2037 3 19 0 0 52 66 46 0 101 81 26 0 15 0 0 0 0 0 0 0 29 29 122 94 95 62 151 0 49 49 17 0 
P7017 2037 4 0 0 0 0 0 31 0 0 0 0 9 0 74 66 0 0 13 0 0 0 0 0 63 71 51 0 0 0 0 12 -999 
P7017 2037 5 0 0 23 0 33 93 0 23 13 0 5 2 0 8 0 0 0 0 28 0 0 0 0 0 0 0 0 0 13 15 0 
P7017 2037 6 0 0 0 0 0 0 0 0 0 0 0 0 0 0 0 22 0 0 0 0 0 0 0 0 0 0 0 0 0 0 -999 
P7017 2037 7 0 0 0 0 0 0 0 0 0 0 0 15 0 0 0 0 0 0 0 0 0 0 0 0 0 0 0 0 13 0 0 
P7017 2037 8 0 0 0 0 0 0 0 0 0 11 0 0 0 0 0 11 0 14 0 0 0 0 0 0 0 0 0 0 0 38 0 
P7017 2037 9 0 0 0 16 0 0 0 0 0 0 0 0 0 0 0 0 0 0 0 0 0 0 0 0 0 0 0 0 0 0 -999 
P7017 2037 10 0 0 0 11 0 32 0 23 0 0 8 0 0 0 0 0 0 0 0 0 0 0 0 0 0 0 0 0 0 0 0 
P7017 2037 11 55 57 0 0 0 0 0 0 0 0 0 0 0 0 0 0 49 13 0 0 0 0 0 21 39 0 0 25 27 40 -999 
P7017 2037 12 39 26 93 97 118 117 0 24 0 0 60 91 23 25 10 0 0 10 0 47 0 0 0 0 0 0 0 0 0 1 0 
P7017 2038 1 0 0 0 0 1 0 0 0 45 0 58 165 88 32 34 56 0 48 0 48 37 21 6 10 0 0 0 16 0 0 0 
P7017 2038 2 14 0 0 0 0 0 9 0 15 10 0 0 0 0 0 0 0 0 0 0 0 0 23 40 68 0 0 8 -999 -999 -999 
P7017 2038 3 0 0 21 43 0 31 0 0 18 0 0 47 25 18 22 66 79 46 0 0 52 0 83 0 19 99 0 31 0 0 0 
P7017 2038 4 0 75 58 0 0 8 0 0 32 14 0 19 0 2 0 0 20 0 7 0 0 79 19 0 16 0 4 23 0 0 -999 
P7017 2038 5 0 3 0 0 6 4 0 0 11 0 0 0 15 0 0 0 0 0 0 0 0 9 0 0 0 0 0 0 0 0 0 
P7017 2038 6 0 0 0 0 9 0 16 0 0 0 31 0 0 0 0 0 0 0 0 0 0 0 0 8 0 0 0 13 0 0 -999 
P7017 2038 7 0 0 0 0 0 9 10 0 16 0 0 0 12 0 0 0 0 0 0 0 0 0 0 0 0 0 0 0 0 21 0 
P7017 2038 8 0 0 0 0 0 0 0 0 0 0 0 0 0 0 0 0 0 0 0 0 0 0 0 0 0 0 0 0 0 0 0 
P7017 2038 9 0 0 22 0 0 0 0 0 0 0 0 2 0 0 0 0 16 0 0 0 0 0 0 0 0 0 0 0 14 0 -999 
P7017 2038 10 0 0 0 0 10 0 0 0 0 0 0 27 0 11 11 0 0 0 66 50 0 0 91 90 0 0 0 34 0 0 0 
P7017 2038 11 0 0 0 45 118 92 59 26 0 0 48 114 21 0 0 45 0 44 75 24 0 0 0 0 0 0 100 99 97 33 -999 
P7017 2038 12 25 19 11 0 0 0 0 0 47 0 0 0 0 0 0 0 0 0 0 2 0 7 9 0 52 0 30 55 0 0 0 
P7017 2039 1 16 0 63 0 140 30 21 10 8 0 0 110 103 45 61 115 128 70 168 0 55 0 29 62 127 176 200 67 23 0 32 
P7017 2039 2 0 0 12 0 0 0 0 0 0 0 8 0 0 0 26 0 19 0 0 18 0 93 103 56 0 63 0 0 -999 -999 -999 
P7017 2039 3 32 9 5 0 36 35 13 0 0 48 32 35 65 12 13 51 39 47 101 119 100 27 0 0 0 0 0 3 0 4 3 
P7017 2039 4 0 1 0 0 0 0 0 0 0 8 18 0 0 0 0 0 0 0 0 0 0 0 2 0 0 0 0 0 0 0 -999 
P7017 2039 5 0 0 34 0 25 0 0 0 0 0 53 0 0 0 0 21 0 0 13 0 0 0 0 0 0 0 0 29 36 29 0 
P7017 2039 6 0 22 0 0 0 0 0 0 58 0 8 0 0 0 0 0 0 43 0 0 0 0 0 0 0 0 0 0 0 0 -999 
P7017 2039 7 0 0 0 0 0 0 0 6 0 0 0 0 0 0 0 0 0 0 0 0 0 0 0 0 0 0 0 0 0 0 0 
P7017 2039 8 0 0 0 0 0 0 0 0 0 0 0 0 27 0 0 0 0 0 0 0 0 0 0 0 0 0 0 0 0 0 0 
P7017 2039 9 0 0 0 0 15 0 0 0 0 0 15 0 0 0 9 19 0 0 0 0 0 0 0 0 0 0 0 31 0 0 -999 
P7017 2039 10 0 0 0 0 0 0 0 0 0 0 0 0 0 6 6 0 0 0 40 69 0 50 0 75 0 0 0 61 60 18 41 
P7017 2039 11 81 22 0 0 0 4 0 0 0 0 0 0 0 0 21 56 0 0 19 49 68 0 21 0 0 25 0 83 86 75 -999 
P7017 2039 12 45 12 8 18 34 0 0 6 0 0 8 18 0 42 62 0 50 165 0 35 0 0 0 0 0 32 46 30 0 0 0 
P7017 2040 1 5 2 3 0 2 0 0 0 0 0 0 0 0 0 3 0 23 15 35 110 0 0 10 23 0 0 0 7 0 36 126 
P7017 2040 2 61 28 86 112 0 0 10 0 0 0 0 38 0 166 167 99 76 129 119 0 32 56 113 102 0 69 50 84 -999 -999 -999 
P7017 2040 3 0 0 0 92 49 0 35 0 57 0 0 0 0 0 7 19 0 15 23 0 0 0 7 0 0 0 0 0 0 0 17 
P7017 2040 4 39 29 28 33 49 45 23 27 15 0 17 0 0 30 0 14 0 0 0 0 0 24 0 0 0 37 26 11 0 17 -999 
P7017 2040 5 0 0 0 0 25 0 33 0 0 0 0 0 0 0 0 0 0 0 0 0 4 0 0 0 0 0 0 0 0 0 0 
P7017 2040 6 0 0 13 0 0 2 0 0 0 0 0 0 0 25 0 0 0 0 0 0 27 0 0 0 0 0 7 0 0 11 -999 
P7017 2040 7 0 0 0 0 0 0 0 0 14 0 0 0 0 0 0 0 0 0 0 13 0 0 0 0 0 15 0 0 0 0 0 
P7017 2040 8 0 0 0 0 0 0 13 0 11 0 0 0 0 0 0 16 0 0 9 0 0 0 0 0 0 0 0 0 9 0 0 
P7017 2040 9 0 0 0 0 0 0 0 13 0 0 0 0 23 0 0 55 0 0 0 30 0 0 0 7 0 0 0 0 0 6 -999 
P7017 2040 10 0 0 0 11 42 0 0 0 0 30 0 0 0 16 0 39 83 84 0 0 0 8 34 54 38 0 0 0 0 4 0 
P7017 2040 11 0 14 0 0 0 0 22 35 21 0 15 0 49 120 78 108 67 25 26 0 5 0 0 48 19 18 0 26 0 26 -999 
P7017 2040 12 0 0 0 0 0 0 19 28 23 0 12 26 0 0 0 2 0 0 0 0 0 0 0 0 0 0 15 0 0 0 11 
P7017 2041 1 0 0 0 0 34 25 0 0 0 18 0 0 0 4 30 40 17 10 7 0 0 25 49 45 29 32 138 35 0 116 58 
P7017 2041 2 0 0 0 0 0 0 0 0 46 73 54 43 26 29 0 0 23 0 26 29 45 0 0 0 6 0 0 0 -999 -999 -999 
P7017 2041 3 0 0 0 9 11 0 0 0 0 0 0 8 0 0 0 0 0 0 0 0 0 0 0 0 0 0 7 0 0 15 0 
P7017 2041 4 0 0 0 0 0 0 0 0 0 0 0 0 0 0 0 0 0 0 0 0 0 0 0 2 0 0 0 0 0 0 -999 
P7017 2041 5 0 0 0 31 36 0 36 18 0 0 0 0 14 0 0 0 31 58 48 26 0 0 0 11 0 0 0 0 0 0 0 
P7017 2041 6 0 0 0 0 0 0 0 0 0 0 0 0 0 18 0 0 0 0 0 0 8 0 0 0 0 0 0 0 0 0 -999 
P7017 2041 7 0 0 16 0 0 0 0 18 0 0 0 0 27 0 0 0 0 0 12 0 0 16 0 0 0 0 0 0 0 0 0 
P7017 2041 8 0 0 0 0 0 11 13 0 0 0 0 0 0 0 0 0 0 16 0 0 0 0 0 0 0 0 0 0 0 0 0 
P7017 2041 9 0 13 0 0 0 8 0 0 0 0 0 0 0 0 14 0 0 0 0 0 0 0 0 0 0 0 0 0 0 0 -999 
P7017 2041 10 0 0 0 0 0 0 0 8 0 0 8 0 0 12 17 0 0 0 0 13 14 0 0 0 0 0 0 0 25 24 0 
P7017 2041 11 70 73 0 16 0 0 0 0 0 0 0 0 6 12 10 0 0 0 23 14 26 0 0 21 0 0 22 0 18 19 -999 
P7017 2041 12 48 72 88 22 15 0 25 0 73 14 0 1 10 0 0 0 0 0 0 0 0 23 0 0 0 0 15 47 46 57 42 
P7017 2042 1 54 84 128 83 0 23 0 0 17 30 0 10 5 0 0 0 40 51 88 0 0 0 0 0 84 97 0 71 0 0 0 
P7017 2042 2 0 0 6 0 0 0 0 0 0 0 0 15 12 0 6 0 0 2 0 0 0 0 0 0 0 0 0 0 -999 -999 -999 
P7017 2042 3 0 0 0 0 15 0 1 12 0 0 6 0 13 12 0 0 21 40 0 32 61 0 0 0 47 0 18 0 0 4 0 
P7017 2042 4 0 2 3 0 7 0 0 16 0 9 0 0 0 0 0 42 46 30 18 30 23 0 0 10 0 0 8 0 0 57 -999 
P7017 2042 5 43 74 95 81 0 34 0 0 36 78 0 34 69 0 0 0 0 0 0 0 0 0 0 0 0 0 0 0 0 0 27 
P7017 2042 6 0 0 0 27 0 0 0 38 0 5 0 0 0 0 0 0 20 0 29 0 15 0 0 0 0 0 0 0 0 0 -999 
P7017 2042 7 0 0 0 0 0 0 0 0 17 0 0 0 0 0 0 0 0 0 0 0 0 0 0 0 0 0 0 0 0 0 0 
P7017 2042 8 0 0 0 0 0 0 0 0 0 0 0 0 0 16 24 0 0 0 0 0 0 0 0 6 0 0 0 0 0 0 0 
P7017 2042 9 0 0 0 0 0 0 0 0 0 0 0 0 0 10 0 0 0 26 0 0 0 0 0 0 0 0 16 0 0 0 -999 
P7017 2042 10 0 0 13 12 13 0 0 0 0 6 4 0 0 0 0 0 0 0 0 0 0 21 0 0 0 15 0 0 7 0 0 
P7017 2042 11 0 13 15 0 23 31 23 19 29 0 35 0 0 0 14 0 0 8 0 0 0 39 20 0 22 55 0 19 13 0 -999 
P7017 2042 12 27 17 0 39 131 0 36 0 0 0 0 59 32 12 0 0 0 0 71 54 22 31 21 0 0 0 0 30 47 92 27 
P7017 2043 1 0 0 0 0 0 0 5 0 14 27 46 73 24 68 73 62 83 25 4 3 2 0 0 0 0 0 0 0 0 0 0 
P7017 2043 2 0 0 0 0 0 0 1 0 0 102 39 0 0 18 46 0 8 22 0 0 0 11 18 0 0 0 30 15 -999 -999 -999 
P7017 2043 3 0 13 0 0 0 5 7 0 0 0 46 46 52 93 0 83 93 61 60 59 28 55 0 86 0 51 17 26 96 121 42 
P7017 2043 4 0 0 84 31 24 0 0 33 44 32 0 0 0 14 0 0 0 0 0 0 0 44 47 0 0 64 53 50 0 33 -999 
P7017 2043 5 36 19 0 0 0 6 0 0 0 0 0 0 0 0 0 45 94 68 62 81 0 0 0 0 6 0 6 0 0 0 0 
P7017 2043 6 0 0 0 0 0 0 0 0 0 0 0 0 0 0 0 0 0 0 0 0 0 0 0 0 0 0 0 0 0 0 -999 
P7017 2043 7 0 0 0 0 0 0 0 0 0 0 0 0 0 0 25 0 0 0 0 0 0 0 0 0 16 0 0 0 0 0 0 
P7017 2043 8 0 12 13 0 0 0 0 0 0 0 0 0 0 0 0 0 0 0 0 0 0 0 0 0 0 15 0 0 0 0 11 
P7017 2043 9 0 17 0 0 0 0 0 0 0 16 12 0 4 0 0 0 0 0 0 0 0 12 14 0 0 0 0 0 0 0 -999 
P7017 2043 10 0 11 0 0 0 9 0 0 0 0 0 39 0 37 21 0 0 0 34 0 15 0 22 0 0 0 0 0 0 18 10 
P7017 2043 11 0 0 18 31 150 37 0 0 0 0 0 0 0 13 0 0 0 25 44 33 113 105 24 39 70 94 59 0 44 20 -999 
P7017 2043 12 0 0 0 73 70 42 0 0 0 0 2 0 0 0 0 0 0 0 0 26 0 0 0 0 0 0 4 0 0 0 0 
P7017 2044 1 0 0 1 0 2 0 15 0 0 0 49 32 22 25 0 0 0 111 58 0 0 19 14 45 84 106 44 16 0 0 22 
P7017 2044 2 0 0 0 81 35 0 0 8 0 37 28 20 0 7 0 0 26 0 0 0 0 0 0 0 0 0 0 0 -999 -999 -999 
P7017 2044 3 0 16 0 0 0 0 0 0 0 0 9 0 0 7 0 0 0 0 0 0 0 0 0 0 0 13 29 33 0 23 23 
P7017 2044 4 0 59 67 0 44 0 0 0 39 0 0 12 0 0 0 0 20 0 0 0 0 0 0 0 0 11 12 18 30 25 -999 
P7017 2044 5 22 0 0 33 28 55 69 42 0 82 65 62 0 0 0 16 0 0 0 0 40 0 27 0 0 10 6 0 0 0 0 
P7017 2044 6 0 0 0 10 0 0 8 0 0 0 0 0 0 0 34 0 0 0 0 23 0 0 19 20 0 21 0 0 0 27 -999 
P7017 2044 7 0 0 0 0 0 0 0 0 0 0 0 0 0 0 0 0 0 0 0 0 4 9 0 0 0 0 0 0 0 0 0 
P7017 2044 8 0 0 0 0 0 0 0 0 0 0 0 0 0 0 0 0 0 0 0 0 0 0 0 0 0 0 0 23 0 0 0 
P7017 2044 9 0 0 0 0 0 0 0 0 0 0 0 0 0 0 0 15 18 0 0 0 0 0 0 19 0 0 0 0 0 11 -999 
P7017 2044 10 0 0 0 0 0 0 0 0 0 18 0 28 0 0 0 0 0 23 0 0 0 0 0 134 103 59 0 0 0 0 4 
P7017 2044 11 0 0 4 0 0 0 0 0 0 49 0 36 115 71 71 70 49 24 0 31 115 0 0 12 22 0 12 14 0 0 -999 
P7017 2044 12 0 0 0 0 0 0 0 0 0 0 0 0 0 0 0 0 36 58 89 0 0 37 75 0 47 90 39 0 0 52 47 
P7017 2045 1 64 56 101 18 85 23 50 96 181 94 65 78 10 28 15 0 0 31 0 0 3 0 0 0 0 0 0 0 8 0 26 
P7017 2045 2 0 0 0 11 0 21 40 9 0 27 73 98 34 0 0 0 0 0 0 0 43 0 0 0 83 144 284 188 -999 -999 -999 
P7017 2045 3 0 13 39 43 0 10 0 55 79 73 66 69 58 0 32 20 0 0 0 0 0 5 0 5 0 0 0 2 0 2 2 
P7017 2045 4 7 0 0 0 0 0 0 0 0 0 0 27 0 54 50 0 0 8 17 0 12 14 0 0 0 0 0 0 0 25 -999 
P7017 2045 5 0 0 25 67 28 0 0 0 0 4 0 15 0 0 0 0 0 0 0 0 44 60 60 51 28 16 0 35 60 44 0 
P7017 2045 6 0 0 0 0 0 0 0 0 0 0 0 0 29 0 55 39 25 0 0 0 0 0 9 0 0 0 0 0 0 0 -999 
P7017 2045 7 0 0 0 0 0 0 0 0 0 0 0 0 0 0 0 0 0 0 0 0 0 0 0 0 0 26 0 0 0 0 0 
P7017 2045 8 0 0 0 0 0 0 0 0 0 0 0 0 0 0 0 0 10 0 0 0 0 13 0 0 0 0 0 0 0 0 0 
P7017 2045 9 0 0 0 0 0 0 23 0 0 0 0 0 0 0 0 0 0 0 0 0 0 0 0 14 0 0 0 0 0 0 -999 
P7017 2045 10 0 0 0 7 0 0 0 14 0 9 0 0 12 0 5 0 0 13 42 0 0 0 0 9 0 0 0 0 4 0 0 
P7017 2045 11 8 31 0 80 0 14 0 0 2 0 0 0 12 0 0 0 26 86 47 11 0 0 0 12 16 23 29 0 0 0 -999 
P7017 2045 12 23 11 0 0 0 0 0 0 15 55 0 0 0 0 0 0 0 7 1 0 0 0 0 106 26 0 12 12 0 0 11 
P7017 2046 1 19 10 16 0 0 0 0 0 0 0 3 0 11 0 0 0 43 157 147 118 74 62 93 86 71 111 0 0 134 89 82 
P7017 2046 2 0 19 0 14 17 0 0 0 0 32 39 0 0 0 58 139 151 149 37 17 0 0 10 0 0 0 44 38 -999 -999 -999 
P7017 2046 3 0 16 39 0 0 0 0 8 8 0 1 0 0 0 6 0 9 0 0 0 0 0 0 0 17 48 24 21 0 19 45 
P7017 2046 4 71 17 19 15 0 19 30 0 68 59 0 0 47 67 69 0 63 0 0 0 0 0 56 53 0 48 0 0 0 0 -999 
P7017 2046 5 19 0 0 0 0 2 0 0 0 0 0 0 0 10 0 0 18 11 0 0 32 0 75 66 88 61 28 0 0 28 32 
P7017 2046 6 0 0 0 0 87 36 0 10 0 0 0 0 0 10 0 0 0 0 0 0 0 7 0 11 0 0 0 0 0 0 -999 
P7017 2046 7 0 0 0 0 0 0 0 0 0 0 0 0 0 0 0 0 0 0 0 0 0 5 0 0 0 0 12 0 0 0 0 
P7017 2046 8 0 0 0 0 0 0 0 0 0 0 0 0 0 0 0 0 0 0 0 0 0 0 0 0 0 0 0 0 0 0 0 
P7017 2046 9 0 0 0 0 0 0 0 0 0 0 0 0 4 0 0 0 0 6 0 24 0 0 10 0 0 6 0 0 21 20 -999 
P7017 2046 10 0 0 29 20 8 17 0 21 49 0 0 0 0 14 0 0 0 0 0 0 0 0 0 0 0 0 0 7 0 0 0 
P7017 2046 11 22 27 0 21 3 8 0 0 0 0 0 0 0 0 0 0 0 0 0 0 0 16 25 34 0 0 0 0 0 0 -999 
P7017 2046 12 0 22 0 0 0 0 0 5 0 0 0 27 29 27 0 28 23 28 23 14 15 0 0 10 0 0 0 0 0 0 0 
P7017 2047 1 30 0 0 80 0 37 0 12 34 0 0 0 0 0 14 36 12 18 12 13 0 19 0 0 0 0 46 44 29 42 0 
P7017 2047 2 64 6 7 0 0 0 0 0 0 0 0 0 0 0 0 0 0 0 27 52 51 48 51 0 84 11 12 0 -999 -999 -999 
P7017 2047 3 0 0 0 0 28 45 29 0 21 44 38 37 57 72 27 45 36 47 0 0 0 0 0 3 0 0 0 0 6 12 0 
P7017 2047 4 23 0 0 0 7 0 0 0 0 15 0 0 0 0 0 8 19 37 0 0 20 0 0 64 0 0 24 27 0 0 -999 
P7017 2047 5 0 0 0 0 0 64 0 0 0 0 8 0 0 70 86 39 10 0 0 24 0 25 33 0 0 9 10 0 0 7 0 
P7017 2047 6 0 0 0 0 0 0 0 0 0 0 0 0 0 0 0 0 0 4 0 5 0 0 0 0 0 0 0 0 0 0 -999 
P7017 2047 7 0 0 0 0 0 0 8 0 0 0 0 0 0 0 0 0 0 19 0 9 8 0 0 0 0 0 14 8 0 0 0 
P7017 2047 8 0 0 0 0 0 0 0 0 0 0 0 0 0 0 0 0 0 0 0 0 0 0 0 0 0 0 0 0 0 0 34 
P7017 2047 9 21 0 0 0 0 14 20 0 0 0 0 0 0 0 0 5 0 0 0 0 0 0 0 0 40 37 19 0 0 0 -999 
P7017 2047 10 0 53 0 0 0 0 0 0 0 19 9 0 27 0 0 0 0 0 0 0 0 0 0 0 0 0 27 0 7 0 11 
P7017 2047 11 0 0 0 0 0 0 0 7 0 0 0 0 0 0 9 0 23 0 68 0 0 0 0 0 0 7 23 65 30 0 -999 
P7017 2047 12 68 81 18 88 260 275 283 130 0 18 0 9 0 17 80 59 30 89 169 87 0 111 60 78 74 40 0 0 38 28 0 
P7017 2048 1 0 0 0 0 0 0 0 0 0 0 0 3 5 0 0 0 0 0 5 0 21 25 9 0 0 84 71 2 0 0 49 
P7017 2048 2 0 0 0 20 13 25 56 114 27 52 0 0 0 14 33 27 41 79 0 0 22 17 0 0 30 0 18 0 -999 -999 -999 
P7017 2048 3 0 0 0 0 0 0 0 0 0 6 9 13 12 0 0 0 0 37 0 0 0 28 26 0 12 16 0 28 0 0 21 
P7017 2048 4 0 0 7 0 0 0 54 56 17 0 20 73 85 60 0 32 82 52 123 134 48 27 26 0 0 0 0 0 0 0 -999 
P7017 2048 5 0 12 0 0 0 0 8 0 0 0 0 37 0 0 0 0 0 0 0 0 0 0 35 22 0 0 18 0 40 8 5 
P7017 2048 6 0 10 23 0 0 0 0 12 0 0 0 0 0 0 0 0 0 8 0 0 7 0 0 0 0 0 0 8 0 0 -999 
P7017 2048 7 19 0 0 0 0 19 0 0 0 0 0 0 0 0 0 0 0 0 0 0 0 0 0 0 0 0 0 0 0 0 0 
P7017 2048 8 0 0 0 0 0 0 0 0 0 0 0 0 0 0 0 0 0 0 11 0 10 0 0 0 0 0 5 0 0 0 0 
P7017 2048 9 0 0 0 0 0 0 0 0 0 0 18 0 9 0 0 0 10 8 0 0 0 5 9 0 0 0 17 0 0 0 -999 
P7017 2048 10 0 65 0 48 0 0 0 0 0 0 0 9 0 37 37 78 40 0 0 0 0 6 0 32 13 18 21 0 0 38 0 
P7017 2048 11 35 33 15 0 0 11 0 31 0 0 46 30 0 0 0 0 0 0 3 0 5 0 0 0 0 0 0 43 117 109 -999 
P7017 2048 12 81 106 0 16 0 0 0 0 0 0 0 0 0 0 26 26 22 73 0 146 0 17 35 19 0 0 0 0 0 0 0 
P7017 2049 1 0 28 10 0 0 16 11 0 5 0 19 0 9 11 0 0 0 0 1 0 0 0 0 12 13 0 0 0 0 0 0 
P7017 2049 2 0 0 0 0 0 23 38 75 26 42 61 136 157 135 67 118 108 95 82 0 113 66 72 233 123 164 88 42 -999 -999 -999 
P7017 2049 3 52 105 120 94 117 0 44 0 0 0 44 22 32 61 0 0 51 38 18 0 0 10 0 0 0 0 0 5 0 0 26 
P7017 2049 4 0 0 0 0 60 27 10 0 0 0 0 0 0 0 0 0 0 2 0 0 0 0 0 0 0 0 0 0 0 0 -999 
P7017 2049 5 0 0 0 0 0 0 0 31 23 0 0 4 2 0 0 0 0 0 0 0 0 0 0 10 0 18 0 0 0 0 15 
P7017 2049 6 0 0 0 0 0 0 0 0 12 0 0 0 0 0 0 0 0 0 0 0 0 0 9 0 0 0 0 0 0 0 -999 
P7017 2049 7 0 0 0 0 0 24 0 0 0 0 0 0 0 17 0 0 0 0 0 0 0 0 0 0 0 0 3 0 0 0 0 
P7017 2049 8 0 0 0 0 0 0 0 0 0 0 0 0 0 0 0 0 0 0 0 0 0 0 0 0 0 0 0 0 0 0 0 
P7017 2049 9 0 0 0 15 0 0 0 0 15 0 0 0 0 0 5 6 0 0 0 10 0 0 0 0 0 0 0 0 0 0 -999 
P7017 2049 10 0 7 0 0 0 0 0 0 0 26 0 0 0 12 0 74 0 38 30 15 18 13 7 50 40 48 86 48 19 0 0 
P7017 2049 11 0 0 28 0 0 47 98 128 0 0 5 0 0 0 0 0 5 0 0 0 0 0 0 14 0 0 0 41 65 22 -999 
P7017 2049 12 0 0 0 0 0 0 0 0 9 9 0 0 7 29 103 89 0 0 0 0 3 0 16 24 0 43 0 0 0 0 2 
P7017 2050 1 0 0 0 0 0 0 0 6 19 47 137 100 0 120 61 101 0 123 19 0 0 17 23 27 27 0 35 12 0 0 24 
P7017 2050 2 12 0 69 17 0 0 0 0 0 0 0 0 0 1 0 0 0 0 0 0 0 0 0 0 5 0 0 0 -999 -999 -999 
P7017 2050 3 0 0 0 0 0 0 0 0 0 0 0 0 0 17 8 16 0 0 28 17 0 0 71 84 68 0 0 31 0 0 0 
P7017 2050 4 22 40 0 0 0 17 16 0 0 18 81 93 0 0 0 0 0 35 0 57 0 84 41 45 36 0 35 0 0 0 -999 
P7017 2050 5 23 38 19 34 0 20 39 23 22 64 0 0 0 0 0 0 1 0 0 0 10 30 0 0 0 31 0 44 0 0 7 
P7017 2050 6 0 0 0 0 0 10 0 0 0 0 0 0 0 0 0 0 0 0 0 0 0 0 0 0 0 0 0 14 0 8 -999 
P7017 2050 7 11 16 0 0 0 0 0 0 0 0 0 0 0 0 28 0 0 0 0 0 0 0 0 0 4 0 0 0 0 0 0 
P7017 2050 8 18 0 0 0 0 0 0 0 0 0 0 0 0 0 0 0 0 0 0 0 0 0 28 0 0 0 0 0 0 0 0 
P7017 2050 9 0 0 9 0 0 0 0 0 0 0 0 0 0 6 0 0 0 0 0 0 0 0 0 0 0 0 18 0 0 0 -999 
P7017 2050 10 0 0 0 0 0 20 0 27 0 0 0 0 6 0 0 65 53 0 24 23 0 17 12 0 0 0 48 52 45 54 94 
P7017 2050 11 0 22 0 0 0 0 0 0 5 4 0 0 14 23 0 0 0 11 0 18 12 22 67 0 0 8 45 28 0 0 -999 
P7017 2050 12 0 20 51 0 25 30 0 0 63 91 0 0 115 113 75 0 8 0 15 14 0 0 0 0 10 0 19 12 14 0 0 
P7017 2051 1 0 0 0 0 0 0 0 5 0 22 13 68 106 54 0 0 0 26 0 3 0 0 0 0 21 5 0 0 0 0 0 
P7017 2051 2 53 86 50 32 0 23 21 0 0 12 0 0 0 9 0 0 26 0 0 48 0 0 111 62 60 0 0 54 -999 -999 -999 
P7017 2051 3 0 21 74 87 74 0 20 0 0 63 77 65 84 0 23 0 47 0 7 13 0 26 34 21 0 9 0 16 0 0 0 
P7017 2051 4 28 0 0 0 16 28 53 34 94 0 0 0 0 0 112 0 0 0 0 0 4 7 13 12 0 14 0 0 0 0 -999 
P7017 2051 5 6 0 24 0 0 0 0 8 33 10 0 0 0 0 32 0 0 0 0 0 27 17 0 0 17 0 0 25 0 0 0 
P7017 2051 6 11 34 30 0 0 0 0 26 0 63 18 0 0 0 0 0 52 0 0 0 5 0 0 0 0 0 0 0 0 0 -999 
P7017 2051 7 0 0 0 0 0 0 14 0 0 0 0 0 0 0 0 0 0 0 0 0 0 0 0 0 0 0 0 0 0 10 0 
P7017 2051 8 0 0 0 0 0 0 0 0 0 0 0 0 0 0 0 0 0 0 0 0 0 0 0 0 0 0 0 0 0 0 0 
P7017 2051 9 0 0 0 0 0 0 0 0 12 0 0 0 0 0 0 0 0 0 0 0 0 0 16 0 0 0 0 0 0 0 -999 
P7017 2051 10 0 0 0 0 0 0 0 0 34 38 0 0 0 0 0 40 0 0 17 0 5 0 0 0 0 0 55 73 53 0 0 
P7017 2051 11 0 2 12 49 0 0 0 0 0 0 6 0 0 39 28 0 0 50 70 38 0 0 0 53 57 66 0 0 0 76 -999 
P7017 2051 12 0 19 0 4 0 0 69 0 0 17 20 0 28 42 0 0 0 0 58 52 77 73 0 0 7 0 0 5 0 0 0 
P7017 2052 1 0 0 0 7 0 0 1 0 0 0 0 0 0 0 0 0 0 0 0 0 2 0 4 0 9 0 0 1 0 0 1 
P7017 2052 2 0 2 0 0 0 0 0 0 0 0 25 0 24 35 34 15 21 31 0 30 29 0 0 43 0 43 13 0 -999 -999 -999 
P7017 2052 3 0 13 19 0 13 27 85 0 0 6 0 0 0 0 0 0 24 0 27 0 87 53 0 0 75 0 38 0 0 0 0 
P7017 2052 4 0 0 30 0 0 0 0 0 0 0 0 0 0 0 0 0 0 0 0 6 0 0 0 0 0 0 0 0 0 25 -999 
P7017 2052 5 8 14 0 0 0 29 49 46 26 0 0 0 32 20 0 0 0 0 30 0 0 0 0 0 0 21 0 0 0 0 0 
P7017 2052 6 18 0 0 17 19 0 0 0 0 0 0 35 0 0 0 0 25 13 0 0 0 0 0 0 0 0 0 0 0 0 -999 
P7017 2052 7 31 0 0 0 0 0 0 0 0 0 0 0 0 0 0 0 0 0 0 0 0 0 0 16 0 0 3 0 0 0 0 
P7017 2052 8 0 0 0 0 0 0 0 0 7 0 0 0 0 0 19 0 0 0 0 0 0 0 11 0 0 0 0 0 0 0 0 
P7017 2052 9 0 0 0 0 0 0 0 0 0 0 9 0 0 0 0 0 0 0 34 0 0 0 0 0 0 0 0 7 0 29 -999 
P7017 2052 10 0 0 0 0 0 0 0 0 19 0 13 0 0 0 0 16 10 0 0 0 0 0 0 0 0 0 0 0 0 4 0 
P7017 2052 11 0 0 0 0 0 0 0 10 10 0 1 0 0 0 11 0 0 0 0 16 22 0 0 23 0 71 82 0 0 30 -999 
P7017 2052 12 41 36 19 23 33 0 7 11 48 105 48 23 94 72 33 16 52 56 40 0 0 0 0 0 32 16 0 0 0 65 34 
P7017 2053 1 13 5 8 0 0 3 8 0 12 0 0 0 0 0 0 6 0 0 0 0 0 0 0 1 0 0 0 0 7 0 0 
P7017 2053 2 0 48 0 80 46 0 73 31 28 0 0 0 1 2 0 6 0 0 4 9 0 0 0 0 0 0 26 61 -999 -999 -999 
P7017 2053 3 0 22 0 32 53 19 0 7 23 20 19 11 12 0 24 0 55 48 38 25 24 0 0 0 0 0 6 0 49 58 0 
P7017 2053 4 0 0 14 37 72 70 97 0 30 0 52 71 0 0 12 0 0 9 0 0 0 0 0 0 7 8 0 0 0 30 -999 
P7017 2053 5 0 29 51 68 44 0 86 42 28 18 0 23 0 0 0 0 0 0 0 0 0 0 0 0 12 0 0 0 0 0 0 
P7017 2053 6 0 0 0 0 0 11 0 0 0 0 0 0 0 9 0 31 0 0 0 0 5 0 0 0 0 0 0 0 0 0 -999 
P7017 2053 7 0 0 0 0 12 0 0 0 0 0 0 0 0 0 0 0 0 0 0 0 0 0 0 0 0 0 0 0 0 13 0 
P7017 2053 8 0 0 0 0 0 0 0 0 16 0 0 10 0 0 0 0 0 0 22 22 0 0 0 9 0 0 0 0 0 0 0 
P7017 2053 9 0 0 0 0 0 0 0 0 0 0 0 0 0 0 9 0 0 0 0 0 0 0 0 25 0 0 0 2 0 0 -999 
P7017 2053 10 0 0 0 0 0 7 0 0 0 0 0 0 0 11 31 26 0 13 0 9 0 0 0 0 0 51 0 0 0 0 24 
P7017 2053 11 16 0 55 0 0 29 0 25 0 106 0 0 32 34 95 90 97 64 0 21 12 31 0 0 7 30 48 25 51 39 -999 
P7017 2053 12 0 24 0 0 0 0 0 1 0 0 0 0 0 0 23 15 0 0 0 0 8 0 25 31 88 79 41 45 0 57 72 
P7017 2054 1 60 49 141 0 95 98 47 38 99 61 77 100 90 107 55 0 69 0 12 0 0 0 0 0 0 11 47 201 85 41 56 
P7017 2054 2 55 124 104 29 6 12 55 0 0 19 23 0 0 0 9 0 0 0 27 0 0 0 0 0 0 0 0 0 -999 -999 -999 
P7017 2054 3 0 0 0 0 0 7 2 0 0 0 1 0 1 3 9 8 0 25 0 10 12 0 0 0 6 0 0 0 45 0 37 
P7017 2054 4 0 0 30 0 72 105 147 91 38 44 0 56 0 0 0 46 0 0 0 0 0 0 3 0 7 0 0 57 0 39 -999 
P7017 2054 5 36 0 0 0 11 0 15 0 0 0 0 0 0 0 43 38 0 0 0 0 0 0 0 86 97 0 26 0 30 0 0 
P7017 2054 6 0 0 0 0 13 29 0 0 0 0 0 0 9 0 8 0 0 0 0 0 0 0 0 0 0 0 0 0 0 0 -999 
P7017 2054 7 0 0 0 0 0 0 0 0 0 13 0 0 0 0 0 0 0 0 0 0 0 0 0 0 0 0 0 0 0 0 0 
P7017 2054 8 0 0 0 0 0 0 0 0 0 0 0 0 0 0 0 8 0 0 0 0 30 0 0 0 0 34 0 0 0 0 0 
P7017 2054 9 0 0 0 0 0 0 0 0 0 10 0 0 0 14 6 0 20 0 8 0 0 0 0 0 0 0 0 0 0 67 -999 
P7017 2054 10 0 33 76 0 0 0 13 0 0 0 0 0 0 0 87 27 0 0 32 0 0 17 0 50 54 48 23 0 0 0 19 
P7017 2054 11 81 0 6 0 0 0 27 0 130 128 85 46 0 0 114 0 0 36 47 115 0 0 7 0 0 12 52 10 0 0 -999 
P7017 2054 12 0 0 0 0 0 6 0 2 0 0 16 57 40 21 8 0 0 10 0 0 0 0 42 83 103 87 104 119 128 87 101 
P7017 2055 1 0 0 49 54 17 0 0 0 11 78 112 28 0 0 0 26 48 163 79 0 0 0 0 0 0 0 0 0 5 2 0 
P7017 2055 2 0 0 0 42 0 0 78 42 0 0 18 8 3 0 0 5 0 1 0 0 0 0 12 0 0 26 26 13 -999 -999 -999 
P7017 2055 3 0 0 40 38 0 34 33 25 0 0 0 0 45 0 0 0 24 0 13 0 0 0 29 0 36 31 14 34 0 0 0 
P7017 2055 4 2 0 0 0 12 0 0 0 0 31 39 37 0 0 0 4 0 0 16 22 0 0 0 0 10 8 0 0 6 7 -999 
P7017 2055 5 0 3 1 0 0 0 0 0 0 29 74 36 0 0 0 0 0 0 0 0 12 0 0 0 0 41 0 0 0 0 0 
P7017 2055 6 4 0 0 0 0 0 0 0 0 0 0 0 0 0 0 0 0 0 0 0 0 0 0 0 0 0 0 0 0 0 -999 
P7017 2055 7 0 0 0 0 6 0 0 0 0 0 0 0 0 0 0 0 0 0 0 0 0 0 0 0 0 0 0 18 0 0 0 
P7017 2055 8 0 0 0 0 0 20 0 0 0 0 0 0 0 0 0 0 0 0 0 0 0 0 0 0 0 0 0 0 0 0 0 
P7017 2055 9 0 0 0 0 0 0 0 0 0 0 0 0 0 0 0 0 0 0 0 24 0 0 0 0 0 24 0 0 0 50 -999 
P7017 2055 10 53 24 31 0 66 0 0 12 0 31 68 0 0 13 53 84 117 35 0 31 0 0 0 0 0 0 29 0 0 0 0 
P7017 2055 11 0 0 0 0 0 60 65 40 0 0 34 0 0 0 15 31 0 0 0 0 0 21 16 9 0 0 58 50 160 70 -999 
P7017 2055 12 24 0 48 21 52 0 0 25 0 0 0 0 0 0 0 0 0 0 0 0 0 0 0 2 0 0 0 44 0 44 26 
P7017 2056 1 32 0 39 95 103 87 113 106 73 135 47 6 10 13 0 0 16 0 0 0 0 0 0 0 29 0 138 0 0 0 0 
P7017 2056 2 0 33 0 0 47 83 108 34 35 70 106 78 44 154 111 33 0 72 80 149 125 155 54 71 0 0 0 0 -999 -999 -999 
P7017 2056 3 22 34 0 0 90 149 120 70 31 161 128 103 76 122 48 0 31 28 74 107 29 0 0 19 0 0 52 87 0 0 0 
P7017 2056 4 0 61 0 0 0 0 3 0 0 0 0 6 0 41 0 0 0 0 0 0 3 0 0 21 0 0 0 0 0 0 -999 
P7017 2056 5 6 0 0 0 0 32 0 0 56 44 48 40 0 0 0 0 0 0 0 11 0 0 0 0 0 0 0 0 0 0 0 
P7017 2056 6 0 20 9 23 0 0 0 0 0 0 0 0 0 0 0 0 0 0 0 0 0 0 0 0 0 0 10 0 0 0 -999 
P7017 2056 7 0 0 0 0 0 0 0 0 0 0 0 0 0 0 0 0 0 0 0 0 0 0 0 0 0 0 0 0 0 0 0 
P7017 2056 8 0 0 0 0 0 0 0 0 0 0 0 0 0 0 0 0 0 0 0 0 0 0 0 0 0 0 0 0 0 0 0 
P7017 2056 9 0 10 0 0 0 0 0 29 0 0 0 0 0 0 0 0 12 0 0 0 0 0 0 0 5 0 0 0 0 14 -999 
P7017 2056 10 0 0 9 0 0 21 0 32 20 7 0 0 0 0 20 0 0 0 0 0 8 21 31 56 143 124 0 0 10 0 0 
P7017 2056 11 0 0 12 22 0 50 0 73 0 44 48 72 45 48 114 60 0 6 0 29 0 0 0 0 0 0 0 0 0 0 -999 
P7017 2056 12 0 0 0 0 0 0 0 0 4 0 0 0 0 0 19 0 31 77 29 11 15 10 0 0 1 0 0 0 29 36 112 
P7017 2057 1 98 122 69 57 105 0 67 44 50 59 84 20 0 0 0 0 33 46 0 0 0 0 4 5 0 26 71 214 113 0 0 
P7017 2057 2 0 0 0 0 0 0 0 14 41 0 0 0 0 0 0 0 0 7 0 3 8 0 0 0 59 0 82 34 -999 -999 -999 
P7017 2057 3 33 66 36 10 4 1 0 5 0 0 0 0 0 0 0 38 47 104 95 38 20 0 0 0 0 0 0 0 57 50 46 
P7017 2057 4 65 65 0 11 0 0 0 0 6 25 0 55 0 0 0 0 73 59 0 0 6 0 0 0 0 0 0 0 0 0 -999 
P7017 2057 5 0 0 0 31 0 0 0 28 38 0 8 3 0 0 0 0 8 8 0 0 0 0 0 0 0 18 20 0 0 0 0 
P7017 2057 6 0 0 0 0 0 0 17 0 0 0 0 0 0 0 0 0 0 0 0 0 0 0 0 20 0 0 0 0 0 0 -999 
P7017 2057 7 0 0 0 10 0 4 0 12 0 0 0 0 11 0 0 0 0 0 0 0 0 0 0 0 0 0 0 0 0 0 0 
P7017 2057 8 0 0 0 0 0 0 0 0 0 0 0 0 21 0 0 0 0 0 0 0 0 0 0 0 5 0 0 13 0 0 11 
P7017 2057 9 0 0 0 6 0 0 0 0 14 0 0 0 0 0 0 0 0 6 0 0 0 0 0 0 0 0 0 13 30 0 -999 
P7017 2057 10 0 17 0 0 30 0 0 0 31 0 0 0 0 30 0 7 0 0 15 23 41 45 38 0 71 0 115 72 52 0 0 
P7017 2057 11 0 0 0 0 0 0 24 29 59 43 86 113 168 52 0 12 0 18 62 37 39 0 7 0 0 0 0 0 0 146 -999 
P7017 2057 12 69 69 0 11 28 0 0 0 0 0 0 0 0 0 1 0 0 39 96 0 65 32 88 144 0 16 0 0 0 0 0 
P7017 2058 1 0 0 0 0 0 0 13 0 34 39 22 95 125 84 158 229 67 32 0 0 0 0 0 0 0 0 35 0 80 101 78 
P7017 2058 2 0 16 0 41 87 48 40 46 47 0 0 81 0 0 0 3 0 0 0 0 0 9 0 10 8 4 0 0 -999 -999 -999 
P7017 2058 3 0 20 21 32 24 0 0 0 0 0 0 30 0 0 0 0 0 0 0 0 0 0 0 0 3 7 13 2 0 0 24 
P7017 2058 4 0 0 0 0 0 15 52 33 0 0 0 23 0 0 0 0 10 16 0 0 0 0 17 32 0 39 22 0 18 0 -999 
P7017 2058 5 0 0 0 60 41 48 0 0 0 11 0 0 0 0 0 0 0 0 0 0 0 0 0 0 0 16 0 0 0 0 0 
P7017 2058 6 4 0 0 0 0 0 0 0 0 0 0 0 0 0 0 0 0 0 0 0 0 0 12 0 0 0 0 4 4 0 -999 
P7017 2058 7 0 0 0 0 0 0 0 0 0 0 11 0 0 0 0 0 0 0 0 0 0 0 0 0 0 0 0 0 0 0 0 
P7017 2058 8 0 0 0 0 0 0 0 0 0 0 0 0 0 0 0 0 0 0 0 9 0 0 0 0 0 0 0 0 0 0 0 
P7017 2058 9 0 0 0 0 0 0 31 0 0 0 0 0 0 0 0 0 0 0 0 0 32 0 0 0 0 0 0 0 15 0 -999 
P7017 2058 10 0 0 0 90 0 0 0 0 7 0 0 0 0 0 0 0 0 13 31 48 39 0 41 0 0 0 0 0 0 0 0 
P7017 2058 11 0 0 8 0 0 0 0 78 75 10 46 0 0 0 20 0 0 0 0 0 0 11 6 1 0 0 0 4 0 0 -999 
P7017 2058 12 0 28 0 23 0 0 0 0 0 0 0 0 0 0 0 0 0 7 0 0 0 0 0 0 0 4 0 10 0 5 0 
P7017 2059 1 0 1 1 0 0 30 49 62 0 0 0 0 7 13 0 0 59 10 0 0 0 0 0 0 0 0 0 0 0 0 0 
P7017 2059 2 1 0 0 0 0 0 0 0 0 0 0 18 37 27 16 0 2 0 0 1 0 0 0 0 0 7 0 0 -999 -999 -999 
P7017 2059 3 0 6 0 0 0 0 8 0 33 22 0 0 0 0 3 0 0 0 35 0 3 0 0 0 0 21 32 0 39 44 0 
P7017 2059 4 0 0 0 0 0 38 39 97 90 56 52 69 44 43 0 54 0 63 0 0 30 65 53 94 27 0 0 0 0 0 -999 
P7017 2059 5 0 0 0 10 0 0 2 0 8 0 0 0 0 0 28 0 0 58 0 16 0 0 0 0 0 29 0 15 0 0 30 
P7017 2059 6 0 0 0 0 0 0 0 0 0 0 0 19 16 0 10 0 0 0 0 0 0 0 0 0 33 0 23 0 0 0 -999 
P7017 2059 7 0 0 0 0 9 0 0 0 0 0 0 0 0 0 0 0 17 0 0 0 0 0 0 0 0 0 0 0 6 0 0 
P7017 2059 8 0 0 0 0 0 0 0 9 0 0 0 0 0 0 0 0 0 31 0 0 0 0 0 22 0 0 0 0 0 0 0 
P7017 2059 9 0 0 0 0 0 0 0 0 0 0 0 0 0 0 0 0 0 0 0 0 9 0 0 0 0 0 24 0 0 0 -999 
P7017 2059 10 0 0 0 0 0 0 66 0 0 0 0 0 0 0 0 0 34 0 0 0 0 0 0 0 18 51 0 89 0 53 0 
P7017 2059 11 25 51 61 65 52 10 0 0 0 0 0 0 0 0 0 0 18 16 0 10 0 0 24 13 3 0 0 0 3 0 -999 
P7017 2059 12 0 0 0 0 65 44 0 10 0 0 0 54 0 0 0 0 0 0 0 3 0 0 0 27 38 72 68 48 61 47 0 
P7017 2060 1 0 0 36 38 0 0 29 0 38 0 92 93 112 62 0 20 0 0 13 0 0 0 0 0 9 0 7 0 0 0 0 
P7017 2060 2 0 4 0 0 0 14 20 0 7 0 0 24 5 0 0 0 8 0 28 0 0 0 0 14 0 9 0 44 -999 -999 -999 
P7017 2060 3 0 0 0 0 0 0 0 0 0 0 0 0 0 4 0 7 0 9 0 16 0 45 79 56 16 23 37 29 42 0 0 
P7017 2060 4 24 0 0 0 0 0 0 0 42 39 0 0 0 30 66 75 0 11 0 18 17 0 0 0 0 0 0 2 7 6 -999 
P7017 2060 5 0 16 0 0 36 44 19 0 0 12 0 0 6 4 15 0 0 0 0 7 0 15 0 0 0 0 0 0 0 0 20 
P7017 2060 6 0 22 0 0 0 0 0 0 15 0 0 0 0 0 0 0 0 0 30 0 0 0 0 0 0 0 0 0 0 0 -999 
P7017 2060 7 0 0 0 0 0 0 0 0 0 0 0 0 0 0 0 0 0 0 0 0 0 0 0 0 0 0 13 0 0 0 0 
P7017 2060 8 16 0 0 0 0 0 0 0 0 0 0 0 0 0 0 0 0 0 0 0 0 0 0 7 0 0 0 0 0 0 0 
P7017 2060 9 0 0 0 0 0 0 0 0 0 0 0 0 22 24 0 0 20 0 0 0 0 0 0 0 0 0 31 0 0 20 -999 
P7017 2060 10 0 0 0 0 0 4 0 0 0 0 0 0 0 4 0 0 3 0 0 0 0 0 0 0 0 0 19 0 0 0 0 
P7017 2060 11 0 0 14 0 47 51 56 42 88 0 0 69 0 11 0 25 147 0 159 0 0 0 0 18 0 0 0 0 0 0 -999 
P7017 2060 12 0 0 0 0 46 145 87 0 0 0 0 0 0 0 0 0 32 17 0 0 0 0 0 0 17 30 0 43 43 22 0 
P7017 2061 1 7 0 20 15 13 0 44 25 0 0 0 0 0 0 0 0 5 0 0 0 0 0 0 0 0 7 5 3 0 0 16 
P7017 2061 2 20 39 23 9 0 7 0 15 25 42 80 57 0 29 34 0 0 0 0 0 0 0 0 0 0 14 0 0 -999 -999 -999 
P7017 2061 3 48 23 11 0 0 32 0 15 52 0 0 0 0 0 32 0 64 0 21 0 0 37 0 74 121 13 21 11 0 0 27 
P7017 2061 4 0 0 68 49 0 11 0 24 0 0 41 0 0 0 12 0 0 0 43 9 0 0 0 0 0 17 0 20 10 0 -999 
P7017 2061 5 20 0 0 0 0 0 0 0 0 8 0 8 0 0 0 0 20 0 0 0 0 0 1 0 0 0 0 0 16 0 0 
P7017 2061 6 0 0 0 0 0 0 0 0 0 0 0 0 0 0 16 0 0 0 0 0 0 0 0 0 0 0 0 0 0 0 -999 
P7017 2061 7 0 0 0 0 0 0 0 0 0 0 0 0 0 0 0 0 0 0 0 0 0 0 0 0 0 0 0 0 0 0 0 
P7017 2061 8 0 0 0 0 0 0 0 0 0 0 0 0 0 0 0 0 0 0 0 0 0 0 0 12 0 0 0 0 10 0 0 
P7017 2061 9 9 0 0 0 0 0 0 0 0 0 22 0 0 0 0 0 0 9 0 0 0 0 0 0 29 44 44 0 0 36 -999 
P7017 2061 10 0 8 0 0 0 18 0 0 0 0 0 18 0 13 31 63 61 0 70 103 0 0 98 112 0 0 19 80 120 44 0 
P7017 2061 11 85 0 0 0 0 13 21 0 49 98 41 0 0 0 25 60 69 0 5 0 19 4 14 5 0 8 0 57 0 0 -999 
P7017 2061 12 0 4 0 0 0 0 4 6 0 0 0 36 13 0 0 10 0 16 18 29 76 79 0 3 0 2 0 0 26 0 25 
P7017 2062 1 25 38 19 0 0 0 0 0 0 3 0 0 0 0 0 0 0 0 1 0 0 0 8 23 0 109 77 87 71 77 0 
P7017 2062 2 58 0 0 52 0 39 0 0 0 27 27 7 6 0 23 37 16 0 0 0 0 0 50 0 51 0 19 0 -999 -999 -999 
P7017 2062 3 0 0 19 36 28 0 4 7 0 0 70 0 172 174 61 0 0 0 41 0 0 29 63 0 0 0 0 0 0 0 0 
P7017 2062 4 0 0 0 0 15 0 0 0 0 14 14 7 0 0 15 0 0 0 0 0 0 0 6 0 0 0 0 39 0 0 -999 
P7017 2062 5 22 0 0 0 0 0 0 0 0 0 0 0 0 0 14 26 0 0 15 0 0 0 0 0 0 0 0 0 8 0 0 
P7017 2062 6 0 0 0 0 17 0 0 9 0 0 0 0 0 0 0 0 0 0 0 0 0 0 0 0 0 0 0 0 0 0 -999 
P7017 2062 7 0 0 0 0 0 0 0 4 8 0 0 0 0 0 0 0 0 0 0 0 0 0 0 0 0 0 0 0 0 0 0 
P7017 2062 8 0 0 0 0 0 0 0 0 0 0 0 0 0 0 0 0 0 0 0 0 0 0 0 0 0 0 6 0 0 0 0 
P7017 2062 9 0 0 0 0 0 0 0 0 0 0 10 0 10 11 0 8 0 0 0 0 4 0 0 0 0 0 0 0 0 0 -999 
P7017 2062 10 0 0 0 69 164 103 0 0 0 0 31 0 0 0 0 35 52 11 7 0 0 0 0 0 6 0 0 0 24 0 0 
P7017 2062 11 0 0 0 0 14 0 0 21 0 10 0 0 61 81 44 0 39 70 55 0 0 28 64 0 0 19 0 0 0 0 -999 
P7017 2062 12 0 22 0 4 0 0 0 6 0 29 0 18 3 11 17 46 55 131 25 7 4 15 0 0 0 0 0 0 9 0 29 
P7017 2063 1 73 60 93 32 0 78 108 173 175 39 25 25 0 0 79 99 64 74 132 0 0 111 46 28 104 55 0 0 0 78 66 
P7017 2063 2 120 48 51 42 12 51 0 0 0 37 0 50 0 97 0 72 0 0 0 0 0 0 0 0 11 0 0 0 -999 -999 -999 
P7017 2063 3 0 0 7 0 0 0 43 33 0 0 30 0 0 43 0 0 23 0 0 0 0 18 0 43 168 94 45 65 67 91 101 
P7017 2063 4 28 15 0 0 82 0 0 33 0 0 6 0 0 20 0 0 23 12 0 0 8 0 15 18 0 0 7 14 26 55 -999 
P7017 2063 5 51 54 29 0 0 0 0 0 0 0 0 27 0 0 0 0 0 0 0 0 0 0 0 0 0 8 0 0 0 0 0 
P7017 2063 6 0 0 0 0 0 0 0 0 0 0 0 0 0 0 0 0 0 0 0 0 0 0 0 0 0 5 0 0 0 0 -999 
P7017 2063 7 0 0 0 0 0 0 0 0 0 0 0 0 0 0 0 0 0 0 0 0 0 0 0 0 0 0 0 0 0 0 0 
P7017 2063 8 0 0 0 0 0 0 0 0 0 32 0 0 0 0 0 0 0 0 0 0 0 0 0 0 0 0 0 0 0 0 16 
P7017 2063 9 0 0 0 30 0 0 0 0 0 0 0 0 0 0 0 0 0 26 0 0 0 0 0 0 0 0 0 0 11 0 -999 
P7017 2063 10 0 0 0 0 0 0 0 0 0 0 17 32 82 0 35 0 0 21 14 0 0 0 0 0 11 0 0 0 0 0 0 
P7017 2063 11 0 0 13 15 0 0 0 0 0 0 0 0 0 29 0 0 8 0 0 20 0 0 11 0 0 0 0 0 0 0 -999 
P7017 2063 12 0 4 0 0 0 0 0 3 0 0 0 5 4 4 23 3 0 0 0 3 0 0 0 10 0 0 0 0 0 0 0 
P7017 2064 1 0 0 0 0 0 4 0 0 4 0 0 0 0 0 72 56 0 0 0 2 0 0 0 0 0 26 24 16 17 40 20 
P7017 2064 2 25 46 0 0 12 14 0 0 0 0 0 1 0 5 0 1 0 2 0 0 0 0 0 5 0 0 0 0 -999 -999 -999 
P7017 2064 3 12 6 0 0 0 0 39 57 62 71 32 23 19 37 41 0 48 0 35 56 33 0 0 0 34 79 47 0 34 37 33 
P7017 2064 4 0 30 74 0 0 0 26 0 0 0 0 0 0 0 34 36 12 0 0 0 0 35 0 61 40 32 0 0 0 0 -999 
P7017 2064 5 0 0 0 0 0 17 0 23 0 0 10 0 0 0 0 4 0 12 0 24 0 0 0 0 18 8 0 0 0 0 0 
P7017 2064 6 0 0 0 0 0 0 0 0 0 0 0 0 0 0 0 0 0 0 10 0 0 0 0 0 0 0 0 0 15 0 -999 
P7017 2064 7 0 0 0 0 0 0 0 0 0 0 0 15 0 28 0 0 0 0 0 0 0 0 0 0 0 0 0 0 57 0 0 
P7017 2064 8 9 0 0 0 0 0 0 0 0 0 0 0 0 0 10 9 0 0 0 0 0 0 0 7 0 7 7 0 0 7 0 
P7017 2064 9 0 0 0 0 0 0 0 0 0 0 0 0 0 0 0 9 0 0 0 0 0 0 27 0 0 0 9 0 0 0 -999 
P7017 2064 10 0 0 0 0 0 0 0 36 0 0 6 0 0 0 0 0 0 0 0 19 0 0 0 0 0 0 0 0 0 60 10 
P7017 2064 11 0 0 0 36 43 0 0 0 2 0 0 0 47 123 0 6 0 0 0 0 0 0 0 0 0 0 0 28 11 12 -999 
P7017 2064 12 0 37 0 69 106 89 129 216 184 63 27 37 52 0 0 37 0 0 0 0 8 0 0 0 0 0 5 0 0 0 0 
P7017 2065 1 0 11 0 21 19 0 0 18 44 57 0 0 58 96 0 33 16 18 9 0 12 0 0 0 0 0 8 0 49 46 78 
P7017 2065 2 29 0 0 0 4 0 23 24 0 0 0 64 93 94 77 106 110 115 85 78 16 8 0 0 0 0 0 0 -999 -999 -999 
P7017 2065 3 4 0 0 0 0 0 7 0 0 0 0 0 0 0 0 0 0 0 0 8 0 0 0 0 0 16 0 0 0 6 0 
P7017 2065 4 9 9 0 0 38 0 0 15 0 0 0 0 18 0 0 0 0 0 0 0 0 0 9 4 0 0 0 12 0 0 -999 
P7017 2065 5 0 2 0 0 0 0 0 0 4 0 0 0 0 0 0 0 0 0 0 38 0 0 14 0 13 0 0 0 0 0 0 
P7017 2065 6 0 0 0 6 0 0 0 0 0 0 0 0 0 0 0 0 0 0 0 0 0 0 0 0 0 0 0 0 0 0 -999 
P7017 2065 7 0 0 0 0 0 0 0 0 0 0 0 0 0 0 0 0 0 0 0 0 0 0 0 0 0 0 0 0 0 0 0 
P7017 2065 8 0 0 0 0 0 0 0 0 0 0 0 0 0 0 0 0 6 0 25 0 0 0 0 0 0 0 0 0 0 0 0 
P7017 2065 9 0 0 0 0 0 0 0 0 0 0 0 0 0 0 9 0 0 0 0 0 0 0 0 0 0 0 0 0 0 0 -999 
P7017 2065 10 0 0 0 0 22 0 0 0 0 0 0 0 28 22 75 36 12 0 0 80 29 0 0 109 0 49 69 20 75 99 49 
P7017 2065 11 0 0 0 0 0 0 11 0 0 0 0 0 0 0 0 0 0 0 13 18 94 0 0 0 42 28 82 0 13 0 -999 
P7017 2065 12 0 0 0 0 0 8 0 0 0 0 34 102 68 0 16 39 0 31 70 84 54 145 113 204 245 299 180 22 0 5 0 
P7017 2066 1 11 0 0 0 0 0 0 0 0 0 0 0 0 51 71 60 24 67 151 30 38 135 92 0 0 0 0 0 0 0 32 
P7017 2066 2 44 29 14 14 22 25 0 0 60 41 41 0 26 31 0 0 0 14 0 0 0 6 0 0 117 48 27 37 -999 -999 -999 
P7017 2066 3 0 0 0 0 0 0 96 0 0 0 0 0 0 0 0 0 0 0 0 0 0 0 0 7 22 0 0 0 0 0 0 
P7017 2066 4 23 0 0 10 0 0 0 31 0 0 0 12 32 0 0 0 18 0 0 23 0 11 0 0 0 27 0 0 87 60 -999 
P7017 2066 5 0 0 0 8 0 0 0 0 17 0 9 0 6 0 0 0 0 0 0 14 0 0 0 0 0 0 0 0 0 0 0 
P7017 2066 6 0 0 0 0 0 0 0 0 0 0 0 0 0 0 15 0 0 0 0 0 0 0 0 0 0 0 0 0 0 0 -999 
P7017 2066 7 0 0 0 0 0 11 0 0 0 0 0 0 0 0 0 0 0 0 0 0 0 0 0 0 0 0 0 0 0 0 5 
P7017 2066 8 0 0 0 0 0 0 0 0 0 0 0 0 0 0 0 0 0 0 0 0 0 0 0 0 0 0 0 3 4 0 0 
P7017 2066 9 0 0 0 0 0 0 0 8 0 0 0 22 0 0 0 7 0 0 0 0 0 0 0 29 48 0 0 0 0 27 -999 
P7017 2066 10 0 14 0 0 7 0 0 0 0 0 0 0 10 15 0 0 0 17 15 0 0 33 0 0 0 0 38 0 10 0 0 
P7017 2066 11 0 0 15 46 111 54 46 41 0 0 64 50 54 0 0 0 4 0 0 0 0 0 0 0 4 0 0 0 8 0 -999 
P7017 2066 12 11 0 22 37 17 0 0 0 0 17 0 0 0 61 0 153 152 177 105 47 0 19 7 0 0 0 14 0 60 149 103 
P7017 2067 1 33 140 45 21 47 50 22 0 0 0 34 38 0 0 54 51 0 0 91 154 127 119 0 100 117 111 128 47 23 63 96 
P7017 2067 2 110 68 169 49 0 0 67 68 44 94 97 0 0 109 63 15 22 83 126 74 125 70 0 0 0 143 92 7 -999 -999 -999 
P7017 2067 3 0 0 0 0 0 0 0 0 0 16 25 0 93 24 5 0 0 0 0 0 0 0 0 0 0 7 7 0 0 0 9 
P7017 2067 4 0 0 0 40 0 0 0 0 15 18 0 0 0 0 42 0 10 13 13 17 29 0 0 0 0 0 0 0 16 0 -999 
P7017 2067 5 0 0 12 0 0 0 0 7 0 0 0 5 0 0 0 0 0 0 48 38 0 0 17 0 12 0 0 0 0 37 0 
P7017 2067 6 20 0 47 0 0 0 0 12 0 0 0 0 0 0 16 0 0 0 0 0 0 0 0 0 0 0 0 0 0 0 -999 
P7017 2067 7 24 0 0 0 0 0 8 0 0 0 0 5 12 0 0 0 0 0 0 0 0 0 0 0 0 0 0 0 0 0 0 
P7017 2067 8 0 0 0 0 0 0 0 0 0 0 0 0 0 0 0 0 0 0 0 0 0 0 0 4 0 0 0 0 0 0 11 
P7017 2067 9 0 0 0 0 0 0 0 4 0 0 0 0 0 18 0 12 7 0 0 0 0 0 0 0 0 0 0 0 0 9 -999 
P7017 2067 10 11 11 0 0 0 0 0 0 12 0 0 0 0 0 4 0 0 4 0 0 0 0 0 0 14 0 4 0 19 30 0 
P7017 2067 11 0 0 0 21 0 0 0 0 0 1 0 0 5 9 0 0 0 0 0 9 0 0 0 45 0 0 0 5 0 0 -999 
P7017 2067 12 11 0 38 38 58 20 13 51 0 0 0 27 61 0 0 9 0 0 1 0 0 0 0 0 0 23 75 35 33 6 28 
P7017 2068 1 0 3 0 17 48 140 111 41 58 8 0 0 0 0 0 0 0 0 0 0 0 1 0 0 40 23 24 9 0 30 13 
P7017 2068 2 0 0 0 0 27 0 14 0 7 0 38 0 12 0 0 0 0 0 2 0 16 16 0 0 7 0 92 43 -999 -999 -999 
P7017 2068 3 0 67 51 62 166 122 20 33 104 41 17 0 47 10 7 20 88 110 65 29 21 73 90 7 0 0 15 14 23 0 0 
P7017 2068 4 64 43 14 0 0 3 0 0 59 50 19 14 0 0 0 0 0 0 0 0 0 28 0 18 0 0 0 0 0 0 -999 
P7017 2068 5 12 20 0 0 17 27 0 0 0 0 0 0 55 0 0 0 0 0 0 0 0 9 0 10 0 10 13 13 0 0 19 
P7017 2068 6 0 0 19 0 27 15 0 0 0 0 0 0 0 0 0 0 0 0 0 0 0 0 0 0 0 0 0 0 0 0 -999 
P7017 2068 7 0 0 0 0 0 0 0 7 0 0 0 0 0 0 0 0 0 0 0 0 0 0 0 0 0 0 7 0 0 0 4 
P7017 2068 8 0 0 0 0 0 0 0 0 0 0 0 0 0 0 16 0 0 0 0 0 0 0 0 9 0 0 0 6 10 0 0 
P7017 2068 9 0 0 0 0 0 0 0 0 26 52 27 0 0 0 0 0 0 0 0 0 0 0 0 0 0 0 7 0 8 0 -999 
P7017 2068 10 0 0 0 0 0 0 0 0 0 32 0 0 0 14 34 0 0 0 0 0 38 7 0 0 0 11 0 0 0 0 0 
P7017 2068 11 0 0 15 0 0 0 0 0 0 0 0 22 0 0 0 0 0 0 0 28 0 0 0 7 0 0 0 6 0 0 -999 
P7017 2068 12 0 0 0 0 0 0 56 89 44 37 0 0 55 74 0 0 0 0 0 16 11 19 0 0 127 0 0 0 30 24 0 
P7017 2069 1 63 73 0 0 4 0 0 0 0 0 0 16 0 0 9 0 0 0 0 0 0 0 0 0 0 0 0 0 87 0 24 
P7017 2069 2 0 0 0 153 174 0 0 119 102 8 0 0 0 0 0 0 27 0 31 26 0 30 20 0 0 0 32 0 -999 -999 -999 
P7017 2069 3 49 44 63 0 0 45 0 0 16 0 41 0 0 0 0 0 0 0 0 0 0 11 0 0 0 22 36 0 0 33 78 
P7017 2069 4 27 0 19 23 21 0 0 16 33 0 0 0 0 0 0 15 0 0 0 16 0 0 0 13 0 0 0 6 0 4 -999 
P7017 2069 5 0 0 0 0 0 0 0 0 0 0 0 0 0 0 17 0 0 0 0 0 0 0 0 0 0 0 0 0 9 0 0 
P7017 2069 6 0 11 0 0 0 0 0 0 0 0 0 6 0 0 36 0 0 0 0 0 0 0 18 0 0 0 0 0 0 0 -999 
P7017 2069 7 0 0 8 0 0 0 0 0 0 0 0 0 0 0 0 0 0 0 0 0 0 0 0 0 0 0 0 0 37 0 0 
P7017 2069 8 0 0 0 0 0 0 0 0 0 0 0 0 0 0 0 0 0 0 0 0 0 0 0 0 14 0 0 0 0 0 0 
P7017 2069 9 0 12 0 0 9 0 0 5 0 0 0 0 0 0 0 20 0 0 0 0 0 0 0 0 0 0 0 19 0 21 -999 
P7017 2069 10 17 0 0 0 0 0 0 0 0 0 0 0 10 0 31 0 20 55 108 93 53 45 72 10 17 0 82 112 109 0 0 
P7017 2069 11 31 15 28 79 0 0 0 93 78 12 0 31 51 0 0 0 0 21 8 0 74 0 0 0 0 0 0 18 0 0 -999 
P7017 2069 12 0 0 0 0 23 0 0 0 0 9 0 10 0 0 0 0 0 0 0 2 0 28 31 0 0 0 0 0 0 44 18 
P7017 2070 1 13 0 79 53 21 47 140 213 166 0 105 0 0 26 0 0 0 0 6 0 0 0 34 39 0 0 0 0 0 0 0 
P7017 2070 2 0 0 0 0 0 0 0 0 0 0 22 0 0 0 8 0 15 13 0 0 0 22 24 43 0 0 46 25 -999 -999 -999 
P7017 2070 3 50 47 0 0 0 0 0 0 0 16 57 28 0 0 66 0 41 78 109 121 172 0 23 0 22 20 0 35 0 0 0 
P7017 2070 4 0 29 0 0 13 18 0 57 90 42 0 18 0 56 0 0 31 33 22 13 0 0 0 0 0 0 27 27 0 0 -999 
P7017 2070 5 0 0 0 77 72 133 0 0 0 43 31 0 0 21 0 0 0 38 0 0 0 43 25 0 0 0 15 0 0 0 0 
P7017 2070 6 0 12 32 0 0 0 0 0 0 0 25 0 0 0 0 0 0 0 0 0 9 0 0 0 0 0 0 0 0 0 -999 
P7017 2070 7 0 0 0 0 0 0 0 0 0 0 0 0 0 0 0 0 0 0 0 9 0 0 0 0 0 0 0 0 0 0 0 
P7017 2070 8 0 6 0 0 0 0 0 0 0 0 0 0 0 9 0 0 0 0 0 0 0 0 0 0 0 0 0 0 0 0 0 
P7017 2070 9 0 32 20 7 0 2 0 0 0 0 0 0 0 0 0 0 14 0 0 0 0 0 0 0 0 0 0 0 12 0 -999 
P7017 2070 10 28 0 0 0 27 0 13 0 34 0 0 56 0 27 0 32 0 166 44 0 0 0 0 0 0 0 7 0 0 0 45 
P7017 2070 11 0 0 0 0 0 0 0 0 0 9 10 0 2 0 0 0 10 6 4 0 30 0 0 0 0 0 23 102 0 28 -999 
P7017 2070 12 36 82 0 12 0 17 0 70 67 37 87 15 46 33 0 17 33 0 60 72 0 114 58 0 31 54 0 44 150 144 0 
P7017 2071 1 0 22 28 0 44 21 0 0 53 100 65 63 80 0 20 0 39 25 21 17 24 0 14 23 34 70 102 40 0 0 0 
P7017 2071 2 0 0 3 4 31 50 18 0 32 0 85 70 0 24 56 89 84 34 0 39 0 0 0 9 17 18 0 0 -999 -999 -999 
P7017 2071 3 0 0 3 0 0 0 34 44 46 0 0 0 0 0 0 0 0 0 21 0 0 0 0 35 0 0 0 8 0 0 0 
P7017 2071 4 0 53 36 24 5 0 0 0 0 0 8 0 0 21 19 0 0 0 0 26 21 20 21 0 0 21 0 16 16 0 -999 
P7017 2071 5 18 0 31 0 0 39 39 0 0 21 0 0 0 12 0 12 0 0 0 0 8 16 0 0 18 0 0 0 0 18 0 
P7017 2071 6 0 0 0 0 0 0 0 0 0 0 0 0 0 51 36 0 0 38 0 0 0 10 0 0 0 0 0 0 0 0 -999 
P7017 2071 7 0 0 0 0 0 9 0 0 0 0 0 0 0 0 0 0 0 21 0 0 0 0 0 0 0 0 0 0 0 0 0 
P7017 2071 8 0 0 0 0 0 0 0 0 0 0 0 0 0 0 0 0 0 0 0 0 0 9 0 0 0 0 0 0 0 5 0 
P7017 2071 9 0 7 0 0 0 0 0 0 0 0 16 0 0 0 0 0 0 0 3 0 0 0 0 0 0 0 0 33 0 0 -999 
P7017 2071 10 0 0 12 0 5 0 5 0 0 21 0 0 0 16 0 0 65 0 18 0 0 68 41 0 0 0 0 0 52 33 73 
P7017 2071 11 0 86 105 79 0 28 0 0 0 0 0 2 0 0 0 20 0 7 0 40 0 26 23 43 0 18 5 0 0 0 -999 
P7017 2071 12 0 36 39 0 43 150 137 0 81 168 158 187 113 88 0 77 99 121 49 0 5 0 0 126 45 133 54 16 0 0 0 
P7017 2072 1 57 37 0 0 17 25 0 0 35 0 0 0 0 0 14 11 28 25 25 65 44 0 33 0 22 106 54 0 57 0 0 
P7017 2072 2 117 58 68 0 0 0 0 14 3 0 7 0 0 0 0 0 0 9 0 0 16 0 0 0 0 0 6 3 -999 -999 -999 
P7017 2072 3 0 0 0 0 8 13 0 4 4 0 0 0 18 12 0 0 0 0 17 0 0 0 20 0 33 26 32 0 48 0 0 
P7017 2072 4 16 0 0 0 9 0 0 0 0 26 0 0 0 0 0 0 0 0 0 0 23 16 22 0 5 0 0 0 34 0 -999 
P7017 2072 5 30 31 0 0 0 0 0 0 0 0 0 0 0 0 0 0 0 21 15 14 11 0 0 0 19 0 0 0 0 0 0 
P7017 2072 6 0 0 0 0 0 0 0 0 0 0 0 0 0 0 0 0 0 0 14 0 0 0 0 0 0 0 0 4 6 0 -999 
P7017 2072 7 0 39 0 13 0 0 0 0 0 0 0 0 0 0 0 0 0 0 0 0 0 0 6 0 0 0 0 0 0 0 0 
P7017 2072 8 0 0 0 0 0 0 0 0 0 8 0 11 0 0 0 0 0 0 0 0 0 0 8 0 0 0 0 0 0 0 0 
P7017 2072 9 0 0 0 0 0 0 0 0 0 0 0 0 0 0 0 0 0 0 0 0 0 0 12 0 0 60 0 22 0 0 -999 
P7017 2072 10 7 0 10 0 0 0 0 0 0 0 0 0 0 12 0 0 0 25 0 6 0 0 0 0 0 0 17 0 0 0 0 
P7017 2072 11 0 0 19 0 0 27 0 0 0 47 37 0 40 0 0 0 0 0 49 58 20 0 30 0 0 41 50 0 0 0 -999 
P7017 2072 12 8 29 0 22 12 0 0 0 0 0 0 0 14 0 0 0 0 0 0 0 90 0 0 34 112 82 0 9 23 0 49 
P7017 2073 1 0 0 0 0 0 0 0 0 0 0 0 0 0 16 0 33 0 0 27 23 0 37 0 10 6 10 0 0 0 13 18 
P7017 2073 2 0 104 83 57 0 0 6 21 23 0 16 0 0 34 0 0 0 0 0 4 0 0 0 14 0 91 54 26 -999 -999 -999 
P7017 2073 3 65 0 5 0 0 33 27 27 47 48 26 0 39 0 24 19 0 14 0 19 27 0 0 35 50 32 115 134 118 0 0 
P7017 2073 4 0 0 19 0 0 0 48 28 17 29 43 37 0 0 0 0 0 0 0 23 34 22 0 63 63 40 0 0 5 0 -999 
P7017 2073 5 0 0 0 0 0 18 21 0 0 0 0 0 44 0 33 0 60 0 0 0 0 0 0 0 0 33 16 0 0 0 0 
P7017 2073 6 0 0 0 0 0 0 0 0 0 0 0 0 0 0 0 0 0 0 0 0 0 0 0 17 0 0 0 14 0 0 -999 
P7017 2073 7 0 0 0 0 0 0 0 0 0 0 0 0 0 0 0 0 0 0 0 0 0 0 0 0 0 0 0 14 0 0 0 
P7017 2073 8 0 0 0 17 0 0 0 0 0 0 0 0 0 0 0 0 0 0 9 0 0 0 0 0 0 0 0 0 0 0 0 
P7017 2073 9 0 0 0 0 0 0 0 0 16 0 0 0 0 0 0 0 0 26 5 0 0 0 30 0 0 0 0 0 0 0 -999 
P7017 2073 10 0 0 0 0 0 0 47 50 47 0 0 24 0 0 0 0 0 0 0 0 0 13 0 0 0 0 0 0 0 0 20 
P7017 2073 11 0 46 13 6 0 0 7 0 0 0 0 0 0 0 0 89 0 43 0 70 89 100 0 0 0 0 33 0 0 0 -999 
P7017 2073 12 0 0 0 0 0 0 0 0 11 0 0 0 0 26 0 0 0 0 31 25 0 17 0 12 21 0 0 0 0 135 366 
P7017 2074 1 146 0 58 163 163 145 0 22 54 77 49 34 0 4 0 0 0 0 0 0 0 6 0 0 0 23 34 0 42 0 0 
P7017 2074 2 0 3 0 0 8 11 0 0 0 9 15 21 0 0 0 28 57 0 0 23 0 32 0 11 25 125 127 169 -999 -999 -999 
P7017 2074 3 137 15 16 0 0 48 58 23 16 0 0 44 64 0 0 0 22 0 0 0 52 0 0 76 42 12 0 0 12 0 34 
P7017 2074 4 18 27 28 0 0 0 11 23 0 0 0 0 0 0 0 0 0 0 74 0 22 0 0 0 11 0 0 0 0 0 -999 
P7017 2074 5 0 0 0 0 13 0 0 0 0 0 0 0 36 0 0 0 0 0 15 15 25 0 0 12 0 0 0 0 0 0 0 
P7017 2074 6 0 0 0 0 0 0 0 0 0 0 16 0 0 0 4 0 0 0 0 0 0 0 6 0 0 0 0 0 0 0 -999 
P7017 2074 7 0 0 7 0 0 0 0 0 0 0 0 0 8 0 0 0 0 0 0 0 0 6 0 0 0 0 0 0 0 0 0 
P7017 2074 8 0 0 0 0 0 0 0 0 0 0 0 0 0 0 0 0 0 0 0 0 0 0 0 12 0 0 0 12 0 0 0 
P7017 2074 9 0 0 0 0 0 10 0 0 6 0 0 0 0 0 0 0 0 0 0 0 0 0 0 0 0 0 0 0 4 0 -999 
P7017 2074 10 0 0 0 0 0 10 0 0 0 0 0 0 0 0 0 0 0 0 0 16 14 16 0 14 0 0 0 0 0 0 3 
P7017 2074 11 0 0 9 39 0 4 17 0 23 0 0 15 0 18 0 0 33 0 37 93 42 0 22 41 33 11 13 18 0 0 -999 
P7017 2074 12 0 0 5 0 0 0 0 0 0 0 59 63 63 10 0 0 2 0 0 0 5 0 0 0 4 0 0 0 29 0 0 
P7017 2075 1 0 3 0 0 0 0 0 5 0 18 0 22 29 20 66 22 17 0 19 0 23 0 0 0 16 8 0 0 8 0 0 
P7017 2075 2 0 0 0 0 53 99 67 73 0 0 0 173 118 19 12 15 0 16 31 47 33 0 39 75 56 0 10 0 -999 -999 -999 
P7017 2075 3 15 0 15 7 0 18 0 0 0 5 0 0 0 6 16 14 0 0 43 33 0 74 43 57 52 34 29 15 0 0 26 
P7017 2075 4 18 24 0 0 24 46 0 99 67 16 0 0 15 0 4 7 0 0 36 58 49 0 15 0 0 0 0 0 13 0 -999 
P7017 2075 5 0 29 0 0 0 8 0 13 11 0 0 0 0 0 0 0 0 0 0 0 0 0 0 12 0 0 0 0 0 0 15 
P7017 2075 6 0 0 0 0 0 12 15 0 0 0 0 0 0 0 0 0 0 0 0 0 0 0 0 0 0 0 0 0 0 0 -999 
P7017 2075 7 0 0 0 0 0 0 0 0 0 0 0 0 0 0 0 0 0 0 0 0 0 0 0 0 0 0 0 0 0 0 0 
P7017 2075 8 0 0 8 0 0 0 0 0 0 0 0 0 0 0 0 0 0 0 0 0 0 0 0 0 0 0 0 0 0 0 0 
P7017 2075 9 0 0 0 0 0 0 8 0 0 0 0 0 0 0 0 0 0 0 0 0 0 0 0 0 0 0 9 0 0 0 -999 
P7017 2075 10 24 0 32 46 0 23 56 110 101 33 16 0 0 0 0 8 0 20 0 6 0 0 0 0 0 0 37 51 0 114 0 
P7017 2075 11 0 23 0 0 33 71 66 0 14 0 0 0 42 0 135 58 0 0 0 0 60 77 62 38 0 0 0 0 5 0 -999 
P7017 2075 12 16 40 83 76 0 21 22 73 39 0 26 27 20 51 78 38 33 30 34 0 0 0 0 0 0 0 0 0 0 0 0 
P7017 2076 1 0 0 4 0 0 24 0 10 11 11 0 0 11 0 0 0 0 0 0 4 8 6 2 0 0 0 0 0 0 27 77 
P7017 2076 2 129 57 16 0 0 0 0 0 0 7 0 0 0 0 0 0 0 0 12 0 22 0 0 0 0 0 0 0 -999 -999 -999 
P7017 2076 3 0 22 15 20 0 27 0 26 0 35 31 0 0 0 8 10 0 0 15 0 0 20 31 27 27 0 0 0 0 2 0 
P7017 2076 4 0 9 10 0 0 0 0 17 18 0 11 20 22 17 43 0 0 25 0 0 0 2 0 14 0 0 12 0 0 15 -999 
P7017 2076 5 38 0 28 0 0 0 0 7 3 0 0 0 0 0 0 17 0 0 0 0 0 0 12 0 0 9 0 0 0 0 0 
P7017 2076 6 0 0 0 0 0 0 0 0 0 0 0 0 0 0 6 0 0 0 0 0 0 0 0 0 0 0 0 0 0 0 -999 
P7017 2076 7 0 0 0 0 0 0 0 0 0 0 0 0 0 0 0 0 0 0 0 0 0 0 0 0 0 0 0 0 0 0 0 
P7017 2076 8 0 0 0 0 0 0 0 0 0 0 0 0 0 0 0 0 0 0 0 0 0 0 0 0 0 0 0 0 0 0 0 
P7017 2076 9 0 0 0 0 0 0 0 8 0 0 0 0 0 0 5 0 0 7 0 0 0 0 0 0 0 12 0 0 0 0 -999 
P7017 2076 10 0 15 0 55 0 0 0 0 0 0 0 0 0 0 0 0 0 0 0 0 0 0 17 25 0 19 0 104 0 0 0 
P7017 2076 11 0 0 0 0 0 0 0 0 0 0 0 0 0 0 0 0 0 19 17 0 0 29 24 9 0 0 45 58 0 20 -999 
P7017 2076 12 8 0 0 0 0 0 0 26 48 60 53 66 0 0 0 25 0 0 0 0 0 0 0 0 14 14 22 28 23 16 15 
P7017 2077 1 0 0 0 0 0 0 0 0 21 0 0 0 0 0 55 0 0 0 0 13 0 0 0 7 9 10 19 0 0 0 28 
P7017 2077 2 0 39 45 44 22 38 89 53 40 55 20 0 0 0 19 33 0 75 119 42 32 0 0 27 52 28 0 0 -999 -999 -999 
P7017 2077 3 0 9 10 0 19 0 0 30 17 24 13 0 14 0 0 0 12 0 0 39 51 77 43 25 0 0 0 0 0 0 0 
P7017 2077 4 0 0 0 0 0 3 5 0 0 2 0 0 0 0 0 0 23 22 0 17 0 0 0 0 0 0 76 25 0 0 -999 
P7017 2077 5 0 37 40 14 0 0 27 0 0 0 9 0 0 0 0 0 0 0 0 0 0 11 0 0 0 0 0 0 0 0 19 
P7017 2077 6 0 43 0 41 0 33 0 0 23 0 0 0 21 0 0 0 0 0 0 0 0 0 0 13 0 0 24 0 0 0 -999 
P7017 2077 7 0 0 0 0 0 0 0 0 34 18 0 0 0 0 0 0 0 0 0 0 0 0 0 0 0 0 0 0 0 0 0 
P7017 2077 8 0 0 0 27 0 0 0 0 0 0 0 0 0 0 0 0 0 0 0 0 0 0 0 0 0 0 0 0 0 0 0 
P7017 2077 9 0 0 0 0 0 14 0 0 0 0 0 0 14 0 0 0 0 9 0 0 0 25 0 0 0 0 0 0 0 0 -999 
P7017 2077 10 31 0 0 0 0 0 0 0 0 0 0 0 5 8 0 0 18 37 35 15 0 41 49 0 0 0 0 0 59 26 44 
P7017 2077 11 0 38 30 0 0 0 0 0 119 99 68 0 0 0 82 48 0 18 18 48 0 0 61 67 17 0 0 0 23 63 -999 
P7017 2077 12 57 111 86 0 36 108 122 131 21 74 110 0 0 0 0 0 0 0 12 0 0 0 0 0 0 0 0 0 0 0 0 
P7017 2078 1 155 204 168 128 88 109 0 49 133 75 0 20 98 39 107 0 64 27 17 0 0 0 0 0 0 0 0 0 6 5 0 
P7017 2078 2 0 0 9 0 0 0 0 0 0 0 0 0 0 0 7 0 0 0 0 0 0 20 24 20 104 161 69 51 -999 -999 -999 
P7017 2078 3 0 0 0 22 0 0 0 85 44 19 20 16 0 36 69 55 101 0 73 75 57 36 33 42 22 19 0 12 10 0 23 
P7017 2078 4 79 49 0 14 0 0 21 0 14 0 22 0 24 66 0 0 26 19 0 0 0 0 0 0 41 0 17 0 16 21 -999 
P7017 2078 5 58 0 0 0 11 0 0 0 0 0 43 0 0 0 16 0 0 52 34 0 0 0 2 0 0 13 0 0 0 0 0 
P7017 2078 6 0 0 26 26 0 0 0 0 0 0 0 0 0 0 0 0 0 0 0 0 0 12 0 0 0 0 0 0 0 0 -999 
P7017 2078 7 0 0 0 0 0 0 17 0 0 0 0 0 0 0 0 0 0 0 0 0 0 0 0 0 0 0 0 0 0 0 0 
P7017 2078 8 0 0 0 0 0 0 0 0 0 17 0 0 0 0 0 0 0 0 0 0 0 0 7 0 0 0 0 0 0 0 0 
P7017 2078 9 0 0 0 0 0 0 0 7 4 0 0 0 0 0 0 0 21 0 0 0 0 0 2 0 0 0 0 0 0 0 -999 
P7017 2078 10 0 0 0 0 0 0 0 0 0 56 0 0 0 0 0 26 0 66 0 0 90 0 0 0 26 0 3 0 0 0 0 
P7017 2078 11 0 47 11 9 25 0 0 1 0 0 6 0 0 7 0 0 0 76 33 9 0 0 0 0 9 6 0 0 0 0 -999 
P7017 2078 12 13 0 0 0 0 0 0 0 0 0 61 22 20 32 30 23 0 0 0 11 0 33 12 32 0 102 119 46 28 201 155 
P7017 2079 1 14 13 0 0 31 0 0 0 0 0 4 7 0 0 0 2 0 0 12 25 35 37 0 0 0 0 7 10 0 0 0 
P7017 2079 2 0 0 10 15 0 8 0 9 0 0 0 0 0 0 0 0 0 0 0 0 0 0 0 48 33 0 14 0 -999 -999 -999 
P7017 2079 3 16 13 0 0 26 0 0 0 1 0 0 0 0 0 0 0 0 0 0 0 4 8 0 0 11 7 0 3 0 0 7 
P7017 2079 4 12 17 0 28 48 23 0 0 0 0 0 10 14 21 33 32 28 23 0 0 23 0 20 47 20 0 0 0 0 2 -999 
P7017 2079 5 0 0 10 9 0 0 5 0 0 0 0 22 0 0 0 0 0 0 18 0 0 0 0 0 0 0 0 0 0 0 0 
P7017 2079 6 0 0 0 0 0 0 0 0 15 0 0 7 0 0 0 0 0 0 0 0 0 0 0 0 0 20 0 0 0 0 -999 
P7017 2079 7 5 0 3 0 0 0 0 0 0 0 0 0 0 0 0 0 0 0 0 0 0 0 0 0 0 0 0 0 0 0 0 
P7017 2079 8 0 14 0 10 0 0 0 0 0 0 0 6 7 0 0 0 0 0 0 0 0 0 0 0 0 0 0 0 0 0 0 
P7017 2079 9 0 0 0 0 0 0 0 0 0 0 0 0 0 0 0 0 3 0 0 0 0 0 0 0 0 0 0 0 0 0 -999 
P7017 2079 10 11 0 0 0 8 0 0 0 0 0 0 0 0 0 6 0 0 0 0 59 34 0 0 0 0 0 0 12 0 0 14 
P7017 2079 11 26 0 38 50 92 93 96 44 0 0 0 0 57 74 0 42 69 121 74 27 0 0 46 0 34 25 0 0 1 0 -999 
P7017 2079 12 9 39 38 0 9 0 0 0 0 0 0 0 0 0 1 0 0 0 0 0 0 0 0 0 0 0 0 0 31 0 0 
P7017 2080 1 10 0 12 0 19 0 15 10 0 9 10 32 22 0 0 0 9 0 0 0 0 0 0 0 0 0 33 0 20 0 0 
P7017 2080 2 2 0 0 0 16 10 16 0 83 161 180 119 93 33 0 0 0 63 64 91 53 0 0 0 0 0 11 33 -999 -999 -999 
P7017 2080 3 71 65 0 0 0 41 60 56 100 112 97 95 22 0 0 0 0 0 0 0 0 0 0 0 0 0 0 0 17 27 0 
P7017 2080 4 4 5 0 0 0 0 15 29 39 23 35 38 0 0 0 0 0 0 0 12 0 35 40 0 0 0 15 7 0 0 -999 
P7017 2080 5 0 11 0 0 0 16 0 0 0 0 0 43 41 40 0 0 0 6 0 0 0 0 0 0 0 0 0 0 24 0 0 
P7017 2080 6 0 10 0 25 0 0 7 0 0 0 0 0 0 0 0 0 0 19 0 0 20 0 0 20 0 0 0 0 0 0 -999 
P7017 2080 7 0 0 0 0 0 0 0 0 0 0 0 8 0 0 0 0 0 0 0 0 0 0 0 0 0 0 0 0 0 0 0 
P7017 2080 8 0 0 0 0 0 0 0 0 0 0 0 0 0 0 0 0 0 0 0 0 0 0 0 0 9 0 0 0 0 0 0 
P7017 2080 9 0 0 0 0 0 15 0 0 0 0 0 0 0 0 0 0 0 0 0 0 7 8 7 0 0 41 0 0 0 0 -999 
P7017 2080 10 0 49 59 88 94 0 39 108 64 67 32 79 78 0 57 0 0 0 7 0 11 0 0 4 0 0 2 0 4 0 24 
P7017 2080 11 37 42 42 28 62 0 0 0 0 0 0 0 0 23 0 0 13 0 0 0 0 0 8 0 0 0 0 4 0 0 -999 
P7017 2080 12 20 0 105 121 135 131 171 151 85 0 0 0 0 0 0 0 0 0 0 0 15 0 0 0 0 98 28 0 0 34 77 
P7017 2081 1 0 98 167 0 76 0 0 0 23 20 0 0 48 0 70 26 33 0 56 166 141 63 0 41 0 74 45 34 56 25 61 
P7017 2081 2 11 0 27 0 0 0 59 0 34 10 0 2 6 11 0 0 0 0 17 0 11 10 49 63 44 0 13 0 -999 -999 -999 
P7017 2081 3 19 22 0 114 43 0 15 17 0 38 0 15 0 0 18 14 73 137 113 113 105 171 107 70 24 23 0 0 67 52 103 
P7017 2081 4 103 0 38 0 16 0 0 0 25 41 66 8 0 0 0 35 0 21 0 0 0 23 0 0 67 0 0 78 52 103 -999 
P7017 2081 5 85 72 37 38 39 12 13 42 65 73 0 22 0 0 39 0 0 0 0 0 0 0 0 0 12 0 0 0 0 24 0 
P7017 2081 6 0 10 0 0 0 0 0 0 0 0 14 0 0 0 0 0 0 0 29 0 0 0 0 0 0 0 0 0 0 0 -999 
P7017 2081 7 0 0 0 0 0 0 0 0 23 0 0 7 0 0 0 0 0 0 0 0 0 0 0 0 0 0 0 0 0 0 0 
P7017 2081 8 12 0 0 10 0 0 0 0 0 0 0 0 0 0 0 0 0 0 0 0 9 0 0 0 0 0 0 0 0 0 0 
P7017 2081 9 0 0 0 0 10 0 0 0 0 0 0 0 0 0 0 0 0 36 21 11 7 0 12 0 0 0 0 0 0 0 -999 
P7017 2081 10 0 0 19 44 17 0 15 6 0 0 0 11 0 14 8 0 3 10 0 0 0 0 0 12 12 0 8 0 0 0 0 
P7017 2081 11 0 31 84 115 45 0 0 0 0 0 0 0 0 0 19 79 136 173 115 0 0 5 10 0 0 0 0 8 49 51 -999 
P7017 2081 12 27 25 38 0 35 93 84 98 73 41 0 92 0 0 59 51 30 0 0 0 0 19 29 0 0 0 68 0 0 16 0 
P7017 2082 1 49 0 0 0 16 0 0 0 20 0 62 18 43 16 0 0 61 77 37 47 121 231 84 71 94 90 85 0 10 0 4 
P7017 2082 2 0 0 0 0 0 0 0 0 2 0 0 5 0 18 0 0 0 3 2 4 9 10 10 0 46 39 38 45 -999 -999 -999 
P7017 2082 3 43 0 32 41 37 28 0 17 0 0 0 0 0 28 0 11 0 0 0 66 0 8 0 51 44 31 0 17 78 45 14 
P7017 2082 4 20 0 4 0 0 0 0 0 0 0 2 0 0 0 0 0 0 0 0 0 3 11 11 10 2 0 0 0 0 0 -999 
P7017 2082 5 0 0 0 0 7 0 0 0 0 13 0 0 0 0 19 12 0 0 0 0 0 0 0 0 0 0 4 0 0 0 0 
P7017 2082 6 0 0 0 0 0 0 0 0 0 0 0 0 0 0 0 11 0 0 0 0 0 0 0 0 0 0 0 0 0 0 -999 
P7017 2082 7 0 0 0 0 0 0 0 0 0 0 0 0 0 0 0 0 0 0 0 0 0 0 0 0 0 0 0 0 0 0 0 
P7017 2082 8 0 0 0 0 0 0 0 0 0 0 0 0 0 0 0 0 0 7 0 0 0 0 0 0 0 0 0 0 0 0 0 
P7017 2082 9 0 0 0 0 0 8 0 0 0 0 0 0 0 0 0 0 0 0 0 0 0 0 5 0 0 0 0 0 0 0 -999 
P7017 2082 10 0 18 0 0 5 0 0 2 0 6 0 0 0 0 0 0 0 0 36 0 0 51 41 12 3 0 0 0 20 23 22 
P7017 2082 11 94 102 78 0 0 0 0 7 0 0 0 0 0 0 0 47 93 134 18 0 0 0 0 0 0 0 0 0 0 0 -999 
P7017 2082 12 3 38 0 0 0 0 0 0 0 0 0 0 0 0 0 0 31 27 0 0 0 0 0 0 0 21 0 0 0 0 6 
P7017 2083 1 17 38 0 61 24 0 0 21 0 0 0 0 9 26 0 0 0 35 0 0 17 60 0 0 0 0 0 5 17 25 0 
P7017 2083 2 15 39 0 0 0 12 55 45 41 0 123 56 0 0 0 41 62 209 116 118 105 67 39 0 98 216 98 69 -999 -999 -999 
P7017 2083 3 87 32 46 23 0 0 0 0 26 0 16 0 0 0 28 0 0 0 0 18 0 0 117 136 105 57 183 66 2 0 15 
P7017 2083 4 23 0 16 16 0 43 0 37 0 0 0 0 0 35 45 0 20 0 0 0 8 6 0 0 0 41 44 13 0 0 -999 
P7017 2083 5 0 7 0 0 21 0 0 0 45 0 0 0 0 0 33 0 56 0 0 39 0 0 0 0 41 76 112 25 0 0 0 
P7017 2083 6 38 32 19 0 26 0 0 0 0 0 28 0 0 0 0 12 0 0 0 0 0 0 0 0 0 0 0 0 0 0 -999 
P7017 2083 7 0 0 0 0 0 0 0 0 0 0 0 0 0 0 0 13 0 0 0 0 0 0 0 0 0 0 0 0 0 0 0 
P7017 2083 8 0 0 0 0 0 0 0 0 0 0 0 0 0 20 0 0 0 0 0 0 0 0 15 0 0 13 0 0 0 12 0 
P7017 2083 9 0 0 0 0 0 0 0 7 0 0 18 0 0 0 0 0 0 7 0 0 0 0 0 0 0 0 0 0 0 0 -999 
P7017 2083 10 23 0 0 36 51 22 0 0 0 0 0 6 0 0 0 12 9 0 11 0 0 0 0 0 0 0 0 0 0 20 0 
P7017 2083 11 14 10 0 0 0 34 0 34 0 0 0 79 128 50 0 29 63 0 0 0 0 0 7 11 0 20 0 9 0 0 -999 
P7017 2083 12 18 22 8 0 31 0 84 147 222 38 28 0 0 120 169 0 0 33 0 85 41 0 0 11 0 0 0 0 10 14 12 
P7017 2084 1 17 0 0 0 5 0 0 0 0 0 0 0 4 0 0 0 40 54 0 0 32 48 0 0 59 0 68 65 42 61 0 
P7017 2084 2 13 8 0 0 0 13 19 42 0 32 0 0 0 17 0 0 11 0 0 0 0 9 0 18 27 56 63 0 -999 -999 -999 
P7017 2084 3 36 0 53 67 76 0 0 0 0 0 0 0 0 0 34 0 156 108 33 24 0 21 18 0 0 0 0 0 0 0 10 
P7017 2084 4 0 0 0 0 0 10 0 0 8 22 0 0 20 0 0 0 0 0 0 5 0 0 0 0 0 9 0 11 0 0 -999 
P7017 2084 5 0 0 0 20 0 0 0 0 0 0 0 0 0 0 0 0 0 0 0 0 0 0 0 0 0 0 0 0 0 0 0 
P7017 2084 6 0 0 0 0 0 0 0 0 0 0 0 28 0 0 0 0 0 9 0 0 0 0 0 0 0 8 0 0 23 0 -999 
P7017 2084 7 0 0 0 0 0 0 0 0 0 0 0 0 0 0 0 0 0 0 0 0 0 0 0 0 0 0 0 0 0 0 0 
P7017 2084 8 0 0 0 0 0 0 0 0 0 0 0 0 0 0 19 0 0 0 0 0 0 0 0 0 22 0 0 0 0 0 4 
P7017 2084 9 0 0 0 0 22 0 0 0 0 0 0 0 18 0 0 43 0 0 0 6 0 0 0 0 0 0 0 0 0 7 -999 
P7017 2084 10 0 0 0 35 0 5 0 0 0 0 0 0 0 0 0 0 0 0 11 0 0 16 0 8 0 25 0 74 158 160 79 
P7017 2084 11 39 0 103 0 33 31 0 96 0 0 0 0 0 10 16 16 21 0 24 15 0 0 0 0 0 0 21 66 32 0 -999 
P7017 2084 12 0 14 0 8 0 0 22 104 0 104 140 136 179 0 45 0 0 17 0 4 0 0 0 0 0 0 10 28 34 12 0 
P7017 2085 1 0 5 0 3 5 0 0 0 0 0 0 2 0 0 0 43 20 8 0 0 14 16 98 100 0 0 0 12 6 6 0 
P7017 2085 2 0 0 0 0 0 0 24 0 21 33 0 62 32 0 11 5 0 0 0 0 2 0 0 6 0 0 2 0 -999 -999 -999 
P7017 2085 3 0 6 0 0 0 0 0 0 49 62 0 96 97 50 73 50 0 0 0 0 12 19 0 0 28 20 0 0 24 0 0 
P7017 2085 4 5 0 0 5 0 0 0 0 0 0 28 81 0 70 98 0 40 35 24 0 0 0 0 0 0 6 6 8 0 0 -999 
P7017 2085 5 0 0 22 21 0 0 0 65 0 34 0 0 0 0 0 0 0 0 0 0 0 0 0 18 0 0 14 0 0 0 0 
P7017 2085 6 0 0 0 0 0 0 0 27 0 0 0 0 0 0 0 0 0 0 0 0 0 0 0 0 0 8 0 0 0 0 -999 
P7017 2085 7 0 0 0 0 0 0 0 0 0 0 0 0 0 0 0 0 11 0 0 8 0 0 0 0 0 0 0 0 0 10 0 
P7017 2085 8 0 0 0 0 0 0 0 0 0 0 0 0 0 0 0 0 0 0 0 0 13 0 0 0 0 0 0 0 0 0 0 
P7017 2085 9 0 9 0 0 0 22 22 12 0 28 0 0 0 0 0 0 0 6 0 0 0 0 0 0 0 0 0 0 0 12 -999 
P7017 2085 10 0 0 0 0 0 0 0 0 18 0 0 20 22 0 0 0 26 0 0 0 0 9 0 15 0 27 0 0 45 109 27 
P7017 2085 11 0 21 29 0 0 15 10 0 4 0 0 0 0 0 0 48 81 29 21 95 43 40 0 0 0 0 14 47 73 20 -999 
P7017 2085 12 117 77 0 0 69 106 0 0 0 0 0 0 39 0 24 0 23 0 14 17 0 36 25 0 0 3 0 0 8 0 0 
P7017 2086 1 0 0 19 25 0 19 0 0 0 0 0 0 32 66 0 0 0 106 0 0 0 0 0 0 62 28 20 0 0 28 0 
P7017 2086 2 0 0 96 0 0 45 0 55 0 0 0 0 0 0 0 16 23 0 0 0 0 0 2 0 0 0 0 0 -999 -999 -999 
P7017 2086 3 0 0 0 0 0 7 0 0 0 0 0 0 58 0 0 12 0 0 0 4 0 0 0 0 9 0 0 12 0 0 0 
P7017 2086 4 0 0 0 0 0 37 0 0 0 0 9 0 0 0 36 26 11 0 0 0 0 0 0 0 35 40 46 45 27 22 -999 
P7017 2086 5 34 0 0 65 42 0 35 0 0 0 8 0 0 0 0 0 0 0 0 0 9 0 0 0 29 0 10 0 0 0 0 
P7017 2086 6 0 0 0 0 0 0 0 0 0 0 0 0 0 0 0 21 0 0 0 0 0 0 0 0 0 0 0 0 0 0 -999 
P7017 2086 7 0 0 17 0 0 0 0 0 0 0 0 0 0 0 0 0 0 0 0 0 0 0 0 0 0 0 0 0 0 0 0 
P7017 2086 8 0 0 0 0 0 0 0 0 0 0 0 0 0 0 0 0 0 0 0 16 0 0 0 0 0 23 0 0 0 0 0 
P7017 2086 9 0 0 0 0 0 0 0 0 0 0 0 18 27 0 0 0 0 0 0 0 0 18 0 0 0 9 0 0 0 7 -999 
P7017 2086 10 0 0 0 29 0 0 14 0 26 0 0 0 14 11 0 0 0 0 0 0 4 10 0 22 44 38 0 0 0 93 0 
P7017 2086 11 0 32 48 15 53 22 0 0 0 0 17 0 0 0 0 0 0 0 43 0 0 0 2 0 12 0 0 28 45 14 -999 
P7017 2086 12 0 0 9 0 0 0 0 0 0 0 0 0 0 6 0 0 1 0 58 0 0 92 154 57 0 0 6 0 0 0 0 
P7017 2087 1 0 0 0 17 0 21 0 73 45 13 0 1 0 0 0 0 0 0 0 0 19 0 30 0 19 0 0 0 0 0 40 
P7017 2087 2 50 32 6 0 0 0 0 0 0 0 0 0 0 31 0 8 0 0 0 0 0 0 0 0 0 35 0 0 -999 -999 -999 
P7017 2087 3 0 91 72 28 0 0 0 40 45 75 75 88 0 0 0 0 0 0 18 0 0 38 41 48 0 0 0 0 0 0 0 
P7017 2087 4 0 0 0 10 0 0 0 3 0 19 0 0 0 0 35 50 0 0 0 0 0 79 57 52 82 40 22 9 0 0 -999 
P7017 2087 5 0 0 0 0 0 0 0 0 0 20 40 0 0 17 29 0 5 5 0 20 0 0 0 0 0 0 0 0 12 0 0 
P7017 2087 6 0 0 0 0 0 0 0 0 0 0 0 0 0 0 0 0 0 26 0 0 0 0 0 0 12 0 0 0 0 0 -999 
P7017 2087 7 12 0 0 0 0 0 0 0 0 0 0 0 0 0 0 0 0 0 0 0 0 0 0 0 0 0 0 0 0 0 0 
P7017 2087 8 0 0 0 0 0 0 0 0 0 0 0 0 0 0 0 0 0 0 0 0 0 0 0 0 0 0 0 0 0 0 0 
P7017 2087 9 0 0 0 0 0 0 0 0 0 0 0 0 17 10 0 14 0 0 0 0 0 0 17 0 0 0 0 0 0 0 -999 
P7017 2087 10 0 0 0 0 39 0 0 4 0 0 0 0 8 0 0 0 0 27 12 0 0 0 0 0 0 0 0 0 0 7 0 
P7017 2087 11 0 0 0 0 16 0 1 2 0 0 0 0 0 0 0 9 0 0 0 0 5 0 7 0 0 0 0 0 0 15 -999 
P7017 2087 12 0 0 0 0 0 0 9 50 0 13 6 7 0 7 0 0 0 12 12 3 10 26 150 73 0 117 51 0 80 0 50 
P7017 2088 1 35 28 73 12 11 38 0 0 0 0 0 0 0 0 0 4 5 0 0 0 0 6 0 0 0 0 0 0 0 0 0 
P7017 2088 2 0 0 11 13 18 30 67 0 160 0 0 0 0 3 0 0 0 0 0 0 0 25 19 18 22 22 0 0 -999 -999 -999 
P7017 2088 3 37 0 111 61 0 0 0 0 0 0 0 0 0 0 0 0 23 0 0 0 0 0 16 0 14 6 37 0 2 0 0 
P7017 2088 4 0 0 0 0 0 49 66 83 0 0 31 0 0 0 20 0 19 12 0 0 0 0 0 15 0 0 6 0 0 0 -999 
P7017 2088 5 0 0 26 47 0 31 0 29 0 17 16 0 0 0 0 27 20 0 0 0 0 0 6 0 0 0 0 0 0 0 0 
P7017 2088 6 0 0 0 0 0 0 0 11 0 0 0 0 0 0 0 0 0 0 0 0 0 0 0 0 0 0 0 0 0 0 -999 
P7017 2088 7 0 0 0 0 0 10 0 0 0 0 0 9 0 0 0 0 0 0 11 0 0 0 0 0 0 0 0 0 0 0 0 
P7017 2088 8 0 0 0 0 0 0 0 0 0 0 0 0 0 0 16 0 18 0 0 0 0 0 0 0 0 10 0 0 0 17 0 
P7017 2088 9 0 16 0 0 0 0 0 0 0 0 0 11 0 0 0 0 0 0 0 0 0 0 0 0 0 0 0 0 0 7 -999 
P7017 2088 10 0 0 0 16 0 0 0 0 19 0 0 0 0 0 0 0 0 0 0 0 0 38 60 67 88 131 158 60 0 13 24 
P7017 2088 11 28 0 0 13 0 0 0 9 0 0 57 35 0 23 43 0 23 153 29 7 0 0 0 0 0 0 0 41 108 35 -999 
P7017 2088 12 0 48 33 54 93 61 101 95 29 0 7 6 10 0 0 21 0 0 0 0 8 0 0 0 0 0 0 0 0 0 0 
P7017 2089 1 0 0 0 0 23 18 0 52 103 117 130 157 100 0 0 0 0 0 0 0 3 0 0 0 0 0 0 11 0 0 0 
P7017 2089 2 0 30 13 37 77 83 45 95 185 62 56 112 172 70 0 0 0 0 1 0 0 0 0 0 0 0 25 0 -999 -999 -999 
P7017 2089 3 32 0 58 0 18 0 0 18 0 0 0 0 22 0 65 75 53 17 0 13 0 0 11 45 124 49 0 33 23 55 157 
P7017 2089 4 157 154 46 0 3 7 0 0 23 0 0 0 0 0 0 14 0 0 20 19 0 31 31 0 0 69 58 0 16 25 -999 
P7017 2089 5 0 0 0 15 7 0 0 0 0 0 0 0 0 0 0 0 0 0 13 26 0 0 0 0 0 0 0 0 0 0 9 
P7017 2089 6 11 0 0 0 0 0 0 0 0 0 0 12 0 0 0 0 0 0 0 0 6 0 0 0 0 0 0 0 0 0 -999 
P7017 2089 7 0 0 0 0 0 0 0 0 0 0 0 2 0 0 0 0 11 0 0 0 0 0 0 0 0 0 0 37 0 0 0 
P7017 2089 8 0 0 0 0 0 0 0 0 0 10 0 0 0 0 0 0 0 0 0 0 0 0 0 0 0 0 0 0 6 0 0 
P7017 2089 9 0 0 0 0 0 0 0 7 0 0 0 7 0 0 0 0 0 0 0 0 0 0 0 7 0 0 0 0 0 0 -999 
P7017 2089 10 0 0 0 0 9 0 0 0 7 0 0 0 0 13 0 0 0 5 0 0 0 0 0 0 22 0 0 6 0 0 20 
P7017 2089 11 0 0 0 30 11 0 0 13 0 17 0 0 0 0 8 0 0 0 0 16 0 16 0 79 130 83 37 0 0 135 -999 
P7017 2089 12 210 0 30 39 40 40 40 96 70 71 29 5 0 0 0 0 0 0 0 17 0 0 0 2 0 0 0 0 0 0 0 
P7017 2090 1 0 0 11 0 6 0 0 13 43 0 22 0 100 90 79 25 0 0 0 30 0 0 0 0 0 0 18 23 0 0 0 
P7017 2090 2 0 3 0 22 0 0 36 0 23 0 52 68 0 36 0 19 41 0 14 9 0 16 0 25 58 0 105 88 -999 -999 -999 
P7017 2090 3 168 58 0 0 0 0 0 0 0 6 17 51 84 83 60 0 9 24 65 53 0 40 16 10 14 15 0 5 0 0 32 
P7017 2090 4 30 0 0 0 0 0 29 0 0 0 0 0 0 0 77 51 0 0 3 0 0 0 0 0 0 25 0 0 0 0 -999 
P7017 2090 5 0 38 36 0 0 0 0 0 0 0 0 0 0 0 0 23 0 0 14 0 0 0 0 0 0 0 0 33 60 67 0 
P7017 2090 6 41 0 0 0 0 0 0 0 0 0 0 0 10 0 0 0 0 7 0 0 0 0 0 0 0 0 0 0 0 0 -999 
P7017 2090 7 0 0 0 0 0 0 0 0 0 0 0 0 0 0 39 0 0 0 0 0 0 0 0 0 0 0 0 0 0 0 0 
P7017 2090 8 0 0 0 0 0 0 0 0 0 0 0 0 0 0 0 0 0 0 0 0 0 0 0 0 0 0 0 0 0 0 0 
P7017 2090 9 0 0 0 6 0 0 0 0 0 0 0 0 0 0 0 0 0 0 0 0 0 0 0 0 0 0 0 0 0 0 -999 
P7017 2090 10 0 16 18 47 0 56 32 0 0 36 44 0 0 0 46 37 0 0 22 12 0 0 0 41 0 22 0 0 83 38 0 
P7017 2090 11 8 0 20 0 0 21 0 0 0 35 0 0 0 57 56 0 0 34 0 0 0 0 20 32 42 44 0 0 9 0 -999 
P7017 2090 12 40 0 137 56 0 41 0 0 13 17 0 0 0 0 0 16 15 0 0 0 0 2 6 0 0 24 15 0 0 0 0 
P7017 2091 1 0 0 0 0 7 0 27 33 9 10 0 26 74 0 0 0 0 29 47 0 0 0 0 0 0 9 0 0 0 0 0 
P7017 2091 2 29 0 0 0 0 9 0 0 0 11 14 0 0 0 4 10 6 0 100 125 84 72 0 0 35 0 0 32 -999 -999 -999 
P7017 2091 3 0 0 12 31 0 131 50 0 0 0 0 0 9 0 0 44 12 24 0 15 0 0 0 0 0 0 0 0 0 4 0 
P7017 2091 4 0 0 0 1 0 0 13 0 0 0 0 0 0 20 0 0 0 38 0 0 0 0 0 0 0 0 0 0 0 14 -999 
P7017 2091 5 0 27 0 0 0 0 0 0 0 0 0 0 0 0 0 0 0 0 4 0 0 0 11 25 0 0 0 0 0 0 0 
P7017 2091 6 0 24 0 15 0 13 0 0 0 12 0 0 0 27 0 0 0 0 0 0 0 0 0 0 0 0 0 0 0 0 -999 
P7017 2091 7 0 0 0 0 0 0 0 0 0 0 0 0 0 0 0 0 0 0 0 0 0 0 0 0 0 0 0 0 5 0 0 
P7017 2091 8 0 0 0 0 0 11 0 0 0 0 0 0 0 0 0 0 24 0 0 0 0 0 0 0 0 5 5 0 0 6 0 
P7017 2091 9 0 0 0 5 0 0 0 0 0 0 0 0 0 0 0 0 0 0 29 0 0 0 0 0 0 0 0 0 0 0 -999 
P7017 2091 10 0 0 0 0 0 0 18 0 0 0 50 52 0 14 18 0 44 17 9 12 0 0 0 0 0 56 68 101 126 100 81 
P7017 2091 11 58 29 15 0 0 0 5 9 0 0 0 0 15 25 0 30 27 26 21 15 0 21 64 36 15 22 86 28 0 23 -999 
P7017 2091 12 0 63 0 0 0 37 0 0 0 0 0 0 0 0 0 0 16 0 0 0 0 0 25 0 40 0 0 0 0 0 0 
P7017 2092 1 0 0 0 0 9 0 0 0 0 0 8 17 11 18 37 41 97 85 122 171 97 39 18 86 44 0 112 69 102 107 54 
P7017 2092 2 0 102 64 8 38 155 86 0 0 128 63 39 29 73 45 0 50 71 0 55 32 0 71 26 18 0 0 45 -999 -999 -999 
P7017 2092 3 0 0 0 0 0 0 0 77 25 0 0 0 27 30 70 99 0 35 32 0 0 91 131 257 0 80 27 62 73 0 0 
P7017 2092 4 27 0 70 0 46 0 0 0 7 0 0 0 0 0 0 7 0 0 0 0 0 0 0 0 0 0 36 0 0 0 -999 
P7017 2092 5 23 0 0 0 0 0 0 0 20 8 6 0 0 0 0 0 0 30 12 0 0 0 6 0 0 3 0 0 0 0 0 
P7017 2092 6 0 0 0 20 0 0 0 0 0 0 0 0 0 19 0 25 0 0 0 6 0 0 0 0 0 0 0 0 0 0 -999 
P7017 2092 7 0 0 0 0 0 0 0 0 0 0 0 0 0 0 0 0 0 0 0 0 0 0 0 0 0 11 0 17 0 0 0 
P7017 2092 8 0 0 0 0 0 0 0 0 0 0 0 0 0 0 0 0 0 0 0 0 0 0 0 0 0 0 0 0 0 12 20 
P7017 2092 9 0 0 0 0 0 0 0 0 0 0 0 0 0 0 0 0 0 0 0 0 0 0 0 0 0 0 0 0 0 0 -999 
P7017 2092 10 0 0 0 16 22 0 0 0 0 0 0 0 0 14 0 0 9 0 0 0 0 0 0 14 0 8 12 7 0 0 0 
P7017 2092 11 0 0 36 45 0 0 9 0 0 14 0 60 191 157 107 0 0 16 0 0 36 22 0 115 64 42 0 0 0 0 -999 
P7017 2092 12 0 31 40 7 0 0 0 22 73 84 33 12 7 0 0 0 36 30 0 0 209 123 109 70 0 93 28 75 133 73 0 
P7017 2093 1 59 103 94 0 0 31 38 0 0 0 87 0 41 0 112 79 0 50 35 0 0 0 0 0 37 0 0 34 135 107 125 
P7017 2093 2 112 60 0 0 0 0 0 0 0 0 0 0 13 27 0 40 37 0 53 88 65 37 0 11 9 25 39 35 -999 -999 -999 
P7017 2093 3 0 0 0 0 0 20 10 0 0 56 96 0 19 0 5 0 0 0 0 0 0 0 0 0 0 52 52 55 15 0 0 
P7017 2093 4 29 0 33 28 0 44 0 11 0 37 0 0 0 0 0 56 0 28 29 0 47 0 8 0 38 0 47 0 0 0 -999 
P7017 2093 5 0 0 59 53 0 0 0 8 0 0 0 0 0 0 0 0 0 12 0 0 0 0 0 12 21 16 0 0 0 0 0 
P7017 2093 6 0 5 0 0 0 0 0 0 0 38 0 0 0 0 10 0 0 0 0 19 0 0 0 0 8 0 0 0 0 0 -999 
P7017 2093 7 10 0 0 0 0 0 16 0 0 0 0 0 0 0 0 0 0 0 0 0 0 0 0 0 0 0 0 0 0 0 0 
P7017 2093 8 0 4 0 0 0 0 0 0 0 0 0 0 0 0 0 0 0 9 0 0 0 0 0 0 0 0 0 0 0 0 0 
P7017 2093 9 0 0 0 0 0 0 0 0 2 0 8 0 0 0 0 0 0 0 0 0 0 0 0 0 0 0 0 0 25 47 -999 
P7017 2093 10 0 0 0 0 0 0 0 0 0 8 6 30 67 0 49 0 100 54 0 0 0 0 0 0 0 0 0 4 0 0 29 
P7017 2093 11 58 38 0 0 0 0 4 0 0 0 0 0 0 7 0 0 0 12 0 0 0 15 0 0 0 0 0 0 0 0 -999 
P7017 2093 12 0 0 0 2 1 1 0 0 0 0 0 0 16 0 0 5 0 0 0 0 0 0 0 0 0 0 0 0 0 5 0 
P7017 2094 1 0 0 19 16 0 12 13 20 23 0 0 0 0 0 0 0 57 137 120 85 67 130 163 160 127 76 63 137 0 139 28 
P7017 2094 2 0 31 73 118 0 11 0 0 13 0 0 0 0 0 0 4 0 0 0 0 0 0 0 0 0 0 0 0 -999 -999 -999 
P7017 2094 3 0 0 0 0 0 0 0 0 0 0 2 0 0 1 0 0 0 0 14 34 39 0 24 0 0 0 0 0 0 93 67 
P7017 2094 4 159 147 89 17 21 0 88 83 21 22 0 0 0 0 0 0 0 0 0 0 0 0 0 0 0 28 26 16 0 0 -999 
P7017 2094 5 0 0 0 0 9 0 0 0 0 0 0 12 0 0 0 0 0 0 0 0 0 0 0 0 10 0 0 0 0 0 0 
P7017 2094 6 0 0 0 0 0 0 0 0 0 0 0 17 0 0 0 0 0 0 0 0 0 0 0 0 0 0 0 0 0 9 -999 
P7017 2094 7 0 0 0 0 0 0 0 0 0 0 0 0 0 0 0 0 0 0 0 0 0 0 0 0 0 0 0 0 0 0 0 
P7017 2094 8 0 0 0 0 0 0 0 0 0 0 0 0 0 0 0 0 0 0 0 0 0 0 19 0 0 0 0 0 0 0 0 
P7017 2094 9 0 0 21 0 0 0 0 0 0 0 0 0 0 0 0 0 0 0 0 0 10 0 0 0 0 0 0 14 0 8 -999 
P7017 2094 10 8 9 0 0 0 0 0 0 0 0 0 0 0 0 19 17 0 0 42 0 0 0 60 0 0 0 60 0 0 0 5 
P7017 2094 11 14 0 0 0 0 0 0 0 0 0 34 0 0 122 0 0 0 50 35 59 0 36 0 63 41 35 0 0 0 19 -999 
P7017 2094 12 0 0 0 0 0 0 0 0 0 0 17 0 0 0 12 0 11 0 49 0 0 0 6 0 0 0 0 0 0 0 28 
P7017 2095 1 87 53 116 138 87 32 0 118 93 35 61 31 0 16 50 0 0 0 0 0 13 0 26 41 102 127 85 91 30 0 26 
P7017 2095 2 0 0 20 17 16 0 0 22 0 0 20 0 0 1 0 10 0 0 0 0 0 5 0 0 0 0 0 0 -999 -999 -999 
P7017 2095 3 3 0 0 0 0 0 15 0 0 0 0 0 7 12 11 0 0 0 0 0 15 0 0 6 10 0 24 44 65 41 30 
P7017 2095 4 39 65 80 0 12 0 0 0 0 20 0 31 0 24 30 0 28 57 39 0 0 0 0 55 0 0 0 0 0 0 -999 
P7017 2095 5 6 0 0 0 0 0 0 0 0 0 0 0 9 0 0 0 0 0 0 0 0 0 0 0 0 0 0 0 0 0 0 
P7017 2095 6 0 0 0 0 0 0 0 42 28 0 0 0 16 0 0 0 0 24 0 0 47 18 0 0 0 0 0 0 0 25 -999 
P7017 2095 7 0 0 0 0 0 0 0 0 0 0 0 0 0 0 0 0 0 0 0 0 0 0 0 0 0 0 0 0 0 0 0 
P7017 2095 8 0 0 0 0 18 0 0 0 0 0 0 0 0 0 0 0 0 0 0 0 0 0 0 14 0 0 0 0 0 0 0 
P7017 2095 9 0 0 0 0 0 0 0 0 0 0 0 0 0 19 0 0 0 0 0 0 0 7 16 0 0 0 3 0 0 0 -999 
P7017 2095 10 7 0 0 0 0 0 23 0 0 23 0 0 0 0 0 35 81 0 0 0 15 12 0 0 2 0 0 0 0 0 0 
P7017 2095 11 0 0 0 0 0 0 0 48 0 21 0 33 25 0 16 24 48 10 0 27 0 90 73 59 33 0 0 0 0 0 -999 
P7017 2095 12 0 0 0 7 12 8 33 118 83 0 0 4 0 0 65 0 15 0 21 78 0 0 17 51 181 205 103 37 0 0 45 
P7017 2096 1 0 5 12 0 83 34 0 91 122 96 46 0 11 0 0 0 3 7 5 0 0 0 0 0 0 0 0 11 5 0 8 
P7017 2096 2 22 31 40 0 0 0 0 0 0 6 0 7 0 50 106 36 7 0 1 0 0 0 0 2 0 20 13 0 -999 -999 -999 
P7017 2096 3 0 0 19 9 0 7 0 0 0 8 0 8 0 3 0 0 0 0 0 26 49 108 129 22 10 0 0 68 53 25 0 
P7017 2096 4 7 3 0 0 0 7 0 0 0 0 0 0 0 0 0 0 20 14 0 21 0 0 14 0 0 0 0 14 0 0 -999 
P7017 2096 5 0 44 29 0 0 0 0 0 0 0 0 0 0 0 0 10 0 0 0 0 0 8 0 0 0 0 0 16 0 9 13 
P7017 2096 6 0 0 0 0 0 0 24 0 14 0 0 0 0 0 0 0 0 0 0 9 0 0 0 0 0 0 0 0 0 0 -999 
P7017 2096 7 0 0 22 0 0 0 0 0 0 0 0 0 0 0 0 0 0 0 0 0 0 0 0 0 0 0 0 0 0 0 0 
P7017 2096 8 0 0 0 0 0 0 0 0 0 0 0 0 0 0 0 0 0 0 0 0 0 0 0 0 0 0 0 0 0 0 0 
P7017 2096 9 0 0 0 0 7 0 0 0 0 0 0 0 0 0 0 10 0 0 0 22 0 0 17 0 0 0 0 3 0 0 -999 
P7017 2096 10 31 62 0 0 0 0 0 0 9 0 0 0 0 0 0 9 0 0 50 0 13 53 25 0 0 0 10 0 0 0 0 
P7017 2096 11 0 8 0 0 0 0 7 3 0 0 0 0 0 0 0 0 0 0 0 7 4 0 0 17 0 0 1 0 0 0 -999 
P7017 2096 12 0 0 0 0 0 0 0 4 0 0 0 43 18 41 40 0 41 41 1 3 0 0 41 0 14 0 8 0 0 0 0 
P7017 2097 1 0 0 14 0 0 0 0 0 0 0 12 14 4 0 0 0 0 0 0 0 0 0 1 0 68 55 40 10 15 0 0 
P7017 2097 2 0 24 18 27 34 0 0 0 0 0 0 0 0 0 32 9 0 13 0 0 0 2 0 0 18 50 0 0 -999 -999 -999 
P7017 2097 3 23 73 72 19 11 0 0 0 34 8 0 0 0 0 0 0 0 0 6 0 0 0 27 0 33 0 0 0 36 3 0 
P7017 2097 4 0 0 0 0 0 0 0 52 0 0 33 0 64 0 0 0 0 10 3 0 11 7 0 53 0 0 0 0 0 0 -999 
P7017 2097 5 0 0 0 0 0 0 0 23 0 0 0 0 0 0 21 19 0 0 40 65 0 0 0 21 0 0 0 0 0 0 0 
P7017 2097 6 0 0 0 0 0 0 0 0 0 0 0 0 0 0 0 0 0 0 0 18 0 13 0 0 0 0 0 0 0 0 -999 
P7017 2097 7 0 0 0 0 0 0 0 0 0 0 0 0 0 0 0 0 0 0 0 0 0 0 0 0 0 0 0 0 0 0 0 
P7017 2097 8 0 0 0 0 0 0 0 0 0 0 0 0 0 0 0 0 0 0 0 0 0 0 0 0 0 0 0 0 11 0 0 
P7017 2097 9 0 0 0 0 0 19 0 0 0 0 0 0 5 0 11 0 0 0 9 10 0 0 0 19 0 0 0 0 0 0 -999 
P7017 2097 10 0 0 0 0 0 0 0 4 19 10 0 7 0 0 0 0 71 70 0 11 0 0 13 0 3 0 0 0 0 7 10 
P7017 2097 11 0 0 0 0 8 4 0 0 0 6 8 9 8 6 0 13 6 3 3 2 0 0 0 0 0 0 0 0 34 0 -999 
P7017 2097 12 0 9 0 4 0 0 0 0 0 0 0 0 0 0 0 0 0 13 0 0 0 0 0 0 0 0 0 0 0 40 55 
P7017 2098 1 71 0 22 52 127 48 13 0 0 0 0 0 0 16 0 0 0 0 0 92 56 57 0 45 0 0 0 0 0 0 0 
P7017 2098 2 14 12 0 0 0 0 0 33 45 64 0 0 40 14 0 16 0 0 31 0 25 0 41 0 13 0 0 0 -999 -999 -999 
P7017 2098 3 0 0 13 7 15 46 0 0 0 0 0 0 0 0 14 0 0 10 0 5 0 0 0 4 11 0 63 0 0 10 0 
P7017 2098 4 0 0 0 43 25 44 0 0 0 0 0 14 0 0 0 0 0 3 0 0 0 50 0 0 0 0 3 0 0 0 -999 
P7017 2098 5 0 0 0 0 0 0 44 57 57 82 80 53 0 14 0 26 26 0 0 28 29 24 0 0 41 0 10 0 0 0 5 
P7017 2098 6 0 0 0 0 0 0 0 38 18 13 14 0 0 0 0 0 0 0 0 3 0 0 0 0 0 0 0 0 0 0 -999 
P7017 2098 7 0 0 0 0 0 0 0 0 0 0 0 0 0 0 0 0 0 0 0 0 0 0 0 0 0 0 0 0 0 0 0 
P7017 2098 8 0 0 0 0 0 0 0 0 0 0 0 0 0 0 0 3 6 0 0 0 0 0 0 0 0 0 0 0 0 0 0 
P7017 2098 9 0 0 0 0 0 0 0 0 13 0 0 0 0 0 0 0 0 0 0 0 0 0 0 0 0 0 0 9 0 0 -999 
P7017 2098 10 7 0 0 0 0 0 0 0 0 0 0 0 0 0 0 0 0 58 18 0 0 0 0 0 29 65 76 32 0 0 38 
P7017 2098 11 0 0 0 7 6 0 0 12 0 0 14 33 78 0 37 36 0 47 100 0 32 0 33 21 0 0 0 0 0 0 -999 
P7017 2098 12 0 0 0 0 0 0 0 0 0 0 0 0 0 0 11 0 0 0 33 65 44 49 0 0 54 0 14 0 47 19 10 
P7017 2099 1 10 0 0 0 0 0 0 0 0 52 61 38 28 0 4 0 57 24 0 34 53 71 147 0 0 32 0 0 0 0 0 
P7017 2099 2 10 0 0 56 0 0 0 0 0 0 0 0 0 0 0 0 0 0 0 0 0 0 45 115 0 0 0 36 -999 -999 -999 
P7017 2099 3 92 121 134 135 0 16 15 19 0 17 0 10 0 0 41 36 40 122 149 139 0 14 30 0 0 9 17 9 0 20 0 
P7017 2099 4 0 15 12 0 0 0 17 0 0 2 0 0 0 0 0 0 0 5 0 0 16 23 0 41 0 0 52 0 38 0 -999 
P7017 2099 5 57 0 0 0 0 0 0 0 0 21 4 0 0 0 0 0 0 0 10 0 0 0 0 55 0 18 0 20 0 0 8 
P7017 2099 6 0 0 0 0 0 0 0 0 0 0 0 0 0 0 0 0 22 0 0 0 13 0 0 0 0 0 0 0 0 0 -999 
P7017 2099 7 0 0 0 0 0 0 0 0 0 0 16 0 0 0 0 0 0 0 0 11 0 0 0 0 0 0 0 0 0 0 0 
P7017 2099 8 0 0 0 0 0 0 16 0 25 0 0 0 0 0 0 0 0 0 0 0 0 0 0 0 0 0 0 0 0 0 0 
P7017 2099 9 0 0 0 0 0 0 0 0 0 0 0 0 0 0 9 0 0 0 0 9 0 17 0 9 12 0 0 0 0 0 -999 
P7017 2099 10 0 0 0 0 0 0 0 0 37 0 0 73 37 0 10 0 7 0 0 0 9 0 0 12 0 48 33 24 18 0 0 
P7017 2099 11 13 0 30 0 8 0 0 11 0 0 0 0 23 29 0 50 0 4 0 5 8 14 0 37 19 24 38 51 39 0 -999 
P7017 2099 12 0 0 9 0 14 58 0 27 17 12 0 0 0 0 0 7 0 0 0 21 0 0 35 51 151 218 248 205 121 0 0 
P7017 2100 1 47 0 0 23 64 0 0 35 23 28 115 190 0 50 0 30 0 0 0 6 0 0 0 0 0 0 0 0 0 0 0 
P7017 2100 2 0 101 99 0 0 0 20 14 46 97 51 0 8 11 0 0 0 0 37 0 7 0 0 0 0 0 0 0 -999 -999 -999 
P7017 2100 3 0 0 67 42 22 0 19 18 0 33 32 0 51 0 0 7 7 0 0 0 36 52 41 0 14 29 0 0 0 0 38 
P7017 2100 4 48 41 37 0 0 0 0 0 11 39 73 124 54 49 39 37 0 28 0 0 0 0 0 0 0 0 0 0 22 29 -999 
P7017 2100 5 9 0 0 0 8 20 0 0 12 0 6 11 0 0 8 0 0 37 0 30 23 0 0 48 74 27 0 10 15 0 0 
P7017 2100 6 0 0 0 0 0 0 0 0 0 0 0 0 0 0 0 0 0 0 0 0 0 0 0 0 0 0 0 0 0 0 -999 
P7017 2100 7 0 0 0 0 0 0 0 0 0 0 0 0 0 0 0 0 0 0 0 0 0 0 0 21 21 0 0 0 0 0 0 
P7017 2100 8 0 0 0 0 0 0 0 0 0 9 0 0 0 0 0 0 0 0 0 0 0 0 0 0 0 0 0 0 0 0 0 
P7017 2100 9 0 0 4 0 0 0 0 0 0 0 0 0 0 0 0 0 0 0 0 0 0 0 0 0 0 0 17 0 14 20 -999 
P7017 2100 10 0 0 0 10 0 0 0 32 23 27 0 0 41 48 23 0 0 23 22 0 24 0 0 10 0 0 0 14 46 0 0 
P7017 2100 11 0 0 46 43 39 86 0 0 111 93 17 67 0 92 140 95 71 79 68 59 29 42 64 95 32 0 0 8 0 3 -999 
P7017 2100 12 0 14 0 15 27 0 1 0 0 0 0 0 0 0 2 0 1 1 0 0 2 7 0 0 0 0 0 0 0 0 0 
