precip	MIROC5	RCP60	REGRESION	decimas	1
P6018	39.147	-5.227	182	geo	2006	2100	-1
P6018 2006 1 0 0 0 11 12 24 0 0 0 0 0 129 189 36 76 135 105 93 62 15 7 22 28 11 0 0 24 0 0 41 0 
P6018 2006 2 0 89 35 0 0 0 0 0 0 0 8 34 50 52 32 15 18 11 33 35 0 10 10 0 0 0 0 0 -999 -999 -999 
P6018 2006 3 0 72 106 131 99 114 102 95 53 61 0 0 26 30 40 85 167 151 102 51 66 55 54 37 42 48 45 0 81 54 70 
P6018 2006 4 23 0 39 0 0 0 0 34 0 0 0 0 0 0 9 0 22 0 0 0 0 0 9 0 0 0 50 38 22 0 -999 
P6018 2006 5 0 32 28 45 43 69 24 13 0 0 0 0 0 0 0 0 0 0 23 0 0 0 0 0 0 0 0 21 0 17 0 
P6018 2006 6 0 0 0 0 9 0 0 0 0 0 0 0 18 0 8 0 0 0 0 12 0 0 0 0 0 0 0 0 0 0 -999 
P6018 2006 7 0 0 0 0 0 20 0 0 0 0 0 0 0 0 0 0 0 0 0 0 0 0 0 0 0 0 0 0 0 0 0 
P6018 2006 8 0 0 0 0 0 0 0 0 0 0 0 0 0 0 0 0 0 0 0 0 0 0 0 0 0 0 0 0 0 0 0 
P6018 2006 9 0 0 20 0 28 0 6 10 0 0 0 0 0 0 12 0 0 0 0 0 0 0 0 0 0 6 0 0 0 0 -999 
P6018 2006 10 1 0 0 0 0 0 0 10 18 0 22 23 0 27 22 15 0 0 0 0 0 0 0 14 0 22 0 30 17 0 0 
P6018 2006 11 24 0 0 0 13 18 0 47 19 8 0 0 0 0 0 0 0 0 0 17 25 14 29 0 0 0 0 0 0 0 -999 
P6018 2006 12 0 0 0 5 6 0 0 99 83 0 0 29 35 0 92 139 17 0 0 0 25 65 138 49 62 0 50 0 54 44 0 
P6018 2007 1 27 0 0 0 0 0 0 0 0 0 4 0 0 0 6 0 0 0 6 0 0 6 0 7 11 9 8 18 14 19 0 
P6018 2007 2 0 0 19 13 0 8 32 99 194 138 23 0 9 11 0 8 0 0 29 29 0 0 51 0 43 48 0 34 -999 -999 -999 
P6018 2007 3 0 0 23 69 80 0 0 14 0 0 22 34 35 70 31 0 29 24 18 0 0 24 0 0 0 7 0 0 0 0 0 
P6018 2007 4 0 0 0 0 0 0 0 0 0 7 0 49 64 14 11 23 0 58 65 41 36 14 29 39 12 9 0 0 0 0 -999 
P6018 2007 5 0 0 0 0 70 21 14 11 20 0 0 25 25 0 0 0 0 0 0 0 0 0 0 0 0 0 0 0 0 0 0 
P6018 2007 6 0 12 0 15 0 0 0 0 0 0 0 17 29 0 0 5 0 0 0 0 0 0 0 0 0 0 0 19 24 21 -999 
P6018 2007 7 18 20 0 23 0 0 0 0 21 22 0 0 16 0 0 0 0 0 0 0 0 0 0 0 0 0 17 0 0 0 0 
P6018 2007 8 0 0 0 0 0 0 0 0 0 0 0 0 0 0 0 0 0 0 0 0 0 0 0 0 0 18 0 21 0 0 3 
P6018 2007 9 0 0 0 0 0 6 0 5 0 0 0 0 0 0 0 0 0 6 0 0 0 0 0 0 0 17 0 0 0 0 -999 
P6018 2007 10 0 0 0 0 0 0 0 0 0 0 18 22 57 57 0 0 0 78 17 0 27 55 59 56 0 0 0 16 0 0 0 
P6018 2007 11 5 0 0 0 0 0 0 0 0 0 49 48 0 31 0 0 0 0 0 4 0 0 0 0 0 0 0 0 0 0 -999 
P6018 2007 12 7 0 0 17 10 0 18 14 0 0 0 0 0 0 0 0 34 0 0 0 0 12 18 0 25 0 0 0 0 0 0 
P6018 2008 1 0 0 19 41 0 0 0 0 0 0 0 0 0 0 30 24 0 0 26 32 87 91 36 0 0 132 153 77 63 75 113 
P6018 2008 2 188 62 131 52 50 76 0 100 0 38 68 0 0 24 58 0 0 77 41 44 0 13 15 0 27 34 35 0 -999 -999 -999 
P6018 2008 3 3 4 11 0 0 0 0 0 0 0 0 0 0 11 0 0 0 0 0 0 0 0 0 0 0 0 0 0 0 0 0 
P6018 2008 4 0 0 14 0 0 0 0 0 0 0 0 0 0 0 68 60 42 20 0 9 8 0 0 0 0 0 0 0 0 0 -999 
P6018 2008 5 0 0 0 0 0 0 3 0 0 28 54 30 27 39 22 18 0 0 29 0 29 0 58 16 7 0 7 0 0 21 0 
P6018 2008 6 0 0 13 0 0 26 0 0 0 0 0 0 0 0 0 0 0 0 0 0 0 0 0 0 0 0 0 0 15 0 -999 
P6018 2008 7 0 0 0 0 0 0 0 0 27 0 0 0 0 0 0 0 0 0 0 0 0 0 0 17 0 0 0 0 0 0 0 
P6018 2008 8 0 0 0 0 0 11 0 0 14 0 0 9 0 0 0 0 0 0 0 0 0 0 0 0 0 0 0 0 0 0 0 
P6018 2008 9 0 0 0 0 0 0 0 0 0 0 0 0 0 0 0 0 0 0 19 0 0 0 0 0 25 19 0 0 0 27 -999 
P6018 2008 10 27 0 10 0 0 0 17 0 0 0 39 38 39 0 0 0 3 0 0 0 0 18 0 0 0 43 43 0 0 0 16 
P6018 2008 11 17 3 25 0 0 0 0 0 0 0 24 0 0 0 0 0 25 49 16 8 0 0 0 0 0 0 0 0 0 0 -999 
P6018 2008 12 0 0 0 0 0 3 0 0 0 28 0 7 10 0 5 0 0 0 0 5 0 0 0 15 37 37 28 24 0 2 0 
P6018 2009 1 0 0 0 0 0 0 0 0 0 5 0 13 0 15 0 0 0 0 3 0 0 0 0 0 0 0 0 0 5 0 0 
P6018 2009 2 0 0 7 13 6 0 0 0 0 0 0 0 0 3 3 0 0 0 0 3 1 0 0 0 0 6 0 17 -999 -999 -999 
P6018 2009 3 43 45 55 29 0 0 15 64 48 0 0 15 9 0 0 0 93 76 51 35 0 0 0 31 32 91 64 97 94 65 0 
P6018 2009 4 25 0 13 17 0 37 6 0 7 7 0 22 25 0 0 6 0 0 12 0 0 0 0 0 0 0 12 0 50 69 -999 
P6018 2009 5 0 44 31 0 27 33 21 0 26 0 23 0 0 0 0 0 0 0 0 0 0 23 0 18 0 0 0 0 0 0 0 
P6018 2009 6 0 0 8 12 16 17 21 11 0 14 0 0 0 0 0 0 0 0 0 0 0 0 0 0 17 0 0 0 0 0 -999 
P6018 2009 7 0 0 0 0 0 0 0 0 0 0 0 0 0 0 0 0 0 0 0 0 0 0 0 0 9 0 0 0 0 0 0 
P6018 2009 8 0 0 0 0 0 0 0 0 0 0 0 0 0 0 0 0 0 0 0 0 0 0 0 0 0 0 0 0 21 0 0 
P6018 2009 9 34 0 0 0 0 0 0 0 0 0 0 0 0 0 0 0 12 0 0 0 0 0 0 16 0 0 0 0 0 0 -999 
P6018 2009 10 0 0 0 0 0 0 0 0 9 0 16 0 16 16 0 26 0 20 14 13 18 8 25 59 14 0 0 0 0 0 0 
P6018 2009 11 0 0 0 0 0 0 14 0 7 0 0 0 11 12 0 19 26 0 20 0 12 29 0 55 8 0 0 0 27 40 -999 
P6018 2009 12 24 37 67 28 78 51 56 0 24 73 36 0 29 15 0 0 23 63 0 19 0 0 22 26 43 58 73 75 30 0 0 
P6018 2010 1 0 0 49 99 66 19 13 0 0 0 0 11 24 0 16 16 0 19 0 0 27 0 0 0 0 0 0 0 0 22 0 
P6018 2010 2 0 0 0 0 0 18 7 0 0 0 0 0 0 0 1 0 0 0 0 0 0 3 0 7 0 5 0 0 -999 -999 -999 
P6018 2010 3 0 0 0 0 0 0 0 0 69 65 32 0 9 0 0 0 0 35 73 25 0 0 1 0 0 0 0 0 0 0 0 
P6018 2010 4 20 0 52 0 0 0 0 36 47 38 0 0 17 19 74 0 0 0 0 31 22 0 0 17 28 0 0 9 24 17 -999 
P6018 2010 5 0 0 23 0 22 10 0 0 0 11 0 0 0 0 0 29 16 23 0 0 0 12 0 0 24 51 39 0 19 0 0 
P6018 2010 6 12 24 0 0 13 8 0 0 0 0 0 0 17 0 0 0 0 0 0 0 7 0 0 8 0 0 0 0 0 0 -999 
P6018 2010 7 27 0 0 0 0 0 0 0 0 0 13 0 0 0 0 0 0 0 0 0 0 0 0 0 0 0 0 0 0 0 0 
P6018 2010 8 0 0 0 0 11 0 15 0 0 0 13 0 0 0 0 0 0 0 0 0 0 0 0 0 30 0 0 0 0 0 0 
P6018 2010 9 9 0 0 0 5 7 0 0 0 0 11 24 0 10 17 4 0 20 0 0 0 0 0 11 0 0 0 0 0 0 -999 
P6018 2010 10 0 0 0 0 0 0 19 0 0 0 61 40 63 40 23 0 0 8 0 14 0 0 0 4 0 10 0 0 19 0 0 
P6018 2010 11 0 0 0 0 0 0 0 0 0 0 0 0 0 0 0 0 0 0 9 8 17 9 0 0 10 0 0 0 0 0 -999 
P6018 2010 12 0 0 3 0 0 0 15 9 15 11 0 32 46 26 0 0 12 7 0 0 0 0 0 0 0 0 0 0 0 0 0 
P6018 2011 1 0 0 0 17 31 0 0 0 0 11 0 0 0 0 0 0 0 3 0 0 7 0 42 14 24 12 0 4 0 2 0 
P6018 2011 2 0 0 0 38 0 46 0 0 0 0 0 25 0 9 15 0 0 12 0 13 0 43 27 0 0 0 22 48 -999 -999 -999 
P6018 2011 3 62 39 0 0 11 8 0 5 0 11 0 32 18 0 0 108 87 35 22 36 25 39 84 199 60 19 0 86 0 0 0 
P6018 2011 4 0 28 0 0 13 0 0 0 20 0 0 0 0 0 0 16 34 0 21 25 26 0 0 9 0 0 0 0 0 0 -999 
P6018 2011 5 0 14 0 0 0 0 0 0 0 0 0 0 0 0 0 0 0 0 0 0 34 0 0 0 0 0 0 20 17 16 0 
P6018 2011 6 13 0 0 0 0 0 0 0 0 0 0 0 0 0 0 0 0 0 0 0 0 0 0 0 12 0 19 16 0 0 -999 
P6018 2011 7 0 0 0 0 0 0 0 0 0 0 0 0 0 0 9 0 0 0 0 0 27 0 0 0 0 0 0 0 0 0 0 
P6018 2011 8 0 0 0 0 0 0 0 0 0 0 0 0 0 0 0 0 0 0 0 0 0 0 0 0 0 5 0 0 0 0 0 
P6018 2011 9 10 0 0 0 11 0 0 0 0 45 0 0 0 0 0 3 0 0 0 0 0 0 0 0 0 7 0 0 0 21 -999 
P6018 2011 10 0 18 0 0 0 0 0 0 0 0 0 0 0 0 0 0 10 0 0 0 0 21 18 0 13 0 0 16 0 0 0 
P6018 2011 11 5 0 9 26 0 69 0 0 0 0 0 11 11 0 0 0 54 0 15 0 17 73 46 20 0 0 11 20 5 0 -999 
P6018 2011 12 0 36 41 0 4 8 6 0 0 0 0 0 0 0 0 59 57 76 64 60 81 35 44 0 41 36 37 29 0 0 70 
P6018 2012 1 96 18 4 0 0 0 0 0 0 0 0 7 0 0 0 0 1 1 1 6 9 0 0 6 0 0 13 0 34 36 0 
P6018 2012 2 0 0 37 0 10 0 14 9 0 5 0 0 0 0 0 0 5 0 50 0 0 0 0 0 0 0 0 0 -999 -999 -999 
P6018 2012 3 34 56 32 0 0 0 0 3 0 0 2 0 0 12 0 0 29 21 0 45 41 0 20 0 0 0 0 0 0 0 0 
P6018 2012 4 7 11 0 0 0 0 29 25 5 2 3 7 0 74 64 0 34 14 0 9 7 0 0 56 58 40 69 73 57 44 -999 
P6018 2012 5 0 21 0 15 0 0 0 0 25 20 17 0 27 39 33 24 21 0 0 0 0 16 0 0 35 25 20 0 0 0 0 
P6018 2012 6 0 0 0 0 0 0 0 0 35 22 15 0 21 19 0 0 0 0 0 0 0 0 0 0 0 0 0 16 0 0 -999 
P6018 2012 7 0 0 0 0 0 0 0 0 0 0 0 0 0 0 0 14 0 16 0 0 0 13 0 15 0 0 0 0 0 0 13 
P6018 2012 8 0 0 0 0 0 0 0 0 0 0 0 0 0 0 0 0 0 0 0 0 0 0 0 0 0 0 0 0 0 0 7 
P6018 2012 9 0 0 0 0 0 0 0 0 0 0 0 0 0 0 0 0 0 0 0 0 0 10 0 22 26 0 0 0 0 0 -999 
P6018 2012 10 0 0 0 0 0 0 0 0 0 0 0 0 0 0 35 34 33 39 47 20 0 31 20 0 0 0 41 0 0 53 0 
P6018 2012 11 41 55 37 0 0 32 0 0 0 45 41 0 2 0 0 0 0 65 88 50 23 0 0 0 0 17 0 0 52 23 -999 
P6018 2012 12 15 0 0 0 0 85 88 82 0 0 0 17 30 0 60 58 55 21 15 13 0 0 10 34 0 11 0 0 16 0 58 
P6018 2013 1 0 0 0 66 29 0 30 0 0 0 18 0 0 0 0 0 0 0 0 0 0 0 0 2 1 3 0 19 23 43 0 
P6018 2013 2 0 4 0 0 0 0 0 0 0 0 0 0 37 87 37 11 23 83 111 75 0 0 63 107 23 0 0 8 -999 -999 -999 
P6018 2013 3 0 0 0 33 0 0 0 30 22 76 138 129 72 26 33 0 51 43 0 32 24 0 54 36 0 0 0 45 36 0 76 
P6018 2013 4 26 0 0 24 0 24 26 0 3 0 0 0 19 0 0 35 0 0 0 0 0 0 0 33 65 0 0 0 0 0 -999 
P6018 2013 5 0 0 0 22 0 0 17 0 0 42 40 18 0 0 30 35 0 30 24 15 10 1 0 0 10 0 0 0 0 0 0 
P6018 2013 6 0 24 0 0 0 0 21 40 0 55 45 37 0 13 9 0 0 0 14 0 0 0 0 10 0 0 36 28 31 16 -999 
P6018 2013 7 0 0 0 0 0 26 26 0 0 0 0 0 0 0 0 0 0 0 5 0 0 0 0 0 0 0 0 0 0 0 0 
P6018 2013 8 0 0 0 0 19 0 0 24 0 0 15 12 7 0 15 0 0 0 0 0 0 0 13 0 0 0 0 0 0 0 42 
P6018 2013 9 28 0 0 0 0 0 11 0 0 0 0 13 8 0 0 0 0 16 19 0 0 0 0 0 0 0 0 0 0 0 -999 
P6018 2013 10 0 0 0 0 0 2 0 0 12 24 0 0 9 0 0 14 27 0 8 7 10 0 0 0 0 0 2 0 0 4 0 
P6018 2013 11 0 0 0 0 0 0 0 0 0 0 0 8 3 5 5 0 25 155 182 59 95 141 172 87 22 128 47 23 0 15 -999 
P6018 2013 12 25 62 32 27 0 0 0 0 0 0 0 0 14 0 29 0 0 0 0 0 0 21 23 53 0 0 0 0 61 36 0 
P6018 2014 1 27 0 6 0 35 0 0 41 17 0 20 0 0 0 46 19 0 0 0 0 7 7 0 0 22 32 60 68 86 87 0 
P6018 2014 2 27 49 26 49 58 91 61 97 44 52 0 0 34 9 0 0 0 18 21 0 13 10 0 0 0 0 0 29 -999 -999 -999 
P6018 2014 3 23 0 0 5 0 0 0 0 0 0 0 0 23 36 71 80 82 73 130 67 34 22 14 0 6 0 9 0 0 11 18 
P6018 2014 4 20 25 34 26 46 21 0 10 20 35 0 40 40 34 35 30 48 0 49 23 27 30 13 0 0 0 0 0 0 36 -999 
P6018 2014 5 63 0 0 44 0 0 0 0 0 0 0 0 0 0 0 0 34 0 32 53 42 70 53 50 0 26 29 20 0 42 47 
P6018 2014 6 0 0 45 70 59 29 0 0 0 0 0 0 0 0 0 0 0 0 0 0 0 0 0 24 0 0 0 0 0 0 -999 
P6018 2014 7 0 0 0 0 0 0 0 0 0 0 0 0 0 0 0 0 0 0 0 0 0 0 0 0 0 0 15 0 0 0 0 
P6018 2014 8 0 0 0 0 20 0 0 0 0 0 0 0 0 0 0 0 0 8 0 0 0 0 0 0 0 0 0 9 0 0 0 
P6018 2014 9 0 0 0 0 0 0 0 0 0 0 0 0 0 0 32 39 57 36 17 0 0 0 0 0 0 0 0 8 0 0 -999 
P6018 2014 10 0 0 0 22 10 0 0 0 13 0 0 0 0 0 11 0 0 24 0 0 0 17 0 0 53 49 0 0 8 0 0 
P6018 2014 11 5 0 0 0 3 0 0 0 0 0 0 0 0 0 0 9 0 65 28 57 134 179 0 96 43 28 0 0 0 0 -999 
P6018 2014 12 0 0 0 0 0 0 15 9 0 10 0 7 4 0 0 0 0 0 0 0 0 0 0 14 0 4 0 7 20 24 0 
P6018 2015 1 0 0 0 70 83 37 35 0 0 17 0 0 0 0 0 0 0 0 0 0 0 0 0 6 0 0 0 65 68 40 0 
P6018 2015 2 0 9 0 0 0 0 0 0 0 0 0 0 3 0 0 0 0 0 0 0 0 0 15 0 71 79 0 35 -999 -999 -999 
P6018 2015 3 22 36 42 67 0 8 36 39 0 7 1 10 25 41 0 7 8 0 0 0 0 0 0 0 13 11 0 0 0 0 0 
P6018 2015 4 0 20 16 0 0 0 17 0 0 7 0 0 0 0 0 0 19 0 0 0 0 0 0 9 20 45 26 36 89 52 -999 
P6018 2015 5 69 50 31 10 11 15 2 0 0 0 0 0 0 0 0 0 0 0 0 0 0 0 0 0 0 0 0 61 0 23 11 
P6018 2015 6 0 0 0 17 0 0 27 0 0 0 0 0 7 0 0 15 0 3 0 0 13 0 11 15 0 0 0 0 0 0 -999 
P6018 2015 7 0 0 0 0 0 0 0 0 0 15 16 0 0 0 0 0 0 0 0 0 0 0 0 0 0 0 0 0 0 0 0 
P6018 2015 8 0 0 0 0 0 0 0 0 0 0 0 0 0 0 0 0 19 27 0 0 0 0 0 37 0 0 0 0 0 0 0 
P6018 2015 9 0 0 0 0 0 0 0 0 0 0 0 0 0 0 0 0 10 0 0 20 0 0 0 20 41 0 64 43 30 0 -999 
P6018 2015 10 0 21 0 0 0 0 25 50 21 0 0 0 0 18 0 0 0 0 0 0 0 0 0 0 0 0 0 0 0 0 0 
P6018 2015 11 0 0 0 0 0 0 16 0 0 0 0 0 23 51 0 8 0 0 0 59 45 0 22 0 0 0 0 0 0 0 -999 
P6018 2015 12 0 0 0 35 33 0 155 98 68 71 0 71 82 0 25 0 0 0 0 0 0 0 0 7 0 0 0 0 0 0 5 
P6018 2016 1 13 0 0 0 0 0 33 31 17 0 56 92 59 102 43 31 0 0 9 0 0 0 0 0 0 22 27 0 22 22 0 
P6018 2016 2 0 6 26 0 13 0 7 6 7 14 16 0 0 0 20 0 0 25 15 0 0 0 0 18 0 0 0 0 -999 -999 -999 
P6018 2016 3 0 22 0 0 0 29 37 46 131 0 130 143 83 0 35 0 0 0 0 0 28 39 40 0 0 28 68 115 77 45 68 
P6018 2016 4 0 0 0 0 7 0 0 25 0 66 95 89 29 31 96 36 47 0 0 56 0 0 0 0 22 20 0 36 31 0 -999 
P6018 2016 5 0 19 0 18 0 0 0 0 0 0 0 38 20 0 0 32 25 14 0 0 0 5 11 0 0 0 11 0 0 22 33 
P6018 2016 6 26 10 4 0 0 0 0 0 0 16 0 0 0 0 0 0 0 0 16 22 9 0 11 0 0 0 0 0 6 0 -999 
P6018 2016 7 0 0 17 0 0 0 13 0 0 0 0 0 0 0 0 0 0 0 0 0 8 0 0 0 0 0 0 0 0 0 0 
P6018 2016 8 0 0 12 0 15 0 0 0 0 0 0 0 0 0 0 0 0 0 0 0 0 0 0 14 0 0 0 0 0 0 0 
P6018 2016 9 0 0 13 0 0 0 0 0 0 0 4 0 0 0 0 0 0 0 22 0 9 0 11 0 0 0 0 0 0 0 -999 
P6018 2016 10 11 0 0 0 0 0 0 0 0 0 0 0 0 0 0 68 96 60 58 60 49 0 16 10 0 11 10 0 0 9 0 
P6018 2016 11 15 0 13 12 11 0 22 28 6 0 0 19 21 28 102 26 26 85 0 49 61 22 0 46 59 12 0 0 37 40 -999 
P6018 2016 12 0 11 0 7 0 0 0 0 22 0 0 67 95 30 12 5 0 0 63 61 64 83 45 0 26 15 0 0 0 27 40 
P6018 2017 1 28 11 0 0 0 0 12 0 0 0 0 20 60 98 47 0 0 0 6 0 0 0 0 0 0 0 0 0 2 0 0 
P6018 2017 2 0 0 0 0 1 0 0 0 13 0 0 0 0 0 0 0 0 0 0 0 0 0 0 0 0 0 14 0 -999 -999 -999 
P6018 2017 3 7 0 0 0 0 0 0 0 0 39 15 0 36 0 20 5 8 7 0 0 0 10 27 56 80 80 68 0 0 0 0 
P6018 2017 4 9 14 10 11 11 11 15 16 0 0 0 17 0 0 9 0 9 9 0 0 0 0 17 0 24 0 0 51 65 36 -999 
P6018 2017 5 0 0 0 23 0 4 0 0 0 0 0 0 4 0 0 0 0 0 11 17 0 0 0 0 0 0 0 0 0 0 0 
P6018 2017 6 0 0 0 0 0 0 0 0 0 0 0 0 0 0 0 0 0 0 0 0 0 0 0 0 0 0 0 0 0 0 -999 
P6018 2017 7 0 0 0 8 0 0 0 0 0 0 0 0 0 0 5 0 0 0 0 0 0 9 0 0 0 0 0 0 0 0 11 
P6018 2017 8 0 0 0 5 0 0 0 0 0 15 0 0 0 12 0 0 0 0 0 0 0 0 0 0 0 6 0 0 10 0 0 
P6018 2017 9 14 0 0 6 0 0 10 0 0 17 0 0 0 0 0 0 4 0 0 0 0 0 0 24 32 0 0 0 0 0 -999 
P6018 2017 10 0 0 0 0 0 0 0 0 0 0 0 0 0 0 0 0 57 88 0 32 13 25 36 0 0 0 80 113 151 0 0 
P6018 2017 11 11 15 33 0 0 0 15 54 42 21 80 85 170 95 0 0 15 0 0 0 35 0 15 6 16 16 0 0 0 0 -999 
P6018 2017 12 0 40 44 0 19 0 0 0 117 44 0 0 54 90 81 0 0 0 0 0 0 0 0 18 0 0 25 0 0 64 0 
P6018 2018 1 25 8 0 0 0 7 9 30 61 31 7 11 0 0 0 0 23 0 31 0 0 14 73 0 17 0 54 36 28 0 37 
P6018 2018 2 48 12 83 17 34 16 21 9 18 15 15 7 0 0 0 0 7 6 11 0 0 0 0 0 0 0 0 0 -999 -999 -999 
P6018 2018 3 0 0 0 18 0 23 0 10 0 21 39 63 0 48 0 0 22 24 0 0 0 0 9 0 19 0 36 29 40 35 13 
P6018 2018 4 0 9 3 0 0 16 12 17 0 0 0 0 14 0 54 0 0 0 0 0 0 0 0 0 59 81 79 35 23 27 -999 
P6018 2018 5 0 0 0 11 0 0 20 11 0 40 38 0 46 28 16 39 44 44 0 51 51 38 0 15 0 0 33 0 0 0 0 
P6018 2018 6 0 0 0 0 0 0 0 0 0 0 0 0 0 0 0 0 0 0 0 0 0 0 0 0 0 0 0 0 0 0 -999 
P6018 2018 7 16 0 18 0 0 0 0 21 0 0 0 0 0 15 0 0 0 0 11 0 0 0 0 0 0 0 0 10 0 0 0 
P6018 2018 8 0 13 0 0 0 0 0 0 0 0 0 0 0 0 0 0 0 0 16 0 0 0 0 0 0 0 0 0 0 0 0 
P6018 2018 9 0 0 0 0 0 0 0 0 0 0 0 0 0 0 0 0 0 0 0 0 0 0 0 0 0 0 0 0 0 0 -999 
P6018 2018 10 0 8 0 0 0 0 0 11 0 36 27 0 0 0 0 0 0 0 0 0 0 24 0 7 0 0 0 0 0 0 0 
P6018 2018 11 0 0 0 0 0 0 33 122 54 0 14 0 4 0 0 2 0 0 0 0 25 0 0 16 0 10 0 0 10 11 -999 
P6018 2018 12 28 0 22 27 41 55 74 16 14 0 0 80 0 38 32 23 0 0 0 0 22 0 0 26 41 34 51 82 103 88 56 
P6018 2019 1 115 96 96 115 105 92 0 0 0 0 20 12 9 22 21 0 0 43 74 78 84 100 38 18 0 54 129 18 0 28 71 
P6018 2019 2 91 92 0 0 0 27 21 0 0 70 107 0 105 0 0 0 0 167 165 27 22 24 18 12 0 1 0 0 -999 -999 -999 
P6018 2019 3 0 0 0 0 0 0 0 21 28 19 0 0 0 0 0 12 0 0 0 0 0 0 0 0 0 0 0 0 32 27 27 
P6018 2019 4 0 0 20 0 25 54 37 59 42 17 0 0 29 40 45 42 39 19 0 18 0 0 0 61 24 34 43 38 0 0 -999 
P6018 2019 5 25 0 0 0 0 0 10 0 0 0 0 0 0 25 0 0 0 0 0 4 0 0 0 0 0 26 0 0 0 0 0 
P6018 2019 6 0 0 0 0 0 0 0 29 22 0 0 0 16 0 20 26 12 0 14 0 0 0 10 0 0 0 0 0 0 0 -999 
P6018 2019 7 0 0 0 0 0 0 0 0 20 0 0 0 0 0 0 0 0 0 0 0 0 0 0 0 25 0 0 0 0 0 0 
P6018 2019 8 0 0 0 0 0 0 0 0 0 0 0 0 0 0 0 0 0 0 0 0 0 0 0 0 0 0 0 0 0 0 0 
P6018 2019 9 0 14 12 0 0 0 0 2 0 0 5 0 0 0 0 0 30 0 0 0 0 14 0 34 18 0 31 0 16 13 -999 
P6018 2019 10 0 0 0 26 0 7 0 5 0 0 0 70 64 12 0 0 0 0 0 0 0 0 0 0 0 0 0 0 0 0 14 
P6018 2019 11 0 7 0 0 13 29 17 0 18 4 0 0 0 0 0 0 10 0 0 43 168 191 74 46 0 86 51 26 55 124 -999 
P6018 2019 12 92 0 0 0 20 0 0 0 0 0 0 0 0 0 0 0 0 0 0 0 0 0 0 0 0 3 0 0 0 19 28 
P6018 2020 1 30 0 13 10 0 0 0 0 0 0 0 0 0 0 22 0 0 0 0 0 0 5 0 19 0 0 49 65 45 44 0 
P6018 2020 2 0 0 0 0 17 18 24 44 14 18 0 0 0 29 20 0 0 0 0 0 0 0 4 0 0 9 10 0 -999 -999 -999 
P6018 2020 3 0 0 0 0 38 43 0 5 2 0 0 0 0 0 0 10 0 0 0 0 0 0 0 0 0 31 19 0 19 13 0 
P6018 2020 4 33 20 15 11 0 0 0 0 0 0 0 0 13 23 0 94 100 64 46 50 66 0 10 0 0 0 12 22 0 0 -999 
P6018 2020 5 0 0 0 0 0 0 0 0 0 0 50 47 39 29 48 27 16 0 0 0 0 0 13 0 5 0 0 0 0 0 0 
P6018 2020 6 0 0 0 0 0 0 0 0 15 0 0 0 0 0 14 0 0 0 0 0 0 0 0 0 0 0 0 23 21 0 -999 
P6018 2020 7 0 12 0 0 0 9 0 0 0 0 0 27 0 0 0 8 0 0 17 0 0 18 0 0 0 0 0 0 0 0 0 
P6018 2020 8 0 0 0 0 0 0 0 0 0 0 0 0 0 0 0 0 0 0 0 0 0 20 0 0 0 23 0 0 0 0 0 
P6018 2020 9 0 0 0 0 0 0 0 4 0 0 0 0 0 0 0 0 0 0 0 0 0 12 0 0 0 0 0 0 0 0 -999 
P6018 2020 10 20 13 0 0 0 31 36 38 72 20 30 44 0 0 101 55 21 76 19 10 6 0 0 0 0 0 0 0 0 0 0 
P6018 2020 11 53 79 69 0 42 0 0 0 0 0 0 0 5 14 22 0 10 0 0 105 76 63 41 0 53 56 69 98 0 0 -999 
P6018 2020 12 0 69 58 20 50 15 12 0 36 0 0 0 0 0 0 0 0 0 0 0 29 122 112 84 76 80 124 0 32 38 67 
P6018 2021 1 64 0 40 22 0 54 41 97 80 0 0 0 0 5 0 0 0 0 0 0 0 0 0 0 17 0 30 0 45 0 34 
P6018 2021 2 37 0 0 57 58 0 0 0 5 10 0 22 14 0 2 0 0 0 0 0 0 0 0 0 9 0 0 11 -999 -999 -999 
P6018 2021 3 14 0 0 0 0 14 0 0 28 55 23 0 66 0 0 0 43 0 0 0 0 0 0 0 0 0 24 34 58 0 11 
P6018 2021 4 19 0 0 19 0 0 0 35 0 0 0 0 0 0 29 37 0 0 0 0 0 0 40 34 24 0 12 19 0 42 -999 
P6018 2021 5 64 46 22 0 10 0 0 0 0 0 9 0 19 19 0 0 0 27 0 30 0 0 0 23 0 0 0 33 0 0 36 
P6018 2021 6 0 46 46 11 0 0 0 0 0 15 0 0 14 0 9 0 0 0 0 14 21 7 0 0 0 0 0 0 0 0 -999 
P6018 2021 7 13 0 0 0 0 21 20 0 0 0 0 0 0 0 0 0 0 0 0 0 17 0 0 0 0 0 0 0 14 0 0 
P6018 2021 8 0 0 0 21 0 0 0 0 0 0 0 0 0 0 0 0 0 0 0 0 0 11 0 0 0 36 0 17 10 0 0 
P6018 2021 9 0 0 0 0 0 0 0 0 0 0 0 0 0 2 0 0 0 0 0 0 0 0 0 28 0 27 0 18 0 0 -999 
P6018 2021 10 0 0 0 0 0 19 0 0 0 0 0 0 0 0 0 0 0 0 15 0 45 0 101 0 40 32 27 0 0 11 22 
P6018 2021 11 0 33 50 0 91 51 0 6 0 0 16 11 12 0 0 0 63 50 0 0 0 0 8 19 48 0 64 60 0 38 -999 
P6018 2021 12 72 111 41 22 5 0 11 24 0 0 21 4 0 15 23 75 95 100 0 17 0 52 27 18 0 6 0 0 0 0 0 
P6018 2022 1 0 14 21 0 19 0 0 0 71 49 65 33 46 56 0 42 52 24 22 56 74 62 123 0 42 0 41 47 57 79 73 
P6018 2022 2 134 30 17 56 56 48 144 178 56 102 157 120 142 65 123 0 37 55 34 47 121 44 58 19 66 135 0 0 -999 -999 -999 
P6018 2022 3 0 0 0 0 93 96 57 97 53 68 56 56 56 13 0 0 0 0 0 0 8 0 0 0 0 0 0 0 46 0 0 
P6018 2022 4 0 11 0 0 0 15 0 38 14 8 15 0 9 0 0 0 0 0 25 22 0 0 0 0 0 0 0 4 0 0 -999 
P6018 2022 5 0 0 0 0 0 0 0 0 0 44 48 0 66 55 0 25 19 0 27 22 0 19 0 0 0 0 22 0 0 12 0 
P6018 2022 6 3 0 0 0 11 27 0 0 0 2 0 0 0 26 0 17 14 0 0 9 0 0 0 0 10 0 0 0 0 0 -999 
P6018 2022 7 0 0 0 0 0 0 0 0 0 0 26 0 0 8 0 0 0 0 0 9 0 0 0 9 0 0 0 0 0 0 0 
P6018 2022 8 8 0 24 0 0 0 0 0 0 0 0 0 0 0 0 0 10 0 0 0 0 28 0 0 0 0 0 0 0 0 0 
P6018 2022 9 0 15 0 0 0 0 0 0 5 6 0 0 0 29 0 0 0 0 0 0 23 0 0 0 0 0 0 0 0 0 -999 
P6018 2022 10 0 0 0 8 0 0 0 0 0 0 0 0 0 52 67 45 24 0 0 0 0 6 0 0 0 0 0 0 57 74 35 
P6018 2022 11 29 0 0 0 0 0 0 0 0 18 14 0 0 0 0 0 2 0 0 0 0 0 0 0 0 0 0 0 0 0 -999 
P6018 2022 12 0 62 95 135 56 77 20 0 93 0 11 15 20 10 0 0 0 0 0 0 0 82 116 0 51 33 0 26 14 11 5 
P6018 2023 1 0 6 0 0 13 0 0 0 0 0 0 0 12 13 0 0 0 0 0 0 7 17 2 1 1 0 0 0 0 3 0 
P6018 2023 2 0 27 11 9 0 7 0 0 0 0 0 0 0 0 11 18 0 31 0 0 0 0 49 30 14 16 41 15 -999 -999 -999 
P6018 2023 3 27 0 0 0 0 7 0 0 0 0 0 0 46 0 0 0 0 0 0 0 0 0 9 13 0 0 0 0 0 43 60 
P6018 2023 4 26 0 32 65 0 25 25 17 6 0 4 30 85 111 53 11 50 10 2 0 0 0 0 0 77 59 0 38 0 0 -999 
P6018 2023 5 0 12 0 0 0 0 5 0 0 0 48 37 37 0 16 32 38 0 50 0 0 0 11 0 0 0 0 0 8 0 0 
P6018 2023 6 0 0 0 22 33 0 30 15 13 8 0 0 0 0 0 0 0 0 0 0 0 0 0 0 0 17 0 0 0 0 -999 
P6018 2023 7 0 0 0 0 0 0 0 0 0 0 0 0 0 17 0 0 0 0 0 0 0 0 0 0 0 12 0 0 0 0 0 
P6018 2023 8 0 0 0 0 0 0 0 0 0 0 0 0 0 0 0 0 0 0 0 0 0 11 0 0 0 0 0 0 0 11 0 
P6018 2023 9 0 0 0 0 0 0 0 0 0 0 0 0 0 0 0 0 12 0 0 5 0 12 0 0 0 16 0 0 0 0 -999 
P6018 2023 10 0 0 0 0 0 0 0 0 12 11 0 0 17 39 72 0 0 0 0 0 0 0 0 0 23 0 0 0 13 20 90 
P6018 2023 11 56 23 13 0 0 0 0 0 29 42 26 0 14 0 0 10 0 0 0 0 0 0 0 0 0 0 0 5 0 0 -999 
P6018 2023 12 0 0 0 0 0 0 0 14 11 2 6 7 8 5 0 3 0 19 11 0 0 0 0 0 0 4 0 0 0 0 0 
P6018 2024 1 6 8 42 45 0 76 0 0 0 29 0 19 32 77 66 41 0 0 11 0 0 10 0 0 11 0 0 0 0 0 0 
P6018 2024 2 76 0 112 36 18 19 0 0 8 0 0 0 0 0 0 9 0 0 0 0 0 44 59 0 97 75 0 0 -999 -999 -999 
P6018 2024 3 0 0 0 81 63 66 0 0 38 0 0 0 0 0 0 0 0 0 0 0 0 0 0 0 0 111 48 29 43 59 0 
P6018 2024 4 53 61 74 39 0 9 0 4 0 0 1 0 0 0 0 0 0 4 0 0 0 39 0 0 0 0 0 0 0 0 -999 
P6018 2024 5 0 0 0 3 0 0 0 0 0 0 0 0 10 12 0 0 0 0 0 0 0 0 0 0 0 0 0 0 0 0 0 
P6018 2024 6 0 0 0 0 0 0 0 0 0 0 0 0 0 0 0 0 8 0 0 20 0 0 16 0 22 25 0 0 0 0 -999 
P6018 2024 7 7 0 0 0 0 23 19 0 0 0 0 0 0 0 0 17 0 0 0 0 0 0 0 0 0 0 0 23 0 0 0 
P6018 2024 8 0 25 14 0 0 0 0 0 0 0 0 0 0 0 0 0 0 0 0 0 0 0 0 0 0 0 0 0 0 0 36 
P6018 2024 9 0 0 17 0 0 0 0 0 0 0 0 0 15 0 0 0 16 0 0 0 0 0 0 0 0 0 0 0 0 0 -999 
P6018 2024 10 0 0 0 0 19 0 0 7 0 0 20 22 0 0 105 81 24 0 0 9 0 0 25 0 0 0 0 0 0 0 0 
P6018 2024 11 13 31 17 0 9 0 0 0 0 0 0 0 53 53 11 0 0 0 0 0 0 0 35 0 0 2 2 0 0 5 -999 
P6018 2024 12 0 0 0 34 28 0 0 0 0 0 0 0 9 8 0 9 10 9 0 0 0 0 9 0 0 44 0 0 0 0 8 
P6018 2025 1 0 0 0 0 0 0 0 2 0 18 14 0 0 0 0 0 9 0 0 27 0 28 0 0 33 34 0 0 0 0 0 
P6018 2025 2 0 14 8 11 27 0 39 45 44 26 0 18 0 28 0 27 53 0 0 59 38 0 40 0 0 1 0 0 -999 -999 -999 
P6018 2025 3 0 0 13 0 58 0 0 0 0 0 0 0 0 0 0 0 19 0 39 36 80 99 65 178 67 29 62 6 4 0 36 
P6018 2025 4 24 8 15 0 0 1 0 0 0 0 0 0 0 0 0 20 5 0 21 23 14 0 0 0 0 8 0 0 0 43 -999 
P6018 2025 5 32 0 45 46 49 0 36 0 0 23 0 17 0 11 0 0 0 0 0 0 0 0 0 0 18 0 19 0 0 20 16 
P6018 2025 6 0 0 0 0 28 16 12 0 0 0 0 0 0 0 0 0 0 0 0 0 0 0 0 0 0 0 0 0 0 20 -999 
P6018 2025 7 0 0 0 0 0 0 0 0 0 0 0 0 0 0 0 17 0 0 0 10 10 0 0 0 0 0 0 0 0 0 0 
P6018 2025 8 0 0 0 0 0 0 0 0 0 0 0 0 0 0 0 0 0 17 0 0 0 0 0 0 0 0 0 0 9 0 0 
P6018 2025 9 0 0 0 11 0 0 0 0 0 0 0 0 12 0 0 0 0 0 0 6 4 0 0 0 0 0 0 0 13 0 -999 
P6018 2025 10 0 0 9 0 0 18 0 0 0 0 0 10 0 0 0 0 0 0 0 8 0 0 0 0 41 48 40 64 26 0 0 
P6018 2025 11 22 0 0 0 0 0 0 0 0 18 0 0 0 0 0 39 0 0 18 0 0 0 0 36 0 0 0 0 0 0 -999 
P6018 2025 12 0 38 55 0 0 0 0 59 14 0 0 0 11 0 0 0 10 0 0 0 0 0 16 25 44 40 27 0 0 39 37 
P6018 2026 1 0 26 0 0 0 27 2 0 6 0 41 123 142 0 21 123 144 101 36 0 0 0 0 30 19 0 42 15 0 0 0 
P6018 2026 2 0 8 0 0 12 23 5 0 0 16 22 0 0 0 0 9 0 26 69 82 47 60 48 0 14 26 0 0 -999 -999 -999 
P6018 2026 3 0 0 0 2 0 0 0 0 0 0 3 0 0 0 0 0 0 0 13 22 46 84 32 13 0 4 0 0 0 0 0 
P6018 2026 4 2 0 0 0 18 0 51 50 59 73 96 51 48 0 18 0 0 0 11 0 0 0 0 0 0 0 0 51 46 45 -999 
P6018 2026 5 28 0 0 0 0 0 14 0 0 9 0 0 0 0 0 0 0 28 20 0 0 3 0 0 14 37 37 25 0 0 0 
P6018 2026 6 0 0 6 0 0 0 0 0 32 0 0 0 0 13 0 0 0 0 0 0 0 0 0 0 0 0 0 0 0 0 -999 
P6018 2026 7 0 0 0 0 0 0 0 0 0 0 0 0 0 0 0 0 0 0 0 0 12 0 0 0 0 0 0 0 0 0 0 
P6018 2026 8 0 0 0 0 0 0 0 0 0 0 0 0 0 0 0 8 0 0 0 0 0 0 32 32 25 10 0 0 0 0 9 
P6018 2026 9 0 0 0 0 0 7 0 0 0 0 0 0 0 0 0 0 0 0 0 0 0 15 0 0 0 0 0 0 19 10 -999 
P6018 2026 10 0 0 0 0 0 26 38 0 0 0 0 0 0 42 64 66 0 0 0 0 0 0 77 24 41 26 10 5 47 0 95 
P6018 2026 11 42 0 0 12 0 0 23 0 29 0 82 26 12 0 0 4 15 0 21 24 0 0 0 8 8 0 0 31 31 0 -999 
P6018 2026 12 0 0 21 19 30 0 12 0 48 49 20 15 19 0 61 53 88 87 56 45 14 0 0 0 24 20 16 0 0 39 0 
P6018 2027 1 0 0 87 96 85 72 0 82 47 27 25 0 0 0 0 0 0 9 40 69 28 0 5 0 0 0 0 0 17 0 0 
P6018 2027 2 13 15 0 2 0 0 0 10 0 11 0 0 0 106 64 180 0 97 53 8 11 0 0 42 67 59 32 42 -999 -999 -999 
P6018 2027 3 74 51 27 47 56 62 0 41 0 21 0 0 0 26 32 53 44 33 44 0 17 0 0 20 21 42 59 63 13 0 31 
P6018 2027 4 32 63 51 70 32 22 0 12 30 27 0 0 0 40 0 90 85 99 44 54 67 29 34 34 32 16 9 0 0 0 -999 
P6018 2027 5 27 0 0 52 43 0 0 0 0 0 0 6 0 0 0 0 0 0 0 0 0 24 0 29 47 0 0 0 0 0 0 
P6018 2027 6 0 0 23 0 22 13 0 0 0 0 0 13 0 0 0 0 0 0 0 0 0 0 0 0 0 0 14 0 0 0 -999 
P6018 2027 7 0 0 0 0 0 17 0 0 0 0 0 0 0 0 0 0 0 0 0 0 0 0 0 0 0 0 20 0 0 0 0 
P6018 2027 8 0 0 0 0 0 0 0 0 14 0 21 0 0 0 0 9 0 0 0 0 0 0 0 0 0 0 0 0 0 0 0 
P6018 2027 9 0 0 0 23 0 0 7 0 0 0 0 12 0 0 0 0 0 0 0 7 0 0 0 0 0 0 15 0 0 8 -999 
P6018 2027 10 0 0 0 0 3 0 0 0 0 0 0 0 0 0 0 0 0 0 9 0 0 33 0 0 0 0 0 0 27 0 10 
P6018 2027 11 0 71 158 90 16 0 0 0 0 0 0 29 70 86 64 12 0 15 5 0 0 0 80 86 76 35 61 59 98 103 -999 
P6018 2027 12 0 0 51 7 0 105 123 97 0 52 0 0 0 0 49 35 0 28 0 0 39 0 0 0 0 0 4 0 0 0 0 
P6018 2028 1 0 41 0 0 0 0 31 0 109 102 27 0 99 136 120 17 0 0 0 0 0 0 0 0 0 0 0 0 0 0 0 
P6018 2028 2 0 0 0 19 0 4 0 0 0 0 0 0 0 0 0 0 0 0 0 0 14 17 0 11 16 49 62 0 -999 -999 -999 
P6018 2028 3 45 46 0 0 0 4 0 0 13 21 20 0 13 0 0 21 21 16 9 0 2 0 22 0 0 0 0 0 0 0 0 
P6018 2028 4 8 0 0 0 0 0 0 0 25 29 25 0 11 0 0 0 0 0 0 0 0 0 0 7 0 0 0 0 0 0 -999 
P6018 2028 5 0 0 0 9 0 9 0 0 0 0 0 0 0 0 3 0 0 0 0 0 5 0 15 28 23 0 0 0 8 0 0 
P6018 2028 6 0 0 0 0 0 0 0 0 0 0 10 0 0 0 0 0 0 0 0 0 0 0 0 0 0 0 0 0 0 0 -999 
P6018 2028 7 0 0 0 0 36 0 0 0 0 0 0 0 28 20 0 0 0 0 11 0 0 0 20 0 21 0 0 0 0 0 0 
P6018 2028 8 0 0 0 0 0 0 0 0 6 0 0 0 0 15 0 0 0 0 0 17 11 0 0 0 0 0 12 0 0 0 0 
P6018 2028 9 0 0 0 30 0 23 0 0 0 0 0 0 0 13 0 0 0 0 0 0 0 0 0 0 0 11 0 0 0 0 -999 
P6018 2028 10 0 0 6 13 0 6 17 0 0 0 22 0 0 9 0 0 0 0 0 51 27 10 0 0 0 0 0 0 0 0 61 
P6018 2028 11 58 0 0 0 41 0 0 43 34 51 21 0 0 19 41 46 13 0 0 0 0 0 0 3 0 0 0 0 0 0 -999 
P6018 2028 12 0 0 28 0 41 0 2 0 0 0 0 0 0 5 9 0 0 0 0 46 63 22 75 55 23 23 13 15 0 0 0 
P6018 2029 1 8 36 68 0 27 94 170 52 10 0 11 19 34 39 56 73 28 0 31 51 0 0 0 25 33 0 98 43 0 0 0 
P6018 2029 2 0 0 0 0 0 0 0 0 9 0 0 4 0 0 0 0 0 0 3 0 0 0 31 0 0 0 63 0 -999 -999 -999 
P6018 2029 3 0 0 0 0 0 0 0 0 0 0 0 0 16 21 0 0 31 31 26 0 17 0 35 0 9 2 0 0 0 2 0 
P6018 2029 4 0 6 0 0 0 18 19 4 0 0 0 0 0 16 8 0 0 0 6 0 0 0 9 0 0 0 0 0 0 0 -999 
P6018 2029 5 0 0 0 28 17 0 0 0 0 0 0 0 0 0 0 0 0 0 0 0 0 0 0 17 0 0 0 0 0 0 7 
P6018 2029 6 0 0 28 0 0 0 0 0 0 0 0 0 0 0 0 0 0 0 0 0 0 0 0 0 0 0 15 0 0 0 -999 
P6018 2029 7 0 23 0 0 0 0 0 0 0 0 0 0 0 0 0 0 0 0 0 0 0 0 0 0 0 0 0 0 0 0 0 
P6018 2029 8 0 0 0 0 0 0 0 0 0 0 0 0 0 0 0 0 0 0 0 0 0 0 0 0 0 0 0 0 0 0 0 
P6018 2029 9 0 26 0 0 0 0 0 0 0 0 0 19 0 0 0 9 0 24 0 13 16 0 0 50 0 34 22 55 51 46 -999 
P6018 2029 10 73 26 0 0 2 0 0 0 0 0 0 0 0 0 35 0 0 15 34 0 0 0 20 29 0 21 14 15 0 14 39 
P6018 2029 11 0 27 58 102 47 72 0 0 123 48 29 0 0 0 0 13 0 0 0 0 0 18 0 27 11 13 29 0 89 43 -999 
P6018 2029 12 0 0 19 0 18 0 0 0 0 0 14 0 0 0 0 0 0 0 20 0 7 13 7 0 0 4 0 0 12 27 127 
P6018 2030 1 97 38 0 0 60 41 85 26 42 13 0 0 0 7 0 0 0 0 3 0 0 8 7 0 12 19 14 29 105 122 103 
P6018 2030 2 155 117 83 0 0 51 0 72 61 0 99 52 0 25 76 68 0 23 55 32 0 0 20 0 0 0 0 0 -999 -999 -999 
P6018 2030 3 0 0 37 0 0 44 102 38 0 0 0 15 0 0 0 19 11 0 0 0 12 52 0 8 0 0 0 0 0 0 0 
P6018 2030 4 0 0 0 16 0 0 21 0 0 0 0 0 0 65 70 76 95 181 52 32 52 0 39 26 30 44 29 0 3 0 -999 
P6018 2030 5 0 3 0 0 0 0 0 8 0 0 0 17 0 0 41 0 25 0 0 0 0 0 0 0 0 0 0 15 0 0 0 
P6018 2030 6 36 31 0 22 24 28 29 0 20 0 30 36 0 31 0 0 10 0 0 0 0 18 0 11 0 0 0 0 0 0 -999 
P6018 2030 7 0 10 0 0 0 0 0 0 0 0 0 0 0 0 0 0 0 0 0 0 0 0 0 0 0 0 0 0 0 0 0 
P6018 2030 8 0 18 19 0 0 0 0 0 0 0 0 0 0 0 0 0 0 22 0 0 0 11 0 0 0 0 0 0 0 0 0 
P6018 2030 9 0 0 0 0 0 0 0 0 11 0 0 0 0 0 5 0 0 24 12 0 21 0 12 0 13 0 9 0 0 0 -999 
P6018 2030 10 0 0 0 0 13 0 0 0 34 46 48 0 17 0 0 0 0 23 0 0 0 0 0 0 0 0 10 0 21 29 28 
P6018 2030 11 0 0 0 68 142 94 42 0 0 0 0 0 0 0 0 0 0 46 0 0 0 0 18 0 0 0 28 0 27 103 -999 
P6018 2030 12 111 0 56 41 74 80 50 39 41 0 0 73 31 23 0 0 0 0 0 18 0 13 0 12 0 0 0 0 0 4 0 
P6018 2031 1 6 0 0 0 0 0 27 0 0 0 0 0 54 101 53 22 13 14 24 0 11 30 31 0 34 0 23 21 35 43 46 
P6018 2031 2 0 0 20 27 21 54 24 15 37 70 50 34 10 0 0 0 0 67 31 22 22 63 13 0 0 0 24 0 -999 -999 -999 
P6018 2031 3 24 37 34 0 0 0 25 0 24 31 0 26 0 64 0 37 43 45 47 0 0 55 0 33 0 45 51 37 28 0 0 
P6018 2031 4 33 39 0 43 75 88 24 6 0 0 0 0 26 21 0 0 0 26 14 0 0 0 16 33 0 30 0 0 20 0 -999 
P6018 2031 5 21 0 0 5 20 20 37 40 0 0 18 13 0 0 21 19 0 0 0 2 0 0 0 0 0 10 0 0 18 0 0 
P6018 2031 6 0 0 0 0 0 0 0 0 0 0 0 0 0 0 0 0 0 21 0 0 0 0 0 0 0 0 0 5 0 0 -999 
P6018 2031 7 0 8 11 19 0 0 0 0 16 19 0 0 0 0 0 0 0 0 0 0 12 0 0 0 0 0 0 0 0 0 0 
P6018 2031 8 0 0 0 0 0 0 0 0 0 0 0 0 0 0 0 0 0 25 0 28 0 0 0 0 0 12 0 0 0 0 0 
P6018 2031 9 0 7 0 0 0 0 0 0 0 0 53 51 0 4 0 0 0 0 0 0 15 11 0 0 0 0 0 34 33 15 -999 
P6018 2031 10 8 0 9 0 9 0 0 0 0 0 0 0 0 20 51 48 21 0 0 0 36 0 40 62 46 0 45 85 0 38 91 
P6018 2031 11 0 0 26 0 13 0 0 4 0 0 0 0 0 41 51 101 26 0 0 0 4 0 0 0 0 0 40 55 24 0 -999 
P6018 2031 12 0 107 104 73 58 31 0 11 2 1 0 3 0 0 0 0 1 3 0 0 3 0 6 19 0 17 0 0 0 0 0 
P6018 2032 1 71 111 28 0 31 117 40 50 94 0 8 5 0 0 0 0 0 81 72 0 0 0 5 0 0 0 0 19 34 59 38 
P6018 2032 2 107 0 26 32 0 32 20 31 0 0 0 0 0 0 0 0 0 0 0 0 0 0 0 0 0 0 0 0 -999 -999 -999 
P6018 2032 3 0 0 0 2 6 0 50 30 0 0 1 1 0 0 0 0 0 0 0 0 0 0 0 20 35 0 29 14 0 21 26 
P6018 2032 4 0 0 69 99 60 32 44 0 24 16 0 0 17 0 23 0 27 0 29 23 86 120 135 47 32 0 0 0 57 0 -999 
P6018 2032 5 0 0 0 0 38 44 49 44 37 27 24 22 0 0 0 17 0 0 0 0 31 3 3 0 11 0 0 0 0 0 0 
P6018 2032 6 0 18 0 0 0 26 17 12 6 0 0 21 18 0 0 0 0 0 0 0 0 0 0 0 0 0 41 0 18 25 -999 
P6018 2032 7 0 15 0 0 0 0 0 0 0 0 0 0 0 0 0 0 0 0 0 0 0 0 0 0 0 0 0 0 0 0 0 
P6018 2032 8 0 0 0 0 14 0 0 0 0 0 0 0 0 0 0 16 29 0 0 0 0 0 0 0 18 0 0 0 0 0 0 
P6018 2032 9 0 0 0 0 0 0 0 0 16 0 0 0 0 0 0 20 0 0 0 0 0 0 0 0 0 0 0 13 0 0 -999 
P6018 2032 10 0 0 0 0 0 0 0 0 0 0 20 0 0 0 40 25 0 29 79 79 0 84 17 0 10 0 0 0 0 4 0 
P6018 2032 11 0 0 31 60 92 63 0 59 0 9 0 31 82 10 6 36 28 0 63 80 0 29 0 0 20 47 49 0 27 17 -999 
P6018 2032 12 0 0 0 12 0 41 18 0 60 97 0 33 0 0 0 0 0 0 0 0 0 0 0 0 0 0 11 12 0 9 127 
P6018 2033 1 54 34 0 0 8 31 27 8 14 10 0 0 0 0 10 0 0 0 0 0 0 0 5 0 4 0 0 0 10 0 0 
P6018 2033 2 1 0 0 0 0 0 16 0 0 0 0 0 16 23 54 121 153 80 0 120 129 116 61 57 82 37 0 22 -999 -999 -999 
P6018 2033 3 14 16 6 0 10 6 0 0 0 22 16 17 0 26 0 12 24 37 57 88 59 38 69 73 82 0 0 0 0 0 31 
P6018 2033 4 0 26 0 24 32 0 13 12 20 17 10 8 0 0 0 0 0 0 68 70 42 0 22 0 68 0 0 0 0 2 -999 
P6018 2033 5 0 0 0 0 0 0 0 0 0 0 0 0 0 0 0 0 0 0 0 0 21 18 15 0 0 0 0 0 0 0 0 
P6018 2033 6 15 0 21 0 12 0 0 0 0 0 0 0 0 0 0 11 0 0 0 0 0 0 0 0 0 0 0 0 0 0 -999 
P6018 2033 7 0 0 0 0 11 26 0 0 0 0 0 0 0 0 0 0 0 0 0 0 0 0 0 0 0 0 0 0 0 0 0 
P6018 2033 8 0 0 0 8 0 0 0 0 0 0 14 0 0 0 0 4 0 6 0 0 0 0 0 0 0 0 0 0 0 0 0 
P6018 2033 9 0 0 0 0 0 0 0 28 22 0 6 0 0 0 0 0 0 0 12 0 0 0 0 0 0 0 0 10 0 0 -999 
P6018 2033 10 0 23 0 0 6 0 0 0 0 0 0 0 0 0 20 43 71 0 100 0 0 15 0 0 0 25 0 0 0 0 64 
P6018 2033 11 54 23 89 122 38 106 94 70 14 0 13 39 0 33 119 69 0 0 11 0 0 0 0 3 0 0 0 0 0 0 -999 
P6018 2033 12 0 53 99 81 23 0 68 43 47 0 0 0 9 0 0 0 0 4 0 0 0 0 0 21 0 0 0 0 0 0 0 
P6018 2034 1 7 0 0 0 0 0 0 0 0 0 0 0 0 0 0 0 0 0 0 0 0 24 0 95 89 109 85 0 0 0 0 
P6018 2034 2 0 0 0 0 7 20 29 50 48 0 42 17 0 0 6 0 12 0 158 61 0 0 0 29 0 18 0 22 -999 -999 -999 
P6018 2034 3 0 11 0 0 0 0 0 0 0 0 32 0 0 0 0 0 0 0 0 0 0 0 15 0 11 0 35 0 0 46 22 
P6018 2034 4 0 40 33 83 114 27 9 0 40 0 44 0 0 0 48 32 27 0 16 28 58 86 81 35 0 10 0 0 0 5 -999 
P6018 2034 5 0 0 0 0 0 3 0 0 0 0 7 7 13 0 0 0 10 0 9 0 28 0 0 22 0 0 0 39 29 0 16 
P6018 2034 6 19 37 24 0 0 14 16 0 0 0 0 0 0 6 0 0 0 29 0 0 0 0 16 0 0 0 0 0 0 0 -999 
P6018 2034 7 0 0 5 0 0 0 0 0 0 0 0 0 0 0 0 0 0 0 0 0 0 0 0 0 0 0 0 0 0 0 0 
P6018 2034 8 0 0 0 0 0 0 3 0 0 0 0 7 0 0 0 0 21 0 0 0 0 0 0 0 0 0 0 0 0 0 0 
P6018 2034 9 0 0 0 0 0 0 0 0 0 0 0 0 0 11 0 0 0 14 0 7 0 0 0 0 0 6 0 0 0 0 -999 
P6018 2034 10 0 0 0 0 0 0 0 0 0 2 5 0 12 0 0 32 0 0 0 15 0 0 29 5 0 0 0 0 0 17 9 
P6018 2034 11 8 10 21 0 0 0 7 0 0 11 0 0 0 0 0 0 0 0 0 0 0 0 0 13 19 0 19 0 22 0 -999 
P6018 2034 12 16 0 0 0 0 2 0 0 0 0 18 1 0 1 0 0 0 0 0 0 0 23 48 116 138 115 101 14 0 69 46 
P6018 2035 1 0 48 63 61 0 79 45 0 37 0 0 6 0 0 2 0 0 1 0 0 7 4 0 0 10 23 0 41 31 0 0 
P6018 2035 2 0 0 16 0 30 0 0 0 0 0 0 10 0 0 0 0 0 0 20 0 0 0 51 64 33 0 74 0 -999 -999 -999 
P6018 2035 3 30 0 0 0 2 0 0 0 38 0 0 0 23 40 0 0 0 0 14 0 8 4 0 0 0 0 24 0 91 33 0 
P6018 2035 4 0 0 30 0 44 63 38 61 34 0 0 24 0 0 35 0 0 0 0 52 49 0 0 43 0 0 0 40 58 52 -999 
P6018 2035 5 34 30 13 0 0 0 48 26 0 0 15 7 0 0 0 0 0 0 0 0 0 0 0 0 0 0 0 0 0 0 0 
P6018 2035 6 0 0 0 0 19 0 5 0 0 0 0 0 0 0 0 0 15 0 0 0 0 0 7 0 0 0 0 0 5 0 -999 
P6018 2035 7 0 0 0 0 0 0 0 35 0 0 0 0 0 0 0 0 0 0 20 18 14 0 0 0 0 0 0 0 0 0 0 
P6018 2035 8 0 0 0 0 0 0 0 0 0 0 0 0 0 0 0 0 0 0 0 0 0 0 0 0 0 0 0 0 37 35 35 
P6018 2035 9 0 0 0 0 0 0 0 0 0 0 0 0 0 0 0 0 0 0 10 0 0 0 0 0 0 0 0 23 29 31 -999 
P6018 2035 10 0 0 0 0 0 0 0 0 0 54 52 56 0 40 89 22 0 0 0 65 86 58 35 15 0 16 14 0 8 0 0 
P6018 2035 11 0 0 41 0 0 0 0 0 0 0 0 0 0 0 0 0 0 0 0 0 0 0 0 0 0 0 0 0 0 0 -999 
P6018 2035 12 0 0 0 0 0 0 0 20 23 23 0 0 17 39 38 51 40 75 34 21 0 0 23 37 0 0 29 0 15 0 103 
P6018 2036 1 117 60 0 0 74 97 61 66 65 109 64 42 72 22 30 0 62 37 53 0 38 25 0 0 23 0 0 0 0 0 0 
P6018 2036 2 10 34 0 16 8 3 4 9 0 0 0 0 0 18 0 0 0 0 0 0 0 11 0 21 6 8 8 28 -999 -999 -999 
P6018 2036 3 86 64 0 27 19 0 0 0 14 22 10 0 0 27 36 0 22 0 37 0 0 28 37 0 94 90 0 47 36 0 27 
P6018 2036 4 129 17 19 39 0 0 6 0 0 0 45 57 0 0 0 0 0 0 25 0 27 0 0 0 0 15 0 0 0 0 -999 
P6018 2036 5 6 0 0 0 29 15 0 0 0 0 0 0 18 0 0 0 55 43 58 39 0 74 33 0 0 0 9 0 0 7 0 
P6018 2036 6 0 0 0 0 0 0 0 0 0 0 32 28 31 0 0 36 0 0 0 0 0 0 0 0 0 0 0 0 0 0 -999 
P6018 2036 7 0 0 0 0 8 0 0 0 0 0 0 0 0 0 0 13 11 11 0 0 0 0 0 0 0 0 0 0 0 0 0 
P6018 2036 8 0 0 0 0 0 0 0 0 0 0 0 27 0 0 0 0 0 12 0 0 0 0 0 0 0 0 0 0 0 0 10 
P6018 2036 9 0 0 0 0 0 0 0 0 0 0 0 0 0 0 0 0 0 6 0 0 0 0 0 0 0 0 0 0 0 0 -999 
P6018 2036 10 0 25 0 15 25 0 31 0 0 70 0 0 0 0 47 22 12 0 0 0 8 0 0 0 21 11 0 0 0 0 0 
P6018 2036 11 0 0 0 0 0 45 72 40 0 0 12 0 0 0 0 0 0 0 0 0 3 0 0 24 0 23 0 0 0 10 -999 
P6018 2036 12 0 0 0 0 0 0 0 0 0 10 12 27 23 0 0 0 0 0 0 0 13 0 0 0 0 0 47 52 0 130 109 
P6018 2037 1 57 58 49 30 21 0 0 0 25 13 16 25 28 50 53 100 67 46 50 26 10 0 22 0 0 1 0 9 0 0 5 
P6018 2037 2 0 0 8 0 0 0 17 0 0 0 0 0 0 15 0 0 0 41 55 0 0 0 0 18 0 13 0 0 -999 -999 -999 
P6018 2037 3 0 21 0 0 64 0 57 82 66 0 0 14 0 0 0 0 0 0 20 27 0 98 78 88 53 131 80 41 43 15 28 
P6018 2037 4 0 0 0 0 0 27 0 0 0 0 0 0 63 0 17 0 0 14 0 0 0 0 54 59 45 0 39 35 0 0 -999 
P6018 2037 5 0 0 0 0 32 77 65 23 0 10 0 0 0 0 0 0 6 12 0 0 0 0 0 0 0 0 0 0 0 0 0 
P6018 2037 6 0 0 0 0 9 0 0 22 15 8 6 0 0 0 11 0 0 0 0 0 0 0 0 0 0 0 0 0 0 0 -999 
P6018 2037 7 0 0 0 0 0 0 0 0 0 18 0 0 0 0 0 0 0 0 0 0 0 0 0 16 22 14 16 20 0 0 0 
P6018 2037 8 14 0 0 0 0 0 0 0 0 0 0 0 0 0 0 0 8 0 0 0 14 0 0 0 0 0 0 0 0 0 0 
P6018 2037 9 0 0 0 0 0 0 0 0 15 0 0 0 16 0 12 0 0 0 0 0 0 0 0 0 0 0 0 0 0 0 -999 
P6018 2037 10 0 0 0 0 0 30 17 0 0 0 0 0 0 0 0 0 0 0 0 0 0 0 0 0 0 0 0 0 0 0 0 
P6018 2037 11 48 50 16 0 0 21 0 0 0 0 0 0 16 34 0 57 43 14 0 0 0 3 14 0 0 0 0 24 0 38 -999 
P6018 2037 12 33 0 0 86 101 111 73 21 24 0 49 73 0 20 0 0 0 0 34 42 8 12 25 0 0 0 0 0 0 0 0 
P6018 2038 1 0 0 0 0 0 0 0 17 37 0 46 126 74 28 27 48 22 40 14 36 0 18 0 0 0 13 0 15 16 24 0 
P6018 2038 2 13 12 0 0 0 33 0 0 0 0 0 0 0 0 0 14 16 0 0 13 14 14 0 0 58 38 0 0 -999 -999 -999 
P6018 2038 3 0 0 0 0 20 27 0 0 0 0 22 38 24 0 0 53 67 38 0 0 42 0 66 46 17 0 66 0 36 0 0 
P6018 2038 4 0 61 48 43 7 0 0 46 28 0 6 17 0 0 11 23 0 11 6 0 0 68 17 0 0 0 0 0 0 0 -999 
P6018 2038 5 31 0 0 0 0 0 0 0 0 0 15 0 14 0 0 0 0 0 0 0 0 0 0 0 0 0 0 0 0 0 0 
P6018 2038 6 13 0 0 0 0 0 0 0 0 0 29 24 0 0 0 0 18 0 0 0 0 0 0 0 0 0 0 0 10 0 -999 
P6018 2038 7 22 19 0 0 7 8 0 0 0 0 0 0 0 0 0 0 0 0 0 0 0 0 0 0 0 0 0 0 0 0 0 
P6018 2038 8 0 0 0 0 0 0 0 0 0 0 0 0 0 0 0 0 20 0 0 0 0 14 0 9 0 0 0 13 0 0 0 
P6018 2038 9 0 19 0 0 0 0 0 0 0 0 0 0 0 0 0 0 0 0 0 0 0 0 32 35 0 0 0 0 0 0 -999 
P6018 2038 10 0 0 0 0 0 9 4 0 0 0 0 0 0 0 0 0 0 0 54 40 26 0 71 0 0 0 0 0 0 20 0 
P6018 2038 11 0 0 0 38 93 77 49 23 0 0 0 98 0 14 0 40 0 36 0 22 0 0 0 33 0 0 80 82 86 31 -999 
P6018 2038 12 22 17 9 0 0 18 0 0 0 22 13 2 0 0 0 8 0 0 0 0 9 0 0 0 48 24 27 0 0 0 0 
P6018 2039 1 15 0 53 43 115 27 0 0 0 0 37 89 88 37 49 94 105 58 138 105 49 0 25 53 101 153 163 68 0 0 0 
P6018 2039 2 0 0 0 0 1 0 0 0 0 0 0 0 7 16 0 11 0 10 0 15 60 79 86 47 22 59 44 0 -999 -999 -999 
P6018 2039 3 28 9 0 26 0 0 0 0 0 0 0 0 55 11 0 41 35 0 78 93 79 27 4 6 0 0 0 0 3 4 3 
P6018 2039 4 0 0 0 0 0 0 0 0 0 0 0 0 0 0 0 0 0 0 0 0 0 0 0 0 0 0 0 0 0 24 -999 
P6018 2039 5 38 28 0 0 0 16 0 0 25 64 0 26 0 18 21 0 12 0 12 21 0 14 11 0 0 29 0 28 34 0 0 
P6018 2039 6 15 20 19 11 0 0 0 33 51 25 0 0 0 7 0 0 36 39 0 16 0 0 0 0 0 0 0 0 0 0 -999 
P6018 2039 7 0 0 0 0 0 8 0 0 2 0 0 0 0 0 0 0 0 7 0 0 0 0 0 0 0 0 0 0 0 0 0 
P6018 2039 8 0 0 7 0 0 0 0 0 7 0 0 0 0 0 0 0 0 0 0 0 0 0 0 0 0 0 0 0 0 0 0 
P6018 2039 9 0 0 0 0 0 0 0 25 0 18 0 12 0 0 8 16 0 35 0 13 0 0 0 0 0 0 0 0 0 0 -999 
P6018 2039 10 37 0 0 0 0 0 0 0 0 32 13 0 0 6 0 0 0 0 0 0 35 45 39 61 66 13 0 0 50 0 33 
P6018 2039 11 65 23 0 0 0 0 0 0 0 0 0 4 0 0 0 48 0 0 0 0 0 28 0 0 0 23 0 67 72 60 -999 
P6018 2039 12 43 12 0 14 25 13 0 0 0 0 0 0 0 0 54 27 49 148 47 27 0 0 0 0 0 0 40 27 0 0 0 
P6018 2040 1 0 0 0 0 0 0 0 0 0 0 0 5 0 0 0 13 22 13 0 0 0 0 9 20 0 3 0 7 0 34 111 
P6018 2040 2 53 0 68 88 71 8 0 0 0 0 36 34 38 122 141 86 64 108 98 60 28 45 88 86 47 56 38 72 -999 -999 -999 
P6018 2040 3 0 0 80 71 41 0 0 35 43 26 0 0 0 0 0 0 0 13 0 0 0 0 0 0 0 0 0 0 0 0 0 
P6018 2040 4 35 26 0 31 45 42 22 0 14 0 16 0 0 28 0 14 0 0 0 0 0 0 6 0 34 33 23 0 0 0 -999 
P6018 2040 5 0 0 0 0 0 0 29 11 17 0 0 0 0 0 35 0 0 0 0 0 0 0 0 32 25 0 0 0 0 0 0 
P6018 2040 6 7 0 0 18 15 0 0 0 0 0 0 0 29 23 0 0 0 14 0 0 24 0 0 0 0 7 0 0 0 0 -999 
P6018 2040 7 0 0 0 0 0 0 0 0 0 0 0 0 0 0 0 0 0 0 0 0 0 0 0 0 0 0 0 0 0 0 0 
P6018 2040 8 8 0 0 0 0 0 0 0 0 0 0 0 0 0 0 0 0 0 0 0 0 0 0 0 0 0 0 0 0 0 0 
P6018 2040 9 0 0 0 0 0 0 0 0 10 0 0 0 0 0 12 0 17 0 0 0 19 16 14 0 0 0 4 0 0 0 -999 
P6018 2040 10 0 0 0 0 0 0 0 53 33 27 16 23 23 0 0 34 68 85 12 0 0 0 0 0 33 0 6 0 0 4 0 
P6018 2040 11 0 0 0 0 0 0 0 31 0 0 15 0 42 99 65 101 65 22 26 0 0 0 0 41 0 0 0 25 0 0 -999 
P6018 2040 12 0 0 0 2 0 0 15 25 22 0 10 21 10 0 0 0 0 0 0 0 10 0 0 0 0 0 0 12 9 12 0 
P6018 2041 1 0 0 0 0 0 0 0 0 8 0 0 0 0 0 0 0 17 0 7 0 0 20 44 48 28 30 0 34 23 85 55 
P6018 2041 2 11 0 14 0 0 0 11 21 0 61 48 0 0 27 60 70 22 0 21 23 37 0 0 0 0 0 0 0 -999 -999 -999 
P6018 2041 3 0 0 0 0 0 0 0 0 21 0 0 9 5 5 0 0 0 3 0 0 0 0 0 0 0 8 0 0 25 15 0 
P6018 2041 4 0 0 0 0 0 0 0 0 0 0 0 0 0 0 0 8 0 0 0 7 0 0 0 0 0 0 0 0 0 0 -999 
P6018 2041 5 0 0 0 0 33 0 32 18 0 0 29 25 14 0 0 13 29 48 41 24 4 0 0 0 0 0 0 0 0 0 0 
P6018 2041 6 17 0 11 0 0 0 0 0 0 22 0 0 20 0 0 0 0 0 24 0 0 0 0 0 0 0 0 0 0 0 -999 
P6018 2041 7 0 0 16 0 0 0 0 0 0 0 0 0 0 0 0 0 0 0 12 0 0 0 0 0 0 0 0 0 0 0 0 
P6018 2041 8 0 0 0 0 0 0 0 12 0 0 0 0 19 0 0 0 0 0 0 0 0 0 0 0 13 0 0 0 0 0 0 
P6018 2041 9 0 0 0 7 0 0 0 0 0 10 0 0 0 0 0 0 0 0 0 0 0 0 0 0 0 0 0 0 0 0 -999 
P6018 2041 10 0 0 0 0 0 0 0 0 0 0 0 14 0 0 0 0 0 0 0 0 0 0 0 0 35 0 0 0 0 0 0 
P6018 2041 11 0 80 23 17 0 7 0 13 5 0 0 0 0 0 0 12 0 16 21 12 25 8 0 0 37 0 0 0 17 0 -999 
P6018 2041 12 0 62 89 27 0 13 0 54 58 12 0 0 9 0 0 0 0 0 0 15 40 19 0 0 10 0 14 43 43 48 37 
P6018 2042 1 0 66 102 78 33 20 0 0 16 27 24 0 0 5 0 0 0 41 74 0 4 4 0 48 62 71 103 64 0 0 0 
P6018 2042 2 0 0 0 0 0 0 0 0 0 0 0 0 0 0 0 0 0 3 0 0 0 0 17 19 0 0 0 0 -999 -999 -999 
P6018 2042 3 0 4 0 0 15 0 0 12 22 0 0 7 0 12 0 0 0 37 36 31 54 0 0 0 0 0 17 0 0 5 0 
P6018 2042 4 0 3 0 0 0 0 0 0 0 0 0 0 0 0 0 40 43 31 17 26 19 0 50 0 0 0 8 0 0 49 -999 
P6018 2042 5 39 62 80 64 31 33 30 29 0 60 42 30 0 26 7 0 12 0 8 7 0 0 16 0 0 0 7 0 0 22 25 
P6018 2042 6 0 23 21 24 36 0 34 0 0 0 0 0 0 0 0 0 0 16 0 31 14 0 0 0 0 0 0 0 0 0 -999 
P6018 2042 7 0 0 0 0 0 0 0 0 0 0 0 0 0 0 0 0 0 0 0 0 0 0 0 0 0 0 0 0 0 0 0 
P6018 2042 8 0 0 0 0 5 0 0 0 0 0 0 0 8 0 0 16 0 26 0 0 0 0 0 0 0 0 0 0 6 0 0 
P6018 2042 9 0 38 0 0 0 0 0 0 0 12 0 0 0 0 0 0 0 0 0 0 0 0 0 0 0 0 0 0 0 0 -999 
P6018 2042 10 0 0 0 0 0 0 0 0 0 6 4 0 3 0 0 0 0 0 0 0 0 0 32 6 0 0 0 0 0 0 0 
P6018 2042 11 0 0 0 18 0 30 20 18 27 23 0 64 0 0 0 0 0 0 7 6 14 34 0 0 17 51 25 0 0 15 -999 
P6018 2042 12 24 0 0 0 108 9 0 0 0 0 50 0 0 0 13 12 0 0 57 49 18 28 18 0 0 0 0 0 40 84 0 
P6018 2043 1 9 2 0 0 0 0 5 10 11 21 40 65 20 57 69 54 0 0 0 0 2 0 0 0 0 0 0 0 0 0 0 
P6018 2043 2 1 0 0 0 0 0 0 11 0 0 35 17 0 0 42 31 0 0 0 0 0 0 0 14 0 0 25 14 -999 -999 -999 
P6018 2043 3 0 13 4 0 0 0 7 7 6 16 43 0 47 81 42 68 0 50 51 53 0 45 62 74 0 47 0 25 79 103 39 
P6018 2043 4 55 63 68 27 20 0 23 30 37 0 17 22 0 0 0 3 0 0 0 0 0 0 0 0 0 0 41 0 71 29 -999 
P6018 2043 5 30 17 0 0 0 0 0 0 0 0 0 0 0 27 35 37 76 56 0 66 0 0 0 7 0 0 0 0 0 0 0 
P6018 2043 6 0 14 28 0 0 0 5 0 0 0 0 0 0 0 0 0 0 0 0 0 0 0 0 0 0 0 0 0 0 0 -999 
P6018 2043 7 0 4 0 5 0 0 0 0 0 0 0 3 0 0 0 0 0 0 0 0 0 9 0 0 0 0 0 0 0 0 0 
P6018 2043 8 0 0 0 0 14 0 8 0 0 24 0 0 0 0 0 0 0 0 0 0 0 0 0 0 0 0 0 0 0 0 0 
P6018 2043 9 0 0 0 0 0 0 7 0 0 0 13 0 0 0 0 0 0 0 0 0 0 11 0 0 0 0 0 0 0 0 -999 
P6018 2043 10 0 0 9 0 0 0 0 0 0 0 0 0 50 33 0 0 0 0 0 16 0 0 19 0 0 0 4 0 12 0 9 
P6018 2043 11 0 19 17 0 135 43 9 4 0 0 0 0 0 0 10 0 11 0 38 0 91 87 0 33 58 0 0 23 41 19 -999 
P6018 2043 12 9 0 0 68 60 39 0 0 0 0 0 0 0 0 0 0 0 20 27 0 0 0 0 0 0 0 0 0 3 3 0 
P6018 2044 1 0 2 0 1 0 14 14 22 17 0 40 28 0 22 15 0 31 0 50 0 0 18 13 38 0 85 38 0 11 0 0 
P6018 2044 2 0 0 0 0 30 8 0 9 0 34 25 16 14 8 0 19 24 0 0 0 0 0 0 0 0 0 12 0 -999 -999 -999 
P6018 2044 3 0 0 7 0 0 0 0 0 0 10 0 0 0 8 0 19 15 0 4 6 0 0 0 0 0 12 0 27 23 22 0 
P6018 2044 4 28 51 58 37 38 20 0 0 38 0 4 0 0 0 0 0 0 11 0 0 0 0 0 11 0 11 13 17 27 24 -999 
P6018 2044 5 21 0 21 27 0 0 60 0 31 69 60 54 0 0 23 0 0 0 0 0 34 0 0 0 0 10 0 0 6 0 0 
P6018 2044 6 0 0 0 0 0 5 0 0 0 0 14 13 0 0 30 0 0 0 0 0 30 33 0 0 0 0 15 0 0 25 -999 
P6018 2044 7 0 0 0 0 0 0 0 0 0 0 20 20 0 0 0 0 0 0 0 0 0 0 0 0 0 0 0 0 0 0 0 
P6018 2044 8 18 21 18 0 0 0 0 0 0 0 0 0 0 0 0 0 0 0 0 0 0 0 0 0 0 0 0 0 0 0 0 
P6018 2044 9 0 6 0 0 0 0 0 0 0 0 0 0 0 0 0 0 0 0 0 0 9 0 9 0 0 0 13 0 0 0 -999 
P6018 2044 10 0 0 0 0 0 0 0 0 0 0 20 0 8 0 0 0 0 0 57 65 0 0 26 110 84 48 0 0 0 0 0 
P6018 2044 11 0 7 0 0 22 0 13 0 18 41 59 0 89 66 53 54 37 19 0 0 102 37 0 0 20 18 0 0 0 8 -999 
P6018 2044 12 5 0 0 0 0 0 7 0 2 0 0 0 0 0 0 0 0 48 74 67 22 0 61 25 0 66 34 0 0 37 36 
P6018 2045 1 49 0 93 0 71 21 0 77 140 80 55 73 9 0 0 0 0 0 0 0 0 0 0 0 0 0 0 0 0 0 0 
P6018 2045 2 0 0 0 0 0 19 35 9 0 0 63 87 32 0 0 0 0 0 0 0 0 39 22 0 0 130 223 166 -999 -999 -999 
P6018 2045 3 14 0 0 38 14 0 28 0 69 65 59 58 52 0 32 19 0 0 0 0 0 0 0 0 0 0 0 0 0 0 0 
P6018 2045 4 0 13 0 0 0 0 0 0 0 0 15 26 13 47 47 0 0 0 16 6 12 14 7 0 0 0 0 0 0 0 -999 
P6018 2045 5 24 0 0 56 23 0 0 0 0 0 0 0 22 0 2 0 0 0 0 51 39 50 52 44 0 16 0 0 52 0 0 
P6018 2045 6 0 14 0 0 0 0 0 9 0 0 0 0 26 0 41 0 0 16 15 25 23 0 0 0 0 11 0 0 17 0 -999 
P6018 2045 7 0 0 0 0 11 0 0 0 0 0 0 0 0 0 7 0 0 0 15 0 0 0 0 0 0 0 33 0 0 0 0 
P6018 2045 8 0 0 0 0 0 0 0 0 0 0 0 0 0 0 0 0 0 0 0 0 0 0 0 0 0 9 0 0 11 0 0 
P6018 2045 9 0 0 0 0 18 0 0 0 23 0 0 0 0 0 0 0 0 0 0 0 0 0 10 0 0 0 0 0 4 0 -999 
P6018 2045 10 0 0 0 0 15 10 0 13 9 9 0 0 0 0 0 0 0 0 31 33 0 0 0 0 0 0 0 0 0 0 0 
P6018 2045 11 0 0 38 66 0 14 0 0 0 0 0 0 0 0 13 14 0 0 41 11 0 0 0 0 0 19 0 0 17 0 -999 
P6018 2045 12 19 0 0 1 0 0 0 0 0 0 55 0 7 0 0 0 0 0 0 0 0 8 0 87 33 0 0 0 0 0 0 
P6018 2046 1 17 0 14 17 0 0 11 0 0 0 0 0 0 0 0 13 34 116 121 87 63 55 77 69 58 95 0 43 110 80 69 
P6018 2046 2 52 0 0 13 0 0 19 19 0 26 32 38 0 0 0 119 137 122 33 19 0 0 0 16 15 21 39 35 -999 -999 -999 
P6018 2046 3 0 0 34 36 0 0 0 0 8 0 0 0 0 0 0 0 0 0 0 0 0 0 0 16 16 41 23 0 0 0 0 
P6018 2046 4 64 17 0 0 0 0 28 0 63 54 0 22 42 58 57 62 56 0 0 0 21 35 49 43 0 42 37 0 24 23 -999 
P6018 2046 5 18 15 7 0 0 0 0 0 0 0 0 0 32 0 0 13 17 0 23 0 28 26 61 54 80 50 24 0 0 27 29 
P6018 2046 6 27 0 26 39 73 32 0 0 0 17 15 0 0 0 22 39 0 15 8 0 0 0 0 0 0 0 0 0 0 0 -999 
P6018 2046 7 0 0 0 0 0 0 0 0 0 21 0 0 0 0 0 0 0 0 0 0 0 0 0 0 0 0 0 0 0 0 0 
P6018 2046 8 0 0 0 0 0 0 0 0 0 0 0 0 0 0 0 0 15 0 0 0 0 0 0 0 6 10 0 0 0 0 0 
P6018 2046 9 0 0 0 0 0 0 0 0 0 0 0 0 0 0 0 0 0 0 0 0 28 0 9 0 0 0 0 0 18 0 -999 
P6018 2046 10 0 17 25 18 0 14 25 20 0 0 23 0 0 0 0 20 0 0 7 0 0 0 0 0 8 0 0 0 0 0 15 
P6018 2046 11 0 27 56 29 0 9 0 0 0 0 0 3 0 0 0 0 0 0 0 0 11 15 0 27 0 0 0 0 0 0 -999 
P6018 2046 12 0 19 0 0 0 0 0 0 0 0 17 24 0 22 0 25 21 25 0 0 0 0 0 0 0 0 7 4 13 0 0 
P6018 2047 1 0 32 71 69 50 0 0 0 30 34 29 0 0 0 0 35 0 17 0 11 20 0 0 0 0 0 36 36 26 0 43 
P6018 2047 2 0 0 0 0 19 0 0 0 0 0 0 0 0 0 0 0 0 0 0 0 42 0 0 52 0 10 0 0 -999 -999 -999 
P6018 2047 3 0 0 24 22 25 38 0 0 0 0 0 0 0 58 22 0 29 39 0 0 0 0 0 0 9 0 0 0 6 12 21 
P6018 2047 4 22 0 0 6 0 0 0 0 0 0 23 0 0 0 0 0 0 36 26 0 19 29 31 49 31 0 0 0 26 0 -999 
P6018 2047 5 0 23 0 0 20 53 0 0 0 0 7 13 31 57 75 36 0 0 0 0 27 0 0 15 0 0 0 0 0 0 0 
P6018 2047 6 0 0 0 0 0 0 0 0 0 0 0 0 0 0 0 0 0 0 0 0 0 0 0 0 0 0 0 0 0 0 -999 
P6018 2047 7 0 0 0 0 0 0 0 0 9 0 0 0 0 0 14 0 0 0 20 0 0 0 0 9 0 0 0 0 0 0 0 
P6018 2047 8 0 0 0 0 0 0 0 0 0 0 13 0 0 0 0 0 0 0 0 0 0 0 0 0 0 0 0 30 33 0 28 
P6018 2047 9 19 0 0 0 0 0 0 0 0 8 0 0 0 0 0 5 0 0 0 0 0 0 0 0 0 34 0 0 0 0 -999 
P6018 2047 10 34 0 0 64 40 0 0 0 33 17 0 0 0 0 0 0 0 7 0 0 0 0 0 0 26 0 25 22 0 0 0 
P6018 2047 11 12 0 0 0 9 0 5 8 0 0 0 0 0 0 0 0 0 0 47 35 0 2 0 0 0 0 20 52 28 0 -999 
P6018 2047 12 55 70 0 74 208 217 223 113 0 14 0 0 0 16 69 55 25 66 140 82 31 84 0 62 63 0 0 0 0 24 0 
P6018 2048 1 0 0 0 0 0 0 0 0 0 0 0 3 5 0 8 0 0 0 0 0 20 21 0 0 12 73 77 0 0 0 41 
P6018 2048 2 0 0 13 16 0 22 45 96 21 41 14 0 0 0 27 20 32 60 19 0 0 16 0 0 0 0 0 0 -999 -999 -999 
P6018 2048 3 0 0 0 0 0 0 0 0 0 0 0 0 12 0 0 0 0 0 43 43 26 26 26 0 0 0 0 0 0 21 18 
P6018 2048 4 9 0 0 0 0 36 48 0 0 8 0 60 75 52 0 0 0 0 105 109 43 0 0 17 0 25 0 0 15 18 -999 
P6018 2048 5 0 0 16 16 0 6 8 0 0 0 0 33 28 28 0 0 0 5 0 0 0 0 33 20 0 0 0 39 38 0 0 
P6018 2048 6 0 0 0 0 23 17 0 0 0 11 7 5 0 0 0 0 0 0 0 0 0 0 0 0 0 0 0 0 0 0 -999 
P6018 2048 7 0 0 0 0 0 18 0 13 0 0 8 0 0 0 0 0 0 0 0 0 0 0 0 0 0 0 0 0 0 0 0 
P6018 2048 8 0 0 0 0 0 19 0 16 0 0 0 0 0 0 0 0 0 0 12 0 0 0 0 0 0 0 0 0 0 0 0 
P6018 2048 9 0 0 0 8 0 0 0 0 0 0 0 10 0 0 8 0 9 0 0 0 0 0 0 0 0 0 0 0 14 0 -999 
P6018 2048 10 0 0 77 38 0 0 0 0 0 0 0 0 0 33 30 66 0 15 0 11 0 0 21 0 12 15 17 0 0 32 37 
P6018 2048 11 30 30 0 0 0 0 41 29 8 16 36 27 0 0 0 27 66 0 0 0 0 0 4 0 0 0 0 0 101 93 -999 
P6018 2048 12 66 83 118 0 0 0 0 0 0 0 0 0 0 0 24 0 0 0 60 132 37 0 31 16 0 0 8 0 0 0 0 
P6018 2049 1 0 29 0 5 14 0 12 0 0 0 0 0 0 0 0 0 0 0 0 0 0 0 0 0 0 0 0 0 0 0 0 
P6018 2049 2 0 0 0 0 0 0 35 63 23 0 0 109 131 109 56 103 87 80 67 58 93 55 0 179 101 133 73 0 -999 -999 -999 
P6018 2049 3 45 89 102 0 97 51 0 27 0 52 42 0 0 54 0 0 41 0 19 0 0 0 0 0 0 0 0 0 0 0 22 
P6018 2049 4 0 0 0 0 48 24 9 2 8 0 0 0 6 0 0 0 0 0 0 0 0 10 17 0 0 0 12 0 19 0 -999 
P6018 2049 5 24 34 0 10 0 0 0 28 21 2 0 0 0 0 0 0 0 0 0 24 19 0 10 0 0 0 0 0 0 0 0 
P6018 2049 6 0 0 0 0 0 0 0 0 0 0 0 12 16 0 0 0 0 0 0 0 0 0 0 0 0 0 0 0 0 0 -999 
P6018 2049 7 22 0 0 0 0 25 30 10 8 0 6 0 0 0 12 0 0 0 0 7 0 0 0 0 0 0 0 0 0 0 0 
P6018 2049 8 0 0 0 0 0 0 0 0 0 0 0 0 0 0 0 0 0 0 0 0 0 0 0 16 0 0 0 0 0 0 0 
P6018 2049 9 0 0 0 15 0 10 0 0 0 0 0 0 0 0 0 0 0 0 0 0 0 0 0 0 0 0 0 0 0 11 -999 
P6018 2049 10 7 0 0 0 9 0 0 0 0 0 0 0 21 0 0 63 25 31 27 13 15 12 0 40 34 38 69 41 0 0 0 
P6018 2049 11 0 0 26 22 0 38 82 115 75 0 0 0 0 0 0 0 0 15 0 0 9 5 0 12 0 11 0 0 55 0 -999 
P6018 2049 12 0 0 0 0 0 0 0 0 9 0 3 0 9 0 79 76 0 0 0 0 0 10 16 0 32 35 0 0 10 0 0 
P6018 2050 1 0 0 0 5 0 0 5 0 18 39 111 85 97 100 50 98 65 108 20 0 0 14 21 0 24 40 30 11 0 15 21 
P6018 2050 2 0 0 52 0 0 0 0 24 33 16 3 0 0 0 0 0 0 7 0 0 0 0 0 0 0 7 0 0 -999 -999 -999 
P6018 2050 3 0 0 0 0 0 0 9 0 0 0 0 8 0 0 0 0 12 17 27 0 19 25 0 0 0 0 0 25 0 0 0 
P6018 2050 4 0 0 0 0 0 0 16 0 0 0 0 88 0 1 0 0 46 29 0 0 33 75 0 37 0 0 30 11 0 0 -999 
P6018 2050 5 0 37 17 28 0 0 0 22 0 0 26 0 0 0 0 0 0 0 0 0 10 0 0 0 0 26 34 0 28 15 0 
P6018 2050 6 0 0 0 0 14 10 0 0 0 0 0 0 0 20 0 0 3 2 0 0 0 0 0 0 0 0 0 0 0 0 -999 
P6018 2050 7 0 0 0 0 0 0 0 0 0 0 0 0 0 0 25 0 14 0 0 0 0 0 0 0 0 0 0 0 0 0 0 
P6018 2050 8 0 0 0 0 0 0 17 0 0 0 0 0 0 0 0 0 0 0 0 0 0 0 0 0 0 0 0 0 0 0 0 
P6018 2050 9 0 0 0 15 0 0 0 0 0 0 0 0 0 0 11 0 0 0 0 0 0 0 0 0 11 0 0 0 0 0 -999 
P6018 2050 10 0 0 0 0 0 0 27 0 0 0 0 0 0 3 0 53 0 21 21 0 0 16 0 0 0 0 38 44 0 43 0 
P6018 2050 11 0 20 0 0 0 0 0 2 0 0 0 0 14 23 27 8 0 11 0 17 12 0 54 49 9 7 39 25 0 0 -999 
P6018 2050 12 10 17 44 9 20 23 0 30 49 73 0 0 86 97 61 13 0 0 0 0 0 16 0 11 0 0 0 0 0 13 0 
P6018 2051 1 0 0 21 0 0 0 0 0 0 21 13 54 102 46 40 10 0 23 0 3 0 6 0 0 0 0 0 8 0 32 41 
P6018 2051 2 49 69 0 0 17 20 19 16 0 0 0 0 0 0 0 0 25 0 0 45 0 0 0 49 0 0 58 0 -999 -999 -999 
P6018 2051 3 0 0 57 68 60 41 0 0 37 49 56 53 71 42 21 29 41 0 0 0 19 25 0 18 10 0 0 14 0 0 0 
P6018 2051 4 0 0 0 0 14 0 0 0 0 30 0 13 0 34 90 0 0 0 0 0 0 0 0 12 9 0 0 0 0 0 -999 
P6018 2051 5 0 0 23 0 0 0 0 6 29 9 6 0 0 0 0 0 21 0 0 31 0 0 11 0 16 0 0 24 21 0 0 
P6018 2051 6 0 31 28 17 20 15 16 23 47 0 17 8 0 0 0 0 0 0 0 5 0 0 0 0 0 0 0 0 0 0 -999 
P6018 2051 7 0 0 0 0 0 0 0 0 0 0 0 0 0 0 0 0 0 0 0 0 0 24 0 0 0 0 0 0 0 0 0 
P6018 2051 8 0 0 0 0 0 0 0 0 0 0 0 0 0 0 0 0 0 0 0 0 0 6 0 0 0 0 0 0 0 0 0 
P6018 2051 9 0 0 0 20 0 0 0 0 0 0 0 0 0 0 0 0 0 0 0 0 6 0 0 30 17 0 0 0 0 0 -999 
P6018 2051 10 0 0 0 0 0 0 0 0 0 0 0 0 0 24 55 0 0 24 0 0 0 0 0 0 0 0 0 0 51 17 0 
P6018 2051 11 0 0 0 0 22 0 0 0 0 0 0 30 0 37 0 0 0 41 0 0 0 0 76 43 42 49 0 0 40 62 -999 
P6018 2051 12 0 0 0 0 0 38 67 0 18 0 0 25 0 34 0 45 32 0 0 41 0 55 17 12 0 0 0 0 0 0 9 
P6018 2052 1 0 0 0 0 0 4 0 0 0 0 0 0 0 0 4 0 11 0 0 0 0 0 0 8 9 0 6 0 0 0 0 
P6018 2052 2 0 0 0 0 0 0 0 0 0 0 0 22 20 28 31 0 0 31 0 27 0 13 0 34 46 36 0 6 -999 -999 -999 
P6018 2052 3 0 0 16 0 10 0 0 0 7 0 9 0 0 44 41 30 24 0 0 0 74 48 26 0 65 50 30 0 0 21 0 
P6018 2052 4 0 0 0 0 0 0 0 0 0 0 0 0 0 0 0 0 0 0 0 0 0 9 0 9 0 0 0 0 0 0 -999 
P6018 2052 5 0 0 0 0 0 26 39 38 25 0 0 37 27 0 0 13 0 0 26 0 0 0 0 0 0 18 0 42 0 0 22 
P6018 2052 6 0 0 0 0 19 0 0 0 0 0 36 34 25 6 18 34 22 0 9 0 17 0 0 23 14 0 0 0 0 0 -999 
P6018 2052 7 0 0 0 0 0 0 0 0 0 8 0 0 0 8 0 0 0 0 0 7 0 0 0 0 0 0 0 0 0 0 0 
P6018 2052 8 0 0 0 0 0 0 0 0 7 0 0 0 7 0 0 0 0 0 0 0 0 0 0 0 0 0 15 0 0 0 0 
P6018 2052 9 0 0 14 7 0 0 0 0 0 8 0 0 0 0 0 0 16 0 0 31 10 0 0 0 0 0 19 0 0 0 -999 
P6018 2052 10 17 0 0 11 12 0 0 0 0 0 0 0 26 0 0 0 0 0 0 0 4 0 0 0 0 0 0 0 0 0 0 
P6018 2052 11 0 0 0 0 0 0 10 0 0 0 0 0 0 0 0 0 0 0 11 15 20 0 12 0 0 64 84 0 15 28 -999 
P6018 2052 12 36 34 0 22 31 0 7 0 43 99 0 21 78 62 0 14 40 0 0 22 0 0 21 0 0 0 0 5 16 54 30 
P6018 2053 1 12 0 0 0 0 0 0 0 0 0 0 0 0 0 18 0 0 0 0 3 0 4 0 0 0 0 0 0 0 0 9 
P6018 2053 2 0 48 30 73 44 43 67 0 27 12 0 0 0 3 0 7 0 0 0 0 0 0 0 0 0 16 0 59 -999 -999 -999 
P6018 2053 3 55 0 0 0 47 20 6 0 20 20 19 11 0 18 23 0 48 46 36 0 23 15 11 0 0 0 0 19 0 0 0 
P6018 2053 4 31 0 0 0 0 55 0 51 25 38 43 0 11 0 0 0 0 0 0 9 0 0 0 0 0 0 0 0 0 0 -999 
P6018 2053 5 41 27 43 0 38 0 74 38 0 16 23 21 10 0 0 0 0 0 25 0 0 0 32 31 12 10 9 11 0 11 0 
P6018 2053 6 0 0 21 18 9 0 0 0 0 0 0 12 0 0 0 0 0 5 0 0 0 0 11 0 0 0 0 0 0 0 -999 
P6018 2053 7 0 0 0 0 0 0 0 0 0 0 0 0 0 0 0 0 0 0 0 0 0 0 0 15 15 0 0 0 0 14 0 
P6018 2053 8 0 0 0 7 0 0 0 0 15 0 0 0 0 0 0 0 0 0 0 20 0 0 0 0 0 0 0 0 0 0 0 
P6018 2053 9 0 0 0 0 0 0 0 0 0 0 0 0 0 0 0 0 0 23 16 0 13 0 0 0 0 0 0 0 0 0 -999 
P6018 2053 10 0 0 0 0 0 0 0 0 0 0 0 0 0 0 26 0 0 14 0 8 0 0 0 0 0 42 0 0 0 27 21 
P6018 2053 11 0 0 49 13 0 0 18 0 68 92 43 53 26 29 83 71 77 0 0 18 0 24 22 24 7 24 41 21 38 36 -999 
P6018 2053 12 0 20 21 0 0 0 0 0 0 0 0 0 16 13 21 0 0 5 0 0 0 26 22 26 69 68 0 41 62 52 61 
P6018 2054 1 51 42 114 0 0 84 41 33 86 0 0 75 75 87 0 0 56 14 12 0 0 0 2 0 0 11 0 164 76 33 41 
P6018 2054 2 0 0 0 27 0 0 0 49 0 15 0 48 30 21 0 21 0 0 0 0 0 0 0 0 0 0 0 0 -999 -999 -999 
P6018 2054 3 0 0 0 0 0 0 0 0 0 0 0 0 0 0 0 0 9 25 7 10 0 20 42 11 5 0 0 0 0 36 35 
P6018 2054 4 0 0 27 18 56 83 117 77 33 0 56 50 0 6 0 42 20 0 0 0 0 0 0 0 7 0 0 49 0 36 -999 
P6018 2054 5 32 19 0 0 0 21 14 0 0 0 21 0 0 0 0 33 22 0 0 0 0 0 21 73 79 26 21 27 0 21 0 
P6018 2054 6 0 0 0 0 0 24 0 0 0 0 0 0 0 0 0 0 0 0 0 0 0 0 0 0 0 0 0 0 0 0 -999 
P6018 2054 7 0 0 6 0 0 0 0 0 0 0 0 0 0 0 0 0 0 0 0 0 0 0 0 0 0 7 0 0 0 0 0 
P6018 2054 8 0 0 0 0 0 0 0 0 0 0 16 0 0 0 0 0 0 0 0 0 0 0 0 0 0 31 18 0 0 0 6 
P6018 2054 9 0 0 0 0 0 0 0 0 0 0 0 0 0 14 0 0 19 16 8 2 0 0 0 42 0 0 0 0 21 59 -999 
P6018 2054 10 30 0 0 0 0 7 11 0 0 0 0 0 0 0 0 0 0 35 0 0 0 0 0 0 53 41 0 0 0 13 16 
P6018 2054 11 0 0 5 0 7 0 21 28 101 104 72 41 28 0 91 40 17 32 41 99 0 0 0 0 0 0 43 0 0 0 -999 
P6018 2054 12 0 8 0 0 0 0 0 0 0 7 0 0 35 20 0 0 0 0 0 0 0 10 34 70 96 73 82 0 0 74 77 
P6018 2055 1 26 0 38 48 16 9 13 0 0 58 0 27 20 0 0 0 40 133 79 0 0 0 0 0 0 0 0 0 5 2 0 
P6018 2055 2 2 0 21 33 30 47 0 40 6 0 0 0 0 0 0 5 6 0 0 0 0 0 0 0 0 0 0 13 -999 -999 -999 
P6018 2055 3 0 24 36 36 0 0 0 0 0 0 15 0 0 0 7 0 0 0 0 0 0 0 25 0 32 29 0 0 0 0 0 
P6018 2055 4 0 0 0 10 11 0 0 0 0 26 32 32 0 0 0 0 0 0 0 0 21 31 7 0 0 0 18 9 0 0 -999 
P6018 2055 5 0 3 0 0 0 0 0 0 0 0 65 33 0 0 0 1 0 0 0 0 10 0 0 0 30 39 19 0 0 12 0 
P6018 2055 6 0 0 0 12 0 0 0 0 0 0 0 0 0 0 0 0 0 0 0 0 0 14 0 0 0 0 0 0 0 0 -999 
P6018 2055 7 0 0 0 0 0 0 0 0 0 0 0 0 0 0 0 0 0 0 0 0 0 0 0 0 0 0 19 0 0 0 0 
P6018 2055 8 0 0 0 0 0 0 0 0 0 0 0 0 0 0 0 0 0 0 0 15 0 0 0 0 0 0 0 0 0 0 0 
P6018 2055 9 0 0 0 0 0 0 0 0 0 6 4 0 0 0 0 0 0 0 0 0 0 0 0 0 0 0 0 0 0 42 -999 
P6018 2055 10 41 0 0 44 0 33 0 0 0 26 56 36 13 0 44 74 105 37 0 29 5 0 0 0 0 0 24 0 0 19 21 
P6018 2055 11 0 11 13 0 30 50 59 0 26 10 25 0 13 16 0 27 38 0 0 0 3 20 16 0 0 0 54 42 137 67 -999 
P6018 2055 12 22 8 41 19 48 21 0 25 0 0 0 0 0 0 0 0 0 0 0 0 0 8 0 3 0 9 14 37 46 43 23 
P6018 2056 1 28 0 0 0 80 70 93 91 61 112 44 6 0 0 0 0 0 19 15 0 0 0 10 0 0 0 111 40 0 0 11 
P6018 2056 2 0 37 21 11 0 72 84 27 0 60 93 72 37 123 108 31 0 60 0 116 96 124 0 55 41 0 0 0 -999 -999 -999 
P6018 2056 3 0 34 15 20 0 122 96 67 0 126 100 85 62 111 49 10 24 23 0 90 0 0 0 16 0 0 0 67 53 43 0 
P6018 2056 4 0 0 39 0 7 0 0 0 0 0 0 0 0 36 0 0 0 0 23 0 0 0 10 0 20 0 0 0 0 0 -999 
P6018 2056 5 0 0 0 0 0 29 0 0 44 36 41 36 23 0 0 0 0 0 0 0 0 0 0 12 0 0 6 14 0 0 0 
P6018 2056 6 0 0 0 0 17 0 0 0 17 0 7 0 0 0 0 13 0 0 0 0 0 0 11 0 8 0 0 0 0 0 -999 
P6018 2056 7 0 0 0 0 0 0 0 0 0 6 0 0 0 0 0 0 0 0 0 0 0 0 0 0 0 0 0 6 0 0 0 
P6018 2056 8 0 0 0 0 0 0 0 0 0 0 0 15 6 0 0 0 0 0 0 0 0 0 0 0 0 9 0 0 18 6 0 
P6018 2056 9 0 0 0 0 0 0 44 0 0 0 0 0 0 0 0 0 0 0 0 0 0 0 0 0 0 0 0 0 0 0 -999 
P6018 2056 10 0 0 0 0 0 18 0 29 0 0 0 0 0 0 0 11 0 0 0 0 7 18 30 47 111 107 23 0 10 9 0 
P6018 2056 11 0 37 0 0 0 41 50 0 68 0 41 65 35 0 95 52 0 0 0 24 0 0 0 0 0 0 0 0 0 0 -999 
P6018 2056 12 0 0 0 0 1 0 0 0 0 0 0 0 0 0 0 20 27 0 26 0 0 10 0 0 0 0 20 36 28 29 93 
P6018 2057 1 78 106 64 45 84 0 52 0 0 0 67 19 0 0 0 0 0 0 0 16 8 0 0 0 0 22 57 175 111 27 35 
P6018 2057 2 0 0 0 12 33 23 0 0 34 5 0 0 0 0 0 14 21 6 0 3 0 0 0 0 49 0 0 32 -999 -999 -999 
P6018 2057 3 29 55 34 10 0 0 0 0 0 0 0 0 5 15 46 35 46 94 0 37 18 3 0 0 0 0 7 48 47 0 37 
P6018 2057 4 54 54 42 11 7 0 0 0 6 0 28 0 47 45 47 51 59 51 0 0 5 34 72 11 0 0 0 0 0 23 -999 
P6018 2057 5 0 0 10 26 32 21 0 0 0 20 0 0 0 0 0 0 0 0 0 0 0 0 0 20 0 0 0 0 0 0 0 
P6018 2057 6 0 0 0 0 0 0 0 0 0 0 0 0 0 0 0 0 0 0 0 0 0 0 0 0 22 0 0 0 0 0 -999 
P6018 2057 7 4 0 0 0 0 0 0 0 0 0 0 0 0 0 0 0 0 0 0 0 0 0 0 8 0 0 0 0 0 0 0 
P6018 2057 8 0 0 0 0 0 0 0 0 0 0 0 0 0 0 0 0 0 0 0 0 0 0 0 0 0 0 0 0 0 0 10 
P6018 2057 9 0 0 0 0 0 0 0 0 0 0 16 0 0 0 0 0 0 0 0 0 0 0 0 0 0 31 5 0 23 0 -999 
P6018 2057 10 15 0 21 0 27 0 0 0 0 0 0 20 52 0 9 0 0 0 0 0 0 33 32 0 60 0 92 58 51 0 0 
P6018 2057 11 0 0 15 0 14 0 0 0 0 0 69 87 138 43 16 0 11 15 0 32 32 0 0 0 0 0 53 64 26 109 -999 
P6018 2057 12 63 54 0 9 25 0 0 0 0 0 0 0 21 0 0 0 0 0 73 38 54 29 74 117 47 0 0 12 0 0 2 
P6018 2058 1 20 0 3 4 0 8 13 7 0 37 0 75 102 69 133 181 57 34 12 0 1 0 0 0 0 0 33 54 71 91 66 
P6018 2058 2 0 15 0 0 76 42 36 40 40 0 18 69 16 0 0 0 0 0 0 0 0 0 0 0 0 0 3 0 -999 -999 -999 
P6018 2058 3 0 0 0 31 0 0 0 0 22 0 0 0 0 0 0 0 0 0 30 0 0 0 0 0 3 0 0 0 0 0 0 
P6018 2058 4 56 0 10 0 0 0 46 27 22 0 19 0 0 0 0 0 0 0 0 0 0 0 0 0 38 35 21 0 17 22 -999 
P6018 2058 5 17 0 21 49 33 40 23 0 0 0 0 0 0 0 0 15 0 0 0 0 0 0 0 35 0 16 0 0 0 0 0 
P6018 2058 6 0 0 0 0 7 0 0 0 28 0 11 0 0 0 0 0 0 17 0 0 0 0 0 0 0 0 0 0 0 0 -999 
P6018 2058 7 0 0 0 0 0 0 0 0 0 0 0 0 0 0 0 0 0 0 0 0 0 0 0 0 0 0 0 0 0 0 0 
P6018 2058 8 0 0 0 0 0 0 0 0 0 0 32 0 0 0 0 0 0 0 9 0 8 0 0 0 0 0 0 0 0 0 0 
P6018 2058 9 0 0 0 0 0 0 0 0 0 25 0 0 0 0 0 0 0 0 0 0 0 0 0 0 0 7 0 0 0 22 -999 
P6018 2058 10 9 0 36 72 54 17 0 8 0 0 0 0 0 0 0 0 0 0 0 36 36 0 32 0 11 0 7 0 0 0 0 
P6018 2058 11 0 0 0 0 12 0 22 60 0 0 37 8 11 0 21 0 0 0 0 10 0 0 0 0 0 0 0 4 0 0 -999 
P6018 2058 12 0 0 0 21 13 0 0 4 0 0 0 0 0 0 0 0 0 0 0 0 0 3 0 0 0 0 7 0 0 0 0 
P6018 2059 1 0 1 1 0 0 28 0 54 17 0 0 0 0 0 0 0 0 0 1 0 0 0 0 0 1 0 0 4 0 0 0 
P6018 2059 2 0 0 4 0 0 0 0 0 0 0 0 22 39 0 15 0 0 0 0 0 0 0 0 0 10 0 0 0 -999 -999 -999 
P6018 2059 3 0 0 0 0 0 8 0 0 0 21 0 0 0 0 0 0 0 24 31 0 0 0 0 0 0 0 0 0 36 0 35 
P6018 2059 4 15 0 0 0 14 32 0 81 72 49 39 0 35 0 18 43 0 0 22 0 0 56 44 85 27 0 0 12 0 0 -999 
P6018 2059 5 0 0 0 0 15 0 0 0 0 0 0 0 0 0 27 26 39 0 39 15 13 0 22 32 32 27 0 0 0 0 0 
P6018 2059 6 0 0 0 16 0 0 19 23 0 0 15 0 0 0 0 0 0 0 0 0 0 0 0 0 0 0 0 0 0 0 -999 
P6018 2059 7 19 0 0 0 0 15 18 0 0 0 0 0 0 0 0 0 17 0 0 0 0 0 0 0 0 0 0 0 0 0 0 
P6018 2059 8 0 0 0 0 0 0 0 0 0 0 0 0 0 0 0 0 0 29 0 0 14 0 0 0 0 0 0 14 0 0 0 
P6018 2059 9 0 0 0 0 0 0 0 0 0 0 0 0 0 0 11 0 0 0 0 0 0 0 0 0 0 0 0 0 0 0 -999 
P6018 2059 10 0 36 0 0 0 0 59 0 10 0 0 0 0 0 11 0 30 0 0 0 0 0 0 0 0 33 0 75 0 43 0 
P6018 2059 11 21 41 54 0 44 0 0 0 0 7 0 0 0 0 0 0 0 0 9 0 0 0 0 14 0 0 0 0 0 7 -999 
P6018 2059 12 0 0 0 0 48 44 0 0 0 54 0 43 0 0 0 0 0 0 2 0 0 0 0 25 35 0 68 41 50 41 0 
P6018 2060 1 20 19 30 0 0 18 0 22 35 23 79 75 94 52 24 21 0 0 0 0 0 0 0 0 9 0 0 3 0 0 0 
P6018 2060 2 59 0 0 0 0 0 0 18 7 0 19 24 5 0 0 0 0 0 22 0 0 0 0 0 0 0 0 39 -999 -999 -999 
P6018 2060 3 31 0 18 9 0 0 0 28 0 30 0 9 0 0 0 0 0 0 7 0 0 0 59 0 15 0 0 0 41 18 0 
P6018 2060 4 24 0 18 15 0 12 0 0 42 42 18 15 17 26 52 61 0 11 0 0 0 0 0 0 0 39 0 0 0 0 -999 
P6018 2060 5 0 0 0 39 28 37 15 0 0 0 24 0 0 0 13 0 19 0 0 0 0 0 18 0 0 0 0 0 22 17 0 
P6018 2060 6 25 0 19 0 0 0 0 0 0 0 0 0 0 0 0 0 0 0 0 0 19 0 0 0 0 0 0 0 25 0 -999 
P6018 2060 7 0 12 0 0 0 0 0 0 0 0 0 0 0 0 0 0 23 0 0 0 0 0 0 0 0 0 0 0 0 0 0 
P6018 2060 8 15 0 0 0 0 0 0 0 0 0 0 0 18 0 0 0 0 0 0 0 0 13 0 0 0 0 0 0 0 0 0 
P6018 2060 9 0 0 0 0 0 0 0 0 0 0 7 0 17 23 0 0 20 0 0 15 11 0 0 0 0 0 0 0 0 17 -999 
P6018 2060 10 0 0 0 0 0 0 0 0 0 0 7 0 0 0 0 0 0 0 0 0 0 0 0 0 11 11 0 0 0 0 0 
P6018 2060 11 27 0 0 23 39 45 45 0 73 57 31 57 0 0 12 0 119 88 0 57 0 0 8 0 26 0 0 23 18 0 -999 
P6018 2060 12 0 10 15 0 39 109 70 15 0 0 0 0 0 1 0 0 28 15 0 11 0 0 22 0 16 25 27 38 0 0 0 
P6018 2061 1 7 18 0 0 0 0 0 0 23 0 15 18 0 0 0 0 0 0 0 0 0 18 0 0 0 0 0 4 2 0 0 
P6018 2061 2 17 32 20 9 9 0 7 0 0 38 65 45 0 24 29 0 8 0 0 19 0 0 0 0 0 0 18 30 -999 -999 -999 
P6018 2061 3 41 20 0 0 20 0 19 0 45 16 0 0 12 21 30 0 0 45 20 12 0 34 0 63 104 0 17 11 0 0 23 
P6018 2061 4 28 46 61 46 18 0 17 22 18 28 35 43 0 0 0 0 0 0 39 0 0 0 0 0 0 0 0 0 0 0 -999 
P6018 2061 5 0 0 0 0 0 12 0 0 5 0 0 0 13 0 0 22 0 6 10 0 0 0 0 0 0 0 0 0 0 24 0 
P6018 2061 6 0 0 0 0 0 0 0 0 0 0 0 0 0 0 0 0 0 0 0 0 0 0 0 0 16 12 0 18 0 0 -999 
P6018 2061 7 0 0 0 0 0 0 9 0 0 0 0 0 0 0 0 0 0 0 0 0 0 0 0 0 0 0 0 0 0 0 0 
P6018 2061 8 0 0 0 0 0 0 0 0 0 0 0 0 0 0 0 17 0 0 0 0 0 0 0 0 0 0 0 0 0 0 0 
P6018 2061 9 0 0 0 0 0 0 0 0 0 0 0 27 0 0 0 0 0 11 0 0 0 24 0 0 0 40 37 0 0 0 -999 
P6018 2061 10 0 8 0 0 0 0 0 0 0 0 0 0 0 0 0 55 49 38 59 88 25 0 85 104 0 0 0 61 96 0 0 
P6018 2061 11 0 40 0 0 0 0 0 0 42 80 35 16 0 7 24 49 63 21 0 0 0 0 0 5 0 0 0 0 19 0 -999 
P6018 2061 12 0 4 0 4 0 0 0 6 0 8 0 34 12 10 0 0 17 0 0 0 57 69 0 3 0 0 4 11 0 59 24 
P6018 2062 1 18 29 0 0 0 0 2 0 0 2 0 0 0 0 6 0 0 46 2 0 0 0 0 19 29 83 67 68 55 0 33 
P6018 2062 2 0 44 41 42 0 0 0 24 0 24 26 7 0 14 18 28 0 11 0 15 0 0 0 0 44 34 21 11 -999 -999 -999 
P6018 2062 3 9 9 0 32 28 0 4 0 0 24 62 81 140 158 55 0 0 0 42 0 0 24 53 12 6 0 0 0 0 0 0 
P6018 2062 4 0 0 0 0 0 0 0 30 0 0 13 0 0 0 13 0 0 0 0 0 0 5 0 0 0 0 0 34 47 64 -999 
P6018 2062 5 19 0 0 0 0 0 0 0 0 28 10 11 0 0 0 22 0 0 0 0 0 0 0 0 11 0 18 0 0 0 0 
P6018 2062 6 0 0 0 0 17 0 7 9 0 0 0 0 0 0 0 0 0 0 0 0 0 0 0 0 0 0 0 0 0 10 -999 
P6018 2062 7 0 0 18 0 0 0 0 0 0 0 0 23 0 0 0 0 0 0 0 0 0 0 0 0 0 0 0 0 0 0 0 
P6018 2062 8 0 0 7 0 0 0 0 18 0 0 0 0 0 0 0 0 0 0 0 0 0 0 0 0 0 0 0 0 0 0 0 
P6018 2062 9 0 0 0 0 5 0 0 0 0 13 0 0 11 0 0 0 0 0 0 0 0 0 0 0 0 0 0 0 0 0 -999 
P6018 2062 10 0 0 0 59 133 91 32 0 7 0 30 0 0 0 0 0 46 0 0 0 20 0 37 0 6 15 12 16 0 0 0 
P6018 2062 11 0 0 0 0 0 0 0 0 13 0 0 0 0 65 35 0 29 0 50 0 3 0 56 0 0 0 0 0 0 0 -999 
P6018 2062 12 0 22 2 0 0 0 28 0 0 27 32 19 0 0 0 0 48 110 23 7 0 0 6 0 0 0 0 9 0 0 27 
P6018 2063 1 0 52 85 0 0 71 88 146 142 34 0 0 52 0 70 84 64 62 111 42 0 99 0 27 83 49 0 0 20 0 53 
P6018 2063 2 103 40 43 36 0 40 0 0 0 34 78 43 0 78 89 79 0 0 0 0 0 0 2 0 0 0 0 0 -999 -999 -999 
P6018 2063 3 0 0 0 0 0 17 0 28 0 0 28 26 0 40 44 76 23 0 6 0 0 17 13 38 139 76 45 52 56 70 83 
P6018 2063 4 25 13 22 27 0 80 0 0 78 28 0 0 0 20 0 0 21 0 8 0 0 0 0 16 13 0 0 0 0 44 -999 
P6018 2063 5 42 0 26 0 0 0 0 0 0 0 0 0 32 20 16 0 13 0 0 0 0 0 0 20 0 0 0 0 0 0 0 
P6018 2063 6 0 0 10 0 0 0 0 0 0 0 0 0 0 0 0 0 0 31 0 0 0 0 0 0 0 0 0 0 0 0 -999 
P6018 2063 7 0 0 0 0 0 37 0 0 0 0 0 0 0 0 0 0 0 0 0 0 0 0 0 0 0 0 0 0 0 0 0 
P6018 2063 8 0 0 0 0 0 0 0 0 0 0 0 0 0 0 0 0 0 0 0 0 0 0 0 0 0 0 0 0 0 0 0 
P6018 2063 9 0 0 0 0 0 0 0 0 0 0 0 0 0 0 0 14 0 22 0 0 0 0 16 0 0 0 0 18 0 0 -999 
P6018 2063 10 0 4 0 0 0 0 0 0 0 0 0 0 0 109 31 0 23 19 12 0 0 0 0 0 0 0 0 0 0 0 0 
P6018 2063 11 7 9 0 0 0 0 0 0 0 0 0 0 29 31 0 0 0 0 11 0 0 25 10 0 0 0 0 5 0 0 -999 
P6018 2063 12 0 4 0 0 0 0 0 4 0 0 3 0 4 0 0 0 5 0 6 0 0 2 0 0 0 0 0 0 0 3 0 
P6018 2064 1 0 0 0 0 0 0 0 0 0 0 0 0 9 0 54 0 0 0 8 0 0 0 0 0 0 0 23 15 0 36 19 
P6018 2064 2 0 43 24 0 14 14 0 9 0 1 0 0 0 0 4 0 0 0 0 0 0 0 0 5 0 2 0 0 -999 -999 -999 
P6018 2064 3 0 0 0 0 0 20 0 50 0 62 28 0 18 0 41 0 42 43 0 46 29 0 18 0 29 66 37 21 27 29 0 
P6018 2064 4 0 0 57 79 43 0 26 0 21 0 17 0 0 0 0 0 0 8 11 20 0 30 0 0 34 0 0 0 13 17 -999 
P6018 2064 5 20 12 0 0 10 16 25 21 8 0 0 0 0 0 0 0 0 0 10 20 0 24 33 0 0 0 0 0 0 0 0 
P6018 2064 6 0 0 0 7 0 0 0 0 0 9 0 0 0 0 0 0 0 0 0 0 3 0 0 0 0 0 0 0 0 0 -999 
P6018 2064 7 0 0 0 0 0 0 8 0 0 0 17 14 17 0 0 0 0 16 0 0 0 0 0 0 0 0 0 0 0 0 0 
P6018 2064 8 0 18 0 0 0 0 0 0 0 0 0 0 0 0 0 9 0 0 0 0 0 0 0 0 0 0 7 0 0 6 21 
P6018 2064 9 0 0 0 15 0 0 0 0 0 0 0 0 12 0 0 0 14 0 0 0 0 0 26 0 0 0 0 0 0 0 -999 
P6018 2064 10 0 4 8 13 0 0 0 35 16 0 0 0 0 0 0 0 0 0 0 17 15 15 0 0 0 0 16 0 0 49 0 
P6018 2064 11 0 0 0 29 43 11 0 0 0 0 0 0 0 103 35 6 0 0 0 0 0 0 0 0 0 0 0 0 0 11 -999 
P6018 2064 12 0 34 36 0 85 77 0 173 163 57 24 0 39 0 0 30 10 0 0 3 8 0 0 0 0 0 5 0 0 0 0 
P6018 2065 1 0 0 0 15 16 0 0 16 34 0 0 0 44 80 21 0 13 15 0 0 0 0 0 0 0 0 0 0 0 0 57 
P6018 2065 2 0 0 0 0 4 0 18 21 0 4 0 0 76 0 64 87 91 95 74 68 14 7 0 0 0 11 11 0 -999 -999 -999 
P6018 2065 3 0 0 0 0 0 0 0 0 0 0 0 4 0 0 3 0 0 0 0 0 0 0 0 0 0 16 7 25 0 6 6 
P6018 2065 4 9 0 0 0 0 0 0 0 0 0 0 0 0 0 0 0 0 35 24 0 0 0 0 0 0 0 0 11 0 11 -999 
P6018 2065 5 0 0 3 0 0 0 0 0 0 0 0 0 0 0 0 0 0 0 0 33 33 0 13 0 0 17 0 0 0 0 0 
P6018 2065 6 0 0 0 0 0 0 0 0 0 0 4 0 0 0 0 14 0 0 0 0 0 0 6 7 0 0 0 19 15 0 -999 
P6018 2065 7 0 0 0 17 0 0 0 0 0 0 0 0 0 0 17 0 0 0 0 0 0 0 0 0 0 0 0 0 0 0 0 
P6018 2065 8 0 0 0 0 0 0 0 0 0 16 0 0 0 0 0 0 0 0 0 0 0 0 0 0 0 0 0 0 0 0 15 
P6018 2065 9 0 0 0 0 0 0 0 0 0 0 0 0 0 0 0 0 8 0 0 0 0 0 0 0 18 19 0 0 0 0 -999 
P6018 2065 10 0 0 0 0 0 0 40 0 0 0 30 37 23 18 59 33 11 0 0 64 0 0 0 94 28 41 69 0 0 80 0 
P6018 2065 11 30 0 0 0 0 0 0 0 0 0 0 0 0 0 0 0 5 0 11 18 74 57 0 0 33 21 0 0 0 27 -999 
P6018 2065 12 0 0 0 0 0 0 0 0 0 0 0 87 54 23 0 33 25 26 58 75 46 122 95 171 196 242 154 22 3 0 0 
P6018 2066 1 10 0 0 0 0 0 0 0 0 38 0 79 36 41 64 49 0 50 125 29 28 103 73 0 11 0 0 0 0 0 26 
P6018 2066 2 0 25 0 0 20 0 12 34 51 34 37 25 0 0 0 0 0 0 8 0 12 7 4 7 108 53 26 35 -999 -999 -999 
P6018 2066 3 0 6 0 0 0 20 79 0 0 0 0 0 0 0 0 0 0 0 11 0 0 0 0 0 0 38 0 0 0 0 0 
P6018 2066 4 0 0 0 0 0 0 0 27 0 0 0 0 27 16 0 0 0 0 0 20 0 10 0 0 20 27 26 0 0 55 -999 
P6018 2066 5 0 0 20 0 0 21 0 0 18 0 9 0 0 0 0 0 0 0 0 0 9 0 0 0 0 6 8 0 0 0 0 
P6018 2066 6 0 0 0 0 0 0 0 0 0 0 0 0 22 0 0 0 13 0 0 0 0 0 0 0 0 0 0 0 0 0 -999 
P6018 2066 7 0 0 0 0 0 0 0 0 0 0 0 0 0 0 0 0 0 17 0 0 0 0 0 0 0 0 0 0 0 0 0 
P6018 2066 8 0 0 21 0 0 0 0 0 0 0 0 0 0 0 0 23 0 0 0 0 0 0 0 14 0 34 0 4 0 0 0 
P6018 2066 9 0 0 0 0 0 0 0 0 0 0 21 21 0 0 0 0 0 0 6 0 0 15 0 0 41 0 0 0 0 0 -999 
P6018 2066 10 0 15 0 0 7 0 0 0 0 0 0 0 0 0 0 0 0 16 13 0 31 28 0 0 7 0 0 0 0 0 0 
P6018 2066 11 9 8 13 0 0 44 0 35 23 0 49 41 49 0 0 0 0 0 0 6 11 0 0 0 0 0 0 0 0 0 -999 
P6018 2066 12 0 0 0 30 17 0 10 3 0 16 0 11 15 53 95 123 142 157 94 0 30 18 7 10 7 0 0 36 0 108 91 
P6018 2067 1 26 115 38 18 36 38 20 0 18 25 34 36 45 0 51 47 54 0 67 129 99 93 55 80 108 91 0 37 20 49 80 
P6018 2067 2 91 56 138 44 0 0 0 61 0 76 83 20 66 97 59 13 19 68 103 61 102 58 0 21 43 111 86 7 -999 -999 -999 
P6018 2067 3 0 0 17 0 0 1 0 0 0 0 23 28 85 21 0 0 0 0 5 0 6 2 8 10 8 7 0 0 0 0 0 
P6018 2067 4 0 0 0 0 51 0 0 0 0 0 0 0 0 0 0 0 0 0 0 16 25 0 23 0 0 0 0 0 0 0 -999 
P6018 2067 5 0 24 0 0 12 0 0 0 0 0 0 0 0 0 0 0 0 0 0 0 0 0 0 0 12 0 0 14 0 32 0 
P6018 2067 6 0 0 38 17 0 0 0 0 0 0 0 0 12 0 0 0 0 0 0 0 0 0 0 0 0 0 0 0 0 0 -999 
P6018 2067 7 0 0 0 0 0 0 0 0 0 0 0 0 0 0 0 0 0 0 0 0 0 0 0 0 16 0 0 15 0 0 0 
P6018 2067 8 0 0 0 0 0 0 0 0 0 0 0 0 0 0 0 0 0 0 0 0 0 0 0 0 0 0 0 0 0 0 0 
P6018 2067 9 0 0 0 0 0 0 0 0 0 0 13 13 0 17 24 0 0 0 0 6 0 0 0 0 0 0 0 0 0 8 -999 
P6018 2067 10 0 0 8 9 0 0 0 0 11 0 0 9 0 0 0 0 0 0 0 0 0 0 0 0 0 11 0 0 0 26 0 
P6018 2067 11 39 25 0 0 29 23 0 1 1 1 0 0 0 0 14 0 0 0 0 0 0 0 22 37 49 0 0 0 0 26 -999 
P6018 2067 12 11 19 35 30 0 17 0 38 42 0 0 0 47 0 0 0 14 0 0 0 0 0 0 0 0 20 64 33 32 6 26 
P6018 2068 1 0 3 0 0 0 114 99 33 48 0 0 0 0 0 0 0 0 0 0 0 0 0 0 0 36 0 19 0 16 27 13 
P6018 2068 2 0 0 0 0 0 23 15 6 0 0 33 0 0 0 0 0 0 0 0 0 15 0 0 0 6 0 71 39 -999 -999 -999 
P6018 2068 3 0 56 43 0 136 105 0 26 84 36 15 23 0 0 0 0 73 91 53 23 18 60 76 7 16 0 13 0 0 0 0 
P6018 2068 4 52 40 0 0 0 0 0 0 0 43 0 0 18 0 0 0 4 0 0 0 0 24 22 19 0 6 8 0 0 0 -999 
P6018 2068 5 0 0 0 0 0 26 0 0 17 0 0 0 51 35 20 0 0 19 16 0 12 0 0 0 0 0 0 14 13 12 0 
P6018 2068 6 0 19 18 27 23 0 0 0 0 0 0 0 0 0 0 15 0 0 0 0 0 0 0 0 0 0 0 0 0 0 -999 
P6018 2068 7 0 0 0 0 0 0 0 0 0 0 0 0 0 0 0 0 0 0 0 0 0 0 7 5 0 0 0 0 0 0 0 
P6018 2068 8 0 0 0 0 0 0 0 0 0 0 0 0 0 0 0 0 0 0 0 0 0 0 0 0 0 0 0 0 0 0 0 
P6018 2068 9 0 0 0 0 0 0 0 0 0 0 0 0 0 0 0 0 0 29 0 0 0 0 0 0 0 0 0 0 0 0 -999 
P6018 2068 10 0 0 0 0 0 0 0 0 0 0 0 0 0 13 0 0 0 0 0 0 0 8 0 0 0 0 0 0 0 0 7 
P6018 2068 11 0 0 16 0 4 7 0 0 0 12 0 0 0 0 6 0 0 0 0 0 0 19 0 0 0 5 0 0 0 0 -999 
P6018 2068 12 0 0 0 7 0 0 0 78 40 34 0 0 46 70 36 15 0 0 0 0 0 18 35 0 93 48 0 10 0 22 0 
P6018 2069 1 49 67 0 0 0 0 0 0 0 0 0 0 0 0 8 2 0 0 0 0 21 12 0 0 0 0 0 46 68 0 0 
P6018 2069 2 0 0 42 112 145 0 0 95 95 0 0 0 0 0 0 12 23 0 31 0 0 26 0 0 0 0 28 33 -999 -999 -999 
P6018 2069 3 42 35 50 30 23 37 0 0 14 23 33 13 0 0 0 0 4 2 0 0 0 0 0 0 0 0 33 39 52 0 65 
P6018 2069 4 0 0 17 22 22 8 0 15 30 35 0 0 0 13 0 13 0 0 20 0 0 0 0 0 26 14 3 0 0 0 -999 
P6018 2069 5 0 0 0 0 0 0 0 0 0 0 0 13 0 0 0 0 0 18 0 27 26 0 0 0 0 0 0 0 0 0 0 
P6018 2069 6 0 0 0 0 0 0 0 0 0 0 0 0 0 0 0 0 0 0 0 0 0 0 0 0 0 0 0 0 0 0 -999 
P6018 2069 7 0 0 0 0 0 0 0 0 7 0 0 0 0 0 14 0 0 0 0 18 12 0 0 0 0 0 0 0 0 0 0 
P6018 2069 8 0 0 0 0 0 0 11 0 0 0 0 0 0 0 0 0 0 0 0 0 0 10 0 0 0 0 0 0 0 0 0 
P6018 2069 9 0 0 0 0 0 0 0 0 0 0 0 32 0 0 22 0 0 0 0 0 0 0 0 0 0 0 13 0 30 0 -999 
P6018 2069 10 0 0 0 0 0 18 0 0 0 0 0 0 9 13 0 29 19 45 95 81 0 39 62 0 0 0 66 94 90 63 11 
P6018 2069 11 25 0 24 64 25 22 74 0 70 12 0 24 38 27 0 17 0 17 0 0 0 60 0 0 0 8 9 0 0 0 -999 
P6018 2069 12 0 0 0 15 0 0 15 0 0 0 0 9 12 0 0 0 0 0 1 2 13 0 32 0 0 0 0 0 57 41 17 
P6018 2070 1 0 0 63 47 0 39 111 162 134 52 80 0 0 0 48 0 0 0 0 0 11 13 26 31 14 0 0 0 0 0 0 
P6018 2070 2 0 0 0 0 0 0 0 0 0 0 0 0 0 0 0 0 0 0 0 0 0 0 0 0 38 50 0 0 -999 -999 -999 
P6018 2070 3 42 37 0 0 0 0 0 0 0 14 46 23 0 0 0 46 0 63 93 99 138 50 0 14 21 0 0 0 21 29 18 
P6018 2070 4 15 0 29 18 0 16 0 0 75 38 0 0 21 47 33 22 27 0 20 0 30 0 0 0 18 0 28 26 0 0 -999 
P6018 2070 5 0 0 24 0 60 103 41 33 0 33 26 0 0 20 0 0 0 32 0 21 32 35 21 16 10 8 0 0 0 0 0 
P6018 2070 6 0 0 0 0 0 0 0 0 0 26 0 22 0 0 0 0 0 2 0 0 0 0 0 0 0 0 0 0 0 0 -999 
P6018 2070 7 0 0 0 0 0 5 0 0 13 0 0 0 0 0 0 0 6 0 0 0 0 0 0 0 0 0 0 0 0 0 0 
P6018 2070 8 0 0 0 0 22 10 0 0 0 0 9 0 0 0 0 0 0 0 0 0 0 0 0 0 0 0 0 0 0 0 0 
P6018 2070 9 0 26 0 0 0 0 0 0 0 0 0 0 0 0 0 0 0 14 0 0 0 0 0 0 0 0 0 0 0 0 -999 
P6018 2070 10 0 0 0 0 0 0 0 0 0 0 0 43 63 24 29 28 88 134 42 7 0 0 0 8 0 0 0 11 0 0 34 
P6018 2070 11 0 0 0 0 0 0 0 0 0 0 0 0 0 0 0 0 0 0 0 0 26 17 9 0 0 0 22 85 82 25 -999 
P6018 2070 12 31 71 23 0 12 0 0 46 56 31 69 0 40 29 0 0 30 18 47 64 31 93 53 0 0 45 0 34 106 121 10 
P6018 2071 1 0 18 23 0 37 19 0 0 0 84 56 52 67 34 18 0 32 0 0 0 0 0 0 21 0 56 83 38 0 0 0 
P6018 2071 2 0 10 3 5 28 48 0 12 28 0 71 60 36 20 44 0 66 32 32 35 16 0 0 0 0 0 0 0 -999 -999 -999 
P6018 2071 3 0 0 0 0 0 13 34 40 0 37 42 22 18 43 21 13 0 24 0 0 0 0 0 0 0 0 0 0 0 0 0 
P6018 2071 4 0 49 31 22 0 0 0 0 0 0 0 0 14 20 19 0 0 0 0 0 0 21 23 25 37 20 20 15 0 15 -999 
P6018 2071 5 0 19 0 25 27 35 0 28 27 21 16 12 0 0 0 0 0 0 15 0 9 0 0 13 17 0 0 0 0 0 0 
P6018 2071 6 23 0 0 0 13 0 0 0 24 25 0 21 0 45 36 0 0 34 0 0 0 0 0 6 0 0 0 0 0 0 -999 
P6018 2071 7 17 0 0 0 24 10 0 0 0 0 0 0 0 0 0 0 0 0 0 0 0 0 13 0 0 0 0 0 0 0 0 
P6018 2071 8 0 0 0 0 0 0 27 0 0 0 0 0 0 0 0 0 0 0 10 0 0 0 0 0 0 0 0 8 0 0 0 
P6018 2071 9 0 0 0 0 0 0 0 0 0 0 15 0 0 0 0 0 0 0 0 0 0 0 0 0 0 0 0 30 0 15 -999 
P6018 2071 10 0 0 0 0 0 0 0 0 0 0 0 0 0 0 0 59 0 18 17 0 0 0 35 7 0 0 16 0 0 30 64 
P6018 2071 11 0 68 85 68 0 24 0 0 0 0 0 0 1 0 0 18 8 6 0 34 34 24 0 39 0 0 0 0 17 0 -999 
P6018 2071 12 0 0 31 0 37 116 0 80 66 140 125 147 94 0 0 0 0 100 41 0 0 0 80 111 38 120 48 0 0 0 79 
P6018 2072 1 45 0 16 0 15 23 0 15 27 30 0 0 0 0 0 10 24 22 21 53 41 18 0 12 19 84 45 0 43 0 0 
P6018 2072 2 87 47 53 26 50 0 0 14 3 0 0 0 0 0 0 0 5 0 22 0 16 14 10 10 0 0 0 0 -999 -999 -999 
P6018 2072 3 0 8 0 0 0 0 0 0 0 0 8 0 0 0 0 0 0 15 0 0 0 12 18 38 26 23 28 0 40 35 27 
P6018 2072 4 0 0 0 26 9 0 3 0 0 27 0 0 4 0 0 0 0 0 0 0 0 0 22 5 0 0 0 0 32 32 -999 
P6018 2072 5 26 29 0 6 0 29 0 0 0 33 0 0 0 0 0 0 0 19 15 0 12 0 0 0 0 0 0 14 0 0 0 
P6018 2072 6 0 0 0 0 12 0 0 0 0 19 0 0 0 0 0 0 5 0 0 0 0 0 0 0 0 0 5 0 0 0 -999 
P6018 2072 7 0 0 0 0 0 0 22 6 0 0 0 0 0 0 0 0 0 0 0 0 0 4 0 0 0 0 0 0 0 0 0 
P6018 2072 8 0 0 0 0 0 0 0 0 0 0 0 0 0 0 0 0 0 0 0 0 7 0 0 0 0 0 0 0 0 0 0 
P6018 2072 9 0 0 0 0 0 0 0 0 0 27 0 0 0 0 0 0 0 0 0 24 0 0 0 0 0 51 0 0 0 0 -999 
P6018 2072 10 0 0 0 0 0 0 0 0 0 11 0 0 0 0 23 0 0 23 0 0 0 0 0 0 0 0 15 0 0 0 0 
P6018 2072 11 0 0 0 0 0 26 1 0 9 37 0 5 0 45 4 3 0 8 39 45 18 21 0 0 33 35 46 0 0 0 -999 
P6018 2072 12 0 24 29 20 0 0 0 0 0 0 0 0 13 0 0 0 24 0 0 22 86 27 0 29 82 70 17 0 0 48 42 
P6018 2073 1 0 0 0 0 0 0 0 11 0 0 0 0 0 14 0 30 9 0 26 24 30 35 0 0 0 0 14 0 0 0 0 
P6018 2073 2 0 89 73 0 32 23 0 0 22 0 0 0 0 27 30 0 0 0 0 0 0 0 0 0 0 0 51 0 -999 -999 -999 
P6018 2073 3 0 17 6 6 0 30 26 0 44 0 24 0 0 23 0 18 0 13 14 18 27 24 0 28 41 0 93 109 107 0 0 
P6018 2073 4 0 0 0 0 0 0 0 0 15 26 37 35 0 37 18 0 0 0 0 0 31 0 21 58 57 39 20 0 5 4 -999 
P6018 2073 5 0 0 13 14 0 0 0 0 0 0 0 0 0 50 31 73 50 0 8 0 0 0 0 0 0 28 15 0 0 0 0 
P6018 2073 6 0 0 0 0 0 0 0 0 0 0 0 0 0 0 0 0 0 0 0 0 0 0 23 0 0 13 0 0 0 0 -999 
P6018 2073 7 19 15 0 11 0 0 0 0 0 0 0 11 0 0 0 0 0 0 0 0 0 0 0 0 0 0 0 0 0 0 0 
P6018 2073 8 0 0 0 0 0 0 9 0 0 0 0 0 0 0 0 28 0 0 0 0 0 0 0 0 0 0 0 0 0 0 0 
P6018 2073 9 0 0 0 8 0 0 0 0 0 0 0 0 14 0 0 0 0 0 0 0 0 0 0 32 0 0 0 0 0 0 -999 
P6018 2073 10 0 0 0 0 0 0 0 0 0 7 0 0 0 0 0 5 0 0 0 11 0 0 0 0 0 0 0 0 9 0 17 
P6018 2073 11 0 36 0 0 0 0 0 0 0 0 0 0 0 0 0 69 24 32 79 63 79 91 19 0 22 0 0 0 0 0 -999 
P6018 2073 12 0 0 0 16 0 0 0 0 0 0 0 0 34 0 4 0 2 0 26 26 14 0 0 0 0 0 0 0 82 115 297 
P6018 2074 1 127 31 47 136 136 120 0 0 46 70 44 0 0 4 0 0 0 0 0 0 10 0 0 0 0 0 0 0 0 0 0 
P6018 2074 2 0 0 0 0 0 0 9 0 0 0 0 19 30 22 15 0 0 31 22 0 4 0 14 0 23 101 104 139 -999 -999 -999 
P6018 2074 3 0 0 14 16 17 42 50 22 0 0 13 0 52 0 0 0 0 0 0 0 0 0 0 0 37 12 0 0 0 0 29 
P6018 2074 4 17 0 0 24 17 0 0 0 0 0 0 0 0 0 0 68 22 36 62 67 0 0 13 0 10 0 12 0 0 0 -999 
P6018 2074 5 0 0 0 0 0 7 0 9 12 0 0 33 0 32 0 21 0 20 15 0 0 13 0 0 0 0 0 0 0 0 0 
P6018 2074 6 0 0 0 0 12 0 0 0 0 0 0 10 0 0 0 0 0 0 0 0 0 0 0 0 0 0 0 0 7 0 -999 
P6018 2074 7 0 0 7 0 0 0 0 0 0 0 0 0 0 0 0 0 0 0 0 0 0 0 0 0 0 0 0 0 0 0 0 
P6018 2074 8 0 0 0 0 0 0 0 0 0 0 0 0 0 0 22 0 0 0 0 0 0 0 0 0 0 0 0 0 0 0 0 
P6018 2074 9 12 0 0 0 0 0 0 9 0 0 0 0 4 0 0 0 0 0 0 0 0 0 15 0 0 0 0 0 4 0 -999 
P6018 2074 10 0 0 21 0 0 0 0 0 0 0 0 0 0 0 0 0 0 0 0 16 14 0 32 0 0 0 0 0 0 0 0 
P6018 2074 11 0 7 9 32 0 4 0 0 0 0 0 12 0 0 0 0 29 10 0 74 35 0 18 0 28 10 11 0 5 0 -999 
P6018 2074 12 0 0 0 0 0 0 0 0 0 0 51 51 0 0 0 0 0 0 0 5 0 0 4 7 0 0 3 10 23 49 11 
P6018 2075 1 0 0 0 0 0 0 0 0 0 19 0 22 25 17 56 0 14 0 0 0 0 25 0 0 0 0 0 7 0 0 0 
P6018 2075 2 0 0 0 39 44 81 58 70 76 45 0 147 108 0 12 14 0 13 0 40 0 0 0 56 57 0 0 0 -999 -999 -999 
P6018 2075 3 0 28 14 7 8 0 0 0 0 0 0 0 0 0 0 0 0 40 37 0 24 60 37 0 47 31 25 13 0 0 0 
P6018 2075 4 0 22 39 27 0 0 75 95 70 0 0 0 14 0 0 0 0 16 0 52 0 0 14 0 13 13 3 0 0 0 -999 
P6018 2075 5 0 0 0 23 0 0 13 0 11 0 0 25 0 0 0 0 0 0 0 0 20 0 0 0 0 0 0 0 0 0 0 
P6018 2075 6 0 28 29 22 0 12 0 0 0 13 0 18 14 10 0 0 0 0 0 0 0 0 0 0 0 0 12 19 0 0 -999 
P6018 2075 7 0 0 0 0 0 0 0 0 0 0 0 0 0 0 0 0 10 0 14 0 0 0 0 0 0 0 0 0 0 0 0 
P6018 2075 8 0 0 0 0 0 9 0 0 0 0 0 0 7 0 0 0 0 0 0 0 0 0 0 0 0 0 0 0 0 0 11 
P6018 2075 9 0 0 0 0 0 0 0 0 0 0 26 0 0 0 0 0 0 0 0 0 0 0 0 0 0 0 0 0 0 0 -999 
P6018 2075 10 0 27 0 41 20 0 0 89 84 30 14 0 12 0 0 0 0 0 0 0 0 0 0 0 0 0 0 0 0 87 42 
P6018 2075 11 15 18 0 0 0 0 57 36 0 9 0 0 34 38 110 55 15 0 23 0 48 63 50 33 0 0 3 0 0 10 -999 
P6018 2075 12 0 31 69 63 0 19 0 72 0 21 23 26 0 0 65 33 0 0 30 11 20 0 0 0 0 0 0 14 0 0 0 
P6018 2076 1 0 7 0 9 0 20 0 0 0 0 0 9 10 0 0 0 0 0 0 0 0 0 0 0 0 0 0 0 0 0 55 
P6018 2076 2 104 49 16 0 1 0 0 0 9 7 3 0 0 0 0 0 0 0 12 34 22 0 0 0 0 0 0 0 -999 -999 -999 
P6018 2076 3 0 21 14 19 0 25 32 26 0 32 27 0 2 0 0 0 0 9 0 0 0 20 0 25 23 0 0 0 0 0 0 
P6018 2076 4 0 0 0 0 0 0 0 0 0 19 11 18 0 15 37 46 0 23 0 0 0 0 0 14 0 20 13 12 0 0 -999 
P6018 2076 5 0 55 28 8 0 0 0 0 0 0 6 0 0 0 16 16 19 0 0 0 0 0 0 29 0 0 0 18 0 7 0 
P6018 2076 6 14 0 0 0 0 0 0 0 0 0 0 0 0 0 0 0 5 0 0 0 0 0 0 0 0 0 0 0 0 0 -999 
P6018 2076 7 0 0 0 0 0 0 0 0 0 0 0 0 16 0 0 0 0 0 0 0 0 0 0 0 0 0 0 0 0 0 0 
P6018 2076 8 0 14 0 0 0 0 0 0 0 0 0 0 0 22 21 14 0 0 0 0 0 0 0 0 0 0 0 0 0 0 0 
P6018 2076 9 35 0 0 0 0 0 0 0 7 8 0 0 0 0 0 0 0 0 0 0 0 0 0 0 0 0 9 0 10 0 -999 
P6018 2076 10 0 0 0 0 43 0 0 0 0 0 0 0 0 0 0 0 0 0 0 0 0 0 15 23 0 0 0 88 30 0 0 
P6018 2076 11 0 0 0 0 0 0 0 0 0 0 0 0 0 0 0 0 0 0 17 0 0 27 23 9 0 0 0 52 18 18 -999 
P6018 2076 12 0 0 0 1 0 0 0 0 44 49 49 56 0 7 0 0 18 0 0 0 0 0 0 0 0 0 21 0 0 0 15 
P6018 2077 1 0 0 0 0 0 0 0 0 21 2 0 0 11 7 45 18 1 1 2 0 0 0 0 0 0 10 0 0 0 0 0 
P6018 2077 2 29 0 40 0 0 0 71 45 34 49 18 0 0 11 0 32 38 60 103 38 29 0 12 0 43 0 8 0 -999 -999 -999 
P6018 2077 3 0 0 10 0 19 21 0 32 16 23 0 0 14 14 0 0 0 0 46 0 43 0 40 25 10 0 4 0 0 0 0 
P6018 2077 4 0 0 0 0 0 0 0 6 0 0 0 0 0 0 13 0 0 22 23 17 0 0 19 10 0 35 63 22 0 0 -999 
P6018 2077 5 0 0 35 13 0 0 0 0 34 0 11 3 0 0 0 0 0 0 0 0 0 0 0 0 0 0 0 0 26 11 0 
P6018 2077 6 0 0 47 0 0 28 0 0 22 0 0 0 20 0 0 0 0 0 0 0 0 0 0 0 0 32 21 0 0 0 -999 
P6018 2077 7 0 0 0 0 0 0 0 0 0 16 0 0 14 0 0 0 0 0 0 0 0 0 0 0 0 0 0 0 0 0 0 
P6018 2077 8 0 0 0 0 0 0 0 0 0 0 28 27 0 0 0 0 0 0 15 0 0 0 0 0 0 0 0 0 0 0 0 
P6018 2077 9 0 0 0 0 0 0 0 0 0 0 0 0 0 0 0 0 0 0 0 0 0 0 0 0 0 0 0 0 0 30 -999 
P6018 2077 10 0 30 0 0 0 0 0 0 0 0 0 9 0 7 0 0 0 31 32 14 21 37 0 25 16 0 0 25 51 23 36 
P6018 2077 11 46 34 25 17 0 0 0 30 93 77 56 0 17 0 70 40 0 0 0 0 32 0 0 54 16 0 0 0 0 0 -999 
P6018 2077 12 48 93 76 50 29 87 96 113 17 54 98 0 0 0 0 0 0 0 0 0 0 0 0 0 0 0 10 11 0 0 0 
P6018 2078 1 114 163 141 118 74 98 20 35 106 64 0 17 87 36 92 68 53 0 0 0 0 0 0 0 0 0 4 0 6 0 3 
P6018 2078 2 0 10 0 0 5 5 0 0 0 0 0 0 0 0 7 0 8 8 9 9 0 17 22 18 80 123 58 43 -999 -999 -999 
P6018 2078 3 0 0 26 0 0 20 0 70 40 0 0 0 0 0 61 49 84 90 63 68 52 0 29 40 21 0 10 0 9 0 0 
P6018 2078 4 66 43 0 0 0 0 0 0 13 18 22 15 21 61 0 0 23 0 0 0 0 0 0 0 0 35 17 0 0 0 -999 
P6018 2078 5 0 71 38 0 0 0 11 20 0 0 0 0 0 0 0 0 30 47 30 0 0 0 0 0 0 0 0 0 16 0 0 
P6018 2078 6 0 0 0 0 0 22 0 0 14 0 11 5 0 0 22 17 0 0 0 0 0 0 0 0 12 0 0 0 0 0 -999 
P6018 2078 7 0 0 0 0 0 0 0 0 0 0 0 0 0 0 11 0 0 0 0 0 0 0 0 0 0 0 0 0 0 0 0 
P6018 2078 8 0 0 0 0 0 0 0 17 0 0 0 0 0 0 0 0 0 0 11 10 0 0 0 0 0 0 0 0 0 0 0 
P6018 2078 9 0 0 0 0 0 0 0 0 0 6 0 0 0 0 13 12 18 0 0 0 0 0 0 0 0 0 0 0 4 0 -999 
P6018 2078 10 0 0 0 0 0 0 14 0 0 50 0 0 0 0 0 0 0 56 19 36 73 10 9 21 23 0 0 0 0 0 0 
P6018 2078 11 0 0 0 8 0 0 0 0 0 0 0 0 0 7 0 17 33 62 33 0 0 0 6 8 0 0 0 0 3 0 -999 
P6018 2078 12 0 0 0 0 0 11 0 0 9 0 54 0 18 0 0 0 32 18 4 0 0 0 0 30 14 83 104 47 25 182 151 
P6018 2079 1 0 11 51 45 27 0 0 0 0 0 0 0 0 0 0 0 0 0 0 21 26 0 0 0 0 0 7 0 0 0 0 
P6018 2079 2 0 0 0 14 0 0 0 8 0 9 0 0 0 0 0 6 0 0 0 0 9 0 0 39 0 12 0 0 -999 -999 -999 
P6018 2079 3 0 0 0 0 24 13 0 0 0 1 0 0 0 0 0 0 0 0 0 4 0 0 0 0 0 0 0 0 0 0 0 
P6018 2079 4 0 0 0 0 39 0 0 0 0 10 0 0 0 0 32 27 0 0 0 24 0 0 18 39 0 0 0 6 0 0 -999 
P6018 2079 5 9 0 0 8 0 0 0 0 8 16 0 20 0 0 0 0 0 0 0 0 0 0 0 0 0 9 6 0 0 0 0 
P6018 2079 6 0 0 0 0 0 0 0 0 0 0 0 0 0 0 0 0 0 0 0 0 0 0 0 0 0 0 0 0 28 0 -999 
P6018 2079 7 5 0 0 0 0 0 0 0 13 0 0 0 0 0 0 0 0 0 0 0 0 0 0 0 0 0 0 0 0 0 0 
P6018 2079 8 0 0 0 0 0 0 0 0 0 0 0 0 0 0 0 0 0 0 0 0 0 0 0 0 0 13 0 0 0 0 0 
P6018 2079 9 0 0 0 0 0 0 6 0 0 8 0 0 0 0 0 0 0 0 0 0 0 10 0 0 0 0 0 0 0 8 -999 
P6018 2079 10 0 0 0 0 8 0 0 0 0 0 0 0 0 0 0 0 12 16 0 47 31 0 0 19 0 0 30 0 0 0 0 
P6018 2079 11 24 14 29 40 0 79 80 37 0 0 8 0 45 62 43 43 62 98 0 0 21 0 38 20 0 24 0 0 0 6 -999 
P6018 2079 12 0 36 36 23 0 17 3 0 0 0 0 0 0 0 0 1 0 0 0 0 0 0 0 0 0 0 0 0 0 0 0 
P6018 2080 1 0 0 0 0 0 0 0 9 0 0 0 0 0 14 0 0 0 0 0 0 0 0 0 0 0 23 0 0 0 0 0 
P6018 2080 2 1 6 7 0 16 10 16 33 69 133 143 97 80 0 0 0 0 0 58 81 0 0 0 0 0 0 11 29 -999 -999 -999 
P6018 2080 3 55 53 14 0 0 36 51 46 88 0 0 84 0 0 0 0 0 0 0 0 0 0 0 0 0 11 0 13 0 0 0 
P6018 2080 4 0 0 0 0 0 11 14 0 0 0 30 35 0 6 0 0 0 0 0 12 19 0 40 0 0 21 16 7 0 0 -999 
P6018 2080 5 0 0 0 0 17 0 0 0 0 0 10 35 34 33 31 0 19 0 0 0 0 0 0 0 28 0 0 0 0 0 0 
P6018 2080 6 0 10 0 0 34 0 0 0 0 0 0 0 0 0 0 0 13 0 27 0 20 0 7 17 0 0 0 0 0 0 -999 
P6018 2080 7 0 0 0 0 0 0 0 0 0 0 0 0 0 0 0 0 0 0 0 0 10 0 8 0 0 0 0 0 0 0 0 
P6018 2080 8 0 0 9 0 0 0 0 0 0 0 0 0 0 0 0 0 0 0 0 0 0 0 0 0 0 0 0 0 0 0 0 
P6018 2080 9 0 0 0 0 0 0 0 0 0 0 0 0 0 0 0 0 0 0 0 0 0 0 0 0 0 0 0 0 0 0 -999 
P6018 2080 10 0 41 48 0 0 65 31 84 0 54 26 0 64 35 48 23 0 0 0 16 0 0 3 0 0 0 0 7 4 0 0 
P6018 2080 11 34 37 38 25 51 30 5 0 0 0 0 0 0 0 0 0 13 0 0 12 6 0 0 0 0 11 0 0 0 18 -999 
P6018 2080 12 19 0 85 96 114 0 144 126 72 0 0 0 0 0 11 3 0 0 0 0 0 0 0 0 0 0 25 8 0 0 59 
P6018 2081 1 97 84 152 98 67 9 0 0 18 16 0 0 0 0 55 0 0 0 45 131 118 55 46 34 22 60 43 0 46 0 0 
P6018 2081 2 0 0 25 0 45 0 53 32 29 0 0 0 0 0 0 8 0 0 0 22 0 0 0 59 38 0 0 20 -999 -999 -999 
P6018 2081 3 17 20 0 87 36 0 0 0 50 37 0 0 20 0 0 0 58 0 89 94 81 134 87 59 20 0 53 31 55 43 82 
P6018 2081 4 83 29 30 0 0 0 0 0 22 32 53 8 0 0 0 31 0 19 0 0 0 0 0 38 53 29 19 64 43 85 -999 
P6018 2081 5 69 59 33 0 0 11 0 0 55 0 0 20 32 36 34 19 0 0 0 10 0 0 0 0 11 0 8 0 0 0 0 
P6018 2081 6 0 0 0 0 0 3 0 0 0 0 0 0 0 0 0 0 0 0 0 0 0 0 0 0 0 0 0 0 0 0 -999 
P6018 2081 7 0 0 0 16 0 0 0 0 21 0 0 0 0 21 0 0 0 0 0 0 0 0 0 0 0 0 0 0 0 0 0 
P6018 2081 8 0 0 0 0 0 0 0 0 0 0 0 0 0 0 0 0 0 0 0 0 0 0 0 0 0 0 0 0 0 0 0 
P6018 2081 9 0 0 20 0 0 18 0 0 0 0 0 0 0 0 0 0 0 31 0 0 0 0 11 0 0 0 0 0 0 0 -999 
P6018 2081 10 0 0 0 39 17 0 0 0 0 0 0 0 16 0 0 0 0 0 0 0 17 8 0 0 10 0 0 0 0 0 0 
P6018 2081 11 0 26 0 96 39 0 0 0 0 0 0 0 0 0 0 67 138 153 102 0 0 5 0 0 0 0 0 0 37 46 -999 
P6018 2081 12 0 0 34 0 0 87 71 80 65 0 27 82 105 81 50 46 0 0 12 0 0 18 27 0 18 0 0 16 10 0 0 
P6018 2082 1 0 14 0 25 0 0 10 0 18 27 60 19 0 0 16 0 0 66 30 0 87 175 71 0 72 76 0 23 0 0 0 
P6018 2082 2 0 0 0 0 1 0 0 0 0 0 4 0 0 18 0 0 0 0 0 4 9 0 11 0 41 34 34 39 -999 -999 -999 
P6018 2082 3 0 0 27 35 33 24 0 0 0 9 0 0 0 0 4 0 0 0 54 0 0 7 0 0 36 28 12 14 61 0 0 
P6018 2082 4 16 0 0 0 0 0 0 0 0 0 0 0 0 10 13 17 0 0 0 0 0 12 11 10 2 0 0 0 0 0 -999 
P6018 2082 5 28 0 5 0 0 0 17 0 0 12 11 0 24 38 0 0 16 18 0 0 0 0 0 0 0 0 0 0 0 0 0 
P6018 2082 6 0 0 0 0 0 0 0 0 0 0 0 0 0 0 0 0 0 0 0 0 0 5 0 0 0 0 0 0 0 0 -999 
P6018 2082 7 0 0 0 0 0 0 0 0 0 0 0 0 11 0 0 0 0 0 0 0 0 0 0 0 0 0 0 0 0 17 0 
P6018 2082 8 0 0 0 0 0 0 0 0 0 0 0 16 0 0 0 0 0 0 0 0 0 0 0 0 0 0 0 0 0 0 0 
P6018 2082 9 0 0 0 0 12 0 0 0 0 0 19 0 0 0 0 0 0 0 0 0 0 0 0 0 0 0 0 0 0 0 -999 
P6018 2082 10 0 16 0 0 0 0 0 0 0 0 0 0 0 0 0 22 0 0 0 0 0 40 41 0 0 0 0 0 0 24 18 
P6018 2082 11 76 90 71 23 0 0 0 0 0 0 20 0 18 16 9 39 87 116 19 0 0 0 0 0 0 0 0 0 0 0 -999 
P6018 2082 12 0 0 0 0 11 0 0 0 0 9 0 0 19 8 0 20 0 26 0 0 0 0 0 0 0 0 0 0 0 0 0 
P6018 2083 1 0 0 0 52 23 10 0 0 0 18 5 0 0 0 0 0 27 0 0 22 14 45 0 16 0 0 0 0 0 0 0 
P6018 2083 2 0 37 0 14 0 12 52 43 0 81 106 56 0 16 0 34 53 165 0 92 84 60 34 0 81 177 85 0 -999 -999 -999 
P6018 2083 3 69 31 34 21 3 0 0 0 24 0 0 0 0 0 0 22 0 0 0 0 0 56 99 110 92 47 141 0 2 0 13 
P6018 2083 4 19 16 0 0 22 0 0 30 0 4 10 18 11 0 40 0 0 0 3 0 0 5 0 0 0 0 0 0 0 0 -999 
P6018 2083 5 0 0 0 0 22 0 34 32 0 35 0 0 23 0 0 0 46 0 0 35 9 0 0 33 35 62 96 24 28 0 0 
P6018 2083 6 35 31 0 0 24 0 11 0 0 0 0 0 0 0 0 0 0 0 0 0 0 0 0 0 0 9 8 0 0 0 -999 
P6018 2083 7 13 0 12 0 0 0 0 0 0 0 0 0 0 0 0 0 0 15 0 0 0 0 0 0 0 6 0 0 0 0 0 
P6018 2083 8 0 0 0 0 0 0 0 0 0 0 0 0 0 20 0 0 0 0 0 0 0 0 0 0 0 0 19 0 0 0 0 
P6018 2083 9 0 0 0 0 0 0 0 0 0 0 0 0 0 0 0 0 0 0 0 0 0 0 6 0 0 11 0 0 0 0 -999 
P6018 2083 10 0 0 0 0 0 0 0 0 0 15 0 6 0 0 10 0 8 0 10 0 0 44 30 25 23 0 0 8 0 0 0 
P6018 2083 11 0 0 33 0 60 28 0 0 9 11 0 0 102 44 18 0 49 51 0 0 2 0 0 0 0 19 10 0 0 0 -999 
P6018 2083 12 0 22 9 0 28 24 65 121 179 36 25 27 0 90 0 39 27 26 44 71 33 0 0 0 0 4 0 0 8 0 12 
P6018 2084 1 0 0 0 0 0 0 0 0 0 0 0 0 0 0 0 0 34 0 0 0 27 37 0 0 0 73 56 53 35 51 40 
P6018 2084 2 13 0 0 10 0 0 0 38 39 32 0 0 29 16 11 0 0 9 0 0 0 0 0 0 0 45 55 0 -999 -999 -999 
P6018 2084 3 0 0 42 58 65 11 0 0 0 0 0 0 0 0 0 45 129 89 0 21 18 0 15 12 0 31 0 0 7 0 0 
P6018 2084 4 0 0 0 0 0 0 0 0 0 18 22 0 0 25 0 0 0 0 0 0 0 0 0 0 0 0 0 0 0 19 -999 
P6018 2084 5 0 0 13 20 0 12 32 0 0 0 0 0 0 0 0 0 0 0 13 0 0 0 0 0 0 0 0 11 0 0 0 
P6018 2084 6 0 0 0 0 11 17 0 0 11 0 25 24 0 0 0 0 0 0 0 0 0 0 0 0 0 0 0 0 0 0 -999 
P6018 2084 7 0 0 0 0 0 0 0 0 18 0 0 24 0 0 0 0 0 0 0 0 0 0 0 0 0 0 0 15 0 0 0 
P6018 2084 8 0 0 0 0 0 0 0 0 0 0 0 0 10 0 0 0 0 0 0 0 0 0 0 0 0 0 0 0 0 0 0 
P6018 2084 9 0 0 0 0 18 0 0 0 0 0 0 0 0 0 36 34 0 0 0 0 0 0 0 0 0 5 0 0 0 0 -999 
P6018 2084 10 14 0 0 32 18 0 0 0 12 6 0 0 0 0 0 8 0 0 0 0 0 15 0 0 0 0 0 55 120 127 69 
P6018 2084 11 33 30 86 0 26 29 21 81 87 0 0 0 0 0 0 0 0 0 0 0 0 0 0 0 0 0 0 54 33 19 -999 
P6018 2084 12 0 13 0 0 40 14 0 0 65 84 106 107 146 90 41 0 0 0 0 0 0 0 0 1 0 0 9 26 30 0 0 
P6018 2085 1 0 0 0 3 0 0 1 0 0 2 0 2 1 0 0 36 19 8 9 0 13 0 87 0 56 0 0 13 5 0 0 
P6018 2085 2 0 0 0 0 0 27 0 0 21 0 47 58 0 0 10 0 0 0 0 4 0 0 16 0 0 0 0 0 -999 -999 -999 
P6018 2085 3 0 0 0 0 0 0 4 0 0 56 0 80 85 43 62 0 10 0 0 0 0 0 0 0 23 0 0 13 20 0 0 
P6018 2085 4 0 0 0 0 0 0 0 34 0 0 0 67 61 60 82 58 33 31 23 0 0 0 0 0 10 0 0 7 0 0 -999 
P6018 2085 5 0 43 19 0 0 0 39 54 65 30 14 0 0 0 15 0 0 0 0 0 0 0 8 0 0 0 15 0 0 0 0 
P6018 2085 6 0 0 0 0 0 0 0 0 0 0 0 21 11 0 0 0 0 0 0 0 0 0 0 0 0 0 0 14 0 0 -999 
P6018 2085 7 0 0 0 0 0 0 0 0 0 0 0 0 0 0 0 0 0 0 0 0 0 0 0 0 0 0 0 0 0 0 0 
P6018 2085 8 0 9 15 0 0 0 0 0 0 0 0 0 0 0 0 0 0 0 9 0 12 0 0 0 0 0 0 0 0 0 0 
P6018 2085 9 0 0 0 0 22 0 19 0 0 0 0 19 0 0 0 0 0 0 0 0 0 21 6 0 0 0 16 0 0 0 -999 
P6018 2085 10 0 32 29 0 0 0 0 0 0 25 0 0 0 0 0 0 20 0 0 0 0 0 0 0 0 25 60 40 0 84 23 
P6018 2085 11 0 16 0 19 16 14 0 20 0 0 0 0 0 0 9 38 78 27 19 81 40 36 11 0 0 0 11 43 62 19 -999 
P6018 2085 12 92 65 0 0 53 0 0 0 4 3 9 17 31 48 0 21 0 0 0 0 21 0 0 4 0 0 0 6 0 12 0 
P6018 2086 1 0 0 0 0 16 0 0 0 0 0 0 0 0 62 30 0 0 101 0 35 0 0 0 0 49 0 18 12 0 0 20 
P6018 2086 2 0 33 75 0 0 0 0 52 19 16 0 36 27 0 0 16 22 0 0 0 2 0 0 13 0 7 0 7 -999 -999 -999 
P6018 2086 3 0 0 0 0 0 0 0 0 0 0 0 0 45 0 0 0 8 0 0 0 0 0 0 6 9 0 0 11 0 23 0 
P6018 2086 4 8 0 5 0 0 33 29 0 0 0 8 0 0 31 34 0 11 11 0 6 3 0 0 15 30 0 0 41 26 0 -999 
P6018 2086 5 32 29 0 55 42 0 30 0 0 0 0 11 0 0 0 11 0 7 0 0 0 0 0 12 0 0 0 0 6 0 0 
P6018 2086 6 0 0 0 0 0 0 0 0 0 0 0 0 0 0 0 0 0 26 0 0 0 0 0 0 0 0 0 0 0 0 -999 
P6018 2086 7 0 0 0 15 0 0 0 0 0 0 0 0 13 0 0 0 0 0 0 0 0 0 9 0 0 0 0 0 0 0 0 
P6018 2086 8 0 0 0 0 0 0 0 0 0 0 0 0 0 0 0 0 0 0 0 0 0 0 0 0 0 0 0 0 0 0 0 
P6018 2086 9 0 0 0 0 0 0 0 0 0 0 0 0 0 24 14 0 0 0 0 0 0 0 19 0 10 0 0 0 0 0 -999 
P6018 2086 10 0 0 0 28 0 0 0 0 23 0 0 29 13 0 7 0 0 0 0 0 0 0 0 0 35 0 32 26 0 0 40 
P6018 2086 11 0 25 0 12 39 0 10 0 0 0 0 0 10 13 0 6 0 0 37 33 44 10 0 0 0 12 0 23 39 12 -999 
P6018 2086 12 16 6 0 0 0 0 0 0 0 0 0 0 1 6 0 2 0 0 44 40 0 75 129 54 6 0 6 5 0 0 0 
P6018 2087 1 0 0 0 16 14 0 29 63 0 11 0 0 0 3 0 0 0 8 0 0 0 20 26 0 16 0 0 0 0 0 0 
P6018 2087 2 48 33 0 0 0 0 0 0 6 0 17 0 15 0 0 0 0 0 0 0 0 0 0 0 15 0 0 0 -999 -999 -999 
P6018 2087 3 76 77 60 0 0 0 0 33 0 56 59 75 27 0 0 0 0 0 18 0 0 0 0 0 21 8 0 0 0 0 0 
P6018 2087 4 0 0 0 0 0 0 3 0 0 0 0 5 3 0 31 48 41 0 0 0 0 70 46 46 70 39 20 0 0 11 -999 
P6018 2087 5 0 0 0 28 20 23 0 0 0 0 33 20 11 0 0 17 0 0 0 0 0 0 0 0 0 0 0 0 12 0 0 
P6018 2087 6 0 0 0 0 0 0 0 0 0 0 0 0 0 0 0 0 0 0 0 0 8 0 0 0 0 22 0 0 0 0 -999 
P6018 2087 7 0 17 0 0 0 0 6 0 0 0 0 0 0 0 4 0 0 0 0 0 0 0 0 0 0 0 0 0 0 0 11 
P6018 2087 8 0 0 0 0 0 0 0 0 0 0 0 0 0 0 0 0 0 0 0 0 0 0 0 0 0 0 0 0 0 0 0 
P6018 2087 9 0 0 0 0 0 15 0 0 0 0 0 0 0 0 0 0 0 0 0 0 0 0 17 0 0 0 0 0 0 0 -999 
P6018 2087 10 0 9 0 48 34 0 0 0 0 0 0 10 0 0 2 0 0 24 0 0 0 0 0 0 0 0 0 0 0 0 0 
P6018 2087 11 0 3 0 0 14 5 0 0 0 0 0 0 0 4 0 0 0 0 0 5 0 0 0 0 13 0 0 0 0 0 -999 
P6018 2087 12 15 0 0 0 1 3 0 46 0 0 5 6 15 6 0 6 0 0 12 0 0 24 118 64 30 0 44 0 0 82 39 
P6018 2088 1 0 22 57 11 0 31 7 0 0 0 0 0 0 0 0 4 0 0 0 0 0 0 0 0 0 0 32 23 0 0 0 
P6018 2088 2 0 0 12 12 0 0 66 75 132 42 0 0 0 0 19 0 0 0 0 0 0 23 19 0 0 0 27 19 -999 -999 -999 
P6018 2088 3 0 51 94 56 0 0 0 0 12 0 0 0 0 0 0 0 0 0 14 5 5 7 15 0 0 6 34 13 0 0 0 
P6018 2088 4 0 0 0 11 0 0 0 75 40 0 28 33 22 24 19 0 18 0 5 0 13 0 29 16 0 0 0 0 0 0 -999 
P6018 2088 5 0 0 23 41 41 0 25 27 0 17 16 0 6 0 26 0 0 0 0 11 0 0 0 0 0 0 0 0 0 13 0 
P6018 2088 6 0 0 0 0 0 0 0 0 0 0 0 0 0 0 0 0 0 0 0 0 0 0 0 0 0 0 0 0 0 0 -999 
P6018 2088 7 0 0 0 0 0 0 0 0 0 0 0 0 0 0 0 0 0 0 0 0 0 0 0 0 0 0 0 0 0 0 0 
P6018 2088 8 0 0 0 0 0 0 0 0 0 0 0 0 0 0 0 0 0 0 0 0 0 0 0 0 0 0 0 0 0 0 0 
P6018 2088 9 0 0 0 0 0 0 0 0 0 0 0 0 0 0 0 0 0 0 0 0 0 0 0 0 0 0 0 0 0 0 -999 
P6018 2088 10 0 0 0 15 0 0 0 0 0 0 0 0 0 0 0 0 0 0 0 0 0 32 50 52 68 103 136 54 0 0 0 
P6018 2088 11 0 0 0 0 0 0 9 0 0 0 45 0 0 0 39 37 21 137 0 0 0 0 0 0 0 0 0 32 83 28 -999 
P6018 2088 12 0 0 0 45 72 57 82 0 0 0 0 0 0 0 0 0 0 0 0 0 0 0 0 0 22 0 19 0 0 8 0 
P6018 2089 1 0 0 0 0 26 0 21 46 87 97 113 135 101 0 0 0 0 0 0 0 0 7 7 0 0 0 0 0 0 0 20 
P6018 2089 2 0 0 0 32 70 83 42 80 163 52 45 83 143 64 0 0 0 0 0 0 0 0 0 10 0 10 0 23 -999 -999 -999 
P6018 2089 3 29 0 55 34 0 0 0 0 0 0 0 7 20 36 56 68 49 0 8 13 13 0 0 41 0 49 24 0 20 47 129 
P6018 2089 4 135 122 41 9 0 0 0 0 0 0 0 0 7 0 0 0 0 11 0 0 0 0 0 34 0 61 50 30 0 0 -999 
P6018 2089 5 0 13 0 0 6 0 0 0 0 0 0 0 0 0 0 0 0 6 11 0 0 0 0 20 0 0 0 0 0 0 0 
P6018 2089 6 0 0 0 0 0 0 0 0 0 0 0 0 0 0 0 0 0 0 0 0 0 0 0 0 0 0 0 0 0 12 -999 
P6018 2089 7 0 0 0 0 0 0 0 0 0 0 0 0 0 0 0 24 0 0 0 0 0 0 0 0 0 5 0 0 0 9 0 
P6018 2089 8 0 0 0 0 0 0 0 0 0 0 0 0 0 0 0 0 0 17 0 0 0 0 0 0 0 0 0 0 0 0 0 
P6018 2089 9 0 0 5 0 0 0 0 0 0 0 0 0 0 0 0 0 0 0 0 0 0 0 0 0 0 0 0 0 0 0 -999 
P6018 2089 10 0 0 0 0 0 0 0 0 0 0 0 0 0 12 0 0 0 0 0 6 0 0 0 0 0 0 0 0 0 0 0 
P6018 2089 11 27 27 0 0 0 0 6 0 0 0 0 0 0 0 0 0 24 0 0 0 0 0 26 0 105 69 0 0 0 111 -999 
P6018 2089 12 159 0 0 0 34 35 0 80 0 63 31 0 0 0 0 0 0 0 10 17 0 0 0 0 0 0 0 0 0 0 0 
P6018 2090 1 0 0 0 6 0 1 0 0 40 48 18 38 78 74 67 23 11 0 0 0 6 0 0 4 0 0 15 18 0 0 0 
P6018 2090 2 0 0 5 22 28 47 0 24 0 42 42 58 39 0 36 0 0 19 0 0 9 0 0 24 46 53 0 76 -999 -999 -999 
P6018 2090 3 144 0 0 0 0 0 0 0 0 6 0 0 67 73 59 22 0 21 0 45 17 35 17 10 15 0 0 0 0 22 30 
P6018 2090 4 0 21 30 26 28 23 27 25 32 0 0 30 0 0 68 47 29 0 0 0 0 0 0 18 24 22 12 0 0 0 -999 
P6018 2090 5 26 0 0 0 0 0 0 6 0 0 0 0 0 0 0 0 0 0 0 0 0 0 0 0 0 0 0 0 45 53 0 
P6018 2090 6 0 0 0 0 0 0 0 0 0 0 0 0 0 0 0 20 0 0 0 0 0 0 0 0 0 0 0 0 0 0 -999 
P6018 2090 7 6 0 0 0 0 0 0 0 0 0 0 0 0 29 33 0 0 0 0 0 0 0 0 0 0 0 0 0 0 0 0 
P6018 2090 8 0 0 0 0 0 0 0 0 0 0 0 0 0 0 0 0 0 9 0 0 0 0 12 0 0 0 0 0 0 0 0 
P6018 2090 9 0 0 0 0 0 0 0 0 0 0 12 0 0 0 26 10 0 0 0 0 0 0 0 0 0 0 0 0 0 0 -999 
P6018 2090 10 0 0 0 35 45 0 26 16 0 0 0 0 26 0 0 33 0 0 19 0 0 13 0 0 29 0 33 31 65 33 0 
P6018 2090 11 0 6 0 0 12 17 0 0 0 0 50 33 16 48 0 0 0 31 0 0 0 0 0 32 38 35 24 0 0 0 -999 
P6018 2090 12 0 81 115 0 56 39 0 12 0 16 0 0 19 0 0 14 0 0 18 0 0 0 0 0 32 27 17 0 0 2 0 
P6018 2091 1 0 6 0 0 0 0 0 0 0 10 17 20 54 0 0 15 0 23 41 0 0 0 0 0 0 0 0 0 0 0 0 
P6018 2091 2 23 0 0 3 0 8 15 0 0 0 0 0 0 8 0 0 7 29 93 101 69 64 0 27 32 0 0 28 -999 -999 -999 
P6018 2091 3 29 0 12 0 62 101 0 10 0 0 0 0 0 0 0 37 0 0 0 14 0 16 0 0 0 0 0 0 0 0 7 
P6018 2091 4 0 0 0 0 0 0 0 22 0 0 15 25 27 20 0 29 40 37 28 11 15 0 8 0 0 0 0 0 0 12 -999 
P6018 2091 5 0 29 0 0 0 0 0 6 0 0 0 0 0 0 0 0 0 0 0 0 0 0 0 23 0 0 0 10 0 0 0 
P6018 2091 6 0 0 0 15 0 0 0 0 0 0 0 0 15 26 0 0 31 0 0 0 0 0 0 0 0 0 0 8 0 0 -999 
P6018 2091 7 0 0 0 0 0 0 27 32 0 0 4 0 0 0 0 0 0 0 0 0 0 0 0 0 0 0 0 0 0 0 0 
P6018 2091 8 0 0 0 0 0 0 0 10 0 0 0 0 0 0 0 0 0 0 0 0 0 0 0 0 0 0 0 0 0 0 0 
P6018 2091 9 0 0 7 4 0 0 0 7 0 0 0 0 0 0 0 0 0 0 0 0 0 0 0 0 0 0 0 0 0 0 -999 
P6018 2091 10 8 0 0 0 0 0 17 8 0 0 0 45 31 13 16 0 37 14 0 0 0 0 0 0 0 42 56 79 106 82 65 
P6018 2091 11 53 27 0 0 0 12 0 0 0 0 0 0 0 22 30 27 24 24 19 15 8 0 53 0 14 0 71 24 0 18 -999 
P6018 2091 12 0 55 8 0 0 0 19 22 0 0 0 0 0 0 0 25 0 13 0 0 0 0 0 20 0 0 0 28 0 0 0 
P6018 2092 1 0 0 0 0 0 16 14 15 0 0 0 0 11 17 0 30 73 74 91 141 80 34 15 65 36 0 89 56 80 85 0 
P6018 2092 2 50 77 56 0 0 115 79 0 0 98 52 29 0 62 0 46 47 63 0 50 30 13 56 0 16 0 34 37 -999 -999 -999 
P6018 2092 3 28 37 0 0 0 0 65 57 0 0 16 0 25 26 62 91 0 32 27 84 73 74 101 209 80 0 23 0 61 25 29 
P6018 2092 4 0 0 60 39 38 7 0 0 0 12 0 0 0 0 0 0 0 0 9 0 0 0 14 17 0 0 31 43 43 0 -999 
P6018 2092 5 21 0 0 0 7 0 0 17 0 0 0 0 0 0 0 0 0 30 12 0 0 0 0 0 0 0 0 0 0 0 0 
P6018 2092 6 11 8 0 0 19 0 0 0 0 0 0 0 0 0 0 21 0 0 0 0 0 0 0 0 0 0 0 0 0 0 -999 
P6018 2092 7 0 0 0 6 0 0 0 0 0 0 0 0 0 0 0 0 0 0 0 0 0 0 0 0 0 0 0 0 0 0 0 
P6018 2092 8 0 0 0 0 0 0 0 7 0 14 0 0 0 0 0 0 0 0 0 4 0 0 0 0 0 0 0 0 0 0 0 
P6018 2092 9 21 0 0 0 0 0 0 0 0 0 0 0 0 0 0 0 0 0 0 10 0 0 0 0 0 0 0 0 0 0 -999 
P6018 2092 10 14 0 6 0 0 0 0 15 0 0 55 58 0 0 11 0 0 0 0 0 0 3 3 0 11 0 11 7 8 0 0 
P6018 2092 11 0 18 0 0 0 0 0 0 10 0 0 48 160 128 93 38 14 0 0 30 0 0 0 97 54 0 0 0 11 5 -999 
P6018 2092 12 0 26 36 0 0 25 20 0 57 67 0 11 0 0 0 11 30 26 17 77 169 103 0 61 31 72 0 54 106 0 0 
P6018 2093 1 0 88 0 0 0 26 33 0 0 0 75 85 37 0 90 74 22 44 35 0 0 0 0 11 0 0 0 27 103 87 102 
P6018 2093 2 91 52 0 0 0 0 0 0 0 0 24 0 0 25 37 0 35 0 0 76 0 36 8 11 0 0 34 33 -999 -999 -999 
P6018 2093 3 18 7 0 0 0 0 8 0 0 0 87 30 20 0 0 3 0 0 13 0 11 0 17 10 0 0 45 45 0 0 47 
P6018 2093 4 23 0 0 0 0 0 0 0 0 31 13 0 8 0 44 0 22 0 25 0 40 22 0 21 34 0 42 0 32 0 -999 
P6018 2093 5 0 31 55 48 0 3 0 0 15 0 0 0 0 0 0 0 0 0 0 0 0 22 0 11 0 15 11 0 0 0 0 
P6018 2093 6 0 4 0 0 0 16 0 0 0 0 0 0 0 0 0 0 0 0 0 0 0 11 0 10 0 0 0 0 0 0 -999 
P6018 2093 7 0 0 0 0 0 0 0 0 0 0 0 0 0 0 0 0 0 0 0 0 0 0 0 0 0 0 0 0 0 0 0 
P6018 2093 8 0 0 0 0 0 0 0 0 0 0 0 0 0 0 0 0 0 0 0 0 0 0 0 0 0 0 0 0 0 0 0 
P6018 2093 9 0 0 0 0 0 0 0 0 0 0 0 0 0 0 0 0 0 14 0 0 0 0 0 0 0 0 0 0 0 37 -999 
P6018 2093 10 0 0 0 0 0 0 0 31 23 0 0 0 54 0 38 0 83 48 0 0 0 0 0 0 0 17 9 0 0 0 23 
P6018 2093 11 49 0 15 0 0 0 0 0 0 0 0 24 18 0 0 0 0 9 0 0 14 14 15 0 0 0 0 0 0 0 -999 
P6018 2093 12 0 0 0 0 0 0 0 0 0 1 0 0 0 0 0 0 0 0 12 0 10 0 0 0 0 0 0 0 0 6 0 
P6018 2094 1 0 0 18 14 0 0 0 0 0 23 0 0 4 0 0 0 43 102 102 68 54 113 137 143 111 67 53 124 30 116 29 
P6018 2094 2 0 0 68 109 21 10 5 8 0 0 0 0 0 0 0 4 0 0 0 0 0 0 0 0 0 0 0 0 -999 -999 -999 
P6018 2094 3 0 0 0 0 0 0 0 0 0 0 0 0 0 0 0 0 0 0 0 0 0 0 0 0 0 15 0 0 0 81 62 
P6018 2094 4 0 127 80 0 0 36 0 64 0 20 0 0 8 6 14 0 0 0 0 0 0 37 0 0 0 0 21 0 0 0 -999 
P6018 2094 5 0 0 0 11 0 0 0 0 0 0 0 0 0 0 0 0 0 0 0 0 0 0 0 0 0 0 0 0 0 0 0 
P6018 2094 6 0 0 0 0 0 0 0 0 0 0 0 17 0 0 0 0 0 0 0 0 0 0 0 0 0 0 0 0 0 0 -999 
P6018 2094 7 0 0 0 0 0 0 0 0 0 0 0 0 0 0 0 0 0 0 0 0 0 0 0 0 0 0 0 0 0 0 0 
P6018 2094 8 0 0 0 0 0 0 0 0 0 0 0 0 0 0 0 0 0 0 0 5 0 0 0 0 0 0 0 0 0 0 0 
P6018 2094 9 0 0 0 0 0 0 0 0 0 0 0 0 0 0 0 0 0 0 0 0 0 0 23 0 0 0 0 14 10 0 -999 
P6018 2094 10 0 0 0 0 0 0 23 0 1 0 0 0 0 18 0 15 0 0 0 27 32 19 0 34 16 32 58 0 0 0 0 
P6018 2094 11 14 2 2 0 0 0 0 0 0 0 29 0 0 98 36 15 0 39 27 47 32 0 46 56 0 31 21 0 0 0 -999 
P6018 2094 12 0 0 0 7 0 0 0 0 3 0 0 0 0 0 0 8 0 0 39 28 12 0 6 0 0 0 0 0 9 0 0 
P6018 2095 1 69 51 91 115 0 28 0 94 90 0 43 26 24 0 0 0 0 0 0 0 11 14 0 37 0 93 64 73 26 0 0 
P6018 2095 2 0 0 18 15 0 0 0 20 0 0 17 0 0 0 0 0 24 0 0 13 0 5 0 0 0 0 0 0 -999 -999 -999 
P6018 2095 3 0 0 6 0 0 0 0 0 0 0 0 0 0 0 11 1 0 0 0 0 0 0 0 0 0 0 0 41 60 36 0 
P6018 2095 4 0 0 80 30 12 5 0 0 0 0 0 27 0 0 27 27 0 46 32 24 0 57 43 49 0 0 0 0 0 0 -999 
P6018 2095 5 0 2 0 0 0 0 0 0 0 0 0 0 0 0 0 0 0 0 0 0 0 0 0 0 0 0 0 0 0 17 0 
P6018 2095 6 0 0 0 0 0 34 25 0 27 0 17 0 0 0 0 0 0 21 0 32 41 17 0 0 0 0 0 0 0 0 -999 
P6018 2095 7 24 0 0 0 0 0 0 0 0 0 0 0 0 0 0 15 0 8 0 0 0 0 0 0 0 0 0 0 0 0 0 
P6018 2095 8 0 0 0 0 0 0 0 0 0 0 0 0 0 0 0 0 0 0 0 0 0 0 0 0 0 0 0 0 0 0 0 
P6018 2095 9 0 0 0 0 2 0 0 0 0 0 0 0 0 0 0 0 0 0 0 0 0 0 0 0 0 0 0 0 5 6 -999 
P6018 2095 10 0 0 0 13 0 0 0 19 0 0 0 0 0 23 0 27 68 20 0 0 0 0 0 0 0 0 0 0 0 0 0 
P6018 2095 11 0 0 0 0 21 18 0 39 38 0 0 31 25 0 14 22 41 10 0 0 52 78 64 57 34 0 0 0 0 0 -999 
P6018 2095 12 0 0 0 7 12 0 0 86 75 50 0 0 0 38 63 0 0 0 20 64 38 13 16 35 137 161 81 31 0 18 0 
P6018 2096 1 59 5 10 0 64 0 59 0 94 83 40 13 0 0 0 0 0 7 0 0 0 0 0 0 0 3 0 0 0 0 0 
P6018 2096 2 19 28 37 46 0 0 7 0 0 7 0 0 14 38 0 0 7 0 0 0 0 0 0 0 0 0 0 0 -999 -999 -999 
P6018 2096 3 0 20 18 9 0 0 0 0 0 8 7 0 5 0 0 0 0 16 0 22 41 92 109 20 0 0 32 59 47 25 0 
P6018 2096 4 8 0 0 0 0 0 0 0 0 0 0 0 0 0 0 34 0 0 0 19 0 0 0 14 0 0 8 0 0 0 -999 
P6018 2096 5 0 0 0 17 0 0 0 26 8 0 0 0 0 0 0 0 5 0 0 0 0 0 0 14 0 0 0 0 0 8 0 
P6018 2096 6 0 31 0 14 0 28 22 0 0 0 15 9 0 0 0 0 0 5 0 0 0 0 0 0 0 0 0 0 0 0 -999 
P6018 2096 7 0 0 0 0 0 0 0 0 0 0 0 0 5 0 0 0 0 0 0 0 0 0 0 0 0 0 0 0 0 0 0 
P6018 2096 8 0 9 0 9 0 0 0 0 0 0 0 0 0 0 0 0 0 0 0 18 0 0 0 0 0 0 0 0 0 0 0 
P6018 2096 9 0 5 0 0 0 0 0 0 0 0 0 0 0 0 0 0 0 0 0 0 0 18 17 11 0 0 0 0 0 0 -999 
P6018 2096 10 27 0 0 0 18 0 0 0 0 0 0 0 0 0 0 0 0 47 46 39 0 42 23 9 0 0 0 0 0 0 0 
P6018 2096 11 0 0 5 0 0 0 0 0 0 0 0 0 0 0 9 0 0 0 5 0 0 0 0 0 0 4 1 0 0 1 -999 
P6018 2096 12 2 0 0 0 0 0 0 0 0 16 0 0 17 35 0 0 0 0 0 4 10 0 35 0 0 0 0 0 0 0 0 
P6018 2097 1 0 13 12 0 0 6 0 19 0 0 0 0 0 0 0 0 0 0 0 0 8 6 0 2 60 47 39 10 14 25 7 
P6018 2097 2 20 0 0 25 0 0 0 0 0 0 0 0 0 0 0 9 0 0 0 0 0 0 0 0 0 0 0 25 -999 -999 -999 
P6018 2097 3 22 56 66 21 0 40 17 0 27 0 0 0 0 0 0 0 0 0 0 0 0 0 0 32 0 41 0 0 0 3 5 
P6018 2097 4 0 0 0 0 17 32 48 0 36 29 30 34 62 47 27 11 4 0 0 30 0 8 7 50 0 0 0 0 0 1 -999 
P6018 2097 5 0 8 12 0 0 0 0 19 19 0 0 0 0 0 0 0 25 25 31 53 0 23 0 0 2 0 0 0 0 0 0 
P6018 2097 6 7 0 0 0 12 0 0 0 0 0 0 0 0 0 0 0 0 0 24 0 0 0 0 0 0 0 0 0 0 0 -999 
P6018 2097 7 0 0 0 12 0 0 0 0 0 0 0 0 0 0 0 0 0 0 0 0 0 0 0 0 0 0 0 0 0 0 12 
P6018 2097 8 0 0 0 0 0 0 0 0 0 0 0 11 0 0 0 0 0 0 0 0 0 0 0 0 0 0 0 0 10 16 0 
P6018 2097 9 0 0 0 0 0 0 0 0 0 0 0 0 0 0 0 0 0 0 9 0 0 0 0 0 0 0 0 0 0 0 -999 
P6018 2097 10 0 6 0 0 0 0 0 0 0 0 0 0 0 0 0 0 0 69 0 11 5 0 13 0 0 0 0 0 0 0 0 
P6018 2097 11 0 0 7 9 8 0 0 0 0 0 0 8 0 0 7 13 0 3 0 0 0 5 11 0 9 25 0 0 0 42 -999 
P6018 2097 12 25 8 0 4 0 0 0 0 0 0 0 0 0 0 0 0 0 0 6 0 0 0 0 0 0 0 0 0 25 35 46 
P6018 2098 1 57 0 0 44 101 41 0 0 0 0 0 0 0 0 0 0 0 0 0 72 51 47 27 38 0 0 0 0 0 4 0 
P6018 2098 2 0 0 10 10 0 0 0 0 37 55 38 0 34 13 37 14 0 39 27 0 22 0 36 14 0 0 0 30 -999 -999 -999 
P6018 2098 3 0 0 0 0 12 38 0 0 0 13 0 0 0 0 0 0 0 0 0 0 0 0 0 0 0 0 52 29 0 9 0 
P6018 2098 4 0 0 22 0 0 34 48 0 0 0 0 0 37 8 0 0 0 0 0 6 0 0 72 22 0 0 0 0 0 0 -999 
P6018 2098 5 0 0 0 24 31 32 40 46 49 63 69 49 0 0 0 0 25 12 0 24 26 0 0 0 36 23 11 0 0 0 0 
P6018 2098 6 0 0 0 0 0 0 0 0 0 0 0 0 15 0 0 0 0 0 0 0 0 0 0 0 0 0 0 0 0 0 -999 
P6018 2098 7 0 0 13 11 0 0 0 0 0 0 0 0 0 0 0 0 0 0 0 0 0 0 0 17 0 0 0 0 0 0 0 
P6018 2098 8 0 0 0 0 0 0 0 0 0 0 0 0 0 0 0 0 0 12 19 0 0 0 0 0 0 0 0 0 0 0 0 
P6018 2098 9 21 0 0 0 0 0 0 0 0 13 0 0 0 0 0 0 0 0 0 0 0 0 0 0 0 0 0 0 0 0 -999 
P6018 2098 10 0 7 0 0 1 0 0 0 0 15 0 0 0 0 14 33 49 49 17 8 0 0 0 0 24 49 0 0 0 18 0 
P6018 2098 11 0 0 0 0 0 0 0 0 0 0 0 0 64 38 31 28 25 41 80 0 0 40 30 0 0 0 0 0 0 0 -999 
P6018 2098 12 0 0 0 2 0 0 0 0 0 0 0 0 4 0 11 0 0 17 0 50 37 38 23 0 45 0 0 0 34 0 0 
P6018 2099 1 0 17 0 0 0 0 0 0 18 41 50 30 28 2 0 0 53 23 0 0 42 0 0 0 0 27 0 0 5 0 0 
P6018 2099 2 0 0 0 43 20 0 0 50 6 0 0 0 0 0 0 0 0 0 0 0 0 0 39 95 124 0 23 31 -999 -999 -999 
P6018 2099 3 74 97 111 112 0 0 0 17 0 0 18 0 0 0 37 0 36 103 126 125 0 12 28 0 0 0 17 9 0 18 24 
P6018 2099 4 21 0 13 0 0 11 0 0 4 0 0 0 0 10 0 0 0 0 0 0 0 0 0 37 34 0 0 0 30 0 -999 
P6018 2099 5 0 15 9 0 0 0 0 0 0 19 0 9 0 0 0 21 0 0 0 0 0 0 0 45 21 0 26 19 0 0 0 
P6018 2099 6 0 0 0 0 0 0 0 0 0 0 0 0 0 0 0 0 0 0 0 0 0 0 0 0 0 0 0 0 0 0 -999 
P6018 2099 7 0 0 0 0 0 0 0 0 0 0 0 0 0 0 0 12 0 0 0 10 0 0 0 0 0 0 0 0 0 0 0 
P6018 2099 8 0 0 0 0 0 11 0 0 0 0 0 0 0 0 0 0 0 0 0 0 0 0 0 0 0 0 0 5 0 0 0 
P6018 2099 9 0 8 0 0 0 0 0 0 0 12 0 0 0 0 0 8 0 0 0 8 0 0 0 0 10 14 0 0 0 0 -999 
P6018 2099 10 0 0 0 0 27 0 0 0 32 0 0 59 33 13 0 0 0 0 0 0 0 0 0 0 23 42 28 20 16 0 0 
P6018 2099 11 0 0 28 0 0 0 0 12 0 0 0 35 20 25 14 0 0 4 0 0 0 13 10 37 21 0 38 46 0 10 -999 
P6018 2099 12 9 0 0 11 0 53 39 26 17 0 0 0 0 0 0 0 11 0 0 0 0 0 30 39 120 180 202 163 98 50 19 
P6018 2100 1 0 0 0 0 52 8 0 30 0 0 91 154 130 47 12 0 0 21 0 0 4 0 17 8 6 0 0 0 0 0 0 
P6018 2100 2 0 75 80 17 10 0 16 12 36 80 44 0 0 0 0 24 60 49 31 0 8 0 0 0 3 0 0 0 -999 -999 -999 
P6018 2100 3 0 0 53 0 20 0 19 18 0 0 0 30 52 23 13 8 0 11 23 24 0 41 34 21 13 31 28 0 39 0 36 
P6018 2100 4 44 38 35 18 0 11 16 10 11 0 58 100 46 0 0 31 18 26 18 23 0 0 0 0 0 0 4 0 0 0 -999 
P6018 2100 5 0 16 0 0 0 0 0 0 0 0 0 0 0 0 0 0 25 0 0 0 22 18 33 41 61 28 11 0 0 17 0 
P6018 2100 6 10 0 0 0 0 0 0 0 12 0 0 0 0 0 13 0 0 0 0 7 0 0 0 0 0 0 0 6 0 0 -999 
P6018 2100 7 0 0 0 0 0 0 0 0 0 0 0 0 0 0 0 0 0 0 0 0 0 0 13 0 0 0 0 0 0 0 0 
P6018 2100 8 0 0 0 0 0 0 0 0 0 0 0 0 0 0 0 0 0 0 0 0 0 8 0 0 0 0 0 0 0 0 0 
P6018 2100 9 0 0 0 0 0 0 0 0 0 0 0 0 0 0 0 0 0 0 0 0 0 0 0 0 0 0 0 0 13 0 -999 
P6018 2100 10 0 0 0 0 0 0 0 0 0 24 0 0 33 42 19 0 0 21 0 11 0 55 68 14 0 0 4 0 35 0 0 
P6018 2100 11 22 0 0 0 37 0 34 32 87 77 0 53 59 0 121 88 65 70 60 0 0 0 56 78 33 0 0 0 3 0 -999 
P6018 2100 12 0 0 0 0 26 0 0 2 0 0 0 3 0 0 0 0 2 0 0 0 0 0 0 0 12 0 0 0 0 0 0 
