precip	MIROC5	RCP60	REGRESION	decimas	1
P14274	41.944	-4.790	182	geo	2006	2100	-1
P14274 2006 1 0 0 0 0 0 0 7 11 7 6 0 54 114 28 40 64 47 47 22 11 0 8 16 9 0 12 13 0 22 24 0 
P14274 2006 2 0 40 0 0 0 0 0 0 0 0 0 15 17 18 18 16 15 0 21 19 11 0 7 6 0 3 0 9 -999 -999 -999 
P14274 2006 3 0 40 55 71 62 65 64 57 38 0 37 26 23 0 22 41 69 68 57 34 0 0 28 23 25 28 28 36 41 0 31 
P14274 2006 4 22 0 24 26 17 9 9 14 4 0 0 0 0 0 0 0 13 0 0 0 0 0 7 0 0 26 0 0 0 0 -999 
P14274 2006 5 0 20 0 26 22 0 0 11 0 7 0 0 20 20 0 12 13 10 0 16 0 0 8 8 0 0 0 0 20 0 11 
P14274 2006 6 10 0 0 0 11 0 0 0 0 0 0 0 18 0 0 0 0 0 12 0 0 0 0 0 18 0 20 0 0 22 -999 
P14274 2006 7 0 0 0 0 0 16 0 18 0 0 0 0 23 0 0 0 0 0 0 0 0 0 13 0 0 0 0 0 0 0 0 
P14274 2006 8 13 0 0 0 0 0 0 0 0 0 0 0 16 0 0 0 0 0 0 0 0 10 0 16 0 12 8 0 0 21 0 
P14274 2006 9 0 14 0 0 0 0 0 0 18 0 0 0 0 11 0 0 0 0 0 0 0 0 15 0 0 0 0 11 13 9 -999 
P14274 2006 10 0 0 0 13 0 0 0 0 0 0 0 0 0 20 19 15 0 0 11 11 0 13 0 0 19 0 11 0 0 13 0 
P14274 2006 11 0 0 0 0 0 0 28 23 11 0 0 0 0 0 0 0 0 0 0 11 11 14 16 21 12 7 0 0 0 0 -999 
P14274 2006 12 0 0 0 0 0 0 12 33 40 19 17 18 0 19 41 53 0 0 4 6 0 36 64 33 36 33 23 22 28 0 13 
P14274 2007 1 13 0 0 0 0 0 0 0 0 0 0 0 0 0 0 0 0 0 0 0 0 3 4 7 0 11 8 15 15 0 0 
P14274 2007 2 0 11 17 15 0 0 16 49 98 60 22 0 10 9 0 6 0 20 0 17 18 17 29 24 30 27 26 0 -999 -999 -999 
P14274 2007 3 0 18 18 30 36 0 0 10 10 0 14 24 30 54 27 14 20 14 0 0 0 15 0 0 0 5 8 0 0 0 0 
P14274 2007 4 0 0 0 0 0 15 0 0 0 0 0 0 37 0 9 15 23 0 34 25 17 14 24 19 11 11 0 0 0 0 -999 
P14274 2007 5 0 0 0 0 38 15 0 0 0 0 0 0 0 0 17 0 0 0 0 0 0 0 0 0 0 0 2 0 0 0 0 
P14274 2007 6 0 12 0 0 0 0 0 0 0 0 0 13 21 0 9 0 8 0 10 0 7 0 0 11 0 16 0 0 0 15 -999 
P14274 2007 7 13 14 16 0 0 0 0 8 0 0 0 0 0 0 0 23 0 0 16 18 17 0 8 9 17 0 19 0 0 0 0 
P14274 2007 8 0 0 12 12 0 17 0 0 0 0 0 0 0 0 0 0 0 0 19 20 0 0 0 0 0 0 16 15 0 0 0 
P14274 2007 9 0 0 0 0 0 0 0 0 0 0 0 16 11 14 0 0 0 0 6 0 0 9 10 15 0 0 0 0 0 9 -999 
P14274 2007 10 9 14 0 0 0 0 0 0 0 0 17 19 31 33 0 15 0 40 13 0 21 34 40 34 14 13 27 9 0 0 0 
P14274 2007 11 0 0 0 0 0 0 0 0 16 19 33 31 17 26 0 0 5 0 2 0 0 6 4 0 0 0 0 7 8 0 -999 
P14274 2007 12 0 0 0 0 0 0 0 0 0 0 0 0 0 0 0 12 18 16 11 4 0 0 0 9 0 9 0 9 3 4 0 
P14274 2008 1 0 17 22 24 0 0 0 0 0 0 0 0 8 12 12 12 9 0 14 0 41 42 16 11 21 48 45 28 25 35 50 
P14274 2008 2 75 37 55 34 28 41 28 44 22 24 36 13 10 0 0 29 15 33 20 13 9 7 6 0 7 17 17 0 -999 -999 -999 
P14274 2008 3 0 8 0 0 0 4 0 5 0 0 0 0 19 11 0 0 0 0 0 0 8 0 0 0 0 0 4 0 0 0 0 
P14274 2008 4 0 4 0 0 0 0 3 0 0 0 0 0 16 0 0 30 23 0 0 0 8 0 0 0 0 0 0 0 0 0 -999 
P14274 2008 5 0 0 0 0 10 8 8 0 0 20 34 0 16 0 0 0 8 7 17 0 0 21 30 0 0 0 8 7 0 12 11 
P14274 2008 6 0 0 0 0 0 0 0 0 0 0 0 13 0 28 0 0 0 16 0 0 0 0 13 0 0 0 0 0 18 0 -999 
P14274 2008 7 0 0 0 0 0 0 22 0 0 0 0 11 0 27 0 0 0 0 0 0 0 0 15 17 0 0 0 0 0 0 0 
P14274 2008 8 0 0 0 0 0 0 0 0 0 0 13 0 19 0 0 12 0 0 5 0 0 0 0 0 0 0 0 0 0 0 0 
P14274 2008 9 0 0 9 0 0 0 9 0 0 0 0 0 13 0 15 0 0 0 0 0 10 0 0 0 0 0 8 0 30 23 -999 
P14274 2008 10 25 17 9 0 0 0 0 14 0 0 28 0 25 11 0 0 0 0 0 0 0 16 19 18 15 30 32 0 18 0 0 
P14274 2008 11 0 0 22 10 0 0 0 0 7 0 0 0 0 0 0 7 0 27 0 0 0 0 0 0 0 0 0 0 0 3 -999 
P14274 2008 12 0 0 0 0 0 2 0 3 0 18 0 7 0 11 4 0 6 6 0 0 0 8 0 9 0 0 16 0 0 0 0 
P14274 2009 1 0 0 0 0 0 0 0 4 0 3 0 8 7 0 9 4 0 0 0 0 0 3 0 0 0 0 0 0 0 0 0 
P14274 2009 2 0 0 0 0 5 4 3 2 0 0 0 2 0 0 0 0 1 0 0 0 2 0 0 2 2 0 4 16 -999 -999 -999 
P14274 2009 3 30 33 28 14 11 0 0 27 0 0 0 0 0 0 0 24 0 39 30 0 0 0 0 21 0 0 30 46 43 36 18 
P14274 2009 4 0 14 10 10 17 20 0 9 0 0 10 14 14 0 12 8 6 7 0 0 10 6 0 0 6 5 0 16 0 29 -999 
P14274 2009 5 0 20 19 19 0 20 0 10 0 0 0 0 0 0 0 0 0 0 0 18 21 0 16 0 0 0 6 0 0 0 0 
P14274 2009 6 0 0 0 0 15 0 14 0 0 0 0 4 0 0 0 0 0 8 0 7 0 0 0 0 0 0 0 0 11 0 -999 
P14274 2009 7 0 17 18 9 0 0 0 0 0 0 0 0 0 0 10 0 7 0 0 0 0 0 0 0 0 9 0 0 0 0 0 
P14274 2009 8 0 0 5 0 0 0 15 0 0 0 0 0 0 0 0 0 5 0 0 0 0 0 0 17 9 0 0 11 0 20 17 
P14274 2009 9 0 18 0 0 0 0 0 0 21 0 26 14 0 0 0 0 0 0 0 0 0 0 0 0 0 0 0 0 0 0 -999 
P14274 2009 10 0 0 0 0 5 0 0 0 0 0 0 0 11 0 0 15 17 0 0 9 0 8 16 31 8 0 0 0 0 0 9 
P14274 2009 11 0 0 0 0 0 0 0 10 0 0 5 0 0 8 13 11 0 7 0 22 0 0 24 0 7 0 12 0 0 18 -999 
P14274 2009 12 17 0 30 18 47 37 38 22 0 32 19 12 0 10 0 0 14 27 26 14 12 14 19 19 25 27 34 24 0 12 13 
P14274 2010 1 14 12 0 49 34 0 6 0 10 8 0 0 11 5 9 0 0 0 9 0 0 0 2 0 6 0 4 0 0 11 9 
P14274 2010 2 0 5 3 0 10 14 0 0 0 0 0 0 0 1 0 0 0 0 0 4 0 6 0 0 0 0 0 0 -999 -999 -999 
P14274 2010 3 0 0 0 0 0 10 9 11 26 0 0 7 0 4 4 0 0 16 32 15 0 0 0 0 0 0 0 0 0 0 0 
P14274 2010 4 0 0 22 0 0 17 19 30 26 22 16 13 12 0 30 20 0 0 0 14 0 13 0 0 14 0 7 0 19 14 -999 
P14274 2010 5 0 7 0 17 16 10 0 0 0 0 0 12 0 0 0 18 0 17 0 0 0 9 7 6 13 26 0 0 0 10 0 
P14274 2010 6 0 0 0 0 0 8 0 0 2 0 0 0 22 15 0 25 0 0 0 0 0 0 0 0 9 0 12 12 0 0 -999 
P14274 2010 7 0 21 0 0 0 14 16 0 0 12 0 0 0 0 0 0 0 0 0 0 11 0 16 18 0 0 0 0 0 15 0 
P14274 2010 8 0 0 0 13 0 0 0 0 0 0 0 0 0 0 0 0 0 0 0 0 0 0 0 13 0 0 0 0 0 0 0 
P14274 2010 9 0 0 26 0 9 0 0 0 0 11 0 19 0 0 0 0 0 0 0 0 0 0 0 0 21 12 0 0 0 0 -999 
P14274 2010 10 6 4 0 0 0 0 0 11 0 26 37 26 39 27 19 12 0 15 0 9 0 15 0 6 0 0 0 0 16 10 0 
P14274 2010 11 0 0 0 7 0 0 0 0 0 0 0 0 0 0 0 0 0 9 0 5 6 0 0 5 0 6 0 0 0 0 -999 
P14274 2010 12 3 0 0 8 0 10 9 5 6 0 0 12 0 18 0 4 0 0 0 3 0 0 0 0 0 0 0 0 0 0 2 
P14274 2011 1 0 0 0 10 0 0 0 0 0 4 0 0 0 0 12 4 2 0 0 0 0 17 32 15 0 8 0 0 0 0 0 
P14274 2011 2 9 0 0 22 24 0 22 12 0 0 0 14 0 9 0 0 4 7 9 10 0 21 14 0 7 6 10 20 -999 -999 -999 
P14274 2011 3 0 14 0 0 0 9 0 0 8 11 0 19 15 14 0 36 27 0 0 18 0 28 0 92 32 13 25 51 10 0 0 
P14274 2011 4 15 23 18 0 0 0 0 0 17 0 13 0 0 7 6 11 25 21 0 18 0 11 0 0 0 3 0 0 0 2 -999 
P14274 2011 5 0 13 0 0 4 0 0 0 0 27 0 0 0 0 0 0 0 0 0 23 28 0 0 0 15 0 15 12 8 0 0 
P14274 2011 6 10 10 0 0 0 0 0 0 0 18 0 0 0 13 0 10 0 0 0 0 0 0 0 0 0 0 14 12 0 9 -999 
P14274 2011 7 9 0 0 0 0 0 0 0 0 0 7 0 0 0 0 0 0 0 0 15 0 0 0 0 0 0 0 0 0 0 0 
P14274 2011 8 0 9 16 0 0 0 0 0 0 0 0 0 0 0 0 0 0 0 11 0 0 0 0 0 0 0 0 0 0 18 16 
P14274 2011 9 0 6 9 0 0 0 0 0 0 28 7 0 4 5 0 0 0 0 0 0 0 0 0 0 7 0 0 0 0 0 -999 
P14274 2011 10 0 0 0 6 0 0 0 0 0 0 12 0 0 16 0 13 0 0 0 0 0 0 16 0 0 0 0 8 11 16 14 
P14274 2011 11 0 0 0 21 40 43 26 0 0 0 3 4 9 0 0 0 23 0 0 4 0 32 0 19 0 0 0 10 6 0 -999 
P14274 2011 12 6 17 21 5 0 0 0 0 0 0 0 14 10 4 9 35 0 36 40 38 41 21 19 0 0 24 0 21 0 21 38 
P14274 2012 1 0 0 0 2 0 0 0 0 0 0 0 0 0 1 1 0 0 0 0 0 0 0 0 0 0 0 5 8 12 11 3 
P14274 2012 2 4 0 19 10 5 4 0 0 0 0 3 4 0 0 0 0 0 10 22 0 0 0 4 4 0 0 2 10 -999 -999 -999 
P14274 2012 3 0 27 0 0 0 0 7 0 0 0 0 0 14 9 10 20 17 14 19 32 0 16 0 0 0 0 0 10 0 0 5 
P14274 2012 4 7 0 0 0 0 16 0 19 0 0 0 7 0 45 32 20 16 9 7 0 0 0 8 27 32 0 24 0 24 0 -999 
P14274 2012 5 0 0 0 0 0 0 9 0 0 17 13 0 0 26 22 17 15 14 0 0 0 0 0 0 20 17 0 0 0 0 0 
P14274 2012 6 2 0 0 0 0 0 0 0 0 14 0 0 12 0 0 0 0 4 0 16 0 0 0 0 0 0 0 0 0 0 -999 
P14274 2012 7 0 0 0 0 17 0 0 0 0 0 0 20 0 0 0 13 19 0 0 0 0 10 0 12 21 18 0 0 0 0 0 
P14274 2012 8 0 0 0 0 0 0 0 0 0 0 0 0 0 0 0 0 11 11 0 0 0 0 0 0 7 0 0 0 0 0 0 
P14274 2012 9 0 0 0 0 0 0 0 0 0 5 0 0 0 0 0 0 0 10 9 0 0 0 0 13 12 0 11 0 0 0 -999 
P14274 2012 10 0 0 0 0 0 0 0 0 0 26 40 0 0 0 21 0 21 0 23 12 0 0 13 0 11 13 25 18 18 0 0 
P14274 2012 11 34 0 31 0 13 0 0 9 10 0 26 0 4 5 0 0 9 28 42 31 18 0 0 0 8 0 0 0 25 0 -999 
P14274 2012 12 0 0 0 11 0 41 39 38 11 15 14 8 0 39 28 31 23 13 0 11 13 18 0 19 0 9 0 0 0 0 30 
P14274 2013 1 14 9 14 0 17 0 16 0 0 0 0 0 0 0 0 0 0 0 0 1 0 0 0 0 1 2 0 0 0 19 0 
P14274 2013 2 0 0 0 0 0 0 0 0 11 0 0 0 0 53 23 9 12 36 52 40 32 41 33 45 15 8 3 4 -999 -999 -999 
P14274 2013 3 10 13 0 14 8 0 0 24 21 35 67 56 44 19 20 27 23 21 24 19 15 35 0 19 0 0 16 0 29 0 44 
P14274 2013 4 25 0 8 14 9 19 19 9 5 0 0 8 15 0 13 0 0 9 12 12 28 19 0 24 32 8 0 7 0 8 -999 
P14274 2013 5 0 0 7 0 0 0 0 21 0 25 0 0 0 0 24 30 0 0 0 0 9 0 0 0 0 5 0 0 0 0 0 
P14274 2013 6 0 19 21 0 13 0 19 29 27 0 30 27 0 0 0 0 0 0 0 10 11 0 0 0 0 0 33 0 0 16 -999 
P14274 2013 7 0 10 0 0 19 0 0 0 0 0 8 8 0 0 18 0 0 0 0 12 0 0 0 0 0 0 0 17 0 0 26 
P14274 2013 8 0 8 0 0 16 0 0 18 18 0 14 0 0 0 0 13 0 0 0 0 0 0 13 0 0 0 0 0 23 20 29 
P14274 2013 9 0 15 0 0 0 12 0 0 0 0 0 11 0 0 8 0 0 0 0 0 0 13 0 0 0 0 0 0 0 0 -999 
P14274 2013 10 0 0 0 0 0 0 0 0 13 20 0 0 0 0 0 0 17 11 0 0 0 0 0 0 0 0 4 6 6 0 0 
P14274 2013 11 0 0 2 0 0 3 0 5 7 7 8 6 0 0 6 0 0 66 97 44 0 62 67 43 23 64 26 0 0 0 -999 
P14274 2013 12 0 34 25 0 0 0 0 0 0 0 0 11 0 7 11 0 0 0 0 0 0 13 14 22 0 25 0 0 29 25 0 
P14274 2014 1 17 8 0 0 20 0 0 19 0 0 14 14 0 19 18 12 0 1 0 0 0 0 0 8 15 17 29 36 50 0 21 
P14274 2014 2 22 29 19 28 23 40 0 41 23 30 7 0 0 7 0 0 0 0 14 0 9 0 12 7 5 0 0 0 -999 -999 -999 
P14274 2014 3 12 6 0 0 0 0 0 0 0 0 0 6 0 15 28 39 45 0 73 38 17 0 0 8 0 4 4 0 0 0 0 
P14274 2014 4 12 12 0 15 19 13 0 0 14 0 21 0 28 22 22 22 33 0 26 16 16 0 0 18 43 22 11 17 17 27 -999 
P14274 2014 5 39 0 18 22 0 6 0 0 0 10 0 0 0 16 0 29 25 13 22 43 0 33 0 29 18 17 0 0 18 25 24 
P14274 2014 6 0 0 32 40 0 25 20 15 12 0 3 6 0 0 0 0 0 0 0 0 0 0 0 0 18 0 0 12 0 0 -999 
P14274 2014 7 0 0 0 0 21 26 0 0 0 0 0 0 0 0 0 14 0 0 0 0 0 0 0 0 0 0 0 0 0 9 0 
P14274 2014 8 14 0 0 14 0 0 12 0 0 9 0 0 0 0 0 21 0 0 0 0 0 0 0 0 0 0 0 0 0 0 0 
P14274 2014 9 0 0 0 0 0 0 0 0 0 0 0 0 31 28 0 0 0 25 13 8 0 0 0 11 0 0 0 0 12 13 -999 
P14274 2014 10 0 0 10 15 0 0 0 0 0 0 0 14 12 9 9 0 0 0 0 32 17 0 0 0 28 24 0 0 0 0 0 
P14274 2014 11 0 0 0 0 0 0 0 0 0 0 0 0 0 12 12 10 0 41 22 36 57 89 40 49 21 18 0 5 0 0 -999 
P14274 2014 12 0 0 0 0 3 4 0 4 0 4 8 5 3 0 0 0 0 0 0 0 0 4 0 7 5 0 0 8 17 14 10 
P14274 2015 1 8 0 0 29 38 22 0 16 13 13 5 0 0 0 0 0 0 0 0 0 0 0 0 0 5 0 0 32 34 0 7 
P14274 2015 2 0 0 0 0 0 0 0 2 0 5 5 4 3 0 0 0 0 0 0 0 4 0 0 0 34 0 24 0 -999 -999 -999 
P14274 2015 3 11 0 17 34 18 9 21 18 25 0 0 8 13 20 10 7 0 5 6 0 0 20 25 18 13 9 0 0 0 0 17 
P14274 2015 4 0 0 12 0 0 0 11 8 0 0 0 0 0 0 0 0 0 0 6 0 0 0 7 0 0 0 0 21 0 28 -999 
P14274 2015 5 30 27 21 8 0 0 0 0 0 6 0 9 0 0 0 0 0 0 0 0 0 0 0 0 0 0 28 36 0 0 0 
P14274 2015 6 4 0 0 0 0 0 16 0 0 0 0 0 0 0 15 0 0 0 0 0 0 0 0 0 0 0 0 0 0 9 -999 
P14274 2015 7 0 0 0 0 0 0 14 0 0 0 0 0 0 0 20 0 0 0 0 0 0 14 0 0 0 0 0 0 0 0 0 
P14274 2015 8 0 0 0 12 0 0 11 0 0 0 19 0 0 0 0 0 0 0 24 0 0 0 26 29 0 17 0 9 0 0 0 
P14274 2015 9 0 0 0 0 22 0 0 0 0 0 9 11 0 0 0 10 8 0 0 16 0 0 0 0 28 36 38 0 22 30 -999 
P14274 2015 10 22 19 11 8 14 19 0 35 15 0 0 0 0 0 0 10 0 0 12 10 13 0 0 0 9 0 0 4 0 0 0 
P14274 2015 11 0 0 0 0 0 10 11 10 0 8 0 0 0 15 0 8 0 5 13 27 32 21 14 0 0 3 4 5 0 0 -999 
P14274 2015 12 0 17 17 17 18 21 48 58 0 36 26 41 51 0 10 15 14 0 0 0 0 0 0 5 0 0 2 0 0 0 0 
P14274 2016 1 0 0 8 0 0 11 19 0 9 0 17 37 0 40 21 15 0 0 0 0 0 0 0 8 7 11 0 10 0 17 0 
P14274 2016 2 3 6 18 12 0 0 0 0 4 8 0 5 0 8 0 12 28 17 9 0 11 0 0 0 0 0 0 12 -999 -999 -999 
P14274 2016 3 0 14 0 12 0 0 0 24 58 46 56 71 44 29 0 23 16 0 0 0 0 25 29 0 19 18 0 50 56 32 37 
P14274 2016 4 0 6 0 5 4 11 18 0 0 30 41 36 16 20 52 20 21 15 0 0 0 6 11 15 0 0 18 29 23 11 -999 
P14274 2016 5 0 0 11 13 10 0 10 0 0 0 0 27 0 0 0 22 16 0 0 0 4 5 0 7 0 0 0 0 0 0 0 
P14274 2016 6 16 0 6 4 0 0 5 0 0 9 0 17 0 0 0 0 0 0 0 0 0 0 0 0 13 0 0 0 0 0 -999 
P14274 2016 7 0 0 0 0 0 0 0 0 0 0 0 17 0 0 0 18 0 0 12 0 0 0 10 6 0 0 0 0 0 0 9 
P14274 2016 8 8 11 0 14 0 0 0 0 0 0 21 0 0 0 0 6 0 0 0 0 0 0 0 0 0 0 0 0 0 12 0 
P14274 2016 9 0 0 15 0 0 15 0 12 0 0 5 0 0 0 0 0 0 0 0 0 0 0 0 0 4 0 6 0 0 9 -999 
P14274 2016 10 7 5 0 0 0 0 0 16 0 0 0 0 0 0 17 38 54 44 41 37 25 24 17 0 0 7 6 0 0 7 0 
P14274 2016 11 0 0 0 9 8 0 14 0 0 0 7 0 0 17 54 17 18 45 35 0 28 0 0 21 26 0 0 0 20 27 -999 
P14274 2016 12 0 0 10 0 0 8 7 11 0 0 0 36 33 24 0 0 8 18 27 25 22 34 22 20 0 0 0 12 0 0 15 
P14274 2017 1 0 0 0 2 4 0 0 0 3 8 0 0 28 0 33 0 0 0 0 5 0 4 0 1 1 0 0 2 0 3 0 
P14274 2017 2 0 0 0 0 0 0 0 0 0 0 0 0 0 0 0 0 12 6 0 0 0 0 0 0 0 0 8 0 -999 -999 -999 
P14274 2017 3 0 0 0 0 0 0 0 0 29 28 15 10 22 25 0 6 7 0 0 0 0 7 14 31 0 0 0 31 0 0 0 
P14274 2017 4 5 6 7 0 10 7 0 12 17 14 0 6 5 6 0 6 0 0 0 7 0 0 0 19 0 16 21 33 34 0 -999 
P14274 2017 5 0 0 11 0 9 5 6 0 11 0 0 0 0 0 12 0 0 9 0 0 0 0 0 0 0 10 13 0 0 16 0 
P14274 2017 6 0 0 0 0 0 0 0 0 0 15 0 0 0 0 0 0 0 14 11 0 0 0 17 0 0 0 0 0 25 0 -999 
P14274 2017 7 14 0 11 0 0 0 0 0 0 0 0 0 0 18 0 0 0 0 0 0 0 0 0 0 0 0 0 0 0 0 0 
P14274 2017 8 0 0 8 0 0 0 0 0 0 15 0 12 13 0 0 0 11 0 0 0 15 0 0 0 0 0 0 0 0 0 0 
P14274 2017 9 0 15 0 0 0 0 0 0 0 0 0 0 0 0 10 0 0 9 0 0 0 0 12 0 0 13 0 13 0 16 -999 
P14274 2017 10 0 0 7 0 0 0 0 0 0 0 0 0 9 0 0 39 38 47 27 0 0 17 0 11 0 5 42 61 59 24 0 
P14274 2017 11 0 0 21 23 15 0 10 0 34 17 0 0 60 0 0 0 0 9 10 15 20 19 0 0 8 16 0 0 0 18 -999 
P14274 2017 12 13 23 0 0 0 16 0 33 64 0 19 0 0 42 41 0 0 0 0 0 4 0 7 0 8 7 9 0 18 19 17 
P14274 2018 1 12 0 0 0 0 0 0 0 31 29 9 9 0 0 0 0 9 9 0 7 0 9 0 0 15 0 36 22 21 12 0 
P14274 2018 2 27 10 0 0 0 12 15 0 12 0 0 0 0 0 0 0 0 0 7 11 0 0 0 0 0 0 0 0 -999 -999 -999 
P14274 2018 3 0 8 0 0 0 0 9 0 0 18 23 26 25 29 0 0 14 0 0 0 0 0 0 0 12 13 19 0 33 24 0 
P14274 2018 4 0 9 0 0 13 9 7 0 12 0 6 0 0 9 0 13 0 7 0 0 7 0 0 28 0 0 35 23 15 0 -999 
P14274 2018 5 16 7 0 0 10 17 14 0 24 27 0 25 0 19 0 23 30 25 23 29 0 0 21 0 0 15 0 0 0 0 0 
P14274 2018 6 0 0 0 0 0 0 6 0 0 0 0 9 12 0 15 0 0 0 0 0 0 0 0 0 0 7 0 0 0 0 -999 
P14274 2018 7 0 0 0 0 0 0 18 0 0 0 0 0 0 0 0 0 0 0 0 0 0 0 0 0 0 0 0 0 14 11 0 
P14274 2018 8 0 0 0 0 0 0 0 0 0 0 16 8 7 0 0 0 0 0 13 0 0 0 8 0 0 13 0 0 0 0 0 
P14274 2018 9 0 0 0 0 0 22 0 0 0 0 0 0 0 0 0 0 0 0 0 0 0 0 0 0 9 0 0 0 0 14 -999 
P14274 2018 10 0 5 0 0 0 0 0 13 16 0 0 13 0 0 16 0 0 0 0 0 17 19 7 7 0 0 0 0 6 0 0 
P14274 2018 11 0 0 0 3 0 0 23 57 27 29 0 0 0 9 6 0 0 10 11 26 21 29 0 10 7 11 0 0 8 7 -999 
P14274 2018 12 0 22 18 23 34 0 0 0 0 0 0 29 32 0 15 11 0 0 0 8 0 0 17 14 24 21 32 40 0 40 33 
P14274 2019 1 58 48 35 37 42 37 45 0 0 0 7 8 0 9 0 10 27 0 31 29 29 37 18 7 0 18 37 9 0 0 24 
P14274 2019 2 47 49 20 0 0 0 14 8 0 35 43 25 48 38 11 6 23 74 94 18 17 15 0 0 3 0 0 0 -999 -999 -999 
P14274 2019 3 0 0 0 7 0 9 6 0 14 0 0 0 0 0 0 8 7 0 0 0 0 0 0 6 0 0 0 0 23 21 17 
P14274 2019 4 0 0 0 9 13 0 0 0 24 0 18 15 16 21 24 26 22 0 0 11 0 9 19 28 0 24 26 0 23 29 -999 
P14274 2019 5 21 14 0 0 0 0 0 0 20 22 15 0 19 14 0 0 0 0 0 0 0 0 0 11 0 0 0 0 0 0 0 
P14274 2019 6 0 11 0 0 0 0 26 25 18 0 0 18 0 15 0 20 0 9 13 11 0 0 0 9 0 0 0 0 15 0 -999 
P14274 2019 7 9 0 23 0 0 0 7 0 0 11 0 0 15 10 0 0 0 0 13 0 0 0 0 0 23 0 0 0 0 0 0 
P14274 2019 8 0 0 0 15 0 0 0 0 0 0 0 0 0 0 0 0 18 0 0 0 0 0 5 0 0 5 0 0 0 0 15 
P14274 2019 9 16 13 0 0 0 0 0 0 7 0 9 0 0 0 0 0 20 18 0 19 0 0 0 18 12 0 16 0 12 9 -999 
P14274 2019 10 0 0 18 0 0 0 0 0 0 0 0 0 36 13 0 0 0 0 0 0 0 0 0 0 0 0 0 0 0 0 0 
P14274 2019 11 11 0 0 4 0 15 12 12 9 0 0 0 0 0 0 7 0 0 0 29 61 65 0 20 24 33 25 0 22 48 -999 
P14274 2019 12 36 0 8 0 0 0 0 0 0 0 0 0 0 0 0 0 0 0 0 5 0 0 0 0 0 0 0 0 0 0 0 
P14274 2020 1 20 0 0 0 0 0 0 1 0 0 0 3 0 34 16 0 0 0 4 0 0 0 0 0 7 12 0 0 0 19 0 
P14274 2020 2 9 0 9 0 11 14 21 27 0 13 0 0 0 0 0 11 7 6 0 8 0 0 0 0 0 5 5 0 -999 -999 -999 
P14274 2020 3 0 0 5 0 26 25 7 4 0 0 0 0 0 0 0 0 0 0 0 12 0 0 12 16 0 17 0 13 0 12 16 
P14274 2020 4 15 0 8 6 3 0 0 0 0 0 7 27 11 0 29 50 51 31 25 0 35 14 9 0 2 4 0 14 0 13 -999 
P14274 2020 5 7 0 0 0 9 0 0 0 0 0 0 30 25 20 25 0 11 0 0 0 8 0 0 16 0 5 0 0 0 11 9 
P14274 2020 6 9 11 14 0 0 0 0 24 0 0 0 6 0 8 0 0 0 0 0 0 0 0 0 0 0 0 12 0 16 0 -999 
P14274 2020 7 0 0 12 0 0 10 0 0 0 25 0 0 0 0 0 9 0 0 14 9 9 17 0 0 0 0 12 0 0 0 0 
P14274 2020 8 0 0 0 0 18 0 16 0 0 0 0 0 0 0 0 0 0 0 0 0 10 0 0 0 0 16 0 0 8 0 15 
P14274 2020 9 0 0 0 0 0 0 8 0 0 0 0 0 0 0 0 9 0 0 0 0 0 0 14 0 0 0 0 0 10 0 -999 
P14274 2020 10 16 0 0 0 17 23 28 26 41 0 24 0 19 15 48 44 16 42 0 0 0 0 2 4 0 12 9 0 0 0 20 
P14274 2020 11 28 36 28 0 24 13 0 0 0 0 0 0 2 8 0 0 0 9 18 46 59 32 22 18 31 0 31 64 12 15 -999 
P14274 2020 12 32 41 25 20 0 0 0 17 17 0 4 0 0 0 0 0 0 0 11 14 16 48 43 30 0 40 52 0 15 17 0 
P14274 2021 1 34 53 0 9 0 26 0 30 35 9 0 0 0 0 0 8 0 11 10 7 0 4 5 0 7 9 14 16 26 0 0 
P14274 2021 2 22 29 27 16 0 5 0 2 0 6 0 21 0 0 0 0 1 0 0 0 8 0 0 4 6 0 10 11 -999 -999 -999 
P14274 2021 3 0 0 0 0 0 7 0 0 19 36 0 0 41 0 0 0 0 0 0 0 33 0 0 0 0 0 17 0 24 12 0 
P14274 2021 4 17 10 12 0 15 0 0 0 0 0 0 0 0 15 0 19 0 0 8 10 16 0 23 20 17 0 0 0 20 0 -999 
P14274 2021 5 34 32 0 14 11 0 0 0 0 0 0 15 0 16 12 0 0 0 0 17 0 0 6 12 13 0 15 22 17 0 0 
P14274 2021 6 28 29 29 13 0 0 0 0 0 0 0 0 11 0 0 14 12 0 18 12 14 0 0 4 0 9 0 0 0 0 -999 
P14274 2021 7 0 17 0 0 0 19 20 0 11 0 0 0 7 0 0 0 0 0 0 0 0 0 0 0 11 15 0 0 17 0 0 
P14274 2021 8 0 0 19 21 0 0 0 0 0 0 0 0 0 0 0 12 0 13 10 0 0 12 0 19 15 33 19 13 0 0 14 
P14274 2021 9 14 0 0 0 0 0 0 0 7 0 0 0 0 0 0 0 0 0 0 16 0 0 15 0 0 21 12 0 0 9 -999 
P14274 2021 10 5 0 0 0 0 0 16 12 15 13 9 6 0 0 0 0 0 0 0 17 29 0 52 46 31 24 19 0 7 10 16 
P14274 2021 11 18 19 23 43 39 23 9 0 0 0 0 0 0 10 17 20 29 31 13 0 0 0 0 0 29 21 31 0 36 21 -999 
P14274 2021 12 36 57 17 9 0 3 0 13 0 8 0 0 0 0 0 31 48 58 20 11 26 23 14 8 0 0 3 10 0 0 0 
P14274 2022 1 0 4 0 12 0 10 13 20 26 19 24 18 24 27 17 0 26 15 0 28 36 0 41 33 0 11 20 33 26 37 36 
P14274 2022 2 50 16 12 26 29 24 58 83 35 36 58 0 57 29 41 21 17 27 16 20 54 26 35 20 24 54 52 0 -999 -999 -999 
P14274 2022 3 8 12 8 27 49 46 36 51 0 37 33 30 0 12 7 0 0 0 0 0 0 5 0 0 0 0 0 0 29 0 0 
P14274 2022 4 0 8 0 0 8 0 25 31 0 0 0 9 0 0 29 23 0 10 0 0 0 0 0 8 0 0 0 0 9 0 -999 
P14274 2022 5 0 0 0 0 0 0 16 0 22 0 32 23 0 30 0 0 0 17 0 0 0 12 0 13 0 25 15 0 7 9 0 
P14274 2022 6 0 5 0 14 0 18 21 8 7 0 0 0 0 0 21 0 16 0 11 0 0 0 10 0 0 0 0 0 0 0 -999 
P14274 2022 7 0 10 0 0 0 0 13 0 0 0 0 0 0 0 0 0 0 0 0 0 20 0 0 13 0 16 12 0 0 0 0 
P14274 2022 8 0 0 0 0 0 0 0 0 0 0 0 11 0 0 0 0 0 0 0 0 0 26 0 13 11 0 5 0 0 0 0 
P14274 2022 9 0 0 0 0 0 0 11 8 0 0 10 0 14 0 19 10 0 0 0 11 0 0 0 0 0 0 0 0 0 0 -999 
P14274 2022 10 0 0 0 0 0 0 0 17 23 21 23 17 14 32 38 31 19 10 0 0 0 0 0 8 0 0 11 0 36 50 0 
P14274 2022 11 16 0 9 0 0 5 0 0 0 9 0 0 0 2 3 5 4 0 0 0 0 0 0 0 0 0 0 16 12 0 -999 
P14274 2022 12 16 32 49 61 0 30 0 14 43 23 14 14 13 8 0 12 0 0 0 10 18 34 59 33 0 23 19 19 18 11 7 
P14274 2023 1 6 0 4 3 0 0 0 0 0 0 0 0 0 0 7 0 0 0 0 0 7 10 0 0 1 0 0 1 0 0 0 
P14274 2023 2 0 12 0 10 0 5 0 0 8 7 0 0 0 0 6 0 14 14 8 0 9 15 18 0 9 0 24 0 -999 -999 -999 
P14274 2023 3 0 16 8 0 0 0 0 0 0 3 0 24 24 0 0 6 0 0 0 0 0 0 0 0 0 0 4 0 0 26 36 
P14274 2023 4 17 12 0 31 27 0 0 11 0 0 0 18 42 65 0 13 29 0 0 0 5 0 0 0 46 0 23 23 0 0 -999 
P14274 2023 5 9 0 0 0 0 0 0 0 0 0 0 0 0 0 0 24 27 23 0 19 9 0 10 0 0 0 0 0 0 0 0 
P14274 2023 6 6 0 25 20 19 14 0 12 0 0 0 3 0 7 0 0 12 0 0 11 11 0 0 0 0 18 0 2 0 0 -999 
P14274 2023 7 0 0 8 9 11 0 0 0 0 0 0 0 0 0 0 0 0 0 13 0 0 0 0 0 0 0 0 0 0 0 0 
P14274 2023 8 0 0 0 0 0 0 0 0 10 0 0 0 12 0 0 6 0 0 0 0 0 12 0 0 8 0 0 0 0 0 0 
P14274 2023 9 0 34 0 0 0 10 0 0 0 0 0 9 0 0 0 0 0 12 0 6 0 0 0 0 0 0 0 21 0 0 -999 
P14274 2023 10 0 0 0 0 9 0 11 12 13 0 0 0 0 21 46 30 0 0 0 0 0 12 0 0 0 26 0 0 0 18 47 
P14274 2023 11 31 15 10 0 0 5 8 12 19 22 18 14 11 7 0 0 0 0 2 0 3 0 0 0 10 7 4 0 0 0 -999 
P14274 2023 12 0 0 0 0 0 0 0 0 8 0 6 7 7 6 0 2 5 0 0 0 0 0 0 7 5 0 0 0 0 0 0 
P14274 2024 1 0 0 24 21 8 27 0 26 36 0 0 10 13 35 33 24 24 40 6 0 0 0 0 0 7 0 0 0 0 0 0 
P14274 2024 2 28 49 45 24 12 0 10 0 5 0 0 0 0 0 6 0 6 3 0 0 20 29 32 57 44 37 0 0 -999 -999 -999 
P14274 2024 3 23 32 29 34 28 39 0 0 24 8 0 10 12 0 0 0 12 0 0 6 0 0 0 22 37 42 26 18 21 37 19 
P14274 2024 4 31 0 38 21 0 0 0 7 0 0 0 0 0 0 0 0 0 0 10 15 20 26 0 0 10 0 13 0 0 0 -999 
P14274 2024 5 0 0 0 0 0 0 10 0 13 23 0 0 9 12 0 0 13 0 15 0 0 0 0 0 10 0 0 0 0 0 0 
P14274 2024 6 0 0 0 0 13 0 0 0 0 0 0 0 0 4 0 0 0 10 0 0 0 12 14 0 0 0 0 0 0 10 -999 
P14274 2024 7 8 8 10 18 24 22 17 0 0 0 18 0 0 0 0 0 0 0 0 0 0 0 0 0 0 0 14 0 0 0 0 
P14274 2024 8 0 29 0 0 0 0 0 19 16 0 0 0 0 0 0 0 0 0 0 0 0 10 0 0 9 13 14 0 0 0 31 
P14274 2024 9 21 0 0 8 0 0 0 0 0 11 13 15 0 0 0 0 0 26 19 15 0 0 0 0 0 0 0 0 0 0 -999 
P14274 2024 10 0 0 0 0 13 0 9 0 0 24 14 14 5 18 53 33 19 19 0 10 0 0 14 0 0 0 0 0 0 0 0 
P14274 2024 11 15 22 0 0 0 12 0 16 0 14 0 0 0 22 0 7 0 0 11 13 11 0 15 0 0 0 0 0 0 0 -999 
P14274 2024 12 0 0 0 25 17 0 0 0 0 0 0 0 0 0 1 0 0 0 0 0 0 0 0 0 7 20 0 5 0 11 0 
P14274 2025 1 7 8 0 0 0 0 8 0 12 0 0 5 0 0 0 0 0 6 0 11 0 14 16 0 23 17 0 5 7 12 0 
P14274 2025 2 0 0 0 0 11 21 17 22 23 0 0 0 10 0 17 18 33 11 11 30 26 0 18 0 4 0 4 0 -999 -999 -999 
P14274 2025 3 7 21 0 0 39 0 85 0 7 6 0 0 0 5 4 8 0 0 27 34 50 60 38 92 59 24 37 8 6 0 21 
P14274 2025 4 13 0 13 6 0 2 0 0 0 0 0 0 0 0 0 17 0 8 19 0 0 8 8 0 0 0 0 11 0 30 -999 
P14274 2025 5 22 0 26 0 24 18 19 14 0 12 12 0 0 0 0 0 0 0 7 6 0 3 0 0 0 0 0 0 13 15 0 
P14274 2025 6 0 0 0 0 0 0 8 11 0 0 0 0 0 9 0 0 0 0 0 0 0 22 15 0 0 0 0 0 9 0 -999 
P14274 2025 7 15 0 0 0 0 0 0 0 0 0 0 0 0 0 21 0 0 16 0 12 0 16 0 0 0 0 0 0 0 0 14 
P14274 2025 8 0 16 6 0 18 0 0 0 0 0 0 0 0 0 0 0 14 0 0 9 0 0 0 0 0 0 0 0 0 0 0 
P14274 2025 9 0 13 11 0 0 0 0 0 0 0 0 0 0 0 0 0 27 0 14 0 6 0 0 0 0 0 0 0 0 9 -999 
P14274 2025 10 0 0 0 0 8 0 20 19 13 0 0 0 10 0 21 0 0 0 0 0 0 0 0 0 20 21 24 0 0 10 0 
P14274 2025 11 0 0 0 3 4 0 9 0 9 18 0 0 0 0 0 21 0 8 10 13 0 11 0 23 0 0 0 0 5 4 -999 
P14274 2025 12 7 16 19 10 0 13 0 31 0 0 0 0 8 0 0 0 6 0 0 8 11 0 11 0 0 21 0 0 9 0 19 
P14274 2026 1 14 16 13 13 10 0 6 0 0 0 23 0 80 0 0 53 57 55 25 15 10 0 0 12 0 0 16 8 10 6 0 
P14274 2026 2 0 5 25 18 0 15 0 0 0 0 0 0 0 0 0 0 0 14 27 34 36 36 25 10 0 8 0 4 -999 -999 -999 
P14274 2026 3 3 0 0 2 0 0 2 0 0 0 0 0 0 0 0 0 5 7 8 13 24 40 21 11 0 0 0 5 0 0 0 
P14274 2026 4 0 0 0 0 0 24 30 0 27 32 56 31 29 0 0 0 0 0 0 11 0 0 0 0 0 0 20 31 30 23 -999 
P14274 2026 5 0 0 8 5 0 0 12 12 0 0 0 7 0 17 0 0 0 0 14 0 0 0 11 18 0 20 0 15 0 11 0 
P14274 2026 6 0 0 0 0 4 0 0 0 0 0 6 0 18 0 18 0 0 0 7 0 0 0 0 0 0 0 14 14 0 0 -999 
P14274 2026 7 0 17 0 0 0 0 0 0 0 0 0 0 24 0 0 12 0 0 0 0 0 13 0 0 0 0 0 0 0 0 0 
P14274 2026 8 0 0 0 0 0 0 0 0 0 0 0 0 0 0 0 0 0 0 0 0 0 0 0 23 0 0 0 12 0 11 0 
P14274 2026 9 0 0 0 0 9 0 0 15 0 0 0 0 0 0 0 0 0 0 0 0 0 0 0 8 0 0 0 0 12 0 -999 
P14274 2026 10 0 0 0 0 0 19 0 0 0 0 23 33 0 25 31 27 0 0 0 0 0 0 50 25 21 0 10 0 30 29 45 
P14274 2026 11 0 0 9 9 0 0 14 10 17 50 39 0 10 0 10 0 13 0 16 0 0 0 0 0 0 0 9 20 20 8 -999 
P14274 2026 12 0 9 11 12 16 0 0 0 22 23 0 12 18 21 38 35 50 45 31 21 9 0 0 13 0 0 0 0 10 23 0 
P14274 2027 1 7 0 26 41 35 26 43 45 23 12 12 0 3 0 0 0 8 7 19 32 0 0 0 0 0 0 0 0 8 0 0 
P14274 2027 2 0 9 0 0 7 0 0 0 0 7 0 0 26 57 36 84 66 54 21 0 5 10 20 26 34 36 20 0 -999 -999 -999 
P14274 2027 3 43 31 0 0 35 31 36 0 14 17 3 0 0 18 23 36 28 0 22 17 12 17 18 17 19 0 36 26 12 12 19 
P14274 2027 4 21 0 35 39 21 13 17 0 0 15 7 11 0 0 32 53 0 49 30 30 28 19 21 0 19 16 0 4 0 12 -999 
P14274 2027 5 16 17 19 35 32 0 9 0 11 11 0 5 0 0 0 0 17 0 0 13 14 0 0 0 30 34 27 0 11 14 0 
P14274 2027 6 0 0 17 0 18 13 0 0 0 12 0 0 14 0 10 0 0 0 11 0 0 0 0 0 0 0 12 0 0 0 -999 
P14274 2027 7 0 0 0 0 0 0 0 0 10 0 0 0 13 0 5 0 0 0 0 0 0 0 0 0 0 0 0 0 7 0 0 
P14274 2027 8 0 0 0 0 0 0 0 0 15 18 0 19 21 0 8 11 0 0 0 0 0 0 0 0 0 0 0 0 0 0 0 
P14274 2027 9 0 0 16 0 0 0 0 10 0 0 0 0 29 0 0 0 0 0 0 6 0 0 0 0 9 0 0 0 0 0 -999 
P14274 2027 10 10 0 0 4 0 0 0 0 0 0 0 0 0 0 0 0 0 0 9 0 13 0 0 0 0 0 0 0 0 11 13 
P14274 2027 11 17 40 62 54 0 21 13 0 0 4 0 0 35 44 44 0 0 10 0 0 10 16 37 41 39 26 33 0 33 43 -999 
P14274 2027 12 16 12 0 5 12 28 46 0 31 22 23 0 11 19 0 19 11 12 0 24 20 0 0 9 0 0 4 0 8 0 0 
P14274 2028 1 12 14 0 0 0 8 15 18 43 54 16 31 46 50 49 0 0 0 0 0 0 0 0 3 0 0 0 0 0 0 2 
P14274 2028 2 0 0 0 10 7 5 0 0 0 0 0 0 0 2 0 3 0 0 3 0 0 0 10 0 0 0 31 24 -999 -999 -999 
P14274 2028 3 27 30 24 18 8 0 0 0 0 8 0 0 0 0 0 0 0 0 7 0 0 10 10 0 8 0 0 0 5 0 4 
P14274 2028 4 0 0 0 14 0 13 19 28 0 0 16 12 0 0 5 0 0 0 0 0 12 0 0 0 0 0 0 12 0 15 -999 
P14274 2028 5 14 21 11 0 6 8 0 10 0 0 0 0 0 0 0 0 0 0 0 0 6 0 13 0 0 0 0 0 0 0 10 
P14274 2028 6 0 18 0 0 14 11 14 0 25 25 0 0 0 0 0 0 0 0 0 0 0 0 0 0 0 0 0 0 0 0 -999 
P14274 2028 7 0 0 0 17 26 19 15 17 18 0 0 0 23 16 0 0 0 0 0 0 0 0 0 0 0 16 0 0 0 0 0 
P14274 2028 8 0 0 4 0 0 0 0 0 0 0 26 36 0 0 0 0 0 0 0 0 12 0 0 14 12 13 16 0 12 12 0 
P14274 2028 9 0 20 21 23 21 0 0 0 8 0 0 8 0 0 19 0 11 0 7 0 5 8 0 0 14 11 0 7 11 0 -999 
P14274 2028 10 0 0 0 0 0 0 15 14 0 0 15 0 0 0 0 0 9 12 19 30 19 0 0 0 13 0 9 7 0 0 35 
P14274 2028 11 32 0 0 0 24 7 36 0 27 33 15 0 0 0 23 30 0 0 11 7 0 0 0 0 0 3 4 0 3 4 -999 
P14274 2028 12 0 0 0 18 25 0 0 0 0 0 0 0 0 4 0 3 0 0 22 27 0 0 49 0 16 12 8 7 0 10 6 
P14274 2029 1 6 20 27 0 0 43 54 27 8 0 0 19 26 30 29 35 17 8 20 29 11 0 0 12 19 0 48 0 0 3 0 
P14274 2029 2 0 0 10 0 0 0 5 7 0 7 7 4 3 0 0 0 0 0 0 8 0 16 17 12 0 0 32 0 -999 -999 -999 
P14274 2029 3 0 0 0 0 0 0 0 0 0 0 0 9 10 0 14 15 22 0 14 22 14 18 20 19 9 0 0 0 0 0 3 
P14274 2029 4 0 4 0 0 0 14 13 0 7 13 14 13 14 0 6 7 0 4 4 5 5 0 0 0 0 8 3 2 0 0 -999 
P14274 2029 5 0 0 0 0 0 0 0 0 0 4 0 0 0 0 0 0 0 0 0 0 16 0 15 0 0 0 0 0 0 11 0 
P14274 2029 6 0 0 17 0 21 0 18 0 10 0 0 0 0 12 17 0 0 0 0 0 0 21 20 0 15 0 0 0 0 0 -999 
P14274 2029 7 0 0 0 14 0 0 0 0 0 0 0 0 0 0 0 0 0 0 0 0 0 0 0 0 0 0 0 0 0 0 11 
P14274 2029 8 12 14 0 0 0 0 0 0 0 0 0 0 0 0 0 0 0 0 0 0 0 0 11 0 0 0 0 0 0 10 12 
P14274 2029 9 18 28 0 0 0 0 6 5 7 6 0 14 10 12 0 0 0 19 0 0 18 27 0 32 15 24 0 33 32 0 -999 
P14274 2029 10 48 0 0 0 0 0 0 0 0 5 0 0 0 0 18 0 12 14 0 8 0 0 20 0 0 18 0 0 0 0 28 
P14274 2029 11 0 0 38 54 27 31 24 0 54 37 0 10 0 0 0 12 0 0 0 0 0 0 0 0 7 0 8 14 33 25 -999 
P14274 2029 12 10 0 0 10 0 0 0 0 0 0 0 0 0 0 0 0 0 0 11 0 0 6 0 0 5 0 6 6 0 0 54 
P14274 2030 1 51 0 11 0 30 21 45 0 18 0 0 0 0 0 0 0 0 0 0 0 0 0 2 0 7 0 0 0 40 51 49 
P14274 2030 2 66 44 44 12 0 0 27 38 0 34 41 26 21 0 33 36 13 0 26 0 0 6 8 16 20 22 21 20 -999 -999 -999 
P14274 2030 3 7 13 0 0 0 0 42 23 12 0 23 0 0 0 0 11 0 4 0 8 0 24 0 8 0 0 0 0 3 0 0 
P14274 2030 4 0 8 0 0 12 12 0 0 0 0 17 14 0 38 45 39 41 79 31 0 0 0 28 18 0 26 0 0 0 0 -999 
P14274 2030 5 5 0 2 0 0 0 0 0 0 0 7 0 23 0 20 0 17 0 0 0 0 0 0 4 0 0 0 11 9 19 26 
P14274 2030 6 0 19 16 19 20 0 20 0 0 0 21 21 17 18 13 0 9 0 0 0 33 0 0 0 0 0 15 15 0 0 -999 
P14274 2030 7 0 0 0 8 0 0 0 0 13 0 0 0 0 0 0 0 0 0 0 0 0 0 0 0 0 0 14 0 0 0 0 
P14274 2030 8 0 0 0 0 0 0 15 0 0 0 0 0 0 0 0 0 0 0 0 0 0 0 0 0 0 0 0 0 0 0 0 
P14274 2030 9 0 0 9 0 0 16 14 0 0 9 0 9 0 11 10 11 0 0 0 0 0 12 15 0 0 8 0 0 0 0 -999 
P14274 2030 10 0 0 0 0 0 0 6 0 26 32 28 0 0 0 0 0 0 0 0 0 0 0 0 15 0 10 0 9 0 0 20 
P14274 2030 11 0 0 34 34 62 52 31 11 0 14 16 0 0 8 10 16 0 27 22 0 5 5 14 0 6 8 15 0 15 33 -999 
P14274 2030 12 55 0 28 29 48 54 40 22 24 15 25 38 0 15 21 14 0 0 0 0 0 0 0 12 13 0 0 0 0 0 6 
P14274 2031 1 0 0 0 1 0 11 8 5 0 0 6 6 32 50 37 0 7 8 12 0 9 0 0 28 26 0 12 13 20 22 25 
P14274 2031 2 21 16 0 0 22 29 16 10 18 35 30 0 0 2 1 0 10 37 30 23 19 33 12 0 0 0 11 13 -999 -999 -999 
P14274 2031 3 14 16 0 14 14 0 17 8 11 0 17 15 17 29 31 28 28 0 27 18 28 35 34 0 22 0 41 37 0 26 0 
P14274 2031 4 0 0 0 22 38 40 15 0 0 6 0 0 18 14 0 0 22 21 11 16 0 24 15 24 22 20 20 20 15 13 -999 
P14274 2031 5 0 14 0 0 0 0 29 31 0 0 0 12 16 26 16 13 14 10 0 0 0 0 0 0 0 0 0 13 0 0 0 
P14274 2031 6 0 0 0 0 0 0 0 0 0 0 0 0 0 10 0 0 0 0 0 0 0 0 0 0 0 0 0 0 0 8 -999 
P14274 2031 7 10 0 0 0 17 0 8 0 0 0 0 0 0 0 0 0 0 0 8 0 0 12 0 0 0 15 0 0 0 0 10 
P14274 2031 8 0 0 0 0 0 0 0 0 0 0 0 0 0 0 0 0 0 19 0 0 0 0 0 0 0 0 11 0 8 0 0 
P14274 2031 9 0 0 0 7 0 0 0 0 0 17 0 34 0 0 0 0 0 0 12 0 0 0 7 0 0 0 0 0 20 0 -999 
P14274 2031 10 0 7 0 9 0 0 0 10 0 0 19 0 0 16 0 23 13 0 0 15 23 17 25 32 26 16 26 44 31 21 34 
P14274 2031 11 16 11 0 15 17 14 0 4 7 0 0 0 30 23 23 61 22 0 0 6 3 0 0 0 12 18 0 25 0 0 -999 
P14274 2031 12 26 42 29 43 0 12 0 0 3 0 0 0 8 10 6 0 0 0 0 0 3 0 3 6 0 0 0 0 0 0 0 
P14274 2032 1 28 35 0 0 10 45 22 16 22 0 5 2 0 0 0 0 13 42 32 9 0 0 0 0 6 7 14 0 18 36 26 
P14274 2032 2 49 57 11 17 39 17 0 0 4 0 4 4 0 0 0 0 0 0 0 0 0 0 0 0 0 12 0 0 -999 -999 -999 
P14274 2032 3 7 0 3 2 4 17 25 0 0 6 4 0 0 0 0 0 0 0 6 9 11 0 11 0 20 0 19 11 0 0 0 
P14274 2032 4 8 0 39 51 36 25 27 0 20 0 0 0 12 16 0 14 24 24 0 16 43 56 59 22 15 0 0 14 29 26 -999 
P14274 2032 5 19 13 0 0 24 27 29 25 0 0 0 0 11 0 0 0 38 33 16 0 0 0 0 0 0 6 5 0 0 0 0 
P14274 2032 6 18 0 0 0 0 0 15 0 0 9 15 16 0 0 0 0 0 0 0 0 0 0 0 0 0 0 29 0 14 0 -999 
P14274 2032 7 12 0 0 0 0 0 0 0 0 0 0 0 0 0 0 0 10 0 7 0 0 0 0 0 0 0 0 0 0 0 0 
P14274 2032 8 0 0 0 0 15 0 0 8 0 0 0 15 7 0 0 0 0 0 0 8 0 0 0 16 16 7 0 0 16 0 0 
P14274 2032 9 0 0 0 12 0 0 0 0 0 0 0 0 0 11 0 14 0 0 12 13 0 0 0 0 0 0 0 0 10 0 -999 
P14274 2032 10 0 0 0 10 10 0 5 0 0 15 0 18 17 18 26 0 17 17 42 45 40 49 17 0 0 12 0 0 0 0 12 
P14274 2032 11 10 0 0 33 48 34 32 0 0 0 9 0 40 10 0 22 20 28 42 50 37 0 21 39 12 19 0 27 27 0 -999 
P14274 2032 12 0 0 5 0 9 21 0 22 33 46 43 17 0 0 0 0 0 0 0 1 0 0 0 0 1 0 0 0 0 11 54 
P14274 2033 1 36 24 15 4 0 20 20 9 13 0 0 0 0 0 0 0 0 0 0 0 0 0 3 0 0 0 0 7 6 0 0 
P14274 2033 2 0 0 0 0 4 0 0 0 0 0 0 0 0 0 25 58 67 43 41 43 48 41 0 27 42 22 22 15 -999 -999 -999 
P14274 2033 3 0 13 0 11 0 0 0 0 12 16 0 10 0 18 0 0 13 24 29 50 32 22 41 43 39 0 4 0 22 0 17 
P14274 2033 4 55 23 9 0 22 24 0 9 0 0 8 0 0 8 0 0 0 37 32 0 30 0 0 16 30 0 6 0 0 4 -999 
P14274 2033 5 0 0 0 6 15 0 0 0 0 0 0 0 6 0 0 18 0 12 0 15 0 18 0 0 0 0 0 0 0 0 0 
P14274 2033 6 13 0 17 0 12 11 23 0 0 0 12 0 0 0 0 0 0 0 0 11 16 0 9 0 0 0 0 0 0 0 -999 
P14274 2033 7 0 0 0 0 0 0 0 0 0 16 0 14 0 15 0 0 0 0 0 0 0 0 0 0 12 14 0 0 0 0 0 
P14274 2033 8 0 0 7 0 11 10 0 0 0 8 13 0 0 0 0 0 9 0 0 14 13 0 9 11 12 14 17 18 0 12 0 
P14274 2033 9 0 0 3 0 0 0 21 0 0 0 0 5 6 0 0 7 0 0 0 0 8 0 0 0 0 0 0 0 0 0 -999 
P14274 2033 10 0 0 22 24 0 0 0 0 0 0 0 11 0 0 0 25 35 29 49 0 10 0 6 0 0 19 13 6 0 25 40 
P14274 2033 11 0 19 40 64 22 47 53 43 0 13 0 26 17 22 59 37 8 0 9 0 0 0 0 0 0 0 0 0 0 0 -999 
P14274 2033 12 17 21 41 38 13 24 38 27 0 10 8 9 8 0 3 0 5 0 0 0 0 0 6 6 5 0 5 12 15 10 11 
P14274 2034 1 0 2 2 0 0 0 0 0 0 0 0 0 0 0 4 0 0 0 0 0 11 10 14 0 30 39 43 0 0 0 0 
P14274 2034 2 0 0 0 0 0 0 0 0 0 19 26 16 7 0 7 3 7 23 67 35 0 0 35 0 10 0 0 14 -999 -999 -999 
P14274 2034 3 0 0 0 0 0 0 10 10 0 12 17 11 0 0 6 0 0 0 6 0 14 0 0 0 8 14 20 0 24 0 15 
P14274 2034 4 13 19 0 31 38 12 8 14 24 29 28 11 0 28 27 25 21 0 16 21 30 49 41 20 6 0 0 0 0 0 -999 
P14274 2034 5 0 0 3 3 7 0 0 0 0 0 0 0 10 24 28 11 9 13 9 0 0 0 0 0 0 0 12 0 0 15 0 
P14274 2034 6 12 22 0 0 0 0 13 0 0 0 0 0 8 7 0 7 0 0 0 22 0 0 0 0 0 0 0 0 7 0 -999 
P14274 2034 7 14 0 0 0 6 8 0 0 25 0 0 0 0 25 14 0 0 0 0 0 0 0 0 0 0 0 0 0 0 0 0 
P14274 2034 8 0 0 0 9 0 0 0 0 0 0 0 0 0 0 0 0 21 0 0 0 0 0 11 17 0 0 0 0 11 0 0 
P14274 2034 9 0 0 4 0 0 0 0 0 0 0 0 0 0 11 0 0 0 0 0 0 0 0 0 0 0 7 0 11 0 0 -999 
P14274 2034 10 3 0 0 0 0 0 0 16 0 0 9 23 0 0 18 25 14 0 0 0 0 10 18 0 5 3 0 0 9 13 0 
P14274 2034 11 6 7 13 19 26 0 0 0 0 0 0 0 0 0 0 0 0 0 0 5 0 0 0 8 11 13 0 0 0 16 -999 
P14274 2034 12 11 0 0 0 0 0 3 0 0 0 10 0 0 0 0 11 8 0 0 0 0 10 0 52 71 53 58 11 0 31 24 
P14274 2035 1 19 22 26 31 0 35 25 0 0 0 0 5 0 0 0 2 0 0 6 7 0 0 5 4 0 17 14 24 20 0 0 
P14274 2035 2 0 0 0 17 0 3 0 0 0 0 10 0 0 0 0 6 7 10 14 17 0 8 20 27 19 0 41 0 -999 -999 -999 
P14274 2035 3 0 30 0 0 3 0 0 10 19 0 0 0 25 28 0 0 20 14 12 5 0 0 6 0 12 15 0 0 50 0 23 
P14274 2035 4 0 0 0 0 27 35 21 31 23 16 14 0 0 19 0 0 0 0 18 31 26 22 24 0 12 0 0 26 38 28 -999 
P14274 2035 5 19 0 12 0 10 22 30 0 0 13 13 0 11 0 0 0 0 0 11 6 12 0 0 0 0 0 0 0 0 0 7 
P14274 2035 6 4 0 0 30 18 0 7 0 0 0 0 30 27 0 0 0 11 0 19 0 0 0 0 0 11 0 0 0 0 0 -999 
P14274 2035 7 0 0 0 3 0 0 0 21 17 0 0 0 0 0 0 0 0 0 17 0 14 10 11 0 0 0 0 0 0 0 0 
P14274 2035 8 0 0 0 0 0 0 0 0 0 0 0 0 0 0 0 0 0 0 0 7 0 0 0 0 0 0 0 18 0 26 21 
P14274 2035 9 9 0 0 0 0 0 0 7 0 0 0 13 0 0 0 0 0 0 0 9 0 9 0 0 0 0 11 0 0 0 -999 
P14274 2035 10 0 0 0 6 0 0 14 16 0 35 38 38 23 0 49 21 12 12 22 31 32 0 0 0 0 0 0 0 0 0 0 
P14274 2035 11 10 0 23 11 8 9 0 0 0 3 0 0 0 0 7 8 0 0 0 0 0 0 2 0 1 0 0 0 0 0 -999 
P14274 2035 12 0 0 0 0 0 0 0 9 8 0 0 0 0 20 22 31 20 36 0 0 11 11 11 17 17 14 15 9 7 20 0 
P14274 2036 1 52 32 15 27 38 45 29 34 50 49 38 0 36 0 18 20 33 0 25 37 18 0 0 0 10 0 0 8 0 0 0 
P14274 2036 2 7 19 29 11 0 0 0 0 0 0 0 0 6 0 0 0 0 7 0 0 10 0 8 9 4 0 7 0 -999 -999 -999 
P14274 2036 3 28 0 14 13 12 0 0 0 10 0 9 0 13 14 20 19 0 0 0 0 0 18 23 30 0 47 43 31 0 22 19 
P14274 2036 4 55 0 16 18 11 0 0 0 13 21 0 31 22 0 0 0 0 19 20 0 17 0 0 0 24 0 0 0 0 3 -999 
P14274 2036 5 0 6 0 15 23 14 0 0 0 0 20 13 0 13 0 28 36 0 32 22 37 35 20 0 0 6 0 0 0 0 0 
P14274 2036 6 0 24 0 0 0 0 0 0 0 23 0 17 19 0 21 36 12 11 0 0 0 0 0 0 0 0 0 0 0 0 -999 
P14274 2036 7 0 0 23 17 0 0 0 0 0 0 0 7 8 0 18 0 0 0 0 0 0 0 15 0 0 0 7 0 0 0 0 
P14274 2036 8 0 0 24 0 0 0 0 0 0 0 0 0 0 0 0 0 0 11 0 0 0 0 0 16 0 0 0 0 0 0 9 
P14274 2036 9 0 0 9 8 0 0 0 12 0 0 0 0 0 0 5 0 0 0 0 0 0 11 0 0 0 8 0 0 20 0 -999 
P14274 2036 10 0 0 11 17 18 24 0 0 26 50 0 0 23 38 31 0 14 14 11 0 4 0 0 0 0 9 0 2 0 0 0 
P14274 2036 11 5 0 0 7 11 22 25 21 17 16 13 0 6 8 0 0 0 0 0 0 0 0 0 0 15 0 0 0 0 0 -999 
P14274 2036 12 0 0 3 0 0 0 0 0 0 0 0 8 9 0 0 0 0 0 3 0 0 6 0 0 0 0 19 28 27 58 55 
P14274 2037 1 42 38 35 22 13 0 10 0 12 7 6 0 0 16 25 38 0 25 34 19 8 0 7 0 0 0 0 0 0 0 3 
P14274 2037 2 2 0 0 0 0 4 0 7 0 8 12 0 12 9 0 8 8 0 29 24 13 0 9 0 0 9 0 13 -999 -999 -999 
P14274 2037 3 0 0 19 0 0 22 25 35 27 15 0 9 4 2 0 0 0 14 16 0 14 48 0 38 0 54 37 30 32 14 0 
P14274 2037 4 0 0 0 15 13 22 9 0 0 9 0 14 0 0 0 8 0 8 4 4 0 10 30 33 0 26 0 17 10 0 -999 
P14274 2037 5 0 0 14 0 0 0 31 12 0 7 0 2 0 0 0 5 0 12 0 0 0 0 12 0 0 9 10 0 0 0 14 
P14274 2037 6 0 0 0 6 0 0 0 0 0 8 0 10 0 0 0 0 0 0 0 13 0 0 8 0 0 0 0 0 0 0 -999 
P14274 2037 7 0 0 0 0 0 0 0 0 0 0 13 14 0 7 0 0 0 0 0 0 0 0 0 0 0 13 0 19 13 0 24 
P14274 2037 8 0 0 0 8 13 0 0 0 0 0 0 0 12 21 0 0 12 15 12 13 0 0 0 0 0 0 0 0 0 0 0 
P14274 2037 9 0 10 17 0 0 16 0 0 0 0 0 0 0 19 0 0 12 0 0 0 0 0 0 0 0 0 0 9 11 0 -999 
P14274 2037 10 0 12 0 0 0 0 0 15 8 0 0 0 0 0 0 0 0 0 0 0 7 0 0 19 10 0 0 0 3 0 8 
P14274 2037 11 0 29 0 0 9 0 0 0 14 7 5 6 13 17 10 24 25 0 1 0 0 0 0 10 0 11 0 10 8 0 -999 
P14274 2037 12 13 14 0 36 47 58 38 18 18 0 24 42 12 0 10 12 0 0 21 25 9 0 11 0 0 6 0 0 0 0 0 
P14274 2038 1 0 0 0 0 0 0 0 0 0 10 19 63 45 22 16 0 0 21 0 23 0 16 9 8 11 8 12 0 0 11 0 
P14274 2038 2 9 6 9 12 0 21 0 0 0 7 2 0 0 0 0 7 0 4 2 8 10 10 0 20 32 23 0 8 -999 -999 -999 
P14274 2038 3 9 0 0 19 14 0 0 0 13 0 17 23 13 0 19 30 39 27 0 0 29 0 36 21 10 38 45 19 22 0 4 
P14274 2038 4 0 34 30 22 0 0 0 35 0 12 0 11 5 3 0 17 15 0 0 0 16 43 15 0 10 0 0 0 0 0 -999 
P14274 2038 5 30 0 0 0 0 0 0 0 0 0 0 0 0 0 0 15 0 10 0 0 12 13 0 0 12 0 0 0 0 0 0 
P14274 2038 6 0 0 6 0 0 0 13 0 0 0 0 0 10 12 0 12 0 0 17 0 0 0 6 0 0 11 0 0 0 0 -999 
P14274 2038 7 0 0 12 15 0 0 11 0 0 0 0 0 0 0 0 0 0 0 0 15 0 0 0 9 0 0 0 0 0 23 0 
P14274 2038 8 0 0 0 0 0 0 9 11 9 0 0 0 12 16 0 0 0 18 0 0 12 13 0 0 0 0 0 0 0 0 0 
P14274 2038 9 0 0 0 0 0 0 0 0 0 12 0 0 0 0 12 0 0 11 0 0 0 20 22 23 0 12 0 0 0 0 -999 
P14274 2038 10 0 0 0 0 0 0 0 0 0 0 0 19 15 0 0 0 10 24 28 26 0 36 37 0 0 23 0 0 15 15 18 
P14274 2038 11 0 15 27 0 51 53 38 16 9 10 0 43 0 9 18 26 15 0 36 15 5 0 0 0 0 0 40 43 45 19 -999 
P14274 2038 12 11 12 10 9 15 11 0 19 18 13 9 0 0 0 3 0 0 0 0 0 0 0 8 0 0 12 0 23 0 0 11 
P14274 2039 1 0 16 0 22 54 17 0 0 0 13 26 0 43 0 22 43 60 33 79 69 36 18 15 24 71 70 74 0 17 0 0 
P14274 2039 2 0 0 0 0 0 0 0 0 0 0 5 0 5 13 18 10 10 8 0 12 32 45 0 29 0 20 18 0 -999 -999 -999 
P14274 2039 3 19 8 0 16 23 18 9 0 0 17 15 0 27 0 9 0 18 0 39 50 49 14 0 0 0 8 0 0 0 0 3 
P14274 2039 4 0 0 0 0 5 12 0 7 0 6 9 0 0 0 0 0 0 0 0 0 0 0 0 0 0 0 15 22 0 0 -999 
P14274 2039 5 27 19 18 0 19 13 0 0 0 40 30 14 0 0 11 13 10 0 12 14 14 0 0 13 0 19 17 0 19 16 0 
P14274 2039 6 0 13 14 0 0 0 0 0 25 21 0 0 0 0 0 15 26 20 15 15 7 0 0 0 0 0 0 0 0 0 -999 
P14274 2039 7 0 0 0 0 0 0 0 0 0 0 7 9 0 0 0 17 0 9 0 0 0 0 0 0 0 0 0 0 0 0 0 
P14274 2039 8 0 0 0 0 0 0 0 0 0 0 0 0 0 0 0 0 0 21 0 0 0 0 0 0 0 0 0 0 0 0 0 
P14274 2039 9 15 0 0 0 0 0 14 0 0 0 15 0 0 0 0 0 29 29 18 0 0 11 0 0 7 0 7 21 0 0 -999 
P14274 2039 10 26 9 0 0 4 0 0 0 0 0 0 0 0 0 0 0 9 0 0 32 27 28 29 48 52 0 10 28 31 0 23 
P14274 2039 11 43 0 0 0 3 0 0 0 0 10 0 6 0 0 0 26 0 13 0 0 26 18 0 0 0 14 0 0 35 28 -999 
P14274 2039 12 22 13 0 0 21 0 0 0 0 0 4 7 0 20 27 0 24 61 34 15 19 0 0 0 10 0 0 0 0 6 0 
P14274 2040 1 3 0 2 0 2 1 0 0 0 2 0 3 0 0 5 0 12 10 0 37 5 0 0 11 0 0 0 0 0 0 38 
P14274 2040 2 32 12 32 46 27 8 0 0 0 0 0 0 23 64 69 53 0 60 62 0 23 25 44 42 22 30 23 30 -999 -999 -999 
P14274 2040 3 14 14 41 36 0 8 0 24 26 0 3 0 3 0 0 8 0 12 14 0 0 0 0 0 5 0 0 0 0 15 14 
P14274 2040 4 20 21 22 22 0 23 0 0 11 10 10 5 11 0 25 0 0 0 0 11 0 0 0 0 20 20 16 9 0 12 -999 
P14274 2040 5 0 0 0 0 0 32 20 0 16 22 0 16 0 0 0 23 0 0 0 0 0 0 0 26 0 0 9 0 0 0 0 
P14274 2040 6 0 0 0 0 0 0 0 3 0 14 10 0 0 0 0 11 0 10 15 24 0 10 0 0 0 0 0 7 0 0 -999 
P14274 2040 7 0 0 0 0 0 0 0 0 13 10 19 19 0 0 15 0 0 0 0 0 0 0 0 0 0 0 0 14 0 0 0 
P14274 2040 8 0 0 0 12 10 0 13 21 0 0 0 0 33 0 18 0 0 0 0 14 0 0 24 22 14 0 0 0 0 0 0 
P14274 2040 9 0 0 18 21 0 0 0 0 0 0 0 0 0 0 0 26 14 0 18 20 0 15 0 0 6 6 5 0 0 0 -999 
P14274 2040 10 0 0 0 0 27 0 19 35 27 0 15 16 0 0 0 21 34 37 0 0 0 0 20 29 21 0 0 0 0 0 0 
P14274 2040 11 6 8 0 5 0 0 0 17 0 0 9 0 21 59 0 47 0 0 10 4 0 0 14 0 7 9 11 15 0 10 -999 
P14274 2040 12 0 0 0 0 4 0 0 16 0 14 0 0 0 0 0 0 0 0 0 5 0 0 0 0 0 0 0 0 0 0 5 
P14274 2041 1 0 0 0 0 11 0 0 0 0 6 0 8 0 0 0 17 0 0 0 0 0 0 19 25 19 15 24 19 16 40 36 
P14274 2041 2 12 11 7 0 0 0 0 9 18 27 22 28 15 0 0 0 16 10 14 0 21 0 0 0 0 0 0 0 -999 -999 -999 
P14274 2041 3 0 0 0 0 0 9 13 15 10 0 0 0 0 0 0 0 2 3 0 0 0 0 0 6 7 0 0 0 17 13 9 
P14274 2041 4 9 15 0 0 10 0 15 17 0 8 10 15 0 0 0 0 0 0 0 6 8 0 0 4 0 0 0 0 0 4 -999 
P14274 2041 5 0 0 0 0 26 0 0 0 18 0 23 20 12 0 0 0 19 0 30 21 0 0 0 0 0 0 0 0 0 0 0 
P14274 2041 6 0 0 0 0 0 0 7 0 0 0 18 21 15 0 0 0 0 0 0 0 0 8 0 0 0 13 0 0 0 0 -999 
P14274 2041 7 0 0 0 0 0 0 0 0 0 7 0 0 0 0 0 0 0 0 0 7 0 0 0 0 0 17 0 0 0 0 0 
P14274 2041 8 0 0 0 0 0 0 0 12 0 0 13 0 0 0 7 0 0 0 13 0 0 0 0 0 0 0 4 0 0 0 9 
P14274 2041 9 0 0 12 0 10 0 0 21 15 0 10 0 0 7 0 0 0 0 17 0 0 0 0 0 0 0 0 0 11 0 -999 
P14274 2041 10 0 0 13 0 0 0 5 8 0 11 0 0 0 0 0 0 0 0 0 0 0 0 22 21 23 0 13 0 0 0 16 
P14274 2041 11 38 34 0 0 0 0 0 0 0 0 0 0 0 5 0 0 7 0 14 10 0 0 5 0 0 0 0 8 0 0 -999 
P14274 2041 12 0 29 31 0 0 0 0 30 30 11 6 0 0 6 8 0 0 0 0 0 16 10 5 0 0 0 12 21 18 15 0 
P14274 2042 1 0 36 42 26 11 9 0 0 0 12 0 0 0 0 0 12 17 28 37 8 6 0 0 26 0 36 54 30 6 0 2 
P14274 2042 2 2 0 3 0 0 0 0 0 0 4 0 0 5 0 0 0 0 0 1 0 0 0 0 13 8 0 0 0 -999 -999 -999 
P14274 2042 3 7 0 0 12 17 0 0 0 0 9 0 0 8 9 7 6 0 22 20 17 0 25 26 24 20 20 0 0 9 0 3 
P14274 2042 4 3 0 0 3 3 0 0 9 0 0 0 0 0 0 0 19 21 16 15 0 12 17 0 0 0 0 0 0 20 0 -999 
P14274 2042 5 0 34 35 40 23 22 21 0 20 33 28 19 29 0 0 0 7 0 9 7 0 0 8 0 0 0 0 0 10 17 18 
P14274 2042 6 0 18 0 15 20 0 17 0 0 0 0 0 0 0 0 0 0 0 0 25 12 0 0 0 0 0 0 0 8 0 -999 
P14274 2042 7 0 13 0 0 16 0 0 17 0 0 0 0 0 0 7 12 0 0 0 0 0 0 0 0 0 10 0 0 0 0 13 
P14274 2042 8 0 9 10 12 0 0 0 0 11 0 0 0 0 0 24 0 0 26 0 0 0 0 7 0 0 0 0 12 0 0 0 
P14274 2042 9 0 33 0 12 0 0 0 0 0 0 0 0 0 0 9 0 0 0 0 0 0 0 0 0 0 13 16 0 7 0 -999 
P14274 2042 10 0 0 0 12 0 0 0 0 19 0 6 8 0 0 0 0 0 0 0 0 0 0 23 0 8 0 0 0 4 0 0 
P14274 2042 11 0 0 9 12 0 16 15 0 12 14 18 37 33 0 0 0 0 0 0 0 15 0 19 16 0 21 19 16 0 0 -999 
P14274 2042 12 10 11 8 23 55 9 20 0 15 0 0 0 0 10 11 0 0 8 29 27 16 18 0 0 0 0 0 10 14 15 0 
P14274 2043 1 0 2 0 0 0 2 0 9 0 15 17 30 16 31 31 39 39 15 0 4 0 2 0 0 0 0 0 0 0 0 0 
P14274 2043 2 0 0 0 0 0 0 0 0 0 42 21 12 8 7 16 0 0 15 0 0 5 7 9 8 0 0 17 0 -999 -999 -999 
P14274 2043 3 9 8 0 3 3 5 6 6 0 0 0 17 21 36 22 32 50 30 23 0 14 26 37 36 0 0 14 15 29 48 20 
P14274 2043 4 26 30 0 16 14 20 21 0 24 17 0 0 0 0 0 0 0 0 0 0 0 23 31 0 0 0 29 0 41 0 -999 
P14274 2043 5 20 12 0 0 0 0 8 8 0 13 14 13 0 0 24 0 41 33 31 37 0 0 0 0 0 0 0 0 0 0 0 
P14274 2043 6 0 0 0 0 11 0 0 0 4 0 0 0 0 0 0 0 0 0 0 0 0 0 0 0 0 0 0 0 0 0 -999 
P14274 2043 7 0 9 0 9 0 0 0 0 0 0 0 0 0 0 0 0 0 0 0 0 0 0 0 0 0 20 0 0 0 0 0 
P14274 2043 8 0 0 0 0 0 0 0 11 0 0 0 0 0 9 0 0 0 0 0 0 11 0 0 0 0 0 0 0 0 9 0 
P14274 2043 9 11 0 0 10 7 9 0 0 0 0 0 0 0 0 0 10 0 0 10 0 0 0 13 0 7 0 10 12 0 6 -999 
P14274 2043 10 0 0 12 0 0 0 0 0 0 0 16 25 42 24 17 14 0 0 0 0 16 10 0 11 0 4 0 0 0 0 0 
P14274 2043 11 0 0 0 0 42 26 0 0 0 0 3 0 0 7 0 0 0 13 18 17 45 0 13 15 23 0 0 19 26 20 -999 
P14274 2043 12 0 7 27 33 34 0 0 0 0 0 0 0 0 0 0 0 0 12 0 8 3 0 0 0 0 0 0 6 0 0 0 
P14274 2044 1 0 0 0 0 0 10 10 14 9 12 20 0 13 0 10 0 16 38 32 0 6 6 0 18 0 42 22 0 0 8 12 
P14274 2044 2 0 12 0 37 0 6 0 0 0 0 14 12 9 6 0 0 13 0 5 0 0 0 0 0 0 7 0 0 -999 -999 -999 
P14274 2044 3 0 9 6 0 0 7 0 0 0 0 0 0 0 0 0 0 10 12 0 0 0 0 0 0 7 11 21 22 0 0 13 
P14274 2044 4 0 25 25 0 19 11 0 0 18 0 4 4 0 0 0 9 0 10 0 0 0 2 0 0 10 0 12 0 0 16 -999 
P14274 2044 5 0 0 0 0 18 25 38 0 30 38 28 29 24 19 14 9 8 0 0 12 21 0 0 13 0 8 7 0 0 0 0 
P14274 2044 6 0 0 6 8 0 6 0 0 0 0 0 0 0 17 0 14 13 0 0 0 0 0 0 0 0 0 0 0 0 0 -999 
P14274 2044 7 0 0 0 9 0 0 0 9 0 15 0 18 0 0 0 0 0 0 0 0 5 0 0 0 0 0 0 0 0 0 0 
P14274 2044 8 0 15 0 0 0 0 0 0 0 0 20 0 6 0 18 16 0 11 8 8 0 0 0 0 0 0 0 0 0 0 0 
P14274 2044 9 0 9 0 0 0 0 0 0 0 0 0 0 0 0 0 0 0 0 0 0 0 0 0 0 0 0 11 0 0 0 -999 
P14274 2044 10 0 10 0 0 0 0 0 0 0 0 19 20 0 0 0 0 0 16 36 0 27 12 21 55 43 37 0 0 0 0 5 
P14274 2044 11 0 0 0 7 13 9 0 14 0 21 0 0 48 33 0 29 24 0 15 14 37 0 0 0 0 8 0 0 4 3 -999 
P14274 2044 12 0 0 0 0 9 0 0 4 0 0 0 0 0 0 0 0 12 25 44 0 18 18 35 0 20 0 21 11 0 23 13 
P14274 2045 1 24 24 47 0 38 0 20 0 0 42 24 28 0 0 0 0 0 19 0 0 0 0 0 0 0 0 1 0 0 0 9 
P14274 2045 2 0 9 0 5 0 0 23 8 0 0 29 39 19 7 0 0 0 0 0 0 15 0 0 18 40 45 91 61 -999 -999 -999 
P14274 2045 3 0 0 0 22 12 8 15 23 37 34 25 0 26 0 0 14 12 7 4 0 0 0 0 0 2 0 0 0 0 0 0 
P14274 2045 4 0 0 0 0 0 11 0 10 0 0 0 0 15 29 24 0 8 0 13 0 0 10 0 0 0 7 0 13 0 0 -999 
P14274 2045 5 0 0 19 0 18 0 7 0 0 0 0 0 0 0 0 0 6 0 0 28 26 25 31 0 0 12 0 0 27 18 0 
P14274 2045 6 0 0 0 0 0 0 0 11 0 0 0 0 0 0 31 24 0 0 13 0 0 0 0 8 0 0 0 0 0 0 -999 
P14274 2045 7 0 12 0 0 0 0 0 0 0 0 0 0 0 0 0 0 0 0 16 0 0 16 0 0 0 0 0 0 0 0 0 
P14274 2045 8 0 0 0 0 0 0 13 0 0 0 0 0 14 0 0 0 0 14 19 25 0 0 0 0 0 0 0 0 0 0 0 
P14274 2045 9 0 0 0 0 0 14 0 0 0 0 0 0 16 0 6 0 7 0 0 0 10 0 11 0 0 0 0 0 0 5 -999 
P14274 2045 10 0 0 0 0 0 0 9 0 0 0 0 0 0 0 0 0 6 9 24 0 22 8 0 0 0 0 0 0 3 0 0 
P14274 2045 11 6 15 23 38 0 0 8 0 2 0 0 0 0 9 0 0 15 34 24 8 0 0 0 0 0 14 17 0 13 6 -999 
P14274 2045 12 0 9 0 0 0 0 0 0 0 28 20 0 0 0 0 0 0 6 0 0 0 0 0 33 0 4 0 0 6 0 5 
P14274 2046 1 11 0 8 9 0 0 6 0 0 0 0 0 9 0 7 7 17 50 50 39 37 33 34 48 0 41 33 31 48 25 0 
P14274 2046 2 30 7 10 0 0 0 10 0 0 12 15 20 0 0 0 0 44 49 23 0 0 5 0 11 12 0 21 22 -999 -999 -999 
P14274 2046 3 10 0 17 0 0 0 0 5 0 0 0 0 0 0 0 6 0 0 0 4 0 0 0 0 17 25 16 16 20 17 25 
P14274 2046 4 0 0 13 11 7 0 17 0 24 0 0 0 22 34 0 0 27 0 0 0 0 23 27 21 33 25 24 19 0 0 -999 
P14274 2046 5 0 11 0 0 0 0 0 0 0 8 14 0 0 0 9 0 0 0 15 21 0 0 32 36 0 35 19 12 21 0 0 
P14274 2046 6 16 0 0 0 42 26 10 0 9 0 0 0 0 0 0 0 21 11 0 0 0 0 0 13 0 0 0 0 0 0 -999 
P14274 2046 7 0 0 0 0 0 0 15 0 0 0 17 0 0 0 0 0 0 0 0 0 0 0 0 0 0 0 0 0 0 0 0 
P14274 2046 8 0 0 7 0 0 0 0 0 0 11 0 0 0 0 0 0 0 0 0 0 0 15 16 0 0 0 0 0 0 0 17 
P14274 2046 9 0 10 0 0 0 0 0 19 7 9 8 0 0 0 0 0 0 0 0 19 21 11 0 8 0 0 0 0 18 0 -999 
P14274 2046 10 0 0 19 18 0 0 17 14 29 33 16 0 9 12 0 0 16 0 0 0 0 16 9 0 0 0 0 0 0 0 0 
P14274 2046 11 0 14 0 0 0 0 0 0 1 0 0 0 0 0 0 0 4 0 0 0 8 0 14 17 0 0 0 6 0 0 -999 
P14274 2046 12 0 0 0 0 0 0 0 0 0 0 0 0 15 15 11 13 13 10 11 10 0 5 4 0 0 0 6 0 0 6 0 
P14274 2047 1 0 0 31 34 28 23 0 9 16 0 12 0 0 4 0 0 8 9 7 0 0 0 0 0 0 10 26 23 0 16 0 
P14274 2047 2 21 4 0 0 0 0 6 0 0 6 0 0 16 15 0 8 0 9 0 23 26 22 22 25 32 0 0 0 -999 -999 -999 
P14274 2047 3 0 14 16 18 0 23 14 0 0 20 18 19 27 35 0 22 17 25 0 5 0 0 0 3 0 7 0 0 5 0 0 
P14274 2047 4 0 0 5 0 0 0 0 5 0 8 0 0 0 0 0 6 15 0 0 0 0 19 19 36 0 18 0 22 26 22 -999 
P14274 2047 5 17 0 0 14 14 33 18 0 0 10 0 14 0 33 34 0 0 0 0 0 0 16 21 0 0 0 0 0 0 0 0 
P14274 2047 6 0 9 0 0 0 0 12 0 13 0 0 0 11 0 0 0 0 5 0 0 0 0 0 0 0 0 0 0 0 0 -999 
P14274 2047 7 0 0 0 0 0 0 0 0 0 16 0 0 0 0 14 0 0 0 0 0 0 0 0 0 0 17 0 0 0 0 0 
P14274 2047 8 0 0 0 0 0 0 0 0 0 0 0 0 0 0 0 0 0 0 0 0 0 0 16 0 6 6 0 0 24 22 0 
P14274 2047 9 15 0 9 0 9 0 0 0 0 0 0 0 0 0 0 0 0 0 0 0 0 4 0 0 23 24 0 0 0 0 -999 
P14274 2047 10 0 0 24 30 26 11 0 0 24 19 0 10 0 0 0 0 0 0 0 0 0 0 0 12 15 14 16 19 0 0 0 
P14274 2047 11 0 0 0 0 0 0 0 3 0 0 0 0 0 0 0 9 0 19 35 20 0 0 0 0 0 0 0 29 16 11 -999 
P14274 2047 12 22 33 12 26 91 83 86 56 10 12 0 7 5 7 31 31 0 39 0 41 25 46 29 37 23 15 0 0 0 0 0 
P14274 2048 1 0 0 0 0 0 0 2 0 0 0 0 0 0 1 0 3 0 0 0 0 11 12 0 0 0 22 19 0 2 7 18 
P14274 2048 2 0 16 7 8 7 13 25 49 17 22 0 0 0 0 11 13 0 29 15 0 0 0 6 0 16 10 0 8 -999 -999 -999 
P14274 2048 3 0 0 0 0 0 0 0 0 0 0 7 0 8 0 4 0 0 20 30 26 18 15 14 7 0 15 19 0 20 20 17 
P14274 2048 4 11 0 0 0 17 0 0 31 15 0 0 0 35 0 17 0 35 28 47 54 27 20 0 15 0 14 10 0 8 9 -999 
P14274 2048 5 0 7 12 16 0 0 0 7 0 0 0 25 20 0 12 0 0 0 5 0 0 19 17 0 0 0 0 0 0 7 0 
P14274 2048 6 0 0 15 21 18 0 9 11 0 11 0 0 0 4 0 0 0 0 0 0 0 0 0 30 24 0 0 0 0 0 -999 
P14274 2048 7 0 0 0 0 0 0 0 10 0 0 0 0 0 0 12 0 0 0 0 0 0 0 0 0 0 13 13 0 0 0 0 
P14274 2048 8 0 0 0 0 0 0 0 0 0 0 24 0 15 16 0 9 0 0 0 7 0 0 0 0 14 0 0 0 0 0 0 
P14274 2048 9 0 0 0 0 0 0 0 0 14 0 0 0 0 9 0 9 0 7 10 0 0 6 0 0 0 17 0 0 0 12 -999 
P14274 2048 10 0 0 53 29 9 7 0 0 0 0 0 0 12 0 0 34 0 13 9 8 0 6 0 0 0 14 0 18 20 0 0 
P14274 2048 11 22 21 12 0 0 0 22 0 0 14 22 18 0 0 5 15 25 0 0 0 0 10 0 0 0 0 10 25 57 61 -999 
P14274 2048 12 34 31 39 0 0 0 0 0 0 0 0 0 0 0 12 13 0 26 29 63 26 0 0 0 0 0 0 0 0 0 6 
P14274 2049 1 8 14 8 0 12 0 4 0 0 0 0 0 4 0 2 0 0 0 0 0 0 0 0 4 0 0 0 0 0 0 0 
P14274 2049 2 0 0 0 0 0 0 0 28 15 0 29 57 67 57 38 63 67 44 46 29 55 32 32 97 52 61 44 0 -999 -999 -999 
P14274 2049 3 23 36 42 32 41 25 20 15 20 24 22 0 21 28 0 11 22 20 9 9 0 0 0 0 0 0 0 8 7 0 0 
P14274 2049 4 21 0 0 0 30 0 0 0 7 0 0 0 0 0 0 0 9 3 0 0 7 0 0 0 0 0 0 0 16 0 -999 
P14274 2049 5 20 0 21 0 7 0 0 0 0 0 0 0 2 0 0 0 0 0 0 0 0 12 8 0 9 0 0 0 0 0 0 
P14274 2049 6 0 25 0 0 0 0 0 16 0 0 10 0 0 0 0 0 0 0 0 0 11 0 10 0 0 0 0 0 0 0 -999 
P14274 2049 7 0 0 0 0 0 21 0 0 0 0 0 0 0 0 0 12 0 0 0 0 11 0 0 0 0 0 0 0 0 0 0 
P14274 2049 8 0 0 0 0 0 0 13 0 0 0 0 0 0 0 0 0 0 0 0 0 0 0 0 0 28 15 0 0 0 0 0 
P14274 2049 9 0 0 0 0 0 10 8 0 0 21 0 14 0 6 0 0 0 13 10 0 0 6 0 0 0 0 0 0 11 0 -999 
P14274 2049 10 0 9 0 0 11 10 0 11 0 0 0 0 0 11 31 52 22 24 19 14 14 10 0 28 29 30 44 0 0 12 6 
P14274 2049 11 0 28 17 0 0 19 43 49 47 9 0 0 0 6 9 0 0 14 11 0 0 7 8 0 13 8 10 17 0 0 -999 
P14274 2049 12 5 0 0 0 0 0 6 4 7 6 3 2 0 0 36 47 0 0 0 0 3 6 0 13 17 22 0 0 0 0 0 
P14274 2050 1 0 0 3 2 0 0 0 0 20 30 62 44 42 49 0 35 29 42 0 0 0 0 0 0 13 25 17 8 0 0 0 
P14274 2050 2 0 0 28 10 0 0 0 13 0 0 0 0 1 0 0 0 4 0 0 0 0 0 0 0 0 0 0 0 -999 -999 -999 
P14274 2050 3 6 0 0 0 0 0 0 0 0 13 0 0 0 0 5 0 0 0 0 10 12 12 28 32 30 0 0 0 19 0 0 
P14274 2050 4 0 17 0 0 0 11 10 12 11 11 32 0 0 0 0 13 26 0 18 34 23 0 0 23 23 22 21 0 9 0 -999 
P14274 2050 5 16 24 20 18 22 15 21 17 0 32 21 17 0 10 0 8 0 0 0 9 10 20 17 13 0 0 0 0 24 0 7 
P14274 2050 6 0 0 0 0 0 0 0 0 0 0 0 0 19 0 0 0 5 0 0 0 0 0 0 0 12 0 0 0 0 0 -999 
P14274 2050 7 0 0 25 0 0 0 0 12 0 0 0 0 0 0 0 0 15 0 0 0 0 0 0 0 8 0 0 0 0 0 0 
P14274 2050 8 17 0 14 0 0 12 0 0 0 17 17 0 0 9 0 0 25 0 19 17 0 0 0 0 15 0 0 0 0 0 17 
P14274 2050 9 28 0 0 21 0 0 0 0 0 0 0 0 0 0 0 0 12 0 0 15 0 0 0 17 0 0 0 0 0 0 -999 
P14274 2050 10 0 0 0 18 0 14 0 18 0 6 0 0 0 0 0 0 0 0 0 18 17 13 10 0 0 12 0 32 0 27 36 
P14274 2050 11 0 0 0 0 0 0 0 0 0 0 0 6 0 12 0 7 0 0 9 15 10 14 32 30 0 8 18 19 0 0 -999 
P14274 2050 12 6 10 0 0 17 15 16 0 25 39 0 14 35 40 36 13 8 17 13 11 0 0 0 7 0 0 0 0 0 0 0 
P14274 2051 1 0 0 8 0 0 0 3 4 8 0 11 34 37 26 0 0 4 0 6 6 8 7 0 7 11 6 0 0 0 0 16 
P14274 2051 2 20 29 24 18 15 0 0 8 0 5 0 0 6 0 0 0 15 0 0 22 0 25 41 29 0 0 30 26 -999 -999 -999 
P14274 2051 3 0 0 0 40 30 0 10 0 20 33 33 28 32 0 17 0 26 12 8 0 10 15 22 0 10 11 11 12 0 10 15 
P14274 2051 4 16 0 0 9 0 0 0 21 0 29 0 0 10 18 44 0 0 0 5 0 0 5 0 10 0 10 0 9 0 4 -999 
P14274 2051 5 6 0 0 0 0 0 0 0 20 0 0 7 12 20 24 0 0 12 16 23 21 0 0 0 0 0 0 17 15 0 0 
P14274 2051 6 0 0 16 11 13 0 10 0 32 36 21 0 0 0 0 17 0 18 0 0 0 0 0 0 10 0 0 0 0 0 -999 
P14274 2051 7 27 0 0 0 12 0 0 0 0 0 0 0 0 0 0 0 0 0 0 0 0 22 0 0 0 0 0 0 0 0 0 
P14274 2051 8 0 0 0 0 0 0 0 0 0 0 0 0 16 0 0 0 0 0 0 0 0 0 0 16 0 0 0 0 0 0 0 
P14274 2051 9 0 0 0 16 0 0 0 0 0 0 0 12 0 0 0 0 0 0 0 0 0 9 0 0 0 0 7 0 0 0 -999 
P14274 2051 10 0 0 0 0 0 11 14 17 0 0 0 13 0 18 33 17 0 9 0 6 0 0 6 0 0 0 26 37 20 9 4 
P14274 2051 11 0 0 10 22 0 3 0 0 0 0 0 14 22 19 0 8 0 0 26 0 0 24 0 26 0 30 15 0 0 29 -999 
P14274 2051 12 0 12 0 0 0 14 21 15 9 0 0 0 11 14 0 17 13 10 20 20 24 28 18 0 0 0 0 0 2 0 0 
P14274 2052 1 0 0 0 0 0 3 0 0 0 0 0 0 0 0 0 0 0 0 3 3 0 0 0 0 5 0 0 4 0 0 0 
P14274 2052 2 1 0 0 0 0 0 0 0 0 0 8 10 9 0 0 0 0 0 0 13 13 0 8 19 28 24 10 0 -999 -999 -999 
P14274 2052 3 0 0 10 0 0 0 37 33 0 5 7 0 12 0 0 17 0 11 13 23 40 0 14 24 36 38 25 18 0 0 5 
P14274 2052 4 0 0 18 0 0 4 5 0 0 0 8 0 0 0 0 0 0 0 0 0 0 9 7 0 8 0 0 0 0 0 -999 
P14274 2052 5 0 13 5 0 12 26 32 25 0 0 18 28 20 16 0 0 0 11 22 0 0 10 0 13 14 19 16 0 17 0 14 
P14274 2052 6 0 0 10 11 0 0 0 0 0 0 26 0 0 0 0 0 0 0 0 0 0 0 0 0 0 0 0 0 0 0 -999 
P14274 2052 7 0 27 0 0 0 0 0 0 0 0 0 0 0 0 0 0 0 0 0 0 11 0 0 0 11 0 0 0 0 0 0 
P14274 2052 8 0 0 0 0 0 0 0 0 0 0 16 0 0 0 0 0 0 0 0 0 0 0 0 0 11 0 0 0 0 0 0 
P14274 2052 9 0 0 0 0 0 12 20 21 12 0 0 0 0 0 0 0 0 0 0 0 0 10 14 0 0 0 0 6 0 21 -999 
P14274 2052 10 0 0 10 12 0 7 0 0 0 8 0 0 19 0 0 0 7 0 0 0 0 4 0 0 18 0 0 0 0 0 0 
P14274 2052 11 0 0 0 1 0 0 0 4 7 7 0 0 0 0 0 4 0 0 11 11 0 11 0 0 16 21 26 9 13 18 -999 
P14274 2052 12 0 24 14 0 19 8 6 0 0 43 35 25 50 40 24 11 0 29 18 11 6 7 12 12 13 0 3 0 0 29 18 
P14274 2053 1 7 0 0 0 0 0 0 0 0 6 0 6 0 7 0 0 0 0 0 0 1 0 4 0 0 0 0 0 0 0 0 
P14274 2053 2 0 0 16 22 22 20 24 14 0 8 0 0 0 0 0 0 9 12 5 5 6 6 0 0 0 5 13 31 -999 -999 -999 
P14274 2053 3 28 0 10 0 22 0 0 8 0 14 14 0 0 9 0 13 25 26 0 0 15 0 0 0 0 0 0 0 20 27 22 
P14274 2053 4 0 11 0 19 33 35 38 29 16 23 26 41 0 12 0 7 0 0 0 11 0 6 0 5 0 0 9 0 0 0 -999 
P14274 2053 5 28 18 26 33 24 0 36 0 18 0 13 14 11 0 0 0 0 0 0 24 0 0 0 19 11 0 0 9 9 0 9 
P14274 2053 6 0 0 14 11 8 0 0 0 0 14 0 0 0 0 0 22 0 0 0 0 0 0 0 0 0 0 21 0 0 0 -999 
P14274 2053 7 0 0 0 0 0 0 0 0 0 0 0 0 0 0 0 21 0 0 0 0 0 0 0 0 0 0 0 0 0 12 0 
P14274 2053 8 0 0 0 0 0 0 0 0 0 0 0 14 0 0 0 8 7 0 0 17 0 0 8 12 0 15 0 0 12 0 0 
P14274 2053 9 0 0 0 0 0 0 0 0 0 19 21 0 0 0 0 13 0 0 0 0 0 0 0 0 0 0 0 0 0 0 -999 
P14274 2053 10 14 0 0 0 0 6 0 0 0 0 0 0 0 11 0 20 0 0 0 9 9 0 10 0 0 23 19 9 12 22 21 
P14274 2053 11 15 0 0 0 18 0 18 0 31 33 24 39 21 19 42 52 56 41 0 12 0 19 0 19 0 17 27 16 27 21 -999 
P14274 2053 12 0 0 0 0 0 0 1 0 0 0 0 0 0 0 11 0 6 6 0 0 4 0 0 12 35 38 21 0 28 0 23 
P14274 2054 1 24 22 46 0 33 35 25 18 0 28 42 46 48 0 33 28 0 10 0 0 1 0 0 0 0 7 18 66 35 0 32 
P14274 2054 2 26 42 40 14 0 0 22 30 16 0 13 21 0 0 0 13 3 0 0 0 0 9 0 0 0 0 0 0 -999 -999 -999 
P14274 2054 3 0 0 0 0 0 0 0 0 0 0 0 0 0 0 6 7 10 14 0 9 9 0 23 14 6 7 7 7 27 25 23 
P14274 2054 4 13 19 18 15 31 50 58 46 23 21 0 0 0 0 10 20 0 9 0 0 0 0 0 0 0 0 0 32 25 20 -999 
P14274 2054 5 18 14 0 0 0 0 13 0 0 9 15 0 0 15 0 0 13 0 0 0 11 0 16 38 0 19 0 18 19 0 0 
P14274 2054 6 9 0 0 0 0 0 0 0 0 0 0 0 8 0 0 0 0 0 0 0 0 0 0 0 0 0 0 0 0 0 -999 
P14274 2054 7 0 0 0 0 0 22 0 0 0 0 0 19 0 0 0 0 0 0 0 0 0 0 12 0 0 0 0 0 12 0 0 
P14274 2054 8 0 0 0 0 0 0 0 0 0 12 15 0 11 12 0 0 0 25 18 0 21 0 0 0 19 0 0 10 0 0 0 
P14274 2054 9 0 0 0 0 0 0 0 0 0 0 0 0 0 14 0 0 0 0 0 0 0 0 26 0 18 0 0 0 0 35 -999 
P14274 2054 10 0 23 44 21 9 8 10 0 9 7 0 0 0 31 0 0 13 0 0 5 0 0 0 0 25 19 19 0 0 0 11 
P14274 2054 11 35 0 9 0 0 10 16 20 57 59 44 24 14 19 33 24 0 0 19 45 0 10 0 0 6 9 24 0 0 6 -999 
P14274 2054 12 0 7 0 0 3 0 4 0 0 0 8 17 19 12 0 5 6 5 4 3 0 0 18 29 0 42 53 47 43 0 30 
P14274 2055 1 15 0 26 27 12 0 6 9 5 31 43 0 0 0 0 11 22 59 0 0 0 3 0 0 2 0 0 0 6 0 0 
P14274 2055 2 0 0 0 0 16 0 26 22 0 0 0 0 0 0 9 6 6 0 2 2 0 5 7 6 10 0 13 0 -999 -999 -999 
P14274 2055 3 11 14 23 22 19 18 17 14 0 10 10 20 0 0 0 7 0 12 8 0 0 7 0 23 20 17 11 22 0 1 0 
P14274 2055 4 0 0 0 0 0 4 0 5 13 17 0 17 0 0 0 0 0 0 0 0 17 0 0 0 10 6 11 10 9 8 -999 
P14274 2055 5 11 0 0 0 9 0 0 4 0 18 0 25 0 0 0 0 2 0 0 7 0 0 0 13 0 0 0 0 0 10 0 
P14274 2055 6 6 9 11 10 0 14 11 0 9 0 0 0 0 0 14 0 0 0 0 0 0 0 0 0 0 12 0 0 0 0 -999 
P14274 2055 7 0 0 0 0 10 0 0 0 0 0 0 0 0 0 0 0 0 19 0 0 0 0 0 0 0 0 0 0 0 0 0 
P14274 2055 8 0 17 26 0 0 0 0 0 0 0 0 0 0 0 9 0 0 0 0 0 14 14 0 0 0 0 0 0 0 0 8 
P14274 2055 9 14 0 0 0 0 0 0 0 0 0 0 0 0 0 0 0 0 0 0 17 0 0 18 0 0 18 0 0 0 29 -999 
P14274 2055 10 0 0 16 23 32 23 0 13 0 0 36 29 12 0 25 34 35 0 9 23 8 0 13 8 0 0 15 0 0 0 12 
P14274 2055 11 10 0 12 0 26 34 0 27 0 10 17 17 11 12 0 0 19 9 8 0 4 18 17 0 6 14 32 30 79 0 -999 
P14274 2055 12 0 10 24 11 0 9 0 0 5 0 6 7 0 0 4 0 0 0 0 0 0 0 4 0 4 9 7 16 23 15 12 
P14274 2056 1 11 14 23 38 44 42 51 43 31 43 21 4 0 0 0 0 0 0 8 4 2 0 0 0 12 0 51 21 4 0 0 
P14274 2056 2 0 10 0 8 17 23 38 16 0 25 0 37 26 52 33 16 0 28 37 61 49 57 0 33 19 0 0 0 -999 -999 -999 
P14274 2056 3 0 18 11 0 31 61 44 0 19 55 52 53 30 52 28 12 13 0 38 49 17 0 0 0 0 0 26 49 30 0 10 
P14274 2056 4 0 29 0 0 8 0 0 0 0 0 0 0 10 0 8 0 6 0 0 0 0 0 0 13 0 6 0 0 0 6 -999 
P14274 2056 5 0 6 0 0 0 0 22 22 33 26 0 0 15 0 0 11 0 0 12 0 0 15 20 0 0 0 0 14 0 0 0 
P14274 2056 6 19 11 0 13 0 0 0 0 12 0 6 0 0 13 0 0 0 19 0 0 0 0 11 0 11 0 0 0 0 10 -999 
P14274 2056 7 0 20 0 22 20 0 0 10 0 0 12 0 0 0 0 19 17 0 0 9 12 0 0 0 0 0 0 0 0 0 0 
P14274 2056 8 0 0 0 0 0 0 0 0 0 0 14 0 0 0 0 0 0 0 0 0 0 0 0 0 0 0 15 0 0 0 0 
P14274 2056 9 0 0 0 0 10 14 38 24 0 0 10 6 7 0 0 0 14 0 17 11 8 0 0 0 0 0 0 0 0 0 -999 
P14274 2056 10 0 0 0 0 0 0 22 0 19 0 0 0 0 0 0 12 11 0 0 0 0 14 0 0 55 45 0 9 10 0 0 
P14274 2056 11 16 18 0 0 0 0 27 0 0 0 24 0 24 22 46 41 0 0 0 0 11 0 0 0 0 0 0 0 0 0 -999 
P14274 2056 12 0 0 0 0 0 0 0 0 0 0 0 0 0 0 0 11 0 33 0 9 0 10 0 0 0 0 14 23 20 19 35 
P14274 2057 1 31 34 21 23 34 20 0 18 21 25 31 0 0 0 4 13 14 21 20 10 0 4 0 0 0 15 31 77 49 20 16 
P14274 2057 2 6 0 0 0 16 0 0 0 18 0 0 0 0 0 0 0 0 0 0 0 11 0 0 15 0 0 0 0 -999 -999 -999 
P14274 2057 3 0 34 21 0 0 2 0 0 0 6 5 0 0 14 26 19 0 29 35 25 19 0 0 0 0 0 5 20 33 24 0 
P14274 2057 4 26 29 23 10 7 0 0 6 0 11 16 21 31 29 24 23 29 24 11 0 4 0 42 9 0 0 0 0 0 0 -999 
P14274 2057 5 18 0 0 0 19 15 0 0 0 0 0 0 0 0 0 7 0 7 0 0 0 21 0 0 17 0 0 0 0 0 11 
P14274 2057 6 0 0 0 0 6 0 0 0 0 0 10 10 0 0 0 5 0 0 0 0 0 0 0 0 0 5 0 0 0 0 -999 
P14274 2057 7 0 0 0 0 6 0 9 0 0 0 0 11 0 0 0 0 0 11 0 0 0 0 0 0 0 15 0 0 0 0 0 
P14274 2057 8 0 10 0 0 0 0 0 15 0 21 0 0 0 12 0 0 0 0 0 0 0 0 10 0 0 9 0 0 0 0 0 
P14274 2057 9 0 0 0 9 0 0 0 0 0 15 13 0 0 0 0 14 0 0 0 0 0 0 0 29 23 21 0 0 22 13 -999 
P14274 2057 10 0 14 20 23 19 0 0 0 0 0 9 20 28 18 0 0 0 0 0 0 23 26 0 17 0 0 62 31 23 0 0 
P14274 2057 11 0 7 0 12 0 0 14 16 18 0 0 43 61 27 12 10 0 11 28 26 0 0 0 0 9 0 0 47 21 55 -999 
P14274 2057 12 32 31 42 12 14 10 0 0 0 0 0 0 0 6 0 5 0 12 33 19 21 12 29 0 15 7 0 0 0 1 0 
P14274 2058 1 12 5 4 4 5 0 0 0 15 17 8 26 54 31 57 76 36 0 8 0 0 0 0 0 0 5 30 37 36 31 30 
P14274 2058 2 0 0 0 25 35 26 18 23 20 13 10 0 14 0 7 3 0 0 0 0 0 0 0 0 0 0 3 0 -999 -999 -999 
P14274 2058 3 0 0 0 14 0 0 0 0 12 11 9 19 0 0 7 0 17 17 19 0 4 0 1 1 0 0 0 0 4 0 0 
P14274 2058 4 30 0 11 0 0 0 33 23 9 0 0 11 0 0 0 0 10 0 0 0 0 9 14 22 25 0 0 11 0 14 -999 
P14274 2058 5 15 0 13 0 24 23 17 8 7 0 0 13 19 19 18 13 0 0 19 0 0 20 0 0 0 0 0 0 0 0 0 
P14274 2058 6 0 0 0 0 0 0 0 0 0 0 0 0 0 9 15 0 0 16 0 0 0 0 11 0 0 0 0 0 0 0 -999 
P14274 2058 7 0 0 0 0 0 11 0 0 0 0 0 0 0 0 21 0 14 0 0 0 0 0 0 0 0 0 0 0 0 0 0 
P14274 2058 8 0 11 0 0 0 9 0 0 0 36 0 0 0 0 0 0 0 10 0 0 9 0 7 0 6 8 0 16 0 0 0 
P14274 2058 9 0 0 0 15 19 15 0 19 17 19 17 0 16 0 7 0 0 0 17 17 20 0 0 0 0 0 0 0 11 16 -999 
P14274 2058 10 13 0 25 38 0 12 0 11 0 0 0 0 0 0 0 0 0 0 22 31 28 11 21 0 0 0 6 0 0 7 0 
P14274 2058 11 5 4 0 0 9 12 17 0 0 0 0 12 0 0 0 0 0 0 0 0 0 7 0 0 0 0 0 0 8 0 -999 
P14274 2058 12 14 0 0 0 0 0 11 0 0 0 7 0 0 0 0 0 0 0 0 0 8 7 0 0 0 0 0 11 0 0 0 
P14274 2059 1 0 0 2 2 0 18 30 32 0 0 0 0 0 7 0 0 23 0 0 0 0 0 0 0 0 2 0 0 0 0 0 
P14274 2059 2 0 0 0 0 0 0 0 0 0 0 6 0 0 0 9 0 0 0 0 0 0 0 0 0 0 0 0 0 -999 -999 -999 
P14274 2059 3 0 0 0 0 0 0 8 8 0 11 5 0 0 0 0 0 0 0 21 0 0 0 0 0 3 10 19 19 19 22 20 
P14274 2059 4 12 0 0 0 0 0 19 0 0 33 26 35 24 0 19 28 0 33 0 0 0 36 27 43 18 0 0 10 0 1 -999 
P14274 2059 5 0 0 0 0 0 0 0 0 6 0 0 11 0 13 0 0 21 31 30 13 0 9 15 0 0 0 0 11 0 13 0 
P14274 2059 6 32 0 15 0 13 0 18 15 0 0 0 0 12 0 11 0 0 0 0 0 0 26 0 0 21 25 15 0 0 12 -999 
P14274 2059 7 17 0 0 15 0 15 19 0 0 0 0 0 0 7 0 0 0 0 0 0 0 0 0 0 0 0 0 9 9 0 0 
P14274 2059 8 0 0 0 0 0 0 0 0 0 0 0 0 0 0 0 0 0 0 0 0 0 0 0 20 0 35 0 0 0 0 0 
P14274 2059 9 0 0 0 8 0 0 10 0 19 0 9 0 0 0 0 0 0 0 0 0 0 0 0 0 0 0 0 0 0 10 -999 
P14274 2059 10 0 25 16 17 0 0 31 0 0 0 0 0 0 0 0 19 0 12 0 18 16 0 0 0 0 0 49 34 0 24 21 
P14274 2059 11 13 18 0 30 21 0 7 0 0 0 0 0 0 0 0 8 0 9 0 6 3 3 0 0 0 0 0 0 0 0 -999 
P14274 2059 12 0 0 9 19 27 0 0 0 16 26 0 22 16 5 0 0 0 0 0 0 0 0 0 13 15 16 0 19 24 23 11 
P14274 2060 1 0 0 0 18 0 10 11 0 0 0 33 49 51 30 14 12 0 5 0 0 0 0 0 5 0 0 0 0 0 0 0 
P14274 2060 2 31 7 0 2 0 0 9 0 0 0 12 16 6 0 0 0 0 0 0 11 0 7 7 0 0 6 13 21 -999 -999 -999 
P14274 2060 3 21 23 11 5 0 0 0 21 13 15 12 0 0 3 0 0 6 0 6 8 14 20 39 34 12 12 0 0 19 13 0 
P14274 2060 4 17 0 9 0 0 0 9 12 19 19 13 11 0 16 36 38 15 10 12 0 0 13 0 0 7 26 0 0 6 0 -999 
P14274 2060 5 0 0 0 23 0 22 15 0 0 0 0 0 0 7 12 0 0 0 0 10 0 0 0 7 5 0 0 0 0 0 14 
P14274 2060 6 17 14 15 0 0 0 8 0 0 0 0 4 0 0 11 0 0 0 0 0 0 0 0 0 0 0 0 0 21 11 -999 
P14274 2060 7 0 0 0 0 0 0 0 0 0 20 0 0 0 0 0 0 0 0 10 0 0 0 12 0 29 0 0 0 0 0 0 
P14274 2060 8 0 0 0 0 0 0 0 0 0 0 0 0 0 0 0 0 0 0 0 0 16 0 0 0 0 0 0 0 0 0 0 
P14274 2060 9 0 0 0 19 0 10 7 0 9 0 0 0 18 0 12 15 0 0 0 0 0 0 7 8 10 15 20 0 0 14 -999 
P14274 2060 10 0 0 0 0 0 0 5 0 6 0 0 0 0 0 0 0 5 0 0 0 0 0 0 10 0 0 13 0 16 0 17 
P14274 2060 11 0 11 0 0 0 28 24 28 0 0 15 30 0 0 12 15 54 0 57 0 0 0 0 0 11 0 0 0 0 0 -999 
P14274 2060 12 0 0 0 11 17 49 44 0 7 0 0 0 0 0 0 0 13 7 6 5 6 0 12 0 12 0 17 21 16 0 0 
P14274 2061 1 0 10 12 9 0 10 16 0 0 5 0 0 0 0 0 0 0 0 0 0 0 8 6 0 3 0 1 0 0 0 0 
P14274 2061 2 6 0 10 5 5 0 0 0 10 14 0 27 14 16 16 0 0 7 0 0 8 0 0 0 16 12 0 0 -999 -999 -999 
P14274 2061 3 17 11 7 8 0 0 11 9 23 0 0 10 0 12 0 0 21 0 0 9 13 21 22 30 0 14 0 0 0 6 0 
P14274 2061 4 19 28 33 0 14 9 0 15 16 0 21 25 0 0 0 25 0 0 24 0 5 0 0 0 0 0 0 18 12 18 -999 
P14274 2061 5 18 14 0 0 0 0 0 0 3 0 5 0 0 20 0 19 0 0 0 0 5 3 0 0 0 0 0 0 0 0 0 
P14274 2061 6 0 8 0 0 0 7 0 0 0 0 19 15 16 0 0 0 0 11 11 0 0 0 0 0 0 0 0 0 0 0 -999 
P14274 2061 7 0 0 0 0 0 0 0 12 0 0 0 0 0 0 0 8 0 0 0 13 0 0 0 0 0 0 12 0 0 12 12 
P14274 2061 8 0 0 0 0 0 0 0 0 0 0 0 0 0 0 0 0 0 0 0 16 0 17 19 0 0 0 0 0 0 0 0 
P14274 2061 9 0 0 0 0 0 0 0 0 0 0 0 0 0 0 0 0 0 0 0 0 0 0 12 13 18 20 0 0 13 0 -999 
P14274 2061 10 11 7 7 10 0 0 19 22 0 14 0 0 0 0 19 0 31 0 0 0 14 10 26 37 12 7 0 34 54 27 0 
P14274 2061 11 0 0 0 13 0 0 17 19 0 48 0 9 0 0 0 27 27 0 0 0 0 0 10 0 0 0 8 0 0 9 -999 
P14274 2061 12 5 0 0 0 0 0 4 0 0 6 14 18 9 0 0 0 8 0 0 11 28 36 0 4 0 0 0 6 13 24 13 
P14274 2062 1 15 0 10 0 0 0 0 0 5 0 0 0 0 0 5 0 9 23 0 4 0 0 0 15 0 46 33 32 0 26 0 
P14274 2062 2 0 24 19 23 8 0 16 14 19 17 16 0 0 11 0 25 14 0 0 0 14 18 0 31 26 0 10 8 -999 -999 -999 
P14274 2062 3 0 0 0 23 18 0 0 6 7 13 28 37 71 78 45 12 0 15 0 11 6 14 0 0 0 0 0 0 11 0 0 
P14274 2062 4 0 0 0 0 12 0 0 17 34 12 11 7 0 0 11 0 0 0 0 0 0 0 0 0 13 0 20 21 25 33 -999 
P14274 2062 5 13 0 0 0 0 0 0 0 25 0 12 8 0 0 0 0 0 0 10 8 10 0 0 0 0 0 17 0 0 0 0 
P14274 2062 6 0 16 0 0 0 0 7 0 0 0 0 0 0 0 0 0 0 0 0 0 0 0 0 15 0 0 0 0 0 0 -999 
P14274 2062 7 0 20 18 0 0 0 0 8 0 0 0 0 0 0 0 0 0 21 0 0 0 0 9 0 0 0 0 10 0 0 0 
P14274 2062 8 0 0 0 0 0 0 0 18 0 0 0 0 0 0 0 0 0 17 0 0 12 0 0 0 0 0 0 0 0 0 0 
P14274 2062 9 0 0 0 0 0 0 0 0 10 0 0 0 0 0 0 0 0 0 0 0 0 0 15 0 15 0 0 0 0 0 -999 
P14274 2062 10 0 0 0 0 49 44 19 0 0 0 20 0 9 12 0 21 31 15 7 0 0 9 0 15 7 9 0 14 0 0 0 
P14274 2062 11 0 0 0 0 0 0 0 12 0 0 0 11 29 36 0 16 19 33 29 0 4 14 23 0 0 11 0 0 2 0 -999 
P14274 2062 12 0 13 3 0 4 0 9 0 14 0 20 16 5 8 0 24 0 55 14 4 0 0 4 0 0 0 0 6 0 0 0 
P14274 2063 1 24 20 0 0 11 22 33 54 77 21 13 0 12 0 0 33 0 33 41 0 0 0 20 13 38 27 0 0 12 29 27 
P14274 2063 2 0 26 0 25 0 21 13 6 7 0 27 0 17 41 35 0 0 0 0 0 0 0 0 0 8 6 0 0 -999 -999 -999 
P14274 2063 3 0 0 0 0 0 10 0 0 0 0 0 0 0 21 19 22 0 0 4 0 0 0 0 19 64 50 24 30 33 43 44 
P14274 2063 4 16 0 15 17 36 43 13 0 30 0 8 7 0 11 18 17 0 0 0 8 7 0 0 12 12 13 6 12 17 32 -999 
P14274 2063 5 29 26 0 9 6 8 0 0 0 0 0 0 23 0 11 0 0 0 9 0 0 0 18 0 0 7 0 0 0 0 11 
P14274 2063 6 0 0 10 21 0 15 0 0 0 0 0 0 0 0 14 0 0 0 0 0 0 0 0 0 0 0 0 0 0 0 -999 
P14274 2063 7 0 10 0 0 0 0 0 0 0 0 0 0 0 0 0 0 0 0 0 0 0 0 0 0 0 0 15 0 0 0 11 
P14274 2063 8 0 0 0 0 0 20 0 0 20 24 0 15 0 0 0 0 0 0 0 0 0 6 0 0 0 14 13 0 0 0 0 
P14274 2063 9 19 0 0 21 0 0 0 0 0 0 0 0 0 18 12 0 0 20 0 13 0 0 10 10 0 0 9 0 0 0 -999 
P14274 2063 10 0 0 0 7 0 0 0 0 8 0 12 20 39 49 0 10 0 0 14 11 0 0 8 0 0 0 0 0 0 0 0 
P14274 2063 11 6 0 6 0 5 2 0 0 0 5 6 11 15 0 0 0 0 6 0 11 0 0 0 0 0 0 9 0 0 0 -999 
P14274 2063 12 0 0 0 0 0 0 0 0 0 0 0 0 0 0 16 0 7 0 0 0 0 4 0 7 0 0 0 0 0 0 0 
P14274 2064 1 0 0 0 0 0 0 2 0 1 0 0 0 4 0 25 0 2 0 0 0 1 0 0 0 7 12 13 0 8 18 15 
P14274 2064 2 17 18 11 0 6 5 0 5 3 0 1 0 3 0 0 0 0 0 0 0 0 0 4 3 0 0 0 3 -999 -999 -999 
P14274 2064 3 6 3 0 0 0 0 16 21 24 28 18 13 11 17 20 17 35 27 20 26 24 18 13 11 21 35 24 0 17 20 22 
P14274 2064 4 0 0 36 46 28 0 0 0 0 0 0 19 17 0 0 21 0 0 0 14 19 0 0 31 21 18 0 0 11 0 -999 
P14274 2064 5 17 10 0 0 0 0 19 0 0 0 7 0 0 6 8 0 0 0 0 17 27 17 0 11 0 0 0 0 10 0 0 
P14274 2064 6 10 0 0 0 10 0 0 0 11 0 0 0 0 0 0 21 0 0 0 17 0 0 0 0 0 0 0 0 0 16 -999 
P14274 2064 7 0 0 0 16 0 9 0 0 21 0 0 16 0 21 0 0 0 20 0 0 0 0 0 0 0 0 0 0 0 0 0 
P14274 2064 8 10 0 0 0 0 0 0 0 0 0 9 0 0 0 0 0 0 0 0 0 0 11 0 0 0 0 0 0 0 11 21 
P14274 2064 9 18 0 0 14 10 9 0 0 0 0 0 0 0 22 0 0 0 0 0 0 0 0 13 0 0 0 0 0 0 0 -999 
P14274 2064 10 0 0 10 0 0 0 0 0 0 0 0 0 0 0 0 0 0 0 0 0 13 11 14 24 9 0 0 13 0 0 0 
P14274 2064 11 14 17 0 0 18 0 0 0 0 0 0 0 23 50 23 6 0 4 0 0 0 0 0 0 0 0 15 14 8 0 -999 
P14274 2064 12 8 10 0 22 0 0 41 75 73 34 13 0 26 14 0 16 5 1 0 0 0 0 0 0 0 0 0 0 0 3 0 
P14274 2065 1 3 0 7 0 0 0 10 12 20 27 19 18 0 0 0 16 0 7 0 0 0 8 0 0 0 0 6 9 19 15 29 
P14274 2065 2 16 0 0 0 0 8 13 15 0 0 0 26 42 0 40 38 49 46 35 39 19 0 6 0 12 3 5 0 -999 -999 -999 
P14274 2065 3 0 0 0 0 0 0 0 0 0 0 0 0 7 0 0 0 0 0 0 5 0 0 6 8 16 13 0 10 0 0 0 
P14274 2065 4 0 5 0 0 17 0 0 10 0 0 0 4 0 15 21 0 0 22 16 0 0 8 10 0 0 0 0 0 0 0 -999 
P14274 2065 5 0 0 4 0 0 0 0 0 0 0 0 0 0 0 0 0 0 10 0 24 0 19 0 0 0 15 0 0 0 21 0 
P14274 2065 6 0 0 9 0 9 0 0 0 0 11 7 0 7 0 13 16 0 0 0 0 0 0 0 0 0 0 0 0 0 0 -999 
P14274 2065 7 0 0 0 0 0 0 13 0 8 0 0 23 0 0 16 0 0 0 0 0 23 0 0 0 0 0 0 0 0 0 0 
P14274 2065 8 0 0 0 0 0 0 17 23 18 0 0 0 0 0 0 0 0 14 0 0 0 0 0 0 0 0 0 0 0 0 0 
P14274 2065 9 0 18 0 0 0 0 0 0 0 0 0 0 12 0 0 0 0 0 0 0 0 0 0 0 0 11 0 0 7 0 -999 
P14274 2065 10 0 0 0 0 0 0 0 0 34 0 21 23 21 0 38 0 9 12 0 43 20 13 36 63 0 26 0 0 29 46 22 
P14274 2065 11 24 5 0 0 0 8 0 0 0 0 0 0 0 0 0 0 0 0 0 12 37 39 0 0 20 19 37 22 8 0 -999 
P14274 2065 12 14 0 5 0 5 6 0 0 0 0 12 47 31 11 7 0 0 15 26 36 0 53 44 71 66 99 62 0 0 0 8 
P14274 2066 1 0 0 0 0 0 0 0 0 18 29 38 38 25 26 33 32 15 29 53 19 0 52 44 13 8 0 10 0 8 7 0 
P14274 2066 2 16 14 0 0 11 0 0 29 31 21 23 19 18 20 3 0 0 0 0 7 10 6 4 6 26 20 15 19 -999 -999 -999 
P14274 2066 3 0 0 0 4 0 0 39 0 0 0 0 6 0 0 0 0 0 0 0 0 5 0 0 0 0 0 0 3 0 0 0 
P14274 2066 4 19 19 10 0 7 0 0 0 0 6 0 0 19 0 14 15 15 0 8 0 0 11 0 0 14 0 0 27 35 25 -999 
P14274 2066 5 10 0 14 8 0 14 14 14 0 9 6 5 0 0 0 0 0 0 0 8 0 0 0 0 0 0 0 0 0 0 0 
P14274 2066 6 0 0 0 0 0 0 0 0 0 0 0 0 18 0 0 0 0 0 0 14 0 0 0 22 0 0 0 0 0 0 -999 
P14274 2066 7 0 0 0 0 0 0 0 0 0 0 0 0 0 0 0 0 0 0 0 0 0 0 0 0 0 0 0 0 0 0 0 
P14274 2066 8 0 18 0 0 0 0 0 0 0 0 0 0 11 0 0 25 0 0 0 0 0 0 0 0 0 0 0 0 0 0 0 
P14274 2066 9 7 0 0 0 9 0 0 0 0 0 19 0 0 0 0 0 0 0 0 0 0 0 0 19 21 21 0 13 0 17 -999 
P14274 2066 10 0 0 0 0 0 8 0 0 0 0 8 0 0 12 0 19 0 0 13 0 20 0 0 11 0 0 0 41 0 9 8 
P14274 2066 11 9 8 10 27 46 25 24 0 17 0 30 27 29 0 0 0 5 0 0 0 7 0 0 4 4 0 0 0 0 0 -999 
P14274 2066 12 0 0 0 0 11 0 0 3 0 11 0 0 0 32 60 67 56 61 38 25 23 14 0 8 0 9 8 21 24 57 48 
P14274 2067 1 20 0 31 11 18 0 0 0 0 10 12 17 20 14 21 0 33 0 0 77 64 78 33 0 49 46 57 37 16 26 40 
P14274 2067 2 38 0 60 21 0 0 0 30 0 33 45 18 31 43 33 0 0 30 67 48 51 32 0 14 0 58 30 0 -999 -999 -999 
P14274 2067 3 0 5 0 0 0 1 0 0 6 13 0 0 36 15 0 0 3 3 5 6 7 0 0 0 0 5 6 5 0 0 0 
P14274 2067 4 7 0 0 0 28 0 0 0 0 0 0 0 13 0 0 0 10 11 12 13 15 12 16 0 0 0 10 0 11 0 -999 
P14274 2067 5 0 0 11 12 0 0 0 0 0 0 0 0 0 0 0 0 0 21 0 18 0 0 0 0 0 14 0 0 0 0 0 
P14274 2067 6 0 15 32 15 0 0 0 0 0 0 0 15 11 9 10 11 13 0 0 0 0 0 0 0 0 0 0 0 0 0 -999 
P14274 2067 7 0 0 0 0 0 0 0 9 0 0 0 0 0 24 0 0 12 0 0 0 0 0 11 0 0 0 13 0 0 7 0 
P14274 2067 8 0 0 0 13 0 0 0 0 0 0 0 0 18 20 0 0 0 0 0 0 0 0 6 0 0 16 0 0 0 13 0 
P14274 2067 9 0 12 0 13 10 0 0 7 0 0 0 0 13 0 19 0 9 0 0 0 0 9 0 0 0 6 0 9 0 11 -999 
P14274 2067 10 0 12 0 13 0 0 0 7 12 13 7 0 0 17 0 0 0 0 0 0 0 16 0 8 0 8 0 0 0 0 0 
P14274 2067 11 0 17 11 15 17 15 14 2 0 1 1 0 0 6 7 0 0 0 0 0 0 0 18 0 30 3 1 0 0 18 -999 
P14274 2067 12 10 12 0 23 26 0 0 0 0 0 0 10 28 0 3 0 0 0 1 0 0 0 0 0 5 15 41 23 27 8 17 
P14274 2068 1 4 3 3 0 13 41 49 21 26 0 0 12 7 1 0 0 0 0 0 0 0 0 0 9 27 17 18 0 10 15 11 
P14274 2068 2 0 0 0 0 13 12 0 0 0 0 15 15 0 1 0 0 2 0 0 0 0 0 0 12 7 10 35 23 -999 -999 -999 
P14274 2068 3 0 27 25 31 67 54 20 20 44 23 10 0 26 8 0 0 39 55 28 13 0 34 45 0 0 0 0 0 0 0 0 
P14274 2068 4 25 19 0 0 3 3 0 30 32 20 11 0 10 0 0 4 0 0 0 0 0 0 12 8 5 0 0 0 0 9 -999 
P14274 2068 5 0 16 0 0 0 0 0 0 11 6 0 13 26 26 16 18 27 0 13 13 0 0 0 0 0 9 9 11 0 0 14 
P14274 2068 6 0 0 0 20 0 0 0 12 0 6 0 6 0 0 0 0 17 0 10 0 0 12 0 16 0 0 0 0 0 0 -999 
P14274 2068 7 0 0 0 0 0 0 0 10 14 0 0 0 11 0 0 0 0 0 15 0 0 0 0 0 0 0 0 0 0 0 0 
P14274 2068 8 0 0 0 0 0 11 0 0 0 0 0 12 0 0 20 10 0 0 0 0 0 0 0 0 0 0 0 0 0 13 0 
P14274 2068 9 0 7 0 0 0 0 0 0 0 0 0 0 0 10 16 18 0 19 10 0 0 0 0 0 0 9 0 0 0 0 -999 
P14274 2068 10 0 0 0 0 0 0 19 9 0 0 25 0 8 9 23 0 3 0 0 0 21 0 0 0 0 0 0 0 0 0 0 
P14274 2068 11 5 7 8 0 0 0 0 0 0 0 0 11 0 0 0 6 0 9 0 0 0 0 5 0 9 0 0 0 0 0 -999 
P14274 2068 12 0 0 0 0 0 17 21 32 0 0 12 6 23 39 30 0 0 0 10 9 6 0 15 19 34 25 0 5 11 10 9 
P14274 2069 1 22 26 0 0 0 0 0 0 0 0 0 0 0 3 0 0 0 4 0 4 12 7 0 0 0 0 0 26 37 0 0 
P14274 2069 2 0 0 29 57 66 25 30 45 0 0 0 0 0 0 0 0 0 0 0 12 20 19 0 0 0 0 0 15 -999 -999 -999 
P14274 2069 3 25 16 29 20 15 22 6 0 0 17 22 0 0 0 0 0 0 0 0 0 8 0 0 11 12 0 19 21 24 20 38 
P14274 2069 4 0 0 0 14 11 5 0 11 0 22 0 0 0 0 0 0 18 0 18 12 8 0 0 10 14 0 0 0 0 5 -999 
P14274 2069 5 7 0 0 0 0 0 0 0 6 8 9 12 19 20 0 0 0 17 0 0 0 11 0 8 0 0 0 0 0 11 0 
P14274 2069 6 0 0 0 0 0 0 0 0 0 0 8 0 0 0 27 0 0 13 0 0 0 0 0 0 17 12 6 0 0 0 -999 
P14274 2069 7 0 0 0 0 0 0 0 0 0 0 0 17 0 0 0 0 0 0 0 0 0 0 0 0 0 0 0 0 0 0 0 
P14274 2069 8 0 0 0 0 17 0 0 0 0 0 10 0 0 11 13 0 0 0 0 0 0 0 0 0 0 0 0 0 0 0 0 
P14274 2069 9 0 0 0 0 0 0 10 0 9 11 0 0 0 17 0 0 0 0 0 0 16 0 8 0 0 0 0 0 22 15 -999 
P14274 2069 10 15 15 0 0 0 0 14 14 6 0 0 14 0 0 19 0 13 0 37 34 0 18 24 10 0 22 39 51 47 48 11 
P14274 2069 11 0 0 16 37 0 0 42 44 30 10 5 0 32 27 0 13 0 14 8 0 33 36 0 0 5 7 0 0 8 0 -999 
P14274 2069 12 0 0 0 9 0 0 0 0 9 0 0 0 0 0 4 0 0 0 0 4 0 0 0 4 5 6 0 0 21 18 10 
P14274 2070 1 8 11 27 26 0 21 48 65 67 31 39 0 10 0 0 0 0 4 0 0 0 10 17 16 0 0 0 0 0 0 0 
P14274 2070 2 0 0 4 3 0 0 0 0 4 7 0 0 0 0 0 5 0 6 0 9 10 11 14 0 25 19 24 0 -999 -999 -999 
P14274 2070 3 0 17 12 11 0 0 0 0 6 0 27 0 0 22 39 30 22 31 42 52 69 44 0 0 0 0 0 22 0 23 12 
P14274 2070 4 10 17 0 14 9 0 25 29 38 20 12 11 14 0 0 13 0 25 0 11 0 21 25 0 10 0 0 17 0 0 -999 
P14274 2070 5 0 12 0 39 33 40 0 24 0 25 0 0 0 13 0 18 0 0 0 0 21 23 16 0 0 0 11 7 0 5 0 
P14274 2070 6 0 0 25 0 19 0 0 13 0 0 19 0 0 0 0 0 0 0 0 0 0 26 0 0 0 0 0 0 0 0 -999 
P14274 2070 7 0 0 0 0 0 0 16 0 0 0 0 0 0 0 0 0 0 0 0 0 0 0 0 12 13 0 0 0 9 0 0 
P14274 2070 8 0 0 19 0 20 0 0 0 0 0 0 0 0 0 0 11 15 14 0 0 0 0 0 0 0 0 0 0 0 0 0 
P14274 2070 9 0 0 0 0 0 0 5 0 0 0 0 0 0 0 0 0 13 12 12 0 0 0 0 0 0 0 0 0 0 20 -999 
P14274 2070 10 0 15 0 0 0 0 0 0 0 28 0 0 36 19 17 0 40 64 30 0 0 8 0 0 8 0 0 9 0 17 28 
P14274 2070 11 0 7 7 0 0 0 8 0 0 0 8 0 0 0 3 0 0 0 6 0 13 0 0 2 0 0 0 35 37 14 -999 
P14274 2070 12 0 33 0 8 0 0 12 33 26 17 50 0 19 18 0 0 13 11 0 0 13 39 0 0 12 27 11 18 52 61 0 
P14274 2071 1 0 10 9 12 12 8 6 9 15 28 25 20 27 15 12 0 21 18 15 10 11 8 0 10 17 0 36 13 9 7 0 
P14274 2071 2 0 5 3 4 16 0 12 0 18 0 35 32 0 9 20 32 33 0 18 0 0 7 0 7 0 12 0 8 -999 -999 -999 
P14274 2071 3 8 6 0 6 8 0 14 20 15 20 22 0 0 16 11 0 0 0 16 0 8 0 0 0 0 8 0 0 0 0 16 
P14274 2071 4 29 0 28 0 0 3 0 0 4 0 0 0 0 0 11 7 11 9 12 14 13 16 0 25 0 16 14 0 14 0 -999 
P14274 2071 5 13 0 20 20 20 26 0 18 0 11 10 9 0 0 0 10 0 7 0 0 0 9 0 0 14 0 11 0 0 15 0 
P14274 2071 6 0 0 13 0 12 9 6 9 16 20 16 21 25 26 0 0 15 0 0 10 10 0 0 0 0 0 0 0 0 0 -999 
P14274 2071 7 0 0 0 0 0 0 0 0 0 0 9 0 12 0 0 0 0 0 0 0 0 0 0 8 0 21 0 0 0 0 0 
P14274 2071 8 0 0 0 9 0 25 0 0 0 0 0 0 0 0 0 13 0 0 0 0 0 0 0 0 0 0 0 8 0 0 0 
P14274 2071 9 0 0 0 0 0 9 0 0 0 13 0 0 0 0 0 0 0 0 0 0 0 0 0 0 0 0 0 0 0 0 -999 
P14274 2071 10 0 0 0 0 0 0 0 14 14 18 0 0 9 0 0 0 29 15 14 0 0 31 0 0 0 0 9 0 25 16 29 
P14274 2071 11 27 44 49 45 34 0 14 6 0 0 0 0 0 0 0 16 0 8 0 0 26 19 18 19 16 15 0 6 11 0 -999 
P14274 2071 12 0 16 18 0 0 64 57 42 34 64 55 75 43 33 19 0 33 39 0 0 0 0 34 48 27 43 24 0 8 0 35 
P14274 2072 1 24 14 0 0 9 14 8 0 21 22 0 0 0 0 0 0 12 11 11 21 20 14 13 7 11 48 35 0 0 14 22 
P14274 2072 2 45 33 42 0 0 10 9 0 4 5 0 4 4 0 0 3 0 0 7 0 0 0 0 0 0 6 0 3 -999 -999 -999 
P14274 2072 3 0 6 5 0 0 0 6 0 0 0 0 0 0 0 8 0 12 13 0 14 12 11 13 23 24 22 26 0 28 23 20 
P14274 2072 4 12 0 10 19 0 0 0 0 0 16 0 5 0 0 0 0 0 5 5 0 25 16 16 6 0 0 0 0 0 0 -999 
P14274 2072 5 22 18 7 0 0 0 0 0 0 0 0 0 0 0 11 10 0 0 0 0 0 6 0 0 16 12 9 13 0 0 0 
P14274 2072 6 0 0 0 11 16 0 6 0 26 0 14 23 10 0 0 0 0 14 0 9 0 0 0 0 0 0 0 0 6 0 -999 
P14274 2072 7 0 0 0 0 0 0 17 0 0 0 7 0 0 0 0 0 0 0 8 0 0 6 0 0 9 0 0 0 0 0 0 
P14274 2072 8 0 0 0 0 0 0 24 0 0 10 0 0 17 0 0 13 0 0 0 12 0 0 0 17 29 0 0 16 0 15 0 
P14274 2072 9 0 0 0 9 0 0 0 0 0 26 0 0 0 10 0 0 19 9 0 18 26 14 11 0 0 30 0 16 0 13 -999 
P14274 2072 10 0 5 0 0 0 0 0 0 0 0 0 0 0 0 0 0 15 18 0 8 0 12 8 0 0 0 0 0 0 0 0 
P14274 2072 11 0 0 0 0 7 22 3 4 12 0 25 0 22 40 0 5 0 0 21 0 0 0 0 14 17 0 20 0 0 0 -999 
P14274 2072 12 5 0 14 8 0 6 0 0 0 0 0 0 0 8 0 7 7 6 17 20 51 18 0 16 46 41 12 0 0 22 26 
P14274 2073 1 0 0 0 0 0 0 0 0 6 1 3 0 0 6 0 11 6 6 11 0 0 8 0 0 5 7 0 0 6 6 8 
P14274 2073 2 0 34 29 23 21 13 0 11 0 9 0 0 0 16 0 0 0 0 0 3 0 0 5 0 18 36 22 14 -999 -999 -999 
P14274 2073 3 33 20 7 7 11 0 0 12 0 0 0 0 0 13 14 11 10 0 11 0 15 0 0 12 27 18 46 53 0 0 0 
P14274 2073 4 0 0 0 8 0 27 0 17 0 0 0 22 28 0 0 0 0 0 0 0 19 12 0 30 34 0 11 0 6 0 -999 
P14274 2073 5 0 0 0 0 11 0 0 0 0 0 0 0 0 0 0 34 28 0 9 9 0 5 0 0 0 20 0 0 0 0 0 
P14274 2073 6 0 0 0 0 13 0 0 13 0 0 0 0 0 0 0 0 0 0 0 17 0 0 0 0 0 13 0 13 0 0 -999 
P14274 2073 7 0 0 0 0 0 0 0 0 0 0 0 13 0 13 0 0 0 8 0 0 0 0 0 0 0 0 0 12 8 0 0 
P14274 2073 8 0 0 0 0 0 0 0 0 0 0 0 0 0 0 0 0 0 0 0 0 0 0 0 0 0 0 0 0 0 0 10 
P14274 2073 9 0 0 7 0 0 0 16 0 0 0 0 0 0 0 0 26 0 0 0 14 0 0 0 0 0 9 0 0 0 7 -999 
P14274 2073 10 0 0 0 0 0 0 0 32 0 0 15 0 0 0 0 5 0 0 0 0 0 0 0 0 0 6 0 0 9 0 14 
P14274 2073 11 0 0 11 0 0 0 0 8 0 5 0 0 0 0 0 48 0 0 37 36 38 36 16 0 10 13 14 0 4 0 -999 
P14274 2073 12 0 0 0 0 0 0 0 0 0 0 7 15 0 16 0 0 0 0 0 21 11 10 0 0 8 3 4 15 35 38 118 
P14274 2074 1 79 25 25 66 69 85 35 17 24 0 20 0 14 6 0 0 0 0 3 0 0 0 0 8 0 10 0 0 17 7 0 
P14274 2074 2 0 0 0 0 0 4 0 0 0 6 0 0 14 19 11 14 30 0 14 10 6 0 10 8 12 45 58 66 -999 -999 -999 
P14274 2074 3 50 12 9 0 12 23 25 0 14 10 11 0 32 0 0 0 0 0 0 0 0 40 22 30 21 9 0 0 8 10 20 
P14274 2074 4 0 16 17 21 0 6 8 17 0 0 0 0 0 36 21 43 0 23 0 0 15 10 0 6 7 0 9 0 0 0 -999 
P14274 2074 5 0 0 9 0 0 8 0 0 0 0 15 27 23 22 23 0 14 0 12 0 14 11 0 7 8 0 15 0 0 0 0 
P14274 2074 6 0 0 0 0 0 0 0 0 0 0 0 0 0 6 0 0 0 0 16 0 0 0 0 0 0 0 0 0 0 7 -999 
P14274 2074 7 0 0 0 9 0 0 0 12 0 0 8 0 0 0 0 0 0 0 0 0 0 0 0 0 0 0 0 0 0 0 0 
P14274 2074 8 0 0 0 0 10 0 0 0 0 0 0 8 0 0 0 0 0 0 0 0 0 0 0 0 0 0 0 0 11 0 0 
P14274 2074 9 12 0 11 0 0 0 0 0 0 10 0 17 0 0 0 0 0 0 0 0 0 13 11 0 0 0 0 0 0 0 -999 
P14274 2074 10 0 0 0 0 0 0 0 0 0 0 0 0 0 0 0 0 0 0 0 0 0 19 22 0 0 0 0 0 9 0 0 
P14274 2074 11 4 0 0 0 0 0 13 9 11 0 0 0 0 0 0 0 19 11 0 46 26 9 0 0 24 10 14 0 0 0 -999 
P14274 2074 12 0 0 0 0 0 0 0 0 12 0 26 41 0 9 0 0 0 0 6 6 0 4 0 0 0 0 0 9 19 23 11 
P14274 2075 1 0 0 0 0 0 0 0 0 5 0 8 11 15 11 26 18 0 0 10 0 0 0 19 0 0 0 0 0 5 0 0 
P14274 2075 2 0 16 0 22 25 38 36 20 15 14 37 56 42 0 0 0 0 0 0 24 16 10 17 31 22 10 7 0 -999 -999 -999 
P14274 2075 3 0 17 17 9 11 0 0 0 0 4 0 0 0 0 0 10 0 22 25 24 0 30 24 35 33 23 0 0 8 0 0 
P14274 2075 4 0 0 27 18 16 20 0 40 37 16 0 0 0 6 0 0 7 0 25 30 22 0 13 0 0 16 0 0 0 0 -999 
P14274 2075 5 0 20 0 0 0 8 0 0 0 0 21 19 0 0 0 0 0 0 0 0 16 0 0 0 0 0 0 0 0 6 0 
P14274 2075 6 0 0 20 0 11 0 0 17 19 0 0 0 16 0 0 0 0 13 0 0 0 0 0 0 0 9 0 0 0 0 -999 
P14274 2075 7 0 0 0 0 0 0 10 0 0 0 0 0 0 0 0 0 0 0 0 0 0 0 0 0 0 0 0 0 0 0 0 
P14274 2075 8 0 0 0 0 0 0 0 11 14 0 0 0 0 0 11 0 0 0 0 0 0 0 0 0 0 0 0 0 0 0 0 
P14274 2075 9 0 0 0 20 0 0 0 10 0 0 0 15 0 0 0 0 0 0 0 0 0 0 0 0 7 0 0 0 11 12 -999 
P14274 2075 10 14 0 0 0 0 15 0 49 50 24 13 0 0 25 0 0 0 0 0 0 0 0 0 0 0 0 25 25 32 42 30 
P14274 2075 11 0 14 9 0 0 34 29 15 0 0 8 0 0 25 52 31 13 12 17 0 31 32 0 17 9 7 9 10 0 9 -999 
P14274 2075 12 0 20 34 35 19 0 12 22 18 0 0 10 9 13 0 0 16 0 14 6 12 0 0 0 0 0 0 7 0 0 0 
P14274 2076 1 0 0 3 4 0 0 0 0 5 6 5 0 5 0 0 0 0 2 0 0 0 0 0 0 0 0 0 0 11 12 32 
P14274 2076 2 48 25 13 0 0 0 0 0 0 0 4 0 0 0 4 0 3 0 0 18 0 0 0 0 0 0 0 0 -999 -999 -999 
P14274 2076 3 11 0 0 12 14 15 0 12 16 21 22 0 0 0 0 5 0 0 0 0 12 16 0 0 0 15 0 0 5 0 0 
P14274 2076 4 0 8 0 0 13 0 13 0 0 15 0 0 13 15 29 28 21 18 17 13 0 0 0 0 0 0 0 10 0 9 -999 
P14274 2076 5 18 30 0 0 18 0 0 0 5 4 0 0 0 30 14 15 0 19 18 0 0 7 0 27 0 0 21 0 0 0 11 
P14274 2076 6 0 14 0 0 9 0 0 0 0 0 0 0 0 0 0 0 0 0 0 0 0 0 0 0 0 0 0 0 0 0 -999 
P14274 2076 7 0 0 0 0 0 0 0 0 0 0 0 22 0 0 0 0 0 0 0 0 0 0 0 0 0 0 0 0 0 0 0 
P14274 2076 8 0 0 0 0 0 0 0 0 0 0 0 9 0 0 0 0 0 0 0 0 0 0 0 11 0 12 12 0 0 0 21 
P14274 2076 9 0 16 12 0 0 0 0 0 0 0 0 0 0 0 0 8 0 0 9 0 0 0 0 0 10 0 9 11 0 0 -999 
P14274 2076 10 14 13 20 0 29 0 0 0 0 0 11 0 0 0 0 0 0 0 0 0 6 0 0 0 9 0 26 42 0 8 0 
P14274 2076 11 11 0 0 0 0 0 6 0 0 0 9 11 0 0 6 7 0 0 0 15 16 23 18 0 0 6 26 34 16 13 -999 
P14274 2076 12 0 0 3 0 0 0 0 0 28 0 24 0 17 0 6 12 10 0 0 0 0 0 0 0 0 0 0 0 8 5 4 
P14274 2077 1 0 0 0 0 0 0 0 4 14 0 1 0 0 0 25 0 2 1 0 5 0 0 0 0 0 6 0 6 4 0 0 
P14274 2077 2 17 17 0 16 12 15 0 23 18 0 0 6 0 0 0 13 0 46 54 23 17 8 6 0 23 17 7 0 -999 -999 -999 
P14274 2077 3 0 0 7 7 9 14 25 18 13 0 13 12 8 7 0 0 12 11 22 18 26 0 23 18 0 8 0 0 0 0 0 
P14274 2077 4 0 13 3 0 0 0 5 0 0 0 0 0 0 0 9 14 0 0 14 0 0 15 17 0 0 26 38 0 0 0 -999 
P14274 2077 5 18 0 30 0 0 8 0 0 24 0 10 0 0 0 0 0 0 0 0 24 12 12 0 17 0 7 0 0 0 10 0 
P14274 2077 6 0 25 0 0 19 0 17 14 0 0 10 10 0 0 0 0 0 0 3 0 0 0 0 0 0 0 0 0 15 0 -999 
P14274 2077 7 14 0 0 0 0 0 0 0 31 0 0 0 16 0 0 0 0 0 0 0 0 0 0 0 10 0 0 0 0 0 0 
P14274 2077 8 0 0 0 0 0 0 0 0 0 17 26 0 0 0 0 5 0 0 0 0 0 0 16 0 0 0 0 0 23 0 0 
P14274 2077 9 0 0 0 0 0 15 0 9 0 0 0 0 0 0 0 0 0 0 0 15 18 0 0 0 0 0 0 0 0 0 -999 
P14274 2077 10 0 0 31 0 0 6 14 15 0 0 0 0 5 0 0 10 0 22 21 0 14 20 23 0 0 0 6 0 21 14 21 
P14274 2077 11 0 20 18 0 0 0 0 16 52 0 0 0 0 19 30 0 20 0 9 26 23 11 27 34 16 7 0 0 12 20 -999 
P14274 2077 12 0 34 34 34 0 40 44 61 16 27 57 0 0 0 0 0 0 5 5 0 0 0 0 0 6 0 0 11 0 7 25 
P14274 2078 1 58 71 65 41 30 43 14 0 50 0 16 0 31 20 29 34 22 0 9 8 12 7 0 0 0 0 0 0 0 4 3 
P14274 2078 2 0 7 6 4 0 3 0 0 0 0 0 1 0 0 0 0 0 5 6 0 0 14 0 11 41 67 29 20 -999 -999 -999 
P14274 2078 3 7 8 20 0 0 12 0 35 0 0 0 0 14 16 30 33 40 0 36 43 0 23 0 23 0 14 0 0 0 0 13 
P14274 2078 4 30 24 0 9 0 0 0 12 0 11 15 15 0 23 0 0 13 0 16 0 0 11 0 26 29 26 0 0 0 0 -999 
P14274 2078 5 28 0 28 0 0 7 0 0 21 0 29 0 0 0 0 0 19 21 17 8 0 0 0 0 5 0 0 0 9 2 0 
P14274 2078 6 0 17 18 0 17 0 16 0 0 0 10 0 0 8 0 0 0 10 0 0 0 0 0 0 0 0 0 0 4 0 -999 
P14274 2078 7 0 0 0 0 0 0 0 0 0 0 0 0 8 0 9 0 0 0 0 0 0 0 0 0 0 0 0 0 0 8 0 
P14274 2078 8 0 0 0 0 0 10 0 0 0 0 0 0 0 0 15 0 0 14 0 0 0 0 0 0 0 0 0 0 0 0 0 
P14274 2078 9 0 0 0 0 0 0 0 0 0 0 0 0 0 0 10 0 0 21 0 0 10 0 0 0 0 0 0 0 0 0 -999 
P14274 2078 10 0 0 0 0 11 14 0 6 22 27 0 0 0 0 0 16 33 0 12 0 48 11 0 17 0 0 3 0 12 16 0 
P14274 2078 11 26 30 0 8 19 12 4 0 0 0 5 2 0 0 11 11 18 25 0 0 0 0 0 2 0 0 0 0 0 3 -999 
P14274 2078 12 0 0 0 0 0 0 0 0 6 0 25 19 0 16 16 0 18 14 0 10 0 17 0 16 12 32 53 30 17 42 42 
P14274 2079 1 13 8 0 0 0 0 0 4 0 2 2 0 0 3 0 0 0 0 0 10 10 0 0 0 0 0 0 5 0 0 0 
P14274 2079 2 0 0 7 8 0 0 0 5 0 0 0 0 0 0 0 2 0 0 0 0 0 7 10 15 0 0 9 0 -999 -999 -999 
P14274 2079 3 0 0 0 0 13 9 0 3 0 0 3 0 0 0 0 4 0 0 0 4 3 4 6 0 8 0 0 5 5 0 0 
P14274 2079 4 10 0 15 21 29 0 11 14 13 10 0 9 15 0 27 17 14 14 16 0 17 0 14 23 0 7 0 0 5 5 -999 
P14274 2079 5 0 0 0 7 17 13 0 0 9 0 14 15 0 0 0 0 0 0 0 0 0 12 12 0 0 10 0 0 7 8 0 
P14274 2079 6 19 0 10 0 0 0 0 0 0 0 0 8 0 0 0 8 0 0 0 0 0 0 0 0 0 0 0 0 0 0 -999 
P14274 2079 7 8 0 0 0 0 0 0 0 0 0 0 0 0 0 0 0 14 0 0 0 0 0 0 0 0 12 0 0 0 0 0 
P14274 2079 8 0 0 13 0 0 0 0 0 0 0 0 0 0 14 0 0 14 0 0 0 0 0 0 0 0 17 0 0 30 22 7 
P14274 2079 9 0 0 0 0 0 0 0 0 0 0 0 0 0 0 0 0 0 0 9 0 0 0 0 0 6 6 0 0 0 0 -999 
P14274 2079 10 0 0 7 5 0 0 0 7 0 0 0 0 0 0 0 0 0 0 0 34 0 22 0 0 0 0 0 13 9 0 0 
P14274 2079 11 0 0 22 26 52 33 46 25 7 0 0 10 0 31 21 18 31 40 27 0 11 12 0 12 0 0 0 0 0 0 -999 
P14274 2079 12 0 0 31 18 0 0 4 0 0 0 0 0 0 0 0 0 0 0 0 0 0 0 0 0 5 0 4 0 0 14 0 
P14274 2080 1 0 0 0 7 8 0 7 5 0 0 0 13 0 7 0 0 0 4 0 0 0 0 0 0 9 10 11 0 10 0 0 
P14274 2080 2 0 0 4 0 13 11 14 0 39 53 65 41 0 18 0 9 17 29 33 39 0 0 0 0 1 0 5 0 -999 -999 -999 
P14274 2080 3 29 31 0 0 23 22 26 31 54 0 47 0 0 0 0 0 4 0 0 0 0 0 0 0 0 11 0 0 13 0 0 
P14274 2080 4 0 5 0 0 0 9 11 17 26 22 27 32 12 0 0 5 0 12 0 0 0 20 0 18 16 15 0 0 0 12 -999 
P14274 2080 5 14 0 0 0 0 12 0 0 0 8 0 0 25 26 23 0 13 6 0 0 0 0 0 0 18 0 0 0 24 0 0 
P14274 2080 6 18 10 0 16 17 0 0 6 5 0 0 0 0 0 0 0 0 18 24 0 14 12 9 16 20 0 11 0 0 0 -999 
P14274 2080 7 10 0 0 0 0 7 0 0 0 0 0 0 0 0 0 0 0 0 0 0 0 0 10 0 0 0 0 0 0 0 0 
P14274 2080 8 0 0 0 0 0 0 0 0 0 0 12 0 0 0 0 0 0 0 0 15 0 0 0 0 0 12 0 0 0 17 10 
P14274 2080 9 0 0 18 0 14 0 0 0 0 19 25 0 0 0 0 0 13 0 0 0 8 0 0 0 0 22 0 0 0 0 -999 
P14274 2080 10 0 26 28 38 47 42 25 47 33 31 18 43 0 26 32 17 0 0 0 0 0 4 0 4 0 0 3 0 0 0 0 
P14274 2080 11 0 21 23 18 28 19 0 0 13 0 0 6 0 0 0 9 0 0 7 6 0 0 0 0 0 0 6 0 6 0 -999 
P14274 2080 12 12 16 40 38 46 42 44 44 0 10 0 0 0 0 0 0 0 0 4 0 0 0 10 0 16 38 0 0 12 0 30 
P14274 2081 1 42 37 61 51 32 6 4 0 14 0 11 0 15 21 0 11 14 8 20 53 56 0 26 0 15 36 0 21 26 11 25 
P14274 2081 2 10 0 13 0 28 0 0 0 18 0 0 2 0 0 0 7 0 0 0 10 7 4 11 29 22 0 0 12 -999 -999 -999 
P14274 2081 3 13 12 24 49 0 0 0 12 32 20 0 0 10 0 11 12 32 58 45 49 45 69 51 36 0 0 27 19 33 28 49 
P14274 2081 4 56 22 0 12 14 0 0 0 16 26 33 9 8 0 33 22 0 15 0 18 0 14 19 22 30 15 13 30 29 35 -999 
P14274 2081 5 43 32 21 19 20 11 0 21 28 33 16 12 17 0 21 16 0 0 0 0 0 0 12 0 0 9 8 9 0 0 0 
P14274 2081 6 0 0 0 0 4 0 0 0 0 0 0 0 0 0 0 13 16 22 0 0 0 0 0 0 0 0 0 0 0 0 -999 
P14274 2081 7 0 0 15 0 0 0 10 12 21 0 0 0 0 19 8 0 0 0 0 0 0 0 0 0 0 0 0 0 0 0 0 
P14274 2081 8 14 0 0 15 0 0 0 0 0 0 0 0 0 0 0 0 0 0 0 0 0 0 0 0 23 10 0 0 0 31 0 
P14274 2081 9 0 0 0 0 0 0 0 4 0 0 0 0 0 0 0 0 18 25 0 11 0 0 12 0 10 0 0 0 0 0 -999 
P14274 2081 10 0 0 0 0 0 0 13 0 0 0 0 0 12 10 0 0 0 7 0 0 0 0 0 0 0 10 9 8 0 0 0 
P14274 2081 11 0 20 37 56 27 0 0 0 0 0 0 0 0 0 0 0 30 58 46 10 0 0 0 5 0 0 0 7 31 27 -999 
P14274 2081 12 17 0 17 8 20 0 42 50 32 20 16 34 45 39 23 18 14 0 5 0 0 8 10 0 9 0 0 0 7 10 0 
P14274 2082 1 23 11 11 0 0 0 7 0 0 12 17 13 21 11 10 0 0 0 0 18 42 80 38 24 35 31 30 15 0 2 2 
P14274 2082 2 0 0 0 0 2 0 0 0 0 0 0 0 6 0 0 0 0 7 0 0 6 4 0 0 21 25 18 22 -999 -999 -999 
P14274 2082 3 0 26 24 0 18 13 0 11 12 11 0 0 0 16 0 9 0 8 24 43 17 8 0 0 24 19 12 0 35 28 11 
P14274 2082 4 15 0 6 14 21 9 0 0 0 0 0 0 0 13 0 13 0 0 0 3 0 0 7 0 0 0 0 0 0 0 -999 
P14274 2082 5 0 0 0 0 5 10 0 0 18 13 10 11 20 30 14 0 0 0 0 0 0 0 9 12 0 0 0 0 0 0 0 
P14274 2082 6 0 0 0 0 0 0 0 0 0 0 0 0 0 17 0 10 0 14 0 16 0 0 0 0 0 0 0 0 18 14 -999 
P14274 2082 7 13 14 0 0 0 0 0 0 0 0 0 0 0 0 0 8 0 0 0 0 9 0 0 0 0 0 0 0 0 0 0 
P14274 2082 8 0 0 0 0 0 0 0 0 0 0 0 0 0 0 0 0 0 0 0 0 8 0 11 0 14 19 0 0 0 0 0 
P14274 2082 9 0 0 0 11 0 0 5 0 0 9 0 0 0 0 0 0 0 0 0 0 0 0 0 0 0 11 0 0 0 0 -999 
P14274 2082 10 0 0 0 0 0 0 0 0 0 0 5 0 0 0 14 0 0 13 22 0 16 31 0 0 0 3 0 0 13 13 16 
P14274 2082 11 40 42 38 17 9 0 0 8 0 0 12 0 11 10 0 30 51 55 16 0 0 2 0 0 0 0 0 0 0 0 -999 
P14274 2082 12 0 0 8 0 0 3 0 0 0 0 6 0 0 0 0 0 17 15 0 0 0 8 0 0 0 10 0 0 7 0 0 
P14274 2083 1 0 0 22 27 0 0 0 8 0 0 6 5 0 0 8 14 13 16 0 14 11 0 0 0 0 0 0 0 8 8 0 
P14274 2083 2 9 20 0 0 0 0 18 19 15 27 32 19 15 0 8 21 33 84 62 0 42 27 17 18 47 87 51 29 -999 -999 -999 
P14274 2083 3 31 13 22 18 0 0 0 22 0 0 9 0 0 0 0 0 7 5 0 0 19 28 43 69 52 28 73 40 0 0 9 
P14274 2083 4 16 0 12 13 14 22 0 24 0 0 0 16 0 21 0 0 14 0 0 0 7 0 0 10 0 0 0 0 0 0 -999 
P14274 2083 5 7 0 0 10 0 19 27 18 20 19 13 0 18 0 19 23 28 22 22 25 0 0 14 24 22 32 54 16 0 18 0 
P14274 2083 6 24 0 14 12 15 10 0 17 0 22 20 0 0 0 0 10 0 0 0 0 7 0 9 0 12 0 0 0 0 0 -999 
P14274 2083 7 0 0 0 0 0 0 0 7 10 11 0 0 19 0 0 0 0 14 0 0 0 0 14 0 0 0 0 0 0 7 0 
P14274 2083 8 0 0 0 0 0 0 0 0 0 0 0 0 0 18 0 0 0 0 0 0 0 0 0 0 0 0 16 16 0 0 0 
P14274 2083 9 0 0 10 0 0 0 0 0 10 0 0 0 15 0 0 0 0 0 10 0 6 0 0 7 13 0 0 0 9 0 -999 
P14274 2083 10 0 17 0 0 0 18 0 0 0 0 0 0 0 0 8 0 0 9 0 19 22 0 23 0 0 0 0 0 0 0 0 
P14274 2083 11 0 0 24 48 34 21 16 16 0 0 11 40 54 27 14 0 28 22 4 0 0 0 0 0 0 9 0 3 0 7 -999 
P14274 2083 12 0 13 0 9 0 0 39 57 92 16 0 0 21 42 58 26 17 16 0 29 0 0 0 9 0 0 3 2 0 8 0 
P14274 2084 1 0 0 0 5 0 0 4 0 5 5 0 2 0 1 0 7 13 18 0 0 15 27 0 15 23 47 34 32 21 0 20 
P14274 2084 2 0 5 5 0 0 0 10 16 17 0 0 0 0 0 8 0 0 0 9 0 0 0 0 0 14 27 0 21 -999 -999 -999 
P14274 2084 3 24 30 30 28 34 8 5 0 0 18 10 0 0 0 21 22 55 0 0 12 0 0 0 8 0 19 0 0 6 0 0 
P14274 2084 4 16 21 18 21 28 0 0 0 0 0 15 0 16 15 0 0 0 0 0 0 0 9 0 0 0 0 0 13 0 17 -999 
P14274 2084 5 0 9 0 0 11 0 0 0 0 0 0 0 0 0 0 8 15 0 0 0 0 0 0 0 0 0 16 0 0 0 0 
P14274 2084 6 0 0 0 13 0 0 0 0 0 18 21 22 0 0 0 0 0 0 0 0 0 0 0 0 0 0 0 0 0 0 -999 
P14274 2084 7 0 12 0 0 0 5 0 0 25 0 0 0 0 0 0 0 0 0 0 0 0 0 0 0 0 0 9 0 12 0 0 
P14274 2084 8 0 0 0 13 0 0 0 0 0 0 0 0 12 0 18 0 0 8 12 0 9 0 0 0 0 0 0 0 0 0 0 
P14274 2084 9 0 0 12 0 20 0 0 0 0 6 0 11 17 0 0 43 12 0 0 0 0 4 0 0 0 0 0 7 9 0 -999 
P14274 2084 10 14 0 0 25 19 0 0 10 0 0 0 0 0 0 0 7 9 10 0 0 13 0 0 0 0 17 0 43 70 63 44 
P14274 2084 11 23 20 43 0 20 0 0 34 41 0 5 0 0 0 8 0 13 13 0 0 0 0 0 0 2 0 14 0 17 0 -999 
P14274 2084 12 11 10 0 0 20 10 9 35 38 42 50 52 68 46 22 8 20 0 0 5 0 2 0 0 0 0 0 0 22 0 0 
P14274 2085 1 0 4 0 0 0 2 0 0 0 0 0 0 0 0 7 28 0 9 0 0 0 0 0 48 0 0 0 0 7 0 0 
P14274 2085 2 0 0 0 0 0 0 0 11 8 12 28 32 22 10 10 0 0 0 0 0 0 3 0 0 8 0 0 0 -999 -999 -999 
P14274 2085 3 0 0 0 0 0 5 5 0 0 25 22 43 47 29 26 0 0 0 0 0 0 13 14 16 16 0 0 10 14 0 0 
P14274 2085 4 0 0 0 0 9 0 0 22 19 19 20 0 0 30 38 30 0 17 0 7 0 0 0 0 10 8 0 0 0 21 -999 
P14274 2085 5 25 24 14 0 0 0 0 29 32 21 0 0 0 24 0 0 0 0 0 0 0 0 0 14 13 0 0 0 0 0 0 
P14274 2085 6 0 0 0 0 0 0 0 0 0 0 0 0 11 0 0 0 0 8 0 0 0 0 0 9 0 0 0 0 8 0 -999 
P14274 2085 7 0 0 0 9 0 0 0 0 0 0 15 0 16 15 0 0 0 13 0 0 0 0 0 0 6 0 9 0 0 0 0 
P14274 2085 8 0 0 20 0 0 0 0 0 0 0 0 0 0 15 0 0 0 9 0 0 0 0 9 0 0 0 0 0 0 0 0 
P14274 2085 9 0 0 16 0 0 0 0 0 0 0 18 14 0 6 0 0 0 0 0 0 0 22 8 0 0 0 0 0 0 0 -999 
P14274 2085 10 19 26 20 0 0 0 0 0 0 0 15 13 0 0 0 0 0 20 9 0 12 0 0 12 17 0 30 30 20 56 0 
P14274 2085 11 0 16 18 0 12 11 8 16 0 0 0 3 3 0 7 31 34 0 13 28 27 30 13 5 0 0 10 19 31 0 -999 
P14274 2085 12 48 42 0 10 31 43 0 9 0 5 0 0 19 21 0 0 15 12 0 0 11 0 12 0 0 0 3 0 0 6 0 
P14274 2086 1 0 4 8 10 0 10 0 0 0 6 0 0 0 22 0 7 10 27 21 0 0 0 9 0 21 0 9 0 0 14 13 
P14274 2086 2 16 20 36 0 0 17 23 25 15 0 0 16 0 7 0 0 10 3 1 1 0 1 0 0 0 4 0 0 -999 -999 -999 
P14274 2086 3 0 0 0 0 0 0 7 6 0 0 7 0 24 10 0 8 8 0 0 3 0 0 3 0 0 0 6 10 0 0 16 
P14274 2086 4 0 0 0 0 0 0 21 15 0 0 8 12 0 0 24 0 0 0 0 0 4 0 0 14 19 22 29 22 0 14 -999 
P14274 2086 5 0 17 19 34 24 12 19 0 0 0 0 9 0 0 0 0 0 0 0 0 0 0 18 10 17 13 0 7 0 0 0 
P14274 2086 6 7 6 10 14 0 0 0 0 0 0 0 0 0 0 0 0 0 0 20 0 0 0 0 0 0 0 0 0 0 0 -999 
P14274 2086 7 0 19 0 0 0 0 0 12 0 0 0 0 0 0 0 0 0 0 0 0 0 0 0 15 0 20 0 0 0 8 0 
P14274 2086 8 0 0 0 0 0 0 10 0 0 0 0 0 0 0 13 17 0 0 0 0 0 0 0 0 0 0 14 0 0 0 0 
P14274 2086 9 0 0 0 12 0 0 0 0 0 0 0 0 23 0 0 0 0 0 0 0 0 0 0 0 0 0 0 0 0 0 -999 
P14274 2086 10 0 0 0 0 0 0 0 12 18 0 0 0 0 0 0 0 15 0 11 11 0 0 0 16 25 0 15 0 0 45 0 
P14274 2086 11 0 18 26 14 28 14 8 0 5 0 12 0 0 10 0 0 0 0 24 20 25 14 0 0 0 0 8 0 23 10 -999 
P14274 2086 12 0 0 0 0 0 0 0 0 0 0 0 0 0 0 0 4 0 0 0 0 20 0 62 36 12 14 7 0 0 0 0 
P14274 2087 1 0 0 6 8 8 10 18 38 32 0 0 0 0 0 0 2 0 0 0 5 8 9 14 5 0 0 0 0 1 0 16 
P14274 2087 2 17 0 5 4 0 0 3 0 0 0 0 0 0 14 0 4 0 1 0 0 0 0 0 0 0 0 0 20 -999 -999 -999 
P14274 2087 3 44 50 0 16 9 10 0 24 27 32 32 30 0 10 10 0 14 12 0 19 0 29 35 0 17 11 0 0 0 0 0 
P14274 2087 4 21 0 9 12 0 0 0 3 0 0 12 0 0 0 20 44 30 10 7 0 31 37 30 23 31 21 0 0 0 0 -999 
P14274 2087 5 8 0 9 0 0 0 0 15 0 14 0 0 0 0 0 0 0 0 0 0 0 0 0 13 21 20 0 0 0 0 13 
P14274 2087 6 17 0 15 0 9 0 0 0 0 0 0 0 0 6 0 0 0 23 0 0 0 0 0 0 0 20 0 7 0 0 -999 
P14274 2087 7 13 0 0 0 0 0 0 0 0 0 0 0 0 0 0 0 0 0 0 0 0 0 0 0 0 0 0 0 0 0 0 
P14274 2087 8 0 0 0 23 0 0 19 0 0 0 0 0 0 0 0 0 0 7 0 0 0 0 0 0 0 11 0 0 0 0 0 
P14274 2087 9 0 0 0 10 0 0 0 0 0 0 0 0 0 9 0 0 0 0 15 0 0 0 0 8 0 0 0 0 13 0 -999 
P14274 2087 10 0 0 0 31 0 0 0 0 0 0 0 0 0 0 3 3 0 0 0 0 2 0 0 0 0 0 0 0 0 6 0 
P14274 2087 11 0 0 0 0 0 0 0 4 0 0 4 0 3 0 5 0 0 0 6 0 4 0 0 0 0 0 0 0 0 0 -999 
P14274 2087 12 0 0 11 0 0 4 8 0 0 6 0 8 0 0 0 0 0 0 8 0 7 0 54 38 13 40 33 12 29 43 0 
P14274 2088 1 0 0 31 11 8 19 7 0 0 0 0 0 2 0 0 4 3 0 6 8 0 0 0 0 0 9 14 12 7 0 6 
P14274 2088 2 0 0 0 0 0 14 17 25 52 0 0 2 0 4 9 9 9 0 0 0 0 11 8 8 12 12 13 0 -999 -999 -999 
P14274 2088 3 15 21 38 29 0 8 9 8 0 7 10 0 0 0 0 0 0 0 8 4 0 0 7 9 8 9 23 0 0 3 0 
P14274 2088 4 0 0 0 9 17 0 29 30 18 0 0 21 20 0 19 0 0 0 0 0 0 0 18 0 8 0 0 0 0 0 -999 
P14274 2088 5 0 19 0 0 0 0 0 19 0 0 0 12 0 0 0 20 0 0 29 0 0 0 0 0 0 0 0 0 0 0 0 
P14274 2088 6 0 7 0 0 8 0 0 0 0 0 0 11 0 0 0 0 0 0 0 0 0 26 0 0 0 0 0 0 0 0 -999 
P14274 2088 7 20 0 0 0 0 0 0 0 0 0 0 0 0 0 0 0 0 0 0 0 0 0 13 0 12 0 0 0 0 0 0 
P14274 2088 8 0 0 0 0 0 0 0 0 0 0 0 0 0 0 0 26 0 0 18 0 0 0 0 0 0 0 0 0 0 14 0 
P14274 2088 9 0 0 0 0 0 0 0 10 0 0 0 0 0 11 0 0 0 10 0 0 0 0 0 0 0 0 0 0 0 0 -999 
P14274 2088 10 0 10 14 0 0 0 10 0 0 0 0 14 0 0 0 0 0 0 0 8 0 0 29 28 38 50 58 32 0 9 17 
P14274 2088 11 0 7 0 0 0 0 0 7 0 14 29 0 11 0 0 0 15 42 22 8 0 0 0 0 0 0 0 17 45 18 -999 
P14274 2088 12 0 0 16 19 0 0 32 34 16 0 0 0 4 0 0 10 0 0 0 0 0 0 3 0 11 12 9 0 5 0 0 
P14274 2089 1 0 0 0 6 0 11 14 24 39 52 55 56 0 14 0 0 0 0 0 0 0 0 6 2 0 0 5 6 0 6 0 
P14274 2089 2 14 15 12 15 21 19 24 0 75 31 21 45 64 28 13 5 0 0 0 0 4 0 0 0 9 0 13 13 -999 -999 -999 
P14274 2089 3 0 0 24 0 0 12 0 0 8 6 9 0 12 21 28 30 26 22 0 10 11 6 6 16 46 42 0 21 14 26 57 
P14274 2089 4 62 64 25 0 0 0 0 0 0 0 0 0 0 0 0 0 12 0 12 10 0 0 0 19 34 0 27 19 11 0 -999 
P14274 2089 5 18 14 11 0 0 16 13 0 0 0 8 7 0 0 0 9 0 0 0 0 0 0 0 17 0 19 0 13 0 0 0 
P14274 2089 6 0 0 0 0 0 0 0 0 0 0 0 0 0 0 0 0 13 0 0 12 0 0 0 0 0 0 0 0 0 0 -999 
P14274 2089 7 0 0 0 0 0 0 10 0 0 0 0 0 0 0 0 0 0 0 0 0 0 0 10 0 0 0 20 0 0 0 0 
P14274 2089 8 0 0 0 0 0 0 0 0 0 0 0 0 0 15 0 16 0 20 0 0 0 6 0 0 0 0 0 0 0 0 0 
P14274 2089 9 0 0 0 0 0 0 0 0 0 0 0 0 0 0 0 0 0 0 11 0 0 9 0 0 0 0 7 0 0 9 -999 
P14274 2089 10 0 0 0 8 0 0 0 0 0 0 11 0 0 0 0 0 0 6 6 0 9 0 0 0 17 0 0 0 0 0 14 
P14274 2089 11 0 0 0 0 0 0 7 0 0 0 10 0 0 7 0 0 0 0 0 9 0 0 0 0 51 42 0 0 21 43 -999 
P14274 2089 12 80 21 0 22 24 24 0 51 0 29 20 0 3 0 0 0 0 0 0 14 0 0 2 2 0 0 0 0 11 0 4 
P14274 2090 1 0 0 0 9 0 4 0 8 23 27 0 19 34 36 34 17 0 0 0 11 0 2 0 0 0 7 0 8 0 0 0 
P14274 2090 2 3 0 0 8 12 19 20 15 11 20 25 29 24 0 0 11 0 0 10 8 8 9 14 17 26 28 46 35 -999 -999 -999 
P14274 2090 3 0 29 10 0 0 0 3 0 5 0 0 24 0 29 18 11 0 14 0 32 12 14 0 0 7 9 0 0 9 11 16 
P14274 2090 4 0 15 19 17 22 18 20 0 19 15 0 23 10 0 37 34 0 6 0 0 4 0 0 0 17 18 10 8 13 18 -999 
P14274 2090 5 0 26 27 0 0 0 0 0 0 5 0 0 0 0 0 0 0 0 0 0 14 15 0 0 0 0 0 22 0 34 23 
P14274 2090 6 22 16 0 4 5 7 0 0 0 0 0 0 0 0 0 0 0 0 0 0 0 0 0 0 0 0 0 0 0 0 -999 
P14274 2090 7 0 0 0 0 0 0 0 0 0 0 0 0 15 24 23 11 0 0 0 0 0 0 0 0 0 0 0 0 0 0 0 
P14274 2090 8 0 0 0 0 0 0 0 0 0 0 0 0 0 0 0 0 0 0 0 0 0 0 0 11 0 0 0 0 0 0 0 
P14274 2090 9 0 0 10 0 0 0 0 0 0 0 0 17 0 0 0 0 0 0 0 0 0 0 0 0 0 0 0 0 0 0 -999 
P14274 2090 10 14 0 16 31 31 34 0 16 0 20 23 24 21 22 28 23 13 0 16 10 0 0 0 21 0 13 0 22 49 0 23 
P14274 2090 11 15 9 0 8 0 0 20 0 9 0 26 20 13 23 0 17 9 15 0 0 0 0 0 0 22 23 0 0 0 0 -999 
P14274 2090 12 18 34 53 27 0 17 13 10 9 8 0 0 0 0 0 0 0 13 0 18 0 0 5 0 15 11 0 0 0 0 0 
P14274 2091 1 0 0 0 0 0 0 11 0 7 0 0 0 31 10 0 0 0 14 22 0 0 0 0 0 3 0 6 8 0 5 0 
P14274 2091 2 0 11 0 0 3 4 0 4 0 0 8 4 0 0 2 0 0 15 50 68 44 29 28 21 0 17 19 0 -999 -999 -999 
P14274 2091 3 16 8 7 13 31 52 25 0 0 3 5 0 0 11 0 26 0 12 17 0 4 9 0 0 0 0 0 0 0 3 5 
P14274 2091 4 0 0 0 0 0 0 11 0 0 0 12 19 17 0 0 0 19 23 0 12 0 11 0 0 0 0 0 0 0 0 -999 
P14274 2091 5 14 15 0 0 15 0 0 0 0 0 0 0 0 0 0 0 0 0 0 0 0 0 0 0 0 15 0 0 0 12 12 
P14274 2091 6 0 18 0 0 10 9 7 0 0 0 0 0 14 0 0 0 20 0 10 0 0 0 0 0 0 0 0 0 0 0 -999 
P14274 2091 7 12 0 0 0 0 0 24 0 0 0 0 0 0 0 0 0 0 14 0 0 0 0 0 15 0 0 0 0 0 0 0 
P14274 2091 8 0 0 0 0 0 0 0 0 9 0 0 0 0 0 0 0 0 0 11 0 0 0 0 0 23 0 0 0 0 12 0 
P14274 2091 9 0 0 9 0 0 0 0 0 0 0 0 0 0 0 0 8 0 0 0 0 0 0 0 0 0 0 21 0 0 0 -999 
P14274 2091 10 0 0 9 0 0 14 16 0 0 18 25 0 0 0 0 0 23 13 0 12 0 0 0 0 12 20 0 41 49 42 45 
P14274 2091 11 32 0 10 7 0 9 0 0 0 0 0 0 13 18 19 19 19 16 15 12 0 12 30 20 0 0 35 22 0 0 -999 
P14274 2091 12 43 36 9 0 0 0 0 24 0 0 0 0 0 0 0 0 0 7 0 0 0 0 12 0 15 0 6 0 3 0 0 
P14274 2092 1 0 0 0 0 0 0 0 0 3 0 0 14 12 11 0 17 35 41 44 77 0 30 17 49 29 19 46 34 43 48 32 
P14274 2092 2 34 40 0 10 20 63 39 21 35 0 40 21 16 28 31 31 0 31 17 22 0 9 25 0 0 0 26 21 -999 -999 -999 
P14274 2092 3 14 24 0 0 0 0 21 32 15 12 12 0 15 16 31 36 23 0 21 39 0 45 0 99 54 0 19 26 31 0 0 
P14274 2092 4 16 26 37 21 0 0 4 0 0 8 0 14 0 0 0 0 0 0 0 0 14 0 0 19 21 21 24 30 27 26 -999 
P14274 2092 5 0 10 0 0 0 0 15 0 14 0 0 6 0 0 0 0 33 19 8 0 6 0 0 0 0 0 0 8 13 0 0 
P14274 2092 6 0 0 0 20 0 0 0 0 0 0 8 0 0 0 11 21 0 0 0 0 0 0 0 0 8 9 0 0 0 0 -999 
P14274 2092 7 0 0 0 0 0 0 0 0 22 0 0 0 0 0 0 0 0 0 0 0 9 0 15 0 14 0 0 0 0 0 0 
P14274 2092 8 0 0 0 0 17 0 0 0 0 14 0 23 0 0 0 0 0 0 6 9 0 0 0 13 0 0 0 16 0 0 14 
P14274 2092 9 0 19 0 0 0 0 0 0 0 0 0 0 0 0 6 11 0 0 0 0 0 0 8 0 9 0 0 0 0 0 -999 
P14274 2092 10 0 7 7 0 17 11 7 12 0 0 32 30 12 14 0 5 0 0 19 0 10 5 0 0 0 0 8 0 7 0 0 
P14274 2092 11 0 0 0 0 0 0 12 0 11 0 0 28 79 63 48 0 0 0 0 12 14 0 16 41 42 32 9 0 0 0 -999 
P14274 2092 12 11 0 0 0 0 0 11 13 0 42 0 0 0 0 0 9 0 0 0 38 67 0 42 0 19 39 17 31 55 40 15 
P14274 2093 1 22 34 35 0 0 12 0 0 10 13 0 29 19 0 39 31 20 0 0 0 0 0 0 0 14 0 13 19 58 59 50 
P14274 2093 2 54 28 0 6 0 0 0 0 0 0 0 10 0 0 0 20 0 0 24 35 22 17 8 0 8 0 22 21 -999 -999 -999 
P14274 2093 3 0 0 0 0 12 14 0 0 24 28 32 0 0 0 0 0 0 4 9 8 10 12 13 6 12 23 24 31 12 15 31 
P14274 2093 4 23 27 21 18 22 26 9 0 0 21 11 0 0 0 0 28 0 0 17 0 30 21 0 15 23 25 26 23 0 0 -999 
P14274 2093 5 0 0 0 0 0 0 0 8 0 0 0 0 0 10 0 8 0 15 17 19 0 19 0 0 16 13 12 0 0 0 0 
P14274 2093 6 11 0 0 11 0 0 0 0 20 26 0 0 18 13 14 0 14 0 0 0 0 10 0 0 0 0 8 20 16 0 -999 
P14274 2093 7 0 0 0 0 11 0 0 0 0 0 13 0 0 0 0 0 9 0 0 18 16 0 0 0 0 0 0 0 23 0 0 
P14274 2093 8 0 0 0 0 0 0 0 0 0 0 0 14 12 0 0 0 0 0 0 0 0 0 0 14 0 0 0 0 0 0 0 
P14274 2093 9 0 0 0 0 0 0 0 0 0 0 0 0 0 19 19 0 0 14 13 0 0 0 0 0 0 0 0 0 0 28 -999 
P14274 2093 10 0 0 0 0 0 15 18 22 0 0 0 17 32 0 27 0 54 32 0 3 0 0 5 0 11 0 0 0 0 0 18 
P14274 2093 11 32 25 0 0 4 0 0 8 0 0 10 0 11 0 0 0 7 0 4 0 0 16 0 0 0 0 4 0 0 0 -999 
P14274 2093 12 0 0 3 0 0 0 0 2 0 0 0 3 9 0 0 0 0 0 0 0 4 0 0 0 0 0 0 0 0 0 0 
P14274 2094 1 0 0 9 7 0 5 5 0 0 0 4 3 0 0 6 0 19 47 46 41 38 55 53 57 56 48 34 40 21 40 14 
P14274 2094 2 18 0 19 0 14 7 3 0 0 0 0 0 0 0 0 0 0 0 5 6 3 0 0 0 0 0 1 0 -999 -999 -999 
P14274 2094 3 0 0 0 0 7 0 3 0 0 0 0 0 0 0 0 0 13 13 10 0 17 0 15 0 0 0 0 14 0 37 0 
P14274 2094 4 55 59 42 12 10 22 43 43 14 0 17 0 10 0 0 0 8 0 0 0 0 27 0 0 14 0 22 16 0 0 -999 
P14274 2094 5 0 0 5 8 11 0 0 0 9 0 0 15 0 0 0 0 0 0 4 0 0 0 0 0 12 0 0 0 0 0 0 
P14274 2094 6 0 0 0 0 0 0 0 0 0 4 0 0 12 0 10 0 0 0 0 0 0 0 0 0 0 0 0 0 0 0 -999 
P14274 2094 7 8 0 0 0 0 0 0 0 0 0 0 0 0 0 0 0 0 0 0 0 0 0 0 0 0 0 0 0 0 0 0 
P14274 2094 8 0 0 0 0 0 0 0 0 0 0 0 0 0 0 0 0 0 0 0 0 0 13 0 0 0 0 0 0 14 0 21 
P14274 2094 9 0 0 20 13 0 0 0 0 0 0 11 12 0 0 0 0 0 0 0 0 9 0 0 0 0 0 0 0 10 0 -999 
P14274 2094 10 8 0 10 0 0 0 0 0 0 0 0 10 16 0 16 15 0 14 21 23 21 0 26 28 0 0 27 0 0 0 0 
P14274 2094 11 0 0 0 9 0 0 0 0 0 0 0 0 29 56 28 0 0 26 19 26 20 21 24 34 0 17 13 0 14 0 -999 
P14274 2094 12 0 6 5 0 0 0 0 2 0 0 0 0 7 0 0 0 0 11 0 0 0 0 0 0 0 0 0 0 0 0 15 
P14274 2095 1 34 17 0 51 43 0 0 39 32 17 27 0 16 0 22 0 0 0 0 5 9 7 13 20 43 47 41 29 0 10 15 
P14274 2095 2 14 0 0 10 0 8 0 8 0 0 0 0 0 0 0 0 0 12 12 13 0 0 0 4 4 0 0 0 -999 -999 -999 
P14274 2095 3 0 6 0 0 0 0 0 13 0 9 0 0 0 10 0 3 0 0 0 0 10 0 0 0 8 0 16 0 0 0 17 
P14274 2095 4 23 28 34 22 9 0 3 0 7 0 0 25 0 0 0 0 0 29 0 18 33 0 0 20 11 0 0 0 0 0 -999 
P14274 2095 5 0 0 0 0 0 0 12 10 15 15 0 0 0 0 0 0 0 0 0 0 0 0 0 0 0 0 0 0 0 0 13 
P14274 2095 6 0 18 0 6 0 31 25 27 23 0 19 0 0 0 0 0 0 0 0 25 0 18 0 0 0 12 0 12 0 0 -999 
P14274 2095 7 0 0 0 0 0 0 0 13 0 0 0 0 0 0 0 0 0 0 0 0 0 0 0 0 0 0 0 0 0 24 0 
P14274 2095 8 0 0 0 0 0 0 0 0 0 0 0 0 0 0 0 0 0 0 12 0 0 0 13 0 0 0 0 0 0 0 0 
P14274 2095 9 9 0 0 0 0 0 0 0 0 0 0 0 17 15 12 0 8 0 0 0 6 0 0 0 0 6 0 0 0 0 -999 
P14274 2095 10 9 0 0 0 8 0 0 0 12 0 0 0 0 0 0 24 31 16 6 7 0 0 0 0 0 0 0 0 0 0 0 
P14274 2095 11 0 7 0 0 0 0 21 24 22 15 0 0 0 0 0 22 37 0 0 13 30 49 39 36 20 0 2 2 0 2 -999 
P14274 2095 12 0 2 0 0 0 7 18 0 38 0 0 3 10 18 25 13 0 5 0 22 0 9 8 22 60 103 66 21 10 0 18 
P14274 2096 1 37 6 8 12 27 0 0 0 42 38 23 0 4 8 0 0 5 4 4 0 0 0 0 0 0 0 0 0 0 0 7 
P14274 2096 2 11 14 0 16 0 0 0 0 0 4 0 0 7 20 40 32 0 0 0 1 0 0 0 0 0 0 0 0 -999 -999 -999 
P14274 2096 3 0 13 0 0 0 0 6 0 0 5 0 0 5 3 0 0 0 0 0 0 25 0 62 0 0 0 18 31 26 0 0 
P14274 2096 4 0 0 0 0 0 0 0 0 0 0 0 0 17 28 0 0 0 0 13 18 0 0 10 0 11 0 0 0 0 13 -999 
P14274 2096 5 21 0 0 0 0 0 0 15 0 0 0 0 12 0 0 0 0 0 0 0 0 0 0 0 0 0 0 13 0 0 10 
P14274 2096 6 17 23 0 0 18 0 17 0 0 8 11 0 0 0 0 14 0 6 0 9 0 13 0 0 0 0 0 0 0 0 -999 
P14274 2096 7 19 0 0 13 0 0 0 0 0 0 0 0 0 0 0 0 0 0 17 0 0 0 0 26 0 0 0 0 0 0 0 
P14274 2096 8 0 0 0 0 13 0 0 0 0 0 0 0 0 0 0 0 0 0 0 20 0 0 0 0 0 0 0 0 0 0 6 
P14274 2096 9 0 0 0 0 0 0 0 0 16 13 11 10 0 0 0 0 14 0 19 0 0 0 0 9 0 0 0 0 0 0 -999 
P14274 2096 10 0 0 0 0 15 0 0 0 0 0 12 0 0 0 0 0 15 37 0 30 0 32 0 10 0 0 7 11 0 0 0 
P14274 2096 11 0 0 0 0 8 0 5 0 0 0 0 6 0 0 0 3 0 0 3 5 0 3 0 0 10 4 0 0 0 0 -999 
P14274 2096 12 0 0 0 0 0 3 0 0 0 0 15 14 8 15 20 10 16 10 0 0 0 11 17 23 0 0 0 0 15 0 0 
P14274 2097 1 0 7 9 2 2 3 0 9 0 0 8 8 0 0 0 0 0 0 0 0 4 0 3 4 0 33 0 8 13 0 0 
P14274 2097 2 0 0 11 14 15 13 0 0 0 1 0 0 0 0 11 0 0 0 0 0 8 0 0 0 8 18 0 0 -999 -999 -999 
P14274 2097 3 14 32 31 0 12 17 0 0 15 0 0 0 0 0 0 0 0 0 0 0 0 0 0 0 22 19 11 12 18 0 0 
P14274 2097 4 0 0 0 11 0 0 29 28 0 0 19 0 0 0 0 8 0 0 7 20 0 7 7 24 0 0 0 0 4 0 -999 
P14274 2097 5 3 7 0 0 18 17 20 16 14 0 0 0 0 0 0 20 0 18 0 28 0 0 0 0 0 0 0 0 0 0 0 
P14274 2097 6 0 0 0 0 0 0 0 0 0 0 0 0 21 0 0 0 0 0 0 0 0 0 0 14 0 0 0 0 0 0 -999 
P14274 2097 7 0 0 0 0 0 0 0 0 0 0 0 0 0 0 0 0 0 0 11 0 8 0 10 0 0 0 0 11 0 0 0 
P14274 2097 8 0 0 0 0 10 0 17 0 0 20 0 0 0 0 0 0 11 0 0 11 13 0 0 0 21 0 0 11 0 0 10 
P14274 2097 9 0 0 0 0 0 0 15 10 0 0 0 0 0 0 12 14 0 0 9 0 0 0 0 13 7 3 2 0 7 0 -999 
P14274 2097 10 14 0 0 0 0 10 0 0 12 12 6 8 0 0 31 23 0 28 9 0 0 0 12 5 0 0 0 0 0 0 0 
P14274 2097 11 0 4 0 0 4 0 0 0 0 3 0 0 0 0 0 0 0 0 0 0 2 0 8 4 11 20 12 0 14 25 -999 
P14274 2097 12 12 8 5 0 0 0 0 0 0 0 0 0 0 0 0 0 5 7 0 0 0 0 0 0 0 0 0 9 0 0 0 
P14274 2098 1 0 0 0 20 53 21 0 6 0 0 0 10 13 0 0 6 6 0 12 28 23 22 16 21 0 0 0 0 0 0 0 
P14274 2098 2 0 0 0 6 0 3 0 0 15 24 23 0 22 0 17 10 9 0 17 12 20 15 0 14 0 0 0 0 -999 -999 -999 
P14274 2098 3 28 19 13 0 0 24 0 10 0 0 12 0 0 8 0 0 0 0 0 0 0 0 0 0 0 14 31 17 0 8 0 
P14274 2098 4 0 19 15 0 0 24 30 19 0 0 0 0 29 11 0 0 5 0 0 0 0 0 45 12 0 0 0 0 0 0 -999 
P14274 2098 5 0 14 0 0 0 0 25 30 26 35 0 0 0 0 15 0 0 0 0 17 0 16 20 0 0 15 0 0 0 0 8 
P14274 2098 6 0 0 3 0 0 0 19 0 0 11 0 17 0 10 0 0 0 0 0 0 0 0 0 17 0 0 15 0 0 0 -999 
P14274 2098 7 0 0 0 0 12 0 0 0 0 0 0 11 11 0 0 0 0 0 10 0 0 0 0 0 0 0 0 0 13 0 0 
P14274 2098 8 0 0 0 0 0 0 0 0 0 9 0 0 0 0 0 0 0 0 0 0 0 0 0 0 0 0 0 0 11 0 13 
P14274 2098 9 0 0 0 0 0 0 12 0 0 0 0 0 0 0 0 0 0 0 25 13 0 0 0 0 0 12 0 0 11 11 -999 
P14274 2098 10 9 0 0 0 0 0 0 10 0 12 0 7 13 14 0 26 34 36 0 0 0 0 0 0 0 33 39 17 8 0 24 
P14274 2098 11 0 0 0 0 6 7 8 8 7 0 0 16 39 23 0 20 16 20 40 0 0 23 15 7 0 0 0 0 0 0 -999 
P14274 2098 12 1 0 0 0 0 0 3 0 0 0 0 0 0 0 0 0 6 0 16 29 0 18 9 13 19 12 11 0 21 8 0 
P14274 2099 1 0 0 0 0 0 0 0 0 10 20 25 26 24 0 0 0 0 13 5 16 22 25 46 31 0 0 9 0 0 0 0 
P14274 2099 2 0 0 9 23 10 0 0 22 0 0 0 0 0 0 0 0 0 0 0 0 4 0 26 42 51 19 11 15 -999 -999 -999 
P14274 2099 3 0 51 50 54 16 14 0 14 14 0 12 0 0 26 22 0 24 45 62 52 0 13 15 8 0 0 0 0 0 0 15 
P14274 2099 4 15 0 9 0 0 0 10 0 0 0 0 5 4 0 6 0 0 0 0 0 8 13 15 0 21 17 0 0 0 28 -999 
P14274 2099 5 0 15 0 0 9 10 0 0 0 18 0 0 0 0 15 18 0 9 0 13 0 8 0 0 15 0 0 0 16 21 0 
P14274 2099 6 0 0 0 0 0 6 0 0 0 0 17 0 0 0 0 0 0 0 13 0 0 0 17 0 0 0 12 0 0 0 -999 
P14274 2099 7 0 20 0 0 0 13 0 0 0 0 0 0 0 0 0 0 13 0 0 0 0 0 0 0 0 0 0 0 0 0 0 
P14274 2099 8 0 0 0 0 0 16 0 0 0 0 0 0 8 0 0 0 0 0 0 0 0 22 0 0 0 0 0 0 9 0 0 
P14274 2099 9 0 11 0 0 0 0 0 0 0 0 0 15 0 0 0 0 0 0 0 0 0 0 0 0 12 0 0 0 0 0 -999 
P14274 2099 10 0 0 12 0 0 0 0 0 0 32 23 27 19 0 9 0 0 0 0 0 7 0 0 0 19 29 0 0 11 7 6 
P14274 2099 11 0 0 15 12 0 0 0 0 0 10 0 21 0 0 11 0 0 0 0 0 6 0 7 0 8 12 19 28 25 12 -999 
P14274 2099 12 0 5 5 6 0 28 26 18 0 0 7 0 0 0 0 0 0 0 5 0 13 10 0 0 45 73 84 73 49 24 0 
P14274 2100 1 19 7 7 11 21 0 0 14 0 0 37 73 48 25 0 0 0 0 0 0 0 0 11 7 0 0 0 0 0 6 0 
P14274 2100 2 12 35 39 8 0 0 0 0 20 33 21 0 0 0 0 15 0 25 23 16 0 0 0 0 0 5 8 0 -999 -999 -999 
P14274 2100 3 0 0 26 27 0 0 10 7 12 18 20 18 23 13 0 5 3 8 0 16 0 31 32 0 11 0 0 16 0 27 21 
P14274 2100 4 20 0 0 0 0 7 0 0 7 20 32 50 0 24 26 24 0 0 11 0 7 0 0 0 0 0 0 0 0 25 -999 
P14274 2100 5 7 9 12 0 0 11 0 6 7 0 0 0 9 0 0 10 22 28 16 16 15 0 20 0 30 0 0 11 0 0 0 
P14274 2100 6 0 0 0 0 11 0 0 0 11 0 0 13 0 0 0 0 0 0 0 0 0 0 15 0 0 0 22 0 0 8 -999 
P14274 2100 7 0 10 0 0 0 0 0 0 0 0 0 0 0 0 0 0 0 0 0 0 0 0 17 0 0 0 0 0 0 0 0 
P14274 2100 8 0 0 0 0 0 9 0 0 0 0 0 0 0 0 0 0 0 0 0 0 0 0 9 0 0 0 0 0 0 13 0 
P14274 2100 9 0 0 0 0 0 0 0 7 0 0 0 0 0 14 0 0 0 0 11 0 0 0 0 13 0 0 13 0 0 16 -999 
P14274 2100 10 8 0 0 0 14 15 0 22 0 18 0 30 28 31 18 0 10 14 0 0 0 31 33 0 0 0 3 0 0 0 9 
P14274 2100 11 0 20 21 21 0 38 27 16 43 47 10 27 32 39 45 0 0 0 26 0 17 21 35 40 20 0 0 0 0 0 -999 
P14274 2100 12 0 0 0 0 0 4 3 3 0 1 0 0 0 0 0 0 0 0 0 0 0 0 8 8 0 0 0 0 0 0 0 
