precip	MIROC5	RCP60	REGRESION	decimas	1
P4958	38.798	-6.641	182	geo	2006	2100	-1
P4958 2006 1 0 0 0 0 9 18 15 0 13 0 23 105 123 21 60 83 83 65 42 10 0 0 17 0 0 0 22 0 0 34 0 
P4958 2006 2 0 84 24 0 0 0 0 0 0 0 0 22 0 36 0 10 12 0 21 21 0 7 6 5 0 0 0 11 -999 -999 -999 
P4958 2006 3 0 54 92 106 72 88 79 80 42 0 62 24 26 26 37 74 137 120 71 42 0 43 41 0 35 37 36 46 60 40 43 
P4958 2006 4 18 0 0 0 0 0 0 26 0 0 0 0 0 0 0 0 0 0 0 0 0 0 0 16 0 0 42 27 23 18 -999 
P4958 2006 5 0 0 24 33 33 0 0 12 0 0 0 12 0 21 0 10 0 0 17 14 0 0 12 0 0 0 0 0 25 0 0 
P4958 2006 6 0 0 0 0 0 0 0 0 0 11 0 0 19 0 0 0 0 0 0 20 16 0 0 0 0 0 22 0 0 0 -999 
P4958 2006 7 0 0 0 0 0 22 22 0 0 0 0 0 0 0 0 0 0 0 0 0 0 0 0 0 0 0 0 0 0 0 0 
P4958 2006 8 0 0 0 0 0 0 0 0 0 0 0 0 0 0 0 0 0 0 0 0 0 0 0 0 10 0 0 0 0 0 0 
P4958 2006 9 0 23 30 0 28 13 9 0 0 0 0 0 0 0 0 0 0 0 0 0 0 0 0 0 0 0 0 0 0 0 -999 
P4958 2006 10 0 0 0 23 23 0 0 0 0 0 0 23 0 0 25 20 0 0 0 0 0 0 0 0 25 0 0 24 0 0 0 
P4958 2006 11 0 0 0 0 0 22 0 35 18 0 0 0 0 0 0 6 0 0 0 11 14 9 25 0 0 4 0 0 0 0 -999 
P4958 2006 12 0 0 0 0 0 0 0 90 91 58 0 36 34 31 81 96 0 0 0 0 17 45 89 0 51 46 0 0 0 32 16 
P4958 2007 1 0 24 13 0 0 0 0 0 0 3 0 0 0 0 0 0 0 3 0 4 0 0 0 0 0 0 0 8 9 0 11 
P4958 2007 2 7 0 0 8 0 0 23 79 135 87 0 0 0 7 0 0 0 43 27 26 0 24 25 26 40 43 44 27 -999 -999 -999 
P4958 2007 3 0 33 24 0 60 24 0 13 0 0 0 0 30 47 20 10 22 17 17 0 0 15 2 0 0 0 10 0 0 0 0 
P4958 2007 4 0 0 0 0 0 11 0 0 0 0 0 49 43 10 0 0 0 50 51 32 27 0 22 0 10 0 0 0 0 0 -999 
P4958 2007 5 0 0 0 0 0 0 0 12 24 0 0 0 18 23 0 16 0 30 25 0 0 0 0 0 0 0 0 0 0 0 0 
P4958 2007 6 0 0 0 0 0 0 0 0 0 0 0 0 0 0 0 0 0 10 0 0 0 0 0 0 0 0 0 0 0 0 -999 
P4958 2007 7 0 0 0 0 0 0 0 0 0 0 0 0 0 0 0 0 22 0 0 0 0 0 0 0 0 0 0 0 0 0 0 
P4958 2007 8 0 0 0 0 0 0 0 0 0 0 0 0 0 0 0 0 20 0 0 0 0 0 0 0 0 0 27 0 0 14 0 
P4958 2007 9 0 0 0 0 0 0 0 0 0 0 0 0 0 0 0 0 0 9 11 0 0 0 0 0 0 21 0 0 0 15 -999 
P4958 2007 10 0 0 0 0 0 0 0 0 0 0 0 21 0 43 0 29 0 66 15 0 0 0 50 42 0 17 0 12 0 0 0 
P4958 2007 11 0 0 0 0 0 0 0 0 0 32 56 39 15 23 14 0 5 0 0 0 0 0 0 4 1 0 23 0 0 0 -999 
P4958 2007 12 6 0 0 0 7 0 12 10 0 0 0 0 0 0 0 12 41 29 12 0 0 0 0 0 20 0 0 0 0 0 0 
P4958 2008 1 0 0 0 26 0 1 0 0 0 0 0 0 0 28 25 27 0 0 0 29 64 62 0 0 0 115 111 50 53 60 93 
P4958 2008 2 131 47 91 40 36 55 52 0 21 32 44 11 0 18 37 36 40 65 42 34 11 9 0 11 14 17 24 0 -999 -999 -999 
P4958 2008 3 0 0 0 0 5 0 0 0 0 9 0 0 0 0 0 0 0 0 0 0 0 0 0 0 18 0 3 0 0 0 3 
P4958 2008 4 0 8 15 0 11 0 0 0 0 0 0 0 0 0 55 33 0 0 0 11 12 0 0 0 0 0 0 0 0 0 -999 
P4958 2008 5 0 0 4 0 0 8 0 0 0 0 46 0 0 32 0 17 0 0 0 31 0 36 43 12 8 10 9 0 0 0 0 
P4958 2008 6 0 0 0 0 0 0 16 0 36 0 0 17 0 42 0 0 19 0 0 0 0 0 0 0 0 0 0 0 0 0 -999 
P4958 2008 7 0 0 0 0 0 0 0 0 0 0 0 0 0 0 0 0 0 0 0 0 0 0 0 0 0 0 0 0 0 0 0 
P4958 2008 8 0 0 0 0 0 0 0 0 0 0 0 0 0 0 0 0 0 0 0 0 0 0 0 0 0 0 0 0 0 7 0 
P4958 2008 9 0 0 0 0 0 0 0 16 0 22 0 25 0 31 0 0 21 0 22 0 0 0 0 0 24 0 0 0 39 0 -999 
P4958 2008 10 0 0 0 0 0 0 0 9 0 0 0 29 33 10 0 0 0 0 0 0 0 24 0 0 0 32 29 17 0 6 0 
P4958 2008 11 11 4 17 0 0 2 0 0 0 0 0 0 3 0 0 12 23 0 0 8 0 0 0 0 0 0 0 0 0 0 -999 
P4958 2008 12 0 0 0 0 1 0 0 0 0 16 0 0 6 10 0 0 5 6 0 5 0 0 0 0 30 25 22 0 0 0 0 
P4958 2009 1 0 0 0 0 0 0 0 0 0 0 0 6 5 8 0 0 0 0 2 0 0 5 0 0 0 0 0 0 0 0 0 
P4958 2009 2 0 0 0 0 0 0 0 0 0 0 0 0 4 0 0 0 0 0 0 2 0 0 0 0 0 3 0 9 -999 -999 -999 
P4958 2009 3 26 0 31 0 0 0 0 39 0 0 0 0 0 0 0 0 57 54 37 0 5 0 0 24 25 59 47 67 68 45 21 
P4958 2009 4 0 0 9 16 26 32 0 7 0 0 0 0 0 16 0 0 5 0 0 0 0 0 0 0 6 0 15 0 0 0 -999 
P4958 2009 5 0 25 0 19 23 24 0 0 24 21 0 0 4 0 0 0 0 0 0 0 0 0 0 20 0 0 0 0 0 0 0 
P4958 2009 6 0 0 0 0 0 18 0 0 17 9 0 0 0 0 0 0 0 0 0 0 0 0 0 0 0 0 0 0 0 0 -999 
P4958 2009 7 0 0 0 0 0 0 0 0 0 28 0 28 22 0 0 0 16 0 0 20 0 0 0 0 0 14 0 0 0 0 0 
P4958 2009 8 0 0 0 0 0 0 0 0 0 0 0 0 0 0 0 0 0 0 0 0 0 0 0 0 0 0 0 0 0 25 0 
P4958 2009 9 30 17 0 0 0 0 0 0 31 0 0 0 0 0 0 0 0 0 0 0 0 0 0 0 0 0 0 0 0 0 -999 
P4958 2009 10 0 0 0 0 0 0 0 0 0 0 0 17 19 17 20 0 22 16 0 11 14 0 21 41 0 0 0 0 0 0 0 
P4958 2009 11 0 0 0 0 0 0 0 11 0 0 0 0 12 11 13 0 0 0 0 0 0 24 0 0 5 3 6 12 20 26 -999 
P4958 2009 12 14 24 43 23 53 36 0 16 23 0 24 0 16 0 0 0 31 53 27 0 10 13 18 23 43 0 48 56 19 14 0 
P4958 2010 1 0 24 0 68 30 12 9 0 17 9 6 0 16 6 11 0 0 15 16 0 13 0 5 0 0 8 0 0 8 13 0 
P4958 2010 2 14 11 0 0 0 9 0 0 2 0 0 0 0 0 0 0 0 0 0 1 0 0 0 0 0 3 3 0 -999 -999 -999 
P4958 2010 3 0 0 0 0 0 0 15 19 59 52 31 14 0 7 0 0 11 25 44 0 0 0 0 0 0 0 0 0 0 0 0 
P4958 2010 4 0 0 39 0 0 23 0 39 0 0 18 17 0 16 56 25 0 0 8 27 0 0 0 0 0 0 0 0 0 0 -999 
P4958 2010 5 0 6 0 26 17 13 9 0 0 0 0 0 0 0 0 19 12 19 0 0 0 12 0 0 0 39 0 0 16 0 0 
P4958 2010 6 0 19 17 0 11 0 0 0 0 0 0 0 0 0 0 0 0 0 0 0 0 0 17 0 0 0 0 19 0 0 -999 
P4958 2010 7 0 0 0 0 0 0 0 0 0 0 0 0 0 0 0 0 0 0 0 0 0 0 0 0 0 0 0 0 0 0 0 
P4958 2010 8 0 0 0 23 0 0 0 0 0 0 0 0 0 0 0 29 0 0 0 0 0 0 0 0 0 0 0 0 0 0 0 
P4958 2010 9 0 18 0 10 0 0 14 0 23 0 0 0 0 0 11 0 0 0 0 0 0 0 0 0 0 0 0 0 0 0 -999 
P4958 2010 10 0 0 0 0 0 22 0 0 0 0 45 32 51 29 17 0 5 0 0 0 16 26 0 0 15 0 0 0 15 9 8 
P4958 2010 11 0 0 12 0 0 0 6 0 0 0 0 0 0 0 0 0 8 0 0 0 0 0 0 0 0 0 0 0 0 0 -999 
P4958 2010 12 0 0 0 0 0 0 12 0 9 0 0 0 0 20 0 0 11 7 0 0 0 0 0 0 0 0 5 10 0 0 0 
P4958 2011 1 0 0 10 17 24 6 3 0 0 0 9 0 0 0 23 0 0 0 0 0 0 16 21 10 14 9 8 0 0 0 0 
P4958 2011 2 0 0 0 0 38 39 0 0 0 0 0 17 9 0 0 8 0 0 0 0 0 43 0 0 0 9 19 38 -999 -999 -999 
P4958 2011 3 46 0 0 10 0 0 0 5 0 0 0 26 0 14 35 82 51 19 13 0 0 28 63 134 36 14 0 72 0 0 0 
P4958 2011 4 0 32 18 13 0 0 18 0 0 0 0 22 0 0 0 0 0 0 0 24 0 13 0 0 0 0 0 0 0 0 -999 
P4958 2011 5 0 11 0 0 0 5 0 0 0 31 0 0 0 0 0 0 0 0 0 0 25 11 0 0 0 0 0 0 0 0 0 
P4958 2011 6 10 11 9 0 0 0 0 0 0 0 0 23 18 0 0 0 0 0 0 0 16 0 0 12 0 0 0 0 0 0 -999 
P4958 2011 7 0 0 0 0 0 0 0 0 0 0 0 0 0 0 0 0 0 0 0 30 0 0 4 0 0 0 0 0 0 0 0 
P4958 2011 8 0 0 0 0 0 0 0 0 0 0 0 0 0 0 0 0 18 0 0 0 0 0 0 0 0 0 0 0 0 0 0 
P4958 2011 9 0 0 0 0 0 0 0 0 0 0 0 0 0 0 0 0 0 0 0 0 0 0 0 0 0 10 0 14 17 0 -999 
P4958 2011 10 0 0 0 0 0 0 0 0 11 15 0 0 31 34 0 0 15 0 0 0 21 23 16 0 0 0 0 13 0 0 0 
P4958 2011 11 5 0 6 0 39 48 26 5 0 0 0 8 0 0 0 0 44 22 13 0 14 38 27 0 0 0 9 0 0 4 -999 
P4958 2011 12 0 28 21 0 0 0 0 0 0 0 0 0 0 0 10 42 39 56 46 45 0 27 36 0 0 22 0 0 26 24 50 
P4958 2012 1 62 0 0 0 0 0 0 0 0 0 0 0 0 0 0 0 0 0 0 3 0 3 2 3 0 0 0 17 27 0 0 
P4958 2012 2 0 0 31 11 0 0 9 0 0 0 0 0 0 0 0 0 5 17 32 30 0 9 0 5 0 1 0 6 -999 -999 -999 
P4958 2012 3 18 0 0 0 0 0 6 2 0 0 0 0 0 0 0 42 0 0 26 0 0 0 0 33 18 0 0 0 26 0 0 
P4958 2012 4 0 0 0 0 0 0 16 13 3 2 3 6 11 42 44 34 24 0 5 7 0 0 12 0 30 23 42 50 0 26 -999 
P4958 2012 5 0 0 0 0 0 0 0 0 0 0 18 0 0 29 22 0 0 0 12 0 13 16 0 0 25 0 0 0 0 0 0 
P4958 2012 6 0 0 0 0 0 0 0 0 0 21 0 14 0 18 0 0 0 0 0 0 0 0 0 10 0 0 0 21 0 0 -999 
P4958 2012 7 0 0 0 0 0 0 0 0 25 0 26 31 0 0 0 0 0 0 0 0 0 0 0 0 26 0 0 0 0 0 0 
P4958 2012 8 0 0 0 0 0 0 0 0 0 0 0 0 12 0 0 0 15 14 12 0 0 0 0 0 0 0 0 14 0 0 0 
P4958 2012 9 0 0 0 0 0 0 0 0 0 0 0 0 0 0 0 0 0 0 10 12 0 16 0 0 0 0 0 0 0 10 -999 
P4958 2012 10 0 0 0 0 0 0 0 0 25 42 59 18 0 0 0 30 32 39 46 0 31 0 0 0 0 0 0 15 0 37 16 
P4958 2012 11 33 43 0 0 14 0 8 0 9 32 27 0 0 0 0 0 0 49 59 34 17 0 0 9 0 12 13 0 40 14 -999 
P4958 2012 12 11 0 0 0 0 90 70 58 15 23 21 0 33 64 50 44 36 0 10 8 0 25 0 21 12 0 0 0 13 0 0 
P4958 2013 1 0 12 17 48 19 0 0 14 7 17 0 0 0 0 0 0 0 0 0 0 0 0 1 0 0 2 6 15 19 29 0 
P4958 2013 2 0 0 0 0 0 6 0 0 13 0 0 0 0 53 22 0 0 64 74 54 45 0 50 66 21 0 5 8 -999 -999 -999 
P4958 2013 3 0 0 28 26 13 0 0 0 0 65 99 103 55 0 28 37 38 0 39 0 21 56 45 38 34 19 0 40 0 41 47 
P4958 2013 4 0 0 0 22 11 14 0 6 0 0 0 0 0 0 0 0 0 0 11 0 27 14 0 26 44 0 0 10 0 0 -999 
P4958 2013 5 0 0 0 21 0 0 0 33 21 29 27 0 0 0 0 27 22 21 15 0 7 0 0 0 0 0 0 0 0 0 0 
P4958 2013 6 0 0 0 0 0 0 23 32 47 41 0 0 0 0 0 0 13 0 14 0 0 0 0 0 0 0 0 0 26 0 -999 
P4958 2013 7 0 0 0 0 0 23 0 0 0 14 0 0 0 0 0 0 0 0 0 0 0 0 0 0 0 0 0 0 0 0 0 
P4958 2013 8 0 0 0 0 18 19 0 24 0 0 16 0 0 0 0 0 0 0 0 0 0 0 23 0 0 0 0 0 0 0 37 
P4958 2013 9 24 15 0 0 0 0 0 0 0 0 0 0 0 0 0 0 14 0 0 0 0 0 0 0 0 0 0 0 0 0 -999 
P4958 2013 10 0 0 0 0 0 0 0 0 0 26 0 0 0 9 10 0 0 0 0 7 0 0 0 1 2 0 0 0 0 0 0 
P4958 2013 11 0 5 0 0 3 0 0 0 0 5 0 5 0 4 5 12 0 133 145 46 86 115 125 50 0 101 28 14 8 0 -999 
P4958 2013 12 20 41 23 0 0 0 0 0 13 0 11 0 15 0 29 18 0 0 0 0 0 28 28 58 26 34 0 17 50 25 19 
P4958 2014 1 21 10 6 0 24 0 0 30 10 0 15 15 0 28 32 11 0 0 0 0 0 0 6 0 0 35 63 67 88 71 0 
P4958 2014 2 0 30 20 34 41 67 39 55 30 33 0 0 22 0 0 0 0 16 12 4 0 0 0 0 0 0 12 0 -999 -999 -999 
P4958 2014 3 14 0 5 0 4 0 0 0 0 0 0 0 0 0 53 57 58 65 100 43 0 19 14 0 7 0 0 0 6 0 0 
P4958 2014 4 22 0 27 26 35 0 0 6 14 23 21 25 27 0 26 25 0 19 36 0 0 0 0 27 59 0 0 0 19 34 -999 
P4958 2014 5 42 0 0 32 0 0 0 0 0 0 0 0 0 23 0 0 27 21 0 0 35 47 44 37 0 0 0 19 0 0 35 
P4958 2014 6 0 23 0 55 39 24 0 0 0 0 0 0 0 0 0 0 0 0 0 0 0 0 0 0 0 0 0 0 0 0 -999 
P4958 2014 7 0 15 0 0 31 0 0 0 0 0 0 0 0 0 0 0 0 0 0 0 0 0 0 0 0 0 0 0 0 0 0 
P4958 2014 8 0 0 0 0 0 0 0 0 0 0 0 0 0 0 0 0 0 0 0 0 0 0 0 0 0 0 0 0 0 0 0 
P4958 2014 9 0 0 0 0 0 0 0 0 0 0 0 0 0 0 29 40 48 0 0 0 11 0 0 0 0 0 0 0 0 18 -999 
P4958 2014 10 0 0 0 26 0 0 0 0 13 0 0 12 0 0 0 0 15 28 0 0 0 0 0 0 34 35 0 0 0 0 0 
P4958 2014 11 4 0 0 0 0 0 0 0 0 0 0 0 0 0 9 8 14 44 23 40 102 126 44 66 30 0 0 0 0 0 -999 
P4958 2014 12 0 0 0 0 0 0 0 0 0 0 0 5 0 0 0 0 0 0 0 0 0 0 6 9 6 2 0 4 13 16 17 
P4958 2015 1 4 0 10 45 46 18 18 0 0 0 0 0 0 0 0 0 0 0 0 6 0 0 0 4 0 0 0 54 50 33 0 
P4958 2015 2 16 0 0 0 0 0 0 0 0 0 0 0 0 0 0 0 0 0 0 0 0 0 0 0 48 55 49 22 -999 -999 -999 
P4958 2015 3 16 23 27 47 0 7 0 0 27 0 0 7 20 27 8 9 0 0 0 15 0 31 38 16 0 0 10 0 0 0 0 
P4958 2015 4 0 15 12 0 0 0 0 0 0 0 0 0 0 0 0 0 0 0 5 0 0 0 0 9 18 34 17 32 69 0 -999 
P4958 2015 5 59 37 0 8 0 0 0 0 0 0 0 0 20 0 0 0 0 0 0 0 0 0 0 0 0 0 32 51 48 0 0 
P4958 2015 6 0 0 0 0 33 32 0 0 0 0 0 0 0 0 24 0 0 0 0 0 18 0 0 0 16 0 0 0 0 0 -999 
P4958 2015 7 0 0 0 0 0 0 0 0 0 0 0 0 0 0 0 0 0 0 0 0 0 25 0 0 0 0 0 0 0 0 0 
P4958 2015 8 0 0 21 0 0 0 0 0 0 30 0 0 0 0 0 0 0 35 0 0 0 0 26 27 0 0 0 0 0 0 0 
P4958 2015 9 0 15 0 29 0 0 0 0 0 0 0 0 0 0 0 0 0 0 0 0 0 0 0 0 40 50 49 37 0 0 -999 
P4958 2015 10 28 16 0 0 16 24 20 37 0 0 7 0 0 14 0 0 0 0 12 0 0 0 0 0 10 0 0 0 0 0 7 
P4958 2015 11 0 0 0 0 0 0 0 0 0 0 0 0 25 49 24 0 0 0 0 42 34 0 18 0 0 0 0 0 0 11 -999 
P4958 2015 12 18 25 0 0 22 20 108 64 55 40 22 56 48 0 0 29 21 0 6 0 0 0 0 6 0 0 0 0 0 0 0 
P4958 2016 1 10 0 0 0 0 0 0 0 0 20 61 70 47 76 34 0 43 0 0 0 11 0 0 0 0 0 18 0 0 0 0 
P4958 2016 2 0 2 15 14 9 9 5 0 0 7 10 8 0 0 13 0 48 17 0 17 0 0 0 18 0 0 0 0 -999 -999 -999 
P4958 2016 3 13 21 0 0 18 19 0 36 106 72 104 115 65 37 0 0 26 41 0 0 30 35 29 26 35 0 65 91 53 34 46 
P4958 2016 4 7 0 0 0 0 0 0 20 24 56 71 61 0 25 68 25 35 22 55 42 0 4 0 0 22 15 0 22 0 0 -999 
P4958 2016 5 12 0 0 13 0 0 0 0 0 0 38 0 0 0 19 25 17 0 0 0 0 0 0 0 0 10 0 0 0 18 0 
P4958 2016 6 0 8 0 0 0 0 0 10 0 0 0 0 19 15 0 15 0 14 0 23 10 0 0 25 0 0 15 0 11 0 -999 
P4958 2016 7 0 27 0 0 0 0 0 0 0 14 0 0 0 0 0 0 0 0 0 0 0 0 0 0 0 25 0 23 0 0 13 
P4958 2016 8 13 0 0 0 0 0 0 0 0 0 0 0 0 0 0 0 0 0 0 0 0 0 0 0 0 0 0 0 0 0 0 
P4958 2016 9 13 0 0 20 0 0 0 0 0 0 0 0 0 0 0 0 0 20 20 19 0 0 0 0 0 0 0 0 0 0 -999 
P4958 2016 10 0 0 0 0 0 0 13 21 0 0 0 39 0 0 34 81 82 0 54 51 0 0 17 0 10 0 0 0 0 9 8 
P4958 2016 11 14 0 0 0 0 0 16 0 0 0 0 0 0 23 71 0 22 44 30 38 43 19 0 0 41 0 0 0 0 0 -999 
P4958 2016 12 6 10 0 0 4 6 0 12 0 0 28 50 49 0 9 0 6 0 50 64 53 56 0 28 21 0 0 17 0 19 26 
P4958 2017 1 18 7 10 0 0 0 0 0 0 0 0 0 39 85 35 0 0 0 0 0 0 0 0 0 0 0 0 0 0 0 0 
P4958 2017 2 0 0 0 0 0 0 0 0 0 0 0 6 0 0 0 0 0 10 0 0 0 0 0 0 0 0 0 0 -999 -999 -999 
P4958 2017 3 0 0 5 0 0 0 0 0 0 35 0 14 0 23 13 3 4 0 0 0 0 0 30 44 73 0 62 47 0 0 6 
P4958 2017 4 0 12 11 11 0 0 9 0 21 31 0 16 0 0 0 0 0 0 11 0 0 0 16 22 20 20 0 0 52 0 -999 
P4958 2017 5 0 0 0 18 0 0 0 0 0 0 0 0 0 0 0 0 0 0 16 0 0 0 0 0 8 0 11 0 0 0 0 
P4958 2017 6 0 0 0 0 0 0 17 0 0 0 0 0 12 20 0 0 0 0 0 0 0 0 0 0 0 0 0 0 29 0 -999 
P4958 2017 7 0 0 0 0 13 0 20 0 0 0 0 0 0 0 0 0 0 0 0 0 0 0 0 0 0 0 0 0 0 0 0 
P4958 2017 8 0 0 0 15 0 0 0 0 28 15 0 0 0 0 0 0 0 24 0 0 0 15 0 0 7 0 0 0 0 0 0 
P4958 2017 9 0 0 0 0 0 0 0 0 0 23 0 0 0 18 0 0 5 0 0 0 0 0 0 0 0 0 0 0 0 0 -999 
P4958 2017 10 0 0 0 0 0 12 0 0 0 0 0 0 12 0 0 0 50 72 40 20 0 20 25 0 0 4 55 96 124 49 0 
P4958 2017 11 0 0 25 25 17 11 11 33 28 0 54 71 125 60 15 13 0 0 0 0 0 0 0 0 11 13 0 21 0 0 -999 
P4958 2017 12 26 0 40 26 0 22 26 60 87 35 0 17 41 84 61 13 0 7 0 0 0 0 0 0 0 0 0 20 24 40 29 
P4958 2018 1 0 0 0 0 0 4 7 19 34 18 5 0 0 0 2 0 20 0 24 0 0 11 45 8 15 0 33 22 17 11 27 
P4958 2018 2 0 9 48 12 22 14 14 0 16 0 12 7 11 0 0 0 0 0 10 21 0 0 0 0 0 0 0 0 -999 -999 -999 
P4958 2018 3 0 0 0 0 0 0 0 0 0 22 0 48 34 30 20 0 25 0 0 0 0 0 0 0 0 0 28 20 25 26 0 
P4958 2018 4 0 0 0 0 0 0 11 0 25 0 0 0 9 6 32 12 0 0 0 0 0 17 0 33 0 60 49 25 19 23 -999 
P4958 2018 5 22 0 0 0 0 0 13 0 0 0 28 29 30 18 0 0 0 0 37 44 43 0 0 10 0 0 27 0 0 6 0 
P4958 2018 6 0 0 0 0 0 0 9 0 0 0 0 0 0 0 0 0 0 0 0 0 0 0 0 0 0 0 0 0 0 0 -999 
P4958 2018 7 0 0 19 0 0 0 0 0 0 0 0 0 0 0 15 14 0 0 16 0 0 0 21 0 0 0 0 0 0 0 0 
P4958 2018 8 0 0 0 0 0 0 0 0 0 0 12 0 0 0 0 0 0 19 0 0 0 0 0 0 0 0 0 0 10 0 0 
P4958 2018 9 0 0 0 0 0 0 0 0 0 0 0 0 0 0 0 21 0 0 0 0 0 18 0 0 12 0 0 0 0 18 -999 
P4958 2018 10 0 0 0 0 0 0 0 0 0 37 22 11 0 0 0 7 0 0 0 0 0 14 6 0 18 16 0 0 0 0 0 
P4958 2018 11 11 0 0 0 0 0 23 77 35 44 0 0 0 0 0 0 0 10 0 32 0 0 20 0 0 0 6 4 8 0 -999 
P4958 2018 12 0 0 0 20 27 42 46 0 8 0 34 92 71 0 29 0 0 0 0 0 0 0 28 0 33 30 35 57 69 60 0 
P4958 2019 1 74 68 71 91 77 73 72 6 0 0 0 0 0 15 0 0 45 37 55 63 80 0 31 15 30 46 76 0 0 20 52 
P4958 2019 2 58 62 14 0 0 20 0 0 0 63 72 0 86 77 0 0 0 127 98 16 14 13 9 6 1 0 0 0 -999 -999 -999 
P4958 2019 3 0 0 0 0 0 15 0 15 0 0 0 0 0 0 0 0 0 0 6 0 0 0 0 0 0 0 0 0 0 0 21 
P4958 2019 4 18 0 17 0 0 40 25 46 0 0 35 36 25 30 30 31 0 0 14 0 14 0 0 52 0 24 31 29 32 33 -999 
P4958 2019 5 0 0 0 0 0 0 14 0 30 0 20 40 32 23 0 0 0 0 0 0 0 0 0 0 0 0 0 0 0 0 0 
P4958 2019 6 0 0 0 0 0 0 31 26 0 0 0 23 0 0 0 22 0 0 0 0 0 0 0 0 0 0 0 0 0 0 -999 
P4958 2019 7 0 0 0 0 0 0 0 0 0 0 0 0 0 0 0 0 0 0 0 0 0 0 0 0 0 0 0 0 0 0 0 
P4958 2019 8 0 0 0 0 0 0 0 0 0 0 0 0 0 0 0 0 0 0 0 0 0 0 0 0 0 0 0 0 0 13 14 
P4958 2019 9 0 15 15 16 0 0 0 0 0 0 0 0 0 0 11 0 0 0 0 28 0 0 33 34 0 0 0 0 0 0 -999 
P4958 2019 10 0 0 0 0 0 0 0 0 0 0 0 57 40 0 0 0 0 0 0 0 0 0 0 0 0 11 0 0 0 0 16 
P4958 2019 11 10 0 0 0 13 20 16 0 18 0 0 0 0 0 0 0 0 0 24 39 143 127 0 0 64 62 0 20 45 88 -999 
P4958 2019 12 63 47 0 0 24 0 0 0 0 0 0 0 0 0 0 0 0 0 0 8 0 0 0 0 0 3 0 0 0 11 16 
P4958 2020 1 0 16 11 0 0 0 0 0 2 0 0 0 22 37 0 10 0 0 0 0 0 0 9 18 0 0 0 0 38 38 28 
P4958 2020 2 0 0 0 0 19 0 22 26 0 13 0 0 11 20 0 0 0 0 0 0 0 0 0 0 0 0 0 0 -999 -999 -999 
P4958 2020 3 0 0 0 10 0 32 0 0 0 0 0 0 17 0 0 0 0 0 0 0 0 0 0 0 31 28 19 0 21 0 22 
P4958 2020 4 24 0 0 10 6 3 0 0 3 6 0 31 0 23 58 74 69 46 32 0 48 0 0 0 0 0 0 0 0 0 -999 
P4958 2020 5 0 21 0 0 0 0 0 0 0 0 0 38 26 23 34 21 14 0 12 0 0 0 16 0 0 0 0 0 0 0 0 
P4958 2020 6 0 0 0 0 0 0 0 0 0 0 0 0 0 0 0 0 0 0 0 0 0 0 0 0 0 0 0 24 0 0 -999 
P4958 2020 7 0 16 0 0 0 0 0 0 32 0 0 0 30 0 0 0 0 0 0 0 0 0 0 0 0 0 0 0 0 0 0 
P4958 2020 8 0 0 0 0 0 0 0 0 0 0 0 0 0 0 0 0 0 0 0 0 0 0 0 0 36 0 0 0 0 0 0 
P4958 2020 9 0 0 0 0 0 13 0 0 0 0 0 0 0 0 0 0 0 0 0 0 0 0 0 0 0 0 0 0 0 0 -999 
P4958 2020 10 24 14 0 0 0 31 36 0 55 19 28 33 13 23 77 37 0 0 15 0 0 0 0 0 0 20 0 11 0 0 0 
P4958 2020 11 54 67 0 51 37 0 0 0 0 0 0 0 0 0 12 0 6 11 0 99 44 45 0 0 0 0 54 60 0 23 -999 
P4958 2020 12 48 60 43 15 0 11 0 0 23 0 0 0 0 0 0 0 0 7 26 0 25 103 70 70 59 75 82 0 33 38 62 
P4958 2021 1 48 77 0 19 0 38 40 82 48 0 5 5 0 0 0 0 0 0 16 0 0 7 0 0 0 14 26 0 38 0 31 
P4958 2021 2 37 44 53 0 0 0 0 0 0 0 0 13 10 0 0 0 0 0 0 0 0 0 0 0 7 0 0 0 -999 -999 -999 
P4958 2021 3 0 0 5 0 0 0 0 14 26 42 0 0 0 2 0 0 37 0 0 0 35 3 0 0 0 0 30 40 61 0 0 
P4958 2021 4 0 0 0 14 0 0 0 28 0 0 0 0 0 0 0 0 0 0 16 0 22 29 30 0 21 0 14 0 0 0 -999 
P4958 2021 5 54 35 20 0 13 7 0 0 0 0 0 24 0 0 0 0 0 0 40 23 0 0 11 0 0 8 0 0 16 0 0 
P4958 2021 6 0 0 35 10 0 9 0 13 0 16 14 13 0 0 0 10 0 0 22 12 17 0 0 0 0 0 0 0 0 0 -999 
P4958 2021 7 0 0 0 0 0 0 20 14 0 0 0 0 0 0 0 0 0 0 0 0 0 0 0 0 0 23 0 0 0 0 0 
P4958 2021 8 0 0 0 25 0 0 0 0 0 0 0 0 0 0 0 0 0 0 0 0 0 0 0 0 0 0 0 14 0 0 0 
P4958 2021 9 0 0 0 0 0 0 0 0 0 0 0 0 0 0 0 0 0 0 0 40 0 0 29 44 42 0 0 0 0 0 -999 
P4958 2021 10 0 0 0 0 0 0 0 0 19 0 0 0 0 3 0 0 14 0 0 0 59 91 87 56 0 25 17 0 0 0 19 
P4958 2021 11 19 0 0 65 66 25 0 0 0 0 0 0 16 17 21 0 59 32 0 6 5 0 7 0 0 43 49 50 60 29 -999 
P4958 2021 12 62 82 29 0 0 4 9 0 10 0 18 0 0 0 0 63 64 72 22 15 37 35 0 0 6 0 0 17 34 28 0 
P4958 2022 1 0 0 0 15 26 20 30 60 55 39 50 0 0 49 33 0 38 19 19 41 51 47 87 50 29 0 39 0 41 52 52 
P4958 2022 2 88 15 9 40 38 0 109 128 34 72 110 91 91 52 85 0 25 40 0 35 74 27 40 17 55 99 61 6 -999 -999 -999 
P4958 2022 3 0 15 0 0 80 65 48 70 43 58 0 43 42 0 0 0 0 0 0 0 0 0 0 0 0 0 12 0 0 12 0 
P4958 2022 4 7 0 8 0 0 0 0 26 0 0 12 10 0 0 36 0 0 0 23 0 0 0 0 0 0 0 0 0 0 0 -999 
P4958 2022 5 0 0 0 0 0 0 0 0 0 39 45 43 62 43 0 0 18 22 23 18 0 0 0 18 33 33 17 8 0 0 0 
P4958 2022 6 0 0 0 0 9 18 0 0 0 0 0 0 0 0 0 12 0 0 0 0 0 0 0 0 15 0 0 0 0 0 -999 
P4958 2022 7 0 0 0 0 0 0 0 0 0 0 0 0 0 0 0 0 0 0 0 0 0 0 0 0 0 0 0 0 0 0 0 
P4958 2022 8 0 15 23 0 0 0 0 0 0 0 0 0 0 0 0 0 0 0 0 0 0 0 23 12 0 0 0 0 17 0 0 
P4958 2022 9 0 24 0 0 0 0 0 0 0 0 0 0 0 35 0 15 0 0 0 0 0 0 0 0 0 0 0 0 0 0 -999 
P4958 2022 10 24 0 0 0 0 0 0 31 41 31 43 19 23 46 55 36 19 0 0 0 0 0 0 0 0 6 9 0 45 54 25 
P4958 2022 11 27 0 13 0 0 0 0 0 0 0 12 11 0 0 0 0 0 0 3 0 0 0 0 0 4 0 0 28 25 14 -999 
P4958 2022 12 24 60 82 126 50 70 17 0 79 0 0 14 17 0 0 0 0 6 5 13 55 0 75 39 0 0 0 17 0 6 4 
P4958 2023 1 0 5 0 0 6 0 0 0 0 0 3 7 10 10 10 0 0 0 0 0 0 10 2 0 0 0 0 0 0 0 2 
P4958 2023 2 0 15 0 0 3 0 0 0 12 11 0 0 0 0 0 0 0 25 0 7 0 0 0 15 0 12 24 0 -999 -999 -999 
P4958 2023 3 0 0 0 5 6 0 0 0 0 0 0 0 0 0 0 0 0 0 0 0 8 0 0 0 0 0 0 0 0 47 36 
P4958 2023 4 12 0 22 43 39 0 18 13 0 0 3 23 0 73 41 9 33 7 0 0 0 0 0 0 66 38 38 0 8 0 -999 
P4958 2023 5 0 0 0 0 0 0 0 0 0 0 0 29 0 12 0 0 31 0 41 0 0 0 12 0 0 0 0 0 0 0 0 
P4958 2023 6 0 0 0 17 25 0 24 0 0 0 0 0 0 0 0 0 0 0 0 0 0 0 0 0 0 0 0 0 0 0 -999 
P4958 2023 7 9 0 0 0 0 0 0 0 0 0 0 0 0 0 0 0 0 0 0 0 15 0 0 0 0 0 0 0 0 0 0 
P4958 2023 8 0 0 0 0 0 0 0 0 0 0 17 0 0 0 0 0 0 0 0 0 0 0 0 0 0 0 0 0 0 0 0 
P4958 2023 9 0 0 0 0 0 0 23 0 0 0 0 16 0 0 0 0 0 15 0 0 0 0 0 0 0 0 0 0 0 0 -999 
P4958 2023 10 0 7 0 0 0 0 15 18 0 0 0 11 0 38 57 20 14 0 0 0 0 0 0 0 20 29 0 0 0 0 63 
P4958 2023 11 38 0 0 0 0 0 13 21 20 0 22 0 0 0 0 0 0 0 0 0 1 2 0 0 0 7 0 0 4 0 -999 
P4958 2023 12 0 0 0 0 2 0 0 0 0 0 5 0 0 0 0 0 7 14 0 0 0 0 0 12 0 0 0 0 0 0 1 
P4958 2024 1 3 5 29 24 13 55 38 56 49 23 14 15 27 68 41 34 43 67 0 0 0 0 0 0 9 0 0 0 8 0 39 
P4958 2024 2 74 0 100 24 15 0 0 18 0 3 0 0 0 0 0 6 0 0 2 0 16 29 0 97 68 50 17 0 -999 -999 -999 
P4958 2024 3 0 58 46 60 54 46 0 37 0 0 0 0 0 0 0 0 0 0 0 0 0 0 0 32 71 72 0 22 35 42 21 
P4958 2024 4 47 0 47 23 10 8 0 0 0 0 0 6 0 0 0 0 0 0 0 0 23 30 0 20 8 0 0 0 0 0 -999 
P4958 2024 5 0 0 0 0 0 0 0 0 0 0 0 0 0 0 0 24 0 0 0 0 0 0 0 0 0 0 0 0 0 0 0 
P4958 2024 6 0 0 0 0 0 0 16 0 0 0 0 0 12 0 0 12 0 0 0 0 0 17 0 17 0 0 0 0 0 0 -999 
P4958 2024 7 0 0 0 26 0 0 0 0 0 0 0 0 0 0 0 0 0 0 0 0 0 0 0 0 0 0 0 0 0 0 0 
P4958 2024 8 0 0 0 0 0 0 0 0 0 0 0 0 0 0 0 0 0 0 0 0 0 0 0 0 0 0 0 0 0 0 39 
P4958 2024 9 0 0 0 9 0 0 0 0 0 0 0 0 17 14 0 0 0 0 0 19 18 0 0 0 0 0 0 0 0 0 -999 
P4958 2024 10 0 0 11 0 0 11 0 0 0 28 0 18 0 27 85 70 28 20 0 0 25 26 0 0 0 0 0 0 0 0 7 
P4958 2024 11 0 18 12 15 0 16 21 0 12 0 0 38 0 0 0 0 0 0 0 0 0 0 0 9 0 0 0 0 7 0 -999 
P4958 2024 12 0 14 11 28 18 0 0 0 0 0 0 0 0 5 5 0 0 7 0 0 0 0 8 0 0 25 0 0 2 0 7 
P4958 2025 1 0 7 12 9 0 0 6 2 0 13 10 0 12 0 0 0 0 9 12 0 30 27 25 0 30 0 0 0 0 22 25 
P4958 2025 2 0 0 0 11 0 0 0 0 37 0 23 0 10 20 22 21 38 0 0 47 26 0 0 0 0 0 0 7 -999 -999 -999 
P4958 2025 3 9 0 0 0 42 63 134 0 7 0 0 0 0 0 0 0 0 33 39 35 72 70 56 148 48 24 43 6 0 0 0 
P4958 2025 4 0 0 0 0 0 0 0 0 0 0 0 0 0 0 0 13 0 0 0 15 0 7 0 0 0 0 0 0 0 41 -999 
P4958 2025 5 25 0 48 0 42 0 33 0 0 0 0 17 12 0 0 0 0 0 0 9 0 0 0 0 0 0 23 0 0 0 0 
P4958 2025 6 0 0 9 0 32 0 0 17 0 0 0 0 0 0 0 0 0 0 0 0 0 0 0 0 0 0 0 0 15 0 -999 
P4958 2025 7 0 22 0 0 0 0 0 0 0 0 0 0 0 0 0 0 0 0 0 0 0 0 0 0 0 0 0 0 0 0 0 
P4958 2025 8 8 17 0 0 0 0 0 0 0 0 0 0 0 0 0 0 0 0 0 0 11 0 0 0 0 0 0 0 0 0 31 
P4958 2025 9 0 0 0 0 0 0 0 0 0 0 11 0 0 0 0 0 0 0 0 0 0 0 0 0 0 0 0 0 0 0 -999 
P4958 2025 10 14 0 15 0 15 0 0 0 0 0 0 0 0 0 0 0 0 10 0 6 0 0 11 20 28 0 0 63 25 0 0 
P4958 2025 11 15 0 0 0 3 0 0 0 0 0 0 0 0 0 0 28 0 0 0 16 0 0 39 45 25 3 0 0 5 0 -999 
P4958 2025 12 0 36 42 15 12 0 51 47 0 0 0 0 0 0 0 0 0 0 0 0 0 10 11 24 46 35 23 0 0 35 30 
P4958 2026 1 0 19 0 0 7 16 0 0 0 0 0 96 94 13 0 96 107 65 0 0 0 0 0 0 19 29 34 0 0 0 0 
P4958 2026 2 0 0 24 13 0 0 4 0 5 0 11 0 0 0 5 0 13 24 53 58 31 36 25 0 7 12 0 0 -999 -999 -999 
P4958 2026 3 0 0 0 0 0 0 0 0 0 0 0 0 0 0 0 5 0 5 9 14 0 81 0 0 7 5 0 0 0 0 0 
P4958 2026 4 0 0 8 0 0 0 48 42 47 65 65 37 34 26 17 0 0 9 12 0 0 0 0 0 0 27 40 46 0 42 -999 
P4958 2026 5 26 0 0 4 0 0 0 0 0 0 0 0 0 0 0 0 0 0 0 20 0 0 0 0 0 31 24 20 0 0 0 
P4958 2026 6 0 10 0 0 0 0 0 0 0 0 0 0 0 14 0 0 0 0 0 0 0 0 14 0 0 0 0 0 0 0 -999 
P4958 2026 7 0 0 0 0 0 0 0 0 0 0 0 0 0 0 15 0 0 0 0 0 0 0 0 0 0 0 0 0 0 0 0 
P4958 2026 8 0 0 0 0 0 0 0 0 0 0 0 0 0 0 11 0 0 0 0 0 0 0 0 32 0 0 0 0 0 0 0 
P4958 2026 9 19 0 0 0 0 0 0 0 0 0 0 21 0 0 0 0 0 0 19 21 0 0 0 0 0 0 0 0 20 0 -999 
P4958 2026 10 13 0 0 0 0 26 0 0 0 0 32 0 0 0 52 51 0 0 5 0 0 0 0 18 29 18 6 0 34 43 70 
P4958 2026 11 0 0 0 10 0 0 0 0 0 64 51 20 12 18 0 0 0 0 17 20 0 0 0 0 0 0 9 22 0 5 -999 
P4958 2026 12 0 0 0 0 0 25 14 18 47 40 0 13 15 0 41 45 62 64 0 28 0 20 29 23 0 0 19 18 0 0 0 
P4958 2027 1 0 41 76 64 67 59 76 57 34 26 16 0 0 0 4 0 0 0 22 45 15 0 0 0 0 0 0 16 12 5 0 
P4958 2027 2 10 0 0 0 0 0 0 0 9 10 13 0 42 87 56 144 0 83 37 0 0 0 0 31 40 34 22 0 -999 -999 -999 
P4958 2027 3 53 0 25 37 53 0 0 33 0 0 0 0 0 0 22 32 27 23 0 0 16 0 0 23 17 34 38 42 9 0 0 
P4958 2027 4 28 0 43 56 21 17 0 12 25 22 0 0 0 0 43 74 71 74 36 40 0 25 28 25 26 14 8 0 0 0 -999 
P4958 2027 5 0 0 28 44 35 0 0 0 0 0 0 0 0 0 0 0 23 0 20 0 23 0 0 0 42 39 22 0 0 0 26 
P4958 2027 6 18 0 19 0 0 0 0 0 0 0 0 0 0 0 0 0 0 0 0 0 0 0 0 0 0 0 0 0 0 0 -999 
P4958 2027 7 0 0 0 0 0 0 0 0 15 0 0 0 0 0 0 0 0 0 0 0 0 0 0 0 0 0 0 0 0 0 0 
P4958 2027 8 0 0 0 0 0 0 0 0 0 0 0 0 15 0 0 0 0 0 0 0 0 0 0 29 0 0 0 0 0 0 0 
P4958 2027 9 0 0 0 0 0 0 0 14 0 0 0 22 34 0 0 13 0 0 8 0 0 0 0 0 0 0 0 0 0 0 -999 
P4958 2027 10 0 0 0 0 0 0 0 0 0 0 0 0 0 0 0 0 0 0 0 0 26 0 0 0 0 0 0 13 0 0 0 
P4958 2027 11 16 52 107 62 12 26 0 0 0 0 0 0 46 59 40 11 0 0 0 0 0 0 73 60 48 30 54 45 87 68 -999 
P4958 2027 12 0 0 0 4 13 85 94 64 31 44 0 0 0 30 41 24 0 24 0 0 27 6 0 18 0 0 4 0 0 0 0 
P4958 2028 1 24 35 0 8 7 12 23 0 83 64 19 0 79 115 74 10 0 0 0 0 0 0 0 0 0 0 0 0 0 0 0 
P4958 2028 2 0 0 0 0 7 0 0 0 0 0 0 0 0 0 0 0 0 9 0 0 0 16 0 12 16 40 49 0 -999 -999 -999 
P4958 2028 3 0 42 0 14 11 0 0 0 0 0 0 0 0 0 0 17 17 12 5 0 0 0 0 0 7 0 0 0 0 0 0 
P4958 2028 4 0 0 0 0 19 0 0 37 25 25 20 0 0 0 0 0 0 0 0 0 0 22 0 0 0 0 0 21 0 0 -999 
P4958 2028 5 17 25 0 0 0 14 0 0 0 0 0 0 0 0 0 0 0 0 0 0 0 0 0 0 16 0 0 0 11 0 0 
P4958 2028 6 0 0 0 0 0 0 0 0 0 0 0 0 17 0 0 0 0 0 14 0 0 24 0 0 0 0 0 0 0 0 -999 
P4958 2028 7 0 0 0 0 0 22 0 27 0 10 0 0 0 0 0 0 0 9 0 0 0 0 0 0 0 0 0 0 0 0 0 
P4958 2028 8 0 0 0 0 0 0 0 0 0 0 0 0 0 0 0 0 0 0 0 0 0 0 19 0 0 0 0 0 0 0 0 
P4958 2028 9 25 0 0 31 29 27 17 0 0 0 18 0 0 22 25 0 0 0 9 0 10 0 0 0 0 9 0 0 0 0 -999 
P4958 2028 10 0 0 0 0 0 0 13 10 9 0 20 0 0 13 0 0 0 0 0 33 19 0 2 3 12 0 0 0 0 0 64 
P4958 2028 11 47 0 0 24 28 0 45 0 26 33 16 0 0 0 0 30 10 0 8 0 0 0 0 0 0 0 0 0 0 0 -999 
P4958 2028 12 12 0 22 0 38 32 0 0 3 0 1 0 0 4 0 0 0 2 0 30 37 16 49 33 13 13 9 12 15 14 4 
P4958 2029 1 6 29 39 0 20 67 103 30 10 10 0 0 25 29 0 44 15 0 22 28 0 0 10 0 0 73 69 25 5 0 0 
P4958 2029 2 0 0 0 6 0 0 0 0 8 0 8 0 0 0 2 0 0 0 0 0 20 0 22 16 0 0 53 0 -999 -999 -999 
P4958 2029 3 0 0 0 14 0 0 0 0 0 0 0 0 0 21 0 26 29 0 0 24 15 16 29 24 0 2 0 0 0 0 0 
P4958 2029 4 0 0 0 0 0 14 14 0 0 0 20 0 25 0 0 5 0 0 8 0 0 0 0 0 0 0 0 0 0 0 -999 
P4958 2029 5 0 0 58 0 17 0 0 0 0 0 0 0 0 0 0 20 0 12 0 0 25 27 0 0 0 0 0 0 0 0 0 
P4958 2029 6 0 0 26 0 0 0 0 0 0 0 0 0 0 0 0 0 0 0 0 0 0 0 0 23 0 0 0 0 10 0 -999 
P4958 2029 7 0 0 0 16 15 0 0 0 0 0 0 0 0 0 0 0 0 0 0 0 0 0 0 0 0 0 0 0 0 0 0 
P4958 2029 8 0 0 0 0 0 0 0 0 0 0 0 0 0 0 0 27 21 0 0 0 0 0 0 0 0 0 0 0 0 0 0 
P4958 2029 9 0 35 24 9 0 0 0 0 0 0 0 0 0 0 13 0 30 0 0 14 16 0 0 0 20 32 0 0 44 41 -999 
P4958 2029 10 44 17 0 0 0 0 0 0 0 0 8 0 0 0 0 19 0 0 0 0 0 0 16 0 0 0 10 0 19 0 26 
P4958 2029 11 0 0 46 71 35 60 26 0 102 36 25 0 0 0 12 0 8 0 0 0 0 12 0 0 0 0 0 0 79 0 -999 
P4958 2029 12 0 19 0 0 0 0 0 0 0 0 0 0 0 0 4 0 9 10 0 0 0 11 0 0 0 0 0 4 10 22 96 
P4958 2030 1 60 30 17 0 0 28 50 17 27 0 0 13 0 0 0 0 0 0 2 0 0 0 4 4 0 0 10 21 75 91 71 
P4958 2030 2 106 85 51 13 0 0 0 55 56 0 69 0 0 0 0 42 0 25 0 0 0 0 14 0 47 51 0 0 -999 -999 -999 
P4958 2030 3 0 0 0 0 0 37 74 0 0 38 0 0 0 0 17 0 0 0 0 0 0 33 12 5 0 0 6 0 0 0 0 
P4958 2030 4 7 0 16 0 0 0 0 0 0 0 21 0 14 58 52 54 86 128 30 23 34 53 24 18 23 33 0 14 4 0 -999 
P4958 2030 5 3 3 0 0 0 0 0 0 0 0 0 0 54 0 37 0 20 0 18 0 0 0 0 0 5 0 0 0 0 0 31 
P4958 2030 6 28 0 0 0 0 26 27 0 0 0 28 0 0 0 0 0 0 0 0 0 0 0 0 0 0 0 0 0 0 0 -999 
P4958 2030 7 0 0 0 0 19 0 0 0 0 0 0 0 0 0 0 20 0 0 0 0 0 0 0 0 0 0 0 18 22 0 0 
P4958 2030 8 0 0 0 0 0 0 0 0 0 0 0 0 0 0 0 0 0 0 0 0 0 0 0 0 0 17 0 0 0 0 12 
P4958 2030 9 0 0 0 0 0 0 0 0 0 0 0 0 0 0 0 0 30 18 11 0 0 20 0 14 0 0 0 0 0 0 -999 
P4958 2030 10 0 0 0 0 0 0 0 0 0 37 0 43 0 0 0 0 0 0 0 0 0 0 0 0 0 10 0 0 0 0 28 
P4958 2030 11 29 25 52 54 109 66 30 14 0 32 0 0 0 0 0 0 38 37 20 0 0 0 0 0 0 9 29 0 24 78 -999 
P4958 2030 12 82 31 0 34 61 71 37 34 40 0 48 54 24 0 0 22 0 0 0 0 0 10 24 0 15 0 0 0 0 0 0 
P4958 2031 1 0 0 0 1 0 14 0 0 0 0 0 0 34 63 36 0 0 11 17 0 12 24 25 28 26 29 22 18 0 0 0 
P4958 2031 2 33 17 0 0 15 35 15 0 25 44 28 19 0 0 1 2 0 41 0 15 0 38 0 0 0 5 0 0 -999 -999 -999 
P4958 2031 3 17 26 0 23 0 0 0 0 0 23 31 0 0 52 0 0 0 39 36 22 0 60 57 0 25 44 55 35 30 0 34 
P4958 2031 4 28 0 0 36 66 64 0 0 0 0 0 0 0 0 0 0 0 0 0 0 23 0 0 0 0 26 28 0 21 17 -999 
P4958 2031 5 0 0 0 0 13 0 24 26 0 16 12 11 0 33 19 14 14 0 0 0 0 0 0 0 0 10 0 0 0 9 0 
P4958 2031 6 0 0 0 0 0 24 0 0 0 0 0 0 0 0 0 0 0 0 0 0 27 0 0 13 0 0 0 0 0 0 -999 
P4958 2031 7 0 0 0 0 0 0 12 0 0 0 0 0 0 0 0 0 0 0 0 0 0 0 0 0 0 0 0 16 0 0 0 
P4958 2031 8 0 0 0 0 0 0 0 0 0 0 22 0 15 0 0 0 0 0 0 0 16 0 0 0 0 0 0 0 0 0 0 
P4958 2031 9 0 0 9 0 0 0 0 0 0 0 0 39 13 5 0 0 0 0 0 0 0 0 0 16 0 0 0 33 0 0 -999 
P4958 2031 10 0 0 0 0 10 0 0 0 0 0 0 0 27 0 46 36 19 10 6 0 0 24 0 44 33 14 32 58 26 21 66 
P4958 2031 11 0 0 26 21 0 0 0 0 0 0 0 13 47 30 40 61 16 6 0 8 0 0 0 0 0 12 29 37 0 22 -999 
P4958 2031 12 0 62 74 34 33 0 0 0 2 0 0 0 0 0 6 0 0 0 0 0 0 0 0 0 0 11 0 0 9 0 0 
P4958 2032 1 62 89 20 0 0 81 25 53 59 0 4 3 0 0 0 0 19 64 45 0 0 0 0 0 0 0 0 11 22 0 0 
P4958 2032 2 77 70 17 22 45 21 0 26 3 0 0 0 0 5 0 0 0 0 0 0 0 0 0 0 0 0 0 0 -999 -999 -999 
P4958 2032 3 0 0 1 0 0 22 25 0 0 0 0 1 0 1 0 0 0 0 0 0 18 0 0 19 29 0 0 0 0 20 0 
P4958 2032 4 6 12 52 77 52 31 36 0 0 15 0 0 0 0 0 0 0 0 23 19 70 91 96 31 25 5 7 22 43 0 -999 
P4958 2032 5 23 0 0 32 0 32 37 35 27 21 19 17 10 0 15 15 0 0 0 16 19 0 4 0 0 0 0 0 0 0 0 
P4958 2032 6 0 26 0 0 0 17 14 9 0 0 0 21 0 0 0 0 0 0 0 0 0 0 0 0 0 33 39 0 0 0 -999 
P4958 2032 7 16 0 22 0 15 0 0 0 0 0 0 16 0 0 14 0 0 0 0 0 0 0 16 0 0 0 0 17 0 0 0 
P4958 2032 8 0 0 0 0 0 0 0 0 0 0 0 0 0 0 0 0 0 0 0 0 0 0 0 0 0 0 0 0 0 0 0 
P4958 2032 9 0 0 0 0 0 0 24 0 0 0 0 0 0 0 0 0 0 0 0 17 0 0 0 0 0 0 13 0 0 0 -999 
P4958 2032 10 0 0 0 0 0 0 0 0 0 0 0 20 0 0 34 0 0 28 61 59 58 56 0 0 10 11 8 0 0 0 0 
P4958 2032 11 0 0 0 52 69 46 45 35 16 0 0 30 53 7 0 29 20 39 0 61 37 21 39 57 17 42 0 45 22 12 -999 
P4958 2032 12 1 2 0 0 0 25 16 38 49 73 62 23 12 0 0 0 0 0 0 0 0 0 0 0 0 0 0 6 0 0 78 
P4958 2033 1 31 25 0 0 0 21 0 5 0 0 0 0 0 0 0 5 0 0 0 0 0 0 0 0 2 5 0 0 0 0 0 
P4958 2033 2 1 0 0 0 0 6 0 0 0 9 5 0 0 0 47 98 116 64 60 92 103 85 0 42 59 26 23 16 -999 -999 -999 
P4958 2033 3 0 0 0 7 8 0 0 0 16 0 15 16 0 0 0 8 0 25 43 62 42 34 55 56 55 0 0 0 24 0 33 
P4958 2033 4 107 15 9 0 25 24 0 0 0 0 10 0 10 0 0 0 0 35 54 41 24 16 15 26 42 0 0 0 0 2 -999 
P4958 2033 5 0 2 0 0 0 0 0 0 0 0 0 0 12 0 0 0 20 0 0 20 20 0 0 0 0 0 0 0 0 0 0 
P4958 2033 6 0 20 20 21 9 0 0 24 0 0 0 0 0 0 0 0 0 0 0 0 13 0 0 0 0 0 0 0 0 0 -999 
P4958 2033 7 0 0 0 0 0 0 0 0 0 0 0 0 0 0 0 0 0 0 0 0 0 0 0 0 0 0 0 0 0 0 0 
P4958 2033 8 0 0 0 0 0 0 0 0 0 0 0 0 0 0 0 0 0 14 0 0 0 14 0 0 0 22 0 0 0 16 0 
P4958 2033 9 0 0 0 0 0 0 0 20 0 0 8 8 0 0 0 10 0 0 0 0 0 0 0 0 0 0 16 20 0 0 -999 
P4958 2033 10 0 24 0 28 7 0 0 0 0 0 0 0 0 0 29 46 62 44 76 0 0 0 0 0 32 0 0 0 17 41 50 
P4958 2033 11 42 24 75 83 26 81 78 51 12 0 0 0 0 23 75 0 0 12 8 0 0 0 0 0 0 0 0 0 0 0 -999 
P4958 2033 12 0 35 64 0 18 38 44 30 0 0 13 0 6 0 0 0 0 0 0 0 0 0 0 0 7 0 0 0 0 11 10 
P4958 2034 1 0 0 0 0 0 5 1 0 0 0 0 0 0 6 0 2 0 0 8 0 16 19 29 76 63 84 53 0 0 0 0 
P4958 2034 2 0 0 0 0 0 0 26 45 46 0 33 11 0 11 0 3 0 0 120 42 0 33 0 20 0 0 13 0 -999 -999 -999 
P4958 2034 3 0 0 0 0 0 0 0 0 20 23 32 0 0 0 0 0 4 0 0 0 0 0 0 0 0 0 0 18 0 33 0 
P4958 2034 4 0 32 0 0 87 0 7 20 35 0 37 0 0 43 0 27 30 20 0 0 0 67 54 23 0 0 0 0 0 0 -999 
P4958 2034 5 0 3 0 0 8 0 2 0 4 0 0 0 0 0 0 7 7 0 0 0 0 0 18 21 0 0 21 37 27 17 18 
P4958 2034 6 25 32 0 0 0 0 18 0 12 0 0 10 0 0 0 9 0 0 0 0 0 0 0 0 0 0 0 0 12 0 -999 
P4958 2034 7 0 0 0 0 0 0 0 0 0 0 0 0 0 0 0 0 0 0 0 0 0 0 22 0 0 0 0 0 0 0 0 
P4958 2034 8 0 0 0 0 0 0 0 0 0 0 0 0 0 0 0 0 0 0 0 11 0 0 0 0 0 0 0 0 0 0 9 
P4958 2034 9 0 0 9 0 0 0 0 0 0 0 21 0 0 0 0 0 0 0 0 0 0 0 0 0 0 0 0 0 14 0 -999 
P4958 2034 10 0 0 0 0 0 0 0 0 0 2 0 0 0 0 0 21 7 5 0 0 0 0 19 0 0 0 0 0 7 11 0 
P4958 2034 11 0 0 20 0 41 12 0 0 0 0 0 0 0 0 0 0 10 0 0 0 0 0 9 0 15 14 0 0 0 0 -999 
P4958 2034 12 12 20 16 0 0 0 0 0 0 0 9 1 0 0 0 0 0 0 0 0 0 22 40 84 100 92 59 0 33 54 32 
P4958 2035 1 0 44 45 44 43 60 34 0 29 0 0 0 0 0 0 0 0 0 5 0 3 3 0 0 6 15 16 0 21 0 0 
P4958 2035 2 0 0 0 25 17 0 0 0 0 0 0 0 0 0 0 0 0 16 23 30 17 0 50 45 29 0 61 22 -999 -999 -999 
P4958 2035 3 29 34 0 0 0 0 0 0 0 0 0 0 15 0 0 0 0 0 8 0 0 0 0 0 0 21 0 72 57 27 43 
P4958 2035 4 0 45 30 34 39 47 32 0 28 0 0 26 0 0 0 0 19 0 34 47 40 35 0 0 0 0 0 29 35 33 -999 
P4958 2035 5 25 18 0 0 0 0 35 22 0 0 12 9 0 0 0 0 0 0 0 0 0 0 0 0 0 0 0 0 0 0 0 
P4958 2035 6 0 0 0 0 0 8 0 0 0 0 34 0 39 0 0 0 0 0 0 0 0 0 0 0 0 0 0 0 0 0 -999 
P4958 2035 7 0 0 0 0 0 0 0 0 21 0 12 0 0 0 0 0 0 0 0 0 0 0 0 0 0 0 0 0 0 0 0 
P4958 2035 8 0 0 0 0 0 0 0 0 0 0 0 0 0 0 0 0 0 0 0 0 20 0 0 0 0 0 0 0 31 32 0 
P4958 2035 9 0 0 0 0 0 0 0 0 0 0 0 0 0 0 0 0 0 0 16 0 0 0 0 11 0 0 14 0 21 0 -999 
P4958 2035 10 19 0 0 5 0 0 0 0 0 57 0 45 24 34 64 0 11 0 0 56 73 0 0 0 0 0 11 0 0 10 0 
P4958 2035 11 9 30 0 0 0 0 0 0 0 0 4 0 0 0 0 0 10 0 0 0 0 0 0 0 0 0 0 2 2 0 -999 
P4958 2035 12 0 0 1 0 0 0 0 16 0 0 0 11 13 25 0 32 0 56 19 0 0 0 23 33 22 20 20 0 14 40 86 
P4958 2036 1 101 33 14 0 65 0 34 45 39 0 0 31 40 0 22 23 0 25 39 41 23 17 0 19 22 0 0 12 0 5 0 
P4958 2036 2 0 28 50 0 7 3 0 7 0 0 0 10 0 15 0 0 0 0 0 24 0 10 0 0 0 0 0 0 -999 -999 -999 
P4958 2036 3 50 33 14 0 15 0 0 0 0 12 6 12 0 25 27 19 16 23 0 18 18 24 0 0 78 70 53 36 26 19 25 
P4958 2036 4 91 0 11 27 7 0 0 14 0 0 0 37 17 0 0 0 0 0 0 35 0 0 0 0 38 0 0 0 0 0 -999 
P4958 2036 5 0 0 14 22 0 0 0 16 0 0 0 0 0 11 0 0 37 33 43 28 61 54 22 0 0 0 13 0 0 0 0 
P4958 2036 6 0 0 0 0 0 0 0 0 0 0 18 19 27 0 0 0 0 12 0 0 0 0 0 0 0 0 0 0 0 0 -999 
P4958 2036 7 0 0 30 0 0 0 0 0 0 0 0 0 0 0 0 0 0 0 0 0 0 0 0 0 0 0 0 0 0 0 0 
P4958 2036 8 0 0 0 0 0 0 0 0 0 0 0 0 0 0 0 0 0 0 0 0 0 0 0 0 0 0 0 0 0 0 0 
P4958 2036 9 0 0 0 14 0 16 0 20 0 0 0 0 0 0 0 0 0 0 0 0 0 0 0 0 0 0 0 0 0 0 -999 
P4958 2036 10 0 21 0 12 0 0 0 0 32 53 12 0 34 59 31 15 0 17 0 0 0 0 0 13 17 11 0 0 0 0 0 
P4958 2036 11 4 0 5 0 0 0 65 28 0 17 0 0 0 0 0 0 0 0 0 0 0 0 0 0 18 0 0 0 0 0 -999 
P4958 2036 12 0 0 0 0 0 3 0 0 0 6 0 28 25 17 0 0 0 0 0 0 0 0 0 0 0 18 40 39 45 116 75 
P4958 2037 1 45 43 36 19 0 37 0 0 0 0 0 16 29 43 39 80 60 43 36 17 5 6 0 2 1 0 0 0 0 0 0 
P4958 2037 2 0 0 6 0 0 0 17 0 0 0 0 0 17 0 0 0 0 29 33 32 19 11 14 13 0 0 0 0 -999 -999 -999 
P4958 2037 3 13 16 0 45 41 31 0 63 46 0 0 0 6 0 0 0 10 0 17 18 0 69 56 57 45 87 55 32 28 10 16 
P4958 2037 4 0 0 0 0 0 0 0 0 0 0 0 0 57 46 14 0 0 12 0 5 0 16 36 40 33 29 24 23 0 9 -999 
P4958 2037 5 9 0 0 0 0 69 46 0 0 0 5 0 0 0 0 10 0 0 0 0 0 0 0 0 0 0 0 0 0 22 0 
P4958 2037 6 0 0 0 0 7 0 16 0 0 0 0 0 0 11 19 25 0 0 0 0 0 10 0 0 29 0 0 0 0 0 -999 
P4958 2037 7 0 0 0 0 0 0 0 0 0 27 0 0 0 0 0 0 0 0 0 0 0 0 0 0 0 0 0 19 12 0 0 
P4958 2037 8 0 0 0 0 0 0 0 0 0 0 0 0 0 0 0 0 0 0 0 23 0 0 0 0 0 0 0 0 0 0 0 
P4958 2037 9 0 9 0 0 19 0 0 0 0 0 22 0 0 0 0 0 0 0 0 0 0 0 0 0 0 0 0 0 0 0 -999 
P4958 2037 10 0 0 0 10 0 28 0 0 0 0 0 0 0 0 0 0 0 0 0 0 0 0 0 0 0 3 0 3 3 0 0 
P4958 2037 11 37 32 14 0 0 0 0 0 0 0 0 0 0 28 11 43 26 7 0 0 2 5 11 0 0 0 26 0 28 27 -999 
P4958 2037 12 0 0 72 68 86 76 56 19 19 0 41 47 0 17 0 0 0 0 0 28 0 0 0 16 15 0 0 0 0 0 0 
P4958 2038 1 0 1 0 0 0 0 0 0 25 0 0 98 47 19 23 35 0 29 12 29 24 11 3 0 0 11 12 11 12 0 31 
P4958 2038 2 13 0 0 22 27 0 0 0 0 0 0 0 0 0 6 0 0 0 0 0 15 0 0 0 37 0 0 6 -999 -999 -999 
P4958 2038 3 0 5 0 36 20 23 0 22 0 0 0 0 21 0 0 52 0 0 0 33 0 48 49 33 0 0 44 19 0 0 0 
P4958 2038 4 0 56 35 30 0 0 21 35 19 10 0 13 0 0 12 0 15 0 0 0 0 45 10 0 0 0 0 0 0 30 -999 
P4958 2038 5 0 0 0 0 0 0 0 0 0 0 0 0 0 23 20 18 19 0 0 0 0 0 0 0 0 0 0 0 0 0 0 
P4958 2038 6 0 0 0 0 0 0 20 0 15 0 19 0 0 0 0 0 0 0 0 0 0 0 0 15 0 0 0 0 0 0 -999 
P4958 2038 7 0 0 0 0 0 0 0 0 0 0 0 11 0 0 0 0 0 0 31 0 0 0 0 0 0 0 0 0 0 0 0 
P4958 2038 8 0 0 0 0 0 0 0 0 0 0 0 0 0 0 0 0 0 0 0 0 0 0 0 0 0 0 0 23 0 0 0 
P4958 2038 9 0 32 0 0 0 0 0 0 0 14 0 0 0 0 0 18 0 0 0 0 0 0 0 41 0 0 30 0 0 0 -999 
P4958 2038 10 0 0 0 0 0 0 0 0 0 0 0 0 16 11 0 0 0 0 0 0 0 58 65 0 0 0 41 31 0 0 0 
P4958 2038 11 36 11 0 29 73 56 36 0 0 0 41 75 0 16 29 32 17 31 42 14 0 0 0 0 0 17 0 62 56 19 -999 
P4958 2038 12 13 9 0 0 13 18 0 32 28 0 0 0 0 0 0 0 0 1 0 0 7 0 0 0 35 0 24 44 29 16 0 
P4958 2039 1 14 0 50 0 83 19 14 0 0 0 0 0 64 27 38 67 77 43 93 78 0 21 20 41 79 102 0 31 0 8 17 
P4958 2039 2 0 0 0 0 0 0 0 0 0 0 0 0 3 9 13 6 9 4 0 10 35 48 53 30 16 55 40 23 -999 -999 -999 
P4958 2039 3 15 0 0 0 16 19 0 0 21 31 23 0 41 8 11 33 0 0 0 70 49 0 0 0 9 0 7 0 0 3 4 
P4958 2039 4 0 0 0 0 0 0 0 0 0 0 0 0 0 0 0 0 0 0 0 0 12 9 0 0 0 0 32 0 0 0 -999 
P4958 2039 5 0 28 0 0 19 0 0 14 31 0 32 0 0 0 0 0 0 0 0 0 0 14 0 19 24 23 24 27 26 20 0 
P4958 2039 6 0 0 0 11 0 0 0 25 40 0 12 7 12 0 0 0 34 33 0 14 0 0 0 0 0 0 0 0 0 0 -999 
P4958 2039 7 0 0 0 0 0 0 0 0 0 0 0 0 0 0 0 0 0 0 0 0 0 0 0 0 0 0 0 0 0 0 17 
P4958 2039 8 0 0 0 0 0 0 0 0 0 0 0 0 0 22 0 0 29 0 0 0 0 0 0 0 0 0 0 0 0 0 0 
P4958 2039 9 0 0 0 0 0 0 0 29 0 0 0 0 0 0 0 29 0 0 0 0 0 0 0 0 0 0 0 0 0 0 -999 
P4958 2039 10 0 0 0 0 0 0 0 0 0 0 0 0 0 0 0 0 0 0 35 56 33 38 33 51 42 10 0 41 0 0 30 
P4958 2039 11 0 23 0 0 0 0 0 0 0 17 8 0 0 0 0 30 11 0 0 38 0 0 16 17 36 0 0 49 48 40 -999 
P4958 2039 12 0 0 6 0 20 0 0 0 0 0 0 0 0 0 39 0 38 107 33 0 21 21 0 0 20 29 31 19 11 0 0 
P4958 2040 1 0 0 0 0 0 0 0 0 0 0 3 0 0 0 0 10 15 0 19 56 0 0 6 0 0 0 0 0 17 24 70 
P4958 2040 2 27 17 60 65 41 0 0 11 0 0 34 26 0 111 105 60 55 85 73 0 24 42 74 60 36 36 34 59 -999 -999 -999 
P4958 2040 3 0 0 0 57 25 0 22 23 32 0 0 3 0 0 0 0 0 13 0 0 0 0 0 0 0 0 0 0 0 0 22 
P4958 2040 4 34 0 0 26 0 0 14 0 0 9 10 0 14 24 32 14 7 0 0 0 0 0 0 0 0 0 0 7 0 0 -999 
P4958 2040 5 0 0 0 0 0 0 19 0 0 0 0 15 0 0 0 0 0 0 0 0 0 0 0 33 29 15 0 0 8 0 0 
P4958 2040 6 0 0 0 22 0 0 0 0 0 14 0 0 25 0 0 13 0 0 0 0 21 0 0 0 0 0 0 0 0 0 -999 
P4958 2040 7 0 0 0 0 0 0 0 0 0 0 0 0 28 23 0 0 0 0 0 0 0 0 0 0 0 0 0 0 0 0 0 
P4958 2040 8 0 0 0 0 0 0 0 0 0 0 0 0 0 0 0 0 0 0 0 0 0 0 28 0 0 0 0 0 0 0 0 
P4958 2040 9 0 0 0 23 0 0 0 0 0 0 0 0 0 0 0 41 28 0 0 0 0 0 0 0 0 9 0 0 0 0 -999 
P4958 2040 10 0 0 0 0 0 0 0 0 0 0 17 21 20 0 0 28 75 66 0 0 6 0 25 33 21 0 0 8 0 0 0 
P4958 2040 11 0 0 0 0 5 8 0 0 14 0 0 9 31 0 44 61 40 16 20 0 0 0 27 33 0 18 0 21 0 0 -999 
P4958 2040 12 0 0 0 0 0 0 10 16 15 12 0 0 6 0 2 3 3 0 3 7 5 0 0 0 0 0 0 0 6 8 7 
P4958 2041 1 0 0 0 26 30 23 12 9 0 0 25 17 3 3 20 39 16 0 4 0 4 0 28 28 0 19 88 23 19 0 0 
P4958 2041 2 10 14 0 0 0 0 0 0 0 42 34 27 0 21 0 47 0 10 14 16 23 7 0 0 0 0 0 0 -999 -999 -999 
P4958 2041 3 0 0 8 0 0 0 0 16 20 0 5 6 3 0 0 0 0 0 0 0 0 0 0 0 0 0 8 16 0 0 0 
P4958 2041 4 0 0 26 0 0 0 0 0 0 0 0 21 19 12 0 0 0 0 0 0 0 0 5 0 0 0 0 0 0 0 -999 
P4958 2041 5 0 0 0 0 31 0 30 18 0 0 0 0 0 0 10 0 0 41 0 0 0 0 0 0 0 22 0 0 0 22 0 
P4958 2041 6 0 0 0 0 0 0 0 20 0 0 0 0 0 0 0 0 11 0 0 19 0 0 0 0 0 0 0 0 0 0 -999 
P4958 2041 7 0 0 0 18 18 0 0 0 0 0 0 0 21 0 0 0 0 0 0 0 0 0 0 0 0 0 0 0 0 0 0 
P4958 2041 8 0 0 0 0 0 0 0 0 0 0 0 0 0 0 0 0 0 19 0 0 0 0 0 0 0 0 0 0 0 0 0 
P4958 2041 9 0 0 0 0 0 0 0 0 0 0 0 0 0 0 20 0 0 26 0 0 0 0 9 0 19 23 0 0 0 0 -999 
P4958 2041 10 0 0 19 0 0 0 0 0 0 0 0 0 14 10 0 0 0 0 23 0 15 0 38 33 22 0 13 17 15 0 0 
P4958 2041 11 43 44 17 0 0 9 0 0 0 0 0 0 0 0 0 0 0 14 13 10 0 6 0 12 0 0 0 0 13 0 -999 
P4958 2041 12 35 51 53 0 0 0 0 35 37 0 0 0 0 0 0 0 0 0 0 15 33 0 8 6 0 0 0 28 0 41 29 
P4958 2042 1 0 54 76 0 22 22 0 0 0 32 21 0 0 0 0 0 0 26 40 0 3 0 0 36 0 61 96 35 0 0 0 
P4958 2042 2 0 0 6 0 0 0 0 0 0 0 0 0 10 7 0 0 0 0 0 0 0 0 0 0 0 0 0 0 -999 -999 -999 
P4958 2042 3 0 3 0 7 7 0 0 11 0 0 0 0 12 0 0 0 13 0 20 16 34 35 40 39 36 23 0 0 15 0 0 
P4958 2042 4 4 0 0 0 7 12 0 0 0 0 0 0 0 0 0 0 36 20 11 15 14 0 0 7 0 0 0 0 0 29 -999 
P4958 2042 5 29 49 68 47 26 27 26 0 0 0 31 30 47 0 0 11 12 12 0 9 0 0 0 0 1 0 6 0 0 27 0 
P4958 2042 6 0 25 20 22 30 24 30 0 9 8 0 0 13 0 0 0 0 14 0 28 0 0 0 0 0 0 0 13 0 0 -999 
P4958 2042 7 0 0 0 0 0 0 0 0 0 11 0 0 0 0 0 0 0 0 0 0 0 0 0 0 0 0 0 0 0 0 0 
P4958 2042 8 0 0 0 0 0 0 0 0 0 0 0 0 0 0 0 0 0 0 0 0 0 0 0 0 0 0 0 0 0 0 0 
P4958 2042 9 0 0 21 13 0 0 0 0 0 20 0 0 0 0 0 0 0 0 0 0 0 0 0 0 0 0 0 0 0 0 -999 
P4958 2042 10 0 0 0 0 0 16 0 0 0 5 0 0 0 0 0 0 0 0 0 0 0 0 0 0 0 0 0 0 0 0 0 
P4958 2042 11 0 0 0 0 22 24 18 0 23 19 29 60 63 0 0 0 0 0 0 0 0 25 14 0 14 31 16 0 0 10 -999 
P4958 2042 12 20 0 0 26 75 7 26 0 0 0 55 58 0 0 0 11 0 0 38 29 13 20 0 4 0 0 0 0 51 82 28 
P4958 2043 1 0 0 0 0 0 0 0 0 0 14 25 37 13 33 41 31 47 18 0 2 0 0 0 0 0 0 0 0 0 0 0 
P4958 2043 2 0 0 0 0 0 0 0 0 0 58 18 0 9 0 40 28 0 13 0 0 0 0 0 0 0 13 0 0 -999 -999 -999 
P4958 2043 3 0 0 0 0 0 3 4 5 0 14 31 30 34 60 0 61 64 0 41 31 0 43 0 0 31 0 0 17 63 63 26 
P4958 2043 4 44 0 57 23 0 33 17 23 31 21 14 0 35 14 0 0 0 0 0 0 0 0 0 0 0 0 40 38 46 20 -999 
P4958 2043 5 22 0 0 0 0 0 0 0 0 0 24 0 0 0 0 35 61 44 43 49 24 0 0 0 0 0 0 0 0 0 0 
P4958 2043 6 0 0 0 25 13 0 10 0 0 0 0 0 0 0 0 0 0 0 0 0 0 10 0 0 0 0 0 0 0 0 -999 
P4958 2043 7 11 0 0 0 0 0 0 0 12 0 0 0 0 0 36 0 0 0 0 0 0 0 0 0 0 0 0 0 0 0 0 
P4958 2043 8 0 0 0 0 0 0 0 0 0 0 0 0 0 0 0 0 0 0 0 0 0 0 0 0 0 0 24 0 0 0 0 
P4958 2043 9 0 0 24 0 0 0 14 0 21 0 0 0 8 0 0 0 0 12 0 0 0 0 0 0 0 0 0 0 0 0 -999 
P4958 2043 10 0 0 0 0 0 0 0 0 0 0 0 28 37 0 0 0 0 0 0 11 12 0 0 7 0 0 4 0 0 11 0 
P4958 2043 11 0 0 0 0 120 27 0 0 0 0 0 0 0 0 10 0 0 0 29 26 0 57 17 30 52 0 0 0 28 13 -999 
P4958 2043 12 0 0 35 42 40 0 0 0 0 0 2 0 0 0 0 0 0 15 0 0 0 0 0 0 0 0 0 0 0 0 0 
P4958 2044 1 0 0 0 0 1 8 11 0 13 0 45 0 0 18 10 0 29 88 43 0 19 0 0 34 62 68 29 0 0 0 0 
P4958 2044 2 0 14 0 44 19 0 1 5 11 21 0 11 11 0 0 0 16 0 6 0 0 0 0 0 0 0 0 9 -999 -999 -999 
P4958 2044 3 0 0 7 0 0 0 0 0 0 0 0 0 3 5 0 16 0 0 0 0 0 0 0 0 11 17 0 0 20 19 20 
P4958 2044 4 27 43 46 33 29 0 21 23 33 12 0 0 0 0 0 0 0 0 0 0 0 0 0 0 0 0 14 0 24 0 -999 
P4958 2044 5 0 0 0 0 22 38 0 0 29 51 43 39 30 21 0 12 13 0 13 0 0 0 0 17 0 0 0 0 0 10 0 
P4958 2044 6 0 0 0 0 0 0 12 0 0 0 0 17 0 0 0 0 0 0 0 0 23 26 0 0 0 0 13 0 0 0 -999 
P4958 2044 7 0 16 13 0 15 0 0 0 0 0 30 0 0 0 0 0 0 0 0 0 0 0 0 0 0 0 0 0 28 0 0 
P4958 2044 8 0 0 0 0 0 0 0 0 0 0 0 0 0 0 0 0 0 0 0 0 0 0 0 0 0 12 0 36 0 0 0 
P4958 2044 9 0 0 0 0 0 0 0 0 0 0 0 0 0 0 0 0 0 27 19 0 0 14 14 20 0 0 14 0 10 11 -999 
P4958 2044 10 0 0 0 0 0 0 0 0 0 0 0 26 0 0 0 0 0 0 0 59 25 0 32 81 66 32 0 0 0 0 0 
P4958 2044 11 0 0 5 0 0 11 0 0 0 0 42 0 68 36 39 40 30 0 0 0 68 21 0 0 16 0 0 0 6 0 -999 
P4958 2044 12 0 0 0 0 0 14 0 2 0 0 0 10 0 0 9 0 0 37 50 59 19 26 45 18 30 54 0 0 15 38 33 
P4958 2045 1 39 0 52 0 53 0 0 63 117 58 45 48 0 0 0 0 0 0 0 0 0 6 0 0 0 0 0 6 6 8 23 
P4958 2045 2 34 0 0 0 0 17 0 4 0 0 44 55 25 0 5 0 0 0 0 0 0 32 18 0 72 111 189 112 -999 -999 -999 
P4958 2045 3 0 0 23 0 11 0 20 38 49 48 44 47 40 34 0 12 0 11 0 0 0 0 0 0 0 0 0 0 0 0 0 
P4958 2045 4 8 0 0 0 0 0 0 0 8 0 0 25 17 38 35 13 0 0 0 5 0 11 0 0 0 0 0 0 0 28 -999 
P4958 2045 5 0 12 0 0 15 0 0 0 0 0 0 0 24 0 0 6 0 0 0 32 29 42 0 0 0 14 0 35 52 34 0 
P4958 2045 6 0 0 11 0 0 0 12 0 0 0 23 0 28 46 36 26 0 0 14 0 0 15 0 0 0 0 0 0 0 0 -999 
P4958 2045 7 0 15 0 0 0 0 0 0 0 0 0 0 0 0 0 0 0 0 0 0 0 0 0 0 0 0 0 0 0 0 0 
P4958 2045 8 0 0 0 0 0 0 0 0 0 0 0 0 0 0 22 0 0 0 0 0 0 0 0 17 0 0 0 0 0 0 0 
P4958 2045 9 0 0 0 0 0 23 0 0 0 0 0 0 15 0 0 0 0 0 0 0 0 0 0 0 21 11 0 0 0 0 -999 
P4958 2045 10 0 0 0 0 0 0 0 16 12 12 0 0 0 0 0 0 7 0 28 28 0 0 0 0 0 0 0 0 0 0 0 
P4958 2045 11 7 0 30 49 19 0 0 0 0 0 0 0 0 0 0 0 0 54 28 0 0 0 0 0 0 16 21 0 12 0 -999 
P4958 2045 12 14 7 0 0 0 0 0 0 0 35 30 0 0 0 0 0 0 0 1 2 6 6 0 56 0 0 0 8 0 0 0 
P4958 2046 1 0 7 0 0 0 8 11 8 0 0 0 0 0 0 0 12 27 94 81 92 48 37 53 46 42 61 38 33 71 52 60 
P4958 2046 2 27 13 0 0 0 0 0 0 22 26 29 30 45 0 39 80 97 84 28 15 0 0 0 0 0 0 28 0 -999 -999 -999 
P4958 2046 3 0 0 29 25 6 0 0 0 7 0 0 0 0 0 0 0 0 0 0 0 0 0 0 15 0 0 0 17 19 14 25 
P4958 2046 4 40 0 0 0 0 0 0 39 48 38 0 17 35 50 53 57 48 0 0 0 23 0 33 38 46 28 0 0 0 20 -999 
P4958 2046 5 18 16 8 0 2 0 0 0 0 0 0 0 0 0 0 10 0 9 0 24 22 21 49 42 53 33 17 0 0 0 0 
P4958 2046 6 17 0 0 0 56 21 8 0 0 0 0 0 0 11 0 39 0 0 0 0 0 0 0 0 0 0 0 0 0 0 -999 
P4958 2046 7 0 0 0 0 0 0 0 0 16 0 0 0 0 0 0 0 0 0 0 0 0 0 0 0 0 0 0 0 0 0 0 
P4958 2046 8 0 0 0 0 0 0 0 0 0 0 0 0 0 0 0 0 0 0 0 0 0 0 0 0 0 0 0 0 0 0 0 
P4958 2046 9 0 0 0 0 0 0 0 0 0 0 0 0 0 0 0 0 0 0 0 0 0 0 0 0 0 0 0 0 0 0 -999 
P4958 2046 10 18 0 0 14 0 14 0 0 0 0 0 6 0 0 17 21 0 0 0 0 0 23 0 0 0 12 0 0 7 0 0 
P4958 2046 11 20 21 0 0 0 6 0 3 0 0 0 0 6 0 0 0 0 0 0 0 0 0 0 23 0 0 0 0 0 0 -999 
P4958 2046 12 0 13 0 0 0 4 0 0 0 0 0 0 17 0 0 0 14 0 0 0 0 0 0 0 0 18 3 4 0 0 10 
P4958 2047 1 0 22 73 46 40 0 0 10 0 24 16 0 0 3 6 21 9 13 0 0 17 15 0 0 0 0 22 25 0 26 30 
P4958 2047 2 34 4 5 0 0 0 0 0 0 0 0 0 0 16 0 0 0 0 0 45 32 0 0 48 47 0 0 0 -999 -999 -999 
P4958 2047 3 0 22 16 16 0 0 20 14 16 30 0 0 45 45 22 28 26 0 0 0 0 0 0 0 0 0 10 0 8 0 0 
P4958 2047 4 0 0 8 0 0 0 0 0 0 0 0 0 0 9 0 0 0 23 20 16 0 22 0 51 29 0 0 0 22 16 -999 
P4958 2047 5 0 27 0 0 18 39 15 0 0 0 0 0 36 51 53 33 15 0 0 0 23 0 24 0 0 0 8 9 0 0 0 
P4958 2047 6 0 0 0 0 0 0 0 0 0 0 0 0 0 17 0 0 0 0 0 0 0 0 0 0 0 0 0 0 0 0 -999 
P4958 2047 7 0 0 0 0 0 0 0 0 0 24 0 0 0 25 0 0 0 26 0 0 0 0 0 0 0 0 0 0 0 0 0 
P4958 2047 8 0 0 0 0 0 0 0 0 0 0 0 0 0 0 0 0 0 0 0 0 0 0 0 0 0 0 0 29 0 29 0 
P4958 2047 9 0 0 0 0 0 0 24 0 12 0 0 0 0 0 0 0 0 0 0 0 0 0 0 0 0 24 14 12 15 0 -999 
P4958 2047 10 0 0 30 52 22 0 0 0 0 12 0 0 0 21 0 0 0 0 25 0 0 9 0 0 26 25 0 23 0 0 0 
P4958 2047 11 0 0 0 4 0 0 0 6 0 11 7 0 0 13 0 0 21 33 50 26 0 0 0 0 0 0 15 37 17 0 -999 
P4958 2047 12 42 45 0 60 156 175 177 65 0 11 0 0 0 0 59 35 21 50 106 53 25 59 34 45 45 27 0 0 0 0 0 
P4958 2048 1 0 0 0 0 0 5 0 0 0 0 11 0 4 0 0 0 0 0 0 0 0 0 0 0 0 52 41 0 0 0 0 
P4958 2048 2 23 18 0 0 0 17 33 59 17 0 0 0 0 0 25 21 31 54 9 0 14 0 0 0 0 15 0 0 -999 -999 -999 
P4958 2048 3 0 0 0 0 1 0 0 0 0 0 0 0 10 0 0 0 0 0 34 0 18 19 19 12 14 0 0 26 25 0 17 
P4958 2048 4 6 5 0 0 0 0 0 0 12 7 22 0 60 36 0 26 59 0 91 85 32 20 20 0 13 19 14 6 11 13 -999 
P4958 2048 5 0 0 0 0 0 0 0 0 0 0 53 28 0 25 0 8 0 0 0 0 0 0 22 0 21 0 16 33 25 0 0 
P4958 2048 6 0 0 0 0 0 0 0 10 0 11 0 0 0 0 0 0 0 0 0 0 0 0 0 42 0 0 0 0 25 0 -999 
P4958 2048 7 0 0 13 0 0 0 0 0 0 0 0 0 0 0 0 0 0 0 0 0 0 0 0 0 0 0 0 0 0 0 0 
P4958 2048 8 0 0 0 0 0 0 0 0 17 0 0 0 0 0 0 0 0 0 0 0 0 0 0 0 0 0 0 0 0 0 0 
P4958 2048 9 0 0 0 0 0 0 0 0 0 0 0 0 0 15 0 0 0 0 0 0 0 0 0 0 0 0 0 0 0 0 -999 
P4958 2048 10 0 0 69 30 0 0 0 0 0 0 0 0 20 0 26 0 26 0 0 0 0 0 19 0 12 16 0 20 0 0 26 
P4958 2048 11 0 21 10 0 3 10 34 0 0 14 0 0 4 0 0 0 44 0 2 0 0 8 0 0 0 0 0 30 77 66 -999 
P4958 2048 12 51 65 80 0 0 1 0 0 0 0 0 0 16 41 0 0 18 50 45 96 24 15 0 0 0 17 0 7 0 0 0 
P4958 2049 1 0 17 0 0 10 0 0 0 0 0 0 9 0 7 0 0 0 0 0 0 0 0 0 0 9 7 0 0 0 0 0 
P4958 2049 2 0 0 0 0 0 15 32 57 23 36 47 111 111 89 50 0 62 72 53 55 80 47 63 136 79 93 50 28 -999 -999 -999 
P4958 2049 3 38 69 74 76 67 39 27 0 36 47 0 19 26 35 0 10 0 24 0 0 0 11 0 0 6 9 0 0 0 16 0 
P4958 2049 4 0 17 0 0 33 17 0 0 0 0 5 0 0 0 0 0 5 2 0 0 13 0 0 0 0 0 0 0 12 0 -999 
P4958 2049 5 0 21 15 0 0 14 0 27 20 0 0 0 0 0 0 0 0 29 24 23 0 0 0 0 0 0 0 0 0 0 0 
P4958 2049 6 0 26 0 0 0 0 26 0 0 0 0 0 0 0 0 0 18 0 0 0 0 0 0 0 0 0 0 0 0 0 -999 
P4958 2049 7 0 12 0 0 25 0 24 13 0 0 0 13 18 15 0 0 0 0 8 14 0 0 0 0 0 0 0 0 0 0 0 
P4958 2049 8 0 0 0 0 0 0 0 0 0 0 0 0 0 0 0 0 0 0 0 0 0 0 0 0 0 0 0 0 0 0 0 
P4958 2049 9 0 0 0 21 0 0 7 0 0 0 0 0 0 0 0 0 0 0 0 0 0 0 0 0 0 0 0 0 18 0 -999 
P4958 2049 10 0 0 0 0 0 0 16 0 15 0 0 0 0 0 0 43 21 0 21 10 11 0 0 32 25 31 52 29 14 10 0 
P4958 2049 11 6 0 19 0 0 31 67 89 50 0 0 0 0 0 0 0 0 0 7 0 0 0 0 0 0 0 0 32 0 0 -999 
P4958 2049 12 13 0 0 0 0 0 0 0 6 5 0 0 4 15 74 48 3 0 0 1 0 11 0 16 0 24 0 0 5 0 0 
P4958 2050 1 0 5 4 0 0 0 3 4 0 30 69 56 69 62 38 0 60 69 12 7 0 13 17 0 18 0 16 6 5 11 0 
P4958 2050 2 0 0 0 9 0 0 0 22 34 0 0 0 0 0 2 2 5 7 0 0 0 0 0 0 0 0 0 0 -999 -999 -999 
P4958 2050 3 0 0 13 0 0 0 0 0 0 0 0 0 0 0 11 0 13 0 0 14 0 16 41 53 47 23 11 28 24 0 0 
P4958 2050 4 22 0 0 0 0 0 0 0 0 0 0 59 0 0 0 0 36 22 28 31 25 51 25 0 0 0 0 0 0 0 -999 
P4958 2050 5 0 0 18 25 0 0 28 14 0 36 0 0 0 0 0 0 0 0 0 0 0 0 0 0 0 31 31 24 16 10 0 
P4958 2050 6 0 0 0 0 0 0 0 8 13 0 0 24 25 0 0 9 0 0 0 0 0 0 0 0 0 0 31 0 0 0 -999 
P4958 2050 7 0 0 0 0 0 0 0 0 0 0 0 0 0 0 0 0 0 0 0 0 0 0 0 0 0 15 0 0 0 0 0 
P4958 2050 8 0 14 0 0 0 16 0 0 0 0 0 0 0 0 0 0 0 0 0 0 0 0 0 0 0 0 12 0 0 0 0 
P4958 2050 9 0 0 0 0 0 0 0 0 0 0 0 0 0 0 0 17 0 0 0 0 0 0 0 0 0 0 0 0 0 0 -999 
P4958 2050 10 0 0 0 0 0 0 0 0 0 0 0 0 8 0 0 40 30 17 0 0 0 17 0 0 17 13 0 31 27 39 70 
P4958 2050 11 0 0 0 0 0 0 1 0 0 0 0 0 10 14 16 0 5 0 6 0 7 0 33 29 0 6 26 18 0 0 -999 
P4958 2050 12 0 0 28 7 18 0 25 31 52 49 0 32 82 67 46 13 0 21 0 0 0 0 15 0 0 0 0 0 0 0 0 
P4958 2051 1 15 17 0 11 0 9 0 0 7 14 7 32 52 31 0 7 6 12 0 2 0 0 0 0 0 0 0 0 0 0 0 
P4958 2051 2 34 71 36 0 16 17 16 0 0 10 0 0 0 9 0 22 14 0 29 36 0 45 72 41 44 52 0 35 -999 -999 -999 
P4958 2051 3 0 0 0 53 50 0 0 29 36 37 47 44 0 0 17 0 0 0 0 12 0 23 24 0 13 0 0 13 0 14 0 
P4958 2051 4 23 0 0 0 17 0 43 0 67 20 6 14 0 0 71 0 0 0 0 0 5 0 0 0 0 0 0 14 0 0 -999 
P4958 2051 5 0 0 0 0 0 0 0 8 22 0 6 0 0 0 0 0 17 0 0 29 0 0 0 0 0 0 0 0 0 0 0 
P4958 2051 6 0 0 0 0 0 0 0 0 42 41 11 0 0 0 0 0 0 0 0 0 0 0 0 0 0 0 0 0 0 0 -999 
P4958 2051 7 0 0 0 0 0 0 0 0 0 0 0 0 0 0 0 0 0 0 0 0 69 0 0 0 0 0 0 0 0 0 0 
P4958 2051 8 0 0 0 0 0 0 0 0 0 0 0 0 0 25 0 0 0 0 0 0 0 0 15 0 0 0 0 0 0 0 0 
P4958 2051 9 0 0 0 13 0 0 0 0 12 0 0 12 0 0 0 0 0 0 0 0 0 0 0 0 0 0 0 0 0 0 -999 
P4958 2051 10 0 0 0 0 0 0 0 0 0 0 0 15 29 0 46 32 0 0 0 0 0 0 0 0 0 0 54 0 43 0 0 
P4958 2051 11 0 0 0 0 0 0 0 0 0 0 0 25 42 0 22 0 0 40 0 0 23 44 58 35 37 46 0 0 0 46 -999 
P4958 2051 12 7 14 0 0 0 0 46 26 0 0 0 0 0 33 33 48 0 0 54 48 0 45 0 9 5 0 0 0 0 0 0 
P4958 2052 1 10 0 0 0 0 0 0 0 0 6 0 0 0 0 0 0 0 6 3 0 0 0 0 6 0 0 0 1 0 0 0 
P4958 2052 2 0 0 0 0 0 0 0 0 0 0 15 21 0 34 18 0 0 33 0 0 19 0 0 27 43 27 10 0 -999 -999 -999 
P4958 2052 3 0 0 0 0 0 29 68 16 6 0 8 0 21 38 0 0 23 15 0 0 60 0 0 27 42 38 24 0 0 0 0 
P4958 2052 4 0 0 23 0 0 0 6 6 0 0 0 0 0 0 0 0 0 0 9 0 0 0 0 0 0 0 0 0 0 0 -999 
P4958 2052 5 0 9 0 0 0 18 28 27 17 0 0 34 23 0 0 0 0 0 0 0 0 0 0 0 0 14 0 38 0 25 20 
P4958 2052 6 0 0 0 0 0 0 0 0 0 0 32 31 0 9 0 28 18 0 0 0 0 0 28 0 0 0 0 0 0 0 -999 
P4958 2052 7 0 0 0 0 0 9 0 0 0 0 0 0 0 0 0 0 0 0 0 0 0 0 0 0 0 0 0 0 0 0 0 
P4958 2052 8 0 0 0 0 0 0 0 0 0 0 0 0 0 0 0 0 0 0 0 0 0 0 14 0 0 0 0 0 0 0 0 
P4958 2052 9 0 25 0 0 0 0 0 0 0 0 0 0 0 0 15 0 0 0 31 0 0 0 0 0 0 0 0 0 0 0 -999 
P4958 2052 10 0 0 0 11 0 0 25 0 0 0 0 24 0 0 0 0 12 0 0 0 0 0 0 0 0 0 0 0 3 0 0 
P4958 2052 11 14 0 0 0 0 5 0 0 0 0 0 0 0 0 0 0 0 0 0 14 0 18 15 25 37 58 0 10 11 20 -999 
P4958 2052 12 26 23 12 13 17 5 0 0 30 64 32 16 59 42 17 9 25 0 0 24 0 0 20 0 0 0 3 4 0 0 18 
P4958 2053 1 7 0 6 0 0 0 0 0 0 0 0 0 0 18 16 0 0 0 0 0 0 0 0 0 0 0 0 0 0 0 0 
P4958 2053 2 10 33 0 50 0 0 43 19 15 6 7 0 1 2 0 0 13 12 0 0 0 0 0 0 0 0 0 37 -999 -999 -999 
P4958 2053 3 34 0 0 17 30 11 4 0 12 0 11 7 0 11 13 0 35 30 26 0 15 0 0 5 3 0 7 0 0 45 0 
P4958 2053 4 0 0 0 0 0 0 66 33 18 29 0 36 0 0 10 0 0 0 13 0 0 0 0 8 0 0 0 0 0 0 -999 
P4958 2053 5 0 20 0 54 0 58 58 30 23 0 19 0 0 0 22 0 0 0 26 29 29 0 26 23 8 7 7 0 11 12 0 
P4958 2053 6 0 0 16 15 0 0 0 15 0 0 13 11 0 0 25 0 0 6 0 0 0 0 0 0 0 0 0 0 0 0 -999 
P4958 2053 7 0 0 0 0 0 0 0 0 16 0 0 0 0 0 0 0 0 0 0 0 0 0 0 0 0 25 0 0 0 0 0 
P4958 2053 8 0 0 0 0 0 0 0 36 0 0 0 0 0 0 0 0 0 0 0 0 0 0 0 0 0 0 0 0 0 20 0 
P4958 2053 9 0 0 0 0 0 0 22 0 0 31 0 0 0 0 0 0 0 0 0 0 0 13 0 0 5 0 0 0 0 0 -999 
P4958 2053 10 0 0 17 0 0 0 0 0 0 0 2 0 11 0 0 17 9 0 5 0 0 11 13 0 0 0 19 0 0 20 0 
P4958 2053 11 0 0 39 0 0 0 0 21 58 77 0 35 0 21 48 51 53 33 0 15 8 19 15 16 6 18 0 13 25 0 -999 
P4958 2053 12 0 0 0 0 0 0 0 0 0 0 0 0 0 13 16 13 0 0 0 0 0 20 18 0 58 48 0 38 57 37 52 
P4958 2054 1 0 36 92 45 68 64 0 0 61 0 0 68 58 78 0 50 39 12 0 0 0 0 1 0 0 0 27 112 49 0 28 
P4958 2054 2 34 83 0 20 0 0 32 30 16 0 0 44 20 0 0 13 0 0 0 0 0 7 0 0 0 0 0 0 -999 -999 -999 
P4958 2054 3 0 0 0 0 0 0 0 0 0 0 0 0 0 0 0 5 6 15 0 0 8 0 26 9 6 0 0 0 0 22 20 
P4958 2054 4 11 22 18 0 52 69 89 50 25 38 52 37 8 0 0 31 14 12 0 0 0 5 0 0 0 0 30 37 28 30 -999 
P4958 2054 5 26 17 12 11 7 0 10 0 0 15 0 14 0 20 32 27 0 0 14 17 19 0 19 52 50 0 20 0 0 0 0 
P4958 2054 6 0 0 0 0 23 30 0 0 0 0 0 17 11 0 0 0 0 0 0 0 0 0 0 0 0 0 0 0 0 0 -999 
P4958 2054 7 0 0 0 0 0 0 0 0 0 14 0 0 0 0 0 0 0 0 0 0 0 0 0 0 18 0 0 0 0 0 0 
P4958 2054 8 0 23 0 0 0 0 0 0 0 0 0 0 0 0 0 0 0 0 0 0 24 5 0 0 0 28 0 0 0 0 0 
P4958 2054 9 0 0 0 0 0 0 0 0 0 0 0 0 0 12 0 0 0 11 0 0 0 0 37 0 13 6 0 0 22 0 -999 
P4958 2054 10 0 25 46 0 0 7 0 9 0 0 0 0 0 55 0 0 0 0 22 0 0 0 0 0 35 42 19 10 20 10 0 
P4958 2054 11 47 0 7 0 0 0 0 0 78 75 48 28 24 40 97 31 15 0 34 67 0 0 0 0 8 0 34 0 0 0 -999 
P4958 2054 12 0 0 5 0 0 5 3 0 0 0 0 43 31 0 0 0 0 0 0 0 0 0 25 48 61 53 65 73 78 57 76 
P4958 2055 1 14 0 26 31 0 5 0 0 0 47 59 0 13 7 0 15 0 93 0 0 0 0 0 0 0 0 0 7 0 1 0 
P4958 2055 2 0 0 17 31 28 41 59 21 6 5 0 0 0 0 0 0 3 0 1 0 4 0 9 0 0 0 0 0 -999 -999 -999 
P4958 2055 3 18 26 30 0 28 0 0 19 0 0 0 0 24 0 6 0 0 21 14 14 0 0 0 27 16 14 10 18 4 0 0 
P4958 2055 4 0 0 0 0 0 0 0 9 0 27 0 22 0 0 0 0 0 0 0 0 0 25 6 0 0 0 0 0 0 0 -999 
P4958 2055 5 0 0 0 0 0 0 0 0 8 0 52 0 19 0 0 0 0 0 12 13 15 0 0 0 25 33 17 13 10 13 0 
P4958 2055 6 8 15 0 0 0 0 0 0 0 0 0 0 0 0 0 0 0 0 0 0 0 0 0 0 14 0 0 0 0 0 -999 
P4958 2055 7 0 0 0 0 0 0 0 0 0 0 0 28 0 0 0 0 0 0 0 0 0 0 0 0 0 0 0 0 0 0 0 
P4958 2055 8 0 0 0 0 0 0 0 0 0 0 0 0 0 0 0 0 0 0 0 0 0 0 0 0 0 0 0 0 0 0 0 
P4958 2055 9 0 0 0 0 0 0 0 0 0 16 0 0 0 0 25 0 0 0 0 0 0 0 0 0 0 0 0 15 0 37 -999 
P4958 2055 10 35 17 27 41 46 0 8 0 0 0 41 0 11 0 0 59 78 22 0 0 0 0 0 0 0 24 0 0 0 0 20 
P4958 2055 11 0 9 0 24 0 0 39 0 0 9 23 0 0 0 11 0 0 0 0 0 0 11 10 7 0 14 30 29 80 34 -999 
P4958 2055 12 0 6 24 16 34 18 0 16 0 0 0 0 18 0 0 0 0 0 0 0 0 0 0 0 0 6 0 27 29 31 0 
P4958 2056 1 25 31 0 51 58 47 66 66 0 74 29 4 8 0 0 12 0 0 11 0 0 0 10 17 0 0 77 0 0 0 0 
P4958 2056 2 0 19 0 9 34 58 67 20 0 0 0 43 23 83 66 19 0 0 0 92 0 94 0 44 22 0 0 14 -999 -999 -999 
P4958 2056 3 22 0 10 17 51 85 75 0 0 97 90 57 53 73 0 10 24 23 65 66 18 0 0 0 0 0 52 67 0 32 0 
P4958 2056 4 0 42 28 0 0 3 0 0 0 0 0 0 0 29 0 0 0 0 0 6 0 0 0 0 0 4 0 11 0 0 -999 
P4958 2056 5 0 0 0 0 0 0 23 0 0 30 29 23 0 0 0 0 0 10 12 13 0 19 0 0 0 0 0 0 0 40 0 
P4958 2056 6 25 0 11 0 0 0 0 0 0 0 0 0 0 0 0 0 31 0 0 0 0 0 0 0 12 0 12 0 0 0 -999 
P4958 2056 7 0 0 0 0 0 0 0 0 0 0 0 0 0 0 0 0 19 0 0 0 0 0 0 0 0 0 0 0 0 0 0 
P4958 2056 8 0 0 0 0 0 0 0 0 0 0 0 0 0 0 0 0 0 0 0 0 0 0 0 0 0 0 0 0 0 0 0 
P4958 2056 9 0 0 0 0 0 0 43 20 0 0 0 0 12 0 0 0 0 0 0 0 0 0 0 0 0 0 0 0 0 0 -999 
P4958 2056 10 0 0 0 0 0 24 27 0 13 0 0 0 0 0 0 0 0 0 0 6 6 0 0 37 91 0 16 0 0 6 0 
P4958 2056 11 23 26 0 0 0 33 0 0 52 30 33 39 28 0 60 0 0 0 0 18 0 0 0 0 0 0 0 0 0 0 -999 
P4958 2056 12 0 0 0 0 0 0 0 0 0 0 0 0 0 7 0 14 20 42 0 0 9 7 0 0 0 0 0 19 0 20 55 
P4958 2057 1 54 73 49 40 64 43 47 34 38 45 45 12 7 0 7 0 0 0 30 14 6 3 3 3 0 0 0 119 0 17 34 
P4958 2057 2 0 0 0 14 25 20 21 0 29 3 1 0 0 0 0 0 0 3 0 2 0 0 0 21 49 0 52 0 -999 -999 -999 
P4958 2057 3 19 30 18 0 3 1 0 0 0 0 0 0 4 0 0 0 0 67 57 0 12 2 0 0 0 0 6 23 30 32 29 
P4958 2057 4 42 0 30 0 3 0 0 0 0 15 0 0 38 43 0 39 46 41 0 0 0 0 0 0 0 0 0 0 0 0 -999 
P4958 2057 5 29 0 0 0 21 0 20 24 28 15 0 5 0 0 0 0 0 0 17 0 25 0 0 0 17 0 20 10 0 0 0 
P4958 2057 6 0 0 0 0 0 0 0 0 0 0 0 0 0 15 0 0 0 0 0 0 0 0 0 0 0 0 0 0 0 0 -999 
P4958 2057 7 0 0 18 0 0 0 0 0 0 0 0 14 18 0 22 0 0 0 0 0 0 0 0 0 0 0 0 0 0 0 0 
P4958 2057 8 0 0 0 0 0 0 0 0 0 0 0 0 0 0 0 0 0 0 0 0 0 0 0 0 0 12 0 0 0 14 17 
P4958 2057 9 0 0 0 0 0 0 0 0 0 0 0 21 0 0 0 0 0 10 0 0 0 0 0 40 0 0 5 0 22 0 -999 
P4958 2057 10 0 0 21 0 0 0 0 0 0 11 0 0 34 0 7 0 0 0 0 22 27 30 24 0 0 62 63 46 28 0 0 
P4958 2057 11 0 0 14 0 0 0 0 0 0 0 54 71 97 0 0 10 0 15 0 22 25 0 0 0 0 0 0 51 20 76 -999 
P4958 2057 12 40 39 44 7 18 12 0 0 0 0 0 0 0 0 0 0 16 0 58 26 40 0 74 87 0 0 19 0 0 0 0 
P4958 2058 1 12 0 0 0 0 3 7 0 16 22 18 71 71 56 100 153 38 0 0 0 0 0 0 0 0 2 17 0 55 59 38 
P4958 2058 2 0 9 0 21 44 24 19 22 24 0 18 0 10 0 0 0 0 0 0 0 0 0 0 0 7 0 0 0 -999 -999 -999 
P4958 2058 3 0 0 0 24 21 0 0 0 0 0 0 0 0 0 0 0 0 19 0 0 4 0 0 0 0 0 0 0 0 9 22 
P4958 2058 4 54 24 9 0 0 0 0 24 18 17 0 0 0 0 0 0 0 0 0 0 13 14 0 21 26 20 12 0 0 13 -999 
P4958 2058 5 10 0 0 0 26 29 14 0 7 0 0 0 0 22 0 0 0 0 0 0 19 0 35 37 30 14 0 0 0 0 0 
P4958 2058 6 0 0 0 0 0 0 0 25 26 0 12 0 0 0 10 16 0 0 0 0 19 0 0 0 0 0 0 0 0 0 -999 
P4958 2058 7 0 0 0 0 0 0 0 0 0 0 0 0 0 0 0 0 0 0 0 0 0 0 0 0 0 0 0 0 0 0 0 
P4958 2058 8 0 0 26 0 0 0 0 18 0 0 32 0 0 0 0 0 0 0 0 0 0 0 0 0 0 0 0 0 33 0 0 
P4958 2058 9 0 10 0 0 0 0 0 0 0 0 0 18 0 0 0 0 10 0 0 0 43 0 0 0 0 0 0 0 0 0 -999 
P4958 2058 10 0 0 0 77 50 17 0 0 0 0 0 0 0 0 0 0 0 0 32 0 27 15 32 20 0 0 0 0 0 0 0 
P4958 2058 11 0 0 0 0 0 0 20 50 0 0 35 8 0 17 14 2 0 0 0 0 0 0 0 2 0 0 0 0 8 6 -999 
P4958 2058 12 0 21 0 20 0 0 10 0 0 5 0 0 0 6 0 7 6 0 0 2 0 0 0 0 0 0 5 0 0 0 0 
P4958 2059 1 0 0 0 0 0 17 26 32 10 0 0 0 0 0 13 0 33 6 0 0 0 0 0 0 0 0 0 0 0 0 0 
P4958 2059 2 0 3 0 0 0 0 0 1 4 7 0 0 0 0 9 0 0 0 0 0 0 0 0 6 0 0 0 0 -999 -999 -999 
P4958 2059 3 0 0 0 0 0 0 0 9 27 15 0 0 0 0 0 0 13 25 24 0 0 0 0 0 0 0 0 35 0 41 30 
P4958 2059 4 0 0 0 0 15 29 0 76 64 0 42 44 32 30 20 0 34 0 0 7 0 34 33 52 15 0 8 0 0 0 -999 
P4958 2059 5 0 0 0 0 0 0 0 0 0 0 0 0 0 0 0 0 27 0 20 0 0 0 0 0 29 23 0 13 0 0 0 
P4958 2059 6 0 0 17 0 0 0 0 0 0 0 17 0 0 0 0 0 0 0 0 0 0 0 0 0 31 0 18 0 0 0 -999 
P4958 2059 7 0 0 0 0 0 0 0 0 0 0 0 0 0 0 0 0 0 0 0 0 0 0 0 0 0 0 0 0 0 0 0 
P4958 2059 8 0 0 0 0 0 0 0 0 0 0 0 0 0 0 0 0 0 0 0 0 0 0 0 0 0 43 0 0 0 0 0 
P4958 2059 9 0 0 0 0 0 0 0 0 0 19 0 0 0 0 0 0 0 0 0 0 0 0 0 0 0 0 0 0 0 0 -999 
P4958 2059 10 0 29 0 0 0 28 43 0 0 0 7 0 0 0 0 0 22 0 0 0 16 0 0 0 0 49 85 58 35 36 0 
P4958 2059 11 0 47 46 46 0 0 0 0 0 0 0 0 0 0 0 0 0 0 6 0 0 0 0 0 0 0 0 0 3 0 -999 
P4958 2059 12 0 0 14 0 42 22 9 0 24 40 20 34 14 3 0 0 0 0 0 0 0 0 10 16 27 53 50 36 0 25 0 
P4958 2060 1 17 0 25 0 8 0 24 23 24 0 66 69 0 44 23 0 0 0 0 0 0 0 0 0 0 0 0 0 0 0 0 
P4958 2060 2 33 2 0 0 5 0 0 0 0 0 16 13 0 0 0 0 0 15 25 13 0 8 0 0 0 0 0 27 -999 -999 -999 
P4958 2060 3 0 20 0 0 0 0 0 26 0 21 16 0 0 0 0 0 0 0 0 0 0 36 67 0 10 0 0 31 0 12 0 
P4958 2060 4 0 0 14 14 10 0 18 22 30 25 14 0 0 0 0 45 0 0 0 0 0 0 0 0 0 0 0 0 0 0 -999 
P4958 2060 5 0 0 28 26 24 26 0 0 0 0 22 0 0 0 0 0 11 2 0 0 0 0 0 0 0 0 0 0 0 15 0 
P4958 2060 6 0 16 0 0 0 0 0 0 0 0 0 0 0 0 0 0 0 0 0 0 0 0 0 0 0 0 0 0 23 0 -999 
P4958 2060 7 0 0 0 14 0 0 0 0 0 0 0 0 0 0 0 0 0 0 0 0 0 0 0 0 0 0 0 0 0 0 0 
P4958 2060 8 0 0 0 0 0 0 0 0 0 22 0 0 26 0 0 0 0 0 0 0 0 13 0 0 0 0 0 0 0 0 0 
P4958 2060 9 0 0 0 0 0 0 0 0 18 0 0 0 0 20 0 0 0 0 0 0 0 0 0 0 0 27 0 0 13 0 -999 
P4958 2060 10 0 0 0 0 0 0 0 0 0 13 0 0 0 0 6 0 0 0 0 0 0 0 0 0 0 0 0 0 0 0 36 
P4958 2060 11 23 0 0 0 0 28 38 0 51 35 20 43 14 0 0 0 92 64 87 34 0 0 7 0 0 0 0 24 0 0 -999 
P4958 2060 12 9 0 13 15 0 84 49 0 8 0 0 9 0 0 0 0 19 13 0 10 0 0 15 0 10 19 17 23 0 15 0 
P4958 2061 1 5 0 0 10 0 0 31 0 0 0 8 11 0 0 0 0 0 0 0 0 23 0 13 8 0 4 3 0 0 4 9 
P4958 2061 2 12 22 0 0 0 0 0 0 0 28 50 31 15 19 20 0 0 0 0 0 0 0 0 0 0 11 9 0 -999 -999 -999 
P4958 2061 3 30 0 0 0 0 0 0 0 30 0 0 15 0 21 31 0 53 40 0 0 0 0 32 48 75 10 12 7 0 0 15 
P4958 2061 4 0 34 43 0 14 10 16 0 19 0 28 26 0 0 0 0 0 0 24 0 0 0 6 0 0 0 0 0 0 0 -999 
P4958 2061 5 0 0 0 0 0 15 0 0 0 0 0 11 0 0 21 0 0 0 0 0 0 0 0 0 0 0 0 0 0 0 0 
P4958 2061 6 0 0 0 0 0 0 0 0 0 0 23 25 0 0 0 0 7 0 0 0 0 0 0 0 0 0 0 0 0 0 -999 
P4958 2061 7 0 0 0 0 10 0 0 0 0 0 0 0 0 0 0 9 0 0 0 0 0 0 0 0 0 0 0 0 13 13 0 
P4958 2061 8 0 0 0 0 0 0 0 0 0 0 0 0 0 0 0 0 0 0 0 0 0 0 0 12 0 0 0 0 0 0 0 
P4958 2061 9 0 0 0 0 0 0 0 0 0 0 0 34 0 0 0 0 14 10 0 6 0 25 0 0 0 32 29 0 24 25 -999 
P4958 2061 10 0 0 0 14 0 0 0 0 0 0 0 0 0 0 0 55 46 0 57 71 0 0 93 66 0 0 0 0 74 27 0 
P4958 2061 11 67 21 7 0 15 0 0 0 28 60 21 0 0 0 14 32 40 15 4 5 11 0 0 0 0 0 0 37 0 0 -999 
P4958 2061 12 9 0 0 0 0 0 0 5 0 0 0 17 6 5 7 0 11 0 0 17 52 38 0 0 0 0 0 7 20 49 0 
P4958 2062 1 13 0 0 0 0 0 0 0 0 0 0 0 0 0 0 0 9 27 0 0 0 0 0 14 23 61 39 44 39 48 0 
P4958 2062 2 51 0 0 0 0 0 29 0 22 13 12 3 3 0 12 20 13 0 0 20 0 0 0 55 0 33 0 0 -999 -999 -999 
P4958 2062 3 9 0 0 18 18 0 3 0 0 17 44 0 115 111 38 0 0 23 30 0 0 25 0 0 6 0 0 5 0 0 0 
P4958 2062 4 0 0 0 0 0 0 0 0 0 0 8 0 0 0 0 0 0 0 0 0 0 6 0 0 0 0 0 23 37 35 -999 
P4958 2062 5 13 0 0 0 0 0 0 0 0 21 10 0 0 7 0 24 0 0 0 14 0 0 0 0 0 0 0 0 0 0 0 
P4958 2062 6 0 0 0 0 17 9 0 0 0 0 0 0 0 0 0 0 0 0 0 0 0 0 0 0 0 0 0 0 0 0 -999 
P4958 2062 7 0 19 0 27 0 0 0 0 16 0 0 27 0 0 0 0 0 0 31 0 0 0 0 0 0 0 0 0 15 0 0 
P4958 2062 8 0 0 0 0 0 0 0 0 0 0 0 24 0 0 0 0 0 0 0 0 0 0 0 0 0 0 0 0 0 0 0 
P4958 2062 9 0 0 0 0 0 0 0 0 0 0 0 17 0 0 0 0 0 0 0 0 0 0 0 0 0 0 0 13 0 0 -999 
P4958 2062 10 0 0 23 64 123 66 0 0 0 0 0 0 0 11 0 21 0 8 0 0 0 0 30 0 0 0 0 0 0 0 12 
P4958 2062 11 0 0 0 0 0 0 0 0 14 0 10 0 0 53 0 0 0 0 27 0 0 17 36 0 0 0 0 0 0 0 -999 
P4958 2062 12 0 0 0 0 0 14 16 0 0 17 20 13 0 0 0 0 36 61 12 0 0 0 0 0 0 0 8 0 0 0 21 
P4958 2063 1 46 42 66 21 0 52 69 116 89 19 13 0 0 50 60 69 42 53 0 0 62 67 30 0 0 0 0 0 0 55 47 
P4958 2063 2 69 0 33 24 0 0 0 0 0 0 0 0 30 64 64 0 0 2 0 0 0 2 2 5 0 0 0 0 -999 -999 -999 
P4958 2063 3 0 0 0 0 21 21 0 26 0 0 0 0 0 28 32 40 0 13 0 0 0 0 11 28 89 49 28 38 38 48 56 
P4958 2063 4 17 10 18 0 0 70 22 0 58 18 0 0 10 18 0 0 12 0 0 0 0 0 0 0 0 0 0 0 0 0 -999 
P4958 2063 5 35 35 0 0 0 0 0 0 0 0 0 30 26 0 17 0 14 0 0 25 0 0 0 17 0 0 0 0 0 0 0 
P4958 2063 6 0 0 0 0 0 0 0 0 0 0 0 0 0 0 0 0 0 0 0 0 0 0 0 0 0 0 0 0 0 0 -999 
P4958 2063 7 0 0 0 0 0 0 0 0 0 0 0 0 0 0 0 0 0 32 0 0 0 0 0 0 0 0 0 0 0 0 0 
P4958 2063 8 0 0 0 0 0 0 0 0 0 28 0 18 0 0 0 0 0 0 0 0 0 0 0 0 0 0 0 0 0 0 0 
P4958 2063 9 0 0 0 0 0 0 0 0 0 0 0 0 24 0 15 0 13 0 23 0 14 0 0 0 0 0 0 0 13 7 -999 
P4958 2063 10 0 0 0 0 0 0 0 0 0 0 0 37 62 82 0 0 0 15 0 0 0 0 0 0 0 10 0 0 0 0 0 
P4958 2063 11 0 10 0 0 0 0 0 0 0 0 0 0 0 20 0 0 0 0 0 0 0 19 0 0 0 0 10 0 0 6 -999 
P4958 2063 12 7 0 0 0 0 0 0 0 0 0 0 4 0 3 11 3 3 0 3 0 1 2 3 0 0 0 0 0 0 0 3 
P4958 2064 1 0 0 3 4 0 0 0 0 0 0 0 0 0 14 44 0 0 0 0 0 0 0 0 0 0 0 14 9 0 17 9 
P4958 2064 2 12 28 0 0 0 0 6 5 0 0 0 0 0 0 0 0 0 0 0 5 0 0 0 5 4 0 0 0 -999 -999 -999 
P4958 2064 3 0 0 0 0 0 0 0 0 43 43 20 16 0 35 37 0 35 29 0 0 28 0 18 19 0 58 34 20 25 0 0 
P4958 2064 4 0 0 0 68 0 0 23 23 17 0 0 0 18 23 0 22 0 0 14 20 0 0 0 48 34 27 14 0 0 0 -999 
P4958 2064 5 0 15 0 0 0 0 17 0 0 11 8 0 0 0 0 0 0 0 0 26 0 0 0 0 0 0 0 0 0 0 0 
P4958 2064 6 19 0 0 0 0 0 0 0 0 0 0 0 0 0 0 0 0 0 0 0 0 0 0 0 0 0 0 0 0 0 -999 
P4958 2064 7 0 0 0 0 0 0 0 0 0 0 0 0 0 0 13 0 0 0 0 0 0 0 0 0 0 0 0 0 0 0 0 
P4958 2064 8 0 0 0 0 0 0 0 0 21 0 0 0 0 0 0 0 0 0 0 0 0 0 0 0 17 0 0 0 0 15 0 
P4958 2064 9 0 0 0 0 0 0 0 0 0 0 0 0 0 36 0 0 0 0 0 0 0 34 0 0 6 9 0 0 0 0 -999 
P4958 2064 10 0 0 15 0 22 0 0 0 0 0 9 0 0 0 0 0 0 0 0 0 15 0 0 0 0 19 0 14 0 30 0 
P4958 2064 11 0 15 0 21 0 0 0 0 0 0 0 33 29 67 22 5 0 3 6 0 0 0 0 0 0 0 0 0 0 0 -999 
P4958 2064 12 20 0 37 58 72 59 93 129 97 31 15 0 29 0 0 23 0 0 0 0 5 4 0 0 0 4 0 0 0 0 0 
P4958 2065 1 0 0 0 20 16 0 0 0 30 34 27 45 51 55 20 0 0 0 0 0 10 0 14 10 0 0 0 0 38 0 0 
P4958 2065 2 15 0 0 0 0 0 0 15 0 0 0 41 52 54 0 71 66 73 54 47 0 0 5 0 0 0 9 0 -999 -999 -999 
P4958 2065 3 0 0 0 0 0 0 0 0 0 0 0 0 0 0 3 0 0 9 0 0 0 0 0 0 0 16 5 0 0 0 0 
P4958 2065 4 0 0 0 0 38 0 0 12 0 0 0 0 0 0 0 0 21 0 0 0 0 0 0 0 0 0 0 18 0 0 -999 
P4958 2065 5 0 4 5 0 0 0 0 5 0 0 0 0 0 0 0 0 8 0 0 0 0 0 0 0 0 0 0 0 0 0 0 
P4958 2065 6 0 0 0 0 0 0 25 0 0 0 0 0 0 0 0 0 0 0 0 0 0 0 0 0 0 0 0 0 0 0 -999 
P4958 2065 7 21 0 26 0 0 0 0 0 0 0 0 0 0 0 0 0 0 0 0 0 0 0 0 0 0 0 0 0 0 0 0 
P4958 2065 8 0 0 0 0 0 0 0 0 0 0 0 0 0 0 0 0 0 0 0 0 0 0 0 0 0 0 0 11 0 0 25 
P4958 2065 9 0 0 0 0 0 0 0 0 0 0 0 0 0 0 0 0 0 0 0 0 0 0 0 0 0 0 13 0 0 0 -999 
P4958 2065 10 0 0 11 0 0 0 33 0 0 34 35 38 19 0 43 0 0 0 0 52 19 16 61 65 25 42 46 0 0 57 31 
P4958 2065 11 0 0 0 0 0 0 0 0 0 0 0 0 0 0 0 0 0 0 13 20 65 0 11 0 21 0 59 0 11 0 -999 
P4958 2065 12 18 6 0 0 0 0 0 0 0 7 21 57 0 19 0 0 20 0 51 55 0 91 77 125 172 183 104 12 0 0 0 
P4958 2066 1 0 0 0 0 0 12 0 0 21 30 45 62 24 34 48 0 0 36 90 0 0 77 0 0 9 0 0 0 0 0 29 
P4958 2066 2 31 0 0 0 16 15 9 21 29 21 0 0 17 0 0 0 0 10 0 0 0 0 2 5 67 26 16 0 -999 -999 -999 
P4958 2066 3 0 5 0 0 0 0 56 0 0 10 0 0 0 0 0 0 0 0 0 0 0 0 0 0 0 0 0 0 0 0 0 
P4958 2066 4 0 0 0 11 0 0 0 21 0 0 0 0 21 0 11 0 0 0 0 13 0 0 0 0 19 0 0 0 57 35 -999 
P4958 2066 5 0 0 16 0 0 14 0 13 0 10 0 0 0 9 0 0 0 0 0 0 0 0 0 0 0 0 0 0 0 0 0 
P4958 2066 6 0 0 0 0 0 0 0 0 0 0 0 0 0 0 0 0 0 0 0 0 0 0 0 0 0 0 0 0 0 0 -999 
P4958 2066 7 0 0 0 0 0 0 0 0 0 0 0 0 0 0 0 0 0 0 0 0 0 0 0 0 30 0 0 0 0 0 0 
P4958 2066 8 0 0 0 0 0 0 0 0 0 0 0 0 0 0 0 0 0 0 0 0 17 0 0 0 0 0 0 0 0 0 0 
P4958 2066 9 0 0 0 0 0 0 0 0 0 0 0 0 0 0 0 14 0 0 0 0 0 0 0 0 40 0 0 0 0 0 -999 
P4958 2066 10 0 0 16 9 0 0 0 12 10 0 0 9 0 20 0 0 0 0 0 0 0 22 7 12 0 0 0 54 9 0 12 
P4958 2066 11 0 0 0 43 72 34 0 29 17 16 38 32 34 0 0 0 0 0 0 6 0 0 0 0 0 5 0 0 0 0 -999 
P4958 2066 12 8 0 20 29 12 0 7 0 6 0 0 6 0 34 69 86 97 117 66 28 17 10 4 0 5 0 0 0 38 78 56 
P4958 2067 1 22 82 25 0 26 31 18 0 17 0 29 0 30 0 41 39 47 19 57 89 80 72 49 63 63 72 76 29 16 37 59 
P4958 2067 2 71 46 98 31 0 0 0 0 28 51 51 12 41 58 33 11 13 0 74 46 75 47 32 0 0 90 54 0 -999 -999 -999 
P4958 2067 3 0 7 0 0 0 0 3 0 0 11 14 20 50 13 0 0 0 0 0 0 4 0 0 9 0 6 6 0 0 0 0 
P4958 2067 4 0 0 0 42 0 0 0 0 0 0 0 0 20 0 0 13 7 9 0 0 18 13 0 0 0 12 15 17 0 0 -999 
P4958 2067 5 0 0 0 10 0 0 5 10 0 0 0 6 0 0 0 0 0 0 0 0 11 0 0 0 11 0 0 13 0 27 17 
P4958 2067 6 0 0 36 0 0 0 0 0 0 0 0 14 0 0 0 14 19 0 0 0 0 0 0 0 0 19 0 11 0 0 -999 
P4958 2067 7 0 0 0 0 0 0 0 0 0 0 0 0 0 0 0 0 0 0 0 0 0 0 0 0 0 0 0 0 0 0 0 
P4958 2067 8 0 0 0 0 0 0 0 0 0 0 0 0 0 0 0 0 0 0 0 0 0 0 0 0 0 0 0 0 0 0 0 
P4958 2067 9 0 0 0 0 0 0 0 0 0 0 0 0 0 0 18 10 0 0 0 0 0 0 0 0 0 0 0 0 0 0 -999 
P4958 2067 10 14 0 12 0 0 0 0 0 0 14 0 0 0 0 5 0 0 5 0 0 0 0 0 0 0 0 0 0 0 0 0 
P4958 2067 11 0 17 0 12 21 0 11 0 0 0 0 0 0 0 0 11 0 0 0 5 5 0 17 28 33 0 0 0 0 18 -999 
P4958 2067 12 8 17 26 0 31 12 12 0 0 0 21 0 41 0 0 0 0 0 0 0 0 0 0 2 0 13 38 0 17 0 15 
P4958 2068 1 0 0 0 0 46 90 61 26 32 0 0 18 0 0 0 0 0 0 0 0 0 0 0 0 18 12 13 0 0 0 0 
P4958 2068 2 0 0 0 0 0 10 0 0 0 8 21 19 0 0 0 0 0 1 0 0 0 0 10 6 0 12 54 24 -999 -999 -999 
P4958 2068 3 16 40 30 0 99 75 15 20 55 23 10 17 29 0 0 0 72 66 35 18 0 48 44 5 0 22 12 0 0 0 0 
P4958 2068 4 0 22 0 6 0 0 0 49 31 29 0 0 0 0 0 0 0 6 0 0 0 0 11 10 5 0 0 0 0 0 -999 
P4958 2068 5 0 0 0 0 0 0 0 14 9 0 5 19 33 0 17 0 30 19 16 0 15 12 0 0 12 12 16 16 14 16 23 
P4958 2068 6 0 0 0 21 0 0 23 14 0 0 0 0 0 0 0 0 0 0 0 0 0 0 17 0 0 0 0 0 0 0 -999 
P4958 2068 7 0 0 0 0 0 0 0 0 0 0 0 0 0 0 0 0 0 0 0 0 0 0 0 13 13 0 0 0 17 0 0 
P4958 2068 8 0 0 0 0 0 0 0 0 0 0 0 0 0 0 0 0 0 0 0 0 0 0 0 0 0 0 0 0 0 0 0 
P4958 2068 9 0 0 0 21 0 0 0 0 0 50 32 0 0 0 0 28 0 0 9 0 0 0 0 9 0 0 0 0 0 0 -999 
P4958 2068 10 0 0 0 0 0 0 0 0 0 32 33 0 0 0 0 0 0 0 0 0 0 0 0 4 0 0 0 0 0 0 0 
P4958 2068 11 0 0 12 0 0 6 0 0 0 10 15 0 14 0 0 0 0 0 0 23 0 0 0 4 0 0 0 0 0 0 -999 
P4958 2068 12 0 0 0 0 12 21 35 52 22 0 0 5 27 38 20 8 1 2 13 11 0 14 26 30 86 15 2 5 18 14 11 
P4958 2069 1 41 38 0 0 0 0 0 0 0 0 0 0 5 3 0 0 0 0 0 0 0 0 0 0 0 0 16 52 46 0 0 
P4958 2069 2 0 0 50 101 93 0 40 67 53 5 4 6 0 0 0 0 28 24 0 0 32 0 0 0 0 0 0 27 -999 -999 -999 
P4958 2069 3 25 26 38 0 0 27 0 0 0 0 0 0 0 0 0 0 0 0 0 0 0 0 0 0 0 0 0 31 39 24 49 
P4958 2069 4 0 0 0 17 0 7 0 0 28 0 23 29 0 0 12 18 0 23 0 0 0 0 11 14 21 8 0 0 5 4 -999 
P4958 2069 5 0 0 0 0 0 0 0 2 0 0 0 0 31 27 0 0 20 16 0 26 0 16 13 0 0 0 0 0 12 0 0 
P4958 2069 6 0 0 0 0 0 0 0 0 0 0 0 0 0 0 0 0 0 0 0 0 0 0 23 0 0 0 0 0 0 0 -999 
P4958 2069 7 0 0 0 0 0 0 0 0 0 0 0 0 0 0 0 0 0 0 0 22 0 0 0 12 0 0 0 0 0 0 0 
P4958 2069 8 0 0 0 0 0 0 0 0 0 0 0 0 0 0 0 0 0 0 0 0 0 0 0 0 0 0 10 0 0 0 0 
P4958 2069 9 0 0 0 0 0 18 0 0 0 0 24 0 0 0 0 0 0 0 0 20 0 0 0 0 0 0 0 0 0 0 -999 
P4958 2069 10 0 16 0 0 0 14 0 13 0 0 0 0 7 0 0 0 15 43 68 62 28 31 46 0 0 0 51 66 74 41 0 
P4958 2069 11 18 13 0 51 21 18 54 60 47 0 4 0 31 0 13 0 0 0 0 0 51 0 0 0 0 0 0 0 0 0 -999 
P4958 2069 12 0 0 0 20 0 0 0 0 10 0 0 0 0 0 0 0 0 0 0 2 8 20 0 0 0 13 29 48 50 0 14 
P4958 2070 1 11 0 51 0 14 30 85 150 96 38 61 25 19 0 46 0 0 0 6 0 11 13 24 27 0 5 0 0 0 0 0 
P4958 2070 2 0 0 0 0 0 0 0 0 0 0 0 0 0 0 0 7 11 0 0 0 0 0 0 27 23 39 0 15 -999 -999 -999 
P4958 2070 3 29 28 26 0 0 0 0 0 0 0 43 17 0 0 0 33 27 50 65 80 127 34 23 13 18 0 0 31 0 24 0 
P4958 2070 4 0 0 24 0 0 14 0 0 52 28 15 14 19 41 0 0 18 19 11 0 0 0 0 18 0 0 21 0 14 0 -999 
P4958 2070 5 0 15 0 61 0 101 34 27 24 28 21 0 0 0 0 17 0 25 0 17 27 0 0 0 0 0 0 0 0 7 0 
P4958 2070 6 0 0 0 0 0 0 0 0 30 27 0 0 0 0 16 0 0 0 0 0 0 0 0 0 14 0 0 0 0 0 -999 
P4958 2070 7 0 0 0 0 0 0 0 0 0 0 0 0 0 0 0 0 0 0 0 0 0 0 0 0 0 22 0 0 0 0 0 
P4958 2070 8 0 0 0 0 0 0 0 0 0 0 0 0 0 0 0 0 0 0 0 18 0 0 0 0 0 0 0 0 13 18 0 
P4958 2070 9 0 0 0 0 0 0 0 0 0 0 0 0 0 0 0 0 0 0 0 0 0 0 0 0 0 0 0 0 0 23 -999 
P4958 2070 10 0 0 0 0 0 0 0 0 0 0 0 0 51 20 25 31 77 110 28 6 0 0 0 0 0 0 0 0 0 0 43 
P4958 2070 11 19 0 0 0 0 0 0 0 10 0 0 0 0 0 0 0 0 5 4 0 18 0 12 0 0 0 0 59 50 16 -999 
P4958 2070 12 23 46 0 0 10 12 0 0 40 26 0 0 35 22 0 13 22 11 43 45 29 73 38 0 0 32 0 35 111 77 0 
P4958 2071 1 10 16 20 27 31 0 11 16 44 64 42 0 55 28 0 0 0 0 0 0 17 0 7 0 18 49 54 26 0 0 0 
P4958 2071 2 7 7 0 0 14 26 0 0 17 33 0 37 22 0 0 63 53 0 0 23 0 0 6 0 13 0 0 0 -999 -999 -999 
P4958 2071 3 0 0 0 8 0 0 17 0 0 27 25 0 14 33 19 14 0 22 0 0 0 0 0 29 0 0 0 0 0 0 0 
P4958 2071 4 28 33 0 0 0 0 0 0 0 0 0 14 0 0 0 0 9 0 0 0 0 0 0 14 21 16 0 17 0 15 -999 
P4958 2071 5 0 0 29 23 0 36 30 0 18 0 12 0 0 0 13 0 0 0 13 0 0 17 0 17 0 0 0 0 0 0 0 
P4958 2071 6 0 0 17 0 0 0 0 0 0 21 0 0 0 0 26 0 0 27 14 0 0 0 0 0 0 19 0 0 0 0 -999 
P4958 2071 7 0 43 0 0 0 0 10 0 13 0 0 0 0 0 0 0 0 0 0 0 0 0 0 0 0 0 0 0 0 0 0 
P4958 2071 8 0 0 0 0 0 0 0 0 0 0 0 0 0 0 0 0 0 0 0 0 0 0 0 0 0 0 0 0 0 0 0 
P4958 2071 9 0 0 0 0 0 0 0 0 0 17 0 0 0 0 13 0 0 0 0 0 0 0 0 0 0 0 28 0 0 0 -999 
P4958 2071 10 0 0 0 10 0 0 0 0 15 14 12 0 0 0 0 55 44 0 16 0 0 0 27 0 4 0 0 0 0 0 56 
P4958 2071 11 0 59 70 49 0 19 18 0 0 0 0 0 0 0 0 0 5 6 0 23 20 0 15 28 21 0 4 0 0 0 -999 
P4958 2071 12 0 36 33 28 36 97 85 51 0 112 104 108 69 52 40 54 0 0 0 0 0 0 0 79 0 84 31 9 0 0 81 
P4958 2072 1 45 0 11 0 12 15 7 10 19 0 0 3 0 0 0 0 19 0 0 33 26 0 0 0 15 60 33 0 0 14 33 
P4958 2072 2 84 34 39 19 0 0 0 0 0 0 0 0 0 0 0 0 0 0 12 0 0 11 10 9 9 10 0 0 -999 -999 -999 
P4958 2072 3 0 0 0 0 0 0 7 4 0 0 7 0 0 0 0 0 0 0 0 0 0 0 0 29 27 20 0 0 35 0 0 
P4958 2072 4 0 0 0 0 0 0 0 0 0 0 0 0 0 0 0 0 0 0 0 0 0 0 12 4 4 0 0 0 0 0 -999 
P4958 2072 5 0 0 0 0 0 0 10 0 19 0 0 0 0 12 0 0 0 17 12 0 7 0 0 0 0 0 0 0 0 0 0 
P4958 2072 6 0 0 0 0 0 0 0 0 0 0 0 0 0 0 0 0 0 0 12 0 0 0 0 0 0 0 0 0 0 0 -999 
P4958 2072 7 0 0 24 0 0 0 25 0 0 0 8 0 0 0 0 0 0 0 0 0 0 0 0 0 0 0 0 0 0 31 0 
P4958 2072 8 0 0 0 0 0 0 0 0 0 0 0 0 0 24 31 16 0 0 0 0 0 0 0 0 0 20 0 0 0 0 0 
P4958 2072 9 0 0 0 0 0 0 0 20 0 0 0 0 0 0 0 29 0 0 0 0 26 0 0 23 0 42 0 0 0 0 -999 
P4958 2072 10 0 0 0 0 0 0 0 0 0 15 15 14 0 0 27 0 16 21 0 0 0 0 0 0 0 0 0 0 0 0 0 
P4958 2072 11 0 0 17 0 0 15 0 0 0 26 21 0 22 26 0 0 0 0 38 0 14 21 0 0 33 0 31 0 0 0 -999 
P4958 2072 12 0 36 32 0 11 0 0 0 0 0 4 0 11 12 0 0 0 0 10 13 45 19 8 18 61 49 0 0 0 36 28 
P4958 2073 1 0 0 0 0 0 0 0 9 0 0 4 4 0 0 0 16 5 0 21 19 19 22 0 8 6 0 13 9 9 0 0 
P4958 2073 2 0 77 63 50 26 16 0 0 0 0 0 0 0 0 0 0 0 0 0 0 0 0 6 0 29 64 0 0 -999 -999 -999 
P4958 2073 3 0 11 0 5 0 0 0 0 38 0 0 0 0 0 0 0 0 12 13 0 0 0 3 25 28 23 77 99 75 0 0 
P4958 2073 4 0 0 0 0 21 0 32 0 0 0 32 0 32 0 13 7 0 0 0 0 0 0 24 0 0 36 0 0 0 4 -999 
P4958 2073 5 0 0 0 0 0 0 0 0 0 0 0 0 41 30 25 52 34 10 0 0 0 3 0 0 20 0 0 0 0 6 0 
P4958 2073 6 0 0 0 0 0 0 0 0 0 0 0 0 0 0 0 0 0 0 0 0 0 0 0 0 0 0 0 0 0 0 -999 
P4958 2073 7 0 0 0 0 0 0 0 0 0 0 0 0 0 0 0 0 0 0 0 0 0 0 0 0 0 0 0 0 13 0 0 
P4958 2073 8 0 0 0 0 0 0 0 0 0 0 0 0 0 0 0 0 0 0 0 0 0 0 0 0 0 0 0 0 0 0 0 
P4958 2073 9 0 0 0 0 0 0 0 0 25 0 0 0 0 0 0 31 20 21 0 0 0 0 0 27 0 0 0 0 0 0 -999 
P4958 2073 10 0 0 19 0 0 0 0 36 28 7 0 18 0 0 0 0 0 0 0 0 0 0 0 0 0 0 0 0 0 0 15 
P4958 2073 11 20 29 0 0 0 0 0 0 0 0 0 0 0 0 36 57 24 36 89 49 67 68 0 11 14 15 18 0 3 0 -999 
P4958 2073 12 0 0 0 13 0 0 0 19 0 0 0 24 31 0 0 0 0 0 0 0 13 0 0 12 0 0 0 0 72 127 277 
P4958 2074 1 87 25 49 99 117 89 42 20 54 58 0 29 0 5 6 0 4 0 9 8 7 7 14 0 0 14 20 0 22 0 0 
P4958 2074 2 0 0 0 0 0 0 10 0 0 0 0 14 19 15 0 22 37 0 14 0 0 18 0 0 18 101 74 97 -999 -999 -999 
P4958 2074 3 69 0 0 0 0 31 0 0 0 12 0 34 35 0 0 0 0 0 0 0 0 0 0 47 24 5 1 0 9 0 0 
P4958 2074 4 0 0 0 0 0 0 0 0 0 0 0 0 0 36 27 0 0 30 49 45 12 0 8 0 10 0 0 11 0 0 -999 
P4958 2074 5 0 0 0 12 0 0 0 13 0 26 0 21 21 22 28 20 0 21 0 0 0 0 0 12 0 20 0 0 0 0 0 
P4958 2074 6 0 0 0 0 0 0 0 0 0 0 10 0 0 0 6 0 0 0 0 0 0 0 0 0 0 0 0 0 0 0 -999 
P4958 2074 7 0 0 0 0 0 0 0 0 0 0 0 0 0 0 0 0 0 0 0 0 0 0 0 0 0 0 0 0 0 0 0 
P4958 2074 8 0 0 0 0 0 0 26 0 0 0 0 0 18 0 0 0 0 0 0 0 0 0 0 0 0 0 0 0 0 0 0 
P4958 2074 9 0 0 0 0 17 0 0 0 0 0 0 0 0 0 0 6 0 0 0 0 0 0 0 0 0 0 0 0 0 0 -999 
P4958 2074 10 0 0 27 0 0 0 0 0 0 0 0 0 0 0 0 0 19 0 16 0 0 0 26 11 0 0 0 0 0 11 0 
P4958 2074 11 0 8 0 30 0 0 0 0 0 0 0 0 0 0 0 0 0 8 23 50 23 8 0 0 0 0 0 0 0 0 -999 
P4958 2074 12 0 0 0 0 0 6 0 0 0 0 0 36 42 0 0 0 2 0 3 0 4 0 0 0 2 0 0 0 16 29 0 
P4958 2075 1 0 0 1 0 0 0 0 0 0 12 0 12 15 10 32 0 11 0 0 24 0 0 41 23 14 0 0 0 0 0 0 
P4958 2075 2 0 0 33 50 38 62 43 59 55 38 110 121 75 0 12 0 0 0 30 30 22 15 36 55 37 0 0 0 -999 -999 -999 
P4958 2075 3 0 0 8 4 0 0 2 0 0 0 0 0 0 0 0 0 0 33 34 22 0 0 28 40 27 0 16 0 0 0 0 
P4958 2075 4 0 24 31 24 21 41 56 60 34 0 8 0 10 0 0 0 0 0 0 46 39 22 13 0 0 6 0 0 15 0 -999 
P4958 2075 5 17 0 0 24 14 0 0 0 0 25 28 19 0 0 0 0 0 0 0 0 0 0 0 13 0 0 13 0 0 0 0 
P4958 2075 6 0 23 20 0 0 0 0 0 0 12 0 0 18 0 0 0 0 14 0 0 0 0 0 0 0 0 0 0 0 0 -999 
P4958 2075 7 0 0 0 0 0 0 0 0 0 0 0 0 0 0 0 0 0 0 0 0 0 0 0 0 0 0 0 13 0 0 0 
P4958 2075 8 0 0 0 0 0 0 0 0 0 0 0 0 0 0 0 0 0 0 0 0 0 0 0 0 0 0 0 0 0 0 0 
P4958 2075 9 0 0 0 0 0 0 0 0 0 0 0 0 0 0 0 0 14 0 0 0 0 0 0 0 0 0 0 0 0 17 -999 
P4958 2075 10 0 23 29 39 20 20 41 0 0 0 0 0 0 29 8 0 0 0 0 0 6 0 0 0 0 0 27 0 0 101 0 
P4958 2075 11 14 17 0 16 0 0 58 38 0 0 0 24 0 0 91 37 14 16 16 11 32 44 35 22 0 0 0 0 0 0 -999 
P4958 2075 12 0 36 51 44 0 0 0 44 22 0 16 0 0 45 0 26 23 0 0 0 0 0 0 0 0 0 0 0 0 0 0 
P4958 2076 1 0 5 0 0 0 18 0 0 7 0 0 0 0 0 0 0 0 0 0 0 5 0 0 1 0 0 0 0 13 18 54 
P4958 2076 2 69 27 0 0 0 0 0 3 5 0 2 0 0 0 0 0 2 0 0 0 0 0 0 0 0 0 0 0 -999 -999 -999 
P4958 2076 3 0 0 0 14 0 22 25 23 16 21 18 0 0 0 0 10 0 0 0 21 0 19 0 23 0 0 0 0 0 0 0 
P4958 2076 4 0 0 0 0 0 0 0 0 0 0 12 0 20 13 27 34 19 0 19 17 0 0 0 14 13 12 8 10 0 0 -999 
P4958 2076 5 0 45 23 0 18 0 0 0 0 5 0 0 0 0 14 0 0 0 0 0 0 0 19 0 0 0 0 0 16 0 0 
P4958 2076 6 0 0 0 0 0 0 0 0 0 0 0 0 0 0 0 0 0 0 0 0 0 0 0 9 0 13 0 0 0 0 -999 
P4958 2076 7 0 0 0 0 0 0 0 0 0 0 0 0 0 0 0 0 0 0 0 0 0 0 0 0 0 0 0 0 15 0 0 
P4958 2076 8 0 0 0 0 0 0 0 0 0 0 0 0 0 0 0 0 0 0 0 0 19 0 0 0 0 0 0 0 0 27 0 
P4958 2076 9 34 0 0 0 0 0 0 0 0 0 0 0 0 0 0 0 0 11 0 0 0 0 0 0 0 15 0 0 0 0 -999 
P4958 2076 10 0 0 0 0 0 0 0 0 0 0 0 0 0 0 0 0 0 0 0 0 0 0 0 23 13 0 0 66 0 7 0 
P4958 2076 11 10 0 0 0 0 0 0 0 0 0 0 0 0 0 0 0 17 0 0 20 0 0 0 0 0 5 24 0 0 0 -999 
P4958 2076 12 7 3 0 1 1 0 0 0 29 32 30 34 0 0 0 0 0 0 0 0 0 0 0 0 0 0 0 23 0 0 0 
P4958 2077 1 0 0 0 0 0 0 0 0 11 0 0 0 8 6 28 11 0 0 0 9 0 0 6 0 0 0 0 0 0 0 0 
P4958 2077 2 21 0 0 0 0 0 57 25 0 35 13 0 0 0 14 0 27 40 63 24 16 6 0 0 36 0 11 0 -999 -999 -999 
P4958 2077 3 0 0 0 0 0 0 31 22 0 15 0 0 0 0 0 12 0 0 0 0 0 58 0 16 0 6 3 0 0 0 0 
P4958 2077 4 0 0 0 0 0 4 0 0 7 0 0 0 0 0 0 0 0 0 20 17 0 13 17 0 0 0 52 15 0 0 -999 
P4958 2077 5 0 0 0 9 0 0 0 0 32 0 9 0 5 0 0 0 0 0 0 24 0 0 0 0 0 0 0 0 19 0 0 
P4958 2077 6 0 0 46 33 0 0 0 0 0 0 0 0 0 0 0 0 0 0 0 0 0 0 0 0 0 0 0 0 0 0 -999 
P4958 2077 7 0 0 0 0 0 0 0 0 0 0 0 0 0 0 0 0 0 0 0 0 0 0 0 0 0 0 0 0 0 0 0 
P4958 2077 8 0 0 0 0 0 0 0 0 0 0 0 0 0 0 0 0 0 0 0 0 0 0 0 0 0 0 0 28 0 0 10 
P4958 2077 9 0 0 0 0 0 0 0 0 0 0 0 0 0 26 0 0 0 0 0 0 34 31 0 30 0 0 0 0 30 0 -999 
P4958 2077 10 0 0 34 0 0 0 13 0 0 0 0 12 7 0 0 0 0 0 23 13 0 36 0 21 0 0 0 34 45 24 43 
P4958 2077 11 43 0 0 18 11 0 11 0 75 54 35 0 16 0 57 32 0 13 0 32 22 0 38 36 0 0 0 0 27 54 -999 
P4958 2077 12 47 67 59 0 0 67 82 73 0 56 61 0 0 0 0 0 0 0 0 0 0 0 0 0 0 0 0 0 1 0 22 
P4958 2078 1 86 122 97 73 59 54 15 36 74 61 0 17 59 25 69 46 41 17 13 0 0 0 0 0 0 0 0 0 5 5 0 
P4958 2078 2 0 0 6 4 0 0 0 0 0 0 0 0 0 0 0 0 0 0 0 0 0 0 16 16 63 90 37 30 -999 -999 -999 
P4958 2078 3 0 0 0 15 0 0 0 65 28 0 16 0 0 43 57 0 79 71 52 48 34 0 22 0 0 0 0 13 0 0 0 
P4958 2078 4 53 30 0 15 0 0 17 0 0 0 0 11 16 45 0 22 0 17 0 17 0 0 0 0 0 0 0 0 0 0 -999 
P4958 2078 5 0 57 32 0 0 0 14 0 0 0 0 0 0 0 0 0 0 37 21 5 0 0 0 0 11 0 0 0 0 0 0 
P4958 2078 6 0 0 0 0 0 23 0 0 0 12 0 0 0 0 0 0 14 13 0 0 0 0 0 0 17 0 0 0 0 0 -999 
P4958 2078 7 0 0 0 15 0 0 0 0 0 0 0 0 0 0 0 0 0 0 0 0 0 0 0 0 0 0 0 0 0 0 0 
P4958 2078 8 0 0 0 0 0 0 0 0 0 0 0 0 0 0 0 0 0 0 0 0 0 0 0 0 13 0 0 0 0 0 0 
P4958 2078 9 0 0 0 0 0 0 0 0 0 0 0 0 0 0 0 0 0 0 0 0 0 0 0 0 0 0 0 0 0 0 -999 
P4958 2078 10 0 12 0 0 14 0 0 0 0 0 5 0 0 0 37 0 49 0 0 32 50 0 0 0 19 4 0 0 0 0 0 
P4958 2078 11 0 0 0 0 0 0 0 0 0 8 0 0 0 6 7 0 26 50 23 0 0 0 0 0 0 0 0 0 0 0 -999 
P4958 2078 12 0 0 0 0 0 0 0 6 0 16 0 14 13 0 20 21 30 14 0 0 0 24 0 22 0 67 76 26 20 141 100 
P4958 2079 1 10 9 40 31 19 0 0 0 0 0 0 4 0 4 0 0 0 0 0 14 23 21 0 0 4 0 0 0 0 0 0 
P4958 2079 2 0 0 9 0 0 0 0 0 8 0 0 0 0 0 2 0 0 0 0 0 0 0 20 40 24 12 0 0 -999 -999 -999 
P4958 2079 3 0 14 20 10 14 0 0 0 0 0 2 0 0 0 0 7 0 0 0 0 4 7 10 0 0 0 0 0 0 0 0 
P4958 2079 4 0 0 0 0 0 18 0 0 0 10 0 0 0 14 24 27 23 0 0 26 15 0 0 30 0 0 0 0 0 0 -999 
P4958 2079 5 0 0 0 0 0 0 9 0 0 15 0 0 0 0 0 13 0 0 0 0 0 0 11 0 0 0 0 0 0 0 0 
P4958 2079 6 22 0 0 0 0 0 0 0 0 37 0 0 0 14 0 0 0 0 0 0 0 0 0 0 0 0 0 0 25 0 -999 
P4958 2079 7 0 0 0 0 0 0 0 0 0 0 0 0 0 0 0 0 0 0 0 0 0 0 0 0 0 0 0 0 0 0 0 
P4958 2079 8 0 0 0 0 0 0 0 0 0 25 24 0 0 23 0 0 0 17 0 0 0 0 0 0 0 0 0 0 38 0 0 
P4958 2079 9 0 0 0 0 0 0 0 0 0 0 0 23 0 0 0 0 7 0 0 0 0 0 0 0 0 0 0 0 0 0 -999 
P4958 2079 10 0 0 0 0 0 10 0 0 0 0 0 0 0 0 0 0 0 0 0 0 25 0 0 16 0 0 26 0 0 0 0 
P4958 2079 11 16 0 21 30 53 59 56 34 0 0 0 0 52 49 42 37 51 90 55 0 23 0 30 15 0 0 0 0 0 0 -999 
P4958 2079 12 6 22 0 15 6 0 0 0 0 0 0 0 2 0 0 0 0 0 0 0 0 0 0 0 0 0 0 9 0 14 0 
P4958 2080 1 0 0 0 0 0 0 0 0 0 0 0 25 0 0 14 0 0 0 0 0 0 0 0 13 14 21 0 0 17 0 0 
P4958 2080 2 0 4 5 0 9 6 0 26 56 102 111 86 63 0 0 0 31 55 42 55 0 0 0 0 0 0 0 0 -999 -999 -999 
P4958 2080 3 0 36 0 0 33 35 44 0 58 64 56 56 0 3 0 0 3 0 0 0 0 0 0 0 0 10 0 0 0 0 0 
P4958 2080 4 0 6 0 0 0 0 0 0 34 0 0 26 11 0 0 0 0 0 0 0 0 30 31 0 0 0 16 0 0 16 -999 
P4958 2080 5 0 13 0 0 0 0 0 10 0 11 0 34 0 27 0 0 12 0 0 0 0 0 0 0 0 0 0 0 25 0 0 
P4958 2080 6 23 0 0 0 34 21 0 0 0 0 0 0 19 0 0 0 0 0 0 0 0 0 0 0 0 0 0 0 19 13 -999 
P4958 2080 7 0 0 0 0 0 0 0 0 0 0 0 0 0 0 0 0 0 11 15 0 0 0 0 0 0 0 0 0 0 0 0 
P4958 2080 8 0 0 0 0 0 0 0 0 0 0 0 0 0 0 0 0 0 0 0 21 0 0 0 0 0 0 0 0 0 0 0 
P4958 2080 9 0 0 18 0 0 0 0 0 0 0 0 22 0 0 0 0 0 0 0 0 0 0 0 0 0 0 0 0 0 0 -999 
P4958 2080 10 0 38 42 64 0 47 27 71 44 42 22 48 45 26 33 14 0 0 0 0 8 0 4 0 0 0 0 0 0 0 0 
P4958 2080 11 0 29 0 20 38 0 0 0 0 0 0 0 0 0 0 0 13 0 11 0 0 0 0 6 0 0 0 0 8 11 -999 
P4958 2080 12 12 30 0 88 82 81 105 0 50 15 0 0 0 0 6 0 0 0 0 4 0 0 0 0 0 50 0 7 0 0 50 
P4958 2081 1 0 65 98 72 38 0 2 6 13 0 17 0 0 37 44 0 0 0 58 110 79 0 0 27 18 38 35 24 34 0 0 
P4958 2081 2 6 0 0 0 36 0 43 0 0 0 0 0 4 0 0 0 11 0 0 0 0 0 0 35 0 0 10 17 -999 -999 -999 
P4958 2081 3 14 0 41 78 25 25 14 16 0 0 12 0 25 25 15 8 44 74 66 63 67 109 61 35 15 18 47 30 0 36 60 
P4958 2081 4 56 22 24 9 0 0 0 0 0 25 36 0 0 0 41 21 0 0 0 0 0 17 0 30 40 22 17 49 32 70 -999 
P4958 2081 5 49 0 25 0 0 10 0 0 42 44 0 0 0 25 25 15 0 0 7 0 0 0 0 0 0 0 0 0 0 0 0 
P4958 2081 6 0 14 0 0 0 0 0 0 0 0 0 25 0 0 0 14 0 0 0 0 0 0 0 0 0 0 0 0 0 0 -999 
P4958 2081 7 0 0 0 0 0 0 0 0 0 0 0 0 0 0 0 0 0 0 0 0 0 0 0 0 0 0 0 0 0 0 0 
P4958 2081 8 0 0 0 0 0 0 24 0 0 0 0 0 0 0 0 0 0 0 0 0 0 0 0 0 0 0 0 0 0 0 0 
P4958 2081 9 0 0 0 0 0 0 0 0 0 0 0 0 0 0 0 19 0 0 19 0 0 0 0 0 0 0 0 0 0 0 -999 
P4958 2081 10 0 0 27 33 12 0 0 0 0 0 15 0 0 11 0 0 0 0 0 0 0 9 0 0 0 13 0 0 0 0 0 
P4958 2081 11 0 20 51 65 30 6 0 0 0 0 0 0 0 0 0 0 0 106 58 7 0 0 0 10 0 0 0 0 25 30 -999 
P4958 2081 12 0 15 21 0 18 50 46 48 0 0 21 59 77 67 0 0 19 0 0 0 0 0 0 0 0 0 40 0 0 0 0 
P4958 2082 1 26 11 0 0 9 0 0 0 12 21 38 0 24 0 14 15 52 46 23 0 89 139 46 42 57 63 56 18 0 0 0 
P4958 2082 2 0 0 0 0 1 0 0 0 0 0 0 0 7 10 0 0 1 0 0 3 0 0 0 0 30 0 22 29 -999 -999 -999 
P4958 2082 3 0 37 0 27 25 24 0 0 14 0 0 0 0 19 0 0 0 0 0 0 0 0 19 0 31 19 0 0 47 26 0 
P4958 2082 4 14 0 0 0 0 0 0 51 0 0 0 0 0 0 0 0 0 0 0 0 0 12 12 0 0 0 0 0 0 0 -999 
P4958 2082 5 23 12 0 4 0 0 0 33 0 0 0 0 0 35 0 0 0 0 0 0 0 13 0 0 0 0 0 0 0 0 0 
P4958 2082 6 0 8 0 0 0 0 0 0 0 0 16 0 0 0 0 0 0 0 0 0 0 0 0 0 0 0 0 0 17 0 -999 
P4958 2082 7 0 0 0 0 0 0 0 0 0 0 0 0 0 0 0 0 0 0 0 15 0 0 0 0 0 0 0 15 0 0 0 
P4958 2082 8 0 0 0 0 0 0 0 0 0 0 0 0 0 0 0 0 0 0 0 0 0 0 0 0 0 30 0 0 0 0 0 
P4958 2082 9 0 0 0 0 0 0 0 0 0 0 0 0 9 0 0 0 0 0 0 0 8 0 0 0 0 0 0 0 0 0 -999 
P4958 2082 10 0 19 0 0 0 0 0 0 0 0 0 0 0 0 0 0 0 0 30 0 15 31 34 0 3 3 0 7 0 19 14 
P4958 2082 11 0 52 40 16 0 0 0 5 0 0 18 12 0 0 0 0 0 72 13 0 0 0 0 0 0 0 0 1 0 0 -999 
P4958 2082 12 0 26 0 0 6 0 0 0 0 0 0 0 15 0 0 0 0 0 0 0 0 8 0 0 0 0 0 0 0 0 0 
P4958 2083 1 0 32 39 36 14 8 0 0 16 0 0 0 0 0 0 30 23 27 22 16 10 30 19 0 0 0 0 0 11 19 15 
P4958 2083 2 0 0 23 0 0 9 29 23 0 67 74 30 13 9 0 22 0 110 67 65 60 41 0 25 79 122 49 36 -999 -999 -999 
P4958 2083 3 44 0 0 0 0 0 0 0 17 0 14 8 0 15 0 13 0 0 0 0 0 50 87 87 65 0 121 40 0 0 0 
P4958 2083 4 17 13 0 0 21 43 0 21 0 4 0 0 11 0 32 0 0 0 0 0 0 0 0 0 0 0 31 8 0 0 -999 
P4958 2083 5 0 9 13 0 23 0 0 31 35 27 0 22 0 0 0 36 40 0 21 24 0 6 0 20 27 51 60 0 0 22 23 
P4958 2083 6 0 25 0 13 0 0 0 0 0 0 0 0 0 0 0 0 0 0 0 0 0 0 0 0 0 0 0 0 0 0 -999 
P4958 2083 7 0 0 18 0 0 0 0 0 0 0 0 0 0 0 0 0 20 0 0 0 0 21 16 0 0 10 0 0 0 0 0 
P4958 2083 8 0 0 0 0 0 0 0 0 0 0 0 0 0 0 0 0 0 0 0 0 0 0 0 0 0 0 27 0 0 0 0 
P4958 2083 9 0 0 0 0 0 0 0 0 0 0 0 0 0 0 0 27 16 0 0 0 0 0 0 0 0 0 0 0 0 0 -999 
P4958 2083 10 0 0 0 30 35 0 0 0 9 0 0 0 0 0 13 15 0 0 0 0 0 0 27 29 0 0 0 0 0 0 0 
P4958 2083 11 13 0 0 57 43 22 20 25 7 0 0 54 78 29 0 0 0 33 0 0 0 0 0 0 0 0 0 0 0 0 -999 
P4958 2083 12 0 17 7 8 18 19 47 87 123 30 25 0 0 87 100 28 0 23 36 0 23 0 0 0 10 2 3 0 0 11 9 
P4958 2084 1 0 0 12 9 0 0 0 0 0 0 0 5 0 0 0 20 33 41 10 5 21 37 0 0 43 55 39 40 29 39 25 
P4958 2084 2 0 5 6 0 0 0 20 34 34 0 0 0 0 15 0 0 0 0 0 0 0 0 0 0 0 0 32 21 -999 -999 -999 
P4958 2084 3 0 0 0 50 40 6 0 0 0 0 0 0 0 0 0 46 110 68 25 22 0 0 0 0 0 0 3 0 0 14 0 
P4958 2084 4 0 0 0 0 0 0 0 0 8 18 19 0 17 18 0 0 0 8 0 0 0 0 0 0 0 11 0 0 0 0 -999 
P4958 2084 5 0 12 0 0 0 0 21 0 0 0 0 8 0 0 0 0 0 0 0 0 0 12 0 0 27 0 0 0 0 0 0 
P4958 2084 6 0 0 0 0 23 0 0 0 0 0 0 18 0 0 0 0 25 0 0 0 0 0 0 0 0 0 0 0 0 0 -999 
P4958 2084 7 0 0 0 0 0 0 0 0 0 0 24 0 0 0 0 0 0 0 0 0 0 0 0 0 0 0 0 0 0 0 0 
P4958 2084 8 0 0 0 0 0 0 0 0 0 0 0 0 0 0 0 0 0 0 0 0 0 0 0 0 0 0 0 0 0 10 0 
P4958 2084 9 0 0 16 0 0 22 18 0 12 0 0 0 0 0 0 24 0 0 0 0 0 0 0 0 0 0 8 0 0 0 -999 
P4958 2084 10 0 0 0 0 15 0 13 0 0 0 0 0 0 0 0 0 7 0 0 0 0 15 0 0 0 0 0 53 101 106 48 
P4958 2084 11 25 27 0 0 24 28 22 76 69 0 6 0 0 9 0 0 0 0 0 0 0 0 0 0 0 0 18 0 16 0 -999 
P4958 2084 12 0 10 0 6 27 0 0 63 50 60 90 83 108 62 23 0 27 0 0 0 0 0 0 0 0 0 6 14 17 0 0 
P4958 2085 1 0 0 0 2 0 0 0 0 0 0 0 0 0 0 0 21 0 5 0 0 7 0 54 61 37 0 0 8 0 0 0 
P4958 2085 2 0 0 0 0 0 0 22 18 0 0 0 34 18 7 6 0 0 0 4 0 0 0 0 0 0 0 0 0 -999 -999 -999 
P4958 2085 3 0 7 0 0 0 0 0 7 28 39 23 56 56 26 43 32 0 0 0 0 0 11 0 0 0 0 0 0 0 0 0 
P4958 2085 4 0 0 0 7 0 0 0 0 0 22 0 65 56 57 0 53 40 34 22 0 0 0 0 0 0 0 5 0 18 29 -999 
P4958 2085 5 0 35 18 0 0 0 40 55 57 24 0 0 0 0 0 0 0 0 21 0 0 0 0 19 0 16 15 0 7 0 0 
P4958 2085 6 0 0 0 0 0 0 41 0 0 0 0 24 0 0 0 0 0 0 0 0 0 0 0 0 0 0 0 26 0 0 -999 
P4958 2085 7 0 0 0 0 0 0 0 0 0 0 0 22 24 0 0 0 0 0 0 0 0 0 0 0 0 0 0 0 0 0 0 
P4958 2085 8 0 0 0 0 0 0 0 0 0 0 0 0 0 0 0 0 0 0 0 0 0 0 16 0 0 0 0 22 0 0 0 
P4958 2085 9 0 0 20 20 0 0 21 0 0 31 0 22 0 0 0 0 0 0 0 0 0 0 0 12 0 0 0 0 0 0 -999 
P4958 2085 10 0 0 24 0 0 0 0 0 17 0 21 0 0 0 0 0 24 18 0 0 0 7 0 0 0 0 50 28 0 70 18 
P4958 2085 11 0 16 0 13 11 9 7 0 0 0 0 0 0 0 10 29 47 16 13 59 0 23 8 3 0 0 11 28 39 0 -999 
P4958 2085 12 62 40 10 0 0 61 0 0 0 5 0 0 32 43 26 26 0 0 0 0 0 27 25 4 0 0 0 5 0 0 9 
P4958 2086 1 0 0 14 16 11 12 0 20 0 0 0 0 0 45 0 6 28 67 24 0 0 0 0 0 0 19 0 0 0 26 0 
P4958 2086 2 28 0 83 0 0 33 0 0 0 12 0 27 0 0 0 0 0 3 0 0 0 0 0 8 0 6 0 0 -999 -999 -999 
P4958 2086 3 0 0 0 0 0 0 0 0 0 0 0 0 41 0 0 0 0 8 0 0 0 0 0 0 7 0 0 0 0 0 0 
P4958 2086 4 0 0 0 12 0 28 26 16 0 0 0 13 22 0 0 23 14 13 0 0 5 0 0 0 34 33 32 36 23 0 -999 
P4958 2086 5 28 20 0 36 24 0 26 11 0 0 0 0 0 0 0 0 0 0 0 0 0 0 23 0 0 0 0 0 0 0 0 
P4958 2086 6 0 0 18 0 0 0 0 0 0 0 0 0 0 0 0 0 28 0 0 0 0 0 0 0 0 0 0 0 0 0 -999 
P4958 2086 7 0 0 0 0 0 0 0 0 0 0 0 0 0 27 0 0 17 11 0 0 0 0 0 0 0 0 0 0 0 0 0 
P4958 2086 8 0 0 0 0 0 0 0 0 0 0 0 0 0 0 0 0 0 0 0 0 0 0 0 0 0 0 0 0 0 0 0 
P4958 2086 9 0 0 0 0 0 0 14 11 0 0 0 0 34 0 13 15 0 0 10 0 0 0 0 0 0 13 0 0 0 0 -999 
P4958 2086 10 0 0 25 0 0 0 0 12 0 0 0 21 10 9 9 0 0 0 0 7 0 7 0 20 0 0 0 31 0 63 0 
P4958 2086 11 0 20 0 0 35 16 7 0 0 0 0 0 0 14 11 0 0 0 0 21 0 0 0 0 0 9 6 0 23 0 -999 
P4958 2086 12 10 0 0 0 0 0 0 0 0 0 0 0 0 0 0 0 1 0 37 0 22 50 87 36 0 18 0 5 0 0 0 
P4958 2087 1 0 0 13 12 0 14 21 41 29 0 0 0 0 0 0 0 0 0 0 0 0 13 0 0 10 0 0 0 0 0 21 
P4958 2087 2 33 23 0 2 0 0 0 4 0 0 14 0 0 19 0 0 0 0 0 0 0 0 0 0 0 0 18 0 -999 -999 -999 
P4958 2087 3 58 52 38 20 18 0 19 31 0 57 55 60 0 0 0 0 0 0 17 0 0 0 34 32 16 9 11 17 14 0 0 
P4958 2087 4 0 0 0 8 0 0 0 0 0 0 0 0 0 0 25 0 27 12 0 0 0 44 32 31 45 21 14 6 4 9 -999 
P4958 2087 5 0 0 11 0 16 0 0 0 0 17 33 0 0 0 0 0 6 0 0 0 0 0 0 0 25 0 23 0 0 0 0 
P4958 2087 6 0 0 0 0 0 0 0 0 0 0 0 0 6 0 0 0 0 0 0 0 0 0 0 0 0 0 0 6 0 0 -999 
P4958 2087 7 0 0 0 0 0 0 0 0 0 0 0 0 0 0 0 0 0 0 0 0 0 0 0 0 0 0 0 0 23 0 0 
P4958 2087 8 0 0 0 0 0 0 0 0 0 0 0 0 0 0 0 0 0 0 0 0 0 0 0 0 0 0 0 0 0 0 0 
P4958 2087 9 0 0 0 0 0 0 0 11 0 0 0 0 23 0 0 0 0 0 0 0 0 0 0 0 0 0 0 0 0 0 -999 
P4958 2087 10 0 0 0 42 27 16 0 0 8 14 0 10 0 0 0 0 0 0 0 0 0 0 0 0 0 0 0 0 0 0 0 
P4958 2087 11 0 5 0 4 0 0 0 0 0 0 7 0 0 0 0 0 0 0 0 4 0 0 0 0 0 0 0 0 0 10 -999 
P4958 2087 12 11 0 0 0 0 0 0 30 0 0 0 0 0 0 0 6 0 0 0 3 0 0 100 36 19 69 29 14 62 55 30 
P4958 2088 1 0 18 38 0 0 23 0 0 0 0 0 0 0 0 0 0 0 0 0 11 0 0 6 0 0 0 27 20 13 0 0 
P4958 2088 2 0 8 9 0 0 0 60 62 93 27 0 5 5 0 0 0 10 0 0 0 24 0 21 0 18 0 24 0 -999 -999 -999 
P4958 2088 3 0 0 72 38 0 11 0 0 10 0 0 0 0 0 0 0 19 21 0 0 0 0 0 0 0 4 19 8 0 0 0 
P4958 2088 4 0 0 0 13 0 38 49 52 0 0 0 0 0 27 0 18 0 0 0 8 0 0 0 15 0 0 0 0 14 0 -999 
P4958 2088 5 0 0 0 0 35 25 23 25 0 14 0 0 0 0 0 19 16 0 0 0 0 0 0 12 0 0 0 0 0 0 0 
P4958 2088 6 0 0 0 0 0 0 0 0 26 0 0 0 0 0 0 0 0 0 0 0 0 0 0 0 0 24 0 0 0 0 -999 
P4958 2088 7 26 0 0 0 0 0 0 0 0 0 0 0 0 0 0 0 0 0 0 0 0 0 0 0 0 0 0 0 0 0 0 
P4958 2088 8 0 0 0 0 0 0 0 0 0 0 0 0 0 0 0 0 0 0 0 0 0 0 0 0 0 0 0 0 0 25 0 
P4958 2088 9 0 0 0 10 0 0 0 0 0 0 0 0 16 0 0 0 0 0 4 0 0 0 0 0 0 0 0 0 15 0 -999 
P4958 2088 10 0 0 0 0 0 0 0 0 20 13 0 0 15 0 0 0 0 0 0 0 0 31 40 50 61 94 103 42 0 0 0 
P4958 2088 11 21 0 0 12 0 0 0 0 0 22 0 25 14 0 30 0 19 94 0 0 0 0 0 0 0 0 0 0 0 21 -999 
P4958 2088 12 0 37 0 46 61 0 69 59 18 0 0 0 0 0 0 0 10 0 5 0 0 0 0 0 0 20 0 0 13 0 0 
P4958 2089 1 0 0 0 0 0 0 0 31 67 69 78 106 71 0 3 0 0 0 0 0 0 0 0 0 0 0 0 0 9 0 0 
P4958 2089 2 20 19 0 24 44 75 0 62 106 36 35 77 101 41 13 0 0 0 0 0 0 0 0 0 0 10 0 0 -999 -999 -999 
P4958 2089 3 0 26 44 29 0 18 13 0 0 0 4 6 13 22 38 46 0 16 0 0 8 4 0 0 80 26 0 22 0 40 105 
P4958 2089 4 105 90 26 7 0 0 0 0 15 0 0 0 0 0 0 0 0 0 0 0 16 21 19 27 0 55 39 23 14 0 -999 
P4958 2089 5 0 13 0 0 0 0 0 16 0 0 12 0 0 0 0 0 0 0 0 23 14 0 0 0 0 19 0 0 0 0 0 
P4958 2089 6 0 0 0 0 0 0 0 0 0 0 0 0 0 0 0 0 0 0 0 0 0 0 0 0 0 0 0 0 0 0 -999 
P4958 2089 7 17 0 0 0 0 0 0 0 0 0 0 0 0 0 0 0 0 0 0 0 0 0 0 0 0 0 0 0 0 0 0 
P4958 2089 8 0 0 0 0 0 0 0 0 0 0 0 0 0 0 25 0 0 0 0 0 0 0 0 0 0 0 0 0 0 0 0 
P4958 2089 9 0 0 0 0 0 0 0 0 0 0 0 0 0 0 0 0 0 0 0 0 0 0 0 0 0 0 0 0 0 0 -999 
P4958 2089 10 0 0 0 0 0 0 0 0 0 14 0 0 10 15 0 0 0 0 0 0 0 0 0 0 0 0 0 0 0 19 23 
P4958 2089 11 0 39 33 0 0 0 0 0 0 15 0 0 0 0 7 0 0 0 0 0 0 0 0 68 79 49 24 0 32 95 -999 
P4958 2089 12 133 21 0 0 23 0 0 51 41 47 18 0 2 0 0 0 0 0 0 10 0 0 0 0 1 2 0 0 0 0 0 
P4958 2090 1 5 0 7 4 3 1 0 0 0 33 0 0 65 53 45 0 0 0 0 21 0 0 0 0 0 0 21 0 0 0 4 
P4958 2090 2 0 0 6 0 30 47 33 23 0 39 35 35 26 25 26 0 29 0 12 0 0 0 0 0 36 41 62 69 -999 -999 -999 
P4958 2090 3 99 36 0 6 6 0 0 0 0 0 0 43 56 53 43 0 0 14 41 29 0 23 10 9 0 0 5 0 12 16 22 
P4958 2090 4 20 0 29 23 17 0 17 17 21 0 22 0 13 29 0 30 25 7 0 0 0 0 0 0 0 0 0 0 0 0 -999 
P4958 2090 5 27 35 0 0 0 0 0 0 0 0 0 0 0 0 0 21 0 0 0 0 0 0 0 0 0 0 0 0 43 47 0 
P4958 2090 6 31 0 0 0 0 0 0 0 0 0 0 0 0 40 32 20 0 0 0 0 0 0 0 0 0 0 21 0 0 0 -999 
P4958 2090 7 0 0 0 0 0 0 0 0 0 0 0 0 0 0 0 0 0 0 0 0 0 0 0 0 0 0 0 0 0 0 0 
P4958 2090 8 0 0 0 0 0 0 0 0 0 0 0 0 0 0 0 0 0 0 0 0 0 0 0 18 0 11 0 0 0 0 0 
P4958 2090 9 0 0 0 0 0 0 0 0 0 0 0 0 0 0 0 0 0 0 0 0 0 0 0 0 0 0 0 0 0 18 -999 
P4958 2090 10 0 0 17 36 0 38 22 14 0 0 31 22 25 32 32 0 0 14 15 0 0 0 0 36 0 0 0 28 51 0 24 
P4958 2090 11 8 0 14 8 11 15 0 0 8 0 33 21 12 36 38 0 0 25 0 0 0 0 0 0 0 36 0 0 0 0 -999 
P4958 2090 12 37 85 79 38 43 29 0 9 0 0 0 0 14 24 0 0 0 0 0 32 0 0 0 0 22 12 0 0 0 0 0 
P4958 2091 1 3 0 0 0 0 0 0 0 0 0 15 19 41 16 0 0 11 18 0 0 0 8 0 0 0 0 0 0 0 0 0 
P4958 2091 2 28 0 0 0 0 0 0 0 0 0 0 0 0 6 0 0 0 25 74 67 46 43 34 21 0 0 18 19 -999 -999 -999 
P4958 2091 3 15 7 7 20 0 89 0 0 0 0 0 0 0 0 0 24 0 20 0 8 0 0 0 0 0 0 0 1 0 0 0 
P4958 2091 4 0 0 4 0 0 0 10 0 0 0 0 25 25 20 19 25 0 26 0 8 12 13 0 6 0 5 0 0 0 0 -999 
P4958 2091 5 0 0 22 0 0 0 0 0 0 0 0 0 0 0 0 0 0 0 0 0 0 0 0 0 0 0 0 14 0 0 0 
P4958 2091 6 19 23 0 0 15 0 0 0 0 0 0 0 0 24 32 0 0 0 0 0 0 13 0 0 0 0 0 0 0 0 -999 
P4958 2091 7 0 0 0 0 0 0 0 0 0 0 0 0 0 0 0 0 0 0 0 0 0 10 0 0 0 0 0 0 0 0 0 
P4958 2091 8 0 0 0 0 0 0 0 0 0 0 13 0 0 0 0 0 0 0 0 0 0 0 0 0 0 0 0 0 0 0 0 
P4958 2091 9 0 0 0 0 0 0 0 0 0 0 0 22 0 12 0 0 0 33 0 26 0 0 0 0 0 0 0 0 0 0 -999 
P4958 2091 10 0 0 13 0 0 0 0 0 0 0 0 48 26 0 0 24 0 0 0 0 0 27 0 0 0 52 0 75 81 66 53 
P4958 2091 11 45 20 0 8 0 0 0 0 0 0 0 7 11 18 24 22 17 0 0 0 0 16 38 29 0 0 49 16 0 0 -999 
P4958 2091 12 60 34 6 7 0 0 19 0 0 0 0 0 0 0 0 21 15 0 0 10 0 0 19 0 27 0 0 0 0 0 3 
P4958 2092 1 0 0 0 3 0 12 0 0 0 0 6 11 10 0 26 30 76 50 96 106 64 0 0 57 0 0 78 44 70 66 0 
P4958 2092 2 39 65 37 0 30 98 0 0 0 97 33 0 0 51 25 30 31 41 0 31 18 8 0 0 0 14 0 32 -999 -999 -999 
P4958 2092 3 0 0 0 0 0 0 50 48 19 0 15 20 0 0 58 69 23 0 19 59 62 60 102 180 60 53 19 40 45 24 29 
P4958 2092 4 0 45 49 32 0 0 0 0 6 10 0 0 19 17 14 10 0 0 14 0 0 0 0 0 30 0 0 39 35 28 -999 
P4958 2092 5 18 12 0 0 0 0 20 0 22 0 9 0 0 0 0 0 49 21 12 0 0 0 0 0 0 0 0 0 0 0 0 
P4958 2092 6 0 14 0 16 0 7 0 0 0 0 0 0 0 0 0 0 0 0 0 0 0 0 0 0 0 0 0 0 0 0 -999 
P4958 2092 7 0 0 0 0 0 0 0 0 0 0 0 0 0 0 0 0 0 0 0 0 0 0 0 0 0 0 0 0 0 7 0 
P4958 2092 8 18 0 0 0 0 0 0 0 0 0 0 0 0 0 0 41 0 0 0 0 0 0 0 0 0 0 0 0 0 0 0 
P4958 2092 9 0 0 0 0 0 0 0 0 0 0 0 0 0 0 0 0 0 0 0 0 0 20 0 0 0 0 0 0 0 0 -999 
P4958 2092 10 0 0 0 0 0 0 0 0 0 0 0 45 0 0 0 0 0 0 0 0 0 0 0 0 0 0 0 0 0 0 0 
P4958 2092 11 0 0 34 47 23 0 0 0 0 0 0 47 117 100 68 28 13 14 0 29 30 0 0 80 47 30 0 0 8 0 -999 
P4958 2092 12 0 0 28 0 0 21 0 0 53 49 21 10 0 0 0 0 0 20 0 73 129 74 74 0 0 54 0 45 72 42 20 
P4958 2093 1 0 53 46 0 0 29 26 0 0 0 73 77 33 43 84 0 22 37 25 6 12 0 0 12 0 24 18 0 78 59 80 
P4958 2093 2 67 32 0 0 0 0 0 0 0 0 0 0 0 0 32 37 33 23 38 47 0 0 0 10 0 15 20 19 -999 -999 -999 
P4958 2093 3 9 0 0 0 9 0 0 0 0 42 64 24 19 16 8 0 0 0 0 0 0 0 10 0 0 40 41 35 0 0 35 
P4958 2093 4 0 23 0 0 0 0 0 0 0 23 11 0 0 0 0 39 18 0 0 0 29 16 0 18 23 31 40 38 0 23 -999 
P4958 2093 5 0 0 42 0 0 0 0 0 0 0 0 0 13 0 0 0 0 0 0 0 0 0 0 0 18 11 0 0 0 0 0 
P4958 2093 6 0 0 0 15 0 0 0 0 0 0 0 0 0 0 0 0 0 0 0 0 0 0 0 0 0 0 0 0 0 0 -999 
P4958 2093 7 0 0 0 0 0 0 0 0 0 0 16 0 0 0 0 0 0 0 0 0 0 0 0 0 0 0 0 0 0 0 0 
P4958 2093 8 0 0 0 0 0 0 0 0 0 0 19 0 0 0 0 0 0 0 0 0 0 0 0 0 0 0 0 17 0 0 0 
P4958 2093 9 0 0 0 0 0 0 0 0 0 0 0 0 0 0 0 0 0 0 0 0 0 0 0 0 0 0 0 0 0 0 -999 
P4958 2093 10 0 0 0 0 0 0 0 0 0 0 0 28 47 0 38 0 65 36 0 0 0 0 4 0 15 0 0 0 0 0 19 
P4958 2093 11 38 25 0 4 0 0 0 0 0 0 0 0 0 0 0 0 0 14 8 0 0 0 0 0 0 0 0 0 1 0 -999 
P4958 2093 12 0 0 0 0 0 0 0 0 0 0 0 0 0 0 0 0 0 0 0 0 0 0 0 0 0 0 0 0 0 0 4 
P4958 2094 1 0 0 13 0 0 9 10 0 0 18 0 0 0 0 0 0 44 78 64 48 38 74 95 93 80 44 37 0 0 73 0 
P4958 2094 2 38 27 58 68 0 6 3 5 6 0 1 0 0 0 0 0 0 0 0 0 5 0 0 0 0 0 0 0 -999 -999 -999 
P4958 2094 3 0 0 0 0 0 0 0 0 0 0 0 5 0 0 3 0 0 0 14 28 31 19 0 0 0 0 0 0 59 69 50 
P4958 2094 4 103 93 54 12 0 33 0 45 14 0 0 0 0 0 16 0 0 8 0 0 0 36 9 0 0 0 14 0 0 0 -999 
P4958 2094 5 18 0 0 0 0 0 0 0 0 0 0 0 0 0 0 0 0 0 0 0 0 0 0 0 0 0 0 0 0 0 0 
P4958 2094 6 0 0 0 0 0 0 0 0 0 0 0 14 0 0 0 0 0 0 0 0 0 0 0 0 0 0 0 0 0 0 -999 
P4958 2094 7 0 0 0 0 0 0 0 0 0 0 0 0 0 0 0 0 0 0 0 0 0 0 0 0 0 0 0 0 15 0 0 
P4958 2094 8 0 0 0 0 0 0 0 0 0 0 0 0 0 29 0 0 0 0 0 0 0 0 0 0 0 0 0 0 0 0 0 
P4958 2094 9 0 0 0 0 0 0 0 0 0 0 0 0 0 0 0 0 0 0 0 0 0 23 0 0 0 0 0 16 0 0 -999 
P4958 2094 10 0 17 0 21 0 28 0 0 0 0 0 0 0 0 14 0 15 0 35 31 34 23 0 33 19 34 50 0 0 0 0 
P4958 2094 11 0 0 0 0 0 0 0 0 19 0 0 0 0 69 24 12 0 28 0 32 0 0 0 0 26 24 0 0 0 0 -999 
P4958 2094 12 0 0 0 6 0 0 0 0 0 0 0 0 0 0 0 0 0 23 29 13 5 0 0 0 0 0 0 0 0 12 0 
P4958 2095 1 53 36 71 79 45 17 0 72 56 20 31 22 0 0 35 0 0 0 0 7 0 0 0 24 59 87 65 65 17 0 0 
P4958 2095 2 23 0 17 0 11 0 20 16 0 0 0 0 0 0 0 0 29 0 12 0 0 0 7 0 0 0 0 0 -999 -999 -999 
P4958 2095 3 0 0 0 0 0 0 0 0 0 14 0 0 0 0 0 0 0 0 0 0 0 0 0 0 0 0 0 34 41 29 0 
P4958 2095 4 31 55 49 0 8 6 0 8 0 0 33 0 0 0 25 24 22 0 28 0 60 53 43 48 0 0 0 0 0 0 -999 
P4958 2095 5 0 0 3 0 10 0 12 0 0 0 0 0 0 0 0 0 0 0 0 0 0 0 0 0 0 0 0 0 0 0 0 
P4958 2095 6 9 13 0 0 0 0 17 26 17 0 0 0 0 0 0 14 0 0 0 30 0 0 0 0 0 0 0 0 0 29 -999 
P4958 2095 7 0 0 0 0 0 0 0 0 0 0 0 0 0 0 0 0 0 0 0 0 0 0 0 0 0 0 0 0 0 24 0 
P4958 2095 8 0 0 0 0 0 0 21 0 0 0 0 0 0 0 0 0 0 0 0 0 0 0 0 0 0 0 0 0 0 0 0 
P4958 2095 9 0 0 0 0 0 0 0 0 0 0 0 0 0 0 0 13 0 14 0 0 0 0 20 28 0 0 0 0 11 0 -999 
P4958 2095 10 0 0 0 0 0 13 0 0 18 0 0 0 0 0 0 0 51 14 0 0 12 0 0 0 0 6 0 0 0 0 0 
P4958 2095 11 0 0 0 0 0 19 39 44 0 22 0 28 19 0 0 0 27 7 0 15 45 48 49 42 23 0 0 0 4 0 -999 
P4958 2095 12 0 2 5 7 0 0 18 59 45 28 0 0 19 34 0 28 0 0 0 0 0 0 12 27 108 100 49 0 0 16 0 
P4958 2096 1 0 3 0 0 50 24 68 65 73 53 26 12 0 0 0 0 0 4 3 0 0 0 0 0 0 0 0 0 5 0 5 
P4958 2096 2 13 0 30 0 21 0 0 0 0 5 4 0 0 45 65 19 0 0 0 0 0 0 0 3 0 15 0 0 -999 -999 -999 
P4958 2096 3 0 0 17 0 0 0 0 0 0 0 0 0 0 0 5 0 0 18 0 0 0 69 69 11 0 0 0 46 0 0 0 
P4958 2096 4 9 0 0 0 0 0 14 0 0 0 0 0 0 0 0 0 0 0 0 0 0 0 0 0 0 0 0 0 0 0 -999 
P4958 2096 5 0 0 0 0 0 0 0 0 7 0 0 0 0 0 0 0 0 0 0 0 0 0 0 0 0 0 19 0 0 0 0 
P4958 2096 6 30 0 0 0 0 0 21 0 0 0 0 0 0 0 0 0 0 0 0 0 0 0 0 0 0 0 0 13 12 0 -999 
P4958 2096 7 0 0 0 0 0 0 0 0 0 0 0 0 0 14 0 0 0 0 0 0 0 0 0 0 0 0 0 0 0 0 0 
P4958 2096 8 0 0 0 13 0 0 0 0 0 0 0 0 0 0 0 0 0 0 0 0 0 0 0 0 0 0 0 0 0 18 0 
P4958 2096 9 0 0 0 0 0 0 0 27 0 0 0 0 0 0 0 0 15 0 0 0 0 0 0 0 10 0 0 0 0 0 -999 
P4958 2096 10 0 45 0 0 0 0 0 0 0 0 0 0 4 0 0 0 0 0 29 31 0 31 0 8 0 0 0 0 0 0 0 
P4958 2096 11 0 0 0 0 0 0 0 0 0 0 14 7 0 0 5 0 0 0 0 0 0 0 0 0 0 0 0 0 0 0 -999 
P4958 2096 12 0 0 0 0 0 0 4 0 0 0 18 26 16 0 25 10 0 0 0 0 0 0 31 0 9 0 0 0 35 15 0 
P4958 2097 1 0 7 0 0 0 0 0 20 0 0 0 0 0 0 0 0 0 0 0 0 0 0 0 0 35 29 23 0 10 0 6 
P4958 2097 2 0 15 0 0 24 0 0 0 0 0 0 0 0 0 17 5 0 0 0 0 3 3 11 0 0 33 0 0 -999 -999 -999 
P4958 2097 3 0 39 39 13 10 31 8 4 19 0 0 0 0 0 0 0 0 0 0 0 0 0 0 31 24 0 0 11 21 3 4 
P4958 2097 4 0 0 0 0 0 40 51 0 25 21 0 0 42 0 19 0 0 0 0 19 9 5 0 35 15 0 0 0 0 0 -999 
P4958 2097 5 0 0 0 0 0 0 22 12 15 0 0 0 0 0 0 0 17 17 24 38 0 0 0 0 4 0 0 0 0 0 0 
P4958 2097 6 0 0 0 0 0 0 0 0 0 0 0 0 0 0 0 0 0 0 0 0 0 18 0 0 0 0 0 0 0 0 -999 
P4958 2097 7 0 0 0 0 0 24 0 0 0 0 0 0 0 0 0 0 0 0 0 0 0 0 0 0 0 0 0 0 0 0 0 
P4958 2097 8 0 0 0 0 0 0 0 0 0 0 0 0 0 0 0 0 0 0 0 0 0 0 0 0 39 0 0 0 0 0 0 
P4958 2097 9 0 0 0 0 0 27 0 0 0 0 14 0 0 0 0 10 0 0 0 0 0 0 0 0 0 0 0 0 0 0 -999 
P4958 2097 10 0 0 0 0 10 0 0 0 0 10 0 0 0 0 0 0 52 37 0 7 0 9 0 0 3 0 0 0 0 0 0 
P4958 2097 11 0 0 8 9 0 0 0 0 0 0 0 0 0 0 0 0 0 0 0 0 0 5 9 3 7 19 0 0 0 35 -999 
P4958 2097 12 14 0 4 0 0 0 0 0 0 0 0 0 0 0 0 0 0 0 0 0 0 0 0 4 0 0 0 0 0 0 34 
P4958 2098 1 39 0 0 37 68 30 9 0 0 0 8 0 12 9 0 0 0 0 0 69 30 32 21 29 6 0 0 0 0 0 0 
P4958 2098 2 0 0 9 8 0 6 0 33 0 51 30 47 22 0 0 0 0 36 0 0 0 0 0 13 0 0 0 0 -999 -999 -999 
P4958 2098 3 0 0 0 0 11 31 0 0 0 0 0 8 0 0 0 0 0 0 0 0 0 0 0 0 0 0 44 22 0 0 0 
P4958 2098 4 0 0 0 32 0 33 42 15 8 0 0 0 0 0 0 0 0 0 0 0 0 0 51 13 0 0 0 0 0 0 -999 
P4958 2098 5 0 0 0 21 19 22 0 0 39 63 63 0 0 15 14 19 18 0 0 21 25 0 0 43 35 21 0 0 0 0 0 
P4958 2098 6 0 0 0 0 0 0 34 0 17 14 0 22 0 0 9 0 0 0 0 0 0 0 0 0 0 0 0 0 0 0 -999 
P4958 2098 7 0 0 21 0 0 20 0 0 0 0 0 0 0 0 0 0 0 0 0 0 0 0 0 0 0 0 0 0 0 0 0 
P4958 2098 8 0 0 0 0 0 0 0 0 11 0 0 0 0 0 0 0 0 0 0 0 0 0 0 11 0 0 0 0 0 0 0 
P4958 2098 9 0 0 0 0 0 0 16 0 0 0 0 0 0 0 0 0 0 0 0 0 0 0 0 0 0 0 0 15 0 0 -999 
P4958 2098 10 13 0 0 0 0 0 0 0 0 0 0 0 23 0 0 0 0 0 13 0 0 0 0 10 19 41 50 0 0 0 26 
P4958 2098 11 4 0 0 0 0 0 0 0 0 0 14 30 52 31 23 0 21 33 64 21 0 35 0 0 5 0 0 0 0 0 -999 
P4958 2098 12 0 0 0 0 0 0 0 4 0 0 0 0 0 0 0 0 0 0 20 39 34 0 0 0 40 12 0 20 35 0 11 
P4958 2099 1 0 17 0 0 0 0 0 0 16 39 36 21 19 3 0 14 30 13 0 0 29 47 112 22 12 0 0 0 0 0 0 
P4958 2099 2 0 0 14 40 11 0 28 31 4 0 0 0 2 0 0 0 0 0 0 0 0 0 0 67 72 27 20 0 -999 -999 -999 
P4958 2099 3 70 81 90 84 0 0 14 0 0 14 0 0 0 29 25 21 26 83 98 93 0 12 23 0 2 8 13 0 0 13 0 
P4958 2099 4 15 0 10 0 9 10 12 0 0 0 0 0 0 0 0 0 0 0 0 0 0 0 0 0 18 16 0 37 0 0 -999 
P4958 2099 5 40 0 12 0 13 0 0 0 0 0 0 0 0 0 0 0 0 0 0 0 0 0 32 31 14 0 0 0 0 0 0 
P4958 2099 6 0 0 0 0 0 0 0 0 0 0 0 0 0 0 0 0 0 0 0 0 18 0 0 0 0 11 0 20 23 0 -999 
P4958 2099 7 0 0 0 0 0 0 0 0 0 0 0 0 0 0 0 0 0 0 0 0 0 0 0 0 0 0 0 0 0 0 0 
P4958 2099 8 0 0 0 0 20 0 0 0 0 0 0 0 0 0 0 0 0 0 0 0 0 0 0 0 0 0 0 0 18 0 0 
P4958 2099 9 0 0 0 0 0 0 0 0 0 16 0 27 0 0 0 11 0 0 0 0 0 0 0 14 17 0 0 0 0 0 -999 
P4958 2099 10 0 0 0 0 0 0 0 0 31 0 45 52 27 0 0 0 0 0 0 0 0 8 0 11 0 30 20 17 0 0 0 
P4958 2099 11 13 0 0 0 8 0 0 0 0 20 0 24 17 0 0 32 0 0 0 0 5 0 0 26 0 0 26 33 34 0 -999 
P4958 2099 12 6 0 0 0 0 0 27 0 11 0 0 0 0 0 0 0 0 0 0 0 23 0 0 0 96 139 145 123 68 33 0 
P4958 2100 1 29 10 0 22 0 0 0 0 14 0 81 111 81 28 0 0 0 21 0 0 0 0 0 9 6 0 0 0 0 9 15 
P4958 2100 2 23 0 52 0 0 0 18 13 0 55 0 8 0 0 0 0 50 0 24 19 0 0 0 0 0 0 0 0 -999 -999 -999 
P4958 2100 3 0 0 57 26 17 16 0 0 0 0 0 25 38 14 8 4 6 0 19 0 35 47 0 25 0 25 21 15 26 27 29 
P4958 2100 4 34 28 23 0 0 8 11 7 0 21 40 77 31 37 30 0 19 0 11 0 0 0 0 0 0 0 6 0 0 0 -999 
P4958 2100 5 0 0 0 0 0 0 0 0 12 0 0 0 14 0 11 0 0 0 21 27 19 0 0 30 41 0 0 10 0 20 0 
P4958 2100 6 0 0 0 0 0 0 7 0 0 27 0 0 0 0 15 0 0 28 0 0 0 0 0 0 0 0 0 0 0 0 -999 
P4958 2100 7 0 0 0 0 0 0 0 0 0 0 0 0 0 0 0 0 0 0 0 0 0 0 0 0 0 0 0 0 0 0 0 
P4958 2100 8 0 0 0 0 0 0 0 0 0 0 0 0 0 0 0 0 0 0 0 0 0 0 0 0 0 0 0 0 0 0 0 
P4958 2100 9 0 0 0 0 0 0 0 0 0 0 0 0 0 0 0 0 0 0 0 0 22 25 0 27 0 0 0 23 0 0 -999 
P4958 2100 10 16 0 0 0 0 0 31 29 23 0 27 34 0 0 0 0 0 0 0 0 0 0 33 0 0 0 5 0 30 20 0 
P4958 2100 11 0 0 0 33 31 59 26 25 73 50 13 47 50 60 89 0 48 51 42 35 18 0 38 56 19 0 0 0 3 0 -999 
P4958 2100 12 0 0 0 0 19 0 0 2 0 0 0 0 0 0 0 0 0 0 0 0 0 0 0 0 10 0 0 0 0 0 0 
